{"timestamp": "18:52:06.171770", "frame": 31, "mu": [-2.2533746606013, 4.928727348660267, 0.978683829872368], "Sigma": [[0.01742289975569477, 0.002850036455959674, -0.008839175423513411], [0.0028500364559596748, 0.0015545882431133391, -0.0032632098797057613], [-0.008839175423513413, -0.0032632098797057618, 0.01048131762082713]], "chi2_level": 0.99, "chi2_df": 3, "chi2_threshold": 11.344866730144373, "N_raw": 25, "N_roi": 18, "N_inlier": 18, "refit": true}
{"timestamp": "18:52:06.223848", "frame": 32, "mu": [-2.170328614028276, 4.905796515221104, 0.9247825925015076], "Sigma": [[0.006278214100688333, -0.0031942330079562592, 0.009564046452394021], [-0.003194233007956259, 0.0017470979731539253, -0.005770138851880447], [0.009564046452394023, -0.005770138851880447, 0.023102520800669407]], "chi2_level": 0.99, "chi2_df": 3, "chi2_threshold": 11.344866730144373, "N_raw": 6, "N_roi": 6, "N_inlier": 6, "refit": true}
{"timestamp": "18:52:06.279764", "frame": 33, "mu": [-2.218605888035811, 4.820101607469626, 0.9280899918919074], "Sigma": [[0.003987353303495772, -0.0002995859244097749, 0.009630137303056003], [-0.0002995859244097749, 0.0018148263117749566, -0.0097763300021299], [0.009630137303056003, -0.0097763300021299, 0.08564043328608713]], "chi2_level": 0.99, "chi2_df": 3, "chi2_threshold": 11.344866730144373, "N_raw": 6, "N_roi": 6, "N_inlier": 6, "refit": true}
{"timestamp": "18:52:06.337591", "frame": 34, "mu": [-2.0713328809713096, 4.792914448392421, 0.8486426503872375], "Sigma": [[0.021701253837359914, 0.0036188041021518445, -0.01020508661272752], [0.003618804102151845, 0.002012300658994232, -0.003674230196594798], [-0.010205086612727522, -0.0036742301965947983, 0.011716926666782262]], "chi2_level": 0.99, "chi2_df": 3, "chi2_threshold": 11.344866730144373, "N_raw": 21, "N_roi": 21, "N_inlier": 20, "refit": true}
{"timestamp": "18:52:06.395054", "frame": 35, "mu": [-1.9813231873550383, 4.722014544453512, 0.8932412176733362], "Sigma": [[0.025648444650147293, 0.006371063943274942, -0.020563042328960165], [0.006371063943274942, 0.003598168563898685, -0.008213408874872714], [-0.020563042328960165, -0.008213408874872714, 0.024643476117692693]], "chi2_level": 0.99, "chi2_df": 3, "chi2_threshold": 11.344866730144373, "N_raw": 32, "N_roi": 32, "N_inlier": 32, "refit": true}
{"timestamp": "18:52:06.445607", "frame": 36, "mu": [-2.093113497271357, 4.612118156524743, 0.9128926655417802], "Sigma": [[0.003265597053676537, -0.0014733380953311159, 0.010002914774669953], [-0.0014733380953311159, 0.0010004987752180426, -0.004373625718466426], [0.010002914774669953, -0.004373625718466427, 0.032742374936064765]], "chi2_level": 0.99, "chi2_df": 3, "chi2_threshold": 11.344866730144373, "N_raw": 5, "N_roi": 5, "N_inlier": 5, "refit": true}
{"timestamp": "18:52:06.500946", "frame": 37, "mu": [-1.9109735256104001, 4.544652316018725, 0.656736174102857], "Sigma": [[0.01091173896680916, -0.00033927353902157647, 0.01556297686549093], [-0.00033927353902157647, 0.0007525481609505696, 0.0023151359047222705], [0.015562976865490932, 0.0023151359047222705, 0.035794398043318826]], "chi2_level": 0.99, "chi2_df": 3, "chi2_threshold": 11.344866730144373, "N_raw": 5, "N_roi": 5, "N_inlier": 5, "refit": true}
{"timestamp": "18:52:06.559677", "frame": 38, "mu": [-2.1716367946592428, 4.417710421120012, 0.5204320022452426], "Sigma": [[0.018788376482047838, 0.003599797942575112, -0.00849252124942658], [0.003599797942575112, 0.0010314998339037327, -0.0028198244474244936], [-0.00849252124942658, -0.0028198244474244936, 0.023655866424099694]], "chi2_level": 0.99, "chi2_df": 3, "chi2_threshold": 11.344866730144373, "N_raw": 23, "N_roi": 23, "N_inlier": 22, "refit": true}
{"timestamp": "18:52:06.613222", "frame": 39, "mu": [-2.083547298917202, 4.3588866291125345, 0.9053599175625023], "Sigma": [[0.011768379105763485, -0.0026792675904262417, -0.0017709624769097392], [-0.002679267590426242, 0.0015083168431766596, -0.0017789041483073325], [-0.0017709624769097392, -0.001778904148307333, 0.014420996831839806]], "chi2_level": 0.99, "chi2_df": 3, "chi2_threshold": 11.344866730144373, "N_raw": 10, "N_roi": 9, "N_inlier": 9, "refit": true}
{"timestamp": "18:52:06.671936", "frame": 40, "mu": [-2.2136270598870333, 4.2945760596075395, 0.7874667725112973], "Sigma": [[0.02463175392525979, 0.00832050125950426, -0.005211810048042246], [0.00832050125950426, 0.004014265376568487, -0.00533193006287287], [-0.005211810048042247, -0.00533193006287287, 0.027107787837618417]], "chi2_level": 0.99, "chi2_df": 3, "chi2_threshold": 11.344866730144373, "N_raw": 39, "N_roi": 36, "N_inlier": 35, "refit": true}
{"timestamp": "18:52:06.723987", "frame": 41, "mu": [-2.199645636763839, 4.379119022182877, 0.04677897356942138], "Sigma": [[0.016737730221326082, 0.004977875213226874, -0.004324799503873973], [0.004977875213226874, 0.005507232194342117, -0.00683897317921543], [-0.004324799503873974, -0.00683897317921543, 0.01114753616153496]], "chi2_level": 0.99, "chi2_df": 3, "chi2_threshold": 11.344866730144373, "N_raw": 21, "N_roi": 21, "N_inlier": 20, "refit": true}
{"timestamp": "18:52:06.781773", "frame": 42, "mu": [-2.130842058202813, 4.189324521143868, 0.878932203062295], "Sigma": [[0.022279809027766793, 0.004764816786062392, -0.01628677311799974], [0.004764816786062392, 0.0029367298828147617, -0.009130029825919688], [-0.01628677311799974, -0.009130029825919688, 0.036584180765107055]], "chi2_level": 0.99, "chi2_df": 3, "chi2_threshold": 11.344866730144373, "N_raw": 43, "N_roi": 43, "N_inlier": 43, "refit": true}
{"timestamp": "18:52:06.837138", "frame": 43, "mu": [-2.1439937816499417, 4.109750164999127, 1.0292236077661594], "Sigma": [[0.02911546601587478, 0.008268506779262356, -0.02137701715162235], [0.008268506779262356, 0.004163745884202096, -0.00962731984722508], [-0.02137701715162235, -0.00962731984722508, 0.02732781632940339]], "chi2_level": 0.99, "chi2_df": 3, "chi2_threshold": 11.344866730144373, "N_raw": 44, "N_roi": 41, "N_inlier": 40, "refit": true}
{"timestamp": "18:52:06.887092", "frame": 44, "mu": [-2.114518583028987, 4.056434534909874, 0.9136044030438009], "Sigma": [[0.02132036957572369, 0.0008630466079650557, 0.003351175728823281], [0.0008630466079650558, 0.0010025382281676689, -0.0034011796093619414], [0.0033511757288232804, -0.0034011796093619414, 0.015122329593765721]], "chi2_level": 0.99, "chi2_df": 3, "chi2_threshold": 11.344866730144373, "N_raw": 10, "N_roi": 8, "N_inlier": 8, "refit": true}
{"timestamp": "18:52:06.946744", "frame": 45, "mu": [-2.1414670057672596, 3.9822686452801372, 0.9739238251386044], "Sigma": [[0.03032896634122064, 0.009240840474796598, -0.01363368884673429], [0.009240840474796598, 0.006556487846140903, -0.007497899164933023], [-0.01363368884673429, -0.007497899164933022, 0.0111826078031369]], "chi2_level": 0.99, "chi2_df": 3, "chi2_threshold": 11.344866730144373, "N_raw": 49, "N_roi": 49, "N_inlier": 49, "refit": true}
{"timestamp": "18:52:07.005117", "frame": 46, "mu": [-2.081892986558808, 3.8842228349531505, 0.7374444311162395], "Sigma": [[0.017453732467533414, 0.0027375407576023547, -0.016389206876921258], [0.0027375407576023547, 0.001339257452320805, -0.0038317981259524078], [-0.01638920687692126, -0.0038317981259524078, 0.020790759607280173]], "chi2_level": 0.99, "chi2_df": 3, "chi2_threshold": 11.344866730144373, "N_raw": 25, "N_roi": 23, "N_inlier": 21, "refit": true}
{"timestamp": "18:52:07.057091", "frame": 47, "mu": [-2.153559085724247, 3.7725230841628057, 0.7530278136021286], "Sigma": [[0.01816144769742683, 0.0017555817180397127, -0.01662141503333576], [0.0017555817180397127, 0.0023402595299471148, -0.005832969341255622], [-0.01662141503333576, -0.005832969341255623, 0.030834571468159495]], "chi2_level": 0.99, "chi2_df": 3, "chi2_threshold": 11.344866730144373, "N_raw": 42, "N_roi": 42, "N_inlier": 41, "refit": true}
{"timestamp": "18:52:07.112360", "frame": 48, "mu": [-2.1977698896961995, 3.697157693534314, 0.9210255653891394], "Sigma": [[0.029834249167759293, 0.005584935266474774, -0.022934054635130326], [0.005584935266474774, 0.003701997597890129, -0.008415722203323792], [-0.022934054635130322, -0.008415722203323792, 0.026909635200483232]], "chi2_level": 0.99, "chi2_df": 3, "chi2_threshold": 11.344866730144373, "N_raw": 47, "N_roi": 47, "N_inlier": 47, "refit": true}
{"timestamp": "18:52:07.163983", "frame": 49, "mu": [-2.042169527384299, 3.646786209098258, 0.8864409920381608], "Sigma": [[0.022473461857077614, 0.005050282713739102, -0.02227695341374012], [0.005050282713739102, 0.002258621666497827, -0.006305841852445206], [-0.02227695341374012, -0.006305841852445206, 0.02592726535999438]], "chi2_level": 0.99, "chi2_df": 3, "chi2_threshold": 11.344866730144373, "N_raw": 28, "N_roi": 27, "N_inlier": 26, "refit": true}
{"timestamp": "18:52:07.223702", "frame": 50, "mu": [-2.1533458891047714, 3.6870296209988322, -0.0760731917366986], "Sigma": [[0.02505507490291296, 0.011411207391839553, -0.010999668998333118], [0.011411207391839557, 0.011030246644107672, -0.007255063726116793], [-0.010999668998333118, -0.007255063726116793, 0.007113434605003999]], "chi2_level": 0.99, "chi2_df": 3, "chi2_threshold": 11.344866730144373, "N_raw": 54, "N_roi": 51, "N_inlier": 49, "refit": true}
{"timestamp": "18:52:07.278278", "frame": 51, "mu": [-2.1606691023056195, 3.4720839277760724, 1.0204185399787349], "Sigma": [[0.023182391415154907, 0.005764793103218584, -0.015422318998354854], [0.005764793103218584, 0.005406559259060779, -0.007331840114756478], [-0.015422318998354856, -0.007331840114756478, 0.016173974375255886]], "chi2_level": 0.99, "chi2_df": 3, "chi2_threshold": 11.344866730144373, "N_raw": 50, "N_roi": 50, "N_inlier": 48, "refit": true}
{"timestamp": "18:52:07.329763", "frame": 52, "mu": [-2.132704104167332, 3.4313523817452207, 0.8840100511256412], "Sigma": [[0.017067635304328817, 0.0007251469107177519, -0.0066169182727383305], [0.0007251469107177518, 0.0014716429701836658, -0.002290383342130934], [-0.0066169182727383305, -0.0022903833421309334, 0.008552800620155936]], "chi2_level": 0.99, "chi2_df": 3, "chi2_threshold": 11.344866730144373, "N_raw": 22, "N_roi": 22, "N_inlier": 22, "refit": true}
{"timestamp": "18:52:07.387218", "frame": 53, "mu": [-2.0588087071662553, 3.3578405948466106, 0.9360854914447817], "Sigma": [[0.02636455782771532, 0.0006374921342609987, -0.014713776040517174], [0.0006374921342609987, 0.0016438994208710209, -0.003068122341963147], [-0.014713776040517174, -0.0030681223419631474, 0.023293926030970497]], "chi2_level": 0.99, "chi2_df": 3, "chi2_threshold": 11.344866730144373, "N_raw": 45, "N_roi": 42, "N_inlier": 42, "refit": true}
{"timestamp": "18:52:07.442119", "frame": 54, "mu": [-2.084536136549363, 3.3142106323182086, -0.791132943244826], "Sigma": [[0.023346772912044088, 0.009750476140183713, 0.01272111107625676], [0.009750476140183713, 0.009542949295620723, 0.01439558795528007], [0.01272111107625676, 0.01439558795528007, 0.0744491216510571]], "chi2_level": 0.99, "chi2_df": 3, "chi2_threshold": 11.344866730144373, "N_raw": 48, "N_roi": 47, "N_inlier": 47, "refit": true}
{"timestamp": "18:52:07.499370", "frame": 55, "mu": [-2.169135870715848, 3.1992024508760206, 0.9420082468688626], "Sigma": [[0.026179265022716856, 0.007957998880405165, 0.0011708641700885693], [0.007957998880405165, 0.0039002397424959677, -0.0032274184487854534], [0.0011708641700885693, -0.0032274184487854534, 0.01999171923146153]], "chi2_level": 0.99, "chi2_df": 3, "chi2_threshold": 11.344866730144373, "N_raw": 54, "N_roi": 49, "N_inlier": 47, "refit": true}
{"timestamp": "18:52:07.548307", "frame": 56, "mu": [-2.1244483993215324, 3.1122562146947264, 1.0420230395461618], "Sigma": [[0.022895734422988055, -0.002760495826860605, -0.019136479876344363], [-0.002760495826860605, 0.005708408012437082, 0.003894285680288697], [-0.019136479876344367, 0.003894285680288697, 0.023806521962154558]], "chi2_level": 0.99, "chi2_df": 3, "chi2_threshold": 11.344866730144373, "N_raw": 18, "N_roi": 18, "N_inlier": 16, "refit": true}
{"timestamp": "18:52:07.602082", "frame": 57, "mu": [-2.116178132329698, 3.028941410069439, 1.0172612911642755], "Sigma": [[0.01325421112207442, -0.003694660167760102, 0.0058975277976464485], [-0.0036946601677601025, 0.0032306008019454893, 0.004066152891568877], [0.005897527797646448, 0.004066152891568877, 0.01794849496525589]], "chi2_level": 0.99, "chi2_df": 3, "chi2_threshold": 11.344866730144373, "N_raw": 6, "N_roi": 6, "N_inlier": 6, "refit": true}
{"timestamp": "18:52:07.660017", "frame": 58, "mu": [-2.1259192801050193, 2.954994812460598, 1.2173156527941251], "Sigma": [[0.011635436987507589, 0.0034779034228116443, -0.0057270303789544], [0.0034779034228116434, 0.0036605777414771253, -0.003915746594398835], [-0.0057270303789544, -0.003915746594398835, 0.008237948195335744]], "chi2_level": 0.99, "chi2_df": 3, "chi2_threshold": 11.344866730144373, "N_raw": 30, "N_roi": 30, "N_inlier": 29, "refit": true}
{"timestamp": "18:52:07.716463", "frame": 59, "mu": [-2.1159715904135035, 2.98187198045154, -0.5389384533851367], "Sigma": [[0.014460246900275506, 0.009902455718628564, 0.03760995082580876], [0.009902455718628564, 0.015379203716089545, 0.04096314650045155], [0.03760995082580876, 0.04096314650045155, 0.1446751338430082]], "chi2_level": 0.99, "chi2_df": 3, "chi2_threshold": 11.344866730144373, "N_raw": 35, "N_roi": 33, "N_inlier": 33, "refit": true}
{"timestamp": "18:52:07.773161", "frame": 60, "mu": [-2.071346570478358, 2.8207506822794097, 1.0286345355653392], "Sigma": [[0.010446399522897342, 0.0044259545764336345, -0.004801591351918063], [0.004425954576433634, 0.004970693751369455, -0.009579193324085137], [-0.004801591351918063, -0.009579193324085137, 0.027937133058692012]], "chi2_level": 0.99, "chi2_df": 3, "chi2_threshold": 11.344866730144373, "N_raw": 42, "N_roi": 42, "N_inlier": 42, "refit": true}
{"timestamp": "18:52:07.827991", "frame": 61, "mu": [-2.183008855662177, 2.7596603307758873, 1.1284171696307226], "Sigma": [[0.01833933504039183, 0.005623801797025224, -0.012480293054516974], [0.005623801797025224, 0.003892150890548898, -0.009242764717629883], [-0.012480293054516974, -0.009242764717629883, 0.029703952635484997]], "chi2_level": 0.99, "chi2_df": 3, "chi2_threshold": 11.344866730144373, "N_raw": 50, "N_roi": 50, "N_inlier": 49, "refit": true}
{"timestamp": "18:52:07.884058", "frame": 62, "mu": [-2.1895524026437045, 2.655483896908361, -0.9737334236792188], "Sigma": [[0.019033537215676757, 0.011356425258776972, 0.008239960343491377], [0.011356425258776972, 0.011041978302438346, 0.0032108875269886267], [0.008239960343491375, 0.003210887526988627, 0.04948934790247075]], "chi2_level": 0.99, "chi2_df": 3, "chi2_threshold": 11.344866730144373, "N_raw": 61, "N_roi": 60, "N_inlier": 58, "refit": true}
{"timestamp": "18:52:07.940501", "frame": 63, "mu": [-2.2187462433043974, 2.6976153296391012, -0.1245943426697635], "Sigma": [[0.014953754959941017, 0.012152296759802585, -0.01575691968709113], [0.012152296759802585, 0.01845265504199866, -0.026525808964964648], [-0.01575691968709113, -0.026525808964964648, 0.042476288007096394]], "chi2_level": 0.99, "chi2_df": 3, "chi2_threshold": 11.344866730144373, "N_raw": 64, "N_roi": 50, "N_inlier": 50, "refit": true}
{"timestamp": "18:52:07.995429", "frame": 64, "mu": [-2.195189371472288, 2.4599410288997157, 1.0192607208315665], "Sigma": [[0.020755070825651895, 0.008983073658432619, -0.011914744610850053], [0.008983073658432619, 0.009074089148763407, -0.00940888568729896], [-0.011914744610850053, -0.00940888568729896, 0.013881995893557897]], "chi2_level": 0.99, "chi2_df": 3, "chi2_threshold": 11.344866730144373, "N_raw": 65, "N_roi": 58, "N_inlier": 57, "refit": true}
{"timestamp": "18:52:08.056396", "frame": 65, "mu": [-2.19783050301794, 2.376519929180667, 1.0471277461182098], "Sigma": [[0.013707425237696092, 0.005931367865654177, -0.011528866497127324], [0.005931367865654176, 0.004478387888886176, -0.01098070205221871], [-0.011528866497127322, -0.01098070205221871, 0.034118195128531745]], "chi2_level": 0.99, "chi2_df": 3, "chi2_threshold": 11.344866730144373, "N_raw": 83, "N_roi": 50, "N_inlier": 48, "refit": true}
{"timestamp": "18:52:08.106723", "frame": 66, "mu": [-2.146728623207371, 2.30938965089876, 1.0071686549378398], "Sigma": [[0.01489295136768397, 0.006137873606087168, -0.01815896969292941], [0.006137873606087169, 0.004884376160010852, -0.013869036007484976], [-0.01815896969292941, -0.013869036007484976, 0.047906288320487156]], "chi2_level": 0.99, "chi2_df": 3, "chi2_threshold": 11.344866730144373, "N_raw": 68, "N_roi": 54, "N_inlier": 51, "refit": true}
{"timestamp": "18:52:08.161246", "frame": 67, "mu": [-2.2145897822929217, 2.154177144843389, 1.0577829982931428], "Sigma": [[0.02129774559584929, 0.01255255319153338, -0.02280344460905276], [0.01255255319153338, 0.011062337096733002, -0.019496900646713847], [-0.02280344460905276, -0.019496900646713847, 0.03822042720050636]], "chi2_level": 0.99, "chi2_df": 3, "chi2_threshold": 11.344866730144373, "N_raw": 74, "N_roi": 60, "N_inlier": 60, "refit": true}
{"timestamp": "18:52:08.217670", "frame": 68, "mu": [-2.239846344226593, 2.0678173085542104, 1.118289810253934], "Sigma": [[0.021650858670637645, 0.015354547431612808, -0.014971084004142229], [0.015354547431612808, 0.016656507366122637, -0.016742193834059428], [-0.014971084004142227, -0.016742193834059428, 0.018305284152464595]], "chi2_level": 0.99, "chi2_df": 3, "chi2_threshold": 11.344866730144373, "N_raw": 79, "N_roi": 67, "N_inlier": 65, "refit": true}
{"timestamp": "18:52:08.273460", "frame": 69, "mu": [-2.2273492984065517, 1.9595070997343196, 1.132665089385346], "Sigma": [[0.02587840324704036, 0.018137513269319935, -0.020299594030358557], [0.01813751326931994, 0.01731154696882999, -0.018538509100162606], [-0.020299594030358557, -0.018538509100162606, 0.021332514143610544]], "chi2_level": 0.99, "chi2_df": 3, "chi2_threshold": 11.344866730144373, "N_raw": 84, "N_roi": 62, "N_inlier": 60, "refit": true}
{"timestamp": "18:52:08.327790", "frame": 70, "mu": [-2.320411058049363, 1.8892773979380726, 1.1484804676098104], "Sigma": [[0.016903112014020866, 0.012893098706274284, -0.016701921142357128], [0.012893098706274284, 0.015977452323261972, -0.026584918251965965], [-0.016701921142357128, -0.026584918251965965, 0.05556152779483274]], "chi2_level": 0.99, "chi2_df": 3, "chi2_threshold": 11.344866730144373, "N_raw": 79, "N_roi": 56, "N_inlier": 55, "refit": true}
{"timestamp": "18:52:08.380776", "frame": 71, "mu": [-2.2536751620225193, 1.8082115499032239, 1.218019132034555], "Sigma": [[0.017498742987296034, 0.010569916648626833, -0.00976418724718692], [0.010569916648626833, 0.010318679689001594, -0.012655300727497498], [-0.00976418724718692, -0.012655300727497498, 0.048223534131174875]], "chi2_level": 0.99, "chi2_df": 3, "chi2_threshold": 11.344866730144373, "N_raw": 69, "N_roi": 61, "N_inlier": 59, "refit": true}
{"timestamp": "18:52:08.436400", "frame": 72, "mu": [-2.257199194708911, 1.8297041697291734, -0.2209522909649646], "Sigma": [[0.016275439791474867, 0.01462404225065514, -0.007038359423834984], [0.01462404225065514, 0.02517003244684972, -0.01991872383401075], [-0.007038359423834984, -0.01991872383401075, 0.02674779186585493]], "chi2_level": 0.99, "chi2_df": 3, "chi2_threshold": 11.344866730144373, "N_raw": 65, "N_roi": 64, "N_inlier": 60, "refit": true}
{"timestamp": "18:52:08.486608", "frame": 73, "mu": [-2.091269876296946, 1.7019733883376664, 1.1876667656182849], "Sigma": [[0.02250466697649893, 0.008635669600780146, -0.0241506492911399], [0.008635669600780146, 0.006686626007984947, -0.011817846552821351], [-0.024150649291139904, -0.011817846552821351, 0.03196375686326984]], "chi2_level": 0.99, "chi2_df": 3, "chi2_threshold": 11.344866730144373, "N_raw": 38, "N_roi": 38, "N_inlier": 36, "refit": true}
{"timestamp": "18:52:08.545444", "frame": 74, "mu": [-2.071319358725149, 1.6088722420938353, 1.1204073464071556], "Sigma": [[0.030091579364184308, 0.013744539370608103, -0.02873363398595951], [0.013744539370608102, 0.01460436878742996, -0.013010344623804699], [-0.02873363398595951, -0.013010344623804699, 0.029857181203914646]], "chi2_level": 0.99, "chi2_df": 3, "chi2_threshold": 11.344866730144373, "N_raw": 67, "N_roi": 67, "N_inlier": 64, "refit": true}
{"timestamp": "18:52:08.603039", "frame": 75, "mu": [-2.1899939778975357, 1.490610674722798, 1.113528673681236], "Sigma": [[0.01951782973918909, 0.008182541311576703, -0.005499695656843872], [0.008182541311576703, 0.01465230706796675, -0.0076472525178252265], [-0.005499695656843872, -0.0076472525178252265, 0.0356577079712533]], "chi2_level": 0.99, "chi2_df": 3, "chi2_threshold": 11.344866730144373, "N_raw": 82, "N_roi": 82, "N_inlier": 81, "refit": true}
{"timestamp": "18:52:08.658550", "frame": 76, "mu": [-2.20265348108392, 1.3903893346326797, 1.1382247845163407], "Sigma": [[0.013387213909144522, 0.009391917321414228, 0.0013898933192073948], [0.009391917321414225, 0.01219649514570716, -0.008352606381549051], [0.0013898933192073954, -0.008352606381549051, 0.04175050164032057]], "chi2_level": 0.99, "chi2_df": 3, "chi2_threshold": 11.344866730144373, "N_raw": 72, "N_roi": 72, "N_inlier": 72, "refit": true}
{"timestamp": "18:52:08.709401", "frame": 77, "mu": [-2.179384968937561, 1.327191870363332, 1.100445926207974], "Sigma": [[0.010062979436990032, 0.007955626666341387, 0.0009703213964820559], [0.007955626666341387, 0.011172050064392638, -0.007542237719750029], [0.0009703213964820561, -0.007542237719750029, 0.019947983791048483]], "chi2_level": 0.99, "chi2_df": 3, "chi2_threshold": 11.344866730144373, "N_raw": 57, "N_roi": 57, "N_inlier": 56, "refit": true}
{"timestamp": "18:52:08.765435", "frame": 78, "mu": [-2.1830003391517603, 1.291676015664182, 1.2230929142847764], "Sigma": [[0.01291310881010029, 0.008775070222492833, -0.007060295767520577], [0.008775070222492833, 0.011859547354915064, -0.01229582140363784], [-0.007060295767520576, -0.01229582140363784, 0.019446603201673913]], "chi2_level": 0.99, "chi2_df": 3, "chi2_threshold": 11.344866730144373, "N_raw": 61, "N_roi": 61, "N_inlier": 61, "refit": true}
{"timestamp": "18:52:08.821570", "frame": 79, "mu": [-2.124897115131132, 1.2831008113130074, 1.1194084272911253], "Sigma": [[0.0153652499289382, 0.013946604992383248, -0.010339294930661415], [0.013946604992383248, 0.015243183189668117, -0.01490176900038032], [-0.010339294930661415, -0.01490176900038032, 0.03908481710407055]], "chi2_level": 0.99, "chi2_df": 3, "chi2_threshold": 11.344866730144373, "N_raw": 72, "N_roi": 72, "N_inlier": 72, "refit": true}
{"timestamp": "18:52:08.873558", "frame": 80, "mu": [-2.161443691667138, 1.1673736118732545, 1.1465122653083775], "Sigma": [[0.008090052344949972, 0.006786550464053642, 0.0012833090665066394], [0.006786550464053641, 0.007713906159460424, -0.002135223369232114], [0.0012833090665066397, -0.002135223369232114, 0.02611983985593455]], "chi2_level": 0.99, "chi2_df": 3, "chi2_threshold": 11.344866730144373, "N_raw": 47, "N_roi": 47, "N_inlier": 47, "refit": true}
{"timestamp": "18:52:08.931117", "frame": 81, "mu": [-2.175482287376711, 1.080113944992996, 1.1351462421580358], "Sigma": [[0.012926422325135004, 0.010347425245906927, 0.007555758236847383], [0.010347425245906925, 0.012582806612836615, 0.0019520074063042294], [0.007555758236847383, 0.0019520074063042294, 0.059430676715017804]], "chi2_level": 0.99, "chi2_df": 3, "chi2_threshold": 11.344866730144373, "N_raw": 72, "N_roi": 70, "N_inlier": 70, "refit": true}
{"timestamp": "18:52:08.986040", "frame": 82, "mu": [-2.181281083491619, 1.1787549040529346, -0.586258794355827], "Sigma": [[0.010791912295011998, 0.009665362992993427, 0.014010773762339945], [0.009665362992993427, 0.015536180333436454, -0.0033407075603204624], [0.014010773762339945, -0.0033407075603204633, 0.06500587754813515]], "chi2_level": 0.99, "chi2_df": 3, "chi2_threshold": 11.344866730144373, "N_raw": 64, "N_roi": 64, "N_inlier": 64, "refit": true}
{"timestamp": "18:52:09.039573", "frame": 83, "mu": [-2.1268176949054993, 1.0602573422544237, -0.7825089029357502], "Sigma": [[0.012327200883421884, 0.018588352816821058, 0.017990892656379983], [0.018588352816821054, 0.04171611496984093, 0.026584701847261794], [0.01799089265637998, 0.02658470184726179, 0.042632104161491914]], "chi2_level": 0.99, "chi2_df": 3, "chi2_threshold": 11.344866730144373, "N_raw": 57, "N_roi": 57, "N_inlier": 57, "refit": true}
{"timestamp": "18:52:09.097361", "frame": 84, "mu": [-2.111123266922496, 0.8405988536626604, 1.1058253181976643], "Sigma": [[0.014674155020341298, 0.017328244791451584, 0.01215914158772529], [0.017328244791451584, 0.022354639515914813, 0.010695327956176889], [0.01215914158772529, 0.010695327956176889, 0.052536131228954785]], "chi2_level": 0.99, "chi2_df": 3, "chi2_threshold": 11.344866730144373, "N_raw": 80, "N_roi": 80, "N_inlier": 74, "refit": true}
{"timestamp": "18:52:09.149573", "frame": 85, "mu": [-2.0220009021729473, 0.8742548227663245, 1.2040769791476424], "Sigma": [[0.008404920011174231, 0.008316855416566123, 0.0003305613966930693], [0.008316855416566123, 0.015599405733453729, -0.010796546615638301], [0.0003305613966930693, -0.010796546615638301, 0.01967711985829914]], "chi2_level": 0.99, "chi2_df": 3, "chi2_threshold": 11.344866730144373, "N_raw": 60, "N_roi": 60, "N_inlier": 59, "refit": true}
{"timestamp": "18:52:09.201806", "frame": 86, "mu": [-1.9864953206612173, 0.8085713362842954, 1.1571972701319013], "Sigma": [[0.006430209510030657, 0.005587577758135741, -0.0030035231446671434], [0.005587577758135741, 0.007625246699276451, -0.007522696339283572], [-0.0030035231446671434, -0.007522696339283572, 0.01739608120701993]], "chi2_level": 0.99, "chi2_df": 3, "chi2_threshold": 11.344866730144373, "N_raw": 42, "N_roi": 42, "N_inlier": 42, "refit": true}
{"timestamp": "18:52:09.261282", "frame": 87, "mu": [-1.997038201053689, 0.7741924486392311, 1.14663906377324], "Sigma": [[0.014644336759093797, 0.012842075318260104, 0.0031485824946931853], [0.012842075318260104, 0.01661784026956204, -0.003621218733657754], [0.0031485824946931853, -0.003621218733657754, 0.014125352591324412]], "chi2_level": 0.99, "chi2_df": 3, "chi2_threshold": 11.344866730144373, "N_raw": 71, "N_roi": 71, "N_inlier": 69, "refit": true}
{"timestamp": "18:52:09.317933", "frame": 88, "mu": [-1.9932770131089785, 0.8821882598040511, -0.4961615075532133], "Sigma": [[0.012878452159678934, 0.006894367355487647, 0.023856833681737653], [0.0068943673554876465, 0.013617727325806942, -0.011501391413075166], [0.023856833681737653, -0.011501391413075166, 0.3232295857314969]], "chi2_level": 0.99, "chi2_df": 3, "chi2_threshold": 11.344866730144373, "N_raw": 83, "N_roi": 82, "N_inlier": 76, "refit": true}
{"timestamp": "18:52:09.370189", "frame": 89, "mu": [-0.8504784973906382, 0.5688386076290256, 0.8578577867668412], "Sigma": [[3.464768190396052, -0.051603450003301965, -0.013831168386441238], [-0.05160345000330197, 0.016163574471089095, 0.003942581176875823], [-0.013831168386441238, 0.003942581176875823, 0.008098122309502095]], "chi2_level": 0.99, "chi2_df": 3, "chi2_threshold": 11.344866730144373, "N_raw": 44, "N_roi": 44, "N_inlier": 43, "refit": true}
{"timestamp": "18:52:09.423680", "frame": 90, "mu": [-1.7835715495732136, 0.6251603293169592, 0.9964284997429012], "Sigma": [[0.38001915195902775, 0.0024324994602318724, -0.017679582752784473], [0.002432499460231872, 0.010069104465710469, -0.0002754264509901419], [-0.017679582752784473, -0.00027542645099014156, 0.018326772965741485]], "chi2_level": 0.99, "chi2_df": 3, "chi2_threshold": 11.344866730144373, "N_raw": 62, "N_roi": 62, "N_inlier": 57, "refit": true}
{"timestamp": "18:52:09.481889", "frame": 91, "mu": [-0.9874771273698197, 0.5406960274606755, 0.9789002678589325], "Sigma": [[2.6409329221608866, -0.014072565519392463, -0.0877109228014073], [-0.014072565519392457, 0.011241208654376252, -0.0030922699979450676], [-0.0877109228014073, -0.0030922699979450676, 0.02688287599394851]], "chi2_level": 0.99, "chi2_df": 3, "chi2_threshold": 11.344866730144373, "N_raw": 71, "N_roi": 71, "N_inlier": 66, "refit": true}
{"timestamp": "18:52:09.536336", "frame": 92, "mu": [-1.015913228386919, 0.7606283527150417, -0.8584212623932298], "Sigma": [[2.6128000210163758, -0.0036805737300467994, -0.0864239244339207], [-0.0036805737300467977, 0.008831932710835846, -0.00705741133918786], [-0.0864239244339207, -0.00705741133918786, 0.0421187016069915]], "chi2_level": 0.99, "chi2_df": 3, "chi2_threshold": 11.344866730144373, "N_raw": 68, "N_roi": 68, "N_inlier": 63, "refit": true}
{"timestamp": "18:52:09.589258", "frame": 93, "mu": [-1.1217592371481346, 0.5104409768620897, 1.063267532189288], "Sigma": [[2.1670205414024912, -0.03699458791734747, 0.02122549302053053], [-0.036994587917347464, 0.0072581639577735495, -0.004068400800496152], [0.021225493020530534, -0.004068400800496152, 0.012769116669251105]], "chi2_level": 0.99, "chi2_df": 3, "chi2_threshold": 11.344866730144373, "N_raw": 58, "N_roi": 58, "N_inlier": 53, "refit": true}
{"timestamp": "18:52:09.645137", "frame": 94, "mu": [-0.9370346139430363, 0.4928650677373663, 1.0664032650292006], "Sigma": [[2.3700909077492813, -0.031093611278557032, -0.007741322100145765], [-0.031093611278557032, 0.009079756687161674, -0.00020457335071812836], [-0.00774132210014577, -0.00020457335071812858, 0.015362377648356034]], "chi2_level": 0.99, "chi2_df": 3, "chi2_threshold": 11.344866730144373, "N_raw": 59, "N_roi": 59, "N_inlier": 58, "refit": true}
{"timestamp": "18:52:09.700019", "frame": 95, "mu": [-0.7277568495749579, 0.4799537661147005, 1.03627527487377], "Sigma": [[2.7013146198777127, 0.002143940668776239, -0.019680006070298954], [0.002143940668776237, 0.008067758296819704, -0.0018146053758930623], [-0.01968000607029895, -0.0018146053758930619, 0.015393401470822321]], "chi2_level": 0.99, "chi2_df": 3, "chi2_threshold": 11.344866730144373, "N_raw": 61, "N_roi": 61, "N_inlier": 60, "refit": true}
{"timestamp": "18:52:09.757364", "frame": 96, "mu": [-0.9938382440220617, 0.6463400018060265, -0.8112084735486349], "Sigma": [[2.2064691224462596, -0.10411600491582022, -0.09135764703577798], [-0.10411600491582021, 0.0357559767661847, 0.005909287427569089], [-0.09135764703577798, 0.005909287427569089, 0.020532163669533324]], "chi2_level": 0.99, "chi2_df": 3, "chi2_threshold": 11.344866730144373, "N_raw": 77, "N_roi": 77, "N_inlier": 76, "refit": true}
{"timestamp": "18:52:09.808916", "frame": 97, "mu": [-0.40411821643747303, 0.46054282310374983, 1.0276615093747714], "Sigma": [[2.797648561503343, -0.0035788919960527163, -0.10058541121894815], [-0.0035788919960527163, 0.015472257972880139, 0.004759633516031873], [-0.10058541121894816, 0.004759633516031873, 0.03176355871855964]], "chi2_level": 0.99, "chi2_df": 3, "chi2_threshold": 11.344866730144373, "N_raw": 54, "N_roi": 54, "N_inlier": 54, "refit": true}
{"timestamp": "18:52:09.866028", "frame": 98, "mu": [-0.09972870217740502, 0.44839348878305474, 1.0497732834364155], "Sigma": [[2.783119380861664, 0.03493199382879004, -0.03947273477287541], [0.03493199382879003, 0.010127389394720241, -0.0029244200953391164], [-0.03947273477287541, -0.002924420095339116, 0.014847182025766919]], "chi2_level": 0.99, "chi2_df": 3, "chi2_threshold": 11.344866730144373, "N_raw": 67, "N_roi": 67, "N_inlier": 65, "refit": true}
{"timestamp": "18:52:09.917260", "frame": 99, "mu": [0.7048092662127773, 0.4317369039455453, 0.9740798542336603], "Sigma": [[2.162704351780251, 0.05697972747549228, -0.038692535736341974], [0.05697972747549228, 0.010486449954820976, 0.002315339255375847], [-0.038692535736341974, 0.002315339255375847, 0.016338021776977754]], "chi2_level": 0.99, "chi2_df": 3, "chi2_threshold": 11.344866730144373, "N_raw": 38, "N_roi": 38, "N_inlier": 37, "refit": true}
{"timestamp": "18:52:10.060543", "frame": 100, "mu": [0.047294539879027625, 0.3504103162962523, 0.8472111849836789], "Sigma": [[2.5794387143490414, 0.01282802310985615, -0.19187261884424078], [0.012828023109856156, 0.006208984136036849, 0.0022478990123474705], [-0.19187261884424078, 0.0022478990123474705, 0.02008229302090784]], "chi2_level": 0.99, "chi2_df": 3, "chi2_threshold": 11.344866730144373, "N_raw": 10, "N_roi": 10, "N_inlier": 10, "refit": true}
{"timestamp": "18:52:10.085390", "frame": 101, "mu": [-0.4807108949819569, 0.34468887528419695, 0.9758945851567417], "Sigma": [[2.2686619643021846, 0.024851747568468238, -0.02089041613228239], [0.024851747568468238, 0.004158775085680075, -0.00027399127622000137], [-0.02089041613228239, -0.0002739912762200013, 0.004364672000860606]], "chi2_level": 0.99, "chi2_df": 3, "chi2_threshold": 11.344866730144373, "N_raw": 15, "N_roi": 15, "N_inlier": 15, "refit": true}
{"timestamp": "18:52:10.115472", "frame": 102, "mu": [0.056471697424854354, 0.35446721014043986, 1.0308576340678097], "Sigma": [[2.336459003338902, 0.06356465600056074, 0.014468863007883722], [0.06356465600056074, 0.00916809819801736, -0.0009712774523852417], [0.014468863007883722, -0.0009712774523852415, 0.0017743459550720656]], "chi2_level": 0.99, "chi2_df": 3, "chi2_threshold": 11.344866730144373, "N_raw": 33, "N_roi": 33, "N_inlier": 33, "refit": true}
{"timestamp": "18:52:10.147919", "frame": 103, "mu": [0.26152564961762326, 0.3157251247338872, 1.0351138705588665], "Sigma": [[2.054946828246421, 0.07328648613760169, 0.007685693880592063], [0.07328648613760169, 0.010712585925652059, -0.0005111915973177243], [0.00768569388059207, -0.0005111915973177246, 0.008436919897442803]], "chi2_level": 0.99, "chi2_df": 3, "chi2_threshold": 11.344866730144373, "N_raw": 39, "N_roi": 39, "N_inlier": 39, "refit": true}
{"timestamp": "18:52:10.191745", "frame": 104, "mu": [0.6041581182205036, 0.4570467981075984, -0.9325057541906898], "Sigma": [[1.7007055021382753, -0.02175549791469544, -0.03953558170380102], [-0.02175549791469544, 0.010049751391171641, -7.80424960440104e-05], [-0.03953558170380101, -7.80424960440104e-05, 0.005777988163027162]], "chi2_level": 0.99, "chi2_df": 3, "chi2_threshold": 11.344866730144373, "N_raw": 33, "N_roi": 33, "N_inlier": 33, "refit": true}
{"timestamp": "18:52:10.243468", "frame": 105, "mu": [0.20557206084202936, 0.31709159186098224, 1.042143488229577], "Sigma": [[1.9776798189561222, 0.009695506207963264, -0.037129402620901655], [0.00969550620796326, 0.009562236367296013, 0.0063189127137499084], [-0.03712940262090166, 0.0063189127137499084, 0.016654312575455025]], "chi2_level": 0.99, "chi2_df": 3, "chi2_threshold": 11.344866730144373, "N_raw": 12, "N_roi": 12, "N_inlier": 11, "refit": true}
{"timestamp": "18:52:10.299709", "frame": 106, "mu": [-0.7258482391184027, 0.3261456447708078, 1.1345830781519688], "Sigma": [[1.4363951957095868, -0.004350142040022658, 0.024941238928690462], [-0.004350142040022657, 0.004378176868470327, 0.0007577065280110671], [0.024941238928690466, 0.0007577065280110671, 0.0030252376905417246]], "chi2_level": 0.99, "chi2_df": 3, "chi2_threshold": 11.344866730144373, "N_raw": 23, "N_roi": 23, "N_inlier": 23, "refit": true}
{"timestamp": "18:52:10.352063", "frame": 107, "mu": [-0.7897045204888222, 0.4028699873831791, 1.050446281583236], "Sigma": [[1.3216232725468744, -0.028248241172002406, 0.1731734372587371], [-0.028248241172002406, 0.023817735457351732, 0.05698439391920066], [0.1731734372587371, 0.05698439391920067, 0.19969091904828332]], "chi2_level": 0.99, "chi2_df": 3, "chi2_threshold": 11.344866730144373, "N_raw": 10, "N_roi": 10, "N_inlier": 10, "refit": true}
{"timestamp": "18:52:10.411129", "frame": 108, "mu": [-0.9808665724341143, 0.39006724390357916, 1.1814220243577436], "Sigma": [[0.777105040288332, -0.018876442125485858, 0.03960164265797275], [-0.018876442125485858, 0.0043079199653658145, -0.010950486217402897], [0.03960164265797276, -0.010950486217402897, 0.15946943016637824]], "chi2_level": 0.99, "chi2_df": 3, "chi2_threshold": 11.344866730144373, "N_raw": 37, "N_roi": 37, "N_inlier": 37, "refit": true}
{"timestamp": "18:52:10.468141", "frame": 109, "mu": [-0.08492866495941, 0.30291088778619896, 1.2082087570072357], "Sigma": [[1.6860210532556534, 0.03633690428173858, 0.043328249958615186], [0.03633690428173858, 0.005730602497072356, -0.002291666773641363], [0.04332824995861517, -0.002291666773641363, 0.02291052705782961]], "chi2_level": 0.99, "chi2_df": 3, "chi2_threshold": 11.344866730144373, "N_raw": 53, "N_roi": 53, "N_inlier": 51, "refit": true}
{"timestamp": "18:52:10.523565", "frame": 110, "mu": [-0.6525447189285492, 0.3267297290048379, 1.2575047164275974], "Sigma": [[1.1913106361244712, 0.004551570449290471, 0.03542937412958521], [0.004551570449290469, 0.0059599456455546014, -0.00469904117552199], [0.03542937412958521, -0.00469904117552199, 0.009416152532513348]], "chi2_level": 0.99, "chi2_df": 3, "chi2_threshold": 11.344866730144373, "N_raw": 54, "N_roi": 54, "N_inlier": 52, "refit": true}
{"timestamp": "18:52:10.578505", "frame": 111, "mu": [-1.2674572866891527, 0.45125097954007504, -0.5971078363720929], "Sigma": [[0.006060561395544758, 0.0033684568812227303, 0.0011530093365083142], [0.00336845688122273, 0.01654777494701809, 0.0005379034522354245], [0.0011530093365083142, 0.0005379034522354246, 0.002930439418415594]], "chi2_level": 0.99, "chi2_df": 3, "chi2_threshold": 11.344866730144373, "N_raw": 50, "N_roi": 50, "N_inlier": 45, "refit": true}
{"timestamp": "18:52:10.632982", "frame": 112, "mu": [-1.0251996569745827, 0.5443114472726164, -0.4922374169250679], "Sigma": [[0.5308575873161335, -0.02497400249826225, 0.008695448856194466], [-0.02497400249826225, 0.006931880846147008, -0.0024089640750126914], [0.008695448856194466, -0.0024089640750126914, 0.0014609785953761574]], "chi2_level": 0.99, "chi2_df": 3, "chi2_threshold": 11.344866730144373, "N_raw": 51, "N_roi": 51, "N_inlier": 49, "refit": true}
{"timestamp": "18:52:10.688546", "frame": 113, "mu": [-1.2298153129780502, 0.4501874540371212, 1.4270030634509911], "Sigma": [[0.0071513165363309055, 0.0009953950226107787, -0.0007583048367869951], [0.0009953950226107787, 0.008178956671611094, -0.003949771387380832], [-0.000758304836786995, -0.003949771387380832, 0.0023158662763707455]], "chi2_level": 0.99, "chi2_df": 3, "chi2_threshold": 11.344866730144373, "N_raw": 55, "N_roi": 55, "N_inlier": 52, "refit": true}
{"timestamp": "18:52:10.743970", "frame": 114, "mu": [-1.1703757748784769, 0.4149269724220302, 1.3783412101507757], "Sigma": [[0.009225299392033348, -0.0031318960035198297, -0.003323820402354246], [-0.0031318960035198297, 0.0062365500520985195, -0.001545814786055545], [-0.003323820402354246, -0.0015458147860555448, 0.003547579466270266]], "chi2_level": 0.99, "chi2_df": 3, "chi2_threshold": 11.344866730144373, "N_raw": 54, "N_roi": 54, "N_inlier": 54, "refit": true}
{"timestamp": "18:52:10.800363", "frame": 115, "mu": [-1.2247507465881735, 0.5764113653374274, 1.532997607870504], "Sigma": [[0.007279157640364932, -0.00015039161745793067, -0.002809321561165635], [-0.00015039161745793064, 0.003326219444267962, -0.0027455602610160176], [-0.002809321561165635, -0.0027455602610160176, 0.018821930852400408]], "chi2_level": 0.99, "chi2_df": 3, "chi2_threshold": 11.344866730144373, "N_raw": 62, "N_roi": 62, "N_inlier": 60, "refit": true}
{"timestamp": "18:52:10.856229", "frame": 116, "mu": [-1.1449777917632467, 0.6593884061049547, -0.4285028210720787], "Sigma": [[0.009268298878899359, 0.002465796195974638, -0.001001946481022514], [0.0024657961959746386, 0.008418485386078438, -0.002642025875460641], [-0.001001946481022514, -0.0026420258754606416, 0.001282037468963425]], "chi2_level": 0.99, "chi2_df": 3, "chi2_threshold": 11.344866730144373, "N_raw": 71, "N_roi": 71, "N_inlier": 69, "refit": true}
