{"timestamp": "19:00:18.187122", "frame": 14, "mu": [-1.9072548916960856, 4.957827837232085, 1.2809045010609403], "Sigma": [[0.012140647854017297, 0.0017735118613818152, -0.0007579514024241273], [0.0017735118613818152, 0.00043015832951150574, -0.00013938646689262737], [-0.0007579514024241272, -0.00013938646689262734, 5.315253512789739e-05]], "chi2_level": 0.99, "chi2_df": 3, "chi2_threshold": 11.344866730144373, "N_raw": 37, "N_roi": 5, "N_inlier": 5, "refit": true}
{"timestamp": "19:00:18.241593", "frame": 15, "mu": [-1.9869759304840955, 4.950170276845239, 1.2581658668282372], "Sigma": [[0.01514818802755463, 0.0020853413041395214, -0.0034569655185367125], [0.002085341304139522, 0.0012220514012371481, -0.0007748397102111631], [-0.0034569655185367125, -0.000774839710211163, 0.001190330606448935]], "chi2_level": 0.99, "chi2_df": 3, "chi2_threshold": 11.344866730144373, "N_raw": 27, "N_roi": 10, "N_inlier": 10, "refit": true}
{"timestamp": "19:00:18.299650", "frame": 16, "mu": [-1.8997442175733876, 4.9446229070174645, 1.2720255598461534], "Sigma": [[0.02258374881353887, 0.0030496802147291857, -0.003492324578538066], [0.003049680214729186, 0.0015427679236037749, -0.0008608038354382015], [-0.003492324578538066, -0.0008608038354382014, 0.0009016852202890121]], "chi2_level": 0.99, "chi2_df": 3, "chi2_threshold": 11.344866730144373, "N_raw": 54, "N_roi": 16, "N_inlier": 15, "refit": true}
{"timestamp": "19:00:18.460966", "frame": 19, "mu": [-1.7920392315624625, 4.942085995766772, 1.3445347152850091], "Sigma": [[0.01231609982007541, 0.000868536224236751, 0.002146672313282671], [0.0008685362242367507, 0.0009956485304280992, -0.0017088052951017795], [0.002146672313282671, -0.0017088052951017797, 0.007039945719937418]], "chi2_level": 0.99, "chi2_df": 3, "chi2_threshold": 11.344866730144373, "N_raw": 25, "N_roi": 12, "N_inlier": 12, "refit": true}
{"timestamp": "19:00:18.515853", "frame": 20, "mu": [-1.6750562945824319, 4.93811922663258, 1.3023218070146596], "Sigma": [[0.0223500509920969, 0.004024130154423238, -0.009540489748336788], [0.004024130154423238, 0.001971725725167931, -0.00141435375732923], [-0.009540489748336788, -0.0014143537573292303, 0.00567709064906937]], "chi2_level": 0.99, "chi2_df": 3, "chi2_threshold": 11.344866730144373, "N_raw": 27, "N_roi": 16, "N_inlier": 16, "refit": true}
{"timestamp": "19:00:18.573248", "frame": 21, "mu": [-1.5466613329045442, 4.9671895216703685, 1.3193692373881587], "Sigma": [[0.005956825294749429, -0.0003197592319545996, -0.002974746083521394], [-0.00031975923195459965, 0.0005647729683899716, -0.0002979604348085929], [-0.002974746083521394, -0.00029796043480859283, 0.005115840340866448]], "chi2_level": 0.99, "chi2_df": 3, "chi2_threshold": 11.344866730144373, "N_raw": 40, "N_roi": 7, "N_inlier": 7, "refit": true}
{"timestamp": "19:00:18.627075", "frame": 22, "mu": [-1.5097397894646152, 4.977690882698008, 1.0346804663128344], "Sigma": [[0.009173563529065376, -0.0005695822960293624, 0.005642247231729928], [-0.0005695822960293622, 0.0003130661971713444, -0.004319640143459654], [0.00564224723172993, -0.004319640143459654, 0.07990997267986766]], "chi2_level": 0.99, "chi2_df": 3, "chi2_threshold": 11.344866730144373, "N_raw": 30, "N_roi": 5, "N_inlier": 5, "refit": true}
{"timestamp": "19:00:18.680082", "frame": 23, "mu": [-1.4371461060082973, 4.9556426887964, 0.86856578479114], "Sigma": [[0.00940259347368662, 0.0013379287098068565, -0.002881266327102641], [0.0013379287098068565, 0.0007718322841686161, -0.004913697127553291], [-0.0028812663271026414, -0.004913697127553291, 0.05011639934914523]], "chi2_level": 0.99, "chi2_df": 3, "chi2_threshold": 11.344866730144373, "N_raw": 18, "N_roi": 12, "N_inlier": 12, "refit": true}
{"timestamp": "19:00:18.739004", "frame": 24, "mu": [-1.3565065316585148, 4.921385743932273, 1.0089534740646435], "Sigma": [[0.023308647503608254, 0.004269336833219534, -0.00958588128504664], [0.004269336833219534, 0.0020703658654821454, -0.005438882603153021], [-0.009585881285046638, -0.005438882603153022, 0.021284642438712004]], "chi2_level": 0.99, "chi2_df": 3, "chi2_threshold": 11.344866730144373, "N_raw": 42, "N_roi": 31, "N_inlier": 31, "refit": true}
{"timestamp": "19:00:18.792284", "frame": 25, "mu": [-1.4070177360906455, 4.86499488977201, 1.090506294213703], "Sigma": [[0.011198607380702023, 0.002441459360272156, -0.007987887619647215], [0.002441459360272156, 0.002310973610188077, -0.0063625033615292825], [-0.007987887619647215, -0.0063625033615292825, 0.021042141200418057]], "chi2_level": 0.99, "chi2_df": 3, "chi2_threshold": 11.344866730144373, "N_raw": 17, "N_roi": 14, "N_inlier": 14, "refit": true}
{"timestamp": "19:00:18.850217", "frame": 26, "mu": [-1.3745503959247312, 4.845282194391986, 1.12123032050768], "Sigma": [[0.023474361643320465, 0.0047485806154786495, -0.009172521029433757], [0.0047485806154786495, 0.0033524202294333613, -0.004787412142831671], [-0.009172521029433757, -0.004787412142831671, 0.010720015524407562]], "chi2_level": 0.99, "chi2_df": 3, "chi2_threshold": 11.344866730144373, "N_raw": 38, "N_roi": 36, "N_inlier": 35, "refit": true}
{"timestamp": "19:00:18.905304", "frame": 27, "mu": [-1.3867049105203628, 4.830082974808819, 1.0077295021569928], "Sigma": [[0.022301317590728537, 0.0047855257945802095, -0.010311613339404863], [0.0047855257945802095, 0.0035610987149927048, -0.004331506232269536], [-0.010311613339404864, -0.004331506232269536, 0.008725580550283498]], "chi2_level": 0.99, "chi2_df": 3, "chi2_threshold": 11.344866730144373, "N_raw": 35, "N_roi": 34, "N_inlier": 34, "refit": true}
{"timestamp": "19:00:18.960330", "frame": 28, "mu": [-1.1948747810898397, 4.884617355481567, 1.07986736441028], "Sigma": [[0.03431066429084623, 0.005971748884378166, -0.006227914174439582], [0.005971748884378167, 0.003853580785247521, -0.0025076712201333165], [-0.006227914174439582, -0.0025076712201333165, 0.0036823638901525846]], "chi2_level": 0.99, "chi2_df": 3, "chi2_threshold": 11.344866730144373, "N_raw": 44, "N_roi": 41, "N_inlier": 41, "refit": true}
{"timestamp": "19:00:19.014495", "frame": 29, "mu": [-1.23860582629089, 4.780670539321932, 1.0519616705194734], "Sigma": [[0.018138607495416206, 0.003946254526154245, -0.015234569334528249], [0.003946254526154245, 0.002975320557182458, -0.004233307976758484], [-0.015234569334528249, -0.004233307976758484, 0.01850903426508165]], "chi2_level": 0.99, "chi2_df": 3, "chi2_threshold": 11.344866730144373, "N_raw": 29, "N_roi": 22, "N_inlier": 22, "refit": true}
{"timestamp": "19:00:19.072449", "frame": 30, "mu": [-1.26148080451902, 4.7448505228748585, 0.9477612423705156], "Sigma": [[0.030016775254008393, 0.005141188884310616, -0.019702511295157037], [0.005141188884310616, 0.0046500513655817356, -0.006923346930720036], [-0.019702511295157037, -0.006923346930720036, 0.019195587553285702]], "chi2_level": 0.99, "chi2_df": 3, "chi2_threshold": 11.344866730144373, "N_raw": 53, "N_roi": 50, "N_inlier": 50, "refit": true}
{"timestamp": "19:00:19.124654", "frame": 31, "mu": [-1.1751855298078415, 4.669619859273376, 0.7932095651665233], "Sigma": [[0.02533008772194486, 0.0032420303646664254, -0.017176798347194957], [0.0032420303646664254, 0.002172061621896314, -0.003325333372540833], [-0.017176798347194957, -0.003325333372540833, 0.014624427273817587]], "chi2_level": 0.99, "chi2_df": 3, "chi2_threshold": 11.344866730144373, "N_raw": 32, "N_roi": 27, "N_inlier": 27, "refit": true}
{"timestamp": "19:00:19.184521", "frame": 32, "mu": [-1.1233399486072453, 4.731349818377366, 0.8920996021459316], "Sigma": [[0.025647794265915957, 0.00917169009013491, -0.0081647549535645], [0.00917169009013491, 0.014920591305046716, 0.005774439172964272], [-0.0081647549535645, 0.005774439172964272, 0.017828633751751307]], "chi2_level": 0.99, "chi2_df": 3, "chi2_threshold": 11.344866730144373, "N_raw": 63, "N_roi": 56, "N_inlier": 56, "refit": true}
{"timestamp": "19:00:19.240545", "frame": 33, "mu": [-1.0836020309743244, 4.807392753903774, 0.17475273104930997], "Sigma": [[0.03038683309392421, 0.007673323744388735, -0.0038563622528900044], [0.007673323744388736, 0.009877684565378788, -0.00453055312434031], [-0.0038563622528900044, -0.00453055312434031, 0.004103555058787179]], "chi2_level": 0.99, "chi2_df": 3, "chi2_threshold": 11.344866730144373, "N_raw": 71, "N_roi": 65, "N_inlier": 61, "refit": true}
{"timestamp": "19:00:19.295143", "frame": 34, "mu": [-1.0061856819743344, 4.671213949513051, -1.141586226684805], "Sigma": [[0.040440150111568415, 0.005699894036526925, -0.018537090143658667], [0.005699894036526926, 0.005599546683175782, -0.008583481944487931], [-0.018537090143658667, -0.008583481944487931, 0.01897138935794227]], "chi2_level": 0.99, "chi2_df": 3, "chi2_threshold": 11.344866730144373, "N_raw": 72, "N_roi": 70, "N_inlier": 68, "refit": true}
{"timestamp": "19:00:19.350497", "frame": 35, "mu": [-1.007798690045891, 4.58259671725954, 0.8159870598017535], "Sigma": [[0.03656508841159219, 0.002634940913214082, -0.021983647838514857], [0.002634940913214082, 0.003008726045375861, -0.007666117146313459], [-0.021983647838514857, -0.00766611714631346, 0.03570650982456392]], "chi2_level": 0.99, "chi2_df": 3, "chi2_threshold": 11.344866730144373, "N_raw": 65, "N_roi": 62, "N_inlier": 61, "refit": true}
{"timestamp": "19:00:19.405882", "frame": 36, "mu": [-0.9111245987939709, 4.600950786142991, 1.0052901320853198], "Sigma": [[0.040292981444881026, 0.00876383181321329, -0.0008598172105561417], [0.008763831813213288, 0.007038703583860976, -0.006649342015013126], [-0.0008598172105561425, -0.006649342015013127, 0.012073498028584125]], "chi2_level": 0.99, "chi2_df": 3, "chi2_threshold": 11.344866730144373, "N_raw": 75, "N_roi": 70, "N_inlier": 70, "refit": true}
{"timestamp": "19:00:19.459722", "frame": 37, "mu": [-0.9018564393383437, 4.551446926782138, 0.9779770842505398], "Sigma": [[0.037338226081138154, 0.007162494713122502, -0.012556545091771058], [0.007162494713122502, 0.008406727447437144, -0.004395612654503505], [-0.012556545091771058, -0.0043956126545035045, 0.006805450131075557]], "chi2_level": 0.99, "chi2_df": 3, "chi2_threshold": 11.344866730144373, "N_raw": 66, "N_roi": 64, "N_inlier": 64, "refit": true}
{"timestamp": "19:00:19.512507", "frame": 38, "mu": [-0.8522128691406403, 4.603202009708256, 0.915397688773126], "Sigma": [[0.029611849422552978, 0.011219260048235605, -0.002536524727666826], [0.011219260048235608, 0.0167315595863115, 0.009293827194380445], [-0.002536524727666826, 0.009293827194380445, 0.01303555990939267]], "chi2_level": 0.99, "chi2_df": 3, "chi2_threshold": 11.344866730144373, "N_raw": 56, "N_roi": 56, "N_inlier": 55, "refit": true}
{"timestamp": "19:00:19.565880", "frame": 39, "mu": [-0.9126964636869814, 4.436430360761616, 1.005927307664401], "Sigma": [[0.024303452220646386, 0.003374563085674687, -0.009581864139370292], [0.0033745630856746867, 0.004574812994102091, -0.0033881305680241273], [-0.009581864139370292, -0.0033881305680241273, 0.007078384338191543]], "chi2_level": 0.99, "chi2_df": 3, "chi2_threshold": 11.344866730144373, "N_raw": 45, "N_roi": 45, "N_inlier": 45, "refit": true}
{"timestamp": "19:00:19.622827", "frame": 40, "mu": [-0.819761626575573, 4.503773870374346, -0.3910399698022645], "Sigma": [[0.03755158228063661, 0.020749412818149744, 0.07458228627576856], [0.020749412818149744, 0.01945484262798996, 0.04814961978987397], [0.07458228627576856, 0.04814961978987397, 0.2451575624962373]], "chi2_level": 0.99, "chi2_df": 3, "chi2_threshold": 11.344866730144373, "N_raw": 65, "N_roi": 64, "N_inlier": 64, "refit": true}
{"timestamp": "19:00:19.680868", "frame": 41, "mu": [-0.721667601733665, 4.473190170676062, 0.8608321058883754], "Sigma": [[0.040380131978272046, 0.001583993878677661, -0.03389560850211548], [0.0015839938786776607, 0.004437165631642848, -0.00712949543179956], [-0.03389560850211548, -0.00712949543179956, 0.04391499794753363]], "chi2_level": 0.99, "chi2_df": 3, "chi2_threshold": 11.344866730144373, "N_raw": 74, "N_roi": 70, "N_inlier": 67, "refit": true}
{"timestamp": "19:00:19.734331", "frame": 42, "mu": [-0.746218073656932, 4.399219408800743, 1.0185267114475192], "Sigma": [[0.03816193713047215, 0.0032405703755981367, -0.022804314997626977], [0.0032405703755981367, 0.004400215476299961, -0.0044803749755318555], [-0.022804314997626977, -0.0044803749755318555, 0.02145318611881445]], "chi2_level": 0.99, "chi2_df": 3, "chi2_threshold": 11.344866730144373, "N_raw": 59, "N_roi": 56, "N_inlier": 55, "refit": true}
{"timestamp": "19:00:19.790026", "frame": 43, "mu": [-0.6526955988507372, 4.384241881623611, 0.7406046524322653], "Sigma": [[0.03621525612838082, 0.00549538179566129, -0.02242134566366562], [0.00549538179566129, 0.005821271955174796, -0.007787490942795745], [-0.02242134566366562, -0.007787490942795745, 0.02036542307741872]], "chi2_level": 0.99, "chi2_df": 3, "chi2_threshold": 11.344866730144373, "N_raw": 67, "N_roi": 65, "N_inlier": 62, "refit": true}
{"timestamp": "19:00:19.847394", "frame": 44, "mu": [-0.7062737481281631, 4.2983760494481205, 0.9138540423548672], "Sigma": [[0.03729865296326312, 0.007604287196378505, -0.02026151588887412], [0.007604287196378505, 0.009853502011482837, -0.011924912393972156], [-0.02026151588887412, -0.011924912393972156, 0.023194192730691857]], "chi2_level": 0.99, "chi2_df": 3, "chi2_threshold": 11.344866730144373, "N_raw": 87, "N_roi": 84, "N_inlier": 84, "refit": true}
{"timestamp": "19:00:19.902431", "frame": 45, "mu": [-0.6131048932035319, 4.304126624920421, 0.9873323315331861], "Sigma": [[0.03628615336575991, 0.0049406239657081305, -0.01737315293496385], [0.0049406239657081305, 0.006208182543784249, -0.010975010543328138], [-0.01737315293496385, -0.010975010543328138, 0.033202268662787957]], "chi2_level": 0.99, "chi2_df": 3, "chi2_threshold": 11.344866730144373, "N_raw": 83, "N_roi": 79, "N_inlier": 79, "refit": true}
{"timestamp": "19:00:19.954182", "frame": 46, "mu": [-0.59531258223086, 4.342555517614725, -0.2953299077573332], "Sigma": [[0.03157421279861566, 0.01977543024011503, 0.06389490939215095], [0.01977543024011503, 0.022858635052912385, 0.0482227993472934], [0.06389490939215095, 0.048222799347293406, 0.2251508445916717]], "chi2_level": 0.99, "chi2_df": 3, "chi2_threshold": 11.344866730144373, "N_raw": 60, "N_roi": 60, "N_inlier": 60, "refit": true}
{"timestamp": "19:00:20.009528", "frame": 47, "mu": [-0.5189561175142013, 4.21811277251329, 0.9815423749841246], "Sigma": [[0.03532776233335365, 0.005541547007464798, -0.027077267856177194], [0.005541547007464799, 0.005491498655423894, -0.007146073730997322], [-0.027077267856177194, -0.007146073730997322, 0.02652012736953037]], "chi2_level": 0.99, "chi2_df": 3, "chi2_threshold": 11.344866730144373, "N_raw": 61, "N_roi": 61, "N_inlier": 61, "refit": true}
{"timestamp": "19:00:20.064571", "frame": 48, "mu": [-0.5070770292631916, 4.194437044747994, 1.0071776917099948], "Sigma": [[0.030737560757599897, 0.004672325095488796, -0.010980139118358219], [0.004672325095488795, 0.005885808217181101, -0.007651160213078335], [-0.010980139118358219, -0.007651160213078335, 0.013439909888787042]], "chi2_level": 0.99, "chi2_df": 3, "chi2_threshold": 11.344866730144373, "N_raw": 65, "N_roi": 65, "N_inlier": 63, "refit": true}
{"timestamp": "19:00:20.118389", "frame": 49, "mu": [-0.46371151961812945, 4.179557836848775, 1.0984110596587575], "Sigma": [[0.02844939342488087, 0.002283644405768699, -0.01099832239800149], [0.002283644405768699, 0.005799166666718247, -0.0037174502539465935], [-0.01099832239800149, -0.0037174502539465935, 0.007291580167324626]], "chi2_level": 0.99, "chi2_df": 3, "chi2_threshold": 11.344866730144373, "N_raw": 63, "N_roi": 60, "N_inlier": 59, "refit": true}
{"timestamp": "19:00:20.178229", "frame": 50, "mu": [-0.4783326568342687, 4.121608561504682, 1.0222766483256491], "Sigma": [[0.035145349904058175, 0.006685496348003351, -0.014580897847942106], [0.006685496348003353, 0.007074709876697129, -0.010294883869148206], [-0.014580897847942106, -0.010294883869148206, 0.02401579368484398]], "chi2_level": 0.99, "chi2_df": 3, "chi2_threshold": 11.344866730144373, "N_raw": 84, "N_roi": 81, "N_inlier": 79, "refit": true}
{"timestamp": "19:00:20.228652", "frame": 51, "mu": [-0.39507101871427824, 4.073752698160191, 0.9104088564396904], "Sigma": [[0.028966070153656105, 0.004277570613481474, -0.009278915023981418], [0.004277570613481474, 0.007510764105393257, -0.0010374855308005555], [-0.009278915023981416, -0.0010374855308005553, 0.0067214911746305075]], "chi2_level": 0.99, "chi2_df": 3, "chi2_threshold": 11.344866730144373, "N_raw": 56, "N_roi": 51, "N_inlier": 48, "refit": true}
{"timestamp": "19:00:20.285219", "frame": 52, "mu": [-0.39108598261502314, 4.0450672611689615, 1.048240605145383], "Sigma": [[0.034141578809812036, -0.00034062423078259343, -0.018487392236842863], [-0.00034062423078259343, 0.0056998646719757665, -0.0037643533635627387], [-0.018487392236842863, -0.0037643533635627387, 0.015626911264867822]], "chi2_level": 0.99, "chi2_df": 3, "chi2_threshold": 11.344866730144373, "N_raw": 74, "N_roi": 74, "N_inlier": 72, "refit": true}
{"timestamp": "19:00:20.338707", "frame": 53, "mu": [-0.2892386176536183, 4.092162941946157, -0.6728321114641612], "Sigma": [[0.02943313760738655, 0.008656217077635954, 0.062193003978437786], [0.008656217077635954, 0.010252954968247527, 0.0337494396992932], [0.062193003978437786, 0.0337494396992932, 0.22290883511580875]], "chi2_level": 0.99, "chi2_df": 3, "chi2_threshold": 11.344866730144373, "N_raw": 59, "N_roi": 59, "N_inlier": 59, "refit": true}
{"timestamp": "19:00:20.396700", "frame": 54, "mu": [-0.22380194070603587, 4.0335592800797935, 0.9259484798778175], "Sigma": [[0.04522914986135604, 0.015094306380123605, 0.00022509370179087042], [0.015094306380123605, 0.014779997935015185, 0.004150170782092874], [0.0002250937017908702, 0.004150170782092875, 0.0029140049345454224]], "chi2_level": 0.99, "chi2_df": 3, "chi2_threshold": 11.344866730144373, "N_raw": 83, "N_roi": 83, "N_inlier": 83, "refit": true}
{"timestamp": "19:00:20.453522", "frame": 55, "mu": [-0.16960528416209386, 4.118323950376853, 0.032120164232229104], "Sigma": [[0.05239141062962786, 0.018255014979974064, -0.018680654281415347], [0.018255014979974064, 0.013448585520208698, -0.009853126911737536], [-0.018680654281415347, -0.009853126911737536, 0.01631819471333195]], "chi2_level": 0.99, "chi2_df": 3, "chi2_threshold": 11.344866730144373, "N_raw": 85, "N_roi": 83, "N_inlier": 81, "refit": true}
{"timestamp": "19:00:20.507658", "frame": 56, "mu": [-0.12625388129273174, 3.9712096396133703, 0.9781560255724839], "Sigma": [[0.03720019402951161, 0.011703987717214506, -0.013909019299961451], [0.011703987717214506, 0.015106159123068987, -0.003674900908218818], [-0.013909019299961451, -0.003674900908218818, 0.008898518832325166]], "chi2_level": 0.99, "chi2_df": 3, "chi2_threshold": 11.344866730144373, "N_raw": 91, "N_roi": 91, "N_inlier": 91, "refit": true}
{"timestamp": "19:00:20.564283", "frame": 57, "mu": [-0.040711880932304066, 3.90864977904026, 1.038698614980319], "Sigma": [[0.03852253285558644, 0.009548478485416512, -0.009439237545440913], [0.009548478485416513, 0.013367415524684794, -0.0037483971804068736], [-0.009439237545440913, -0.0037483971804068736, 0.004989108568514646]], "chi2_level": 0.99, "chi2_df": 3, "chi2_threshold": 11.344866730144373, "N_raw": 99, "N_roi": 99, "N_inlier": 97, "refit": true}
{"timestamp": "19:00:20.620514", "frame": 58, "mu": [0.0003594221564342515, 3.878137073644411, 1.033919421547685], "Sigma": [[0.030692761055543312, 0.006503662214172839, -0.005244047880064215], [0.0065036622141728395, 0.015299827918438346, -0.003838777452034605], [-0.005244047880064215, -0.003838777452034605, 0.006426316752822616]], "chi2_level": 0.99, "chi2_df": 3, "chi2_threshold": 11.344866730144373, "N_raw": 101, "N_roi": 99, "N_inlier": 99, "refit": true}
{"timestamp": "19:00:20.671648", "frame": 59, "mu": [0.0053035774126483585, 3.824791552884365, 1.072938788392134], "Sigma": [[0.028002986876305404, 0.003659631061344924, -0.004667506292860002], [0.003659631061344923, 0.009898062722575918, -0.000936476971605035], [-0.004667506292860002, -0.0009364769716050349, 0.0015589392721761506]], "chi2_level": 0.99, "chi2_df": 3, "chi2_threshold": 11.344866730144373, "N_raw": 79, "N_roi": 77, "N_inlier": 74, "refit": true}
{"timestamp": "19:00:20.724214", "frame": 60, "mu": [-0.07973062074025754, 3.7199905544219387, 1.1499451368068985], "Sigma": [[0.022978356939304053, 0.0006181585998775943, -0.003445320997990489], [0.0006181585998775938, 0.005529383830046539, 2.8329642263851158e-05], [-0.003445320997990489, 2.832964226385105e-05, 0.002982289365753586]], "chi2_level": 0.99, "chi2_df": 3, "chi2_threshold": 11.344866730144373, "N_raw": 59, "N_roi": 59, "N_inlier": 57, "refit": true}
{"timestamp": "19:00:20.780029", "frame": 61, "mu": [-0.052854315633989374, 3.759146714197021, 0.0016586943365479796], "Sigma": [[0.024761207787303223, 0.0016612647460243308, -0.008232467360561626], [0.0016612647460243308, 0.006161521250569847, -0.0008684138170600046], [-0.008232467360561626, -0.0008684138170600045, 0.0038776063857273446]], "chi2_level": 0.99, "chi2_df": 3, "chi2_threshold": 11.344866730144373, "N_raw": 65, "N_roi": 63, "N_inlier": 61, "refit": true}
{"timestamp": "19:00:20.837602", "frame": 62, "mu": [0.017889628443792074, 3.6391441473919244, 1.099807161731097], "Sigma": [[0.02536526297778565, 0.0017321432586590185, -0.007269119220969015], [0.0017321432586590178, 0.010633629838407483, 0.00027678391325438597], [-0.007269119220969015, 0.0002767839132543858, 0.0036420952395361493]], "chi2_level": 0.99, "chi2_df": 3, "chi2_threshold": 11.344866730144373, "N_raw": 88, "N_roi": 88, "N_inlier": 85, "refit": true}
{"timestamp": "19:00:20.894605", "frame": 63, "mu": [0.09854386111520798, 3.6620909106084225, 1.0632016620494715], "Sigma": [[0.027043875483134236, 0.003354443394837328, -0.015410973137822383], [0.003354443394837328, 0.012415749350692163, -0.006745350383268679], [-0.015410973137822382, -0.006745350383268678, 0.015248134759483849]], "chi2_level": 0.99, "chi2_df": 3, "chi2_threshold": 11.344866730144373, "N_raw": 102, "N_roi": 102, "N_inlier": 101, "refit": true}
{"timestamp": "19:00:20.946538", "frame": 64, "mu": [0.06928046621842625, 3.5400089104588655, 1.1412676240011588], "Sigma": [[0.021943685421631956, -0.005019121098383288, -0.01939224819861067], [-0.005019121098383288, 0.007563859151210119, 0.002417002482376631], [-0.01939224819861067, 0.002417002482376631, 0.01995697995910278]], "chi2_level": 0.99, "chi2_df": 3, "chi2_threshold": 11.344866730144373, "N_raw": 73, "N_roi": 71, "N_inlier": 67, "refit": true}
{"timestamp": "19:00:20.995299", "frame": 65, "mu": [0.1892285196926029, 3.629213631405048, 1.1262453237684384], "Sigma": [[0.021405645984713485, 0.0059620579353977365, -0.03715516298665322], [0.0059620579353977365, 0.005997493219025477, -0.016887832891501642], [-0.03715516298665322, -0.016887832891501642, 0.1006405483970079]], "chi2_level": 0.99, "chi2_df": 3, "chi2_threshold": 11.344866730144373, "N_raw": 41, "N_roi": 41, "N_inlier": 39, "refit": true}
{"timestamp": "19:00:21.050217", "frame": 66, "mu": [0.1809713775563325, 3.5518108361190226, 1.3400536704029624], "Sigma": [[0.012631936315995495, 0.00046022698000144886, -0.006496240014944225], [0.00046022698000144886, 0.003540045939581401, 0.0022205094841773456], [-0.006496240014944225, 0.0022205094841773456, 0.0062043122322080054]], "chi2_level": 0.99, "chi2_df": 3, "chi2_threshold": 11.344866730144373, "N_raw": 35, "N_roi": 31, "N_inlier": 28, "refit": true}
{"timestamp": "19:00:21.107727", "frame": 67, "mu": [0.19615061279083776, 3.463133026443563, 1.3140312128946723], "Sigma": [[0.017253250533967132, -0.0018310241128126022, -0.013409919984770625], [-0.0018310241128126022, 0.008369023036881277, 0.006411873047541721], [-0.013409919984770625, 0.00641187304754172, 0.015150188850520779]], "chi2_level": 0.99, "chi2_df": 3, "chi2_threshold": 11.344866730144373, "N_raw": 59, "N_roi": 58, "N_inlier": 57, "refit": true}
{"timestamp": "19:00:21.170771", "frame": 68, "mu": [0.290886483920946, 3.459316622623107, 1.0896806663647542], "Sigma": [[0.02584832859994887, 0.001324269090848706, -0.021478701758137153], [0.001324269090848706, 0.00859851757173896, -0.008051099444974308], [-0.021478701758137153, -0.008051099444974308, 0.03585385681485016]], "chi2_level": 0.99, "chi2_df": 3, "chi2_threshold": 11.344866730144373, "N_raw": 106, "N_roi": 104, "N_inlier": 101, "refit": true}
{"timestamp": "19:00:21.217848", "frame": 69, "mu": [0.27988131288454876, 3.3115853983457257, 1.0661875329804567], "Sigma": [[0.01947110070226451, -0.0025428463645378995, -0.008622554982804956], [-0.0025428463645378995, 0.004582786431883872, -0.00010816135758603914], [-0.008622554982804956, -0.00010816135758603908, 0.005362461808083775]], "chi2_level": 0.99, "chi2_df": 3, "chi2_threshold": 11.344866730144373, "N_raw": 57, "N_roi": 57, "N_inlier": 55, "refit": true}
{"timestamp": "19:00:21.275521", "frame": 70, "mu": [0.32593382032615564, 3.3332619446973877, 1.1027403834982752], "Sigma": [[0.021798769510947037, -0.0012947169367799709, -0.02565935785357843], [-0.0012947169367799707, 0.005460233092600224, -0.0049664356714145385], [-0.02565935785357843, -0.004966435671414538, 0.04707604928602464]], "chi2_level": 0.99, "chi2_df": 3, "chi2_threshold": 11.344866730144373, "N_raw": 73, "N_roi": 73, "N_inlier": 69, "refit": true}
{"timestamp": "19:00:21.329614", "frame": 71, "mu": [0.37291483918832374, 3.3116996765595994, 1.0689285306910292], "Sigma": [[0.02040826426647245, 0.0013496523783474964, -0.006068411376119458], [0.0013496523783474964, 0.007276940237842477, -0.004595346748511646], [-0.006068411376119458, -0.004595346748511646, 0.022430340379562725]], "chi2_level": 0.99, "chi2_df": 3, "chi2_threshold": 11.344866730144373, "N_raw": 63, "N_roi": 63, "N_inlier": 60, "refit": true}
{"timestamp": "19:00:21.385937", "frame": 72, "mu": [0.4050301652761602, 3.3027765964454763, 0.8917551808095602], "Sigma": [[0.019340772185004657, -0.00340595377816442, -0.022135930880258427], [-0.00340595377816442, 0.006571365002265728, -0.015783565094091557], [-0.022135930880258427, -0.015783565094091557, 0.14163498219573603]], "chi2_level": 0.99, "chi2_df": 3, "chi2_threshold": 11.344866730144373, "N_raw": 76, "N_roi": 76, "N_inlier": 76, "refit": true}
{"timestamp": "19:00:21.442490", "frame": 73, "mu": [0.4097625308235963, 3.3678242083317267, 0.15050797204904492], "Sigma": [[0.027905941420140797, -0.0016305208782759774, 0.023718119324230815], [-0.0016305208782759777, 0.008177704568086258, -0.01373294597165523], [0.02371811932423082, -0.01373294597165523, 0.11301920106598995]], "chi2_level": 0.99, "chi2_df": 3, "chi2_threshold": 11.344866730144373, "N_raw": 86, "N_roi": 86, "N_inlier": 83, "refit": true}
{"timestamp": "19:00:21.496781", "frame": 74, "mu": [0.4813690358094958, 3.240403032806124, 1.048671427536943], "Sigma": [[0.023305790221294156, -0.0032364939087710615, -0.011283018944916831], [-0.0032364939087710615, 0.005866720099180185, -0.002754422050718996], [-0.011283018944916831, -0.002754422050718996, 0.01412378861399661]], "chi2_level": 0.99, "chi2_df": 3, "chi2_threshold": 11.344866730144373, "N_raw": 82, "N_roi": 82, "N_inlier": 78, "refit": true}
{"timestamp": "19:00:21.547470", "frame": 75, "mu": [0.5641404705942407, 3.21961056627307, 1.0221038516557264], "Sigma": [[0.04977999925391445, 0.011092973495089503, -0.015859967121794126], [0.011092973495089503, 0.004728142908441447, -0.004882630347222481], [-0.015859967121794126, -0.004882630347222481, 0.010736052369722941]], "chi2_level": 0.99, "chi2_df": 3, "chi2_threshold": 11.344866730144373, "N_raw": 47, "N_roi": 47, "N_inlier": 43, "refit": true}
{"timestamp": "19:00:21.604342", "frame": 76, "mu": [0.5929000512994055, 3.2120376651616507, 1.1666897260471378], "Sigma": [[0.021375529173926437, -0.00077009984471541, -0.006384347743350298], [-0.00077009984471541, 0.001486626620397423, -0.004206981419185081], [-0.006384347743350299, -0.004206981419185081, 0.023347325613881413]], "chi2_level": 0.99, "chi2_df": 3, "chi2_threshold": 11.344866730144373, "N_raw": 62, "N_roi": 58, "N_inlier": 55, "refit": true}
{"timestamp": "19:00:21.665338", "frame": 77, "mu": [0.7684998735651184, 3.157569583016107, 0.9789338034806477], "Sigma": [[0.04681894193410743, 0.005985788920355176, -0.008222218684936843], [0.005985788920355176, 0.007396472107228531, -0.004037531701176429], [-0.008222218684936843, -0.004037531701176429, 0.005805049912770967]], "chi2_level": 0.99, "chi2_df": 3, "chi2_threshold": 11.344866730144373, "N_raw": 106, "N_roi": 103, "N_inlier": 102, "refit": true}
{"timestamp": "19:00:21.713102", "frame": 78, "mu": [0.6710566466033988, 3.054120051505253, 1.092082757811121], "Sigma": [[0.014425955920591406, 0.0012801345562092484, 0.004152451357526963], [0.0012801345562092484, 0.003197969383683083, -0.0035392633549446726], [0.004152451357526963, -0.0035392633549446726, 0.008562118596314817]], "chi2_level": 0.99, "chi2_df": 3, "chi2_threshold": 11.344866730144373, "N_raw": 56, "N_roi": 53, "N_inlier": 52, "refit": true}
{"timestamp": "19:00:21.771534", "frame": 79, "mu": [0.7610474740094633, 3.0010512643267035, 0.9933825442779842], "Sigma": [[0.039268052824241784, 0.008700666529924272, -0.010495260961676408], [0.008700666529924272, 0.006301435333106029, -0.0039554966851496395], [-0.010495260961676408, -0.0039554966851496395, 0.021918761996452676]], "chi2_level": 0.99, "chi2_df": 3, "chi2_threshold": 11.344866730144373, "N_raw": 79, "N_roi": 76, "N_inlier": 75, "refit": true}
{"timestamp": "19:00:21.827682", "frame": 80, "mu": [0.7192565983984578, 2.9207185871826726, 1.04457509116012], "Sigma": [[0.019025890091613526, -0.0024415878575102883, -0.005483943060497062], [-0.0024415878575102883, 0.004467955650169927, -0.004148928845540946], [-0.005483943060497063, -0.004148928845540946, 0.009653453403329492]], "chi2_level": 0.99, "chi2_df": 3, "chi2_threshold": 11.344866730144373, "N_raw": 80, "N_roi": 80, "N_inlier": 74, "refit": true}
{"timestamp": "19:00:21.880105", "frame": 81, "mu": [0.7256873662915431, 2.8870688286876405, -0.7767002301258883], "Sigma": [[0.016538200183566422, 0.008554056059100711, 0.035432399390511286], [0.008554056059100711, 0.009389644439219474, 0.02381228022869257], [0.035432399390511286, 0.02381228022869257, 0.1507444294078589]], "chi2_level": 0.99, "chi2_df": 3, "chi2_threshold": 11.344866730144373, "N_raw": 68, "N_roi": 65, "N_inlier": 65, "refit": true}
{"timestamp": "19:00:21.932418", "frame": 82, "mu": [0.771696115846255, 2.817486949958973, 1.0816776503630474], "Sigma": [[0.013526171368088953, -0.0013845723513790762, -0.0016908780855408498], [-0.0013845723513790762, 0.0031217407728031926, -0.0028176455994594614], [-0.0016908780855408498, -0.0028176455994594614, 0.006352435120353764]], "chi2_level": 0.99, "chi2_df": 3, "chi2_threshold": 11.344866730144373, "N_raw": 54, "N_roi": 54, "N_inlier": 54, "refit": true}
{"timestamp": "19:00:21.989062", "frame": 83, "mu": [0.8203082793096291, 2.875884019620103, -0.2722017727599565], "Sigma": [[0.016237395518736628, -0.0030351148745614088, -0.004971436952291653], [-0.0030351148745614083, 0.006030484096582952, -0.00022271508609801412], [-0.004971436952291653, -0.00022271508609801412, 0.002853471339022231]], "chi2_level": 0.99, "chi2_df": 3, "chi2_threshold": 11.344866730144373, "N_raw": 60, "N_roi": 60, "N_inlier": 58, "refit": true}
{"timestamp": "19:00:22.044846", "frame": 84, "mu": [0.8785660933960711, 2.7476547086046694, 1.1252384719834454], "Sigma": [[0.014249410810416365, -0.0037507303868592017, -0.005710487479160947], [-0.003750730386859202, 0.011509540292217976, 0.0056369068931723535], [-0.005710487479160948, 0.0056369068931723535, 0.005268438773174808]], "chi2_level": 0.99, "chi2_df": 3, "chi2_threshold": 11.344866730144373, "N_raw": 69, "N_roi": 67, "N_inlier": 62, "refit": true}
{"timestamp": "19:00:22.099908", "frame": 85, "mu": [0.8768452330687018, 2.834628699175609, -0.17672251570303477], "Sigma": [[0.01464580748336381, -0.004951402833096237, -0.006538426563803367], [-0.004951402833096237, 0.009748497200234048, 0.004567925747695169], [-0.006538426563803367, 0.004567925747695168, 0.00698885695112066]], "chi2_level": 0.99, "chi2_df": 3, "chi2_threshold": 11.344866730144373, "N_raw": 69, "N_roi": 69, "N_inlier": 66, "refit": true}
{"timestamp": "19:00:22.154792", "frame": 86, "mu": [0.9365065262459704, 2.7684258134958686, 1.24020355099633], "Sigma": [[0.014956685173224094, -0.008432393186569107, -0.014101242279507504], [-0.008432393186569107, 0.008899606120093823, 0.002559401833919726], [-0.014101242279507504, 0.002559401833919726, 0.05035203430464955]], "chi2_level": 0.99, "chi2_df": 3, "chi2_threshold": 11.344866730144373, "N_raw": 71, "N_roi": 71, "N_inlier": 67, "refit": true}
{"timestamp": "19:00:22.211538", "frame": 87, "mu": [0.9866457388527173, 2.646805037477701, 1.2441326380989055], "Sigma": [[0.01223835742430693, -0.0089357303955107, -0.017062567330681115], [-0.0089357303955107, 0.026101156135910148, 0.031209283363067518], [-0.017062567330681115, 0.031209283363067518, 0.05520563997736225]], "chi2_level": 0.99, "chi2_df": 3, "chi2_threshold": 11.344866730144373, "N_raw": 71, "N_roi": 71, "N_inlier": 67, "refit": true}
{"timestamp": "19:00:22.264354", "frame": 88, "mu": [1.0190380790211773, 2.647907467248574, -0.4130873953328629], "Sigma": [[0.013771851593251613, 0.0007006204037502415, 0.02174896923852726], [0.0007006204037502414, 0.0059272381079443414, 0.006729088683265676], [0.02174896923852726, 0.006729088683265676, 0.07991328838628275]], "chi2_level": 0.99, "chi2_df": 3, "chi2_threshold": 11.344866730144373, "N_raw": 59, "N_roi": 59, "N_inlier": 56, "refit": true}
{"timestamp": "19:00:22.319418", "frame": 89, "mu": [1.036456360414245, 2.6706342010927453, -0.04417477783539048], "Sigma": [[0.013747204171582926, -0.003273766758619583, -0.01757253160179579], [-0.003273766758619582, 0.005768524610879897, 0.006662343934743275], [-0.01757253160179579, 0.006662343934743275, 0.04633422753620248]], "chi2_level": 0.99, "chi2_df": 3, "chi2_threshold": 11.344866730144373, "N_raw": 63, "N_roi": 62, "N_inlier": 59, "refit": true}
{"timestamp": "19:00:22.376196", "frame": 90, "mu": [1.0880462164470246, 2.5717318246937686, 1.2385427963042885], "Sigma": [[0.013862929375669669, -0.005457575514412287, -0.00814008859963286], [-0.005457575514412287, 0.0092560858286999, 0.0014242400296369923], [-0.008140088599632861, 0.0014242400296369919, 0.020348924463510956]], "chi2_level": 0.99, "chi2_df": 3, "chi2_threshold": 11.344866730144373, "N_raw": 77, "N_roi": 74, "N_inlier": 71, "refit": true}
{"timestamp": "19:00:22.430281", "frame": 91, "mu": [1.1460996083892259, 2.5191164399869796, 1.2383756928919503], "Sigma": [[0.015062721016459462, -0.0030920609206900092, -0.0010019721892377755], [-0.0030920609206900092, 0.00859954065396727, 0.0053372796749674946], [-0.0010019721892377755, 0.005337279674967494, 0.00533402377388338]], "chi2_level": 0.99, "chi2_df": 3, "chi2_threshold": 11.344866730144373, "N_raw": 65, "N_roi": 59, "N_inlier": 56, "refit": true}
{"timestamp": "19:00:22.485260", "frame": 92, "mu": [1.184268742678265, 2.513605923057433, 1.2424467950428042], "Sigma": [[0.01520559396497156, -0.007511290945177869, -0.015461080382768708], [-0.007511290945177869, 0.008876095970554146, 0.004859535357476324], [-0.015461080382768704, 0.004859535357476324, 0.022765403448608022]], "chi2_level": 0.99, "chi2_df": 3, "chi2_threshold": 11.344866730144373, "N_raw": 69, "N_roi": 69, "N_inlier": 67, "refit": true}
{"timestamp": "19:00:22.540973", "frame": 93, "mu": [1.2027479160110441, 2.513820879814385, 1.288050226517965], "Sigma": [[0.014882483629490824, -0.00771779161321654, -0.01491524815495286], [-0.007717791613216541, 0.008070741259758539, 0.0067783703412892336], [-0.01491524815495286, 0.006778370341289234, 0.04885398669569967]], "chi2_level": 0.99, "chi2_df": 3, "chi2_threshold": 11.344866730144373, "N_raw": 67, "N_roi": 67, "N_inlier": 67, "refit": true}
{"timestamp": "19:00:22.596035", "frame": 94, "mu": [1.2186424468001873, 2.558273968839625, -0.06790631332353883], "Sigma": [[0.015157125936465808, -0.004081959337757664, 0.011604173117990004], [-0.004081959337757664, 0.014766406871396626, -0.035443460637982316], [0.011604173117990004, -0.035443460637982316, 0.1839207751552635]], "chi2_level": 0.99, "chi2_df": 3, "chi2_threshold": 11.344866730144373, "N_raw": 76, "N_roi": 76, "N_inlier": 75, "refit": true}
{"timestamp": "19:00:22.649020", "frame": 95, "mu": [1.2238000628825092, 2.3881613403993467, -0.7890546368979559], "Sigma": [[0.017141836590218562, 6.238883081287648e-05, 0.023712841201008843], [6.238883081287648e-05, 0.004341719538678071, 0.004440608072980866], [0.023712841201008843, 0.004440608072980865, 0.09400739916765787]], "chi2_level": 0.99, "chi2_df": 3, "chi2_threshold": 11.344866730144373, "N_raw": 64, "N_roi": 63, "N_inlier": 62, "refit": true}
{"timestamp": "19:00:22.704637", "frame": 96, "mu": [1.2457176378492811, 2.4890912411377464, -0.2642801150111604], "Sigma": [[0.01598307959308826, -0.0058553158118651435, -0.009281807146728742], [-0.005855315811865144, 0.007951104971809201, -0.0005630503638512852], [-0.00928180714672874, -0.0005630503638512851, 0.009027452757302915]], "chi2_level": 0.99, "chi2_df": 3, "chi2_threshold": 11.344866730144373, "N_raw": 68, "N_roi": 67, "N_inlier": 64, "refit": true}
{"timestamp": "19:00:22.761661", "frame": 97, "mu": [1.2886704649197105, 2.4227256339945225, -0.3655058374329172], "Sigma": [[0.01800137191640988, 0.001349422939203944, 0.020960988740972693], [0.001349422939203944, 0.0061895609726910095, 0.000569666082998364], [0.020960988740972696, 0.0005696660829983644, 0.06891460569553995]], "chi2_level": 0.99, "chi2_df": 3, "chi2_threshold": 11.344866730144373, "N_raw": 76, "N_roi": 75, "N_inlier": 72, "refit": true}
{"timestamp": "19:00:22.810444", "frame": 98, "mu": [1.2825222933977132, 2.2209158841896923, 1.075698080515509], "Sigma": [[0.00796932249097906, -0.004423640206377789, -0.0013255026948534676], [-0.004423640206377789, 0.0044055447200867645, -0.0022624953006275005], [-0.0013255026948534676, -0.0022624953006275, 0.005983487893741818]], "chi2_level": 0.99, "chi2_df": 3, "chi2_threshold": 11.344866730144373, "N_raw": 38, "N_roi": 38, "N_inlier": 37, "refit": true}
{"timestamp": "19:00:22.866227", "frame": 99, "mu": [1.2707665197038476, 2.2405929401951346, 1.1340984696035386], "Sigma": [[0.009336392207612511, -0.00456219394295939, 0.0004624716817434105], [-0.00456219394295939, 0.0036327553414340573, -0.003280684427115284], [0.0004624716817434105, -0.003280684427115284, 0.010503433491395564]], "chi2_level": 0.99, "chi2_df": 3, "chi2_threshold": 11.344866730144373, "N_raw": 40, "N_roi": 40, "N_inlier": 40, "refit": true}
{"timestamp": "19:00:23.060672", "frame": 100, "mu": [1.398834040978748, 2.195644792624688, 1.0588600849473642], "Sigma": [[0.014970352106093881, -0.008911536097586562, -0.00859198832341738], [-0.008911536097586562, 0.009710793170148576, 0.0008972838400674203], [-0.00859198832341738, 0.0008972838400674203, 0.030385981006120163]], "chi2_level": 0.99, "chi2_df": 3, "chi2_threshold": 11.344866730144373, "N_raw": 73, "N_roi": 73, "N_inlier": 73, "refit": true}
{"timestamp": "19:00:23.065370", "frame": 101, "mu": [1.3227798822062737, 2.337704307238261, -0.31304924006017104], "Sigma": [[0.007214520105616841, -0.0021149344862614553, -0.007873790309312187], [-0.0021149344862614553, 0.00326447267322023, -0.0026735885623730485], [-0.007873790309312187, -0.002673588562373049, 0.0206520416192674]], "chi2_level": 0.99, "chi2_df": 3, "chi2_threshold": 11.344866730144373, "N_raw": 36, "N_roi": 34, "N_inlier": 33, "refit": true}
