{"timestamp": "18:50:10.315633", "frame": 1, "mu": [1.1455704434373806, 2.9189833186035945, 1.1515019671574225], "Sigma": [[0.015199672970108548, -0.004007586263058704, -0.004377839962566067], [-0.004007586263058704, 0.003695142685408628, -0.008988515725237472], [-0.004377839962566068, -0.008988515725237472, 0.0536130435516201]], "chi2_level": 0.99, "chi2_df": 3, "chi2_threshold": 11.344866730144373, "N_raw": 76, "N_roi": 76, "N_inlier": 76, "refit": true}
{"timestamp": "18:50:10.368935", "frame": 2, "mu": [1.1934171917167564, 2.8712129728233453, 1.1553307346491408], "Sigma": [[0.013626538534326918, -0.0023857847937802995, 0.005854575939901029], [-0.0023857847937802986, 0.002496184472410759, -0.0036785675488475705], [0.005854575939901029, -0.0036785675488475705, 0.013656144090578312]], "chi2_level": 0.99, "chi2_df": 3, "chi2_threshold": 11.344866730144373, "N_raw": 43, "N_roi": 43, "N_inlier": 41, "refit": true}
{"timestamp": "18:50:10.425576", "frame": 3, "mu": [1.2529634398927494, 2.8446126398955003, 1.028156467763821], "Sigma": [[0.03325651261171137, -0.0032736353351348908, -0.0031708220479436024], [-0.0032736353351348908, 0.0027234578682858368, -0.0022609815199090043], [-0.0031708220479436024, -0.0022609815199090043, 0.010290953665611615]], "chi2_level": 0.99, "chi2_df": 3, "chi2_threshold": 11.344866730144373, "N_raw": 54, "N_roi": 54, "N_inlier": 54, "refit": true}
{"timestamp": "18:50:10.476205", "frame": 4, "mu": [1.3731014704691542, 3.0365143322490176, -0.29006747673516864], "Sigma": [[0.017131547973476876, -0.0003348510417615783, -0.009897075499628314], [-0.0003348510417615782, 0.0039224684936504115, -0.003509202827423124], [-0.009897075499628314, -0.003509202827423124, 0.010934810927153205]], "chi2_level": 0.99, "chi2_df": 3, "chi2_threshold": 11.344866730144373, "N_raw": 28, "N_roi": 28, "N_inlier": 27, "refit": true}
{"timestamp": "18:50:10.530643", "frame": 5, "mu": [1.038233899035205, 2.8299205960268545, 0.9524396035000059], "Sigma": [[0.009522730282482595, -0.0008965609520460911, -0.003106010925510525], [-0.0008965609520460911, 0.0021944177791263925, -0.000510732394648765], [-0.003106010925510525, -0.000510732394648765, 0.0024750852652344873]], "chi2_level": 0.99, "chi2_df": 3, "chi2_threshold": 11.344866730144373, "N_raw": 18, "N_roi": 18, "N_inlier": 16, "refit": true}
{"timestamp": "18:50:10.593238", "frame": 6, "mu": [1.1693820505457961, 2.8685406575585497, 1.0955974817845153], "Sigma": [[0.0192623267618999, -0.003203239968570564, -0.004109588603871667], [-0.003203239968570564, 0.0039463248573320025, -0.004517705519555619], [-0.004109588603871667, -0.004517705519555619, 0.013175353446871754]], "chi2_level": 0.99, "chi2_df": 3, "chi2_threshold": 11.344866730144373, "N_raw": 68, "N_roi": 68, "N_inlier": 66, "refit": true}
{"timestamp": "18:50:10.648908", "frame": 7, "mu": [1.1458205288194252, 2.8464602018953307, 1.1480641374601637], "Sigma": [[0.015262155487912115, -0.0005779456639267792, -0.00044330815983629373], [-0.0005779456639267794, 0.0052266555484486, -0.008453479629301028], [-0.00044330815983629384, -0.008453479629301028, 0.030179294410796507]], "chi2_level": 0.99, "chi2_df": 3, "chi2_threshold": 11.344866730144373, "N_raw": 76, "N_roi": 76, "N_inlier": 76, "refit": true}
{"timestamp": "18:50:10.705498", "frame": 8, "mu": [1.1643050119218283, 2.939335497155044, -0.37051578637013727], "Sigma": [[0.02401406858608442, 0.0038478766217595064, 0.01668032411105563], [0.0038478766217595064, 0.008182769898102711, -0.003370304249990488], [0.01668032411105563, -0.003370304249990488, 0.08354813932244368]], "chi2_level": 0.99, "chi2_df": 3, "chi2_threshold": 11.344866730144373, "N_raw": 87, "N_roi": 87, "N_inlier": 87, "refit": true}
{"timestamp": "18:50:10.762925", "frame": 9, "mu": [1.1838932476866524, 2.776608408493989, 0.9857936112242366], "Sigma": [[0.03127052306891331, -0.003156581700972075, -0.018673866393706596], [-0.003156581700972075, 0.0069560925513061965, -0.004211486974752212], [-0.018673866393706596, -0.004211486974752212, 0.02597771909126019]], "chi2_level": 0.99, "chi2_df": 3, "chi2_threshold": 11.344866730144373, "N_raw": 106, "N_roi": 106, "N_inlier": 103, "refit": true}
{"timestamp": "18:50:10.811042", "frame": 10, "mu": [1.1479613093633332, 2.746983973986597, 1.1184198947003807], "Sigma": [[0.02592921982060465, -0.005733323743857717, -0.0244623298692402], [-0.005733323743857717, 0.0037844799277989834, -3.367738162136458e-05], [-0.0244623298692402, -3.367738162136436e-05, 0.03924139963003245]], "chi2_level": 0.99, "chi2_df": 3, "chi2_threshold": 11.344866730144373, "N_raw": 58, "N_roi": 58, "N_inlier": 58, "refit": true}
{"timestamp": "18:50:10.869818", "frame": 11, "mu": [1.2227712759485034, 2.786656530115386, -0.27619232050086495], "Sigma": [[0.026214465790504703, 0.0016348091271766844, 0.07691997433420726], [0.001634809127176684, 0.013747486537578906, -0.015038787986272938], [0.07691997433420728, -0.01503878798627294, 0.34099588975012546]], "chi2_level": 0.99, "chi2_df": 3, "chi2_threshold": 11.344866730144373, "N_raw": 84, "N_roi": 83, "N_inlier": 83, "refit": true}
{"timestamp": "18:50:10.924048", "frame": 12, "mu": [1.1754884424505785, 2.6643225711723906, 0.9422813165885207], "Sigma": [[0.020124169707588766, -0.0038437825328986558, -0.009148242816417108], [-0.0038437825328986558, 0.0034336464092791824, -0.0016627211111839577], [-0.00914824281641711, -0.0016627211111839577, 0.026050168874789868]], "chi2_level": 0.99, "chi2_df": 3, "chi2_threshold": 11.344866730144373, "N_raw": 77, "N_roi": 77, "N_inlier": 75, "refit": true}
{"timestamp": "18:50:10.975343", "frame": 13, "mu": [1.1184956187083333, 2.587425614274217, 0.8792091755837927], "Sigma": [[0.0311036100693631, -0.0033522323054535805, -0.01396470359175303], [-0.003352232305453581, 0.002436158491820578, -0.0025950248694487053], [-0.01396470359175303, -0.0025950248694487053, 0.023532721550228453]], "chi2_level": 0.99, "chi2_df": 3, "chi2_threshold": 11.344866730144373, "N_raw": 57, "N_roi": 57, "N_inlier": 56, "refit": true}
{"timestamp": "18:50:11.034551", "frame": 14, "mu": [1.2576344246814817, 2.5427349277117757, 1.0730053762626452], "Sigma": [[0.02350739570645735, -0.005202380562149118, -0.011754629723037948], [-0.005202380562149118, 0.003015232126567078, -0.002413703116262585], [-0.011754629723037948, -0.0024137031162625847, 0.03829963570500801]], "chi2_level": 0.99, "chi2_df": 3, "chi2_threshold": 11.344866730144373, "N_raw": 83, "N_roi": 83, "N_inlier": 83, "refit": true}
{"timestamp": "18:50:11.086622", "frame": 15, "mu": [1.1247562430232376, 2.5138064990989664, 0.9771334083554328], "Sigma": [[0.014864321612918485, -0.0014774013772230069, 0.006045275735867963], [-0.0014774013772230069, 0.0023882467056341398, -0.003904513390837355], [0.006045275735867963, -0.003904513390837355, 0.013055980559371287]], "chi2_level": 0.99, "chi2_df": 3, "chi2_threshold": 11.344866730144373, "N_raw": 60, "N_roi": 60, "N_inlier": 56, "refit": true}
{"timestamp": "18:50:11.140114", "frame": 16, "mu": [1.1889663415268845, 2.444390962698111, 1.2125434420068348], "Sigma": [[0.006389512282546561, -0.0025779007833429393, 0.0011450796747407388], [-0.0025779007833429393, 0.002426830819751736, -0.0063215344422722355], [0.0011450796747407394, -0.0063215344422722355, 0.05722386098453213]], "chi2_level": 0.99, "chi2_df": 3, "chi2_threshold": 11.344866730144373, "N_raw": 46, "N_roi": 46, "N_inlier": 41, "refit": true}
{"timestamp": "18:50:11.201241", "frame": 17, "mu": [1.2581454246236659, 2.408300213289335, 1.0510447840189523], "Sigma": [[0.020771805080794813, -0.0057850531716403045, -0.02049050058888602], [-0.0057850531716403045, 0.0033585920549918857, 0.0008278820637434474], [-0.02049050058888602, 0.0008278820637434474, 0.04564221120416446]], "chi2_level": 0.99, "chi2_df": 3, "chi2_threshold": 11.344866730144373, "N_raw": 87, "N_roi": 87, "N_inlier": 84, "refit": true}
{"timestamp": "18:50:11.246836", "frame": 18, "mu": [1.2317201615333129, 2.383926726042337, 0.8696967223189754], "Sigma": [[0.005168253010768226, 6.728140118478961e-05, -0.018240005040178663], [6.728140118478977e-05, 0.001687561368826377, -0.009817754888416482], [-0.018240005040178663, -0.009817754888416482, 0.1658374060576005]], "chi2_level": 0.99, "chi2_df": 3, "chi2_threshold": 11.344866730144373, "N_raw": 22, "N_roi": 22, "N_inlier": 22, "refit": true}
{"timestamp": "18:50:11.305454", "frame": 19, "mu": [1.1921603477973743, 2.349350837532676, 1.1197708951168979], "Sigma": [[0.014815935139606386, -0.004719214753422135, 0.002281110788572637], [-0.004719214753422135, 0.002891086577252793, -0.00334842473266897], [0.0022811107885726367, -0.00334842473266897, 0.01450796892396522]], "chi2_level": 0.99, "chi2_df": 3, "chi2_threshold": 11.344866730144373, "N_raw": 52, "N_roi": 52, "N_inlier": 49, "refit": true}
{"timestamp": "18:50:11.363905", "frame": 20, "mu": [1.1846466718891293, 2.2814986509877277, 0.984236296973586], "Sigma": [[0.014736613548941324, -0.004305429115135708, -0.0029727210401157447], [-0.004305429115135708, 0.0021204959058514663, -5.801752703744531e-05], [-0.0029727210401157443, -5.801752703744553e-05, 0.04648314501117819]], "chi2_level": 0.99, "chi2_df": 3, "chi2_threshold": 11.344866730144373, "N_raw": 78, "N_roi": 78, "N_inlier": 73, "refit": true}
{"timestamp": "18:50:11.423057", "frame": 21, "mu": [1.14168786234477, 2.240841175709768, 1.038155261674858], "Sigma": [[0.01667481334319668, -0.005932276518009676, 0.006117852210380137], [-0.005932276518009677, 0.0040037860475103685, -0.003778047471789687], [0.006117852210380137, -0.003778047471789687, 0.05993197251674198]], "chi2_level": 0.99, "chi2_df": 3, "chi2_threshold": 11.344866730144373, "N_raw": 94, "N_roi": 94, "N_inlier": 92, "refit": true}
{"timestamp": "18:50:11.479142", "frame": 22, "mu": [1.1777028433086763, 2.203134139134218, 1.0808300355882385], "Sigma": [[0.018102785298058564, -0.006192185830378514, 0.00654551296129989], [-0.006192185830378514, 0.0053760121182045454, -0.007715721274239717], [0.006545512961299891, -0.007715721274239718, 0.035841904864170875]], "chi2_level": 0.99, "chi2_df": 3, "chi2_threshold": 11.344866730144373, "N_raw": 101, "N_roi": 101, "N_inlier": 96, "refit": true}
{"timestamp": "18:50:11.531519", "frame": 23, "mu": [1.1577181857496854, 2.1575399561798045, 1.1440586436703155], "Sigma": [[0.016530826227289245, -0.0068885176949870916, 0.004814725627256339], [-0.0068885176949870916, 0.006339476411187644, -0.005403412806728964], [0.004814725627256339, -0.005403412806728965, 0.03801769201417461]], "chi2_level": 0.99, "chi2_df": 3, "chi2_threshold": 11.344866730144373, "N_raw": 91, "N_roi": 91, "N_inlier": 87, "refit": true}
{"timestamp": "18:50:11.583962", "frame": 24, "mu": [1.2102783969151714, 2.056568561611991, 1.166691543631603], "Sigma": [[0.019915505876159652, -0.00948415258419641, -0.012164520874320487], [-0.00948415258419641, 0.007820756235470305, 0.0020713171364487868], [-0.012164520874320489, 0.0020713171364487868, 0.018764488598113502]], "chi2_level": 0.99, "chi2_df": 3, "chi2_threshold": 11.344866730144373, "N_raw": 83, "N_roi": 83, "N_inlier": 81, "refit": true}
{"timestamp": "18:50:11.644546", "frame": 25, "mu": [1.1943120503999778, 1.9559494163205826, 0.996516445799865], "Sigma": [[0.02340566493118215, -0.016138071344491967, -0.016600862692618477], [-0.016138071344491967, 0.014286438109593019, 0.00881690011690549], [-0.016600862692618477, 0.00881690011690549, 0.062053188101075574]], "chi2_level": 0.99, "chi2_df": 3, "chi2_threshold": 11.344866730144373, "N_raw": 112, "N_roi": 111, "N_inlier": 107, "refit": true}
{"timestamp": "18:50:11.693632", "frame": 26, "mu": [1.1092686000652754, 1.9562480862252805, 1.057102096364931], "Sigma": [[0.01186161504678043, -0.008497890201097648, -0.004794743427128965], [-0.008497890201097648, 0.007392565643992052, -5.010311018734635e-05], [-0.004794743427128965, -5.010311018734635e-05, 0.026742526268677985]], "chi2_level": 0.99, "chi2_df": 3, "chi2_threshold": 11.344866730144373, "N_raw": 70, "N_roi": 70, "N_inlier": 68, "refit": true}
{"timestamp": "18:50:11.748737", "frame": 27, "mu": [1.1409690464226898, 1.8723175182597154, 1.1347923917925118], "Sigma": [[0.015557187562728494, -0.006629002225778209, -0.007892099588474014], [-0.006629002225778208, 0.007366056447456478, 0.00011418083961147325], [-0.007892099588474014, 0.00011418083961147325, 0.009177400525328611]], "chi2_level": 0.99, "chi2_df": 3, "chi2_threshold": 11.344866730144373, "N_raw": 75, "N_roi": 75, "N_inlier": 72, "refit": true}
{"timestamp": "18:50:11.805296", "frame": 28, "mu": [1.072955475067833, 1.8498301609759809, 1.2437172087751425], "Sigma": [[0.02003733307723067, -0.009297615488526995, -0.01965666682110743], [-0.009297615488526994, 0.007022794924619056, 0.005608440832883033], [-0.01965666682110743, 0.005608440832883033, 0.029135308431784107]], "chi2_level": 0.99, "chi2_df": 3, "chi2_threshold": 11.344866730144373, "N_raw": 85, "N_roi": 85, "N_inlier": 81, "refit": true}
{"timestamp": "18:50:11.867768", "frame": 29, "mu": [1.0663661000266742, 1.7821866037890002, 1.0748225864942111], "Sigma": [[0.02158916583300219, -0.010074600982941925, -0.024208684819161212], [-0.010074600982941925, 0.006140429644815094, 0.006520393188862926], [-0.024208684819161212, 0.006520393188862926, 0.07112372866927913]], "chi2_level": 0.99, "chi2_df": 3, "chi2_threshold": 11.344866730144373, "N_raw": 131, "N_roi": 131, "N_inlier": 126, "refit": true}
{"timestamp": "18:50:11.922781", "frame": 30, "mu": [1.0043659844211035, 1.7582329526658846, 1.0599985193032746], "Sigma": [[0.014901941414005316, -0.006258932669248705, -0.014212751209292605], [-0.006258932669248705, 0.004847743784969686, -0.0017675205558370442], [-0.014212751209292605, -0.0017675205558370438, 0.0645801812152149]], "chi2_level": 0.99, "chi2_df": 3, "chi2_threshold": 11.344866730144373, "N_raw": 127, "N_roi": 127, "N_inlier": 121, "refit": true}
{"timestamp": "18:50:11.969208", "frame": 31, "mu": [0.9614052428969768, 1.7247770115970102, 1.2024499921801288], "Sigma": [[0.010348969106884268, -0.0025605571079022563, -0.006452492605401051], [-0.0025605571079022563, 0.0018687113761475433, -0.001492289846205775], [-0.006452492605401051, -0.001492289846205775, 0.01866005749785755]], "chi2_level": 0.99, "chi2_df": 3, "chi2_threshold": 11.344866730144373, "N_raw": 71, "N_roi": 71, "N_inlier": 65, "refit": true}
{"timestamp": "18:50:12.025456", "frame": 32, "mu": [0.9332521568463973, 1.6934327312817488, 1.177424180651621], "Sigma": [[0.012168626732842398, -0.005247691503518097, -0.012756024435240196], [-0.0052476915035180975, 0.004280610761173428, 0.0011124243029739123], [-0.012756024435240196, 0.0011124243029739123, 0.03156338274990294]], "chi2_level": 0.99, "chi2_df": 3, "chi2_threshold": 11.344866730144373, "N_raw": 86, "N_roi": 86, "N_inlier": 83, "refit": true}
{"timestamp": "18:50:12.079739", "frame": 33, "mu": [0.8282165352904872, 1.7101567163737408, 1.324503422948895], "Sigma": [[0.011722942451540005, -0.004990960883955977, -0.005797778583114032], [-0.004990960883955977, 0.005583155631317693, -0.003008794359603526], [-0.005797778583114031, -0.0030087943596035253, 0.021060251259898844]], "chi2_level": 0.99, "chi2_df": 3, "chi2_threshold": 11.344866730144373, "N_raw": 84, "N_roi": 82, "N_inlier": 79, "refit": true}
{"timestamp": "18:50:12.137310", "frame": 34, "mu": [0.819921189862179, 1.6344057942855765, 1.2401247300405436], "Sigma": [[0.010093759307806977, -0.004040344480819573, -0.016980896834418453], [-0.004040344480819573, 0.00460901469204657, 0.007714611395030082], [-0.016980896834418453, 0.007714611395030083, 0.06765182513097011]], "chi2_level": 0.99, "chi2_df": 3, "chi2_threshold": 11.344866730144373, "N_raw": 97, "N_roi": 97, "N_inlier": 91, "refit": true}
{"timestamp": "18:50:12.191144", "frame": 35, "mu": [0.7432554952115271, 1.621095239733002, 1.2333974123163043], "Sigma": [[0.006287789812116417, -0.0017883290831270898, -0.005658313586020043], [-0.0017883290831270898, 0.0032850977502907755, -0.00013686939385849375], [-0.005658313586020045, -0.00013686939385849385, 0.06000102194919647]], "chi2_level": 0.99, "chi2_df": 3, "chi2_threshold": 11.344866730144373, "N_raw": 92, "N_roi": 92, "N_inlier": 87, "refit": true}
{"timestamp": "18:50:12.245477", "frame": 36, "mu": [0.7115619594786782, 1.7077860597949424, -0.15133498602815806], "Sigma": [[0.006837517728252467, -0.0035143036775722065, 0.013584433533008818], [-0.0035143036775722065, 0.013100936495131532, -0.05190289435779212], [0.013584433533008821, -0.05190289435779212, 0.36059907710785805]], "chi2_level": 0.99, "chi2_df": 3, "chi2_threshold": 11.344866730144373, "N_raw": 82, "N_roi": 82, "N_inlier": 80, "refit": true}
{"timestamp": "18:50:12.299577", "frame": 37, "mu": [0.6873500177353421, 1.5337648944678566, 1.22008648362797], "Sigma": [[0.005436066937435373, -0.0029870064232068927, -0.011854672715374335], [-0.0029870064232068927, 0.005032128600200958, -0.0022221599703853593], [-0.011854672715374333, -0.0022221599703853593, 0.07047155843182606]], "chi2_level": 0.99, "chi2_df": 3, "chi2_threshold": 11.344866730144373, "N_raw": 74, "N_roi": 74, "N_inlier": 70, "refit": true}
{"timestamp": "18:50:12.356527", "frame": 38, "mu": [0.6141716510687875, 1.514092443486848, 1.2544950077931574], "Sigma": [[0.007181536900716307, -0.0036850029574651776, -0.015334516012762953], [-0.0036850029574651776, 0.004565004542313601, 0.005374450390274389], [-0.015334516012762955, 0.0053744503902743886, 0.053895780475680645]], "chi2_level": 0.99, "chi2_df": 3, "chi2_threshold": 11.344866730144373, "N_raw": 85, "N_roi": 85, "N_inlier": 79, "refit": true}
{"timestamp": "18:50:12.413707", "frame": 39, "mu": [0.592095733704678, 1.4325194991019696, 1.1872340177990177], "Sigma": [[0.006366494237755367, -0.003270061036381699, -0.007196185368971846], [-0.003270061036381699, 0.004315446166245179, 0.005248379343776074], [-0.007196185368971846, 0.0052483793437760745, 0.06710111464876486]], "chi2_level": 0.99, "chi2_df": 3, "chi2_threshold": 11.344866730144373, "N_raw": 103, "N_roi": 103, "N_inlier": 97, "refit": true}
{"timestamp": "18:50:12.466299", "frame": 40, "mu": [0.5356819729890188, 1.4536338696834399, 1.3264136037542769], "Sigma": [[0.006460365475253739, -0.00360663576614616, -0.01019780793649669], [-0.00360663576614616, 0.004823184790962853, 0.003817164596023265], [-0.01019780793649669, 0.003817164596023265, 0.03428089555126988]], "chi2_level": 0.99, "chi2_df": 3, "chi2_threshold": 11.344866730144373, "N_raw": 80, "N_roi": 80, "N_inlier": 75, "refit": true}
{"timestamp": "18:50:12.523563", "frame": 41, "mu": [0.5006207749838668, 1.3677462855302385, 1.047334230890597], "Sigma": [[0.00829098427000885, -0.010215292197655775, -0.0019238972693551635], [-0.010215292197655775, 0.01905023643438255, 0.003255238144977874], [-0.0019238972693551638, 0.0032552381449778736, 0.08429208054104337]], "chi2_level": 0.99, "chi2_df": 3, "chi2_threshold": 11.344866730144373, "N_raw": 106, "N_roi": 106, "N_inlier": 103, "refit": true}
{"timestamp": "18:50:12.574049", "frame": 42, "mu": [0.4507581036073283, 1.2911273685727391, 1.1957337245842825], "Sigma": [[0.006300069192473342, -0.002869813638282715, -0.006359915678190758], [-0.0028698136382827154, 0.005785298750900009, 0.0003225117641227866], [-0.006359915678190756, 0.0003225117641227865, 0.009041299626922296]], "chi2_level": 0.99, "chi2_df": 3, "chi2_threshold": 11.344866730144373, "N_raw": 78, "N_roi": 78, "N_inlier": 74, "refit": true}
{"timestamp": "18:50:12.630574", "frame": 43, "mu": [0.3662746292088896, 1.3584612354391103, 1.3652150184071654], "Sigma": [[0.007835309123278922, -0.00881836069423731, -0.016633567219667227], [-0.00881836069423731, 0.01825633835395904, 0.02202926003064925], [-0.016633567219667227, 0.02202926003064925, 0.04031155162853108]], "chi2_level": 0.99, "chi2_df": 3, "chi2_threshold": 11.344866730144373, "N_raw": 85, "N_roi": 85, "N_inlier": 79, "refit": true}
{"timestamp": "18:50:12.679887", "frame": 44, "mu": [0.2871330736640382, 1.4697058820749684, 1.5348865659876887], "Sigma": [[0.005656899408035647, -0.0022736877458193637, -0.009631760499793467], [-0.0022736877458193645, 0.005234908564718986, 0.005522577240520858], [-0.009631760499793467, 0.005522577240520858, 0.018083672210659492]], "chi2_level": 0.99, "chi2_df": 3, "chi2_threshold": 11.344866730144373, "N_raw": 51, "N_roi": 51, "N_inlier": 48, "refit": true}
{"timestamp": "18:50:12.738243", "frame": 45, "mu": [0.1985453430534645, 1.4173811932561935, 1.5128786078785907], "Sigma": [[0.004126722581759962, -0.0024070051817625614, -0.004324226731806371], [-0.002407005181762561, 0.0084045887154389, 0.003164536686220586], [-0.004324226731806371, 0.003164536686220586, 0.0071971094749202925]], "chi2_level": 0.99, "chi2_df": 3, "chi2_threshold": 11.344866730144373, "N_raw": 72, "N_roi": 72, "N_inlier": 67, "refit": true}
{"timestamp": "18:50:12.791622", "frame": 46, "mu": [0.1024029935356525, 1.4478171512665767, 1.5849525588187805], "Sigma": [[0.004913454754215559, -0.002410194134724959, -0.005082100845803947], [-0.002410194134724959, 0.0052274485774969045, 0.002993187571827897], [-0.005082100845803947, 0.0029931875718278967, 0.00965026996998382]], "chi2_level": 0.99, "chi2_df": 3, "chi2_threshold": 11.344866730144373, "N_raw": 57, "N_roi": 57, "N_inlier": 54, "refit": true}
{"timestamp": "18:50:12.847757", "frame": 47, "mu": [0.11846882478556844, 1.4110298325121382, 1.4911152455087318], "Sigma": [[0.003867094634497299, -0.0038621704118704573, -0.007828617992206802], [-0.0038621704118704573, 0.012941400799477606, 0.010514405956156252], [-0.007828617992206802, 0.010514405956156254, 0.0200585700903883]], "chi2_level": 0.99, "chi2_df": 3, "chi2_threshold": 11.344866730144373, "N_raw": 72, "N_roi": 70, "N_inlier": 68, "refit": true}
{"timestamp": "18:50:12.905708", "frame": 48, "mu": [0.07228159494392283, 1.5126774969142058, -0.27739522225018903], "Sigma": [[0.004693630130949898, -0.00045425856781119273, 0.00677483254197227], [-0.00045425856781119273, 0.007664637561019093, -0.012251723377023776], [0.00677483254197227, -0.012251723377023776, 0.10762246319283436]], "chi2_level": 0.99, "chi2_df": 3, "chi2_threshold": 11.344866730144373, "N_raw": 80, "N_roi": 80, "N_inlier": 75, "refit": true}
{"timestamp": "18:50:12.956062", "frame": 49, "mu": [0.046747051562933274, 1.4459102480977963, 1.3330152818587586], "Sigma": [[0.002982568263629263, -0.00169158398530822, -0.006342440271519572], [-0.00169158398530822, 0.01238875168128725, 0.03430386753812248], [-0.006342440271519572, 0.03430386753812248, 0.11575446900677648]], "chi2_level": 0.99, "chi2_df": 3, "chi2_threshold": 11.344866730144373, "N_raw": 57, "N_roi": 56, "N_inlier": 54, "refit": true}
{"timestamp": "18:50:13.014250", "frame": 50, "mu": [-0.08092855477855727, 1.454711715367047, 1.4669827965598237], "Sigma": [[0.005212424741691172, -0.0025134919126227227, -0.01527316519346518], [-0.0025134919126227227, 0.010283195017820731, 0.03015179604259826], [-0.01527316519346518, 0.030151796042598256, 0.16878323007832177]], "chi2_level": 0.99, "chi2_df": 3, "chi2_threshold": 11.344866730144373, "N_raw": 76, "N_roi": 76, "N_inlier": 74, "refit": true}
{"timestamp": "18:50:13.068949", "frame": 51, "mu": [-0.1084998376511461, 1.4712037700820875, 1.6038767168547141], "Sigma": [[0.005204578395223994, 0.0001124477926132514, -0.002467591722330584], [0.00011244779261325146, 0.006069197448994238, -0.001065050408773987], [-0.002467591722330584, -0.001065050408773987, 0.0032798273826122886]], "chi2_level": 0.99, "chi2_df": 3, "chi2_threshold": 11.344866730144373, "N_raw": 77, "N_roi": 77, "N_inlier": 73, "refit": true}
{"timestamp": "18:50:13.123158", "frame": 52, "mu": [-0.1849978901909685, 1.4173847205894732, 1.5553054194374785], "Sigma": [[0.005100469217963926, -0.00148272368055633, -0.0034086150780933844], [-0.0014827236805563299, 0.0058933587768290755, 0.0019853170133869395], [-0.0034086150780933844, 0.001985317013386939, 0.007394990680516791]], "chi2_level": 0.99, "chi2_df": 3, "chi2_threshold": 11.344866730144373, "N_raw": 67, "N_roi": 64, "N_inlier": 59, "refit": true}
{"timestamp": "18:50:13.178711", "frame": 53, "mu": [-0.26206616193343457, 1.4492250504238409, 1.6314962135797617], "Sigma": [[0.005551383714666981, -0.0014934751516870858, -0.003970844423262041], [-0.0014934751516870858, 0.009947418069239902, 0.004707807976298042], [-0.003970844423262041, 0.004707807976298042, 0.0075946562342663225]], "chi2_level": 0.99, "chi2_df": 3, "chi2_threshold": 11.344866730144373, "N_raw": 78, "N_roi": 78, "N_inlier": 75, "refit": true}
{"timestamp": "18:50:13.235602", "frame": 54, "mu": [-0.3057251133886364, 1.4684960208054656, 1.5198658091929695], "Sigma": [[0.005091844122995062, -0.0002836455394932255, -0.0032665981443942413], [-0.0002836455394932255, 0.006631692957004858, -0.0037269980227853813], [-0.0032665981443942413, -0.0037269980227853813, 0.007122019399406714]], "chi2_level": 0.99, "chi2_df": 3, "chi2_threshold": 11.344866730144373, "N_raw": 85, "N_roi": 83, "N_inlier": 80, "refit": true}
{"timestamp": "18:50:13.292969", "frame": 55, "mu": [-0.3454870886700199, 1.4614806235518492, -0.011205086548223213], "Sigma": [[0.005608349350549825, 0.0019672897792251676, 0.04712534126401057], [0.0019672897792251676, 0.012661147717407036, 0.04046176596087338], [0.04712534126401056, 0.04046176596087338, 0.767836084217121]], "chi2_level": 0.99, "chi2_df": 3, "chi2_threshold": 11.344866730144373, "N_raw": 102, "N_roi": 102, "N_inlier": 101, "refit": true}
{"timestamp": "18:50:13.343759", "frame": 56, "mu": [-0.44513048041454684, 1.48546042885464, 1.5484126564333802], "Sigma": [[0.0062493767125336155, -0.00024450456187617627, -0.002440998032584658], [-0.0002445045618761763, 0.005995739123362144, 3.31965396741613e-05], [-0.002440998032584658, 3.319653967416141e-05, 0.0016569518161703254]], "chi2_level": 0.99, "chi2_df": 3, "chi2_threshold": 11.344866730144373, "N_raw": 72, "N_roi": 72, "N_inlier": 70, "refit": true}
{"timestamp": "18:50:13.409796", "frame": 57, "mu": [-0.44695783637216524, 1.479654028572023, 1.0767677988760676], "Sigma": [[0.007860746086106941, 0.0013605347488107426, -0.021303589045031577], [0.0013605347488107422, 0.0070205116633840214, -0.02369292983385196], [-0.021303589045031577, -0.02369292983385196, 0.16071940926832826]], "chi2_level": 0.99, "chi2_df": 3, "chi2_threshold": 11.344866730144373, "N_raw": 143, "N_roi": 143, "N_inlier": 140, "refit": true}
{"timestamp": "18:50:13.462036", "frame": 58, "mu": [-0.5012163905127579, 1.54391822578016, 1.0468322933293694], "Sigma": [[0.00999193074306858, 0.0005465240743247803, -0.03769818065323526], [0.0005465240743247803, 0.004927071169473823, -0.012760507811873373], [-0.03769818065323527, -0.012760507811873373, 0.3516426625088666]], "chi2_level": 0.99, "chi2_df": 3, "chi2_threshold": 11.344866730144373, "N_raw": 128, "N_roi": 128, "N_inlier": 127, "refit": true}
{"timestamp": "18:50:13.511018", "frame": 59, "mu": [-0.5723421911750161, 1.6805043212390076, -0.2242419209343043], "Sigma": [[0.006275120440906346, -0.0009716023817772398, 0.010020539775945029], [-0.0009716023817772397, 0.022200139943434567, -0.056754361298879286], [0.010020539775945029, -0.056754361298879286, 0.2038769780510624]], "chi2_level": 0.99, "chi2_df": 3, "chi2_threshold": 11.344866730144373, "N_raw": 87, "N_roi": 87, "N_inlier": 87, "refit": true}
{"timestamp": "18:50:13.565521", "frame": 60, "mu": [-0.6288313547534821, 1.652001192544554, -0.06549730268762505], "Sigma": [[0.00637361509275176, -0.0023560708650777183, 0.01881357834119429], [-0.0023560708650777183, 0.009281934567377265, -0.012700547944989567], [0.01881357834119429, -0.012700547944989567, 0.24274570152261934]], "chi2_level": 0.99, "chi2_df": 3, "chi2_threshold": 11.344866730144373, "N_raw": 82, "N_roi": 80, "N_inlier": 78, "refit": true}
{"timestamp": "18:50:13.621094", "frame": 61, "mu": [-0.6908640589262871, 1.5505636057447678, 1.3333681245970899], "Sigma": [[0.006209927930330662, -0.0009682086906953844, -0.011081920680057436], [-0.0009682086906953845, 0.008582802898102052, 0.016648945844015793], [-0.011081920680057436, 0.016648945844015797, 0.2244411243149229]], "chi2_level": 0.99, "chi2_df": 3, "chi2_threshold": 11.344866730144373, "N_raw": 87, "N_roi": 86, "N_inlier": 84, "refit": true}
{"timestamp": "18:50:13.669815", "frame": 62, "mu": [-0.6957602338844813, 1.6875727475754707, 1.3381948710140452], "Sigma": [[0.007229337143840479, 0.0022899090770531934, 0.0031762625753184066], [0.0022899090770531934, 0.003912074540821987, 0.013248687745623322], [0.0031762625753184066, 0.013248687745623322, 0.06373039398400263]], "chi2_level": 0.99, "chi2_df": 3, "chi2_threshold": 11.344866730144373, "N_raw": 44, "N_roi": 43, "N_inlier": 42, "refit": true}
{"timestamp": "18:50:13.729599", "frame": 63, "mu": [-0.7843842329357865, 1.6425604640812386, 1.4094828865882252], "Sigma": [[0.006399751995557843, 0.0020978017859605187, -0.0012992998244017956], [0.0020978017859605187, 0.007885762203804252, -0.0037468256706130435], [-0.0012992998244017956, -0.0037468256706130435, 0.021164841715508767]], "chi2_level": 0.99, "chi2_df": 3, "chi2_threshold": 11.344866730144373, "N_raw": 86, "N_roi": 86, "N_inlier": 83, "refit": true}
{"timestamp": "18:50:13.782492", "frame": 64, "mu": [-0.8099109108602954, 1.7871035761703407, -0.13797389364787263], "Sigma": [[0.006411999065222616, 0.0034237130116468208, -0.0020729535442686456], [0.00342371301164682, 0.008569424612606043, -0.0066040502120149145], [-0.0020729535442686464, -0.0066040502120149145, 0.023877234423767622]], "chi2_level": 0.99, "chi2_df": 3, "chi2_threshold": 11.344866730144373, "N_raw": 72, "N_roi": 72, "N_inlier": 68, "refit": true}
{"timestamp": "18:50:13.845949", "frame": 65, "mu": [-0.8105654618776507, 1.6373654229732746, 1.0131138361791139], "Sigma": [[0.018386114010857407, -0.010772162898977884, -0.06160774615837646], [-0.010772162898977884, 0.017633103140438103, 0.06112978275684096], [-0.06160774615837646, 0.06112978275684096, 0.3313935138893056]], "chi2_level": 0.99, "chi2_df": 3, "chi2_threshold": 11.344866730144373, "N_raw": 123, "N_roi": 123, "N_inlier": 119, "refit": true}
{"timestamp": "18:50:13.899267", "frame": 66, "mu": [-0.8912174621222753, 1.7331625682510206, 1.1624629718841253], "Sigma": [[0.013666017247346075, -0.005756667426004232, -0.03397388573677041], [-0.005756667426004232, 0.015378288343092874, 0.0378707652731684], [-0.03397388573677041, 0.0378707652731684, 0.2977430121777565]], "chi2_level": 0.99, "chi2_df": 3, "chi2_threshold": 11.344866730144373, "N_raw": 100, "N_roi": 100, "N_inlier": 96, "refit": true}
{"timestamp": "18:50:13.947156", "frame": 67, "mu": [-0.9074960473754772, 1.9058683467368178, -0.736163915796272], "Sigma": [[0.007014022417129882, 0.005804763730483574, -0.017213042164566525], [0.005804763730483574, 0.014484398927623087, -0.021421231605156348], [-0.017213042164566525, -0.021421231605156348, 0.15901040496075425]], "chi2_level": 0.99, "chi2_df": 3, "chi2_threshold": 11.344866730144373, "N_raw": 59, "N_roi": 59, "N_inlier": 57, "refit": true}
{"timestamp": "18:50:14.007301", "frame": 68, "mu": [-0.9668421746478835, 1.9076379515787918, 1.2149410747174365], "Sigma": [[0.007107661927392714, 0.0015342944701143442, -0.0023735969805637695], [0.0015342944701143442, 0.0034456129408890193, -0.013132829551786771], [-0.002373596980563771, -0.013132829551786771, 0.1621006047322563]], "chi2_level": 0.99, "chi2_df": 3, "chi2_threshold": 11.344866730144373, "N_raw": 93, "N_roi": 93, "N_inlier": 91, "refit": true}
{"timestamp": "18:50:14.055767", "frame": 69, "mu": [-1.0307298124930795, 1.9240121941657689, 0.9059552922121091], "Sigma": [[0.0194702894297185, 0.0009489694102077343, 0.049134677664203805], [0.0009489694102077343, 0.006141908768869996, 0.008490559363086861], [0.0491346776642038, 0.00849055936308686, 0.23277945412587578]], "chi2_level": 0.99, "chi2_df": 3, "chi2_threshold": 11.344866730144373, "N_raw": 55, "N_roi": 55, "N_inlier": 54, "refit": true}
{"timestamp": "18:50:14.115760", "frame": 70, "mu": [-1.0904315888844547, 1.9677438687157596, 1.2083423787105334], "Sigma": [[0.018083155874490123, -0.005549587024417702, 0.027230116066988816], [-0.005549587024417702, 0.013743736084344321, -0.03508539725972586], [0.027230116066988816, -0.03508539725972586, 0.16709550114223748]], "chi2_level": 0.99, "chi2_df": 3, "chi2_threshold": 11.344866730144373, "N_raw": 90, "N_roi": 90, "N_inlier": 84, "refit": true}
{"timestamp": "18:50:14.170290", "frame": 71, "mu": [-1.0021988413138034, 1.9833947312802411, 1.285796190376779], "Sigma": [[0.010439701275798114, 0.003128390512852199, -0.010257161778797144], [0.003128390512852199, 0.003689504065370333, -0.009082100022436921], [-0.010257161778797144, -0.009082100022436921, 0.03796566501843586]], "chi2_level": 0.99, "chi2_df": 3, "chi2_threshold": 11.344866730144373, "N_raw": 78, "N_roi": 78, "N_inlier": 73, "refit": true}
{"timestamp": "18:50:14.225360", "frame": 72, "mu": [-1.0425009195160044, 2.044699177486199, 1.333352679946888], "Sigma": [[0.01265864108571141, 0.0031611130342459725, -0.02005640414901128], [0.0031611130342459725, 0.003774357926629693, -0.01051054006275842], [-0.02005640414901128, -0.01051054006275842, 0.06019434813214122]], "chi2_level": 0.99, "chi2_df": 3, "chi2_threshold": 11.344866730144373, "N_raw": 80, "N_roi": 80, "N_inlier": 74, "refit": true}
{"timestamp": "18:50:14.278195", "frame": 73, "mu": [-1.0318683618234463, 2.070076190095335, 1.3258715736875712], "Sigma": [[0.008736226374706772, 0.001194470524112582, -0.007076163176430965], [0.001194470524112582, 0.002639095472668077, -0.007162475647835941], [-0.007076163176430966, -0.007162475647835941, 0.029361407487141666]], "chi2_level": 0.99, "chi2_df": 3, "chi2_threshold": 11.344866730144373, "N_raw": 68, "N_roi": 68, "N_inlier": 63, "refit": true}
{"timestamp": "18:50:14.330598", "frame": 74, "mu": [-1.1076888070651978, 2.1427297065751834, 1.3698379396678004], "Sigma": [[0.009175533443770359, 0.0024060758180751846, -0.008054255520301668], [0.0024060758180751846, 0.0029136923449143036, -0.0079124800559886], [-0.008054255520301668, -0.0079124800559886, 0.025817778459917944]], "chi2_level": 0.99, "chi2_df": 3, "chi2_threshold": 11.344866730144373, "N_raw": 59, "N_roi": 59, "N_inlier": 56, "refit": true}
{"timestamp": "18:50:14.384262", "frame": 75, "mu": [-1.0588918020035065, 2.1930435517177154, 0.873239466521771], "Sigma": [[0.005880032532815473, -0.0016083515590710029, -0.002306366460782256], [-0.0016083515590710029, 0.003946593179623504, 0.012995075123219062], [-0.002306366460782255, 0.012995075123219062, 0.13497769478296837]], "chi2_level": 0.99, "chi2_df": 3, "chi2_threshold": 11.344866730144373, "N_raw": 44, "N_roi": 44, "N_inlier": 42, "refit": true}
{"timestamp": "18:50:14.445608", "frame": 76, "mu": [-1.1245567843636541, 2.418185194504791, -0.3697046300740764], "Sigma": [[0.009164980802781492, -0.0011652481578154578, 0.004116753933708955], [-0.0011652481578154578, 0.016464561408338782, -0.04406445412704423], [0.004116753933708955, -0.04406445412704424, 0.16274363778650922]], "chi2_level": 0.99, "chi2_df": 3, "chi2_threshold": 11.344866730144373, "N_raw": 83, "N_roi": 83, "N_inlier": 81, "refit": true}
{"timestamp": "18:50:14.503619", "frame": 77, "mu": [-1.1483752940422098, 2.2786037762402467, 1.2230805522960633], "Sigma": [[0.009496324463767832, 0.0011513000240678975, -0.004924808908413958], [0.0011513000240678968, 0.006549291457341252, -0.0011954072686295465], [-0.004924808908413959, -0.001195407268629546, 0.20302399255152798]], "chi2_level": 0.99, "chi2_df": 3, "chi2_threshold": 11.344866730144373, "N_raw": 103, "N_roi": 103, "N_inlier": 102, "refit": true}
{"timestamp": "18:50:14.553327", "frame": 78, "mu": [-1.11881056079683, 2.4040469393759065, 0.08239259027750966], "Sigma": [[0.008067730769749055, 0.00234034686191592, -0.008320149003579578], [0.00234034686191592, 0.010341149601167958, -0.013986621578143418], [-0.008320149003579578, -0.013986621578143418, 0.03149977154050715]], "chi2_level": 0.99, "chi2_df": 3, "chi2_threshold": 11.344866730144373, "N_raw": 63, "N_roi": 63, "N_inlier": 59, "refit": true}
{"timestamp": "18:50:14.610511", "frame": 79, "mu": [-1.166155654970357, 2.4358538452229683, 1.230155236442028], "Sigma": [[0.014483582959508735, -0.0023854402163256782, -0.0020663980947586962], [-0.0023854402163256782, 0.004272367722929285, -0.018258196508325553], [-0.0020663980947586962, -0.018258196508325553, 0.11027054743119215]], "chi2_level": 0.99, "chi2_df": 3, "chi2_threshold": 11.344866730144373, "N_raw": 80, "N_roi": 78, "N_inlier": 75, "refit": true}
{"timestamp": "18:50:14.670843", "frame": 80, "mu": [-1.2366971950127172, 2.4925577007601105, 1.040794885307826], "Sigma": [[0.02608605171942746, -0.008414223045886661, 0.023015497824876704], [-0.008414223045886661, 0.009350296795983625, -0.028955695808824365], [0.023015497824876704, -0.02895569580882436, 0.10665930002283566]], "chi2_level": 0.99, "chi2_df": 3, "chi2_threshold": 11.344866730144373, "N_raw": 121, "N_roi": 121, "N_inlier": 119, "refit": true}
{"timestamp": "18:50:14.720344", "frame": 81, "mu": [-1.1775619696627664, 2.519185548166781, 1.1314505238596735], "Sigma": [[0.010659412567839014, -0.0015462658718741838, 0.0022046384958226235], [-0.0015462658718741838, 0.007472966481625805, -0.031992627135860464], [0.0022046384958226218, -0.031992627135860464, 0.1647859437055978]], "chi2_level": 0.99, "chi2_df": 3, "chi2_threshold": 11.344866730144373, "N_raw": 81, "N_roi": 81, "N_inlier": 78, "refit": true}
{"timestamp": "18:50:14.773123", "frame": 82, "mu": [-1.1402454955238313, 2.6348905626525188, -0.15986450455588738], "Sigma": [[0.01181617238484133, 0.00502339938782467, -0.015921934340513297], [0.00502339938782467, 0.03069939273777566, -0.09275651939141738], [-0.015921934340513293, -0.09275651939141738, 0.3505507138145528]], "chi2_level": 0.99, "chi2_df": 3, "chi2_threshold": 11.344866730144373, "N_raw": 72, "N_roi": 72, "N_inlier": 71, "refit": true}
{"timestamp": "18:50:14.824571", "frame": 83, "mu": [-1.2378732389623583, 2.836487953470465, -1.0398754109842037], "Sigma": [[0.012088455357907786, 0.0062256829332873196, 0.011887363910586073], [0.006225682933287319, 0.06544534289494021, -0.041748569327221985], [0.011887363910586073, -0.041748569327221985, 0.13407293950222923]], "chi2_level": 0.99, "chi2_df": 3, "chi2_threshold": 11.344866730144373, "N_raw": 45, "N_roi": 45, "N_inlier": 44, "refit": true}
{"timestamp": "18:50:14.883777", "frame": 84, "mu": [-1.1848540334194153, 2.61270709639358, 1.1349870595740457], "Sigma": [[0.01815519331909044, 0.0031362032273788026, 0.029505259517484624], [0.0031362032273788026, 0.004515943592977045, -0.008759860682028825], [0.029505259517484627, -0.008759860682028825, 0.2390590327336151]], "chi2_level": 0.99, "chi2_df": 3, "chi2_threshold": 11.344866730144373, "N_raw": 78, "N_roi": 78, "N_inlier": 76, "refit": true}
{"timestamp": "18:50:14.935366", "frame": 85, "mu": [-1.1635215755745125, 2.666977386102126, 0.8818887948265024], "Sigma": [[0.040077397466122586, 0.002516633078191542, 0.02601165428331939], [0.002516633078191542, 0.0013546707178396118, 0.0034582475887535774], [0.02601165428331939, 0.003458247588753578, 0.051981132610593006]], "chi2_level": 0.99, "chi2_df": 3, "chi2_threshold": 11.344866730144373, "N_raw": 49, "N_roi": 49, "N_inlier": 46, "refit": true}
{"timestamp": "18:50:14.988504", "frame": 86, "mu": [-1.1697061886475495, 2.9399806869493204, -0.3793225105466186], "Sigma": [[0.027358589721419305, -0.006871937254862335, 0.03779753750619547], [-0.006871937254862336, 0.011999025035817358, -0.03818386109501936], [0.03779753750619547, -0.03818386109501935, 0.14618892957908464]], "chi2_level": 0.99, "chi2_df": 3, "chi2_threshold": 11.344866730144373, "N_raw": 38, "N_roi": 38, "N_inlier": 37, "refit": true}
