{"timestamp": "19:03:26.981037", "frame": 41, "mu": [-1.0071669931136882, 0.38605946055033974, 1.4089874952086634], "Sigma": [[0.6013545308611252, -0.020221764744562342, 0.016453714428553742], [-0.02022176474456234, 0.0063883921283496535, -0.0031794202152897947], [0.016453714428553742, -0.0031794202152897947, 0.002196509302317651]], "chi2_level": 0.99, "chi2_df": 3, "chi2_threshold": 11.344866730144373, "N_raw": 36, "N_roi": 36, "N_inlier": 33, "refit": true}
{"timestamp": "19:03:27.035707", "frame": 42, "mu": [-1.2090304774175449, 0.3867743537618578, 1.4311335236421245], "Sigma": [[0.003313565930333312, 0.0018728385465627793, -0.0005064074333638854], [0.0018728385465627793, 0.004928693573770788, -0.0027153761917017146], [-0.0005064074333638853, -0.002715376191701714, 0.0020366056764782163]], "chi2_level": 0.99, "chi2_df": 3, "chi2_threshold": 11.344866730144373, "N_raw": 34, "N_roi": 34, "N_inlier": 30, "refit": true}
{"timestamp": "19:03:27.090287", "frame": 43, "mu": [-0.9820271882559063, 0.38989944962888123, 1.3827353335564576], "Sigma": [[0.6652007772548585, -0.01565822768114737, 0.012811863638433995], [-0.01565822768114737, 0.003921736199558208, -0.002301165583555845], [0.012811863638433996, -0.002301165583555845, 0.0030414151573450324]], "chi2_level": 0.99, "chi2_df": 3, "chi2_threshold": 11.344866730144373, "N_raw": 25, "N_roi": 25, "N_inlier": 23, "refit": true}
{"timestamp": "19:03:27.144810", "frame": 44, "mu": [-0.9230888061457286, 0.33782763692664264, 1.3925741812035224], "Sigma": [[0.5913458635463639, -0.01439132976195323, 0.004377371324649236], [-0.01439132976195323, 0.004153010080979617, -3.6869948647442314e-05], [0.004377371324649236, -3.6869948647442314e-05, 0.004920803607481996]], "chi2_level": 0.99, "chi2_df": 3, "chi2_threshold": 11.344866730144373, "N_raw": 29, "N_roi": 29, "N_inlier": 29, "refit": true}
{"timestamp": "19:03:27.202990", "frame": 45, "mu": [-1.1918455862593638, 0.5282668735864811, -0.46594647592560423], "Sigma": [[0.006115256570629038, 0.002702667177720019, 0.001847563908767235], [0.0027026671777200194, 0.013349338970774604, -0.0005114581699053333], [0.001847563908767235, -0.0005114581699053333, 0.0021914923176230717]], "chi2_level": 0.99, "chi2_df": 3, "chi2_threshold": 11.344866730144373, "N_raw": 50, "N_roi": 50, "N_inlier": 49, "refit": true}
{"timestamp": "19:03:27.260024", "frame": 46, "mu": [-1.1737074180435583, 0.42593548638073, 1.4637078545201643], "Sigma": [[0.005492381920675441, 0.0006406825068473176, -0.0006894161957543863], [0.0006406825068473176, 0.004968776769274429, -0.004334696096037132], [-0.0006894161957543864, -0.004334696096037132, 0.004446614918049464]], "chi2_level": 0.99, "chi2_df": 3, "chi2_threshold": 11.344866730144373, "N_raw": 54, "N_roi": 54, "N_inlier": 50, "refit": true}
{"timestamp": "19:03:27.313927", "frame": 47, "mu": [-1.1662111739267427, 0.4483012113660819, 1.4831643538806656], "Sigma": [[0.006128095068043472, -0.00023997979427363796, -0.003978750692271627], [-0.00023997979427363805, 0.005210752479242882, -0.0034140121988405292], [-0.003978750692271628, -0.0034140121988405292, 0.011022147845511464]], "chi2_level": 0.99, "chi2_df": 3, "chi2_threshold": 11.344866730144373, "N_raw": 51, "N_roi": 51, "N_inlier": 48, "refit": true}
{"timestamp": "19:03:27.369918", "frame": 48, "mu": [-1.1160196176983952, 0.4822725068848374, 1.468099725094778], "Sigma": [[0.006432882275593926, -0.0005181079007726107, -0.003722117803872545], [-0.0005181079007726107, 0.0030272263950574443, -0.0032323601925880983], [-0.003722117803872545, -0.0032323601925880983, 0.01698993527709819]], "chi2_level": 0.99, "chi2_df": 3, "chi2_threshold": 11.344866730144373, "N_raw": 58, "N_roi": 58, "N_inlier": 56, "refit": true}
{"timestamp": "19:03:27.425396", "frame": 49, "mu": [-1.1222958242156058, 0.4887946773509768, 1.4912404138123374], "Sigma": [[0.0067926731622063126, 0.0014139701471236304, 0.00010761011575766166], [0.0014139701471236304, 0.003148069949397096, -0.002613805510225496], [0.00010761011575766182, -0.002613805510225496, 0.012017969187912867]], "chi2_level": 0.99, "chi2_df": 3, "chi2_threshold": 11.344866730144373, "N_raw": 66, "N_roi": 66, "N_inlier": 65, "refit": true}
{"timestamp": "19:03:27.479921", "frame": 50, "mu": [-1.0978420517346152, 0.4925066036849483, 1.4752114648963108], "Sigma": [[0.008312468140594094, 0.002100311219851404, -0.0013661349739106051], [0.002100311219851404, 0.00461262339670131, -0.004172686054744816], [-0.001366134973910605, -0.004172686054744816, 0.005049504853249347]], "chi2_level": 0.99, "chi2_df": 3, "chi2_threshold": 11.344866730144373, "N_raw": 71, "N_roi": 71, "N_inlier": 69, "refit": true}
{"timestamp": "19:03:27.534547", "frame": 51, "mu": [-1.0492890816192575, 0.6304794818610298, -0.41048960931859746], "Sigma": [[0.007250132249191088, 0.003563717962154335, -0.0009705205970164306], [0.003563717962154335, 0.00792198139595508, -0.0027590330956556216], [-0.0009705205970164308, -0.0027590330956556216, 0.0022818560025584583]], "chi2_level": 0.99, "chi2_df": 3, "chi2_threshold": 11.344866730144373, "N_raw": 63, "N_roi": 63, "N_inlier": 59, "refit": true}
{"timestamp": "19:03:27.648660", "frame": 53, "mu": [-1.0047609307348995, 0.671355233715526, -0.48339133832700576], "Sigma": [[0.00815124385565308, 0.007491285220835269, -0.00027601831009857686], [0.007491285220835269, 0.02067046951186595, -0.0007032059688204053], [-0.00027601831009857664, -0.0007032059688204056, 0.008406526682701464]], "chi2_level": 0.99, "chi2_df": 3, "chi2_threshold": 11.344866730144373, "N_raw": 77, "N_roi": 77, "N_inlier": 73, "refit": true}
{"timestamp": "19:03:27.697294", "frame": 54, "mu": [-0.9526530750030683, 0.7137954626212824, 1.0977324855628707], "Sigma": [[0.01393524276968864, 0.017593608557515843, -0.039856116280897774], [0.017593608557515843, 0.042237942273736936, -0.0956109722756878], [-0.039856116280897774, -0.09561097227568778, 0.22385205939438793]], "chi2_level": 0.99, "chi2_df": 3, "chi2_threshold": 11.344866730144373, "N_raw": 25, "N_roi": 25, "N_inlier": 25, "refit": true}
{"timestamp": "19:03:27.754692", "frame": 55, "mu": [-0.958410189237602, 0.7758203579040341, 1.3020140988216193], "Sigma": [[0.030396373009927376, 0.00989707096738804, -0.07045125325929114], [0.00989707096738804, 0.00569947230918279, -0.02662850299975594], [-0.07045125325929114, -0.02662850299975594, 0.19289706145723265]], "chi2_level": 0.99, "chi2_df": 3, "chi2_threshold": 11.344866730144373, "N_raw": 48, "N_roi": 48, "N_inlier": 48, "refit": true}
{"timestamp": "19:03:27.816636", "frame": 56, "mu": [-1.0406659827329479, 0.825333472663315, -0.2635107685023068], "Sigma": [[0.012386107387755701, 0.004916580807433503, -0.012052922853954852], [0.004916580807433502, 0.012170768466206459, -0.011029459532760865], [-0.012052922853954854, -0.011029459532760867, 0.02403795220689333]], "chi2_level": 0.99, "chi2_df": 3, "chi2_threshold": 11.344866730144373, "N_raw": 87, "N_roi": 87, "N_inlier": 84, "refit": true}
{"timestamp": "19:03:27.866626", "frame": 57, "mu": [-0.9880017340479591, 0.7942251126631203, 1.4109961734184866], "Sigma": [[0.03114924727162548, 0.011300034565264738, -0.05771965673706002], [0.011300034565264738, 0.006148387863733287, -0.024541120232933956], [-0.05771965673706002, -0.024541120232933956, 0.14446682761205148]], "chi2_level": 0.99, "chi2_df": 3, "chi2_threshold": 11.344866730144373, "N_raw": 53, "N_roi": 53, "N_inlier": 53, "refit": true}
{"timestamp": "19:03:27.919903", "frame": 58, "mu": [-0.8332416159860584, 0.9055245480453114, 1.096164431135893], "Sigma": [[0.042708020081939455, 0.015988850522836565, -0.0905522360766674], [0.015988850522836565, 0.007554113404406357, -0.03760323882299793], [-0.0905522360766674, -0.03760323882299793, 0.22422466591342305]], "chi2_level": 0.99, "chi2_df": 3, "chi2_threshold": 11.344866730144373, "N_raw": 45, "N_roi": 45, "N_inlier": 44, "refit": true}
{"timestamp": "19:03:27.974290", "frame": 59, "mu": [-0.9405229337748722, 0.8533958625738789, 1.5101832651477278], "Sigma": [[0.03252422104932241, 0.009226015308492975, -0.03747685398579092], [0.009226015308492975, 0.005778061487407379, -0.012609161697499257], [-0.037476853985790926, -0.012609161697499255, 0.054952651431482424]], "chi2_level": 0.99, "chi2_df": 3, "chi2_threshold": 11.344866730144373, "N_raw": 37, "N_roi": 37, "N_inlier": 35, "refit": true}
{"timestamp": "19:03:28.031398", "frame": 60, "mu": [-0.8006712039836474, 0.9376151288879393, 1.180493946781351], "Sigma": [[0.061522157339362046, 0.024111052623266606, -0.1299576089868244], [0.024111052623266606, 0.011729578451378524, -0.053501802213697894], [-0.12995760898682437, -0.053501802213697894, 0.29385965183034696]], "chi2_level": 0.99, "chi2_df": 3, "chi2_threshold": 11.344866730144373, "N_raw": 55, "N_roi": 55, "N_inlier": 53, "refit": true}
{"timestamp": "19:03:28.085198", "frame": 61, "mu": [-0.810221795598046, 0.9556546990276714, 1.262570467680864], "Sigma": [[0.08134877541458452, 0.02371497244011051, -0.15842528300583958], [0.02371497244011051, 0.010081407429202239, -0.04802098949801814], [-0.15842528300583958, -0.04802098949801814, 0.3262452672046213]], "chi2_level": 0.99, "chi2_df": 3, "chi2_threshold": 11.344866730144373, "N_raw": 43, "N_roi": 42, "N_inlier": 41, "refit": true}
{"timestamp": "19:03:28.146459", "frame": 62, "mu": [-0.7086670640374413, 1.2389203896189287, -0.4847736721399618], "Sigma": [[0.025811691086040582, 0.018120109046991753, -0.060124214148861904], [0.018120109046991753, 0.018432683921487933, -0.050118297729677894], [-0.060124214148861904, -0.050118297729677894, 0.16003102859924728]], "chi2_level": 0.99, "chi2_df": 3, "chi2_threshold": 11.344866730144373, "N_raw": 91, "N_roi": 91, "N_inlier": 89, "refit": true}
{"timestamp": "19:03:28.194679", "frame": 63, "mu": [-0.7843494297569911, 1.1033874715855079, 1.48756622255554], "Sigma": [[0.006890756591207113, 0.00032398437448900944, -0.028936157100711603], [0.0003239843744890097, 0.004911358531598318, -0.018959501580013832], [-0.028936157100711603, -0.01895950158001383, 0.23720247494234142]], "chi2_level": 0.99, "chi2_df": 3, "chi2_threshold": 11.344866730144373, "N_raw": 39, "N_roi": 39, "N_inlier": 37, "refit": true}
{"timestamp": "19:03:28.252142", "frame": 64, "mu": [-0.742740433169788, 1.1377453975722895, 1.4789905468925924], "Sigma": [[0.005611189552808776, -0.001185685097568462, -0.0065183426997760235], [-0.001185685097568462, 0.0021753221516158136, -0.0039679030155172716], [-0.0065183426997760235, -0.0039679030155172716, 0.03376857504746668]], "chi2_level": 0.99, "chi2_df": 3, "chi2_threshold": 11.344866730144373, "N_raw": 60, "N_roi": 60, "N_inlier": 56, "refit": true}
{"timestamp": "19:03:28.301734", "frame": 65, "mu": [-0.6282516128805835, 1.2040052115896678, 0.9072059961550961], "Sigma": [[0.007525391775534562, 0.00025699969275309615, -0.03658603772952854], [0.0002569996927530962, 0.0035371133059491884, -0.026490688698947145], [-0.03658603772952854, -0.026490688698947145, 0.42459509205729695]], "chi2_level": 0.99, "chi2_df": 3, "chi2_threshold": 11.344866730144373, "N_raw": 13, "N_roi": 13, "N_inlier": 12, "refit": true}
{"timestamp": "19:03:28.357897", "frame": 66, "mu": [-0.6693953677754982, 1.2031475830413525, 1.4539486389619278], "Sigma": [[0.0068702670093734345, -0.0014612188794451034, -0.01168179353802064], [-0.0014612188794451038, 0.007654060977677451, -0.015641749247883915], [-0.011681793538020641, -0.015641749247883918, 0.06906479596856387]], "chi2_level": 0.99, "chi2_df": 3, "chi2_threshold": 11.344866730144373, "N_raw": 31, "N_roi": 31, "N_inlier": 29, "refit": true}
{"timestamp": "19:03:28.412500", "frame": 67, "mu": [-0.5432044474583974, 1.330257510823259, 0.8535181953991402], "Sigma": [[0.01156319772813851, 0.011541460182929522, -0.05063368605782159], [0.011541460182929522, 0.021834603447068224, -0.0527844553206439], [-0.05063368605782159, -0.052784455320643894, 0.3055410237070465]], "chi2_level": 0.99, "chi2_df": 3, "chi2_threshold": 11.344866730144373, "N_raw": 14, "N_roi": 14, "N_inlier": 14, "refit": true}
{"timestamp": "19:03:28.465749", "frame": 68, "mu": [-0.5526115201198776, 1.2610141863776259, 0.9743971916646107], "Sigma": [[0.00123233116381288, -0.0010872367128879907, -0.005426790868861733], [-0.0010872367128879907, 0.0032094597583559948, -0.019503364821722016], [-0.005426790868861735, -0.019503364821722016, 0.3737024770830728]], "chi2_level": 0.99, "chi2_df": 3, "chi2_threshold": 11.344866730144373, "N_raw": 14, "N_roi": 14, "N_inlier": 13, "refit": true}
{"timestamp": "19:03:28.528075", "frame": 69, "mu": [-0.551480957628372, 1.3083823379339354, 1.4983886991741542], "Sigma": [[0.004195470574087138, -0.0006015804714724468, -0.0016801362167963635], [-0.0006015804714724468, 0.002861913296503726, -0.003877632701109222], [-0.0016801362167963639, -0.0038776327011092217, 0.015616535575771978]], "chi2_level": 0.99, "chi2_df": 3, "chi2_threshold": 11.344866730144373, "N_raw": 66, "N_roi": 66, "N_inlier": 61, "refit": true}
{"timestamp": "19:03:28.578472", "frame": 70, "mu": [-0.38373221146473746, 1.2764536523026846, 0.9523335294134994], "Sigma": [[0.0030469692372176245, -0.0006803493175240534, -0.004388047460927977], [-0.0006803493175240533, 0.0005992510668865323, 0.0025860613801552013], [-0.004388047460927977, 0.0025860613801552013, 0.028970501496419266]], "chi2_level": 0.99, "chi2_df": 3, "chi2_threshold": 11.344866730144373, "N_raw": 36, "N_roi": 36, "N_inlier": 33, "refit": true}
{"timestamp": "19:03:28.639757", "frame": 71, "mu": [-0.42686464156611065, 1.34210767550345, 1.1607596562531333], "Sigma": [[0.004855844111429883, -0.0016366086109384519, -0.006928417173372113], [-0.001636608610938452, 0.001834238717827448, 0.0022557541964917066], [-0.006928417173372112, 0.002255754196491706, 0.036330848308374915]], "chi2_level": 0.99, "chi2_df": 3, "chi2_threshold": 11.344866730144373, "N_raw": 68, "N_roi": 68, "N_inlier": 64, "refit": true}
{"timestamp": "19:03:28.702338", "frame": 72, "mu": [-0.3776017559028539, 1.4252368810942895, -0.5358639502797037], "Sigma": [[0.005102042593752668, 0.0026269101351305106, 0.008382015392514958], [0.0026269101351305106, 0.014910116714011318, -0.0022250093381521495], [0.008382015392514958, -0.0022250093381521495, 0.06653217467906498]], "chi2_level": 0.99, "chi2_df": 3, "chi2_threshold": 11.344866730144373, "N_raw": 120, "N_roi": 120, "N_inlier": 111, "refit": true}
{"timestamp": "19:03:28.764025", "frame": 73, "mu": [-0.36406385355257226, 1.6438104112027, -0.6074354853177638], "Sigma": [[0.007029433160330679, -0.0002521572749339427, -0.007539616261213992], [-0.0002521572749339426, 0.013515856544329278, -0.060820450844643166], [-0.007539616261213991, -0.060820450844643166, 0.3513035573621763]], "chi2_level": 0.99, "chi2_df": 3, "chi2_threshold": 11.344866730144373, "N_raw": 78, "N_roi": 78, "N_inlier": 77, "refit": true}
{"timestamp": "19:03:28.810152", "frame": 74, "mu": [-0.36155577686740575, 1.4487158888859901, 1.3794886586122865], "Sigma": [[0.005254498597077348, -0.0017468096142215454, -0.006463276669113678], [-0.0017468096142215454, 0.004396321451170492, 0.0006354081806941161], [-0.006463276669113678, 0.0006354081806941158, 0.06474925209337062]], "chi2_level": 0.99, "chi2_df": 3, "chi2_threshold": 11.344866730144373, "N_raw": 109, "N_roi": 109, "N_inlier": 105, "refit": true}
{"timestamp": "19:03:28.864550", "frame": 75, "mu": [-0.2954333917997334, 1.5835698006153178, -0.2914516647337149], "Sigma": [[0.00514314763865603, 0.0005768861616200734, -0.006533626809997763], [0.0005768861616200734, 0.008069119451322824, -0.01328785632587526], [-0.006533626809997762, -0.013287856325875258, 0.062051239873138764]], "chi2_level": 0.99, "chi2_df": 3, "chi2_threshold": 11.344866730144373, "N_raw": 101, "N_roi": 101, "N_inlier": 100, "refit": true}
{"timestamp": "19:03:28.916962", "frame": 76, "mu": [-0.28018887165353223, 1.7573374112268696, -0.7873755597031914], "Sigma": [[0.005899376451780313, -0.0011629324885669506, -0.011181653653955261], [-0.0011629324885669508, 0.01601985671369473, -0.06590865754443692], [-0.011181653653955261, -0.06590865754443692, 0.37306398253838285]], "chi2_level": 0.99, "chi2_df": 3, "chi2_threshold": 11.344866730144373, "N_raw": 67, "N_roi": 67, "N_inlier": 64, "refit": true}
{"timestamp": "19:03:28.967392", "frame": 77, "mu": [-0.27689253612555087, 1.588740194522344, 1.2413579180706344], "Sigma": [[0.005766993889520744, -0.001905607467367493, -0.004646770292699168], [-0.0019056074673674927, 0.009069408481415554, 0.008769946661438037], [-0.004646770292699168, 0.008769946661438039, 0.1769475206883714]], "chi2_level": 0.99, "chi2_df": 3, "chi2_threshold": 11.344866730144373, "N_raw": 54, "N_roi": 53, "N_inlier": 51, "refit": true}
{"timestamp": "19:03:29.026444", "frame": 78, "mu": [-0.22503169939854237, 1.6329408423758451, -0.7380711585699596], "Sigma": [[0.009101390678194593, 0.004000500823734786, -0.0018555812079535045], [0.004000500823734787, 0.023861428270987018, -0.05262706896544812], [-0.0018555812079535058, -0.05262706896544812, 0.25798734811867036]], "chi2_level": 0.99, "chi2_df": 3, "chi2_threshold": 11.344866730144373, "N_raw": 88, "N_roi": 88, "N_inlier": 87, "refit": true}
{"timestamp": "19:03:29.083222", "frame": 79, "mu": [-0.16763926175041236, 1.7112224140784253, -0.49105078534497815], "Sigma": [[0.009763318875972177, -0.009644584546542804, 0.021127889396966092], [-0.009644584546542802, 0.034265337846011046, -0.08120706645808069], [0.02112788939696609, -0.08120706645808069, 0.27840186221875163]], "chi2_level": 0.99, "chi2_df": 3, "chi2_threshold": 11.344866730144373, "N_raw": 93, "N_roi": 93, "N_inlier": 90, "refit": true}
{"timestamp": "19:03:29.152163", "frame": 80, "mu": [-0.16160818991177356, 1.8391283440522768, -0.7201759289999555], "Sigma": [[0.006607652728286416, -0.0032986016356434927, 0.019022130033567928], [-0.003298601635643492, 0.02121000776249217, -0.08621613111790136], [0.019022130033567928, -0.08621613111790134, 0.4337919166148279]], "chi2_level": 0.99, "chi2_df": 3, "chi2_threshold": 11.344866730144373, "N_raw": 100, "N_roi": 100, "N_inlier": 97, "refit": true}
{"timestamp": "19:03:29.223361", "frame": 81, "mu": [-0.11308924692801726, 1.749290382475575, -0.2519043665576665], "Sigma": [[0.006368384381263565, -0.0017779608005634934, 0.0024805221079391695], [-0.0017779608005634934, 0.0096123109982153, -0.013929112598905823], [0.0024805221079391695, -0.013929112598905825, 0.02922278712472061]], "chi2_level": 0.99, "chi2_df": 3, "chi2_threshold": 11.344866730144373, "N_raw": 111, "N_roi": 109, "N_inlier": 104, "refit": true}
{"timestamp": "19:03:29.248377", "frame": 82, "mu": [-0.14020427668893115, 1.963705988357061, -0.517239940147797], "Sigma": [[0.007754762692488531, -0.008497513596147444, 0.024132431417285435], [-0.008497513596147444, 0.036870889035754154, -0.09755563364346823], [0.02413243141728543, -0.09755563364346823, 0.3226262795855843]], "chi2_level": 0.99, "chi2_df": 3, "chi2_threshold": 11.344866730144373, "N_raw": 92, "N_roi": 90, "N_inlier": 90, "refit": true}
{"timestamp": "19:03:29.303049", "frame": 83, "mu": [-0.06848328101965014, 1.9913344264607373, -0.5871554442652799], "Sigma": [[0.005758234198710435, -0.004531772553450648, 0.013569683465136338], [-0.004531772553450647, 0.028511688236662024, -0.11012076472483182], [0.013569683465136336, -0.11012076472483182, 0.4964087102351337]], "chi2_level": 0.99, "chi2_df": 3, "chi2_threshold": 11.344866730144373, "N_raw": 94, "N_roi": 94, "N_inlier": 92, "refit": true}
{"timestamp": "19:03:29.355200", "frame": 84, "mu": [-0.0768925910409996, 1.8893314559481456, 0.1131057042951843], "Sigma": [[0.006255010747405536, 0.00015284262367956528, -0.0070867527784677625], [0.0001528426236795654, 0.008757060254517737, -0.0050148207625419685], [-0.0070867527784677625, -0.0050148207625419685, 0.03140592863598139]], "chi2_level": 0.99, "chi2_df": 3, "chi2_threshold": 11.344866730144373, "N_raw": 76, "N_roi": 76, "N_inlier": 72, "refit": true}
{"timestamp": "19:03:29.405449", "frame": 85, "mu": [0.0009553420350985773, 2.0927170223741793, -0.7428053633757058], "Sigma": [[0.00418587832918742, -0.002156030462484199, 0.008503023666827252], [-0.002156030462484199, 0.018609663184942157, -0.10033637570379862], [0.008503023666827252, -0.10033637570379864, 0.5995606509850874]], "chi2_level": 0.99, "chi2_df": 3, "chi2_threshold": 11.344866730144373, "N_raw": 45, "N_roi": 45, "N_inlier": 43, "refit": true}
{"timestamp": "19:03:29.460188", "frame": 86, "mu": [-0.004023579006188655, 1.979189500151749, -0.3501733560118162], "Sigma": [[0.003141305403426502, 0.0011964504600272536, -0.007736850114785726], [0.0011964504600272534, 0.03070799044551438, -0.11014847823159266], [-0.007736850114785727, -0.11014847823159266, 0.4362700818101739]], "chi2_level": 0.99, "chi2_df": 3, "chi2_threshold": 11.344866730144373, "N_raw": 43, "N_roi": 43, "N_inlier": 43, "refit": true}
{"timestamp": "19:03:29.518586", "frame": 87, "mu": [0.026690338343431937, 2.057590541086179, -0.4300933501745956], "Sigma": [[0.005746502056263957, -0.00041222341817822466, 0.0019440445337975342], [-0.00041222341817822466, 0.052512258150963255, -0.17242934846526042], [0.0019440445337975338, -0.17242934846526042, 0.6111385878770039]], "chi2_level": 0.99, "chi2_df": 3, "chi2_threshold": 11.344866730144373, "N_raw": 66, "N_roi": 66, "N_inlier": 65, "refit": true}
{"timestamp": "19:03:29.581907", "frame": 88, "mu": [0.028428376172677693, 2.150618813034942, -0.62952581107354], "Sigma": [[0.009898567292323334, -0.003587566244885209, 0.01470100291733953], [-0.003587566244885209, 0.048772684017266185, -0.15831264256076816], [0.01470100291733953, -0.15831264256076816, 0.5925509443744159]], "chi2_level": 0.99, "chi2_df": 3, "chi2_threshold": 11.344866730144373, "N_raw": 119, "N_roi": 118, "N_inlier": 117, "refit": true}
{"timestamp": "19:03:29.630543", "frame": 89, "mu": [0.06899731186069397, 2.0003151265799697, 0.16411173623673858], "Sigma": [[0.006526247127755778, 0.0002240472857022897, -0.006153113537583254], [0.0002240472857022897, 0.008325572315391458, -0.0029021464402489102], [-0.006153113537583254, -0.0029021464402489107, 0.009749433649917665]], "chi2_level": 0.99, "chi2_df": 3, "chi2_threshold": 11.344866730144373, "N_raw": 76, "N_roi": 74, "N_inlier": 70, "refit": true}
{"timestamp": "19:03:29.688112", "frame": 90, "mu": [0.11171191395476555, 2.109693422922057, -0.21169397828436037], "Sigma": [[0.008087145735715279, -0.007172651759420133, 0.018413065174774534], [-0.007172651759420133, 0.03471449534617366, -0.0913464441515259], [0.018413065174774534, -0.0913464441515259, 0.2967547480255139]], "chi2_level": 0.99, "chi2_df": 3, "chi2_threshold": 11.344866730144373, "N_raw": 98, "N_roi": 98, "N_inlier": 95, "refit": true}
{"timestamp": "19:03:29.741075", "frame": 91, "mu": [0.15969772307863012, 2.090765867613387, 0.016335208014315136], "Sigma": [[0.006877604216420985, -0.0007686741497246318, -0.004412124971981535], [-0.0007686741497246318, 0.00968420541570541, -0.0033499351455422706], [-0.004412124971981535, -0.0033499351455422706, 0.005602999248875276]], "chi2_level": 0.99, "chi2_df": 3, "chi2_threshold": 11.344866730144373, "N_raw": 82, "N_roi": 82, "N_inlier": 78, "refit": true}
{"timestamp": "19:03:29.794350", "frame": 92, "mu": [0.17923501775506206, 2.247897221697301, -0.4082713919868265], "Sigma": [[0.012289367631856058, -0.011219029072897032, 0.030900002986733746], [-0.011219029072897032, 0.025124360157663138, -0.07346438042943478], [0.030900002986733746, -0.07346438042943478, 0.2500939756307526]], "chi2_level": 0.99, "chi2_df": 3, "chi2_threshold": 11.344866730144373, "N_raw": 69, "N_roi": 68, "N_inlier": 66, "refit": true}
{"timestamp": "19:03:29.845921", "frame": 93, "mu": [0.18465858519301648, 2.241099045980392, -0.41839128885388066], "Sigma": [[0.01621616662542618, -0.014121356172222672, 0.04740130144797691], [-0.014121356172222672, 0.03036679136681065, -0.09481193185047354], [0.047401301447976905, -0.09481193185047354, 0.31156742151818356]], "chi2_level": 0.99, "chi2_df": 3, "chi2_threshold": 11.344866730144373, "N_raw": 48, "N_roi": 47, "N_inlier": 46, "refit": true}
{"timestamp": "19:03:29.904880", "frame": 94, "mu": [0.20703973627031141, 2.091492573739822, -0.8033830025634034], "Sigma": [[0.01870498445733671, 0.002619917270861476, 0.07405032100425735], [0.002619917270861476, 0.004022663605003655, 0.007040560529595686], [0.07405032100425735, 0.007040560529595686, 0.3757238363942807]], "chi2_level": 0.99, "chi2_df": 3, "chi2_threshold": 11.344866730144373, "N_raw": 71, "N_roi": 71, "N_inlier": 68, "refit": true}
{"timestamp": "19:03:29.956707", "frame": 95, "mu": [0.2372217274990307, 2.2808757524031615, -0.6762182271361694], "Sigma": [[0.01710862913241093, -0.001103649849307064, 0.0743362900922574], [-0.001103649849307064, 0.02352817190117952, -0.01574224696825539], [0.07433629009225741, -0.01574224696825539, 0.41309820442078476]], "chi2_level": 0.99, "chi2_df": 3, "chi2_threshold": 11.344866730144373, "N_raw": 52, "N_roi": 52, "N_inlier": 50, "refit": true}
{"timestamp": "19:03:30.014702", "frame": 96, "mu": [0.35223751772133227, 2.160815103559638, 1.4210251410759305], "Sigma": [[0.00767965832748579, -0.001315692936324404, -0.003679695760132989], [-0.001315692936324404, 0.00430335176471299, -0.004604323391099514], [-0.003679695760132989, -0.004604323391099514, 0.035203618751123926]], "chi2_level": 0.99, "chi2_df": 3, "chi2_threshold": 11.344866730144373, "N_raw": 74, "N_roi": 74, "N_inlier": 68, "refit": true}
{"timestamp": "19:03:30.072234", "frame": 97, "mu": [0.3785235399960551, 2.3200514880666128, -0.3694858636623136], "Sigma": [[0.006559700800484057, 0.0025936570326978363, -0.0017317644463049117], [0.0025936570326978363, 0.029627253554478837, -0.0776295817474646], [-0.001731764446304912, -0.07762958174746458, 0.45280891851931043]], "chi2_level": 0.99, "chi2_df": 3, "chi2_threshold": 11.344866730144373, "N_raw": 89, "N_roi": 89, "N_inlier": 87, "refit": true}
{"timestamp": "19:03:30.121831", "frame": 98, "mu": [0.41412752834442096, 2.2230975513401288, 1.3286308343149438], "Sigma": [[0.00978259013494371, -0.0028090107249503665, -0.02024269432030306], [-0.0028090107249503665, 0.002464714529210598, 0.0047384713909251865], [-0.02024269432030306, 0.004738471390925187, 0.05503777917612953]], "chi2_level": 0.99, "chi2_df": 3, "chi2_threshold": 11.344866730144373, "N_raw": 50, "N_roi": 50, "N_inlier": 46, "refit": true}
{"timestamp": "19:03:30.178195", "frame": 99, "mu": [0.4113092809917846, 2.2565616962390624, 1.3163229010753854], "Sigma": [[0.005978212963916479, -0.0008127607905847971, 0.0020774378084897965], [-0.0008127607905847972, 0.003991140270698369, 0.0012482585012864797], [0.0020774378084897965, 0.0012482585012864795, 0.09065548894340876]], "chi2_level": 0.99, "chi2_df": 3, "chi2_threshold": 11.344866730144373, "N_raw": 61, "N_roi": 61, "N_inlier": 58, "refit": true}
{"timestamp": "19:03:30.355941", "frame": 100, "mu": [0.48460157730918096, 2.417161953708272, -0.39064071913439413], "Sigma": [[0.0022924739124498437, 0.0026937558846752644, -0.010688802004025347], [0.0026937558846752644, 0.03405096339513893, -0.11792601734421804], [-0.010688802004025347, -0.11792601734421802, 0.42332102024231927]], "chi2_level": 0.99, "chi2_df": 3, "chi2_threshold": 11.344866730144373, "N_raw": 15, "N_roi": 15, "N_inlier": 15, "refit": true}
{"timestamp": "19:03:30.386871", "frame": 101, "mu": [0.4732254320722223, 2.3117860059652657, 1.114413260469935], "Sigma": [[0.007251509541284658, -0.0012592380788853696, -0.0016902491285768748], [-0.0012592380788853696, 0.005175507524662769, 0.0006356328601022135], [-0.0016902491285768748, 0.0006356328601022133, 0.010320793826541073]], "chi2_level": 0.99, "chi2_df": 3, "chi2_threshold": 11.344866730144373, "N_raw": 44, "N_roi": 44, "N_inlier": 40, "refit": true}
{"timestamp": "19:03:30.416959", "frame": 102, "mu": [0.48013170726698967, 2.2888192689784708, 0.706573732531605], "Sigma": [[0.002471905760072053, -0.0019345772261869013, -0.020554045268154977], [-0.0019345772261869015, 0.02391477317911234, 0.10608006684262604], [-0.02055404526815497, 0.10608006684262603, 0.7973296976005012]], "chi2_level": 0.99, "chi2_df": 3, "chi2_threshold": 11.344866730144373, "N_raw": 11, "N_roi": 11, "N_inlier": 11, "refit": true}
{"timestamp": "19:03:30.449141", "frame": 103, "mu": [0.490177445420737, 2.4145380176382116, 1.2482647427211413], "Sigma": [[0.005462600310263791, -0.0018820055179193506, -0.004944178686903076], [-0.0018820055179193506, 0.0013606443082800495, -0.0013023456245157689], [-0.004944178686903075, -0.0013023456245157689, 0.029483548027474268]], "chi2_level": 0.99, "chi2_df": 3, "chi2_threshold": 11.344866730144373, "N_raw": 38, "N_roi": 38, "N_inlier": 35, "refit": true}
{"timestamp": "19:03:30.479832", "frame": 104, "mu": [0.5194909983896268, 2.4747693982226395, -0.8829988417233076], "Sigma": [[0.008902131508729576, -0.005691801399821279, -0.03168702694997158], [-0.005691801399821279, 0.010091263730572763, 0.043384167930461556], [-0.03168702694997158, 0.043384167930461556, 0.3316601199439227]], "chi2_level": 0.99, "chi2_df": 3, "chi2_threshold": 11.344866730144373, "N_raw": 75, "N_roi": 75, "N_inlier": 69, "refit": true}
{"timestamp": "19:03:30.511341", "frame": 105, "mu": [0.5948373871081855, 2.4748043031781717, 1.2938541908520242], "Sigma": [[0.004636548969257388, -0.0030043904154100592, -0.0014790174172508701], [-0.003004390415410059, 0.005352780909106556, 0.007311156582874527], [-0.0014790174172508697, 0.007311156582874527, 0.10332128619277425]], "chi2_level": 0.99, "chi2_df": 3, "chi2_threshold": 11.344866730144373, "N_raw": 40, "N_roi": 40, "N_inlier": 37, "refit": true}
{"timestamp": "19:03:30.559995", "frame": 106, "mu": [0.6481305914504117, 2.485605738244624, 1.3355498064848146], "Sigma": [[0.0087432902504817, 0.001397815563512168, 0.020583962251708818], [0.001397815563512168, 0.004106435759544176, 0.014271943912965879], [0.020583962251708814, 0.014271943912965879, 0.1986512840330161]], "chi2_level": 0.99, "chi2_df": 3, "chi2_threshold": 11.344866730144373, "N_raw": 44, "N_roi": 44, "N_inlier": 41, "refit": true}
{"timestamp": "19:03:30.614312", "frame": 107, "mu": [0.6365384454875788, 2.572122666849159, 0.7925718834108736], "Sigma": [[0.004329000640836385, -0.0014562646146899574, 0.02150686718960635], [-0.0014562646146899574, 0.00336650798498903, -0.02209056833163486], [0.02150686718960635, -0.02209056833163486, 0.5379772310399052]], "chi2_level": 0.99, "chi2_df": 3, "chi2_threshold": 11.344866730144373, "N_raw": 34, "N_roi": 34, "N_inlier": 33, "refit": true}
{"timestamp": "19:03:30.668940", "frame": 108, "mu": [0.6741223699373711, 2.6121041645438385, 1.2757027025952006], "Sigma": [[0.0060679014136862065, -0.004445964230000024, 0.016606553885870987], [-0.004445964230000024, 0.008451724731747802, -0.030510197732655037], [0.016606553885870987, -0.030510197732655037, 0.14241034003480954]], "chi2_level": 0.99, "chi2_df": 3, "chi2_threshold": 11.344866730144373, "N_raw": 38, "N_roi": 38, "N_inlier": 37, "refit": true}
{"timestamp": "19:03:30.721486", "frame": 109, "mu": [0.6927813657248445, 2.6659967262158535, 1.0627773470191968], "Sigma": [[0.0037290705764851237, -0.006403450523350029, 0.024492818877831984], [-0.00640345052335003, 0.017698553870349912, -0.05294453308921979], [0.024492818877831987, -0.0529445330892198, 0.26044137554094293]], "chi2_level": 0.99, "chi2_df": 3, "chi2_threshold": 11.344866730144373, "N_raw": 15, "N_roi": 15, "N_inlier": 15, "refit": true}
{"timestamp": "19:03:30.785931", "frame": 110, "mu": [0.736117197741729, 2.679569262670201, 1.0136937183850352], "Sigma": [[0.007290331939208924, -0.0019821215145914735, 0.004370940267257076], [-0.0019821215145914735, 0.007140261498714559, -0.023344922418133362], [0.004370940267257077, -0.023344922418133362, 0.33356327076814707]], "chi2_level": 0.99, "chi2_df": 3, "chi2_threshold": 11.344866730144373, "N_raw": 82, "N_roi": 78, "N_inlier": 78, "refit": true}
{"timestamp": "19:03:30.839917", "frame": 111, "mu": [0.820478083854664, 2.7721874133530324, -0.6577134024613748], "Sigma": [[0.009228824296569672, 0.0042094368360746925, 0.01932687297101692], [0.0042094368360746925, 0.028919809363370717, -0.061447380656064574], [0.01932687297101692, -0.061447380656064574, 0.7824157888951323]], "chi2_level": 0.99, "chi2_df": 3, "chi2_threshold": 11.344866730144373, "N_raw": 71, "N_roi": 71, "N_inlier": 70, "refit": true}
{"timestamp": "19:03:30.889977", "frame": 112, "mu": [0.8299496878638649, 2.870138263687162, -0.5371241559591321], "Sigma": [[0.007284502058288328, 1.9670217557459305e-05, -0.012891644501185927], [1.9670217557459305e-05, 0.046357010457761305, -0.1478941410615882], [-0.01289164450118593, -0.1478941410615882, 0.5854385937087877]], "chi2_level": 0.99, "chi2_df": 3, "chi2_threshold": 11.344866730144373, "N_raw": 39, "N_roi": 39, "N_inlier": 38, "refit": true}
{"timestamp": "19:03:30.945497", "frame": 113, "mu": [0.7832464349159369, 2.706528691651272, 1.4304914059013005], "Sigma": [[0.008832614395420607, -0.0036561560798175257, 0.008384323857749516], [-0.0036561560798175265, 0.00489694143011885, -0.009800266749926602], [0.008384323857749518, -0.009800266749926602, 0.08682997137921045]], "chi2_level": 0.99, "chi2_df": 3, "chi2_threshold": 11.344866730144373, "N_raw": 43, "N_roi": 43, "N_inlier": 40, "refit": true}
{"timestamp": "19:03:31.004980", "frame": 114, "mu": [0.800228275790652, 2.786270547757216, 1.1304402291706732], "Sigma": [[0.01621266715226966, -0.006130541843944365, 0.019433946774631356], [-0.0061305418439443655, 0.005508310486864042, -0.024909794714022226], [0.019433946774631356, -0.024909794714022226, 0.18901650349159993]], "chi2_level": 0.99, "chi2_df": 3, "chi2_threshold": 11.344866730144373, "N_raw": 77, "N_roi": 77, "N_inlier": 73, "refit": true}
{"timestamp": "19:03:31.056389", "frame": 115, "mu": [0.8410311322588884, 2.8224464386581105, 1.0951463439286395], "Sigma": [[0.014570223959273142, -0.0051397761442262034, 0.028160576791083913], [-0.0051397761442262034, 0.0048757374107025195, -0.011865489558364018], [0.028160576791083913, -0.011865489558364016, 0.2924006334611413]], "chi2_level": 0.99, "chi2_df": 3, "chi2_threshold": 11.344866730144373, "N_raw": 55, "N_roi": 55, "N_inlier": 54, "refit": true}
{"timestamp": "19:03:31.111388", "frame": 116, "mu": [0.9362291718612941, 2.87306292065772, 0.11815769136619199], "Sigma": [[0.012268111329261715, 0.00025063809832996285, -0.013478239116243513], [0.00025063809832996263, 0.011006634256900396, -0.022937561830172093], [-0.013478239116243514, -0.022937561830172093, 0.07300029654414343]], "chi2_level": 0.99, "chi2_df": 3, "chi2_threshold": 11.344866730144373, "N_raw": 50, "N_roi": 50, "N_inlier": 47, "refit": true}
{"timestamp": "19:03:31.164591", "frame": 117, "mu": [1.0070420789881902, 2.8214915291404155, 1.45736349071616], "Sigma": [[0.010924719420660554, -0.0033238855766697904, -0.0009086157468262711], [-0.0033238855766697904, 0.004472927055536968, -0.006172720719921639], [-0.0009086157468262711, -0.006172720719921639, 0.04752057103094131]], "chi2_level": 0.99, "chi2_df": 3, "chi2_threshold": 11.344866730144373, "N_raw": 42, "N_roi": 42, "N_inlier": 39, "refit": true}
{"timestamp": "19:03:31.222784", "frame": 118, "mu": [1.0091343912504211, 2.855890201092949, 1.259555862703346], "Sigma": [[0.025899226334186405, -0.01264005775874954, 0.02492698583937629], [-0.01264005775874954, 0.009802997370414282, -0.027594851906453055], [0.02492698583937629, -0.027594851906453055, 0.1409070335234803]], "chi2_level": 0.99, "chi2_df": 3, "chi2_threshold": 11.344866730144373, "N_raw": 66, "N_roi": 66, "N_inlier": 63, "refit": true}
{"timestamp": "19:03:31.274598", "frame": 119, "mu": [1.0850905151580954, 2.850931543413795, 1.455364599299695], "Sigma": [[0.01213173304640526, -0.0037034003512366343, -0.006494825252332921], [-0.0037034003512366343, 0.0038525755750046086, -0.001109554398381062], [-0.006494825252332921, -0.001109554398381062, 0.009615044272830914]], "chi2_level": 0.99, "chi2_df": 3, "chi2_threshold": 11.344866730144373, "N_raw": 42, "N_roi": 42, "N_inlier": 40, "refit": true}
{"timestamp": "19:03:31.329908", "frame": 120, "mu": [1.0905676330886287, 3.039476526726094, -0.05631110054696448], "Sigma": [[0.017008912180159666, -0.008725431589855443, -0.0003900628296779531], [-0.008725431589855445, 0.018106314341894497, -0.02049734167833491], [-0.00039006282967795226, -0.02049734167833491, 0.034999005033436975]], "chi2_level": 0.99, "chi2_df": 3, "chi2_threshold": 11.344866730144373, "N_raw": 46, "N_roi": 46, "N_inlier": 43, "refit": true}
{"timestamp": "19:03:31.386089", "frame": 121, "mu": [1.135631359752945, 2.917358017656108, 1.4067380371821807], "Sigma": [[0.014104884273493573, -0.006000936360576284, -0.011838199568317005], [-0.006000936360576284, 0.0060191405219785265, -0.002815777495259881], [-0.011838199568317005, -0.002815777495259881, 0.04255240600649573]], "chi2_level": 0.99, "chi2_df": 3, "chi2_threshold": 11.344866730144373, "N_raw": 52, "N_roi": 52, "N_inlier": 48, "refit": true}
{"timestamp": "19:03:31.438315", "frame": 122, "mu": [1.1379036332497285, 2.960985599107724, 1.4057225956747874], "Sigma": [[0.010336458284096064, -0.005714103043049737, -0.008776287379891196], [-0.005714103043049737, 0.008070279705644105, -0.009936252001296327], [-0.008776287379891194, -0.009936252001296327, 0.067732627422883]], "chi2_level": 0.99, "chi2_df": 3, "chi2_threshold": 11.344866730144373, "N_raw": 34, "N_roi": 34, "N_inlier": 32, "refit": true}
{"timestamp": "19:03:31.492726", "frame": 123, "mu": [1.135046784449255, 2.972098644002096, 1.4957969384396177], "Sigma": [[0.009447373299233095, -0.0037202043623182743, -0.008880752013559512], [-0.0037202043623182743, 0.0037732393272714615, 0.0012348720354986365], [-0.00888075201355951, 0.0012348720354986363, 0.016594854037590857]], "chi2_level": 0.99, "chi2_df": 3, "chi2_threshold": 11.344866730144373, "N_raw": 36, "N_roi": 36, "N_inlier": 34, "refit": true}
{"timestamp": "19:03:31.545797", "frame": 124, "mu": [1.1421734877522238, 3.0618676016175908, 1.2908403207425827], "Sigma": [[0.009925730192095599, -0.003725524796559927, -0.053161025481562485], [-0.003725524796559927, 0.00564630252994222, 0.02402232454650984], [-0.053161025481562485, 0.02402232454650984, 0.33721144956144616]], "chi2_level": 0.99, "chi2_df": 3, "chi2_threshold": 11.344866730144373, "N_raw": 15, "N_roi": 15, "N_inlier": 15, "refit": true}
{"timestamp": "19:03:31.601366", "frame": 125, "mu": [1.1584913694132433, 3.0666371453000565, 1.4696085566867296], "Sigma": [[0.010213937171576403, -0.0046101580926318315, -0.007876563363448906], [-0.0046101580926318315, 0.004181673567898987, 0.0028897694749246013], [-0.007876563363448906, 0.002889769474924601, 0.008074691908230031]], "chi2_level": 0.99, "chi2_df": 3, "chi2_threshold": 11.344866730144373, "N_raw": 27, "N_roi": 27, "N_inlier": 26, "refit": true}
{"timestamp": "19:03:31.653945", "frame": 126, "mu": [1.2374960064007814, 3.0249263985634816, 1.1863649761287263], "Sigma": [[0.0008971056683549635, 0.00024062704966779024, -0.004190967794820049], [0.0002406270496677902, 0.000966190266097045, -0.002369325808287446], [-0.004190967794820049, -0.0023693258082874468, 0.07175884694126747]], "chi2_level": 0.99, "chi2_df": 3, "chi2_threshold": 11.344866730144373, "N_raw": 7, "N_roi": 7, "N_inlier": 7, "refit": true}
{"timestamp": "19:03:31.718325", "frame": 127, "mu": [1.2158954008632332, 3.143530644038035, 1.436303097651323], "Sigma": [[0.015145576577073126, -0.006134932017097297, -0.00731298723683486], [-0.006134932017097297, 0.008009497929280273, -0.00333344279672391], [-0.007312987236834861, -0.0033334427967239106, 0.019840824970133862]], "chi2_level": 0.99, "chi2_df": 3, "chi2_threshold": 11.344866730144373, "N_raw": 65, "N_roi": 65, "N_inlier": 63, "refit": true}
