{"timestamp": "19:00:54.735820", "frame": 46, "mu": [1.4485306225047945, 0.7233218253529707, 1.2321133036276521], "Sigma": [[0.24947758905392775, 0.06312343817271812, -0.07330079468255062], [0.06312343817271812, 0.06130367358782744, -0.14500281879188565], [-0.07330079468255062, -0.14500281879188565, 0.3860007287247252]], "chi2_level": 0.99, "chi2_df": 3, "chi2_threshold": 11.344866730144373, "N_raw": 7, "N_roi": 7, "N_inlier": 7, "refit": true}
{"timestamp": "19:00:54.955952", "frame": 50, "mu": [1.4810061693569097, 0.8330693150007149, 1.351548556034627], "Sigma": [[0.0011748057302483153, 0.0013636433058954174, -0.002792018279977292], [0.0013636433058954174, 0.0035581338452606165, -0.003205401054503494], [-0.002792018279977292, -0.003205401054503494, 0.0120422317217124]], "chi2_level": 0.99, "chi2_df": 3, "chi2_threshold": 11.344866730144373, "N_raw": 5, "N_roi": 5, "N_inlier": 5, "refit": true}
{"timestamp": "19:00:55.011104", "frame": 51, "mu": [1.4450626770692159, 0.8974988806849814, 1.5148226636840465], "Sigma": [[0.0015845618839873548, 0.0018179336010435887, 0.0036555464243051053], [0.001817933601043589, 0.008834583108482905, 0.022157152149273475], [0.003655546424305105, 0.022157152149273475, 0.08616419482599838]], "chi2_level": 0.99, "chi2_df": 3, "chi2_threshold": 11.344866730144373, "N_raw": 8, "N_roi": 8, "N_inlier": 8, "refit": true}
{"timestamp": "19:00:55.067662", "frame": 52, "mu": [1.3947998883051116, 1.0048852257660852, 1.639799645871521], "Sigma": [[0.003510859418179827, -0.0010397764021914538, 0.00016758234596916705], [-0.0010397764021914538, 0.0026636602159090033, -0.0007570111198118073], [0.00016758234596916705, -0.0007570111198118073, 0.00022150853955155579]], "chi2_level": 0.99, "chi2_df": 3, "chi2_threshold": 11.344866730144373, "N_raw": 22, "N_roi": 22, "N_inlier": 20, "refit": true}
{"timestamp": "19:00:55.120728", "frame": 53, "mu": [1.304740844997859, 0.9820013575758082, 1.1857698748239154], "Sigma": [[0.005886645360758784, 0.008455214642465538, -0.01979645481023137], [0.008455214642465538, 0.012822959335204043, -0.03317733478800961], [-0.01979645481023137, -0.033177334788009605, 0.17198536579347365]], "chi2_level": 0.99, "chi2_df": 3, "chi2_threshold": 11.344866730144373, "N_raw": 5, "N_roi": 5, "N_inlier": 5, "refit": true}
{"timestamp": "19:00:55.234457", "frame": 55, "mu": [1.233743176359381, 1.1013100573459367, 1.504305252078455], "Sigma": [[0.005450503917140775, -0.002254978767785436, -0.0036912175063138057], [-0.0022549787677854363, 0.005222266097760028, 0.006359527971231644], [-0.0036912175063138052, 0.006359527971231644, 0.028691785388849794]], "chi2_level": 0.99, "chi2_df": 3, "chi2_threshold": 11.344866730144373, "N_raw": 31, "N_roi": 31, "N_inlier": 31, "refit": true}
{"timestamp": "19:00:55.288959", "frame": 56, "mu": [1.1824139755901195, 1.1827786891005887, 1.5791114720867674], "Sigma": [[0.004567913869734172, -0.000963484826771125, 0.0014612601278846734], [-0.000963484826771125, 0.003651849235556038, 0.0013681767742962227], [0.0014612601278846736, 0.0013681767742962227, 0.00834174420041436]], "chi2_level": 0.99, "chi2_df": 3, "chi2_threshold": 11.344866730144373, "N_raw": 31, "N_roi": 31, "N_inlier": 29, "refit": true}
{"timestamp": "19:00:55.346923", "frame": 57, "mu": [1.1758595674327414, 1.2661028481249745, 1.6320295844164021], "Sigma": [[0.004837516302445065, -0.0010578985750344739, -5.587948100538656e-05], [-0.0010578985750344739, 0.004530358820533121, 0.0005528665269572823], [-5.587948100538656e-05, 0.0005528665269572823, 0.00029616011033901864]], "chi2_level": 0.99, "chi2_df": 3, "chi2_threshold": 11.344866730144373, "N_raw": 35, "N_roi": 35, "N_inlier": 35, "refit": true}
{"timestamp": "19:00:55.402253", "frame": 58, "mu": [1.1274074759292816, 1.3234368167469348, 1.701840880296869], "Sigma": [[0.0034671021588677793, -0.0009660027609379298, -0.0001258154070823862], [-0.0009660027609379296, 0.004749724464030636, 0.00022367258588837464], [-0.00012581540708238618, 0.0002236725858883747, 0.00025498642651766105]], "chi2_level": 0.99, "chi2_df": 3, "chi2_threshold": 11.344866730144373, "N_raw": 34, "N_roi": 34, "N_inlier": 32, "refit": true}
{"timestamp": "19:00:55.452650", "frame": 59, "mu": [1.1442607604242356, 1.2556167405020502, 1.2731990524593257], "Sigma": [[0.006323740708579572, -0.008910559527300651, -0.04201729906208379], [-0.008910559527300653, 0.017638943596827678, 0.06854094899773483], [-0.04201729906208379, 0.06854094899773482, 0.29769185613915355]], "chi2_level": 0.99, "chi2_df": 3, "chi2_threshold": 11.344866730144373, "N_raw": 6, "N_roi": 6, "N_inlier": 6, "refit": true}
{"timestamp": "19:00:55.507769", "frame": 60, "mu": [1.037088911548178, 1.3671205304898566, 1.5327059550544946], "Sigma": [[0.0038095829418427346, 0.0008634784039556252, -0.010316580810125715], [0.0008634784039556252, 0.0031638043699668424, 0.005397837535364135], [-0.010316580810125715, 0.005397837535364135, 0.049220353107461756]], "chi2_level": 0.99, "chi2_df": 3, "chi2_threshold": 11.344866730144373, "N_raw": 6, "N_roi": 6, "N_inlier": 6, "refit": true}
{"timestamp": "19:00:55.564389", "frame": 61, "mu": [1.0363936936098441, 1.4354051732108744, 1.6222516783948109], "Sigma": [[0.0025010172860861087, -0.0007642121483273025, -0.005244829325998506], [-0.0007642121483273026, 0.0030766390316897857, 0.009913907177285], [-0.005244829325998505, 0.009913907177285, 0.05605801834058104]], "chi2_level": 0.99, "chi2_df": 3, "chi2_threshold": 11.344866730144373, "N_raw": 16, "N_roi": 16, "N_inlier": 16, "refit": true}
{"timestamp": "19:00:55.618404", "frame": 62, "mu": [1.0292140076403293, 1.4076961169091118, 1.401759354411181], "Sigma": [[0.006097353161294239, -0.005640149244729268, -0.035995259907914585], [-0.005640149244729269, 0.009924546139116149, 0.04490867748386759], [-0.035995259907914585, 0.04490867748386759, 0.2587385485000491]], "chi2_level": 0.99, "chi2_df": 3, "chi2_threshold": 11.344866730144373, "N_raw": 6, "N_roi": 6, "N_inlier": 6, "refit": true}
{"timestamp": "19:00:55.672889", "frame": 63, "mu": [1.0161593929556259, 1.330416348534092, 0.9248634533121205], "Sigma": [[0.003075060493848932, -0.002622335390641406, -0.010533628237759418], [-0.002622335390641406, 0.009375909502248514, 0.06108244571163953], [-0.010533628237759418, 0.06108244571163953, 0.5745696081247395]], "chi2_level": 0.99, "chi2_df": 3, "chi2_threshold": 11.344866730144373, "N_raw": 8, "N_roi": 8, "N_inlier": 8, "refit": true}
{"timestamp": "19:00:55.729806", "frame": 64, "mu": [0.9715249359022762, 1.436548866731775, 1.1498419770224613], "Sigma": [[0.0058657493879403005, -0.0038244158106728746, 0.012103817606031055], [-0.003824415810672874, 0.013057278020514882, 0.02195955386556537], [0.012103817606031055, 0.02195955386556537, 0.2922584181569094]], "chi2_level": 0.99, "chi2_df": 3, "chi2_threshold": 11.344866730144373, "N_raw": 19, "N_roi": 19, "N_inlier": 19, "refit": true}
{"timestamp": "19:00:55.786632", "frame": 65, "mu": [0.845761941025503, 1.5307625172494814, 1.264966766862877], "Sigma": [[0.005655906008818617, -0.0025980922559270007, 0.026692183342126002], [-0.0025980922559270007, 0.003453482625307718, -0.010564667560747278], [0.026692183342125995, -0.010564667560747277, 0.4030954502914909]], "chi2_level": 0.99, "chi2_df": 3, "chi2_threshold": 11.344866730144373, "N_raw": 33, "N_roi": 33, "N_inlier": 31, "refit": true}
{"timestamp": "19:00:55.838027", "frame": 66, "mu": [0.826249903037612, 1.598630134974592, 1.124605965659391], "Sigma": [[0.011856074474338646, -0.003718440096140022, 0.06126627773247499], [-0.003718440096140022, 0.01213611604870518, -0.04752283892088347], [0.061266277732475, -0.04752283892088347, 0.4322205239664791]], "chi2_level": 0.99, "chi2_df": 3, "chi2_threshold": 11.344866730144373, "N_raw": 8, "N_roi": 8, "N_inlier": 8, "refit": true}
{"timestamp": "19:00:55.895947", "frame": 67, "mu": [0.7873869301254478, 1.5018362733128507, 1.1540019754265245], "Sigma": [[0.0042925873064668385, -0.0036304716790778154, 0.014417984557870144], [-0.003630471679077816, 0.008369220314218722, -0.03541192211393249], [0.014417984557870144, -0.03541192211393249, 0.1901505839213241]], "chi2_level": 0.99, "chi2_df": 3, "chi2_threshold": 11.344866730144373, "N_raw": 26, "N_roi": 26, "N_inlier": 25, "refit": true}
{"timestamp": "19:00:55.952145", "frame": 68, "mu": [0.8119141073374201, 1.5482207568288402, -0.6501359416142144], "Sigma": [[0.007662644183721924, 0.0003777963572104824, 0.02978010007053046], [0.0003777963572104825, 0.006936664395026593, -0.012465246570173316], [0.02978010007053046, -0.012465246570173314, 0.19666622468154835]], "chi2_level": 0.99, "chi2_df": 3, "chi2_threshold": 11.344866730144373, "N_raw": 38, "N_roi": 38, "N_inlier": 37, "refit": true}
{"timestamp": "19:00:56.012808", "frame": 69, "mu": [0.7441309843282706, 1.6253989810165657, -0.6333175244858111], "Sigma": [[0.00412831498138471, 0.0026536854121417437, 0.008989025454538356], [0.0026536854121417433, 0.00632713430469195, 0.012966483876606686], [0.008989025454538356, 0.012966483876606687, 0.17761241024127142]], "chi2_level": 0.99, "chi2_df": 3, "chi2_threshold": 11.344866730144373, "N_raw": 71, "N_roi": 71, "N_inlier": 69, "refit": true}
{"timestamp": "19:00:56.068634", "frame": 70, "mu": [0.7009383840245047, 1.5686609068375885, 1.0101421284328531], "Sigma": [[0.005327277990926599, -0.0022573288634396334, -0.0037006956951800723], [-0.0022573288634396334, 0.002432443035008453, 0.0013768562789812449], [-0.003700695695180072, 0.0013768562789812449, 0.021550670904487545]], "chi2_level": 0.99, "chi2_df": 3, "chi2_threshold": 11.344866730144373, "N_raw": 53, "N_roi": 53, "N_inlier": 49, "refit": true}
{"timestamp": "19:00:56.125382", "frame": 71, "mu": [0.7883132904156414, 1.89904545127816, -0.6290308267502577], "Sigma": [[0.018232032728744248, 0.0028046471638077325, -0.00479962182279773], [0.0028046471638077334, 0.031064045042065627, -0.09375893851734764], [-0.00479962182279773, -0.09375893851734764, 0.3221398257092904]], "chi2_level": 0.99, "chi2_df": 3, "chi2_threshold": 11.344866730144373, "N_raw": 85, "N_roi": 85, "N_inlier": 82, "refit": true}
{"timestamp": "19:00:56.178857", "frame": 72, "mu": [0.6164787628393339, 1.7721107365084126, -0.09469843140711878], "Sigma": [[0.006675578894403274, -0.0006091887634079591, 0.02746330156593469], [-0.000609188763407959, 0.00832481360708349, -0.03528875307904526], [0.027463301565934687, -0.03528875307904526, 0.3969293568367817]], "chi2_level": 0.99, "chi2_df": 3, "chi2_threshold": 11.344866730144373, "N_raw": 81, "N_roi": 81, "N_inlier": 79, "refit": true}
{"timestamp": "19:00:56.230791", "frame": 73, "mu": [0.48647734677421756, 1.6730673497173485, 1.3356938022780456], "Sigma": [[0.004253881030473868, 0.0004404653163441497, -0.0008598123168991577], [0.0004404653163441497, 0.004189934443123828, -0.00304519053477069], [-0.0008598123168991575, -0.00304519053477069, 0.004453186113059711]], "chi2_level": 0.99, "chi2_df": 3, "chi2_threshold": 11.344866730144373, "N_raw": 54, "N_roi": 54, "N_inlier": 50, "refit": true}
{"timestamp": "19:00:56.291168", "frame": 74, "mu": [0.5106348094303332, 1.7370621334189074, 1.328358568245346], "Sigma": [[0.00822788353123179, -0.00019313114223453917, -0.007585651977262239], [-0.00019313114223453907, 0.0056974488882003665, -0.0038517718402696025], [-0.00758565197726224, -0.0038517718402696025, 0.02529213897469899]], "chi2_level": 0.99, "chi2_df": 3, "chi2_threshold": 11.344866730144373, "N_raw": 98, "N_roi": 98, "N_inlier": 94, "refit": true}
{"timestamp": "19:00:56.342860", "frame": 75, "mu": [0.4578304027745116, 1.8451458436720931, -0.09600325728752789], "Sigma": [[0.006391234498978319, 0.0023733577792124996, 0.0020204998743262874], [0.002373357779212499, 0.006798726245030373, 0.004562036504836595], [0.002020499874326287, 0.004562036504836595, 0.004356302108917972]], "chi2_level": 0.99, "chi2_df": 3, "chi2_threshold": 11.344866730144373, "N_raw": 66, "N_roi": 66, "N_inlier": 62, "refit": true}
{"timestamp": "19:00:56.398504", "frame": 76, "mu": [0.4353963774595596, 1.8107925046396869, 1.4170104834854664], "Sigma": [[0.005576599618461713, -0.00036532310091312944, -0.004243354370896499], [-0.00036532310091312933, 0.005233108528582406, 0.006903914692565164], [-0.004243354370896499, 0.006903914692565164, 0.06736186861556033]], "chi2_level": 0.99, "chi2_df": 3, "chi2_threshold": 11.344866730144373, "N_raw": 80, "N_roi": 80, "N_inlier": 75, "refit": true}
{"timestamp": "19:00:56.449157", "frame": 77, "mu": [0.4480283116227633, 1.8583909199995883, 1.4158197325338184], "Sigma": [[0.007057476326208958, 0.003750681187892777, 0.006517193025688606], [0.003750681187892777, 0.0049889134307800785, 0.0019213784817681393], [0.006517193025688606, 0.0019213784817681391, 0.022644936597766473]], "chi2_level": 0.99, "chi2_df": 3, "chi2_threshold": 11.344866730144373, "N_raw": 45, "N_roi": 45, "N_inlier": 42, "refit": true}
{"timestamp": "19:00:56.501779", "frame": 78, "mu": [0.4070894848773896, 1.9238293286705481, 1.5772397255192825], "Sigma": [[0.0034440006335813202, -6.466340965949086e-05, 0.002180344544446088], [-6.466340965949086e-05, 0.002253238174786014, 0.0012976770883519465], [0.002180344544446088, 0.0012976770883519465, 0.027252960957123443]], "chi2_level": 0.99, "chi2_df": 3, "chi2_threshold": 11.344866730144373, "N_raw": 36, "N_roi": 35, "N_inlier": 33, "refit": true}
{"timestamp": "19:00:56.559242", "frame": 79, "mu": [0.3978263371500732, 1.9865845497298518, 1.675473801427632], "Sigma": [[0.004169475384717145, 0.00019416215910080838, -0.001617571432413286], [0.00019416215910080816, 0.004877223271845072, 0.001809898387463493], [-0.001617571432413286, 0.0018098983874634928, 0.018919444687439575]], "chi2_level": 0.99, "chi2_df": 3, "chi2_threshold": 11.344866730144373, "N_raw": 50, "N_roi": 50, "N_inlier": 46, "refit": true}
{"timestamp": "19:00:56.616316", "frame": 80, "mu": [0.31616482534167756, 1.991293914905377, 1.2435691616076985], "Sigma": [[0.00787380934419962, 0.001001925027059726, -0.01803098191812543], [0.001001925027059726, 0.0024453189107206427, -0.00495147251222331], [-0.01803098191812543, -0.004951472512223311, 0.11697507778886905]], "chi2_level": 0.99, "chi2_df": 3, "chi2_threshold": 11.344866730144373, "N_raw": 63, "N_roi": 62, "N_inlier": 59, "refit": true}
{"timestamp": "19:00:56.671431", "frame": 81, "mu": [0.26279354188300896, 1.9993732453824116, 1.3712502408569245], "Sigma": [[0.007736205128835604, 0.0007323107177498713, -0.00254368604791025], [0.0007323107177498713, 0.00293246091919901, -0.003049310402465294], [-0.00254368604791025, -0.003049310402465294, 0.004840573625022199]], "chi2_level": 0.99, "chi2_df": 3, "chi2_threshold": 11.344866730144373, "N_raw": 63, "N_roi": 61, "N_inlier": 56, "refit": true}
{"timestamp": "19:00:56.725031", "frame": 82, "mu": [0.23832684140419952, 2.1048931062792295, 1.107417917011345], "Sigma": [[0.006701481686046408, 0.0017588333816006964, -0.025228846106579605], [0.0017588333816006966, 0.0034579880210306676, -0.004487076872569998], [-0.025228846106579602, -0.004487076872569997, 0.3401395378697621]], "chi2_level": 0.99, "chi2_df": 3, "chi2_threshold": 11.344866730144373, "N_raw": 59, "N_roi": 59, "N_inlier": 59, "refit": true}
{"timestamp": "19:00:56.784221", "frame": 83, "mu": [0.20925359050074951, 2.085236138260863, 1.2764388727102187], "Sigma": [[0.008392336011577796, -0.0005856105742695855, -0.005642338063259372], [-0.0005856105742695855, 0.0026674502672613108, -0.009992068603068144], [-0.005642338063259372, -0.009992068603068144, 0.0772067207738469]], "chi2_level": 0.99, "chi2_df": 3, "chi2_threshold": 11.344866730144373, "N_raw": 85, "N_roi": 85, "N_inlier": 78, "refit": true}
{"timestamp": "19:00:56.844607", "frame": 84, "mu": [0.1320806120946722, 2.135315031150787, 1.121078062593163], "Sigma": [[0.007599782544434378, -0.0007947702676745255, -0.0007836552588090316], [-0.0007947702676745255, 0.0035323306488595167, -0.010526532160097357], [-0.0007836552588090327, -0.010526532160097357, 0.3045094302133411]], "chi2_level": 0.99, "chi2_df": 3, "chi2_threshold": 11.344866730144373, "N_raw": 106, "N_roi": 103, "N_inlier": 99, "refit": true}
{"timestamp": "19:00:56.894857", "frame": 85, "mu": [0.12584711170808804, 2.2047211023301116, 1.5082638217741127], "Sigma": [[0.009202246657084386, 0.0003942794996262901, -0.0044068418275217455], [0.00039427949962629014, 0.006778447070406225, -0.0018752001528219771], [-0.0044068418275217455, -0.0018752001528219771, 0.004976549511966564]], "chi2_level": 0.99, "chi2_df": 3, "chi2_threshold": 11.344866730144373, "N_raw": 82, "N_roi": 82, "N_inlier": 72, "refit": true}
{"timestamp": "19:00:56.948846", "frame": 86, "mu": [0.1313486344735855, 2.2480806383338443, 1.4503847551488684], "Sigma": [[0.009130167994760059, 0.0010087254543542715, -0.003550030963327071], [0.0010087254543542715, 0.002617782288376255, -0.0060964916595528384], [-0.003550030963327071, -0.0060964916595528384, 0.04475269174395893]], "chi2_level": 0.99, "chi2_df": 3, "chi2_threshold": 11.344866730144373, "N_raw": 78, "N_roi": 78, "N_inlier": 73, "refit": true}
{"timestamp": "19:00:57.002315", "frame": 87, "mu": [0.05420069798968876, 2.266980554478953, 1.6063954617333016], "Sigma": [[0.009174279984435058, 0.002471091633924224, 0.006676115879503564], [0.002471091633924224, 0.006131557167981082, 0.0026574139249938645], [0.0066761158795035636, 0.0026574139249938645, 0.009427452477417799]], "chi2_level": 0.99, "chi2_df": 3, "chi2_threshold": 11.344866730144373, "N_raw": 65, "N_roi": 65, "N_inlier": 59, "refit": true}
{"timestamp": "19:00:57.058375", "frame": 88, "mu": [0.019019813486044174, 2.329168433306493, 1.507600212191638], "Sigma": [[0.009416618233067851, 0.0016373545456900612, -0.004344672955348569], [0.0016373545456900614, 0.0047646387371046124, -0.003335475526579636], [-0.004344672955348568, -0.003335475526579636, 0.012577778829254605]], "chi2_level": 0.99, "chi2_df": 3, "chi2_threshold": 11.344866730144373, "N_raw": 73, "N_roi": 68, "N_inlier": 64, "refit": true}
{"timestamp": "19:00:57.110399", "frame": 89, "mu": [-0.04257340520375399, 2.3546196610932495, 1.3840216810140151], "Sigma": [[0.006067358868920368, 0.00012942008048398213, 0.006595515776482926], [0.00012942008048398213, 0.004463949730518851, -0.0011533266829953093], [0.006595515776482926, -0.0011533266829953093, 0.15874312679855004]], "chi2_level": 0.99, "chi2_df": 3, "chi2_threshold": 11.344866730144373, "N_raw": 53, "N_roi": 53, "N_inlier": 50, "refit": true}
{"timestamp": "19:00:57.170493", "frame": 90, "mu": [-0.0090741241233254, 2.406590769407511, 1.2460678197772361], "Sigma": [[0.02125768218190118, 0.002023275721646174, -0.05447960447062837], [0.002023275721646174, 0.0022734943816722832, -0.015905790728833163], [-0.05447960447062836, -0.015905790728833163, 0.2414092799193114]], "chi2_level": 0.99, "chi2_df": 3, "chi2_threshold": 11.344866730144373, "N_raw": 89, "N_roi": 87, "N_inlier": 83, "refit": true}
{"timestamp": "19:00:57.224738", "frame": 91, "mu": [-0.14796688765960175, 2.407547358387812, 1.4402610777528402], "Sigma": [[0.012940533492305424, 0.0018024939047937172, -0.009775829248970063], [0.0018024939047937174, 0.008205994747549879, -0.0036099426390749203], [-0.009775829248970063, -0.0036099426390749203, 0.011857144894262194]], "chi2_level": 0.99, "chi2_df": 3, "chi2_threshold": 11.344866730144373, "N_raw": 87, "N_roi": 87, "N_inlier": 84, "refit": true}
{"timestamp": "19:00:57.276466", "frame": 92, "mu": [-0.06986719508855956, 2.4483498013754956, 1.1614247619958893], "Sigma": [[0.023112604201193276, 0.001113124930781145, -0.07230591152000801], [0.0011131249307811447, 0.003081284398737405, -0.010153041492982712], [-0.07230591152000801, -0.010153041492982712, 0.2925437365731377]], "chi2_level": 0.99, "chi2_df": 3, "chi2_threshold": 11.344866730144373, "N_raw": 65, "N_roi": 65, "N_inlier": 61, "refit": true}
{"timestamp": "19:00:57.339477", "frame": 93, "mu": [-0.14304290000582442, 2.5201577659712617, -0.23753191646625368], "Sigma": [[0.01959108985001028, 0.0021501593054504917, 0.06642127504062592], [0.0021501593054504917, 0.005111496268056233, -0.005821330665570942], [0.06642127504062592, -0.005821330665570942, 0.576696748282986]], "chi2_level": 0.99, "chi2_df": 3, "chi2_threshold": 11.344866730144373, "N_raw": 119, "N_roi": 119, "N_inlier": 118, "refit": true}
{"timestamp": "19:00:57.391989", "frame": 94, "mu": [-0.19148265932928676, 2.549237739684248, 1.1619505345372367], "Sigma": [[0.013809942303420884, 0.004119712108510225, -0.024846047282640085], [0.004119712108510225, 0.01069867522890774, -0.04252837897269653], [-0.024846047282640085, -0.04252837897269653, 0.217687653090152]], "chi2_level": 0.99, "chi2_df": 3, "chi2_threshold": 11.344866730144373, "N_raw": 90, "N_roi": 90, "N_inlier": 87, "refit": true}
{"timestamp": "19:00:57.442843", "frame": 95, "mu": [-0.2558440341464918, 2.517844504349788, 1.291421730812038], "Sigma": [[0.012718472784354914, -0.001232682931916426, -0.014871294458595467], [-0.001232682931916426, 0.0025736970890962575, -0.00128230456885596], [-0.014871294458595467, -0.0012823045688559597, 0.08587942705849028]], "chi2_level": 0.99, "chi2_df": 3, "chi2_threshold": 11.344866730144373, "N_raw": 66, "N_roi": 64, "N_inlier": 61, "refit": true}
{"timestamp": "19:00:57.497457", "frame": 96, "mu": [-0.2570686526981835, 2.5158989361146866, 0.6914509610197925], "Sigma": [[0.008953008442562504, -0.0009571740567663527, -0.01073574756742394], [-0.0009571740567663526, 0.0035584343049931202, 0.021916613329891498], [-0.010735747567423935, 0.021916613329891498, 0.44326801074290956]], "chi2_level": 0.99, "chi2_df": 3, "chi2_threshold": 11.344866730144373, "N_raw": 72, "N_roi": 71, "N_inlier": 70, "refit": true}
{"timestamp": "19:00:57.552402", "frame": 97, "mu": [-0.3011900168965864, 2.6577457500415576, -0.5471829381411822], "Sigma": [[0.014893406316590857, 0.004205480840376919, 0.023714156981207907], [0.004205480840376919, 0.008402390972833622, 0.015542204541186483], [0.02371415698120791, 0.015542204541186483, 0.08689837613003529]], "chi2_level": 0.99, "chi2_df": 3, "chi2_threshold": 11.344866730144373, "N_raw": 64, "N_roi": 64, "N_inlier": 60, "refit": true}
{"timestamp": "19:00:57.614457", "frame": 98, "mu": [-0.45948382209651834, 2.636239200413147, -0.4428174364360339], "Sigma": [[0.022277551673139218, -0.004758198638697291, 0.13895029675114495], [-0.004758198638697291, 0.009063478377067846, -0.034866348607155304], [0.13895029675114495, -0.034866348607155304, 1.2375594938767283]], "chi2_level": 0.99, "chi2_df": 3, "chi2_threshold": 11.344866730144373, "N_raw": 116, "N_roi": 116, "N_inlier": 115, "refit": true}
{"timestamp": "19:00:57.665150", "frame": 99, "mu": [-0.48243022645479294, 2.6990897311886277, 0.746502912468188], "Sigma": [[0.02247259910124989, -0.006468239144066659, 0.045160847271588346], [-0.0064682391440666585, 0.011997795037435654, -0.0329205209055108], [0.04516084727158834, -0.0329205209055108, 0.28287241705481375]], "chi2_level": 0.99, "chi2_df": 3, "chi2_threshold": 11.344866730144373, "N_raw": 82, "N_roi": 82, "N_inlier": 80, "refit": true}
{"timestamp": "19:00:57.794766", "frame": 100, "mu": [-0.4464200027969316, 2.797054997050338, 0.035622923201761046], "Sigma": [[0.011429936370606613, 0.008626038896689517, -0.03316614894121281], [0.008626038896689517, 0.01523010342512253, -0.047833600114548264], [-0.03316614894121281, -0.047833600114548264, 0.17174534846831194]], "chi2_level": 0.99, "chi2_df": 3, "chi2_threshold": 11.344866730144373, "N_raw": 65, "N_roi": 65, "N_inlier": 61, "refit": true}
{"timestamp": "19:00:57.801535", "frame": 101, "mu": [-0.41723612621821915, 2.9999110720529356, -0.5084656749480669], "Sigma": [[0.012860062391840317, -0.004839217595772114, -0.0023381656443995707], [-0.004839217595772114, 0.008445147051180024, -0.01726944511362214], [-0.00233816564439957, -0.01726944511362214, 0.061961170453815675]], "chi2_level": 0.99, "chi2_df": 3, "chi2_threshold": 11.344866730144373, "N_raw": 30, "N_roi": 30, "N_inlier": 28, "refit": true}
{"timestamp": "19:00:57.833432", "frame": 102, "mu": [-0.5598632425916947, 2.8136247752935564, 1.204789547923187], "Sigma": [[0.017995979830548757, -0.0006137555032783191, -0.008904714874236243], [-0.0006137555032783189, 0.01327773512242801, -0.03514661402678469], [-0.008904714874236243, -0.03514661402678469, 0.2533585528204042]], "chi2_level": 0.99, "chi2_df": 3, "chi2_threshold": 11.344866730144373, "N_raw": 86, "N_roi": 86, "N_inlier": 85, "refit": true}
{"timestamp": "19:00:57.887878", "frame": 103, "mu": [-0.5586429298120414, 2.8202112166991746, 1.2844301857093807], "Sigma": [[0.015891219842822026, 0.002233908187642116, -0.02671378755493264], [0.002233908187642115, 0.006917611078432692, -0.011626919300216174], [-0.02671378755493264, -0.011626919300216173, 0.148470339124447]], "chi2_level": 0.99, "chi2_df": 3, "chi2_threshold": 11.344866730144373, "N_raw": 102, "N_roi": 98, "N_inlier": 96, "refit": true}
{"timestamp": "19:00:57.945507", "frame": 104, "mu": [-0.5948780979647159, 2.8939923675200045, 1.159989197182186], "Sigma": [[0.013054465223457167, 0.0027726413812049428, -0.016461280824564314], [0.0027726413812049428, 0.007421991931377866, -0.023168934620134595], [-0.016461280824564314, -0.023168934620134595, 0.1509313786397574]], "chi2_level": 0.99, "chi2_df": 3, "chi2_threshold": 11.344866730144373, "N_raw": 118, "N_roi": 113, "N_inlier": 112, "refit": true}
{"timestamp": "19:00:57.994927", "frame": 105, "mu": [-0.6762158579300255, 2.918139029327042, 1.1415546224937116], "Sigma": [[0.00982590085328247, 0.00018017298898818674, 0.000735174380246178], [0.00018017298898818652, 0.00801549192380629, -0.03494085246941181], [0.0007351743802461782, -0.03494085246941181, 0.22318260582694624]], "chi2_level": 0.99, "chi2_df": 3, "chi2_threshold": 11.344866730144373, "N_raw": 80, "N_roi": 78, "N_inlier": 78, "refit": true}
{"timestamp": "19:00:58.050785", "frame": 106, "mu": [-0.6943732684322266, 2.9369264487203135, -0.284056893035341], "Sigma": [[0.014171247526487962, 0.0004337523733899636, 0.07766291956556941], [0.00043375237338996313, 0.011355649131116008, -0.011102558853277007], [0.07766291956556941, -0.011102558853277007, 0.66481181176395]], "chi2_level": 0.99, "chi2_df": 3, "chi2_threshold": 11.344866730144373, "N_raw": 91, "N_roi": 91, "N_inlier": 90, "refit": true}
{"timestamp": "19:00:58.100848", "frame": 107, "mu": [-0.7089836443804307, 2.9499029249842397, 1.4125349349827934], "Sigma": [[0.011090461030887214, -0.00033224139185837056, 0.004778332961097584], [-0.00033224139185837067, 0.00322794703210446, -0.011037992092600847], [0.004778332961097584, -0.011037992092600847, 0.06574090466788202]], "chi2_level": 0.99, "chi2_df": 3, "chi2_threshold": 11.344866730144373, "N_raw": 54, "N_roi": 52, "N_inlier": 49, "refit": true}
{"timestamp": "19:00:58.155021", "frame": 108, "mu": [-0.7632059525625977, 3.028720724592995, 1.158775754894864], "Sigma": [[0.009964933163299583, -0.0001481719413359888, 0.027739769959066293], [-0.00014817194133598873, 0.005320288870181613, -0.022833342944453945], [0.027739769959066293, -0.022833342944453945, 0.3547374039700091]], "chi2_level": 0.99, "chi2_df": 3, "chi2_threshold": 11.344866730144373, "N_raw": 52, "N_roi": 51, "N_inlier": 50, "refit": true}
{"timestamp": "19:00:58.202994", "frame": 109, "mu": [-0.7909950084454601, 3.1961663606134665, -0.20195252406750766], "Sigma": [[0.0021276649173307244, 0.001694912752704108, -0.0033493032646451427], [0.0016949127527041085, 0.05031314149145942, -0.10425353874988309], [-0.0033493032646451427, -0.10425353874988309, 0.22990174152572354]], "chi2_level": 0.99, "chi2_df": 3, "chi2_threshold": 11.344866730144373, "N_raw": 11, "N_roi": 11, "N_inlier": 11, "refit": true}
{"timestamp": "19:00:58.258635", "frame": 110, "mu": [-0.784767013548952, 3.0700566794317945, 1.2172595515057094], "Sigma": [[0.001962469993384182, 0.0026368010849202755, -0.006248749889208628], [0.002636801084920275, 0.0039821692289367105, -0.009577924986430116], [-0.006248749889208628, -0.009577924986430116, 0.04008974018589192]], "chi2_level": 0.99, "chi2_df": 3, "chi2_threshold": 11.344866730144373, "N_raw": 12, "N_roi": 9, "N_inlier": 8, "refit": true}
{"timestamp": "19:00:58.320912", "frame": 111, "mu": [-0.7565759431595545, 3.13192877292851, 0.9166294095336944], "Sigma": [[0.017984402858755195, 0.0036780606836267016, -0.027086182899855118], [0.0036780606836267016, 0.002899604857444472, -0.00920438366933998], [-0.027086182899855118, -0.009204383669339978, 0.06710400853908124]], "chi2_level": 0.99, "chi2_df": 3, "chi2_threshold": 11.344866730144373, "N_raw": 63, "N_roi": 60, "N_inlier": 57, "refit": true}
{"timestamp": "19:00:58.378349", "frame": 112, "mu": [-0.8869167108659042, 3.1145256040719267, 1.1850478926080517], "Sigma": [[0.018549859458528314, 0.00864909763911172, -0.03075244090392485], [0.00864909763911172, 0.009053393768540386, -0.02350532432213593], [-0.03075244090392485, -0.02350532432213593, 0.08047203427135312]], "chi2_level": 0.99, "chi2_df": 3, "chi2_threshold": 11.344866730144373, "N_raw": 78, "N_roi": 78, "N_inlier": 76, "refit": true}
{"timestamp": "19:00:58.426518", "frame": 113, "mu": [-0.8065650455185431, 3.2069237395624626, 0.7719611630539708], "Sigma": [[0.021931110673245206, 0.006490739337092915, -0.03447165615572852], [0.006490739337092915, 0.005131454605703546, -0.014779826665723611], [-0.03447165615572852, -0.014779826665723611, 0.06488339208808566]], "chi2_level": 0.99, "chi2_df": 3, "chi2_threshold": 11.344866730144373, "N_raw": 30, "N_roi": 27, "N_inlier": 26, "refit": true}
{"timestamp": "19:00:58.483402", "frame": 114, "mu": [-1.037296039531329, 3.1631632456439105, 1.2975619185836949], "Sigma": [[0.00848655428326566, 0.0033016899654116287, -0.006144707123119336], [0.0033016899654116287, 0.006571415457356226, -0.017870069377970404], [-0.006144707123119337, -0.017870069377970404, 0.056136913383950576]], "chi2_level": 0.99, "chi2_df": 3, "chi2_threshold": 11.344866730144373, "N_raw": 44, "N_roi": 44, "N_inlier": 42, "refit": true}
{"timestamp": "19:00:58.537472", "frame": 115, "mu": [-1.0419995701255855, 3.1968470944189447, 1.4030216907358546], "Sigma": [[0.011498994487948475, 0.002564883433239453, -0.00816189181399902], [0.0025648834332394526, 0.0021900943893732095, -0.007135127249992343], [-0.008161891813999022, -0.007135127249992343, 0.029578148006347497]], "chi2_level": 0.99, "chi2_df": 3, "chi2_threshold": 11.344866730144373, "N_raw": 38, "N_roi": 38, "N_inlier": 35, "refit": true}
{"timestamp": "19:00:58.588497", "frame": 116, "mu": [-1.1316717888621823, 3.2550803375906807, 1.103536779744461], "Sigma": [[0.012900066789419597, -0.006469764444645244, 0.05502320079204893], [-0.006469764444645244, 0.004567442197611207, -0.023068506697123792], [0.05502320079204893, -0.023068506697123795, 0.25460819133170665]], "chi2_level": 0.99, "chi2_df": 3, "chi2_threshold": 11.344866730144373, "N_raw": 6, "N_roi": 6, "N_inlier": 6, "refit": true}
{"timestamp": "19:00:58.649342", "frame": 117, "mu": [-1.164720941739429, 3.336673267427723, 1.0492746023327877], "Sigma": [[0.01205892535626086, 4.0083527137737326e-05, -0.0007592090465269549], [4.008352713773754e-05, 0.018561958877474236, -0.06268428708274232], [-0.0007592090465269555, -0.06268428708274232, 0.22903958811774552]], "chi2_level": 0.99, "chi2_df": 3, "chi2_threshold": 11.344866730144373, "N_raw": 47, "N_roi": 47, "N_inlier": 46, "refit": true}
{"timestamp": "19:00:58.704254", "frame": 118, "mu": [-1.157608709385688, 3.263072306023998, 1.468456834922482], "Sigma": [[0.016757584019710482, 0.005878567259682048, -0.00935025714767457], [0.005878567259682048, 0.006036429617052755, -0.008136045913785871], [-0.00935025714767457, -0.008136045913785871, 0.01285203282868661]], "chi2_level": 0.99, "chi2_df": 3, "chi2_threshold": 11.344866730144373, "N_raw": 52, "N_roi": 52, "N_inlier": 51, "refit": true}
{"timestamp": "19:00:58.758726", "frame": 119, "mu": [-1.2792691170902022, 3.243021853337942, 1.5503013297139343], "Sigma": [[0.01426592098213674, 0.002689769116309966, -0.013932132462615722], [0.0026897691163099663, 0.004550975749054874, -0.008112972281280136], [-0.013932132462615722, -0.008112972281280136, 0.04336012741171098]], "chi2_level": 0.99, "chi2_df": 3, "chi2_threshold": 11.344866730144373, "N_raw": 49, "N_roi": 49, "N_inlier": 45, "refit": true}
{"timestamp": "19:00:58.816746", "frame": 120, "mu": [-1.1420276769190734, 3.391542311579474, 1.1063124693757298], "Sigma": [[0.0173991604671297, 0.0007024284884040397, -0.028223436998445664], [0.0007024284884040398, 0.0029189217147441897, 0.010387652114507675], [-0.028223436998445664, 0.010387652114507675, 0.2181845180725627]], "chi2_level": 0.99, "chi2_df": 3, "chi2_threshold": 11.344866730144373, "N_raw": 66, "N_roi": 64, "N_inlier": 63, "refit": true}
{"timestamp": "19:00:58.870742", "frame": 121, "mu": [-1.2581002070728897, 3.402092052649606, 1.3010914985892978], "Sigma": [[0.01632325877988624, 0.004878416748010402, -0.020306376882180642], [0.004878416748010402, 0.0036930980254519623, -0.011822397591247022], [-0.020306376882180642, -0.011822397591247022, 0.07616803886224896]], "chi2_level": 0.99, "chi2_df": 3, "chi2_threshold": 11.344866730144373, "N_raw": 56, "N_roi": 54, "N_inlier": 54, "refit": true}
{"timestamp": "19:00:58.922104", "frame": 122, "mu": [-1.2383289876601327, 3.4480437555957395, 1.001333546156814], "Sigma": [[0.01099428768779116, 0.0025126057276574575, -0.01720048540601809], [0.0025126057276574575, 0.0032895975282556294, -0.008469526956301286], [-0.017200485406018092, -0.008469526956301286, 0.04342855703398505]], "chi2_level": 0.99, "chi2_df": 3, "chi2_threshold": 11.344866730144373, "N_raw": 36, "N_roi": 36, "N_inlier": 35, "refit": true}
{"timestamp": "19:00:58.977912", "frame": 123, "mu": [-1.3505730712716688, 3.4582738305708385, 1.1102548918884407], "Sigma": [[0.015647954083417303, 0.004702068669163611, -0.023611653992423265], [0.004702068669163612, 0.002861100534554466, -0.011656807278381927], [-0.023611653992423265, -0.011656807278381927, 0.05728584739772345]], "chi2_level": 0.99, "chi2_df": 3, "chi2_threshold": 11.344866730144373, "N_raw": 43, "N_roi": 41, "N_inlier": 41, "refit": true}
{"timestamp": "19:00:59.032845", "frame": 124, "mu": [-1.4436320184135387, 3.4806551959720773, -0.09353787104706132], "Sigma": [[0.01643261880605539, 0.007785299949104719, 0.030812396730987263], [0.00778529994910472, 0.00732102331982824, 0.01603979820060128], [0.030812396730987263, 0.01603979820060128, 0.12239343540586786]], "chi2_level": 0.99, "chi2_df": 3, "chi2_threshold": 11.344866730144373, "N_raw": 40, "N_roi": 40, "N_inlier": 36, "refit": true}
{"timestamp": "19:00:59.089289", "frame": 125, "mu": [-1.4575284220240938, 3.5120244723196405, 1.5419138300493598], "Sigma": [[0.013513839620828654, 0.0033316130124945854, -0.014004227100182091], [0.0033316130124945854, 0.003887748919993853, -0.009030128570116185], [-0.01400422710018209, -0.009030128570116185, 0.03491549277259902]], "chi2_level": 0.99, "chi2_df": 3, "chi2_threshold": 11.344866730144373, "N_raw": 47, "N_roi": 43, "N_inlier": 40, "refit": true}
{"timestamp": "19:00:59.142335", "frame": 126, "mu": [-1.5251365693961665, 3.5330378876441215, -0.25476683685563867], "Sigma": [[0.014488569820244733, 0.0036577627492146852, -0.009457090126170969], [0.0036577627492146852, 0.004455911708097904, -0.0029801414234615674], [-0.009457090126170969, -0.0029801414234615674, 0.008388590007831957]], "chi2_level": 0.99, "chi2_df": 3, "chi2_threshold": 11.344866730144373, "N_raw": 38, "N_roi": 38, "N_inlier": 34, "refit": true}
{"timestamp": "19:00:59.201186", "frame": 127, "mu": [-1.5354449662687255, 3.633600598752093, 1.302606410684276], "Sigma": [[0.015403289603394288, 0.006275688238834014, -0.01543906837430561], [0.006275688238834014, 0.008538789866306263, -0.03396660050388095], [-0.01543906837430561, -0.03396660050388095, 0.21779036498043375]], "chi2_level": 0.99, "chi2_df": 3, "chi2_threshold": 11.344866730144373, "N_raw": 57, "N_roi": 57, "N_inlier": 57, "refit": true}
{"timestamp": "19:00:59.251320", "frame": 128, "mu": [-1.605032059524592, 3.734113714280944, 0.7398166598224559], "Sigma": [[0.014204291866691433, 0.003185798808969886, -0.007629230076726506], [0.0031857988089698855, 0.0040939359329047065, -0.014771267023241382], [-0.007629230076726506, -0.014771267023241382, 0.06731300584873157]], "chi2_level": 0.99, "chi2_df": 3, "chi2_threshold": 11.344866730144373, "N_raw": 31, "N_roi": 31, "N_inlier": 30, "refit": true}
{"timestamp": "19:00:59.304546", "frame": 129, "mu": [-1.6059161394308428, 3.718303743974346, 0.8771564329984392], "Sigma": [[0.012016253740827775, -0.0011409415472979007, 0.011914000779228315], [-0.0011409415472979005, 0.017738033171507652, -0.04705638232403182], [0.011914000779228315, -0.04705638232403182, 0.15291050381039117]], "chi2_level": 0.99, "chi2_df": 3, "chi2_threshold": 11.344866730144373, "N_raw": 12, "N_roi": 12, "N_inlier": 12, "refit": true}
{"timestamp": "19:00:59.359384", "frame": 130, "mu": [-1.4661847084892337, 3.7599930397149874, 0.8128022154499202], "Sigma": [[0.023363935146284476, 0.008871599296848854, -0.05319930260356098], [0.008871599296848852, 0.007812766958332117, -0.0409239560973698], [-0.05319930260356098, -0.0409239560973698, 0.2635890632796171]], "chi2_level": 0.99, "chi2_df": 3, "chi2_threshold": 11.344866730144373, "N_raw": 18, "N_roi": 18, "N_inlier": 17, "refit": true}
{"timestamp": "19:00:59.412901", "frame": 131, "mu": [-1.5320336041660199, 3.7411613857455452, 1.2600119204722853], "Sigma": [[0.012100439063883651, 0.004558598530544885, -0.04444930595715265], [0.0045585985305448854, 0.0035433243851447165, -0.01708877488783449], [-0.04444930595715265, -0.01708877488783449, 0.18407114241029435]], "chi2_level": 0.99, "chi2_df": 3, "chi2_threshold": 11.344866730144373, "N_raw": 12, "N_roi": 12, "N_inlier": 12, "refit": true}
{"timestamp": "19:00:59.468416", "frame": 132, "mu": [-1.5878675722306124, 3.777625489681115, 1.0926207930430254], "Sigma": [[0.010667526788514537, 0.0051727292377591865, -0.0031110712808624496], [0.0051727292377591865, 0.004691090692658765, -0.0011474196077195418], [-0.0031110712808624496, -0.0011474196077195418, 0.0034130703450655207]], "chi2_level": 0.99, "chi2_df": 3, "chi2_threshold": 11.344866730144373, "N_raw": 18, "N_roi": 18, "N_inlier": 17, "refit": true}
{"timestamp": "19:00:59.525640", "frame": 133, "mu": [-1.808088560454725, 3.6955252597248993, 1.506438114951933], "Sigma": [[0.018556355951793706, 0.007278529008090422, -0.013911006702059756], [0.007278529008090422, 0.004636927317145934, -0.007872604386799797], [-0.013911006702059756, -0.007872604386799797, 0.021090685654629973]], "chi2_level": 0.99, "chi2_df": 3, "chi2_threshold": 11.344866730144373, "N_raw": 28, "N_roi": 27, "N_inlier": 26, "refit": true}
{"timestamp": "19:00:59.581652", "frame": 134, "mu": [-1.7475825611277536, 3.805393322592509, 1.360578894929746], "Sigma": [[0.022416491632315946, 0.012236692364149608, -0.03540412007508237], [0.012236692364149608, 0.007913971437955579, -0.022949460753163647], [-0.03540412007508237, -0.022949460753163647, 0.08453371520006193]], "chi2_level": 0.99, "chi2_df": 3, "chi2_threshold": 11.344866730144373, "N_raw": 35, "N_roi": 34, "N_inlier": 33, "refit": true}
{"timestamp": "19:00:59.633578", "frame": 135, "mu": [-1.8219922546574925, 3.840537177961452, 0.0754341448876927], "Sigma": [[0.0168023659991154, 0.016571078922450026, 0.011848555809085564], [0.016571078922450026, 0.021014378459491986, 0.00437182992662742], [0.011848555809085566, 0.00437182992662742, 0.17353576642841553]], "chi2_level": 0.99, "chi2_df": 3, "chi2_threshold": 11.344866730144373, "N_raw": 13, "N_roi": 13, "N_inlier": 13, "refit": true}
