{"timestamp": "18:43:27.130244", "frame": 31, "mu": [1.4950294358934109, 1.0720360810471725, 1.0074532417093096], "Sigma": [[0.0023692660759583916, -0.0008384502627115137, -0.017437925660208284], [-0.0008384502627115139, 0.008131204159454794, 0.06027276174037816], [-0.017437925660208284, 0.06027276174037816, 0.524322730095121]], "chi2_level": 0.99, "chi2_df": 3, "chi2_threshold": 11.344866730144373, "N_raw": 7, "N_roi": 7, "N_inlier": 7, "refit": true}
{"timestamp": "18:43:27.185674", "frame": 32, "mu": [1.4601860693454194, 1.2797904567000147, 0.8837084374710129], "Sigma": [[0.007522066049183749, 0.005143974146937978, 0.03174452185063391], [0.005143974146937978, 0.024492926626935044, -0.038582311156856564], [0.03174452185063391, -0.03858231115685657, 0.3212253286097194]], "chi2_level": 0.99, "chi2_df": 3, "chi2_threshold": 11.344866730144373, "N_raw": 7, "N_roi": 7, "N_inlier": 7, "refit": true}
{"timestamp": "18:43:27.241752", "frame": 33, "mu": [1.3485216110877474, 1.259865438356805, 1.0173169307779781], "Sigma": [[0.008305654899822403, 0.0010204814462582525, 0.03712331304660965], [0.0010204814462582525, 0.01776675956344928, -0.04605719623654772], [0.03712331304660966, -0.04605719623654772, 0.36515068691808017]], "chi2_level": 0.99, "chi2_df": 3, "chi2_threshold": 11.344866730144373, "N_raw": 13, "N_roi": 13, "N_inlier": 13, "refit": true}
{"timestamp": "18:43:27.297055", "frame": 34, "mu": [1.253081257299634, 1.2801916036686907, 1.2342566459924542], "Sigma": [[0.006859094507966257, -0.007619468084161205, 0.03025877804503835], [-0.007619468084161205, 0.010837895835437225, -0.035219682221934674], [0.03025877804503835, -0.03521968222193467, 0.28438437845826525]], "chi2_level": 0.99, "chi2_df": 3, "chi2_threshold": 11.344866730144373, "N_raw": 17, "N_roi": 17, "N_inlier": 16, "refit": true}
{"timestamp": "18:43:27.359488", "frame": 35, "mu": [1.2507583599986123, 1.2906706441269098, 1.0930015472858865], "Sigma": [[0.004377307756298589, -0.0027112354060662407, -0.002367759413723557], [-0.0027112354060662407, 0.008797267815227966, 0.0036377509655535997], [-0.002367759413723557, 0.003637750965553599, 0.2995465563360235]], "chi2_level": 0.99, "chi2_df": 3, "chi2_threshold": 11.344866730144373, "N_raw": 66, "N_roi": 66, "N_inlier": 61, "refit": true}
{"timestamp": "18:43:27.410020", "frame": 36, "mu": [1.21397070737546, 1.2674739193763302, 1.040648607311051], "Sigma": [[0.002592415996584703, -0.002131173700657861, -0.005166755344396744], [-0.002131173700657861, 0.0040613200562342145, 0.009341147521745936], [-0.005166755344396744, 0.009341147521745936, 0.0616092586895227]], "chi2_level": 0.99, "chi2_df": 3, "chi2_threshold": 11.344866730144373, "N_raw": 21, "N_roi": 21, "N_inlier": 20, "refit": true}
{"timestamp": "18:43:27.462545", "frame": 37, "mu": [1.0827485931254952, 1.461037080426735, 0.9284329827716276], "Sigma": [[0.0004616954883295607, 0.0006970762426386297, -0.004002620198911044], [0.0006970762426386297, 0.003726583345946328, -0.01288326851711971], [-0.004002620198911045, -0.012883268517119708, 0.5759099092850672]], "chi2_level": 0.99, "chi2_df": 3, "chi2_threshold": 11.344866730144373, "N_raw": 7, "N_roi": 7, "N_inlier": 7, "refit": true}
{"timestamp": "18:43:27.517426", "frame": 38, "mu": [1.1651357036993968, 1.5780605167816075, -0.6255710905931897], "Sigma": [[0.00538903795211135, 0.008901581227670364, -0.051219139951803376], [0.008901581227670364, 0.016010507720756288, -0.09547384174526076], [-0.051219139951803376, -0.09547384174526076, 0.6013955232219157]], "chi2_level": 0.99, "chi2_df": 3, "chi2_threshold": 11.344866730144373, "N_raw": 8, "N_roi": 8, "N_inlier": 8, "refit": true}
{"timestamp": "18:43:27.578274", "frame": 39, "mu": [0.927877876620274, 1.4094430044458501, 1.3535827426118592], "Sigma": [[0.005649155115377659, -0.0011878379637133443, -0.0020543491449291898], [-0.0011878379637133441, 0.00438494225496673, -0.0013248986035821306], [-0.0020543491449291898, -0.0013248986035821308, 0.002047655850632488]], "chi2_level": 0.99, "chi2_df": 3, "chi2_threshold": 11.344866730144373, "N_raw": 50, "N_roi": 50, "N_inlier": 49, "refit": true}
{"timestamp": "18:43:27.633438", "frame": 40, "mu": [0.8964847735251169, 1.4589619957335922, 1.3373932070487722], "Sigma": [[0.005620226830127831, -0.001952556298571113, -0.002270311875806324], [-0.001952556298571113, 0.0030298561527772796, -0.0008707016585303455], [-0.002270311875806324, -0.0008707016585303455, 0.004485852916388324]], "chi2_level": 0.99, "chi2_df": 3, "chi2_threshold": 11.344866730144373, "N_raw": 46, "N_roi": 46, "N_inlier": 42, "refit": true}
{"timestamp": "18:43:27.692550", "frame": 41, "mu": [0.8636238713157359, 1.491067878380658, 1.2385925986812016], "Sigma": [[0.008112765870238662, -0.0029485244532684854, -0.008769562707801569], [-0.0029485244532684854, 0.0026792552004820352, 0.0010611198399444006], [-0.008769562707801567, 0.0010611198399444004, 0.025195225368021656]], "chi2_level": 0.99, "chi2_df": 3, "chi2_threshold": 11.344866730144373, "N_raw": 73, "N_roi": 73, "N_inlier": 68, "refit": true}
{"timestamp": "18:43:27.748572", "frame": 42, "mu": [0.8351994683338125, 1.7122641658496578, -0.3265435227187231], "Sigma": [[0.008076520435417728, 0.0004749665252528504, -0.009234698318573672], [0.00047496652525285044, 0.006144936384575888, -0.008090949594925598], [-0.00923469831857367, -0.008090949594925598, 0.023660227478980105]], "chi2_level": 0.99, "chi2_df": 3, "chi2_threshold": 11.344866730144373, "N_raw": 83, "N_roi": 83, "N_inlier": 81, "refit": true}
{"timestamp": "18:43:27.801324", "frame": 43, "mu": [0.8218123657290995, 1.669590681585425, 1.2213349237130906], "Sigma": [[0.007381399157502521, -0.0014636693483635619, -0.009976613066234607], [-0.0014636693483635619, 0.0017587003550517295, 0.0017199479986741858], [-0.009976613066234607, 0.0017199479986741858, 0.0626636007075962]], "chi2_level": 0.99, "chi2_df": 3, "chi2_threshold": 11.344866730144373, "N_raw": 64, "N_roi": 64, "N_inlier": 60, "refit": true}
{"timestamp": "18:43:27.857463", "frame": 44, "mu": [0.7417174359849334, 1.683663402934234, 1.2646108473681852], "Sigma": [[0.005750635894223317, -4.325700210658351e-05, 0.000677197152842419], [-4.325700210658365e-05, 0.0029427624104531036, -0.005179610060964545], [0.0006771971528424188, -0.005179610060964545, 0.026541064653373542]], "chi2_level": 0.99, "chi2_df": 3, "chi2_threshold": 11.344866730144373, "N_raw": 77, "N_roi": 77, "N_inlier": 72, "refit": true}
{"timestamp": "18:43:27.908854", "frame": 45, "mu": [0.7529812846417457, 1.7968438438378889, 0.30280666908251036], "Sigma": [[0.0069641012778037786, -0.0035604852784795462, -0.020944254362389815], [-0.0035604852784795462, 0.008908712761067509, -0.01790603740427764], [-0.02094425436238981, -0.017906037404277635, 0.36587862299452417]], "chi2_level": 0.99, "chi2_df": 3, "chi2_threshold": 11.344866730144373, "N_raw": 19, "N_roi": 19, "N_inlier": 19, "refit": true}
{"timestamp": "18:43:27.962663", "frame": 46, "mu": [0.6624640168309722, 1.7869070966212344, 1.0743774749608392], "Sigma": [[0.007105594555312651, 0.0006935639938155915, -0.021194040282704753], [0.0006935639938155914, 0.002122577416399774, -0.007672361433709985], [-0.021194040282704753, -0.007672361433709985, 0.1724238120100377]], "chi2_level": 0.99, "chi2_df": 3, "chi2_threshold": 11.344866730144373, "N_raw": 41, "N_roi": 41, "N_inlier": 40, "refit": true}
{"timestamp": "18:43:28.021475", "frame": 47, "mu": [0.5632527923389269, 1.9996768898071613, -0.32527876970061537], "Sigma": [[0.004400542936434504, 1.6766674264596015e-05, -0.0019157779312259987], [1.676667426459607e-05, 0.01184613236423268, -0.03130968905735813], [-0.0019157779312259982, -0.03130968905735813, 0.09303431812545813]], "chi2_level": 0.99, "chi2_df": 3, "chi2_threshold": 11.344866730144373, "N_raw": 64, "N_roi": 64, "N_inlier": 61, "refit": true}
{"timestamp": "18:43:28.069984", "frame": 48, "mu": [0.5332690575680163, 1.8910391459721185, 0.8068269436632672], "Sigma": [[0.0017039679108766341, 0.0011948746466909086, -0.010027529507809142], [0.0011948746466909086, 0.002539521174172666, -0.01809491547853008], [-0.010027529507809142, -0.018094915478530083, 0.34109470780523915]], "chi2_level": 0.99, "chi2_df": 3, "chi2_threshold": 11.344866730144373, "N_raw": 16, "N_roi": 13, "N_inlier": 13, "refit": true}
{"timestamp": "18:43:28.132603", "frame": 49, "mu": [0.4806385976832144, 1.953380929520454, 1.1771556374205532], "Sigma": [[0.006780733448201654, -0.000221342901515191, -0.004932500582218153], [-0.00022134290151519103, 0.002839372758646122, -0.003407495427059045], [-0.004932500582218153, -0.003407495427059045, 0.06282822886326864]], "chi2_level": 0.99, "chi2_df": 3, "chi2_threshold": 11.344866730144373, "N_raw": 73, "N_roi": 73, "N_inlier": 69, "refit": true}
{"timestamp": "18:43:28.188897", "frame": 50, "mu": [0.39429853901939826, 2.000555316824679, 1.3713511144577724], "Sigma": [[0.007787157557207695, 0.0006637727790170809, -0.002564325115246312], [0.0006637727790170806, 0.004642477433864166, -7.983634341668074e-05], [-0.0025643251152463113, -7.983634341668074e-05, 0.028281714970813963]], "chi2_level": 0.99, "chi2_df": 3, "chi2_threshold": 11.344866730144373, "N_raw": 75, "N_roi": 75, "N_inlier": 71, "refit": true}
{"timestamp": "18:43:28.244417", "frame": 51, "mu": [0.36449606602657647, 2.0995047015345145, 1.4363351097559165], "Sigma": [[0.007294608362666112, 0.0004868882655593884, -0.0026746296689732743], [0.00048688826555938844, 0.004097764044653874, -0.005324801034643801], [-0.0026746296689732743, -0.005324801034643802, 0.014459661255443738]], "chi2_level": 0.99, "chi2_df": 3, "chi2_threshold": 11.344866730144373, "N_raw": 76, "N_roi": 70, "N_inlier": 66, "refit": true}
{"timestamp": "18:43:28.295564", "frame": 52, "mu": [0.2804715662855516, 2.1019702462224235, 1.538598799647981], "Sigma": [[0.0055781255236074185, -0.00010884972166644915, -0.0027777735013953695], [-0.00010884972166644893, 0.006299033101580922, 0.0034714580180691718], [-0.0027777735013953695, 0.0034714580180691718, 0.007529989509709174]], "chi2_level": 0.99, "chi2_df": 3, "chi2_threshold": 11.344866730144373, "N_raw": 54, "N_roi": 51, "N_inlier": 48, "refit": true}
{"timestamp": "18:43:28.344298", "frame": 53, "mu": [0.187487534708396, 2.2183518190533404, 1.3720855667788547], "Sigma": [[0.014165992336087225, -0.0073918607459580905, 0.06347136325229301], [-0.00739186074595809, 0.007407410751921135, -0.040440930970364164], [0.06347136325229302, -0.040440930970364164, 0.3486267279589439]], "chi2_level": 0.99, "chi2_df": 3, "chi2_threshold": 11.344866730144373, "N_raw": 18, "N_roi": 16, "N_inlier": 15, "refit": true}
{"timestamp": "18:43:28.408453", "frame": 54, "mu": [0.1552536603771213, 2.2148651971973967, 1.5129646577673628], "Sigma": [[0.010114029471597175, 0.002344813364365046, -0.004406250752689789], [0.0023448133643650454, 0.007499895736466983, 0.0003083233603473428], [-0.004406250752689789, 0.00030832336034734256, 0.028913877768376908]], "chi2_level": 0.99, "chi2_df": 3, "chi2_threshold": 11.344866730144373, "N_raw": 84, "N_roi": 82, "N_inlier": 78, "refit": true}
{"timestamp": "18:43:28.467452", "frame": 55, "mu": [0.1005959787699246, 2.2643855982457404, 1.4225445850276417], "Sigma": [[0.011556627202961418, 0.002484483366907448, -0.015392476259777913], [0.0024844833669074484, 0.0064680632620560076, -0.005109417039041336], [-0.015392476259777913, -0.005109417039041336, 0.060705708493447516]], "chi2_level": 0.99, "chi2_df": 3, "chi2_threshold": 11.344866730144373, "N_raw": 99, "N_roi": 78, "N_inlier": 71, "refit": true}
{"timestamp": "18:43:28.521913", "frame": 56, "mu": [-0.0006383110385127872, 2.3255849287960193, 0.9983957129248655], "Sigma": [[0.010268714303299141, 0.003658704704253422, -0.017523715472433542], [0.003658704704253422, 0.004722092735745929, -0.011259290374830803], [-0.017523715472433542, -0.011259290374830803, 0.44140884479689924]], "chi2_level": 0.99, "chi2_df": 3, "chi2_threshold": 11.344866730144373, "N_raw": 96, "N_roi": 92, "N_inlier": 91, "refit": true}
{"timestamp": "18:43:28.581173", "frame": 57, "mu": [-0.04993737629894459, 2.342912701597583, 0.8826064082932014], "Sigma": [[0.011976284348428802, 0.002446441960324286, -0.03702186184911695], [0.002446441960324286, 0.008157973081825297, -0.0026522627371435062], [-0.03702186184911695, -0.002652262737143506, 0.4944585142550346]], "chi2_level": 0.99, "chi2_df": 3, "chi2_threshold": 11.344866730144373, "N_raw": 121, "N_roi": 117, "N_inlier": 117, "refit": true}
{"timestamp": "18:43:28.629425", "frame": 58, "mu": [-0.1325222641142403, 2.3886786402869697, 1.264099052941684], "Sigma": [[0.009440853683564279, 0.003885772148118568, 0.007741195214657127], [0.003885772148118568, 0.00757214140984299, 0.021126635383929653], [0.007741195214657127, 0.021126635383929653, 0.3774395613783957]], "chi2_level": 0.99, "chi2_df": 3, "chi2_threshold": 11.344866730144373, "N_raw": 85, "N_roi": 85, "N_inlier": 84, "refit": true}
{"timestamp": "18:43:28.688477", "frame": 59, "mu": [-0.23667561550931937, 2.4384735344383333, 1.2405943486984934], "Sigma": [[0.020350840151722713, 0.00044339287607969753, 0.05648826103564361], [0.0004433928760796969, 0.009161604683323788, -0.00316093060634017], [0.05648826103564361, -0.00316093060634017, 0.4623543001575361]], "chi2_level": 0.99, "chi2_df": 3, "chi2_threshold": 11.344866730144373, "N_raw": 106, "N_roi": 105, "N_inlier": 104, "refit": true}
{"timestamp": "18:43:28.738618", "frame": 60, "mu": [-0.22732965835164587, 2.504067489910044, 0.20000325317999032], "Sigma": [[0.012923422620222632, 0.005603880870570991, -0.005580420957590886], [0.005603880870570991, 0.008976490366075283, 0.00031277582815761334], [-0.005580420957590886, 0.00031277582815761356, 0.005197640905545297]], "chi2_level": 0.99, "chi2_df": 3, "chi2_threshold": 11.344866730144373, "N_raw": 76, "N_roi": 74, "N_inlier": 69, "refit": true}
{"timestamp": "18:43:28.795484", "frame": 61, "mu": [-0.15215722843171064, 2.484001576921178, 0.8888427626706376], "Sigma": [[0.020771467481784493, -0.011078800528435892, -0.07401753689675354], [-0.011078800528435892, 0.015534939144598475, 0.07999005112071081], [-0.07401753689675354, 0.07999005112071081, 0.585758360539866]], "chi2_level": 0.99, "chi2_df": 3, "chi2_threshold": 11.344866730144373, "N_raw": 91, "N_roi": 91, "N_inlier": 89, "refit": true}
{"timestamp": "18:43:28.853383", "frame": 62, "mu": [-0.35575161613786616, 2.5666992389240173, 0.738551663925982], "Sigma": [[0.023095022553797747, 0.001007304196990607, 0.027904971763023312], [0.001007304196990607, 0.016101587856224564, 0.027415822251350447], [0.027904971763023312, 0.027415822251350443, 0.46316166318645097]], "chi2_level": 0.99, "chi2_df": 3, "chi2_threshold": 11.344866730144373, "N_raw": 117, "N_roi": 117, "N_inlier": 116, "refit": true}
{"timestamp": "18:43:28.907429", "frame": 63, "mu": [-0.3732377670729353, 2.655017207173536, 1.3886484603746656], "Sigma": [[0.020972752383008796, 0.00435747071717644, -0.04170054481815852], [0.00435747071717644, 0.008785487842520374, -0.002320538854699193], [-0.04170054481815852, -0.002320538854699193, 0.15541544028577461]], "chi2_level": 0.99, "chi2_df": 3, "chi2_threshold": 11.344866730144373, "N_raw": 99, "N_roi": 99, "N_inlier": 98, "refit": true}
{"timestamp": "18:43:28.964039", "frame": 64, "mu": [-0.46752396372070626, 2.6905792092275993, 1.278744841809687], "Sigma": [[0.01810291784481026, 0.002505196698253169, 0.00029915337649931645], [0.002505196698253169, 0.013198574579185378, -0.010589188496427733], [0.0002991533764993171, -0.010589188496427733, 0.20922719289552824]], "chi2_level": 0.99, "chi2_df": 3, "chi2_threshold": 11.344866730144373, "N_raw": 107, "N_roi": 107, "N_inlier": 106, "refit": true}
{"timestamp": "18:43:29.016988", "frame": 65, "mu": [-0.49952255248885075, 2.755822053927862, 1.4316031235227098], "Sigma": [[0.016034273509940168, 0.007897330047464908, -0.019651354462715213], [0.007897330047464908, 0.012088822971890645, -0.01631165423686338], [-0.019651354462715213, -0.016311654236863378, 0.05533166596720298]], "chi2_level": 0.99, "chi2_df": 3, "chi2_threshold": 11.344866730144373, "N_raw": 98, "N_roi": 98, "N_inlier": 94, "refit": true}
{"timestamp": "18:43:29.068558", "frame": 66, "mu": [-0.5635788640801496, 2.834668889258903, 1.277188457686874], "Sigma": [[0.011257080542883753, -0.0005615344499669103, -0.005420446571566732], [-0.0005615344499669102, 0.010585807841090455, -0.014952575804284267], [-0.005420446571566732, -0.014952575804284267, 0.051383712837297056]], "chi2_level": 0.99, "chi2_df": 3, "chi2_threshold": 11.344866730144373, "N_raw": 72, "N_roi": 72, "N_inlier": 69, "refit": true}
{"timestamp": "18:43:29.128184", "frame": 67, "mu": [-0.6485871818028617, 2.844689226004211, 1.1227259584118148], "Sigma": [[0.01425024345164244, -0.001960099980082443, -5.8775679578838575e-05], [-0.001960099980082443, 0.012873508240767583, -0.03964008238940935], [-5.877567957883944e-05, -0.039640082389409345, 0.3772791181813816]], "chi2_level": 0.99, "chi2_df": 3, "chi2_threshold": 11.344866730144373, "N_raw": 111, "N_roi": 109, "N_inlier": 109, "refit": true}
{"timestamp": "18:43:29.181549", "frame": 68, "mu": [-0.7143016414470397, 2.9291693126627103, 1.3518762756175735], "Sigma": [[0.013686929903324072, -0.0011917597754999957, 0.011673058609929086], [-0.0011917597754999955, 0.008963823183446651, -0.021755937890841626], [0.011673058609929086, -0.021755937890841626, 0.1474249529498217]], "chi2_level": 0.99, "chi2_df": 3, "chi2_threshold": 11.344866730144373, "N_raw": 79, "N_roi": 79, "N_inlier": 78, "refit": true}
{"timestamp": "18:43:29.228305", "frame": 69, "mu": [-0.8051536175881255, 2.9308154286652166, 0.7622229652703815], "Sigma": [[0.009319221550097252, -0.002923756111223295, 0.031590460399000375], [-0.002923756111223295, 0.0051495044880849345, -0.03242996790462664], [0.031590460399000375, -0.03242996790462664, 0.32186812088103406]], "chi2_level": 0.99, "chi2_df": 3, "chi2_threshold": 11.344866730144373, "N_raw": 38, "N_roi": 38, "N_inlier": 37, "refit": true}
{"timestamp": "18:43:29.284590", "frame": 70, "mu": [-0.808948997418179, 2.950742060824692, 0.25421896475216454], "Sigma": [[0.009778433897191326, 0.0029325857475903877, -0.004479570018390656], [0.0029325857475903877, 0.006906861229406669, -0.0013786659435545273], [-0.004479570018390656, -0.0013786659435545273, 0.0036636022096285096]], "chi2_level": 0.99, "chi2_df": 3, "chi2_threshold": 11.344866730144373, "N_raw": 53, "N_roi": 52, "N_inlier": 49, "refit": true}
{"timestamp": "18:43:29.345765", "frame": 71, "mu": [-0.7520788420895244, 3.0346329918629773, 1.2139981650881384], "Sigma": [[0.024948608777947953, 0.010874489990700231, -0.049139063022518886], [0.010874489990700235, 0.010572123188208582, -0.029803777922738126], [-0.049139063022518886, -0.029803777922738126, 0.13073351841233158]], "chi2_level": 0.99, "chi2_df": 3, "chi2_threshold": 11.344866730144373, "N_raw": 94, "N_roi": 94, "N_inlier": 90, "refit": true}
{"timestamp": "18:43:29.394597", "frame": 72, "mu": [-0.7750529373639786, 3.0835019836262805, 1.1465057736154998], "Sigma": [[0.027107544643589308, 0.005164696173015052, -0.06262297572829238], [0.005164696173015052, 0.003846742460734196, -0.015495833706237376], [-0.06262297572829238, -0.015495833706237376, 0.19094598382905467]], "chi2_level": 0.99, "chi2_df": 3, "chi2_threshold": 11.344866730144373, "N_raw": 48, "N_roi": 48, "N_inlier": 48, "refit": true}
{"timestamp": "18:43:29.451104", "frame": 73, "mu": [-0.8414046520321384, 3.1522806726813184, 0.9264478080989776], "Sigma": [[0.018445389344805753, 0.0040538695238401794, -0.030076221408036827], [0.0040538695238401794, 0.00469036410981809, -0.014651550899811468], [-0.030076221408036827, -0.014651550899811468, 0.07311622516179311]], "chi2_level": 0.99, "chi2_df": 3, "chi2_threshold": 11.344866730144373, "N_raw": 64, "N_roi": 64, "N_inlier": 63, "refit": true}
{"timestamp": "18:43:29.497695", "frame": 74, "mu": [-1.0812504065015833, 3.1460233481626623, 1.17058908682945], "Sigma": [[0.003364895231095599, 0.002185145852333814, 0.014607058959651028], [0.0021851458523338137, 0.008959250261110304, -0.023246613299421834], [0.01460705895965103, -0.02324661329942184, 0.2640916543038702]], "chi2_level": 0.99, "chi2_df": 3, "chi2_threshold": 11.344866730144373, "N_raw": 7, "N_roi": 7, "N_inlier": 7, "refit": true}
{"timestamp": "18:43:29.558081", "frame": 75, "mu": [-1.1211471814960126, 3.1524417931847606, 1.4229128337492578], "Sigma": [[0.010323204883773316, 0.002060839154143258, -0.007485803081515389], [0.002060839154143258, 0.00531820695223884, -0.013157405132602324], [-0.007485803081515389, -0.013157405132602324, 0.043279251201144356]], "chi2_level": 0.99, "chi2_df": 3, "chi2_threshold": 11.344866730144373, "N_raw": 48, "N_roi": 46, "N_inlier": 43, "refit": true}
{"timestamp": "18:43:29.612597", "frame": 76, "mu": [-1.1960164467914, 3.1671523380092608, 0.4320640130128325], "Sigma": [[0.012877264321612982, 0.006243622679814042, -0.006227886289591169], [0.006243622679814042, 0.007092137879814044, -0.0023910986204544685], [-0.006227886289591169, -0.0023910986204544685, 0.004199771770324836]], "chi2_level": 0.99, "chi2_df": 3, "chi2_threshold": 11.344866730144373, "N_raw": 42, "N_roi": 41, "N_inlier": 38, "refit": true}
{"timestamp": "18:43:29.664025", "frame": 77, "mu": [-1.2240527159057266, 3.298627344126217, 0.8990013655051362], "Sigma": [[0.006062123033844831, -0.00487549173764442, 0.015762041077693214], [-0.00487549173764442, 0.0069658058842255515, -0.014818270540930016], [0.015762041077693214, -0.014818270540930017, 0.572903288404245]], "chi2_level": 0.99, "chi2_df": 3, "chi2_threshold": 11.344866730144373, "N_raw": 9, "N_roi": 8, "N_inlier": 8, "refit": true}
{"timestamp": "18:43:29.725075", "frame": 78, "mu": [-1.185310956911437, 3.2918554279169614, 0.8858010480591779], "Sigma": [[0.023013587938848636, 0.003139803266459888, -0.056536619510682444], [0.0031398032664598876, 0.002749563191524495, -0.012017974867999787], [-0.05653661951068245, -0.012017974867999787, 0.27129018890476664]], "chi2_level": 0.99, "chi2_df": 3, "chi2_threshold": 11.344866730144373, "N_raw": 62, "N_roi": 62, "N_inlier": 62, "refit": true}
{"timestamp": "18:43:29.778780", "frame": 79, "mu": [-1.3861065661337564, 3.286519876359347, 1.552746877262561], "Sigma": [[0.020398070003937743, 0.00485875508535732, -0.04962780047369121], [0.00485875508535732, 0.005089242991730827, -0.006268022229466225], [-0.04962780047369121, -0.006268022229466226, 0.19977410002670434]], "chi2_level": 0.99, "chi2_df": 3, "chi2_threshold": 11.344866730144373, "N_raw": 42, "N_roi": 42, "N_inlier": 42, "refit": true}
{"timestamp": "18:43:29.835992", "frame": 80, "mu": [-1.374843142719824, 3.3588524762581327, 1.2823294424877627], "Sigma": [[0.02082736033238771, 0.004285521090027083, -0.053422195171208345], [0.004285521090027083, 0.004539985893289474, -0.010740019647532333], [-0.053422195171208345, -0.010740019647532335, 0.1873749072581535]], "chi2_level": 0.99, "chi2_df": 3, "chi2_threshold": 11.344866730144373, "N_raw": 52, "N_roi": 52, "N_inlier": 49, "refit": true}
{"timestamp": "18:43:29.887875", "frame": 81, "mu": [-1.4326224572211526, 3.460113296852416, 1.3636802806957482], "Sigma": [[0.016684023318715942, 0.0050870368297945105, -0.0421721510019676], [0.0050870368297945105, 0.004212660809541248, -0.01430315339754084], [-0.04217215100196759, -0.014303153397540841, 0.13576569311580095]], "chi2_level": 0.99, "chi2_df": 3, "chi2_threshold": 11.344866730144373, "N_raw": 40, "N_roi": 40, "N_inlier": 38, "refit": true}
{"timestamp": "18:43:29.940113", "frame": 82, "mu": [-1.553335308211049, 3.424142570438632, 1.6807598317510772], "Sigma": [[0.008671383342462601, 0.004292009916443974, -0.011711538503816217], [0.004292009916443974, 0.004200807447774772, -0.007630047372292097], [-0.011711538503816218, -0.007630047372292097, 0.024402761647830125]], "chi2_level": 0.99, "chi2_df": 3, "chi2_threshold": 11.344866730144373, "N_raw": 19, "N_roi": 19, "N_inlier": 18, "refit": true}
{"timestamp": "18:43:29.994425", "frame": 83, "mu": [-1.6538040290690839, 3.438754556594881, 1.6290506318499103], "Sigma": [[0.0075345849890293744, 0.002614189788131765, -0.004364238907519252], [0.002614189788131765, 0.004382368789934856, -0.008149222558901246], [-0.004364238907519252, -0.008149222558901246, 0.01853277830090142]], "chi2_level": 0.99, "chi2_df": 3, "chi2_threshold": 11.344866730144373, "N_raw": 18, "N_roi": 18, "N_inlier": 17, "refit": true}
{"timestamp": "18:43:30.051457", "frame": 84, "mu": [-1.6505791411672637, 3.528124813898331, 1.624987709657185], "Sigma": [[0.011416339205992757, 0.005360043586945485, -0.005931187095332042], [0.005360043586945486, 0.006127659809411713, -0.005329575795284407], [-0.005931187095332042, -0.0053295757952844065, 0.006558523792528637]], "chi2_level": 0.99, "chi2_df": 3, "chi2_threshold": 11.344866730144373, "N_raw": 30, "N_roi": 30, "N_inlier": 30, "refit": true}
{"timestamp": "18:43:30.104501", "frame": 85, "mu": [-1.671160474597577, 3.632594777835569, 1.6284639340859357], "Sigma": [[0.011547545688186238, 0.0047715793237126936, -0.010270091972087003], [0.0047715793237126936, 0.004328406324841687, -0.006404058649914333], [-0.010270091972087003, -0.006404058649914333, 0.014844817532347008]], "chi2_level": 0.99, "chi2_df": 3, "chi2_threshold": 11.344866730144373, "N_raw": 24, "N_roi": 24, "N_inlier": 23, "refit": true}
{"timestamp": "18:43:30.159326", "frame": 86, "mu": [-1.7927651251745789, 3.787589982528085, 1.0376018166643475], "Sigma": [[0.010259459184948553, -0.007271620857474901, 0.018288230109041997], [-0.007271620857474901, 0.009541241097901096, -0.02249972220972077], [0.018288230109042, -0.02249972220972077, 0.061570461061314724]], "chi2_level": 0.99, "chi2_df": 3, "chi2_threshold": 11.344866730144373, "N_raw": 15, "N_roi": 14, "N_inlier": 13, "refit": true}
{"timestamp": "18:43:30.214034", "frame": 87, "mu": [-1.7502172501518287, 3.7941879779350476, 1.2829190524058998], "Sigma": [[0.011515713676735156, 0.0005583211755149703, -0.0029307397250492337], [0.0005583211755149703, 0.006846780079784038, -0.029382655976644828], [-0.002930739725049234, -0.02938265597664483, 0.14487543264383637]], "chi2_level": 0.99, "chi2_df": 3, "chi2_threshold": 11.344866730144373, "N_raw": 20, "N_roi": 20, "N_inlier": 19, "refit": true}
{"timestamp": "18:43:30.268247", "frame": 88, "mu": [-1.7940312836141576, 3.738517799963584, 1.3109650276737768], "Sigma": [[0.016977802359279846, 0.011029206513241092, -0.053497544990096665], [0.011029206513241092, 0.011693517325977726, -0.044793866637764676], [-0.053497544990096665, -0.044793866637764676, 0.20287925489708894]], "chi2_level": 0.99, "chi2_df": 3, "chi2_threshold": 11.344866730144373, "N_raw": 13, "N_roi": 10, "N_inlier": 10, "refit": true}
{"timestamp": "18:43:30.322372", "frame": 89, "mu": [-1.8829192717305423, 3.744894542105479, 1.2137688644313167], "Sigma": [[0.006096480504124942, 0.005356422400854468, -0.021060118810051463], [0.005356422400854468, 0.006112994618439223, -0.02516019754369679], [-0.021060118810051463, -0.025160197543696795, 0.11225480286777605]], "chi2_level": 0.99, "chi2_df": 3, "chi2_threshold": 11.344866730144373, "N_raw": 6, "N_roi": 6, "N_inlier": 6, "refit": true}
{"timestamp": "18:43:30.380718", "frame": 90, "mu": [-1.9380204140323816, 3.8517834880780946, 1.2955758439860978], "Sigma": [[0.01079705087726456, 0.005818562459883618, -0.014469166567497086], [0.005818562459883618, 0.005565490196984006, -0.013392756205750372], [-0.014469166567497086, -0.013392756205750372, 0.04155778025055171]], "chi2_level": 0.99, "chi2_df": 3, "chi2_threshold": 11.344866730144373, "N_raw": 27, "N_roi": 26, "N_inlier": 26, "refit": true}
{"timestamp": "18:43:30.435566", "frame": 91, "mu": [-2.032582328373084, 3.8138837743573304, 1.6347028805825388], "Sigma": [[0.01609996031464034, 0.008323329954546151, -0.02945636875709977], [0.008323329954546151, 0.0064890238431840755, -0.017618718705136028], [-0.02945636875709977, -0.017618718705136028, 0.07963566562668052]], "chi2_level": 0.99, "chi2_df": 3, "chi2_threshold": 11.344866730144373, "N_raw": 25, "N_roi": 23, "N_inlier": 22, "refit": true}
{"timestamp": "18:43:30.487928", "frame": 92, "mu": [-2.185099656688925, 3.876795293652071, 1.473881338371057], "Sigma": [[0.0008937748099616382, 0.0025730334080043176, -0.0045669944060997844], [0.0025730334080043176, 0.008081249857521606, -0.014569965988008832], [-0.0045669944060997844, -0.014569965988008833, 0.03080082071816963]], "chi2_level": 0.99, "chi2_df": 3, "chi2_threshold": 11.344866730144373, "N_raw": 5, "N_roi": 5, "N_inlier": 5, "refit": true}
{"timestamp": "18:43:30.543300", "frame": 93, "mu": [-2.0168118214772845, 3.534205737815392, 1.5662278620068282], "Sigma": [[0.48575586719504893, -0.7537670510718877, 0.09636664298045391], [-0.7537670510718876, 1.1982721936127165, -0.18353004267568987], [0.09636664298045393, -0.18353004267568993, 0.09913540873357661]], "chi2_level": 0.99, "chi2_df": 3, "chi2_threshold": 11.344866730144373, "N_raw": 11, "N_roi": 7, "N_inlier": 7, "refit": true}
{"timestamp": "18:43:30.656154", "frame": 95, "mu": [-2.279075575132461, 3.985461063422296, 1.5485058447937152], "Sigma": [[0.013605237479184672, 0.006405888149973619, -0.010718158930832276], [0.006405888149973619, 0.006149309050652015, -0.011318756366615577], [-0.010718158930832276, -0.011318756366615577, 0.02474028205043991]], "chi2_level": 0.99, "chi2_df": 3, "chi2_threshold": 11.344866730144373, "N_raw": 34, "N_roi": 29, "N_inlier": 29, "refit": true}
{"timestamp": "18:43:30.708394", "frame": 96, "mu": [-2.3155804747898405, 4.13986347959798, 1.2331258000623577], "Sigma": [[0.011924150178188224, -0.004822579982001475, -0.016325852241800526], [-0.004822579982001476, 0.02171650717437141, -0.043204048695364615], [-0.016325852241800526, -0.043204048695364615, 0.15666519148137745]], "chi2_level": 0.99, "chi2_df": 3, "chi2_threshold": 11.344866730144373, "N_raw": 9, "N_roi": 9, "N_inlier": 9, "refit": true}
{"timestamp": "18:43:30.762848", "frame": 97, "mu": [-2.298454406489555, 4.099116559965511, 1.2099547607671204], "Sigma": [[0.005388907440666181, 0.004356989713787738, -0.018837174935092047], [0.004356989713787738, 0.007541352287230778, -0.023193154291004145], [-0.018837174935092047, -0.023193154291004145, 0.08263244598396477]], "chi2_level": 0.99, "chi2_df": 3, "chi2_threshold": 11.344866730144373, "N_raw": 6, "N_roi": 6, "N_inlier": 6, "refit": true}
{"timestamp": "18:43:30.819911", "frame": 98, "mu": [-2.4060431057982683, 4.080340180668138, 0.5794251587686328], "Sigma": [[0.004127922950938379, 0.005163916735887866, -0.007482661841921435], [0.005163916735887866, 0.014871208329040339, -0.026538588236616818], [-0.007482661841921435, -0.026538588236616818, 0.05640106026183761]], "chi2_level": 0.99, "chi2_df": 3, "chi2_threshold": 11.344866730144373, "N_raw": 19, "N_roi": 10, "N_inlier": 10, "refit": true}
{"timestamp": "18:43:30.873551", "frame": 99, "mu": [-2.390677695701798, 4.15497062072039, 1.4048985857697263], "Sigma": [[0.004729135013708372, 0.0025982591788417607, -0.014534183539773109], [0.0025982591788417607, 0.0028604076139864677, -0.012275404812200125], [-0.014534183539773107, -0.012275404812200123, 0.08659034034020674]], "chi2_level": 0.99, "chi2_df": 3, "chi2_threshold": 11.344866730144373, "N_raw": 14, "N_roi": 10, "N_inlier": 10, "refit": true}
{"timestamp": "18:43:31.011193", "frame": 100, "mu": [-2.389084079378647, 4.251567609707522, 1.4122277118658702], "Sigma": [[0.00440905064155202, 0.00496620719113698, -0.027496666482113276], [0.00496620719113698, 0.006506692297747133, -0.028384965929873253], [-0.027496666482113276, -0.028384965929873253, 0.19022261483955102]], "chi2_level": 0.99, "chi2_df": 3, "chi2_threshold": 11.344866730144373, "N_raw": 9, "N_roi": 5, "N_inlier": 5, "refit": true}
{"timestamp": "18:43:31.255978", "frame": 106, "mu": [-2.4132022756264293, 4.677917478053733, 0.576382364250974], "Sigma": [[0.0028650211847664224, -0.0002762608032791104, -0.0037651353904610504], [-0.00027626080327911034, 0.0012231015837809438, -0.0008361497078879615], [-0.0037651353904610504, -0.0008361497078879611, 0.008318740374680476]], "chi2_level": 0.99, "chi2_df": 3, "chi2_threshold": 11.344866730144373, "N_raw": 17, "N_roi": 8, "N_inlier": 8, "refit": true}
{"timestamp": "18:43:31.371876", "frame": 108, "mu": [-2.4391084212698475, 4.626259054434734, 1.500386484756732], "Sigma": [[0.0014730652046194934, -0.00045781027379714713, 0.0016676417385150398], [-0.0004578102737971472, 0.0028193204890993315, -0.004519530755685379], [0.0016676417385150396, -0.004519530755685379, 0.011217510344610162]], "chi2_level": 0.99, "chi2_df": 3, "chi2_threshold": 11.344866730144373, "N_raw": 54, "N_roi": 9, "N_inlier": 9, "refit": true}
