{"timestamp": "17:20:48.298494", "frame": 25, "mu": [-2.289003067139854, 0.950147226422029, 1.1632585566257851], "Sigma": [[0.009288836777550656, 0.007978389016266199, -0.004455350042757278], [0.007978389016266199, 0.013173123625692075, -0.009181662141859205], [-0.004455350042757277, -0.009181662141859205, 0.013436905682390204]], "chi2_level": 0.95, "chi2_df": 3, "chi2_threshold": 7.814727903251179, "N_raw": 43, "N_roi": 43, "N_inlier": 43, "refit": true}
{"timestamp": "17:20:48.571972", "frame": 30, "mu": [-2.2305671671048595, 1.044295167127307, 1.1124441035636337], "Sigma": [[0.006314707747546365, 0.008418083784605186, -0.0031799754118509993], [0.008418083784605186, 0.015308086268585394, -0.009475899304589298], [-0.0031799754118509993, -0.009475899304589298, 0.010625697818919715]], "chi2_level": 0.95, "chi2_df": 3, "chi2_threshold": 7.814727903251179, "N_raw": 37, "N_roi": 37, "N_inlier": 35, "refit": true}
{"timestamp": "17:20:48.681440", "frame": 32, "mu": [-2.227414367732357, 1.2487600338791534, -0.6134430630773942], "Sigma": [[0.008078068557729558, 0.008754147118008147, 0.0005858634003841291], [0.008754147118008147, 0.016535180584746092, -0.003487412164389317], [0.000585863400384129, -0.0034874121643893173, 0.003570134283408507]], "chi2_level": 0.95, "chi2_df": 3, "chi2_threshold": 7.814727903251179, "N_raw": 37, "N_roi": 37, "N_inlier": 37, "refit": true}
{"timestamp": "17:20:48.738337", "frame": 33, "mu": [-2.1834525469821324, 1.0537236667228551, 1.1256272894683927], "Sigma": [[0.010707585929286207, 0.010326781040257398, -0.005178725437222304], [0.010326781040257398, 0.016452832099930533, -0.009134745847859612], [-0.005178725437222304, -0.009134745847859612, 0.006235189367937295]], "chi2_level": 0.95, "chi2_df": 3, "chi2_threshold": 7.814727903251179, "N_raw": 43, "N_roi": 43, "N_inlier": 42, "refit": true}
{"timestamp": "17:20:48.792666", "frame": 34, "mu": [-2.1752661448678188, 1.0353774962694557, 1.1506311859270342], "Sigma": [[0.009876656931432514, 0.010789955097265753, -0.0014770804280886322], [0.010789955097265753, 0.016977789759377394, -0.0072870386453751795], [-0.0014770804280886322, -0.0072870386453751795, 0.008856292964345343]], "chi2_level": 0.95, "chi2_df": 3, "chi2_threshold": 7.814727903251179, "N_raw": 45, "N_roi": 45, "N_inlier": 45, "refit": true}
{"timestamp": "17:20:48.897576", "frame": 36, "mu": [-2.130673987765629, 1.126542496524592, 0.8548680420827074], "Sigma": [[0.0020781318471757336, 0.0019720571049400655, -0.0020312349734069018], [0.0019720571049400655, 0.003485290041863469, -0.002332527412677921], [-0.0020312349734069018, -0.002332527412677921, 0.0034012260986785474]], "chi2_level": 0.95, "chi2_df": 3, "chi2_threshold": 7.814727903251179, "N_raw": 8, "N_roi": 8, "N_inlier": 8, "refit": true}
{"timestamp": "17:20:49.012164", "frame": 38, "mu": [-2.1080448259419367, 1.2803527167404485, 1.357346605188137], "Sigma": [[0.004606014476337401, 0.004070429187855088, -0.0028877435710472554], [0.004070429187855088, 0.00556935606842603, -0.006514039631010873], [-0.0028877435710472554, -0.006514039631010871, 0.03036118754207088]], "chi2_level": 0.95, "chi2_df": 3, "chi2_threshold": 7.814727903251179, "N_raw": 33, "N_roi": 33, "N_inlier": 31, "refit": true}
{"timestamp": "17:20:49.067373", "frame": 39, "mu": [-2.125607581572245, 1.2764397273610424, 1.6280730005701083], "Sigma": [[0.008253626923016424, 0.00814728790734353, -0.009000826024885342], [0.00814728790734353, 0.018732340826517743, -0.010043280795696182], [-0.009000826024885342, -0.010043280795696182, 0.02031952297827588]], "chi2_level": 0.95, "chi2_df": 3, "chi2_threshold": 7.814727903251179, "N_raw": 41, "N_roi": 41, "N_inlier": 38, "refit": true}
{"timestamp": "17:20:49.124420", "frame": 40, "mu": [-2.0784250940495137, 1.3063834653396316, 1.543247451303823], "Sigma": [[0.00886755239857676, 0.0066000704579183885, -0.00498963032243295], [0.0066000704579183885, 0.014642552580096392, -0.008296769670692507], [-0.00498963032243295, -0.008296769670692507, 0.006136461275663304]], "chi2_level": 0.95, "chi2_df": 3, "chi2_threshold": 7.814727903251179, "N_raw": 47, "N_roi": 47, "N_inlier": 45, "refit": true}
{"timestamp": "17:20:49.179434", "frame": 41, "mu": [-1.974427865101012, 1.3141961499874615, 1.403371119407614], "Sigma": [[0.00939519889308241, 0.00439995983594296, -0.008587028428611008], [0.00439995983594296, 0.012622642939237273, -0.00782172237282432], [-0.008587028428611008, -0.00782172237282432, 0.014953544006203153]], "chi2_level": 0.95, "chi2_df": 3, "chi2_threshold": 7.814727903251179, "N_raw": 57, "N_roi": 57, "N_inlier": 54, "refit": true}
{"timestamp": "17:20:49.235453", "frame": 42, "mu": [-1.9491150003775863, 1.4482314275267205, 1.2478676578235695], "Sigma": [[0.011368914704020912, 0.009733043198389243, -0.013253961848139876], [0.009733043198389241, 0.012960480766117841, -0.02004906820645997], [-0.013253961848139876, -0.02004906820645997, 0.037091693313271744]], "chi2_level": 0.95, "chi2_df": 3, "chi2_threshold": 7.814727903251179, "N_raw": 58, "N_roi": 58, "N_inlier": 53, "refit": true}
{"timestamp": "17:20:49.292837", "frame": 43, "mu": [-1.9536637332993876, 1.3970882361543513, 1.3464701488697022], "Sigma": [[0.011524766405070016, 0.009202405584678866, -0.007754746073584336], [0.009202405584678865, 0.015897212175551824, -0.016838726382951582], [-0.007754746073584336, -0.01683872638295158, 0.023927458707234818]], "chi2_level": 0.95, "chi2_df": 3, "chi2_threshold": 7.814727903251179, "N_raw": 74, "N_roi": 74, "N_inlier": 72, "refit": true}
{"timestamp": "17:20:49.343646", "frame": 44, "mu": [-1.8711127060994917, 1.4967550721996403, 1.1557927294999932], "Sigma": [[0.016528039541873707, 0.013657543835763383, -0.017816740684666644], [0.013657543835763383, 0.01717193056381976, -0.039743955937535505], [-0.017816740684666647, -0.039743955937535505, 0.14173504725589628]], "chi2_level": 0.95, "chi2_df": 3, "chi2_threshold": 7.814727903251179, "N_raw": 27, "N_roi": 27, "N_inlier": 24, "refit": true}
{"timestamp": "17:20:49.405892", "frame": 45, "mu": [-1.8918780338290977, 1.5890181095199576, 1.4202441369405199], "Sigma": [[0.018186809206188405, 0.01496617211077583, -0.023396841486003152], [0.01496617211077583, 0.01624407336681022, -0.026753530114637856], [-0.023396841486003156, -0.026753530114637856, 0.05096105877771819]], "chi2_level": 0.95, "chi2_df": 3, "chi2_threshold": 7.814727903251179, "N_raw": 78, "N_roi": 78, "N_inlier": 72, "refit": true}
{"timestamp": "17:20:49.456709", "frame": 46, "mu": [-1.8604616942377519, 1.5081982227083603, 1.5408419185520417], "Sigma": [[0.013415436056521905, 0.009342480242827553, -0.011291614058877839], [0.009342480242827553, 0.013709771254256877, -0.009786995331493787], [-0.011291614058877839, -0.009786995331493785, 0.011582370374384978]], "chi2_level": 0.95, "chi2_df": 3, "chi2_threshold": 7.814727903251179, "N_raw": 57, "N_roi": 57, "N_inlier": 55, "refit": true}
{"timestamp": "17:20:49.511412", "frame": 47, "mu": [-1.7891063113790897, 1.5360507725649535, 1.5120292036350826], "Sigma": [[0.013093920779502452, 0.008042531389513014, -0.011641394229828168], [0.008042531389513014, 0.010257883304398826, -0.009527428996290239], [-0.011641394229828168, -0.009527428996290239, 0.01276968629788961]], "chi2_level": 0.95, "chi2_df": 3, "chi2_threshold": 7.814727903251179, "N_raw": 52, "N_roi": 52, "N_inlier": 50, "refit": true}
{"timestamp": "17:20:49.620810", "frame": 49, "mu": [-1.7104034708276215, 1.5768661104113524, 1.5594069051423904], "Sigma": [[0.02243897512636059, 0.015430629127900653, -0.016183293319075427], [0.015430629127900653, 0.014737835781624124, -0.010623777729015477], [-0.016183293319075424, -0.010623777729015477, 0.012435421387396837]], "chi2_level": 0.95, "chi2_df": 3, "chi2_threshold": 7.814727903251179, "N_raw": 53, "N_roi": 53, "N_inlier": 50, "refit": true}
{"timestamp": "17:20:49.680251", "frame": 50, "mu": [-1.7327721434876715, 1.6510489532362902, 1.509609097466381], "Sigma": [[0.03065646607021201, 0.015396376316098252, -0.026599231726110943], [0.015396376316098252, 0.01290708519527112, -0.016567550274531113], [-0.026599231726110943, -0.016567550274531113, 0.027605467583936165]], "chi2_level": 0.95, "chi2_df": 3, "chi2_threshold": 7.814727903251179, "N_raw": 78, "N_roi": 77, "N_inlier": 73, "refit": true}
{"timestamp": "17:20:49.731355", "frame": 51, "mu": [-1.6770915517755536, 1.663274254228113, 1.6465573876861732], "Sigma": [[0.026428672624547157, 0.01718388186702379, -0.021720873962494412], [0.01718388186702379, 0.015175070905466206, -0.01690799766272022], [-0.021720873962494412, -0.01690799766272022, 0.02459276266318211]], "chi2_level": 0.95, "chi2_df": 3, "chi2_threshold": 7.814727903251179, "N_raw": 44, "N_roi": 44, "N_inlier": 40, "refit": true}
{"timestamp": "17:20:49.784197", "frame": 52, "mu": [-1.4963931258730008, 1.809014571066499, 1.5090131996615483], "Sigma": [[0.0040295278683753185, 0.0021261603028421327, -0.004908699064072815], [0.0021261603028421327, 0.006611467720054316, -0.007379736409003461], [-0.004908699064072814, -0.007379736409003461, 0.016192137832292335]], "chi2_level": 0.95, "chi2_df": 3, "chi2_threshold": 7.814727903251179, "N_raw": 34, "N_roi": 34, "N_inlier": 28, "refit": true}
{"timestamp": "17:20:49.836555", "frame": 53, "mu": [-1.4877595992318067, 1.8379791225773283, 1.5570838731653212], "Sigma": [[0.003127993725534088, 0.0012098840189364362, -0.002033267320024862], [0.0012098840189364362, 0.0016308724361363458, -0.0006849323078747123], [-0.002033267320024862, -0.0006849323078747121, 0.011926479612294597]], "chi2_level": 0.95, "chi2_df": 3, "chi2_threshold": 7.814727903251179, "N_raw": 17, "N_roi": 15, "N_inlier": 12, "refit": true}
{"timestamp": "17:20:49.889080", "frame": 54, "mu": [-1.4476345297715492, 1.899717896815727, 1.0047348113366574], "Sigma": [[0.00041130278886180845, -0.0005335195511645191, 0.0011798603607740066], [-0.0005335195511645192, 0.00571259402669124, -0.025461244891672827], [0.0011798603607740066, -0.02546124489167282, 0.3872894932780293]], "chi2_level": 0.95, "chi2_df": 3, "chi2_threshold": 7.814727903251179, "N_raw": 8, "N_roi": 8, "N_inlier": 7, "refit": true}
{"timestamp": "17:20:49.948265", "frame": 55, "mu": [-1.46778617234412, 1.9229140553276423, 1.5218111141862813], "Sigma": [[0.010781977733204023, -0.0004374190751622279, -6.71380307898416e-05], [-0.0004374190751622279, 0.0056733645666998365, -0.01291010946068263], [-6.713803078983987e-05, -0.01291010946068263, 0.045248029036629125]], "chi2_level": 0.95, "chi2_df": 3, "chi2_threshold": 7.814727903251179, "N_raw": 30, "N_roi": 30, "N_inlier": 25, "refit": true}
{"timestamp": "17:20:50.001745", "frame": 56, "mu": [-1.504403630442185, 2.045921154209219, 1.1708862372570814], "Sigma": [[0.022328873168471472, -0.010233188686979573, 0.04260312720264622], [-0.010233188686979571, 0.005660739995054305, -0.0171296242425766], [0.04260312720264621, -0.0171296242425766, 0.2634641975385868]], "chi2_level": 0.95, "chi2_df": 3, "chi2_threshold": 7.814727903251179, "N_raw": 13, "N_roi": 9, "N_inlier": 8, "refit": true}
{"timestamp": "17:20:50.062791", "frame": 57, "mu": [-1.5011702187226963, 2.0325126600990098, 0.2734813094105227], "Sigma": [[0.012729342125064292, 0.0044003017283483, -0.012344818933197254], [0.004400301728348299, 0.005943082789309413, -0.0037006984208555332], [-0.012344818933197254, -0.0037006984208555332, 0.013363919497536196]], "chi2_level": 0.95, "chi2_df": 3, "chi2_threshold": 7.814727903251179, "N_raw": 58, "N_roi": 53, "N_inlier": 45, "refit": true}
{"timestamp": "17:20:50.116962", "frame": 58, "mu": [-1.490325639860896, 2.1148267921800095, 1.6926842061270864], "Sigma": [[0.01164452694936146, 0.002095801633696775, -0.010547021311553648], [0.002095801633696775, 0.005391107295587371, -0.0026461598528219657], [-0.010547021311553648, -0.0026461598528219657, 0.010275123644858832]], "chi2_level": 0.95, "chi2_df": 3, "chi2_threshold": 7.814727903251179, "N_raw": 52, "N_roi": 50, "N_inlier": 47, "refit": true}
{"timestamp": "17:20:50.167971", "frame": 59, "mu": [-1.389498889164787, 2.1168795514391276, 1.6014810609907006], "Sigma": [[0.008221064898082366, 0.0031874598390414493, -0.010294220233065796], [0.0031874598390414493, 0.004219872818736965, -0.004980774142734273], [-0.010294220233065796, -0.004980774142734273, 0.025114204633903174]], "chi2_level": 0.95, "chi2_df": 3, "chi2_threshold": 7.814727903251179, "N_raw": 29, "N_roi": 29, "N_inlier": 26, "refit": true}
{"timestamp": "17:20:50.227440", "frame": 60, "mu": [-1.3348508333571416, 2.109965738322612, 1.455461818965629], "Sigma": [[0.009280708006265497, 0.004824230773788174, -0.01020993366143294], [0.004824230773788174, 0.008411315228677335, -0.013810680716797048], [-0.01020993366143294, -0.013810680716797046, 0.03894318268556198]], "chi2_level": 0.95, "chi2_df": 3, "chi2_threshold": 7.814727903251179, "N_raw": 52, "N_roi": 51, "N_inlier": 45, "refit": true}
{"timestamp": "17:20:50.285603", "frame": 61, "mu": [-1.3401200724614535, 2.187682017158488, -0.6098560943406757], "Sigma": [[0.01009066379429857, 0.001163112654176668, -0.005529087023739162], [0.0011631126541766675, 0.006265474851270876, -0.007140715667628], [-0.005529087023739162, -0.007140715667628, 0.013513851982474958]], "chi2_level": 0.95, "chi2_df": 3, "chi2_threshold": 7.814727903251179, "N_raw": 73, "N_roi": 72, "N_inlier": 63, "refit": true}
{"timestamp": "17:20:50.334459", "frame": 62, "mu": [-1.2923403587482956, 2.3380979092817498, 1.353150335559454], "Sigma": [[0.005365366556304448, -0.005008817943463714, -0.0012421081389013666], [-0.005008817943463716, 0.04190649845078441, -0.04322042245483629], [-0.001242108138901367, -0.04322042245483629, 0.06116829290816986]], "chi2_level": 0.95, "chi2_df": 3, "chi2_threshold": 7.814727903251179, "N_raw": 33, "N_roi": 33, "N_inlier": 30, "refit": true}
{"timestamp": "17:20:50.392598", "frame": 63, "mu": [-1.2952907688544275, 2.2702833651837953, 1.468374447707815], "Sigma": [[0.012250373179120469, -0.00049205719808165, -0.011382583198571234], [-0.0004920571980816501, 0.002721544248206435, -0.002338311462698722], [-0.011382583198571234, -0.002338311462698722, 0.01654211561088971]], "chi2_level": 0.95, "chi2_df": 3, "chi2_threshold": 7.814727903251179, "N_raw": 49, "N_roi": 49, "N_inlier": 44, "refit": true}
{"timestamp": "17:20:50.448571", "frame": 64, "mu": [-1.1772439396919094, 2.2726720162208394, 1.2159901439808036], "Sigma": [[0.011383970015167284, 0.0011843201321850936, -0.008536424986654018], [0.0011843201321850936, 0.0039680920678980625, -0.0045775101765984545], [-0.008536424986654018, -0.0045775101765984545, 0.010906329917638765]], "chi2_level": 0.95, "chi2_df": 3, "chi2_threshold": 7.814727903251179, "N_raw": 59, "N_roi": 59, "N_inlier": 55, "refit": true}
{"timestamp": "17:20:50.503713", "frame": 65, "mu": [-1.2513691250955352, 2.3696163653932354, 1.5539708508439287], "Sigma": [[0.012980561365706165, -0.000873230979290921, -0.011769858919356443], [-0.0008732309792909209, 0.0068769750880159864, -0.0007742655779382759], [-0.011769858919356443, -0.0007742655779382761, 0.012949236253842757]], "chi2_level": 0.95, "chi2_df": 3, "chi2_threshold": 7.814727903251179, "N_raw": 65, "N_roi": 65, "N_inlier": 63, "refit": true}
{"timestamp": "17:20:50.560212", "frame": 66, "mu": [-1.1566749984042302, 2.5869954892970712, 1.0991782853342957], "Sigma": [[0.012456751779259758, 0.011823168359254097, -0.03861802858573832], [0.0118231683592541, 0.0710749168977347, -0.05332133306323305], [-0.03861802858573832, -0.05332133306323305, 0.25681303429289887]], "chi2_level": 0.95, "chi2_df": 3, "chi2_threshold": 7.814727903251179, "N_raw": 64, "N_roi": 64, "N_inlier": 63, "refit": true}
{"timestamp": "17:20:50.608580", "frame": 67, "mu": [-1.194434607301318, 2.488054208439056, 0.2060309326450417], "Sigma": [[0.005686555722545347, -0.0004838936001771066, -0.004524617461348104], [-0.0004838936001771067, 0.018780461323398903, -0.017072838730631056], [-0.0045246174613481046, -0.017072838730631056, 0.028982921207651013]], "chi2_level": 0.95, "chi2_df": 3, "chi2_threshold": 7.814727903251179, "N_raw": 28, "N_roi": 28, "N_inlier": 24, "refit": true}
{"timestamp": "17:20:50.670499", "frame": 68, "mu": [-1.1895307637327075, 2.4924887062871828, 1.0444318795350014], "Sigma": [[0.03116266962930937, -0.0075642295656863055, 0.045415779897720554], [-0.0075642295656863055, 0.008975516138556865, -0.021056553966966176], [0.045415779897720554, -0.021056553966966172, 0.14410155533228775]], "chi2_level": 0.95, "chi2_df": 3, "chi2_threshold": 7.814727903251179, "N_raw": 84, "N_roi": 83, "N_inlier": 82, "refit": true}
{"timestamp": "17:20:50.725124", "frame": 69, "mu": [-1.139522534290619, 2.5093329333501644, 0.9262126626107137], "Sigma": [[0.03663231489757932, -0.005195898347603498, 0.049721363580842934], [-0.005195898347603498, 0.003022605005733609, -0.01579003329777496], [0.049721363580842934, -0.015790033297774956, 0.13693867426721065]], "chi2_level": 0.95, "chi2_df": 3, "chi2_threshold": 7.814727903251179, "N_raw": 76, "N_roi": 74, "N_inlier": 73, "refit": true}
{"timestamp": "17:20:50.776970", "frame": 70, "mu": [-1.0453272614994666, 2.533249782429628, 1.1381220166201582], "Sigma": [[0.021260201454651156, 4.068031280101927e-05, 0.038193129415072385], [4.068031280101932e-05, 0.0023205965700958085, -0.0034685082793998855], [0.03819312941507237, -0.0034685082793998855, 0.16236039799195487]], "chi2_level": 0.95, "chi2_df": 3, "chi2_threshold": 7.814727903251179, "N_raw": 54, "N_roi": 54, "N_inlier": 54, "refit": true}
{"timestamp": "17:20:50.838534", "frame": 71, "mu": [-1.0554415252379405, 2.651204023154519, 0.96659885574211], "Sigma": [[0.017718475079135824, -0.0016597773273724398, 0.02151017854125874], [-0.0016597773273724398, 0.004012952925247694, -0.022773168054897798], [0.02151017854125874, -0.022773168054897798, 0.21836583484712668]], "chi2_level": 0.95, "chi2_df": 3, "chi2_threshold": 7.814727903251179, "N_raw": 98, "N_roi": 98, "N_inlier": 95, "refit": true}
{"timestamp": "17:20:50.892999", "frame": 72, "mu": [-0.9717109249354823, 2.6627040254247123, 0.958470595172406], "Sigma": [[0.020706130539579176, -0.004664035985850861, 0.03159445103951991], [-0.004664035985850861, 0.004547019236291274, -0.023884894210510425], [0.03159445103951991, -0.023884894210510425, 0.16176994193007757]], "chi2_level": 0.95, "chi2_df": 3, "chi2_threshold": 7.814727903251179, "N_raw": 85, "N_roi": 85, "N_inlier": 84, "refit": true}
{"timestamp": "17:20:50.943683", "frame": 73, "mu": [-0.9284815374720689, 2.644756726910586, 0.9302379862011066], "Sigma": [[0.006657990231995341, -0.0006864697613293661, 0.009897253268494556], [-0.0006864697613293661, 0.002351914260461887, -0.018491689303255166], [0.009897253268494556, -0.01849168930325517, 0.4168645908510446]], "chi2_level": 0.95, "chi2_df": 3, "chi2_threshold": 7.814727903251179, "N_raw": 50, "N_roi": 48, "N_inlier": 47, "refit": true}
{"timestamp": "17:20:51.001003", "frame": 74, "mu": [-0.867211020366555, 2.684417301082648, 1.3973852948461318], "Sigma": [[0.012505207678871701, 0.001264645262070856, -0.0031571059916586605], [0.0012646452620708557, 0.003139755558279825, -0.007362691751589016], [-0.0031571059916586605, -0.007362691751589016, 0.02867495929308984]], "chi2_level": 0.95, "chi2_df": 3, "chi2_threshold": 7.814727903251179, "N_raw": 76, "N_roi": 72, "N_inlier": 67, "refit": true}
{"timestamp": "17:20:51.052850", "frame": 75, "mu": [-0.8369796770917038, 2.966245018729615, -0.3298801779091154], "Sigma": [[0.007444069050935327, -0.0007658866422460049, 0.004732504332717479], [-0.0007658866422460048, 0.06737776690049004, -0.14055864750187105], [0.004732504332717479, -0.14055864750187105, 0.33040950872458696]], "chi2_level": 0.95, "chi2_df": 3, "chi2_threshold": 7.814727903251179, "N_raw": 55, "N_roi": 54, "N_inlier": 50, "refit": true}
{"timestamp": "17:20:51.108826", "frame": 76, "mu": [-0.8729911554099796, 2.767191004723096, 1.2786107887409544], "Sigma": [[0.010054624009819412, 0.0007157092912376734, 0.004905074851579171], [0.0007157092912376734, 0.003813651999647184, -0.01766464481267396], [0.004905074851579171, -0.01766464481267396, 0.13620725006292997]], "chi2_level": 0.95, "chi2_df": 3, "chi2_threshold": 7.814727903251179, "N_raw": 67, "N_roi": 67, "N_inlier": 62, "refit": true}
{"timestamp": "17:20:51.162294", "frame": 77, "mu": [-0.8322308785020859, 2.806126220941242, 1.339470934903737], "Sigma": [[0.0037970420125757894, 7.421623952621017e-05, -0.005725269668846249], [7.421623952621022e-05, 0.004081892592241567, -0.011362825844312523], [-0.005725269668846249, -0.011362825844312526, 0.1589188604255152]], "chi2_level": 0.95, "chi2_df": 3, "chi2_threshold": 7.814727903251179, "N_raw": 36, "N_roi": 36, "N_inlier": 31, "refit": true}
{"timestamp": "17:20:51.219810", "frame": 78, "mu": [-0.8670609713654835, 2.8471182059753035, 1.4240268285122537], "Sigma": [[0.011194399756134532, -4.386138762026506e-05, 0.0016814015936637726], [-4.38613876202649e-05, 0.003404069992931311, -0.009175714607152533], [0.0016814015936637728, -0.009175714607152533, 0.06742928746655498]], "chi2_level": 0.95, "chi2_df": 3, "chi2_threshold": 7.814727903251179, "N_raw": 71, "N_roi": 71, "N_inlier": 64, "refit": true}
{"timestamp": "17:20:51.273822", "frame": 79, "mu": [-0.9040283981998982, 2.949494287668086, 1.2428181794949076], "Sigma": [[0.01791817238421255, -0.009630821466117661, 0.029963271190972942], [-0.009630821466117661, 0.010080581978088544, -0.02860319049696667], [0.029963271190972942, -0.02860319049696667, 0.21055428118482516]], "chi2_level": 0.95, "chi2_df": 3, "chi2_threshold": 7.814727903251179, "N_raw": 57, "N_roi": 57, "N_inlier": 54, "refit": true}
{"timestamp": "17:20:51.329673", "frame": 80, "mu": [-0.7801396885039109, 2.9333023863181023, 1.3917891265654923], "Sigma": [[0.012161947021860667, -0.0006969328013973653, -0.0012519938570941082], [-0.0006969328013973652, 0.003310912487614382, -0.007661354837878361], [-0.0012519938570941084, -0.007661354837878361, 0.04165137547366361]], "chi2_level": 0.95, "chi2_df": 3, "chi2_threshold": 7.814727903251179, "N_raw": 70, "N_roi": 70, "N_inlier": 66, "refit": true}
{"timestamp": "17:20:51.382197", "frame": 81, "mu": [-0.7667822259956323, 3.0337436373287536, 0.979495058598119], "Sigma": [[0.006364100161315171, 0.0007411469055568616, -0.010608093309771721], [0.0007411469055568621, 0.009626617524818764, -0.05450601053434863], [-0.010608093309771721, -0.05450601053434863, 0.4252641915637682]], "chi2_level": 0.95, "chi2_df": 3, "chi2_threshold": 7.814727903251179, "N_raw": 55, "N_roi": 55, "N_inlier": 51, "refit": true}
{"timestamp": "17:20:51.432537", "frame": 82, "mu": [-0.7445715768342671, 3.0304962478405093, 1.26169848111744], "Sigma": [[0.004805750796417961, 0.0018316507258525792, -0.011209160789078054], [0.0018316507258525792, 0.009211580944955805, -0.043293405741555074], [-0.011209160789078054, -0.043293405741555074, 0.2393459673250187]], "chi2_level": 0.95, "chi2_df": 3, "chi2_threshold": 7.814727903251179, "N_raw": 22, "N_roi": 22, "N_inlier": 21, "refit": true}
{"timestamp": "17:20:51.485985", "frame": 83, "mu": [-0.7150453317566027, 3.34969315447456, -0.27014185093416937], "Sigma": [[0.005076861652991095, -0.010059371178056425, 0.02028025427934281], [-0.010059371178056425, 0.05339873849816712, -0.11295176467808737], [0.02028025427934281, -0.11295176467808737, 0.2450623191351629]], "chi2_level": 0.95, "chi2_df": 3, "chi2_threshold": 7.814727903251179, "N_raw": 12, "N_roi": 12, "N_inlier": 12, "refit": true}
{"timestamp": "17:20:51.542441", "frame": 84, "mu": [-0.6850969187907086, 3.1262115003025346, 1.2470335646252095], "Sigma": [[0.006340302894374063, -0.001001365961429037, 0.00834473508109956], [-0.001001365961429037, 0.007203678667152094, -0.03974313955278394], [0.00834473508109956, -0.03974313955278394, 0.304661876049867]], "chi2_level": 0.95, "chi2_df": 3, "chi2_threshold": 7.814727903251179, "N_raw": 25, "N_roi": 25, "N_inlier": 24, "refit": true}
{"timestamp": "17:20:51.603693", "frame": 85, "mu": [-0.6585844044004843, 3.214325384499576, 1.028108051404179], "Sigma": [[0.02142839659251116, -0.012988395077306161, 0.033520993324315976], [-0.012988395077306161, 0.01415722806504604, -0.04302971963766588], [0.033520993324315976, -0.04302971963766588, 0.19876341023265148]], "chi2_level": 0.95, "chi2_df": 3, "chi2_threshold": 7.814727903251179, "N_raw": 64, "N_roi": 59, "N_inlier": 57, "refit": true}
{"timestamp": "17:20:51.653987", "frame": 86, "mu": [-0.6400809683113347, 3.2098297806759475, 1.289483375068427], "Sigma": [[0.009011797994772653, -0.0014202775636331351, -0.005459783428855899], [-0.0014202775636331353, 0.003994605759105181, -0.007281503779247106], [-0.005459783428855899, -0.007281503779247104, 0.07521443625151206]], "chi2_level": 0.95, "chi2_df": 3, "chi2_threshold": 7.814727903251179, "N_raw": 32, "N_roi": 29, "N_inlier": 26, "refit": true}
{"timestamp": "17:20:51.713821", "frame": 87, "mu": [-0.5842812054368008, 3.15937674184188, 1.362558758831156], "Sigma": [[0.017915890682452494, -0.005003322371842558, -0.01816612089049128], [-0.005003322371842558, 0.0060840490164974954, 0.0009242262228739834], [-0.018166120890491282, 0.0009242262228739836, 0.028402859028550477]], "chi2_level": 0.95, "chi2_df": 3, "chi2_threshold": 7.814727903251179, "N_raw": 66, "N_roi": 64, "N_inlier": 60, "refit": true}
{"timestamp": "17:20:51.765395", "frame": 88, "mu": [-0.5273838277903203, 3.136012429935656, 1.0396703143654509], "Sigma": [[0.015668406994164278, -0.003980033724686133, 0.0049194062020787655], [-0.003980033724686133, 0.008679220449134621, -0.028602465163905424], [0.0049194062020787655, -0.028602465163905424, 0.15252555909716795]], "chi2_level": 0.95, "chi2_df": 3, "chi2_threshold": 7.814727903251179, "N_raw": 38, "N_roi": 35, "N_inlier": 31, "refit": true}
{"timestamp": "17:20:51.823785", "frame": 89, "mu": [-0.6111318795949965, 3.3988602427473147, 0.00822660142613855], "Sigma": [[0.025557807591655567, -0.015457652045230983, 0.05000506597930809], [-0.015457652045230984, 0.02395700823268431, -0.0720659370769201], [0.05000506597930809, -0.07206593707692009, 0.22629340269819373]], "chi2_level": 0.95, "chi2_df": 3, "chi2_threshold": 7.814727903251179, "N_raw": 63, "N_roi": 58, "N_inlier": 56, "refit": true}
{"timestamp": "17:20:51.880652", "frame": 90, "mu": [-0.6372956168013092, 3.323482930861784, 0.9185602537861899], "Sigma": [[0.02911301125042466, -0.006182375151349491, 0.04646688443528824], [-0.006182375151349491, 0.005292141891345451, -0.02908921363961825], [0.04646688443528825, -0.02908921363961825, 0.2016463886375123]], "chi2_level": 0.95, "chi2_df": 3, "chi2_threshold": 7.814727903251179, "N_raw": 66, "N_roi": 64, "N_inlier": 62, "refit": true}
{"timestamp": "17:20:51.935883", "frame": 91, "mu": [-0.441550349977115, 3.317439051958749, 1.3884391477831146], "Sigma": [[0.023310335178444677, -0.0019984286959729924, -0.007838024485405173], [-0.0019984286959729924, 0.005719113254848598, -0.004872150435543192], [-0.007838024485405173, -0.004872150435543192, 0.010294630919708348]], "chi2_level": 0.95, "chi2_df": 3, "chi2_threshold": 7.814727903251179, "N_raw": 76, "N_roi": 73, "N_inlier": 70, "refit": true}
{"timestamp": "17:20:51.990213", "frame": 92, "mu": [-0.4385340467935959, 3.3950298372277468, 1.450228642057895], "Sigma": [[0.022778477494393705, -0.0019360727876560175, -0.005556964436838837], [-0.0019360727876560173, 0.00407129529302015, -0.0078101857909716075], [-0.005556964436838837, -0.007810185790971608, 0.023273808816415744]], "chi2_level": 0.95, "chi2_df": 3, "chi2_threshold": 7.814727903251179, "N_raw": 74, "N_roi": 71, "N_inlier": 66, "refit": true}
{"timestamp": "17:20:52.040774", "frame": 93, "mu": [-0.398655602042678, 3.4432584360080187, 1.3280564129857577], "Sigma": [[0.014510051643268287, -0.0018311301200170237, -0.002062684814598997], [-0.0018311301200170235, 0.001973931998746359, -0.003700656034599027], [-0.002062684814598997, -0.0037006560345990264, 0.014622565187836589]], "chi2_level": 0.95, "chi2_df": 3, "chi2_threshold": 7.814727903251179, "N_raw": 38, "N_roi": 34, "N_inlier": 31, "refit": true}
{"timestamp": "17:20:52.101105", "frame": 94, "mu": [-0.3470625949902703, 3.498873233042044, 1.259206619549848], "Sigma": [[0.018426248620423455, -0.004507350672550395, 0.014848611558654166], [-0.004507350672550394, 0.014329906452916118, -0.05399050121196876], [0.014848611558654166, -0.05399050121196876, 0.24255664695344295]], "chi2_level": 0.95, "chi2_df": 3, "chi2_threshold": 7.814727903251179, "N_raw": 83, "N_roi": 83, "N_inlier": 82, "refit": true}
{"timestamp": "17:20:52.159591", "frame": 95, "mu": [-0.30057308769448027, 3.509613444675739, 1.0455219434412384], "Sigma": [[0.02024943592193124, -0.003888292062002785, 0.006746774267271297], [-0.003888292062002785, 0.016421556918236095, -0.06776036068411109], [0.006746774267271296, -0.06776036068411109, 0.30357150009976513]], "chi2_level": 0.95, "chi2_df": 3, "chi2_threshold": 7.814727903251179, "N_raw": 95, "N_roi": 95, "N_inlier": 94, "refit": true}
{"timestamp": "17:20:52.208275", "frame": 96, "mu": [-0.2402480797615357, 3.4572885757139122, 1.5583925834887007], "Sigma": [[0.02026904133590613, 0.0007504312857587799, 5.58379806459338e-05], [0.0007504312857587801, 0.0032509471191901128, -0.005424860243532163], [5.583798064593337e-05, -0.005424860243532163, 0.018745879118261626]], "chi2_level": 0.95, "chi2_df": 3, "chi2_threshold": 7.814727903251179, "N_raw": 57, "N_roi": 57, "N_inlier": 53, "refit": true}
{"timestamp": "17:20:52.262113", "frame": 97, "mu": [-0.23565403635501647, 3.4747079172263233, 1.5467525761331675], "Sigma": [[0.016011766744476602, -0.001298468769662696, 0.004952906913253369], [-0.001298468769662696, 0.0036191684966851295, -0.003981749352708732], [0.004952906913253369, -0.003981749352708732, 0.007341858290875259]], "chi2_level": 0.95, "chi2_df": 3, "chi2_threshold": 7.814727903251179, "N_raw": 51, "N_roi": 51, "N_inlier": 44, "refit": true}
{"timestamp": "17:20:52.316498", "frame": 98, "mu": [-0.13734270817020708, 3.506938962867701, 0.4590559992198731], "Sigma": [[0.015270127063688908, 0.0012845456495749828, -0.002906854508417731], [0.0012845456495749832, 0.00421852395650157, -0.003747998837341098], [-0.002906854508417731, -0.003747998837341098, 0.004543048413392065]], "chi2_level": 0.95, "chi2_df": 3, "chi2_threshold": 7.814727903251179, "N_raw": 43, "N_roi": 43, "N_inlier": 38, "refit": true}
{"timestamp": "17:20:52.370807", "frame": 99, "mu": [-0.2435344609058694, 3.586272119397416, 1.2136365880617435], "Sigma": [[0.01129409802879743, -0.002197505227972842, 0.002657246592688204], [-0.002197505227972842, 0.0022201152546275594, -0.007691344762889725], [0.0026572465926882043, -0.007691344762889725, 0.039495388361770176]], "chi2_level": 0.95, "chi2_df": 3, "chi2_threshold": 7.814727903251179, "N_raw": 46, "N_roi": 46, "N_inlier": 42, "refit": true}
{"timestamp": "17:20:52.502425", "frame": 100, "mu": [-0.19294952481663044, 3.7168669696409533, 0.23968942278483812], "Sigma": [[0.012538973078367373, 0.0006154231767448889, -0.003778792412003394], [0.0006154231767448888, 0.005180659308091798, -0.012674506691199492], [-0.003778792412003393, -0.012674506691199492, 0.039867165960331276]], "chi2_level": 0.95, "chi2_df": 3, "chi2_threshold": 7.814727903251179, "N_raw": 40, "N_roi": 40, "N_inlier": 37, "refit": true}
{"timestamp": "17:20:52.506287", "frame": 101, "mu": [-0.15327191004395876, 3.63766095158901, -0.5890782398990575], "Sigma": [[0.012307775821790077, 0.008762160634768987, 0.008403281465222366], [0.00876216063476899, 0.30160543061065, 0.5256595068974429], [0.008403281465222363, 0.5256595068974429, 2.0235173419171173]], "chi2_level": 0.95, "chi2_df": 3, "chi2_threshold": 7.814727903251179, "N_raw": 56, "N_roi": 56, "N_inlier": 56, "refit": true}
{"timestamp": "17:20:52.535504", "frame": 102, "mu": [-0.1011347100833038, 3.638486416880897, 1.6270953008024742], "Sigma": [[0.013845266435006866, -0.0022114561652038568, -0.00042007465303686253], [-0.0022114561652038568, 0.0036004669122507446, -0.005017785931697438], [-0.00042007465303686297, -0.005017785931697438, 0.03608496463541614]], "chi2_level": 0.95, "chi2_df": 3, "chi2_threshold": 7.814727903251179, "N_raw": 36, "N_roi": 36, "N_inlier": 31, "refit": true}
{"timestamp": "17:20:52.591688", "frame": 103, "mu": [-0.10919602916962938, 3.7539096636999827, 1.3977478393165639], "Sigma": [[0.014541748821871507, -0.002400368237149105, 0.006789409561986282], [-0.0024003682371491046, 0.004604612642263506, -0.013191931166930654], [0.006789409561986282, -0.013191931166930654, 0.0944753475912594]], "chi2_level": 0.95, "chi2_df": 3, "chi2_threshold": 7.814727903251179, "N_raw": 53, "N_roi": 52, "N_inlier": 49, "refit": true}
{"timestamp": "17:20:52.644947", "frame": 104, "mu": [-0.01293637820171722, 3.7882854270803534, 1.4433844355969003], "Sigma": [[0.011851899555903957, -0.0009356075034441151, -0.0001389745896519431], [-0.0009356075034441154, 0.002155173783087162, -0.004804772008273841], [-0.0001389745896519433, -0.004804772008273841, 0.04051483468087233]], "chi2_level": 0.95, "chi2_df": 3, "chi2_threshold": 7.814727903251179, "N_raw": 40, "N_roi": 39, "N_inlier": 36, "refit": true}
{"timestamp": "17:20:52.698227", "frame": 105, "mu": [-0.012570597153336364, 3.8173973145941265, 0.5531489604815428], "Sigma": [[0.009722145632286272, 0.00938445828017805, -0.02209821089048586], [0.00938445828017805, 0.0379080974746527, -0.08427787217398033], [-0.022098210890485855, -0.08427787217398033, 0.19100340817128514]], "chi2_level": 0.95, "chi2_df": 3, "chi2_threshold": 7.814727903251179, "N_raw": 22, "N_roi": 19, "N_inlier": 17, "refit": true}
{"timestamp": "17:20:52.759815", "frame": 106, "mu": [-0.004147929958188553, 3.915617703514656, 1.42514113210246], "Sigma": [[0.01468364645889467, 0.0003934621199433774, -0.011366787244940675], [0.0003934621199433772, 0.01728754998012154, -0.06128842066643753], [-0.011366787244940673, -0.06128842066643754, 0.25759343759864456]], "chi2_level": 0.95, "chi2_df": 3, "chi2_threshold": 7.814727903251179, "N_raw": 61, "N_roi": 56, "N_inlier": 55, "refit": true}
{"timestamp": "17:20:52.810329", "frame": 107, "mu": [0.08042796020001172, 3.8761435468024796, 1.5037790570403358], "Sigma": [[0.010448017939840596, -0.0006086214194992585, -0.01601853053145335], [-0.0006086214194992584, 0.0019588683265454247, -0.004935891374087931], [-0.01601853053145335, -0.004935891374087931, 0.0496425660448202]], "chi2_level": 0.95, "chi2_df": 3, "chi2_threshold": 7.814727903251179, "N_raw": 33, "N_roi": 32, "N_inlier": 28, "refit": true}
{"timestamp": "17:20:52.868394", "frame": 108, "mu": [0.17081817265749658, 3.89012964226727, 1.1818079511178998], "Sigma": [[0.024041045192254626, -0.017618925969423813, 0.008829183485149775], [-0.017618925969423813, 0.019907693505337443, -0.03206811620219879], [0.008829183485149775, -0.03206811620219879, 0.12564557096741347]], "chi2_level": 0.95, "chi2_df": 3, "chi2_threshold": 7.814727903251179, "N_raw": 60, "N_roi": 60, "N_inlier": 58, "refit": true}
{"timestamp": "17:20:52.921946", "frame": 109, "mu": [0.16564906545161381, 3.9091017591128523, 1.4716901510749474], "Sigma": [[0.017043954364737504, -0.00413618542079717, -0.01766349123704735], [-0.00413618542079717, 0.0051764992091157735, -0.004860403232972294], [-0.01766349123704735, -0.004860403232972294, 0.05836860907767188]], "chi2_level": 0.95, "chi2_df": 3, "chi2_threshold": 7.814727903251179, "N_raw": 52, "N_roi": 52, "N_inlier": 48, "refit": true}
{"timestamp": "17:20:52.982882", "frame": 110, "mu": [0.12221537250400133, 3.9801546494498674, 1.2077787826883601], "Sigma": [[0.01931714819835264, -0.005972851116255626, 0.010825707910849927], [-0.005972851116255625, 0.007983390517821579, -0.021765655543253326], [0.010825707910849927, -0.021765655543253326, 0.10162615556823021]], "chi2_level": 0.95, "chi2_df": 3, "chi2_threshold": 7.814727903251179, "N_raw": 77, "N_roi": 75, "N_inlier": 74, "refit": true}
{"timestamp": "17:20:53.038558", "frame": 111, "mu": [0.15790447754654283, 3.9999745159592166, 0.43852320551916124], "Sigma": [[0.023137916555884586, -0.007128600686427174, -0.003033120903198078], [-0.007128600686427174, 0.026889011843583225, -0.042797030033793586], [-0.003033120903198078, -0.04279703003379358, 0.11143662295194132]], "chi2_level": 0.95, "chi2_df": 3, "chi2_threshold": 7.814727903251179, "N_raw": 89, "N_roi": 88, "N_inlier": 88, "refit": true}
{"timestamp": "17:20:53.090756", "frame": 112, "mu": [0.2563749763280582, 3.950081099281923, 1.4798936216896454], "Sigma": [[0.021246287791903566, -0.006905908135311242, -0.020713267575043798], [-0.006905908135311242, 0.012678443160410542, 0.006904575504373962], [-0.020713267575043794, 0.006904575504373963, 0.037328931040892445]], "chi2_level": 0.95, "chi2_df": 3, "chi2_threshold": 7.814727903251179, "N_raw": 76, "N_roi": 76, "N_inlier": 73, "refit": true}
{"timestamp": "17:20:53.146113", "frame": 113, "mu": [0.27747240948268653, 4.024211160146596, 1.4078038970430904], "Sigma": [[0.02356490059062845, -0.005054291278689576, -0.01588759180335788], [-0.0050542912786895764, 0.010264457244380614, -0.001588717723071136], [-0.01588759180335788, -0.001588717723071136, 0.020302037940156857]], "chi2_level": 0.95, "chi2_df": 3, "chi2_threshold": 7.814727903251179, "N_raw": 80, "N_roi": 80, "N_inlier": 77, "refit": true}
{"timestamp": "17:20:53.196718", "frame": 114, "mu": [0.30399040616174755, 4.043041853877096, 1.5159760452675406], "Sigma": [[0.013057210626729094, -0.003018026218597069, -0.00992392777087686], [-0.003018026218597069, 0.0065640960140117555, 0.0012885348337481305], [-0.00992392777087686, 0.0012885348337481302, 0.012309468409577366]], "chi2_level": 0.95, "chi2_df": 3, "chi2_threshold": 7.814727903251179, "N_raw": 45, "N_roi": 44, "N_inlier": 42, "refit": true}
{"timestamp": "17:20:53.247013", "frame": 115, "mu": [0.19643242050287518, 4.18550682552223, 1.0086490583605896], "Sigma": [[0.024522651380704537, -0.01316937968607479, 0.04136642234139071], [-0.01316937968607479, 0.010860672924548925, -0.030143235879945687], [0.04136642234139071, -0.03014323587994569, 0.09468188658239385]], "chi2_level": 0.95, "chi2_df": 3, "chi2_threshold": 7.814727903251179, "N_raw": 16, "N_roi": 16, "N_inlier": 16, "refit": true}
{"timestamp": "17:20:53.356824", "frame": 117, "mu": [0.4162908147923511, 4.151468074591578, 1.5143262777240216], "Sigma": [[0.008652462068325019, -0.0011254749422381716, -0.008442917934498428], [-0.0011254749422381714, 0.0021316419389443447, -0.0012260487132560378], [-0.008442917934498428, -0.0012260487132560375, 0.014235180120630261]], "chi2_level": 0.95, "chi2_df": 3, "chi2_threshold": 7.814727903251179, "N_raw": 22, "N_roi": 22, "N_inlier": 19, "refit": true}
{"timestamp": "17:20:53.414569", "frame": 118, "mu": [0.42931819412252004, 4.137668273086382, 1.5801825660620221], "Sigma": [[0.017832209285155817, -0.004397399160756564, -0.004669838689642278], [-0.004397399160756565, 0.005342058337989969, -0.008339121604121065], [-0.004669838689642278, -0.008339121604121065, 0.02790260395307121]], "chi2_level": 0.95, "chi2_df": 3, "chi2_threshold": 7.814727903251179, "N_raw": 41, "N_roi": 41, "N_inlier": 38, "refit": true}
{"timestamp": "17:20:53.465467", "frame": 119, "mu": [0.5179457595818238, 4.326195782475713, 1.0413573840966608], "Sigma": [[0.005028040493751324, -0.010180365514028268, 0.02331488811253339], [-0.010180365514028268, 0.024467817827138704, -0.05941738500004206], [0.02331488811253339, -0.05941738500004205, 0.1641514948031645]], "chi2_level": 0.95, "chi2_df": 3, "chi2_threshold": 7.814727903251179, "N_raw": 8, "N_roi": 8, "N_inlier": 8, "refit": true}
