{"timestamp": "16:46:36.605109", "frame": 11, "mu": [2.413530659450247, 2.0501248460956036, 0.9059722359704538], "Sigma": [[0.002184589352117847, -1.2757745289889333e-05, -0.0039320357801962275], [-1.2757745289889441e-05, 0.0019295854603814128, 0.022181925003080097], [-0.003932035780196227, 0.022181925003080097, 0.32190805079112267]], "chi2_level": 0.95, "chi2_df": 3, "chi2_threshold": 7.814727903251179, "N_raw": 9, "N_roi": 7, "N_inlier": 7, "refit": true}
{"timestamp": "16:46:36.937979", "frame": 17, "mu": [2.0304841044288153, 2.1711585802522917, 0.9814969168619114], "Sigma": [[0.0067477652606648805, -0.0066259022331863985, -0.002086854025256627], [-0.0066259022331863985, 0.006960384540082781, 0.001569971116544977], [-0.002086854025256627, 0.0015699711165449773, 0.021394207766541825]], "chi2_level": 0.95, "chi2_df": 3, "chi2_threshold": 7.814727903251179, "N_raw": 24, "N_roi": 24, "N_inlier": 23, "refit": true}
{"timestamp": "16:46:36.994681", "frame": 18, "mu": [2.0024589741822525, 2.0953357378557844, 0.8247402743263841], "Sigma": [[0.009377814429694969, -0.008754016561131967, -0.002619079667877418], [-0.008754016561131967, 0.010351132097709057, 0.0020687245983293636], [-0.002619079667877418, 0.0020687245983293636, 0.0036867400238582964]], "chi2_level": 0.95, "chi2_df": 3, "chi2_threshold": 7.814727903251179, "N_raw": 25, "N_roi": 25, "N_inlier": 23, "refit": true}
{"timestamp": "16:46:37.046478", "frame": 19, "mu": [1.9579712814311727, 2.3492144312023644, -0.7477856220613475], "Sigma": [[0.000853573098109771, -0.0012235256118058146, 0.005885872450984168], [-0.0012235256118058146, 0.008371627096894292, -0.01287204262639151], [0.005885872450984166, -0.01287204262639151, 0.1272700981137852]], "chi2_level": 0.95, "chi2_df": 3, "chi2_threshold": 7.814727903251179, "N_raw": 7, "N_roi": 7, "N_inlier": 7, "refit": true}
{"timestamp": "16:46:37.102544", "frame": 20, "mu": [1.9097319795779202, 2.4025962691672573, -0.24542715372284604], "Sigma": [[0.0037229075275773222, -0.00746702944348908, 0.00510218851344871], [-0.00746702944348908, 0.023114180834102566, -0.022718918396237534], [0.005102188513448711, -0.022718918396237537, 0.03101370889298161]], "chi2_level": 0.95, "chi2_df": 3, "chi2_threshold": 7.814727903251179, "N_raw": 9, "N_roi": 9, "N_inlier": 9, "refit": true}
{"timestamp": "16:46:37.157170", "frame": 21, "mu": [1.8665428512747129, 2.1587651788533613, 0.8775548033456759], "Sigma": [[0.004609557225640348, -0.007924562771886884, 0.000843129736285717], [-0.007924562771886884, 0.018279358349603265, -0.0024185351134455245], [0.000843129736285717, -0.002418535113445524, 0.0010563387245740056]], "chi2_level": 0.95, "chi2_df": 3, "chi2_threshold": 7.814727903251179, "N_raw": 10, "N_roi": 10, "N_inlier": 9, "refit": true}
{"timestamp": "16:46:37.216003", "frame": 22, "mu": [1.8536304992184847, 2.1730737313262543, 1.2418707157701965], "Sigma": [[0.00876154740323969, -0.007783147596245233, -0.006012624071554506], [-0.007783147596245234, 0.009814898648051606, 0.01306621156708428], [-0.006012624071554506, 0.01306621156708428, 0.0594766228194613]], "chi2_level": 0.95, "chi2_df": 3, "chi2_threshold": 7.814727903251179, "N_raw": 35, "N_roi": 34, "N_inlier": 32, "refit": true}
{"timestamp": "16:46:37.268562", "frame": 23, "mu": [1.7705464245623854, 2.2257326198965, 0.8882618286956486], "Sigma": [[0.002662382723977738, -0.0035821078866098708, -0.0009038059943063454], [-0.0035821078866098708, 0.012950931680926562, -0.011728983044940793], [-0.0009038059943063456, -0.011728983044940793, 0.03114053454549684]], "chi2_level": 0.95, "chi2_df": 3, "chi2_threshold": 7.814727903251179, "N_raw": 12, "N_roi": 12, "N_inlier": 12, "refit": true}
{"timestamp": "16:46:37.324555", "frame": 24, "mu": [1.6558947300529812, 2.2871900838953674, 1.1118338464997186], "Sigma": [[0.008688478450615803, -0.010599009196862007, 0.011798284225156164], [-0.010599009196862007, 0.017755219129594012, -0.021952377368622867], [0.011798284225156164, -0.021952377368622867, 0.03024162050990116]], "chi2_level": 0.95, "chi2_df": 3, "chi2_threshold": 7.814727903251179, "N_raw": 26, "N_roi": 26, "N_inlier": 25, "refit": true}
{"timestamp": "16:46:37.380283", "frame": 25, "mu": [1.5399407094476958, 2.38225290321965, 0.9290687798725448], "Sigma": [[0.00792219178059977, -0.007853029197113861, 0.001148986752790764], [-0.007853029197113861, 0.01237258067966729, -0.006978421894064528], [0.0011489867527907642, -0.006978421894064527, 0.013179709815017843]], "chi2_level": 0.95, "chi2_df": 3, "chi2_threshold": 7.814727903251179, "N_raw": 28, "N_roi": 26, "N_inlier": 23, "refit": true}
{"timestamp": "16:46:37.435532", "frame": 26, "mu": [1.6092699116402203, 2.1141634072016005, 1.2381062115208876], "Sigma": [[0.007540675708949813, -0.00451561474035762, -0.002969303971222471], [-0.00451561474035762, 0.004593384869615805, -9.99101287158773e-05], [-0.002969303971222471, -9.991012871587751e-05, 0.005424989075414601]], "chi2_level": 0.95, "chi2_df": 3, "chi2_threshold": 7.814727903251179, "N_raw": 34, "N_roi": 32, "N_inlier": 29, "refit": true}
{"timestamp": "16:46:37.488460", "frame": 27, "mu": [1.5000951508990954, 2.0767686295811645, 1.3371896621937913], "Sigma": [[0.0019044533286655153, -0.0010977871206187995, -0.0037246033404757487], [-0.0010977871206187995, 0.00520884656985347, 0.006251895071209208], [-0.0037246033404757487, 0.006251895071209208, 0.0456547794517719]], "chi2_level": 0.95, "chi2_df": 3, "chi2_threshold": 7.814727903251179, "N_raw": 15, "N_roi": 15, "N_inlier": 14, "refit": true}
{"timestamp": "16:46:37.541360", "frame": 28, "mu": [1.4039645074123834, 2.187186052511124, 1.4282706714116342], "Sigma": [[0.0010150188982187222, -0.0011858771304037428, -0.0018786243610962026], [-0.0011858771304037426, 0.009474404851688076, 0.002531091598098871], [-0.0018786243610962026, 0.002531091598098871, 0.00691177628019741]], "chi2_level": 0.95, "chi2_df": 3, "chi2_threshold": 7.814727903251179, "N_raw": 8, "N_roi": 8, "N_inlier": 8, "refit": true}
{"timestamp": "16:46:37.599469", "frame": 29, "mu": [1.424167396056325, 1.9868888387783619, 1.2441401055799726], "Sigma": [[0.005448372622305918, -0.0031130417258955394, -0.000648712232905816], [-0.0031130417258955394, 0.004898801974957772, 0.001173492511248484], [-0.000648712232905816, 0.001173492511248484, 0.0008801450344777159]], "chi2_level": 0.95, "chi2_df": 3, "chi2_threshold": 7.814727903251179, "N_raw": 23, "N_roi": 23, "N_inlier": 22, "refit": true}
{"timestamp": "16:46:37.660878", "frame": 30, "mu": [1.3474989317434591, 1.9448550950186672, 1.1311752449569563], "Sigma": [[0.010026712340589442, -0.001613747787697357, 0.0023662553289395096], [-0.0016137477876973574, 0.013782490891385673, 0.004820009070661063], [0.0023662553289395096, 0.004820009070661064, 0.009725751029846309]], "chi2_level": 0.95, "chi2_df": 3, "chi2_threshold": 7.814727903251179, "N_raw": 67, "N_roi": 67, "N_inlier": 64, "refit": true}
{"timestamp": "16:46:37.714755", "frame": 31, "mu": [1.2860955362589614, 1.958613741585595, 1.100267289895166], "Sigma": [[0.009672872276426193, -0.0003885038782063271, 0.001700208125527554], [-0.00038850387820632695, 0.015637778758397496, 0.00759263310201593], [0.0017002081255275542, 0.00759263310201593, 0.008683725589970881]], "chi2_level": 0.95, "chi2_df": 3, "chi2_threshold": 7.814727903251179, "N_raw": 63, "N_roi": 63, "N_inlier": 61, "refit": true}
{"timestamp": "16:46:37.772668", "frame": 32, "mu": [1.2113221407646158, 1.9960458567120098, -0.8003727549583809], "Sigma": [[0.010238443114703363, -0.0006949625461404985, 0.007485830089600996], [-0.0006949625461404984, 0.01130996860301787, 0.00237152282462292], [0.007485830089600996, 0.00237152282462292, 0.07455992501671022]], "chi2_level": 0.95, "chi2_df": 3, "chi2_threshold": 7.814727903251179, "N_raw": 76, "N_roi": 76, "N_inlier": 69, "refit": true}
{"timestamp": "16:46:37.829332", "frame": 33, "mu": [1.1857845953583879, 2.026501436057375, 1.2167139575039199], "Sigma": [[0.011804585184281386, -0.0002838628212169552, 0.0034560848834944823], [-0.00028386282121695475, 0.020991406016878295, 0.0160191468091068], [0.003456084883494482, 0.0160191468091068, 0.018116048323298106]], "chi2_level": 0.95, "chi2_df": 3, "chi2_threshold": 7.814727903251179, "N_raw": 86, "N_roi": 83, "N_inlier": 80, "refit": true}
{"timestamp": "16:46:37.881496", "frame": 34, "mu": [1.1748973611266227, 1.9986131001604424, 1.2556507516093154], "Sigma": [[0.009654702723881326, -0.0019018791143758903, 0.0019296051297185333], [-0.0019018791143758903, 0.005717708053575782, 0.00029392056898234223], [0.0019296051297185333, 0.0002939205689823422, 0.001343783619032126]], "chi2_level": 0.95, "chi2_df": 3, "chi2_threshold": 7.814727903251179, "N_raw": 52, "N_roi": 51, "N_inlier": 47, "refit": true}
{"timestamp": "16:46:37.934910", "frame": 35, "mu": [1.1431624153719502, 2.066167697717454, 1.1636568745349376], "Sigma": [[0.006952553043647628, -6.265123126871478e-05, 0.0007619729856220202], [-6.265123126871473e-05, 0.01126952040752433, 0.002685457548302055], [0.0007619729856220202, 0.0026854575483020553, 0.006186277934494377]], "chi2_level": 0.95, "chi2_df": 3, "chi2_threshold": 7.814727903251179, "N_raw": 56, "N_roi": 55, "N_inlier": 52, "refit": true}
{"timestamp": "16:46:37.988093", "frame": 36, "mu": [1.0987225157484954, 2.1171324451013667, 1.2930400245977614], "Sigma": [[0.0070074328529498055, -0.002951970634168479, -0.00030501295236533], [-0.002951970634168479, 0.00973627719672452, 0.0026273988289708594], [-0.00030501295236533, 0.0026273988289708594, 0.0017695691088795323]], "chi2_level": 0.95, "chi2_df": 3, "chi2_threshold": 7.814727903251179, "N_raw": 48, "N_roi": 48, "N_inlier": 46, "refit": true}
{"timestamp": "16:46:38.047650", "frame": 37, "mu": [1.0514059029348335, 2.2281502150725183, -0.31477638702741867], "Sigma": [[0.007927631103084571, -0.00013103758500976662, 0.016903870835452094], [-0.00013103758500976687, 0.00835791847283881, -0.007242721862230994], [0.016903870835452094, -0.007242721862230992, 0.10896917653296813]], "chi2_level": 0.95, "chi2_df": 3, "chi2_threshold": 7.814727903251179, "N_raw": 76, "N_roi": 76, "N_inlier": 69, "refit": true}
{"timestamp": "16:46:38.100520", "frame": 38, "mu": [1.0039618329570958, 2.193533130346862, 1.3619289211188932], "Sigma": [[0.00805810090165173, -0.004213053816058071, -0.0038503190593974015], [-0.004213053816058071, 0.00927150133135502, 0.002538244066882163], [-0.0038503190593974015, 0.0025382440668821633, 0.002977775392166938]], "chi2_level": 0.95, "chi2_df": 3, "chi2_threshold": 7.814727903251179, "N_raw": 55, "N_roi": 55, "N_inlier": 52, "refit": true}
{"timestamp": "16:46:38.154956", "frame": 39, "mu": [0.9883746101062733, 2.1096878660886285, -0.7042042426884944], "Sigma": [[0.006502876656864197, 0.0009509117176742781, 0.02145212711587398], [0.000950911717674278, 0.0042736811427736806, 0.011022609764106413], [0.02145212711587398, 0.011022609764106413, 0.1703937719445542]], "chi2_level": 0.95, "chi2_df": 3, "chi2_threshold": 7.814727903251179, "N_raw": 56, "N_roi": 56, "N_inlier": 53, "refit": true}
{"timestamp": "16:46:38.209138", "frame": 40, "mu": [0.8938235427987375, 2.0822770609886665, 0.8820853953562474], "Sigma": [[0.007794579690560559, -0.0025710354944942053, 0.008144468671805644], [-0.0025710354944942053, 0.002647021184619372, -0.007380447846132304], [0.008144468671805644, -0.007380447846132304, 0.05276899242277775]], "chi2_level": 0.95, "chi2_df": 3, "chi2_threshold": 7.814727903251179, "N_raw": 53, "N_roi": 51, "N_inlier": 46, "refit": true}
{"timestamp": "16:46:38.267158", "frame": 41, "mu": [0.8065375825513067, 2.207561716997831, 0.7593384787438383], "Sigma": [[0.01701957032112218, -0.021912121380382767, 0.00025817963740923074], [-0.021912121380382767, 0.05283222183363184, 0.0598823484384477], [0.0002581796374092316, 0.05988234843844768, 0.2693260741094937]], "chi2_level": 0.95, "chi2_df": 3, "chi2_threshold": 7.814727903251179, "N_raw": 72, "N_roi": 72, "N_inlier": 70, "refit": true}
{"timestamp": "16:46:38.316737", "frame": 42, "mu": [0.6914391481930677, 2.3619363095120116, 0.8524466868389081], "Sigma": [[0.01169191631603061, -0.014084505834411221, -0.009234199052829902], [-0.014084505834411221, 0.024392888229194703, 0.017583599172878585], [-0.009234199052829902, 0.017583599172878585, 0.09477912718016733]], "chi2_level": 0.95, "chi2_df": 3, "chi2_threshold": 7.814727903251179, "N_raw": 37, "N_roi": 37, "N_inlier": 33, "refit": true}
{"timestamp": "16:46:38.378703", "frame": 43, "mu": [0.7007274001768378, 2.350756026348013, -0.25789775754035327], "Sigma": [[0.009055877346728395, -0.011792339123363806, 0.02462264065154593], [-0.011792339123363808, 0.02860684922640358, -0.05631182537608324], [0.02462264065154593, -0.05631182537608323, 0.3153411544520901]], "chi2_level": 0.95, "chi2_df": 3, "chi2_threshold": 7.814727903251179, "N_raw": 82, "N_roi": 82, "N_inlier": 79, "refit": true}
{"timestamp": "16:46:38.427427", "frame": 44, "mu": [0.6982754707742593, 2.1527926972714395, 1.3392056023416488], "Sigma": [[0.004514809708064842, -0.0018660831759799274, -0.0017749712836064493], [-0.001866083175979927, 0.002926019701917566, 0.0010540444452363273], [-0.001774971283606449, 0.0010540444452363275, 0.021498848302049872]], "chi2_level": 0.95, "chi2_df": 3, "chi2_threshold": 7.814727903251179, "N_raw": 35, "N_roi": 35, "N_inlier": 30, "refit": true}
{"timestamp": "16:46:38.483400", "frame": 45, "mu": [0.5039147763883753, 2.0787667364473417, 0.6662794982601066], "Sigma": [[0.021015074025515737, 0.00018082824800620114, 0.06359621088660977], [0.00018082824800620093, 0.0030253422576273056, 0.019889558492864258], [0.06359621088660977, 0.019889558492864258, 0.4155764922970353]], "chi2_level": 0.95, "chi2_df": 3, "chi2_threshold": 7.814727903251179, "N_raw": 43, "N_roi": 43, "N_inlier": 40, "refit": true}
{"timestamp": "16:46:38.543881", "frame": 46, "mu": [0.5712232865968493, 2.095142044471848, -1.0077189776652111], "Sigma": [[0.006449034878889206, 0.0022834567147614546, 0.008780066429822772], [0.002283456714761455, 0.007384331612369564, 0.02095511047691307], [0.008780066429822774, 0.02095511047691307, 0.16680003189718853]], "chi2_level": 0.95, "chi2_df": 3, "chi2_threshold": 7.814727903251179, "N_raw": 73, "N_roi": 69, "N_inlier": 62, "refit": true}
{"timestamp": "16:46:38.600041", "frame": 47, "mu": [0.5037849999544816, 2.1098740637482276, -0.21552482737269868], "Sigma": [[0.007570445766047659, -0.0029346538371354727, 0.044458063718825026], [-0.0029346538371354727, 0.007502087064103908, -0.007422687171943715], [0.044458063718825026, -0.007422687171943718, 0.7843682227188371]], "chi2_level": 0.95, "chi2_df": 3, "chi2_threshold": 7.814727903251179, "N_raw": 89, "N_roi": 83, "N_inlier": 78, "refit": true}
{"timestamp": "16:46:38.652143", "frame": 48, "mu": [0.43102010253581213, 2.1133449000726925, 1.522084540071681], "Sigma": [[0.007663018410824913, -0.0033656022209998344, -0.00734388739322577], [-0.003365602220999835, 0.01229627578196236, 0.009678784890186039], [-0.007343887393225771, 0.009678784890186039, 0.012416131748560665]], "chi2_level": 0.95, "chi2_df": 3, "chi2_threshold": 7.814727903251179, "N_raw": 72, "N_roi": 72, "N_inlier": 68, "refit": true}
{"timestamp": "16:46:38.706129", "frame": 49, "mu": [0.4120170739061443, 2.1635481321689887, -0.004370844372059979], "Sigma": [[0.006702946934644236, -0.0010390969979598647, -0.005560888834328738], [-0.0010390969979598647, 0.008326025933019307, 0.008659047427709583], [-0.005560888834328738, 0.008659047427709583, 0.013358809975817426]], "chi2_level": 0.95, "chi2_df": 3, "chi2_threshold": 7.814727903251179, "N_raw": 69, "N_roi": 69, "N_inlier": 66, "refit": true}
{"timestamp": "16:46:38.764815", "frame": 50, "mu": [0.3095948850668431, 2.105664733153426, 1.4108979906987722], "Sigma": [[0.00861581860610149, -0.003020101909375304, -0.010039987303103723], [-0.0030201019093753045, 0.007865928479685726, 0.002419058429561144], [-0.010039987303103723, 0.002419058429561144, 0.035943279692778954]], "chi2_level": 0.95, "chi2_df": 3, "chi2_threshold": 7.814727903251179, "N_raw": 84, "N_roi": 82, "N_inlier": 79, "refit": true}
{"timestamp": "16:46:38.817855", "frame": 51, "mu": [0.2583735764196078, 2.066437955088868, 1.5014416282581817], "Sigma": [[0.007114411318982125, -0.00236284143028058, -0.007868755976284137], [-0.00236284143028058, 0.014898244603963919, 0.015466602762969671], [-0.007868755976284137, 0.015466602762969671, 0.02190786020823684]], "chi2_level": 0.95, "chi2_df": 3, "chi2_threshold": 7.814727903251179, "N_raw": 75, "N_roi": 75, "N_inlier": 69, "refit": true}
{"timestamp": "16:46:38.875146", "frame": 52, "mu": [0.2148767312960525, 2.1227108582644916, 0.09011354991771285], "Sigma": [[0.008173050002379766, 0.00107648294816557, 0.05636555566448441], [0.00107648294816557, 0.010897871765440456, -0.007354333637030128], [0.0563655556644844, -0.007354333637030129, 0.5439713249013015]], "chi2_level": 0.95, "chi2_df": 3, "chi2_threshold": 7.814727903251179, "N_raw": 89, "N_roi": 86, "N_inlier": 82, "refit": true}
{"timestamp": "16:46:39.014920", "frame": 53, "mu": [0.19593522368846808, 2.322475148255104, -0.5990886969639593], "Sigma": [[0.005675006657953102, -0.0040033020586651615, 0.0033860674763957757], [-0.0040033020586651615, 0.01127578912175286, -0.028093294171771727], [0.003386067476395774, -0.028093294171771727, 0.08792398477242547]], "chi2_level": 0.95, "chi2_df": 3, "chi2_threshold": 7.814727903251179, "N_raw": 36, "N_roi": 30, "N_inlier": 26, "refit": true}
{"timestamp": "16:46:39.043063", "frame": 54, "mu": [0.03416800292334515, 2.084518602702677, 1.1693825020360893], "Sigma": [[0.02349591820175842, 0.004140128248658145, 0.0892076721800068], [0.004140128248658146, 0.01404814777451136, 0.025331692742374397], [0.0892076721800068, 0.0253316927423744, 0.48449968179782615]], "chi2_level": 0.95, "chi2_df": 3, "chi2_threshold": 7.814727903251179, "N_raw": 89, "N_roi": 89, "N_inlier": 80, "refit": true}
{"timestamp": "16:46:39.074925", "frame": 55, "mu": [0.04165179745416687, 2.142531191611686, 1.5530448781249573], "Sigma": [[0.008113390087452339, 0.0007428434877580045, -0.0023187721459643797], [0.0007428434877580048, 0.013336517105988216, 0.006551173113297415], [-0.0023187721459643797, 0.006551173113297415, 0.007153616471343958]], "chi2_level": 0.95, "chi2_df": 3, "chi2_threshold": 7.814727903251179, "N_raw": 89, "N_roi": 86, "N_inlier": 81, "refit": true}
{"timestamp": "16:46:39.105292", "frame": 56, "mu": [-0.023428838683673524, 2.1687043958855345, 1.584045653608052], "Sigma": [[0.008218860568798362, 0.00095465651555425, -0.00010997560787685546], [0.0009546565155542498, 0.010440751376831344, 0.006034522660507019], [-0.00010997560787685546, 0.006034522660507019, 0.013265915858883953]], "chi2_level": 0.95, "chi2_df": 3, "chi2_threshold": 7.814727903251179, "N_raw": 81, "N_roi": 79, "N_inlier": 70, "refit": true}
{"timestamp": "16:46:39.150168", "frame": 57, "mu": [-0.07069272402860466, 2.1063730250767065, 1.4656864796118467], "Sigma": [[0.009827494804294635, 0.003302933896801351, -0.0026208406034809706], [0.003302933896801352, 0.01330737805349252, 0.004440286326309217], [-0.0026208406034809706, 0.004440286326309217, 0.003957535387357426]], "chi2_level": 0.95, "chi2_df": 3, "chi2_threshold": 7.814727903251179, "N_raw": 88, "N_roi": 88, "N_inlier": 84, "refit": true}
{"timestamp": "16:46:39.204671", "frame": 58, "mu": [-0.12693404209613598, 2.128803308734225, 1.4240233306211734], "Sigma": [[0.00822312060789704, -0.0009315591193359659, -0.003994235555037451], [-0.0009315591193359661, 0.011751378326874435, 0.008892295277121594], [-0.003994235555037451, 0.008892295277121594, 0.03680615905776921]], "chi2_level": 0.95, "chi2_df": 3, "chi2_threshold": 7.814727903251179, "N_raw": 88, "N_roi": 88, "N_inlier": 85, "refit": true}
{"timestamp": "16:46:39.251807", "frame": 59, "mu": [-0.17030890013332478, 2.1467125619672465, -0.20695443785281903], "Sigma": [[0.002717724466775629, -0.0006537311143545348, 0.003228465574672401], [-0.0006537311143545344, 0.0130351438310566, -0.04007079426326414], [0.0032284655746724, -0.04007079426326414, 0.1682816643990895]], "chi2_level": 0.95, "chi2_df": 3, "chi2_threshold": 7.814727903251179, "N_raw": 28, "N_roi": 27, "N_inlier": 23, "refit": true}
{"timestamp": "16:46:39.315049", "frame": 60, "mu": [-0.20827461012594786, 2.133457848258738, -0.13909595037992967], "Sigma": [[0.01201615414325736, -0.00611500683867554, 0.027368946232858113], [-0.00611500683867554, 0.01691284288820394, -0.012345503416277506], [0.027368946232858113, -0.012345503416277506, 0.2856733135321666]], "chi2_level": 0.95, "chi2_df": 3, "chi2_threshold": 7.814727903251179, "N_raw": 94, "N_roi": 92, "N_inlier": 85, "refit": true}
{"timestamp": "16:46:39.368585", "frame": 61, "mu": [-0.29738659472143303, 2.13545068395528, 1.539153046853768], "Sigma": [[0.009472419491021775, -0.0022529204729389947, -0.007670038458452419], [-0.0022529204729389947, 0.009363424425395981, 0.0036668649795236776], [-0.007670038458452419, 0.0036668649795236776, 0.009108837622382676]], "chi2_level": 0.95, "chi2_df": 3, "chi2_threshold": 7.814727903251179, "N_raw": 78, "N_roi": 76, "N_inlier": 69, "refit": true}
{"timestamp": "16:46:39.423408", "frame": 62, "mu": [-0.32708664397734727, 2.1046525957985307, 1.370113378923308], "Sigma": [[0.007630004277865498, -0.0004769457869215774, -0.0017460372206720572], [-0.00047694578692157743, 0.010293962296318395, 0.010091653066513702], [-0.0017460372206720576, 0.010091653066513702, 0.05611017723722526]], "chi2_level": 0.95, "chi2_df": 3, "chi2_threshold": 7.814727903251179, "N_raw": 80, "N_roi": 79, "N_inlier": 75, "refit": true}
{"timestamp": "16:46:39.479883", "frame": 63, "mu": [-0.4184123356180805, 2.057726393032386, 0.907445281563448], "Sigma": [[0.013685191990888305, 0.005211162370454458, 0.04422168535080763], [0.005211162370454458, 0.005896658516443908, 0.0341890996375582], [0.04422168535080763, 0.0341890996375582, 0.35478242574474844]], "chi2_level": 0.95, "chi2_df": 3, "chi2_threshold": 7.814727903251179, "N_raw": 83, "N_roi": 78, "N_inlier": 77, "refit": true}
{"timestamp": "16:46:39.528592", "frame": 64, "mu": [-0.42642750265235185, 2.07243575410909, 0.9108982298739122], "Sigma": [[0.0041970557817952395, -0.00043662380569300843, 0.0005178289865639697], [-0.00043662380569300843, 0.0015156655451366936, -0.0028773894140338247], [0.0005178289865639697, -0.0028773894140338247, 0.009663689758772478]], "chi2_level": 0.95, "chi2_df": 3, "chi2_threshold": 7.814727903251179, "N_raw": 42, "N_roi": 32, "N_inlier": 29, "refit": true}
{"timestamp": "16:46:39.584219", "frame": 65, "mu": [-0.5351794658415078, 2.111629124932302, 1.1251214718357678], "Sigma": [[0.004100488853412579, -0.0010966148885610044, -0.0013879139564197365], [-0.0010966148885610044, 0.0016646385301454522, -0.0015170357286449008], [-0.0013879139564197365, -0.0015170357286449008, 0.005081095755344766]], "chi2_level": 0.95, "chi2_df": 3, "chi2_threshold": 7.814727903251179, "N_raw": 23, "N_roi": 23, "N_inlier": 19, "refit": true}
{"timestamp": "16:46:39.633102", "frame": 66, "mu": [-0.6575872658436911, 1.9814334880206825, 0.5156240300414796], "Sigma": [[0.03318740207029798, -0.004953788852152714, 0.09845685409492316], [-0.004953788852152714, 0.006750645108214048, -0.022928621654899138], [0.09845685409492316, -0.02292862165489914, 0.3521006456289784]], "chi2_level": 0.95, "chi2_df": 3, "chi2_threshold": 7.814727903251179, "N_raw": 11, "N_roi": 8, "N_inlier": 8, "refit": true}
{"timestamp": "16:46:39.691735", "frame": 67, "mu": [-0.5707964645173819, 1.999955164516894, 1.1805214703678673], "Sigma": [[0.004189920130854116, -0.0002928939384829024, 0.00023211742054606135], [-0.0002928939384829026, 0.0014544912796360524, -0.0023078987740906636], [0.0002321174205460607, -0.0023078987740906636, 0.04928791636470792]], "chi2_level": 0.95, "chi2_df": 3, "chi2_threshold": 7.814727903251179, "N_raw": 38, "N_roi": 38, "N_inlier": 33, "refit": true}
{"timestamp": "16:46:39.743531", "frame": 68, "mu": [-0.5712434969647601, 2.105647011097987, 0.5534383325534064], "Sigma": [[0.005439370162727407, 0.003721145019292837, -0.03755732738256677], [0.003721145019292837, 0.010229637181264578, -0.031705404677375315], [-0.03755732738256677, -0.031705404677375315, 0.44389540957946116]], "chi2_level": 0.95, "chi2_df": 3, "chi2_threshold": 7.814727903251179, "N_raw": 12, "N_roi": 12, "N_inlier": 12, "refit": true}
{"timestamp": "16:46:39.809469", "frame": 69, "mu": [-0.6784942041494254, 2.057396312855917, 0.7549708151242418], "Sigma": [[0.010330186310790307, -0.0010239874103120461, -0.006771681792012989], [-0.001023987410312046, 0.0173099384213585, -0.05908054807509357], [-0.00677168179201299, -0.05908054807509357, 0.2517581666195548]], "chi2_level": 0.95, "chi2_df": 3, "chi2_threshold": 7.814727903251179, "N_raw": 96, "N_roi": 96, "N_inlier": 94, "refit": true}
{"timestamp": "16:46:39.867748", "frame": 70, "mu": [-0.7614431953068885, 2.024543892502316, -0.42197610120322127], "Sigma": [[0.009480324394921809, -0.0013228199163325765, 0.03574304684926986], [-0.0013228199163325765, 0.015219955426317168, 0.009646049575072625], [0.03574304684926986, 0.009646049575072623, 0.47772762531224816]], "chi2_level": 0.95, "chi2_df": 3, "chi2_threshold": 7.814727903251179, "N_raw": 110, "N_roi": 108, "N_inlier": 108, "refit": true}
{"timestamp": "16:46:39.917431", "frame": 71, "mu": [-0.8264198823150154, 1.991570762404026, -0.5323010510161651], "Sigma": [[0.005861023740995778, 0.002354254903341852, 0.001720774159555042], [0.0023542549033418515, 0.02618784295970468, 0.02528917991033558], [0.0017207741595550413, 0.02528917991033558, 0.04525743554410991]], "chi2_level": 0.95, "chi2_df": 3, "chi2_threshold": 7.814727903251179, "N_raw": 63, "N_roi": 63, "N_inlier": 58, "refit": true}
{"timestamp": "16:46:39.974841", "frame": 72, "mu": [-0.8936624805582816, 1.9663522922542525, 1.0494802427274152], "Sigma": [[0.00742129508885076, -0.000601854477020957, 0.015364960916674433], [-0.0006018544770209569, 0.012765815455108763, -0.006312333115489216], [0.015364960916674435, -0.006312333115489216, 0.4427179623111287]], "chi2_level": 0.95, "chi2_df": 3, "chi2_threshold": 7.814727903251179, "N_raw": 88, "N_roi": 88, "N_inlier": 88, "refit": true}
{"timestamp": "16:46:40.025284", "frame": 73, "mu": [-0.9793494887251917, 1.9954252094076386, -0.36304793286023535], "Sigma": [[0.004892098548559085, 5.083344674503351e-05, 0.004834669759941854], [5.083344674503374e-05, 0.01621727597928284, 0.023010112597443916], [0.004834669759941854, 0.02301011259744392, 0.06209790080179242]], "chi2_level": 0.95, "chi2_df": 3, "chi2_threshold": 7.814727903251179, "N_raw": 56, "N_roi": 55, "N_inlier": 51, "refit": true}
{"timestamp": "16:46:40.083974", "frame": 74, "mu": [-1.025185733397971, 1.9896800729793225, -0.3252773802668203], "Sigma": [[0.00743225331987915, 0.0013784520501706197, 0.008946396984294159], [0.0013784520501706199, 0.014066732528881317, 0.02352215814910471], [0.00894639698429416, 0.02352215814910471, 0.23885720041272526]], "chi2_level": 0.95, "chi2_df": 3, "chi2_threshold": 7.814727903251179, "N_raw": 87, "N_roi": 84, "N_inlier": 79, "refit": true}
{"timestamp": "16:46:40.137674", "frame": 75, "mu": [-1.094296463922072, 2.0341730294342812, 1.484592428680407], "Sigma": [[0.008007450284421248, 0.0025726426472452027, -0.015463818126208015], [0.0025726426472452027, 0.006250159130765545, -0.004778519109154664], [-0.015463818126208015, -0.004778519109154665, 0.0780650707749023]], "chi2_level": 0.95, "chi2_df": 3, "chi2_threshold": 7.814727903251179, "N_raw": 72, "N_roi": 72, "N_inlier": 66, "refit": true}
{"timestamp": "16:46:40.190474", "frame": 76, "mu": [-1.1712175767329716, 1.923205220262165, 1.3709092106600957], "Sigma": [[0.0058763041884423136, 6.002414464520314e-05, -0.005139781834320092], [6.0024144645203035e-05, 0.006641045819276566, -0.005951676852526313], [-0.005139781834320092, -0.005951676852526313, 0.013808661619177787]], "chi2_level": 0.95, "chi2_df": 3, "chi2_threshold": 7.814727903251179, "N_raw": 59, "N_roi": 58, "N_inlier": 55, "refit": true}
{"timestamp": "16:46:40.241997", "frame": 77, "mu": [-1.230172711158729, 1.9102329630347514, 1.3402319700383756], "Sigma": [[0.0052409143446757065, 0.0016432223003896326, -0.01179482644857305], [0.0016432223003896326, 0.0066363529153062656, -0.010596244489920997], [-0.01179482644857305, -0.010596244489920999, 0.16231758445227187]], "chi2_level": 0.95, "chi2_df": 3, "chi2_threshold": 7.814727903251179, "N_raw": 35, "N_roi": 34, "N_inlier": 29, "refit": true}
{"timestamp": "16:46:40.301840", "frame": 78, "mu": [-1.3287835680371023, 1.9554879658961404, 1.6027675721754433], "Sigma": [[0.009103006745189745, 0.00032656483743804827, -0.008635995616977081], [0.00032656483743804827, 0.009136619238188112, 0.002195147295720125], [-0.008635995616977081, 0.002195147295720125, 0.009834332832483689]], "chi2_level": 0.95, "chi2_df": 3, "chi2_threshold": 7.814727903251179, "N_raw": 69, "N_roi": 66, "N_inlier": 58, "refit": true}
{"timestamp": "16:46:40.354097", "frame": 79, "mu": [-1.3428381611608515, 1.900857025986724, 1.4070884565579587], "Sigma": [[0.005919745334786185, 0.0007272425111338526, -0.006821025223875359], [0.0007272425111338526, 0.007563570477603861, -0.003697605164434816], [-0.006821025223875359, -0.0036976051644348157, 0.028906268669611962]], "chi2_level": 0.95, "chi2_df": 3, "chi2_threshold": 7.814727903251179, "N_raw": 54, "N_roi": 54, "N_inlier": 47, "refit": true}
{"timestamp": "16:46:40.410029", "frame": 80, "mu": [-1.4093228236840254, 1.9364467876871516, 1.5623225418161972], "Sigma": [[0.010927129193253617, -0.0005856521264209292, -0.018683157416943007], [-0.000585652126420929, 0.007235035353164095, 0.004391172205471279], [-0.018683157416943007, 0.004391172205471279, 0.07071882867043003]], "chi2_level": 0.95, "chi2_df": 3, "chi2_threshold": 7.814727903251179, "N_raw": 58, "N_roi": 54, "N_inlier": 50, "refit": true}
{"timestamp": "16:46:40.469986", "frame": 81, "mu": [-1.373595217740609, 1.9592406018949582, 1.1553471530070565], "Sigma": [[0.028381273545559447, 0.00577645894239791, -0.09675581745450135], [0.005776458942397909, 0.010331141988833224, -0.021771015048426476], [-0.09675581745450135, -0.021771015048426472, 0.41345379840842117]], "chi2_level": 0.95, "chi2_df": 3, "chi2_threshold": 7.814727903251179, "N_raw": 84, "N_roi": 84, "N_inlier": 81, "refit": true}
{"timestamp": "16:46:40.516108", "frame": 82, "mu": [-1.5255904498424455, 1.9814744229720613, 1.5762000554939934], "Sigma": [[0.0034464579564693234, 0.0022346712633170614, -0.004162809848486864], [0.0022346712633170614, 0.009750753666708207, -0.00522559881366429], [-0.004162809848486863, -0.00522559881366429, 0.012645924006589504]], "chi2_level": 0.95, "chi2_df": 3, "chi2_threshold": 7.814727903251179, "N_raw": 33, "N_roi": 33, "N_inlier": 28, "refit": true}
{"timestamp": "16:46:40.573907", "frame": 83, "mu": [-1.5647536141368366, 1.978102150927187, 1.5246423543485432], "Sigma": [[0.005302284359952483, 0.00031477811768167207, -0.006861158607481871], [0.000314778117681672, 0.008379142542063974, -0.0002331202138650039], [-0.006861158607481871, -0.00023312021386500396, 0.05604638780098484]], "chi2_level": 0.95, "chi2_df": 3, "chi2_threshold": 7.814727903251179, "N_raw": 49, "N_roi": 49, "N_inlier": 41, "refit": true}
{"timestamp": "16:46:40.628028", "frame": 84, "mu": [-1.7079231156377503, 1.9247319732861903, 0.13356501381534086], "Sigma": [[0.025551273864010876, 0.026942675643823084, -0.01972582959078256], [0.026942675643823084, 0.037761166287655704, -0.028405372596388468], [-0.01972582959078256, -0.028405372596388468, 0.044449555385278686]], "chi2_level": 0.95, "chi2_df": 3, "chi2_threshold": 7.814727903251179, "N_raw": 46, "N_roi": 46, "N_inlier": 42, "refit": true}
{"timestamp": "16:46:40.682904", "frame": 85, "mu": [-1.5866933131643473, 1.8665059036339815, 1.3164015593735028], "Sigma": [[0.00796895218932904, -0.0008240909272814326, -0.010747177977935389], [-0.0008240909272814326, 0.001926840025936922, -0.0025773294126924364], [-0.010747177977935389, -0.0025773294126924364, 0.031163375626192986]], "chi2_level": 0.95, "chi2_df": 3, "chi2_threshold": 7.814727903251179, "N_raw": 49, "N_roi": 48, "N_inlier": 42, "refit": true}
{"timestamp": "16:46:40.743986", "frame": 86, "mu": [-1.764931781951334, 1.822896359591975, 1.6203201092547788], "Sigma": [[0.03225542397693772, 0.017428134271697142, -0.03611997636922496], [0.017428134271697142, 0.019323649118978287, -0.015611105360932038], [-0.036119976369224954, -0.015611105360932038, 0.043458887679796165]], "chi2_level": 0.95, "chi2_df": 3, "chi2_threshold": 7.814727903251179, "N_raw": 73, "N_roi": 73, "N_inlier": 72, "refit": true}
{"timestamp": "16:46:40.792729", "frame": 87, "mu": [-2.090399400567027, 1.631382873163259, 1.9680461710669104], "Sigma": [[0.014943462523304264, 0.013748712722467424, -0.011737610257573156], [0.013748712722467426, 0.016690723125849023, -0.012362266387705406], [-0.011737610257573156, -0.012362266387705406, 0.010802329743861925]], "chi2_level": 0.95, "chi2_df": 3, "chi2_threshold": 7.814727903251179, "N_raw": 27, "N_roi": 27, "N_inlier": 26, "refit": true}
{"timestamp": "16:46:40.850863", "frame": 88, "mu": [-2.0183512525283986, 1.6314849869460621, 0.2384386683127376], "Sigma": [[0.0175069899477507, 0.015757838856837344, -0.014265446087694502], [0.015757838856837344, 0.02233152448373206, -0.00862890680831074], [-0.014265446087694502, -0.00862890680831074, 0.01737890905915422]], "chi2_level": 0.95, "chi2_df": 3, "chi2_threshold": 7.814727903251179, "N_raw": 58, "N_roi": 58, "N_inlier": 56, "refit": true}
{"timestamp": "16:46:40.906056", "frame": 89, "mu": [-2.032346599073251, 1.6524377244091624, 1.6341019001102877], "Sigma": [[0.020959459726524188, 0.01039725331355044, -0.020839587846046864], [0.01039725331355044, 0.014672726750196681, -0.010201854943724265], [-0.020839587846046857, -0.010201854943724265, 0.02485775010171597]], "chi2_level": 0.95, "chi2_df": 3, "chi2_threshold": 7.814727903251179, "N_raw": 65, "N_roi": 65, "N_inlier": 61, "refit": true}
{"timestamp": "16:46:40.959241", "frame": 90, "mu": [-2.0695063601010775, 1.6510131484469315, 1.608191201950491], "Sigma": [[0.009050220327514288, 0.004504231562707143, -0.011488962236301822], [0.004504231562707143, 0.020770351381472735, -0.0008938713543252799], [-0.01148896223630182, -0.0008938713543252803, 0.02422935680477909]], "chi2_level": 0.95, "chi2_df": 3, "chi2_threshold": 7.814727903251179, "N_raw": 49, "N_roi": 49, "N_inlier": 45, "refit": true}
{"timestamp": "16:46:41.014985", "frame": 91, "mu": [-2.0947812600100493, 1.6049456365415844, 1.5720925921889652], "Sigma": [[0.01088054835457388, 0.0072612560600899, -0.015320382965733303], [0.0072612560600899, 0.021406719794587817, -0.021651724786114053], [-0.015320382965733303, -0.021651724786114053, 0.06010556793851293]], "chi2_level": 0.95, "chi2_df": 3, "chi2_threshold": 7.814727903251179, "N_raw": 56, "N_roi": 56, "N_inlier": 53, "refit": true}
{"timestamp": "16:46:41.067825", "frame": 92, "mu": [-2.14584507443704, 1.5683085615889871, 1.5691820482576837], "Sigma": [[0.01189256291679428, 0.005791795569019119, -0.013137188292330248], [0.005791795569019119, 0.015051963079750147, -0.005097761405364004], [-0.01313718829233025, -0.005097761405364004, 0.016385195179471873]], "chi2_level": 0.95, "chi2_df": 3, "chi2_threshold": 7.814727903251179, "N_raw": 49, "N_roi": 49, "N_inlier": 46, "refit": true}
{"timestamp": "16:46:41.124976", "frame": 93, "mu": [-2.1393183267622415, 1.63773112937587, 1.5578324920713733], "Sigma": [[0.014568027571063407, 0.01082084541286197, -0.014751076348929363], [0.01082084541286197, 0.02218423063710115, -0.009526536990651275], [-0.014751076348929361, -0.009526536990651275, 0.016429990236008246]], "chi2_level": 0.95, "chi2_df": 3, "chi2_threshold": 7.814727903251179, "N_raw": 65, "N_roi": 65, "N_inlier": 64, "refit": true}
{"timestamp": "16:46:41.177214", "frame": 94, "mu": [-2.1858616791059826, 1.5569692115355593, 1.545710740712051], "Sigma": [[0.00945875887899572, 0.005734143758745973, -0.010789097871711516], [0.005734143758745973, 0.013341324668376031, -0.0048492186349986515], [-0.010789097871711516, -0.004849218634998651, 0.013442959800077038]], "chi2_level": 0.95, "chi2_df": 3, "chi2_threshold": 7.814727903251179, "N_raw": 39, "N_roi": 39, "N_inlier": 38, "refit": true}
{"timestamp": "16:46:41.234276", "frame": 95, "mu": [-2.263305304022799, 1.5431779201222358, 1.5117018736387569], "Sigma": [[0.012000512673263363, 0.005753117406733035, -0.008823718892680943], [0.005753117406733035, 0.0160678243560291, -0.006237853092246513], [-0.00882371889268094, -0.006237853092246513, 0.008914418794287938]], "chi2_level": 0.95, "chi2_df": 3, "chi2_threshold": 7.814727903251179, "N_raw": 57, "N_roi": 57, "N_inlier": 55, "refit": true}
{"timestamp": "16:46:41.288007", "frame": 96, "mu": [-2.280018928586885, 1.5594988127534348, 1.3988712138016892], "Sigma": [[0.00847353147253471, 0.005711847147005131, -0.004668398797754718], [0.005711847147005131, 0.012656989646465616, -0.010942363093465347], [-0.004668398797754718, -0.010942363093465347, 0.01461328341575952]], "chi2_level": 0.95, "chi2_df": 3, "chi2_threshold": 7.814727903251179, "N_raw": 47, "N_roi": 47, "N_inlier": 45, "refit": true}
{"timestamp": "16:46:41.344627", "frame": 97, "mu": [-2.309633780203578, 1.5803940553376314, 1.328948459931151], "Sigma": [[0.007876359658905496, 0.0070278644734432915, -0.007260960073202884], [0.0070278644734432915, 0.01631337890626295, -0.020355297621447062], [-0.007260960073202883, -0.020355297621447062, 0.032045787168333166]], "chi2_level": 0.95, "chi2_df": 3, "chi2_threshold": 7.814727903251179, "N_raw": 54, "N_roi": 53, "N_inlier": 50, "refit": true}
{"timestamp": "16:46:41.401911", "frame": 98, "mu": [-2.3200139760412086, 1.6422184180125818, 1.264632562944871], "Sigma": [[0.009736859067184609, 0.009364846309296307, -0.007693125294340878], [0.009364846309296305, 0.02173742595583377, -0.018443036613434563], [-0.007693125294340878, -0.018443036613434563, 0.01884481525698979]], "chi2_level": 0.95, "chi2_df": 3, "chi2_threshold": 7.814727903251179, "N_raw": 72, "N_roi": 63, "N_inlier": 60, "refit": true}
{"timestamp": "16:46:41.453370", "frame": 99, "mu": [-2.384195552238446, 1.5846426198709629, 1.358477674697174], "Sigma": [[0.004519155238068594, 0.002328119279201867, -0.0020669298419612667], [0.002328119279201867, 0.009498644937842547, -0.008145914336029285], [-0.0020669298419612667, -0.008145914336029285, 0.009436447251110454]], "chi2_level": 0.95, "chi2_df": 3, "chi2_threshold": 7.814727903251179, "N_raw": 45, "N_roi": 30, "N_inlier": 28, "refit": true}
{"timestamp": "16:46:41.623110", "frame": 100, "mu": [-2.4177264934047473, 1.6452732893501378, 1.2362341432760875], "Sigma": [[0.002768872900280563, 0.0017988809717720232, -0.0016060326276695993], [0.0017988809717720232, 0.00977882610074614, -0.009466688298488572], [-0.0016060326276695989, -0.009466688298488572, 0.026800631141737925]], "chi2_level": 0.95, "chi2_df": 3, "chi2_threshold": 7.814727903251179, "N_raw": 49, "N_roi": 29, "N_inlier": 27, "refit": true}
{"timestamp": "16:46:41.629678", "frame": 101, "mu": [-2.4155122465954046, 1.8157937663624593, -0.2417224443676675], "Sigma": [[0.004532148118164739, 0.007787957794144988, -0.014439162927803447], [0.007787957794144988, 0.03272953261968864, -0.03985992116825625], [-0.014439162927803444, -0.03985992116825625, 0.08107902112712463]], "chi2_level": 0.95, "chi2_df": 3, "chi2_threshold": 7.814727903251179, "N_raw": 53, "N_roi": 22, "N_inlier": 22, "refit": true}
