{"timestamp": "17:02:06.106938", "frame": 9, "mu": [2.2007714672163594, 4.418787278145798, 1.3017670478756078], "Sigma": [[0.021119655107780688, -0.01082611099405369, -0.007945832010576541], [-0.010826110994053692, 0.009376844998158768, 0.0046268082492927805], [-0.007945832010576541, 0.00462680824929278, 0.004748240174077757]], "chi2_level": 0.95, "chi2_df": 3, "chi2_threshold": 7.814727903251179, "N_raw": 34, "N_roi": 32, "N_inlier": 31, "refit": true}
{"timestamp": "17:02:06.160896", "frame": 10, "mu": [2.1357784065581438, 4.409180212990357, 1.2267059668598228], "Sigma": [[0.02437744179680102, -0.011892295146567353, -0.004786732205434869], [-0.011892295146567354, 0.007363182858954505, 0.0010515025164630615], [-0.004786732205434869, 0.0010515025164630617, 0.004619793139576947]], "chi2_level": 0.95, "chi2_df": 3, "chi2_threshold": 7.814727903251179, "N_raw": 28, "N_roi": 25, "N_inlier": 24, "refit": true}
{"timestamp": "17:02:06.215319", "frame": 11, "mu": [2.1237609432250952, 4.416050207302353, 1.262584680306779], "Sigma": [[0.013547850543203671, -0.007094619833625334, -0.007226043314805529], [-0.007094619833625334, 0.00559019491052407, 0.0023821429354362036], [-0.0072260433148055294, 0.0023821429354362036, 0.006858774748148171]], "chi2_level": 0.95, "chi2_df": 3, "chi2_threshold": 7.814727903251179, "N_raw": 24, "N_roi": 17, "N_inlier": 17, "refit": true}
{"timestamp": "17:02:06.273591", "frame": 12, "mu": [2.121332489257902, 4.577520982280707, 0.09165615646614649], "Sigma": [[0.033324894271441155, -0.013774381193955696, -0.02121555223085317], [-0.013774381193955696, 0.009176838163687648, 0.009293848700844348], [-0.02121555223085317, 0.009293848700844348, 0.01609796932959383]], "chi2_level": 0.95, "chi2_df": 3, "chi2_threshold": 7.814727903251179, "N_raw": 47, "N_roi": 39, "N_inlier": 38, "refit": true}
{"timestamp": "17:02:06.434559", "frame": 15, "mu": [1.8839818483032464, 4.480076233377191, 1.0513442536737805], "Sigma": [[0.010541118477967789, -0.0037619858307324787, -0.009075734722241938], [-0.0037619858307324787, 0.0025859518699725367, 0.002027637775476822], [-0.009075734722241938, 0.0020276377754768226, 0.013999147216390902]], "chi2_level": 0.95, "chi2_df": 3, "chi2_threshold": 7.814727903251179, "N_raw": 20, "N_roi": 15, "N_inlier": 14, "refit": true}
{"timestamp": "17:02:06.492029", "frame": 16, "mu": [1.8487398088964015, 4.475447781560543, 1.0606443130133365], "Sigma": [[0.01838877587688769, -0.008220830528104973, -0.009484440539357864], [-0.008220830528104973, 0.007160034024300571, 0.003727533615076321], [-0.009484440539357866, 0.003727533615076321, 0.008995839412350182]], "chi2_level": 0.95, "chi2_df": 3, "chi2_threshold": 7.814727903251179, "N_raw": 37, "N_roi": 35, "N_inlier": 32, "refit": true}
{"timestamp": "17:02:06.598639", "frame": 18, "mu": [1.7620378869580877, 4.4996402599154655, 0.27497490422062165], "Sigma": [[0.005594527687408898, -0.0017817115410609236, -0.005020211910674657], [-0.0017817115410609233, 0.006692461869663175, -0.0072045515071156325], [-0.005020211910674658, -0.007204551507115633, 0.018582280905272405]], "chi2_level": 0.95, "chi2_df": 3, "chi2_threshold": 7.814727903251179, "N_raw": 11, "N_roi": 11, "N_inlier": 11, "refit": true}
{"timestamp": "17:02:06.655131", "frame": 19, "mu": [1.6617388709027794, 4.428026281079002, 0.8807966371437222], "Sigma": [[0.018879212127345675, -0.015408216896501396, -0.010823011735559341], [-0.015408216896501396, 0.01644582172815124, 0.010521995085834634], [-0.010823011735559341, 0.010521995085834636, 0.008011245341101314]], "chi2_level": 0.95, "chi2_df": 3, "chi2_threshold": 7.814727903251179, "N_raw": 19, "N_roi": 19, "N_inlier": 18, "refit": true}
{"timestamp": "17:02:06.708516", "frame": 20, "mu": [1.601261657890134, 4.4001263073079455, 0.9847259408852109], "Sigma": [[0.009642002959380055, -0.0041126088734194, -0.0016473958907570231], [-0.0041126088734194, 0.004213886727479577, 0.0004483463955780522], [-0.0016473958907570231, 0.00044834639557805216, 0.001472535057213134]], "chi2_level": 0.95, "chi2_df": 3, "chi2_threshold": 7.814727903251179, "N_raw": 12, "N_roi": 12, "N_inlier": 10, "refit": true}
{"timestamp": "17:02:06.821259", "frame": 22, "mu": [1.336068833262707, 4.369207950247055, 0.40932425500164005], "Sigma": [[0.015500976899246318, -0.003255843641155157, -0.00875639602381793], [-0.003255843641155157, 0.002702038953604608, 0.0008485947660809892], [-0.00875639602381793, 0.0008485947660809893, 0.007221836177921018]], "chi2_level": 0.95, "chi2_df": 3, "chi2_threshold": 7.814727903251179, "N_raw": 25, "N_roi": 20, "N_inlier": 19, "refit": true}
{"timestamp": "17:02:06.874375", "frame": 23, "mu": [1.20322356054598, 4.365536244679876, 1.3399026717210756], "Sigma": [[0.00906769256637008, -0.003466694250426788, -0.005157644185374207], [-0.003466694250426788, 0.004148062665574447, 0.00479746601795482], [-0.005157644185374207, 0.00479746601795482, 0.008094443928991592]], "chi2_level": 0.95, "chi2_df": 3, "chi2_threshold": 7.814727903251179, "N_raw": 19, "N_roi": 19, "N_inlier": 17, "refit": true}
{"timestamp": "17:02:06.988233", "frame": 25, "mu": [0.938921356433916, 4.337366962804456, 1.211569596727964], "Sigma": [[0.023509835338206275, -0.0035434540756839996, -0.009966597974167574], [-0.0035434540756839996, 0.005263740741725518, -0.0013572002802733926], [-0.009966597974167574, -0.0013572002802733928, 0.008646521982091386]], "chi2_level": 0.95, "chi2_df": 3, "chi2_threshold": 7.814727903251179, "N_raw": 46, "N_roi": 41, "N_inlier": 38, "refit": true}
{"timestamp": "17:02:07.040938", "frame": 26, "mu": [0.938343692173874, 4.459397082212537, 1.5936517063711446], "Sigma": [[0.012102651088568563, -0.0003544096034412902, 0.0035325344497308324], [-0.0003544096034412902, 0.004493781908808154, 0.008836654432545315], [0.003532534449730832, 0.008836654432545315, 0.020815681353198806]], "chi2_level": 0.95, "chi2_df": 3, "chi2_threshold": 7.814727903251179, "N_raw": 24, "N_roi": 20, "N_inlier": 19, "refit": true}
{"timestamp": "17:02:07.094724", "frame": 27, "mu": [0.7768418956303471, 4.4309958776436655, 0.4859441220400482], "Sigma": [[0.015239975725646083, 0.002570325272705454, -0.011485287567084576], [0.002570325272705454, 0.002559516526865025, -0.0031396057020086007], [-0.011485287567084576, -0.0031396057020086007, 0.011668928966551084]], "chi2_level": 0.95, "chi2_df": 3, "chi2_threshold": 7.814727903251179, "N_raw": 21, "N_roi": 20, "N_inlier": 18, "refit": true}
{"timestamp": "17:02:07.152709", "frame": 28, "mu": [0.777754927301521, 4.546531658842968, 1.6858637744359033], "Sigma": [[0.016372830236008513, -0.002384798251985139, -0.009528434158403053], [-0.002384798251985139, 0.0030576249968266482, 0.0012594133472055625], [-0.009528434158403053, 0.0012594133472055625, 0.00870543092949628]], "chi2_level": 0.95, "chi2_df": 3, "chi2_threshold": 7.814727903251179, "N_raw": 36, "N_roi": 31, "N_inlier": 29, "refit": true}
{"timestamp": "17:02:07.210026", "frame": 29, "mu": [0.7025018549147747, 4.5007449982478045, 0.6869620364561329], "Sigma": [[0.030042237815556636, -0.0004579452194276093, -0.014401565929555025], [-0.000457945219427609, 0.0031770109954863323, 0.0012272491862969446], [-0.014401565929555027, 0.001227249186296945, 0.014887519879279184]], "chi2_level": 0.95, "chi2_df": 3, "chi2_threshold": 7.814727903251179, "N_raw": 55, "N_roi": 46, "N_inlier": 43, "refit": true}
{"timestamp": "17:02:07.320727", "frame": 31, "mu": [0.643161154811881, 4.4244165671837, 1.1552277982607335], "Sigma": [[0.023017419551626055, -0.0043304559975261905, -0.01396721715699819], [-0.0043304559975261905, 0.0044539740138371, -0.0066600460286113435], [-0.01396721715699819, -0.0066600460286113435, 0.04789731109423416]], "chi2_level": 0.95, "chi2_df": 3, "chi2_threshold": 7.814727903251179, "N_raw": 63, "N_roi": 59, "N_inlier": 58, "refit": true}
{"timestamp": "17:02:07.369055", "frame": 32, "mu": [0.5424152731200591, 4.435179732199468, 1.2869765774394506], "Sigma": [[0.0056508361326759425, -0.0019410636915592385, -0.002516567030390258], [-0.0019410636915592385, 0.002605926760556134, 0.0001485314730598287], [-0.0025165670303902575, 0.00014853147305982873, 0.004351170584446187]], "chi2_level": 0.95, "chi2_df": 3, "chi2_threshold": 7.814727903251179, "N_raw": 12, "N_roi": 12, "N_inlier": 12, "refit": true}
{"timestamp": "17:02:07.432487", "frame": 33, "mu": [0.48887910842512144, 4.455101235371963, 1.2762805236045494], "Sigma": [[0.03118728444011143, -0.006396229190400398, -0.01375719233459444], [-0.006396229190400399, 0.006355525847063234, -0.004653638537538303], [-0.013757192334594444, -0.004653638537538303, 0.021412228924231468]], "chi2_level": 0.95, "chi2_df": 3, "chi2_threshold": 7.814727903251179, "N_raw": 74, "N_roi": 70, "N_inlier": 68, "refit": true}
{"timestamp": "17:02:07.482447", "frame": 34, "mu": [0.5287933457259376, 4.35945262039777, 1.094210173198106], "Sigma": [[0.01037997245981353, -0.002895621077852826, -0.0032382572244855946], [-0.002895621077852825, 0.002228567133575077, -0.002892854492805087], [-0.003238257224485594, -0.002892854492805087, 0.017428015339564864]], "chi2_level": 0.95, "chi2_df": 3, "chi2_threshold": 7.814727903251179, "N_raw": 31, "N_roi": 27, "N_inlier": 26, "refit": true}
{"timestamp": "17:02:07.541360", "frame": 35, "mu": [0.40633893061496684, 4.413396405288428, 0.5083201441008671], "Sigma": [[0.020217766738335072, -0.0020615036501999582, -0.013922126585843627], [-0.002061503650199958, 0.008193609280723088, -0.0025498104639502545], [-0.013922126585843627, -0.0025498104639502545, 0.013633213786272129]], "chi2_level": 0.95, "chi2_df": 3, "chi2_threshold": 7.814727903251179, "N_raw": 57, "N_roi": 54, "N_inlier": 47, "refit": true}
{"timestamp": "17:02:07.590273", "frame": 36, "mu": [0.18839789519926867, 4.6551154371893, 0.42139789430431435], "Sigma": [[0.02783092934657848, -0.023856438507053424, -0.010480220649591322], [-0.023856438507053424, 0.03665290936383292, 0.007767686984122495], [-0.01048022064959132, 0.007767686984122495, 0.013436898209595023]], "chi2_level": 0.95, "chi2_df": 3, "chi2_threshold": 7.814727903251179, "N_raw": 17, "N_roi": 12, "N_inlier": 11, "refit": true}
{"timestamp": "17:02:07.654164", "frame": 37, "mu": [0.15533135095952025, 4.551518661132421, 1.2733218473555576], "Sigma": [[0.04570742972511199, -0.030086904302020136, -0.004224451903892866], [-0.030086904302020136, 0.03739657433531603, -0.003986706169400895], [-0.004224451903892866, -0.003986706169400896, 0.009710502534695662]], "chi2_level": 0.95, "chi2_df": 3, "chi2_threshold": 7.814727903251179, "N_raw": 82, "N_roi": 80, "N_inlier": 79, "refit": true}
{"timestamp": "17:02:07.707597", "frame": 38, "mu": [0.2702507288851168, 4.297870645565878, 1.1754506718070001], "Sigma": [[0.032903914972136926, -0.006434423798985798, -0.010010874702693618], [-0.0064344237989857975, 0.005814988004103438, 7.12199353208167e-05], [-0.010010874702693618, 7.121993532081675e-05, 0.0076186852979524215]], "chi2_level": 0.95, "chi2_df": 3, "chi2_threshold": 7.814727903251179, "N_raw": 61, "N_roi": 57, "N_inlier": 57, "refit": true}
{"timestamp": "17:02:07.764897", "frame": 39, "mu": [0.08806761938330898, 4.3713490118257825, 1.3142761178937434], "Sigma": [[0.03097730716862756, -0.006135273431941376, -0.015886906917192314], [-0.006135273431941375, 0.009916431638489551, 0.004449057988691049], [-0.015886906917192314, 0.0044490579886910485, 0.010216838575887607]], "chi2_level": 0.95, "chi2_df": 3, "chi2_threshold": 7.814727903251179, "N_raw": 76, "N_roi": 72, "N_inlier": 70, "refit": true}
{"timestamp": "17:02:07.814406", "frame": 40, "mu": [0.0002752892931702558, 4.32733170484684, 0.5201069389957711], "Sigma": [[0.0233902265389929, 0.0011820543159771779, -0.009266495484408431], [0.0011820543159771777, 0.0032419736553488078, -0.0015517763804112682], [-0.009266495484408431, -0.0015517763804112684, 0.00557079085544421]], "chi2_level": 0.95, "chi2_df": 3, "chi2_threshold": 7.814727903251179, "N_raw": 44, "N_roi": 39, "N_inlier": 38, "refit": true}
{"timestamp": "17:02:07.870378", "frame": 41, "mu": [-0.09450498245731122, 4.285960421453184, 1.407679220782793], "Sigma": [[0.023700628912084423, -0.0010422731942215263, -0.0015791495558086397], [-0.0010422731942215267, 0.003082685353371711, -0.0035255892164529385], [-0.0015791495558086393, -0.003525589216452938, 0.006331451813149887]], "chi2_level": 0.95, "chi2_df": 3, "chi2_threshold": 7.814727903251179, "N_raw": 52, "N_roi": 48, "N_inlier": 46, "refit": true}
{"timestamp": "17:02:07.924406", "frame": 42, "mu": [-0.1672869445418046, 4.328682021882697, 1.3752874380552276], "Sigma": [[0.026162870904155755, 0.0002693919632777487, -0.007262270041804632], [0.0002693919632777488, 0.0033873858165161023, -0.004746854630552992], [-0.007262270041804632, -0.004746854630552993, 0.010093996978974552]], "chi2_level": 0.95, "chi2_df": 3, "chi2_threshold": 7.814727903251179, "N_raw": 51, "N_roi": 49, "N_inlier": 49, "refit": true}
{"timestamp": "17:02:07.978180", "frame": 43, "mu": [-0.1840899808607858, 4.359344500979269, 1.5264164131836233], "Sigma": [[0.016490082314819444, 0.00303146218681609, -0.0032927710354220853], [0.00303146218681609, 0.005418406101503677, -0.0013636920539374013], [-0.0032927710354220853, -0.0013636920539374015, 0.0016235411676887859]], "chi2_level": 0.95, "chi2_df": 3, "chi2_threshold": 7.814727903251179, "N_raw": 42, "N_roi": 41, "N_inlier": 38, "refit": true}
{"timestamp": "17:02:08.034273", "frame": 44, "mu": [-0.2823542538044874, 4.294520248285733, 1.5964639145688584], "Sigma": [[0.02397009253918824, 0.004318034732312987, -0.008960380275143702], [0.004318034732312988, 0.006059254200406254, -0.0007448660630421501], [-0.008960380275143703, -0.0007448660630421503, 0.005233341876238771]], "chi2_level": 0.95, "chi2_df": 3, "chi2_threshold": 7.814727903251179, "N_raw": 44, "N_roi": 41, "N_inlier": 38, "refit": true}
{"timestamp": "17:02:08.092542", "frame": 45, "mu": [-0.3993777693925522, 4.320418717200955, 1.5276137666690874], "Sigma": [[0.033538981612495446, 0.003483696865313306, -0.013093915621258924], [0.003483696865313307, 0.006961375405846568, -0.005543824823398407], [-0.013093915621258924, -0.005543824823398407, 0.009204483214654783]], "chi2_level": 0.95, "chi2_df": 3, "chi2_threshold": 7.814727903251179, "N_raw": 69, "N_roi": 67, "N_inlier": 66, "refit": true}
{"timestamp": "17:02:08.145181", "frame": 46, "mu": [-0.4888201951415429, 4.409352102198274, 1.5425108256652242], "Sigma": [[0.02597470590360926, 0.0024454968213688086, -0.008461733030538172], [0.0024454968213688086, 0.0044301823113629185, -0.004677866824039571], [-0.00846173303053817, -0.004677866824039571, 0.009075364681452924]], "chi2_level": 0.95, "chi2_df": 3, "chi2_threshold": 7.814727903251179, "N_raw": 50, "N_roi": 47, "N_inlier": 45, "refit": true}
{"timestamp": "17:02:08.204241", "frame": 47, "mu": [-0.5791313957046591, 4.321887128618125, 1.522040046913864], "Sigma": [[0.02670990671968016, 0.0014414696500281382, -0.010825269521465494], [0.001441469650028138, 0.00446626193519617, -0.0044999305167087705], [-0.010825269521465494, -0.0044999305167087705, 0.01120011621303575]], "chi2_level": 0.95, "chi2_df": 3, "chi2_threshold": 7.814727903251179, "N_raw": 70, "N_roi": 54, "N_inlier": 51, "refit": true}
{"timestamp": "17:02:08.258636", "frame": 48, "mu": [-0.6691247894131612, 4.3575642811105455, 1.391456382729474], "Sigma": [[0.0300685677866856, 0.0017309257948088632, -0.008198804059213131], [0.001730925794808863, 0.00617215885596429, -0.010019817073471207], [-0.008198804059213131, -0.010019817073471207, 0.022728491708122016]], "chi2_level": 0.95, "chi2_df": 3, "chi2_threshold": 7.814727903251179, "N_raw": 80, "N_roi": 75, "N_inlier": 71, "refit": true}
{"timestamp": "17:02:08.310373", "frame": 49, "mu": [-0.6931050779229815, 4.4573447808276265, 0.32729019349428584], "Sigma": [[0.02325430653840288, 0.0028108895339636055, -0.0025583449537109728], [0.0028108895339636055, 0.007342396795578261, -0.01056451952671855], [-0.002558344953710972, -0.01056451952671855, 0.01739180141051816]], "chi2_level": 0.95, "chi2_df": 3, "chi2_threshold": 7.814727903251179, "N_raw": 48, "N_roi": 46, "N_inlier": 44, "refit": true}
{"timestamp": "17:02:08.363042", "frame": 50, "mu": [-0.7054634493936678, 4.289913154209861, 0.6561018601079912], "Sigma": [[0.018663638249176866, 0.0032657272499842767, -0.0020259568733211187], [0.0032657272499842767, 0.0023863937161564463, 0.0005492218378908589], [-0.002025956873321119, 0.0005492218378908589, 0.004342560561084213]], "chi2_level": 0.95, "chi2_df": 3, "chi2_threshold": 7.814727903251179, "N_raw": 36, "N_roi": 29, "N_inlier": 26, "refit": true}
{"timestamp": "17:02:08.419900", "frame": 51, "mu": [-0.7868003594988597, 4.411735483834123, 1.3609994586983367], "Sigma": [[0.023911770083253056, 0.002591970813365605, -0.002685501349557885], [0.0025919708133656048, 0.003814590600620525, -0.0037250490366386967], [-0.0026855013495578847, -0.0037250490366386962, 0.005222173076326216]], "chi2_level": 0.95, "chi2_df": 3, "chi2_threshold": 7.814727903251179, "N_raw": 50, "N_roi": 46, "N_inlier": 44, "refit": true}
{"timestamp": "17:02:08.474864", "frame": 52, "mu": [-0.813244472705051, 4.403391060047059, 0.5880363781408638], "Sigma": [[0.022294838521143872, 0.0061861333332702065, 0.000861873385944359], [0.0061861333332702065, 0.005264293000350591, 0.0053097181123136095], [0.0008618733859443588, 0.0053097181123136095, 0.010538643560657732]], "chi2_level": 0.95, "chi2_df": 3, "chi2_threshold": 7.814727903251179, "N_raw": 50, "N_roi": 49, "N_inlier": 47, "refit": true}
{"timestamp": "17:02:08.528642", "frame": 53, "mu": [-0.8503075079923877, 4.282914250658404, 1.2463046953822354], "Sigma": [[0.02499525504274363, 0.0004298413757768348, -0.020591920733486986], [0.0004298413757768346, 0.003012683791081665, -0.0016175570343630488], [-0.020591920733486986, -0.0016175570343630484, 0.019934980209019935]], "chi2_level": 0.95, "chi2_df": 3, "chi2_threshold": 7.814727903251179, "N_raw": 44, "N_roi": 42, "N_inlier": 38, "refit": true}
{"timestamp": "17:02:08.577633", "frame": 54, "mu": [-0.8908365551372944, 4.2769895545180825, 1.1391552522980346], "Sigma": [[0.0028941578362139133, -0.0017913940335672477, -0.0017629301693413116], [-0.001791394033567248, 0.005225838294578181, 0.001878558923429904], [-0.0017629301693413116, 0.001878558923429904, 0.0026689612230400925]], "chi2_level": 0.95, "chi2_df": 3, "chi2_threshold": 7.814727903251179, "N_raw": 8, "N_roi": 8, "N_inlier": 8, "refit": true}
{"timestamp": "17:02:08.633755", "frame": 55, "mu": [-1.023020447617057, 4.4111674003624195, 1.2748028109905307], "Sigma": [[0.013179124086793748, -0.013717897381930182, 0.03194020493428874], [-0.013717897381930182, 0.014834763052238404, -0.027037738505748046], [0.03194020493428874, -0.027037738505748046, 0.1686025085703536]], "chi2_level": 0.95, "chi2_df": 3, "chi2_threshold": 7.814727903251179, "N_raw": 9, "N_roi": 9, "N_inlier": 8, "refit": true}
{"timestamp": "17:02:08.691862", "frame": 56, "mu": [-1.0902531966651772, 4.335195646164408, -0.35071557670649434], "Sigma": [[0.014050293910041133, -0.0032646191870374886, 0.058485546046061425], [-0.0032646191870374904, 0.012488661583777172, -0.025993052570844114], [0.058485546046061425, -0.02599305257084411, 0.3848390130243539]], "chi2_level": 0.95, "chi2_df": 3, "chi2_threshold": 7.814727903251179, "N_raw": 28, "N_roi": 25, "N_inlier": 24, "refit": true}
{"timestamp": "17:02:08.744657", "frame": 57, "mu": [-1.1994801362277945, 4.439647750432855, 1.0686994485839905], "Sigma": [[0.005044794796983601, -0.0030300492365346013, -0.00015654172577919245], [-0.003030049236534601, 0.034922920405324145, -0.05846251254562371], [-0.00015654172577919375, -0.05846251254562371, 0.10693287698670748]], "chi2_level": 0.95, "chi2_df": 3, "chi2_threshold": 7.814727903251179, "N_raw": 15, "N_roi": 10, "N_inlier": 9, "refit": true}
{"timestamp": "17:02:08.802243", "frame": 58, "mu": [-1.2359968548660791, 4.262252376365796, 1.3522152292027756], "Sigma": [[0.0171220315957149, 0.003746854556783094, -0.007019171442414356], [0.003746854556783094, 0.004179679855454275, -0.0005978571931212504], [-0.007019171442414357, -0.0005978571931212504, 0.004786656197647165]], "chi2_level": 0.95, "chi2_df": 3, "chi2_threshold": 7.814727903251179, "N_raw": 40, "N_roi": 35, "N_inlier": 32, "refit": true}
{"timestamp": "17:02:08.856216", "frame": 59, "mu": [-1.4078290344524664, 4.263727461884583, 0.4960838206483243], "Sigma": [[0.011992669624148182, 0.004018574719703166, 3.936713150303809e-07], [0.004018574719703166, 0.003379316638556862, 0.00021221127823545612], [3.936713150303826e-07, 0.00021221127823545612, 2.31694529473906e-05]], "chi2_level": 0.95, "chi2_df": 3, "chi2_threshold": 7.814727903251179, "N_raw": 25, "N_roi": 22, "N_inlier": 19, "refit": true}
{"timestamp": "17:02:08.911440", "frame": 60, "mu": [-1.4692091522716813, 4.3648545882899175, 1.5466979465045965], "Sigma": [[0.01598425237178207, 0.005013402499457098, -0.0013800304687262982], [0.005013402499457098, 0.004760671862370349, -0.0008133136233726957], [-0.0013800304687262982, -0.0008133136233726957, 0.00016564255654845337]], "chi2_level": 0.95, "chi2_df": 3, "chi2_threshold": 7.814727903251179, "N_raw": 26, "N_roi": 26, "N_inlier": 24, "refit": true}
{"timestamp": "17:02:08.964542", "frame": 61, "mu": [-1.5231254709233761, 4.386258425986776, 0.9782292165232294], "Sigma": [[0.0022129854527120955, -0.002722546492777167, 0.0028029271565051354], [-0.0027225464927771665, 0.008606558661506091, -0.030224951023977185], [0.0028029271565051354, -0.030224951023977185, 0.5555949340144798]], "chi2_level": 0.95, "chi2_df": 3, "chi2_threshold": 7.814727903251179, "N_raw": 14, "N_roi": 9, "N_inlier": 9, "refit": true}
{"timestamp": "17:02:09.023686", "frame": 62, "mu": [-1.584102304420753, 4.347402500057476, 1.4737385254577577], "Sigma": [[0.022710992706226847, 0.00510088845500228, -0.012434733625099257], [0.00510088845500228, 0.005526163911519495, -0.005135048103040406], [-0.012434733625099257, -0.005135048103040406, 0.010325028096049604]], "chi2_level": 0.95, "chi2_df": 3, "chi2_threshold": 7.814727903251179, "N_raw": 44, "N_roi": 43, "N_inlier": 40, "refit": true}
{"timestamp": "17:02:09.077682", "frame": 63, "mu": [-1.7441624807153489, 4.314240529112734, 0.598471149603661], "Sigma": [[0.0014109368782016984, -0.007190819850086538, 0.01607844410664896], [-0.007190819850086537, 0.053747869315444, -0.09136374702606319], [0.01607844410664896, -0.09136374702606319, 0.20231453417019155]], "chi2_level": 0.95, "chi2_df": 3, "chi2_threshold": 7.814727903251179, "N_raw": 19, "N_roi": 7, "N_inlier": 7, "refit": true}
{"timestamp": "17:02:09.133724", "frame": 64, "mu": [-1.8072771623869743, 4.251852081621963, 1.6338721734433614], "Sigma": [[0.021326028837439635, 0.007769222987421622, -0.0145977723865791], [0.007769222987421621, 0.007573896226379698, -0.010963342352242762], [-0.0145977723865791, -0.010963342352242762, 0.021569323190619143]], "chi2_level": 0.95, "chi2_df": 3, "chi2_threshold": 7.814727903251179, "N_raw": 49, "N_roi": 49, "N_inlier": 45, "refit": true}
{"timestamp": "17:02:09.185992", "frame": 65, "mu": [-1.767156459297261, 4.350154640429505, 1.5512233495495806], "Sigma": [[0.008905465611138265, 0.005417354307337785, -0.021292779926366877], [0.005417354307337785, 0.0059335259959258785, -0.012112091043492795], [-0.021292779926366877, -0.012112091043492795, 0.13617516915244302]], "chi2_level": 0.95, "chi2_df": 3, "chi2_threshold": 7.814727903251179, "N_raw": 22, "N_roi": 19, "N_inlier": 17, "refit": true}
{"timestamp": "17:02:09.292750", "frame": 67, "mu": [-1.9245661344787663, 4.3122462024940775, 1.2266383066718622], "Sigma": [[0.043268504925408346, 0.018154395151080097, -0.09064660669473723], [0.018154395151080097, 0.011614311425910318, -0.048153955380745794], [-0.09064660669473723, -0.048153955380745794, 0.21896212111433527]], "chi2_level": 0.95, "chi2_df": 3, "chi2_threshold": 7.814727903251179, "N_raw": 7, "N_roi": 7, "N_inlier": 7, "refit": true}
{"timestamp": "17:02:09.353522", "frame": 68, "mu": [-2.0936671640500855, 4.258828511433948, 1.5353135971492202], "Sigma": [[0.022408204072328027, 0.008569694539342691, -0.010068646011329624], [0.008569694539342691, 0.0073335397339894725, -0.012081767861804843], [-0.010068646011329624, -0.012081767861804843, 0.026192584792683063]], "chi2_level": 0.95, "chi2_df": 3, "chi2_threshold": 7.814727903251179, "N_raw": 49, "N_roi": 44, "N_inlier": 43, "refit": true}
{"timestamp": "17:02:09.460706", "frame": 70, "mu": [-2.126079302796027, 4.207884271652852, 1.25439114091279], "Sigma": [[0.014400566252067927, 0.004477948413616694, -0.007328695896390085], [0.004477948413616694, 0.0033241674770361296, -0.0026563641331799294], [-0.007328695896390085, -0.0026563641331799294, 0.006809847548174115]], "chi2_level": 0.95, "chi2_df": 3, "chi2_threshold": 7.814727903251179, "N_raw": 24, "N_roi": 21, "N_inlier": 19, "refit": true}
{"timestamp": "17:02:09.514113", "frame": 71, "mu": [-2.1612407077008693, 4.145062077468059, 1.2110027182688827], "Sigma": [[0.009289313246640094, 0.00313639341333935, -0.0030559415495255687], [0.00313639341333935, 0.002070148226887527, -0.0010934840000468426], [-0.0030559415495255687, -0.0010934840000468426, 0.001080955337910968]], "chi2_level": 0.95, "chi2_df": 3, "chi2_threshold": 7.814727903251179, "N_raw": 14, "N_roi": 10, "N_inlier": 9, "refit": true}
{"timestamp": "17:02:09.678730", "frame": 74, "mu": [-2.3752173371534826, 4.298895026808784, 1.4215529561243039], "Sigma": [[0.0035364202766754085, 0.0005388391590177693, -0.0011004240637117269], [0.0005388391590177693, 0.0016375015252323819, -0.0004618786929422527], [-0.0011004240637117269, -0.0004618786929422527, 0.0006476317084080419]], "chi2_level": 0.95, "chi2_df": 3, "chi2_threshold": 7.814727903251179, "N_raw": 18, "N_roi": 11, "N_inlier": 9, "refit": true}
{"timestamp": "17:02:09.735286", "frame": 75, "mu": [-2.3673490288456827, 4.114457380272644, 1.5137541959630236], "Sigma": [[0.008135190343295452, 0.0029827045415386833, -0.006634313626859286], [0.0029827045415386833, 0.0033706835533360187, -0.0033307546843488276], [-0.006634313626859287, -0.003330754684348827, 0.006330475062849277]], "chi2_level": 0.95, "chi2_df": 3, "chi2_threshold": 7.814727903251179, "N_raw": 25, "N_roi": 16, "N_inlier": 15, "refit": true}
