{"timestamp": "16:44:51.485339", "frame": 15, "mu": [0.5594546871065165, 4.953386904671993, 0.8798522071316164], "Sigma": [[0.04162742712856631, -0.0020387130282272393, -0.0003054295411861205], [-0.0020387130282272393, 0.000985623387283845, -0.0026287623682736657], [-0.0003054295411861192, -0.0026287623682736657, 0.016241771260405914]], "chi2_level": 0.95, "chi2_df": 3, "chi2_threshold": 7.814727903251179, "N_raw": 60, "N_roi": 38, "N_inlier": 36, "refit": true}
{"timestamp": "16:44:51.541721", "frame": 16, "mu": [0.5333218840992991, 4.929638219332911, 0.9857447619964053], "Sigma": [[0.03565338366464538, -0.002638792028007224, -0.02725950742717883], [-0.002638792028007225, 0.0025732509491244995, 0.00040926745173563127], [-0.027259507427178826, 0.0004092674517356314, 0.025316607054483714]], "chi2_level": 0.95, "chi2_df": 3, "chi2_threshold": 7.814727903251179, "N_raw": 55, "N_roi": 41, "N_inlier": 39, "refit": true}
{"timestamp": "16:44:51.597929", "frame": 17, "mu": [0.45948731623025496, 4.885052708689846, 0.9945266115667771], "Sigma": [[0.024499988697087145, -0.004202337468486338, -0.011582417300983982], [-0.004202337468486338, 0.001482943662649981, -0.0016685163320724365], [-0.011582417300983982, -0.0016685163320724363, 0.04767562954889612]], "chi2_level": 0.95, "chi2_df": 3, "chi2_threshold": 7.814727903251179, "N_raw": 52, "N_roi": 43, "N_inlier": 40, "refit": true}
{"timestamp": "16:44:51.706931", "frame": 19, "mu": [0.46386336932045086, 4.810641120428616, 0.8986046099828106], "Sigma": [[0.038277001416483464, -0.005955177418123306, -0.01962535708522021], [-0.005955177418123306, 0.0037936954441130325, -0.0016000287264786857], [-0.01962535708522021, -0.0016000287264786855, 0.022456485076015647]], "chi2_level": 0.95, "chi2_df": 3, "chi2_threshold": 7.814727903251179, "N_raw": 60, "N_roi": 58, "N_inlier": 57, "refit": true}
{"timestamp": "16:44:51.763911", "frame": 20, "mu": [0.44021497030205686, 4.791509572448478, -0.8877593509621703], "Sigma": [[0.03914857843173122, 0.0008227890846919457, 0.02399420786000675], [0.0008227890846919451, 0.005899679022746144, 0.006795304495208933], [0.02399420786000675, 0.006795304495208931, 0.1260605395773407]], "chi2_level": 0.95, "chi2_df": 3, "chi2_threshold": 7.814727903251179, "N_raw": 65, "N_roi": 64, "N_inlier": 62, "refit": true}
{"timestamp": "16:44:51.819843", "frame": 21, "mu": [0.46833204563794906, 4.823319263164554, 0.22584360775101786], "Sigma": [[0.03666140791039514, 0.0018949836529444043, -0.018239240516597286], [0.0018949836529444045, 0.006992468636705298, -0.00360183223771262], [-0.018239240516597286, -0.0036018322377126197, 0.012908684516675662]], "chi2_level": 0.95, "chi2_df": 3, "chi2_threshold": 7.814727903251179, "N_raw": 70, "N_roi": 66, "N_inlier": 64, "refit": true}
{"timestamp": "16:44:51.873218", "frame": 22, "mu": [0.4764910705625285, 4.726197262348332, -0.3026070527211081], "Sigma": [[0.028162315658148793, 0.007634277251415604, 0.07343603103320295], [0.007634277251415604, 0.010962134533994455, 0.021424912399158932], [0.07343603103320295, 0.021424912399158932, 0.3218135804453452]], "chi2_level": 0.95, "chi2_df": 3, "chi2_threshold": 7.814727903251179, "N_raw": 62, "N_roi": 61, "N_inlier": 61, "refit": true}
{"timestamp": "16:44:51.927711", "frame": 23, "mu": [0.5288924129158757, 4.602306054239267, 0.8920767068026475], "Sigma": [[0.03376211935971142, -0.007393105811876114, -0.022607191221700795], [-0.007393105811876114, 0.003971317349001218, 0.001079269232905568], [-0.022607191221700795, 0.0010792692329055682, 0.030817236275515723]], "chi2_level": 0.95, "chi2_df": 3, "chi2_threshold": 7.814727903251179, "N_raw": 59, "N_roi": 55, "N_inlier": 54, "refit": true}
{"timestamp": "16:44:51.979323", "frame": 24, "mu": [0.4752061865848322, 4.539293342557292, 0.950204710346417], "Sigma": [[0.028668492634471642, -0.004917649130545786, -0.032552887174115065], [-0.004917649130545786, 0.0035487726906087555, 0.006765569425539367], [-0.032552887174115065, 0.006765569425539368, 0.057099639991943806]], "chi2_level": 0.95, "chi2_df": 3, "chi2_threshold": 7.814727903251179, "N_raw": 44, "N_roi": 43, "N_inlier": 42, "refit": true}
{"timestamp": "16:44:52.036221", "frame": 25, "mu": [0.5806063676312233, 4.4391265553606765, 0.5716607938029109], "Sigma": [[0.022845615344075018, -0.006493250643427255, -0.018632606507052327], [-0.006493250643427255, 0.002464641939863039, 0.008486903715251263], [-0.018632606507052323, 0.008486903715251263, 0.08606945696412527]], "chi2_level": 0.95, "chi2_df": 3, "chi2_threshold": 7.814727903251179, "N_raw": 48, "N_roi": 48, "N_inlier": 47, "refit": true}
{"timestamp": "16:44:52.089571", "frame": 26, "mu": [0.4691111864749884, 4.4234100543480555, 1.0672053557577286], "Sigma": [[0.02287417226772233, -0.00375151485026946, -0.009136401127021469], [-0.00375151485026946, 0.002979700238165397, 0.000360242642136138], [-0.009136401127021469, 0.00036024264213613803, 0.012519645438320936]], "chi2_level": 0.95, "chi2_df": 3, "chi2_threshold": 7.814727903251179, "N_raw": 40, "N_roi": 39, "N_inlier": 37, "refit": true}
{"timestamp": "16:44:52.146435", "frame": 27, "mu": [0.4132985286809694, 4.368551389903856, 0.9574560372791654], "Sigma": [[0.03064160653647434, -0.0022071229004078435, -0.01737891062354943], [-0.0022071229004078435, 0.003344310769022392, -0.0010455016905341291], [-0.017378910623549435, -0.001045501690534129, 0.014778339873071101]], "chi2_level": 0.95, "chi2_df": 3, "chi2_threshold": 7.814727903251179, "N_raw": 54, "N_roi": 52, "N_inlier": 51, "refit": true}
{"timestamp": "16:44:52.204403", "frame": 28, "mu": [0.5050136740754049, 4.31901081402836, 0.9629247864446335], "Sigma": [[0.0304539509639642, -0.0051402136312510465, -0.024876237613145356], [-0.0051402136312510465, 0.004708091235512483, -1.6505678443459932e-05], [-0.024876237613145353, -1.6505678443459173e-05, 0.03434531827226341]], "chi2_level": 0.95, "chi2_df": 3, "chi2_threshold": 7.814727903251179, "N_raw": 66, "N_roi": 63, "N_inlier": 63, "refit": true}
{"timestamp": "16:44:52.259937", "frame": 29, "mu": [0.525005170929044, 4.27546486568953, 0.8556954516378955], "Sigma": [[0.0470997788575823, -0.0001282189776947956, -0.025131744830886864], [-0.0001282189776947954, 0.005442232020594752, -0.0013767292978295392], [-0.025131744830886864, -0.0013767292978295392, 0.017943745133911733]], "chi2_level": 0.95, "chi2_df": 3, "chi2_threshold": 7.814727903251179, "N_raw": 77, "N_roi": 77, "N_inlier": 75, "refit": true}
{"timestamp": "16:44:52.313643", "frame": 30, "mu": [0.6385075782854942, 4.2191625072960335, 0.8551448239493562], "Sigma": [[0.03640551447316004, -0.0007494678756486803, -0.015200003157820323], [-0.0007494678756486801, 0.004785730991752258, -0.001899625940937431], [-0.015200003157820323, -0.0018996259409374305, 0.011280986394655147]], "chi2_level": 0.95, "chi2_df": 3, "chi2_threshold": 7.814727903251179, "N_raw": 69, "N_roi": 68, "N_inlier": 65, "refit": true}
{"timestamp": "16:44:52.367889", "frame": 31, "mu": [0.5813889898879541, 4.133808791635461, 0.8719820033955028], "Sigma": [[0.040071682203267664, -0.005008519546115312, -0.02138646659072757], [-0.005008519546115312, 0.0031776490020417186, 0.00034372548825312057], [-0.021386466590727567, 0.0003437254882531204, 0.016489193989533236]], "chi2_level": 0.95, "chi2_df": 3, "chi2_threshold": 7.814727903251179, "N_raw": 59, "N_roi": 59, "N_inlier": 57, "refit": true}
{"timestamp": "16:44:52.422842", "frame": 32, "mu": [0.5029136707761691, 4.096209762380803, 0.9553903382208754], "Sigma": [[0.021869224216271507, -0.00555347198730597, -0.007303527070996195], [-0.00555347198730597, 0.004652696556253289, -0.0013556967427237419], [-0.007303527070996195, -0.0013556967427237419, 0.007626023698939388]], "chi2_level": 0.95, "chi2_df": 3, "chi2_threshold": 7.814727903251179, "N_raw": 50, "N_roi": 50, "N_inlier": 47, "refit": true}
{"timestamp": "16:44:52.476969", "frame": 33, "mu": [0.5114533572506896, 4.043479954286919, 0.9487272153046294], "Sigma": [[0.017621262726532468, -0.002807414665528281, -0.006095367564578002], [-0.002807414665528281, 0.0034208984017004953, -0.0029923813485388945], [-0.006095367564578002, -0.0029923813485388945, 0.011835768322904021]], "chi2_level": 0.95, "chi2_df": 3, "chi2_threshold": 7.814727903251179, "N_raw": 46, "N_roi": 46, "N_inlier": 45, "refit": true}
{"timestamp": "16:44:52.532823", "frame": 34, "mu": [0.6428550324964747, 4.0776179657839755, -0.525923307382381], "Sigma": [[0.03190923522036729, 0.006075086679762675, 0.07467424485329605], [0.006075086679762676, 0.007298506229941403, 0.030541391099030056], [0.07467424485329605, 0.030541391099030053, 0.2796387107754245]], "chi2_level": 0.95, "chi2_df": 3, "chi2_threshold": 7.814727903251179, "N_raw": 58, "N_roi": 58, "N_inlier": 56, "refit": true}
{"timestamp": "16:44:52.587842", "frame": 35, "mu": [0.5687007698034933, 3.914106713636083, 0.8184720760159903], "Sigma": [[0.027267546818420065, -0.006213100568965466, 0.0038306250501126404], [-0.006213100568965466, 0.0037167632151693768, -0.0014881014244879946], [0.0038306250501126404, -0.0014881014244879946, 0.03664049333528886]], "chi2_level": 0.95, "chi2_df": 3, "chi2_threshold": 7.814727903251179, "N_raw": 60, "N_roi": 60, "N_inlier": 57, "refit": true}
{"timestamp": "16:44:52.641607", "frame": 36, "mu": [0.5886077716819373, 3.8299150417362537, 0.771128187769647], "Sigma": [[0.024436510471594827, -0.002182741404849585, 0.016393608762176454], [-0.002182741404849585, 0.0020553205793266494, -0.003959634361191318], [0.016393608762176458, -0.003959634361191318, 0.022652319733942973]], "chi2_level": 0.95, "chi2_df": 3, "chi2_threshold": 7.814727903251179, "N_raw": 52, "N_roi": 52, "N_inlier": 49, "refit": true}
{"timestamp": "16:44:52.697089", "frame": 37, "mu": [0.5569118294297063, 3.800231846946856, 0.8388458838017676], "Sigma": [[0.022200909616306365, -0.003000263326388357, -0.006874379900498068], [-0.003000263326388357, 0.0025707319712268625, -0.003172986489275219], [-0.0068743799004980675, -0.0031729864892752193, 0.01401452399042453]], "chi2_level": 0.95, "chi2_df": 3, "chi2_threshold": 7.814727903251179, "N_raw": 54, "N_roi": 54, "N_inlier": 53, "refit": true}
{"timestamp": "16:44:52.754488", "frame": 38, "mu": [0.6155634354132428, 3.7251871846397564, 0.8621960575152581], "Sigma": [[0.027319105946856735, -0.0031989605982185006, -0.009308761769341568], [-0.0031989605982185006, 0.004108682072850113, -0.001095097703213306], [-0.009308761769341568, -0.001095097703213306, 0.00593510714441966]], "chi2_level": 0.95, "chi2_df": 3, "chi2_threshold": 7.814727903251179, "N_raw": 59, "N_roi": 59, "N_inlier": 58, "refit": true}
{"timestamp": "16:44:52.809892", "frame": 39, "mu": [0.5123543583977022, 3.6642733274440094, 0.904986782352299], "Sigma": [[0.026818512846532375, -0.0035853061406289984, -0.005105597268146073], [-0.003585306140628998, 0.0045311884589952466, -0.0044871926078704424], [-0.005105597268146073, -0.004487192607870443, 0.009426795403268587]], "chi2_level": 0.95, "chi2_df": 3, "chi2_threshold": 7.814727903251179, "N_raw": 73, "N_roi": 73, "N_inlier": 72, "refit": true}
{"timestamp": "16:44:52.865883", "frame": 40, "mu": [0.5847267060254236, 3.602157798106593, 0.8629671287760643], "Sigma": [[0.028724151826011943, -0.004135803141643548, -0.024904271261392708], [-0.004135803141643548, 0.0030529351439410055, -0.0020649769075694207], [-0.024904271261392705, -0.002064976907569421, 0.04599587100803586]], "chi2_level": 0.95, "chi2_df": 3, "chi2_threshold": 7.814727903251179, "N_raw": 78, "N_roi": 78, "N_inlier": 75, "refit": true}
{"timestamp": "16:44:52.920726", "frame": 41, "mu": [0.5687180982681036, 3.580150283819229, 0.8994768569284015], "Sigma": [[0.03325451624332745, -0.003788109239871288, -0.020403263022587072], [-0.0037881092398712886, 0.004740250779569504, -0.0008112508852575354], [-0.020403263022587076, -0.0008112508852575354, 0.024138204666024884]], "chi2_level": 0.95, "chi2_df": 3, "chi2_threshold": 7.814727903251179, "N_raw": 80, "N_roi": 80, "N_inlier": 77, "refit": true}
{"timestamp": "16:44:52.979366", "frame": 42, "mu": [0.49466331910416644, 3.5670551129603, -0.2651182450652415], "Sigma": [[0.031448940638564384, 0.0008198350813162437, 0.11367793628660625], [0.0008198350813162432, 0.007057242882733609, -0.006365717224747354], [0.11367793628660625, -0.006365717224747353, 0.6509356312871308]], "chi2_level": 0.95, "chi2_df": 3, "chi2_threshold": 7.814727903251179, "N_raw": 102, "N_roi": 102, "N_inlier": 97, "refit": true}
{"timestamp": "16:44:53.030599", "frame": 43, "mu": [0.411406332166708, 3.6298109335829354, -0.1525215751724282], "Sigma": [[0.0265500177620275, 0.002186469971823679, -0.008354759967816814], [0.0021864699718236783, 0.006741594001525603, 5.2214242544090794e-05], [-0.008354759967816814, 5.221424254409085e-05, 0.00546015943913336]], "chi2_level": 0.95, "chi2_df": 3, "chi2_threshold": 7.814727903251179, "N_raw": 73, "N_roi": 73, "N_inlier": 71, "refit": true}
{"timestamp": "16:44:53.086007", "frame": 44, "mu": [0.42440403004245814, 3.540214542334086, 0.09734137103300573], "Sigma": [[0.03352133713326552, -0.006511841147232016, 0.02246422409111166], [-0.006511841147232014, 0.009491823819932523, -0.02339178565969513], [0.02246422409111166, -0.02339178565969513, 0.1065864824638444]], "chi2_level": 0.95, "chi2_df": 3, "chi2_threshold": 7.814727903251179, "N_raw": 83, "N_roi": 83, "N_inlier": 78, "refit": true}
{"timestamp": "16:44:53.140088", "frame": 45, "mu": [0.461463209612554, 3.504670530420771, -0.31087421690418027], "Sigma": [[0.02077368298763796, 0.003925242752162238, -0.0014786974122456536], [0.003925242752162238, 0.007481824647837554, -0.0005088328534927208], [-0.001478697412245654, -0.0005088328534927206, 0.06677475086145913]], "chi2_level": 0.95, "chi2_df": 3, "chi2_threshold": 7.814727903251179, "N_raw": 75, "N_roi": 73, "N_inlier": 70, "refit": true}
{"timestamp": "16:44:53.197989", "frame": 46, "mu": [0.5177156758739274, 3.2920600118186125, 0.966785604043632], "Sigma": [[0.03177720348347384, -0.00492808361233441, -0.03192258868563234], [-0.00492808361233441, 0.003580364882340947, 0.0011130128981156797], [-0.03192258868563234, 0.0011130128981156797, 0.053137501100766]], "chi2_level": 0.95, "chi2_df": 3, "chi2_threshold": 7.814727903251179, "N_raw": 93, "N_roi": 91, "N_inlier": 86, "refit": true}
{"timestamp": "16:44:53.255082", "frame": 47, "mu": [0.5548773316449023, 3.2837259236965526, -0.778691181659794], "Sigma": [[0.03151738722693981, 0.00015164731388105833, -0.006014114513040776], [0.00015164731388105898, 0.016643343906809063, 0.035094947594355455], [-0.006014114513040776, 0.03509494759435545, 0.21697139436595395]], "chi2_level": 0.95, "chi2_df": 3, "chi2_threshold": 7.814727903251179, "N_raw": 105, "N_roi": 105, "N_inlier": 103, "refit": true}
{"timestamp": "16:44:53.301666", "frame": 48, "mu": [0.4368995331376296, 3.1636532908400103, -0.9307808919171424], "Sigma": [[0.013604572713776948, -0.004676134649551296, -0.0016873222444222934], [-0.004676134649551295, 0.0037654621366172716, -0.000788626575676774], [-0.0016873222444222936, -0.0007886265756767739, 0.004447206543344518]], "chi2_level": 0.95, "chi2_df": 3, "chi2_threshold": 7.814727903251179, "N_raw": 42, "N_roi": 40, "N_inlier": 35, "refit": true}
{"timestamp": "16:44:53.359282", "frame": 49, "mu": [0.4852937317265619, 3.086313602798415, 1.0208895156327131], "Sigma": [[0.02035954204874007, -0.0017028108759420647, -0.0032419588903164326], [-0.0017028108759420647, 0.0034793095114460564, -0.0034849460160925605], [-0.0032419588903164326, -0.0034849460160925605, 0.012539318726106424]], "chi2_level": 0.95, "chi2_df": 3, "chi2_threshold": 7.814727903251179, "N_raw": 67, "N_roi": 67, "N_inlier": 65, "refit": true}
{"timestamp": "16:44:53.420988", "frame": 50, "mu": [0.5247576774002956, 3.046344991741706, 0.9059681322414436], "Sigma": [[0.02479931599231316, -0.005892815107994078, -0.0026868909742958284], [-0.005892815107994078, 0.004112245581775352, -0.004727442179197178], [-0.002686890974295829, -0.004727442179197178, 0.015181309933515215]], "chi2_level": 0.95, "chi2_df": 3, "chi2_threshold": 7.814727903251179, "N_raw": 87, "N_roi": 85, "N_inlier": 83, "refit": true}
{"timestamp": "16:44:53.473354", "frame": 51, "mu": [0.5267146726844565, 2.995105146011637, 0.779788859183006], "Sigma": [[0.01869576752204058, -0.0028579421395515765, 0.0018251281775598577], [-0.0028579421395515765, 0.0018357425717415014, -0.008946041845237916], [0.0018251281775598573, -0.008946041845237916, 0.18872210672832604]], "chi2_level": 0.95, "chi2_df": 3, "chi2_threshold": 7.814727903251179, "N_raw": 89, "N_roi": 89, "N_inlier": 87, "refit": true}
{"timestamp": "16:44:53.530320", "frame": 52, "mu": [0.5130532576895981, 2.9697363771547414, 0.9588028654459059], "Sigma": [[0.026047086842542796, -0.007845140045904336, -0.006427148728349667], [-0.007845140045904336, 0.003982837957857226, -0.0037391412195480526], [-0.006427148728349666, -0.0037391412195480526, 0.05186143330600625]], "chi2_level": 0.95, "chi2_df": 3, "chi2_threshold": 7.814727903251179, "N_raw": 106, "N_roi": 106, "N_inlier": 102, "refit": true}
{"timestamp": "16:44:53.576912", "frame": 53, "mu": [0.7133583652605653, 2.8068125416901313, 0.9841096734345035], "Sigma": [[0.03464993203627174, -0.013225671132363531, -0.03776284815551338], [-0.013225671132363531, 0.006228397610813101, 0.012619743505078867], [-0.03776284815551338, 0.012619743505078867, 0.052072743193752095]], "chi2_level": 0.95, "chi2_df": 3, "chi2_threshold": 7.814727903251179, "N_raw": 52, "N_roi": 51, "N_inlier": 47, "refit": true}
{"timestamp": "16:44:53.632152", "frame": 54, "mu": [0.6275186367057924, 2.8102154219753417, 0.9617489137572623], "Sigma": [[0.08473882894272167, -0.02427897917684814, -0.03873398175692386], [-0.02427897917684814, 0.008686576284027615, 0.009189383199827447], [-0.03873398175692386, 0.009189383199827447, 0.023866741154080703]], "chi2_level": 0.95, "chi2_df": 3, "chi2_threshold": 7.814727903251179, "N_raw": 52, "N_roi": 52, "N_inlier": 49, "refit": true}
{"timestamp": "16:44:53.689666", "frame": 55, "mu": [0.515912885336376, 2.784474428872801, 0.9248398274036568], "Sigma": [[0.015530621671072456, -0.0037469656006557123, 0.0028374405554014203], [-0.0037469656006557123, 0.0024763735591937334, -0.004944464771731551], [0.0028374405554014194, -0.004944464771731551, 0.021427700218948534]], "chi2_level": 0.95, "chi2_df": 3, "chi2_threshold": 7.814727903251179, "N_raw": 73, "N_roi": 73, "N_inlier": 69, "refit": true}
{"timestamp": "16:44:53.745002", "frame": 56, "mu": [0.47509402222261937, 2.763378427492107, 1.1171344583013292], "Sigma": [[0.017899406989595187, -0.005836301211835833, -0.00867127576056413], [-0.005836301211835834, 0.003965932055711678, -0.001118803162889836], [-0.008671275760564128, -0.001118803162889836, 0.015205493495940454]], "chi2_level": 0.95, "chi2_df": 3, "chi2_threshold": 7.814727903251179, "N_raw": 69, "N_roi": 69, "N_inlier": 64, "refit": true}
{"timestamp": "16:44:53.804163", "frame": 57, "mu": [0.5232778145697318, 2.6719833167902314, 0.9608112113391235], "Sigma": [[0.015928109024767177, -0.0018163817209423051, -0.003912177050703792], [-0.001816381720942305, 0.0016373105660195488, -0.002158516745135817], [-0.003912177050703793, -0.002158516745135817, 0.05013874642758529]], "chi2_level": 0.95, "chi2_df": 3, "chi2_threshold": 7.814727903251179, "N_raw": 91, "N_roi": 91, "N_inlier": 87, "refit": true}
{"timestamp": "16:44:53.859370", "frame": 58, "mu": [0.5423460300202542, 2.5948413946445483, 0.9791103720398543], "Sigma": [[0.030219167335881328, -0.005718071044794175, 0.0019273812132797334], [-0.005718071044794175, 0.004341204369453284, -0.004626155876038106], [0.0019273812132797334, -0.004626155876038106, 0.008219399111385932]], "chi2_level": 0.95, "chi2_df": 3, "chi2_threshold": 7.814727903251179, "N_raw": 99, "N_roi": 99, "N_inlier": 97, "refit": true}
{"timestamp": "16:44:53.910634", "frame": 59, "mu": [0.5244589522897547, 2.5288525916284965, 1.0620412139242579], "Sigma": [[0.018762145648169817, -0.004999635445656258, -0.0061201900051292245], [-0.004999635445656258, 0.002848438599242324, -0.0017904539865128322], [-0.0061201900051292245, -0.001790453986512832, 0.017588451007721807]], "chi2_level": 0.95, "chi2_df": 3, "chi2_threshold": 7.814727903251179, "N_raw": 73, "N_roi": 73, "N_inlier": 72, "refit": true}
{"timestamp": "16:44:53.966275", "frame": 60, "mu": [0.46538808229073997, 2.507493887470025, 1.1398691641071392], "Sigma": [[0.01800110671748989, -0.003528148282122728, -0.005501346849569157], [-0.003528148282122728, 0.005085949110148587, -0.0008995175958798532], [-0.005501346849569157, -0.0008995175958798533, 0.005033152922003791]], "chi2_level": 0.95, "chi2_df": 3, "chi2_threshold": 7.814727903251179, "N_raw": 76, "N_roi": 76, "N_inlier": 71, "refit": true}
{"timestamp": "16:44:54.121267", "frame": 61, "mu": [0.5776543040632808, 2.457246960510574, 1.0376510201192706], "Sigma": [[0.02179999259203405, -0.0012966038808710485, -0.0065262896873976295], [-0.0012966038808710483, 0.004408087686839752, -0.007481850925876958], [-0.0065262896873976295, -0.007481850925876958, 0.019247574819431124]], "chi2_level": 0.95, "chi2_df": 3, "chi2_threshold": 7.814727903251179, "N_raw": 116, "N_roi": 116, "N_inlier": 112, "refit": true}
{"timestamp": "16:44:54.176029", "frame": 62, "mu": [0.5038221532233295, 2.3653437222918927, 0.854819393003178], "Sigma": [[0.028147900315739435, -0.006051054499555317, -0.01600236337704841], [-0.0060510544995553165, 0.003049551842587658, -0.0008383997048476465], [-0.016002363377048412, -0.0008383997048476464, 0.028994438006440738]], "chi2_level": 0.95, "chi2_df": 3, "chi2_threshold": 7.814727903251179, "N_raw": 115, "N_roi": 115, "N_inlier": 110, "refit": true}
{"timestamp": "16:44:54.190704", "frame": 63, "mu": [0.4534113897963823, 2.322145806430269, 0.9186161113364075], "Sigma": [[0.01508888314786561, 0.0017311075701849806, 0.002205513392105054], [0.0017311075701849804, 0.003299642931335475, -0.003806921841923964], [0.0022055133921050542, -0.0038069218419239646, 0.02520002767414152]], "chi2_level": 0.95, "chi2_df": 3, "chi2_threshold": 7.814727903251179, "N_raw": 93, "N_roi": 93, "N_inlier": 88, "refit": true}
{"timestamp": "16:44:54.222921", "frame": 64, "mu": [0.4510172013212368, 2.251562469321169, 1.1246378118720666], "Sigma": [[0.011467893307466769, 0.0020947078372831837, 0.008429790927282957], [0.0020947078372831837, 0.0016424521223233966, -0.0019083691675113603], [0.008429790927282957, -0.00190836916751136, 0.03640555166255679]], "chi2_level": 0.95, "chi2_df": 3, "chi2_threshold": 7.814727903251179, "N_raw": 79, "N_roi": 79, "N_inlier": 71, "refit": true}
{"timestamp": "16:44:54.253918", "frame": 65, "mu": [0.45763266837742633, 2.181063000162216, 0.9525072091596827], "Sigma": [[0.025445484379064152, -0.002189475884341802, -0.018576075881275203], [-0.002189475884341802, 0.003843711243997604, -0.0020356430841651893], [-0.018576075881275203, -0.0020356430841651897, 0.03168713564118465]], "chi2_level": 0.95, "chi2_df": 3, "chi2_threshold": 7.814727903251179, "N_raw": 118, "N_roi": 118, "N_inlier": 112, "refit": true}
{"timestamp": "16:44:54.296484", "frame": 66, "mu": [0.46649171501599673, 2.099073465472559, 0.8322709393521981], "Sigma": [[0.016492748181204556, 0.001774603558716645, -0.014404656658844862], [0.0017746035587166446, 0.007288448372538481, -0.005468624204982477], [-0.014404656658844864, -0.005468624204982477, 0.017111291075717367]], "chi2_level": 0.95, "chi2_df": 3, "chi2_threshold": 7.814727903251179, "N_raw": 82, "N_roi": 82, "N_inlier": 78, "refit": true}
{"timestamp": "16:44:54.354856", "frame": 67, "mu": [0.45415093603204226, 2.047213176443141, 0.9137437070136694], "Sigma": [[0.01591996052676621, 0.0013039176972970252, -0.005845848527476379], [0.0013039176972970254, 0.002651133524797392, -0.0025146741970586035], [-0.005845848527476379, -0.0025146741970586035, 0.029977147114933735]], "chi2_level": 0.95, "chi2_df": 3, "chi2_threshold": 7.814727903251179, "N_raw": 100, "N_roi": 100, "N_inlier": 96, "refit": true}
{"timestamp": "16:44:54.407194", "frame": 68, "mu": [0.46273976565766645, 2.00137689562956, 0.9167568219792287], "Sigma": [[0.015771610198910914, -0.0020026893657845157, -0.010854017033171138], [-0.0020026893657845157, 0.001420886373384731, -0.00048269362860855797], [-0.010854017033171138, -0.0004826936286085581, 0.02669698581690983]], "chi2_level": 0.95, "chi2_df": 3, "chi2_threshold": 7.814727903251179, "N_raw": 85, "N_roi": 85, "N_inlier": 81, "refit": true}
{"timestamp": "16:44:54.462944", "frame": 69, "mu": [0.5278318433231581, 1.9646970466898994, -0.5243830497770295], "Sigma": [[0.013058125052882816, -0.00031955452020714743, 0.07602261939540048], [-0.00031955452020714743, 0.0025623403039453643, -0.011456019766574118], [0.07602261939540048, -0.011456019766574118, 0.8420309679436482]], "chi2_level": 0.95, "chi2_df": 3, "chi2_threshold": 7.814727903251179, "N_raw": 97, "N_roi": 95, "N_inlier": 94, "refit": true}
{"timestamp": "16:44:54.518840", "frame": 70, "mu": [0.5010760774783362, 1.8880034095344245, 0.866542878879444], "Sigma": [[0.01918861580854405, -0.00261333373402348, -0.013910596105612145], [-0.00261333373402348, 0.0015174586671344496, -0.0006368076800576547], [-0.013910596105612147, -0.0006368076800576545, 0.03918104682039755]], "chi2_level": 0.95, "chi2_df": 3, "chi2_threshold": 7.814727903251179, "N_raw": 93, "N_roi": 93, "N_inlier": 89, "refit": true}
{"timestamp": "16:44:54.576153", "frame": 71, "mu": [0.5243251199538458, 1.8388234137668962, 0.9633463508345195], "Sigma": [[0.01266510311642748, -0.002828588764262077, -0.00494617079592034], [-0.002828588764262077, 0.002332024486012418, 0.003410631147772355], [-0.00494617079592034, 0.003410631147772355, 0.054302645542630465]], "chi2_level": 0.95, "chi2_df": 3, "chi2_threshold": 7.814727903251179, "N_raw": 109, "N_roi": 108, "N_inlier": 103, "refit": true}
{"timestamp": "16:44:54.625107", "frame": 72, "mu": [0.5488125396507735, 1.7614639929788043, 0.6633407210414651], "Sigma": [[0.015841718362730354, -0.004468057820550779, -0.029866902195289185], [-0.004468057820550779, 0.0018466245405782515, 0.009479393663259096], [-0.029866902195289185, 0.009479393663259096, 0.42231782849971816]], "chi2_level": 0.95, "chi2_df": 3, "chi2_threshold": 7.814727903251179, "N_raw": 63, "N_roi": 63, "N_inlier": 60, "refit": true}
{"timestamp": "16:44:54.691890", "frame": 73, "mu": [0.5392722646577253, 1.744521715800229, 0.7222472633422514], "Sigma": [[0.011874373786292016, -0.0044827378481033225, -0.024026726205448618], [-0.0044827378481033225, 0.004431565696803165, 0.009935524792502346], [-0.024026726205448618, 0.009935524792502343, 0.3406890707476425]], "chi2_level": 0.95, "chi2_df": 3, "chi2_threshold": 7.814727903251179, "N_raw": 150, "N_roi": 150, "N_inlier": 147, "refit": true}
{"timestamp": "16:44:54.742012", "frame": 74, "mu": [0.49934622586295024, 1.7253896177397925, 1.0711786859082053], "Sigma": [[0.00837277008527359, -0.002810197623646639, 0.0018298180682971474], [-0.002810197623646639, 0.0030345587828056768, -0.0031862188968337897], [0.0018298180682971479, -0.0031862188968337897, 0.03172039713090166]], "chi2_level": 0.95, "chi2_df": 3, "chi2_threshold": 7.814727903251179, "N_raw": 94, "N_roi": 94, "N_inlier": 89, "refit": true}
{"timestamp": "16:44:54.800850", "frame": 75, "mu": [0.6607084928210881, 1.602150118804814, 0.9948712578896414], "Sigma": [[0.07160508243607167, -0.03384542662298284, -0.018384828410784954], [-0.03384542662298284, 0.018636587518254238, 0.006857291356703784], [-0.018384828410784954, 0.006857291356703784, 0.03428760841177311]], "chi2_level": 0.95, "chi2_df": 3, "chi2_threshold": 7.814727903251179, "N_raw": 148, "N_roi": 148, "N_inlier": 146, "refit": true}
{"timestamp": "16:44:54.850569", "frame": 76, "mu": [0.5412929434292435, 1.6291919773068417, 1.166378179703897], "Sigma": [[0.008257747946542144, -0.0019494948545677468, -0.0003703319309229177], [-0.0019494948545677468, 0.005288587891002063, -0.005220411443041203], [-0.0003703319309229178, -0.005220411443041203, 0.019041289676103874]], "chi2_level": 0.95, "chi2_df": 3, "chi2_threshold": 7.814727903251179, "N_raw": 101, "N_roi": 101, "N_inlier": 98, "refit": true}
{"timestamp": "16:44:54.906013", "frame": 77, "mu": [0.5630610298382069, 1.5463281365235724, 1.1795596304151825], "Sigma": [[0.010873916248836801, -0.004383860916727743, -0.01101494238818405], [-0.004383860916727743, 0.008061655077613061, 0.009938307820982845], [-0.01101494238818405, 0.009938307820982845, 0.07862928690670402]], "chi2_level": 0.95, "chi2_df": 3, "chi2_threshold": 7.814727903251179, "N_raw": 106, "N_roi": 106, "N_inlier": 96, "refit": true}
{"timestamp": "16:44:54.960280", "frame": 78, "mu": [0.5537335380362378, 1.458139417662056, 1.0678542727351596], "Sigma": [[0.012204146466134144, -0.004064545269806038, -0.013333896727577729], [-0.004064545269806038, 0.003552556954844752, 0.0002946884471270257], [-0.013333896727577727, 0.0002946884471270256, 0.04759593189682544]], "chi2_level": 0.95, "chi2_df": 3, "chi2_threshold": 7.814727903251179, "N_raw": 104, "N_roi": 104, "N_inlier": 101, "refit": true}
{"timestamp": "16:44:55.016005", "frame": 79, "mu": [0.5497830864717135, 1.4259597671488558, 1.2784750128777038], "Sigma": [[0.01299378749989506, -0.006827773511384604, 0.009023708551527223], [-0.006827773511384604, 0.006534897708569385, -0.009871270308563418], [0.009023708551527223, -0.00987127030856342, 0.02013519672782599]], "chi2_level": 0.95, "chi2_df": 3, "chi2_threshold": 7.814727903251179, "N_raw": 108, "N_roi": 108, "N_inlier": 104, "refit": true}
{"timestamp": "16:44:55.077400", "frame": 80, "mu": [0.6213378968293879, 1.3348975453820957, 1.1544242766241002], "Sigma": [[0.04776883454339855, -0.0126135138438346, -0.019228802238501947], [-0.0126135138438346, 0.005572456966447423, 0.001474073999930707], [-0.019228802238501947, 0.001474073999930707, 0.016588152154180094]], "chi2_level": 0.95, "chi2_df": 3, "chi2_threshold": 7.814727903251179, "N_raw": 150, "N_roi": 150, "N_inlier": 146, "refit": true}
{"timestamp": "16:44:55.125896", "frame": 81, "mu": [0.5060608475855125, 1.3094929406575266, 1.1098555690255747], "Sigma": [[0.008302651720504017, -0.0013220483022574276, 0.002076356131024991], [-0.0013220483022574276, 0.002135810682270709, -0.0014079397210066513], [0.002076356131024991, -0.001407939721006651, 0.03546562453005497]], "chi2_level": 0.95, "chi2_df": 3, "chi2_threshold": 7.814727903251179, "N_raw": 106, "N_roi": 105, "N_inlier": 99, "refit": true}
{"timestamp": "16:44:55.177005", "frame": 82, "mu": [0.5915352984018984, 1.2360967862120265, 1.3494025234552067], "Sigma": [[0.012432199159199337, -0.005813387130561855, 0.00851584467780504], [-0.005813387130561855, 0.005807637081037318, -0.010156241754047808], [0.00851584467780504, -0.010156241754047808, 0.026913164396815396]], "chi2_level": 0.95, "chi2_df": 3, "chi2_threshold": 7.814727903251179, "N_raw": 81, "N_roi": 81, "N_inlier": 74, "refit": true}
{"timestamp": "16:44:55.232099", "frame": 83, "mu": [0.5920030442174491, 1.1591425388405192, 1.3086463710218879], "Sigma": [[0.01160508446373929, -0.0006691184656565582, 0.0193688940247103], [-0.0006691184656565582, 0.0022098762120562015, -0.0016703941332901829], [0.0193688940247103, -0.0016703941332901835, 0.09357205160811069]], "chi2_level": 0.95, "chi2_df": 3, "chi2_threshold": 7.814727903251179, "N_raw": 88, "N_roi": 88, "N_inlier": 83, "refit": true}
{"timestamp": "16:44:55.293895", "frame": 84, "mu": [0.6039370457224277, 1.1365782572258443, 1.3481722014632913], "Sigma": [[0.008383149284142216, -0.0021220880613107575, 0.0009621490380950788], [-0.002122088061310758, 0.005143441251310406, -0.003006601515213425], [0.0009621490380950792, -0.003006601515213425, 0.04300995719817226]], "chi2_level": 0.95, "chi2_df": 3, "chi2_threshold": 7.814727903251179, "N_raw": 132, "N_roi": 132, "N_inlier": 127, "refit": true}
{"timestamp": "16:44:55.338515", "frame": 85, "mu": [0.5057759815525196, 1.0957466562801832, 1.3836115026718983], "Sigma": [[0.015630956618374964, -0.006381365552392793, 0.015197929618258558], [-0.006381365552392793, 0.0041715341071225254, -0.008409259164494753], [0.015197929618258558, -0.008409259164494753, 0.01950246674435423]], "chi2_level": 0.95, "chi2_df": 3, "chi2_threshold": 7.814727903251179, "N_raw": 54, "N_roi": 54, "N_inlier": 48, "refit": true}
{"timestamp": "16:44:55.397712", "frame": 86, "mu": [0.5365899179987307, 1.0942507898260527, -0.49765947780248426], "Sigma": [[0.02317826086509764, 0.0019385975307646196, 0.035277195802088525], [0.0019385975307646191, 0.0020840447819360304, 0.0025901079973220703], [0.035277195802088525, 0.0025901079973220703, 0.07158975057975944]], "chi2_level": 0.95, "chi2_df": 3, "chi2_threshold": 7.814727903251179, "N_raw": 96, "N_roi": 96, "N_inlier": 89, "refit": true}
{"timestamp": "16:44:55.441283", "frame": 87, "mu": [0.5173404801876914, 1.0632608534274421, 0.806019926515775], "Sigma": [[0.004982601042060363, 0.0027930568543992626, -0.014400948735097657], [0.0027930568543992626, 0.01761389151008624, -0.06089517698308824], [-0.014400948735097655, -0.06089517698308824, 0.45404218297481075]], "chi2_level": 0.95, "chi2_df": 3, "chi2_threshold": 7.814727903251179, "N_raw": 11, "N_roi": 11, "N_inlier": 11, "refit": true}
{"timestamp": "16:44:55.496122", "frame": 88, "mu": [0.4281085518814366, 1.1028418596601357, -0.5874966454409881], "Sigma": [[0.011366994189293723, -0.00736419691002955, -0.008566947693231321], [-0.00736419691002955, 0.00583449019901615, 0.005239854585233059], [-0.008566947693231318, 0.005239854585233057, 0.038534279203673624]], "chi2_level": 0.95, "chi2_df": 3, "chi2_threshold": 7.814727903251179, "N_raw": 18, "N_roi": 18, "N_inlier": 16, "refit": true}
{"timestamp": "16:44:55.556895", "frame": 89, "mu": [0.5942843682721727, 0.896124848448128, 1.4072114803124633], "Sigma": [[0.0024829946237178626, 0.0004862145389400122, 0.0022517054408811472], [0.0004862145389400122, 0.00312862297098715, -0.0030262197209335795], [0.0022517054408811472, -0.0030262197209335795, 0.007789619467794474]], "chi2_level": 0.95, "chi2_df": 3, "chi2_threshold": 7.814727903251179, "N_raw": 61, "N_roi": 61, "N_inlier": 57, "refit": true}
{"timestamp": "16:44:55.608093", "frame": 90, "mu": [0.5684458666389758, 0.8851639787490438, 1.2320235089087084], "Sigma": [[0.004700892801790577, -0.0029519499888374656, -0.016781449169916775], [-0.0029519499888374656, 0.00546871389803884, 0.012952428069434058], [-0.016781449169916775, 0.012952428069434058, 0.11721220298506518]], "chi2_level": 0.95, "chi2_df": 3, "chi2_threshold": 7.814727903251179, "N_raw": 24, "N_roi": 24, "N_inlier": 21, "refit": true}
{"timestamp": "16:44:55.664385", "frame": 91, "mu": [0.6189225266631475, 0.7620149542705328, 1.5003141282136907], "Sigma": [[0.0025538063847566706, -0.0003412453859673244, -0.002439608933769326], [-0.0003412453859673244, 0.002726491802996915, -9.391282302450253e-05], [-0.002439608933769326, -9.391282302450253e-05, 0.02808320309882089]], "chi2_level": 0.95, "chi2_df": 3, "chi2_threshold": 7.814727903251179, "N_raw": 34, "N_roi": 34, "N_inlier": 30, "refit": true}
{"timestamp": "16:44:55.726496", "frame": 92, "mu": [0.6469096232511516, 0.7648937658542694, 1.3939735782638956], "Sigma": [[0.003626565475655448, 0.001354703739655463, -5.828212556555079e-06], [0.001354703739655463, 0.0026050305714245448, -0.0025632528305235963], [-5.828212556555079e-06, -0.0025632528305235963, 0.03352973054921461]], "chi2_level": 0.95, "chi2_df": 3, "chi2_threshold": 7.814727903251179, "N_raw": 76, "N_roi": 76, "N_inlier": 70, "refit": true}
{"timestamp": "16:44:55.771400", "frame": 93, "mu": [0.6087965229542611, 0.8423200310602581, -0.468065570780745], "Sigma": [[0.000649283633805829, 0.0004480941358684514, -0.001666588299083857], [0.0004480941358684514, 0.004949339724916994, -0.008216113893114592], [-0.0016665882990838574, -0.008216113893114592, 0.09239371051380006]], "chi2_level": 0.95, "chi2_df": 3, "chi2_threshold": 7.814727903251179, "N_raw": 13, "N_roi": 13, "N_inlier": 12, "refit": true}
{"timestamp": "16:44:55.828463", "frame": 94, "mu": [0.6289020180831633, 0.6261382213520764, 1.4570142264031745], "Sigma": [[0.0014957300517338514, 0.00016139942021266393, 0.0034926685146326104], [0.0001613994202126639, 0.002191417057085152, 0.002928348666730848], [0.0034926685146326104, 0.002928348666730848, 0.06944787014141188]], "chi2_level": 0.95, "chi2_df": 3, "chi2_threshold": 7.814727903251179, "N_raw": 26, "N_roi": 26, "N_inlier": 24, "refit": true}
{"timestamp": "16:44:55.890528", "frame": 95, "mu": [0.630017754620336, 0.6105698781970831, 1.2444310022202294], "Sigma": [[0.00376992262609264, 0.0007293678951173132, 0.004698424344583863], [0.000729367895117313, 0.002825000769048018, 0.007025327024752351], [0.004698424344583863, 0.007025327024752351, 0.07560789760331922]], "chi2_level": 0.95, "chi2_df": 3, "chi2_threshold": 7.814727903251179, "N_raw": 81, "N_roi": 81, "N_inlier": 77, "refit": true}
{"timestamp": "16:44:55.945154", "frame": 96, "mu": [0.6475604600226155, 0.604796044847734, 1.4609491425075105], "Sigma": [[0.002382257275262681, -5.959143944336581e-05, -0.002252291247135411], [-5.959143944336574e-05, 0.003641483249245881, -0.0029907078694437605], [-0.002252291247135411, -0.002990707869443761, 0.015260109041611767]], "chi2_level": 0.95, "chi2_df": 3, "chi2_threshold": 7.814727903251179, "N_raw": 70, "N_roi": 70, "N_inlier": 65, "refit": true}
{"timestamp": "16:44:55.994117", "frame": 97, "mu": [0.6306780892210463, 0.5162509585434637, -0.47020811927027933], "Sigma": [[0.0016100803746249002, 0.0002815277710694039, 0.0011708629042827985], [0.000281527771069404, 0.0025078208221475744, 0.005955089725988595], [0.0011708629042827985, 0.005955089725988595, 0.031245924697596378]], "chi2_level": 0.95, "chi2_df": 3, "chi2_threshold": 7.814727903251179, "N_raw": 30, "N_roi": 29, "N_inlier": 26, "refit": true}
{"timestamp": "16:44:56.053135", "frame": 98, "mu": [0.6497719458743617, 0.5334652019132993, 1.4129049122628372], "Sigma": [[0.0025735699070598885, -5.895795096952708e-05, -0.002812120024878062], [-5.8957950969527075e-05, 0.002079270249893919, -0.0009135079829317578], [-0.002812120024878062, -0.0009135079829317577, 0.010615779645550842]], "chi2_level": 0.95, "chi2_df": 3, "chi2_threshold": 7.814727903251179, "N_raw": 56, "N_roi": 56, "N_inlier": 50, "refit": true}
{"timestamp": "16:44:56.103854", "frame": 99, "mu": [0.5890624753927379, 0.44546743732544314, 1.4143298402527444], "Sigma": [[0.001115250508104081, -0.0003453965595080881, -0.002809897826293985], [-0.00034539655950808807, 0.0029849448502991243, 0.004057182707330673], [-0.0028098978262939855, 0.004057182707330673, 0.03134946365481728]], "chi2_level": 0.95, "chi2_df": 3, "chi2_threshold": 7.814727903251179, "N_raw": 26, "N_roi": 26, "N_inlier": 22, "refit": true}
{"timestamp": "16:44:56.309654", "frame": 100, "mu": [0.6559327162456444, 0.3542084532592687, 0.4723260985592382], "Sigma": [[0.0013947510260143706, 0.000697105174132069, -0.005311556218106486], [0.000697105174132069, 0.004218739236816596, 0.006830555219312625], [-0.005311556218106486, 0.0068305552193126265, 0.4129645082504641]], "chi2_level": 0.95, "chi2_df": 3, "chi2_threshold": 7.814727903251179, "N_raw": 22, "N_roi": 22, "N_inlier": 21, "refit": true}
{"timestamp": "16:44:56.317281", "frame": 101, "mu": [0.6235268800112439, 0.6074952473480383, -1.0011534174876908], "Sigma": [[0.0023843787527927395, 0.006609089905822374, -0.02848139810073433], [0.006609089905822374, 0.027679856147778955, -0.10569791062017113], [-0.02848139810073433, -0.10569791062017113, 0.4866197897691824]], "chi2_level": 0.95, "chi2_df": 3, "chi2_threshold": 7.814727903251179, "N_raw": 8, "N_roi": 8, "N_inlier": 8, "refit": true}
