{"timestamp": "16:49:39.224409", "frame": 20, "mu": [-0.17511474303793223, 0.40028519107872645, 0.7844527290191947], "Sigma": [[1.2721086966396182, -0.054157869172883386, 0.6012119883399554], [-0.054157869172883386, 0.004801871450643208, -0.04668152591876235], [0.6012119883399554, -0.04668152591876235, 0.5103527051670406]], "chi2_level": 0.95, "chi2_df": 3, "chi2_threshold": 7.814727903251179, "N_raw": 8, "N_roi": 8, "N_inlier": 8, "refit": true}
{"timestamp": "16:49:39.285638", "frame": 21, "mu": [-0.49334879295136286, 0.32085084803922054, 1.3445922990762866], "Sigma": [[1.2073257874860528, -0.023882120097735753, -0.026938916765914783], [-0.02388212009773575, 0.003151655926162023, 0.0007885265188730418], [-0.026938916765914783, 0.0007885265188730417, 0.014236141309925468]], "chi2_level": 0.95, "chi2_df": 3, "chi2_threshold": 7.814727903251179, "N_raw": 50, "N_roi": 50, "N_inlier": 46, "refit": true}
{"timestamp": "16:49:39.339395", "frame": 22, "mu": [-1.1321013429519546, 0.3876770540412326, 1.4954668602175458], "Sigma": [[0.005234413597955473, -0.0004817673771621715, -0.001315329168693512], [-0.0004817673771621715, 0.008284207169691617, -0.002046277941569851], [-0.001315329168693512, -0.0020462779415698516, 0.001179819746740784]], "chi2_level": 0.95, "chi2_df": 3, "chi2_threshold": 7.814727903251179, "N_raw": 45, "N_roi": 45, "N_inlier": 42, "refit": true}
{"timestamp": "16:49:39.452158", "frame": 24, "mu": [-1.1370247176263417, 0.4012725582954915, 1.4803622913252532], "Sigma": [[0.005766989714232693, 0.0011174475820580553, 0.00182826806670112], [0.0011174475820580553, 0.00453663811913897, -0.003802569090532857], [0.00182826806670112, -0.003802569090532857, 0.0052436217207086685]], "chi2_level": 0.95, "chi2_df": 3, "chi2_threshold": 7.814727903251179, "N_raw": 56, "N_roi": 56, "N_inlier": 52, "refit": true}
{"timestamp": "16:49:39.505497", "frame": 25, "mu": [-1.102621473830263, 0.5075800416786509, -0.42127172308633076], "Sigma": [[0.0056392690323506045, 0.0009595311056563426, -0.0002954160712939024], [0.0009595311056563424, 0.006561847417948657, -0.002454946157089909], [-0.00029541607129390227, -0.002454946157089909, 0.0014406271862279817]], "chi2_level": 0.95, "chi2_df": 3, "chi2_threshold": 7.814727903251179, "N_raw": 52, "N_roi": 52, "N_inlier": 49, "refit": true}
{"timestamp": "16:49:39.565510", "frame": 26, "mu": [-1.0860125455832548, 0.43052798817250837, 1.4711726419732234], "Sigma": [[0.00960639022092263, 0.0006244508750937889, -0.0004121549413606949], [0.0006244508750937889, 0.004960422675706489, -0.004040074258314721], [-0.0004121549413606949, -0.0040400742583147214, 0.004578043029418815]], "chi2_level": 0.95, "chi2_df": 3, "chi2_threshold": 7.814727903251179, "N_raw": 78, "N_roi": 78, "N_inlier": 76, "refit": true}
{"timestamp": "16:49:39.619088", "frame": 27, "mu": [-1.0617506416981062, 0.5747734549015157, -0.3584072734516265], "Sigma": [[0.008212188930443572, 0.002049564237545484, -0.00041622270696918453], [0.0020495642375454835, 0.0089927746910406, -0.0029516964992312884], [-0.00041622270696918437, -0.0029516964992312893, 0.0025135732961449244]], "chi2_level": 0.95, "chi2_df": 3, "chi2_threshold": 7.814727903251179, "N_raw": 74, "N_roi": 74, "N_inlier": 72, "refit": true}
{"timestamp": "16:49:39.669391", "frame": 28, "mu": [-1.0069555662953757, 0.6729019209872893, -0.2907868568163198], "Sigma": [[0.0034014866286565465, -0.0002149064905843512, 0.00041568856188266463], [-0.00021490649058435114, 0.002997722901695596, -0.002750229824225227], [0.00041568856188266463, -0.002750229824225227, 0.003783740218665295]], "chi2_level": 0.95, "chi2_df": 3, "chi2_threshold": 7.814727903251179, "N_raw": 44, "N_roi": 44, "N_inlier": 39, "refit": true}
{"timestamp": "16:49:39.726328", "frame": 29, "mu": [-1.0037959836716994, 0.5234161972254179, 1.4900725622047155], "Sigma": [[0.004989109145668354, 0.00039677710547198684, 0.0008704203259102273], [0.00039677710547198684, 0.0032769395428083564, -0.0027350657948957626], [0.0008704203259102272, -0.002735065794895763, 0.003855601378934482]], "chi2_level": 0.95, "chi2_df": 3, "chi2_threshold": 7.814727903251179, "N_raw": 57, "N_roi": 57, "N_inlier": 53, "refit": true}
{"timestamp": "16:49:39.785592", "frame": 30, "mu": [-0.9967720622401188, 0.6864227888794369, -0.37681395627605535], "Sigma": [[0.007213520516499187, 0.0012818891116177118, 0.001828514441173692], [0.0012818891116177116, 0.005595487695099227, -0.0024224130768235857], [0.001828514441173692, -0.0024224130768235857, 0.0031591343878913645]], "chi2_level": 0.95, "chi2_df": 3, "chi2_threshold": 7.814727903251179, "N_raw": 81, "N_roi": 81, "N_inlier": 70, "refit": true}
{"timestamp": "16:49:39.848644", "frame": 31, "mu": [-0.9391315965105815, 0.6505458832928906, 0.20530627584860786], "Sigma": [[0.009470328055486152, 0.0008308518738411028, 0.052583656427417705], [0.0008308518738411027, 0.008798470055218445, 0.02768506012097041], [0.052583656427417705, 0.02768506012097041, 0.764793262452285]], "chi2_level": 0.95, "chi2_df": 3, "chi2_threshold": 7.814727903251179, "N_raw": 110, "N_roi": 110, "N_inlier": 106, "refit": true}
{"timestamp": "16:49:39.891886", "frame": 32, "mu": [-0.9975463834864436, 0.6892816068940876, 1.592486700076164], "Sigma": [[0.014182860677019111, 0.0019584794199769663, -0.01774888585044361], [0.0019584794199769663, 0.0029220591876109583, -0.006798629520891852], [-0.01774888585044361, -0.006798629520891851, 0.036504174100654985]], "chi2_level": 0.95, "chi2_df": 3, "chi2_threshold": 7.814727903251179, "N_raw": 37, "N_roi": 37, "N_inlier": 35, "refit": true}
{"timestamp": "16:49:39.950671", "frame": 33, "mu": [-0.9786997077288155, 0.6813857449918647, -0.27705004621288104], "Sigma": [[0.008357469230534854, 0.004692197541149303, 0.002238493911892442], [0.004692197541149303, 0.012338445400921771, 5.5988589921638726e-05], [0.002238493911892442, 5.5988589921638835e-05, 0.005633562695630466]], "chi2_level": 0.95, "chi2_df": 3, "chi2_threshold": 7.814727903251179, "N_raw": 61, "N_roi": 60, "N_inlier": 58, "refit": true}
{"timestamp": "16:49:40.000389", "frame": 34, "mu": [-0.8575797512998053, 0.7611840333821248, 1.6493428100291228], "Sigma": [[0.013163987497362245, 0.01085213847655141, -0.010301328385583324], [0.01085213847655141, 0.018752028046933045, -0.01281058521366479], [-0.010301328385583324, -0.01281058521366479, 0.010103309568543198]], "chi2_level": 0.95, "chi2_df": 3, "chi2_threshold": 7.814727903251179, "N_raw": 23, "N_roi": 18, "N_inlier": 18, "refit": true}
{"timestamp": "16:49:40.052390", "frame": 35, "mu": [-0.8715636700131333, 0.8072617116243932, 1.5712143931490594], "Sigma": [[0.044549553556301344, 0.01428782744939211, -0.014552041782498798], [0.01428782744939211, 0.01411157780283183, -0.004543755244606269], [-0.014552041782498798, -0.004543755244606269, 0.007627452598438103]], "chi2_level": 0.95, "chi2_df": 3, "chi2_threshold": 7.814727903251179, "N_raw": 15, "N_roi": 15, "N_inlier": 15, "refit": true}
{"timestamp": "16:49:40.113529", "frame": 36, "mu": [-0.7806475823564988, 0.9307051522657868, 1.6149351976381336], "Sigma": [[0.012963910141613529, 0.015139347352453356, -0.01307362868782989], [0.015139347352453356, 0.02363774349459729, -0.022222937185458945], [-0.01307362868782989, -0.022222937185458945, 0.024035487679560055]], "chi2_level": 0.95, "chi2_df": 3, "chi2_threshold": 7.814727903251179, "N_raw": 57, "N_roi": 57, "N_inlier": 52, "refit": true}
{"timestamp": "16:49:40.177232", "frame": 37, "mu": [-0.6031553220381161, 0.9574651956685019, 1.3949565827779162], "Sigma": [[0.0078517797389602, -0.005715228436021652, -0.010715431477045734], [-0.005715228436021652, 0.008304179116811191, 0.014886001246164791], [-0.010715431477045734, 0.014886001246164793, 0.07327492878684964]], "chi2_level": 0.95, "chi2_df": 3, "chi2_threshold": 7.814727903251179, "N_raw": 105, "N_roi": 105, "N_inlier": 99, "refit": true}
{"timestamp": "16:49:40.227982", "frame": 38, "mu": [-0.5761972998583176, 0.9918571412897658, 1.4797391292173931], "Sigma": [[0.006963478668232417, -0.004270654165604794, -0.0023448524827794723], [-0.004270654165604794, 0.005566690944443209, 0.000428886667926373], [-0.0023448524827794723, 0.00042888666792637313, 0.005038944190853348]], "chi2_level": 0.95, "chi2_df": 3, "chi2_threshold": 7.814727903251179, "N_raw": 78, "N_roi": 78, "N_inlier": 73, "refit": true}
{"timestamp": "16:49:40.287809", "frame": 39, "mu": [-0.5553131571987249, 1.1778886836777038, -0.24468600730360107], "Sigma": [[0.004262747234986903, -0.0010365447446807636, -0.000107577922219646], [-0.0010365447446807636, 0.008151125433061054, -0.0003743774478259905], [-0.00010757792221964603, -0.0003743774478259905, 0.0006786941084930602]], "chi2_level": 0.95, "chi2_df": 3, "chi2_threshold": 7.814727903251179, "N_raw": 76, "N_roi": 76, "N_inlier": 72, "refit": true}
{"timestamp": "16:49:40.335788", "frame": 40, "mu": [-0.48544862873956973, 0.9976767946988521, 1.1505509891667831], "Sigma": [[0.005229532321898914, -0.003141477253239252, -0.017080505994042323], [-0.003141477253239252, 0.005367200603647567, 0.017114871402085275], [-0.017080505994042323, 0.017114871402085275, 0.12556451176723543]], "chi2_level": 0.95, "chi2_df": 3, "chi2_threshold": 7.814727903251179, "N_raw": 66, "N_roi": 66, "N_inlier": 65, "refit": true}
{"timestamp": "16:49:40.391956", "frame": 41, "mu": [-0.4995519851443641, 1.1524722186472527, 1.3406340863554593], "Sigma": [[0.0043476267415294345, -0.0031246419772882786, -0.00812998481556667], [-0.0031246419772882786, 0.009280814962133057, 0.013778349296277992], [-0.008129984815566668, 0.013778349296277994, 0.04344912328771513]], "chi2_level": 0.95, "chi2_df": 3, "chi2_threshold": 7.814727903251179, "N_raw": 69, "N_roi": 69, "N_inlier": 66, "refit": true}
{"timestamp": "16:49:40.448855", "frame": 42, "mu": [-0.4839421512077822, 1.223024866304141, 0.6266194184297713], "Sigma": [[0.00624295932512211, -0.003176464435424524, 0.0010493724291591308], [-0.003176464435424524, 0.013035987876035377, -0.014716997285078125], [0.0010493724291591303, -0.014716997285078123, 0.3464805696404249]], "chi2_level": 0.95, "chi2_df": 3, "chi2_threshold": 7.814727903251179, "N_raw": 80, "N_roi": 80, "N_inlier": 80, "refit": true}
{"timestamp": "16:49:40.502166", "frame": 43, "mu": [-0.4237194186138625, 1.2449542175526123, 1.4949525161279102], "Sigma": [[0.0067643499905034495, -0.0033234649324252194, -0.003915945850172772], [-0.0033234649324252194, 0.003568913819989164, 0.001276135816255909], [-0.003915945850172772, 0.001276135816255909, 0.010365376727867373]], "chi2_level": 0.95, "chi2_df": 3, "chi2_threshold": 7.814727903251179, "N_raw": 65, "N_roi": 65, "N_inlier": 61, "refit": true}
{"timestamp": "16:49:40.556464", "frame": 44, "mu": [-0.32107652830814715, 1.1915174891145517, 1.3769409949814608], "Sigma": [[0.0030964206728147825, -0.001491977403495854, -0.001497722426888655], [-0.001491977403495854, 0.004801683392932096, -0.002688906667677734], [-0.001497722426888655, -0.002688906667677734, 0.003984615006128255]], "chi2_level": 0.95, "chi2_df": 3, "chi2_threshold": 7.814727903251179, "N_raw": 69, "N_roi": 69, "N_inlier": 65, "refit": true}
{"timestamp": "16:49:40.614714", "frame": 45, "mu": [-0.3195070836722335, 1.2632878131041623, 1.2026426649185364], "Sigma": [[0.003788516622887851, -0.0008574252483036543, -0.011226879632677598], [-0.0008574252483036542, 0.0035742617268518335, 0.00022110199737309147], [-0.011226879632677598, 0.0002211019973730917, 0.18311809400266935]], "chi2_level": 0.95, "chi2_df": 3, "chi2_threshold": 7.814727903251179, "N_raw": 89, "N_roi": 87, "N_inlier": 84, "refit": true}
{"timestamp": "16:49:40.666821", "frame": 46, "mu": [-0.30113310284352857, 1.3304409695048378, 1.2888489992790075], "Sigma": [[0.0047424035512612815, -0.0058218666601674955, -0.007433990964557324], [-0.0058218666601674955, 0.01944206587777328, 0.03430649327985508], [-0.007433990964557324, 0.03430649327985508, 0.10589941571156664]], "chi2_level": 0.95, "chi2_df": 3, "chi2_threshold": 7.814727903251179, "N_raw": 70, "N_roi": 70, "N_inlier": 66, "refit": true}
{"timestamp": "16:49:40.731769", "frame": 47, "mu": [-0.285574394390825, 1.3550712676032992, 1.0814263497348142], "Sigma": [[0.006376662143691771, -0.0042063711205456746, 0.007988006635466088], [-0.0042063711205456746, 0.011883696099854022, -0.0030933152200595024], [0.007988006635466088, -0.003093315220059502, 0.3639520868542243]], "chi2_level": 0.95, "chi2_df": 3, "chi2_threshold": 7.814727903251179, "N_raw": 135, "N_roi": 135, "N_inlier": 131, "refit": true}
{"timestamp": "16:49:40.786869", "frame": 48, "mu": [-0.2679763378938924, 1.395653705331397, 0.7802312119078054], "Sigma": [[0.009904131092254197, -0.0028331489760253367, 0.019401923259534957], [-0.0028331489760253367, 0.007187532606038458, 0.009908596884595996], [0.019401923259534957, 0.009908596884595996, 0.4485614247812704]], "chi2_level": 0.95, "chi2_df": 3, "chi2_threshold": 7.814727903251179, "N_raw": 140, "N_roi": 140, "N_inlier": 139, "refit": true}
{"timestamp": "16:49:40.832870", "frame": 49, "mu": [-0.2537505067165938, 1.4910752887159684, 0.8741962646993273], "Sigma": [[0.005055619686579592, -0.0026203057894976785, -0.008003390139070116], [-0.002620305789497679, 0.011796910281833614, 0.04416817577142781], [-0.008003390139070114, 0.04416817577142781, 0.5706749540022347]], "chi2_level": 0.95, "chi2_df": 3, "chi2_threshold": 7.814727903251179, "N_raw": 66, "N_roi": 66, "N_inlier": 64, "refit": true}
{"timestamp": "16:49:40.890166", "frame": 50, "mu": [-0.23077346640714452, 1.562598504834719, 1.1569406103880941], "Sigma": [[0.011668662681389528, -0.008895316157670672, 0.018712636908820718], [-0.008895316157670672, 0.01559533645504853, -0.04110543772405468], [0.018712636908820718, -0.04110543772405468, 0.44331394313825806]], "chi2_level": 0.95, "chi2_df": 3, "chi2_threshold": 7.814727903251179, "N_raw": 92, "N_roi": 89, "N_inlier": 86, "refit": true}
{"timestamp": "16:49:40.939491", "frame": 51, "mu": [-0.09272467260226751, 1.488606680588199, 1.4924664553842844], "Sigma": [[0.00395414671868502, -0.0013903545720765859, -0.0045547987238979066], [-0.001390354572076586, 0.0022552430508089873, 0.0006828082015441882], [-0.0045547987238979066, 0.000682808201544188, 0.02137763362577228]], "chi2_level": 0.95, "chi2_df": 3, "chi2_threshold": 7.814727903251179, "N_raw": 49, "N_roi": 48, "N_inlier": 44, "refit": true}
{"timestamp": "16:49:40.999617", "frame": 52, "mu": [-0.08252468315003733, 1.569872513728441, 1.5418639900852171], "Sigma": [[0.006266907241360905, -0.0015432328631842798, -0.006183146088161387], [-0.0015432328631842795, 0.005471121829362842, -0.002754834587673404], [-0.006183146088161387, -0.0027548345876734037, 0.011817839310528403]], "chi2_level": 0.95, "chi2_df": 3, "chi2_threshold": 7.814727903251179, "N_raw": 87, "N_roi": 87, "N_inlier": 82, "refit": true}
{"timestamp": "16:49:41.060043", "frame": 53, "mu": [-0.10306763025256527, 1.584877127900652, 1.251570056610518], "Sigma": [[0.01638187184195421, -0.003075876122418578, 0.04056891475699158], [-0.003075876122418578, 0.006306643924140007, 0.002718205757608695], [0.04056891475699158, 0.002718205757608695, 0.24811946820130149]], "chi2_level": 0.95, "chi2_df": 3, "chi2_threshold": 7.814727903251179, "N_raw": 128, "N_roi": 128, "N_inlier": 122, "refit": true}
{"timestamp": "16:49:41.303956", "frame": 56, "mu": [-0.013765877654056796, 1.7017488408189663, 0.9582633171691216], "Sigma": [[0.013960107765350614, -0.005106023042472116, 0.05915569330746343], [-0.005106023042472116, 0.007465194341958459, -0.030559547510174603], [0.059155693307463425, -0.0305595475101746, 0.5630573895533773]], "chi2_level": 0.95, "chi2_df": 3, "chi2_threshold": 7.814727903251179, "N_raw": 127, "N_roi": 127, "N_inlier": 126, "refit": true}
{"timestamp": "16:49:41.319274", "frame": 57, "mu": [0.06682418926475711, 1.738962497125274, 1.1646408405550521], "Sigma": [[0.014059597220345431, -0.006790957195297289, 0.047299294480845064], [-0.006790957195297289, 0.010544875600912619, -0.030613412093351042], [0.047299294480845064, -0.030613412093351042, 0.3174549309809254]], "chi2_level": 0.95, "chi2_df": 3, "chi2_threshold": 7.814727903251179, "N_raw": 110, "N_roi": 110, "N_inlier": 107, "refit": true}
{"timestamp": "16:49:41.351037", "frame": 58, "mu": [0.13815558668088387, 1.7396087750911748, 1.473662515609142], "Sigma": [[0.005000301348451675, -0.0006048553299479536, -0.003425950236257593], [-0.0006048553299479535, 0.00658833517717067, -0.002531334055483978], [-0.003425950236257593, -0.0025313340554839786, 0.005154527426519475]], "chi2_level": 0.95, "chi2_df": 3, "chi2_threshold": 7.814727903251179, "N_raw": 74, "N_roi": 74, "N_inlier": 68, "refit": true}
{"timestamp": "16:49:41.377518", "frame": 59, "mu": [0.1792114337451872, 1.7713398327902925, 1.0347396986649942], "Sigma": [[0.005834195642331099, -0.005502965021187817, -0.008406724072030233], [-0.005502965021187817, 0.007667904122831487, 0.019851021130923456], [-0.008406724072030232, 0.01985102113092346, 0.25109914114049264]], "chi2_level": 0.95, "chi2_df": 3, "chi2_threshold": 7.814727903251179, "N_raw": 35, "N_roi": 35, "N_inlier": 31, "refit": true}
{"timestamp": "16:49:41.434214", "frame": 60, "mu": [0.2528160285816585, 1.756385245487515, 1.2984738526759765], "Sigma": [[0.0048510194638845825, -0.0014224778471580491, -0.0019941294994649727], [-0.0014224778471580493, 0.0030683170650701672, 0.011945942896942103], [-0.0019941294994649727, 0.011945942896942103, 0.12229897072660872]], "chi2_level": 0.95, "chi2_df": 3, "chi2_threshold": 7.814727903251179, "N_raw": 51, "N_roi": 50, "N_inlier": 44, "refit": true}
{"timestamp": "16:49:41.490558", "frame": 61, "mu": [0.29361574718683553, 1.4025942484555116, 0.8040059550217231], "Sigma": [[0.008626538169287214, -0.04555169619688623, -0.07860131821025446], [-0.045551696196886225, 0.43596550284744945, 0.6811531145132975], [-0.07860131821025446, 0.6811531145132975, 1.1729747233332468]], "chi2_level": 0.95, "chi2_df": 3, "chi2_threshold": 7.814727903251179, "N_raw": 60, "N_roi": 60, "N_inlier": 55, "refit": true}
{"timestamp": "16:49:41.545655", "frame": 62, "mu": [0.2825885319317933, 1.87840482288776, 1.3825984156253384], "Sigma": [[0.0061285345561973275, -0.0017459996595694063, -0.014678705711372362], [-0.001745999659569406, 0.007583119312933704, 0.02222349187432058], [-0.014678705711372362, 0.02222349187432058, 0.23313403792144835]], "chi2_level": 0.95, "chi2_df": 3, "chi2_threshold": 7.814727903251179, "N_raw": 62, "N_roi": 62, "N_inlier": 52, "refit": true}
{"timestamp": "16:49:41.604092", "frame": 63, "mu": [0.2428113603790364, 1.8980193487664658, 1.1379026736079378], "Sigma": [[0.004685981789183645, -0.000536266524648677, 0.002892583633732789], [-0.000536266524648677, 0.005310718710723113, 0.01641127220745134], [0.002892583633732789, 0.016411272207451335, 0.24091334333224798]], "chi2_level": 0.95, "chi2_df": 3, "chi2_threshold": 7.814727903251179, "N_raw": 89, "N_roi": 89, "N_inlier": 83, "refit": true}
{"timestamp": "16:49:41.657007", "frame": 64, "mu": [0.3424483919288042, 1.964047492137618, 1.4237797919377901], "Sigma": [[0.006655593486719476, -0.0006775348689703176, -0.008151130061530447], [-0.0006775348689703175, 0.0033522774808435653, -0.00421803592928385], [-0.008151130061530449, -0.00421803592928385, 0.021539979043467772]], "chi2_level": 0.95, "chi2_df": 3, "chi2_threshold": 7.814727903251179, "N_raw": 70, "N_roi": 70, "N_inlier": 64, "refit": true}
{"timestamp": "16:49:41.712752", "frame": 65, "mu": [0.37288957355946983, 2.008868513817843, 1.1624397979900083], "Sigma": [[0.00566233686110723, -0.0026306199103293703, -0.00991737395760638], [-0.00263061991032937, 0.0054391510581226175, 0.012356105572413581], [-0.00991737395760638, 0.012356105572413581, 0.408268290397364]], "chi2_level": 0.95, "chi2_df": 3, "chi2_threshold": 7.814727903251179, "N_raw": 74, "N_roi": 74, "N_inlier": 70, "refit": true}
{"timestamp": "16:49:41.766848", "frame": 66, "mu": [0.4293366413702549, 1.9842760420497694, 1.1186589074195437], "Sigma": [[0.006567013869355956, -0.0008444521191588048, -0.016247582092460213], [-0.0008444521191588049, 0.003845496915496287, 0.0028786408717772997], [-0.016247582092460213, 0.0028786408717772997, 0.3555895955788612]], "chi2_level": 0.95, "chi2_df": 3, "chi2_threshold": 7.814727903251179, "N_raw": 67, "N_roi": 67, "N_inlier": 65, "refit": true}
{"timestamp": "16:49:41.821988", "frame": 67, "mu": [0.42128617072333086, 2.052058405230211, 1.2713512898217894], "Sigma": [[0.006464711874491901, -0.002801860453425245, 0.00019230954260615173], [-0.002801860453425245, 0.0040526708769844265, -0.0035591073690906683], [0.00019230954260615152, -0.0035591073690906675, 0.04778484323711869]], "chi2_level": 0.95, "chi2_df": 3, "chi2_threshold": 7.814727903251179, "N_raw": 76, "N_roi": 76, "N_inlier": 72, "refit": true}
{"timestamp": "16:49:41.871043", "frame": 68, "mu": [0.4447441297529244, 2.118323152977143, 1.093430930931084], "Sigma": [[0.003234771547937207, -0.003013150795629587, -0.020458773149322547], [-0.0030131507956295865, 0.004745552240750138, 0.026486662264795274], [-0.020458773149322547, 0.026486662264795274, 0.3501260320098701]], "chi2_level": 0.95, "chi2_df": 3, "chi2_threshold": 7.814727903251179, "N_raw": 32, "N_roi": 32, "N_inlier": 31, "refit": true}
{"timestamp": "16:49:41.929887", "frame": 69, "mu": [0.486506022993326, 2.1119761204345266, 1.3709958227247685], "Sigma": [[0.005706948045545048, -0.0030119373133397505, -0.0028080823367798847], [-0.0030119373133397505, 0.0054337569187525485, -0.003273830832774661], [-0.0028080823367798843, -0.003273830832774662, 0.020130259937677468]], "chi2_level": 0.95, "chi2_df": 3, "chi2_threshold": 7.814727903251179, "N_raw": 61, "N_roi": 61, "N_inlier": 56, "refit": true}
{"timestamp": "16:49:41.983468", "frame": 70, "mu": [0.42108240594444013, 2.0470356616048395, -0.11320244126580993], "Sigma": [[0.009512197841566221, 0.00020604767395570456, -0.002856417080405199], [0.00020604767395570456, 0.005841042307404841, 0.025178575535070257], [-0.0028564170804051994, 0.025178575535070257, 0.17402365314299906]], "chi2_level": 0.95, "chi2_df": 3, "chi2_threshold": 7.814727903251179, "N_raw": 45, "N_roi": 45, "N_inlier": 42, "refit": true}
{"timestamp": "16:49:42.033942", "frame": 71, "mu": [0.5442207362199156, 2.2279075614156665, 1.2714174884984306], "Sigma": [[0.002049242315950225, -0.0001032815180904297, 0.008467933442754545], [-0.00010328151809042957, 0.0026331585335961517, 0.004397166025125809], [0.008467933442754545, 0.00439716602512581, 0.15192290048696178]], "chi2_level": 0.95, "chi2_df": 3, "chi2_threshold": 7.814727903251179, "N_raw": 20, "N_roi": 20, "N_inlier": 17, "refit": true}
{"timestamp": "16:49:42.096787", "frame": 72, "mu": [0.6185641835313941, 2.4536026484795714, 1.055320562838429], "Sigma": [[0.008871363059524065, -0.006766743789321355, -0.0036745947127699873], [-0.0067667437893213535, 0.15484064052351312, 0.06286583140848986], [-0.0036745947127699873, 0.06286583140848988, 0.34171769428148807]], "chi2_level": 0.95, "chi2_df": 3, "chi2_threshold": 7.814727903251179, "N_raw": 77, "N_roi": 76, "N_inlier": 74, "refit": true}
{"timestamp": "16:49:42.147195", "frame": 73, "mu": [0.6098216056769568, 1.2048239061521269, -0.3012753593111108], "Sigma": [[0.010171417841920433, -0.02637683147722273, -0.010536314261702706], [-0.02637683147722273, 1.1498142968046896, 0.9220600946656576], [-0.010536314261702704, 0.9220600946656576, 0.8856644137384878]], "chi2_level": 0.95, "chi2_df": 3, "chi2_threshold": 7.814727903251179, "N_raw": 37, "N_roi": 37, "N_inlier": 36, "refit": true}
{"timestamp": "16:49:42.201803", "frame": 74, "mu": [0.6034028144842277, 2.2787000499359085, 0.9697635788383542], "Sigma": [[0.014688501695458872, -0.0029342292904063214, 0.04775509987605736], [-0.0029342292904063214, 0.003120942444377737, -0.00633635402284956], [0.04775509987605736, -0.006336354022849561, 0.2676845422949433]], "chi2_level": 0.95, "chi2_df": 3, "chi2_threshold": 7.814727903251179, "N_raw": 41, "N_roi": 40, "N_inlier": 38, "refit": true}
{"timestamp": "16:49:42.256669", "frame": 75, "mu": [0.6300482093962266, 2.6968287171201766, -1.1238544140232674], "Sigma": [[0.011216512009490384, 0.0018387559368524527, -0.0024265877909235125], [0.0018387559368524525, 0.024580235538193353, -0.08190026501040776], [-0.0024265877909235125, -0.08190026501040776, 0.30686607800646265]], "chi2_level": 0.95, "chi2_df": 3, "chi2_threshold": 7.814727903251179, "N_raw": 32, "N_roi": 32, "N_inlier": 27, "refit": true}
{"timestamp": "16:49:42.316325", "frame": 76, "mu": [0.7430051610605727, 2.363026796440082, 0.7506026555326792], "Sigma": [[0.00917300666009695, -0.003350093883142827, 0.008521814965397381], [-0.0033500938831428264, 0.005555091583898316, -0.027375551002539012], [0.008521814965397381, -0.027375551002539016, 0.4328296732388887]], "chi2_level": 0.95, "chi2_df": 3, "chi2_threshold": 7.814727903251179, "N_raw": 73, "N_roi": 73, "N_inlier": 70, "refit": true}
{"timestamp": "16:49:42.369335", "frame": 77, "mu": [0.765260370348517, 2.431353933749016, 0.6131260633949317], "Sigma": [[0.009555501885937118, -0.004167259116984389, -0.006715028781260063], [-0.004167259116984389, 0.004343091664854539, 0.008026087682676817], [-0.006715028781260064, 0.008026087682676819, 0.3868465685449706]], "chi2_level": 0.95, "chi2_df": 3, "chi2_threshold": 7.814727903251179, "N_raw": 50, "N_roi": 50, "N_inlier": 47, "refit": true}
{"timestamp": "16:49:42.425801", "frame": 78, "mu": [0.7982260357875217, 2.585597236154532, -0.2222225124425143], "Sigma": [[0.01056677160900399, -0.006003930006487251, 0.008726738905475814], [-0.00600393000648725, 0.012799656350197556, -0.021829022680761267], [0.008726738905475814, -0.021829022680761267, 0.0448037854335996]], "chi2_level": 0.95, "chi2_df": 3, "chi2_threshold": 7.814727903251179, "N_raw": 69, "N_roi": 69, "N_inlier": 61, "refit": true}
{"timestamp": "16:49:42.484084", "frame": 79, "mu": [0.8263752651919869, 2.516446350267228, 1.1673265790304201], "Sigma": [[0.015582338259387212, -0.010343041116649791, 0.018552760132065214], [-0.010343041116649791, 0.0144355780451785, -0.03534965685047016], [0.018552760132065214, -0.03534965685047016, 0.10627469905141437]], "chi2_level": 0.95, "chi2_df": 3, "chi2_threshold": 7.814727903251179, "N_raw": 86, "N_roi": 86, "N_inlier": 81, "refit": true}
{"timestamp": "16:49:42.532584", "frame": 80, "mu": [0.8609158651276421, 2.584900257109544, 0.9666499424174537], "Sigma": [[0.013422463243569202, -0.016967195646349447, 0.024477232152850907], [-0.016967195646349447, 0.03274401653706492, -0.06361714706093037], [0.02447723215285091, -0.06361714706093036, 0.2725643534966749]], "chi2_level": 0.95, "chi2_df": 3, "chi2_threshold": 7.814727903251179, "N_raw": 39, "N_roi": 39, "N_inlier": 35, "refit": true}
{"timestamp": "16:49:42.588813", "frame": 81, "mu": [0.9053386841028929, 2.562039701167192, 1.325442935113313], "Sigma": [[0.012277124286265425, -0.004656360841640841, -0.007040347473680927], [-0.004656360841640842, 0.002766053860165004, 0.00012992362581326026], [-0.007040347473680927, 0.00012992362581326026, 0.06118714971678448]], "chi2_level": 0.95, "chi2_df": 3, "chi2_threshold": 7.814727903251179, "N_raw": 58, "N_roi": 58, "N_inlier": 54, "refit": true}
{"timestamp": "16:49:42.638596", "frame": 82, "mu": [0.8728179434881261, 2.5890778120376137, 0.8559752343859224], "Sigma": [[0.0011632083086542996, 0.00048181064150352787, -0.0009187863873492312], [0.0004818106415035279, 0.015781220628103356, 0.08058407626699715], [-0.0009187863873492304, 0.08058407626699715, 0.6812478185928806]], "chi2_level": 0.95, "chi2_df": 3, "chi2_threshold": 7.814727903251179, "N_raw": 9, "N_roi": 9, "N_inlier": 8, "refit": true}
{"timestamp": "16:49:42.697806", "frame": 83, "mu": [0.9431155177569129, 2.601593343732223, 0.9110901653720107], "Sigma": [[0.008616894757299692, -0.0022551294402998884, 0.009253350363455154], [-0.0022551294402998884, 0.005370317599926128, 0.027751080002158174], [0.009253350363455154, 0.027751080002158174, 0.2679249044932264]], "chi2_level": 0.95, "chi2_df": 3, "chi2_threshold": 7.814727903251179, "N_raw": 46, "N_roi": 45, "N_inlier": 42, "refit": true}
{"timestamp": "16:49:42.754406", "frame": 84, "mu": [1.0166427751439546, 2.6849638065504835, 1.1929811230993033], "Sigma": [[0.014282702216543623, -0.00617327640796426, -0.017335731404256344], [-0.00617327640796426, 0.00419637001022908, 0.004296731003042566], [-0.017335731404256344, 0.004296731003042566, 0.044248549941432194]], "chi2_level": 0.95, "chi2_df": 3, "chi2_threshold": 7.814727903251179, "N_raw": 53, "N_roi": 53, "N_inlier": 50, "refit": true}
{"timestamp": "16:49:42.806675", "frame": 85, "mu": [1.0393990832044633, 2.7148085038455214, 1.1569795629606727], "Sigma": [[0.010248029165061857, -0.004459456692925835, -0.01315855802715785], [-0.004459456692925835, 0.002624071000864737, 0.00437224752688878], [-0.01315855802715785, 0.004372247526888778, 0.040014755308821925]], "chi2_level": 0.95, "chi2_df": 3, "chi2_threshold": 7.814727903251179, "N_raw": 37, "N_roi": 36, "N_inlier": 33, "refit": true}
{"timestamp": "16:49:42.857790", "frame": 86, "mu": [0.9129610855247623, 2.7936799916058037, 0.9015146878522674], "Sigma": [[0.0024074791050488495, 0.001866401050894955, 0.020403556050976504], [0.0018664010508949547, 0.004279130129738739, 0.01405597102384378], [0.020403556050976504, 0.014055971023843778, 0.19187189031743324]], "chi2_level": 0.95, "chi2_df": 3, "chi2_threshold": 7.814727903251179, "N_raw": 9, "N_roi": 7, "N_inlier": 7, "refit": true}
{"timestamp": "16:49:42.915896", "frame": 87, "mu": [1.0643883911509207, 2.8206839874638208, 1.4403297489367362], "Sigma": [[0.00903150839212987, -0.002821533436154759, -0.004587938258572868], [-0.002821533436154759, 0.0044685392814605455, -0.005892501100706776], [-0.0045879382585728695, -0.005892501100706776, 0.18353818388244625]], "chi2_level": 0.95, "chi2_df": 3, "chi2_threshold": 7.814727903251179, "N_raw": 32, "N_roi": 32, "N_inlier": 30, "refit": true}
{"timestamp": "16:49:42.970949", "frame": 88, "mu": [1.0861467184529223, 2.9011372181107737, 0.23937948356932384], "Sigma": [[0.005835329816693015, -0.0042748687592320065, -0.0007269150059366161], [-0.0042748687592320065, 0.011561352917116276, -0.012247081447379507], [-0.0007269150059366152, -0.012247081447379508, 0.028957690984835794]], "chi2_level": 0.95, "chi2_df": 3, "chi2_threshold": 7.814727903251179, "N_raw": 31, "N_roi": 31, "N_inlier": 28, "refit": true}
{"timestamp": "16:49:43.029694", "frame": 89, "mu": [1.1512695460807452, 2.8631317004572203, 1.367343923272002], "Sigma": [[0.013923815083399115, -0.003692172417016238, -0.009026097864502364], [-0.003692172417016238, 0.006808818821178048, 0.0006302293266936614], [-0.009026097864502364, 0.0006302293266936615, 0.008125166491464832]], "chi2_level": 0.95, "chi2_df": 3, "chi2_threshold": 7.814727903251179, "N_raw": 62, "N_roi": 62, "N_inlier": 58, "refit": true}
{"timestamp": "16:49:43.084105", "frame": 90, "mu": [1.1750039785005504, 3.0041171465291385, 0.09366555426534945], "Sigma": [[0.00889123204238238, -0.0016048980102471191, -0.009603978020172575], [-0.001604898010247119, 0.006258422929870547, -0.008035606414505549], [-0.009603978020172575, -0.008035606414505549, 0.02975704955780131]], "chi2_level": 0.95, "chi2_df": 3, "chi2_threshold": 7.814727903251179, "N_raw": 39, "N_roi": 39, "N_inlier": 34, "refit": true}
{"timestamp": "16:49:43.134589", "frame": 91, "mu": [1.1754873715566299, 2.946456687678517, 1.0521296363099863], "Sigma": [[0.006761719749447173, -0.0023600470712516696, -0.00280134588126845], [-0.0023600470712516696, 0.0023801223176657324, 0.00022517251453673176], [-0.0028013458812684504, 0.0002251725145367318, 0.002510286357189977]], "chi2_level": 0.95, "chi2_df": 3, "chi2_threshold": 7.814727903251179, "N_raw": 19, "N_roi": 19, "N_inlier": 18, "refit": true}
{"timestamp": "16:49:43.192986", "frame": 92, "mu": [1.175513712423058, 3.0113069141521613, 0.89285086963238], "Sigma": [[0.00804329312352999, -0.0015579319724698141, 0.013161067640061728], [-0.001557931972469814, 0.0021049029442114457, -0.008405438727887057], [0.013161067640061728, -0.008405438727887059, 0.3438677879519855]], "chi2_level": 0.95, "chi2_df": 3, "chi2_threshold": 7.814727903251179, "N_raw": 42, "N_roi": 42, "N_inlier": 40, "refit": true}
{"timestamp": "16:49:43.244291", "frame": 93, "mu": [1.259734709285974, 2.986582761286045, 0.646297825903053], "Sigma": [[0.007340201068694816, -0.0011016866231481218, -0.00427179859274603], [-0.0011016866231481216, 0.001552891204195576, 0.0008711216592545258], [-0.004271798592746032, 0.0008711216592545258, 0.27394700406817907]], "chi2_level": 0.95, "chi2_df": 3, "chi2_threshold": 7.814727903251179, "N_raw": 16, "N_roi": 15, "N_inlier": 15, "refit": true}
{"timestamp": "16:49:43.302735", "frame": 94, "mu": [1.3024488615476943, 3.077591673914352, 1.1926983883393503], "Sigma": [[0.01020084018346566, -0.004723422429137642, -0.005988233864117443], [-0.004723422429137642, 0.0041814163268615685, -0.00268511032062131], [-0.005988233864117443, -0.00268511032062131, 0.025365710840284383]], "chi2_level": 0.95, "chi2_df": 3, "chi2_threshold": 7.814727903251179, "N_raw": 49, "N_roi": 47, "N_inlier": 44, "refit": true}
{"timestamp": "16:49:43.358103", "frame": 95, "mu": [1.388235255558523, 3.074134653437212, 1.0891508238438377], "Sigma": [[0.013427130618499894, -0.00714590795845549, -0.0028758179925239755], [-0.00714590795845549, 0.006337962339959224, -0.000699018343155998], [-0.0028758179925239755, -0.000699018343155998, 0.02432623190240672]], "chi2_level": 0.95, "chi2_df": 3, "chi2_threshold": 7.814727903251179, "N_raw": 51, "N_roi": 50, "N_inlier": 46, "refit": true}
{"timestamp": "16:49:43.411941", "frame": 96, "mu": [1.3523352176160117, 3.145943614076573, 1.4336536419973238], "Sigma": [[0.014878321042638941, -0.0072034051506859546, -0.014414725005239075], [-0.0072034051506859546, 0.004574277370259409, 0.0031377995329435115], [-0.014414725005239073, 0.0031377995329435115, 0.0422578113157939]], "chi2_level": 0.95, "chi2_df": 3, "chi2_threshold": 7.814727903251179, "N_raw": 39, "N_roi": 39, "N_inlier": 36, "refit": true}
{"timestamp": "16:49:43.463747", "frame": 97, "mu": [1.2289761261217518, 3.2118211279358446, 1.081953097748782], "Sigma": [[0.01141333597649828, 0.004578528916986556, 0.05865480344076156], [0.004578528916986556, 0.006187505170024425, 0.04959699784918463], [0.05865480344076156, 0.04959699784918463, 0.49006592485417183]], "chi2_level": 0.95, "chi2_df": 3, "chi2_threshold": 7.814727903251179, "N_raw": 18, "N_roi": 18, "N_inlier": 17, "refit": true}
{"timestamp": "16:49:43.520920", "frame": 98, "mu": [1.4977391013982317, 3.290447151054303, 0.018194652925607624], "Sigma": [[0.01502291935074492, -0.002701078235502227, -0.009718857221691647], [-0.002701078235502227, 0.0045677413914748536, -0.007222383425329446], [-0.009718857221691647, -0.007222383425329446, 0.10170400156298733]], "chi2_level": 0.95, "chi2_df": 3, "chi2_threshold": 7.814727903251179, "N_raw": 27, "N_roi": 27, "N_inlier": 25, "refit": true}
{"timestamp": "16:49:43.577732", "frame": 99, "mu": [1.481230604176547, 3.247493873942667, 1.2946509017901167], "Sigma": [[0.0190712783084125, -0.007943429528406185, -0.015206855560947592], [-0.007943429528406184, 0.006141762463001458, 0.001765109108626528], [-0.015206855560947592, 0.001765109108626528, 0.0222940512399206]], "chi2_level": 0.95, "chi2_df": 3, "chi2_threshold": 7.814727903251179, "N_raw": 51, "N_roi": 51, "N_inlier": 48, "refit": true}
{"timestamp": "16:49:43.630585", "frame": 100, "mu": [1.495051991549045, 3.2402939188762088, 1.484926589698176], "Sigma": [[0.009042217142897399, -0.005082302167689061, -0.009196572394942645], [-0.005082302167689061, 0.005940809116173053, 0.004536043507980423], [-0.009196572394942645, 0.004536043507980423, 0.01312973270169643]], "chi2_level": 0.95, "chi2_df": 3, "chi2_threshold": 7.814727903251179, "N_raw": 27, "N_roi": 27, "N_inlier": 25, "refit": true}
{"timestamp": "16:49:43.790486", "frame": 101, "mu": [1.533278627247152, 3.3202267865982518, 0.3370540736035104], "Sigma": [[0.010659379327958718, -0.0027835965572351896, -0.009028003642817712], [-0.0027835965572351896, 0.0048636825855513, -0.002462494192688969], [-0.009028003642817712, -0.0024624941926889685, 0.015747452769542872]], "chi2_level": 0.95, "chi2_df": 3, "chi2_threshold": 7.814727903251179, "N_raw": 34, "N_roi": 32, "N_inlier": 27, "refit": true}
{"timestamp": "16:49:43.799998", "frame": 102, "mu": [1.5390349507293917, 3.3725138352474335, 1.5256155484619192], "Sigma": [[0.013121618584624664, -0.006500294850064024, -0.009517253515645233], [-0.006500294850064024, 0.006016651739611004, 0.0029518752689567168], [-0.009517253515645233, 0.0029518752689567168, 0.01606169450068992]], "chi2_level": 0.95, "chi2_df": 3, "chi2_threshold": 7.814727903251179, "N_raw": 34, "N_roi": 34, "N_inlier": 30, "refit": true}
{"timestamp": "16:49:43.832391", "frame": 103, "mu": [1.63883800075768, 3.319933088400344, 1.0080378482223942], "Sigma": [[0.014311475446084283, -0.007153055632621111, -0.019766405689975963], [-0.00715305563262111, 0.004741674757312489, 0.012707179159954106], [-0.01976640568997596, 0.012707179159954106, 0.09884716254093506]], "chi2_level": 0.95, "chi2_df": 3, "chi2_threshold": 7.814727903251179, "N_raw": 35, "N_roi": 35, "N_inlier": 33, "refit": true}
{"timestamp": "16:49:43.876655", "frame": 104, "mu": [1.680857006191825, 3.3996408922263037, 1.311924484546206], "Sigma": [[0.009625050386210353, -0.00515723757070823, -0.015859689557690203], [-0.00515723757070823, 0.0037176789990281353, 0.005596742674245177], [-0.015859689557690203, 0.005596742674245175, 0.054789572861717456]], "chi2_level": 0.95, "chi2_df": 3, "chi2_threshold": 7.814727903251179, "N_raw": 25, "N_roi": 22, "N_inlier": 21, "refit": true}
{"timestamp": "16:49:43.907458", "frame": 105, "mu": [1.5922106647013325, 3.4613651185664676, 1.3635823586503426], "Sigma": [[0.018223776375810637, -0.009091567177952386, -0.013684639650601125], [-0.009091567177952386, 0.006833472509760728, 0.004868020939569418], [-0.013684639650601125, 0.004868020939569418, 0.016621443484482735]], "chi2_level": 0.95, "chi2_df": 3, "chi2_threshold": 7.814727903251179, "N_raw": 35, "N_roi": 35, "N_inlier": 34, "refit": true}
{"timestamp": "16:49:43.960856", "frame": 106, "mu": [1.6347861421274796, 3.5140900912075455, 1.186805248502663], "Sigma": [[0.01627556507799186, -0.00879851794258617, -0.01902220866293952], [-0.00879851794258617, 0.007604777236155544, 0.02523150761706046], [-0.01902220866293952, 0.02523150761706046, 0.14739331220082316]], "chi2_level": 0.95, "chi2_df": 3, "chi2_threshold": 7.814727903251179, "N_raw": 36, "N_roi": 34, "N_inlier": 32, "refit": true}
{"timestamp": "16:49:44.012725", "frame": 107, "mu": [1.6154184005458951, 3.6011726528928403, 1.3082858199194953], "Sigma": [[0.0030035509088802703, -0.00258357751256018, -0.002317919715060372], [-0.00258357751256018, 0.003296939177901445, 0.00016960450648713734], [-0.002317919715060372, 0.00016960450648713734, 0.007447794810609078]], "chi2_level": 0.95, "chi2_df": 3, "chi2_threshold": 7.814727903251179, "N_raw": 14, "N_roi": 11, "N_inlier": 10, "refit": true}
{"timestamp": "16:49:44.069730", "frame": 108, "mu": [1.653613984746863, 3.6577070707044568, 1.4949198102716048], "Sigma": [[0.016485048899000702, -0.00669573932528617, -0.01167035912766398], [-0.0066957393252861696, 0.005003067068956152, 0.0024314083856770154], [-0.01167035912766398, 0.002431408385677015, 0.013297518315330343]], "chi2_level": 0.95, "chi2_df": 3, "chi2_threshold": 7.814727903251179, "N_raw": 30, "N_roi": 30, "N_inlier": 29, "refit": true}
