{"timestamp": "17:25:27.084688", "frame": 1, "mu": [0.9282921201799195, 1.7437894499497972, 1.3427262555247588], "Sigma": [[0.015135778813776193, -0.007211560316026558, 0.00022491827584881748], [-0.007211560316026558, 0.011483645125397757, -0.021922387704978796], [0.00022491827584881748, -0.021922387704978796, 0.09622238038729708]], "chi2_level": 0.95, "chi2_df": 3, "chi2_threshold": 7.814727903251179, "N_raw": 103, "N_roi": 103, "N_inlier": 97, "refit": true}
{"timestamp": "17:25:27.143301", "frame": 2, "mu": [0.9475180869826307, 1.7044117758521016, 0.9900967122230547], "Sigma": [[0.023621457119011483, -0.019924594655410778, -0.035600312399732784], [-0.019924594655410778, 0.022662710046720155, 0.007495634573171275], [-0.035600312399732784, 0.007495634573171276, 0.3756329931340636]], "chi2_level": 0.95, "chi2_df": 3, "chi2_threshold": 7.814727903251179, "N_raw": 110, "N_roi": 110, "N_inlier": 108, "refit": true}
{"timestamp": "17:25:27.197988", "frame": 3, "mu": [0.9461011194150916, 1.6372518426142684, 1.320725306790296], "Sigma": [[0.011066636675233008, -0.005299721778552556, -0.008903678889422737], [-0.005299721778552556, 0.006769922222592198, -0.004002540480214515], [-0.008903678889422737, -0.004002540480214515, 0.06312500939780447]], "chi2_level": 0.95, "chi2_df": 3, "chi2_threshold": 7.814727903251179, "N_raw": 109, "N_roi": 109, "N_inlier": 99, "refit": true}
{"timestamp": "17:25:27.250026", "frame": 4, "mu": [0.9050382688163239, 1.647280689916041, 1.4844507110223224], "Sigma": [[0.012206130120237298, -0.004892208560930203, -0.0127510432338135], [-0.004892208560930204, 0.0064878489938076005, 0.0013875216366187834], [-0.0127510432338135, 0.0013875216366187834, 0.020060590495224746]], "chi2_level": 0.95, "chi2_df": 3, "chi2_threshold": 7.814727903251179, "N_raw": 88, "N_roi": 88, "N_inlier": 83, "refit": true}
{"timestamp": "17:25:27.301820", "frame": 5, "mu": [0.9138237131484512, 1.6137331428570119, 1.3632526311695385], "Sigma": [[0.00651621648056195, -0.002277140695716672, -0.007323747315290938], [-0.0022771406957166726, 0.005054015046591799, 0.0061687545940084885], [-0.007323747315290938, 0.0061687545940084885, 0.05473588393302287]], "chi2_level": 0.95, "chi2_df": 3, "chi2_threshold": 7.814727903251179, "N_raw": 68, "N_roi": 68, "N_inlier": 63, "refit": true}
{"timestamp": "17:25:27.355721", "frame": 6, "mu": [0.8169926464850445, 1.6111026712440237, 1.5736142475390604], "Sigma": [[0.0077480585463009085, -0.0019416106142029488, -0.0061960247867866285], [-0.0019416106142029483, 0.004844396817242289, 0.00018545500966197275], [-0.0061960247867866285, 0.00018545500966197272, 0.006105621975258987]], "chi2_level": 0.95, "chi2_df": 3, "chi2_threshold": 7.814727903251179, "N_raw": 64, "N_roi": 63, "N_inlier": 58, "refit": true}
{"timestamp": "17:25:27.415836", "frame": 7, "mu": [0.7996454432082197, 1.5991467029191646, 1.440536259677084], "Sigma": [[0.008825657498796907, -0.0010784792090861594, 8.442239125327925e-05], [-0.0010784792090861594, 0.005664529922770908, -0.006256013363271801], [8.44223912532787e-05, -0.006256013363271801, 0.08556518865953151]], "chi2_level": 0.95, "chi2_df": 3, "chi2_threshold": 7.814727903251179, "N_raw": 100, "N_roi": 100, "N_inlier": 94, "refit": true}
{"timestamp": "17:25:27.470382", "frame": 8, "mu": [0.781780888106889, 1.535822400914041, -0.15776456498633332], "Sigma": [[0.01788716692057709, -0.003488353212544729, 0.1258972614479368], [-0.003488353212544729, 0.008802786570041321, -0.03270464929564888], [0.1258972614479368, -0.03270464929564888, 1.2826813965364205]], "chi2_level": 0.95, "chi2_df": 3, "chi2_threshold": 7.814727903251179, "N_raw": 100, "N_roi": 100, "N_inlier": 97, "refit": true}
{"timestamp": "17:25:27.522866", "frame": 9, "mu": [0.706412992377871, 1.6510517682727315, 0.00042624627905763906], "Sigma": [[0.008006647844747196, -0.0007908061664121655, -0.005177530455905376], [-0.0007908061664121655, 0.005294561781139379, 0.0014065757887184891], [-0.005177530455905377, 0.0014065757887184891, 0.004772255599525433]], "chi2_level": 0.95, "chi2_df": 3, "chi2_threshold": 7.814727903251179, "N_raw": 73, "N_roi": 73, "N_inlier": 65, "refit": true}
{"timestamp": "17:25:27.578431", "frame": 10, "mu": [0.6911723984687755, 1.5558052164905627, 1.5616920327977883], "Sigma": [[0.007576832623940435, -0.0018402209236294772, -0.0069463480144843475], [-0.0018402209236294772, 0.0087476086203015, 0.0037628815403452096], [-0.0069463480144843475, 0.0037628815403452096, 0.00726288772087569]], "chi2_level": 0.95, "chi2_df": 3, "chi2_threshold": 7.814727903251179, "N_raw": 82, "N_roi": 81, "N_inlier": 75, "refit": true}
{"timestamp": "17:25:27.631792", "frame": 11, "mu": [0.6613146560638719, 1.535569642999421, 1.5405086151643448], "Sigma": [[0.00776535666276418, -0.0022226566883671956, -0.008196023890561205], [-0.0022226566883671956, 0.006251546907192377, 0.0028496969887197954], [-0.008196023890561205, 0.0028496969887197954, 0.009293394342351912]], "chi2_level": 0.95, "chi2_df": 3, "chi2_threshold": 7.814727903251179, "N_raw": 71, "N_roi": 71, "N_inlier": 64, "refit": true}
{"timestamp": "17:25:27.690138", "frame": 12, "mu": [0.6270970727977716, 1.5612302359776522, 1.4265390576513668], "Sigma": [[0.006443700380865082, -0.0014726424082426965, -0.00647892258824804], [-0.0014726424082426967, 0.004754355660407079, 0.0002549713055548375], [-0.00647892258824804, 0.0002549713055548373, 0.04842093413795384]], "chi2_level": 0.95, "chi2_df": 3, "chi2_threshold": 7.814727903251179, "N_raw": 93, "N_roi": 93, "N_inlier": 87, "refit": true}
{"timestamp": "17:25:27.745640", "frame": 13, "mu": [0.5704083861938966, 1.5630732242278664, 1.5134092575371099], "Sigma": [[0.006571388905422891, -0.00020679963530038123, -0.004409829451173483], [-0.00020679963530038115, 0.010315149881977551, -0.0007926869261148874], [-0.004409829451173483, -0.0007926869261148872, 0.009764735068136328]], "chi2_level": 0.95, "chi2_df": 3, "chi2_threshold": 7.814727903251179, "N_raw": 95, "N_roi": 95, "N_inlier": 90, "refit": true}
{"timestamp": "17:25:27.797738", "frame": 14, "mu": [0.47325510638673557, 1.5830588600071989, 1.6002320371248189], "Sigma": [[0.00635289268019207, -0.005522453609978996, -0.00500872802041624], [-0.005522453609978996, 0.012757869606646854, 0.004446986411295029], [-0.00500872802041624, 0.004446986411295029, 0.0045228029760802065]], "chi2_level": 0.95, "chi2_df": 3, "chi2_threshold": 7.814727903251179, "N_raw": 78, "N_roi": 78, "N_inlier": 74, "refit": true}
{"timestamp": "17:25:27.861648", "frame": 15, "mu": [0.46746754200267043, 1.569267947220995, 1.5630879904870332], "Sigma": [[0.006851259461294379, -0.002004967232400989, -0.006728328542499988], [-0.002004967232400989, 0.008589980615460057, 0.0009538017536716299], [-0.006728328542499988, 0.00095380175367163, 0.007873983586109013]], "chi2_level": 0.95, "chi2_df": 3, "chi2_threshold": 7.814727903251179, "N_raw": 89, "N_roi": 89, "N_inlier": 81, "refit": true}
{"timestamp": "17:25:27.908617", "frame": 16, "mu": [0.4449297087781955, 1.5177643713458733, 1.3903877366927293], "Sigma": [[0.004530102466909331, -0.0023656004605628637, -0.01265416681635675], [-0.0023656004605628637, 0.0067738132273571046, 0.017907537419416253], [-0.01265416681635675, 0.017907537419416253, 0.11081959743708766]], "chi2_level": 0.95, "chi2_df": 3, "chi2_threshold": 7.814727903251179, "N_raw": 81, "N_roi": 81, "N_inlier": 76, "refit": true}
{"timestamp": "17:25:27.968599", "frame": 17, "mu": [0.39815913353894733, 1.5287856925099603, 1.427429845399072], "Sigma": [[0.008640790100743432, -0.0026267352400204764, -0.016939977719878412], [-0.002626735240020476, 0.0073656088312154516, 0.006384414748812187], [-0.01693997771987841, 0.006384414748812187, 0.0778327252447117]], "chi2_level": 0.95, "chi2_df": 3, "chi2_threshold": 7.814727903251179, "N_raw": 119, "N_roi": 119, "N_inlier": 106, "refit": true}
{"timestamp": "17:25:28.029170", "frame": 18, "mu": [0.25341924610794425, 1.5516892500742931, 0.16835785605134823], "Sigma": [[0.011507099535793645, -0.004669012604234994, 0.10871443843994055], [-0.004669012604234994, 0.016374569328196826, 0.009505554861905841], [0.10871443843994055, 0.009505554861905841, 2.1430865427753103]], "chi2_level": 0.95, "chi2_df": 3, "chi2_threshold": 7.814727903251179, "N_raw": 150, "N_roi": 149, "N_inlier": 146, "refit": true}
{"timestamp": "17:25:28.084581", "frame": 19, "mu": [0.1893859594904742, 1.5872471770028236, -0.5603433127763545], "Sigma": [[0.011493147174831695, 0.004746764162661942, 0.05919663489422228], [0.004746764162661942, 0.020884898254211373, 0.0454753540160203], [0.05919663489422228, 0.045475354016020306, 0.6361087976654306]], "chi2_level": 0.95, "chi2_df": 3, "chi2_threshold": 7.814727903251179, "N_raw": 150, "N_roi": 150, "N_inlier": 147, "refit": true}
{"timestamp": "17:25:28.140008", "frame": 20, "mu": [0.14559360962922596, 1.5375010460401035, 1.1256070720932951], "Sigma": [[0.02559830765916183, -0.001678827641192338, 0.05636048106235586], [-0.001678827641192338, 0.021344773981172262, 0.024702670690884276], [0.05636048106235586, 0.024702670690884276, 0.2704562465767376]], "chi2_level": 0.95, "chi2_df": 3, "chi2_threshold": 7.814727903251179, "N_raw": 145, "N_roi": 142, "N_inlier": 137, "refit": true}
{"timestamp": "17:25:28.192402", "frame": 21, "mu": [0.12135099577227752, 1.5786512224813634, 1.254838183292296], "Sigma": [[0.012564950803074038, -0.011124052201693699, 0.011631927594481424], [-0.0111240522016937, 0.01672118492886951, -0.009413618354792912], [0.011631927594481424, -0.00941361835479291, 0.0775864653630594]], "chi2_level": 0.95, "chi2_df": 3, "chi2_threshold": 7.814727903251179, "N_raw": 135, "N_roi": 135, "N_inlier": 128, "refit": true}
{"timestamp": "17:25:28.243264", "frame": 22, "mu": [0.1643970117486051, 1.5282307131041686, 0.5180497488051249], "Sigma": [[0.011953269825190864, -0.00029565745684507377, 0.08360953564802213], [-0.0002956574568450736, 0.0070005767716731756, -0.010965093804319672], [0.08360953564802213, -0.010965093804319672, 0.7497820629487627]], "chi2_level": 0.95, "chi2_df": 3, "chi2_threshold": 7.814727903251179, "N_raw": 109, "N_roi": 109, "N_inlier": 103, "refit": true}
{"timestamp": "17:25:28.302198", "frame": 23, "mu": [0.09920922559249427, 1.4602346411310703, 1.3422006756299592], "Sigma": [[0.017732146863404304, -0.011236483083730984, 0.0044391657119758066], [-0.011236483083730984, 0.016003761131872796, 0.014835686316175517], [0.004439165711975806, 0.014835686316175517, 0.12296500794049336]], "chi2_level": 0.95, "chi2_df": 3, "chi2_threshold": 7.814727903251179, "N_raw": 133, "N_roi": 129, "N_inlier": 119, "refit": true}
{"timestamp": "17:25:28.353855", "frame": 24, "mu": [0.029619210018746248, 1.502196735991427, 1.5725095290646829], "Sigma": [[0.014383049608516003, -0.006915678721786533, 0.020251559408945546], [-0.006915678721786533, 0.01207750227461163, -0.017785150165426977], [0.020251559408945543, -0.017785150165426977, 0.07139510302036625]], "chi2_level": 0.95, "chi2_df": 3, "chi2_threshold": 7.814727903251179, "N_raw": 109, "N_roi": 107, "N_inlier": 99, "refit": true}
{"timestamp": "17:25:28.406773", "frame": 25, "mu": [0.030737996871565112, 1.4490283568793347, 1.6469716233610512], "Sigma": [[0.004450573344762845, -0.00046183502999223424, -0.002758009080620595], [-0.00046183502999223424, 0.01302968012992258, 0.0033798112707612927], [-0.0027580090806205958, 0.0033798112707612927, 0.0062432238145665704]], "chi2_level": 0.95, "chi2_df": 3, "chi2_threshold": 7.814727903251179, "N_raw": 94, "N_roi": 93, "N_inlier": 89, "refit": true}
{"timestamp": "17:25:28.466016", "frame": 26, "mu": [-0.025113586814697712, 1.448769043516123, 0.4637905523808206], "Sigma": [[0.00543022944833428, -0.0037149654486814503, 0.05737528222794026], [-0.0037149654486814494, 0.016848146019609506, -0.03804555322871457], [0.05737528222794026, -0.03804555322871457, 0.7976829178585217]], "chi2_level": 0.95, "chi2_df": 3, "chi2_threshold": 7.814727903251179, "N_raw": 128, "N_roi": 127, "N_inlier": 125, "refit": true}
{"timestamp": "17:25:28.511645", "frame": 27, "mu": [-0.09745643515947769, 1.4382205138259891, 1.6437973155803465], "Sigma": [[0.004187499953790848, -0.0009939925231818316, -0.002621758888114895], [-0.0009939925231818318, 0.006993889595801173, 0.0019425268181031182], [-0.002621758888114895, 0.0019425268181031182, 0.0030497182532355583]], "chi2_level": 0.95, "chi2_df": 3, "chi2_threshold": 7.814727903251179, "N_raw": 65, "N_roi": 65, "N_inlier": 63, "refit": true}
{"timestamp": "17:25:28.569061", "frame": 28, "mu": [-0.15852163046572093, 1.3675426337420948, 1.5379690290139199], "Sigma": [[0.004829512256596256, -0.0018614440359888784, -0.0029526321271888495], [-0.0018614440359888784, 0.012984943733295598, 0.007883584623288305], [-0.002952632127188849, 0.007883584623288307, 0.005986032569476023]], "chi2_level": 0.95, "chi2_df": 3, "chi2_threshold": 7.814727903251179, "N_raw": 80, "N_roi": 76, "N_inlier": 74, "refit": true}
{"timestamp": "17:25:28.624068", "frame": 29, "mu": [-0.20997540969279113, 1.4107562323060578, 1.6442163377889398], "Sigma": [[0.0041966404689183215, -0.0006213708437384383, -0.0028156258381923814], [-0.0006213708437384387, 0.015800496177201945, 0.012062552949827486], [-0.0028156258381923814, 0.012062552949827485, 0.012178771309007793]], "chi2_level": 0.95, "chi2_df": 3, "chi2_threshold": 7.814727903251179, "N_raw": 82, "N_roi": 82, "N_inlier": 78, "refit": true}
{"timestamp": "17:25:28.677034", "frame": 30, "mu": [-0.249301140108767, 1.400459825615904, 1.6287375041452754], "Sigma": [[0.004402946860459677, -0.00013896193819236988, -0.0007422256332947263], [-0.00013896193819236982, 0.012809765512599445, 0.011513280076433556], [-0.0007422256332947263, 0.011513280076433555, 0.01201668023731346]], "chi2_level": 0.95, "chi2_df": 3, "chi2_threshold": 7.814727903251179, "N_raw": 71, "N_roi": 70, "N_inlier": 65, "refit": true}
{"timestamp": "17:25:28.738063", "frame": 31, "mu": [-0.28975142312629437, 1.4270419540938544, 1.455060070108425], "Sigma": [[0.00486438048090903, 0.0016844691130323704, -0.002781304911876781], [0.0016844691130323704, 0.016038369384352085, 0.007504096705116667], [-0.002781304911876781, 0.0075040967051166665, 0.032377091865015764]], "chi2_level": 0.95, "chi2_df": 3, "chi2_threshold": 7.814727903251179, "N_raw": 109, "N_roi": 107, "N_inlier": 102, "refit": true}
{"timestamp": "17:25:28.798006", "frame": 32, "mu": [-0.3243735466141536, 1.4358216285148422, 1.3059344447281211], "Sigma": [[0.009563290788082402, -0.0009736279842766581, -0.03336745495063414], [-0.0009736279842766585, 0.01455269604178882, 0.02503115810327131], [-0.03336745495063414, 0.02503115810327131, 0.34049831438710904]], "chi2_level": 0.95, "chi2_df": 3, "chi2_threshold": 7.814727903251179, "N_raw": 144, "N_roi": 142, "N_inlier": 141, "refit": true}
{"timestamp": "17:25:28.854070", "frame": 33, "mu": [-0.35893331027601794, 1.6025850926416736, -0.4363175864587753], "Sigma": [[0.007618633825868357, 0.01277219121079386, -0.0006403547099659082], [0.01277219121079386, 0.05424925799318895, -0.016758421381688197], [-0.0006403547099659091, -0.016758421381688197, 0.08689379811737483]], "chi2_level": 0.95, "chi2_df": 3, "chi2_threshold": 7.814727903251179, "N_raw": 142, "N_roi": 139, "N_inlier": 135, "refit": true}
{"timestamp": "17:25:28.899355", "frame": 34, "mu": [-0.41815921333734174, 1.5219763479885773, 1.5893442830182725], "Sigma": [[0.004366892663880087, -1.1423357341906108e-05, -0.001297065648608071], [-1.1423357341906271e-05, 0.010448514641317502, 0.002758259643767026], [-0.001297065648608071, 0.0027582596437670257, 0.0015934069340381338]], "chi2_level": 0.95, "chi2_df": 3, "chi2_threshold": 7.814727903251179, "N_raw": 80, "N_roi": 79, "N_inlier": 73, "refit": true}
{"timestamp": "17:25:28.959231", "frame": 35, "mu": [-0.4732364940087763, 1.480573857991155, 1.32185333891582], "Sigma": [[0.004288171443736514, -0.00034940262337769025, 3.014241147817828e-07], [-0.00034940262337769036, 0.015884681816319655, 0.013831822588531436], [3.014241147816744e-07, 0.013831822588531436, 0.08118160161897914]], "chi2_level": 0.95, "chi2_df": 3, "chi2_threshold": 7.814727903251179, "N_raw": 114, "N_roi": 113, "N_inlier": 108, "refit": true}
{"timestamp": "17:25:29.016263", "frame": 36, "mu": [-0.5178491997670591, 1.4597257974899085, 1.3433072904115728], "Sigma": [[0.005392525031235419, 0.00038068505243470173, -0.0032049644015699707], [0.00038068505243470173, 0.017035109443519672, 0.007427653518120976], [-0.0032049644015699707, 0.007427653518120976, 0.10322604628221266]], "chi2_level": 0.95, "chi2_df": 3, "chi2_threshold": 7.814727903251179, "N_raw": 134, "N_roi": 134, "N_inlier": 126, "refit": true}
{"timestamp": "17:25:29.069837", "frame": 37, "mu": [-0.5539625191399465, 1.4960819560778256, 1.3862908342563494], "Sigma": [[0.006030149228083222, -5.918785880692628e-06, 0.006841321826008514], [-5.918785880693251e-06, 0.01656111510147109, 0.005495478823544276], [0.006841321826008514, 0.005495478823544276, 0.09733473017774351]], "chi2_level": 0.95, "chi2_df": 3, "chi2_threshold": 7.814727903251179, "N_raw": 117, "N_roi": 117, "N_inlier": 113, "refit": true}
{"timestamp": "17:25:29.122231", "frame": 38, "mu": [-0.595942111045945, 1.5051427826981696, 1.3116303140644676], "Sigma": [[0.004533371115694361, 0.0017680198890302652, -0.002624746566442195], [0.0017680198890302652, 0.00803672480254117, 0.00034244455435052514], [-0.0026247465664421955, 0.00034244455435052503, 0.06505959014707088]], "chi2_level": 0.95, "chi2_df": 3, "chi2_threshold": 7.814727903251179, "N_raw": 102, "N_roi": 102, "N_inlier": 97, "refit": true}
{"timestamp": "17:25:29.182583", "frame": 39, "mu": [-0.7131346707831656, 1.5439253133444235, 1.0725185017897785], "Sigma": [[0.013765329290250452, 0.004055758779990803, 0.03994065115450297], [0.004055758779990803, 0.012816600760441967, 0.042428970966772006], [0.03994065115450297, 0.042428970966772006, 0.5190783759420327]], "chi2_level": 0.95, "chi2_df": 3, "chi2_threshold": 7.814727903251179, "N_raw": 138, "N_roi": 138, "N_inlier": 138, "refit": true}
{"timestamp": "17:25:29.233494", "frame": 40, "mu": [-0.7079468470437975, 1.6693419631083755, 1.4155104639775222], "Sigma": [[0.008106343488330614, 0.0013242507088402288, 0.024306871414721536], [0.001324250708840229, 0.006820588303598849, -0.002109678466516343], [0.024306871414721536, -0.0021096784665163427, 0.3751186205836239]], "chi2_level": 0.95, "chi2_df": 3, "chi2_threshold": 7.814727903251179, "N_raw": 100, "N_roi": 99, "N_inlier": 97, "refit": true}
{"timestamp": "17:25:29.288693", "frame": 41, "mu": [-0.8070285194517176, 1.6469733774007016, 0.052290151508513655], "Sigma": [[0.009708541665674494, -0.001352091358774264, 0.02904794466280076], [-0.001352091358774264, 0.009696918197961682, 0.02253920456686031], [0.029047944662800758, 0.022539204566860302, 0.43699579214938306]], "chi2_level": 0.95, "chi2_df": 3, "chi2_threshold": 7.814727903251179, "N_raw": 109, "N_roi": 109, "N_inlier": 108, "refit": true}
{"timestamp": "17:25:29.336196", "frame": 42, "mu": [-0.8253410715978083, 1.6102902774253687, 1.4286285010475268], "Sigma": [[0.004372406299514044, 0.002956800603621302, -0.003210916699537145], [0.002956800603621302, 0.010776650799065588, -0.008273067867775421], [-0.0032109166995371446, -0.008273067867775421, 0.029247936539270016]], "chi2_level": 0.95, "chi2_df": 3, "chi2_threshold": 7.814727903251179, "N_raw": 63, "N_roi": 63, "N_inlier": 60, "refit": true}
{"timestamp": "17:25:29.398914", "frame": 43, "mu": [-0.8486794235860025, 1.6537544095556913, 1.3963925827988328], "Sigma": [[0.012145297625869243, 0.004515414676710272, -0.0316647604568768], [0.004515414676710271, 0.010365371901739638, -0.0065595212167757055], [-0.031664760456876793, -0.006559521216775706, 0.16391024443145866]], "chi2_level": 0.95, "chi2_df": 3, "chi2_threshold": 7.814727903251179, "N_raw": 110, "N_roi": 110, "N_inlier": 98, "refit": true}
{"timestamp": "17:25:29.452236", "frame": 44, "mu": [-0.8095037577022971, 1.6265731055700774, 0.9932405214130441], "Sigma": [[0.029015045719458628, 0.004198746102694425, -0.08976011176771828], [0.004198746102694425, 0.005388855270737159, -0.018748156860912676], [-0.08976011176771828, -0.01874815686091268, 0.3550446392540147]], "chi2_level": 0.95, "chi2_df": 3, "chi2_threshold": 7.814727903251179, "N_raw": 106, "N_roi": 106, "N_inlier": 92, "refit": true}
{"timestamp": "17:25:29.509953", "frame": 45, "mu": [-0.9202637151853661, 1.820519738356676, -0.2659489452936856], "Sigma": [[0.01700042668359345, 0.016832709223707935, -0.05567351019955144], [0.016832709223707935, 0.03828900076821529, -0.09791516962830206], [-0.05567351019955144, -0.09791516962830206, 0.3111822099762832]], "chi2_level": 0.95, "chi2_df": 3, "chi2_threshold": 7.814727903251179, "N_raw": 124, "N_roi": 124, "N_inlier": 113, "refit": true}
{"timestamp": "17:25:29.559583", "frame": 46, "mu": [-0.9696915487548515, 1.703198272125084, 1.3729844191495577], "Sigma": [[0.014111695043635077, 0.004233916789687904, -0.05034392166553346], [0.004233916789687904, 0.006710221146409979, -0.02155012687994657], [-0.05034392166553346, -0.02155012687994657, 0.28460110576483993]], "chi2_level": 0.95, "chi2_df": 3, "chi2_threshold": 7.814727903251179, "N_raw": 81, "N_roi": 81, "N_inlier": 76, "refit": true}
{"timestamp": "17:25:29.615419", "frame": 47, "mu": [-1.0317551793072808, 1.869586723533583, -0.14867334081981018], "Sigma": [[0.011921311934106534, 0.016541599100918954, -0.03438463429770422], [0.016541599100918954, 0.04951372302852029, -0.09773526626561772], [-0.03438463429770422, -0.09773526626561772, 0.2144002804119399]], "chi2_level": 0.95, "chi2_df": 3, "chi2_threshold": 7.814727903251179, "N_raw": 86, "N_roi": 86, "N_inlier": 81, "refit": true}
{"timestamp": "17:25:29.680799", "frame": 48, "mu": [-1.077830597518895, 1.7206637521623132, 1.5489847534679542], "Sigma": [[0.0771519419285116, 0.05390684953908456, -0.06517368967160267], [0.05390684953908456, 0.05466213525328537, -0.0735105778699462], [-0.06517368967160266, -0.0735105778699462, 0.14331122878909758]], "chi2_level": 0.95, "chi2_df": 3, "chi2_threshold": 7.814727903251179, "N_raw": 150, "N_roi": 150, "N_inlier": 144, "refit": true}
{"timestamp": "17:25:29.723039", "frame": 49, "mu": [-1.134686677890919, 1.9118944581629522, -0.24591541318344765], "Sigma": [[0.06186719551283407, 0.06252540146758445, -0.04619996818674912], [0.06252540146758444, 0.1487572762132594, -0.1834912321823992], [-0.046199968186749124, -0.1834912321823992, 0.2749323499260407]], "chi2_level": 0.95, "chi2_df": 3, "chi2_threshold": 7.814727903251179, "N_raw": 69, "N_roi": 69, "N_inlier": 67, "refit": true}
{"timestamp": "17:25:29.866488", "frame": 50, "mu": [-1.0405804683773796, 1.9158192595045085, -0.05735761094953852], "Sigma": [[0.011186153748965517, 0.0008493027756888487, -0.004362271248334134], [0.0008493027756888486, 0.01229498406538404, -0.013816609415021792], [-0.0043622712483341345, -0.013816609415021795, 0.022109608057028225]], "chi2_level": 0.95, "chi2_df": 3, "chi2_threshold": 7.814727903251179, "N_raw": 106, "N_roi": 106, "N_inlier": 93, "refit": true}
{"timestamp": "17:25:29.887713", "frame": 51, "mu": [-1.0775318917033958, 1.88206324940875, 1.45923665699691], "Sigma": [[0.008706712678448025, 0.0013943815878162214, -0.003107663042765095], [0.0013943815878162214, 0.004621960314156063, -0.011042252025068543], [-0.0031076630427650954, -0.011042252025068543, 0.04170741736830785]], "chi2_level": 0.95, "chi2_df": 3, "chi2_threshold": 7.814727903251179, "N_raw": 86, "N_roi": 86, "N_inlier": 82, "refit": true}
{"timestamp": "17:25:29.918969", "frame": 52, "mu": [-1.1327031809898824, 1.9021439761225367, 1.4673846579416827], "Sigma": [[0.007892444297430063, 0.0010920722576765083, -0.002872377830403851], [0.0010920722576765083, 0.0030790741605881628, -0.009068332219580939], [-0.002872377830403851, -0.009068332219580942, 0.09141051274178989]], "chi2_level": 0.95, "chi2_df": 3, "chi2_threshold": 7.814727903251179, "N_raw": 78, "N_roi": 78, "N_inlier": 75, "refit": true}
{"timestamp": "17:25:29.950875", "frame": 53, "mu": [-1.1218944388455478, 1.9081129274498192, 1.2793283852197823], "Sigma": [[0.010886755641461876, 0.006648982510705243, 0.03189740795165785], [0.006648982510705243, 0.00935618326811107, 0.033969678873667794], [0.03189740795165785, 0.033969678873667794, 0.2610839390692298]], "chi2_level": 0.95, "chi2_df": 3, "chi2_threshold": 7.814727903251179, "N_raw": 63, "N_roi": 63, "N_inlier": 60, "refit": true}
{"timestamp": "17:25:29.991922", "frame": 54, "mu": [-1.109410216252399, 1.9507229832517652, 1.2441610373579823], "Sigma": [[0.00849585004942587, 0.005621972144947321, 0.024197626144413675], [0.005621972144947321, 0.006601927373948544, 0.023345820384722698], [0.02419762614441368, 0.023345820384722698, 0.1922864259341598]], "chi2_level": 0.95, "chi2_df": 3, "chi2_threshold": 7.814727903251179, "N_raw": 36, "N_roi": 36, "N_inlier": 34, "refit": true}
{"timestamp": "17:25:30.052256", "frame": 55, "mu": [-1.1095933488881113, 2.0597285916454187, 1.5380462801946588], "Sigma": [[0.008710618404991459, 0.002226731798715063, -0.008541472334435838], [0.002226731798715063, 0.005505131262099568, -0.010888768985550034], [-0.008541472334435838, -0.010888768985550034, 0.02838687325794069]], "chi2_level": 0.95, "chi2_df": 3, "chi2_threshold": 7.814727903251179, "N_raw": 70, "N_roi": 70, "N_inlier": 66, "refit": true}
{"timestamp": "17:25:30.107112", "frame": 56, "mu": [-1.1062939855667795, 2.1253213475552086, 1.4103289471791578], "Sigma": [[0.008658283751562574, -0.0010468566116756065, 0.01621245842317188], [-0.0010468566116756067, 0.007033504092427349, -0.025251213808337662], [0.01621245842317188, -0.025251213808337662, 0.2642043081490537]], "chi2_level": 0.95, "chi2_df": 3, "chi2_threshold": 7.814727903251179, "N_raw": 71, "N_roi": 71, "N_inlier": 69, "refit": true}
{"timestamp": "17:25:30.161098", "frame": 57, "mu": [-1.0999819757621707, 2.198592123440458, -0.6413225391154731], "Sigma": [[0.00823422857839649, -0.0014434831554074753, 0.018598263210219495], [-0.001443483155407475, 0.013953808020576592, -0.015085221024924041], [0.018598263210219495, -0.015085221024924043, 0.10367513558858674]], "chi2_level": 0.95, "chi2_df": 3, "chi2_threshold": 7.814727903251179, "N_raw": 59, "N_roi": 59, "N_inlier": 53, "refit": true}
{"timestamp": "17:25:30.225358", "frame": 58, "mu": [-1.1447903471113294, 2.2462408605969486, 0.12986402367857147], "Sigma": [[0.022726245201444596, -0.0038637460890450994, 0.09778930937076992], [-0.0038637460890451, 0.013713426405562964, -0.015027178484860374], [0.09778930937076992, -0.015027178484860376, 0.6184396804058027]], "chi2_level": 0.95, "chi2_df": 3, "chi2_threshold": 7.814727903251179, "N_raw": 124, "N_roi": 124, "N_inlier": 118, "refit": true}
{"timestamp": "17:25:30.274360", "frame": 59, "mu": [-1.2740047478921668, 2.304887010367342, 0.7746339595287701], "Sigma": [[0.03166210719572332, 0.0014368180573929468, 0.03175250708984196], [0.001436818057392947, 0.006823908194344802, -0.02694823333991063], [0.031752507089841966, -0.02694823333991063, 0.19939269111871336]], "chi2_level": 0.95, "chi2_df": 3, "chi2_threshold": 7.814727903251179, "N_raw": 73, "N_roi": 73, "N_inlier": 71, "refit": true}
{"timestamp": "17:25:30.327979", "frame": 60, "mu": [-1.196035405129887, 2.2948420494176363, 1.352303382002853], "Sigma": [[0.02104216558291956, -0.008203619313435386, 0.034698264691195684], [-0.008203619313435384, 0.008979329846592495, -0.03470594310608896], [0.034698264691195684, -0.03470594310608896, 0.1547412004117725]], "chi2_level": 0.95, "chi2_df": 3, "chi2_threshold": 7.814727903251179, "N_raw": 74, "N_roi": 73, "N_inlier": 70, "refit": true}
{"timestamp": "17:25:30.381634", "frame": 61, "mu": [-1.050114137503192, 2.2973672439293584, 1.437432090065719], "Sigma": [[0.009617600301861743, 0.002000384249456174, -0.007690452610735346], [0.002000384249456174, 0.004294333516630856, -0.01033040641430016], [-0.007690452610735346, -0.010330406414300162, 0.03496049893159393]], "chi2_level": 0.95, "chi2_df": 3, "chi2_threshold": 7.814727903251179, "N_raw": 69, "N_roi": 69, "N_inlier": 66, "refit": true}
{"timestamp": "17:25:30.435610", "frame": 62, "mu": [-1.0699887710101554, 2.4223490043808944, -0.1749551930818077], "Sigma": [[0.010508800856869881, 0.007690679226798461, 0.004796599295727909], [0.007690679226798459, 0.015318388431988334, -0.0019069726947203568], [0.004796599295727908, -0.001906972694720357, 0.05142329361161244]], "chi2_level": 0.95, "chi2_df": 3, "chi2_threshold": 7.814727903251179, "N_raw": 66, "N_roi": 66, "N_inlier": 62, "refit": true}
{"timestamp": "17:25:30.489648", "frame": 63, "mu": [-1.0685112648877668, 2.3629889259380663, 1.464437497408572], "Sigma": [[0.006770587691726578, 0.0004573021046349349, 0.0004058699519348125], [0.00045730210463493487, 0.004791332368121112, -0.005752776757534606], [0.0004058699519348125, -0.005752776757534606, 0.024185702828972602]], "chi2_level": 0.95, "chi2_df": 3, "chi2_threshold": 7.814727903251179, "N_raw": 49, "N_roi": 49, "N_inlier": 45, "refit": true}
{"timestamp": "17:25:30.551248", "frame": 64, "mu": [-1.1343386459705571, 2.3889424862741775, 1.1790781994159596], "Sigma": [[0.011058841774687035, 0.002196413842268231, 0.009070460085296515], [0.002196413842268231, 0.009240719591569581, 0.03523871131496645], [0.009070460085296514, 0.03523871131496645, 0.41760673392154807]], "chi2_level": 0.95, "chi2_df": 3, "chi2_threshold": 7.814727903251179, "N_raw": 100, "N_roi": 100, "N_inlier": 94, "refit": true}
{"timestamp": "17:25:30.600139", "frame": 65, "mu": [-1.1650490693176898, 2.5059921716905214, 1.484182549665671], "Sigma": [[0.009468502560474917, 0.0012124080127568044, -0.0031765516065366834], [0.0012124080127568044, 0.0029392715629969236, -0.006350908018453427], [-0.0031765516065366834, -0.006350908018453427, 0.01610508343229456]], "chi2_level": 0.95, "chi2_df": 3, "chi2_threshold": 7.814727903251179, "N_raw": 53, "N_roi": 50, "N_inlier": 46, "refit": true}
{"timestamp": "17:25:30.658174", "frame": 66, "mu": [-1.1286799994334011, 2.5084019026115, 1.4500162190479562], "Sigma": [[0.008896377906962518, 0.0026993134461793106, -0.010964130796815517], [0.002699313446179311, 0.006222659045422263, -0.01387469839169711], [-0.010964130796815517, -0.01387469839169711, 0.14874085934237483]], "chi2_level": 0.95, "chi2_df": 3, "chi2_threshold": 7.814727903251179, "N_raw": 79, "N_roi": 78, "N_inlier": 75, "refit": true}
{"timestamp": "17:25:30.716356", "frame": 67, "mu": [-1.1241987090803927, 2.5998489621472567, 0.3036491557222155], "Sigma": [[0.012970423119840946, -0.0020729789399049226, 0.05286718972201951], [-0.0020729789399049226, 0.012262412834359861, -0.010374948028363322], [0.05286718972201951, -0.010374948028363324, 0.37323258290158606]], "chi2_level": 0.95, "chi2_df": 3, "chi2_threshold": 7.814727903251179, "N_raw": 99, "N_roi": 99, "N_inlier": 93, "refit": true}
{"timestamp": "17:25:30.772170", "frame": 68, "mu": [-1.1220481974977474, 2.6715408070715414, -0.035534276891709946], "Sigma": [[0.01130431285167295, 0.0013169294092221658, 0.06717597935008572], [0.0013169294092221654, 0.011860610117648832, 0.009791471144739161], [0.06717597935008572, 0.00979147114473916, 0.5796071992777496]], "chi2_level": 0.95, "chi2_df": 3, "chi2_threshold": 7.814727903251179, "N_raw": 100, "N_roi": 100, "N_inlier": 97, "refit": true}
{"timestamp": "17:25:30.829531", "frame": 69, "mu": [-1.1117257804267697, 2.676641040172441, 1.1351036060091566], "Sigma": [[0.013173093350259764, 0.0005127005318619147, 0.007482958678692026], [0.000512700531861915, 0.007114843104595449, -0.030276391231562488], [0.007482958678692026, -0.030276391231562488, 0.18659216248701102]], "chi2_level": 0.95, "chi2_df": 3, "chi2_threshold": 7.814727903251179, "N_raw": 118, "N_roi": 118, "N_inlier": 113, "refit": true}
{"timestamp": "17:25:30.879729", "frame": 70, "mu": [-1.1398236780743944, 2.7246048542329517, 1.0984982832538355], "Sigma": [[0.01692401654037906, -0.002356705123592806, 0.022073119846720324], [-0.002356705123592806, 0.009341315747405392, -0.0399135979665113], [0.022073119846720324, -0.0399135979665113, 0.2346630606201386]], "chi2_level": 0.95, "chi2_df": 3, "chi2_threshold": 7.814727903251179, "N_raw": 82, "N_roi": 82, "N_inlier": 82, "refit": true}
{"timestamp": "17:25:30.929868", "frame": 71, "mu": [-1.2043179339283394, 2.8209141432308193, 0.577780527737983], "Sigma": [[0.012876659954697433, 0.002118321517091477, 0.0020322387025713423], [0.0021183215170914767, 0.0022191954048670567, -0.0076825622545242], [0.002032238702571342, -0.0076825622545242, 0.056485530161463994]], "chi2_level": 0.95, "chi2_df": 3, "chi2_threshold": 7.814727903251179, "N_raw": 46, "N_roi": 45, "N_inlier": 40, "refit": true}
{"timestamp": "17:25:30.990869", "frame": 72, "mu": [-1.0781101236841515, 2.807785337679101, 1.0293673783648534], "Sigma": [[0.019506466394210997, -0.008435718464464899, -0.00020900704003112142], [-0.008435718464464899, 0.018708112630216427, -0.03287095346271729], [-0.00020900704003112228, -0.03287095346271729, 0.0843998023623872]], "chi2_level": 0.95, "chi2_df": 3, "chi2_threshold": 7.814727903251179, "N_raw": 96, "N_roi": 96, "N_inlier": 92, "refit": true}
{"timestamp": "17:25:31.046545", "frame": 73, "mu": [-1.082305718781157, 2.7753315426421405, 1.0880005237929224], "Sigma": [[0.017226263684945526, -0.003617388901760553, 0.005699940541515646], [-0.0036173889017605534, 0.006732887993006534, -0.0185769463329708], [0.005699940541515645, -0.0185769463329708, 0.10963656252537775]], "chi2_level": 0.95, "chi2_df": 3, "chi2_threshold": 7.814727903251179, "N_raw": 97, "N_roi": 97, "N_inlier": 93, "refit": true}
{"timestamp": "17:25:31.094020", "frame": 74, "mu": [-1.0370049142612645, 2.766218733280746, 1.0624517709864538], "Sigma": [[0.025602236277070495, -0.009216432926555444, 0.0070661635635436235], [-0.009216432926555442, 0.006462009710776624, -0.007869594156259799], [0.007066163563543622, -0.007869594156259799, 0.06548107417524889]], "chi2_level": 0.95, "chi2_df": 3, "chi2_threshold": 7.814727903251179, "N_raw": 48, "N_roi": 46, "N_inlier": 42, "refit": true}
{"timestamp": "17:25:31.147852", "frame": 75, "mu": [-1.0219682963015282, 2.8451721158548064, 0.16800223098399175], "Sigma": [[0.011644012921084601, 0.003300535450565554, -0.013795139593822565], [0.003300535450565554, 0.005525787635933167, -0.007842531434792372], [-0.013795139593822565, -0.007842531434792372, 0.02160635877454366]], "chi2_level": 0.95, "chi2_df": 3, "chi2_threshold": 7.814727903251179, "N_raw": 44, "N_roi": 44, "N_inlier": 39, "refit": true}
{"timestamp": "17:25:31.213273", "frame": 76, "mu": [-1.032269283184624, 2.928519212955713, 0.08491008667837902], "Sigma": [[0.019767461403438644, -0.006588540276073624, 0.10951387145926622], [-0.006588540276073623, 0.0175350165177555, -0.03230109526603556], [0.10951387145926621, -0.03230109526603556, 0.7208676599156392]], "chi2_level": 0.95, "chi2_df": 3, "chi2_threshold": 7.814727903251179, "N_raw": 113, "N_roi": 113, "N_inlier": 112, "refit": true}
{"timestamp": "17:25:31.262489", "frame": 77, "mu": [-0.9983393726277063, 2.9185274569624187, 1.289652289605667], "Sigma": [[0.01698468036237013, 6.87732026601201e-05, 0.018770768939260624], [6.877320266012023e-05, 0.0036303945216141676, -0.007212029519179965], [0.018770768939260624, -0.007212029519179965, 0.10603855001642212]], "chi2_level": 0.95, "chi2_df": 3, "chi2_threshold": 7.814727903251179, "N_raw": 65, "N_roi": 61, "N_inlier": 60, "refit": true}
{"timestamp": "17:25:31.317756", "frame": 78, "mu": [-0.9783860172035553, 3.0022708134795, 1.2393561216371187], "Sigma": [[0.01740406701905981, -0.00028236787151852613, 0.008457357874021042], [-0.000282367871518526, 0.0035928660802546425, -0.012467220012720623], [0.008457357874021042, -0.012467220012720624, 0.06628232440987117]], "chi2_level": 0.95, "chi2_df": 3, "chi2_threshold": 7.814727903251179, "N_raw": 79, "N_roi": 78, "N_inlier": 74, "refit": true}
{"timestamp": "17:25:31.375659", "frame": 79, "mu": [-0.9571271641854306, 3.1113688915605495, 0.08888913414772345], "Sigma": [[0.022302117426572815, -0.005179056423639037, 0.0943027355347971], [-0.005179056423639037, 0.017771129747285563, -0.02313533608529955], [0.0943027355347971, -0.02313533608529955, 0.5007531588254267]], "chi2_level": 0.95, "chi2_df": 3, "chi2_threshold": 7.814727903251179, "N_raw": 91, "N_roi": 87, "N_inlier": 84, "refit": true}
{"timestamp": "17:25:31.431104", "frame": 80, "mu": [-1.0164188195676058, 3.1002247443694606, 0.9813002013314885], "Sigma": [[0.028196262737589396, -0.0018689212359764846, 0.0444464856334348], [-0.0018689212359764844, 0.003345523415811189, -0.02104425015577076], [0.0444464856334348, -0.021044250155770765, 0.204258127039926]], "chi2_level": 0.95, "chi2_df": 3, "chi2_threshold": 7.814727903251179, "N_raw": 87, "N_roi": 85, "N_inlier": 83, "refit": true}
{"timestamp": "17:25:31.487092", "frame": 81, "mu": [-0.9363218053555854, 3.2012851048827136, -0.1576616464759588], "Sigma": [[0.0390821404064996, -0.014094034276915818, 0.08786705003116041], [-0.014094034276915818, 0.03584577614658739, -0.05896163239210557], [0.08786705003116041, -0.05896163239210557, 0.2981112314372069]], "chi2_level": 0.95, "chi2_df": 3, "chi2_threshold": 7.814727903251179, "N_raw": 103, "N_roi": 102, "N_inlier": 100, "refit": true}
{"timestamp": "17:25:31.535339", "frame": 82, "mu": [-0.8023944443792886, 3.083576480323878, 1.3638362567561837], "Sigma": [[0.012636974008623564, 0.0005004812961573767, -0.003250679287866702], [0.0005004812961573766, 0.0018484955420892566, -0.005556038859984221], [-0.003250679287866702, -0.005556038859984221, 0.021687834649785673]], "chi2_level": 0.95, "chi2_df": 3, "chi2_threshold": 7.814727903251179, "N_raw": 54, "N_roi": 52, "N_inlier": 49, "refit": true}
{"timestamp": "17:25:31.584870", "frame": 83, "mu": [-0.7554598083954007, 3.11649859093067, 1.5565713533969074], "Sigma": [[0.005809310254965815, 0.00022313289010436014, -0.002308629655012732], [0.00022313289010436003, 0.003213240005173708, -0.002443598628027214], [-0.002308629655012732, -0.002443598628027214, 0.009166402688515091]], "chi2_level": 0.95, "chi2_df": 3, "chi2_threshold": 7.814727903251179, "N_raw": 18, "N_roi": 18, "N_inlier": 15, "refit": true}
{"timestamp": "17:25:31.643278", "frame": 84, "mu": [-0.8030337078767062, 3.199966527864014, 1.0414525504437584], "Sigma": [[0.013242160240263834, 0.0013617602312727007, 0.010961600327331886], [0.0013617602312727007, 0.003645574154363198, -0.005279431677121771], [0.010961600327331886, -0.005279431677121771, 0.18648161489362933]], "chi2_level": 0.95, "chi2_df": 3, "chi2_threshold": 7.814727903251179, "N_raw": 51, "N_roi": 48, "N_inlier": 47, "refit": true}
{"timestamp": "17:25:31.699673", "frame": 85, "mu": [-0.7578946251134084, 3.2167222651105534, 0.3277249832905933], "Sigma": [[0.01349820447795529, 0.0017142192076473426, -0.005123488326475425], [0.0017142192076473424, 0.006200248185259332, -0.0038273936608379166], [-0.005123488326475424, -0.0038273936608379166, 0.004496246620508924]], "chi2_level": 0.95, "chi2_df": 3, "chi2_threshold": 7.814727903251179, "N_raw": 57, "N_roi": 55, "N_inlier": 51, "refit": true}
{"timestamp": "17:25:31.755666", "frame": 86, "mu": [-0.7312952249681715, 3.26936766642774, 1.050281815308934], "Sigma": [[0.010537415579318135, -0.0012382611641501722, 0.013327624462344043], [-0.0012382611641501722, 0.004897880510148462, -0.018831087094532822], [0.013327624462344045, -0.018831087094532826, 0.4045153368668311]], "chi2_level": 0.95, "chi2_df": 3, "chi2_threshold": 7.814727903251179, "N_raw": 61, "N_roi": 61, "N_inlier": 58, "refit": true}
