{"timestamp": "17:09:36.291026", "frame": 1, "mu": [1.7991259821542362, 1.079670907348026, 1.3411222023531422], "Sigma": [[0.004661562004067457, -0.0037210043021868337, 0.0025191579971315585], [-0.0037210043021868337, 0.007992440348235277, -0.011879136690846377], [0.0025191579971315585, -0.011879136690846375, 0.03705166590596369]], "chi2_level": 0.95, "chi2_df": 3, "chi2_threshold": 7.814727903251179, "N_raw": 33, "N_roi": 33, "N_inlier": 32, "refit": true}
{"timestamp": "17:09:36.346258", "frame": 2, "mu": [1.8100239035579677, 1.0243509521288863, 1.389624126790191], "Sigma": [[0.0042793173809848074, -0.002359192858854907, -0.0015753531411634753], [-0.002359192858854907, 0.008705946991037205, -0.0007304634691242661], [-0.0015753531411634753, -0.0007304634691242663, 0.005643432937663036]], "chi2_level": 0.95, "chi2_df": 3, "chi2_threshold": 7.814727903251179, "N_raw": 30, "N_roi": 30, "N_inlier": 28, "refit": true}
{"timestamp": "17:09:36.401388", "frame": 3, "mu": [1.7359474087342603, 1.0124938885353125, 1.3070566026262156], "Sigma": [[0.003226916870961108, -0.0018815245150758317, -0.0015972245699759423], [-0.0018815245150758317, 0.004759156236541527, -0.004446580806654391], [-0.0015972245699759423, -0.00444658080665439, 0.020258874169592343]], "chi2_level": 0.95, "chi2_df": 3, "chi2_threshold": 7.814727903251179, "N_raw": 27, "N_roi": 27, "N_inlier": 25, "refit": true}
{"timestamp": "17:09:36.457125", "frame": 4, "mu": [1.7011767301578153, 1.0166528020837404, 1.3651694735009965], "Sigma": [[0.005377048935619082, -0.0024382299812208117, -0.0025993754411441903], [-0.002438229981220812, 0.007119321595965537, -0.003196986037188527], [-0.0025993754411441907, -0.003196986037188527, 0.005383527387223054]], "chi2_level": 0.95, "chi2_df": 3, "chi2_threshold": 7.814727903251179, "N_raw": 38, "N_roi": 38, "N_inlier": 36, "refit": true}
{"timestamp": "17:09:36.511641", "frame": 5, "mu": [1.6112388602535677, 0.9873030898618884, 1.4371089136636084], "Sigma": [[0.003592989521475688, -0.0019250288301995056, -0.002160930023158954], [-0.0019250288301995056, 0.006210594790583183, 0.0038462262944148665], [-0.0021609300231589536, 0.003846226294414866, 0.049815464253588834]], "chi2_level": 0.95, "chi2_df": 3, "chi2_threshold": 7.814727903251179, "N_raw": 28, "N_roi": 28, "N_inlier": 26, "refit": true}
{"timestamp": "17:09:36.563409", "frame": 6, "mu": [1.5181598740523425, 1.1466633638928725, -0.6982568870272112], "Sigma": [[0.0018885464370143952, 0.002109845339613977, -0.004371144607664737], [0.002109845339613977, 0.01350979068759967, -0.013295570011062366], [-0.004371144607664737, -0.013295570011062366, 0.09834166696951287]], "chi2_level": 0.95, "chi2_df": 3, "chi2_threshold": 7.814727903251179, "N_raw": 8, "N_roi": 8, "N_inlier": 8, "refit": true}
{"timestamp": "17:09:36.624079", "frame": 7, "mu": [1.5017364680490077, 0.9724464798285388, 1.3830699867637377], "Sigma": [[0.006503652729366651, -0.0029311816219794564, 0.0041378153477688], [-0.0029311816219794564, 0.005057456383083912, -0.008979937814839224], [0.004137815347768801, -0.008979937814839224, 0.07097516714966966]], "chi2_level": 0.95, "chi2_df": 3, "chi2_threshold": 7.814727903251179, "N_raw": 41, "N_roi": 41, "N_inlier": 40, "refit": true}
{"timestamp": "17:09:36.674512", "frame": 8, "mu": [1.4301612422293017, 0.9237750176168309, 1.145088703228061], "Sigma": [[0.0009267290699861286, 0.0009931790220143576, -0.004683518707592057], [0.0009931790220143576, 0.007628163792641433, 0.001498991357644328], [-0.004683518707592056, 0.001498991357644328, 0.0642667794020842]], "chi2_level": 0.95, "chi2_df": 3, "chi2_threshold": 7.814727903251179, "N_raw": 8, "N_roi": 8, "N_inlier": 8, "refit": true}
{"timestamp": "17:09:36.731853", "frame": 9, "mu": [1.376603636252028, 0.9582520862244469, 1.4881871381742178], "Sigma": [[0.004961856641185016, -0.0007220328117113843, -0.003399322434185133], [-0.0007220328117113843, 0.0036728959519325838, 0.0053530636015951425], [-0.003399322434185133, 0.0053530636015951425, 0.044951173116842935]], "chi2_level": 0.95, "chi2_df": 3, "chi2_threshold": 7.814727903251179, "N_raw": 36, "N_roi": 36, "N_inlier": 34, "refit": true}
{"timestamp": "17:09:36.792785", "frame": 10, "mu": [1.2946298192892498, 0.9538978345646334, 1.1233655490172076], "Sigma": [[0.0073825758699168935, -0.005993715880934446, 0.008045177887794885], [-0.005993715880934446, 0.01026384256740521, -0.01649260286279152], [0.008045177887794883, -0.01649260286279152, 0.04310188370025335]], "chi2_level": 0.95, "chi2_df": 3, "chi2_threshold": 7.814727903251179, "N_raw": 79, "N_roi": 79, "N_inlier": 77, "refit": true}
{"timestamp": "17:09:36.849543", "frame": 11, "mu": [1.240814648530113, 0.9720293031428466, 1.2992332430830285], "Sigma": [[0.008710132543486484, -0.004508649499565701, 0.0008316138528591577], [-0.004508649499565702, 0.004438751491734058, -0.006164436787886133], [0.0008316138528591576, -0.006164436787886133, 0.03130435817676642]], "chi2_level": 0.95, "chi2_df": 3, "chi2_threshold": 7.814727903251179, "N_raw": 83, "N_roi": 83, "N_inlier": 82, "refit": true}
{"timestamp": "17:09:36.903965", "frame": 12, "mu": [1.0379144359846948, 1.030893793626612, 1.1673439170286244], "Sigma": [[0.015488361165680468, -0.005644230525805325, 0.01924765568719318], [-0.005644230525805325, 0.005210769057747553, -0.009658327005232378], [0.01924765568719318, -0.00965832700523238, 0.08878060555776005]], "chi2_level": 0.95, "chi2_df": 3, "chi2_threshold": 7.814727903251179, "N_raw": 78, "N_roi": 78, "N_inlier": 76, "refit": true}
{"timestamp": "17:09:36.953745", "frame": 13, "mu": [1.0624517723351183, 0.9446161284942772, 1.4383299484527472], "Sigma": [[0.015863533005471855, -0.014137101615526754, -0.013414480869195201], [-0.014137101615526754, 0.013786074917161956, 0.010576174534144058], [-0.013414480869195201, 0.010576174534144056, 0.02150501442279374]], "chi2_level": 0.95, "chi2_df": 3, "chi2_threshold": 7.814727903251179, "N_raw": 40, "N_roi": 40, "N_inlier": 36, "refit": true}
{"timestamp": "17:09:37.006965", "frame": 14, "mu": [1.0244389385828039, 0.9430035436037653, 1.370972152997358], "Sigma": [[0.00754242017863548, -0.005096478107962619, -0.00537276847679569], [-0.005096478107962618, 0.004391537784718169, 0.002096836716040073], [-0.00537276847679569, 0.002096836716040072, 0.029000954879646185]], "chi2_level": 0.95, "chi2_df": 3, "chi2_threshold": 7.814727903251179, "N_raw": 34, "N_roi": 34, "N_inlier": 31, "refit": true}
{"timestamp": "17:09:37.063293", "frame": 15, "mu": [0.9261824558699832, 0.937982753931397, 1.3519092363403298], "Sigma": [[0.004726346229872138, -0.0028423390868828227, -0.0027449859439159967], [-0.0028423390868828223, 0.004063542907619031, -0.003354672157119842], [-0.0027449859439159967, -0.003354672157119841, 0.026643317694940473]], "chi2_level": 0.95, "chi2_df": 3, "chi2_threshold": 7.814727903251179, "N_raw": 37, "N_roi": 37, "N_inlier": 34, "refit": true}
{"timestamp": "17:09:37.119846", "frame": 16, "mu": [0.8572655577439903, 0.930771790646982, 1.307931322870551], "Sigma": [[0.0074546301774228016, -0.007042936304889953, 0.005866756435331389], [-0.007042936304889953, 0.010114785905021738, -0.011270369130803579], [0.005866756435331389, -0.011270369130803579, 0.026629726073406752]], "chi2_level": 0.95, "chi2_df": 3, "chi2_threshold": 7.814727903251179, "N_raw": 53, "N_roi": 53, "N_inlier": 52, "refit": true}
{"timestamp": "17:09:37.174372", "frame": 17, "mu": [0.8119943959210753, 1.0317565696978024, -0.37884799750342063], "Sigma": [[0.0030435870071105564, -0.0008358235456268703, -0.0033414681667582897], [-0.0008358235456268704, 0.005874662908467468, -0.005545066024652793], [-0.0033414681667582897, -0.005545066024652792, 0.01297772080501585]], "chi2_level": 0.95, "chi2_df": 3, "chi2_threshold": 7.814727903251179, "N_raw": 46, "N_roi": 46, "N_inlier": 42, "refit": true}
{"timestamp": "17:09:37.228097", "frame": 18, "mu": [0.75835722316378, 1.038164618500166, 1.158417149365219], "Sigma": [[0.0037922796835805905, -0.0031806554205680614, 0.004928385009217795], [-0.0031806554205680614, 0.0039236386209907095, -0.00824354596531076], [0.004928385009217796, -0.00824354596531076, 0.03287106860116573]], "chi2_level": 0.95, "chi2_df": 3, "chi2_threshold": 7.814727903251179, "N_raw": 41, "N_roi": 41, "N_inlier": 38, "refit": true}
{"timestamp": "17:09:37.288322", "frame": 19, "mu": [0.6877162538558874, 1.000094537608089, -0.4577686724808937], "Sigma": [[0.005094578562457653, 0.00031997590620459304, 0.012163987332600077], [0.00031997590620459326, 0.00773378325273203, -0.004088558350225449], [0.012163987332600074, -0.004088558350225448, 0.1363108326844407]], "chi2_level": 0.95, "chi2_df": 3, "chi2_threshold": 7.814727903251179, "N_raw": 75, "N_roi": 75, "N_inlier": 68, "refit": true}
{"timestamp": "17:09:37.343321", "frame": 20, "mu": [0.6581478319710522, 0.9494035844230748, -0.30182849303928], "Sigma": [[0.005073278742697495, 0.001318314088168131, -0.004547992738051872], [0.0013183140881681311, 0.006092730982258435, 0.00031503271886759666], [-0.004547992738051872, 0.00031503271886759666, 0.005518786994623649]], "chi2_level": 0.95, "chi2_df": 3, "chi2_threshold": 7.814727903251179, "N_raw": 77, "N_roi": 76, "N_inlier": 65, "refit": true}
{"timestamp": "17:09:37.400567", "frame": 21, "mu": [0.5603038969206491, 0.9481999564581428, 0.11699067940472649], "Sigma": [[0.004834977114433147, -0.0005232088257091493, 0.024706791581435995], [-0.0005232088257091494, 0.011601258595114312, -0.04677579233149537], [0.024706791581436, -0.04677579233149537, 0.4712410590943628]], "chi2_level": 0.95, "chi2_df": 3, "chi2_threshold": 7.814727903251179, "N_raw": 86, "N_roi": 83, "N_inlier": 77, "refit": true}
{"timestamp": "17:09:37.456316", "frame": 22, "mu": [0.511755188148929, 0.8851513244619328, 1.5253908625052142], "Sigma": [[0.004467721121829752, -4.596345615730203e-05, -0.0025645457400315648], [-4.596345615730192e-05, 0.006347184200486089, -0.0015468363061395124], [-0.0025645457400315648, -0.0015468363061395124, 0.002424937974095045]], "chi2_level": 0.95, "chi2_df": 3, "chi2_threshold": 7.814727903251179, "N_raw": 88, "N_roi": 88, "N_inlier": 81, "refit": true}
{"timestamp": "17:09:37.506731", "frame": 23, "mu": [0.4944188856275281, 0.9606313360836352, -0.17316593756404258], "Sigma": [[0.005222945211519668, 0.0006691182099545404, -0.001711060040667163], [0.0006691182099545403, 0.003938253026197131, -0.002333683984297834], [-0.001711060040667163, -0.002333683984297834, 0.00192423123515017]], "chi2_level": 0.95, "chi2_df": 3, "chi2_threshold": 7.814727903251179, "N_raw": 62, "N_roi": 62, "N_inlier": 56, "refit": true}
{"timestamp": "17:09:37.560244", "frame": 24, "mu": [0.32259294121547233, 0.9200455708706563, 1.496045152832001], "Sigma": [[0.0023790314370768276, 0.0009521532307645692, -0.001361527092076252], [0.0009521532307645692, 0.001670164671200039, -0.0021107612745534634], [-0.001361527092076252, -0.0021107612745534634, 0.0030843061408303064]], "chi2_level": 0.95, "chi2_df": 3, "chi2_threshold": 7.814727903251179, "N_raw": 52, "N_roi": 52, "N_inlier": 45, "refit": true}
{"timestamp": "17:09:37.624546", "frame": 25, "mu": [0.1371257139698173, 0.9302105185227848, 1.3483205492514396], "Sigma": [[0.05219848147848631, 0.014283390828992448, 0.04787594847254227], [0.014283390828992451, 0.007051286493678297, 0.014838572777987792], [0.04787594847254228, 0.014838572777987794, 0.06353803921953419]], "chi2_level": 0.95, "chi2_df": 3, "chi2_threshold": 7.814727903251179, "N_raw": 117, "N_roi": 117, "N_inlier": 112, "refit": true}
{"timestamp": "17:09:37.675837", "frame": 26, "mu": [0.23398426304409609, 0.9775437317349345, 0.18748504953730022], "Sigma": [[0.005673135335501141, -5.0848296293826834e-05, 0.04646684950736517], [-5.084829629382675e-05, 0.005272364732686553, -0.01673265017626455], [0.04646684950736517, -0.01673265017626455, 0.5948759794472415]], "chi2_level": 0.95, "chi2_df": 3, "chi2_threshold": 7.814727903251179, "N_raw": 88, "N_roi": 88, "N_inlier": 82, "refit": true}
{"timestamp": "17:09:37.723321", "frame": 27, "mu": [0.18581912735373277, 0.9309169529123724, 1.6310124476202223], "Sigma": [[0.001623899106904702, 0.0004279154589482036, -0.0007880513188406857], [0.0004279154589482035, 0.0023062142481043504, -0.0008146322156505712], [-0.0007880513188406857, -0.0008146322156505712, 0.0006512618138783535]], "chi2_level": 0.95, "chi2_df": 3, "chi2_threshold": 7.814727903251179, "N_raw": 43, "N_roi": 43, "N_inlier": 38, "refit": true}
{"timestamp": "17:09:37.780365", "frame": 28, "mu": [0.03053331507198403, 0.974542313628679, 1.6132693495112902], "Sigma": [[0.005832544342567487, -0.003418168799419705, 0.0005537758612667756], [-0.003418168799419705, 0.004328136541166253, -0.0010031060820072627], [0.0005537758612667756, -0.0010031060820072627, 0.0005115659867314683]], "chi2_level": 0.95, "chi2_df": 3, "chi2_threshold": 7.814727903251179, "N_raw": 61, "N_roi": 59, "N_inlier": 57, "refit": true}
{"timestamp": "17:09:37.836322", "frame": 29, "mu": [-0.04481904920211657, 0.9849099556903265, 1.4826909961088919], "Sigma": [[0.005934749459116648, -0.00207582430884153, 0.013349485802310764], [-0.0020758243088415305, 0.0033313428256383894, -0.006965156842099094], [0.013349485802310764, -0.006965156842099094, 0.052216348709430815]], "chi2_level": 0.95, "chi2_df": 3, "chi2_threshold": 7.814727903251179, "N_raw": 65, "N_roi": 65, "N_inlier": 57, "refit": true}
{"timestamp": "17:09:37.897387", "frame": 30, "mu": [-0.11466599422452035, 1.008117521378012, 1.488818177934651], "Sigma": [[0.011458483982285907, -0.003313179885441388, 0.014657517034827252], [-0.0033131798854413885, 0.003409859559582373, -0.005240081097194675], [0.01465751703482725, -0.005240081097194675, 0.04585355638556705]], "chi2_level": 0.95, "chi2_df": 3, "chi2_threshold": 7.814727903251179, "N_raw": 106, "N_roi": 106, "N_inlier": 103, "refit": true}
{"timestamp": "17:09:37.948359", "frame": 31, "mu": [-0.20499594794233586, 1.017126547027103, 1.5392566991806782], "Sigma": [[0.010219553539675194, -0.003345730988465948, 0.009271997012780229], [-0.0033457309884659483, 0.0031686965933257474, -0.0031474037962533003], [0.009271997012780227, -0.0031474037962533003, 0.023415397526000678]], "chi2_level": 0.95, "chi2_df": 3, "chi2_threshold": 7.814727903251179, "N_raw": 82, "N_roi": 82, "N_inlier": 75, "refit": true}
{"timestamp": "17:09:38.000750", "frame": 32, "mu": [-0.248867662405936, 0.9880314404619441, 1.5396575394877303], "Sigma": [[0.002355206564164164, -0.0011247771020329498, -0.0020525039141796693], [-0.0011247771020329498, 0.0015855202682630487, -0.0012455934628455123], [-0.0020525039141796693, -0.001245593462845512, 0.017079065979838437]], "chi2_level": 0.95, "chi2_df": 3, "chi2_threshold": 7.814727903251179, "N_raw": 58, "N_roi": 58, "N_inlier": 54, "refit": true}
{"timestamp": "17:09:38.057508", "frame": 33, "mu": [-0.32487366712810617, 0.976974424300469, 1.589497194522199], "Sigma": [[0.0025465823395682055, -0.0008320672024384897, -0.00019893853209001773], [-0.0008320672024384898, 0.0033459757107987724, -0.002263821141603159], [-0.00019893853209001773, -0.0022638211416031585, 0.0019949223622948665]], "chi2_level": 0.95, "chi2_df": 3, "chi2_threshold": 7.814727903251179, "N_raw": 66, "N_roi": 64, "N_inlier": 58, "refit": true}
{"timestamp": "17:09:38.111736", "frame": 34, "mu": [-0.39832238894309635, 1.009887499831543, -0.33931113246003125], "Sigma": [[0.00311523366300351, 0.0004302311672907793, 0.005388740214533034], [0.0004302311672907794, 0.004414856222732978, 0.0014808363961925062], [0.005388740214533034, 0.0014808363961925065, 0.03616783362074419]], "chi2_level": 0.95, "chi2_df": 3, "chi2_threshold": 7.814727903251179, "N_raw": 65, "N_roi": 65, "N_inlier": 62, "refit": true}
{"timestamp": "17:09:38.169551", "frame": 35, "mu": [-0.5453951979933487, 0.9260617049314233, 1.6462286788187417], "Sigma": [[0.004077249034595806, -0.000995980313283974, 0.0014447258952922858], [-0.000995980313283974, 0.0032239957474884382, -0.002536975266515184], [0.0014447258952922856, -0.002536975266515184, 0.005046399896051739]], "chi2_level": 0.95, "chi2_df": 3, "chi2_threshold": 7.814727903251179, "N_raw": 74, "N_roi": 74, "N_inlier": 65, "refit": true}
{"timestamp": "17:09:38.233716", "frame": 36, "mu": [-0.5562167932848245, 0.9620839929895686, 1.3766622498764702], "Sigma": [[0.0065685383697403, -0.001958086995656692, -0.008546435853892677], [-0.001958086995656692, 0.005771678161584194, -0.014908646194943455], [-0.008546435853892677, -0.014908646194943457, 0.22616342545333254]], "chi2_level": 0.95, "chi2_df": 3, "chi2_threshold": 7.814727903251179, "N_raw": 143, "N_roi": 143, "N_inlier": 128, "refit": true}
{"timestamp": "17:09:38.284355", "frame": 37, "mu": [-0.7367657231057251, 0.9016584154494626, 1.5802315530209035], "Sigma": [[0.023658637809774063, 0.005136175581371599, -0.04110118354366135], [0.0051361755813716, 0.01061350229473045, 0.0025439008386973143], [-0.04110118354366135, 0.0025439008386973143, 0.14508149700637438]], "chi2_level": 0.95, "chi2_df": 3, "chi2_threshold": 7.814727903251179, "N_raw": 115, "N_roi": 115, "N_inlier": 110, "refit": true}
{"timestamp": "17:09:38.338584", "frame": 38, "mu": [-0.8550179277532682, 0.9062008429932694, 1.8241930089957383], "Sigma": [[0.02595364081720041, 0.011405322836227378, -0.01614206547687902], [0.011405322836227378, 0.013029653545004622, -0.00946252162218824], [-0.016142065476879023, -0.00946252162218824, 0.011294524865400639]], "chi2_level": 0.95, "chi2_df": 3, "chi2_threshold": 7.814727903251179, "N_raw": 104, "N_roi": 104, "N_inlier": 99, "refit": true}
{"timestamp": "17:09:38.396496", "frame": 39, "mu": [-0.903411450818734, 0.9273316925881392, -0.18471390761571876], "Sigma": [[0.03717094295741869, 0.027538318640527925, -0.028952245457764647], [0.027538318640527925, 0.026581144552146836, -0.02990517475974212], [-0.028952245457764647, -0.02990517475974212, 0.10305743795735785]], "chi2_level": 0.95, "chi2_df": 3, "chi2_threshold": 7.814727903251179, "N_raw": 119, "N_roi": 119, "N_inlier": 117, "refit": true}
{"timestamp": "17:09:38.449972", "frame": 40, "mu": [-1.0033234358005632, 0.9071629673652741, 0.5785488011736005], "Sigma": [[0.018634513914523337, 0.010113436302308829, 0.09654260432634176], [0.01011343630230883, 0.011338401503675136, 0.07306241548162071], [0.09654260432634176, 0.07306241548162072, 0.8713483849284765]], "chi2_level": 0.95, "chi2_df": 3, "chi2_threshold": 7.814727903251179, "N_raw": 119, "N_roi": 119, "N_inlier": 114, "refit": true}
{"timestamp": "17:09:38.501445", "frame": 41, "mu": [-1.0459009508237314, 0.9373450290788307, 0.08425363615477997], "Sigma": [[0.014637643532780928, 0.00928714877086019, -0.0011122384283461118], [0.00928714877086019, 0.014098871675362881, -0.001707894041779795], [-0.0011122384283461116, -0.001707894041779795, 0.016489183479492076]], "chi2_level": 0.95, "chi2_df": 3, "chi2_threshold": 7.814727903251179, "N_raw": 98, "N_roi": 98, "N_inlier": 88, "refit": true}
{"timestamp": "17:09:38.558734", "frame": 42, "mu": [-1.1154529865911968, 0.9128144554294155, 1.6367534678812836], "Sigma": [[0.019962346932810578, 0.012173382901520348, -0.00290546863419216], [0.012173382901520348, 0.013174517496614727, -0.00768311192469908], [-0.0029054686341921593, -0.00768311192469908, 0.01195344694640823]], "chi2_level": 0.95, "chi2_df": 3, "chi2_threshold": 7.814727903251179, "N_raw": 109, "N_roi": 109, "N_inlier": 104, "refit": true}
{"timestamp": "17:09:38.610499", "frame": 43, "mu": [-1.161767930844882, 1.004230490917428, -0.023278162390375046], "Sigma": [[0.017486775598046234, 0.011640712941929306, 0.002616044618685003], [0.011640712941929306, 0.013788549146037466, -0.0025116871066695433], [0.002616044618685002, -0.002511687106669544, 0.010081061612349838]], "chi2_level": 0.95, "chi2_df": 3, "chi2_threshold": 7.814727903251179, "N_raw": 89, "N_roi": 89, "N_inlier": 83, "refit": true}
{"timestamp": "17:09:38.668664", "frame": 44, "mu": [-1.1775587769569975, 1.0293400282926477, 1.6395491511100508], "Sigma": [[0.015206551144750497, 0.008353162797757226, -0.01768839221754242], [0.008353162797757226, 0.010974730252955327, -0.01532132670465538], [-0.01768839221754242, -0.01532132670465538, 0.1233467830282825]], "chi2_level": 0.95, "chi2_df": 3, "chi2_threshold": 7.814727903251179, "N_raw": 110, "N_roi": 110, "N_inlier": 103, "refit": true}
{"timestamp": "17:09:38.729286", "frame": 45, "mu": [-1.2230078000438511, 1.1539090418823585, -0.29913510972690543], "Sigma": [[0.017429133976756283, 0.016029935905759123, -0.016817371625224325], [0.01602993590575912, 0.049016823573801854, -0.08842157470455471], [-0.016817371625224325, -0.08842157470455471, 0.3309016847189378]], "chi2_level": 0.95, "chi2_df": 3, "chi2_threshold": 7.814727903251179, "N_raw": 150, "N_roi": 150, "N_inlier": 148, "refit": true}
{"timestamp": "17:09:38.782320", "frame": 46, "mu": [-1.2839464638835305, 1.1146236659215671, 1.6499452785774429], "Sigma": [[0.01611215977839313, 0.00883573053042611, -0.012087486750637168], [0.00883573053042611, 0.01556782353259443, -0.031176650877465448], [-0.012087486750637168, -0.031176650877465455, 0.26549975905538525]], "chi2_level": 0.95, "chi2_df": 3, "chi2_threshold": 7.814727903251179, "N_raw": 132, "N_roi": 132, "N_inlier": 126, "refit": true}
{"timestamp": "17:09:38.837086", "frame": 47, "mu": [-1.3597408760676084, 1.0920186026267582, 1.9154621918669972], "Sigma": [[0.020333318227937894, 0.010962404605622637, -0.012413122555015517], [0.010962404605622637, 0.02274341307908343, -0.016081020013980544], [-0.012413122555015517, -0.01608102001398054, 0.018809762545802917]], "chi2_level": 0.95, "chi2_df": 3, "chi2_threshold": 7.814727903251179, "N_raw": 134, "N_roi": 134, "N_inlier": 128, "refit": true}
{"timestamp": "17:09:38.886137", "frame": 48, "mu": [-1.453344375080275, 1.0831414065303286, 2.0040356364537097], "Sigma": [[0.017551299726194132, 0.010347737715824364, -0.005134976806524198], [0.010347737715824364, 0.019341760186038438, -0.01190237953596402], [-0.005134976806524198, -0.011902379535964023, 0.00925438382570179]], "chi2_level": 0.95, "chi2_df": 3, "chi2_threshold": 7.814727903251179, "N_raw": 94, "N_roi": 94, "N_inlier": 89, "refit": true}
{"timestamp": "17:09:38.939567", "frame": 49, "mu": [-1.4694819104050347, 1.1838489482917944, 1.8107586322239888], "Sigma": [[0.015429086385752624, 0.009510000202439299, -0.006287567164760132], [0.009510000202439297, 0.014669500154845397, -0.012720615838510047], [-0.0062875671647601335, -0.012720615838510049, 0.01306538032902929]], "chi2_level": 0.95, "chi2_df": 3, "chi2_threshold": 7.814727903251179, "N_raw": 86, "N_roi": 86, "N_inlier": 83, "refit": true}
{"timestamp": "17:09:39.002858", "frame": 50, "mu": [-1.5746632465531774, 1.2265125265206451, 1.689292612455654], "Sigma": [[0.020854273495890613, 0.013848568744528215, 0.017449098835185632], [0.013848568744528215, 0.01768710767557083, -0.002801988207461368], [0.017449098835185632, -0.0028019882074613676, 0.07825385189803682]], "chi2_level": 0.95, "chi2_df": 3, "chi2_threshold": 7.814727903251179, "N_raw": 130, "N_roi": 130, "N_inlier": 121, "refit": true}
{"timestamp": "17:09:39.050306", "frame": 51, "mu": [-1.5247220832690775, 1.269143301503575, 1.8876875720932575], "Sigma": [[0.014373552050702813, 0.010906448516381874, -0.00984569112406895], [0.010906448516381874, 0.01813379857959758, -0.017930163758606954], [-0.00984569112406895, -0.017930163758606954, 0.03396678910657046]], "chi2_level": 0.95, "chi2_df": 3, "chi2_threshold": 7.814727903251179, "N_raw": 83, "N_roi": 83, "N_inlier": 76, "refit": true}
{"timestamp": "17:09:39.108008", "frame": 52, "mu": [-1.638974307914228, 1.3210145437859482, 1.784294558247255], "Sigma": [[0.01810721178695899, 0.011946694303927294, -0.008736490380717775], [0.011946694303927294, 0.02121800015655792, -0.019102850421718245], [-0.008736490380717775, -0.01910285042171824, 0.019268343977267864]], "chi2_level": 0.95, "chi2_df": 3, "chi2_threshold": 7.814727903251179, "N_raw": 110, "N_roi": 110, "N_inlier": 106, "refit": true}
{"timestamp": "17:09:39.163077", "frame": 53, "mu": [-1.681320187265814, 1.3800621380215083, 1.8206088719720994], "Sigma": [[0.012150922064094481, 0.012816477134994494, -0.017426784384780836], [0.012816477134994498, 0.031319485997404584, -0.04844944291520501], [-0.017426784384780836, -0.04844944291520501, 0.10002443717481424]], "chi2_level": 0.95, "chi2_df": 3, "chi2_threshold": 7.814727903251179, "N_raw": 105, "N_roi": 105, "N_inlier": 100, "refit": true}
{"timestamp": "17:09:39.217814", "frame": 54, "mu": [-1.6652300924801424, 1.4515813950845524, 0.20965519883340625], "Sigma": [[0.017439461271295253, 0.015370845871356778, -0.008267446587193122], [0.01537084587135678, 0.03213828872574912, -0.011038243905043117], [-0.008267446587193122, -0.011038243905043117, 0.008570156047726221]], "chi2_level": 0.95, "chi2_df": 3, "chi2_threshold": 7.814727903251179, "N_raw": 109, "N_roi": 109, "N_inlier": 103, "refit": true}
{"timestamp": "17:09:39.274001", "frame": 55, "mu": [-1.6918941481024685, 1.5146212293448613, 1.8102495248837074], "Sigma": [[0.02359775014997882, 0.01900026449484262, -0.021258379550973608], [0.01900026449484262, 0.02816375187124668, -0.022430603056440943], [-0.021258379550973608, -0.022430603056440943, 0.023472780595916377]], "chi2_level": 0.95, "chi2_df": 3, "chi2_threshold": 7.814727903251179, "N_raw": 113, "N_roi": 113, "N_inlier": 105, "refit": true}
{"timestamp": "17:09:39.328094", "frame": 56, "mu": [-1.700838159377037, 1.6228672685661731, 1.670684076824589], "Sigma": [[0.01798964489301709, 0.012535607230705875, -0.006611461762117025], [0.012535607230705874, 0.015187983275332552, -0.022285697913620256], [-0.006611461762117025, -0.022285697913620256, 0.070974756174023]], "chi2_level": 0.95, "chi2_df": 3, "chi2_threshold": 7.814727903251179, "N_raw": 97, "N_roi": 97, "N_inlier": 90, "refit": true}
{"timestamp": "17:09:39.380010", "frame": 57, "mu": [-1.7460620576444823, 1.6544352821902009, 1.7693542553335442], "Sigma": [[0.019911273080179388, 0.014458775392405074, -0.015293272704078811], [0.014458775392405074, 0.019032041667331107, -0.017730367665881153], [-0.015293272704078813, -0.017730367665881156, 0.019958332085639578]], "chi2_level": 0.95, "chi2_df": 3, "chi2_threshold": 7.814727903251179, "N_raw": 84, "N_roi": 84, "N_inlier": 81, "refit": true}
{"timestamp": "17:09:39.435813", "frame": 58, "mu": [-1.892674984484465, 1.6204539558235027, 1.8349081402678729], "Sigma": [[0.037467232865156845, 0.024995063047169815, -0.01884859992186856], [0.024995063047169815, 0.024279078705726105, -0.019709426878], [-0.01884859992186856, -0.019709426878, 0.024565003106474435]], "chi2_level": 0.95, "chi2_df": 3, "chi2_threshold": 7.814727903251179, "N_raw": 96, "N_roi": 96, "N_inlier": 91, "refit": true}
{"timestamp": "17:09:39.489749", "frame": 59, "mu": [-1.9136195823103017, 1.6769884597767968, 1.863582535618957], "Sigma": [[0.04344058709524774, 0.02872020718689856, -0.014316700319451186], [0.028720207186898557, 0.025716396285508786, -0.01892167879829868], [-0.014316700319451182, -0.01892167879829868, 0.02763101620130983]], "chi2_level": 0.95, "chi2_df": 3, "chi2_threshold": 7.814727903251179, "N_raw": 86, "N_roi": 86, "N_inlier": 81, "refit": true}
{"timestamp": "17:09:39.543758", "frame": 60, "mu": [-1.897525221629492, 1.8166621711394964, 0.25396231652893814], "Sigma": [[0.037675056530959906, 0.03256023786120746, -0.01328323153914605], [0.03256023786120746, 0.0510793826260435, -0.0428177286816954], [-0.01328323153914605, -0.0428177286816954, 0.05310107534061699]], "chi2_level": 0.95, "chi2_df": 3, "chi2_threshold": 7.814727903251179, "N_raw": 70, "N_roi": 70, "N_inlier": 67, "refit": true}
{"timestamp": "17:09:39.591521", "frame": 61, "mu": [-1.7484901138390048, 2.0290370106102733, 1.5542587314562153], "Sigma": [[0.023596056381532268, 0.018010048277902, -0.013419261278695947], [0.018010048277902, 0.019441437911262648, -0.02050040454498841], [-0.013419261278695948, -0.02050040454498841, 0.038894701143049916]], "chi2_level": 0.95, "chi2_df": 3, "chi2_threshold": 7.814727903251179, "N_raw": 27, "N_roi": 27, "N_inlier": 23, "refit": true}
{"timestamp": "17:09:39.648126", "frame": 62, "mu": [-1.7116119275882558, 2.0929228247123106, 1.7500459942449165], "Sigma": [[0.011695182174388875, 0.0049042206336223065, -0.009300824108895702], [0.0049042206336223065, 0.006695025143202845, -0.006009289509101666], [-0.009300824108895702, -0.006009289509101666, 0.011981863737522764]], "chi2_level": 0.95, "chi2_df": 3, "chi2_threshold": 7.814727903251179, "N_raw": 46, "N_roi": 46, "N_inlier": 41, "refit": true}
{"timestamp": "17:09:39.705785", "frame": 63, "mu": [-1.776588542811954, 2.165155582886739, 0.2564442144167451], "Sigma": [[0.010344400819595286, 0.0029722108421623462, -0.0013157370343330848], [0.0029722108421623462, 0.009868413649046974, -0.009756175659196245], [-0.001315737034333085, -0.009756175659196245, 0.015952006704961604]], "chi2_level": 0.95, "chi2_df": 3, "chi2_threshold": 7.814727903251179, "N_raw": 60, "N_roi": 58, "N_inlier": 46, "refit": true}
{"timestamp": "17:09:39.762139", "frame": 64, "mu": [-1.7820616352444194, 2.24592412662758, 0.2731598463668299], "Sigma": [[0.012987592938947889, 0.005875535176823578, -0.002246387848968821], [0.005875535176823578, 0.014892992220470814, -0.013233213397031074], [-0.0022463878489688213, -0.013233213397031075, 0.01767679689175279]], "chi2_level": 0.95, "chi2_df": 3, "chi2_threshold": 7.814727903251179, "N_raw": 65, "N_roi": 65, "N_inlier": 59, "refit": true}
{"timestamp": "17:09:39.816433", "frame": 65, "mu": [-1.7906286789292045, 2.275708191420246, 1.7272070994949693], "Sigma": [[0.014054273502400821, 0.004824243164700626, -0.006090843527333772], [0.004824243164700625, 0.00838662143730786, -0.00859839179069641], [-0.006090843527333772, -0.00859839179069641, 0.012745449332535859]], "chi2_level": 0.95, "chi2_df": 3, "chi2_threshold": 7.814727903251179, "N_raw": 63, "N_roi": 63, "N_inlier": 58, "refit": true}
{"timestamp": "17:09:39.871380", "frame": 66, "mu": [-1.7780656629795257, 2.339937409761594, 1.7522630994918473], "Sigma": [[0.012616073860028177, 0.005221374207613868, -0.011150396508244582], [0.005221374207613868, 0.008535256030295684, -0.009688661697562464], [-0.011150396508244582, -0.009688661697562464, 0.048761233230784115]], "chi2_level": 0.95, "chi2_df": 3, "chi2_threshold": 7.814727903251179, "N_raw": 57, "N_roi": 57, "N_inlier": 52, "refit": true}
{"timestamp": "17:09:39.923614", "frame": 67, "mu": [-1.79737267555194, 2.433689738979803, 1.7784295090143574], "Sigma": [[0.013178262180860238, 0.007374595248093825, -0.007944019229134019], [0.007374595248093825, 0.00887492231616862, -0.008775751296456257], [-0.007944019229134019, -0.008775751296456257, 0.012180854784772465]], "chi2_level": 0.95, "chi2_df": 3, "chi2_threshold": 7.814727903251179, "N_raw": 45, "N_roi": 45, "N_inlier": 43, "refit": true}
{"timestamp": "17:09:39.979461", "frame": 68, "mu": [-1.8344850945900126, 2.482123785942883, 1.798985609421135], "Sigma": [[0.01340843906262955, 0.006452256895319496, -0.009641986749073126], [0.006452256895319496, 0.007868400134505352, -0.006275359385909796], [-0.009641986749073126, -0.006275359385909796, 0.010884516661515853]], "chi2_level": 0.95, "chi2_df": 3, "chi2_threshold": 7.814727903251179, "N_raw": 43, "N_roi": 43, "N_inlier": 40, "refit": true}
{"timestamp": "17:09:40.041042", "frame": 69, "mu": [-1.8403418131010212, 2.613073369030704, 1.7042179980509913], "Sigma": [[0.01766414678520058, 0.00197913256034092, -0.0054797270259864545], [0.00197913256034092, 0.01237455125055885, -0.013075459220858374], [-0.0054797270259864545, -0.013075459220858374, 0.019285434923337202]], "chi2_level": 0.95, "chi2_df": 3, "chi2_threshold": 7.814727903251179, "N_raw": 90, "N_roi": 88, "N_inlier": 84, "refit": true}
{"timestamp": "17:09:40.089914", "frame": 70, "mu": [-1.8714876193782068, 2.7072797221058345, 1.55082285040037], "Sigma": [[0.010129761537277442, 0.0031286696982776433, -0.0031159703094222513], [0.0031286696982776438, 0.006294365222357267, -0.010491516837782492], [-0.003115970309422252, -0.01049151683778249, 0.021895154733652947]], "chi2_level": 0.95, "chi2_df": 3, "chi2_threshold": 7.814727903251179, "N_raw": 49, "N_roi": 49, "N_inlier": 47, "refit": true}
{"timestamp": "17:09:40.144905", "frame": 71, "mu": [-1.8634743772807885, 2.761765256475274, 1.5380773865698207], "Sigma": [[0.012391778855679223, -0.0010224639757794624, 0.013365168762032476], [-0.0010224639757794624, 0.005648873554054368, -0.015417564838063351], [0.013365168762032476, -0.015417564838063351, 0.07303761537114153]], "chi2_level": 0.95, "chi2_df": 3, "chi2_threshold": 7.814727903251179, "N_raw": 47, "N_roi": 47, "N_inlier": 45, "refit": true}
{"timestamp": "17:09:40.194140", "frame": 72, "mu": [-1.8659720217134375, 2.8800146831403612, 1.2828465595351288], "Sigma": [[0.005865108036707564, -0.00713706310486994, 0.020416868860527147], [-0.00713706310486994, 0.012114372765136269, -0.039456303679130014], [0.020416868860527147, -0.039456303679130014, 0.14679973562635587]], "chi2_level": 0.95, "chi2_df": 3, "chi2_threshold": 7.814727903251179, "N_raw": 13, "N_roi": 11, "N_inlier": 10, "refit": true}
{"timestamp": "17:09:40.326774", "frame": 73, "mu": [-1.8954831710091107, 3.083834203475637, -0.16921699164296156], "Sigma": [[0.01201558071150677, -0.0075576249031500935, 0.02411609798568079], [-0.0075576249031500935, 0.0250139971277277, -0.05115175996029774], [0.02411609798568079, -0.05115175996029774, 0.11712591215026466]], "chi2_level": 0.95, "chi2_df": 3, "chi2_threshold": 7.814727903251179, "N_raw": 24, "N_roi": 24, "N_inlier": 23, "refit": true}
{"timestamp": "17:09:40.356036", "frame": 74, "mu": [-1.8682703699668233, 3.038356284315566, 0.7841482601641574], "Sigma": [[0.011633476530168588, 0.003128289739698161, 0.008476582987967603], [0.0031282897396981615, 0.005081982402879952, -0.011615578582915913], [0.008476582987967603, -0.011615578582915915, 0.0735038542927825]], "chi2_level": 0.95, "chi2_df": 3, "chi2_threshold": 7.814727903251179, "N_raw": 28, "N_roi": 28, "N_inlier": 25, "refit": true}
{"timestamp": "17:09:40.390936", "frame": 75, "mu": [-1.8494913504928636, 3.0104658517817624, 1.4517312630633281], "Sigma": [[0.01676312688877395, 0.004027761364396225, -0.00676824195870333], [0.004027761364396225, 0.004140463663937116, -0.0067566202707746575], [-0.00676824195870333, -0.006756620270774657, 0.021778510067565565]], "chi2_level": 0.95, "chi2_df": 3, "chi2_threshold": 7.814727903251179, "N_raw": 49, "N_roi": 48, "N_inlier": 43, "refit": true}
{"timestamp": "17:09:40.419498", "frame": 76, "mu": [-1.659127876615264, 3.040659584151951, 1.4780590223958963], "Sigma": [[0.017629335824555423, 0.000263010675979028, -0.001847130125533683], [0.0002630106759790279, 0.0031647178340281973, -0.0027364370346580147], [-0.001847130125533683, -0.0027364370346580147, 0.0049763412906480295]], "chi2_level": 0.95, "chi2_df": 3, "chi2_threshold": 7.814727903251179, "N_raw": 23, "N_roi": 23, "N_inlier": 22, "refit": true}
{"timestamp": "17:09:40.477126", "frame": 77, "mu": [-1.5584802612803634, 3.1700973711876848, 0.2283047759347362], "Sigma": [[0.010094744197269733, 0.003837674083719827, -0.007703545039547161], [0.0038376740837198263, 0.006439512438576556, -0.005591663889482188], [-0.007703545039547161, -0.005591663889482188, 0.009351313797294345]], "chi2_level": 0.95, "chi2_df": 3, "chi2_threshold": 7.814727903251179, "N_raw": 34, "N_roi": 33, "N_inlier": 31, "refit": true}
{"timestamp": "17:09:40.528209", "frame": 78, "mu": [-1.577151025246976, 3.2233938275881027, 1.4038577563119001], "Sigma": [[0.013066630655709194, 0.0011835942703795404, -0.007950863800829721], [0.0011835942703795404, 0.006372492938081497, -0.006370736909616322], [-0.007950863800829721, -0.006370736909616322, 0.01186886294527261]], "chi2_level": 0.95, "chi2_df": 3, "chi2_threshold": 7.814727903251179, "N_raw": 54, "N_roi": 54, "N_inlier": 50, "refit": true}
{"timestamp": "17:09:40.582440", "frame": 79, "mu": [-2.004895694762403, 3.516563716645102, -0.2415758287508721], "Sigma": [[0.019145276389211666, 0.009303965017678903, -0.006119390809135524], [0.009303965017678904, 0.00787580336331845, -0.0034900796803584728], [-0.006119390809135524, -0.0034900796803584728, 0.003544675483544473]], "chi2_level": 0.95, "chi2_df": 3, "chi2_threshold": 7.814727903251179, "N_raw": 39, "N_roi": 38, "N_inlier": 34, "refit": true}
{"timestamp": "17:09:40.641865", "frame": 80, "mu": [-1.678526913097363, 3.4102029358019377, 1.165281149708188], "Sigma": [[0.06746852600349225, -0.0037710082987793075, 0.0555678464941676], [-0.0037710082987793075, 0.006960733984684048, -0.016690631386808888], [0.0555678464941676, -0.016690631386808888, 0.08092362177502382]], "chi2_level": 0.95, "chi2_df": 3, "chi2_threshold": 7.814727903251179, "N_raw": 67, "N_roi": 64, "N_inlier": 63, "refit": true}
{"timestamp": "17:09:40.689504", "frame": 81, "mu": [-1.5756949421209188, 3.4933698939784232, 1.1865657711655335], "Sigma": [[0.014862035148499186, -0.014991997694008314, 0.05164996178393145], [-0.014991997694008314, 0.016250334530878555, -0.0534709057994876], [0.05164996178393144, -0.0534709057994876, 0.18919536582052995]], "chi2_level": 0.95, "chi2_df": 3, "chi2_threshold": 7.814727903251179, "N_raw": 11, "N_roi": 8, "N_inlier": 8, "refit": true}
{"timestamp": "17:09:40.743890", "frame": 82, "mu": [-1.4807637369958666, 3.5203562563884554, 1.2194751715434862], "Sigma": [[0.011907845300166767, -0.004720718541333038, 0.03547137203428219], [-0.004720718541333038, 0.00603438752742838, -0.027819682872835184], [0.03547137203428219, -0.027819682872835184, 0.1635889841704257]], "chi2_level": 0.95, "chi2_df": 3, "chi2_threshold": 7.814727903251179, "N_raw": 16, "N_roi": 15, "N_inlier": 14, "refit": true}
{"timestamp": "17:09:40.798365", "frame": 83, "mu": [-1.4252169311435536, 3.561935414615551, 1.08484218948102], "Sigma": [[0.0038607114875748067, -0.004321220716538782, 0.042710934581425636], [-0.004321220716538782, 0.009423088053402561, -0.05057089090118808], [0.042710934581425636, -0.05057089090118808, 0.4859149583724008]], "chi2_level": 0.95, "chi2_df": 3, "chi2_threshold": 7.814727903251179, "N_raw": 9, "N_roi": 9, "N_inlier": 8, "refit": true}
{"timestamp": "17:09:40.855505", "frame": 84, "mu": [-1.3848814611993632, 3.5766851974104945, 0.4313317475296795], "Sigma": [[0.015015189375346403, 0.003498048319616882, -0.0027186793775255988], [0.003498048319616882, 0.005284271987492434, -0.005551993718988569], [-0.0027186793775255983, -0.005551993718988569, 0.006718898570071702]], "chi2_level": 0.95, "chi2_df": 3, "chi2_threshold": 7.814727903251179, "N_raw": 34, "N_roi": 34, "N_inlier": 32, "refit": true}
{"timestamp": "17:09:40.910191", "frame": 85, "mu": [-1.2495907361337644, 3.589155902895167, 1.5517284141254906], "Sigma": [[0.012301295796289934, 0.0026665326711767363, -0.006503984791672898], [0.0026665326711767363, 0.0031048277865270485, -0.0034573708809215306], [-0.006503984791672898, -0.003457370880921531, 0.006011814278686388]], "chi2_level": 0.95, "chi2_df": 3, "chi2_threshold": 7.814727903251179, "N_raw": 26, "N_roi": 26, "N_inlier": 23, "refit": true}
{"timestamp": "17:09:40.969513", "frame": 86, "mu": [-1.2670772185792079, 3.6289454304356714, 1.3926083901957558], "Sigma": [[0.018749801140294443, 0.001896570249114832, 0.014639351117950419], [0.0018965702491148323, 0.00407703032624673, -0.013220080050032515], [0.014639351117950419, -0.013220080050032513, 0.13517179087446612]], "chi2_level": 0.95, "chi2_df": 3, "chi2_threshold": 7.814727903251179, "N_raw": 49, "N_roi": 49, "N_inlier": 45, "refit": true}
