{"timestamp": "17:23:48.576128", "frame": 1, "mu": [1.8476707970585298, 0.9624019929968874, -0.4952948924819683], "Sigma": [[0.003109250811946681, -0.002698103462467014, -0.0005998886591938456], [-0.002698103462467014, 0.006892527994427483, -0.0009081724884992919], [-0.0005998886591938458, -0.0009081724884992915, 0.01816741351458086]], "chi2_level": 0.95, "chi2_df": 3, "chi2_threshold": 7.814727903251179, "N_raw": 28, "N_roi": 28, "N_inlier": 25, "refit": true}
{"timestamp": "17:23:48.634271", "frame": 2, "mu": [1.7918130702785184, 0.8358264790609815, 1.2743467048152315], "Sigma": [[0.006074521537450671, -0.005974878636377987, -0.004315807271716859], [-0.005974878636377987, 0.009472474520840738, 0.0007012541940117744], [-0.004315807271716859, 0.0007012541940117742, 0.008850603034091015]], "chi2_level": 0.95, "chi2_df": 3, "chi2_threshold": 7.814727903251179, "N_raw": 35, "N_roi": 35, "N_inlier": 34, "refit": true}
{"timestamp": "17:23:48.691795", "frame": 3, "mu": [1.764476144309175, 0.8177994939986339, 1.2560041640386903], "Sigma": [[0.006327477007624136, -0.007721091974230545, -0.00864765915064581], [-0.007721091974230546, 0.013715555767479017, 0.002935681136938083], [-0.008647659150645812, 0.002935681136938083, 0.03714045783526128]], "chi2_level": 0.95, "chi2_df": 3, "chi2_threshold": 7.814727903251179, "N_raw": 48, "N_roi": 48, "N_inlier": 47, "refit": true}
{"timestamp": "17:23:48.744997", "frame": 4, "mu": [1.747168151576815, 0.6971541245064763, 1.2102063319679406], "Sigma": [[0.005138159768555978, -0.005049751850774922, -0.001528316198808763], [-0.005049751850774921, 0.016860494617272327, -0.0022262175279483434], [-0.001528316198808763, -0.0022262175279483434, 0.0027663081622364112]], "chi2_level": 0.95, "chi2_df": 3, "chi2_threshold": 7.814727903251179, "N_raw": 36, "N_roi": 36, "N_inlier": 35, "refit": true}
{"timestamp": "17:23:48.798459", "frame": 5, "mu": [1.6664042611662893, 0.8085939591971089, 1.2642254053545061], "Sigma": [[0.002900298286054291, -0.004158093137425887, -0.005235909542114574], [-0.004158093137425887, 0.0066152997561039414, 0.007919086453913534], [-0.005235909542114576, 0.007919086453913534, 0.02715791717901878]], "chi2_level": 0.95, "chi2_df": 3, "chi2_threshold": 7.814727903251179, "N_raw": 25, "N_roi": 25, "N_inlier": 24, "refit": true}
{"timestamp": "17:23:48.853669", "frame": 6, "mu": [1.6531543921116771, 0.7357911727657098, 1.2875091975242063], "Sigma": [[0.003368728729011377, -0.0026268295624061007, -8.136573510466683e-05], [-0.0026268295624061007, 0.008300792269011249, -0.0026838826869999906], [-8.136573510466693e-05, -0.0026838826869999906, 0.0014350293217656404]], "chi2_level": 0.95, "chi2_df": 3, "chi2_threshold": 7.814727903251179, "N_raw": 26, "N_roi": 26, "N_inlier": 25, "refit": true}
{"timestamp": "17:23:48.907976", "frame": 7, "mu": [1.5795395199326623, 0.8574818835905633, 1.3986976891971703], "Sigma": [[0.002150962228979297, 0.000712664558643948, -0.0008601089491987951], [0.000712664558643948, 0.0070008947219988935, 0.0001467933708564145], [-0.0008601089491987951, 0.00014679337085641458, 0.0007278654962305872]], "chi2_level": 0.95, "chi2_df": 3, "chi2_threshold": 7.814727903251179, "N_raw": 18, "N_roi": 18, "N_inlier": 16, "refit": true}
{"timestamp": "17:23:49.019374", "frame": 9, "mu": [1.4751961548818495, 0.8670174034238932, 1.4288001768352594], "Sigma": [[0.0033448316922559456, -0.001166472107576759, -0.00314428286300525], [-0.001166472107576759, 0.004045162484660769, -0.003607832340914635], [-0.0031442828630052497, -0.003607832340914635, 0.016855314577192918]], "chi2_level": 0.95, "chi2_df": 3, "chi2_threshold": 7.814727903251179, "N_raw": 32, "N_roi": 32, "N_inlier": 30, "refit": true}
{"timestamp": "17:23:49.070177", "frame": 10, "mu": [1.4339841233099484, 0.8912909075658688, 1.2398905499877304], "Sigma": [[0.0008367053485714395, -0.0006202237931383248, -0.0011402304828032781], [-0.0006202237931383248, 0.004428073820039197, 0.005842522613405562], [-0.0011402304828032786, 0.005842522613405562, 0.06339453387847896]], "chi2_level": 0.95, "chi2_df": 3, "chi2_threshold": 7.814727903251179, "N_raw": 11, "N_roi": 11, "N_inlier": 10, "refit": true}
{"timestamp": "17:23:49.132942", "frame": 11, "mu": [1.3856106611859549, 0.8838216343800519, 1.2468838107371594], "Sigma": [[0.0045351743398421756, -0.0035465570338513662, 0.005075688794253963], [-0.003546557033851366, 0.009560439764332717, -0.014110690270930624], [0.005075688794253963, -0.014110690270930624, 0.04081373979214947]], "chi2_level": 0.95, "chi2_df": 3, "chi2_threshold": 7.814727903251179, "N_raw": 59, "N_roi": 59, "N_inlier": 58, "refit": true}
{"timestamp": "17:23:49.183023", "frame": 12, "mu": [1.3361141197901705, 0.9034848502185951, 1.2003167351034427], "Sigma": [[0.006466720235662227, -0.007994398415356164, 0.017794813879030348], [-0.007994398415356164, 0.01261843693135485, -0.026196359139441554], [0.01779481387903035, -0.026196359139441554, 0.062196970803449256]], "chi2_level": 0.95, "chi2_df": 3, "chi2_threshold": 7.814727903251179, "N_raw": 18, "N_roi": 18, "N_inlier": 17, "refit": true}
{"timestamp": "17:23:49.243272", "frame": 13, "mu": [1.2486099177924832, 0.9501859575749613, 1.198674460446655], "Sigma": [[0.004454399521059922, -0.004738457660085952, 0.005744984969213456], [-0.004738457660085951, 0.008867642932033008, -0.018076559219349905], [0.005744984969213456, -0.018076559219349902, 0.06582577470711441]], "chi2_level": 0.95, "chi2_df": 3, "chi2_threshold": 7.814727903251179, "N_raw": 61, "N_roi": 61, "N_inlier": 60, "refit": true}
{"timestamp": "17:23:49.293476", "frame": 14, "mu": [1.209793625436988, 1.1132036848903104, -0.6423848687436491], "Sigma": [[0.0018359384116752532, -0.001404576526359158, -0.0008759359993056424], [-0.001404576526359158, 0.02017575005016579, -0.010120671425903581], [-0.0008759359993056424, -0.010120671425903581, 0.009805717366620635]], "chi2_level": 0.95, "chi2_df": 3, "chi2_threshold": 7.814727903251179, "N_raw": 17, "N_roi": 17, "N_inlier": 16, "refit": true}
{"timestamp": "17:23:49.345840", "frame": 15, "mu": [1.1401035264223276, 0.9385459506333813, 1.123622840467799], "Sigma": [[0.0017102087688307193, -0.0036989978022501173, 0.0062953403801223285], [-0.0036989978022501178, 0.02134214154774531, -0.03082127277010346], [0.0062953403801223285, -0.03082127277010346, 0.05602226839715174]], "chi2_level": 0.95, "chi2_df": 3, "chi2_threshold": 7.814727903251179, "N_raw": 10, "N_roi": 10, "N_inlier": 10, "refit": true}
{"timestamp": "17:23:49.406474", "frame": 16, "mu": [1.0936938535882634, 1.0236252840523652, 1.054196944726881], "Sigma": [[0.0038782330940956176, -0.0012379133945415132, -0.002753284101916687], [-0.0012379133945415132, 0.004941133621472243, -0.009352097149584493], [-0.002753284101916687, -0.009352097149584493, 0.03995098467115637]], "chi2_level": 0.95, "chi2_df": 3, "chi2_threshold": 7.814727903251179, "N_raw": 43, "N_roi": 43, "N_inlier": 39, "refit": true}
{"timestamp": "17:23:49.462234", "frame": 17, "mu": [1.0536352270710274, 0.9739464589345643, -0.4618135128497948], "Sigma": [[0.00344180225228657, -0.0023140073934069345, -0.0033011037648709588], [-0.0023140073934069345, 0.012452907108343495, 0.0017682279329103824], [-0.0033011037648709588, 0.0017682279329103824, 0.005958093181986573]], "chi2_level": 0.95, "chi2_df": 3, "chi2_threshold": 7.814727903251179, "N_raw": 44, "N_roi": 44, "N_inlier": 40, "refit": true}
{"timestamp": "17:23:49.512387", "frame": 18, "mu": [0.9678051183088211, 0.9824269024285583, -0.2874756846336205], "Sigma": [[0.0017900021780357792, 0.00041443716361806607, -0.0011771919402860699], [0.0004144371636180662, 0.008130353407863878, -0.000440823919008776], [-0.0011771919402860697, -0.0004408239190087759, 0.0010559050999203203]], "chi2_level": 0.95, "chi2_df": 3, "chi2_threshold": 7.814727903251179, "N_raw": 11, "N_roi": 11, "N_inlier": 10, "refit": true}
{"timestamp": "17:23:49.566093", "frame": 19, "mu": [0.9426728505340617, 0.8441390441082788, 1.5301855933084658], "Sigma": [[0.0022948894617862998, -0.0011580776905820102, -0.004197657082175478], [-0.00115807769058201, 0.006812864819741328, 0.0024702924248139095], [-0.004197657082175478, 0.0024702924248139095, 0.02434498465990998]], "chi2_level": 0.95, "chi2_df": 3, "chi2_threshold": 7.814727903251179, "N_raw": 14, "N_roi": 14, "N_inlier": 13, "refit": true}
{"timestamp": "17:23:49.624825", "frame": 20, "mu": [0.8818972129544232, 0.8857928422763166, 1.5824704860552354], "Sigma": [[0.0028303572611189662, -0.00043282559431580465, -0.0007175488197080146], [-0.00043282559431580476, 0.0031767956954432018, -0.0017530257842823102], [-0.0007175488197080147, -0.0017530257842823102, 0.0022472495345189363]], "chi2_level": 0.95, "chi2_df": 3, "chi2_threshold": 7.814727903251179, "N_raw": 34, "N_roi": 34, "N_inlier": 32, "refit": true}
{"timestamp": "17:23:49.679965", "frame": 21, "mu": [0.8124392055761743, 0.9136371557074129, 1.5320942385446452], "Sigma": [[0.0014434908431201572, -0.0001340011620086799, -0.0007047821216817508], [-0.00013400116200867993, 0.0035355899198607123, -0.0026981657489715998], [-0.0007047821216817508, -0.0026981657489715998, 0.0028961327972001896]], "chi2_level": 0.95, "chi2_df": 3, "chi2_threshold": 7.814727903251179, "N_raw": 35, "N_roi": 35, "N_inlier": 33, "refit": true}
{"timestamp": "17:23:49.736039", "frame": 22, "mu": [0.7572802631266533, 0.8410675865627513, 1.5241674405342913], "Sigma": [[0.00222269892352574, 0.000549748915381324, -0.0011542998060148843], [0.0005497489153813241, 0.00993919527691253, 0.00197783158847558], [-0.0011542998060148843, 0.00197783158847558, 0.0019311248470179623]], "chi2_level": 0.95, "chi2_df": 3, "chi2_threshold": 7.814727903251179, "N_raw": 44, "N_roi": 44, "N_inlier": 41, "refit": true}
{"timestamp": "17:23:49.795074", "frame": 23, "mu": [0.7129066114981601, 0.845954843720569, 1.5264756212694712], "Sigma": [[0.0034994640520453787, 0.0010281096942437182, -0.0020009802222467903], [0.0010281096942437182, 0.008071626683043039, -0.0005044748794213617], [-0.0020009802222467903, -0.0005044748794213617, 0.039438060934149144]], "chi2_level": 0.95, "chi2_df": 3, "chi2_threshold": 7.814727903251179, "N_raw": 64, "N_roi": 64, "N_inlier": 59, "refit": true}
{"timestamp": "17:23:49.851412", "frame": 24, "mu": [0.6500735626873181, 0.8737734343161447, 1.5104996163423747], "Sigma": [[0.003585638754064698, -0.00020354717635651822, -0.0028636739988482512], [-0.00020354717635651828, 0.006173750978394813, -0.003119449328417237], [-0.002863673998848251, -0.003119449328417237, 0.005403478798538221]], "chi2_level": 0.95, "chi2_df": 3, "chi2_threshold": 7.814727903251179, "N_raw": 76, "N_roi": 76, "N_inlier": 72, "refit": true}
{"timestamp": "17:23:49.906364", "frame": 25, "mu": [0.5895211420318491, 0.8710515179162364, 1.5625960976811832], "Sigma": [[0.004402235969831019, 0.0012256613474705374, -0.0013969456302095325], [0.0012256613474705374, 0.006401952885711692, -0.0014511184651366132], [-0.0013969456302095323, -0.0014511184651366132, 0.001269891510096131]], "chi2_level": 0.95, "chi2_df": 3, "chi2_threshold": 7.814727903251179, "N_raw": 79, "N_roi": 79, "N_inlier": 75, "refit": true}
{"timestamp": "17:23:49.963936", "frame": 26, "mu": [0.5635032270991627, 0.9034137534777851, 1.5415965657580841], "Sigma": [[0.00575531117254353, 0.0010901471083432403, -0.004366772314673332], [0.0010901471083432403, 0.005235137773699237, -0.0031598165958085477], [-0.004366772314673332, -0.0031598165958085477, 0.0047055746102973054]], "chi2_level": 0.95, "chi2_df": 3, "chi2_threshold": 7.814727903251179, "N_raw": 91, "N_roi": 91, "N_inlier": 88, "refit": true}
{"timestamp": "17:23:50.015622", "frame": 27, "mu": [0.5259845333418676, 0.9495761280195215, -0.2254378928653403], "Sigma": [[0.0053374330716179285, 0.0007296683797066261, -0.0018977980894324814], [0.0007296683797066261, 0.0042992918697637795, 0.00047882073592782034], [-0.0018977980894324814, 0.0004788207359278204, 0.0009011972497173344]], "chi2_level": 0.95, "chi2_df": 3, "chi2_threshold": 7.814727903251179, "N_raw": 71, "N_roi": 71, "N_inlier": 68, "refit": true}
{"timestamp": "17:23:50.070830", "frame": 28, "mu": [0.48177664028387635, 0.9116193766740138, 1.546914792938375], "Sigma": [[0.002939140268058824, 0.0003629336469990872, -0.0013765189424710088], [0.0003629336469990875, 0.006858376726890541, -0.0021436576112397734], [-0.0013765189424710088, -0.0021436576112397734, 0.001444385732113665]], "chi2_level": 0.95, "chi2_df": 3, "chi2_threshold": 7.814727903251179, "N_raw": 72, "N_roi": 72, "N_inlier": 69, "refit": true}
{"timestamp": "17:23:50.121326", "frame": 29, "mu": [0.4112589839349894, 0.8998425800689126, 1.5879968128377007], "Sigma": [[0.002500573708704926, 0.00019978103925814977, -0.0014958871836726945], [0.0001997810392581497, 0.0022915220599849678, -0.0011372437874338347], [-0.0014958871836726945, -0.0011372437874338347, 0.001533652652871726]], "chi2_level": 0.95, "chi2_df": 3, "chi2_threshold": 7.814727903251179, "N_raw": 39, "N_roi": 39, "N_inlier": 35, "refit": true}
{"timestamp": "17:23:50.178061", "frame": 30, "mu": [0.3624814543167961, 0.8932377846629332, 1.5819184083316284], "Sigma": [[0.002896533696330396, 0.0013727329779216323, -0.0004420344129944315], [0.0013727329779216323, 0.003078105809919277, -0.0017549510961382229], [-0.0004420344129944315, -0.0017549510961382226, 0.0011935442653008153]], "chi2_level": 0.95, "chi2_df": 3, "chi2_threshold": 7.814727903251179, "N_raw": 59, "N_roi": 59, "N_inlier": 56, "refit": true}
{"timestamp": "17:23:50.229141", "frame": 31, "mu": [0.2699773291161436, 0.8844877357235582, 1.608781165763746], "Sigma": [[0.0017800764318573548, 0.00037210185878725936, -0.00021494742643648319], [0.0003721018587872593, 0.003168402660136567, -0.0036737524407696757], [-0.00021494742643648319, -0.0036737524407696757, 0.005117614563909942]], "chi2_level": 0.95, "chi2_df": 3, "chi2_threshold": 7.814727903251179, "N_raw": 31, "N_roi": 31, "N_inlier": 27, "refit": true}
{"timestamp": "17:23:50.292008", "frame": 32, "mu": [0.2499474240783351, 0.9565037373239627, 1.595646067271602], "Sigma": [[0.0033356924378788906, 0.0006198417381331372, -0.0007074012605265308], [0.0006198417381331372, 0.00579064292327523, -0.0027164680796131642], [-0.0007074012605265308, -0.0027164680796131642, 0.0013902192838695336]], "chi2_level": 0.95, "chi2_df": 3, "chi2_threshold": 7.814727903251179, "N_raw": 86, "N_roi": 86, "N_inlier": 85, "refit": true}
{"timestamp": "17:23:50.346657", "frame": 33, "mu": [0.21146817357957592, 0.9586314982048817, 1.5655462437401595], "Sigma": [[0.002992856426633468, 0.0003369595228888237, -0.0023621306902831475], [0.0003369595228888238, 0.002806344773883975, -0.0034001596258084544], [-0.0023621306902831475, -0.0034001596258084544, 0.008595411433124018]], "chi2_level": 0.95, "chi2_df": 3, "chi2_threshold": 7.814727903251179, "N_raw": 81, "N_roi": 81, "N_inlier": 77, "refit": true}
{"timestamp": "17:23:50.396493", "frame": 34, "mu": [0.15864841249072598, 1.01873082400789, -0.11669223215740747], "Sigma": [[0.001250259874198005, 0.0010029711132582115, -0.000929652401649171], [0.0010029711132582117, 0.003768922959358964, -0.002287458589531157], [-0.000929652401649171, -0.002287458589531157, 0.001873928100976489]], "chi2_level": 0.95, "chi2_df": 3, "chi2_threshold": 7.814727903251179, "N_raw": 42, "N_roi": 42, "N_inlier": 38, "refit": true}
{"timestamp": "17:23:50.453766", "frame": 35, "mu": [0.07695092121786773, 0.9507069071301865, 1.581294640571691], "Sigma": [[0.001875786729342303, 3.7631619068427915e-05, -0.00040999066823093754], [3.7631619068427976e-05, 0.0034254328033914393, -0.002246350363773262], [-0.00040999066823093743, -0.002246350363773262, 0.0016774308013471006]], "chi2_level": 0.95, "chi2_df": 3, "chi2_threshold": 7.814727903251179, "N_raw": 62, "N_roi": 62, "N_inlier": 59, "refit": true}
{"timestamp": "17:23:50.504111", "frame": 36, "mu": [0.050958277977120055, 0.9541417244654945, 1.5363060137861098], "Sigma": [[0.0008585739514631673, 0.0008701406902215485, 0.0005302354751113578], [0.0008701406902215484, 0.0024010984593007384, -0.0004738869105519202], [0.0005302354751113578, -0.0004738869105519203, 0.0038510917755426735]], "chi2_level": 0.95, "chi2_df": 3, "chi2_threshold": 7.814727903251179, "N_raw": 30, "N_roi": 30, "N_inlier": 26, "refit": true}
{"timestamp": "17:23:50.566596", "frame": 37, "mu": [-0.09759397596678125, 0.9179224504942226, 1.5057305294728431], "Sigma": [[0.005134745872172491, -3.461662005939804e-05, 0.001809741552943726], [-3.461662005939826e-05, 0.010366410436974753, 0.0052531974701146775], [0.001809741552943726, 0.0052531974701146775, 0.006969777074510666]], "chi2_level": 0.95, "chi2_df": 3, "chi2_threshold": 7.814727903251179, "N_raw": 89, "N_roi": 89, "N_inlier": 84, "refit": true}
{"timestamp": "17:23:50.619606", "frame": 38, "mu": [-0.2095573360047375, 1.0153209899113844, -0.22089407121150872], "Sigma": [[0.005017504446930699, -0.006549264770674495, -0.005473002781082432], [-0.006549264770674495, 0.012816146037598305, 0.011262583751868293], [-0.005473002781082432, 0.011262583751868293, 0.013754959295287566]], "chi2_level": 0.95, "chi2_df": 3, "chi2_threshold": 7.814727903251179, "N_raw": 60, "N_roi": 60, "N_inlier": 51, "refit": true}
{"timestamp": "17:23:50.753334", "frame": 39, "mu": [-0.17476875943325212, 1.048331341657892, -0.38286714538966315], "Sigma": [[0.0030268821437009928, 0.00035385982720884124, 0.008466317948687197], [0.0003538598272088413, 0.002383802418802935, -0.00024770432932286787], [0.008466317948687197, -0.00024770432932286765, 0.0680253816925332]], "chi2_level": 0.95, "chi2_df": 3, "chi2_threshold": 7.814727903251179, "N_raw": 70, "N_roi": 70, "N_inlier": 68, "refit": true}
{"timestamp": "17:23:50.775357", "frame": 40, "mu": [-0.24381739234599667, 0.9466968853291238, 1.4406919604623247], "Sigma": [[0.00283467825499356, -0.0005417108601115915, 0.0005427724468669437], [-0.0005417108601115917, 0.008034971930111984, 0.016346778563753533], [0.0005427724468669435, 0.01634677856375353, 0.061674081232061015]], "chi2_level": 0.95, "chi2_df": 3, "chi2_threshold": 7.814727903251179, "N_raw": 82, "N_roi": 82, "N_inlier": 81, "refit": true}
{"timestamp": "17:23:50.805646", "frame": 41, "mu": [-0.28023465015281024, 0.9596329112163816, 1.455798191175945], "Sigma": [[0.002840250246076585, -0.00046702088347900345, 0.0020095988955749246], [-0.0004670208834790035, 0.005059297000348383, 0.01443537168644475], [0.0020095988955749246, 0.01443537168644475, 0.054835012518923115]], "chi2_level": 0.95, "chi2_df": 3, "chi2_threshold": 7.814727903251179, "N_raw": 39, "N_roi": 39, "N_inlier": 36, "refit": true}
{"timestamp": "17:23:50.838003", "frame": 42, "mu": [-0.3416154549747254, 0.9790083146249283, 1.572403058034044], "Sigma": [[0.0006787567370171362, -0.000338708540606132, 0.0024379759259189767], [-0.00033870854060613203, 0.005264727698795887, -0.010444669245351819], [0.0024379759259189776, -0.01044466924535182, 0.05195046127171758]], "chi2_level": 0.95, "chi2_df": 3, "chi2_threshold": 7.814727903251179, "N_raw": 35, "N_roi": 32, "N_inlier": 26, "refit": true}
{"timestamp": "17:23:50.890410", "frame": 43, "mu": [-0.4651796697989598, 1.046038407477082, -0.2834996726334344], "Sigma": [[0.001966682483496396, 0.001405346083371626, 0.004405491614918353], [0.001405346083371626, 0.0069940394066042655, 0.0036829995423337983], [0.004405491614918353, 0.003682999542333798, 0.014841018946368665]], "chi2_level": 0.95, "chi2_df": 3, "chi2_threshold": 7.814727903251179, "N_raw": 39, "N_roi": 39, "N_inlier": 35, "refit": true}
{"timestamp": "17:23:50.953962", "frame": 44, "mu": [-0.5243004260274714, 0.90271398485726, 1.3950755059382636], "Sigma": [[0.0044417921539996585, 0.0008930373836428996, -0.01072461353233288], [0.0008930373836429, 0.009477807449499396, 0.011626593892481902], [-0.01072461353233288, 0.011626593892481902, 0.08161679912470803]], "chi2_level": 0.95, "chi2_df": 3, "chi2_threshold": 7.814727903251179, "N_raw": 94, "N_roi": 94, "N_inlier": 87, "refit": true}
{"timestamp": "17:23:51.013986", "frame": 45, "mu": [-0.6711396976175619, 0.8791417149750487, 1.5304321289400935], "Sigma": [[0.02660858518652856, 0.012488255781099983, -0.022212459304359528], [0.012488255781099983, 0.01441722497912075, -0.003405595688995655], [-0.022212459304359528, -0.003405595688995655, 0.08447542433832922]], "chi2_level": 0.95, "chi2_df": 3, "chi2_threshold": 7.814727903251179, "N_raw": 120, "N_roi": 120, "N_inlier": 116, "refit": true}
{"timestamp": "17:23:51.063001", "frame": 46, "mu": [-0.735001409679227, 0.8063425670303713, 1.3589148163253828], "Sigma": [[0.03306004151001129, 0.01750715650352239, -0.03581463433374729], [0.01750715650352239, 0.014765205255845534, -0.007273278674289077], [-0.035814634333747306, -0.007273278674289077, 0.14431523094177068]], "chi2_level": 0.95, "chi2_df": 3, "chi2_threshold": 7.814727903251179, "N_raw": 82, "N_roi": 81, "N_inlier": 79, "refit": true}
{"timestamp": "17:23:51.119635", "frame": 47, "mu": [-0.6783850671748828, 0.9323338094564312, 1.2429407476189374], "Sigma": [[0.004583230464103237, -0.0021143979533912137, -0.010164194038430148], [-0.0021143979533912137, 0.008331412009904515, 0.020473212941429654], [-0.010164194038430146, 0.020473212941429654, 0.11633788190031669]], "chi2_level": 0.95, "chi2_df": 3, "chi2_threshold": 7.814727903251179, "N_raw": 97, "N_roi": 97, "N_inlier": 95, "refit": true}
{"timestamp": "17:23:51.172066", "frame": 48, "mu": [-0.7348240007430398, 1.0593332805261333, 1.6160793158705307], "Sigma": [[0.0034097225472181202, 0.0005674882014607575, -0.003077045845255918], [0.0005674882014607575, 0.0043873181682936675, -0.00905950021602023], [-0.0030770458452559174, -0.009059500216020228, 0.024504027205647344]], "chi2_level": 0.95, "chi2_df": 3, "chi2_threshold": 7.814727903251179, "N_raw": 75, "N_roi": 75, "N_inlier": 68, "refit": true}
{"timestamp": "17:23:51.225036", "frame": 49, "mu": [-0.7981982149104169, 1.0691066128778155, -0.22574557219015387], "Sigma": [[0.021330945624963467, 0.012505667286447239, -0.00805502526521144], [0.012505667286447239, 0.015448767988327852, -0.009984053787104853], [-0.00805502526521144, -0.009984053787104853, 0.03450220456765431]], "chi2_level": 0.95, "chi2_df": 3, "chi2_threshold": 7.814727903251179, "N_raw": 70, "N_roi": 69, "N_inlier": 62, "refit": true}
{"timestamp": "17:23:51.284898", "frame": 50, "mu": [-0.9320033903690599, 1.0305811666312794, 1.454766342039418], "Sigma": [[0.014672507680468636, 0.012288098725555582, -0.019795703731605892], [0.012288098725555582, 0.015797717620397306, -0.029660509592221943], [-0.019795703731605892, -0.029660509592221943, 0.25760615656005287]], "chi2_level": 0.95, "chi2_df": 3, "chi2_threshold": 7.814727903251179, "N_raw": 105, "N_roi": 105, "N_inlier": 102, "refit": true}
{"timestamp": "17:23:51.346991", "frame": 51, "mu": [-1.0357826512986632, 0.994286570736475, 1.5761777547132807], "Sigma": [[0.014519754310590724, 0.010790732686733254, -0.006521243490976622], [0.010790732686733254, 0.0193936298232115, -0.037920243756329505], [-0.0065212434909766226, -0.037920243756329505, 0.17084806624241294]], "chi2_level": 0.95, "chi2_df": 3, "chi2_threshold": 7.814727903251179, "N_raw": 150, "N_roi": 150, "N_inlier": 144, "refit": true}
{"timestamp": "17:23:51.396024", "frame": 52, "mu": [-1.1299869771573494, 0.9205576516060126, 1.7492615898141124], "Sigma": [[0.01956058617303303, 0.01157434384142485, -0.0003319537444008158], [0.01157434384142485, 0.016181644225506917, 0.001742528723380822], [-0.0003319537444008159, 0.001742528723380822, 0.008021154784917743]], "chi2_level": 0.95, "chi2_df": 3, "chi2_threshold": 7.814727903251179, "N_raw": 105, "N_roi": 105, "N_inlier": 98, "refit": true}
{"timestamp": "17:23:51.452745", "frame": 53, "mu": [-1.1691640159430945, 0.964507067029534, 1.877961656105313], "Sigma": [[0.01793609830567186, 0.00906513309084005, 0.0014578176867827272], [0.00906513309084005, 0.013093034209865574, -0.0036388800957821324], [0.0014578176867827274, -0.003638880095782132, 0.006372754335778104]], "chi2_level": 0.95, "chi2_df": 3, "chi2_threshold": 7.814727903251179, "N_raw": 118, "N_roi": 118, "N_inlier": 111, "refit": true}
{"timestamp": "17:23:51.504147", "frame": 54, "mu": [-1.2152276122595937, 1.0078178006876337, 0.5328575864948614], "Sigma": [[0.015519619664438279, 0.008949777301798578, 0.06916511880410023], [0.008949777301798578, 0.014292793114663497, 0.06667506891055305], [0.06916511880410023, 0.06667506891055305, 0.6194166798078351]], "chi2_level": 0.95, "chi2_df": 3, "chi2_threshold": 7.814727903251179, "N_raw": 100, "N_roi": 100, "N_inlier": 97, "refit": true}
{"timestamp": "17:23:51.561572", "frame": 55, "mu": [-1.2514832033442986, 1.0159808437484428, 0.45095630120817737], "Sigma": [[0.01930190929967107, 0.012757873251883798, 0.09676737102713288], [0.012757873251883798, 0.015188206988074509, 0.07908308226332819], [0.09676737102713288, 0.07908308226332819, 0.8563866110069267]], "chi2_level": 0.95, "chi2_df": 3, "chi2_threshold": 7.814727903251179, "N_raw": 108, "N_roi": 108, "N_inlier": 106, "refit": true}
{"timestamp": "17:23:51.613285", "frame": 56, "mu": [-1.3048545286622701, 1.0468775634208278, 1.6714793850905891], "Sigma": [[0.014497697757704583, 0.010697897801007373, -0.003888475762060738], [0.010697897801007373, 0.019249531618703915, -0.005668270935924634], [-0.0038884757620607385, -0.005668270935924634, 0.00355446259646637]], "chi2_level": 0.95, "chi2_df": 3, "chi2_threshold": 7.814727903251179, "N_raw": 95, "N_roi": 95, "N_inlier": 92, "refit": true}
{"timestamp": "17:23:51.673684", "frame": 57, "mu": [-1.2320038551924248, 1.1202699385443773, 1.3400355255150527], "Sigma": [[0.05336219030441867, 0.02441309578647765, -0.12832048694372236], [0.02441309578647765, 0.017654502236140866, -0.0631476002664372], [-0.12832048694372236, -0.0631476002664372, 0.39509812065844885]], "chi2_level": 0.95, "chi2_df": 3, "chi2_threshold": 7.814727903251179, "N_raw": 128, "N_roi": 128, "N_inlier": 123, "refit": true}
{"timestamp": "17:23:51.727256", "frame": 58, "mu": [-1.3872456187628535, 1.1225124001486095, 1.6347783436331502], "Sigma": [[0.010679984657810306, 0.0065305355407273315, -0.008022243284698638], [0.00653053554072733, 0.018715258894030116, -0.02382930376150949], [-0.008022243284698638, -0.023829303761509494, 0.041031732123430045]], "chi2_level": 0.95, "chi2_df": 3, "chi2_threshold": 7.814727903251179, "N_raw": 112, "N_roi": 112, "N_inlier": 107, "refit": true}
{"timestamp": "17:23:51.788212", "frame": 59, "mu": [-1.37310035157082, 1.1959205470030754, 1.645404428057256], "Sigma": [[0.027012071751569697, 0.01468751126012665, -0.055024016692251], [0.014687511260126651, 0.021209766335631673, -0.045324638123079325], [-0.05502401669225101, -0.045324638123079325, 0.1981769957896254]], "chi2_level": 0.95, "chi2_df": 3, "chi2_threshold": 7.814727903251179, "N_raw": 148, "N_roi": 148, "N_inlier": 142, "refit": true}
{"timestamp": "17:23:51.831298", "frame": 60, "mu": [-1.5158938524547423, 1.149289590633701, 1.7522992635218357], "Sigma": [[0.012806903647354, 0.00776629589525259, -0.012554612138190091], [0.007766295895252591, 0.014512330806207232, -0.019957319129214425], [-0.012554612138190091, -0.019957319129214425, 0.047118206067803536]], "chi2_level": 0.95, "chi2_df": 3, "chi2_threshold": 7.814727903251179, "N_raw": 77, "N_roi": 77, "N_inlier": 71, "refit": true}
{"timestamp": "17:23:51.888765", "frame": 61, "mu": [-1.4877850809060256, 1.2419978996578842, 1.7473963025771728], "Sigma": [[0.01734514726846563, 0.010609253777549054, -0.011890662010188423], [0.010609253777549052, 0.01570393329010485, -0.01588142385464615], [-0.011890662010188423, -0.01588142385464615, 0.020417983249639223]], "chi2_level": 0.95, "chi2_df": 3, "chi2_threshold": 7.814727903251179, "N_raw": 99, "N_roi": 99, "N_inlier": 94, "refit": true}
{"timestamp": "17:23:51.943843", "frame": 62, "mu": [-1.56326032625978, 1.2162092491983478, 0.338506603250803], "Sigma": [[0.018230814459102983, 0.012310800623080233, 0.06754548359732204], [0.01231080062308023, 0.018313300739766628, 0.05997613747557496], [0.06754548359732204, 0.05997613747557496, 0.5589557939964812]], "chi2_level": 0.95, "chi2_df": 3, "chi2_threshold": 7.814727903251179, "N_raw": 97, "N_roi": 97, "N_inlier": 92, "refit": true}
{"timestamp": "17:23:52.002184", "frame": 63, "mu": [-1.5157190999325618, 1.3447151646403117, 1.5634577228955944], "Sigma": [[0.015864564988153425, 0.008728128011075408, -0.007773541093386069], [0.008728128011075408, 0.01368445565248467, -0.012162157161373382], [-0.007773541093386069, -0.012162157161373382, 0.0454859818631658]], "chi2_level": 0.95, "chi2_df": 3, "chi2_threshold": 7.814727903251179, "N_raw": 121, "N_roi": 121, "N_inlier": 117, "refit": true}
{"timestamp": "17:23:52.052488", "frame": 64, "mu": [-1.580826603264398, 1.3484740637519543, 1.6672550165480042], "Sigma": [[0.022618143584753794, 0.012573044537796303, -0.013106442478168716], [0.012573044537796303, 0.014774366472948811, -0.00928790229818532], [-0.013106442478168716, -0.00928790229818532, 0.011530991387120253]], "chi2_level": 0.95, "chi2_df": 3, "chi2_threshold": 7.814727903251179, "N_raw": 89, "N_roi": 89, "N_inlier": 86, "refit": true}
{"timestamp": "17:23:52.105842", "frame": 65, "mu": [-1.5823700272452996, 1.3743912110990597, 1.680912541571142], "Sigma": [[0.019460010616570482, 0.013371975012606301, -0.011329510833536314], [0.013371975012606303, 0.015769475823134475, -0.00863609265501074], [-0.011329510833536314, -0.00863609265501074, 0.018438934652265922]], "chi2_level": 0.95, "chi2_df": 3, "chi2_threshold": 7.814727903251179, "N_raw": 79, "N_roi": 79, "N_inlier": 73, "refit": true}
{"timestamp": "17:23:52.163838", "frame": 66, "mu": [-1.6032957340763232, 1.46897488763514, 0.08093785224197794], "Sigma": [[0.0284243804648432, 0.02041089870353309, -0.013955878409735252], [0.020410898703533093, 0.025266353749403246, -0.01818755177617947], [-0.01395587840973525, -0.01818755177617947, 0.016217063479709554]], "chi2_level": 0.95, "chi2_df": 3, "chi2_threshold": 7.814727903251179, "N_raw": 96, "N_roi": 96, "N_inlier": 87, "refit": true}
{"timestamp": "17:23:52.217876", "frame": 67, "mu": [-1.6540311565263925, 1.4527424526668924, 1.7460466906127403], "Sigma": [[0.03204796750315943, 0.022146883505077625, -0.018430881443057497], [0.022146883505077625, 0.02206585506890025, -0.01660703037888147], [-0.018430881443057497, -0.01660703037888147, 0.01455708560075197]], "chi2_level": 0.95, "chi2_df": 3, "chi2_threshold": 7.814727903251179, "N_raw": 94, "N_roi": 94, "N_inlier": 90, "refit": true}
{"timestamp": "17:23:52.276152", "frame": 68, "mu": [-1.644396249642814, 1.5291733028698271, 1.7166879374779687], "Sigma": [[0.024650059078999153, 0.01516752573241801, -0.01651819593774167], [0.015167525732418008, 0.02027466470887563, -0.01583066094204576], [-0.01651819593774167, -0.01583066094204576, 0.015955766623701132]], "chi2_level": 0.95, "chi2_df": 3, "chi2_threshold": 7.814727903251179, "N_raw": 115, "N_roi": 115, "N_inlier": 110, "refit": true}
{"timestamp": "17:23:52.326109", "frame": 69, "mu": [-1.7386667962981277, 1.5363898465208221, 0.21821437768034221], "Sigma": [[0.040666229790098166, 0.029840033546963754, 0.016097519113415254], [0.029840033546963754, 0.02969597243422526, 0.0025301561886471825], [0.016097519113415257, 0.0025301561886471834, 0.04203117563361196]], "chi2_level": 0.95, "chi2_df": 3, "chi2_threshold": 7.814727903251179, "N_raw": 77, "N_roi": 77, "N_inlier": 72, "refit": true}
{"timestamp": "17:23:52.373864", "frame": 70, "mu": [-1.7524505524293297, 1.5340660810975144, 1.7715344032698521], "Sigma": [[0.023069526894643387, 0.023033526697735826, -0.023225748871023008], [0.023033526697735826, 0.02887621676995051, -0.02940454889765862], [-0.023225748871023008, -0.029404548897658617, 0.04022174474483334]], "chi2_level": 0.95, "chi2_df": 3, "chi2_threshold": 7.814727903251179, "N_raw": 25, "N_roi": 25, "N_inlier": 23, "refit": true}
{"timestamp": "17:23:52.435842", "frame": 71, "mu": [-1.7395893400586127, 1.722747704714854, 1.7514564400307966], "Sigma": [[0.022059375259408723, 0.018949924108152428, -0.02081264961313313], [0.018949924108152428, 0.02332596507904288, -0.02370920305659123], [-0.020812649613133127, -0.02370920305659123, 0.04536468782652915]], "chi2_level": 0.95, "chi2_df": 3, "chi2_threshold": 7.814727903251179, "N_raw": 88, "N_roi": 88, "N_inlier": 84, "refit": true}
{"timestamp": "17:23:52.495842", "frame": 72, "mu": [-1.6943220059795516, 1.7520046290427422, 1.7696277837762096], "Sigma": [[0.022364365618589115, 0.016712478587225726, -0.019020452630553214], [0.016712478587225722, 0.02411374700153144, -0.021412311814842298], [-0.019020452630553214, -0.0214123118148423, 0.03524992376512028]], "chi2_level": 0.95, "chi2_df": 3, "chi2_threshold": 7.814727903251179, "N_raw": 112, "N_roi": 112, "N_inlier": 105, "refit": true}
{"timestamp": "17:23:52.549287", "frame": 73, "mu": [-1.731396686949846, 1.7626515063284767, 1.8772067742114757], "Sigma": [[0.02862095829360476, 0.02303463236573039, -0.025544845064797272], [0.02303463236573039, 0.02729141434750975, -0.026598527619443885], [-0.025544845064797272, -0.026598527619443885, 0.028658495537164777]], "chi2_level": 0.95, "chi2_df": 3, "chi2_threshold": 7.814727903251179, "N_raw": 94, "N_roi": 94, "N_inlier": 87, "refit": true}
{"timestamp": "17:23:52.596328", "frame": 74, "mu": [-1.898129288414279, 1.7161231905964724, 1.7930885337488383], "Sigma": [[0.028912450704026732, 0.021408543752373384, -0.011621949678612978], [0.021408543752373384, 0.031926374970575086, -0.053901656387531416], [-0.01162194967861298, -0.053901656387531416, 0.1563809789178456]], "chi2_level": 0.95, "chi2_df": 3, "chi2_threshold": 7.814727903251179, "N_raw": 35, "N_roi": 35, "N_inlier": 32, "refit": true}
{"timestamp": "17:23:52.650894", "frame": 75, "mu": [-1.6942711544274476, 1.9058327760062304, 1.8054172483339745], "Sigma": [[0.0202387098440912, 0.015694054999002283, -0.01589583667556292], [0.015694054999002283, 0.01569213370561251, -0.013855325511852964], [-0.01589583667556292, -0.013855325511852964, 0.017740313388424002]], "chi2_level": 0.95, "chi2_df": 3, "chi2_threshold": 7.814727903251179, "N_raw": 40, "N_roi": 40, "N_inlier": 35, "refit": true}
{"timestamp": "17:23:52.710849", "frame": 76, "mu": [-1.766473521331262, 1.9023542600257173, 1.7569200236317932], "Sigma": [[0.03124558840774632, 0.022828727180612338, -0.02600726676392568], [0.022828727180612338, 0.022994563436439863, -0.023132461687289226], [-0.02600726676392568, -0.023132461687289226, 0.027923029469731738]], "chi2_level": 0.95, "chi2_df": 3, "chi2_threshold": 7.814727903251179, "N_raw": 82, "N_roi": 82, "N_inlier": 78, "refit": true}
{"timestamp": "17:23:52.760229", "frame": 77, "mu": [-1.6877396216661227, 2.000625170279907, 1.8210959175363992], "Sigma": [[0.012350760077189212, 0.009381676256004225, -0.006044458333018942], [0.009381676256004223, 0.010215612080646076, -0.004751717151475927], [-0.006044458333018942, -0.004751717151475927, 0.00462460029498396]], "chi2_level": 0.95, "chi2_df": 3, "chi2_threshold": 7.814727903251179, "N_raw": 35, "N_roi": 35, "N_inlier": 29, "refit": true}
{"timestamp": "17:23:52.823032", "frame": 78, "mu": [-1.7122196854087237, 2.0317176137281883, 1.4950662613813135], "Sigma": [[0.013700972183765042, 0.008205390561268143, -0.019366403807387102], [0.008205390561268143, 0.016595057500521863, 0.009661319044741164], [-0.0193664038073871, 0.009661319044741164, 0.264125154131236]], "chi2_level": 0.95, "chi2_df": 3, "chi2_threshold": 7.814727903251179, "N_raw": 92, "N_roi": 92, "N_inlier": 85, "refit": true}
{"timestamp": "17:23:52.877162", "frame": 79, "mu": [-1.799730031560506, 2.0545919239469104, 1.617824508907963], "Sigma": [[0.024106141157248816, 0.019006883754484595, -0.026590139321190732], [0.019006883754484595, 0.021094782852040653, -0.03392488313970815], [-0.026590139321190732, -0.03392488313970815, 0.0729285162955676]], "chi2_level": 0.95, "chi2_df": 3, "chi2_threshold": 7.814727903251179, "N_raw": 85, "N_roi": 85, "N_inlier": 80, "refit": true}
{"timestamp": "17:23:52.923841", "frame": 80, "mu": [-1.8356294713202308, 2.143793872056419, 1.669790167189612], "Sigma": [[0.0262193087019312, 0.02554985605956874, -0.029897856932654447], [0.02554985605956874, 0.02866915143084532, -0.03374152711648404], [-0.029897856932654447, -0.03374152711648404, 0.045904588434925106]], "chi2_level": 0.95, "chi2_df": 3, "chi2_threshold": 7.814727903251179, "N_raw": 28, "N_roi": 28, "N_inlier": 25, "refit": true}
{"timestamp": "17:23:52.983422", "frame": 81, "mu": [-1.7799681613812803, 2.2404827549749413, 1.5162545419628548], "Sigma": [[0.008870521855155213, 0.00451305986162982, -0.005484469257634193], [0.00451305986162982, 0.01060492747995465, -0.0182173769180172], [-0.005484469257634192, -0.0182173769180172, 0.038114902311272715]], "chi2_level": 0.95, "chi2_df": 3, "chi2_threshold": 7.814727903251179, "N_raw": 65, "N_roi": 65, "N_inlier": 61, "refit": true}
{"timestamp": "17:23:53.041842", "frame": 82, "mu": [-1.7969912768513998, 2.2793455420616007, 0.24448187316246495], "Sigma": [[0.011493780468230018, 0.006970758012528681, 0.004653366328239635], [0.006970758012528681, 0.02128479232749276, -0.005547154280888495], [0.004653366328239635, -0.005547154280888495, 0.08887686116863999]], "chi2_level": 0.95, "chi2_df": 3, "chi2_threshold": 7.814727903251179, "N_raw": 87, "N_roi": 87, "N_inlier": 80, "refit": true}
{"timestamp": "17:23:53.092694", "frame": 83, "mu": [-1.819174348443572, 2.27320496508971, 1.6584712032770734], "Sigma": [[0.010626240336730989, 0.005832528813045874, -0.01027875522040545], [0.005832528813045874, 0.010843497957377374, -0.01771471367157152], [-0.010278755220405451, -0.01771471367157152, 0.03983385440659304]], "chi2_level": 0.95, "chi2_df": 3, "chi2_threshold": 7.814727903251179, "N_raw": 54, "N_roi": 54, "N_inlier": 50, "refit": true}
{"timestamp": "17:23:53.149366", "frame": 84, "mu": [-1.796104256991216, 2.3325782665406662, 1.4755525860263266], "Sigma": [[0.01065950847653836, 0.002873379181866519, -0.004739312441148712], [0.002873379181866519, 0.008535174838717196, -0.02478103461273261], [-0.004739312441148712, -0.02478103461273261, 0.09817671307560968]], "chi2_level": 0.95, "chi2_df": 3, "chi2_threshold": 7.814727903251179, "N_raw": 67, "N_roi": 67, "N_inlier": 62, "refit": true}
{"timestamp": "17:23:53.205511", "frame": 85, "mu": [-1.7685707251263068, 2.3549094557842754, 1.5433285732912105], "Sigma": [[0.01185045377805081, 0.002985776721545633, -0.004939074093071045], [0.0029857767215456326, 0.008459290582122364, -0.017900675292012683], [-0.004939074093071045, -0.017900675292012683, 0.056145659642208426]], "chi2_level": 0.95, "chi2_df": 3, "chi2_threshold": 7.814727903251179, "N_raw": 66, "N_roi": 66, "N_inlier": 62, "refit": true}
{"timestamp": "17:23:53.257775", "frame": 86, "mu": [-1.8374802478458483, 2.4145474936690188, 1.4694386371970125], "Sigma": [[0.011690998944552512, 0.006257774362298157, -0.006532287405079839], [0.006257774362298157, 0.013502663993315083, -0.03611537194660306], [-0.006532287405079839, -0.03611537194660306, 0.11878574376937312]], "chi2_level": 0.95, "chi2_df": 3, "chi2_threshold": 7.814727903251179, "N_raw": 55, "N_roi": 51, "N_inlier": 44, "refit": true}
{"timestamp": "17:23:53.312366", "frame": 87, "mu": [-1.811853837569342, 2.470359100038636, 1.3430546713352989], "Sigma": [[0.0083812223329083, 0.0037669624325200775, -0.005558685125940455], [0.0037669624325200783, 0.01625100718474519, -0.05262420512346937], [-0.005558685125940455, -0.05262420512346937, 0.19595660059567752]], "chi2_level": 0.95, "chi2_df": 3, "chi2_threshold": 7.814727903251179, "N_raw": 51, "N_roi": 51, "N_inlier": 50, "refit": true}
