{"timestamp": "17:21:53.518162", "frame": 3, "mu": [1.4761987683258626, 1.087529962556372, 1.5645921921929804], "Sigma": [[0.0023459141790662724, -0.0005410060922251565, -0.0011607840032049753], [-0.0005410060922251567, 0.002344079827040207, -4.034338499064649e-05], [-0.0011607840032049753, -4.0343384990646435e-05, 0.0008255228645594035]], "chi2_level": 0.95, "chi2_df": 3, "chi2_threshold": 7.814727903251179, "N_raw": 10, "N_roi": 10, "N_inlier": 9, "refit": true}
{"timestamp": "17:21:53.575635", "frame": 4, "mu": [1.4546899402515439, 1.026852641982883, 1.4038380194090843], "Sigma": [[0.0010714477775413329, -0.0004292672698438316, -0.0005993152541488698], [-0.0004292672698438315, 0.007581083259190055, -0.00346492568498959], [-0.0005993152541488698, -0.00346492568498959, 0.0023431522367805325]], "chi2_level": 0.95, "chi2_df": 3, "chi2_threshold": 7.814727903251179, "N_raw": 12, "N_roi": 12, "N_inlier": 11, "refit": true}
{"timestamp": "17:21:53.630438", "frame": 5, "mu": [1.419676746997264, 1.0323697144452937, 1.4698480525969302], "Sigma": [[0.0023990956766603375, -0.0001229235010394657, -0.0011539111542525106], [-0.00012292350103946563, 0.0025540776454683555, -0.001745216629632299], [-0.0011539111542525106, -0.001745216629632299, 0.0035839007036616226]], "chi2_level": 0.95, "chi2_df": 3, "chi2_threshold": 7.814727903251179, "N_raw": 18, "N_roi": 18, "N_inlier": 17, "refit": true}
{"timestamp": "17:21:53.685810", "frame": 6, "mu": [1.4485572966454425, 1.0390028171248689, 1.458505594114288], "Sigma": [[0.002625195868633393, -0.0016268168316887388, 0.0004071730983885623], [-0.0016268168316887388, 0.0026674475546361047, -0.0021308197361989156], [0.0004071730983885622, -0.0021308197361989156, 0.004340946835708114]], "chi2_level": 0.95, "chi2_df": 3, "chi2_threshold": 7.814727903251179, "N_raw": 19, "N_roi": 19, "N_inlier": 16, "refit": true}
{"timestamp": "17:21:53.739446", "frame": 7, "mu": [1.3256540662724534, 1.1692853514338084, 1.3724218967029336], "Sigma": [[0.0015233353098820374, -0.0003935332382091908, -0.000911554474820576], [-0.00039353323820919103, 0.005693311004156687, -0.014787859465856748], [-0.0009115544748205756, -0.014787859465856748, 0.046013709991825975]], "chi2_level": 0.95, "chi2_df": 3, "chi2_threshold": 7.814727903251179, "N_raw": 7, "N_roi": 7, "N_inlier": 7, "refit": true}
{"timestamp": "17:21:53.802488", "frame": 8, "mu": [1.3118565613689404, 1.040030562579977, 0.955531115293278], "Sigma": [[0.003961109275252273, -0.003023024340678304, 0.004913838296673353], [-0.003023024340678304, 0.007528946332228227, -0.012790452595315348], [0.004913838296673353, -0.01279045259531535, 0.04471928772586767]], "chi2_level": 0.95, "chi2_df": 3, "chi2_threshold": 7.814727903251179, "N_raw": 66, "N_roi": 66, "N_inlier": 65, "refit": true}
{"timestamp": "17:21:53.853992", "frame": 9, "mu": [1.329379077923693, 0.9999316980165607, 1.2962937300617814], "Sigma": [[0.005724321985163529, -0.002931900983017148, 0.003667345272419481], [-0.002931900983017148, 0.0029049764266805755, -0.004577630555405912], [0.003667345272419481, -0.004577630555405912, 0.0280423452296513]], "chi2_level": 0.95, "chi2_df": 3, "chi2_threshold": 7.814727903251179, "N_raw": 23, "N_roi": 23, "N_inlier": 20, "refit": true}
{"timestamp": "17:21:53.914082", "frame": 10, "mu": [1.1856983350079935, 1.2914072700321613, -0.4335569182709796], "Sigma": [[0.0059070171737842, -0.004835099749479764, 0.00878347897828053], [-0.004835099749479764, 0.017992412129717993, -0.0417434304946358], [0.008783478978280529, -0.0417434304946358, 0.11807699777474791]], "chi2_level": 0.95, "chi2_df": 3, "chi2_threshold": 7.814727903251179, "N_raw": 62, "N_roi": 62, "N_inlier": 62, "refit": true}
{"timestamp": "17:21:53.968958", "frame": 11, "mu": [1.1199015616095642, 1.1807441868626907, 1.318999012805452], "Sigma": [[0.00509462446935141, -0.003468328797840721, 0.009748727870196676], [-0.003468328797840721, 0.009560996957795725, -0.026488903775451753], [0.009748727870196676, -0.026488903775451753, 0.1153346870533592]], "chi2_level": 0.95, "chi2_df": 3, "chi2_threshold": 7.814727903251179, "N_raw": 60, "N_roi": 60, "N_inlier": 59, "refit": true}
{"timestamp": "17:21:54.025153", "frame": 12, "mu": [1.1269076166404766, 1.1706639122185187, 1.346158509161736], "Sigma": [[0.0045832657700596085, -0.001278556592156405, -0.006437282469917456], [-0.0012785565921564048, 0.00425268133820601, -0.007448350759080676], [-0.006437282469917457, -0.007448350759080676, 0.09257189552297936]], "chi2_level": 0.95, "chi2_df": 3, "chi2_threshold": 7.814727903251179, "N_raw": 65, "N_roi": 65, "N_inlier": 64, "refit": true}
{"timestamp": "17:21:54.075030", "frame": 13, "mu": [1.10018330419585, 1.125936779577559, 1.241242281350562], "Sigma": [[0.007472320397242612, -0.001685348172995467, -0.0227752702882431], [-0.001685348172995467, 0.004498772458178107, 0.009361580074089604], [-0.022775270288243103, 0.009361580074089604, 0.09616250746960771]], "chi2_level": 0.95, "chi2_df": 3, "chi2_threshold": 7.814727903251179, "N_raw": 29, "N_roi": 28, "N_inlier": 25, "refit": true}
{"timestamp": "17:21:54.130052", "frame": 14, "mu": [1.0185898395603878, 1.2237312137608896, -0.22082843299688337], "Sigma": [[0.0013204152609320285, -0.00011554104171042053, -3.7156550754157336e-06], [-0.00011554104171042075, 0.013524467967445173, -0.026018620218349792], [-3.7156550754155167e-06, -0.026018620218349796, 0.06639348694520873]], "chi2_level": 0.95, "chi2_df": 3, "chi2_threshold": 7.814727903251179, "N_raw": 27, "N_roi": 27, "N_inlier": 24, "refit": true}
{"timestamp": "17:21:54.186576", "frame": 15, "mu": [0.97865669042171, 1.1355019175692156, 1.4913714236326856], "Sigma": [[0.0025741172388122754, -0.0007997648995387292, -0.001011775860524602], [-0.0007997648995387292, 0.005757441326122664, -0.010453076054295154], [-0.0010117758605246022, -0.010453076054295154, 0.060868455809305166]], "chi2_level": 0.95, "chi2_df": 3, "chi2_threshold": 7.814727903251179, "N_raw": 47, "N_roi": 47, "N_inlier": 47, "refit": true}
{"timestamp": "17:21:54.241053", "frame": 16, "mu": [0.9404783557913834, 1.107837079502481, 1.3942882086358703], "Sigma": [[0.0027581006689292543, -0.002266947177959907, 0.0016556573511189668], [-0.002266947177959907, 0.00942068469024406, -0.012403799266937012], [0.001655657351118967, -0.012403799266937014, 0.035715802628117424]], "chi2_level": 0.95, "chi2_df": 3, "chi2_threshold": 7.814727903251179, "N_raw": 38, "N_roi": 38, "N_inlier": 38, "refit": true}
{"timestamp": "17:21:54.298346", "frame": 17, "mu": [0.9301025843707752, 1.0291353064771185, 1.4718833950067658], "Sigma": [[0.004614602377850459, -0.0006393078267991881, -0.0014180587341336734], [-0.0006393078267991881, 0.0061211124976896045, -0.0004927061264692755], [-0.0014180587341336734, -0.0004927061264692755, 0.0012307740641546157]], "chi2_level": 0.95, "chi2_df": 3, "chi2_threshold": 7.814727903251179, "N_raw": 56, "N_roi": 56, "N_inlier": 52, "refit": true}
{"timestamp": "17:21:54.347153", "frame": 18, "mu": [0.8655581606636903, 1.1607543272305927, -0.5610055829778415], "Sigma": [[0.0013892179448058942, 0.0011734162291279254, -0.007919750293467854], [0.0011734162291279252, 0.017341420052537478, 0.08528440962931698], [-0.007919750293467854, 0.08528440962931698, 0.5738858414788319]], "chi2_level": 0.95, "chi2_df": 3, "chi2_threshold": 7.814727903251179, "N_raw": 9, "N_roi": 9, "N_inlier": 7, "refit": true}
{"timestamp": "17:21:54.403612", "frame": 19, "mu": [0.7991852140181768, 1.009487382367515, 1.4792181733329], "Sigma": [[0.0018839193218889065, -0.0004147419401544014, -0.0025128896799992673], [-0.00041474194015440137, 0.0030953366805858027, 0.001431051440796081], [-0.0025128896799992673, 0.0014310514407960813, 0.03319741810301148]], "chi2_level": 0.95, "chi2_df": 3, "chi2_threshold": 7.814727903251179, "N_raw": 26, "N_roi": 26, "N_inlier": 23, "refit": true}
{"timestamp": "17:21:54.460319", "frame": 20, "mu": [0.8022816971821167, 1.0359704764250326, 1.5007278999549583], "Sigma": [[0.002342435461891806, 0.00020413828113480934, 0.000851326253695219], [0.00020413828113480934, 0.00580137219442342, -1.6415185554019725e-05], [0.0008513262536952188, -1.641518555401994e-05, 0.025367708225823002]], "chi2_level": 0.95, "chi2_df": 3, "chi2_threshold": 7.814727903251179, "N_raw": 38, "N_roi": 38, "N_inlier": 35, "refit": true}
{"timestamp": "17:21:54.514170", "frame": 21, "mu": [0.7788860627400862, 1.0695282209709378, 1.23439821139878], "Sigma": [[0.0022245276596510478, 0.0004960447542561449, 0.008340636720827722], [0.0004960447542561449, 0.0037599146703626834, -0.0017045938969546747], [0.008340636720827722, -0.0017045938969546745, 0.13011756930246995]], "chi2_level": 0.95, "chi2_df": 3, "chi2_threshold": 7.814727903251179, "N_raw": 27, "N_roi": 27, "N_inlier": 25, "refit": true}
{"timestamp": "17:21:54.570359", "frame": 22, "mu": [0.7125557108524825, 1.019618505709157, 1.5718397754029416], "Sigma": [[0.002672538893859049, 0.00032788307820228477, -0.0022142565138588803], [0.0003278830782022849, 0.010834034314539791, 0.003816750488404775], [-0.0022142565138588803, 0.003816750488404775, 0.005848155523568031]], "chi2_level": 0.95, "chi2_df": 3, "chi2_threshold": 7.814727903251179, "N_raw": 38, "N_roi": 38, "N_inlier": 34, "refit": true}
{"timestamp": "17:21:54.632122", "frame": 23, "mu": [0.6786035870038296, 1.1331448578594747, -0.15420878324914195], "Sigma": [[0.00478288292028569, 0.0008391648719393113, -0.0030828826730260107], [0.0008391648719393114, 0.009103521179918033, 0.0028483194860249063], [-0.0030828826730260107, 0.0028483194860249063, 0.004379506154237278]], "chi2_level": 0.95, "chi2_df": 3, "chi2_threshold": 7.814727903251179, "N_raw": 79, "N_roi": 79, "N_inlier": 73, "refit": true}
{"timestamp": "17:21:54.686547", "frame": 24, "mu": [0.6315514765690885, 1.048435452941794, 1.5394159531249778], "Sigma": [[0.004404988207396013, -0.00046471778891081977, -0.0032463079686476707], [-0.00046471778891081977, 0.004992799147919833, -0.0016385142984552004], [-0.0032463079686476707, -0.0016385142984552004, 0.006034328784754481]], "chi2_level": 0.95, "chi2_df": 3, "chi2_threshold": 7.814727903251179, "N_raw": 73, "N_roi": 73, "N_inlier": 69, "refit": true}
{"timestamp": "17:21:54.742298", "frame": 25, "mu": [0.5795563397129857, 1.0332643562819621, 1.5282757459520158], "Sigma": [[0.016044787647927876, 0.0036005736317594756, 0.027102326525324925], [0.0036005736317594756, 0.0070351967764011964, 0.005019171669852997], [0.027102326525324925, 0.005019171669852997, 0.06677744595723034]], "chi2_level": 0.95, "chi2_df": 3, "chi2_threshold": 7.814727903251179, "N_raw": 79, "N_roi": 79, "N_inlier": 74, "refit": true}
{"timestamp": "17:21:54.798442", "frame": 26, "mu": [0.5892853388727092, 1.101064110466541, 1.5644047071596137], "Sigma": [[0.005984863554521671, 5.1658308479842045e-05, -0.004580528000131288], [5.1658308479841964e-05, 0.004317853029792277, -0.003325927682921211], [-0.004580528000131288, -0.003325927682921211, 0.006408770489890995]], "chi2_level": 0.95, "chi2_df": 3, "chi2_threshold": 7.814727903251179, "N_raw": 86, "N_roi": 84, "N_inlier": 82, "refit": true}
{"timestamp": "17:21:54.849995", "frame": 27, "mu": [0.5407094029769325, 1.1202366179319416, -0.0519218650455341], "Sigma": [[0.003383286939979891, 0.0006857015449167113, -0.0015462941619536442], [0.0006857015449167114, 0.004431097935500366, -0.0016787752489837021], [-0.0015462941619536442, -0.0016787752489837021, 0.0028940796980558925]], "chi2_level": 0.95, "chi2_df": 3, "chi2_threshold": 7.814727903251179, "N_raw": 61, "N_roi": 61, "N_inlier": 54, "refit": true}
{"timestamp": "17:21:54.906344", "frame": 28, "mu": [0.5363479085705317, 1.0554660075805526, 1.5807120666608971], "Sigma": [[0.005267288952550305, 0.0016913205302006669, -0.001699712907571929], [0.0016913205302006664, 0.005070851513705615, -0.0021670781562856097], [-0.0016997129075719288, -0.0021670781562856097, 0.0012878480825187029]], "chi2_level": 0.95, "chi2_df": 3, "chi2_threshold": 7.814727903251179, "N_raw": 75, "N_roi": 75, "N_inlier": 73, "refit": true}
{"timestamp": "17:21:54.962345", "frame": 29, "mu": [0.4607720763487304, 1.0540310555052732, 1.5679917669196484], "Sigma": [[0.004708660003302529, 0.0020506110399834514, -0.003964249855026318], [0.002050611039983451, 0.0062031142360933385, -0.0032936035695978116], [-0.003964249855026318, -0.0032936035695978116, 0.00442987539754574]], "chi2_level": 0.95, "chi2_df": 3, "chi2_threshold": 7.814727903251179, "N_raw": 83, "N_roi": 83, "N_inlier": 79, "refit": true}
{"timestamp": "17:21:55.021044", "frame": 30, "mu": [0.38010975436701416, 1.0686615710366059, 1.3430799540101426], "Sigma": [[0.00681202835001693, -0.0022789729387791727, 0.01735102563141773], [-0.0022789729387791727, 0.008213385166845026, -0.012816586648138301], [0.01735102563141773, -0.012816586648138301, 0.11419311182406536]], "chi2_level": 0.95, "chi2_df": 3, "chi2_threshold": 7.814727903251179, "N_raw": 109, "N_roi": 109, "N_inlier": 102, "refit": true}
{"timestamp": "17:21:55.083174", "frame": 31, "mu": [0.30511476499773627, 1.084208967904984, 1.2169714335578232], "Sigma": [[0.01186262094380599, -0.006829850440746632, 0.016945092350583044], [-0.006829850440746632, 0.011389698329422314, -0.008708064924156907], [0.01694509235058304, -0.008708064924156905, 0.11551502652440676]], "chi2_level": 0.95, "chi2_df": 3, "chi2_threshold": 7.814727903251179, "N_raw": 150, "N_roi": 150, "N_inlier": 150, "refit": true}
{"timestamp": "17:21:55.133918", "frame": 32, "mu": [0.252389481987472, 1.0890128303153874, 1.3060046682306312], "Sigma": [[0.017583170812346383, -0.00826962314690203, 0.03451787301872368], [-0.00826962314690203, 0.010214963294869137, -0.022020107641086303], [0.03451787301872368, -0.022020107641086303, 0.12159421208758418]], "chi2_level": 0.95, "chi2_df": 3, "chi2_threshold": 7.814727903251179, "N_raw": 115, "N_roi": 115, "N_inlier": 112, "refit": true}
{"timestamp": "17:21:55.195521", "frame": 33, "mu": [0.09364107915703526, 1.1959552076050304, 0.27131625187510433], "Sigma": [[0.0205607167094193, -0.002061578072329627, 0.1499726611427399], [-0.002061578072329627, 0.005900861229628984, -0.049694610648922805], [0.14997266114273994, -0.049694610648922805, 1.5631666740130645]], "chi2_level": 0.95, "chi2_df": 3, "chi2_threshold": 7.814727903251179, "N_raw": 150, "N_roi": 150, "N_inlier": 147, "refit": true}
{"timestamp": "17:21:55.248381", "frame": 34, "mu": [0.008874797320020486, 1.2296787186491973, -0.6338230487362055], "Sigma": [[0.031176269640627544, -0.005336742178780245, 0.07279989579141546], [-0.005336742178780245, 0.014410740254339647, -0.02334900425148287], [0.07279989579141546, -0.02334900425148287, 0.19634743543188518]], "chi2_level": 0.95, "chi2_df": 3, "chi2_threshold": 7.814727903251179, "N_raw": 150, "N_roi": 150, "N_inlier": 139, "refit": true}
{"timestamp": "17:21:55.299773", "frame": 35, "mu": [0.10486556141492609, 1.085860315332643, 1.4443754621420504], "Sigma": [[0.023824610760487742, -0.008807535261216849, 0.03398576028059211], [-0.008807535261216849, 0.008894657452888729, -0.02329350542082161], [0.03398576028059211, -0.02329350542082161, 0.08213915339493111]], "chi2_level": 0.95, "chi2_df": 3, "chi2_threshold": 7.814727903251179, "N_raw": 132, "N_roi": 132, "N_inlier": 128, "refit": true}
{"timestamp": "17:21:55.357223", "frame": 36, "mu": [0.034348728424075346, 1.0586601068164099, 1.3962560342613832], "Sigma": [[0.038054304347918004, -0.013274207472271404, 0.05615762767101425], [-0.013274207472271404, 0.008137052216158071, -0.021645228973144828], [0.05615762767101425, -0.021645228973144828, 0.10906999813795393]], "chi2_level": 0.95, "chi2_df": 3, "chi2_threshold": 7.814727903251179, "N_raw": 144, "N_roi": 144, "N_inlier": 139, "refit": true}
{"timestamp": "17:21:55.408065", "frame": 37, "mu": [0.004251835915850853, 1.0048459783680097, 1.3151282617687496], "Sigma": [[0.0363223570107587, -0.027823594482398552, 0.043854635342775124], [-0.027823594482398552, 0.026177959898466663, -0.024920780749001902], [0.04385463534277513, -0.024920780749001902, 0.11194488866117368]], "chi2_level": 0.95, "chi2_df": 3, "chi2_threshold": 7.814727903251179, "N_raw": 114, "N_roi": 110, "N_inlier": 106, "refit": true}
{"timestamp": "17:21:55.463300", "frame": 38, "mu": [0.061439823353421685, 0.9856597431531865, 1.2960272908669423], "Sigma": [[0.014351836012278586, -0.004395757697555079, -0.04712206642583928], [-0.00439575769755508, 0.017372632089379378, -0.014776858676696612], [-0.04712206642583928, -0.014776858676696614, 0.2305756535633022]], "chi2_level": 0.95, "chi2_df": 3, "chi2_threshold": 7.814727903251179, "N_raw": 119, "N_roi": 119, "N_inlier": 112, "refit": true}
{"timestamp": "17:21:55.509342", "frame": 39, "mu": [-0.026356470374617587, 0.9084487929056135, 1.4471707930864335], "Sigma": [[0.006139136020894899, -0.009927456564351067, -0.007300303101014509], [-0.009927456564351065, 0.022320543466056098, 0.0138242994613157], [-0.007300303101014509, 0.013824299461315701, 0.011325543037793968]], "chi2_level": 0.95, "chi2_df": 3, "chi2_threshold": 7.814727903251179, "N_raw": 64, "N_roi": 64, "N_inlier": 61, "refit": true}
{"timestamp": "17:21:55.563261", "frame": 40, "mu": [-0.05143909177004531, 0.9582919851632501, 1.4624030741426282], "Sigma": [[0.002244775731122908, -0.0003538448292991074, -0.0015060586588733593], [-0.0003538448292991074, 0.008959069396978957, 0.003095393052693118], [-0.0015060586588733593, 0.003095393052693118, 0.0038245257414184857]], "chi2_level": 0.95, "chi2_df": 3, "chi2_threshold": 7.814727903251179, "N_raw": 58, "N_roi": 58, "N_inlier": 55, "refit": true}
{"timestamp": "17:21:55.621231", "frame": 41, "mu": [-0.08828285245057549, 0.9243156122026674, 1.4806291673503276], "Sigma": [[0.00247088077667763, 0.0006010382762674592, 0.0003171209867100976], [0.0006010382762674592, 0.004733721817836898, 0.0007899691834229831], [0.00031712098671009747, 0.0007899691834229835, 0.02422126953916724]], "chi2_level": 0.95, "chi2_df": 3, "chi2_threshold": 7.814727903251179, "N_raw": 79, "N_roi": 79, "N_inlier": 78, "refit": true}
{"timestamp": "17:21:55.673641", "frame": 42, "mu": [-0.10597317773038968, 1.0180246282172636, -0.3572755033311221], "Sigma": [[0.003430842499925463, 0.0053017511343165236, 0.005563409860407625], [0.005301751134316524, 0.02889226797522519, 0.026230976813716847], [0.005563409860407625, 0.026230976813716847, 0.027719923307666365]], "chi2_level": 0.95, "chi2_df": 3, "chi2_threshold": 7.814727903251179, "N_raw": 53, "N_roi": 53, "N_inlier": 51, "refit": true}
{"timestamp": "17:21:55.733424", "frame": 43, "mu": [-0.19903460942537177, 0.9387270657506084, -0.052752824777824864], "Sigma": [[0.005008857943804104, -0.0029711255450354614, 0.03726017615155614], [-0.002971125545035462, 0.0077167524020179115, -0.002503099140375876], [0.03726017615155614, -0.002503099140375876, 0.6738985565216766]], "chi2_level": 0.95, "chi2_df": 3, "chi2_threshold": 7.814727903251179, "N_raw": 93, "N_roi": 93, "N_inlier": 92, "refit": true}
{"timestamp": "17:21:55.788655", "frame": 44, "mu": [-0.2587059264061212, 0.9861146605855184, 1.059287979671344], "Sigma": [[0.0038041804097855643, -0.0002894407455907778, 0.005088720599095655], [-0.0002894407455907778, 0.002404343607505538, -0.020945336263584476], [0.005088720599095654, -0.020945336263584476, 0.5956786655073053]], "chi2_level": 0.95, "chi2_df": 3, "chi2_threshold": 7.814727903251179, "N_raw": 93, "N_roi": 93, "N_inlier": 91, "refit": true}
{"timestamp": "17:21:55.832239", "frame": 45, "mu": [-0.3178775213644001, 1.0449447077990432, 1.2069864664369552], "Sigma": [[0.007741150066278489, -0.004170101464398659, 0.004391919565477485], [-0.004170101464398659, 0.010254711261069199, -0.06656014742923624], [0.004391919565477485, -0.06656014742923624, 0.5270196291840793]], "chi2_level": 0.95, "chi2_df": 3, "chi2_threshold": 7.814727903251179, "N_raw": 11, "N_roi": 11, "N_inlier": 10, "refit": true}
{"timestamp": "17:21:55.895163", "frame": 46, "mu": [-0.29781520712226517, 0.9039295830648454, 1.3159336860108624], "Sigma": [[0.005048541701447544, -0.00267267123473455, -0.002539444068542912], [-0.00267267123473455, 0.005131614955064086, -0.020315208707938605], [-0.002539444068542912, -0.020315208707938605, 0.25005767050494915]], "chi2_level": 0.95, "chi2_df": 3, "chi2_threshold": 7.814727903251179, "N_raw": 73, "N_roi": 73, "N_inlier": 68, "refit": true}
{"timestamp": "17:21:55.946802", "frame": 47, "mu": [-0.3109002996454749, 1.0286035018872641, 1.590762612524168], "Sigma": [[0.0024686135261786715, -0.0009484115779292012, 0.0010063345738464096], [-0.0009484115779292012, 0.0018050118808813505, -0.0018163182133525211], [0.0010063345738464096, -0.001816318213352521, 0.0020546956210304402]], "chi2_level": 0.95, "chi2_df": 3, "chi2_threshold": 7.814727903251179, "N_raw": 44, "N_roi": 43, "N_inlier": 39, "refit": true}
{"timestamp": "17:21:55.999779", "frame": 48, "mu": [-0.335342314393851, 0.9596981834731286, 1.6398067411441568], "Sigma": [[0.001768813048024011, 0.001002001138687678, -0.0004038650092009782], [0.0010020011386876783, 0.002194146416594267, -0.0008039828848042197], [-0.00040386500920097825, -0.0008039828848042197, 0.00031528835797444354]], "chi2_level": 0.95, "chi2_df": 3, "chi2_threshold": 7.814727903251179, "N_raw": 35, "N_roi": 33, "N_inlier": 26, "refit": true}
{"timestamp": "17:21:56.066879", "frame": 49, "mu": [-0.47463832118394417, 0.992167890742618, 1.466769827538409], "Sigma": [[0.0075679037817851305, -0.003816297637636983, -0.008527549127703347], [-0.003816297637636983, 0.003885344163742495, 0.004969228978778211], [-0.008527549127703347, 0.004969228978778212, 0.0632392131263835]], "chi2_level": 0.95, "chi2_df": 3, "chi2_threshold": 7.814727903251179, "N_raw": 100, "N_roi": 98, "N_inlier": 94, "refit": true}
{"timestamp": "17:21:56.115291", "frame": 50, "mu": [-0.4456329801453305, 1.0078358383995352, 1.5357545402003585], "Sigma": [[0.0025721108752150643, -0.0004790690346698204, -7.519507190941339e-06], [-0.00047906903466982023, 0.0036680412334771885, -0.004331238176287134], [-7.519507190941393e-06, -0.004331238176287134, 0.012664363926216607]], "chi2_level": 0.95, "chi2_df": 3, "chi2_threshold": 7.814727903251179, "N_raw": 70, "N_roi": 70, "N_inlier": 60, "refit": true}
{"timestamp": "17:21:56.164997", "frame": 51, "mu": [-0.5254860393798408, 0.960134309024276, 1.6207643282348125], "Sigma": [[0.001362106784462163, -0.0002558232290815821, -2.2845849645670513e-05], [-0.000255823229081582, 0.0066808955794375735, -0.003708334260411292], [-2.2845849645670405e-05, -0.003708334260411292, 0.0025398075837269004]], "chi2_level": 0.95, "chi2_df": 3, "chi2_threshold": 7.814727903251179, "N_raw": 30, "N_roi": 30, "N_inlier": 25, "refit": true}
{"timestamp": "17:21:56.223562", "frame": 52, "mu": [-0.6046015473345674, 1.0263902124400117, 1.6651801542220914], "Sigma": [[0.0036856799723094303, -0.0008937238730018131, 6.049714107044573e-05], [-0.0008937238730018131, 0.003312525344287329, -0.0028775533273319087], [6.0497141070445676e-05, -0.002877553327331909, 0.0029672127199884086]], "chi2_level": 0.95, "chi2_df": 3, "chi2_threshold": 7.814727903251179, "N_raw": 59, "N_roi": 58, "N_inlier": 55, "refit": true}
{"timestamp": "17:21:56.286043", "frame": 53, "mu": [-0.5861673052781247, 0.9692896741366668, 1.3248414667439516], "Sigma": [[0.003721591520979432, -0.0015945099954277826, -0.010191891121502088], [-0.0015945099954277828, 0.004074727185026314, 0.01325131238468294], [-0.010191891121502088, 0.01325131238468294, 0.13039986025416647]], "chi2_level": 0.95, "chi2_df": 3, "chi2_threshold": 7.814727903251179, "N_raw": 113, "N_roi": 113, "N_inlier": 95, "refit": true}
{"timestamp": "17:21:56.332815", "frame": 54, "mu": [-0.6084829975966062, 0.9999543357253358, 1.2344421998411423], "Sigma": [[0.002762717356847202, -0.0012484224455612245, -0.00889304063278962], [-0.0012484224455612243, 0.002886315419332262, 0.01437277368486507], [-0.00889304063278962, 0.01437277368486507, 0.10201279062530466]], "chi2_level": 0.95, "chi2_df": 3, "chi2_threshold": 7.814727903251179, "N_raw": 46, "N_roi": 46, "N_inlier": 42, "refit": true}
{"timestamp": "17:21:56.391100", "frame": 55, "mu": [-0.7139454265028317, 0.9317862965155579, 1.4784814864920615], "Sigma": [[0.011050139911621794, 0.001969183726190051, -0.030318096839873715], [0.001969183726190051, 0.0036840374574431105, -0.0040166299657069335], [-0.030318096839873715, -0.0040166299657069335, 0.161146698911984]], "chi2_level": 0.95, "chi2_df": 3, "chi2_threshold": 7.814727903251179, "N_raw": 76, "N_roi": 76, "N_inlier": 67, "refit": true}
{"timestamp": "17:21:56.449918", "frame": 56, "mu": [-0.7524206235177264, 0.9357969340324187, 1.3791771091017127], "Sigma": [[0.01469523597687509, 0.00044518320668200494, -0.03866544506165363], [0.0004451832066820051, 0.005829513985014563, 0.006276905757155906], [-0.03866544506165363, 0.006276905757155905, 0.17737947108633628]], "chi2_level": 0.95, "chi2_df": 3, "chi2_threshold": 7.814727903251179, "N_raw": 107, "N_roi": 107, "N_inlier": 99, "refit": true}
{"timestamp": "17:21:56.497550", "frame": 57, "mu": [-0.9159939615914011, 0.818999023862294, 1.7463703262398682], "Sigma": [[0.016567000525948457, 0.008617465090463818, -0.016292975549345827], [0.008617465090463818, 0.00856343839538277, -0.01386154244453503], [-0.016292975549345827, -0.013861542444535028, 0.054799221033010326]], "chi2_level": 0.95, "chi2_df": 3, "chi2_threshold": 7.814727903251179, "N_raw": 45, "N_roi": 45, "N_inlier": 40, "refit": true}
{"timestamp": "17:21:56.565041", "frame": 58, "mu": [-0.9175908899254328, 0.8780802743026384, 1.5893212080818373], "Sigma": [[0.016484630643701096, 0.0056809955960535116, -0.03306184080836237], [0.005680995596053511, 0.008507290840319098, -0.016608424644754698], [-0.03306184080836237, -0.016608424644754698, 0.13095600217342876]], "chi2_level": 0.95, "chi2_df": 3, "chi2_threshold": 7.814727903251179, "N_raw": 139, "N_roi": 138, "N_inlier": 137, "refit": true}
{"timestamp": "17:21:56.619735", "frame": 59, "mu": [-1.004523784154075, 0.8330156125954447, 1.6543402786477577], "Sigma": [[0.013282579051385836, 0.0019451601377520591, -0.002331889133553343], [0.0019451601377520596, 0.00808306127013893, -0.007446345963135171], [-0.002331889133553343, -0.007446345963135171, 0.007889682992742982]], "chi2_level": 0.95, "chi2_df": 3, "chi2_threshold": 7.814727903251179, "N_raw": 133, "N_roi": 133, "N_inlier": 130, "refit": true}
{"timestamp": "17:21:56.672979", "frame": 60, "mu": [-1.0288374914276746, 0.7932643836189514, 1.6184442311851026], "Sigma": [[0.010814302784209029, 0.0037355542164095104, 0.000608448186949782], [0.0037355542164095104, 0.008229639831322364, -0.00484416674987726], [0.0006084481869497819, -0.00484416674987726, 0.013921167890733386]], "chi2_level": 0.95, "chi2_df": 3, "chi2_threshold": 7.814727903251179, "N_raw": 120, "N_roi": 120, "N_inlier": 107, "refit": true}
{"timestamp": "17:21:56.730186", "frame": 61, "mu": [-1.022757037349261, 0.8417246686676526, 1.3128617559294344], "Sigma": [[0.016249894189610557, 0.01701507472916272, -0.031990267727183865], [0.01701507472916272, 0.03189599873924668, -0.07044867259670536], [-0.031990267727183865, -0.07044867259670537, 0.19879893846214178]], "chi2_level": 0.95, "chi2_df": 3, "chi2_threshold": 7.814727903251179, "N_raw": 136, "N_roi": 136, "N_inlier": 133, "refit": true}
{"timestamp": "17:21:56.783553", "frame": 62, "mu": [-1.0632355538133287, 0.8382827142394325, 1.26017490785089], "Sigma": [[0.011312634209813164, 0.015579287392155704, -0.027635843461804626], [0.015579287392155704, 0.04063403408004922, -0.08742319063739878], [-0.027635843461804626, -0.08742319063739878, 0.22844273846775406]], "chi2_level": 0.95, "chi2_df": 3, "chi2_threshold": 7.814727903251179, "N_raw": 120, "N_roi": 120, "N_inlier": 118, "refit": true}
{"timestamp": "17:21:56.834739", "frame": 63, "mu": [-1.1492181583265082, 0.8109104091389213, -0.5972696832770702], "Sigma": [[0.008868917678797201, 0.009402646754619992, -0.011958362033508486], [0.009402646754619992, 0.03323946209005043, -0.055376290223477606], [-0.011958362033508488, -0.055376290223477606, 0.13486535148305132]], "chi2_level": 0.95, "chi2_df": 3, "chi2_threshold": 7.814727903251179, "N_raw": 98, "N_roi": 98, "N_inlier": 89, "refit": true}
{"timestamp": "17:21:56.892042", "frame": 64, "mu": [-1.1422431229536973, 0.8375587283160799, 1.3948469016966882], "Sigma": [[0.009459398422672256, 0.00822259301289614, -0.011555094600162033], [0.00822259301289614, 0.037758659304784684, -0.07597046314531974], [-0.011555094600162033, -0.07597046314531974, 0.17276111856399923]], "chi2_level": 0.95, "chi2_df": 3, "chi2_threshold": 7.814727903251179, "N_raw": 118, "N_roi": 118, "N_inlier": 114, "refit": true}
{"timestamp": "17:21:56.941720", "frame": 65, "mu": [-1.2468393435538137, 0.7125939099149317, 1.5584902389460895], "Sigma": [[0.008900076346513719, 0.0030737799193403872, 0.0011687917448508197], [0.0030737799193403872, 0.011892238617744268, -0.004730363310566986], [0.0011687917448508192, -0.004730363310566985, 0.007010986870528946]], "chi2_level": 0.95, "chi2_df": 3, "chi2_threshold": 7.814727903251179, "N_raw": 78, "N_roi": 78, "N_inlier": 75, "refit": true}
{"timestamp": "17:21:56.998042", "frame": 66, "mu": [-1.2671672553222872, 0.7259658861852707, 1.5504912118177936], "Sigma": [[0.01033749676474585, 0.0064716571158767045, 0.002855036849736087], [0.006471657115876705, 0.014360696834993062, -0.005126191086912121], [0.002855036849736087, -0.005126191086912121, 0.007190786252818896]], "chi2_level": 0.95, "chi2_df": 3, "chi2_threshold": 7.814727903251179, "N_raw": 90, "N_roi": 90, "N_inlier": 86, "refit": true}
{"timestamp": "17:21:57.051042", "frame": 67, "mu": [-1.2732790531518867, 0.8342955037519664, -0.33721131512519875], "Sigma": [[0.009767017638613125, 0.005437990552413938, 0.00865657703444515], [0.005437990552413938, 0.016042454533336532, 0.00598444448493449], [0.00865657703444515, 0.00598444448493449, 0.012336951534609567]], "chi2_level": 0.95, "chi2_df": 3, "chi2_threshold": 7.814727903251179, "N_raw": 79, "N_roi": 79, "N_inlier": 78, "refit": true}
{"timestamp": "17:21:57.107041", "frame": 68, "mu": [-1.2738388367937374, 0.8691199418827777, -0.3090753642690741], "Sigma": [[0.010984324148569464, 0.008785184110109276, 0.00888450788938164], [0.008785184110109276, 0.02088187331268105, 0.00790862705948912], [0.00888450788938164, 0.00790862705948912, 0.0109555464352669]], "chi2_level": 0.95, "chi2_df": 3, "chi2_threshold": 7.814727903251179, "N_raw": 84, "N_roi": 84, "N_inlier": 81, "refit": true}
{"timestamp": "17:21:57.163389", "frame": 69, "mu": [-1.264881193413749, 0.9685550975776938, -0.16379627221036538], "Sigma": [[0.008549167549699388, 0.00475815711340802, 1.8552257558732826e-05], [0.004758157113408018, 0.015997455338901928, -0.006805936900380327], [1.855225755873269e-05, -0.006805936900380327, 0.007890954071997093]], "chi2_level": 0.95, "chi2_df": 3, "chi2_threshold": 7.814727903251179, "N_raw": 91, "N_roi": 91, "N_inlier": 86, "refit": true}
{"timestamp": "17:21:57.219192", "frame": 70, "mu": [-1.2873274879332215, 0.9978656810679835, 0.30711704038978643], "Sigma": [[0.009496651770822682, 0.00360193970678926, 0.039534960926093314], [0.0036019397067892605, 0.011003382863620435, 0.026376608668981415], [0.03953496092609332, 0.026376608668981415, 0.4724357721710165]], "chi2_level": 0.95, "chi2_df": 3, "chi2_threshold": 7.814727903251179, "N_raw": 94, "N_roi": 94, "N_inlier": 94, "refit": true}
{"timestamp": "17:21:57.274846", "frame": 71, "mu": [-1.3330694268590229, 0.9454296575114536, 1.6117484649977498], "Sigma": [[0.008637712155264689, 0.003105524229785596, 0.0018222637370979896], [0.003105524229785596, 0.011359944404103506, -0.005950961123804945], [0.0018222637370979896, -0.005950961123804945, 0.034420074607844395]], "chi2_level": 0.95, "chi2_df": 3, "chi2_threshold": 7.814727903251179, "N_raw": 101, "N_roi": 101, "N_inlier": 95, "refit": true}
{"timestamp": "17:21:57.326615", "frame": 72, "mu": [-1.3743769844566982, 0.9766160110218584, 1.6541342507503964], "Sigma": [[0.006979808757032256, 0.0026142603376961195, -0.002124786438926752], [0.0026142603376961195, 0.010810862666192973, -0.011290867356255542], [-0.002124786438926752, -0.011290867356255542, 0.014564126299142692]], "chi2_level": 0.95, "chi2_df": 3, "chi2_threshold": 7.814727903251179, "N_raw": 75, "N_roi": 75, "N_inlier": 73, "refit": true}
{"timestamp": "17:21:57.378271", "frame": 73, "mu": [-1.396777658165888, 0.9316201567295552, 1.5096410293000724], "Sigma": [[0.005624571793836506, 0.00226981309224992, 0.012461711431493588], [0.00226981309224992, 0.00816452405735712, -0.0010202662615669193], [0.012461711431493588, -0.0010202662615669193, 0.11126868468951592]], "chi2_level": 0.95, "chi2_df": 3, "chi2_threshold": 7.814727903251179, "N_raw": 57, "N_roi": 57, "N_inlier": 54, "refit": true}
{"timestamp": "17:21:57.438339", "frame": 74, "mu": [-1.3988995712240664, 1.0911577206098282, -0.09209353150083321], "Sigma": [[0.010744620983679508, 0.006335515642140155, -0.003196836114113256], [0.006335515642140155, 0.018004575695779772, -0.013411644272939397], [-0.0031968361141132555, -0.013411644272939395, 0.011992741069662314]], "chi2_level": 0.95, "chi2_df": 3, "chi2_threshold": 7.814727903251179, "N_raw": 90, "N_roi": 90, "N_inlier": 87, "refit": true}
{"timestamp": "17:21:57.495454", "frame": 75, "mu": [-1.4000998955936934, 1.0783558450729256, 1.5819468844603002], "Sigma": [[0.009252253238821635, 0.007321272746724146, -0.0059150018953495614], [0.007321272746724146, 0.014935892107303277, -0.020666472947674524], [-0.0059150018953495614, -0.020666472947674524, 0.0581031375044288]], "chi2_level": 0.95, "chi2_df": 3, "chi2_threshold": 7.814727903251179, "N_raw": 103, "N_roi": 103, "N_inlier": 100, "refit": true}
{"timestamp": "17:21:57.547604", "frame": 76, "mu": [-1.4660282111207752, 1.0725549772690461, -0.09351112866816132], "Sigma": [[0.008993075280491236, 0.005561404687484722, 0.007477722858281573], [0.005561404687484723, 0.015386713735041723, 0.00031608683136570776], [0.007477722858281573, 0.0003160868313657083, 0.01957388312866644]], "chi2_level": 0.95, "chi2_df": 3, "chi2_threshold": 7.814727903251179, "N_raw": 78, "N_roi": 78, "N_inlier": 68, "refit": true}
{"timestamp": "17:21:57.603251", "frame": 77, "mu": [-1.5040391283577859, 1.069457340687575, 0.0635549132477573], "Sigma": [[0.010640345280642406, 0.00738007221272716, -0.004607425957909628], [0.00738007221272716, 0.02090270100427051, -0.01188429550127374], [-0.004607425957909629, -0.01188429550127374, 0.0115896847770079]], "chi2_level": 0.95, "chi2_df": 3, "chi2_threshold": 7.814727903251179, "N_raw": 77, "N_roi": 77, "N_inlier": 73, "refit": true}
{"timestamp": "17:21:57.657247", "frame": 78, "mu": [-1.4824104924808037, 1.1432538491920903, 1.7700650732413066], "Sigma": [[0.012138252611936738, 0.006922020962211298, -0.008417462637183844], [0.006922020962211299, 0.013253888011143343, -0.012841454120844583], [-0.008417462637183844, -0.012841454120844583, 0.015003472518819639]], "chi2_level": 0.95, "chi2_df": 3, "chi2_threshold": 7.814727903251179, "N_raw": 85, "N_roi": 85, "N_inlier": 81, "refit": true}
{"timestamp": "17:21:57.714169", "frame": 79, "mu": [-1.4862722677174502, 1.2001463224440017, 0.4632800081328012], "Sigma": [[0.01558841595513615, 0.007374072940550818, 0.05956218922080364], [0.007374072940550818, 0.014694243973947219, 0.03624126939313291], [0.05956218922080364, 0.03624126939313291, 0.4825124272750557]], "chi2_level": 0.95, "chi2_df": 3, "chi2_threshold": 7.814727903251179, "N_raw": 99, "N_roi": 99, "N_inlier": 99, "refit": true}
{"timestamp": "17:21:57.765446", "frame": 80, "mu": [-1.5437296251569126, 1.1985223645431218, 1.804740927775268], "Sigma": [[0.012207117264311415, 0.008458802620612525, -0.009890411778803537], [0.008458802620612525, 0.0152989193132113, -0.013972976274331314], [-0.009890411778803536, -0.013972976274331314, 0.014763990537490754]], "chi2_level": 0.95, "chi2_df": 3, "chi2_threshold": 7.814727903251179, "N_raw": 75, "N_roi": 75, "N_inlier": 74, "refit": true}
{"timestamp": "17:21:57.822146", "frame": 81, "mu": [-1.5658880085008735, 1.2666996156637451, -0.008768175444139761], "Sigma": [[0.014535053643595303, 0.01108073101965808, -0.005749483155628778], [0.011080731019658079, 0.019562456867151086, -0.013582095788658013], [-0.005749483155628777, -0.013582095788658013, 0.012951835726249477]], "chi2_level": 0.95, "chi2_df": 3, "chi2_threshold": 7.814727903251179, "N_raw": 82, "N_roi": 82, "N_inlier": 78, "refit": true}
{"timestamp": "17:21:57.881582", "frame": 82, "mu": [-1.5703285555231676, 1.281293700139599, -0.3365697439582685], "Sigma": [[0.014538836324765365, 0.008151077941222737, -0.008845823909705331], [0.008151077941222737, 0.022589754562952123, -0.011150151749285242], [-0.008845823909705331, -0.011150151749285242, 0.016180542293659856]], "chi2_level": 0.95, "chi2_df": 3, "chi2_threshold": 7.814727903251179, "N_raw": 110, "N_roi": 110, "N_inlier": 103, "refit": true}
{"timestamp": "17:21:57.925851", "frame": 83, "mu": [-1.6267109900858432, 1.273489947438745, 1.5796811903615031], "Sigma": [[0.013126227539557639, 0.007688938033619287, -0.009469532581929325], [0.007688938033619287, 0.0101888226547005, -0.016449267229197644], [-0.009469532581929325, -0.016449267229197644, 0.03784094567904779]], "chi2_level": 0.95, "chi2_df": 3, "chi2_threshold": 7.814727903251179, "N_raw": 38, "N_roi": 38, "N_inlier": 37, "refit": true}
{"timestamp": "17:21:57.986801", "frame": 84, "mu": [-1.6460264483168476, 1.3577544968957906, 0.20165370617397932], "Sigma": [[0.018795156926262727, 0.01278045929634144, 0.04345777557016253], [0.01278045929634144, 0.019163869694140964, 0.03891385274168806], [0.04345777557016253, 0.03891385274168806, 0.28071267760481705]], "chi2_level": 0.95, "chi2_df": 3, "chi2_threshold": 7.814727903251179, "N_raw": 85, "N_roi": 85, "N_inlier": 84, "refit": true}
{"timestamp": "17:21:58.043089", "frame": 85, "mu": [-1.6388342728143492, 1.4187559034086221, 0.12115982079174112], "Sigma": [[0.018614383189256106, 0.01718780874698922, -0.011523164743165558], [0.017187808746989216, 0.027142219429828564, -0.013286419485776474], [-0.011523164743165558, -0.013286419485776475, 0.008373351780071791]], "chi2_level": 0.95, "chi2_df": 3, "chi2_threshold": 7.814727903251179, "N_raw": 87, "N_roi": 87, "N_inlier": 84, "refit": true}
{"timestamp": "17:21:58.099077", "frame": 86, "mu": [-1.6367225452521663, 1.4293085128333174, 1.7370846995874885], "Sigma": [[0.01960970962170721, 0.012819530914596425, -0.01775783049004063], [0.012819530914596425, 0.017290936291640108, -0.012276092256311278], [-0.017757830490040632, -0.012276092256311278, 0.017048989710990267]], "chi2_level": 0.95, "chi2_df": 3, "chi2_threshold": 7.814727903251179, "N_raw": 88, "N_roi": 86, "N_inlier": 82, "refit": true}
{"timestamp": "17:21:58.156162", "frame": 87, "mu": [-1.6515791952887797, 1.5037792448179637, 1.7182057031579978], "Sigma": [[0.022776630898430156, 0.014483706503522866, -0.016582687186474175], [0.014483706503522866, 0.01898521534477831, -0.022332304632966142], [-0.016582687186474175, -0.022332304632966142, 0.030842579389510773]], "chi2_level": 0.95, "chi2_df": 3, "chi2_threshold": 7.814727903251179, "N_raw": 112, "N_roi": 112, "N_inlier": 108, "refit": true}
{"timestamp": "17:21:58.212719", "frame": 88, "mu": [-1.696716639696812, 1.5077846293572787, 1.7690751887380953], "Sigma": [[0.02421328036151619, 0.020227083707827442, -0.02680924351359488], [0.020227083707827442, 0.029128254139794422, -0.030677755346905304], [-0.026809243513594882, -0.030677755346905304, 0.044727886923016894]], "chi2_level": 0.95, "chi2_df": 3, "chi2_threshold": 7.814727903251179, "N_raw": 115, "N_roi": 115, "N_inlier": 112, "refit": true}
