{"timestamp": "16:54:25.086672", "frame": 1, "mu": [2.0469444938339554, 1.2201361205105004, 1.3474470245939898], "Sigma": [[0.00897028674407995, -0.004839407383664429, -0.0016529614454571066], [-0.004839407383664429, 0.012154278030424768, -0.0035509316167869663], [-0.0016529614454571064, -0.0035509316167869663, 0.0031198335831433745]], "chi2_level": 0.95, "chi2_df": 3, "chi2_threshold": 7.814727903251179, "N_raw": 47, "N_roi": 47, "N_inlier": 45, "refit": true}
{"timestamp": "16:54:25.142458", "frame": 2, "mu": [2.119822952326275, 1.099492745126359, 1.2114553172426137], "Sigma": [[0.006669972951401691, -0.004123115145813152, 0.0005399881181906826], [-0.004123115145813152, 0.012009439964791613, -0.0017217600733995667], [0.0005399881181906832, -0.0017217600733995672, 0.02260672899452071]], "chi2_level": 0.95, "chi2_df": 3, "chi2_threshold": 7.814727903251179, "N_raw": 44, "N_roi": 44, "N_inlier": 43, "refit": true}
{"timestamp": "16:54:25.196446", "frame": 3, "mu": [2.1189295918223325, 1.0614328474542962, 1.253158055973067], "Sigma": [[0.005563896141739963, -0.006986705987644424, -0.0010856636804973691], [-0.006986705987644424, 0.01591357995427019, -0.008577025239735452], [-0.0010856636804973693, -0.008577025239735452, 0.021868460583123604]], "chi2_level": 0.95, "chi2_df": 3, "chi2_threshold": 7.814727903251179, "N_raw": 42, "N_roi": 42, "N_inlier": 41, "refit": true}
{"timestamp": "16:54:25.304044", "frame": 5, "mu": [2.051480715284789, 1.0639857388316245, 1.1697019575107996], "Sigma": [[0.002909844788018235, -0.002858600423306483, -0.003733673738174092], [-0.002858600423306483, 0.003776732795621077, 0.0009486924406167403], [-0.003733673738174092, 0.00094869244061674, 0.012614501615421173]], "chi2_level": 0.95, "chi2_df": 3, "chi2_threshold": 7.814727903251179, "N_raw": 19, "N_roi": 19, "N_inlier": 18, "refit": true}
{"timestamp": "16:54:25.415599", "frame": 7, "mu": [2.041379049000885, 0.9952928724976906, 1.1734476584613076], "Sigma": [[0.004821639188347852, -0.004437049341322591, -0.0009732669617062829], [-0.004437049341322591, 0.012615956643168221, -0.004150083069891588], [-0.0009732669617062829, -0.004150083069891588, 0.004477266413499104]], "chi2_level": 0.95, "chi2_df": 3, "chi2_threshold": 7.814727903251179, "N_raw": 34, "N_roi": 34, "N_inlier": 32, "refit": true}
{"timestamp": "16:54:25.468179", "frame": 8, "mu": [2.03217303956972, 0.9250692967233701, 1.2022511941356908], "Sigma": [[0.0025468983485214276, -0.0024156327171466143, 0.0020510370420400528], [-0.0024156327171466143, 0.007643936963543119, -0.00496840853862808], [0.0020510370420400528, -0.00496840853862808, 0.014923711299410503]], "chi2_level": 0.95, "chi2_df": 3, "chi2_threshold": 7.814727903251179, "N_raw": 15, "N_roi": 15, "N_inlier": 14, "refit": true}
{"timestamp": "16:54:25.522596", "frame": 9, "mu": [2.015244131955601, 0.9041744176469033, 1.3559069445513798], "Sigma": [[0.003675007554441543, -0.002775729011927067, -0.005645309783820357], [-0.0027757290119270676, 0.0040765196239638994, 0.0035800197141976344], [-0.005645309783820357, 0.0035800197141976344, 0.026615160637604062]], "chi2_level": 0.95, "chi2_df": 3, "chi2_threshold": 7.814727903251179, "N_raw": 13, "N_roi": 13, "N_inlier": 11, "refit": true}
{"timestamp": "16:54:25.635458", "frame": 11, "mu": [1.9470830840224103, 0.935161145769653, 1.167136088420468], "Sigma": [[0.004417242985957685, -0.005862479593770103, -0.01023409502318235], [-0.005862479593770103, 0.013947176490958528, 0.0163090157754772], [-0.01023409502318235, 0.0163090157754772, 0.04516861024769524]], "chi2_level": 0.95, "chi2_df": 3, "chi2_threshold": 7.814727903251179, "N_raw": 31, "N_roi": 31, "N_inlier": 31, "refit": true}
{"timestamp": "16:54:25.745475", "frame": 13, "mu": [1.8993900380790307, 0.7717415145807006, 1.2350098992461471], "Sigma": [[0.006748819169623495, -0.007703796416242586, -0.0014433237032927273], [-0.007703796416242585, 0.01697484286790296, -0.0012978270997577655], [-0.0014433237032927275, -0.0012978270997577655, 0.0019394003544342866]], "chi2_level": 0.95, "chi2_df": 3, "chi2_threshold": 7.814727903251179, "N_raw": 36, "N_roi": 36, "N_inlier": 32, "refit": true}
{"timestamp": "16:54:25.799309", "frame": 14, "mu": [1.8572699287249026, 0.745203226701957, 1.2553875781067736], "Sigma": [[0.004801103796999411, -0.004672987833103938, -0.004057572572902828], [-0.004672987833103938, 0.00662213454712664, 0.0010492714077497138], [-0.004057572572902828, 0.001049271407749714, 0.010454970558111598]], "chi2_level": 0.95, "chi2_df": 3, "chi2_threshold": 7.814727903251179, "N_raw": 26, "N_roi": 26, "N_inlier": 24, "refit": true}
{"timestamp": "16:54:25.856510", "frame": 15, "mu": [1.770158368805655, 0.8601258563904003, 1.3412957389687519], "Sigma": [[0.005572833850469081, -0.006016415460520508, -0.008425985608072943], [-0.006016415460520508, 0.00887073221559886, 0.005315920024965351], [-0.008425985608072943, 0.005315920024965351, 0.02364934658352932]], "chi2_level": 0.95, "chi2_df": 3, "chi2_threshold": 7.814727903251179, "N_raw": 37, "N_roi": 37, "N_inlier": 35, "refit": true}
{"timestamp": "16:54:25.909618", "frame": 16, "mu": [1.7432265627693542, 0.8111594859662081, 1.1912371317054378], "Sigma": [[0.003436919656217302, -0.003810738649112435, -0.0013562236491917326], [-0.003810738649112435, 0.00995604992920494, -0.000964035463196693], [-0.0013562236491917326, -0.000964035463196693, 0.0033414630980562565]], "chi2_level": 0.95, "chi2_df": 3, "chi2_threshold": 7.814727903251179, "N_raw": 27, "N_roi": 27, "N_inlier": 24, "refit": true}
{"timestamp": "16:54:25.966265", "frame": 17, "mu": [1.6873136139674163, 0.8104695069948216, 1.2658550432705686], "Sigma": [[0.006700644695285944, -0.00670032986907077, -0.004805218355858483], [-0.00670032986907077, 0.013236923239716945, 0.0024152678204443466], [-0.004805218355858483, 0.0024152678204443466, 0.009282793146393116]], "chi2_level": 0.95, "chi2_df": 3, "chi2_threshold": 7.814727903251179, "N_raw": 39, "N_roi": 39, "N_inlier": 38, "refit": true}
{"timestamp": "16:54:26.022730", "frame": 18, "mu": [1.672836626629201, 0.8162581514469548, 1.3042772173394594], "Sigma": [[0.005954036841323993, -0.005591900108206567, -0.00308885506390097], [-0.005591900108206567, 0.009558099912040902, -0.0018818040050772576], [-0.00308885506390097, -0.0018818040050772576, 0.010749187829632153]], "chi2_level": 0.95, "chi2_df": 3, "chi2_threshold": 7.814727903251179, "N_raw": 43, "N_roi": 43, "N_inlier": 41, "refit": true}
{"timestamp": "16:54:26.075494", "frame": 19, "mu": [1.586953370933698, 0.854366840220633, 1.2564836415668195], "Sigma": [[0.002982913481421343, -0.002352606207957829, -0.00043723739111641485], [-0.002352606207957829, 0.007991000073647071, -0.003540860463216062], [-0.00043723739111641496, -0.0035408604632160626, 0.004995143360018219]], "chi2_level": 0.95, "chi2_df": 3, "chi2_threshold": 7.814727903251179, "N_raw": 29, "N_roi": 29, "N_inlier": 26, "refit": true}
{"timestamp": "16:54:26.132231", "frame": 20, "mu": [1.544602013102526, 0.99720956491402, -0.36027690287159003], "Sigma": [[0.005463741343359035, -0.0023002703518564395, -0.008443814989267533], [-0.0023002703518564395, 0.007220276730312745, -0.0014614621167030495], [-0.008443814989267533, -0.0014614621167030497, 0.02102616151907411]], "chi2_level": 0.95, "chi2_df": 3, "chi2_threshold": 7.814727903251179, "N_raw": 41, "N_roi": 41, "N_inlier": 39, "refit": true}
{"timestamp": "16:54:26.184434", "frame": 21, "mu": [1.399250538931649, 0.9677454093866878, 1.0866019720159559], "Sigma": [[0.004816240932475336, -0.005013768089734841, 0.01403359081317893], [-0.005013768089734841, 0.008922696502459481, -0.01869301782445643], [0.01403359081317893, -0.01869301782445643, 0.07828869758095228]], "chi2_level": 0.95, "chi2_df": 3, "chi2_threshold": 7.814727903251179, "N_raw": 29, "N_roi": 29, "N_inlier": 28, "refit": true}
{"timestamp": "16:54:26.238114", "frame": 22, "mu": [1.5097223070875079, 0.84370786345952, 1.3080480351188695], "Sigma": [[0.002988381323065629, -0.0030309891357917828, 0.0016225504402737313], [-0.0030309891357917828, 0.00764378142546005, -0.004729771665858524], [0.001622550440273731, -0.004729771665858524, 0.027612160425458828]], "chi2_level": 0.95, "chi2_df": 3, "chi2_threshold": 7.814727903251179, "N_raw": 19, "N_roi": 19, "N_inlier": 18, "refit": true}
{"timestamp": "16:54:26.299123", "frame": 23, "mu": [1.4164604420456177, 0.8043069571929864, 1.2235442077431413], "Sigma": [[0.005068779782274915, -0.0024487107811396016, 0.0007614964655439072], [-0.002448710781139602, 0.00667871522410246, -0.00752213787413317], [0.0007614964655439072, -0.00752213787413317, 0.0482859669805924]], "chi2_level": 0.95, "chi2_df": 3, "chi2_threshold": 7.814727903251179, "N_raw": 61, "N_roi": 61, "N_inlier": 61, "refit": true}
{"timestamp": "16:54:26.354273", "frame": 24, "mu": [1.3690315352051416, 0.7473227093570504, 1.3275160558986057], "Sigma": [[0.008287770643777736, -0.007092576693166491, -0.008983446850617666], [-0.007092576693166491, 0.00951119298381804, 0.00500727028541623], [-0.008983446850617666, 0.00500727028541623, 0.014788678611757216]], "chi2_level": 0.95, "chi2_df": 3, "chi2_threshold": 7.814727903251179, "N_raw": 50, "N_roi": 50, "N_inlier": 46, "refit": true}
{"timestamp": "16:54:26.402641", "frame": 25, "mu": [1.2590003589658458, 0.8551847148139702, 1.2543707239826147], "Sigma": [[0.004663289207585831, -0.004898228284358949, 0.005222784401649105], [-0.004898228284358949, 0.009246961373780957, -0.015785576784159823], [0.005222784401649105, -0.015785576784159823, 0.05058206135650825]], "chi2_level": 0.95, "chi2_df": 3, "chi2_threshold": 7.814727903251179, "N_raw": 12, "N_roi": 12, "N_inlier": 12, "refit": true}
{"timestamp": "16:54:26.459195", "frame": 26, "mu": [1.2425087152640777, 0.8382493349800212, 1.3498749457222239], "Sigma": [[0.004485563167644295, -0.006365100345735659, 0.005306082845981047], [-0.006365100345735659, 0.0125914852287897, -0.014864326877657376], [0.005306082845981047, -0.014864326877657376, 0.029695861538694447]], "chi2_level": 0.95, "chi2_df": 3, "chi2_threshold": 7.814727903251179, "N_raw": 22, "N_roi": 22, "N_inlier": 20, "refit": true}
{"timestamp": "16:54:26.514339", "frame": 27, "mu": [1.2025926524654158, 0.8082561801987949, 1.3157010034536005], "Sigma": [[0.0037968458799099982, -0.008126578860384415, 0.0061525999940434525], [-0.008126578860384414, 0.020556111410483545, -0.018554583383633323], [0.006152599994043452, -0.018554583383633326, 0.05822178263605233]], "chi2_level": 0.95, "chi2_df": 3, "chi2_threshold": 7.814727903251179, "N_raw": 20, "N_roi": 20, "N_inlier": 19, "refit": true}
{"timestamp": "16:54:26.570196", "frame": 28, "mu": [1.1167250074222153, 0.8437654834221439, 1.5338299104516275], "Sigma": [[0.0032306349043109512, -0.00099694381848871, -0.00118752882293706], [-0.0009969438184887103, 0.00441795981796612, -0.0017054423774623443], [-0.00118752882293706, -0.0017054423774623443, 0.010000477490040242]], "chi2_level": 0.95, "chi2_df": 3, "chi2_threshold": 7.814727903251179, "N_raw": 29, "N_roi": 29, "N_inlier": 26, "refit": true}
{"timestamp": "16:54:26.622497", "frame": 29, "mu": [1.02647403421123, 0.9489583433071713, 1.5008487422543204], "Sigma": [[0.0017417985572757164, -0.0003705726230418598, -0.0022261539068730942], [-0.00037057262304185964, 0.0013597133832639915, 0.0002197884410906343], [-0.0022261539068730942, 0.00021978844109063434, 0.00400372093705765]], "chi2_level": 0.95, "chi2_df": 3, "chi2_threshold": 7.814727903251179, "N_raw": 12, "N_roi": 12, "N_inlier": 10, "refit": true}
{"timestamp": "16:54:26.677285", "frame": 30, "mu": [1.0107451212654033, 1.0237452306072996, -0.6458802474791078], "Sigma": [[0.0019431683471428094, 0.001106253593264332, -0.013149192722470726], [0.001106253593264332, 0.0119726580785926, -0.02734191550687598], [-0.013149192722470728, -0.02734191550687598, 0.3021387384469726]], "chi2_level": 0.95, "chi2_df": 3, "chi2_threshold": 7.814727903251179, "N_raw": 12, "N_roi": 12, "N_inlier": 12, "refit": true}
{"timestamp": "16:54:26.734977", "frame": 31, "mu": [0.974934203222224, 0.7876441369901842, 1.4594969418678096], "Sigma": [[0.002612643037120227, -0.0019146379953540022, -0.00036443014715169914], [-0.001914637995354002, 0.006725709262288494, -0.002060643145099554], [-0.00036443014715169925, -0.002060643145099554, 0.0036155178217681344]], "chi2_level": 0.95, "chi2_df": 3, "chi2_threshold": 7.814727903251179, "N_raw": 31, "N_roi": 31, "N_inlier": 29, "refit": true}
{"timestamp": "16:54:26.791296", "frame": 32, "mu": [0.954594388792422, 0.8618515820487818, 1.474042098634594], "Sigma": [[0.002479050246754955, -0.0009558325868592674, 0.0017843474416324775], [-0.0009558325868592676, 0.00219815732888763, -0.0016073777026793868], [0.0017843474416324775, -0.0016073777026793868, 0.023080253258029888]], "chi2_level": 0.95, "chi2_df": 3, "chi2_threshold": 7.814727903251179, "N_raw": 35, "N_roi": 35, "N_inlier": 32, "refit": true}
{"timestamp": "16:54:26.846513", "frame": 33, "mu": [0.8056501160849366, 0.9748043624629221, -0.1740934107130863], "Sigma": [[0.0031896849246633415, 0.0002820429869016521, -0.0017528188867856039], [0.00028204298690165207, 0.002231730529813068, -0.0016880391955884607], [-0.001752818886785604, -0.0016880391955884605, 0.01713248494778314]], "chi2_level": 0.95, "chi2_df": 3, "chi2_threshold": 7.814727903251179, "N_raw": 38, "N_roi": 38, "N_inlier": 33, "refit": true}
{"timestamp": "16:54:26.901323", "frame": 34, "mu": [0.8241340735553722, 0.9362293733346696, -0.3124832942128069], "Sigma": [[0.0037377396030637655, -5.298893590166727e-05, -0.0035982069822195844], [-5.298893590166727e-05, 0.0019069104477696947, -0.0014768346452653097], [-0.0035982069822195844, -0.0014768346452653097, 0.006630918382510144]], "chi2_level": 0.95, "chi2_df": 3, "chi2_threshold": 7.814727903251179, "N_raw": 38, "N_roi": 38, "N_inlier": 34, "refit": true}
{"timestamp": "16:54:26.958415", "frame": 35, "mu": [0.7174981271834849, 0.8604085699606611, 1.5225510485319689], "Sigma": [[0.0037967338722215255, 0.00028033602900123333, -0.0017216770306303021], [0.00028033602900123333, 0.0036556196854055784, -0.0013174086544893932], [-0.0017216770306303021, -0.0013174086544893932, 0.001293499522863723]], "chi2_level": 0.95, "chi2_df": 3, "chi2_threshold": 7.814727903251179, "N_raw": 54, "N_roi": 54, "N_inlier": 49, "refit": true}
{"timestamp": "16:54:27.015943", "frame": 36, "mu": [0.6517073497585016, 0.8743095058197694, 1.5265126588022508], "Sigma": [[0.0039497501119803045, 0.0011446658838642836, -0.002846789830799042], [0.0011446658838642839, 0.004953963138531012, -0.002752726568095994], [-0.002846789830799042, -0.0027527265680959943, 0.0031825515701179806]], "chi2_level": 0.95, "chi2_df": 3, "chi2_threshold": 7.814727903251179, "N_raw": 66, "N_roi": 66, "N_inlier": 62, "refit": true}
{"timestamp": "16:54:27.071063", "frame": 37, "mu": [0.5870426348402629, 0.8828382393843335, 1.5538300894217665], "Sigma": [[0.0033626273899012753, 0.0010760049802613894, -0.0035375036086282372], [0.0010760049802613894, 0.006791263151588778, -0.0032853461748576294], [-0.0035375036086282372, -0.0032853461748576294, 0.00548189611055683]], "chi2_level": 0.95, "chi2_df": 3, "chi2_threshold": 7.814727903251179, "N_raw": 70, "N_roi": 70, "N_inlier": 68, "refit": true}
{"timestamp": "16:54:27.125562", "frame": 38, "mu": [0.5548953388433703, 0.8712220507115985, 1.580103443926422], "Sigma": [[0.0026514168951247007, 0.00022260710089715488, -0.0005043038304560929], [0.00022260710089715474, 0.005382056370706297, -0.0010572936887568779], [-0.0005043038304560929, -0.0010572936887568779, 0.0005214050231098017]], "chi2_level": 0.95, "chi2_df": 3, "chi2_threshold": 7.814727903251179, "N_raw": 60, "N_roi": 59, "N_inlier": 56, "refit": true}
{"timestamp": "16:54:27.186525", "frame": 39, "mu": [0.5198097935296236, 0.8529756518620653, 0.0618270487403529], "Sigma": [[0.002864015772214552, -0.0006636488286797835, 0.023133774558616232], [-0.0006636488286797837, 0.021725219961661466, 0.03231356281106199], [0.023133774558616232, 0.032313562811062, 1.2091843150238901]], "chi2_level": 0.95, "chi2_df": 3, "chi2_threshold": 7.814727903251179, "N_raw": 106, "N_roi": 106, "N_inlier": 104, "refit": true}
{"timestamp": "16:54:27.238586", "frame": 40, "mu": [0.5259355371660638, 0.8633075717271115, 1.474801431001533], "Sigma": [[0.004228789530027848, -0.00024158944453878426, -0.003633354171805993], [-0.00024158944453878424, 0.003026866068242161, -0.0031020976691773774], [-0.003633354171805993, -0.0031020976691773774, 0.007224381794976844]], "chi2_level": 0.95, "chi2_df": 3, "chi2_threshold": 7.814727903251179, "N_raw": 79, "N_roi": 79, "N_inlier": 77, "refit": true}
{"timestamp": "16:54:27.296042", "frame": 41, "mu": [0.48949590993470143, 0.9152379813678998, 0.05515119988014091], "Sigma": [[0.006830915897085371, -0.0015285286660509088, 0.052952748772006425], [-0.0015285286660509086, 0.009026103240564638, -0.05578496134662285], [0.05295274877200644, -0.05578496134662285, 0.9028414746566477]], "chi2_level": 0.95, "chi2_df": 3, "chi2_threshold": 7.814727903251179, "N_raw": 93, "N_roi": 93, "N_inlier": 84, "refit": true}
{"timestamp": "16:54:27.347039", "frame": 42, "mu": [0.3805753833566468, 0.868625394572785, 1.323203872047731], "Sigma": [[0.0028976716988937355, 0.001000848949676357, 0.010867839952796289], [0.0010008489496763572, 0.0072008995369294134, 0.010533230949191334], [0.010867839952796287, 0.010533230949191334, 0.09005054190864423]], "chi2_level": 0.95, "chi2_df": 3, "chi2_threshold": 7.814727903251179, "N_raw": 68, "N_roi": 68, "N_inlier": 63, "refit": true}
{"timestamp": "16:54:27.407125", "frame": 43, "mu": [0.2260875456032121, 0.96790819530514, 1.1812169720821875], "Sigma": [[0.04586374624317584, -0.018694924748359414, 0.06660030246759308], [-0.018694924748359414, 0.009650027905034672, -0.030626711033484043], [0.06660030246759308, -0.030626711033484043, 0.1081721323881934]], "chi2_level": 0.95, "chi2_df": 3, "chi2_threshold": 7.814727903251179, "N_raw": 100, "N_roi": 100, "N_inlier": 96, "refit": true}
{"timestamp": "16:54:27.453059", "frame": 44, "mu": [-0.08406381546229291, 1.0783574903160296, 0.8104558066610257], "Sigma": [[0.011126238616602058, -0.007020941078179578, -0.0021827462546941652], [-0.00702094107817958, 0.007349606803247864, 0.013469816385191603], [-0.0021827462546941644, 0.013469816385191602, 0.10015200114637425]], "chi2_level": 0.95, "chi2_df": 3, "chi2_threshold": 7.814727903251179, "N_raw": 46, "N_roi": 46, "N_inlier": 40, "refit": true}
{"timestamp": "16:54:27.511318", "frame": 45, "mu": [-0.0998027371216509, 1.113379119831369, 0.9527361400221562], "Sigma": [[0.0204856032777817, -0.010777904198253682, 0.02599251103938307], [-0.010777904198253682, 0.008939126925121181, -0.019145000298117318], [0.02599251103938307, -0.019145000298117318, 0.047302594447851426]], "chi2_level": 0.95, "chi2_df": 3, "chi2_threshold": 7.814727903251179, "N_raw": 67, "N_roi": 66, "N_inlier": 62, "refit": true}
{"timestamp": "16:54:27.570109", "frame": 46, "mu": [0.053408469576294505, 0.9784664867040261, 1.242811136773612], "Sigma": [[0.030726053413487848, -0.024278542865511336, 0.04779328051341056], [-0.024278542865511336, 0.023140247103901584, -0.04255519950833221], [0.04779328051341056, -0.042555199508332205, 0.08464534088631664]], "chi2_level": 0.95, "chi2_df": 3, "chi2_threshold": 7.814727903251179, "N_raw": 96, "N_roi": 96, "N_inlier": 93, "refit": true}
{"timestamp": "16:54:27.624079", "frame": 47, "mu": [0.11143926089657653, 0.8373243410579998, 1.356831343588885], "Sigma": [[0.0027606296288656077, 0.0007941675349536833, -0.001299782725974499], [0.0007941675349536833, 0.012461262397204883, 0.0014787336997565989], [-0.001299782725974499, 0.0014787336997565989, 0.0010462569726618104]], "chi2_level": 0.95, "chi2_df": 3, "chi2_threshold": 7.814727903251179, "N_raw": 81, "N_roi": 80, "N_inlier": 77, "refit": true}
{"timestamp": "16:54:27.675231", "frame": 48, "mu": [0.03396338508845776, 0.9753530461742675, -0.5011654500556333], "Sigma": [[0.002567174628570713, 0.002490236959469769, 0.0032410875533828024], [0.002490236959469769, 0.008523471246109068, 0.006233464139563132], [0.003241087553382802, 0.006233464139563132, 0.010186528447729498]], "chi2_level": 0.95, "chi2_df": 3, "chi2_threshold": 7.814727903251179, "N_raw": 57, "N_roi": 54, "N_inlier": 50, "refit": true}
{"timestamp": "16:54:27.731014", "frame": 49, "mu": [-0.0779902947128976, 0.8787158963886099, 1.4403735061231382], "Sigma": [[0.0028086577591600655, -0.004429613194372208, -0.0033484478887645815], [-0.004429613194372208, 0.019335678031536775, 0.010434708373900271], [-0.0033484478887645815, 0.010434708373900271, 0.007315430964078286]], "chi2_level": 0.95, "chi2_df": 3, "chi2_threshold": 7.814727903251179, "N_raw": 69, "N_roi": 69, "N_inlier": 67, "refit": true}
{"timestamp": "16:54:27.785103", "frame": 50, "mu": [-0.10934570898082083, 0.9014689510413653, -0.45400150705600933], "Sigma": [[0.0018744735886862547, 0.003146824824127581, 0.006086580261539824], [0.0031468248241275816, 0.012104044078437723, 0.0094197674775345], [0.006086580261539824, 0.009419767477534502, 0.04016972958997004]], "chi2_level": 0.95, "chi2_df": 3, "chi2_threshold": 7.814727903251179, "N_raw": 55, "N_roi": 55, "N_inlier": 50, "refit": true}
{"timestamp": "16:54:27.932413", "frame": 51, "mu": [-0.1639215822669524, 0.8468903032959834, 1.3370188425452134], "Sigma": [[0.0020395717490323565, 0.0011431393413615244, 0.0012331745989214746], [0.0011431393413615244, 0.004801629478998043, 0.002737594950365813], [0.0012331745989214746, 0.002737594950365813, 0.03570386397013841]], "chi2_level": 0.95, "chi2_df": 3, "chi2_threshold": 7.814727903251179, "N_raw": 89, "N_roi": 89, "N_inlier": 85, "refit": true}
{"timestamp": "16:54:27.945434", "frame": 52, "mu": [-0.1775379719406735, 1.033907095635972, -0.2306297757246761], "Sigma": [[0.002193155250245122, 0.0008636914429426014, -0.0006252932702523206], [0.0008636914429426014, 0.005636736886867927, -0.0035241273372179425], [-0.0006252932702523206, -0.0035241273372179425, 0.002487584608106215]], "chi2_level": 0.95, "chi2_df": 3, "chi2_threshold": 7.814727903251179, "N_raw": 75, "N_roi": 75, "N_inlier": 73, "refit": true}
{"timestamp": "16:54:27.978430", "frame": 53, "mu": [-0.27144069241282825, 1.004872990253318, -0.2974334574411723], "Sigma": [[0.003423601252828208, 0.0021392078668602114, 0.003483096688874582], [0.0021392078668602114, 0.010513756563998606, 0.0028249064869777843], [0.003483096688874582, 0.0028249064869777843, 0.014442946580314352]], "chi2_level": 0.95, "chi2_df": 3, "chi2_threshold": 7.814727903251179, "N_raw": 95, "N_roi": 95, "N_inlier": 91, "refit": true}
{"timestamp": "16:54:28.008333", "frame": 54, "mu": [-0.3359833041123399, 0.8645230785562686, 1.4295624718636575], "Sigma": [[0.0039289972951157956, 0.005380225514788354, 0.007336439918384319], [0.005380225514788355, 0.012605907978814194, 0.011117771228733926], [0.007336439918384318, 0.011117771228733926, 0.020706968014240285]], "chi2_level": 0.95, "chi2_df": 3, "chi2_threshold": 7.814727903251179, "N_raw": 73, "N_roi": 73, "N_inlier": 69, "refit": true}
{"timestamp": "16:54:28.061404", "frame": 55, "mu": [-0.39683773581884857, 1.0967538191515824, -0.315687982936324], "Sigma": [[0.007870682049754768, 0.009439409467433376, -0.018292814611604924], [0.009439409467433376, 0.023587569905178615, -0.03176986341788629], [-0.018292814611604924, -0.03176986341788629, 0.05732828573957138]], "chi2_level": 0.95, "chi2_df": 3, "chi2_threshold": 7.814727903251179, "N_raw": 63, "N_roi": 63, "N_inlier": 60, "refit": true}
{"timestamp": "16:54:28.117791", "frame": 56, "mu": [-0.4541267642236544, 1.0020848749876476, 1.5334407982638052], "Sigma": [[0.002990138296356186, -0.0012375718709494632, -0.0002202753662034549], [-0.001237571870949463, 0.005666305687234765, -0.0023737309620581433], [-0.0002202753662034548, -0.0023737309620581433, 0.008262278185721905]], "chi2_level": 0.95, "chi2_df": 3, "chi2_threshold": 7.814727903251179, "N_raw": 76, "N_roi": 76, "N_inlier": 72, "refit": true}
{"timestamp": "16:54:28.178689", "frame": 57, "mu": [-0.5008542806372523, 1.0496562830344385, -0.4799575402122908], "Sigma": [[0.0055870543879308395, 0.0013629004263794012, -0.00703100737044619], [0.0013629004263794014, 0.008549300012279354, -0.01113456748120725], [-0.007031007370446189, -0.011134567481207253, 0.050871140073876324]], "chi2_level": 0.95, "chi2_df": 3, "chi2_threshold": 7.814727903251179, "N_raw": 110, "N_roi": 110, "N_inlier": 106, "refit": true}
{"timestamp": "16:54:28.233601", "frame": 58, "mu": [-0.5671039350234993, 0.9590864928992953, 0.15040121196441678], "Sigma": [[0.005010393938531065, -0.0030498707742938882, 0.03219181416637623], [-0.0030498707742938882, 0.015940275680216488, -0.025026676734281862], [0.03219181416637623, -0.025026676734281862, 0.5174990390573156]], "chi2_level": 0.95, "chi2_df": 3, "chi2_threshold": 7.814727903251179, "N_raw": 118, "N_roi": 118, "N_inlier": 109, "refit": true}
{"timestamp": "16:54:28.288602", "frame": 59, "mu": [-0.7116189100098831, 0.9124673226215739, 0.0070482118714308446], "Sigma": [[0.04160068369386703, 0.010906708613452297, 0.05154683595246718], [0.010906708613452297, 0.01252794143800279, -0.011584957978196454], [0.05154683595246719, -0.011584957978196454, 0.24577296797028758]], "chi2_level": 0.95, "chi2_df": 3, "chi2_threshold": 7.814727903251179, "N_raw": 108, "N_roi": 108, "N_inlier": 105, "refit": true}
{"timestamp": "16:54:28.340327", "frame": 60, "mu": [-0.8020137121178691, 0.9129754416026534, 1.447367097867699], "Sigma": [[0.02903081643466263, 0.00916056256692964, -0.027737451603955993], [0.009160562566929641, 0.01667490766025749, -0.005831292660417701], [-0.027737451603955993, -0.0058312926604177015, 0.05446649090803567]], "chi2_level": 0.95, "chi2_df": 3, "chi2_threshold": 7.814727903251179, "N_raw": 96, "N_roi": 96, "N_inlier": 94, "refit": true}
{"timestamp": "16:54:28.398138", "frame": 61, "mu": [-0.8309254509519024, 1.047562017780992, -0.2220990414671342], "Sigma": [[0.021616754616309172, 0.006817408012064362, -0.015939784233976524], [0.006817408012064364, 0.01622261363999136, -0.001338982892476511], [-0.015939784233976524, -0.0013389828924765116, 0.03055818437012925]], "chi2_level": 0.95, "chi2_df": 3, "chi2_threshold": 7.814727903251179, "N_raw": 102, "N_roi": 102, "N_inlier": 95, "refit": true}
{"timestamp": "16:54:28.449448", "frame": 62, "mu": [-0.9264513089381669, 0.9902174429873072, 1.6760739877682558], "Sigma": [[0.02351764892975789, 0.011295452579844274, -0.010945659255453766], [0.011295452579844274, 0.014333741862926111, -0.00953186179517557], [-0.010945659255453764, -0.00953186179517557, 0.008929584038196022]], "chi2_level": 0.95, "chi2_df": 3, "chi2_threshold": 7.814727903251179, "N_raw": 91, "N_roi": 91, "N_inlier": 87, "refit": true}
{"timestamp": "16:54:28.507416", "frame": 63, "mu": [-1.0009905792022755, 0.9698633870087303, 1.6071604552839802], "Sigma": [[0.023760342544076836, 0.018376980279380332, 0.002830342547926131], [0.018376980279380332, 0.023136680929930896, -0.0023412809543285804], [0.002830342547926131, -0.0023412809543285804, 0.005308110008836609]], "chi2_level": 0.95, "chi2_df": 3, "chi2_threshold": 7.814727903251179, "N_raw": 112, "N_roi": 112, "N_inlier": 108, "refit": true}
{"timestamp": "16:54:28.567440", "frame": 64, "mu": [-1.0659003487909233, 0.998768551550782, 1.68038755275558], "Sigma": [[0.02496690316769449, 0.013273110138625987, -0.019511803770424153], [0.013273110138625987, 0.015321492500680536, -0.011355285881805698], [-0.019511803770424153, -0.011355285881805698, 0.04099512529558983]], "chi2_level": 0.95, "chi2_df": 3, "chi2_threshold": 7.814727903251179, "N_raw": 139, "N_roi": 139, "N_inlier": 131, "refit": true}
{"timestamp": "16:54:28.620614", "frame": 65, "mu": [-1.153537975251924, 0.9936658329563925, 1.707665356293738], "Sigma": [[0.021726182611129085, 0.011909399920054181, -0.0018600706665068175], [0.011909399920054183, 0.010958214583215272, -0.0055139660546899534], [-0.001860070666506817, -0.0055139660546899534, 0.017387642964975896]], "chi2_level": 0.95, "chi2_df": 3, "chi2_threshold": 7.814727903251179, "N_raw": 120, "N_roi": 120, "N_inlier": 108, "refit": true}
{"timestamp": "16:54:28.663445", "frame": 66, "mu": [-1.270885358300616, 0.9678445808853947, 0.05891690871247871], "Sigma": [[0.012786124848788527, 0.007050843363067884, 0.001385494112113546], [0.007050843363067884, 0.011338084427641002, 0.0003129025712193021], [0.001385494112113546, 0.000312902571219302, 0.008896875012635285]], "chi2_level": 0.95, "chi2_df": 3, "chi2_threshold": 7.814727903251179, "N_raw": 48, "N_roi": 48, "N_inlier": 45, "refit": true}
{"timestamp": "16:54:28.729452", "frame": 67, "mu": [-1.2056163340760062, 1.012073454937121, 1.4451561057857871], "Sigma": [[0.0400569905819321, 0.023926578956981276, -0.07317677031048847], [0.023926578956981276, 0.021006219542916447, -0.04659463415641526], [-0.07317677031048847, -0.04659463415641526, 0.20788774225190296]], "chi2_level": 0.95, "chi2_df": 3, "chi2_threshold": 7.814727903251179, "N_raw": 122, "N_roi": 122, "N_inlier": 117, "refit": true}
{"timestamp": "16:54:28.787075", "frame": 68, "mu": [-1.2098291778629326, 1.0962394332621055, 1.4835687393437125], "Sigma": [[0.030686605770286944, 0.020282480399053636, -0.07924728874981832], [0.020282480399053636, 0.024493971464410156, -0.06844255298638514], [-0.07924728874981832, -0.06844255298638514, 0.3175364906996375]], "chi2_level": 0.95, "chi2_df": 3, "chi2_threshold": 7.814727903251179, "N_raw": 139, "N_roi": 139, "N_inlier": 136, "refit": true}
{"timestamp": "16:54:28.843941", "frame": 69, "mu": [-1.249652236245721, 1.112630900862961, 1.2192529520502424], "Sigma": [[0.028240122157224698, 0.02353171651134228, -0.06731350121792795], [0.02353171651134228, 0.03365918033822887, -0.08300583932075803], [-0.06731350121792797, -0.08300583932075806, 0.27620217040384604]], "chi2_level": 0.95, "chi2_df": 3, "chi2_threshold": 7.814727903251179, "N_raw": 146, "N_roi": 146, "N_inlier": 143, "refit": true}
{"timestamp": "16:54:28.898729", "frame": 70, "mu": [-1.2903656964307109, 1.1578775007940156, 1.1649382786262041], "Sigma": [[0.023986103882734776, 0.02368413492397515, -0.04858318525987731], [0.023684134923975142, 0.04179387951892143, -0.07931505592174953], [-0.04858318525987731, -0.07931505592174955, 0.2067833445603769]], "chi2_level": 0.95, "chi2_df": 3, "chi2_threshold": 7.814727903251179, "N_raw": 144, "N_roi": 144, "N_inlier": 139, "refit": true}
{"timestamp": "16:54:28.947083", "frame": 71, "mu": [-1.4446353613094434, 1.0817947411557844, 1.7288055895314676], "Sigma": [[0.013307546873271554, 0.008364786200029535, -0.004804984477783902], [0.008364786200029535, 0.01779098782695162, -0.013526368163492685], [-0.004804984477783902, -0.013526368163492685, 0.013252723506505783]], "chi2_level": 0.95, "chi2_df": 3, "chi2_threshold": 7.814727903251179, "N_raw": 102, "N_roi": 102, "N_inlier": 94, "refit": true}
{"timestamp": "16:54:29.003644", "frame": 72, "mu": [-1.4309739894573383, 1.1832821482382903, 1.7103767614255427], "Sigma": [[0.0167056590515052, 0.009537922864022223, -0.009597636951478888], [0.009537922864022223, 0.015053441134277817, -0.016431957354619376], [-0.009597636951478888, -0.01643195735461938, 0.021265890727112973]], "chi2_level": 0.95, "chi2_df": 3, "chi2_threshold": 7.814727903251179, "N_raw": 116, "N_roi": 116, "N_inlier": 109, "refit": true}
{"timestamp": "16:54:29.053066", "frame": 73, "mu": [-1.5284373758642864, 1.1332593295318247, 0.11402196132271462], "Sigma": [[0.010820505238394267, 0.006236942905543653, -0.0021898606385871906], [0.006236942905543653, 0.01708266051217553, -0.006323447362609843], [-0.0021898606385871906, -0.006323447362609843, 0.013836102888272719]], "chi2_level": 0.95, "chi2_df": 3, "chi2_threshold": 7.814727903251179, "N_raw": 80, "N_roi": 80, "N_inlier": 73, "refit": true}
{"timestamp": "16:54:29.106277", "frame": 74, "mu": [-1.5706201727657119, 1.1429324031799788, 1.522983517493696], "Sigma": [[0.010465726766235662, 0.0055511958517372815, -0.008691868633925806], [0.0055511958517372815, 0.008929930427228516, -0.0037047297268100452], [-0.008691868633925806, -0.003704729726810045, 0.06951685551607442]], "chi2_level": 0.95, "chi2_df": 3, "chi2_threshold": 7.814727903251179, "N_raw": 77, "N_roi": 77, "N_inlier": 72, "refit": true}
{"timestamp": "16:54:29.165599", "frame": 75, "mu": [-1.5506153285648525, 1.2358206797933005, 1.6600474472460718], "Sigma": [[0.019080709587143384, 0.011905730989084826, -0.012029604079577559], [0.011905730989084826, 0.015448822757748155, -0.01444605413786793], [-0.012029604079577559, -0.01444605413786793, 0.01606910941752943]], "chi2_level": 0.95, "chi2_df": 3, "chi2_threshold": 7.814727903251179, "N_raw": 95, "N_roi": 95, "N_inlier": 91, "refit": true}
{"timestamp": "16:54:29.218794", "frame": 76, "mu": [-1.6417480612173359, 1.2663313484510939, 1.7532348783437233], "Sigma": [[0.013137844791008295, 0.008277322715547986, -0.009005437184458556], [0.008277322715547986, 0.01527499082369921, -0.012974865161379306], [-0.009005437184458556, -0.012974865161379306, 0.012813953495767695]], "chi2_level": 0.95, "chi2_df": 3, "chi2_threshold": 7.814727903251179, "N_raw": 79, "N_roi": 79, "N_inlier": 77, "refit": true}
{"timestamp": "16:54:29.275351", "frame": 77, "mu": [-1.652174349724099, 1.3686038330397976, 0.34948179683056213], "Sigma": [[0.036245545814797435, 0.020522199314510547, 0.1067094260397354], [0.020522199314510547, 0.017137843761379307, 0.05762829219863439], [0.1067094260397354, 0.05762829219863439, 0.5071730462973499]], "chi2_level": 0.95, "chi2_df": 3, "chi2_threshold": 7.814727903251179, "N_raw": 99, "N_roi": 99, "N_inlier": 98, "refit": true}
{"timestamp": "16:54:29.333628", "frame": 78, "mu": [-1.631442070248364, 1.368871496095066, 1.5630100066345445], "Sigma": [[0.021423423493201407, 0.01110595927567272, -0.01110072692045578], [0.01110595927567272, 0.01877599834341743, -0.013271873699505847], [-0.01110072692045578, -0.013271873699505847, 0.011262192028829906]], "chi2_level": 0.95, "chi2_df": 3, "chi2_threshold": 7.814727903251179, "N_raw": 121, "N_roi": 121, "N_inlier": 116, "refit": true}
{"timestamp": "16:54:29.392266", "frame": 79, "mu": [-1.640155567835973, 1.4585965806094816, 0.6932821970606258], "Sigma": [[0.023883815846785804, 0.011882726043886113, 0.08357926486078866], [0.011882726043886113, 0.015586824963502418, 0.05136250261191527], [0.08357926486078866, 0.05136250261191527, 0.5087301103242698]], "chi2_level": 0.95, "chi2_df": 3, "chi2_threshold": 7.814727903251179, "N_raw": 133, "N_roi": 133, "N_inlier": 131, "refit": true}
{"timestamp": "16:54:29.443528", "frame": 80, "mu": [-1.6766012571515356, 1.4963857754965668, 1.6214912753006534], "Sigma": [[0.020169095154137673, 0.012876541780619453, -0.018023149542453504], [0.012876541780619453, 0.020327274919998632, -0.020835227488148193], [-0.018023149542453504, -0.02083522748814819, 0.028640339259820013]], "chi2_level": 0.95, "chi2_df": 3, "chi2_threshold": 7.814727903251179, "N_raw": 113, "N_roi": 113, "N_inlier": 111, "refit": true}
{"timestamp": "16:54:29.491452", "frame": 81, "mu": [-1.752828276518643, 1.4839880029585482, 1.7527917944849134], "Sigma": [[0.017181634655451517, 0.013468099586975962, -0.012459800684093171], [0.013468099586975963, 0.01644025185354488, -0.015872488752161434], [-0.012459800684093171, -0.015872488752161434, 0.024991821554535235]], "chi2_level": 0.95, "chi2_df": 3, "chi2_threshold": 7.814727903251179, "N_raw": 67, "N_roi": 67, "N_inlier": 61, "refit": true}
{"timestamp": "16:54:29.550171", "frame": 82, "mu": [-1.7452221798650867, 1.5433165931589674, 1.62621869044141], "Sigma": [[0.02691868231263069, 0.017457971102368918, -0.021253556440816123], [0.017457971102368918, 0.019453476602193705, -0.019247289092805625], [-0.021253556440816123, -0.019247289092805625, 0.02396796804685251]], "chi2_level": 0.95, "chi2_df": 3, "chi2_threshold": 7.814727903251179, "N_raw": 99, "N_roi": 99, "N_inlier": 96, "refit": true}
{"timestamp": "16:54:29.595626", "frame": 83, "mu": [-1.8436870761058146, 1.509871423680619, 1.7588450553446835], "Sigma": [[0.012557527817717047, 0.010230897451309673, -0.010698949132662007], [0.010230897451309673, 0.011712799017375262, -0.010299889511062279], [-0.010698949132662007, -0.010299889511062279, 0.010802743243300683]], "chi2_level": 0.95, "chi2_df": 3, "chi2_threshold": 7.814727903251179, "N_raw": 30, "N_roi": 30, "N_inlier": 27, "refit": true}
{"timestamp": "16:54:29.659476", "frame": 84, "mu": [-1.8302020190764579, 1.6262847943352043, 1.6332997869894352], "Sigma": [[0.023060934847500977, 0.020547227058677328, -0.02783007870390157], [0.020547227058677328, 0.026672836916654064, -0.0350881550206525], [-0.02783007870390157, -0.0350881550206525, 0.0687492842863986]], "chi2_level": 0.95, "chi2_df": 3, "chi2_threshold": 7.814727903251179, "N_raw": 95, "N_roi": 95, "N_inlier": 93, "refit": true}
{"timestamp": "16:54:29.714355", "frame": 85, "mu": [-1.8203498949077093, 1.683799250969119, 1.6634680202682444], "Sigma": [[0.02352294345487111, 0.013916210815481419, -0.018174886901735042], [0.013916210815481419, 0.01824301384214542, -0.01466617310946568], [-0.018174886901735042, -0.014666173109465682, 0.017281521120335423]], "chi2_level": 0.95, "chi2_df": 3, "chi2_threshold": 7.814727903251179, "N_raw": 91, "N_roi": 91, "N_inlier": 90, "refit": true}
{"timestamp": "16:54:29.768565", "frame": 86, "mu": [-1.8619996766982296, 1.9245177684201022, -0.06966062697997338], "Sigma": [[0.032682310504249794, 0.022453612488124743, 0.012347931696351275], [0.022453612488124743, 0.022498318843209138, -0.011791887003942066], [0.012347931696351275, -0.01179188700394207, 0.11995561712592254]], "chi2_level": 0.95, "chi2_df": 3, "chi2_threshold": 7.814727903251179, "N_raw": 81, "N_roi": 81, "N_inlier": 73, "refit": true}
{"timestamp": "16:54:29.822040", "frame": 87, "mu": [-1.9346382545500884, 1.7195164993556453, 0.2969978251405121], "Sigma": [[0.02484970945928721, 0.02866350005566589, -0.018565370775795502], [0.028663500055665894, 0.0427026129468476, -0.02677014337349703], [-0.018565370775795502, -0.026770143373497035, 0.022103078948533562]], "chi2_level": 0.95, "chi2_df": 3, "chi2_threshold": 7.814727903251179, "N_raw": 69, "N_roi": 69, "N_inlier": 67, "refit": true}
{"timestamp": "16:54:29.878071", "frame": 88, "mu": [-1.9944180970751146, 1.7580112775896477, 1.8495722566134774], "Sigma": [[0.02859354736147455, 0.02256666899901015, -0.024403939108164928], [0.02256666899901015, 0.025816361387114954, -0.02630622371110251], [-0.024403939108164928, -0.02630622371110251, 0.030352970894999696]], "chi2_level": 0.95, "chi2_df": 3, "chi2_threshold": 7.814727903251179, "N_raw": 85, "N_roi": 85, "N_inlier": 78, "refit": true}
{"timestamp": "16:54:29.931261", "frame": 89, "mu": [-1.943076600495446, 1.8754707550493244, 1.7030876643656936], "Sigma": [[0.028516254040563255, 0.017929526167370494, -0.023665484103310687], [0.017929526167370494, 0.016376925429180258, -0.016877067404826616], [-0.023665484103310687, -0.016877067404826616, 0.021542739069334352]], "chi2_level": 0.95, "chi2_df": 3, "chi2_threshold": 7.814727903251179, "N_raw": 67, "N_roi": 67, "N_inlier": 65, "refit": true}
{"timestamp": "16:54:29.983058", "frame": 90, "mu": [-1.9317721481924308, 1.9244081355371492, 1.6133237897539714], "Sigma": [[0.023237515314593397, 0.015646182426317837, -0.018121163091701586], [0.015646182426317837, 0.013831125913612677, -0.013587203519548882], [-0.018121163091701586, -0.013587203519548882, 0.017731390081449524]], "chi2_level": 0.95, "chi2_df": 3, "chi2_threshold": 7.814727903251179, "N_raw": 47, "N_roi": 47, "N_inlier": 43, "refit": true}
