{"timestamp": "17:17:02.800432", "frame": 14, "mu": [2.196996393388426, 2.1822589144871305, 1.0487145234396111], "Sigma": [[0.003381885906303419, -0.0017861007889664207, -0.0028689947833045217], [-0.0017861007889664207, 0.0035239706773920083, 0.004409949251504987], [-0.0028689947833045217, 0.004409949251504986, 0.06566776059985675]], "chi2_level": 0.95, "chi2_df": 3, "chi2_threshold": 7.814727903251179, "N_raw": 23, "N_roi": 21, "N_inlier": 20, "refit": true}
{"timestamp": "17:17:02.852861", "frame": 15, "mu": [2.212215567961106, 2.172698542095466, 1.5127238366946776], "Sigma": [[0.006124761621895509, -0.0031341751093557227, 0.0010510319893858207], [-0.0031341751093557227, 0.004642074411791742, -0.0009622293172121104], [0.0010510319893858207, -0.0009622293172121104, 0.0002780499120401673]], "chi2_level": 0.95, "chi2_df": 3, "chi2_threshold": 7.814727903251179, "N_raw": 13, "N_roi": 13, "N_inlier": 12, "refit": true}
{"timestamp": "17:17:03.127898", "frame": 20, "mu": [2.010287036420481, 2.21135791301711, 0.973412289033249], "Sigma": [[0.004201139661267514, -0.003754109728636718, 0.0004533775320801303], [-0.0037541097286367176, 0.004348488580600837, -0.0009938586497147304], [0.0004533775320801303, -0.0009938586497147304, 0.0005158795927008307]], "chi2_level": 0.95, "chi2_df": 3, "chi2_threshold": 7.814727903251179, "N_raw": 12, "N_roi": 12, "N_inlier": 10, "refit": true}
{"timestamp": "17:17:03.183837", "frame": 21, "mu": [1.9111496247732573, 2.292446397683608, 1.051595007789162], "Sigma": [[0.002481606778320028, -0.002844203681108293, 0.0012242256170323011], [-0.002844203681108293, 0.008911862260709098, -0.00022943594834039704], [0.001224225617032301, -0.00022943594834039759, 0.0048659550611243425]], "chi2_level": 0.95, "chi2_df": 3, "chi2_threshold": 7.814727903251179, "N_raw": 15, "N_roi": 15, "N_inlier": 14, "refit": true}
{"timestamp": "17:17:03.296518", "frame": 23, "mu": [1.8268619958360006, 2.333932069744956, 1.1580885424670426], "Sigma": [[0.016352508874049154, -0.02241555665127174, 0.005576069359758804], [-0.02241555665127174, 0.03630092113435182, -0.013734579590061014], [0.005576069359758804, -0.013734579590061014, 0.010635626363591185]], "chi2_level": 0.95, "chi2_df": 3, "chi2_threshold": 7.814727903251179, "N_raw": 38, "N_roi": 38, "N_inlier": 38, "refit": true}
{"timestamp": "17:17:03.404417", "frame": 25, "mu": [1.7569374580445707, 2.2474783221812653, 1.266725323340395], "Sigma": [[0.003162592362810385, -0.00721477334863612, -0.00014753798429493494], [-0.00721477334863612, 0.022619431836454068, -0.011062477765121244], [-0.00014753798429493527, -0.011062477765121244, 0.04302767634941606]], "chi2_level": 0.95, "chi2_df": 3, "chi2_threshold": 7.814727903251179, "N_raw": 7, "N_roi": 7, "N_inlier": 7, "refit": true}
{"timestamp": "17:17:03.517810", "frame": 27, "mu": [1.7328921754673927, 2.188571830462268, -0.10890935990380221], "Sigma": [[0.004921534376740616, -0.001709780212464011, -0.0024056332525340344], [-0.001709780212464011, 0.006156657454658665, -0.007139407796726159], [-0.0024056332525340344, -0.007139407796726159, 0.01595285844906285]], "chi2_level": 0.95, "chi2_df": 3, "chi2_threshold": 7.814727903251179, "N_raw": 30, "N_roi": 30, "N_inlier": 28, "refit": true}
{"timestamp": "17:17:03.572278", "frame": 28, "mu": [1.6057532967609274, 2.2042861942087906, 1.6022275848818275], "Sigma": [[0.004517965863246507, -0.002305661770802945, -0.0003171964199404303], [-0.002305661770802945, 0.004919869468963658, 7.794063610883412e-05], [-0.0003171964199404302, 7.794063610883412e-05, 0.0014674914243026141]], "chi2_level": 0.95, "chi2_df": 3, "chi2_threshold": 7.814727903251179, "N_raw": 22, "N_roi": 22, "N_inlier": 20, "refit": true}
{"timestamp": "17:17:03.740666", "frame": 31, "mu": [1.4399448376439536, 2.16734833845568, -0.297873603707481], "Sigma": [[0.010439263715419084, -0.0031868301711564474, -0.0014654633368826313], [-0.0031868301711564465, 0.007485013596727887, 0.0019343305432581882], [-0.0014654633368826313, 0.0019343305432581882, 0.004835901235219399]], "chi2_level": 0.95, "chi2_df": 3, "chi2_threshold": 7.814727903251179, "N_raw": 54, "N_roi": 54, "N_inlier": 51, "refit": true}
{"timestamp": "17:17:03.793817", "frame": 32, "mu": [1.4994387906980855, 2.1199945038196892, 0.8444603791007185], "Sigma": [[0.007762209861351178, -0.00017887831486276492, -0.004800237103805789], [-0.00017887831486276514, 0.009164323142744407, -0.00713278291375188], [-0.004800237103805788, -0.00713278291375188, 0.1309344884308224]], "chi2_level": 0.95, "chi2_df": 3, "chi2_threshold": 7.814727903251179, "N_raw": 30, "N_roi": 29, "N_inlier": 28, "refit": true}
{"timestamp": "17:17:03.856744", "frame": 33, "mu": [1.3967484557615037, 2.1311888759391606, -0.35156847505082783], "Sigma": [[0.013347811919829315, 0.00018545072553656657, 0.05059469964451189], [0.00018545072553656681, 0.011459671695561132, -0.031094069763953895], [0.05059469964451189, -0.031094069763953895, 0.4646230450751051]], "chi2_level": 0.95, "chi2_df": 3, "chi2_threshold": 7.814727903251179, "N_raw": 84, "N_roi": 83, "N_inlier": 83, "refit": true}
{"timestamp": "17:17:03.906283", "frame": 34, "mu": [1.2913197095587927, 2.0730254805264865, 1.2297969847764822], "Sigma": [[0.007328608335199271, -0.002486017360298725, -0.0008616297026649726], [-0.002486017360298725, 0.005595377395786337, -0.0007657262002442195], [-0.0008616297026649725, -0.0007657262002442195, 0.0018944870935218012]], "chi2_level": 0.95, "chi2_df": 3, "chi2_threshold": 7.814727903251179, "N_raw": 46, "N_roi": 46, "N_inlier": 41, "refit": true}
{"timestamp": "17:17:03.960418", "frame": 35, "mu": [1.3281341279853156, 2.25250476515837, -0.05453353636260069], "Sigma": [[0.007304193678415955, -0.0006334557983290034, 0.005268848154773503], [-0.0006334557983290034, 0.006151827104462482, 0.005582464344590605], [0.005268848154773503, 0.005582464344590605, 0.013307007612046074]], "chi2_level": 0.95, "chi2_df": 3, "chi2_threshold": 7.814727903251179, "N_raw": 44, "N_roi": 44, "N_inlier": 42, "refit": true}
{"timestamp": "17:17:04.016280", "frame": 36, "mu": [1.3154120616498117, 2.216695138023207, 1.2830306819524313], "Sigma": [[0.010687661512705558, -0.005126927565730004, -0.009134394060985917], [-0.005126927565730004, 0.004240985989183093, 0.0021097366692518623], [-0.009134394060985917, 0.0021097366692518623, 0.027459096220592415]], "chi2_level": 0.95, "chi2_df": 3, "chi2_threshold": 7.814727903251179, "N_raw": 52, "N_roi": 50, "N_inlier": 49, "refit": true}
{"timestamp": "17:17:04.071102", "frame": 37, "mu": [1.2541210011331732, 2.191502097986297, 1.3690092671818972], "Sigma": [[0.009380766485506781, -0.006040983027107564, -0.011612924797653017], [-0.006040983027107564, 0.009558236242867911, 0.021784025197091432], [-0.011612924797653017, 0.021784025197091432, 0.09379311056593978]], "chi2_level": 0.95, "chi2_df": 3, "chi2_threshold": 7.814727903251179, "N_raw": 52, "N_roi": 52, "N_inlier": 50, "refit": true}
{"timestamp": "17:17:04.125872", "frame": 38, "mu": [1.2407602170807859, 2.205846476922667, 1.2557879580597375], "Sigma": [[0.004828773093321335, -0.0033641867687258823, 1.601346755658931e-05], [-0.0033641867687258823, 0.008632449895220119, 0.014264797018286108], [1.601346755658909e-05, 0.014264797018286108, 0.10890555962012864]], "chi2_level": 0.95, "chi2_df": 3, "chi2_threshold": 7.814727903251179, "N_raw": 43, "N_roi": 43, "N_inlier": 42, "refit": true}
{"timestamp": "17:17:04.177406", "frame": 39, "mu": [1.2115942985775554, 2.101268401895955, 0.8960992478311867], "Sigma": [[0.0062546219882889135, -0.002937793049743228, -0.0012759881911718874], [-0.002937793049743228, 0.002872423554688714, 0.0016500809359706792], [-0.001275988191171887, 0.0016500809359706792, 0.031052162817311053]], "chi2_level": 0.95, "chi2_df": 3, "chi2_threshold": 7.814727903251179, "N_raw": 30, "N_roi": 30, "N_inlier": 25, "refit": true}
{"timestamp": "17:17:04.239819", "frame": 40, "mu": [1.1954321421530654, 2.284253308176237, -0.4324758573478232], "Sigma": [[0.008575787189820583, -0.0007285924609793239, -0.02050000275322382], [-0.0007285924609793237, 0.009657013672210732, -0.03300083111522408], [-0.02050000275322382, -0.03300083111522408, 0.19735591650049986]], "chi2_level": 0.95, "chi2_df": 3, "chi2_threshold": 7.814727903251179, "N_raw": 68, "N_roi": 68, "N_inlier": 65, "refit": true}
{"timestamp": "17:17:04.288754", "frame": 41, "mu": [1.1592398022448442, 2.105714083573179, 1.3758817179217553], "Sigma": [[0.006362563722903506, -0.0022167375564828553, -0.0012748421988939833], [-0.0022167375564828558, 0.0034595606145283644, -0.0005634376202427064], [-0.0012748421988939833, -0.0005634376202427066, 0.007202194919874959]], "chi2_level": 0.95, "chi2_df": 3, "chi2_threshold": 7.814727903251179, "N_raw": 34, "N_roi": 34, "N_inlier": 31, "refit": true}
{"timestamp": "17:17:04.346740", "frame": 42, "mu": [1.1142701786676206, 2.1146106622246106, 1.1329971892875985], "Sigma": [[0.005328493889775102, -0.002845522538423171, 0.0001324150575395212], [-0.002845522538423171, 0.003030217242618334, -0.0057728547793555835], [0.00013241505753952163, -0.005772854779355584, 0.026192367383747417]], "chi2_level": 0.95, "chi2_df": 3, "chi2_threshold": 7.814727903251179, "N_raw": 47, "N_roi": 45, "N_inlier": 40, "refit": true}
{"timestamp": "17:17:04.399343", "frame": 43, "mu": [1.0360756032883693, 2.161775551819409, 1.1677335687915473], "Sigma": [[0.004493219816461668, -0.0029916553637254983, -0.006070086640088775], [-0.0029916553637254983, 0.0032144629937813397, 0.005435063206786113], [-0.006070086640088775, 0.005435063206786113, 0.06077230919565533]], "chi2_level": 0.95, "chi2_df": 3, "chi2_threshold": 7.814727903251179, "N_raw": 38, "N_roi": 38, "N_inlier": 34, "refit": true}
{"timestamp": "17:17:04.459008", "frame": 44, "mu": [1.0485257477600278, 2.1058985409382394, 1.0843223803770374], "Sigma": [[0.008150341910677688, -0.003400451948910865, -0.0028431323555131102], [-0.0034004519489108645, 0.0028650716505614366, -0.005553543470782737], [-0.0028431323555131102, -0.005553543470782737, 0.08997172364948591]], "chi2_level": 0.95, "chi2_df": 3, "chi2_threshold": 7.814727903251179, "N_raw": 67, "N_roi": 67, "N_inlier": 63, "refit": true}
{"timestamp": "17:17:04.514459", "frame": 45, "mu": [0.947178597362808, 2.0881503886268193, 1.0341646028902591], "Sigma": [[0.013197903527282286, -0.002693864262630706, 0.02861678110302209], [-0.002693864262630706, 0.0029606588458919248, -0.004648280994318004], [0.028616781103022095, -0.004648280994318006, 0.15108888521622135]], "chi2_level": 0.95, "chi2_df": 3, "chi2_threshold": 7.814727903251179, "N_raw": 68, "N_roi": 68, "N_inlier": 62, "refit": true}
{"timestamp": "17:17:04.566409", "frame": 46, "mu": [0.9412584594513829, 2.041456632099251, 1.0766215704446032], "Sigma": [[0.005075384589711334, -0.002462393965055934, 0.0015934549202099297], [-0.0024623939650559334, 0.0052392446738130614, -0.01582670131922701], [0.0015934549202099297, -0.01582670131922701, 0.09549010461349627]], "chi2_level": 0.95, "chi2_df": 3, "chi2_threshold": 7.814727903251179, "N_raw": 40, "N_roi": 40, "N_inlier": 37, "refit": true}
{"timestamp": "17:17:04.626835", "frame": 47, "mu": [0.8357305010603623, 2.106836832113245, 1.3647307083861633], "Sigma": [[0.009401336130955949, -0.0038555482493322787, -0.004129328665719832], [-0.0038555482493322787, 0.006249067705814076, 0.004547104834925807], [-0.004129328665719832, 0.004547104834925808, 0.07859077241422584]], "chi2_level": 0.95, "chi2_df": 3, "chi2_threshold": 7.814727903251179, "N_raw": 87, "N_roi": 87, "N_inlier": 82, "refit": true}
{"timestamp": "17:17:04.682393", "frame": 48, "mu": [0.8102990922719249, 2.169753897071151, -0.31634480569052553], "Sigma": [[0.0072350908146296454, -0.009119840652786464, 0.04844799914979567], [-0.009119840652786464, 0.03038973413284346, -0.12373276916008737], [0.04844799914979567, -0.12373276916008735, 0.7958016641064124]], "chi2_level": 0.95, "chi2_df": 3, "chi2_threshold": 7.814727903251179, "N_raw": 87, "N_roi": 86, "N_inlier": 81, "refit": true}
{"timestamp": "17:17:04.735736", "frame": 49, "mu": [0.7442024150818505, 2.0932684056180633, 1.4186983359623089], "Sigma": [[0.0071753680894022735, -0.007630638170193136, -0.010298280557868102], [-0.007630638170193136, 0.022914322957053923, -0.0067675342120468345], [-0.010298280557868102, -0.0067675342120468345, 0.09012268172153207]], "chi2_level": 0.95, "chi2_df": 3, "chi2_threshold": 7.814727903251179, "N_raw": 69, "N_roi": 69, "N_inlier": 67, "refit": true}
{"timestamp": "17:17:04.787041", "frame": 50, "mu": [0.7514570427856262, 1.9795565759852258, 1.2363014514284576], "Sigma": [[0.006482086176313651, -0.004492165686177121, 0.0036328078851140364], [-0.004492165686177122, 0.007787696442565331, -0.007057782779082236], [0.003632807885114037, -0.007057782779082235, 0.032811924751558294]], "chi2_level": 0.95, "chi2_df": 3, "chi2_threshold": 7.814727903251179, "N_raw": 47, "N_roi": 47, "N_inlier": 47, "refit": true}
{"timestamp": "17:17:04.842259", "frame": 51, "mu": [0.6528057145747364, 2.0525222603937507, 1.4248331453236336], "Sigma": [[0.007325781340902094, -0.0038394472731615274, -0.006383419265853703], [-0.0038394472731615274, 0.012111148752703868, 0.011338038257052714], [-0.006383419265853703, 0.011338038257052714, 0.013617976630129819]], "chi2_level": 0.95, "chi2_df": 3, "chi2_threshold": 7.814727903251179, "N_raw": 58, "N_roi": 58, "N_inlier": 53, "refit": true}
{"timestamp": "17:17:04.896150", "frame": 52, "mu": [0.6174002636293386, 2.0537332789725897, 1.3834741753380189], "Sigma": [[0.008028845105867986, -0.005593504096346114, -0.0007493477652180375], [-0.005593504096346114, 0.011234946857927558, 0.0005264785587563265], [-0.0007493477652180374, 0.0005264785587563267, 0.015557761679000767]], "chi2_level": 0.95, "chi2_df": 3, "chi2_threshold": 7.814727903251179, "N_raw": 48, "N_roi": 48, "N_inlier": 45, "refit": true}
{"timestamp": "17:17:04.953913", "frame": 53, "mu": [0.54295929492423, 2.03441928067031, 1.205126768913363], "Sigma": [[0.008089019848995111, -0.00661069564466699, 0.004689292222952958], [-0.00661069564466699, 0.012071318805051188, -0.014378424474229861], [0.004689292222952958, -0.014378424474229861, 0.0321910970357665]], "chi2_level": 0.95, "chi2_df": 3, "chi2_threshold": 7.814727903251179, "N_raw": 62, "N_roi": 62, "N_inlier": 59, "refit": true}
{"timestamp": "17:17:05.011502", "frame": 54, "mu": [0.49491154846371654, 2.1005126803131686, 1.3874067141665403], "Sigma": [[0.005411786117598545, -0.0038738784265330553, -0.0023734075584082633], [-0.0038738784265330553, 0.010469658752873296, 0.0017866953435449852], [-0.0023734075584082625, 0.001786695343544985, 0.024828255455696217]], "chi2_level": 0.95, "chi2_df": 3, "chi2_threshold": 7.814727903251179, "N_raw": 72, "N_roi": 66, "N_inlier": 62, "refit": true}
{"timestamp": "17:17:05.061723", "frame": 55, "mu": [0.4060047644836212, 2.1993590536105136, 1.6573496545764808], "Sigma": [[0.005938299617781604, -0.0016068351764664478, -0.004084669913511511], [-0.0016068351764664478, 0.005613060674720814, 0.003726787489209699], [-0.00408466991351151, 0.0037267874892096984, 0.0053417788452591415]], "chi2_level": 0.95, "chi2_df": 3, "chi2_threshold": 7.814727903251179, "N_raw": 50, "N_roi": 47, "N_inlier": 41, "refit": true}
{"timestamp": "17:17:05.113166", "frame": 56, "mu": [0.2264607191004387, 2.2652448252433612, 1.1355268450113747], "Sigma": [[0.01545875725884843, -0.010690199781257426, -0.016841834410452564], [-0.010690199781257426, 0.010128030279894966, 0.010509167735203436], [-0.016841834410452568, 0.010509167735203436, 0.21353392649980407]], "chi2_level": 0.95, "chi2_df": 3, "chi2_threshold": 7.814727903251179, "N_raw": 28, "N_roi": 28, "N_inlier": 26, "refit": true}
{"timestamp": "17:17:05.169555", "frame": 57, "mu": [0.29137606960975865, 2.2328756219758135, 1.7057905532695987], "Sigma": [[0.006123371577061048, -0.0005668800975240423, -0.0011129512179659455], [-0.0005668800975240424, 0.002799384803009654, -0.0017528025984725416], [-0.0011129512179659453, -0.0017528025984725418, 0.003687309151978822]], "chi2_level": 0.95, "chi2_df": 3, "chi2_threshold": 7.814727903251179, "N_raw": 44, "N_roi": 44, "N_inlier": 39, "refit": true}
{"timestamp": "17:17:05.220715", "frame": 58, "mu": [0.3076605754114889, 2.1950923125054826, 0.7844223441901009], "Sigma": [[0.008669902538850532, -0.008301612308579953, -0.0409387152803108], [-0.008301612308579953, 0.008921633902227924, 0.05509746010113933], [-0.04093871528031081, 0.05509746010113932, 0.6469052831335282]], "chi2_level": 0.95, "chi2_df": 3, "chi2_threshold": 7.814727903251179, "N_raw": 12, "N_roi": 10, "N_inlier": 9, "refit": true}
{"timestamp": "17:17:05.281795", "frame": 59, "mu": [0.19185418003302473, 2.217149345082276, 1.6903260244384097], "Sigma": [[0.008590588372239237, -0.0031406808244186916, -0.0027518584498511037], [-0.003140680824418691, 0.006536484580148723, 0.0029754395645381695], [-0.0027518584498511037, 0.0029754395645381695, 0.01366027637900036]], "chi2_level": 0.95, "chi2_df": 3, "chi2_threshold": 7.814727903251179, "N_raw": 60, "N_roi": 58, "N_inlier": 55, "refit": true}
{"timestamp": "17:17:05.343686", "frame": 60, "mu": [0.23498135295537662, 2.15664883725198, 1.3137717281199943], "Sigma": [[0.015151514047800992, -0.009880927617864764, -0.053070235619044184], [-0.009880927617864764, 0.014282520903656375, 0.040719346262543685], [-0.053070235619044184, 0.040719346262543685, 0.3346580627365638]], "chi2_level": 0.95, "chi2_df": 3, "chi2_threshold": 7.814727903251179, "N_raw": 102, "N_roi": 101, "N_inlier": 101, "refit": true}
{"timestamp": "17:17:05.395870", "frame": 61, "mu": [0.12644441924286787, 2.2195201923906995, 1.4265476291118036], "Sigma": [[0.00827522198214017, -0.0006865661246107544, -0.002099520868948432], [-0.0006865661246107543, 0.002180018718812065, -0.005703302490965765], [-0.002099520868948433, -0.005703302490965766, 0.057967267799260015]], "chi2_level": 0.95, "chi2_df": 3, "chi2_threshold": 7.814727903251179, "N_raw": 77, "N_roi": 75, "N_inlier": 73, "refit": true}
{"timestamp": "17:17:05.445365", "frame": 62, "mu": [0.03845786437606439, 2.219893636254793, 1.249769295097119], "Sigma": [[0.006087433627104881, 0.0006159325888413713, 0.0013023882008172632], [0.0006159325888413714, 0.0013481328559968697, -0.002112999704170826], [0.0013023882008172632, -0.0021129997041708258, 0.009324051398491554]], "chi2_level": 0.95, "chi2_df": 3, "chi2_threshold": 7.814727903251179, "N_raw": 41, "N_roi": 41, "N_inlier": 36, "refit": true}
{"timestamp": "17:17:05.510728", "frame": 63, "mu": [0.003157932885290919, 2.175178245025478, 1.1298627673228459], "Sigma": [[0.015741817539682575, -0.005961919027174391, 0.013402871360332434], [-0.005961919027174391, 0.009288538515565005, -0.0020159859592984307], [0.013402871360332434, -0.0020159859592984303, 0.19607924870204807]], "chi2_level": 0.95, "chi2_df": 3, "chi2_threshold": 7.814727903251179, "N_raw": 108, "N_roi": 106, "N_inlier": 100, "refit": true}
{"timestamp": "17:17:05.561902", "frame": 64, "mu": [0.0302493387117905, 2.1524684729815258, 1.3855663625018073], "Sigma": [[0.013220889577360668, -0.008864409183083729, 0.0009255934450069474], [-0.008864409183083729, 0.011281110283252774, -0.005519042975100032], [0.0009255934450069475, -0.005519042975100032, 0.006707595717791982]], "chi2_level": 0.95, "chi2_df": 3, "chi2_threshold": 7.814727903251179, "N_raw": 74, "N_roi": 72, "N_inlier": 67, "refit": true}
{"timestamp": "17:17:05.618912", "frame": 65, "mu": [-0.17532938577701837, 2.044215316408641, 0.6844507343042533], "Sigma": [[0.06057755652784159, 0.005349887430535622, 0.1574879112172651], [0.005349887430535622, 0.0031185812523327394, 0.020500442109019624], [0.15748791121726513, 0.020500442109019624, 0.5177444842205863]], "chi2_level": 0.95, "chi2_df": 3, "chi2_threshold": 7.814727903251179, "N_raw": 95, "N_roi": 95, "N_inlier": 93, "refit": true}
{"timestamp": "17:17:05.678670", "frame": 66, "mu": [-0.18191570393718962, 2.106252334215666, 0.928981502875747], "Sigma": [[0.05440493389248523, 0.007961109775379002, 0.1457947793620166], [0.007961109775379002, 0.007836989916828022, 0.032431381847391694], [0.1457947793620166, 0.032431381847391694, 0.49704668432325033]], "chi2_level": 0.95, "chi2_df": 3, "chi2_threshold": 7.814727903251179, "N_raw": 125, "N_roi": 125, "N_inlier": 123, "refit": true}
{"timestamp": "17:17:05.725749", "frame": 67, "mu": [-0.08187973252529024, 2.1365238518752725, 1.4588070475658568], "Sigma": [[0.009155164583310666, -0.002180937601064896, -0.0005485192291845274], [-0.0021809376010648958, 0.007048826888250197, -0.0016857734335085498], [-0.0005485192291845276, -0.0016857734335085496, 0.007232570019765833]], "chi2_level": 0.95, "chi2_df": 3, "chi2_threshold": 7.814727903251179, "N_raw": 79, "N_roi": 79, "N_inlier": 74, "refit": true}
{"timestamp": "17:17:05.778971", "frame": 68, "mu": [-0.1777032922987712, 2.0722241470568186, 1.3948338042153337], "Sigma": [[0.018830306943622793, -0.007802824794082894, 0.004545378386811476], [-0.007802824794082894, 0.007748683438768461, -0.00253710585350551], [0.004545378386811476, -0.00253710585350551, 0.009091115142474975]], "chi2_level": 0.95, "chi2_df": 3, "chi2_threshold": 7.814727903251179, "N_raw": 65, "N_roi": 65, "N_inlier": 61, "refit": true}
{"timestamp": "17:17:05.832550", "frame": 69, "mu": [-0.1863326524801146, 1.996279884033896, 1.1064707318242315], "Sigma": [[0.007108272072316294, -0.0016520865710135289, 0.018840689590671866], [-0.0016520865710135289, 0.004715048821893367, 0.007663378010657922], [0.018840689590671863, 0.007663378010657921, 0.3825322554165527]], "chi2_level": 0.95, "chi2_df": 3, "chi2_threshold": 7.814727903251179, "N_raw": 56, "N_roi": 53, "N_inlier": 51, "refit": true}
{"timestamp": "17:17:05.886745", "frame": 70, "mu": [-0.268433207458187, 2.015802359833707, 1.4597631808647409], "Sigma": [[0.00781578854296568, -0.004248261180048074, -0.006727243005844749], [-0.004248261180048074, 0.007434137161263847, 0.00631302695721709], [-0.006727243005844749, 0.00631302695721709, 0.00812331765709499]], "chi2_level": 0.95, "chi2_df": 3, "chi2_threshold": 7.814727903251179, "N_raw": 51, "N_roi": 49, "N_inlier": 44, "refit": true}
{"timestamp": "17:17:05.940117", "frame": 71, "mu": [-0.2792385380312033, 2.0739293362176583, -0.06815650552464318], "Sigma": [[0.007064053404473027, 0.002106723058237201, -0.0010679627305946638], [0.002106723058237201, 0.004871843946453487, 0.0024252200177642684], [-0.001067962730594664, 0.0024252200177642684, 0.0031612599191334994]], "chi2_level": 0.95, "chi2_df": 3, "chi2_threshold": 7.814727903251179, "N_raw": 48, "N_roi": 48, "N_inlier": 45, "refit": true}
{"timestamp": "17:17:05.997503", "frame": 72, "mu": [-0.30852880688356654, 2.0573281468843208, 1.155814764903641], "Sigma": [[0.00834777433743355, -0.0015542578942702055, -0.005049183597890871], [-0.0015542578942702055, 0.002233282036442517, -0.0014495479591113693], [-0.005049183597890871, -0.0014495479591113698, 0.019951604047705095]], "chi2_level": 0.95, "chi2_df": 3, "chi2_threshold": 7.814727903251179, "N_raw": 60, "N_roi": 60, "N_inlier": 54, "refit": true}
{"timestamp": "17:17:06.053038", "frame": 73, "mu": [-0.4176746766263328, 2.0722046846963083, 1.6313338399394453], "Sigma": [[0.005657827882735347, 0.00044382019611483416, -0.0010365743258127639], [0.0004438201961148344, 0.010451737937127965, 0.007618727853253153], [-0.0010365743258127639, 0.007618727853253152, 0.007971646998745403]], "chi2_level": 0.95, "chi2_df": 3, "chi2_threshold": 7.814727903251179, "N_raw": 62, "N_roi": 60, "N_inlier": 59, "refit": true}
{"timestamp": "17:17:06.114240", "frame": 74, "mu": [-0.43864250557069384, 2.0525175724848514, 1.27150870008583], "Sigma": [[0.008885062682254993, 4.097207765160467e-05, 0.0011498363272285908], [4.097207765160451e-05, 0.0119749091583011, -0.02334651525793112], [0.001149836327228591, -0.02334651525793112, 0.12368135403094625]], "chi2_level": 0.95, "chi2_df": 3, "chi2_threshold": 7.814727903251179, "N_raw": 104, "N_roi": 101, "N_inlier": 96, "refit": true}
{"timestamp": "17:17:06.170944", "frame": 75, "mu": [-0.5184047252929056, 2.0404440681146068, 1.2094562541976304], "Sigma": [[0.007860678504800255, 0.0014003571319148602, -0.008333902067767513], [0.0014003571319148606, 0.010215032247634523, -0.008970404821835101], [-0.008333902067767514, -0.008970404821835101, 0.36478388473305556]], "chi2_level": 0.95, "chi2_df": 3, "chi2_threshold": 7.814727903251179, "N_raw": 107, "N_roi": 107, "N_inlier": 107, "refit": true}
{"timestamp": "17:17:06.221027", "frame": 76, "mu": [-0.5433709607865381, 1.9816267053149559, 1.340872565167625], "Sigma": [[0.007102544847404785, -6.368163483683425e-05, -0.009836563183674929], [-6.368163483683425e-05, 0.011603065626926158, -0.0006919468363053849], [-0.009836563183674929, -0.0006919468363053845, 0.03653865522718376]], "chi2_level": 0.95, "chi2_df": 3, "chi2_threshold": 7.814727903251179, "N_raw": 77, "N_roi": 77, "N_inlier": 73, "refit": true}
{"timestamp": "17:17:06.272482", "frame": 77, "mu": [-0.591817265202897, 1.9333640374742154, 1.3751968909751626], "Sigma": [[0.005885952144967435, -0.0003277085202302181, -0.0016661798448667144], [-0.0003277085202302181, 0.004706185605126564, -0.00045452996327018807], [-0.0016661798448667144, -0.00045452996327018796, 0.0011280709192835262]], "chi2_level": 0.95, "chi2_df": 3, "chi2_threshold": 7.814727903251179, "N_raw": 56, "N_roi": 56, "N_inlier": 50, "refit": true}
{"timestamp": "17:17:06.333326", "frame": 78, "mu": [-0.6472671998818914, 2.1117060129951506, 0.10436343373778209], "Sigma": [[0.0067899384147428726, -0.00015998309502532405, 0.004879204590415102], [-0.0001599830950253238, 0.009124395279465744, 0.003332092980050883], [0.004879204590415102, 0.0033320929800508834, 0.09042724135482488]], "chi2_level": 0.95, "chi2_df": 3, "chi2_threshold": 7.814727903251179, "N_raw": 80, "N_roi": 80, "N_inlier": 74, "refit": true}
{"timestamp": "17:17:06.381950", "frame": 79, "mu": [-0.6275784918807545, 2.048786787231968, 0.7805516115170037], "Sigma": [[0.017797535730655015, -0.0073132465663265185, -0.07761421115958546], [-0.007313246566326519, 0.008928221580782497, 0.03395625723203944], [-0.07761421115958546, 0.03395625723203944, 0.4689177569160378]], "chi2_level": 0.95, "chi2_df": 3, "chi2_threshold": 7.814727903251179, "N_raw": 53, "N_roi": 53, "N_inlier": 52, "refit": true}
{"timestamp": "17:17:06.430714", "frame": 80, "mu": [-0.7132920154198639, 2.045585265054887, 0.8402923000189584], "Sigma": [[0.01681764863161226, -0.0032500484377773016, -0.06921142046295115], [-0.0032500484377773016, 0.010584474564011527, -0.002077589025477328], [-0.06921142046295115, -0.0020775890254773246, 0.6523565469213691]], "chi2_level": 0.95, "chi2_df": 3, "chi2_threshold": 7.814727903251179, "N_raw": 11, "N_roi": 11, "N_inlier": 11, "refit": true}
{"timestamp": "17:17:06.499862", "frame": 81, "mu": [-0.7811523649850669, 2.0416896207548776, 1.2748771949893347], "Sigma": [[0.008313544484149057, 7.281286449760108e-05, 7.114313138702482e-05], [7.281286449760139e-05, 0.006062239562361704, -0.008445788881374981], [7.114313138702525e-05, -0.008445788881374981, 0.07675846167469724]], "chi2_level": 0.95, "chi2_df": 3, "chi2_threshold": 7.814727903251179, "N_raw": 107, "N_roi": 103, "N_inlier": 96, "refit": true}
{"timestamp": "17:17:06.554776", "frame": 82, "mu": [-0.7624455811081247, 2.2813067371841487, -0.4212425584855124], "Sigma": [[0.0189920519505725, 0.016910858153984402, -0.06832767631904503], [0.016910858153984406, 0.028464221978821265, -0.10029533253469605], [-0.06832767631904503, -0.10029533253469604, 0.4155226084774986]], "chi2_level": 0.95, "chi2_df": 3, "chi2_threshold": 7.814727903251179, "N_raw": 98, "N_roi": 98, "N_inlier": 94, "refit": true}
{"timestamp": "17:17:06.606409", "frame": 83, "mu": [-0.8734732102069223, 2.141396981862526, 0.03250076957925989], "Sigma": [[0.007093266676795505, 0.002430166241745051, -0.00761991327727358], [0.002430166241745051, 0.010263423079943051, -0.008956449679976462], [-0.00761991327727358, -0.008956449679976462, 0.02667594699170186]], "chi2_level": 0.95, "chi2_df": 3, "chi2_threshold": 7.814727903251179, "N_raw": 75, "N_roi": 72, "N_inlier": 68, "refit": true}
{"timestamp": "17:17:06.659820", "frame": 84, "mu": [-0.8717038312156903, 1.9885739777252653, 1.2982330181495387], "Sigma": [[0.005141238025839404, 0.0003520444318663348, -0.003108851355700265], [0.0003520444318663348, 0.001719972811714241, -0.005882820003337905], [-0.003108851355700265, -0.005882820003337905, 0.046843805649326775]], "chi2_level": 0.95, "chi2_df": 3, "chi2_threshold": 7.814727903251179, "N_raw": 42, "N_roi": 40, "N_inlier": 37, "refit": true}
{"timestamp": "17:17:06.711869", "frame": 85, "mu": [-0.9411364989129366, 2.0712248474851194, 1.51694351305275], "Sigma": [[0.008163462596383704, -0.0012902096380607003, -0.00796872013206352], [-0.0012902096380607003, 0.009340753809177904, 0.0026224080678730107], [-0.00796872013206352, 0.0026224080678730107, 0.010281368083586618]], "chi2_level": 0.95, "chi2_df": 3, "chi2_threshold": 7.814727903251179, "N_raw": 66, "N_roi": 65, "N_inlier": 61, "refit": true}
{"timestamp": "17:17:06.766319", "frame": 86, "mu": [-1.0530547891483204, 1.973593010982756, 1.1250725701943736], "Sigma": [[0.0202478067546994, 0.0005779045722159224, 0.07328462641870648], [0.0005779045722159224, 0.0033526462815301975, 0.010929759073748026], [0.07328462641870648, 0.010929759073748027, 0.45620455656714803]], "chi2_level": 0.95, "chi2_df": 3, "chi2_threshold": 7.814727903251179, "N_raw": 47, "N_roi": 44, "N_inlier": 43, "refit": true}
{"timestamp": "17:17:06.826631", "frame": 87, "mu": [-1.0242743373109053, 1.9692715967084375, 1.3612223664795802], "Sigma": [[0.012546755695809568, -0.0034287784297432396, -0.010276598363274988], [-0.003428778429743239, 0.013243960568544337, 0.0059615993570136016], [-0.010276598363274988, 0.0059615993570136016, 0.010711569081194562]], "chi2_level": 0.95, "chi2_df": 3, "chi2_threshold": 7.814727903251179, "N_raw": 88, "N_roi": 88, "N_inlier": 85, "refit": true}
{"timestamp": "17:17:06.881773", "frame": 88, "mu": [-1.1631463543549116, 2.0152915400645597, 1.3957051311537925], "Sigma": [[0.03446549122963882, -0.018252815593521394, -0.0017602017304717635], [-0.018252815593521394, 0.017695911960387133, -0.006293428344253806], [-0.0017602017304717635, -0.006293428344253806, 0.018597723488817202]], "chi2_level": 0.95, "chi2_df": 3, "chi2_threshold": 7.814727903251179, "N_raw": 81, "N_roi": 79, "N_inlier": 76, "refit": true}
{"timestamp": "17:17:06.932197", "frame": 89, "mu": [-1.1921214167169503, 1.9776563506938194, 1.533332135956344], "Sigma": [[0.019254839450725855, -0.007478720596809598, -0.005392013807492906], [-0.0074787205968095995, 0.008974414611741175, -0.002467163418852576], [-0.0053920138074929035, -0.0024671634188525755, 0.02487829147837453]], "chi2_level": 0.95, "chi2_df": 3, "chi2_threshold": 7.814727903251179, "N_raw": 57, "N_roi": 52, "N_inlier": 49, "refit": true}
{"timestamp": "17:17:06.988640", "frame": 90, "mu": [-1.3295886646951, 1.9322383193318797, 1.5077098491078862], "Sigma": [[0.07131457581690853, 0.01130356356802035, -0.006340021877851384], [0.011303563568020352, 0.009710468022257421, -0.009315892968527958], [-0.006340021877851385, -0.009315892968527958, 0.02342636680306537]], "chi2_level": 0.95, "chi2_df": 3, "chi2_threshold": 7.814727903251179, "N_raw": 63, "N_roi": 59, "N_inlier": 49, "refit": true}
{"timestamp": "17:17:07.044066", "frame": 91, "mu": [-1.2737801799522996, 2.035102271439456, 1.1304058006678044], "Sigma": [[0.008283744034068756, 0.0065916024389810896, -0.026652325164486044], [0.006591602438981089, 0.02595339856455859, -0.07978331402334304], [-0.026652325164486047, -0.07978331402334304, 0.3063761358720777]], "chi2_level": 0.95, "chi2_df": 3, "chi2_threshold": 7.814727903251179, "N_raw": 70, "N_roi": 67, "N_inlier": 65, "refit": true}
{"timestamp": "17:17:07.096411", "frame": 92, "mu": [-1.384370469012378, 1.8884696550542968, 1.3898290161873097], "Sigma": [[0.004336445948155278, 0.002679269435388226, -0.00727506611510911], [0.002679269435388226, 0.01987586234993337, -0.047219262820909186], [-0.007275066115109108, -0.047219262820909186, 0.14972727255016607]], "chi2_level": 0.95, "chi2_df": 3, "chi2_threshold": 7.814727903251179, "N_raw": 45, "N_roi": 43, "N_inlier": 41, "refit": true}
{"timestamp": "17:17:07.153071", "frame": 93, "mu": [-1.4598354126499593, 1.903669833513196, 1.3759669991176853], "Sigma": [[0.005864651262001281, 0.002797391991451241, -0.004656821366810649], [0.0027973919914512408, 0.023876863112981123, -0.053411688108935415], [-0.004656821366810649, -0.05341168810893542, 0.16218151711099119]], "chi2_level": 0.95, "chi2_df": 3, "chi2_threshold": 7.814727903251179, "N_raw": 63, "N_roi": 63, "N_inlier": 58, "refit": true}
{"timestamp": "17:17:07.211040", "frame": 94, "mu": [-1.6134054349233915, 1.7154716024248882, 1.5339118186964136], "Sigma": [[0.04613584202635598, 0.04218236581378898, -0.040481701163607595], [0.04218236581378898, 0.04857084449911933, -0.04406171988075535], [-0.040481701163607595, -0.04406171988075535, 0.04390040181542773]], "chi2_level": 0.95, "chi2_df": 3, "chi2_threshold": 7.814727903251179, "N_raw": 90, "N_roi": 90, "N_inlier": 88, "refit": true}
{"timestamp": "17:17:07.267023", "frame": 95, "mu": [-1.70894205451608, 1.6627591886943631, 1.6367261250423963], "Sigma": [[0.03555470342873643, 0.0292891958530219, -0.029282624598457485], [0.0292891958530219, 0.03317103944309803, -0.02409984775802498], [-0.029282624598457485, -0.024099847758024977, 0.031113529653041608]], "chi2_level": 0.95, "chi2_df": 3, "chi2_threshold": 7.814727903251179, "N_raw": 95, "N_roi": 95, "N_inlier": 92, "refit": true}
{"timestamp": "17:17:07.322979", "frame": 96, "mu": [-1.7239575152397637, 1.7606396692789534, 1.6046196516416034], "Sigma": [[0.019202504468622934, 0.016449616784452163, -0.012557511921968734], [0.016449616784452163, 0.028294670711373364, -0.015106892767522875], [-0.012557511921968734, -0.015106892767522875, 0.015421737689238659]], "chi2_level": 0.95, "chi2_df": 3, "chi2_threshold": 7.814727903251179, "N_raw": 98, "N_roi": 98, "N_inlier": 97, "refit": true}
{"timestamp": "17:17:07.371663", "frame": 97, "mu": [-1.7820013236872625, 1.6948224175593016, 1.8165352913249058], "Sigma": [[0.015502051773408132, 0.018074333746538412, -0.01064965725557315], [0.018074333746538412, 0.027079993129808695, -0.011377929023325028], [-0.01064965725557315, -0.011377929023325026, 0.011306721081948244]], "chi2_level": 0.95, "chi2_df": 3, "chi2_threshold": 7.814727903251179, "N_raw": 52, "N_roi": 52, "N_inlier": 49, "refit": true}
{"timestamp": "17:17:07.425381", "frame": 98, "mu": [-1.8185549294966674, 1.7126669260706076, 1.4057102374770523], "Sigma": [[0.016499610578374194, 0.02331303996434407, -0.01701989365181089], [0.02331303996434407, 0.05324863894737952, -0.03486815985527831], [-0.01701989365181089, -0.03486815985527831, 0.024750826289219357]], "chi2_level": 0.95, "chi2_df": 3, "chi2_threshold": 7.814727903251179, "N_raw": 46, "N_roi": 46, "N_inlier": 44, "refit": true}
{"timestamp": "17:17:07.485231", "frame": 99, "mu": [-1.8586106664120574, 1.774188722687795, 1.568810209536492], "Sigma": [[0.02084174473116915, 0.020675047798424724, -0.013578353446780761], [0.020675047798424724, 0.034769513246541255, -0.0175202608986711], [-0.013578353446780761, -0.0175202608986711, 0.026900337417753096]], "chi2_level": 0.95, "chi2_df": 3, "chi2_threshold": 7.814727903251179, "N_raw": 79, "N_roi": 79, "N_inlier": 77, "refit": true}
{"timestamp": "17:17:07.649648", "frame": 100, "mu": [-1.9270705984915726, 1.73827611034044, 1.7422563101849022], "Sigma": [[0.023194602806584783, 0.022526680938751317, -0.03444952967511909], [0.022526680938751317, 0.03688073443364623, -0.03244750838973626], [-0.03444952967511909, -0.03244750838973626, 0.09250374395260867]], "chi2_level": 0.95, "chi2_df": 3, "chi2_threshold": 7.814727903251179, "N_raw": 103, "N_roi": 103, "N_inlier": 99, "refit": true}
{"timestamp": "17:17:07.688641", "frame": 101, "mu": [-2.0172828426195637, 1.6303322008036947, 1.7008175536520547], "Sigma": [[0.019460492494661436, 0.012067287015227366, -0.018182998654816644], [0.012067287015227366, 0.02444096901185746, -0.011171372293436895], [-0.01818299865481664, -0.011171372293436895, 0.022087362787391582]], "chi2_level": 0.95, "chi2_df": 3, "chi2_threshold": 7.814727903251179, "N_raw": 92, "N_roi": 92, "N_inlier": 87, "refit": true}
{"timestamp": "17:17:07.718523", "frame": 102, "mu": [-2.0890593628171423, 1.6020802651477581, 1.6172634563322807], "Sigma": [[0.01234962770524243, 0.005501523708152355, -0.013444979020762585], [0.005501523708152356, 0.01682485983559319, -0.006684372173034676], [-0.013444979020762585, -0.006684372173034676, 0.02926960845153955]], "chi2_level": 0.95, "chi2_df": 3, "chi2_threshold": 7.814727903251179, "N_raw": 55, "N_roi": 55, "N_inlier": 50, "refit": true}
{"timestamp": "17:17:07.752126", "frame": 103, "mu": [-2.0711632129081865, 1.7281809748785866, 1.7880438772287648], "Sigma": [[0.019421528776112997, 0.014288771685350959, -0.013803113102453073], [0.01428877168535096, 0.022735528124856012, -0.008939403429599771], [-0.013803113102453073, -0.008939403429599771, 0.013149996406945873]], "chi2_level": 0.95, "chi2_df": 3, "chi2_threshold": 7.814727903251179, "N_raw": 77, "N_roi": 77, "N_inlier": 73, "refit": true}
{"timestamp": "17:17:07.782392", "frame": 104, "mu": [-2.093874470231386, 1.7291521689432743, 1.6756968526626903], "Sigma": [[0.01873924346564732, 0.016114508900345152, -0.01670249021404026], [0.016114508900345152, 0.030110142670774435, -0.01551260469331989], [-0.01670249021404026, -0.015512604693319889, 0.020496333280455935]], "chi2_level": 0.95, "chi2_df": 3, "chi2_threshold": 7.814727903251179, "N_raw": 89, "N_roi": 89, "N_inlier": 86, "refit": true}
{"timestamp": "17:17:07.812844", "frame": 105, "mu": [-2.178286753224635, 1.6894865086722977, 1.7573172083794275], "Sigma": [[0.010902026198438166, 0.0075607885832805425, -0.011935758321148071], [0.0075607885832805425, 0.01527211482016266, -0.010027997283320005], [-0.011935758321148071, -0.010027997283320005, 0.018635175294478147]], "chi2_level": 0.95, "chi2_df": 3, "chi2_threshold": 7.814727903251179, "N_raw": 50, "N_roi": 50, "N_inlier": 46, "refit": true}
{"timestamp": "17:17:07.867958", "frame": 106, "mu": [-2.2161842463429613, 1.7113766152306087, 1.7556592347567999], "Sigma": [[0.01209108674696654, 0.009776766452656908, -0.010180502981868872], [0.009776766452656908, 0.018836754570351697, -0.019470334655285818], [-0.010180502981868872, -0.019470334655285818, 0.04347105513565809]], "chi2_level": 0.95, "chi2_df": 3, "chi2_threshold": 7.814727903251179, "N_raw": 60, "N_roi": 60, "N_inlier": 54, "refit": true}
{"timestamp": "17:17:07.923639", "frame": 107, "mu": [-2.1887036329202663, 1.7258737486415783, 1.4269689930045748], "Sigma": [[0.013219237598809422, 0.012741032209240884, -0.01566299513088361], [0.012741032209240884, 0.02466755138169092, -0.02256591958704366], [-0.01566299513088361, -0.02256591958704366, 0.03184819352404416]], "chi2_level": 0.95, "chi2_df": 3, "chi2_threshold": 7.814727903251179, "N_raw": 64, "N_roi": 64, "N_inlier": 61, "refit": true}
{"timestamp": "17:17:07.977389", "frame": 108, "mu": [-2.2665357003568727, 1.6974349872354233, 1.666010537520329], "Sigma": [[0.011326663007076302, 0.009054852292599117, -0.014379628898122146], [0.009054852292599117, 0.022434818146980284, -0.01735626129160259], [-0.014379628898122146, -0.01735626129160259, 0.03061366366128205]], "chi2_level": 0.95, "chi2_df": 3, "chi2_threshold": 7.814727903251179, "N_raw": 62, "N_roi": 62, "N_inlier": 59, "refit": true}
