{"timestamp": "17:21:09.074129", "frame": 4, "mu": [1.92370599815867, 0.7059388775622956, 1.265786389755683], "Sigma": [[0.0025083880502021487, -0.001167541587959844, -9.201767595160308e-06], [-0.0011675415879598442, 0.0057117753248087395, -0.015557388079480521], [-9.201767595160416e-06, -0.015557388079480518, 0.06313573622988643]], "chi2_level": 0.95, "chi2_df": 3, "chi2_threshold": 7.814727903251179, "N_raw": 7, "N_roi": 7, "N_inlier": 7, "refit": true}
{"timestamp": "17:21:09.183985", "frame": 6, "mu": [1.7958715425953664, 0.7543279069414439, 1.275425983329201], "Sigma": [[0.0030787525488306868, -0.0029459883597702224, -0.015243489570707276], [-0.0029459883597702224, 0.013336959028820445, 0.019464528914854506], [-0.015243489570707276, 0.019464528914854506, 0.07994297066366947]], "chi2_level": 0.95, "chi2_df": 3, "chi2_threshold": 7.814727903251179, "N_raw": 8, "N_roi": 8, "N_inlier": 8, "refit": true}
{"timestamp": "17:21:09.518430", "frame": 12, "mu": [1.5703861150638785, 0.931038117074664, -0.45804619361255994], "Sigma": [[0.005490162335382839, -0.0006385886824172819, -0.004732561544783787], [-0.000638588682417282, 0.0030094972158889763, 0.0035308584446921308], [-0.004732561544783787, 0.0035308584446921308, 0.03496734847686254]], "chi2_level": 0.95, "chi2_df": 3, "chi2_threshold": 7.814727903251179, "N_raw": 36, "N_roi": 36, "N_inlier": 35, "refit": true}
{"timestamp": "17:21:09.571625", "frame": 13, "mu": [1.5187864785371896, 0.8353735302575741, 1.1325843642263456], "Sigma": [[0.0001841034471689471, 0.00039956926116434103, 9.16478466763403e-05], [0.00039956926116434103, 0.0032719323800453606, -0.0006284463419259818], [9.164784667634008e-05, -0.0006284463419259824, 0.08390833074023503]], "chi2_level": 0.95, "chi2_df": 3, "chi2_threshold": 7.814727903251179, "N_raw": 9, "N_roi": 9, "N_inlier": 7, "refit": true}
{"timestamp": "17:21:09.626916", "frame": 14, "mu": [1.422146329012546, 1.0413846019451127, 1.123388321808189], "Sigma": [[0.002424390205501693, -0.002360296404886346, 0.005914872702931374], [-0.002360296404886346, 0.008580142665528272, -0.015194023476452078], [0.005914872702931374, -0.01519402347645208, 0.05721148309867514]], "chi2_level": 0.95, "chi2_df": 3, "chi2_threshold": 7.814727903251179, "N_raw": 15, "N_roi": 15, "N_inlier": 14, "refit": true}
{"timestamp": "17:21:09.686350", "frame": 15, "mu": [1.4846280164426175, 0.7950486608398178, 1.3599654693393417], "Sigma": [[0.003864081283618397, -0.0015264959396019064, -0.0009103195046154032], [-0.0015264959396019064, 0.010874944358186778, -0.0032510847819721325], [-0.0009103195046154032, -0.0032510847819721333, 0.004060554844605679]], "chi2_level": 0.95, "chi2_df": 3, "chi2_threshold": 7.814727903251179, "N_raw": 39, "N_roi": 39, "N_inlier": 37, "refit": true}
{"timestamp": "17:21:09.739148", "frame": 16, "mu": [1.3947264671799209, 0.8587457797513977, 1.4695009010941853], "Sigma": [[0.003924935491328202, -0.001801944004856601, 0.0028054956517308918], [-0.0018019440048566008, 0.006096281044759251, -0.006633801430814384], [0.0028054956517308913, -0.006633801430814384, 0.02939683401951147]], "chi2_level": 0.95, "chi2_df": 3, "chi2_threshold": 7.814727903251179, "N_raw": 29, "N_roi": 29, "N_inlier": 27, "refit": true}
{"timestamp": "17:21:09.797171", "frame": 17, "mu": [1.3811564447838935, 0.7866119700855948, 1.2306590888742857], "Sigma": [[0.005674213445093315, -0.008704051500569675, 0.0011885460535997214], [-0.008704051500569675, 0.017820221598610717, -0.013667166416434395], [0.0011885460535997216, -0.013667166416434395, 0.037429224024710286]], "chi2_level": 0.95, "chi2_df": 3, "chi2_threshold": 7.814727903251179, "N_raw": 44, "N_roi": 44, "N_inlier": 43, "refit": true}
{"timestamp": "17:21:09.846419", "frame": 18, "mu": [1.2809282628646836, 1.0740563256221933, -0.6303659215687307], "Sigma": [[0.002490341530642536, -0.0040337789998814415, -0.000546836417713772], [-0.0040337789998814415, 0.03010987161784476, -0.01715301988476548], [-0.000546836417713772, -0.01715301988476548, 0.014642029912532507]], "chi2_level": 0.95, "chi2_df": 3, "chi2_threshold": 7.814727903251179, "N_raw": 9, "N_roi": 9, "N_inlier": 8, "refit": true}
{"timestamp": "17:21:09.902366", "frame": 19, "mu": [1.2144288400917556, 0.9101161389980561, 1.417293696416323], "Sigma": [[0.0014136799489009996, -0.0015247879475524476, 0.0031208355705581708], [-0.001524787947552448, 0.011542181996071953, -0.021954404972046197], [0.0031208355705581708, -0.021954404972046197, 0.05505657458547671]], "chi2_level": 0.95, "chi2_df": 3, "chi2_threshold": 7.814727903251179, "N_raw": 16, "N_roi": 16, "N_inlier": 16, "refit": true}
{"timestamp": "17:21:09.960894", "frame": 20, "mu": [1.2140148571094007, 0.8781605120396795, 1.3441130451540777], "Sigma": [[0.0033999759430763544, -0.003756028514003424, 0.0044927921743026225], [-0.0037560285140034243, 0.012710985106879758, -0.020674707586116642], [0.0044927921743026225, -0.020674707586116642, 0.04077362778222589]], "chi2_level": 0.95, "chi2_df": 3, "chi2_threshold": 7.814727903251179, "N_raw": 31, "N_roi": 31, "N_inlier": 30, "refit": true}
{"timestamp": "17:21:10.015429", "frame": 21, "mu": [1.1923057866051778, 0.8017631019653428, 1.3808628465531247], "Sigma": [[0.004503122653629811, -0.0028452035416603105, 0.00043634302037018157], [-0.002845203541660311, 0.009087651073197563, -0.007108907231468404], [0.00043634302037018184, -0.007108907231468404, 0.010901935141838683]], "chi2_level": 0.95, "chi2_df": 3, "chi2_threshold": 7.814727903251179, "N_raw": 36, "N_roi": 36, "N_inlier": 33, "refit": true}
{"timestamp": "17:21:10.069923", "frame": 22, "mu": [1.153577722071439, 0.787501718664547, 1.3925698227149186], "Sigma": [[0.001984935892365946, -0.001945646476130077, -0.0006879896308522663], [-0.001945646476130077, 0.008239183946825176, -0.0033223440615890937], [-0.0006879896308522662, -0.0033223440615890937, 0.009918260127803571]], "chi2_level": 0.95, "chi2_df": 3, "chi2_threshold": 7.814727903251179, "N_raw": 28, "N_roi": 28, "N_inlier": 26, "refit": true}
{"timestamp": "17:21:10.122019", "frame": 23, "mu": [1.134554407548144, 0.8538570635151594, 1.065499778785155], "Sigma": [[0.0026276105232467713, -0.0011704884104281068, -0.006169384795240755], [-0.0011704884104281068, 0.0041322327164466195, -0.004517877725643618], [-0.006169384795240755, -0.004517877725643618, 0.3802599011286658]], "chi2_level": 0.95, "chi2_df": 3, "chi2_threshold": 7.814727903251179, "N_raw": 11, "N_roi": 11, "N_inlier": 10, "refit": true}
{"timestamp": "17:21:10.179359", "frame": 24, "mu": [1.0349091980870253, 0.903907995547463, 1.5091882059008817], "Sigma": [[0.0022676455126546266, -0.0002745520680397887, 0.0029810876487858344], [-0.0002745520680397888, 0.003147937547072932, -0.0027132467083237277], [0.0029810876487858344, -0.0027132467083237277, 0.07581488669728752]], "chi2_level": 0.95, "chi2_df": 3, "chi2_threshold": 7.814727903251179, "N_raw": 25, "N_roi": 25, "N_inlier": 22, "refit": true}
{"timestamp": "17:21:10.238992", "frame": 25, "mu": [0.9900970199992051, 0.8298726841062674, 1.5132551636425766], "Sigma": [[0.005451802707855682, -0.0033282820239866305, -0.006058087283812037], [-0.0033282820239866305, 0.007363960462120686, 0.0013941848310176658], [-0.006058087283812037, 0.0013941848310176658, 0.00928125420183159]], "chi2_level": 0.95, "chi2_df": 3, "chi2_threshold": 7.814727903251179, "N_raw": 59, "N_roi": 57, "N_inlier": 54, "refit": true}
{"timestamp": "17:21:10.291623", "frame": 26, "mu": [0.9342668955297679, 0.8632324011980703, 1.6091315546403033], "Sigma": [[0.005844861754321101, -0.001724421469865123, -0.001551779357663114], [-0.0017244214698651228, 0.0038301540151011934, 0.0014450284562133012], [-0.001551779357663114, 0.0014450284562133012, 0.0038723124912850636]], "chi2_level": 0.95, "chi2_df": 3, "chi2_threshold": 7.814727903251179, "N_raw": 41, "N_roi": 41, "N_inlier": 38, "refit": true}
{"timestamp": "17:21:10.342593", "frame": 27, "mu": [0.793560858802604, 0.9066836922571678, 1.0423417899900183], "Sigma": [[0.011691002596508609, 0.001996562013845366, 0.06663473824120462], [0.001996562013845366, 0.007505604994214413, -0.007159697994746499], [0.06663473824120462, -0.007159697994746498, 0.45846407651904386]], "chi2_level": 0.95, "chi2_df": 3, "chi2_threshold": 7.814727903251179, "N_raw": 10, "N_roi": 10, "N_inlier": 9, "refit": true}
{"timestamp": "17:21:10.403734", "frame": 28, "mu": [0.8133383716080095, 0.9200005201915034, 1.5206410290934467], "Sigma": [[0.00375197199808267, 0.0006980715227721673, -0.002592381653563062], [0.0006980715227721673, 0.010171674370165737, 0.00015942964052302453], [-0.002592381653563062, 0.0001594296405230246, 0.002209175715993933]], "chi2_level": 0.95, "chi2_df": 3, "chi2_threshold": 7.814727903251179, "N_raw": 62, "N_roi": 62, "N_inlier": 59, "refit": true}
{"timestamp": "17:21:10.456388", "frame": 29, "mu": [0.7548977510127528, 0.8518015779008759, 1.3224597317417843], "Sigma": [[0.004315138801165845, 0.0004517722503580862, -0.010564862816088202], [0.00045177225035808607, 0.00492449958078882, -0.007703423926173973], [-0.0105648628160882, -0.007703423926173973, 0.2016402811258281]], "chi2_level": 0.95, "chi2_df": 3, "chi2_threshold": 7.814727903251179, "N_raw": 32, "N_roi": 32, "N_inlier": 29, "refit": true}
{"timestamp": "17:21:10.508503", "frame": 30, "mu": [0.7435918459206813, 0.9245888674965631, 1.3657571667742578], "Sigma": [[0.0037834032284237446, 0.002481312706559015, -0.01706974791556569], [0.002481312706559015, 0.008574104957968523, 0.0030116523714670386], [-0.017069747915565696, 0.0030116523714670395, 0.12575219527830947]], "chi2_level": 0.95, "chi2_df": 3, "chi2_threshold": 7.814727903251179, "N_raw": 20, "N_roi": 20, "N_inlier": 18, "refit": true}
{"timestamp": "17:21:10.562681", "frame": 31, "mu": [0.7331167806870664, 0.9012771891720445, 1.4901663081862446], "Sigma": [[0.0021927994979026528, -0.0003374200792520586, -0.0024322356321336345], [-0.0003374200792520586, 0.0035025755705597483, 0.00031890257536494355], [-0.0024322356321336345, 0.0003189025753649434, 0.004124920360132089]], "chi2_level": 0.95, "chi2_df": 3, "chi2_threshold": 7.814727903251179, "N_raw": 16, "N_roi": 16, "N_inlier": 15, "refit": true}
{"timestamp": "17:21:10.619788", "frame": 32, "mu": [0.7052877025852803, 0.9741261804563891, 1.3830235405030782], "Sigma": [[0.002840160457832458, -0.0006804558499214379, -0.0008016500089717082], [-0.000680455849921438, 0.0020743461899763627, -0.0007114656493363733], [-0.0008016500089717082, -0.0007114656493363733, 0.0009906828128375801]], "chi2_level": 0.95, "chi2_df": 3, "chi2_threshold": 7.814727903251179, "N_raw": 31, "N_roi": 31, "N_inlier": 27, "refit": true}
{"timestamp": "17:21:10.671385", "frame": 33, "mu": [0.6170033360913832, 0.8834188362757234, 1.3020931016340118], "Sigma": [[0.0011498916295274331, 0.0040273227247420275, 0.00481496105473696], [0.0040273227247420275, 0.015504697832004663, 0.01802507007044494], [0.00481496105473696, 0.018025070070444935, 0.08306018673462982]], "chi2_level": 0.95, "chi2_df": 3, "chi2_threshold": 7.814727903251179, "N_raw": 9, "N_roi": 9, "N_inlier": 9, "refit": true}
{"timestamp": "17:21:10.741378", "frame": 34, "mu": [0.5487491061325183, 0.9005125673144676, 1.3835684321761583], "Sigma": [[0.004029243639100325, -0.0029862454892388137, -0.008021055816219045], [-0.0029862454892388137, 0.015386218519955778, 0.029670673358629263], [-0.008021055816219045, 0.029670673358629263, 0.10136237302919317]], "chi2_level": 0.95, "chi2_df": 3, "chi2_threshold": 7.814727903251179, "N_raw": 112, "N_roi": 112, "N_inlier": 112, "refit": true}
{"timestamp": "17:21:10.793371", "frame": 35, "mu": [0.551078609281097, 0.9070352143963719, 1.5262543576822896], "Sigma": [[0.004024459442490671, 0.0005747474477323166, -0.00254435176518857], [0.0005747474477323167, 0.0062093929766621515, -0.006764696961257743], [-0.00254435176518857, -0.006764696961257744, 0.009675724193550778]], "chi2_level": 0.95, "chi2_df": 3, "chi2_threshold": 7.814727903251179, "N_raw": 87, "N_roi": 87, "N_inlier": 82, "refit": true}
{"timestamp": "17:21:10.850018", "frame": 36, "mu": [0.5082917218276275, 0.9301362561873205, 1.4455429201105852], "Sigma": [[0.005372445856809081, -0.002954927056084618, 0.0011703376693735577], [-0.0029549270560846174, 0.013910864061567581, -0.008050389878097645], [0.0011703376693735575, -0.008050389878097645, 0.052410924907872844]], "chi2_level": 0.95, "chi2_df": 3, "chi2_threshold": 7.814727903251179, "N_raw": 99, "N_roi": 99, "N_inlier": 93, "refit": true}
{"timestamp": "17:21:10.902966", "frame": 37, "mu": [0.389646391734527, 1.0095792563479873, 1.356957964072262], "Sigma": [[0.012994250950254449, -0.0045113416954296595, 0.028934711431553038], [-0.0045113416954296595, 0.011324006783412568, -0.023469784357124896], [0.028934711431553038, -0.023469784357124896, 0.09981618019354058]], "chi2_level": 0.95, "chi2_df": 3, "chi2_threshold": 7.814727903251179, "N_raw": 83, "N_roi": 83, "N_inlier": 76, "refit": true}
{"timestamp": "17:21:10.950452", "frame": 38, "mu": [0.40932323154218375, 0.9935334590490952, 0.9589983462239903], "Sigma": [[0.00448111445094899, -0.001656794318164016, -0.01424125151382131], [-0.001656794318164016, 0.014690999324074269, 0.03277752010553936], [-0.01424125151382131, 0.03277752010553936, 0.3007844090858334]], "chi2_level": 0.95, "chi2_df": 3, "chi2_threshold": 7.814727903251179, "N_raw": 34, "N_roi": 34, "N_inlier": 32, "refit": true}
{"timestamp": "17:21:11.005429", "frame": 39, "mu": [0.32489231795781365, 1.0443843910506259, -0.4737926850491887], "Sigma": [[0.006423493769369187, 0.0004940406870755426, -0.004939829334609597], [0.0004940406870755421, 0.021576747034382338, -0.0566470147878092], [-0.004939829334609597, -0.0566470147878092, 0.19710128288994258]], "chi2_level": 0.95, "chi2_df": 3, "chi2_threshold": 7.814727903251179, "N_raw": 32, "N_roi": 32, "N_inlier": 28, "refit": true}
{"timestamp": "17:21:11.064464", "frame": 40, "mu": [0.2974192118779623, 1.1143900702844243, -0.7012185090114669], "Sigma": [[0.0042931099746804, 0.007397315672793807, -0.024739437401562123], [0.007397315672793807, 0.06664693092710594, -0.1852662653697283], [-0.024739437401562123, -0.1852662653697283, 0.5425661998672746]], "chi2_level": 0.95, "chi2_df": 3, "chi2_threshold": 7.814727903251179, "N_raw": 56, "N_roi": 56, "N_inlier": 52, "refit": true}
{"timestamp": "17:21:11.124273", "frame": 41, "mu": [0.2749916202181674, 0.8701381259348885, 1.4720468570257372], "Sigma": [[0.003700590638904302, -0.0005706448908888084, -0.0014759756650724342], [-0.0005706448908888084, 0.002385885790061348, -0.002607556747642802], [-0.0014759756650724342, -0.002607556747642802, 0.02544095643608152]], "chi2_level": 0.95, "chi2_df": 3, "chi2_threshold": 7.814727903251179, "N_raw": 94, "N_roi": 93, "N_inlier": 83, "refit": true}
{"timestamp": "17:21:11.185718", "frame": 42, "mu": [0.12118621389526504, 1.0403561327303583, -0.33718954667435963], "Sigma": [[0.02055675229628296, -0.02035950017322894, 0.032597242622612904], [-0.02035950017322894, 0.029290507446495744, -0.0430032611000914], [0.032597242622612904, -0.0430032611000914, 0.07145576896957237]], "chi2_level": 0.95, "chi2_df": 3, "chi2_threshold": 7.814727903251179, "N_raw": 130, "N_roi": 130, "N_inlier": 124, "refit": true}
{"timestamp": "17:21:11.234726", "frame": 43, "mu": [0.17970183967659778, 0.8372054346035986, 1.5222992560340791], "Sigma": [[0.0031848588970351836, -0.00023281404675025563, -0.002292003320174435], [-0.0002328140467502556, 0.0026438028252692017, -0.003440685017134489], [-0.0022920033201744346, -0.003440685017134489, 0.0074605422204241266]], "chi2_level": 0.95, "chi2_df": 3, "chi2_threshold": 7.814727903251179, "N_raw": 93, "N_roi": 93, "N_inlier": 88, "refit": true}
{"timestamp": "17:21:11.282976", "frame": 44, "mu": [0.09516082184246419, 0.8084547755441547, 1.4917619223002756], "Sigma": [[0.0028586529851761418, -0.0017779841080594406, 0.000834038321283867], [-0.0017779841080594406, 0.0015748378784631316, -0.0015669694386596053], [0.0008340383212838668, -0.0015669694386596053, 0.017525564553278524]], "chi2_level": 0.95, "chi2_df": 3, "chi2_threshold": 7.814727903251179, "N_raw": 51, "N_roi": 51, "N_inlier": 48, "refit": true}
{"timestamp": "17:21:11.347405", "frame": 45, "mu": [0.0909990542589059, 0.8083057195032223, 1.410561685696764], "Sigma": [[0.0037511231390047685, -0.0012837441290157112, -0.00024664636076127464], [-0.0012837441290157112, 0.007473761622413869, -0.0007396907629863493], [-0.0002466463607612744, -0.0007396907629863495, 0.01873693897843426]], "chi2_level": 0.95, "chi2_df": 3, "chi2_threshold": 7.814727903251179, "N_raw": 121, "N_roi": 121, "N_inlier": 118, "refit": true}
{"timestamp": "17:21:11.400390", "frame": 46, "mu": [0.03355720586489689, 0.8291384802338424, 1.5430084292939616], "Sigma": [[0.003665844562685006, -0.002833136392145624, -0.0018089539155923744], [-0.002833136392145624, 0.005488372991067698, 0.002007656359360663], [-0.0018089539155923744, 0.0020076563593606636, 0.012552904802389936]], "chi2_level": 0.95, "chi2_df": 3, "chi2_threshold": 7.814727903251179, "N_raw": 91, "N_roi": 91, "N_inlier": 85, "refit": true}
{"timestamp": "17:21:11.448755", "frame": 47, "mu": [-0.11524908193281796, 0.9118027466169175, 1.5801478240902982], "Sigma": [[0.0024236876620747534, -0.0003739603605291015, -0.00025185371715795413], [-0.0003739603605291015, 0.0026366073583485336, -0.0010338513922283016], [-0.00025185371715795413, -0.0010338513922283016, 0.0005647575940686247]], "chi2_level": 0.95, "chi2_df": 3, "chi2_threshold": 7.814727903251179, "N_raw": 50, "N_roi": 50, "N_inlier": 49, "refit": true}
{"timestamp": "17:21:11.512203", "frame": 48, "mu": [-0.08325588758962713, 0.9220083425057913, -0.3474351242484249], "Sigma": [[0.0048948818112216665, -0.0014400673959719338, 0.00213394823715091], [-0.0014400673959719338, 0.007958854433989455, -0.005392477906740508], [0.00213394823715091, -0.005392477906740507, 0.026170400393401162]], "chi2_level": 0.95, "chi2_df": 3, "chi2_threshold": 7.814727903251179, "N_raw": 111, "N_roi": 111, "N_inlier": 106, "refit": true}
{"timestamp": "17:21:11.568507", "frame": 49, "mu": [-0.10697226023741797, 0.8395241756773809, 1.405517907559612], "Sigma": [[0.00625623242442335, -0.003283395761782695, -0.0064202894766215365], [-0.003283395761782695, 0.01299233283758997, 0.009407444284625564], [-0.006420289476621538, 0.009407444284625564, 0.048249823108934345]], "chi2_level": 0.95, "chi2_df": 3, "chi2_threshold": 7.814727903251179, "N_raw": 122, "N_roi": 122, "N_inlier": 119, "refit": true}
{"timestamp": "17:21:11.619388", "frame": 50, "mu": [-0.1861825945168277, 0.8605732932961498, 1.5293217952802087], "Sigma": [[0.014006562698024623, 0.003865975331252072, 0.0011474457281844264], [0.003865975331252072, 0.008260862640835842, 0.0021608891670510657], [0.0011474457281844264, 0.0021608891670510653, 0.001443943726777421]], "chi2_level": 0.95, "chi2_df": 3, "chi2_threshold": 7.814727903251179, "N_raw": 86, "N_roi": 86, "N_inlier": 82, "refit": true}
{"timestamp": "17:21:11.673256", "frame": 51, "mu": [-0.14723985628770087, 0.8908959649690068, 1.419607564541754], "Sigma": [[0.002724588343430587, -0.0007700742017805845, -0.0005598638376044036], [-0.0007700742017805845, 0.00346165078607263, 0.004812577246105036], [-0.0005598638376044036, 0.004812577246105036, 0.0416080113540918]], "chi2_level": 0.95, "chi2_df": 3, "chi2_threshold": 7.814727903251179, "N_raw": 85, "N_roi": 85, "N_inlier": 82, "refit": true}
{"timestamp": "17:21:11.723378", "frame": 52, "mu": [-0.3054468457452764, 0.8656695663295807, 1.4529585025907628], "Sigma": [[0.0030085667911159573, -0.0013280033677369927, -0.0019103409355594896], [-0.001328003367736993, 0.006583077184626188, 0.0018382636935372143], [-0.0019103409355594896, 0.0018382636935372143, 0.0018908267943633394]], "chi2_level": 0.95, "chi2_df": 3, "chi2_threshold": 7.814727903251179, "N_raw": 54, "N_roi": 54, "N_inlier": 51, "refit": true}
{"timestamp": "17:21:11.783110", "frame": 53, "mu": [-0.3025333864286668, 0.9174968430202649, 1.6236084610309456], "Sigma": [[0.008315238703906042, -0.0028182030074880753, 0.0014590918780466506], [-0.0028182030074880753, 0.0037196497132326607, -0.001779711833621622], [0.0014590918780466506, -0.001779711833621622, 0.0013543305860523136]], "chi2_level": 0.95, "chi2_df": 3, "chi2_threshold": 7.814727903251179, "N_raw": 87, "N_roi": 87, "N_inlier": 85, "refit": true}
{"timestamp": "17:21:11.835948", "frame": 54, "mu": [-0.35017644196469067, 0.9169202258450199, 1.4882343228619257], "Sigma": [[0.0071565514362572635, -0.00407735289334068, -0.005541094208609177], [-0.00407735289334068, 0.005333974603472501, 0.0023908404095208152], [-0.005541094208609177, 0.002390840409520815, 0.005584510086698298]], "chi2_level": 0.95, "chi2_df": 3, "chi2_threshold": 7.814727903251179, "N_raw": 77, "N_roi": 77, "N_inlier": 76, "refit": true}
{"timestamp": "17:21:11.891082", "frame": 55, "mu": [-0.3935168524281336, 0.9147361492589845, 1.5822227147741343], "Sigma": [[0.010900104549315675, -0.00246999937650414, 0.0013404588262741842], [-0.00246999937650414, 0.002226512364800332, -0.0008183796654522789], [0.001340458826274184, -0.0008183796654522788, 0.007786306822531317]], "chi2_level": 0.95, "chi2_df": 3, "chi2_threshold": 7.814727903251179, "N_raw": 81, "N_roi": 81, "N_inlier": 80, "refit": true}
{"timestamp": "17:21:11.948502", "frame": 56, "mu": [-0.44139169609197615, 1.0163865048459033, -0.1919451200374781], "Sigma": [[0.007118503808211964, -0.0014954178408049142, -0.0016132872355671538], [-0.0014954178408049142, 0.00344210141033155, -0.0015015028632522469], [-0.0016132872355671538, -0.0015015028632522469, 0.0016893022033343255]], "chi2_level": 0.95, "chi2_df": 3, "chi2_threshold": 7.814727903251179, "N_raw": 86, "N_roi": 86, "N_inlier": 79, "refit": true}
{"timestamp": "17:21:11.999816", "frame": 57, "mu": [-0.4446301706519903, 0.8915392650967409, 1.5422109501473424], "Sigma": [[0.0028688043306051886, -0.001527625435843473, 0.00029708394329055934], [-0.0015276254358434732, 0.0017812441399588312, -0.0024582079522752153], [0.00029708394329055945, -0.002458207952275215, 0.008730391818737191]], "chi2_level": 0.95, "chi2_df": 3, "chi2_threshold": 7.814727903251179, "N_raw": 65, "N_roi": 65, "N_inlier": 57, "refit": true}
{"timestamp": "17:21:12.052384", "frame": 58, "mu": [-0.5086567922012043, 0.8950007786575287, 1.622881880663537], "Sigma": [[0.0026954715268238108, -0.0004841417863251793, 0.00040204683758125813], [-0.00048414178632517923, 0.0019332648380711427, -0.0030074785527046963], [0.0004020468375812582, -0.0030074785527046963, 0.005207215683993881]], "chi2_level": 0.95, "chi2_df": 3, "chi2_threshold": 7.814727903251179, "N_raw": 55, "N_roi": 55, "N_inlier": 53, "refit": true}
{"timestamp": "17:21:12.109522", "frame": 59, "mu": [-0.5501787761935354, 0.8700943638417005, 1.58737878007876], "Sigma": [[0.0032512359993255454, -0.0007584364014313886, -6.959317631267744e-05], [-0.0007584364014313885, 0.00283365090963533, -0.002660808831436858], [-6.95931763126775e-05, -0.002660808831436858, 0.0064368701129214135]], "chi2_level": 0.95, "chi2_df": 3, "chi2_threshold": 7.814727903251179, "N_raw": 64, "N_roi": 64, "N_inlier": 60, "refit": true}
{"timestamp": "17:21:12.164434", "frame": 60, "mu": [-0.6085798338623496, 0.8974041405370009, -0.3500614394471681], "Sigma": [[0.0028834600703138737, -0.0018943410954555704, 0.001457073455864229], [-0.0018943410954555704, 0.003911922402074746, -0.0031770191411868804], [0.0014570734558642289, -0.0031770191411868804, 0.003045347264193549]], "chi2_level": 0.95, "chi2_df": 3, "chi2_threshold": 7.814727903251179, "N_raw": 56, "N_roi": 54, "N_inlier": 50, "refit": true}
{"timestamp": "17:21:12.217021", "frame": 61, "mu": [-0.5992378934940094, 0.9063169413685372, 1.2949158290623886], "Sigma": [[0.007470925204614156, -0.0006544580464559442, -0.024209923293405246], [-0.0006544580464559442, 0.001164351468358746, 0.001415952293663662], [-0.02420992329340525, 0.0014159522936636627, 0.10569262923700859]], "chi2_level": 0.95, "chi2_df": 3, "chi2_threshold": 7.814727903251179, "N_raw": 49, "N_roi": 49, "N_inlier": 46, "refit": true}
{"timestamp": "17:21:12.278276", "frame": 62, "mu": [-0.716277753327589, 0.8312744836481838, 0.06370430178861973], "Sigma": [[0.015059304326287283, 0.00605433296222864, 0.03067814704633519], [0.006054332962228639, 0.013855723841396895, -0.01848168456001517], [0.03067814704633519, -0.01848168456001517, 0.29501344650922007]], "chi2_level": 0.95, "chi2_df": 3, "chi2_threshold": 7.814727903251179, "N_raw": 93, "N_roi": 91, "N_inlier": 88, "refit": true}
{"timestamp": "17:21:12.335058", "frame": 63, "mu": [-0.8130316644820541, 0.7015438613078154, 0.28370668595387677], "Sigma": [[0.012122994160477333, 0.004635951835907107, 0.052021107849282364], [0.004635951835907107, 0.007173746174002579, 0.040030668565724584], [0.05202110784928237, 0.040030668565724584, 0.6298366665169882]], "chi2_level": 0.95, "chi2_df": 3, "chi2_threshold": 7.814727903251179, "N_raw": 98, "N_roi": 97, "N_inlier": 95, "refit": true}
{"timestamp": "17:21:12.395976", "frame": 64, "mu": [-0.8124524959397676, 0.7103922382707242, 0.48947403961857483], "Sigma": [[0.01337819739522525, 0.004251548602289577, 0.059715883338365236], [0.004251548602289577, 0.006593099905275367, 0.04140841176783072], [0.05971588333836523, 0.041408411767830715, 0.7040158987026014]], "chi2_level": 0.95, "chi2_df": 3, "chi2_threshold": 7.814727903251179, "N_raw": 134, "N_roi": 134, "N_inlier": 131, "refit": true}
{"timestamp": "17:21:12.452175", "frame": 65, "mu": [-0.8715909756278776, 0.7104313941905849, 0.575086891812055], "Sigma": [[0.015177331525247332, 0.005479545793894313, 0.06591907004782976], [0.005479545793894313, 0.007087327254044346, 0.041080883515984205], [0.06591907004782976, 0.041080883515984205, 0.7101882888192353]], "chi2_level": 0.95, "chi2_df": 3, "chi2_threshold": 7.814727903251179, "N_raw": 139, "N_roi": 139, "N_inlier": 131, "refit": true}
{"timestamp": "17:21:12.505885", "frame": 66, "mu": [-0.9074712360741194, 0.6658754146407821, 1.4066462722213333], "Sigma": [[0.011528595273217692, 0.007919099889232473, -0.013148241696540991], [0.007919099889232473, 0.020475268803772928, -0.04713793862018398], [-0.013148241696540993, -0.04713793862018398, 0.1314562540049687]], "chi2_level": 0.95, "chi2_df": 3, "chi2_threshold": 7.814727903251179, "N_raw": 135, "N_roi": 135, "N_inlier": 131, "refit": true}
{"timestamp": "17:21:12.554700", "frame": 67, "mu": [-0.9686720199832523, 0.7534439614380997, -0.2593796912845826], "Sigma": [[0.011099724362137688, 0.007164230051270974, -0.006805313746708152], [0.007164230051270974, 0.010438164105103303, -0.016669828723948198], [-0.006805313746708152, -0.016669828723948198, 0.040496718125262426]], "chi2_level": 0.95, "chi2_df": 3, "chi2_threshold": 7.814727903251179, "N_raw": 87, "N_roi": 87, "N_inlier": 81, "refit": true}
{"timestamp": "17:21:12.609799", "frame": 68, "mu": [-1.0042967853041636, 0.5769283515718824, 1.4408027146536573], "Sigma": [[0.00975665562548589, 0.004516156059916287, -0.0053128851007563215], [0.0045161560599162875, 0.020187542649138218, -0.005987065826870823], [-0.005312885100756322, -0.005987065826870824, 0.010789040385363978]], "chi2_level": 0.95, "chi2_df": 3, "chi2_threshold": 7.814727903251179, "N_raw": 96, "N_roi": 96, "N_inlier": 91, "refit": true}
{"timestamp": "17:21:12.665285", "frame": 69, "mu": [-1.050393413925066, 0.7124163329752067, -0.2841805470403805], "Sigma": [[0.011626020368966596, 0.0036796030264261825, 0.0009888579728242856], [0.0036796030264261825, 0.015301235154482685, 0.0045034680461617125], [0.0009888579728242856, 0.004503468046161713, 0.003398959241490699]], "chi2_level": 0.95, "chi2_df": 3, "chi2_threshold": 7.814727903251179, "N_raw": 100, "N_roi": 100, "N_inlier": 93, "refit": true}
{"timestamp": "17:21:12.716329", "frame": 70, "mu": [-1.0984650560356137, 0.6541306258055585, 1.6453870960890462], "Sigma": [[0.008309229508031894, 0.0028398601137484374, 0.001078144034028664], [0.0028398601137484374, 0.007417767323566947, -0.00298992641356287], [0.001078144034028664, -0.00298992641356287, 0.0020692030511517117]], "chi2_level": 0.95, "chi2_df": 3, "chi2_threshold": 7.814727903251179, "N_raw": 75, "N_roi": 75, "N_inlier": 69, "refit": true}
{"timestamp": "17:21:12.773059", "frame": 71, "mu": [-1.143411310931452, 0.6589051647877527, -0.38015145210902623], "Sigma": [[0.010760507609347115, 0.0036389608120566156, -6.83942682730443e-05], [0.0036389608120566156, 0.010429884723919236, -0.0025421412784126293], [-6.839426827304432e-05, -0.0025421412784126293, 0.0015060366644571836]], "chi2_level": 0.95, "chi2_df": 3, "chi2_threshold": 7.814727903251179, "N_raw": 84, "N_roi": 84, "N_inlier": 81, "refit": true}
{"timestamp": "17:21:12.828613", "frame": 72, "mu": [-1.1727864468139924, 0.5772219701657485, 1.4439363716675346], "Sigma": [[0.008176461606224752, 0.004560899437838553, -0.00035557147794861786], [0.004560899437838554, 0.014030072364407611, -0.006939596137549842], [-0.00035557147794861775, -0.006939596137549842, 0.004759585958283973]], "chi2_level": 0.95, "chi2_df": 3, "chi2_threshold": 7.814727903251179, "N_raw": 87, "N_roi": 87, "N_inlier": 85, "refit": true}
{"timestamp": "17:21:12.883504", "frame": 73, "mu": [-1.2082855737488267, 0.5708466152176054, 1.390077361045189], "Sigma": [[0.00860258350123991, 0.005576807016083063, 0.0024151156668412487], [0.005576807016083065, 0.009733676383664043, -0.003946576079726936], [0.0024151156668412487, -0.003946576079726936, 0.011020694910826129]], "chi2_level": 0.95, "chi2_df": 3, "chi2_threshold": 7.814727903251179, "N_raw": 86, "N_roi": 86, "N_inlier": 81, "refit": true}
{"timestamp": "17:21:12.939264", "frame": 74, "mu": [-1.2321722443643028, 0.698761693299043, 1.466013346508347], "Sigma": [[0.0076518971639178415, 0.002259024090271599, -0.0026975050769332343], [0.002259024090271599, 0.013277004569810714, -0.005522755654694829], [-0.0026975050769332343, -0.005522755654694829, 0.00457383678496386]], "chi2_level": 0.95, "chi2_df": 3, "chi2_threshold": 7.814727903251179, "N_raw": 85, "N_roi": 85, "N_inlier": 78, "refit": true}
{"timestamp": "17:21:12.992801", "frame": 75, "mu": [-1.279236294844842, 0.7295360957507839, -0.34295959182424496], "Sigma": [[0.008485108355899164, 0.006576732300110169, 0.006699812894628331], [0.006576732300110169, 0.02258937377400954, 0.008358592285039303], [0.006699812894628331, 0.008358592285039303, 0.02891441268299621]], "chi2_level": 0.95, "chi2_df": 3, "chi2_threshold": 7.814727903251179, "N_raw": 80, "N_roi": 80, "N_inlier": 73, "refit": true}
{"timestamp": "17:21:13.046656", "frame": 76, "mu": [-1.3421125918406236, 0.673063115526193, 1.5169687833586107], "Sigma": [[0.00846632303211082, 0.003460411719962417, -8.455701545646179e-05], [0.003460411719962417, 0.012255391275981449, -0.006280745404462807], [-8.455701545646182e-05, -0.006280745404462807, 0.007307792182168736]], "chi2_level": 0.95, "chi2_df": 3, "chi2_threshold": 7.814727903251179, "N_raw": 81, "N_roi": 81, "N_inlier": 72, "refit": true}
{"timestamp": "17:21:13.101218", "frame": 77, "mu": [-1.3746737499897868, 0.7149511820022993, 1.5328135853050877], "Sigma": [[0.00794069253704799, 0.0027345180551780236, 0.0021981152087490775], [0.0027345180551780236, 0.012412771582670406, -0.005006070612721593], [0.0021981152087490775, -0.005006070612721593, 0.017029663650830154]], "chi2_level": 0.95, "chi2_df": 3, "chi2_threshold": 7.814727903251179, "N_raw": 75, "N_roi": 75, "N_inlier": 71, "refit": true}
{"timestamp": "17:21:13.156798", "frame": 78, "mu": [-1.4030344200573726, 0.7099599577360108, 1.4953341279230132], "Sigma": [[0.008731698429507438, 0.003580753678271105, 0.00011804630117321128], [0.003580753678271105, 0.009906961365419666, -0.008123166674052775], [0.00011804630117321128, -0.008123166674052775, 0.015270133595305284]], "chi2_level": 0.95, "chi2_df": 3, "chi2_threshold": 7.814727903251179, "N_raw": 80, "N_roi": 80, "N_inlier": 77, "refit": true}
{"timestamp": "17:21:13.211870", "frame": 79, "mu": [-1.4358797395808582, 0.83883802793024, -0.2084823510566227], "Sigma": [[0.008901545821192233, 0.002501585883964693, 0.0020254423555697027], [0.002501585883964693, 0.013261330334696739, -0.0071513095583179255], [0.0020254423555697027, -0.0071513095583179255, 0.0076403066209238734]], "chi2_level": 0.95, "chi2_df": 3, "chi2_threshold": 7.814727903251179, "N_raw": 74, "N_roi": 74, "N_inlier": 66, "refit": true}
{"timestamp": "17:21:13.265803", "frame": 80, "mu": [-1.4768788518860605, 0.7626104352992743, 1.5093719776410928], "Sigma": [[0.007928181293965638, 0.0038690788699622253, 0.00914084378950742], [0.0038690788699622253, 0.007403179705364992, -0.0008893360221963018], [0.009140843789507422, -0.0008893360221963011, 0.044902638814155835]], "chi2_level": 0.95, "chi2_df": 3, "chi2_threshold": 7.814727903251179, "N_raw": 76, "N_roi": 76, "N_inlier": 72, "refit": true}
{"timestamp": "17:21:13.324269", "frame": 81, "mu": [-1.5420503693361272, 0.7792081001850776, -0.08672616022009276], "Sigma": [[0.011180506037156332, 0.00625082645923089, 0.027314518988819786], [0.006250826459230891, 0.017515527222265875, 0.044581494452722414], [0.027314518988819786, 0.04458149445272241, 0.5730716488716742]], "chi2_level": 0.95, "chi2_df": 3, "chi2_threshold": 7.814727903251179, "N_raw": 93, "N_roi": 93, "N_inlier": 91, "refit": true}
{"timestamp": "17:21:13.380975", "frame": 82, "mu": [-1.5481175997112515, 0.7959074273610846, 1.4170667402440378], "Sigma": [[0.012634265758300218, 0.004846370114067836, 0.00739893471553171], [0.004846370114067836, 0.011887824969646093, -0.007712530728974875], [0.00739893471553171, -0.007712530728974876, 0.025972736043000058]], "chi2_level": 0.95, "chi2_df": 3, "chi2_threshold": 7.814727903251179, "N_raw": 107, "N_roi": 107, "N_inlier": 102, "refit": true}
{"timestamp": "17:21:13.431365", "frame": 83, "mu": [-1.581881751803012, 0.9482889160546869, -0.3178272765001416], "Sigma": [[0.008805706857238676, 0.0018807006255187162, 0.00719786930144837], [0.0018807006255187162, 0.01215817824184204, -0.011370394662030752], [0.00719786930144837, -0.011370394662030752, 0.030623846141009454]], "chi2_level": 0.95, "chi2_df": 3, "chi2_threshold": 7.814727903251179, "N_raw": 77, "N_roi": 77, "N_inlier": 77, "refit": true}
{"timestamp": "17:21:13.488518", "frame": 84, "mu": [-1.6499395820014817, 0.8864719989767146, -0.13083910595814338], "Sigma": [[0.010208131177953113, 0.005828837672010232, 0.014716452838410969], [0.005828837672010232, 0.0193634217913881, 0.016953762869255255], [0.01471645283841097, 0.016953762869255255, 0.33742105241525555]], "chi2_level": 0.95, "chi2_df": 3, "chi2_threshold": 7.814727903251179, "N_raw": 87, "N_roi": 87, "N_inlier": 87, "refit": true}
{"timestamp": "17:21:13.543634", "frame": 85, "mu": [-1.6565815488059403, 0.9829238988344954, -0.38461897145382984], "Sigma": [[0.009346115362659614, 0.004454662157391949, 0.0032289117854191643], [0.004454662157391949, 0.01752598427894477, -0.014705465564917388], [0.0032289117854191643, -0.014705465564917388, 0.023094547275974348]], "chi2_level": 0.95, "chi2_df": 3, "chi2_threshold": 7.814727903251179, "N_raw": 86, "N_roi": 86, "N_inlier": 83, "refit": true}
{"timestamp": "17:21:13.596080", "frame": 86, "mu": [-1.6712725383009113, 0.8507159188981086, -0.5733312842529871], "Sigma": [[0.009977271802174335, 0.00505112992418655, -0.000844612301372582], [0.00505112992418655, 0.01194414627431882, -0.008416738059115154], [-0.000844612301372582, -0.008416738059115154, 0.012245413749251905]], "chi2_level": 0.95, "chi2_df": 3, "chi2_threshold": 7.814727903251179, "N_raw": 77, "N_roi": 77, "N_inlier": 71, "refit": true}
{"timestamp": "17:21:13.653354", "frame": 87, "mu": [-1.7008034411728243, 0.8844195093029409, 1.3884948954963654], "Sigma": [[0.010785267860473768, 0.005786903156369023, 0.0018775931059938139], [0.005786903156369021, 0.011593454542839261, -0.010851286509902934], [0.0018775931059938139, -0.010851286509902934, 0.025453313875949443]], "chi2_level": 0.95, "chi2_df": 3, "chi2_threshold": 7.814727903251179, "N_raw": 88, "N_roi": 88, "N_inlier": 85, "refit": true}
{"timestamp": "17:21:13.706265", "frame": 88, "mu": [-1.7279685765057866, 0.9279447608037193, 1.4296382721614393], "Sigma": [[0.00936921727148998, 0.00460329999413857, 0.001468852514118599], [0.00460329999413857, 0.008487286355233168, -0.00586387144602779], [0.0014688525141185987, -0.005863871446027789, 0.024486692996737988]], "chi2_level": 0.95, "chi2_df": 3, "chi2_threshold": 7.814727903251179, "N_raw": 69, "N_roi": 69, "N_inlier": 65, "refit": true}
{"timestamp": "17:21:13.764115", "frame": 89, "mu": [-1.8459551359258575, 0.9571242160320694, 1.2250653704364602], "Sigma": [[0.021813767820887554, -0.0019010809309473592, 0.032720458447280734], [-0.001901080930947359, 0.015267950682957677, -0.032582060089559384], [0.03272045844728074, -0.032582060089559384, 0.12416095256084614]], "chi2_level": 0.95, "chi2_df": 3, "chi2_threshold": 7.814727903251179, "N_raw": 97, "N_roi": 97, "N_inlier": 93, "refit": true}
{"timestamp": "17:21:13.820149", "frame": 90, "mu": [-1.8223135763002136, 0.95947291894257, 1.2322025494741313], "Sigma": [[0.014235609461074683, 0.0019071206103023724, 0.02009855910247071], [0.0019071206103023722, 0.01442291283329352, -0.021434234402917123], [0.020098559102470714, -0.021434234402917123, 0.10736099642877521]], "chi2_level": 0.95, "chi2_df": 3, "chi2_threshold": 7.814727903251179, "N_raw": 90, "N_roi": 90, "N_inlier": 87, "refit": true}
{"timestamp": "17:21:13.869607", "frame": 91, "mu": [-1.7951341333627655, 1.100607176120077, -0.34489755311041426], "Sigma": [[0.01195234308647256, 0.004716426939750199, 0.0011860749048727582], [0.004716426939750199, 0.010521064768726841, -0.0057743788362500156], [0.001186074904872758, -0.0057743788362500156, 0.007406498151939652]], "chi2_level": 0.95, "chi2_df": 3, "chi2_threshold": 7.814727903251179, "N_raw": 61, "N_roi": 61, "N_inlier": 60, "refit": true}
{"timestamp": "17:21:13.923613", "frame": 92, "mu": [-1.8124278545807582, 1.018716415740332, 1.3134632855157435], "Sigma": [[0.010061423483479132, 0.005970229156882869, 0.0037110190379134054], [0.005970229156882868, 0.006637644172548497, -0.0032598235993686626], [0.0037110190379134054, -0.0032598235993686626, 0.02733382348839786]], "chi2_level": 0.95, "chi2_df": 3, "chi2_threshold": 7.814727903251179, "N_raw": 62, "N_roi": 62, "N_inlier": 59, "refit": true}
{"timestamp": "17:21:13.978467", "frame": 93, "mu": [-1.7988800098728448, 1.0647191639241869, 1.4159553867474624], "Sigma": [[0.0082971101487442, 0.0021997310792418482, -0.0037027915719257103], [0.0021997310792418482, 0.006749215432080416, -0.00776104548482158], [-0.00370279157192571, -0.00776104548482158, 0.010831784500226845]], "chi2_level": 0.95, "chi2_df": 3, "chi2_threshold": 7.814727903251179, "N_raw": 58, "N_roi": 58, "N_inlier": 53, "refit": true}
{"timestamp": "17:21:14.032559", "frame": 94, "mu": [-1.793031106440507, 1.0616092319460972, 1.218322157459799], "Sigma": [[0.02052845795632069, 0.011395902314827611, 0.00010360105092824701], [0.011395902314827611, 0.008496070268011574, -0.002638844219457508], [0.0001036010509282469, -0.0026388442194575077, 0.020540297299322732]], "chi2_level": 0.95, "chi2_df": 3, "chi2_threshold": 7.814727903251179, "N_raw": 54, "N_roi": 54, "N_inlier": 52, "refit": true}
{"timestamp": "17:21:14.096445", "frame": 95, "mu": [-1.8055778550960468, 1.112254508024337, 1.2423204844846032], "Sigma": [[0.025200597536587807, 0.015507666353792847, 3.8782682478463834e-05], [0.015507666353792846, 0.015172710734826721, -0.008639433068088596], [3.878268247846405e-05, -0.008639433068088596, 0.020199395498292437]], "chi2_level": 0.95, "chi2_df": 3, "chi2_threshold": 7.814727903251179, "N_raw": 114, "N_roi": 114, "N_inlier": 113, "refit": true}
