{"timestamp": "17:04:47.318828", "frame": 7, "mu": [-1.6936860114300876, 4.962007286803667, 0.8684213175987637], "Sigma": [[0.009210152991398168, 0.0025997066098803075, 0.0032845332162518568], [0.0025997066098803075, 0.0007759494225103716, 0.0005088342156789551], [0.0032845332162518568, 0.0005088342156789551, 0.005474894460220851]], "chi2_level": 0.95, "chi2_df": 3, "chi2_threshold": 7.814727903251179, "N_raw": 24, "N_roi": 8, "N_inlier": 7, "refit": true}
{"timestamp": "17:04:47.377536", "frame": 8, "mu": [-1.5229341799054015, 4.935673730762058, 0.8384284381143201], "Sigma": [[0.02613664451236237, 0.0036195814979480224, -0.008745680017265832], [0.003619581497948023, 0.0008307844039864045, -0.0020485065648209433], [-0.008745680017265832, -0.0020485065648209438, 0.04820722455939838]], "chi2_level": 0.95, "chi2_df": 3, "chi2_threshold": 7.814727903251179, "N_raw": 56, "N_roi": 34, "N_inlier": 32, "refit": true}
{"timestamp": "17:04:47.432824", "frame": 9, "mu": [-1.5083441528108572, 4.89407329456476, 0.9010761004938938], "Sigma": [[0.02691014784291658, 0.007358400208596087, 0.006441857739420846], [0.007358400208596086, 0.0031579215145874535, -0.001547162090964153], [0.006441857739420846, -0.001547162090964153, 0.02054251952187912]], "chi2_level": 0.95, "chi2_df": 3, "chi2_threshold": 7.814727903251179, "N_raw": 43, "N_roi": 35, "N_inlier": 35, "refit": true}
{"timestamp": "17:04:47.490645", "frame": 10, "mu": [-1.4118571008411445, 4.853703506312275, 1.013317860461795], "Sigma": [[0.03253472395123475, 0.005638419486046782, -0.003235388198429823], [0.005638419486046783, 0.004728236233437248, -0.0026529517968273165], [-0.0032353881984298234, -0.0026529517968273165, 0.008317668265369291]], "chi2_level": 0.95, "chi2_df": 3, "chi2_threshold": 7.814727903251179, "N_raw": 64, "N_roi": 50, "N_inlier": 48, "refit": true}
{"timestamp": "17:04:47.540721", "frame": 11, "mu": [-1.36399247829603, 4.779440507011183, 0.9227354572587434], "Sigma": [[0.0204188590526758, 0.003948426216416019, -0.005630024976882135], [0.00394842621641602, 0.0018323190211746042, -0.002415981682831583], [-0.005630024976882135, -0.0024159816828315836, 0.0070285440702621774]], "chi2_level": 0.95, "chi2_df": 3, "chi2_threshold": 7.814727903251179, "N_raw": 27, "N_roi": 25, "N_inlier": 23, "refit": true}
{"timestamp": "17:04:47.598496", "frame": 12, "mu": [-1.2753430115826785, 4.842266543326006, 0.3530498792332444], "Sigma": [[0.01823685951933095, 0.0066670141353818635, -0.006061506063026613], [0.006667014135381864, 0.008132159362920317, -0.008226891109563275], [-0.006061506063026613, -0.008226891109563277, 0.01142670399386143]], "chi2_level": 0.95, "chi2_df": 3, "chi2_threshold": 7.814727903251179, "N_raw": 46, "N_roi": 37, "N_inlier": 37, "refit": true}
{"timestamp": "17:04:47.653668", "frame": 13, "mu": [-1.2220419526625275, 4.660643188652876, 0.961179381433476], "Sigma": [[0.025632749385977205, 0.0037256038359855283, -0.015680455854562587], [0.0037256038359855283, 0.004605632960229787, -0.0023433542256833246], [-0.015680455854562587, -0.002343354225683325, 0.013283015396700336]], "chi2_level": 0.95, "chi2_df": 3, "chi2_threshold": 7.814727903251179, "N_raw": 44, "N_roi": 40, "N_inlier": 39, "refit": true}
{"timestamp": "17:04:47.705451", "frame": 14, "mu": [-1.1546222019379533, 4.67900455638731, 0.7686037602118476], "Sigma": [[0.01629735389860093, 0.003233054947474375, -0.011616801460299295], [0.003233054947474375, 0.002392539078748837, -0.00384982730398388], [-0.011616801460299295, -0.00384982730398388, 0.011633208986244283]], "chi2_level": 0.95, "chi2_df": 3, "chi2_threshold": 7.814727903251179, "N_raw": 30, "N_roi": 27, "N_inlier": 25, "refit": true}
{"timestamp": "17:04:47.760597", "frame": 15, "mu": [-0.9743811674338196, 4.622818202496395, 1.4298323640033117], "Sigma": [[0.011116950446366887, -0.0018104449992372353, -0.015995554647802137], [-0.0018104449992372362, 0.018557926100756107, 0.04292510602570128], [-0.015995554647802137, 0.04292510602570128, 0.11440396066593367]], "chi2_level": 0.95, "chi2_df": 3, "chi2_threshold": 7.814727903251179, "N_raw": 21, "N_roi": 15, "N_inlier": 14, "refit": true}
{"timestamp": "17:04:47.818410", "frame": 16, "mu": [-1.005137031860749, 4.694151818266339, 0.17073145718100333], "Sigma": [[0.017902854901954944, 0.0033773072322298837, -0.0026530835764941737], [0.003377307232229884, 0.004847937176702217, -0.00917785436679534], [-0.0026530835764941737, -0.00917785436679534, 0.020326839565634105]], "chi2_level": 0.95, "chi2_df": 3, "chi2_threshold": 7.814727903251179, "N_raw": 43, "N_roi": 36, "N_inlier": 33, "refit": true}
{"timestamp": "17:04:47.867483", "frame": 17, "mu": [-0.8892844222923961, 4.463038690134303, 0.7257589691064033], "Sigma": [[0.012349668804638904, -0.01600613178262085, -0.01234404910859229], [-0.016006131782620853, 0.030098530830156685, -0.0033147807352375477], [-0.01234404910859229, -0.0033147807352375477, 0.12068359715423807]], "chi2_level": 0.95, "chi2_df": 3, "chi2_threshold": 7.814727903251179, "N_raw": 9, "N_roi": 8, "N_inlier": 8, "refit": true}
{"timestamp": "17:04:47.926843", "frame": 18, "mu": [-0.9491501894562211, 4.4946669502967165, 1.1438542529585343], "Sigma": [[0.019105959683506805, 0.002733605744770706, -0.0032228499589798103], [0.002733605744770706, 0.0013821249408647895, -0.00444699044062698], [-0.0032228499589798103, -0.00444699044062698, 0.02459021449790766]], "chi2_level": 0.95, "chi2_df": 3, "chi2_threshold": 7.814727903251179, "N_raw": 39, "N_roi": 36, "N_inlier": 34, "refit": true}
{"timestamp": "17:04:47.982642", "frame": 19, "mu": [-0.890172320973788, 4.421374267005223, 1.063340704640193], "Sigma": [[0.02975573687011993, 0.002364859909190201, -0.010963742184114635], [0.002364859909190201, 0.0020474777783052655, -0.0029864625800251456], [-0.010963742184114634, -0.0029864625800251456, 0.009502484552732312]], "chi2_level": 0.95, "chi2_df": 3, "chi2_threshold": 7.814727903251179, "N_raw": 40, "N_roi": 40, "N_inlier": 38, "refit": true}
{"timestamp": "17:04:48.039757", "frame": 20, "mu": [-0.8097442237829219, 4.335865587548591, 1.0161756744331583], "Sigma": [[0.032263428452997706, 0.0034965097009837026, -0.02107746433853281], [0.0034965097009837017, 0.0037857255599457254, -0.005760245549004001], [-0.02107746433853281, -0.005760245549004001, 0.02001932657361471]], "chi2_level": 0.95, "chi2_df": 3, "chi2_threshold": 7.814727903251179, "N_raw": 54, "N_roi": 53, "N_inlier": 51, "refit": true}
{"timestamp": "17:04:48.096213", "frame": 21, "mu": [-0.8550791492211312, 4.355338197412327, 0.2341687586191165], "Sigma": [[0.031120199450866193, 0.00816303684899021, -0.019115312981219656], [0.00816303684899021, 0.00782256679017851, -0.010570905158816845], [-0.019115312981219656, -0.010570905158816845, 0.02244230595339733]], "chi2_level": 0.95, "chi2_df": 3, "chi2_threshold": 7.814727903251179, "N_raw": 58, "N_roi": 56, "N_inlier": 54, "refit": true}
{"timestamp": "17:04:48.150292", "frame": 22, "mu": [-0.7483267319621915, 4.369348001914176, 0.09057412835070183], "Sigma": [[0.03180966518388398, 0.007795590608306037, -0.01815534867940679], [0.007795590608306036, 0.0063123367408461336, -0.008138978003984656], [-0.01815534867940679, -0.008138978003984656, 0.016419733851157726]], "chi2_level": 0.95, "chi2_df": 3, "chi2_threshold": 7.814727903251179, "N_raw": 51, "N_roi": 51, "N_inlier": 46, "refit": true}
{"timestamp": "17:04:48.202463", "frame": 23, "mu": [-0.6960558038635563, 4.187922759469483, 0.8223735516635422], "Sigma": [[0.024498142322687228, 0.0014031655271491482, -0.011493116523736156], [0.0014031655271491484, 0.004044286627164006, 0.0016490916684993796], [-0.011493116523736156, 0.0016490916684993796, 0.008004217755404408]], "chi2_level": 0.95, "chi2_df": 3, "chi2_threshold": 7.814727903251179, "N_raw": 37, "N_roi": 34, "N_inlier": 31, "refit": true}
{"timestamp": "17:04:48.266433", "frame": 24, "mu": [-0.5342634805512674, 4.169811492547833, 1.0463893847614951], "Sigma": [[0.03923980954197962, 0.0041214161973871675, -0.004107850064186398], [0.0041214161973871675, 0.005826216420857945, -0.004162013788280182], [-0.004107850064186398, -0.004162013788280182, 0.005154845635411622]], "chi2_level": 0.95, "chi2_df": 3, "chi2_threshold": 7.814727903251179, "N_raw": 105, "N_roi": 69, "N_inlier": 69, "refit": true}
{"timestamp": "17:04:48.324295", "frame": 25, "mu": [-0.4248805969920847, 3.8288556097443722, 0.5008406652358731], "Sigma": [[0.040027773060893626, 0.08471365414333137, 0.09341059966057397], [0.08471365414333137, 0.7558926011774324, 0.9112600473870133], [0.09341059966057397, 0.9112600473870133, 1.1244138133873944]], "chi2_level": 0.95, "chi2_df": 3, "chi2_threshold": 7.814727903251179, "N_raw": 104, "N_roi": 77, "N_inlier": 73, "refit": true}
{"timestamp": "17:04:48.373240", "frame": 26, "mu": [-0.439906810244421, 4.156326736683527, -0.21685338716926722], "Sigma": [[0.02933475024794529, 0.010650597290166394, 0.05253250458138418], [0.010650597290166394, 0.010308444321232365, 0.029940790320820358], [0.052532504581384185, 0.029940790320820358, 0.17164607290456724]], "chi2_level": 0.95, "chi2_df": 3, "chi2_threshold": 7.814727903251179, "N_raw": 63, "N_roi": 58, "N_inlier": 53, "refit": true}
{"timestamp": "17:04:48.428206", "frame": 27, "mu": [-0.3267019496632584, 3.700819518086176, -0.8664406773283265], "Sigma": [[0.044347294694892306, 0.17107153643656442, 0.28434097812783166], [0.17107153643656442, 1.1958007738340237, 1.7754631288339044], [0.28434097812783166, 1.7754631288339044, 2.8482197914277876]], "chi2_level": 0.95, "chi2_df": 3, "chi2_threshold": 7.814727903251179, "N_raw": 72, "N_roi": 70, "N_inlier": 65, "refit": true}
{"timestamp": "17:04:48.490116", "frame": 28, "mu": [-0.2903140977286465, 3.978033303018162, 0.903787706703461], "Sigma": [[0.04035892179975177, 0.006468836146165561, 0.024447291418639317], [0.006468836146165561, 0.023638809300078778, -0.00949579344624881], [0.024447291418639314, -0.00949579344624881, 0.06564848562273316]], "chi2_level": 0.95, "chi2_df": 3, "chi2_threshold": 7.814727903251179, "N_raw": 114, "N_roi": 111, "N_inlier": 103, "refit": true}
{"timestamp": "17:04:48.535807", "frame": 29, "mu": [-0.2067797889089521, 3.91225544450335, 1.0626780333934163], "Sigma": [[0.020472069481628278, 0.008344053163677033, -0.005027064053666888], [0.008344053163677033, 0.009719953094470535, -0.002976964645545377], [-0.005027064053666888, -0.002976964645545378, 0.00529099749820229]], "chi2_level": 0.95, "chi2_df": 3, "chi2_threshold": 7.814727903251179, "N_raw": 49, "N_roi": 46, "N_inlier": 42, "refit": true}
{"timestamp": "17:04:48.595985", "frame": 30, "mu": [-0.19282050099558806, 3.8553310547515736, 1.0410715079767614], "Sigma": [[0.02716447963336946, 0.006530788488778183, -0.006541904925036106], [0.006530788488778182, 0.013708854397555537, -0.002239086888917244], [-0.006541904925036105, -0.002239086888917244, 0.004088734276402961]], "chi2_level": 0.95, "chi2_df": 3, "chi2_threshold": 7.814727903251179, "N_raw": 94, "N_roi": 92, "N_inlier": 88, "refit": true}
{"timestamp": "17:04:48.650990", "frame": 31, "mu": [-0.15159064183538656, 3.808667706048733, 1.0985787356440204], "Sigma": [[0.021504390123114135, 0.003424771185621552, -0.007714106358398922], [0.003424771185621552, 0.018346505933379775, -0.00023193983836797966], [-0.007714106358398922, -0.00023193983836797955, 0.007199571823368875]], "chi2_level": 0.95, "chi2_df": 3, "chi2_threshold": 7.814727903251179, "N_raw": 96, "N_roi": 96, "N_inlier": 92, "refit": true}
{"timestamp": "17:04:48.705357", "frame": 32, "mu": [-0.14935925301851602, 3.6539870111327937, 1.0719122179164213], "Sigma": [[0.02457934123543234, 0.0012179015218379999, -0.030047401385681398], [0.0012179015218379999, 0.011973886150309544, -0.005231712964151032], [-0.030047401385681398, -0.005231712964151033, 0.04192075868247856]], "chi2_level": 0.95, "chi2_df": 3, "chi2_threshold": 7.814727903251179, "N_raw": 88, "N_roi": 87, "N_inlier": 85, "refit": true}
{"timestamp": "17:04:48.750758", "frame": 33, "mu": [-0.0926092550426557, 3.7080268998972055, 1.1943227751543266], "Sigma": [[0.013012228373475305, -0.005710469777427801, -0.004215181855207693], [-0.005710469777427801, 0.007956483975818942, 0.0050416843832345685], [-0.004215181855207693, 0.0050416843832345685, 0.01991554221300725]], "chi2_level": 0.95, "chi2_df": 3, "chi2_threshold": 7.814727903251179, "N_raw": 25, "N_roi": 25, "N_inlier": 23, "refit": true}
{"timestamp": "17:04:48.810590", "frame": 34, "mu": [0.011470593545444968, 3.6152039296589678, 1.2930423765124548], "Sigma": [[0.04059261025124984, -0.026862074524625502, -0.034787622975678834], [-0.026862074524625506, 0.028127467808739932, 0.02747775039171977], [-0.034787622975678834, 0.02747775039171977, 0.04461070987307262]], "chi2_level": 0.95, "chi2_df": 3, "chi2_threshold": 7.814727903251179, "N_raw": 62, "N_roi": 60, "N_inlier": 58, "refit": true}
{"timestamp": "17:04:48.865291", "frame": 35, "mu": [0.09469834596346333, 3.6531566635531694, 1.324575904649419], "Sigma": [[0.013437534016125463, -0.0009460128962393826, -0.009232936716463826], [-0.0009460128962393825, 0.0008834995359841748, -0.0024517820727775704], [-0.009232936716463826, -0.00245178207277757, 0.030114342170317263]], "chi2_level": 0.95, "chi2_df": 3, "chi2_threshold": 7.814727903251179, "N_raw": 52, "N_roi": 41, "N_inlier": 35, "refit": true}
{"timestamp": "17:04:48.913369", "frame": 36, "mu": [0.2021245322348837, 3.6039372087025052, 0.6114444854543091], "Sigma": [[0.009225324851027696, -0.0016534742289665261, -0.020934402301634278], [-0.0016534742289665261, 0.0008414626544648304, -0.0017264175910654557], [-0.020934402301634278, -0.0017264175910654557, 0.3823435121383466]], "chi2_level": 0.95, "chi2_df": 3, "chi2_threshold": 7.814727903251179, "N_raw": 9, "N_roi": 8, "N_inlier": 8, "refit": true}
{"timestamp": "17:04:48.970477", "frame": 37, "mu": [0.26683514804022, 3.4078218441788173, 1.0918062191027962], "Sigma": [[0.01377174134204562, -0.015527414439012104, -0.003409060192492641], [-0.015527414439012104, 0.024882564634157348, -0.024421939585245987], [-0.003409060192492642, -0.024421939585245987, 0.21746192580312826]], "chi2_level": 0.95, "chi2_df": 3, "chi2_threshold": 7.814727903251179, "N_raw": 22, "N_roi": 10, "N_inlier": 10, "refit": true}
{"timestamp": "17:04:49.036631", "frame": 38, "mu": [0.21965439870520226, 3.4148351353738535, 1.2390408925378804], "Sigma": [[0.020532538259465792, -0.0022801239939928774, -0.01460714701973825], [-0.002280123993992878, 0.009207338660516711, -0.004441400495503747], [-0.01460714701973825, -0.004441400495503747, 0.027478186569085492]], "chi2_level": 0.95, "chi2_df": 3, "chi2_threshold": 7.814727903251179, "N_raw": 95, "N_roi": 92, "N_inlier": 89, "refit": true}
{"timestamp": "17:04:49.086662", "frame": 39, "mu": [0.20536749551452774, 3.3334568022405504, 1.295149887765363], "Sigma": [[0.018892268770815422, -0.00308386678129113, -0.014428008363162272], [-0.00308386678129113, 0.00530822591043117, -0.0002411961203797198], [-0.014428008363162272, -0.00024119612037972013, 0.01591299150760373]], "chi2_level": 0.95, "chi2_df": 3, "chi2_threshold": 7.814727903251179, "N_raw": 65, "N_roi": 65, "N_inlier": 62, "refit": true}
{"timestamp": "17:04:49.144132", "frame": 40, "mu": [0.31430385979891795, 3.3009487321133126, 0.9758733944652589], "Sigma": [[0.021509561159625823, -0.0026582889864499772, -0.013947803971126353], [-0.0026582889864499777, 0.0028635612889801963, -0.0038319800523549364], [-0.013947803971126351, -0.003831980052354936, 0.04069260826838704]], "chi2_level": 0.95, "chi2_df": 3, "chi2_threshold": 7.814727903251179, "N_raw": 81, "N_roi": 81, "N_inlier": 73, "refit": true}
{"timestamp": "17:04:49.203403", "frame": 41, "mu": [0.45680488084519566, 3.3802202903426792, 0.28056996036614346], "Sigma": [[0.06387314950306905, -0.0008295723863472949, 0.08044767454432974], [-0.0008295723863472951, 0.0066656139225809855, -0.011550303029282713], [0.08044767454432974, -0.011550303029282713, 0.18639773114665822]], "chi2_level": 0.95, "chi2_df": 3, "chi2_threshold": 7.814727903251179, "N_raw": 103, "N_roi": 102, "N_inlier": 96, "refit": true}
{"timestamp": "17:04:49.254377", "frame": 42, "mu": [0.47130833721639637, 3.243801633320213, 1.0679580761681744], "Sigma": [[0.03523719303358494, 0.007843785988093169, -0.017353259299004782], [0.00784378598809317, 0.006713397595024547, -0.0029400606448438255], [-0.017353259299004782, -0.0029400606448438255, 0.039585111541316116]], "chi2_level": 0.95, "chi2_df": 3, "chi2_threshold": 7.814727903251179, "N_raw": 85, "N_roi": 82, "N_inlier": 82, "refit": true}
{"timestamp": "17:04:49.305157", "frame": 43, "mu": [0.46004835740390854, 3.2873436331210204, -0.0007275772529522113], "Sigma": [[0.00858542111824423, 0.001155352691420451, -0.005026849872693865], [0.001155352691420451, 0.005137055699800352, -0.012298176131402733], [-0.005026849872693865, -0.012298176131402732, 0.03840992752124173]], "chi2_level": 0.95, "chi2_df": 3, "chi2_threshold": 7.814727903251179, "N_raw": 43, "N_roi": 40, "N_inlier": 35, "refit": true}
{"timestamp": "17:04:49.358973", "frame": 44, "mu": [0.5956127721625166, 3.1694882963805813, 1.039259313088645], "Sigma": [[0.02000157352058596, 0.004949811495912363, 0.005947980166016239], [0.004949811495912363, 0.005472052619055594, 0.0034598944933438777], [0.005947980166016239, 0.0034598944933438777, 0.005572665341298694]], "chi2_level": 0.95, "chi2_df": 3, "chi2_threshold": 7.814727903251179, "N_raw": 47, "N_roi": 46, "N_inlier": 44, "refit": true}
{"timestamp": "17:04:49.416114", "frame": 45, "mu": [0.5867359392580451, 3.131994103377996, -0.5592445103082637], "Sigma": [[0.01739662256348362, 0.005480252884377219, 0.04290464589458802], [0.005480252884377219, 0.00715356020479633, 0.018155355068707184], [0.04290464589458802, 0.018155355068707184, 0.15141128367474357]], "chi2_level": 0.95, "chi2_df": 3, "chi2_threshold": 7.814727903251179, "N_raw": 64, "N_roi": 62, "N_inlier": 59, "refit": true}
{"timestamp": "17:04:49.470165", "frame": 46, "mu": [0.5951734649150207, 3.102510692031206, 0.1043820996277946], "Sigma": [[0.01996422634665767, 0.00583130708230041, -0.021946575564588608], [0.00583130708230041, 0.011562545870746939, -0.023176487709705866], [-0.021946575564588608, -0.023176487709705866, 0.06958177032761331]], "chi2_level": 0.95, "chi2_df": 3, "chi2_threshold": 7.814727903251179, "N_raw": 50, "N_roi": 50, "N_inlier": 46, "refit": true}
{"timestamp": "17:04:49.579814", "frame": 47, "mu": [0.6946152560213044, 3.050398947356325, -0.05345845394141454], "Sigma": [[0.02286476497828524, 0.004068987212469462, -0.008578746051717238], [0.004068987212469462, 0.010950623420914091, -0.01057832268219642], [-0.008578746051717238, -0.010578322682196419, 0.01732594284137071]], "chi2_level": 0.95, "chi2_df": 3, "chi2_threshold": 7.814727903251179, "N_raw": 92, "N_roi": 92, "N_inlier": 91, "refit": true}
{"timestamp": "17:04:49.585380", "frame": 48, "mu": [0.6445458936973424, 2.9491782873109136, -0.027342790158288232], "Sigma": [[0.010744853859085761, 0.0004888072252046932, -0.007241111637895849], [0.000488807225204693, 0.00531074771147206, -0.01050202139017129], [-0.007241111637895849, -0.01050202139017129, 0.03583368075515771]], "chi2_level": 0.95, "chi2_df": 3, "chi2_threshold": 7.814727903251179, "N_raw": 59, "N_roi": 55, "N_inlier": 52, "refit": true}
{"timestamp": "17:04:49.642898", "frame": 49, "mu": [0.8762068228572123, 2.823538567000413, 0.9959858179881464], "Sigma": [[0.03267403154789493, 0.005393180396225141, -0.019080506653051273], [0.005393180396225141, 0.00822381806677699, -0.005718098700180802], [-0.019080506653051277, -0.005718098700180803, 0.02082263118501622]], "chi2_level": 0.95, "chi2_df": 3, "chi2_threshold": 7.814727903251179, "N_raw": 105, "N_roi": 101, "N_inlier": 100, "refit": true}
{"timestamp": "17:04:49.693763", "frame": 50, "mu": [0.7897194082553544, 2.6970589687239053, 1.1223964152944876], "Sigma": [[0.015094263657293458, -0.005975494535397397, -0.013215171406636191], [-0.005975494535397397, 0.009011825768667587, 0.004209316049314643], [-0.013215171406636191, 0.004209316049314643, 0.014858339374179115]], "chi2_level": 0.95, "chi2_df": 3, "chi2_threshold": 7.814727903251179, "N_raw": 73, "N_roi": 69, "N_inlier": 65, "refit": true}
{"timestamp": "17:04:49.751488", "frame": 51, "mu": [0.8316622999558066, 2.668589949760444, 1.1297818495566991], "Sigma": [[0.014994390536367383, -0.005626478602292463, -0.009656493851398867], [-0.005626478602292463, 0.009750431272881907, -0.002611104718237958], [-0.009656493851398867, -0.002611104718237958, 0.023758082057819915]], "chi2_level": 0.95, "chi2_df": 3, "chi2_threshold": 7.814727903251179, "N_raw": 97, "N_roi": 89, "N_inlier": 86, "refit": true}
{"timestamp": "17:04:49.805034", "frame": 52, "mu": [0.9268515030555831, 2.6521049417640827, 0.13808604676075395], "Sigma": [[0.016036320932672307, -0.00821361217304026, 0.009421823219341251], [-0.00821361217304026, 0.016067789740346318, -0.012690810434705367], [0.009421823219341248, -0.01269081043470537, 0.13855480382691276]], "chi2_level": 0.95, "chi2_df": 3, "chi2_threshold": 7.814727903251179, "N_raw": 80, "N_roi": 77, "N_inlier": 74, "refit": true}
{"timestamp": "17:04:49.858356", "frame": 53, "mu": [0.9643591689628918, 2.5333447381675693, 1.1530681897108521], "Sigma": [[0.011674572155994725, -0.004487848067148185, -0.008711184378904306], [-0.0044878480671481855, 0.009426280018323569, 0.0003869455404477537], [-0.008711184378904306, 0.0003869455404477537, 0.009413637460219733]], "chi2_level": 0.95, "chi2_df": 3, "chi2_threshold": 7.814727903251179, "N_raw": 68, "N_roi": 63, "N_inlier": 59, "refit": true}
{"timestamp": "17:04:49.911854", "frame": 54, "mu": [0.9837942348230413, 2.527996670337699, 1.4234512927699583], "Sigma": [[0.009332898261460372, -0.0018325529922849004, -0.0023069149638444437], [-0.0018325529922849004, 0.013709323294672804, 0.01768009372928246], [-0.0023069149638444437, 0.01768009372928246, 0.025234779977990174]], "chi2_level": 0.95, "chi2_df": 3, "chi2_threshold": 7.814727903251179, "N_raw": 61, "N_roi": 57, "N_inlier": 53, "refit": true}
{"timestamp": "17:04:49.971593", "frame": 55, "mu": [1.0465926535507764, 2.553973649249571, -0.2925043895956449], "Sigma": [[0.012933608949061764, -0.006113067440038703, -0.010550675562564817], [-0.006113067440038703, 0.016572390890058047, 0.017189445001307972], [-0.010550675562564815, 0.017189445001307972, 0.13030755058466223]], "chi2_level": 0.95, "chi2_df": 3, "chi2_threshold": 7.814727903251179, "N_raw": 93, "N_roi": 90, "N_inlier": 84, "refit": true}
{"timestamp": "17:04:50.026467", "frame": 56, "mu": [1.1214278198436975, 2.409802890816176, 1.1835260437488957], "Sigma": [[0.014348078367146081, -0.006973332945545519, -0.008073871227392664], [-0.006973332945545519, 0.010380200152771047, -0.0007764085332567828], [-0.008073871227392664, -0.0007764085332567828, 0.011899690599817577]], "chi2_level": 0.95, "chi2_df": 3, "chi2_threshold": 7.814727903251179, "N_raw": 87, "N_roi": 82, "N_inlier": 79, "refit": true}
{"timestamp": "17:04:50.076431", "frame": 57, "mu": [1.1968042773658842, 2.361912531324852, 1.2200156744958313], "Sigma": [[0.01358790946088651, -0.00668801782752188, -0.0168730900601191], [-0.00668801782752188, 0.007377378748886233, 0.006740985558946996], [-0.0168730900601191, 0.006740985558946996, 0.028985712787471002]], "chi2_level": 0.95, "chi2_df": 3, "chi2_threshold": 7.814727903251179, "N_raw": 59, "N_roi": 59, "N_inlier": 56, "refit": true}
{"timestamp": "17:04:50.130833", "frame": 58, "mu": [1.1908492152071666, 2.367414909915967, 1.2826695028712407], "Sigma": [[0.009085596190410635, -0.0043656259890399365, -0.008371262464130221], [-0.0043656259890399365, 0.005627699910043073, 0.00803006429401834], [-0.00837126246413022, 0.00803006429401834, 0.06908977929995122]], "chi2_level": 0.95, "chi2_df": 3, "chi2_threshold": 7.814727903251179, "N_raw": 59, "N_roi": 57, "N_inlier": 53, "refit": true}
{"timestamp": "17:04:50.180029", "frame": 59, "mu": [1.194767947023156, 2.3308055474728837, 1.4211382679463536], "Sigma": [[0.007574146174830634, -0.0029498477860570916, -0.0006635492007834464], [-0.0029498477860570916, 0.003922136310219299, 0.0018250963018196873], [-0.0006635492007834464, 0.0018250963018196873, 0.0014458286968203392]], "chi2_level": 0.95, "chi2_df": 3, "chi2_threshold": 7.814727903251179, "N_raw": 25, "N_roi": 25, "N_inlier": 24, "refit": true}
{"timestamp": "17:04:50.241868", "frame": 60, "mu": [1.2496521906537228, 2.261153300634957, -0.8763480991510466], "Sigma": [[0.00882767313501075, -0.001790492949287219, -0.008481881712086737], [-0.001790492949287219, 0.005895058962737443, 0.01841330239622708], [-0.008481881712086737, 0.01841330239622708, 0.1939692919869263]], "chi2_level": 0.95, "chi2_df": 3, "chi2_threshold": 7.814727903251179, "N_raw": 66, "N_roi": 66, "N_inlier": 62, "refit": true}
{"timestamp": "17:04:50.300281", "frame": 61, "mu": [1.26987279142385, 2.227865307044892, 1.1629049156283804], "Sigma": [[0.01425784998669053, -0.007459882644929484, -0.014403530948344033], [-0.007459882644929484, 0.007154390350207125, 0.0003476919307115573], [-0.014403530948344033, 0.0003476919307115571, 0.05671494556370382]], "chi2_level": 0.95, "chi2_df": 3, "chi2_threshold": 7.814727903251179, "N_raw": 91, "N_roi": 91, "N_inlier": 81, "refit": true}
{"timestamp": "17:04:50.347155", "frame": 62, "mu": [1.2395431005694992, 2.2466438451307247, -0.3739248634037826], "Sigma": [[0.006700992502728806, 0.0009969919236566748, 0.011546982686058738], [0.0009969919236566748, 0.0036050954874093915, 0.00022491741881387316], [0.011546982686058738, 0.00022491741881387273, 0.0662964962654583]], "chi2_level": 0.95, "chi2_df": 3, "chi2_threshold": 7.814727903251179, "N_raw": 32, "N_roi": 30, "N_inlier": 27, "refit": true}
{"timestamp": "17:04:50.408240", "frame": 63, "mu": [1.326159660851998, 2.3241054847128138, -0.26215975096346666], "Sigma": [[0.009104064716829398, -0.002772025372033534, -0.0032294526432745593], [-0.0027720253720335346, 0.010294655695290917, -0.014381422507098701], [-0.0032294526432745593, -0.014381422507098703, 0.03544717168753976]], "chi2_level": 0.95, "chi2_df": 3, "chi2_threshold": 7.814727903251179, "N_raw": 74, "N_roi": 74, "N_inlier": 68, "refit": true}
{"timestamp": "17:04:50.461120", "frame": 64, "mu": [1.3689560967536312, 2.0750400871718018, 1.0834548928163958], "Sigma": [[0.010569340324834002, -0.0041947759550530275, -0.008990628343649927], [-0.0041947759550530275, 0.003808658336991515, -0.00014150756600360968], [-0.008990628343649927, -0.00014150756600360946, 0.031767168100817755]], "chi2_level": 0.95, "chi2_df": 3, "chi2_threshold": 7.814727903251179, "N_raw": 57, "N_roi": 57, "N_inlier": 57, "refit": true}
{"timestamp": "17:04:50.511986", "frame": 65, "mu": [1.496081354667827, 1.9808461970839621, 1.0219408831245924], "Sigma": [[0.005058149730026696, -0.002442916184360768, -0.0027016269126764773], [-0.002442916184360768, 0.004655393532032813, 0.010252964091291429], [-0.0027016269126764773, 0.010252964091291429, 0.09150102182353057]], "chi2_level": 0.95, "chi2_df": 3, "chi2_threshold": 7.814727903251179, "N_raw": 34, "N_roi": 34, "N_inlier": 28, "refit": true}
{"timestamp": "17:04:50.567923", "frame": 66, "mu": [1.4350673300560035, 2.0419604788754486, 1.4573525415293733], "Sigma": [[0.007455798473272828, -0.0023553431612874484, -0.0021616856907627937], [-0.0023553431612874484, 0.002572584915530994, -0.00141608689422453], [-0.0021616856907627937, -0.00141608689422453, 0.01649471270220991]], "chi2_level": 0.95, "chi2_df": 3, "chi2_threshold": 7.814727903251179, "N_raw": 40, "N_roi": 40, "N_inlier": 36, "refit": true}
{"timestamp": "17:04:50.675506", "frame": 68, "mu": [1.532220117219247, 1.9369322676744654, 1.177937532540365], "Sigma": [[0.005219812943435259, -0.0040903308167232234, -0.0017281529715920518], [-0.0040903308167232234, 0.005321665741472204, -0.0011735591192058587], [-0.0017281529715920522, -0.001173559119205859, 0.004481109750810129]], "chi2_level": 0.95, "chi2_df": 3, "chi2_threshold": 7.814727903251179, "N_raw": 27, "N_roi": 27, "N_inlier": 25, "refit": true}
{"timestamp": "17:04:50.784542", "frame": 70, "mu": [1.5421382945749336, 1.7956416337179264, 1.4358452905607753], "Sigma": [[0.005551346962642535, -0.004156528195864904, -0.0013311381746742542], [-0.004156528195864904, 0.00633219143633023, 0.0015791373948906846], [-0.001331138174674254, 0.0015791373948906846, 0.0007351987039986473]], "chi2_level": 0.95, "chi2_df": 3, "chi2_threshold": 7.814727903251179, "N_raw": 24, "N_roi": 24, "N_inlier": 23, "refit": true}
{"timestamp": "17:04:50.838547", "frame": 71, "mu": [1.6254542745826557, 1.6836943476468662, 1.4241340121319876], "Sigma": [[0.002118869980714878, -8.287395185070228e-05, -4.899916578810794e-05], [-8.28739518507022e-05, 0.0008906130350753382, -0.00027134859223693335], [-4.899916578810794e-05, -0.00027134859223693335, 8.638114420740045e-05]], "chi2_level": 0.95, "chi2_df": 3, "chi2_threshold": 7.814727903251179, "N_raw": 10, "N_roi": 9, "N_inlier": 8, "refit": true}
{"timestamp": "17:04:50.948419", "frame": 73, "mu": [1.7923171846285229, 1.7080147271613242, 0.9675138837751105], "Sigma": [[0.0006086592715534297, 0.0005505286259331372, -0.005377119267318354], [0.0005505286259331372, 0.002894976353622864, -0.021221653126582883], [-0.005377119267318352, -0.021221653126582883, 0.33363956336661565]], "chi2_level": 0.95, "chi2_df": 3, "chi2_threshold": 7.814727903251179, "N_raw": 9, "N_roi": 9, "N_inlier": 9, "refit": true}
{"timestamp": "17:04:51.113261", "frame": 76, "mu": [2.0116929040975573, 1.3990864343213125, 1.460113229767705], "Sigma": [[0.004245136203770782, 0.0012118043101278827, 0.0034442869925498734], [0.001211804310127883, 0.004729141696922391, 0.0027021199308201378], [0.0034442869925498734, 0.0027021199308201378, 0.006200522023694303]], "chi2_level": 0.95, "chi2_df": 3, "chi2_threshold": 7.814727903251179, "N_raw": 14, "N_roi": 14, "N_inlier": 13, "refit": true}
{"timestamp": "17:04:51.224115", "frame": 78, "mu": [2.0389040314584763, 1.516042905827259, -0.3088012374291239], "Sigma": [[0.0032369674186606477, -0.004953838777915996, 0.004071330925088127], [-0.004953838777915996, 0.023316441191236822, -0.030658386991184727], [0.004071330925088127, -0.030658386991184727, 0.05456080396794728]], "chi2_level": 0.95, "chi2_df": 3, "chi2_threshold": 7.814727903251179, "N_raw": 14, "N_roi": 14, "N_inlier": 13, "refit": true}
