{"timestamp": "17:14:56.801166", "frame": 9, "mu": [0.0371247313736494, 0.1348905765883247, 0.7711686214636021], "Sigma": [[0.4517831866266845, 0.02305336781632798, 0.4769323498671888], [0.023053367816327976, 0.0018919340315080389, 0.02480596741479158], [0.4769323498671888, 0.024805967414791578, 0.5074680429429338]], "chi2_level": 0.95, "chi2_df": 3, "chi2_threshold": 7.814727903251179, "N_raw": 10, "N_roi": 10, "N_inlier": 9, "refit": true}
{"timestamp": "17:14:56.912571", "frame": 11, "mu": [0.42917930060545656, 0.12352535097707987, 1.5268566786825546], "Sigma": [[0.1958869167550968, 0.007518307256950358, -0.00533447187311456], [0.007518307256950358, 0.0012196415704360333, -0.00027506052797953643], [-0.00533447187311456, -0.00027506052797953643, 0.0014258167219702027]], "chi2_level": 0.95, "chi2_df": 3, "chi2_threshold": 7.814727903251179, "N_raw": 15, "N_roi": 15, "N_inlier": 13, "refit": true}
{"timestamp": "17:14:57.020126", "frame": 13, "mu": [-0.5527634992889897, 0.24792757932711523, 0.8954045217533916], "Sigma": [[0.01079461404936702, -0.005876666119375788, 0.05307129006648935], [-0.005876666119375788, 0.007797966826872744, -0.05733481513466612], [0.05307129006648935, -0.05733481513466612, 0.446207068545229]], "chi2_level": 0.95, "chi2_df": 3, "chi2_threshold": 7.814727903251179, "N_raw": 10, "N_roi": 10, "N_inlier": 9, "refit": true}
{"timestamp": "17:14:57.083363", "frame": 14, "mu": [-0.18644805360301514, 0.17132920952072142, 1.4963042853534885], "Sigma": [[0.3047612818972626, 0.0002630504180163762, 0.01489231520762158], [0.0002630504180163777, 0.004126492464195609, -0.0044714621924676085], [0.01489231520762158, -0.0044714621924676085, 0.010807417787337245]], "chi2_level": 0.95, "chi2_df": 3, "chi2_threshold": 7.814727903251179, "N_raw": 62, "N_roi": 62, "N_inlier": 60, "refit": true}
{"timestamp": "17:14:57.145479", "frame": 15, "mu": [-0.5523186091670654, 0.28737608129823133, 0.3593569584981998], "Sigma": [[0.007855400178004244, -0.0008604449012450805, 0.05504192668759178], [-0.0008604449012450801, 0.003356853028826326, -0.02329962527600535], [0.05504192668759178, -0.023299625276005348, 0.7455158278464694]], "chi2_level": 0.95, "chi2_df": 3, "chi2_threshold": 7.814727903251179, "N_raw": 116, "N_roi": 116, "N_inlier": 106, "refit": true}
{"timestamp": "17:14:57.202221", "frame": 16, "mu": [-0.4782620943952185, 0.23751082590979938, 1.4962820717243037], "Sigma": [[0.09437044497319205, -0.0021118088351385353, 0.005055941581682981], [-0.002111808835138536, 0.0025431677370302834, -0.006184892053059847], [0.005055941581682981, -0.006184892053059847, 0.019325426870403353]], "chi2_level": 0.95, "chi2_df": 3, "chi2_threshold": 7.814727903251179, "N_raw": 104, "N_roi": 104, "N_inlier": 96, "refit": true}
{"timestamp": "17:14:57.251358", "frame": 17, "mu": [-0.6739974175302583, 0.24000418191039385, 1.6424338428176346], "Sigma": [[0.005253399871556707, -0.0003654613668587902, 0.0014438401848679944], [-0.00036546136685879007, 0.002657600865742931, -0.001984439386405398], [0.0014438401848679944, -0.001984439386405398, 0.0021809694818307602]], "chi2_level": 0.95, "chi2_df": 3, "chi2_threshold": 7.814727903251179, "N_raw": 67, "N_roi": 67, "N_inlier": 59, "refit": true}
{"timestamp": "17:14:57.306942", "frame": 18, "mu": [-0.6220418311342426, 0.2870515621808429, 1.5896672849997622], "Sigma": [[0.012060415450114043, 0.00501723690395639, -0.01030959200657971], [0.00501723690395639, 0.004795565919335567, -0.008323835631839655], [-0.01030959200657971, -0.008323835631839655, 0.01833192443869307]], "chi2_level": 0.95, "chi2_df": 3, "chi2_threshold": 7.814727903251179, "N_raw": 73, "N_roi": 73, "N_inlier": 70, "refit": true}
{"timestamp": "17:14:57.361913", "frame": 19, "mu": [-0.674904159627792, 0.3272855228551629, 1.6455649878475875], "Sigma": [[0.006658329286263231, 0.001624339110234337, -0.001390649956400948], [0.0016243391102343375, 0.0026877249376426144, -0.003348266762496358], [-0.001390649956400948, -0.0033482667624963585, 0.0066529939775176435]], "chi2_level": 0.95, "chi2_df": 3, "chi2_threshold": 7.814727903251179, "N_raw": 68, "N_roi": 68, "N_inlier": 64, "refit": true}
{"timestamp": "17:14:57.417931", "frame": 20, "mu": [-0.7161519760747398, 0.4412730983208541, -0.21141029658577284], "Sigma": [[0.008122837490426426, -8.660756166409915e-05, 0.0014051207798515036], [-8.66075616640992e-05, 0.003428008769407722, -0.0021524762154947934], [0.0014051207798515036, -0.0021524762154947934, 0.0038274452623928527]], "chi2_level": 0.95, "chi2_df": 3, "chi2_threshold": 7.814727903251179, "N_raw": 77, "N_roi": 77, "N_inlier": 73, "refit": true}
{"timestamp": "17:14:57.472031", "frame": 21, "mu": [-0.7603868915609796, 0.41623951198057907, 1.694721212196487], "Sigma": [[0.006561449150731912, 0.0004895757525057225, 0.0013893035570898108], [0.0004895757525057225, 0.002398240112705028, -0.002455049394546739], [0.0013893035570898106, -0.002455049394546739, 0.0034570775317040417]], "chi2_level": 0.95, "chi2_df": 3, "chi2_threshold": 7.814727903251179, "N_raw": 70, "N_roi": 70, "N_inlier": 67, "refit": true}
{"timestamp": "17:14:57.526875", "frame": 22, "mu": [-0.7187477121750969, 0.46670663195583545, 1.7000074857566827], "Sigma": [[0.012116825171088428, 0.002834914222746376, -0.011121733146194288], [0.002834914222746376, 0.00550037493564389, -0.006639064369020429], [-0.011121733146194288, -0.006639064369020429, 0.016837175823981098]], "chi2_level": 0.95, "chi2_df": 3, "chi2_threshold": 7.814727903251179, "N_raw": 69, "N_roi": 69, "N_inlier": 67, "refit": true}
{"timestamp": "17:14:57.579068", "frame": 23, "mu": [-0.7268787433480268, 0.49712053932751477, 1.6981639397352963], "Sigma": [[0.011923810251819635, 0.00517215220897521, -0.016378044663710737], [0.00517215220897521, 0.0051669158913121745, -0.011379124689914638], [-0.016378044663710737, -0.011379124689914637, 0.03410750238776206]], "chi2_level": 0.95, "chi2_df": 3, "chi2_threshold": 7.814727903251179, "N_raw": 52, "N_roi": 52, "N_inlier": 49, "refit": true}
{"timestamp": "17:14:57.635399", "frame": 24, "mu": [-0.8023213128866378, 0.5287025601554102, 1.7739162651047276], "Sigma": [[0.006585054957879634, 0.0008081271465765139, -0.0022261444831235613], [0.0008081271465765137, 0.0034950766492900165, -0.00529301528801907], [-0.0022261444831235613, -0.005293015288019069, 0.010890775957341137]], "chi2_level": 0.95, "chi2_df": 3, "chi2_threshold": 7.814727903251179, "N_raw": 54, "N_roi": 52, "N_inlier": 47, "refit": true}
{"timestamp": "17:14:57.688969", "frame": 25, "mu": [-0.8034264178897732, 0.555395329328152, 1.6739622433002233], "Sigma": [[0.009693122967526167, 0.003765999405470605, -0.012263378290118813], [0.003765999405470605, 0.003909492456022839, -0.008589490092377798], [-0.012263378290118813, -0.008589490092377798, 0.027592669767808112]], "chi2_level": 0.95, "chi2_df": 3, "chi2_threshold": 7.814727903251179, "N_raw": 45, "N_roi": 45, "N_inlier": 42, "refit": true}
{"timestamp": "17:14:57.740951", "frame": 26, "mu": [-0.7516896150340777, 0.6166749681155712, 1.550928751466875], "Sigma": [[0.013991245518883304, 0.013043948194842574, -0.03450478979098719], [0.013043948194842572, 0.02274740072815734, -0.06895452531070442], [-0.03450478979098719, -0.06895452531070442, 0.22584171806477654]], "chi2_level": 0.95, "chi2_df": 3, "chi2_threshold": 7.814727903251179, "N_raw": 30, "N_roi": 30, "N_inlier": 28, "refit": true}
{"timestamp": "17:14:57.799517", "frame": 27, "mu": [-0.674630984798719, 0.6992606149642238, 1.5596967523001153], "Sigma": [[0.025138447337648848, 0.010687342840704137, -0.03532660234675212], [0.010687342840704137, 0.007515815792073207, -0.019779165504670584], [-0.03532660234675212, -0.019779165504670584, 0.06739037613127666]], "chi2_level": 0.95, "chi2_df": 3, "chi2_threshold": 7.814727903251179, "N_raw": 52, "N_roi": 51, "N_inlier": 47, "refit": true}
{"timestamp": "17:14:57.856695", "frame": 28, "mu": [-0.707939238627895, 0.7354468164017091, 1.601658332524242], "Sigma": [[0.025926892017024288, 0.015734152408667556, -0.0439379751419708], [0.015734152408667556, 0.012466473015807887, -0.030503868587745557], [-0.04393797514197079, -0.030503868587745557, 0.08461087390201456]], "chi2_level": 0.95, "chi2_df": 3, "chi2_threshold": 7.814727903251179, "N_raw": 71, "N_roi": 71, "N_inlier": 66, "refit": true}
{"timestamp": "17:14:57.916947", "frame": 29, "mu": [-0.6844543027711101, 0.8761161315217304, 1.2540714540566333], "Sigma": [[0.025554324571460292, 0.012221092714311512, -0.03745717552542274], [0.012221092714311512, 0.030167517179284727, -0.08550926777890973], [-0.03745717552542274, -0.08550926777890973, 0.3881626639048044]], "chi2_level": 0.95, "chi2_df": 3, "chi2_threshold": 7.814727903251179, "N_raw": 105, "N_roi": 104, "N_inlier": 103, "refit": true}
{"timestamp": "17:14:57.974971", "frame": 30, "mu": [-0.6349924602938195, 0.8768179979721894, 1.4587863110309276], "Sigma": [[0.032520003404646815, 0.012693466353245808, -0.03922137479098328], [0.012693466353245808, 0.011526632563976059, -0.023260849203756512], [-0.03922137479098328, -0.023260849203756512, 0.09111871908451805]], "chi2_level": 0.95, "chi2_df": 3, "chi2_threshold": 7.814727903251179, "N_raw": 122, "N_roi": 122, "N_inlier": 120, "refit": true}
{"timestamp": "17:14:58.025449", "frame": 31, "mu": [-0.611414271497647, 0.9209559849116657, 1.4641737494979634], "Sigma": [[0.023570880898863188, 0.011779640961586131, -0.03230706007322633], [0.01177964096158613, 0.011081314844667137, -0.01995435055642894], [-0.03230706007322633, -0.01995435055642894, 0.10380853745086835]], "chi2_level": 0.95, "chi2_df": 3, "chi2_threshold": 7.814727903251179, "N_raw": 90, "N_roi": 90, "N_inlier": 83, "refit": true}
{"timestamp": "17:14:58.075014", "frame": 32, "mu": [-0.6611322828619229, 1.0101543623647005, 1.3590502626993435], "Sigma": [[0.014032015777006421, -0.00044181181702741346, 0.02223548148856363], [-0.00044181181702741346, 0.011949397085736634, -0.057549864298584046], [0.022235481488563635, -0.057549864298584046, 0.35275960235491904]], "chi2_level": 0.95, "chi2_df": 3, "chi2_threshold": 7.814727903251179, "N_raw": 51, "N_roi": 51, "N_inlier": 46, "refit": true}
{"timestamp": "17:14:58.142279", "frame": 33, "mu": [-0.6190894870719651, 1.108990677003698, 0.18938511001548172], "Sigma": [[0.011484688544545603, -0.002361170266613647, 0.036264131576595256], [-0.002361170266613647, 0.003359136458514775, 0.005485383427319341], [0.03626413157659525, 0.005485383427319341, 0.6462310329907799]], "chi2_level": 0.95, "chi2_df": 3, "chi2_threshold": 7.814727903251179, "N_raw": 135, "N_roi": 135, "N_inlier": 130, "refit": true}
{"timestamp": "17:14:58.194958", "frame": 34, "mu": [-0.5884987570124903, 1.1198574340188827, 1.37865052110296], "Sigma": [[0.006648524150860026, -0.003420599861784681, -0.00400786594015174], [-0.0034205998617846804, 0.00619086627153691, 0.0033048866385933405], [-0.00400786594015174, 0.003304886638593341, 0.07958365295183237]], "chi2_level": 0.95, "chi2_df": 3, "chi2_threshold": 7.814727903251179, "N_raw": 117, "N_roi": 117, "N_inlier": 109, "refit": true}
{"timestamp": "17:14:58.254972", "frame": 35, "mu": [-0.6512658339818134, 1.2272907454527806, 0.388325096899189], "Sigma": [[0.010132425209177608, -0.004578971245989197, 0.020429883186313696], [-0.004578971245989197, 0.007133768775838067, -0.005163580596181612], [0.020429883186313696, -0.005163580596181612, 0.34402902575983235]], "chi2_level": 0.95, "chi2_df": 3, "chi2_threshold": 7.814727903251179, "N_raw": 150, "N_roi": 150, "N_inlier": 139, "refit": true}
{"timestamp": "17:14:58.301942", "frame": 36, "mu": [-0.5372041303760238, 1.202400083504541, 1.5432604057457944], "Sigma": [[0.006516175208422981, 0.0015179304264907982, -0.00881545428853627], [0.0015179304264907978, 0.0034994856900106472, -0.0072406700094289796], [-0.008815454288536272, -0.0072406700094289796, 0.02239122637151894]], "chi2_level": 0.95, "chi2_df": 3, "chi2_threshold": 7.814727903251179, "N_raw": 94, "N_roi": 94, "N_inlier": 89, "refit": true}
{"timestamp": "17:14:58.357768", "frame": 37, "mu": [-0.5255165484925487, 1.2691271985348629, 1.4064043248734666], "Sigma": [[0.004635842506849009, 0.0006083559627148531, -0.008735516346093226], [0.0006083559627148531, 0.003033060823421622, -0.005751404840884666], [-0.008735516346093226, -0.005751404840884666, 0.05705991058341831]], "chi2_level": 0.95, "chi2_df": 3, "chi2_threshold": 7.814727903251179, "N_raw": 106, "N_roi": 105, "N_inlier": 100, "refit": true}
{"timestamp": "17:14:58.415209", "frame": 38, "mu": [-0.5800266837208201, 1.311995827467298, 1.4534321332610785], "Sigma": [[0.0067309221818176584, 0.0006261514094890255, -0.010195119611138703], [0.0006261514094890253, 0.0052848197413861145, -0.009286676356213015], [-0.010195119611138703, -0.009286676356213013, 0.04662241973961662]], "chi2_level": 0.95, "chi2_df": 3, "chi2_threshold": 7.814727903251179, "N_raw": 120, "N_roi": 120, "N_inlier": 118, "refit": true}
{"timestamp": "17:14:58.460584", "frame": 39, "mu": [-0.49364699171153986, 1.351552872250645, 1.011225794322106], "Sigma": [[0.0066425937240975315, 0.001018875115440936, 0.0011119602451079016], [0.001018875115440936, 0.001725327381658637, 0.001951834756914561], [0.0011119602451079018, 0.001951834756914561, 0.020619609610856064]], "chi2_level": 0.95, "chi2_df": 3, "chi2_threshold": 7.814727903251179, "N_raw": 53, "N_roi": 53, "N_inlier": 48, "refit": true}
{"timestamp": "17:14:58.513207", "frame": 40, "mu": [-0.5679393436519664, 1.4042506734608438, 1.0533338113400175], "Sigma": [[0.004681348100508732, -0.0008974224882143677, -0.002408918643462587], [-0.0008974224882143677, 0.002103917768650644, -0.0006500759084543784], [-0.0024089186434625874, -0.0006500759084543786, 0.02534354199976626]], "chi2_level": 0.95, "chi2_df": 3, "chi2_threshold": 7.814727903251179, "N_raw": 43, "N_roi": 43, "N_inlier": 38, "refit": true}
{"timestamp": "17:14:58.573210", "frame": 41, "mu": [-0.520149192124846, 1.436366661256916, 1.2208763471995703], "Sigma": [[0.0054114708398579495, 0.00026520877206600473, 0.00018768848084090278], [0.00026520877206600473, 0.00195030557032513, 0.0029210574767509546], [0.00018768848084090278, 0.0029210574767509546, 0.06970530388579538]], "chi2_level": 0.95, "chi2_df": 3, "chi2_threshold": 7.814727903251179, "N_raw": 81, "N_roi": 81, "N_inlier": 74, "refit": true}
{"timestamp": "17:14:58.638967", "frame": 42, "mu": [-0.6222315415124426, 1.7359233909779106, -0.4703208332493344], "Sigma": [[0.009986333451382407, -0.0037184080160330745, 0.011374490691064032], [-0.0037184080160330745, 0.06454161612404272, -0.12733965033623823], [0.011374490691064032, -0.1273396503362382, 0.2842866429991526]], "chi2_level": 0.95, "chi2_df": 3, "chi2_threshold": 7.814727903251179, "N_raw": 140, "N_roi": 140, "N_inlier": 138, "refit": true}
{"timestamp": "17:14:58.688750", "frame": 43, "mu": [-0.6476079210200286, 1.7403801182181637, -0.4043437140308359], "Sigma": [[0.006808670483704929, 0.009335594066979619, -0.028578858342050227], [0.009335594066979619, 0.04287524429378562, -0.10882083268932471], [-0.028578858342050224, -0.10882083268932471, 0.3146418968579114]], "chi2_level": 0.95, "chi2_df": 3, "chi2_threshold": 7.814727903251179, "N_raw": 113, "N_roi": 113, "N_inlier": 104, "refit": true}
{"timestamp": "17:14:58.742252", "frame": 44, "mu": [-0.5939067918348773, 1.7332489382748573, -0.3474065953542915], "Sigma": [[0.007791234616135551, -0.0010652390415049754, 0.004456971665507679], [-0.0010652390415049754, 0.019024767442161167, -0.04382909566234898], [0.004456971665507678, -0.04382909566234898, 0.1202258285248401]], "chi2_level": 0.95, "chi2_df": 3, "chi2_threshold": 7.814727903251179, "N_raw": 100, "N_roi": 100, "N_inlier": 95, "refit": true}
{"timestamp": "17:14:58.790808", "frame": 45, "mu": [-0.6362187518669371, 1.6753692693716973, 1.1540853805432483], "Sigma": [[0.005377812282719042, -0.001297247313540831, 0.007683377956940143], [-0.0012972473135408314, 0.006809112201753924, -0.03376416615821881], [0.007683377956940144, -0.03376416615821881, 0.2748782804962594]], "chi2_level": 0.95, "chi2_df": 3, "chi2_threshold": 7.814727903251179, "N_raw": 54, "N_roi": 54, "N_inlier": 52, "refit": true}
{"timestamp": "17:14:58.854069", "frame": 46, "mu": [-0.7052390610634396, 1.6784774576839967, 1.3523435768172365], "Sigma": [[0.005523589962311902, 0.002061538894811532, -0.017005119492037132], [0.002061538894811532, 0.008405354800954825, -0.030852950383150345], [-0.017005119492037132, -0.030852950383150342, 0.23259194292654642]], "chi2_level": 0.95, "chi2_df": 3, "chi2_threshold": 7.814727903251179, "N_raw": 107, "N_roi": 107, "N_inlier": 102, "refit": true}
{"timestamp": "17:14:58.903784", "frame": 47, "mu": [-0.5953188124914379, 1.679509443179884, 1.4443860127523882], "Sigma": [[0.009385309651530315, -0.0016760435623071417, -0.008388468971617963], [-0.0016760435623071417, 0.004680180601410405, -0.003934534784147738], [-0.008388468971617963, -0.003934534784147738, 0.040396837828354966]], "chi2_level": 0.95, "chi2_df": 3, "chi2_threshold": 7.814727903251179, "N_raw": 78, "N_roi": 78, "N_inlier": 73, "refit": true}
{"timestamp": "17:14:58.960722", "frame": 48, "mu": [-0.6096828302655304, 1.7320689592169742, 1.297834785715454], "Sigma": [[0.013244659242103737, -0.0017434855517379799, 0.001527172862381161], [-0.0017434855517379799, 0.0014922836068189012, 0.00011503403367221517], [0.00152717286238116, 0.00011503403367221509, 0.038089758283173306]], "chi2_level": 0.95, "chi2_df": 3, "chi2_threshold": 7.814727903251179, "N_raw": 87, "N_roi": 87, "N_inlier": 82, "refit": true}
{"timestamp": "17:14:59.016242", "frame": 49, "mu": [-0.7287785978336713, 1.7785981180038173, -0.5926608624035985], "Sigma": [[0.0070786620864858344, -0.00014253659468780168, -0.007321075163757977], [-0.00014253659468780165, 0.004596610788833485, 0.00019781286156057626], [-0.007321075163757976, 0.00019781286156057626, 0.2630623463510664]], "chi2_level": 0.95, "chi2_df": 3, "chi2_threshold": 7.814727903251179, "N_raw": 98, "N_roi": 98, "N_inlier": 91, "refit": true}
{"timestamp": "17:14:59.075497", "frame": 50, "mu": [-0.6778265483271683, 1.8587089584021161, 1.1054653043399916], "Sigma": [[0.011699710685507318, -0.0014352338892548477, 0.021797935271483493], [-0.0014352338892548479, 0.004109767162772552, -0.02377036219863149], [0.021797935271483493, -0.02377036219863149, 0.3790053626488505]], "chi2_level": 0.95, "chi2_df": 3, "chi2_threshold": 7.814727903251179, "N_raw": 127, "N_roi": 127, "N_inlier": 122, "refit": true}
{"timestamp": "17:14:59.127965", "frame": 51, "mu": [-0.6803171292630534, 1.8951013493774551, 1.1536371659694857], "Sigma": [[0.01594657544982811, -0.003450664749838824, 0.034085716801910575], [-0.003450664749838824, 0.005286396265806534, -0.013776446271544444], [0.03408571680191057, -0.013776446271544444, 0.29690743247273205]], "chi2_level": 0.95, "chi2_df": 3, "chi2_threshold": 7.814727903251179, "N_raw": 100, "N_roi": 100, "N_inlier": 95, "refit": true}
{"timestamp": "17:14:59.179990", "frame": 52, "mu": [-0.6521375077107661, 2.0423729786443543, -0.18221984704837116], "Sigma": [[0.009808164067469179, 0.007040059547311857, -0.0019829339018251424], [0.007040059547311856, 0.013733592291123945, -0.010701796787017312], [-0.001982933901825143, -0.01070179678701731, 0.062001322362092326]], "chi2_level": 0.95, "chi2_df": 3, "chi2_threshold": 7.814727903251179, "N_raw": 80, "N_roi": 80, "N_inlier": 76, "refit": true}
{"timestamp": "17:14:59.236296", "frame": 53, "mu": [-0.5942649945318796, 1.9987377866647005, 1.3870896625082962], "Sigma": [[0.008260520939008491, -0.0006020842097457891, -0.00543518605391176], [-0.0006020842097457891, 0.005686768060520182, -0.0028999090598174353], [-0.005435186053911761, -0.002899909059817435, 0.04223650197762569]], "chi2_level": 0.95, "chi2_df": 3, "chi2_threshold": 7.814727903251179, "N_raw": 91, "N_roi": 91, "N_inlier": 85, "refit": true}
{"timestamp": "17:14:59.290679", "frame": 54, "mu": [-0.6321995962984289, 1.9504012163720152, 1.3733983510016259], "Sigma": [[0.016064697681024254, 0.02937672008803586, 0.04466041190867256], [0.029376720088035855, 0.1119538743717183, 0.16064127760725289], [0.04466041190867256, 0.16064127760725289, 0.2705582688997724]], "chi2_level": 0.95, "chi2_df": 3, "chi2_threshold": 7.814727903251179, "N_raw": 97, "N_roi": 97, "N_inlier": 87, "refit": true}
{"timestamp": "17:14:59.348092", "frame": 55, "mu": [-0.7163332579892672, 1.860120956675348, -0.9554201306776874], "Sigma": [[0.04194153325069998, 0.0995705616394256, 0.18308915735144965], [0.0995705616394256, 0.3363526871174178, 0.5008421357197992], [0.18308915735144965, 0.5008421357197992, 1.1051637476668925]], "chi2_level": 0.95, "chi2_df": 3, "chi2_threshold": 7.814727903251179, "N_raw": 107, "N_roi": 107, "N_inlier": 102, "refit": true}
{"timestamp": "17:14:59.398134", "frame": 56, "mu": [-0.6900086836679057, 2.0831950668664283, 1.0856754807105347], "Sigma": [[0.00889293275141268, 0.0020901100783511416, 0.032097446621001], [0.0020901100783511416, 0.010212852047770596, 0.01967350491817535], [0.032097446621001, 0.01967350491817535, 0.7760928591121702]], "chi2_level": 0.95, "chi2_df": 3, "chi2_threshold": 7.814727903251179, "N_raw": 74, "N_roi": 74, "N_inlier": 66, "refit": true}
{"timestamp": "17:14:59.447964", "frame": 57, "mu": [-0.6301322727482946, 2.16244616478187, 1.4540479431083175], "Sigma": [[0.005243817239300913, -0.0003101487536163558, 0.007018334425814107], [-0.00031014875361635595, 0.0017984910728239757, -0.002067268451717078], [0.0070183344258141055, -0.002067268451717078, 0.05606308777275819]], "chi2_level": 0.95, "chi2_df": 3, "chi2_threshold": 7.814727903251179, "N_raw": 42, "N_roi": 42, "N_inlier": 37, "refit": true}
{"timestamp": "17:14:59.508949", "frame": 58, "mu": [-0.6228064590641809, 2.212686738250406, 1.4648373618870008], "Sigma": [[0.010589934692388557, -0.0016042023174213794, 0.008553284043032808], [-0.0016042023174213794, 0.008291575367556458, -0.012696062839862028], [0.008553284043032808, -0.01269606283986203, 0.05034860656347402]], "chi2_level": 0.95, "chi2_df": 3, "chi2_threshold": 7.814727903251179, "N_raw": 80, "N_roi": 80, "N_inlier": 75, "refit": true}
{"timestamp": "17:14:59.564079", "frame": 59, "mu": [-0.6009794315013075, 2.224581299878384, 1.1192492315504923], "Sigma": [[0.008253171671380824, -0.0007259910996354522, 0.0005465475610635609], [-0.0007259910996354522, 0.008517677072589503, 0.037722034838469136], [0.0005465475610635609, 0.037722034838469136, 0.3608105542102642]], "chi2_level": 0.95, "chi2_df": 3, "chi2_threshold": 7.814727903251179, "N_raw": 83, "N_roi": 83, "N_inlier": 80, "refit": true}
{"timestamp": "17:14:59.617721", "frame": 60, "mu": [-0.6065452043230679, 2.387626493439277, 0.10233905538732459], "Sigma": [[0.009140020457381036, -0.0019215889698086881, 0.016153004325743913], [-0.0019215889698086883, 0.009264172780935342, -0.026456181341137378], [0.016153004325743913, -0.026456181341137374, 0.21092442238673817]], "chi2_level": 0.95, "chi2_df": 3, "chi2_threshold": 7.814727903251179, "N_raw": 78, "N_roi": 78, "N_inlier": 72, "refit": true}
{"timestamp": "17:14:59.671106", "frame": 61, "mu": [-0.6191313880331615, 2.595161176999494, -0.4718363398732097], "Sigma": [[0.011859776160440613, -0.0011462327552050264, 0.00521612762763707], [-0.0011462327552050264, 0.006776595570178213, -0.02171292516447059], [0.005216127627637071, -0.02171292516447059, 0.08925076855241668]], "chi2_level": 0.95, "chi2_df": 3, "chi2_threshold": 7.814727903251179, "N_raw": 60, "N_roi": 60, "N_inlier": 55, "refit": true}
{"timestamp": "17:14:59.732606", "frame": 62, "mu": [-0.6871900845247062, 2.3583863328928816, 1.1314551920470952], "Sigma": [[0.01043710923945979, -0.001447400998757062, -0.013930708486645599], [-0.0014474009987570622, 0.0034696685886482005, 0.011081857800991933], [-0.013930708486645599, 0.011081857800991933, 0.27911799007763566]], "chi2_level": 0.95, "chi2_df": 3, "chi2_threshold": 7.814727903251179, "N_raw": 112, "N_roi": 112, "N_inlier": 109, "refit": true}
{"timestamp": "17:14:59.783472", "frame": 63, "mu": [-0.7616235970301177, 2.4222808961743603, 1.6174395290713455], "Sigma": [[0.010587275373661711, 0.002109781621579034, -0.008907728528530747], [0.0021097816215790346, 0.005421887149260657, -0.009013163961686532], [-0.008907728528530747, -0.009013163961686532, 0.041391528248829204]], "chi2_level": 0.95, "chi2_df": 3, "chi2_threshold": 7.814727903251179, "N_raw": 74, "N_roi": 64, "N_inlier": 59, "refit": true}
{"timestamp": "17:14:59.838775", "frame": 64, "mu": [-0.7190198298202403, 2.503523033109771, 1.2316245296755706], "Sigma": [[0.00944585353924848, 0.0007869948134198112, -0.010347465008864864], [0.0007869948134198114, 0.004307989079045827, -0.02443478314277675], [-0.010347465008864864, -0.02443478314277675, 0.2743776129065966]], "chi2_level": 0.95, "chi2_df": 3, "chi2_threshold": 7.814727903251179, "N_raw": 85, "N_roi": 85, "N_inlier": 82, "refit": true}
{"timestamp": "17:14:59.893401", "frame": 65, "mu": [-0.7476074012873131, 2.5294080256100675, 1.4304440433188448], "Sigma": [[0.011210563290023729, 0.0019776952536511416, -0.012407447355555329], [0.001977695253651142, 0.0031637505922334636, -0.013399421277109259], [-0.012407447355555329, -0.013399421277109259, 0.0648380473925441]], "chi2_level": 0.95, "chi2_df": 3, "chi2_threshold": 7.814727903251179, "N_raw": 78, "N_roi": 78, "N_inlier": 73, "refit": true}
{"timestamp": "17:14:59.950980", "frame": 66, "mu": [-0.7198666287986389, 2.62382765448429, 0.8882924413450182], "Sigma": [[0.01433635319807153, 0.0028570212223388257, -0.034017271061317064], [0.002857021222338825, 0.01124328242519831, -0.042139388532753674], [-0.034017271061317064, -0.042139388532753674, 0.4989152394818593]], "chi2_level": 0.95, "chi2_df": 3, "chi2_threshold": 7.814727903251179, "N_raw": 97, "N_roi": 97, "N_inlier": 96, "refit": true}
{"timestamp": "17:15:00.007572", "frame": 67, "mu": [-0.756657009527592, 2.8414816759348462, -0.35375633821073366], "Sigma": [[0.011617022728983436, -0.008077975304685223, 0.027019962635467108], [-0.008077975304685223, 0.04372849998735929, -0.10717841246411122], [0.027019962635467108, -0.10717841246411122, 0.3587567326937056]], "chi2_level": 0.95, "chi2_df": 3, "chi2_threshold": 7.814727903251179, "N_raw": 105, "N_roi": 105, "N_inlier": 102, "refit": true}
{"timestamp": "17:15:00.054394", "frame": 68, "mu": [-0.6662019686559156, 2.6600279243580833, 1.314942658079526], "Sigma": [[0.007215094753270449, -0.0021983479210933906, 0.004258405636640693], [-0.0021983479210933906, 0.005831022342656443, -0.014598848963051811], [0.004258405636640692, -0.014598848963051811, 0.1193158882989862]], "chi2_level": 0.95, "chi2_df": 3, "chi2_threshold": 7.814727903251179, "N_raw": 47, "N_roi": 47, "N_inlier": 42, "refit": true}
{"timestamp": "17:15:00.119463", "frame": 69, "mu": [-0.7555899673262999, 2.790943942260932, 0.07861310686034838], "Sigma": [[0.0114108723844086, -0.006601258445292295, 0.06783961824920745], [-0.006601258445292295, 0.03453696416004465, -0.0630073867261726], [0.06783961824920745, -0.0630073867261726, 0.6190261265824976]], "chi2_level": 0.95, "chi2_df": 3, "chi2_threshold": 7.814727903251179, "N_raw": 128, "N_roi": 128, "N_inlier": 126, "refit": true}
{"timestamp": "17:15:00.167673", "frame": 70, "mu": [-0.7397287661094881, 2.7078310649116504, 1.5739691946312264], "Sigma": [[0.011314999767800408, 0.000617710508088416, -0.007544418455419512], [0.000617710508088416, 0.005894654173222235, -0.006936826801537316], [-0.007544418455419512, -0.006936826801537316, 0.016026865013281863]], "chi2_level": 0.95, "chi2_df": 3, "chi2_threshold": 7.814727903251179, "N_raw": 72, "N_roi": 72, "N_inlier": 67, "refit": true}
{"timestamp": "17:15:00.220763", "frame": 71, "mu": [-0.7240269493035608, 2.726329470697113, 1.2532598967345687], "Sigma": [[0.01506742610789848, 0.0010570033655087827, 0.028920251338881504], [0.0010570033655087827, 0.0029557791780653116, -0.0016665853418525343], [0.028920251338881504, -0.001666585341852534, 0.19040519645209877]], "chi2_level": 0.95, "chi2_df": 3, "chi2_threshold": 7.814727903251179, "N_raw": 61, "N_roi": 61, "N_inlier": 61, "refit": true}
{"timestamp": "17:15:00.269993", "frame": 72, "mu": [-0.8045459623571245, 2.812460463822768, 0.8649475519408686], "Sigma": [[0.008619176353362115, 0.0016285183666918852, 0.025283422964183636], [0.0016285183666918854, 0.002857824767296245, -0.0040755868482845025], [0.025283422964183632, -0.004075586848284504, 0.17021290457671215]], "chi2_level": 0.95, "chi2_df": 3, "chi2_threshold": 7.814727903251179, "N_raw": 22, "N_roi": 22, "N_inlier": 21, "refit": true}
{"timestamp": "17:15:00.333798", "frame": 73, "mu": [-0.8688823436755868, 2.9591452034651935, 0.06721450882508481], "Sigma": [[0.015436963408876346, 0.0006010239479389504, 0.0025694574541697233], [0.0006010239479389504, 0.009628826423443532, -0.018017055319126056], [0.0025694574541697233, -0.018017055319126056, 0.038555772285333835]], "chi2_level": 0.95, "chi2_df": 3, "chi2_threshold": 7.814727903251179, "N_raw": 74, "N_roi": 74, "N_inlier": 70, "refit": true}
{"timestamp": "17:15:00.389667", "frame": 74, "mu": [-0.8077725428913289, 2.9239823908305764, 1.3278932911280399], "Sigma": [[0.011769446070828199, 0.0008018528157542879, 0.004774787570648504], [0.0008018528157542882, 0.003957162063372116, -0.0006132450041975135], [0.004774787570648502, -0.0006132450041975138, 0.08279155727981345]], "chi2_level": 0.95, "chi2_df": 3, "chi2_threshold": 7.814727903251179, "N_raw": 73, "N_roi": 73, "N_inlier": 70, "refit": true}
{"timestamp": "17:15:00.445128", "frame": 75, "mu": [-0.7920351977732316, 2.9891043124887564, -0.021661722931733664], "Sigma": [[0.01295981885422934, 0.0017506687184484933, 0.06779007710140222], [0.0017506687184484933, 0.010146740965364108, 0.009369424273159337], [0.06779007710140222, 0.009369424273159335, 0.4909266381543419]], "chi2_level": 0.95, "chi2_df": 3, "chi2_threshold": 7.814727903251179, "N_raw": 88, "N_roi": 88, "N_inlier": 87, "refit": true}
{"timestamp": "17:15:00.495262", "frame": 76, "mu": [-0.8091447535478633, 3.2498590325995425, -0.3857296640439172], "Sigma": [[0.011539336274589107, -0.001340942394028481, 0.009878621694487064], [-0.0013409423940284823, 0.03392245372130203, -0.10900142305807894], [0.009878621694487066, -0.10900142305807894, 0.3892600225685107]], "chi2_level": 0.95, "chi2_df": 3, "chi2_threshold": 7.814727903251179, "N_raw": 59, "N_roi": 59, "N_inlier": 58, "refit": true}
{"timestamp": "17:15:00.559034", "frame": 77, "mu": [-0.7458965969917135, 3.1101983102415254, 0.9916647774636074], "Sigma": [[0.016432944947828265, 0.00238105932676766, -0.010530834113800276], [0.00238105932676766, 0.009719818967567904, -0.04644949477154951], [-0.01053083411380028, -0.04644949477154951, 0.36652618073196425]], "chi2_level": 0.95, "chi2_df": 3, "chi2_threshold": 7.814727903251179, "N_raw": 115, "N_roi": 115, "N_inlier": 102, "refit": true}
{"timestamp": "17:15:00.612386", "frame": 78, "mu": [-0.7897451791633204, 3.042865472944756, -0.6179033854027631], "Sigma": [[0.0220849647649125, 0.021974903085365156, 0.14512236189638672], [0.021974903085365156, 0.2646804604644765, 0.3518603378363889], [0.14512236189638672, 0.35186033783638904, 1.4916147110089433]], "chi2_level": 0.95, "chi2_df": 3, "chi2_threshold": 7.814727903251179, "N_raw": 105, "N_roi": 105, "N_inlier": 95, "refit": true}
{"timestamp": "17:15:00.666391", "frame": 79, "mu": [-0.7913077404529247, 3.1855569324925344, 1.2415633152230832], "Sigma": [[0.02018330968014751, -0.0051303249008601715, 0.0117749622743223], [-0.005130324900860172, 0.010271441998910948, -0.03151299509594604], [0.0117749622743223, -0.03151299509594603, 0.11677390484497646]], "chi2_level": 0.95, "chi2_df": 3, "chi2_threshold": 7.814727903251179, "N_raw": 96, "N_roi": 96, "N_inlier": 91, "refit": true}
{"timestamp": "17:15:00.722108", "frame": 80, "mu": [-0.8035235973514402, 3.2311400881851755, 1.3090025670910888], "Sigma": [[0.027999327517450868, -0.01016665012215523, 0.032904729134317884], [-0.010166650122155228, 0.014097449907779617, -0.04064545317994246], [0.032904729134317884, -0.04064545317994246, 0.17187940727682618]], "chi2_level": 0.95, "chi2_df": 3, "chi2_threshold": 7.814727903251179, "N_raw": 106, "N_roi": 106, "N_inlier": 104, "refit": true}
{"timestamp": "17:15:00.775215", "frame": 81, "mu": [-0.7476364370743517, 3.212600327776508, -0.32144801100071274], "Sigma": [[0.01612860358853655, 0.0004878160695802387, 0.037246285308498425], [0.0004878160695802386, 0.004827097236597408, -0.007021917852956724], [0.037246285308498425, -0.007021917852956723, 0.495474931911634]], "chi2_level": 0.95, "chi2_df": 3, "chi2_threshold": 7.814727903251179, "N_raw": 88, "N_roi": 88, "N_inlier": 85, "refit": true}
{"timestamp": "17:15:00.822534", "frame": 82, "mu": [-0.6825089747864057, 3.24298771523565, 0.33767860359887775], "Sigma": [[0.009652467086395429, 0.0025283372084325567, -0.0030554968526557936], [0.0025283372084325567, 0.006609617557933743, -0.016053656617201505], [-0.0030554968526557936, -0.016053656617201505, 0.053264956795651505]], "chi2_level": 0.95, "chi2_df": 3, "chi2_threshold": 7.814727903251179, "N_raw": 32, "N_roi": 31, "N_inlier": 28, "refit": true}
{"timestamp": "17:15:00.877445", "frame": 83, "mu": [-0.8138129242057908, 3.2853229708885845, 0.20097018912420178], "Sigma": [[0.016338410270873703, 0.0029542318419778406, 0.03836186688151961], [0.0029542318419778406, 0.004544757679134682, 0.006188249872604421], [0.03836186688151961, 0.006188249872604421, 0.1507373730001665]], "chi2_level": 0.95, "chi2_df": 3, "chi2_threshold": 7.814727903251179, "N_raw": 46, "N_roi": 46, "N_inlier": 44, "refit": true}
{"timestamp": "17:15:00.936656", "frame": 84, "mu": [-0.7723562367422683, 3.3585950029872214, 1.5576327066120998], "Sigma": [[0.013350151981563656, 0.00231052399290573, -0.015708890637808698], [0.0023105239929057295, 0.004735127740953486, -0.011002081502266378], [-0.015708890637808698, -0.011002081502266378, 0.040290348536452344]], "chi2_level": 0.95, "chi2_df": 3, "chi2_threshold": 7.814727903251179, "N_raw": 64, "N_roi": 64, "N_inlier": 57, "refit": true}
{"timestamp": "17:15:00.984776", "frame": 85, "mu": [-0.8059747505782711, 3.324209537519865, 1.5652077029984337], "Sigma": [[0.0061787432682145335, 0.010169960716515271, 0.01343971894023255], [0.01016996071651527, 0.15906650710556303, 0.23867544818132602], [0.01343971894023255, 0.23867544818132605, 0.39177485660986233]], "chi2_level": 0.95, "chi2_df": 3, "chi2_threshold": 7.814727903251179, "N_raw": 23, "N_roi": 23, "N_inlier": 20, "refit": true}
{"timestamp": "17:15:01.052224", "frame": 86, "mu": [-0.8999632700099289, 3.125022362782952, -0.037813973391123835], "Sigma": [[0.022558970117620307, 0.05269849367634023, 0.17766616933651525], [0.05269849367634023, 0.38067391526119326, 1.0542975484296173], [0.17766616933651525, 1.0542975484296173, 3.2767002611537235]], "chi2_level": 0.95, "chi2_df": 3, "chi2_threshold": 7.814727903251179, "N_raw": 110, "N_roi": 110, "N_inlier": 103, "refit": true}
{"timestamp": "17:15:01.102281", "frame": 87, "mu": [-0.8598455075875051, 3.4739933742709703, 1.650526297172901], "Sigma": [[0.01862614895896622, 0.0021138788023995735, -0.013139518164529379], [0.002113878802399573, 0.0061846638856779745, -0.011699948747419803], [-0.013139518164529379, -0.011699948747419805, 0.02902830153833646]], "chi2_level": 0.95, "chi2_df": 3, "chi2_threshold": 7.814727903251179, "N_raw": 71, "N_roi": 71, "N_inlier": 67, "refit": true}
{"timestamp": "17:15:01.154322", "frame": 88, "mu": [-0.8275385086968028, 3.5049494834487174, 1.6359539494964233], "Sigma": [[0.012508225880254563, 0.001007090061454648, -0.012333368934479266], [0.0010070900614546482, 0.0032557918095819467, -0.008699912857072403], [-0.012333368934479266, -0.008699912857072403, 0.03488618007134178]], "chi2_level": 0.95, "chi2_df": 3, "chi2_threshold": 7.814727903251179, "N_raw": 47, "N_roi": 47, "N_inlier": 43, "refit": true}
{"timestamp": "17:15:01.211683", "frame": 89, "mu": [-0.8484230342493038, 3.5766885299412756, 0.48155504299463675], "Sigma": [[0.012183043307759463, 0.0013508285743977712, -0.0048905869585988354], [0.0013508285743977716, 0.03271700598829237, -0.060484863017261685], [-0.004890586958598835, -0.060484863017261685, 0.11760274735728254]], "chi2_level": 0.95, "chi2_df": 3, "chi2_threshold": 7.814727903251179, "N_raw": 69, "N_roi": 69, "N_inlier": 65, "refit": true}
{"timestamp": "17:15:01.266692", "frame": 90, "mu": [-0.8444390004265516, 3.6825621920579423, 1.2205232623398472], "Sigma": [[0.014616828389787296, -0.004085881395046564, 0.012672356020017799], [-0.0040858813950465644, 0.011001391623152062, -0.04647923824554434], [0.012672356020017799, -0.04647923824554434, 0.2145101578201585]], "chi2_level": 0.95, "chi2_df": 3, "chi2_threshold": 7.814727903251179, "N_raw": 61, "N_roi": 61, "N_inlier": 59, "refit": true}
{"timestamp": "17:15:01.321536", "frame": 91, "mu": [-0.832410174524693, 3.6959739472562365, 1.237258856539503], "Sigma": [[0.016398966913756446, -0.001055968005585441, 0.009364603777290172], [-0.0010559680055854408, 0.009262746463480515, -0.03075613803896752], [0.00936460377729017, -0.03075613803896752, 0.14993307578294462]], "chi2_level": 0.95, "chi2_df": 3, "chi2_threshold": 7.814727903251179, "N_raw": 60, "N_roi": 60, "N_inlier": 58, "refit": true}
{"timestamp": "17:15:01.462296", "frame": 92, "mu": [-0.8214611674372159, 3.710144962314933, 1.327584420807323], "Sigma": [[0.012133075952441084, 0.00239233584778462, -0.007423670735900181], [0.00239233584778462, 0.008284635517181721, -0.031868065239275684], [-0.007423670735900181, -0.03186806523927568, 0.1818560814978911]], "chi2_level": 0.95, "chi2_df": 3, "chi2_threshold": 7.814727903251179, "N_raw": 55, "N_roi": 55, "N_inlier": 54, "refit": true}
{"timestamp": "17:15:01.490104", "frame": 93, "mu": [-0.7467887506037176, 3.69480719325409, 1.499265821739799], "Sigma": [[0.015044139393807223, 0.00150659988191083, -0.005575320085366977], [0.00150659988191083, 0.0035185217662415183, -0.0049225419586497975], [-0.0055753200853669764, -0.0049225419586497975, 0.019347344233518995]], "chi2_level": 0.95, "chi2_df": 3, "chi2_threshold": 7.814727903251179, "N_raw": 47, "N_roi": 47, "N_inlier": 44, "refit": true}
{"timestamp": "17:15:01.521659", "frame": 94, "mu": [-0.7644711307968518, 3.4099870373717955, 1.034774662962898], "Sigma": [[0.018329615366296077, 0.02002520169720149, 0.02707009354098169], [0.020025201697201494, 0.7161679746691698, 1.0997997808605766], [0.027070093540981686, 1.0997997808605766, 1.7224600888008572]], "chi2_level": 0.95, "chi2_df": 3, "chi2_threshold": 7.814727903251179, "N_raw": 69, "N_roi": 69, "N_inlier": 68, "refit": true}
{"timestamp": "17:15:01.551693", "frame": 95, "mu": [-0.7782403726578735, 3.8045737557801864, 1.5125499314418425], "Sigma": [[0.01944025922445384, 0.00012184448255949613, 0.004475390512007677], [0.00012184448255949618, 0.003954854411795323, -0.0075751345836525446], [0.004475390512007677, -0.007575134583652544, 0.02335130268251246]], "chi2_level": 0.95, "chi2_df": 3, "chi2_threshold": 7.814727903251179, "N_raw": 61, "N_roi": 61, "N_inlier": 57, "refit": true}
{"timestamp": "17:15:01.596016", "frame": 96, "mu": [-0.8704807496488318, 3.9313903924040723, 1.2818834383543802], "Sigma": [[0.017694527965643705, -0.002720306962543594, 0.031206466785394824], [-0.0027203069625435943, 0.01010208556601056, -0.055316172982331976], [0.031206466785394828, -0.055316172982331976, 0.39354161602612914]], "chi2_level": 0.95, "chi2_df": 3, "chi2_threshold": 7.814727903251179, "N_raw": 56, "N_roi": 56, "N_inlier": 55, "refit": true}
