timestamp,frame,x,y,z,doppler,SNR,w_snr,d2,is_inlier
15:33:41.730804,7,-2.3018339,1.4456886,-0.8408289,0.06972,5.3599997,0.536,3.7132242,1
15:33:41.730804,7,-2.3302855,1.3993659,-0.8408289,0.06972,5.64,0.564,2.305473,1
15:33:41.730804,7,-2.3578048,1.3524834,-0.8408289,0.06972,6.0,0.59999996,2.7238464,1
15:33:41.730804,7,-2.3850853,1.368132,-0.7314585,0.06972,6.24,0.624,3.196601,1
15:33:41.730804,7,-2.3313763,1.2760484,-0.82213724,0.06972,5.64,0.564,2.2241313,1
15:33:41.730804,7,-2.4119692,1.3201598,-0.7314585,0.06972,6.52,0.652,1.4647044,1
15:33:41.730804,7,-2.3053908,1.3224176,-0.82213724,0.06972,5.24,0.524,2.6317108,1
15:33:41.730804,7,-2.4378881,1.2716596,-0.7314585,0.06972,6.7599998,0.676,1.4966667,1
15:33:41.730804,7,-2.383694,1.2433906,-0.7151981,0.06972,6.24,0.624,4.899244,1
15:33:41.730804,7,-2.4749353,1.1979618,-0.7314585,0.06972,7.0,0.7,4.658968,1
15:33:41.730804,7,-2.3564293,1.2291688,-0.82213724,0.06972,5.8799996,0.588,3.5715938,1
15:33:41.730804,7,-2.4119692,1.3201598,-0.7314585,0.06972,6.52,0.652,1.4647044,1
15:33:41.730804,7,-2.4749353,1.1979618,-0.7314585,0.06972,7.0,0.7,4.658968,1
15:33:41.730804,7,-2.3313763,1.2760484,-0.82213724,0.06972,5.64,0.564,2.2241313,1
15:33:41.730804,7,-2.3850853,1.368132,-0.7314585,0.06972,6.24,0.624,3.196601,1
15:33:41.730804,7,-2.4119692,1.3201598,-0.7314585,0.06972,6.52,0.652,1.4647044,1
15:33:41.730804,7,-2.4749353,1.1979618,-0.7314585,0.06972,7.0,0.7,4.658968,1
15:33:41.730804,7,-2.3850853,1.368132,-0.7314585,0.06972,6.24,0.624,3.196601,1
15:33:41.730804,7,-2.3313763,1.2760484,-0.82213724,0.06972,5.64,0.564,2.2241313,1
15:33:41.730804,7,-2.383694,1.2433906,-0.7151981,0.06972,6.24,0.624,4.899244,1
15:33:41.730804,7,-2.4378881,1.2716596,-0.7314585,0.06972,6.7599998,0.676,1.4966667,1
15:33:41.730804,7,-2.4378881,1.2716596,-0.7314585,0.06972,6.7599998,0.676,1.4966667,1
15:33:41.730804,7,-2.3302855,1.3993659,-0.8408289,0.06972,5.64,0.564,2.305473,1
15:33:41.730804,7,-2.4749353,1.1979618,-0.7314585,0.06972,7.0,0.7,4.658968,1
15:33:41.730804,7,-2.3313763,1.2760484,-0.82213724,0.06972,5.64,0.564,2.2241313,1
15:33:41.730804,7,-2.383694,1.2433906,-0.7151981,0.06972,6.24,0.624,4.899244,1
15:33:41.730804,7,-2.3578048,1.3524834,-0.8408289,0.06972,6.0,0.59999996,2.7238464,1
15:33:41.730804,7,-2.3578048,1.3524834,-0.8408289,0.06972,6.0,0.59999996,2.7238464,1
15:33:41.730804,7,-2.4749353,1.1979618,-0.7314585,0.06972,7.0,0.7,4.658968,1
15:33:41.730804,7,-2.3053908,1.3224176,-0.82213724,0.06972,5.24,0.524,2.6317108,1
15:33:41.730804,7,-2.4119692,1.3201598,-0.7314585,0.06972,6.52,0.652,1.4647044,1
15:33:41.730804,7,-2.3564293,1.2291688,-0.82213724,0.06972,5.8799996,0.588,3.5715938,1
15:33:41.730804,7,-2.4749353,1.1979618,-0.7314585,0.06972,7.0,0.7,4.658968,1
15:33:41.730804,7,-2.4749353,1.1979618,-0.7314585,0.06972,7.0,0.7,4.658968,1
15:33:41.730804,7,-2.383694,1.2433906,-0.7151981,0.06972,6.24,0.624,4.899244,1
15:33:41.730804,7,-2.4749353,1.1979618,-0.7314585,0.06972,7.0,0.7,4.658968,1
15:33:41.730804,7,-2.4119692,1.3201598,-0.7314585,0.06972,6.52,0.652,1.4647044,1
15:33:41.730804,7,-2.3850853,1.368132,-0.7314585,0.06972,6.24,0.624,3.196601,1
15:33:41.730804,7,-2.4378881,1.2716596,-0.7314585,0.06972,6.7599998,0.676,1.4966667,1
15:33:41.730804,7,-2.3313763,1.2760484,-0.82213724,0.06972,5.64,0.564,2.2241313,1
15:33:41.730804,7,-2.383694,1.2433906,-0.7151981,0.06972,6.24,0.624,4.899244,1
15:33:41.730804,7,-2.3578048,1.3524834,-0.8408289,0.06972,6.0,0.59999996,2.7238464,1
15:33:41.730804,7,-2.3302855,1.3993659,-0.8408289,0.06972,5.64,0.564,2.305473,1
15:33:41.730804,7,-2.383694,1.2433906,-0.7151981,0.06972,6.24,0.624,4.899244,1
15:33:41.730804,7,-2.3302855,1.3993659,-0.8408289,0.06972,5.64,0.564,2.305473,1
15:33:41.730804,7,-2.3018339,1.4456886,-0.8408289,0.06972,5.3599997,0.536,3.7132242,1
15:33:41.730804,7,-2.3053908,1.3224176,-0.82213724,0.06972,5.24,0.524,2.6317108,1
15:33:41.730804,7,-2.4119692,1.3201598,-0.7314585,0.06972,6.52,0.652,1.4647044,1
15:33:42.501001,21,-2.3944685,1.2796315,-0.60711485,-0.13916,7.3599997,0.736,1.0877799,1
15:33:42.501001,21,-2.328467,1.4624156,-0.7314585,-0.13916,5.0,0.5,4.3344984,1
15:33:42.501001,21,-2.3572474,1.4155569,-0.7314585,-0.13916,5.52,0.552,3.9135067,1
15:33:42.501001,21,-2.3048458,1.384089,-0.7151981,-0.13916,5.24,0.524,5.899657,1
15:33:42.501001,21,-2.3850853,1.368132,-0.7314585,-0.13916,6.12,0.612,4.3708324,1
15:33:42.501001,21,-2.327521,1.3977058,-0.60711485,-0.13916,5.8799996,0.588,5.443264,1
15:33:42.501001,21,-2.40855,1.3815918,-0.62091786,-0.13916,6.7599998,0.676,3.7208457,1
15:33:42.501001,21,-2.355008,1.350879,-0.60711485,-0.13916,6.64,0.664,3.0149705,1
15:33:42.501001,21,-2.4489079,1.3087245,-0.62091786,-0.13916,7.52,0.752,2.0774179,1
15:33:42.501001,21,-2.4745908,1.2594879,-0.62091786,-0.13916,8.36,0.83599997,1.9970868,1
15:33:42.501001,21,-2.4668915,1.133747,-0.60711485,-0.13916,10.36,1.0,3.5239017,1
15:33:42.501001,21,-2.499284,1.2097474,-0.62091786,-0.13916,9.36,0.936,2.745309,1
15:33:42.501001,21,-2.4195805,1.2314894,-0.60711485,-0.13916,8.24,0.824,0.9553745,1
15:33:42.501001,21,-2.4437249,1.1828548,-0.60711485,-0.13916,9.24,0.92399997,1.7605202,1
15:33:42.501001,21,-2.355008,1.350879,-0.60711485,-0.13916,6.64,0.664,3.0149705,1
15:33:42.501001,21,-2.3944685,1.2796315,-0.60711485,-0.13916,7.3599997,0.736,1.0877799,1
15:33:42.501001,21,-2.4745908,1.2594879,-0.62091786,-0.13916,8.36,0.83599997,1.9970868,1
15:33:42.501001,21,-2.4437249,1.1828548,-0.60711485,-0.13916,9.24,0.92399997,1.7605202,1
15:33:42.501001,21,-2.4668915,1.133747,-0.60711485,-0.13916,10.36,1.0,3.5239017,1
15:33:42.501001,21,-2.4437249,1.1828548,-0.60711485,-0.13916,9.24,0.92399997,1.7605202,1
15:33:42.501001,21,-2.4195805,1.2314894,-0.60711485,-0.13916,8.24,0.824,0.9553745,1
15:33:42.501001,21,-2.4489079,1.3087245,-0.62091786,-0.13916,7.52,0.752,2.0774179,1
15:33:42.501001,21,-2.3572474,1.4155569,-0.7314585,-0.13916,5.52,0.552,3.9135067,1
15:33:42.501001,21,-2.355008,1.350879,-0.60711485,-0.13916,6.64,0.664,3.0149705,1
15:33:42.501001,21,-2.3048458,1.384089,-0.7151981,-0.13916,5.24,0.524,5.899657,1
15:33:42.501001,21,-2.327521,1.3977058,-0.60711485,-0.13916,5.8799996,0.588,5.443264,1
15:33:42.501001,21,-2.40855,1.3815918,-0.62091786,-0.13916,6.7599998,0.676,3.7208457,1
15:33:42.501001,21,-2.328467,1.4624156,-0.7314585,-0.13916,5.0,0.5,4.3344984,1
15:33:42.501001,21,-2.4668915,1.133747,-0.60711485,-0.13916,10.36,1.0,3.5239017,1
15:33:42.501001,21,-2.4437249,1.1828548,-0.60711485,-0.13916,9.24,0.92399997,1.7605202,1
15:33:42.501001,21,-2.3944685,1.2796315,-0.60711485,-0.13916,7.3599997,0.736,1.0877799,1
15:33:42.501001,21,-2.327521,1.3977058,-0.60711485,-0.13916,5.8799996,0.588,5.443264,1
15:33:42.501001,21,-2.3048458,1.384089,-0.7151981,-0.13916,5.24,0.524,5.899657,1
15:33:42.501001,21,-2.499284,1.2097474,-0.62091786,-0.13916,9.36,0.936,2.745309,1
15:33:42.501001,21,-2.355008,1.350879,-0.60711485,-0.13916,6.64,0.664,3.0149705,1
15:33:42.501001,21,-2.327521,1.3977058,-0.60711485,-0.13916,5.8799996,0.588,5.443264,1
15:33:42.501001,21,-2.4745908,1.2594879,-0.62091786,-0.13916,8.36,0.83599997,1.9970868,1
15:33:42.501001,21,-2.3944685,1.2796315,-0.60711485,-0.13916,7.3599997,0.736,1.0877799,1
15:33:42.501001,21,-2.499284,1.2097474,-0.62091786,-0.13916,9.36,0.936,2.745309,1
15:33:42.501001,21,-2.499284,1.2097474,-0.62091786,-0.13916,9.36,0.936,2.745309,1
15:33:42.501001,21,-2.3850853,1.368132,-0.7314585,-0.13916,6.12,0.612,4.3708324,1
15:33:42.501001,21,-2.4745908,1.2594879,-0.62091786,-0.13916,8.36,0.83599997,1.9970868,1
15:33:42.501001,21,-2.4668915,1.133747,-0.60711485,-0.13916,10.36,1.0,3.5239017,1
15:33:42.501001,21,-2.3572474,1.4155569,-0.7314585,-0.13916,5.52,0.552,3.9135067,1
15:33:42.501001,21,-2.327521,1.3977058,-0.60711485,-0.13916,5.8799996,0.588,5.443264,1
15:33:42.501001,21,-2.4437249,1.1828548,-0.60711485,-0.13916,9.24,0.92399997,1.7605202,1
15:33:42.501001,21,-2.3048458,1.384089,-0.7151981,-0.13916,5.24,0.524,5.899657,1
15:33:42.501001,21,-2.328467,1.4624156,-0.7314585,-0.13916,5.0,0.5,4.3344984,1
15:33:42.556418,22,-2.437386,1.0661538,0.8244838,-0.06972,6.52,0.652,0.54535276,1
15:33:42.556418,22,-2.3530037,1.2050103,0.78727734,-0.06972,5.3599997,0.536,4.2162795,1
15:33:42.556418,22,-2.3820877,1.1592714,0.79953307,-0.06972,5.7599998,0.576,1.5134038,1
15:33:42.556418,22,-2.3302855,1.1340611,0.8256391,-0.06972,5.24,0.524,3.0395246,1
15:33:42.556418,22,-2.4626331,1.1371832,0.7861005,-0.06972,5.0,0.5,3.5203905,1
15:33:42.556418,22,-2.410219,1.1129797,0.81193686,-0.06972,6.12,0.612,0.28433505,1
15:33:42.556418,22,-2.3578048,1.0887761,0.8377732,-0.06972,5.64,0.564,1.6409975,1
15:33:42.556418,22,-2.490391,1.089339,0.79892033,-0.06972,5.12,0.51199996,3.9359002,1
15:33:42.556418,22,-2.3843813,1.0429686,0.8500473,-0.06972,5.8799996,0.588,1.753858,1
15:33:42.556418,22,-2.4504826,1.0154043,0.9706617,-0.06972,6.52,0.652,9.769586,1
15:33:42.556418,22,-2.4635782,1.0188125,0.8371689,-0.06972,6.8799996,0.68799996,2.3161218,1
15:33:42.556418,22,-2.410004,0.99665684,0.8624565,-0.06972,6.24,0.624,3.3969798,1
15:33:42.556418,22,-2.490391,1.089339,0.79892033,-0.06972,5.12,0.51199996,3.9359002,1
15:33:42.556418,22,-2.3820877,1.1592714,0.79953307,-0.06972,5.7599998,0.576,1.5134038,1
15:33:42.556418,22,-2.3530037,1.2050103,0.78727734,-0.06972,5.3599997,0.536,4.2162795,1
15:33:42.556418,22,-2.3530037,1.2050103,0.78727734,-0.06972,5.3599997,0.536,4.2162795,1
15:33:42.556418,22,-2.3302855,1.1340611,0.8256391,-0.06972,5.24,0.524,3.0395246,1
15:33:42.556418,22,-2.3530037,1.2050103,0.78727734,-0.06972,5.3599997,0.536,4.2162795,1
15:33:42.556418,22,-2.4504826,1.0154043,0.9706617,-0.06972,6.52,0.652,9.769586,1
15:33:42.556418,22,-2.4626331,1.1371832,0.7861005,-0.06972,5.0,0.5,3.5203905,1
15:33:42.556418,22,-2.3578048,1.0887761,0.8377732,-0.06972,5.64,0.564,1.6409975,1
15:33:42.556418,22,-2.4635782,1.0188125,0.8371689,-0.06972,6.8799996,0.68799996,2.3161218,1
15:33:42.556418,22,-2.3530037,1.2050103,0.78727734,-0.06972,5.3599997,0.536,4.2162795,1
15:33:42.556418,22,-2.4504826,1.0154043,0.9706617,-0.06972,6.52,0.652,9.769586,1
15:33:42.556418,22,-2.410004,0.99665684,0.8624565,-0.06972,6.24,0.624,3.3969798,1
15:33:42.556418,22,-2.4635782,1.0188125,0.8371689,-0.06972,6.8799996,0.68799996,2.3161218,1
15:33:42.556418,22,-2.3302855,1.1340611,0.8256391,-0.06972,5.24,0.524,3.0395246,1
15:33:42.556418,22,-2.4635782,1.0188125,0.8371689,-0.06972,6.8799996,0.68799996,2.3161218,1
15:33:42.556418,22,-2.3578048,1.0887761,0.8377732,-0.06972,5.64,0.564,1.6409975,1
15:33:42.556418,22,-2.3302855,1.1340611,0.8256391,-0.06972,5.24,0.524,3.0395246,1
15:33:42.556418,22,-2.3820877,1.1592714,0.79953307,-0.06972,5.7599998,0.576,1.5134038,1
15:33:42.556418,22,-2.437386,1.0661538,0.8244838,-0.06972,6.52,0.652,0.54535276,1
15:33:42.556418,22,-2.490391,1.089339,0.79892033,-0.06972,5.12,0.51199996,3.9359002,1
15:33:42.556418,22,-2.3843813,1.0429686,0.8500473,-0.06972,5.8799996,0.588,1.753858,1
15:33:42.556418,22,-2.3820877,1.1592714,0.79953307,-0.06972,5.7599998,0.576,1.5134038,1
15:33:42.556418,22,-2.410004,0.99665684,0.8624565,-0.06972,6.24,0.624,3.3969798,1
15:33:42.556418,22,-2.3820877,1.1592714,0.79953307,-0.06972,5.7599998,0.576,1.5134038,1
15:33:42.556418,22,-2.3530037,1.2050103,0.78727734,-0.06972,5.3599997,0.536,4.2162795,1
15:33:42.556418,22,-2.490391,1.089339,0.79892033,-0.06972,5.12,0.51199996,3.9359002,1
15:33:42.556418,22,-2.3820877,1.1592714,0.79953307,-0.06972,5.7599998,0.576,1.5134038,1
15:33:42.556418,22,-2.3530037,1.2050103,0.78727734,-0.06972,5.3599997,0.536,4.2162795,1
15:33:42.556418,22,-2.4635782,1.0188125,0.8371689,-0.06972,6.8799996,0.68799996,2.3161218,1
15:33:42.556418,22,-2.3578048,1.0887761,0.8377732,-0.06972,5.64,0.564,1.6409975,1
15:33:42.556418,22,-2.490391,1.089339,0.79892033,-0.06972,5.12,0.51199996,3.9359002,1
15:33:42.556418,22,-2.410219,1.1129797,0.81193686,-0.06972,6.12,0.612,0.28433505,1
15:33:42.556418,22,-2.4504826,1.0154043,0.9706617,-0.06972,6.52,0.652,9.769586,1
15:33:42.556418,22,-2.410004,0.99665684,0.8624565,-0.06972,6.24,0.624,3.3969798,1
15:33:42.556418,22,-2.3530037,1.2050103,0.78727734,-0.06972,5.3599997,0.536,4.2162795,1
15:33:42.610283,23,-2.3302855,1.1340611,0.8256391,-0.13916,5.8799996,0.588,3.7721124,1
15:33:42.610283,23,-2.2784832,1.1088508,0.8517452,-0.13916,5.64,0.564,3.1261215,1
15:33:42.610283,23,-2.3053908,1.0645726,0.86360955,-0.13916,6.0,0.59999996,1.7743385,1
15:33:42.610283,23,-2.3843813,1.0429686,0.8500473,-0.13916,6.52,0.652,1.1037031,1
15:33:42.610283,23,-2.3313763,1.0197834,0.87561077,-0.13916,6.52,0.652,1.6115057,1
15:33:42.610283,23,-2.3578048,1.0887761,0.8377732,-0.13916,6.24,0.624,1.9078084,1
15:33:42.610283,23,-2.3564293,0.97450113,0.8877441,-0.13916,6.8799996,0.68799996,2.6856196,1
15:33:42.610283,23,-2.4466271,0.9262844,0.8813127,-0.13916,7.12,0.712,4.084382,1
15:33:42.610283,23,-2.3960083,0.9928318,0.9935439,-0.13916,7.3599997,0.736,7.8300605,1
15:33:42.610283,23,-2.410004,0.99665684,0.8624565,-0.13916,6.8799996,0.68799996,1.4102534,1
15:33:42.610283,23,-2.3578048,1.0887761,0.8377732,-0.13916,6.24,0.624,1.9078084,1
15:33:42.610283,23,-2.3578048,1.0887761,0.8377732,-0.13916,6.24,0.624,1.9078084,1
15:33:42.610283,23,-2.410004,0.99665684,0.8624565,-0.13916,6.8799996,0.68799996,1.4102534,1
15:33:42.610283,23,-2.3960083,0.9928318,0.9935439,-0.13916,7.3599997,0.736,7.8300605,1
15:33:42.610283,23,-2.4466271,0.9262844,0.8813127,-0.13916,7.12,0.712,4.084382,1
15:33:42.610283,23,-2.410004,0.99665684,0.8624565,-0.13916,6.8799996,0.68799996,1.4102534,1
15:33:42.610283,23,-2.2784832,1.1088508,0.8517452,-0.13916,5.64,0.564,3.1261215,1
15:33:42.610283,23,-2.3564293,0.97450113,0.8877441,-0.13916,6.8799996,0.68799996,2.6856196,1
15:33:42.610283,23,-2.410004,0.99665684,0.8624565,-0.13916,6.8799996,0.68799996,1.4102534,1
15:33:42.610283,23,-2.3302855,1.1340611,0.8256391,-0.13916,5.8799996,0.588,3.7721124,1
15:33:42.610283,23,-2.3053908,1.0645726,0.86360955,-0.13916,6.0,0.59999996,1.7743385,1
15:33:42.610283,23,-2.3313763,1.0197834,0.87561077,-0.13916,6.52,0.652,1.6115057,1
15:33:42.610283,23,-2.3843813,1.0429686,0.8500473,-0.13916,6.52,0.652,1.1037031,1
15:33:42.610283,23,-2.3843813,1.0429686,0.8500473,-0.13916,6.52,0.652,1.1037031,1
15:33:42.610283,23,-2.2784832,1.1088508,0.8517452,-0.13916,5.64,0.564,3.1261215,1
15:33:42.610283,23,-2.2784832,1.1088508,0.8517452,-0.13916,5.64,0.564,3.1261215,1
15:33:42.610283,23,-2.3578048,1.0887761,0.8377732,-0.13916,6.24,0.624,1.9078084,1
15:33:42.610283,23,-2.3843813,1.0429686,0.8500473,-0.13916,6.52,0.652,1.1037031,1
15:33:42.610283,23,-2.3053908,1.0645726,0.86360955,-0.13916,6.0,0.59999996,1.7743385,1
15:33:42.610283,23,-2.3960083,0.9928318,0.9935439,-0.13916,7.3599997,0.736,7.8300605,1
15:33:42.610283,23,-2.3313763,1.0197834,0.87561077,-0.13916,6.52,0.652,1.6115057,1
15:33:42.610283,23,-2.3053908,1.0645726,0.86360955,-0.13916,6.0,0.59999996,1.7743385,1
15:33:42.610283,23,-2.410004,0.99665684,0.8624565,-0.13916,6.8799996,0.68799996,1.4102534,1
15:33:42.610283,23,-2.2784832,1.1088508,0.8517452,-0.13916,5.64,0.564,3.1261215,1
15:33:42.610283,23,-2.3564293,0.97450113,0.8877441,-0.13916,6.8799996,0.68799996,2.6856196,1
15:33:42.610283,23,-2.410004,0.99665684,0.8624565,-0.13916,6.8799996,0.68799996,1.4102534,1
15:33:42.610283,23,-2.3302855,1.1340611,0.8256391,-0.13916,5.8799996,0.588,3.7721124,1
15:33:42.610283,23,-2.2784832,1.1088508,0.8517452,-0.13916,5.64,0.564,3.1261215,1
15:33:42.610283,23,-2.3843813,1.0429686,0.8500473,-0.13916,6.52,0.652,1.1037031,1
15:33:42.610283,23,-2.3843813,1.0429686,0.8500473,-0.13916,6.52,0.652,1.1037031,1
15:33:42.610283,23,-2.3843813,1.0429686,0.8500473,-0.13916,6.52,0.652,1.1037031,1
15:33:42.610283,23,-2.3960083,0.9928318,0.9935439,-0.13916,7.3599997,0.736,7.8300605,1
15:33:42.610283,23,-2.3578048,1.0887761,0.8377732,-0.13916,6.24,0.624,1.9078084,1
15:33:42.610283,23,-2.3578048,1.0887761,0.8377732,-0.13916,6.24,0.624,1.9078084,1
15:33:42.610283,23,-2.2784832,1.1088508,0.8517452,-0.13916,5.64,0.564,3.1261215,1
15:33:42.610283,23,-2.4466271,0.9262844,0.8813127,-0.13916,7.12,0.712,4.084382,1
15:33:42.610283,23,-2.3564293,0.97450113,0.8877441,-0.13916,6.8799996,0.68799996,2.6856196,1
15:33:42.610283,23,-2.3960083,0.9928318,0.9935439,-0.13916,7.3599997,0.736,7.8300605,1
15:33:42.722959,25,-2.3564293,0.97450113,0.8877441,-0.20888,8.5199995,0.852,1.3647224,1
15:33:42.722959,25,-2.422454,0.9733177,0.8687102,-0.20888,5.7599998,0.576,3.861703,1
15:33:42.722959,25,-2.2790442,1.081861,0.9865226,-0.20888,7.12,0.712,2.4916325,1
15:33:42.722959,25,-2.3313763,1.0197834,0.87561077,-0.20888,7.7599998,0.77599996,1.2953074,1
15:33:42.722959,25,-2.3843813,1.0429686,0.8500473,-0.20888,5.52,0.552,4.8952913,1
15:33:42.722959,25,-2.2784832,1.1088508,0.8517452,-0.20888,6.52,0.652,2.7079432,1
15:33:42.722959,25,-2.3053908,1.0645726,0.86360955,-0.20888,7.12,0.712,1.7568685,1
15:33:42.722959,25,-2.3529787,0.99840754,0.7501514,-0.20888,5.12,0.51199996,8.968101,1
15:33:42.722959,25,-2.224943,1.168883,0.96320516,-0.20888,6.0,0.59999996,5.784459,1
15:33:42.722959,25,-2.3047328,1.0375836,0.9983867,-0.20888,7.7599998,0.77599996,1.502828,1
15:33:42.722959,25,-2.252444,1.1256332,0.97479385,-0.20888,6.52,0.652,3.9286926,1
15:33:42.722959,25,-2.4466271,0.9262844,0.8813127,-0.20888,6.12,0.612,3.696403,1
15:33:42.722959,25,-2.3648994,0.9247972,1.0286077,-0.20888,9.0,0.9,1.2865636,1
15:33:42.722959,25,-2.3294995,0.9928189,1.0103813,-0.20888,8.36,0.83599997,1.0030146,1
15:33:42.722959,25,-2.3922386,0.90569305,0.90618116,-0.20888,9.24,0.92399997,2.5830314,1
15:33:42.722959,25,-2.4754353,0.8280737,1.0376908,-0.20888,11.36,1.0,3.2410676,1
15:33:42.722959,25,-2.387319,0.8788927,1.0409077,-0.20888,9.76,0.97599995,2.2600589,1
15:33:42.722959,25,-2.4428585,0.8993396,1.0185951,-0.20888,10.76,1.0,2.787022,1
15:33:42.722959,25,-2.4199173,0.946312,1.0060089,-0.20888,10.12,1.0,3.1754797,1
15:33:42.722959,25,-2.4191551,0.8092471,1.0595692,-0.20888,10.24,1.0,5.0947123,1
15:33:42.722959,25,-2.4754353,0.8280737,1.0376908,-0.20888,11.36,1.0,3.2410676,1
15:33:42.722959,25,-2.3294995,0.9928189,1.0103813,-0.20888,8.36,0.83599997,1.0030146,1
15:33:42.722959,25,-2.4191551,0.8092471,1.0595692,-0.20888,10.24,1.0,5.0947123,1
15:33:42.722959,25,-2.3922386,0.90569305,0.90618116,-0.20888,9.24,0.92399997,2.5830314,1
15:33:42.722959,25,-2.3922386,0.90569305,0.90618116,-0.20888,9.24,0.92399997,2.5830314,1
15:33:42.722959,25,-2.3922386,0.90569305,0.90618116,-0.20888,9.24,0.92399997,2.5830314,1
15:33:42.722959,25,-2.4428585,0.8993396,1.0185951,-0.20888,10.76,1.0,2.787022,1
15:33:42.722959,25,-2.4428585,0.8993396,1.0185951,-0.20888,10.76,1.0,2.787022,1
15:33:42.722959,25,-2.387319,0.8788927,1.0409077,-0.20888,9.76,0.97599995,2.2600589,1
15:33:42.722959,25,-2.387319,0.8788927,1.0409077,-0.20888,9.76,0.97599995,2.2600589,1
15:33:42.722959,25,-2.387319,0.8788927,1.0409077,-0.20888,9.76,0.97599995,2.2600589,1
15:33:42.722959,25,-2.252444,1.1256332,0.97479385,-0.20888,6.52,0.652,3.9286926,1
15:33:42.722959,25,-2.4466271,0.9262844,0.8813127,-0.20888,6.12,0.612,3.696403,1
15:33:42.722959,25,-2.4754353,0.8280737,1.0376908,-0.20888,11.36,1.0,3.2410676,1
15:33:42.722959,25,-2.387319,0.8788927,1.0409077,-0.20888,9.76,0.97599995,2.2600589,1
15:33:42.722959,25,-2.4754353,0.8280737,1.0376908,-0.20888,11.36,1.0,3.2410676,1
15:33:42.722959,25,-2.4199173,0.946312,1.0060089,-0.20888,10.12,1.0,3.1754797,1
15:33:42.722959,25,-2.3922386,0.90569305,0.90618116,-0.20888,9.24,0.92399997,2.5830314,1
15:33:42.722959,25,-2.4199173,0.946312,1.0060089,-0.20888,10.12,1.0,3.1754797,1
15:33:42.722959,25,-2.3922386,0.90569305,0.90618116,-0.20888,9.24,0.92399997,2.5830314,1
15:33:42.722959,25,-2.4191551,0.8092471,1.0595692,-0.20888,10.24,1.0,5.0947123,1
15:33:42.722959,25,-2.4466271,0.9262844,0.8813127,-0.20888,6.12,0.612,3.696403,1
15:33:42.722959,25,-2.3648994,0.9247972,1.0286077,-0.20888,9.0,0.9,1.2865636,1
15:33:42.722959,25,-2.2784832,1.1088508,0.8517452,-0.20888,6.52,0.652,2.7079432,1
15:33:42.722959,25,-2.3529787,0.99840754,0.7501514,-0.20888,5.12,0.51199996,8.968101,1
15:33:42.722959,25,-2.4199173,0.946312,1.0060089,-0.20888,10.12,1.0,3.1754797,1
15:33:42.722959,25,-2.3053908,1.0645726,0.86360955,-0.20888,7.12,0.712,1.7568685,1
15:33:42.722959,25,-2.3313763,1.0197834,0.87561077,-0.20888,7.7599998,0.77599996,1.2953074,1
15:33:42.780515,26,-2.437386,1.0661538,0.8244838,-0.34804,5.64,0.564,3.9931402,1
15:33:42.780515,26,-2.3047328,1.0375836,0.9983867,-0.34804,12.12,1.0,1.0826262,1
15:33:42.780515,26,-2.358351,1.0617224,0.9750848,-0.34804,17.52,1.0,1.7700783,1
15:33:42.780515,26,-2.4173381,1.0073981,0.887762,-0.34804,13.759999,1.0,1.1483496,1
15:33:42.780515,26,-2.4763055,0.9949545,0.8435616,-0.34804,5.7599998,0.576,4.2913775,1
15:33:42.780515,26,-2.2790442,1.081861,0.9865226,-0.34804,11.639999,1.0,2.0253992,1
15:33:42.780515,26,-2.3320649,1.1070298,0.9629447,-0.34804,16.24,1.0,3.2537532,1
15:33:42.780515,26,-2.3843813,1.0429686,0.8500473,-0.34804,12.759999,1.0,1.1831983,1
15:33:42.780515,26,-2.252444,1.1256332,0.97479385,-0.34804,10.88,1.0,3.531633,1
15:33:42.780515,26,-2.2784832,1.1088508,0.8517452,-0.34804,13.12,1.0,1.5489322,1
15:33:42.780515,26,-2.3578048,1.0887761,0.8377732,-0.34804,11.639999,1.0,1.2191631,1
15:33:42.780515,26,-2.4052856,1.0206022,0.7223672,-0.34804,5.52,0.552,8.800734,1
15:33:42.780515,26,-2.2266808,1.0836407,0.8778513,-0.34804,10.12,1.0,4.7312775,1
15:33:42.780515,26,-2.4504826,1.0154043,0.9706617,-0.34804,14.36,1.0,4.0031705,1
15:33:42.780515,26,-2.3302855,1.1340611,0.8256391,-0.34804,10.5199995,1.0,1.8318584,1
15:33:42.780515,26,-2.3784761,1.0668113,0.7099855,-0.34804,5.24,0.524,7.2352386,1
15:33:42.780515,26,-2.1994944,1.1263957,0.8663951,-0.34804,9.24,0.92399997,5.134733,1
15:33:42.780515,26,-2.2506642,1.1526005,0.8400225,-0.34804,11.639999,1.0,2.3187034,1
15:33:42.780515,26,-2.3018339,1.1788055,0.8136499,-0.34804,9.24,0.92399997,2.984175,1
15:33:42.780515,26,-2.3507156,1.1124933,0.697745,-0.34804,5.0,0.5,6.3148694,1
15:33:42.780515,26,-2.3053908,1.0645726,0.86360955,-0.34804,14.759999,1.0,1.3637077,1
15:33:42.780515,26,-2.383694,1.0159162,0.9873585,-0.34804,18.359999,1.0,0.8442509,1
15:33:42.780515,26,-2.2511146,1.0134449,1.0216886,-0.27832,5.0,0.5,4.040269,1
15:33:42.780515,26,-2.28559,1.0298378,1.1241041,-0.48720002,5.0,0.5,6.2935205,1
15:33:42.780515,26,-2.3294995,0.9928189,1.0103813,-0.34804,12.639999,1.0,0.7416804,1
15:33:42.780515,26,-2.4729059,0.7750956,1.1780722,-0.34804,11.0,1.0,5.49816,1
15:33:42.780515,26,-2.442955,0.84632623,1.158986,-0.34804,11.759999,1.0,3.7218513,1
15:33:42.780515,26,-2.4191551,0.8092471,1.0595692,-0.34804,12.24,1.0,6.2752843,1
15:33:42.780515,26,-2.4754353,0.8280737,1.0376908,-0.34804,17.359999,1.0,3.6448948,1
15:33:42.780515,26,-2.4749353,0.96782684,0.98341006,-0.34804,14.5199995,1.0,3.320502,1
15:33:42.780515,26,-2.4199173,0.946312,1.0060089,-0.34804,18.76,1.0,0.598197,1
15:33:42.780515,26,-2.3648994,0.9247972,1.0286077,-0.34804,12.759999,1.0,1.4505795,1
15:33:42.780515,26,-2.4983978,0.9197865,0.9962824,-0.34804,14.12,1.0,3.2707372,1
15:33:42.780515,26,-2.4428585,0.8993396,1.0185951,-0.34804,18.24,1.0,1.2658833,1
15:33:42.780515,26,-2.387319,0.8788927,1.0409077,-0.34804,12.639999,1.0,2.8031445,1
15:33:42.780515,26,-2.30956,0.9854507,1.1359977,-0.48720002,5.12,0.51199996,4.9733543,1
15:33:42.780515,26,-2.3843813,1.0429686,0.8500473,-0.34804,12.759999,1.0,1.1831983,1
15:33:42.780515,26,-2.3053908,1.0645726,0.86360955,-0.34804,14.759999,1.0,1.3637077,1
15:33:42.780515,26,-2.28559,1.0298378,1.1241041,-0.48720002,5.0,0.5,6.2935205,1
15:33:42.780515,26,-2.4199173,0.946312,1.0060089,-0.34804,18.76,1.0,0.598197,1
15:33:42.780515,26,-2.3320649,1.1070298,0.9629447,-0.34804,16.24,1.0,3.2537532,1
15:33:42.780515,26,-2.4983978,0.9197865,0.9962824,-0.34804,14.12,1.0,3.2707372,1
15:33:42.780515,26,-2.3294995,0.9928189,1.0103813,-0.34804,12.639999,1.0,0.7416804,1
15:33:42.780515,26,-2.3294995,0.9928189,1.0103813,-0.34804,12.639999,1.0,0.7416804,1
15:33:42.780515,26,-2.383694,1.0159162,0.9873585,-0.34804,18.359999,1.0,0.8442509,1
15:33:42.780515,26,-2.28559,1.0298378,1.1241041,-0.48720002,5.0,0.5,6.2935205,1
15:33:42.780515,26,-2.4504826,1.0154043,0.9706617,-0.34804,14.36,1.0,4.0031705,1
15:33:42.780515,26,-2.4749353,0.96782684,0.98341006,-0.34804,14.5199995,1.0,3.320502,1
15:33:42.889653,28,-2.3048458,1.1518204,0.95094305,-0.55664,12.36,1.0,0.8028442,1
15:33:42.889653,28,-2.2265437,1.1482348,1.1192385,-0.55664,7.0,0.7,2.5114858,1
15:33:42.889653,28,-2.284993,1.091966,1.0110512,-0.55664,11.5199995,1.0,1.4571309,1
15:33:42.889653,28,-2.3320649,1.1070298,0.9629447,-0.55664,12.88,1.0,0.53872496,1
15:33:42.889653,28,-2.3850853,1.1321986,0.93936676,-0.55664,7.64,0.764,3.8379087,1
15:33:42.889653,28,-2.1993587,1.1909872,1.107783,-0.55664,6.7599998,0.676,3.2579963,1
15:33:42.889653,28,-2.252444,1.1256332,0.97479385,-0.55664,11.0,1.0,2.9360797,1
15:33:42.889653,28,-2.3572474,1.1780076,0.9270923,-0.55664,7.52,0.752,4.7851334,1
15:33:42.889653,28,-2.196552,1.2115928,0.95176107,-0.55664,9.36,0.936,3.451052,1
15:33:42.889653,28,-2.224943,1.168883,0.96320516,-0.55664,10.24,1.0,2.9893296,1
15:33:42.889653,28,-2.2767048,1.1960763,0.93908477,-0.55664,11.639999,1.0,1.4075172,1
15:33:42.889653,28,-2.328467,1.2232696,0.9149644,-0.55664,7.3599997,0.736,5.966247,1
15:33:42.889653,28,-2.1522305,1.244347,1.0666267,-0.55664,6.0,0.59999996,4.5680594,1
15:33:42.889653,28,-2.2476532,1.2397797,0.9273745,-0.55664,10.639999,1.0,2.3172805,1
15:33:42.889653,28,-2.2987547,1.2679666,0.90298784,-0.55664,7.0,0.7,7.3439355,1
15:33:42.889653,28,-2.2219448,1.195804,0.82844615,-0.55664,9.76,0.97599995,8.233459,1
15:33:42.889653,28,-2.4119692,1.0858611,0.9517829,-0.55664,7.7599998,0.77599996,3.1688156,1
15:33:42.889653,28,-2.1665578,1.2234886,1.0722156,-0.55664,6.3599997,0.636,4.0035906,1
15:33:42.889653,28,-2.358351,1.0617224,0.9750848,-0.55664,13.0,1.0,0.65720046,1
15:33:42.889653,28,-2.3881657,0.9630132,1.1277199,-0.55664,11.12,1.0,1.1923438,1
15:33:42.889653,28,-2.2531147,1.1544389,1.1984853,-0.55664,7.24,0.724,6.016825,1
15:33:42.889653,28,-2.4482958,0.8553868,1.1840566,-0.55664,9.639999,0.964,4.1692863,1
15:33:42.889653,28,-2.499789,0.8660155,1.1394203,-0.55664,9.639999,0.964,3.6316466,1
15:33:42.889653,28,-2.3628645,0.9536621,1.2522832,-0.55664,7.0,0.7,4.1983685,1
15:33:42.889653,28,-2.4108057,0.91665715,1.1401409,-0.55664,10.36,1.0,2.3304908,1
15:33:42.889653,28,-2.3283658,1.0216379,1.2340691,-0.55664,7.24,0.724,3.893074,1
15:33:42.889653,28,-2.314552,1.0993284,1.0911943,-0.55664,11.88,1.0,0.7087876,1
15:33:42.889653,28,-2.4492347,0.9091377,1.0438397,-0.55664,11.5199995,1.0,2.9962935,1
15:33:42.889653,28,-2.4983978,0.9197865,0.9962824,-0.55664,7.12,0.712,3.815296,1
15:33:42.889653,28,-2.4781055,0.9140999,1.1265361,-0.55664,10.5199995,1.0,2.8834136,1
15:33:42.889653,28,-2.3645704,1.0089226,1.1154184,-0.55664,11.639999,1.0,0.5835993,1
15:33:42.889653,28,-2.4199173,0.946312,1.0060089,-0.55664,12.24,1.0,2.9614646,1
15:33:42.889653,28,-2.4749353,0.96782684,0.98341006,-0.55664,7.3599997,0.736,3.064703,1
15:33:42.889653,28,-2.2791133,1.1106595,1.2102159,-0.55664,7.3599997,0.736,4.9656887,1
15:33:42.889653,28,-2.3400292,1.0543671,1.1032416,-0.55664,11.88,1.0,0.44135517,1
15:33:42.889653,28,-2.383694,1.0159162,0.9873585,-0.55664,12.759999,1.0,1.2068053,1
15:33:42.889653,28,-2.4378881,1.0390135,0.9643357,-0.55664,7.64,0.764,2.8289378,1
15:33:42.889653,28,-2.3042004,1.0663866,1.2220788,-0.55664,7.3599997,0.736,4.2413454,1
15:33:42.889653,28,-2.2767048,1.1960763,0.93908477,-0.55664,11.639999,1.0,1.4075172,1
15:33:42.889653,28,-2.328467,1.2232696,0.9149644,-0.55664,7.3599997,0.736,5.966247,1
15:33:42.889653,28,-2.3850853,1.1321986,0.93936676,-0.55664,7.64,0.764,3.8379087,1
15:33:42.889653,28,-2.3881657,0.9630132,1.1277199,-0.55664,11.12,1.0,1.1923438,1
15:33:42.889653,28,-2.4781055,0.9140999,1.1265361,-0.55664,10.5199995,1.0,2.8834136,1
15:33:42.889653,28,-2.3320649,1.1070298,0.9629447,-0.55664,12.88,1.0,0.53872496,1
15:33:42.889653,28,-2.3400292,1.0543671,1.1032416,-0.55664,11.88,1.0,0.44135517,1
15:33:42.889653,28,-2.2767048,1.1960763,0.93908477,-0.55664,11.639999,1.0,1.4075172,1
15:33:42.889653,28,-2.328467,1.2232696,0.9149644,-0.55664,7.3599997,0.736,5.966247,1
15:33:42.889653,28,-2.4378881,1.0390135,0.9643357,-0.55664,7.64,0.764,2.8289378,1
15:33:43.000891,30,-2.2214353,1.3131928,1.1442242,-0.34804,9.24,0.92399997,1.3069804,1
15:33:43.000891,30,-2.1690524,1.3399085,1.257344,-0.34804,10.76,1.0,2.5608788,1
15:33:43.000891,30,-2.1202667,1.3165472,1.2993338,-0.34804,10.639999,1.0,1.9323351,1
15:33:43.000891,30,-2.075714,1.3086835,1.3879541,-0.34804,6.12,0.612,5.4182577,1
15:33:43.000891,30,-2.1489015,1.2753087,1.3103836,-0.34804,10.88,1.0,1.7360696,1
15:33:43.000891,30,-2.2507877,1.2699931,1.1557995,-0.34804,9.0,0.9,0.8544994,1
15:33:43.000891,30,-2.198346,1.2977213,1.268648,-0.34804,10.639999,1.0,1.6573287,1
15:33:43.000891,30,-2.269766,1.2817719,1.0280187,-0.34804,7.8799996,0.788,2.8103373,1
15:33:43.000891,30,-2.2991035,1.2376386,1.0398443,-0.34804,7.52,0.752,3.0863233,1
15:33:43.000891,30,-2.046851,1.3485057,1.3772838,-0.34804,5.8799996,0.588,5.968696,1
15:33:43.000891,30,-2.098016,1.3950708,1.1610799,-0.34804,9.76,0.97599995,3.643908,1
15:33:43.000891,30,-2.1540794,1.3607877,1.2517494,-0.34804,10.639999,1.0,3.0835073,1
15:33:43.000891,30,-2.1911943,1.355817,1.1328031,-0.34804,9.5199995,0.95199996,2.0341876,1
15:33:43.000891,30,-2.2547562,1.3036238,1.0221635,-0.34804,8.12,0.812,2.8340957,1
15:33:43.000891,30,-2.0757282,1.377347,1.2830426,-0.34804,9.639999,0.964,3.0160253,1
15:33:43.000891,30,-2.1288877,1.3542407,1.1720203,-0.48720002,10.36,1.0,2.7811482,1
15:33:43.000891,30,-2.1757443,1.3769078,1.1271517,-0.34804,9.5199995,0.95199996,2.4852219,1
15:33:43.000891,30,-2.2240615,1.3468874,1.0105711,-0.34804,8.36,0.83599997,3.165293,1
15:33:43.000891,30,-2.327521,1.1929473,1.0518192,-0.34804,7.12,0.712,3.8612342,1
15:33:43.000891,30,-2.1441932,1.4186367,1.1159706,-0.34804,9.36,0.936,3.5416338,1
15:33:43.000891,30,-2.1924772,1.3895493,0.9991399,-0.34804,8.36,0.83599997,3.836212,1
15:33:43.000891,30,-2.090784,1.3572241,1.2884344,-0.34804,10.12,1.0,2.5557234,1
15:33:43.000891,30,-2.27924,1.2262349,1.1675245,-0.34804,8.5199995,0.852,0.7436222,1
15:33:43.000891,30,-2.0918274,1.296372,1.4173169,-0.34804,6.24,0.624,3.671839,1
15:33:43.000891,30,-2.1704059,1.2791352,1.3893343,-0.34804,10.88,1.0,2.8568792,1
15:33:43.000891,30,-2.2267601,1.2549766,1.2801014,-0.27832,10.36,1.0,0.9908403,1
15:33:43.000891,30,-2.3008823,1.0708706,1.4718544,-0.34804,8.36,0.83599997,3.6581552,1
15:33:43.000891,30,-2.3584576,1.041843,1.3644519,-0.27832,7.12,0.712,3.5070834,1
15:33:43.000891,30,-2.277002,1.1150911,1.4600056,-0.34804,9.12,0.912,3.1851842,1
15:33:43.000891,30,-2.334571,1.0871757,1.352305,-0.27832,7.7599998,0.77599996,2.395694,1
15:33:43.000891,30,-2.3880424,1.0549749,1.24113,-0.41748002,6.24,0.624,3.8586164,1
15:33:43.000891,30,-2.197258,1.1305661,1.4617445,-0.34804,6.0,0.59999996,6.591351,1
15:33:43.000891,30,-2.2522113,1.1588414,1.4482828,-0.34804,9.76,0.97599995,3.2994087,1
15:33:43.000891,30,-2.3097503,1.132038,1.3402842,-0.27832,8.5199995,0.852,1.9817551,1
15:33:43.000891,30,-2.3632576,1.1008705,1.2288324,-0.41748002,6.8799996,0.68799996,2.4758604,1
15:33:43.000891,30,-2.3349738,1.0036973,1.4898535,-0.34804,7.64,0.764,5.8032312,1
15:33:43.000891,30,-2.2243989,1.1942228,1.4120866,-0.34804,10.24,1.0,1.7246376,1
15:33:43.000891,30,-2.1721933,1.1727731,1.4504352,-0.34804,6.12,0.612,4.9500585,1
15:33:43.000891,30,-2.355008,1.147716,1.0639389,-0.34804,6.64,0.664,5.2334394,1
15:33:43.000891,30,-2.3108628,1.1911795,1.2046341,-0.34804,8.0,0.79999995,1.6556679,1
15:33:43.000891,30,-2.2542837,1.2116916,1.2916996,-0.27832,9.88,0.988,0.63553756,1
15:33:43.000891,30,-2.1194673,1.2556927,1.4282169,-0.34804,6.24,0.624,3.5749435,1
15:33:43.000891,30,-2.1462595,1.2144876,1.4392579,-0.34804,6.24,0.624,3.975615,1
15:33:43.000891,30,-2.3815527,1.1019628,1.0761985,-0.34804,6.24,0.624,7.320856,1
15:33:43.000891,30,-2.3375278,1.146278,1.2166654,-0.41748002,7.3599997,0.736,1.789437,1
15:33:43.000891,30,-2.2809055,1.1678836,1.303438,-0.27832,9.24,0.92399997,0.68412906,1
15:33:43.000891,30,-2.197842,1.2369398,1.4006406,-0.34804,10.639999,1.0,2.1281192,1
15:33:43.000891,30,-2.1757443,1.3769078,1.1271517,-0.34804,9.5199995,0.95199996,2.4852219,1
15:33:43.055390,31,-2.1943681,1.3530191,1.363,-0.20888,14.759999,1.0,3.1755724,1
15:33:43.055390,31,-2.2735093,1.0302526,1.5930885,-0.20888,7.7599998,0.77599996,8.562085,1
15:33:43.055390,31,-2.160016,1.4315925,0.98787445,-0.27832,9.12,0.912,3.6251516,1
15:33:43.055390,31,-2.3601563,1.1576031,1.0894278,-0.27832,5.24,0.524,7.9225817,1
15:33:43.055390,31,-2.2327735,1.2324195,1.5356454,-0.20888,15.5199995,1.0,2.1495757,1
15:33:43.055390,31,-2.2214353,1.3131928,1.1442242,-0.34804,9.88,0.988,1.1748224,1
15:33:43.055390,31,-2.3352332,1.1957008,1.2868469,-0.20888,6.8799996,0.68799996,2.9342496,1
15:33:43.055390,31,-2.0920494,1.4428277,1.229767,-0.20888,15.0,1.0,2.7962532,1
15:33:43.055390,31,-2.0190918,1.3956637,1.3907118,-0.20888,9.24,0.92399997,5.201863,1
15:33:43.055390,31,-2.1194673,1.2556927,1.4282169,-0.20888,11.12,1.0,3.3148909,1
15:33:43.055390,31,-2.3071644,1.1871167,1.4348211,-0.20888,10.36,1.0,2.2553296,1
15:33:43.055390,31,-2.269766,1.2817719,1.0280187,-0.27832,7.24,0.724,4.1964407,1
15:33:43.055390,31,-2.339112,1.1731037,1.5482663,-0.20888,9.36,0.936,6.7709804,1
15:33:43.055390,31,-2.2832735,1.235557,1.1927432,-0.34804,8.36,0.83599997,1.8747919,1
15:33:43.055390,31,-2.253615,1.275236,1.4112096,-0.20888,12.759999,1.0,2.6909578,1
15:33:43.055390,31,-2.2276838,1.1172205,1.5697855,-0.20888,9.24,0.92399997,3.932128,1
15:33:43.055390,31,-2.1473145,1.3681363,1.0466658,-0.34804,11.5199995,1.0,3.5847769,1
15:33:43.055390,31,-2.1511035,1.236942,1.5115638,-0.20888,11.0,1.0,1.7867019,1
15:33:43.055390,31,-2.0980422,1.3822317,1.3617097,-0.20888,16.88,1.0,1.9394462,1
15:33:43.055390,31,-2.1720006,1.3486705,1.2822378,-0.20888,15.36,1.0,0.65294147,1
15:33:43.055390,31,-2.2240615,1.3468874,1.0105711,-0.27832,8.36,0.83599997,3.2500496,1
15:33:43.055390,31,-2.3073452,1.1008174,1.5709081,-0.20888,11.24,1.0,3.1150503,1
15:33:43.055390,31,-2.1757443,1.3769078,1.1271517,-0.20888,11.12,1.0,1.3756367,1
15:33:43.055390,31,-2.077693,1.3165095,1.4119211,-0.20888,10.639999,1.0,3.3846815,1
15:33:43.055390,31,-2.1441436,1.3287941,1.402744,-0.20888,17.88,1.0,0.9291168,1
15:33:43.055390,31,-2.327521,1.1929473,1.0518192,-0.27832,5.8799996,0.588,7.3119698,1
15:33:43.055390,31,-2.1263754,1.4109538,1.265549,-0.20888,15.5199995,1.0,2.1348524,1
15:33:43.055390,31,-2.2049024,1.2678778,1.499348,-0.20888,16.76,1.0,1.7308918,1
15:33:43.055390,31,-2.2991035,1.2376386,1.0398443,-0.27832,6.52,0.652,5.472915,1
15:33:43.055390,31,-2.1924772,1.3895493,0.9991399,-0.27832,8.88,0.88799995,3.215393,1
15:33:43.055390,31,-2.3079774,1.2405523,1.274829,-0.20888,7.64,0.764,2.468942,1
15:33:43.055390,31,-2.254771,1.2793926,1.1809975,-0.34804,9.12,0.912,1.211315,1
15:33:43.055390,31,-2.115522,1.4093134,1.0356325,-0.34804,11.759999,1.0,3.8666155,1
15:33:43.055390,31,-2.2254825,1.3185022,1.3996165,-0.20888,13.759999,1.0,3.5641456,1
15:33:43.055390,31,-2.2808459,1.231435,1.4229461,-0.20888,11.639999,1.0,2.2392693,1
15:33:43.055390,31,-2.2585375,1.1890353,1.5472702,-0.20888,14.12,1.0,1.9372293,1
15:33:43.055390,31,-2.3303695,1.0560191,1.5829117,-0.20888,9.88,0.988,4.6160793,1
15:33:43.055390,31,-2.283398,1.1451621,1.5590259,-0.20888,12.639999,1.0,2.2412906,1
15:33:43.055390,31,-2.1724749,1.2870975,1.4139167,-0.20888,17.52,1.0,0.35972717,1
15:33:43.055390,31,-2.0676181,1.4224703,1.3509278,-0.20888,15.639999,1.0,3.3461337,1
15:33:43.055390,31,-2.2510467,1.0739579,1.5813777,-0.20888,8.5199995,0.852,5.898354,1
15:33:43.055390,31,-2.20343,1.1600232,1.5583166,-0.20888,10.0,1.0,2.6090658,1
15:33:43.055390,31,-2.1770957,1.1951334,1.5227664,-0.20888,10.639999,1.0,2.2217934,1
15:33:43.055390,31,-2.0488021,1.3563696,1.4012406,-0.20888,10.0,1.0,4.058074,1
15:33:43.055390,31,-2.2547562,1.3036238,1.0221635,-0.27832,7.8799996,0.788,3.7564135,1
15:33:43.055390,31,-2.1911943,1.355817,1.1328031,-0.34804,10.639999,1.0,1.1965151,1
15:33:43.055390,31,-2.1417985,1.39034,1.2710725,-0.20888,15.639999,1.0,1.5423429,1
15:33:43.055390,31,-2.1296558,1.3494352,1.3972133,-0.20888,17.64,1.0,1.3769017,1
15:33:43.112568,32,-2.2034934,1.2739854,1.0443951,-0.20888,9.36,0.936,2.86436,1
15:33:43.112568,32,-2.1492338,1.4159577,1.3461356,-0.20888,15.12,1.0,2.4665928,1
15:33:43.112568,32,-2.1000423,1.3902923,1.3862658,-0.20888,17.0,1.0,0.6582386,1
15:33:43.112568,32,-2.0680075,1.3592392,1.4787943,-0.20888,11.36,1.0,2.2104065,1
15:33:43.112568,32,-2.2181618,1.2526302,1.0501171,-0.20888,8.76,0.876,3.0328155,1
15:33:43.112568,32,-2.1816187,1.3823609,1.3825055,-0.20888,14.0,1.0,2.3804154,1
15:33:43.112568,32,-2.119728,1.3932335,1.465759,-0.20888,16.0,1.0,1.0755924,1
15:33:43.112568,32,-2.0236487,1.4185271,1.4629083,-0.20888,11.759999,1.0,3.0994568,1
15:33:43.112568,32,-2.0386395,1.3989077,1.4681653,-0.20888,11.759999,1.0,2.7198317,1
15:33:43.112568,32,-2.0695891,1.4305692,1.3754735,-0.20888,17.52,1.0,1.3919414,1
15:33:43.112568,32,-2.0948927,1.4517294,1.2546232,-0.20888,16.24,1.0,2.3245046,1
15:33:43.112568,32,-2.1734965,1.3162652,1.0330662,-0.20888,9.88,0.988,2.7673907,1
15:33:43.112568,32,-1.988574,1.4343761,1.3803388,-0.20888,11.5199995,1.0,4.632812,1
15:33:43.112568,32,-2.0383081,1.4702498,1.3648412,-0.20888,17.52,1.0,2.4091141,1
15:33:43.112568,32,-2.1371458,1.2953246,0.9293252,-0.20888,10.12,1.0,5.7983007,1
15:33:43.112568,32,-2.022361,1.4898615,1.3595862,-0.20888,16.76,1.0,3.0218961,1
15:33:43.112568,32,-2.0625725,1.4918889,1.2438625,-0.20888,16.0,1.0,3.4199142,1
15:33:43.112568,32,-2.1217563,1.3158937,0.92381376,-0.20888,10.24,1.0,5.8000965,1
15:33:43.112568,32,-2.2468324,1.2095003,1.0616738,-0.20888,8.12,0.812,3.6216223,1
15:33:43.112568,32,-2.1180673,1.4571781,1.3350906,-0.20888,15.88,1.0,3.3556197,1
15:33:43.112568,32,-2.148983,1.3519996,1.4768077,-0.20888,14.639999,1.0,0.5980332,1
15:33:43.112568,32,-2.19646,1.3612163,1.3881712,-0.20888,12.759999,1.0,2.1077232,1
15:33:43.112568,32,-2.097703,1.3262949,1.5137643,-0.20888,10.88,1.0,1.9006023,1
15:33:43.112568,32,-2.2537508,1.1014558,1.6786841,-0.20888,6.12,0.612,7.1223397,1
15:33:43.112568,32,-2.3101168,1.1290032,1.670648,-0.20888,6.7599998,0.676,4.555081,1
15:33:43.112568,32,-2.283398,1.1451621,1.5590259,-0.20888,7.7599998,0.77599996,2.926429,1
15:33:43.112568,32,-2.339112,1.1731037,1.5482663,-0.20888,7.0,0.7,4.3500896,1
15:33:43.112568,32,-2.20343,1.1600232,1.5583166,-0.20888,7.64,0.764,4.707781,1
15:33:43.112568,32,-2.2585375,1.1890353,1.5472702,-0.20888,8.88,0.88799995,1.8214992,1
15:33:43.112568,32,-2.313645,1.2180474,1.5362236,-0.20888,7.8799996,0.788,3.9183059,1
15:33:43.112568,32,-2.3632576,1.1008705,1.2288324,-0.20888,5.7599998,0.576,5.4271884,1
15:33:43.112568,32,-2.1782947,1.2023488,1.5469755,-0.20888,8.36,0.83599997,3.4070337,1
15:33:43.112568,32,-2.2327735,1.2324195,1.5356454,-0.20888,10.12,1.0,1.0983967,1
15:33:43.112568,32,-2.2183292,1.1662562,1.6613209,-0.20888,6.8799996,0.68799996,4.5273943,1
15:33:43.112568,32,-2.3333983,1.1371137,1.1914045,-0.20888,6.24,0.624,4.376796,1
15:33:43.112568,32,-2.2859936,1.2549138,1.4988953,-0.20888,9.0,0.9,3.1999586,1
15:33:43.112568,32,-2.27924,1.2262349,1.1675245,-0.20888,7.52,0.752,2.7478397,1
15:33:43.112568,32,-2.1785772,1.3176516,1.5128075,-0.20888,13.0,1.0,0.68049085,1
15:33:43.112568,32,-2.1254206,1.2855014,1.5246948,-0.20888,10.12,1.0,2.026886,1
15:33:43.112568,32,-2.2254825,1.3185022,1.3996165,-0.20888,11.36,1.0,1.7488897,1
15:33:43.112568,32,-2.253615,1.275236,1.4112096,-0.20888,10.12,1.0,1.6560841,1
15:33:43.112568,32,-2.2061167,1.2752973,1.5241563,-0.20888,11.5199995,1.0,0.7269391,1
15:33:43.112568,32,-2.1522882,1.2441804,1.5357667,-0.20888,9.24,0.92399997,2.5217817,1
15:33:43.112568,32,-2.3067806,1.1819359,1.1793944,-0.20888,6.8799996,0.68799996,3.3896346,1
15:33:43.112568,32,-2.19646,1.3612163,1.3881712,-0.20888,12.759999,1.0,2.1077232,1
15:33:43.112568,32,-2.1254206,1.2855014,1.5246948,-0.20888,10.12,1.0,2.026886,1
15:33:43.112568,32,-2.0680075,1.3592392,1.4787943,-0.20888,11.36,1.0,2.2104065,1
15:33:43.112568,32,-2.2585375,1.1890353,1.5472702,-0.20888,8.88,0.88799995,1.8214992,1
15:33:43.167257,33,-2.1512828,1.424215,1.3712908,-0.06972,7.64,0.764,1.6322682,1
15:33:43.167257,33,-1.9962558,1.4858844,1.5494977,-0.13916,8.0,0.79999995,3.6918805,1
15:33:43.167257,33,-2.2034934,1.2739854,1.0443951,-0.27832,7.24,0.724,3.4478805,1
15:33:43.167257,33,-2.0271955,1.4537863,1.5842774,-0.13916,7.8799996,0.788,2.9327178,1
15:33:43.167257,33,-2.0778954,1.4901453,1.5738803,-0.06972,7.64,0.764,1.7277758,1
15:33:43.167257,33,-2.1200864,1.4654746,1.3602353,-0.06972,8.24,0.824,2.0671349,1
15:33:43.167257,33,-2.1734965,1.3162652,1.0330662,-0.27832,7.8799996,0.788,2.6239636,1
15:33:43.167257,33,-2.0440335,1.5013183,1.4635941,-0.06972,7.7599998,0.77599996,1.196078,1
15:33:43.167257,33,-2.110907,1.3990446,1.0108856,-0.27832,9.12,0.912,2.2607238,1
15:33:43.167257,33,-2.1426303,1.3579572,1.0218949,-0.27832,8.5199995,0.852,2.235388,1
15:33:43.167257,33,-2.0118468,1.5404965,1.4530964,-0.06972,7.8799996,0.788,2.234768,1
15:33:43.167257,33,-2.0625725,1.4918889,1.2438625,-0.06972,9.5199995,0.95199996,1.4394389,1
15:33:43.167257,33,-2.046102,1.5117323,1.2385454,-0.06972,9.88,0.988,1.9192848,1
15:33:43.167257,33,-1.9927611,1.5612319,1.1980406,-0.06972,10.24,1.0,3.6823485,1
15:33:43.167257,33,-2.008177,1.455573,0.88638675,-0.27832,10.5199995,1.0,7.355016,1
15:33:43.167257,33,-2.093288,1.4699999,1.5792782,-0.06972,7.24,0.724,1.4256512,1
15:33:43.167257,33,-2.088042,1.5061233,1.3493435,-0.06972,9.0,0.9,2.799914,1
15:33:43.167257,33,-2.0422125,1.4341325,1.5895437,-0.13916,7.7599998,0.77599996,2.7944865,1
15:33:43.167257,33,-2.2181618,1.2526302,1.0501171,-0.27832,6.64,0.664,4.0315557,1
15:33:43.167257,33,-2.1816187,1.3823609,1.3825055,-0.06972,7.0,0.7,1.5136261,1
15:33:43.167257,33,-2.1671336,1.276681,1.736449,-0.13916,5.8799996,0.588,5.7991757,1
15:33:43.167257,33,-2.2213335,1.3086106,1.7298576,-0.06972,5.0,0.5,3.6266184,1
15:33:43.167257,33,-2.140674,1.3182926,1.7252992,-0.13916,6.3599997,0.636,4.258998,1
15:33:43.167257,33,-2.1942122,1.3512629,1.718429,-0.06972,5.52,0.552,2.9186037,1
15:33:43.167257,33,-2.2599452,1.3064141,1.5125458,-0.06972,5.12,0.51199996,4.313658,1
15:33:43.167257,33,-2.3067806,1.1819359,1.1793944,-0.27832,5.0,0.5,6.160707,1
15:33:43.167257,33,-2.1271226,1.3389046,1.7197763,-0.13916,6.7599998,0.676,3.6843257,1
15:33:43.167257,33,-2.1803217,1.3723905,1.7127678,-0.06972,6.0,0.59999996,2.7174592,1
15:33:43.167257,33,-2.27924,1.2262349,1.1675245,-0.27832,5.52,0.552,4.515845,1
15:33:43.167257,33,-2.1002228,1.354096,1.6109893,-0.13916,7.12,0.712,3.3971777,1
15:33:43.167257,33,-2.1527493,1.3879619,1.6012603,-0.06972,6.3599997,0.636,1.0794667,1
15:33:43.167257,33,-2.19646,1.3612163,1.3881712,-0.06972,6.3599997,0.636,1.5803857,1
15:33:43.167257,33,-2.2468324,1.2095003,1.0616738,-0.27832,6.0,0.59999996,5.562778,1
15:33:43.167257,33,-2.071632,1.3943944,1.6001915,-0.13916,7.52,0.752,2.8596296,1
15:33:43.167257,33,-2.1234431,1.429268,1.5901923,-0.06972,6.8799996,0.68799996,1.0747161,1
15:33:43.167257,33,-2.2317338,1.3498018,1.5009202,-0.06972,5.7599998,0.576,3.9412096,1
15:33:43.167257,33,-2.0625725,1.4918889,1.2438625,-0.06972,9.5199995,0.95199996,1.4394389,1
15:33:43.167257,33,-2.046102,1.5117323,1.2385454,-0.06972,9.88,0.988,1.9192848,1
15:33:43.167257,33,-1.9927611,1.5612319,1.1980406,-0.06972,10.24,1.0,3.6823485,1
15:33:43.167257,33,-2.008177,1.455573,0.88638675,-0.27832,10.5199995,1.0,7.355016,1
15:33:43.167257,33,-2.071632,1.3943944,1.6001915,-0.13916,7.52,0.752,2.8596296,1
15:33:43.167257,33,-2.1426303,1.3579572,1.0218949,-0.27832,8.5199995,0.852,2.235388,1
15:33:43.167257,33,-2.110907,1.3990446,1.0108856,-0.27832,9.12,0.912,2.2607238,1
15:33:43.167257,33,-2.0271955,1.4537863,1.5842774,-0.13916,7.8799996,0.788,2.9327178,1
15:33:43.167257,33,-2.2317338,1.3498018,1.5009202,-0.06972,5.7599998,0.576,3.9412096,1
15:33:43.167257,33,-2.0778954,1.4901453,1.5738803,-0.06972,7.64,0.764,1.7277758,1
15:33:43.167257,33,-1.9962558,1.4858844,1.5494977,-0.13916,8.0,0.79999995,3.6918805,1
15:33:43.167257,33,-2.1512828,1.424215,1.3712908,-0.06972,7.64,0.764,1.6322682,1
15:33:43.215993,34,-1.912346,1.5393562,0.9875791,-0.06972,7.3599997,0.736,2.7314782,1
15:33:43.215993,34,-1.9564551,1.5130204,0.8709938,-0.06972,6.7599998,0.676,3.1211412,1
15:33:43.215993,34,-1.8819972,1.5424192,1.1062493,-0.13916,5.64,0.564,4.5078597,1
15:33:43.215993,34,-2.0626552,1.4257874,1.1257776,-0.06972,5.52,0.552,1.8589284,1
15:33:43.215993,34,-2.098016,1.3950708,1.1610799,-0.06972,5.12,0.51199996,2.3886223,1
15:33:43.215993,34,-2.110907,1.3990446,1.0108856,-0.06972,5.24,0.524,2.3328438,1
15:33:43.215993,34,-1.912346,1.5393562,0.9875791,-0.06972,7.3599997,0.736,2.7314782,1
15:33:43.215993,34,-2.0626552,1.4257874,1.1257776,-0.06972,5.52,0.552,1.8589284,1
15:33:43.215993,34,-2.0626552,1.4257874,1.1257776,-0.06972,5.52,0.552,1.8589284,1
15:33:43.215993,34,-2.0626552,1.4257874,1.1257776,-0.06972,5.52,0.552,1.8589284,1
15:33:43.215993,34,-1.912346,1.5393562,0.9875791,-0.06972,7.3599997,0.736,2.7314782,1
15:33:43.215993,34,-1.8819972,1.5424192,1.1062493,-0.13916,5.64,0.564,4.5078597,1
15:33:43.215993,34,-1.9564551,1.5130204,0.8709938,-0.06972,6.7599998,0.676,3.1211412,1
15:33:43.215993,34,-1.8819972,1.5424192,1.1062493,-0.13916,5.64,0.564,4.5078597,1
15:33:43.215993,34,-1.9564551,1.5130204,0.8709938,-0.06972,6.7599998,0.676,3.1211412,1
15:33:43.215993,34,-2.110907,1.3990446,1.0108856,-0.06972,5.24,0.524,2.3328438,1
15:33:43.215993,34,-1.9564551,1.5130204,0.8709938,-0.06972,6.7599998,0.676,3.1211412,1
15:33:43.215993,34,-2.098016,1.3950708,1.1610799,-0.06972,5.12,0.51199996,2.3886223,1
15:33:43.215993,34,-1.8819972,1.5424192,1.1062493,-0.13916,5.64,0.564,4.5078597,1
15:33:43.215993,34,-1.912346,1.5393562,0.9875791,-0.06972,7.3599997,0.736,2.7314782,1
15:33:43.215993,34,-2.098016,1.3950708,1.1610799,-0.06972,5.12,0.51199996,2.3886223,1
15:33:43.215993,34,-2.0626552,1.4257874,1.1257776,-0.06972,5.52,0.552,1.8589284,1
15:33:43.215993,34,-1.8819972,1.5424192,1.1062493,-0.13916,5.64,0.564,4.5078597,1
15:33:43.215993,34,-2.0626552,1.4257874,1.1257776,-0.06972,5.52,0.552,1.8589284,1
15:33:43.215993,34,-1.912346,1.5393562,0.9875791,-0.06972,7.3599997,0.736,2.7314782,1
15:33:43.215993,34,-1.9564551,1.5130204,0.8709938,-0.06972,6.7599998,0.676,3.1211412,1
15:33:43.215993,34,-1.912346,1.5393562,0.9875791,-0.06972,7.3599997,0.736,2.7314782,1
15:33:43.215993,34,-2.110907,1.3990446,1.0108856,-0.06972,5.24,0.524,2.3328438,1
15:33:43.215993,34,-1.912346,1.5393562,0.9875791,-0.06972,7.3599997,0.736,2.7314782,1
15:33:43.215993,34,-1.912346,1.5393562,0.9875791,-0.06972,7.3599997,0.736,2.7314782,1
15:33:43.215993,34,-2.110907,1.3990446,1.0108856,-0.06972,5.24,0.524,2.3328438,1
15:33:43.215993,34,-2.0626552,1.4257874,1.1257776,-0.06972,5.52,0.552,1.8589284,1
15:33:43.215993,34,-2.0626552,1.4257874,1.1257776,-0.06972,5.52,0.552,1.8589284,1
15:33:43.215993,34,-1.9564551,1.5130204,0.8709938,-0.06972,6.7599998,0.676,3.1211412,1
15:33:43.215993,34,-2.110907,1.3990446,1.0108856,-0.06972,5.24,0.524,2.3328438,1
15:33:43.215993,34,-1.912346,1.5393562,0.9875791,-0.06972,7.3599997,0.736,2.7314782,1
15:33:43.215993,34,-1.9564551,1.5130204,0.8709938,-0.06972,6.7599998,0.676,3.1211412,1
15:33:43.215993,34,-2.110907,1.3990446,1.0108856,-0.06972,5.24,0.524,2.3328438,1
15:33:43.215993,34,-2.0626552,1.4257874,1.1257776,-0.06972,5.52,0.552,1.8589284,1
15:33:43.215993,34,-2.098016,1.3950708,1.1610799,-0.06972,5.12,0.51199996,2.3886223,1
15:33:43.215993,34,-1.8819972,1.5424192,1.1062493,-0.13916,5.64,0.564,4.5078597,1
15:33:43.215993,34,-1.912346,1.5393562,0.9875791,-0.06972,7.3599997,0.736,2.7314782,1
15:33:43.215993,34,-2.098016,1.3950708,1.1610799,-0.06972,5.12,0.51199996,2.3886223,1
15:33:43.215993,34,-1.8819972,1.5424192,1.1062493,-0.13916,5.64,0.564,4.5078597,1
15:33:43.215993,34,-1.8819972,1.5424192,1.1062493,-0.13916,5.64,0.564,4.5078597,1
15:33:43.215993,34,-1.912346,1.5393562,0.9875791,-0.06972,7.3599997,0.736,2.7314782,1
15:33:43.215993,34,-1.8819972,1.5424192,1.1062493,-0.13916,5.64,0.564,4.5078597,1
15:33:43.215993,34,-1.9564551,1.5130204,0.8709938,-0.06972,6.7599998,0.676,3.1211412,1
15:33:43.275367,35,-1.9764956,1.4174273,1.5946746,0.06972,6.24,0.624,3.0125847,1
15:33:43.275367,35,-2.0271955,1.4537863,1.5842774,0.06972,14.5199995,1.0,1.0115464,1
15:33:43.275367,35,-2.0775838,1.5100476,1.6490543,0.06972,14.0,1.0,1.8924696,1
15:33:43.275367,35,-1.9466215,1.455323,1.5845205,0.06972,6.52,0.652,4.0449023,1
15:33:43.275367,35,-1.9965552,1.4926541,1.5738629,0.06972,16.24,1.0,0.5112117,1
15:33:43.275367,35,-2.046182,1.5498813,1.6383809,0.06972,15.36,1.0,3.1523094,1
15:33:43.275367,35,-1.9651163,1.5309222,1.563609,0.06972,17.88,1.0,0.8452759,1
15:33:43.275367,35,-2.0142636,1.5692103,1.5526949,0.06972,16.52,1.0,3.8192263,1
15:33:43.275367,35,-1.997848,1.5885875,1.5475028,0.06972,17.359999,1.0,3.4401145,1
15:33:43.275367,35,-1.9162006,1.5803827,1.524177,0.06972,19.76,1.0,2.1292038,1
15:33:43.275367,35,-1.9644192,1.6268613,1.5372473,0.06972,17.76,1.0,3.3455026,1
15:33:43.275367,35,-1.8520992,1.5588256,1.5312626,0.06972,7.0,0.7,8.712553,1
15:33:43.275367,35,-1.8996083,1.5988117,1.519239,0.06972,19.76,1.0,2.7795541,1
15:33:43.275367,35,-1.9491012,1.5498265,1.5585436,0.06972,19.119999,1.0,1.3495723,1
15:33:43.275367,35,-2.0924506,1.496243,1.6795816,0.06972,12.639999,1.0,3.541335,1
15:33:43.275367,35,-2.0198207,1.3595208,1.6101906,0.06972,5.7599998,0.576,3.0381198,1
15:33:43.275367,35,-1.9911369,1.3982649,1.5998092,0.06972,6.0,0.59999996,2.8194747,1
15:33:43.275367,35,-2.1927264,1.2345666,1.7477335,0.06972,6.12,0.612,4.6503115,1
15:33:43.275367,35,-2.1671336,1.276681,1.736449,0.06972,6.7599998,0.676,3.6608193,1
15:33:43.275367,35,-2.2213335,1.3086106,1.7298576,0.06972,7.12,0.712,4.010041,1
15:33:43.275367,35,-2.140674,1.3182926,1.7252992,0.06972,7.64,0.764,3.3345566,1
15:33:43.275367,35,-2.0747535,1.2804091,1.6313885,0.06972,5.0,0.5,5.682905,1
15:33:43.275367,35,-2.1271226,1.3389046,1.7197763,0.06972,8.76,0.876,3.4343429,1
15:33:43.275367,35,-2.1942122,1.3512629,1.718429,0.06972,7.8799996,0.788,2.756535,1
15:33:43.275367,35,-2.0476966,1.3202302,1.6207185,0.06972,5.3599997,0.536,4.011764,1
15:33:43.275367,35,-2.1002228,1.354096,1.6109893,0.06972,9.88,0.988,5.441423,1
15:33:43.275367,35,-2.1518881,1.4142377,1.7015549,0.06972,10.0,1.0,2.0360272,1
15:33:43.275367,35,-2.0422125,1.4341325,1.5895437,0.06972,12.88,1.0,1.5513835,1
15:33:43.275367,35,-2.071632,1.3943944,1.6001915,0.06972,11.24,1.0,3.1666508,1
15:33:43.275367,35,-2.1225939,1.4555275,1.6904913,0.06972,11.24,1.0,2.410468,1
15:33:43.275367,35,-2.1803217,1.3723905,1.7127678,0.06972,8.88,0.88799995,2.3550894,1
15:33:43.275367,35,-1.9491012,1.5498265,1.5585436,0.06972,19.119999,1.0,1.3495723,1
15:33:43.275367,35,-2.046182,1.5498813,1.6383809,0.06972,15.36,1.0,3.1523094,1
15:33:43.275367,35,-2.0422125,1.4341325,1.5895437,0.06972,12.88,1.0,1.5513835,1
15:33:43.275367,35,-2.0271955,1.4537863,1.5842774,0.06972,14.5199995,1.0,1.0115464,1
15:33:43.275367,35,-2.1803217,1.3723905,1.7127678,0.06972,8.88,0.88799995,2.3550894,1
15:33:43.275367,35,-2.1271226,1.3389046,1.7197763,0.06972,8.76,0.876,3.4343429,1
15:33:43.275367,35,-2.1225939,1.4555275,1.6904913,0.06972,11.24,1.0,2.410468,1
15:33:43.275367,35,-1.9764956,1.4174273,1.5946746,0.06972,6.24,0.624,3.0125847,1
15:33:43.275367,35,-2.0271955,1.4537863,1.5842774,0.06972,14.5199995,1.0,1.0115464,1
15:33:43.275367,35,-2.046182,1.5498813,1.6383809,0.06972,15.36,1.0,3.1523094,1
15:33:43.275367,35,-2.0422125,1.4341325,1.5895437,0.06972,12.88,1.0,1.5513835,1
15:33:43.275367,35,-2.0271955,1.4537863,1.5842774,0.06972,14.5199995,1.0,1.0115464,1
15:33:43.275367,35,-1.9651163,1.5309222,1.563609,0.06972,17.88,1.0,0.8452759,1
15:33:43.275367,35,-1.997848,1.5885875,1.5475028,0.06972,17.359999,1.0,3.4401145,1
15:33:43.275367,35,-2.0924506,1.496243,1.6795816,0.06972,12.639999,1.0,3.541335,1
15:33:43.275367,35,-2.0476966,1.3202302,1.6207185,0.06972,5.3599997,0.536,4.011764,1
15:33:43.275367,35,-1.9162006,1.5803827,1.524177,0.06972,19.76,1.0,2.1292038,1
15:33:43.327821,36,-1.9917653,1.5483619,0.17688547,0.06972,5.8799996,0.588,0.7319586,1
15:33:43.327821,36,-1.7239391,2.0056796,-0.2386725,0.20888,8.639999,0.86399996,6.1510653,1
15:33:43.327821,36,-1.8100535,1.9044145,-0.6989378,0.13916,8.12,0.812,4.883151,1
15:33:43.327821,36,-1.8516362,1.6266212,0.07396141,0.13916,6.12,0.612,1.4291562,1
15:33:43.327821,36,-1.9118901,1.6459736,0.17688547,0.06972,6.0,0.59999996,1.3927653,1
15:33:43.327821,36,-1.945843,1.5126628,0.07396141,0.13916,5.7599998,0.576,1.4377178,1
15:33:43.327821,36,-2.044695,1.4621856,0.27762932,0.13916,5.52,0.552,1.3755717,1
15:33:43.327821,36,-1.9717537,1.4704992,0.17246158,0.13916,5.52,0.552,1.0291752,1
15:33:43.327821,36,-2.0007675,1.4307727,0.17246158,0.13916,5.24,0.524,1.5208627,1
15:33:43.327821,36,-2.0735276,1.421002,0.27762932,0.13916,5.24,0.524,1.5228745,1
15:33:43.327821,36,-2.0149748,1.4106938,0.17246158,0.13916,5.0,0.5,1.8542134,1
15:33:43.327821,36,-2.101531,1.37925,0.27762932,0.13916,5.12,0.51199996,1.8550905,1
15:33:43.327821,36,-2.0150442,1.5027844,0.27762932,0.13916,5.7599998,0.576,1.3946812,1
15:33:43.327821,36,-2.101531,1.37925,0.27762932,0.13916,5.12,0.51199996,1.8550905,1
15:33:43.327821,36,-1.7239391,2.0056796,-0.2386725,0.20888,8.639999,0.86399996,6.1510653,1
15:33:43.327821,36,-2.0150442,1.5027844,0.27762932,0.13916,5.7599998,0.576,1.3946812,1
15:33:43.327821,36,-2.0735276,1.421002,0.27762932,0.13916,5.24,0.524,1.5228745,1
15:33:43.327821,36,-2.0149748,1.4106938,0.17246158,0.13916,5.0,0.5,1.8542134,1
15:33:43.327821,36,-1.9717537,1.4704992,0.17246158,0.13916,5.52,0.552,1.0291752,1
15:33:43.327821,36,-2.101531,1.37925,0.27762932,0.13916,5.12,0.51199996,1.8550905,1
15:33:43.327821,36,-1.7239391,2.0056796,-0.2386725,0.20888,8.639999,0.86399996,6.1510653,1
15:33:43.327821,36,-1.9717537,1.4704992,0.17246158,0.13916,5.52,0.552,1.0291752,1
15:33:43.327821,36,-1.9917653,1.5483619,0.17688547,0.06972,5.8799996,0.588,0.7319586,1
15:33:43.327821,36,-2.0735276,1.421002,0.27762932,0.13916,5.24,0.524,1.5228745,1
15:33:43.327821,36,-2.0007675,1.4307727,0.17246158,0.13916,5.24,0.524,1.5208627,1
15:33:43.327821,36,-2.0007675,1.4307727,0.17246158,0.13916,5.24,0.524,1.5208627,1
15:33:43.327821,36,-1.9717537,1.4704992,0.17246158,0.13916,5.52,0.552,1.0291752,1
15:33:43.327821,36,-2.044695,1.4621856,0.27762932,0.13916,5.52,0.552,1.3755717,1
15:33:43.327821,36,-1.7239391,2.0056796,-0.2386725,0.20888,8.639999,0.86399996,6.1510653,1
15:33:43.327821,36,-2.0150442,1.5027844,0.27762932,0.13916,5.7599998,0.576,1.3946812,1
15:33:43.327821,36,-2.0149748,1.4106938,0.17246158,0.13916,5.0,0.5,1.8542134,1
15:33:43.327821,36,-2.044695,1.4621856,0.27762932,0.13916,5.52,0.552,1.3755717,1
15:33:43.327821,36,-2.044695,1.4621856,0.27762932,0.13916,5.52,0.552,1.3755717,1
15:33:43.327821,36,-2.101531,1.37925,0.27762932,0.13916,5.12,0.51199996,1.8550905,1
15:33:43.327821,36,-2.0150442,1.5027844,0.27762932,0.13916,5.7599998,0.576,1.3946812,1
15:33:43.327821,36,-2.0150442,1.5027844,0.27762932,0.13916,5.7599998,0.576,1.3946812,1
15:33:43.327821,36,-2.0007675,1.4307727,0.17246158,0.13916,5.24,0.524,1.5208627,1
15:33:43.327821,36,-1.945843,1.5126628,0.07396141,0.13916,5.7599998,0.576,1.4377178,1
15:33:43.327821,36,-1.9917653,1.5483619,0.17688547,0.06972,5.8799996,0.588,0.7319586,1
15:33:43.327821,36,-1.945843,1.5126628,0.07396141,0.13916,5.7599998,0.576,1.4377178,1
15:33:43.327821,36,-2.0150442,1.5027844,0.27762932,0.13916,5.7599998,0.576,1.3946812,1
15:33:43.327821,36,-1.9917653,1.5483619,0.17688547,0.06972,5.8799996,0.588,0.7319586,1
15:33:43.327821,36,-2.044695,1.4621856,0.27762932,0.13916,5.52,0.552,1.3755717,1
15:33:43.327821,36,-2.0007675,1.4307727,0.17246158,0.13916,5.24,0.524,1.5208627,1
15:33:43.327821,36,-2.0735276,1.421002,0.27762932,0.13916,5.24,0.524,1.5228745,1
15:33:43.327821,36,-1.9717537,1.4704992,0.17246158,0.13916,5.52,0.552,1.0291752,1
15:33:43.327821,36,-1.7239391,2.0056796,-0.2386725,0.20888,8.639999,0.86399996,6.1510653,1
15:33:43.327821,36,-1.945843,1.5126628,0.07396141,0.13916,5.7599998,0.576,1.4377178,1
15:33:43.383753,37,-2.0416849,1.6878114,0.18573323,0.27832,7.8799996,0.788,0.798776,1
15:33:43.383753,37,-1.8252577,2.039582,-0.4980603,0.20888,12.0,1.0,3.4090104,1
15:33:43.383753,37,-1.8232645,1.9571398,-0.48673666,0.27832,21.24,1.0,0.94703853,1
15:33:43.383753,37,-1.8078296,1.9405717,-0.13271968,0.27832,19.64,1.0,1.8604317,1
15:33:43.383753,37,-1.766183,1.8958671,0.07775584,0.27832,12.759999,1.0,2.8442826,1
15:33:43.383753,37,-1.7380155,1.8286211,0.17688547,0.06972,7.7599998,0.77599996,5.754473,1
15:33:43.383753,37,-1.7267013,2.2713645,-1.6336178,-0.76552004,7.12,0.712,8.348,1
15:33:43.383753,37,-2.0869656,1.7252439,-0.24435732,0.27832,8.5199995,0.852,0.60926,1
15:33:43.383753,37,-2.1703956,1.7223201,-0.25004214,0.27832,5.64,0.564,3.6535804,1
15:33:43.383753,37,-2.1377761,1.661868,-0.24435732,0.27832,6.7599998,0.676,0.9508203,1
15:33:43.383753,37,-2.0750306,1.6466428,0.18573323,0.27832,6.8799996,0.68799996,0.748688,1
15:33:43.383753,37,-2.02361,1.5731175,0.38738102,0.20888,5.64,0.564,3.0710597,1
15:33:43.383753,37,-2.18751,1.7005303,-0.25004214,0.27832,5.12,0.51199996,3.5070772,1
15:33:43.383753,37,-2.0913928,1.6258106,0.18573323,0.27832,6.12,0.612,0.8056764,1
15:33:43.383753,37,-2.03924,1.5528032,0.38738102,0.20888,5.12,0.51199996,3.4267554,1
15:33:43.383753,37,-2.1705837,1.618783,-0.24435732,0.27832,6.12,0.612,1.4751676,1
15:33:43.383753,37,-2.1234887,1.5836604,0.18573323,0.27832,5.52,0.552,1.103289,1
15:33:43.383753,37,-2.202523,1.5750505,-0.24435732,0.27832,5.52,0.552,2.2770925,1
15:33:43.383753,37,-2.2335815,1.5306879,-0.24435732,0.27832,5.0,0.5,3.3944411,1
15:33:43.383753,37,-2.1210508,1.6831623,-0.24435732,0.27832,7.64,0.764,0.7817176,1
15:33:43.383753,37,-2.2335815,1.5306879,-0.24435732,0.27832,5.0,0.5,3.3944411,1
15:33:43.383753,37,-2.1377761,1.661868,-0.24435732,0.27832,6.7599998,0.676,0.9508203,1
15:33:43.383753,37,-2.2335815,1.5306879,-0.24435732,0.27832,5.0,0.5,3.3944411,1
15:33:43.383753,37,-2.1705837,1.618783,-0.24435732,0.27832,6.12,0.612,1.4751676,1
15:33:43.383753,37,-1.8232645,1.9571398,-0.48673666,0.27832,21.24,1.0,0.94703853,1
15:33:43.383753,37,-1.7380155,1.8286211,0.17688547,0.06972,7.7599998,0.77599996,5.754473,1
15:33:43.383753,37,-2.1234887,1.5836604,0.18573323,0.27832,5.52,0.552,1.103289,1
15:33:43.383753,37,-2.202523,1.5750505,-0.24435732,0.27832,5.52,0.552,2.2770925,1
15:33:43.383753,37,-2.1234887,1.5836604,0.18573323,0.27832,5.52,0.552,1.103289,1
15:33:43.383753,37,-1.8232645,1.9571398,-0.48673666,0.27832,21.24,1.0,0.94703853,1
15:33:43.383753,37,-2.2335815,1.5306879,-0.24435732,0.27832,5.0,0.5,3.3944411,1
15:33:43.383753,37,-1.7267013,2.2713645,-1.6336178,-0.76552004,7.12,0.712,8.348,1
15:33:43.383753,37,-1.8232645,1.9571398,-0.48673666,0.27832,21.24,1.0,0.94703853,1
15:33:43.383753,37,-2.0416849,1.6878114,0.18573323,0.27832,7.8799996,0.788,0.798776,1
15:33:43.383753,37,-2.0869656,1.7252439,-0.24435732,0.27832,8.5199995,0.852,0.60926,1
15:33:43.383753,37,-2.18751,1.7005303,-0.25004214,0.27832,5.12,0.51199996,3.5070772,1
15:33:43.383753,37,-2.0913928,1.6258106,0.18573323,0.27832,6.12,0.612,0.8056764,1
15:33:43.383753,37,-1.8232645,1.9571398,-0.48673666,0.27832,21.24,1.0,0.94703853,1
15:33:43.383753,37,-1.7380155,1.8286211,0.17688547,0.06972,7.7599998,0.77599996,5.754473,1
15:33:43.383753,37,-2.0869656,1.7252439,-0.24435732,0.27832,8.5199995,0.852,0.60926,1
15:33:43.383753,37,-2.202523,1.5750505,-0.24435732,0.27832,5.52,0.552,2.2770925,1
15:33:43.383753,37,-1.8078296,1.9405717,-0.13271968,0.27832,19.64,1.0,1.8604317,1
15:33:43.383753,37,-2.0869656,1.7252439,-0.24435732,0.27832,8.5199995,0.852,0.60926,1
15:33:43.383753,37,-2.1703956,1.7223201,-0.25004214,0.27832,5.64,0.564,3.6535804,1
15:33:43.383753,37,-2.0869656,1.7252439,-0.24435732,0.27832,8.5199995,0.852,0.60926,1
15:33:43.383753,37,-2.18751,1.7005303,-0.25004214,0.27832,5.12,0.51199996,3.5070772,1
15:33:43.383753,37,-2.18751,1.7005303,-0.25004214,0.27832,5.12,0.51199996,3.5070772,1
15:33:43.383753,37,-2.0869656,1.7252439,-0.24435732,0.27832,8.5199995,0.852,0.60926,1
15:33:43.441803,38,-1.6676731,1.9576436,1.3380494,0.20888,37.36,1.0,1.1213423,1
15:33:43.441803,38,-1.6299073,1.9401745,1.4532954,0.20888,31.119999,1.0,2.343498,1
15:33:43.441803,38,-1.769694,1.8316236,0.8806864,0.27832,10.36,1.0,3.5307908,1
15:33:43.441803,38,-1.7287813,1.9084291,1.3512365,0.20888,42.239998,1.0,0.4296241,1
15:33:43.441803,38,-1.688212,1.9414358,1.3423923,0.20888,41.239998,1.0,0.8219314,1
15:33:43.441803,38,-1.649981,1.9243337,1.4575398,0.20888,35.76,1.0,1.8497912,1
15:33:43.441803,38,-1.7650007,1.9202378,1.2324965,0.20888,29.359999,1.0,2.5907843,1
15:33:43.441803,38,-1.7159827,1.9170684,1.1214474,0.20888,29.0,1.0,0.76878214,1
15:33:43.441803,38,-1.7366878,1.9003931,1.1259155,0.20888,30.119999,1.0,0.8489387,1
15:33:43.441803,38,-1.609429,1.9488177,1.4241456,0.20888,26.359999,1.0,2.8260186,1
15:33:43.441803,38,-1.6506025,1.9561179,1.0830938,0.20888,22.88,1.0,0.7280614,1
15:33:43.441803,38,-1.6740596,1.9498148,1.112673,0.20888,26.24,1.0,0.81722885,1
15:33:43.441803,38,-1.566834,1.9573079,1.3414121,0.20888,21.88,1.0,4.3092394,1
15:33:43.441803,38,-1.6215423,1.9563687,1.2287006,0.20888,26.64,1.0,1.0434406,1
15:33:43.441803,38,-1.5794342,1.9872888,1.2204156,0.20888,21.88,1.0,2.005439,1
15:33:43.441803,38,-1.6187679,1.9308512,0.9787231,0.20888,19.52,1.0,1.5600504,1
15:33:43.441803,38,-1.6698898,1.9082998,1.4618361,0.20888,38.879997,1.0,1.4397551,1
15:33:43.441803,38,-1.646061,1.9656845,1.3084449,0.20888,32.12,1.0,1.1470175,1
15:33:43.441803,38,-1.7488078,1.8916335,1.3557369,0.20888,39.879997,1.0,0.33550027,1
15:33:43.441803,38,-1.6857545,1.8391464,1.5857369,0.20888,18.76,1.0,4.981371,1
15:33:43.441803,38,-1.7092046,1.8756592,1.4705821,0.20888,39.64,1.0,0.8681177,1
15:33:43.441803,38,-2.041579,1.5799339,1.7643633,0.20888,5.3599997,0.536,7.7020645,1
15:33:43.441803,38,-2.0256064,1.5995771,1.7590998,0.20888,6.12,0.612,6.5760694,1
15:33:43.441803,38,-2.0625856,1.6343414,1.6445425,0.34804,5.3599997,0.536,6.5561366,1
15:33:43.441803,38,-1.993055,1.6383957,1.7486985,0.20888,7.12,0.712,4.6766205,1
15:33:43.441803,38,-1.9597063,1.6765777,1.7384676,0.20888,8.24,0.824,3.2134736,1
15:33:43.441803,38,-1.8587296,1.7638385,1.6078796,0.20888,16.24,1.0,1.0489842,1
15:33:43.441803,38,-1.8405848,1.781705,1.6030923,0.20888,19.64,1.0,0.8083817,1
15:33:43.441803,38,-1.8037447,1.8169078,1.5936598,0.20888,23.76,1.0,0.57386637,1
15:33:43.441803,38,-2.0457761,1.6541834,1.6392258,0.34804,6.12,0.612,5.830814,1
15:33:43.441803,38,-1.7854995,1.827987,1.5638627,0.20888,28.519999,1.0,0.5154639,1
15:33:43.441803,38,-1.8293395,1.8522503,1.4761997,0.20888,24.359999,1.0,1.4638978,1
15:33:43.441803,38,-1.7666247,1.8451426,1.5592659,0.20888,33.36,1.0,0.5541752,1
15:33:43.441803,38,-1.8100013,1.8698272,1.47149,0.20888,29.64,1.0,1.4664906,1
15:33:43.441803,38,-1.845705,1.8504751,1.2511894,0.34804,20.24,1.0,3.1955326,1
15:33:43.441803,38,-1.7854466,1.9030904,1.2370912,0.20888,27.0,1.0,2.6599724,1
15:33:43.441803,38,-1.7286065,1.8590558,1.475031,0.20888,37.52,1.0,0.7059909,1
15:33:43.441803,38,-1.7707838,1.904416,1.462222,0.20888,35.12,1.0,1.6505934,1
15:33:43.441803,38,-1.8258008,1.8682072,1.246438,0.20888,23.76,1.0,2.9619946,1
15:33:43.441803,38,-1.8484948,1.8344876,1.4809592,0.20888,20.0,1.0,1.522404,1
15:33:43.441803,38,-1.8405848,1.781705,1.6030923,0.20888,19.64,1.0,0.8083817,1
15:33:43.441803,38,-1.8258008,1.8682072,1.246438,0.20888,23.76,1.0,2.9619946,1
15:33:43.441803,38,-1.6299073,1.9401745,1.4532954,0.20888,31.119999,1.0,2.343498,1
15:33:43.441803,38,-1.6676731,1.9576436,1.3380494,0.20888,37.36,1.0,1.1213423,1
15:33:43.441803,38,-1.609429,1.9488177,1.4241456,0.20888,26.359999,1.0,2.8260186,1
15:33:43.441803,38,-1.9597063,1.6765777,1.7384676,0.20888,8.24,0.824,3.2134736,1
15:33:43.441803,38,-1.7366878,1.9003931,1.1259155,0.20888,30.119999,1.0,0.8489387,1
15:33:43.441803,38,-1.6676731,1.9576436,1.3380494,0.20888,37.36,1.0,1.1213423,1
15:33:43.494353,39,-1.6270556,1.9837087,1.6293919,0.27832,35.64,1.0,0.7123247,1
15:33:43.494353,39,-1.6090267,1.9818693,1.5494585,0.27832,32.0,1.0,0.65520936,1
15:33:43.494353,39,-1.5680887,2.012559,1.5412352,0.27832,27.64,1.0,1.1395643,1
15:33:43.494353,39,-1.6432943,2.052823,1.3092735,0.13916,21.119999,1.0,4.5385213,1
15:33:43.494353,39,-1.5473833,2.0276058,1.5372034,0.27832,23.24,1.0,1.4516162,1
15:33:43.494353,39,-1.5265234,2.0424516,1.5332255,0.27832,19.52,1.0,1.8132948,1
15:33:43.494353,39,-1.689564,1.997984,1.5471047,0.27832,27.359999,1.0,3.6073754,1
15:33:43.494353,39,-1.6781335,1.9596665,0.959279,0.20888,12.0,1.0,2.096492,1
15:33:43.494353,39,-1.6460226,1.9733363,1.6589514,0.27832,37.36,1.0,0.74767184,1
15:33:43.494353,39,-1.685578,1.9411545,1.6675745,0.27832,36.88,1.0,0.44913706,1
15:33:43.494353,39,-2.14697,1.5584589,1.884212,0.06972,5.0,0.5,6.7248363,1
15:33:43.494353,39,-1.7051039,1.9247786,1.6719624,0.27832,34.239998,1.0,0.34481397,1
15:33:43.494353,39,-1.7244593,1.9082149,1.6764005,0.27832,30.359999,1.0,0.2715813,1
15:33:43.494353,39,-1.7626508,1.8745309,1.6854262,0.27832,26.0,1.0,0.22464715,1
15:33:43.494353,39,-1.781483,1.8574139,1.6900127,0.27832,22.0,1.0,0.25527212,1
15:33:43.494353,39,-2.0183067,1.6207082,1.8603439,-2.22656,5.7599998,0.576,4.732668,1
15:33:43.494353,39,-2.099951,1.6199967,1.8677231,0.48720002,6.0,0.59999996,5.5216236,1
15:33:43.494353,39,-2.0499334,1.5814108,1.8708737,-2.22656,5.12,0.51199996,6.667276,1
15:33:43.494353,39,-2.1158361,1.5996358,1.8731787,0.48720002,5.52,0.552,5.803218,1
15:33:43.494353,39,-1.6090782,1.9028062,1.5686792,0.20888,22.119999,1.0,7.070051,1
15:33:43.494353,39,-1.5473833,2.0276058,1.5372034,0.27832,23.24,1.0,1.4516162,1
15:33:43.494353,39,-1.6090267,1.9818693,1.5494585,0.27832,32.0,1.0,0.65520936,1
15:33:43.494353,39,-1.7244593,1.9082149,1.6764005,0.27832,30.359999,1.0,0.2715813,1
15:33:43.494353,39,-1.6781335,1.9596665,0.959279,0.20888,12.0,1.0,2.096492,1
15:33:43.494353,39,-1.5680887,2.012559,1.5412352,0.27832,27.64,1.0,1.1395643,1
15:33:43.494353,39,-1.5680887,2.012559,1.5412352,0.27832,27.64,1.0,1.1395643,1
15:33:43.494353,39,-1.689564,1.997984,1.5471047,0.27832,27.359999,1.0,3.6073754,1
15:33:43.494353,39,-1.6090782,1.9028062,1.5686792,0.20888,22.119999,1.0,7.070051,1
15:33:43.494353,39,-1.7051039,1.9247786,1.6719624,0.27832,34.239998,1.0,0.34481397,1
15:33:43.494353,39,-2.0183067,1.6207082,1.8603439,-2.22656,5.7599998,0.576,4.732668,1
15:33:43.494353,39,-1.6460226,1.9733363,1.6589514,0.27832,37.36,1.0,0.74767184,1
15:33:43.494353,39,-1.781483,1.8574139,1.6900127,0.27832,22.0,1.0,0.25527212,1
15:33:43.494353,39,-1.6781335,1.9596665,0.959279,0.20888,12.0,1.0,2.096492,1
15:33:43.494353,39,-1.7051039,1.9247786,1.6719624,0.27832,34.239998,1.0,0.34481397,1
15:33:43.494353,39,-1.6270556,1.9837087,1.6293919,0.27832,35.64,1.0,0.7123247,1
15:33:43.494353,39,-1.6781335,1.9596665,0.959279,0.20888,12.0,1.0,2.096492,1
15:33:43.494353,39,-1.685578,1.9411545,1.6675745,0.27832,36.88,1.0,0.44913706,1
15:33:43.494353,39,-1.5473833,2.0276058,1.5372034,0.27832,23.24,1.0,1.4516162,1
15:33:43.494353,39,-1.781483,1.8574139,1.6900127,0.27832,22.0,1.0,0.25527212,1
15:33:43.494353,39,-1.6090267,1.9818693,1.5494585,0.27832,32.0,1.0,0.65520936,1
15:33:43.494353,39,-1.5265234,2.0424516,1.5332255,0.27832,19.52,1.0,1.8132948,1
15:33:43.494353,39,-2.1158361,1.5996358,1.8731787,0.48720002,5.52,0.552,5.803218,1
15:33:43.494353,39,-1.6781335,1.9596665,0.959279,0.20888,12.0,1.0,2.096492,1
15:33:43.494353,39,-1.689564,1.997984,1.5471047,0.27832,27.359999,1.0,3.6073754,1
15:33:43.494353,39,-1.7626508,1.8745309,1.6854262,0.27832,26.0,1.0,0.22464715,1
15:33:43.494353,39,-1.7626508,1.8745309,1.6854262,0.27832,26.0,1.0,0.22464715,1
15:33:43.494353,39,-2.0183067,1.6207082,1.8603439,-2.22656,5.7599998,0.576,4.732668,1
15:33:43.494353,39,-1.6090267,1.9818693,1.5494585,0.27832,32.0,1.0,0.65520936,1
15:33:43.550817,40,-1.5401624,2.1250677,1.5954415,0.27832,47.239998,1.0,0.7420861,1
15:33:43.550817,40,-1.5024998,2.0798233,1.6304183,0.27832,40.12,1.0,0.8278703,1
15:33:43.550817,40,-1.4872661,2.0095687,1.6185362,0.27832,23.0,1.0,2.893235,1
15:33:43.550817,40,-1.5606426,2.1155992,1.6254121,0.27832,54.239998,1.0,0.60180974,1
15:33:43.550817,40,-1.5234704,2.0652087,1.6343342,0.27832,48.239998,1.0,0.509695,1
15:33:43.550817,40,-1.46011,2.1084406,1.6227503,0.27832,32.0,1.0,1.8773026,1
15:33:43.550817,40,-1.5978147,2.1659894,1.61649,0.27832,27.88,1.0,3.1071548,1
15:33:43.550817,40,-1.4967101,2.1544027,1.5875812,0.27832,38.52,1.0,1.6429155,1
15:33:43.550817,40,-1.4180588,2.1308992,1.5899523,0.27832,19.88,1.0,3.397878,1
15:33:43.550817,40,-1.4767519,2.151033,1.5060954,0.27832,30.519999,1.0,1.906506,1
15:33:43.550817,40,-1.5553046,1.9923426,0.83762187,0.13916,8.12,0.812,5.3159056,1
15:33:43.550817,40,-1.4546227,2.1651905,1.5023018,0.27832,24.0,1.0,2.662454,1
15:33:43.550817,40,-1.4323481,2.1791337,1.4985658,0.27832,19.119999,1.0,3.5586028,1
15:33:43.550817,40,-1.4386948,2.122441,1.6189989,0.27832,25.119999,1.0,2.61026,1
15:33:43.550817,40,-1.6196489,2.1504502,1.6206537,0.27832,26.119999,1.0,3.032327,1
15:33:43.550817,40,-1.5758207,2.181317,1.612383,0.27832,28.359999,1.0,3.3115547,1
15:33:43.550817,40,-1.5442886,2.0503924,1.6383042,0.27832,53.76,1.0,0.32818872,1
15:33:43.550817,40,-1.5819688,2.1004214,1.6294789,0.27832,56.0,1.0,0.4722987,1
15:33:43.550817,40,-1.6989592,1.9447379,1.7735205,0.27832,19.359999,1.0,3.4242623,1
15:33:43.550817,40,-1.7404132,1.9921888,1.7679945,0.27832,16.76,1.0,4.0848894,1
15:33:43.550817,40,-1.6795037,1.9610547,1.7691485,0.27832,24.64,1.0,2.6061113,1
15:33:43.550817,40,-1.6598802,1.9771829,1.7648269,0.27832,31.359999,1.0,1.919186,1
15:33:43.550817,40,-1.7021736,2.0206466,1.733029,0.27832,27.0,1.0,2.5005147,1
15:33:43.550817,40,-1.5503689,1.8454953,1.4799742,0.20888,6.8799996,0.68799996,10.459749,1
15:33:43.550817,40,-1.5863231,1.9406048,1.6631418,0.27832,24.76,1.0,3.062093,1
15:33:43.550817,40,-1.720483,2.0089037,1.7635157,0.27832,21.24,1.0,3.2465396,1
15:33:43.550817,40,-1.6656706,2.0376735,1.6462922,0.27832,34.52,1.0,1.2735875,1
15:33:43.550817,40,-1.6058087,2.0047476,1.6505347,0.27832,47.879997,1.0,0.59714955,1
15:33:43.550817,40,-1.6449898,2.0536628,1.642008,0.27832,43.239998,1.0,0.8765359,1
15:33:43.550817,40,-1.5267682,1.9857134,1.651055,0.27832,26.24,1.0,2.508273,1
15:33:43.550817,40,-1.5649525,2.0353758,1.6423279,0.27832,53.64,1.0,0.2826649,1
15:33:43.550817,40,-1.6031368,2.0850384,1.6336008,0.27832,51.64,1.0,0.47534168,1
15:33:43.550817,40,-1.6413212,2.1347008,1.6248738,0.27832,23.519999,1.0,3.0863032,1
15:33:43.550817,40,-1.6218456,2.0042348,1.7308893,0.27832,39.52,1.0,0.9138309,1
15:33:43.550817,40,-1.5075896,1.9951047,1.6224118,0.27832,25.119999,1.0,2.6761775,1
15:33:43.550817,40,-1.6058087,2.0047476,1.6505347,0.27832,47.879997,1.0,0.59714955,1
15:33:43.550817,40,-1.6218456,2.0042348,1.7308893,0.27832,39.52,1.0,0.9138309,1
15:33:43.550817,40,-1.6795037,1.9610547,1.7691485,0.27832,24.64,1.0,2.6061113,1
15:33:43.550817,40,-1.5267682,1.9857134,1.651055,0.27832,26.24,1.0,2.508273,1
15:33:43.550817,40,-1.5606426,2.1155992,1.6254121,0.27832,54.239998,1.0,0.60180974,1
15:33:43.550817,40,-1.5553046,1.9923426,0.83762187,0.13916,8.12,0.812,5.3159056,1
15:33:43.550817,40,-1.46011,2.1084406,1.6227503,0.27832,32.0,1.0,1.8773026,1
15:33:43.550817,40,-1.720483,2.0089037,1.7635157,0.27832,21.24,1.0,3.2465396,1
15:33:43.550817,40,-1.5442886,2.0503924,1.6383042,0.27832,53.76,1.0,0.32818872,1
15:33:43.550817,40,-1.5503689,1.8454953,1.4799742,0.20888,6.8799996,0.68799996,10.459749,1
15:33:43.550817,40,-1.720483,2.0089037,1.7635157,0.27832,21.24,1.0,3.2465396,1
15:33:43.550817,40,-1.6598802,1.9771829,1.7648269,0.27832,31.359999,1.0,1.919186,1
15:33:43.550817,40,-1.6218456,2.0042348,1.7308893,0.27832,39.52,1.0,0.9138309,1
15:33:43.608563,41,-1.5558516,2.0665202,0.5370854,0.20888,10.5199995,1.0,4.030528,1
15:33:43.608563,41,-1.4435127,2.2450914,1.4828566,0.34804,27.88,1.0,2.542251,1
15:33:43.608563,41,-1.4080267,2.2105253,1.5725431,0.34804,33.12,1.0,1.5857255,1
15:33:43.608563,41,-1.4664645,2.2310374,1.4866225,0.34804,32.64,1.0,2.0565252,1
15:33:43.608563,41,-1.603032,2.0360067,0.5452615,0.20888,9.12,0.912,5.4626303,1
15:33:43.608563,41,-1.4294835,2.2022724,1.6021881,0.34804,41.239998,1.0,1.1686714,1
15:33:43.608563,41,-1.3295051,2.1893017,1.6010836,0.34804,22.64,1.0,4.618909,1
15:33:43.608563,41,-1.3735952,2.163191,1.6080799,0.34804,27.76,1.0,2.9570582,1
15:33:43.608563,41,-1.3628314,2.2372906,1.5653714,0.34804,26.519999,1.0,3.163883,1
15:33:43.608563,41,-1.5155035,2.155487,0.49389577,0.76552004,14.36,1.0,4.6879387,1
15:33:43.608563,41,-1.5320269,2.0814335,0.5330894,0.20888,11.88,1.0,3.5738397,1
15:33:43.608563,41,-1.3418398,2.232734,1.4842037,0.34804,21.24,1.0,3.6440532,1
15:33:43.608563,41,-1.3743501,2.2586772,1.3666432,0.20888,19.24,1.0,3.5398514,1
15:33:43.608563,41,-1.5080489,2.096116,0.5291552,0.62636,12.88,1.0,3.2905064,1
15:33:43.608563,41,-1.5760785,2.1077194,0.3656499,0.62636,7.8799996,0.788,6.478001,1
15:33:43.608563,41,-1.4523368,2.0656457,0.5566708,0.62636,6.8799996,0.68799996,4.314254,1
15:33:43.608563,41,-1.4839202,2.1105664,0.5252833,0.62636,13.24,1.0,3.181022,1
15:33:43.608563,41,-1.3954355,2.1498175,1.6116633,0.34804,33.64,1.0,2.3607597,1
15:33:43.608563,41,-1.4352199,2.1387641,0.51772773,0.62636,12.88,1.0,3.4862087,1
15:33:43.608563,41,-1.416318,2.0784009,0.41709375,0.62636,12.0,1.0,5.7177634,1
15:33:43.608563,41,-1.392075,2.0919645,0.41345942,0.62636,10.639999,1.0,6.1086383,1
15:33:43.608563,41,-1.3977374,2.245289,1.3702306,0.20888,23.24,1.0,2.6776175,1
15:33:43.608563,41,-1.4386948,2.122441,1.6189989,0.34804,44.879997,1.0,1.6357846,1
15:33:43.608563,41,-1.4517137,2.188357,1.6059166,0.34804,50.12,1.0,0.73647714,1
15:33:43.608563,41,-1.6201372,2.0088665,1.7563373,0.34804,19.359999,1.0,5.272132,1
15:33:43.608563,41,-1.6596681,2.057882,1.7503921,0.34804,21.88,1.0,4.302691,1
15:33:43.608563,41,-1.6000218,2.0244188,1.7521701,0.34804,23.76,1.0,4.25504,1
15:33:43.608563,41,-1.6390618,2.073814,1.7461231,0.34804,27.24,1.0,3.3455362,1
15:33:43.608563,41,-1.5797464,2.039776,1.7480551,0.34804,29.0,1.0,3.3933213,1
15:33:43.608563,41,-1.6182916,2.0895457,1.7419077,0.34804,34.12,1.0,2.5374582,1
15:33:43.608563,41,-1.540346,2.0653317,1.7145184,0.34804,35.12,1.0,2.1999905,1
15:33:43.608563,41,-1.5762678,2.120404,1.7336394,0.34804,42.36,1.0,1.3655847,1
15:33:43.608563,41,-1.4892697,2.216762,1.4904474,0.34804,36.76,1.0,1.7173846,1
15:33:43.608563,41,-1.5195808,2.08011,1.7105585,0.34804,41.239998,1.0,1.7770433,1
15:33:43.608563,41,-1.5566581,2.1308641,1.7034963,0.34804,51.12,1.0,0.9371023,1
15:33:43.608563,41,-1.6155138,2.1661186,1.7005872,0.34804,27.64,1.0,3.7897434,1
15:33:43.608563,41,-1.5024998,2.0798233,1.6304183,0.34804,45.76,1.0,1.7156067,1
15:33:43.608563,41,-1.417136,2.1362338,1.6153032,0.34804,39.76,1.0,1.9204093,1
15:33:43.608563,41,-1.5978147,2.1659894,1.61649,0.34804,32.239998,1.0,2.895583,1
15:33:43.608563,41,-1.5098847,2.2204103,1.573821,0.34804,39.239998,1.0,2.3184547,1
15:33:43.608563,41,-1.4737985,2.174228,1.6097026,0.34804,57.64,1.0,0.45364273,1
15:33:43.608563,41,-1.5313623,2.2113311,1.6043407,0.34804,39.0,1.0,2.4556415,1
15:33:43.608563,41,-1.547719,2.2255967,1.3748523,0.20888,15.759999,1.0,4.290152,1
15:33:43.608563,41,-1.46011,2.1084406,1.6227503,0.34804,47.239998,1.0,1.5067675,1
15:33:43.608563,41,-1.4254112,2.0517733,1.6072276,0.34804,16.52,1.0,6.2492046,1
15:33:43.608563,41,-1.5758207,2.181317,1.612383,0.34804,36.36,1.0,2.6063251,1
15:33:43.608563,41,-1.5352306,2.145797,1.6994951,0.34804,58.359997,1.0,0.69498545,1
15:33:43.608563,41,-1.4957361,2.159886,1.6135455,0.34804,61.0,1.0,0.3200427,1
15:33:43.662464,42,-1.3303708,2.1840017,1.5757235,0.41748002,27.119999,1.0,3.0693634,1
15:33:43.662464,42,-1.4294835,2.2022724,1.6021881,0.41748002,39.879997,1.0,0.57786286,1
15:33:43.662464,42,-1.3744897,2.1578739,1.5827245,0.41748002,33.12,1.0,1.6678609,1
15:33:43.662464,42,-1.4071106,2.2159722,1.5985173,0.41748002,33.239998,1.0,0.96531916,1
15:33:43.662464,42,-1.3098792,2.1795537,1.4964892,0.41748002,22.0,1.0,3.9328332,1
15:33:43.662464,42,-1.3954355,2.1498175,1.6116633,0.41748002,39.52,1.0,1.1981491,1
15:33:43.662464,42,-1.3580413,2.3379266,1.3447535,0.41748002,10.24,1.0,5.8386717,1
15:33:43.662464,42,-1.4705826,2.2439544,0.45091647,1.32216,10.88,1.0,6.28879,1
15:33:43.662464,42,-1.5066326,2.2109344,0.31615636,1.32216,12.12,1.0,7.2101235,1
15:33:43.662464,42,-1.406152,2.2842984,0.58016074,0.48720002,5.7599998,0.576,5.8749356,1
15:33:43.662464,42,-1.481698,2.09478,0.04708719,1.32216,11.639999,1.0,6.2315536,1
15:33:43.662464,42,-1.3941993,2.0341597,-0.26883328,0.6958,6.3599997,0.636,10.420764,1
15:33:43.662464,42,-1.3391562,2.2557654,1.5878546,0.41748002,22.359999,1.0,3.0250087,1
15:33:43.662464,42,-1.4480072,2.2034364,1.6840507,0.41748002,46.239998,1.0,0.6476289,1
15:33:43.662464,42,-1.3619446,2.2427201,1.5913502,0.41748002,27.359999,1.0,2.1873715,1
15:33:43.662464,42,-1.5034646,2.2462008,1.7071205,0.41748002,25.88,1.0,2.7507708,1
15:33:43.662464,42,-1.6000218,2.0244188,1.7521701,0.41748002,18.0,1.0,3.6659203,1
15:33:43.662464,42,-1.6305115,2.0906472,1.8506445,0.41748002,24.519999,1.0,3.8909657,1
15:33:43.662464,42,-1.5797464,2.039776,1.7480551,0.41748002,22.24,1.0,2.8086655,1
15:33:43.662464,42,-1.6122022,2.1024241,1.8202857,0.41748002,29.88,1.0,3.114053,1
15:33:43.662464,42,-1.5762678,2.120404,1.7336394,0.41748002,36.239998,1.0,1.8256055,1
15:33:43.662464,42,-1.5179802,2.084662,1.736028,0.41748002,33.64,1.0,1.0648288,1
15:33:43.662464,42,-1.5550184,2.135527,1.7295871,0.41748002,43.0,1.0,1.3014592,1
15:33:43.662464,42,-1.5387235,2.069899,1.7399837,0.41748002,27.359999,1.0,1.5072486,1
15:33:43.662464,42,-1.417136,2.1362338,1.6153032,0.41748002,44.64,1.0,0.8572422,1
15:33:43.662464,42,-1.5336136,2.150444,1.7255901,0.41748002,48.76,1.0,0.9148112,1
15:33:43.662464,42,-1.46011,2.1084406,1.6227503,0.41748002,45.0,1.0,0.61803615,1
15:33:43.662464,42,-1.5120553,2.1651537,1.7216487,0.41748002,51.76,1.0,0.6667315,1
15:33:43.662464,42,-1.4064039,2.0485642,1.5296235,0.41748002,20.24,1.0,4.0200295,1
15:33:43.662464,42,-1.4386948,2.122441,1.6189989,0.41748002,46.879997,1.0,0.66428787,1
15:33:43.662464,42,-1.4684874,2.1939445,1.7139342,0.41748002,50.76,1.0,0.5908542,1
15:33:43.662464,42,-1.4986638,2.0946872,1.7066526,0.41748002,40.0,1.0,0.78994703,1
15:33:43.662464,42,-1.3619446,2.2427201,1.5913502,0.41748002,27.359999,1.0,2.1873715,1
15:33:43.662464,42,-1.5762678,2.120404,1.7336394,0.41748002,36.239998,1.0,1.8256055,1
15:33:43.662464,42,-1.46011,2.1084406,1.6227503,0.41748002,45.0,1.0,0.61803615,1
15:33:43.662464,42,-1.4386948,2.122441,1.6189989,0.41748002,46.879997,1.0,0.66428787,1
15:33:43.662464,42,-1.3303708,2.1840017,1.5757235,0.41748002,27.119999,1.0,3.0693634,1
15:33:43.662464,42,-1.5120553,2.1651537,1.7216487,0.41748002,51.76,1.0,0.6667315,1
15:33:43.662464,42,-1.4705826,2.2439544,0.45091647,1.32216,10.88,1.0,6.28879,1
15:33:43.662464,42,-1.5762678,2.120404,1.7336394,0.41748002,36.239998,1.0,1.8256055,1
15:33:43.662464,42,-1.3744897,2.1578739,1.5827245,0.41748002,33.12,1.0,1.6678609,1
15:33:43.662464,42,-1.4071106,2.2159722,1.5985173,0.41748002,33.239998,1.0,0.96531916,1
15:33:43.662464,42,-1.3580413,2.3379266,1.3447535,0.41748002,10.24,1.0,5.8386717,1
15:33:43.662464,42,-1.5120553,2.1651537,1.7216487,0.41748002,51.76,1.0,0.6667315,1
15:33:43.662464,42,-1.481698,2.09478,0.04708719,1.32216,11.639999,1.0,6.2315536,1
15:33:43.662464,42,-1.3391562,2.2557654,1.5878546,0.41748002,22.359999,1.0,3.0250087,1
15:33:43.662464,42,-1.4684874,2.1939445,1.7139342,0.41748002,50.76,1.0,0.5908542,1
15:33:43.662464,42,-1.4294835,2.2022724,1.6021881,0.41748002,39.879997,1.0,0.57786286,1
15:33:43.719056,43,-1.219919,2.2871132,-0.02592207,0.48720002,22.519999,1.0,2.6567867,1
15:33:43.719056,43,-1.332095,2.4383836,-0.13904205,0.48720002,18.76,1.0,1.1386507,1
15:33:43.719056,43,-1.3028517,2.384854,0.08155027,0.48720002,30.64,1.0,1.2512492,1
15:33:43.719056,43,-1.2652245,2.2619195,0.051841546,0.48720002,31.88,1.0,1.3645933,1
15:33:43.719056,43,-1.2425424,2.2744586,0.051841546,0.48720002,27.119999,1.0,1.7180929,1
15:33:43.719056,43,-1.3248436,2.3685045,0.16302715,0.48720002,33.52,1.0,1.6207938,1
15:33:43.719056,43,-1.2491847,2.3419807,0.079653054,0.48720002,27.359999,1.0,1.1526443,1
15:33:43.719056,43,-1.2725416,2.329372,0.079653054,0.48720002,33.64,1.0,0.59490436,1
15:33:43.719056,43,-1.2789384,2.3977633,0.08155027,0.48720002,26.64,1.0,1.7944883,1
15:33:43.719056,43,-1.2020984,2.3664944,0.079653054,0.48720002,22.119999,1.0,2.8460042,1
15:33:43.719056,43,-1.2307305,2.4228606,0.08155027,0.55664,22.519999,1.0,3.464934,1
15:33:43.719056,43,-1.1788453,2.3793485,-0.026554558,0.48720002,17.88,1.0,3.4745045,1
15:33:43.719056,43,-1.2069236,2.436021,-0.027187048,0.55664,18.76,1.0,3.3981197,1
15:33:43.719056,43,-1.3767347,2.7102897,-1.0753292,0.34804,7.8799996,0.788,10.653941,1
15:33:43.719056,43,-1.3475846,2.3536055,0.19015712,0.48720002,34.52,1.0,1.6185417,1
15:33:43.719056,43,-1.1739358,2.3110526,-0.02592207,0.48720002,18.64,1.0,4.165672,1
15:33:43.719056,43,-1.3170909,2.300347,0.15923442,0.48720002,45.76,1.0,0.25194028,1
15:33:43.719056,43,-1.2957714,2.3165302,0.079653054,0.48720002,40.239998,1.0,0.2293726,1
15:33:43.719056,43,-1.3710529,2.340012,0.19015712,0.48720002,33.12,1.0,1.5298879,1
15:33:43.719056,43,-1.287458,2.2485921,0.07775584,0.48720002,35.88,1.0,1.0636241,1
15:33:43.719056,43,-1.4386948,2.148731,0.18130936,0.48720002,21.24,1.0,3.9285412,1
15:33:43.719056,43,-1.4684874,2.1932268,0.29151627,0.48720002,22.519999,1.0,3.3440716,1
15:33:43.719056,43,-1.417136,2.1630101,0.18130936,0.48720002,25.64,1.0,2.930243,1
15:33:43.719056,43,-1.4480072,2.2101297,0.26510763,0.48720002,27.76,1.0,2.4592164,1
15:33:43.719056,43,-1.3963441,2.1784906,0.1554417,0.48720002,30.359999,1.0,2.278946,1
15:33:43.719056,43,-1.4294835,2.230193,0.18573323,0.48720002,34.0,1.0,1.7322528,1
15:33:43.719056,43,-1.4582576,2.2750845,0.29845977,0.48720002,22.0,1.0,3.5316854,1
15:33:43.719056,43,-1.4071106,2.2443762,0.18573323,0.48720002,40.64,1.0,1.083377,1
15:33:43.719056,43,-1.3744897,2.1923451,0.1554417,0.48720002,34.88,1.0,1.6197958,1
15:33:43.719056,43,-1.3098792,2.2356052,0.07775584,0.48720002,38.239998,1.0,1.0620967,1
15:33:43.719056,43,-1.394384,2.3261847,0.19015712,0.48720002,30.0,1.0,1.6314474,1
15:33:43.719056,43,-1.3619446,2.2720675,0.18573323,0.48720002,45.879997,1.0,0.3488812,1
15:33:43.719056,43,-1.3391562,2.2855732,0.18573323,0.48720002,47.879997,1.0,0.26372233,1
15:33:43.719056,43,-1.300185,2.1690369,-0.025289578,0.48720002,12.12,1.0,5.5092845,1
15:33:43.719056,43,-1.4406258,2.2978337,0.19015712,0.48720002,26.0,1.0,2.404169,1
15:33:43.719056,43,-1.3321694,2.222395,0.07775584,0.48720002,37.76,1.0,1.2498411,1
15:33:43.719056,43,-1.3098792,2.2356052,0.07775584,0.48720002,38.239998,1.0,1.0620967,1
15:33:43.719056,43,-1.3028517,2.384854,0.08155027,0.48720002,30.64,1.0,1.2512492,1
15:33:43.719056,43,-1.3248436,2.3685045,0.16302715,0.48720002,33.52,1.0,1.6207938,1
15:33:43.719056,43,-1.2069236,2.436021,-0.027187048,0.55664,18.76,1.0,3.3981197,1
15:33:43.719056,43,-1.2789384,2.3977633,0.08155027,0.48720002,26.64,1.0,1.7944883,1
15:33:43.719056,43,-1.332095,2.4383836,-0.13904205,0.48720002,18.76,1.0,1.1386507,1
15:33:43.719056,43,-1.3619446,2.2720675,0.18573323,0.48720002,45.879997,1.0,0.3488812,1
15:33:43.719056,43,-1.3475846,2.3536055,0.19015712,0.48720002,34.52,1.0,1.6185417,1
15:33:43.719056,43,-1.1739358,2.3110526,-0.02592207,0.48720002,18.64,1.0,4.165672,1
15:33:43.719056,43,-1.3619446,2.2720675,0.18573323,0.48720002,45.879997,1.0,0.3488812,1
15:33:43.719056,43,-1.3028517,2.384854,0.08155027,0.48720002,30.64,1.0,1.2512492,1
15:33:43.719056,43,-1.2020984,2.3664944,0.079653054,0.48720002,22.119999,1.0,2.8460042,1
15:33:43.773985,44,-1.1810846,2.3265502,1.2359285,0.62636,37.64,1.0,1.3040289,1
15:33:43.773985,44,-1.2312231,2.3342037,1.3464059,0.62636,47.76,1.0,0.72460145,1
15:33:43.773985,44,-1.2596776,2.3809485,1.3044279,0.55664,59.239998,1.0,1.3322273,1
15:33:43.773985,44,-1.3085597,2.3616755,1.102443,0.62636,25.0,1.0,0.9478254,1
15:33:43.773985,44,-1.1774309,2.2611663,1.2567208,0.48720002,24.88,1.0,2.440868,1
15:33:43.773985,44,-1.2069236,2.3459792,1.3432506,0.62636,43.76,1.0,1.2369685,1
15:33:43.773985,44,-1.2335202,2.3688815,1.2213132,0.62636,54.0,1.0,0.92784494,1
15:33:43.773985,44,-1.256833,2.376801,1.0690669,0.62636,23.64,1.0,1.0338104,1
15:33:43.773985,44,-1.1536075,2.2724245,1.2537042,0.48720002,21.76,1.0,2.9250946,1
15:33:43.773985,44,-1.2085619,2.380676,1.2181529,0.62636,46.36,1.0,1.5209415,1
15:33:43.773985,44,-1.1565757,2.3378403,1.2329034,0.62636,31.359999,1.0,2.0285795,1
15:33:43.773985,44,-1.1834828,2.3922288,1.2150574,0.62636,38.36,1.0,2.3014507,1
15:33:43.773985,44,-1.2016782,2.3700848,0.98308486,0.62636,19.24,1.0,1.3078051,1
15:33:43.773985,44,-1.1319511,2.3488932,1.2299417,0.62636,25.76,1.0,2.9393718,1
15:33:43.773985,44,-1.1582853,2.4035387,1.2120268,0.62636,31.359999,1.0,3.2687185,1
15:33:43.773985,44,-1.1072133,2.3597076,1.227044,0.62636,21.0,1.0,4.035815,1
15:33:43.773985,44,-1.1323483,2.4060664,1.1825918,0.62636,25.64,1.0,4.029887,1
15:33:43.773985,44,-1.2011366,2.2496786,1.2597989,0.48720002,27.64,1.0,2.1434047,1
15:33:43.773985,44,-1.231403,2.3888183,1.0658468,0.62636,21.64,1.0,1.4616425,1
15:33:43.773985,44,-1.3336289,2.3489146,1.1058621,0.62636,25.119999,1.0,1.0531697,1
15:33:43.773985,44,-1.2715235,2.2138498,1.2693992,0.48720002,29.64,1.0,2.3782113,1
15:33:43.773985,44,-1.2794502,2.3099515,1.3529042,0.62636,48.36,1.0,0.2558251,1
15:33:43.773985,44,-1.3092158,2.363691,1.33785,0.55664,59.879997,1.0,1.084609,1
15:33:43.773985,44,-1.3971783,2.2725315,1.475504,0.48720002,22.0,1.0,2.108487,1
15:33:43.773985,44,-1.4296827,2.3254004,1.463302,0.55664,25.88,1.0,3.3262546,1
15:33:43.773985,44,-1.4602132,2.3088417,1.2047166,0.48720002,13.759999,1.0,4.4925694,1
15:33:43.773985,44,-1.3738004,2.2859144,1.4719181,0.62636,27.0,1.0,1.4888736,1
15:33:43.773985,44,-1.405761,2.3390946,1.4596326,0.55664,32.12,1.0,2.773457,1
15:33:43.773985,44,-1.4325473,2.295469,1.1201829,0.48720002,16.24,1.0,3.4253788,1
15:33:43.773985,44,-1.2563586,2.1064177,1.3832264,0.55664,7.64,0.764,10.752618,1
15:33:43.773985,44,-1.3178163,2.188838,1.2761011,0.48720002,25.88,1.0,3.4811718,1
15:33:43.773985,44,-1.350285,2.2990708,1.4683928,0.62636,33.0,1.0,1.0560932,1
15:33:43.773985,44,-1.3822515,2.324692,1.3482997,0.55664,39.64,1.0,1.6015265,1
15:33:43.773985,44,-1.3407661,2.175998,1.2795416,0.48720002,22.88,1.0,4.318847,1
15:33:43.773985,44,-1.263896,2.1490204,1.2900429,0.55664,20.359999,1.0,6.588051,1
15:33:43.773985,44,-1.2947346,2.2014558,1.2727202,0.48720002,28.359999,1.0,2.834554,1
15:33:43.773985,44,-1.3269665,2.305538,1.4385223,0.62636,39.36,1.0,0.6877875,1
15:33:43.773985,44,-1.3580413,2.3379266,1.3447535,0.55664,48.0,1.0,1.240702,1
15:33:43.773985,44,-1.3833648,2.3226695,1.1128945,0.48720002,21.76,1.0,1.8473926,1
15:33:43.773985,44,-1.2481853,2.2260191,1.2661384,0.48720002,29.359999,1.0,2.1113873,1
15:33:43.773985,44,-1.3033731,2.2974775,1.3562467,0.62636,45.12,1.0,0.30090737,1
15:33:43.773985,44,-1.3336952,2.3509269,1.3412702,0.55664,55.52,1.0,1.0686845,1
15:33:43.773985,44,-1.3585647,2.3359122,1.1093462,0.62636,24.0,1.0,1.3527477,1
15:33:43.773985,44,-1.4080265,2.3091881,1.1165069,0.48720002,19.0,1.0,2.5379703,1
15:33:43.773985,44,-1.2016782,2.3700848,0.98308486,0.62636,19.24,1.0,1.3078051,1
15:33:43.773985,44,-1.2794502,2.3099515,1.3529042,0.62636,48.36,1.0,0.2558251,1
15:33:43.773985,44,-1.2335202,2.3688815,1.2213132,0.62636,54.0,1.0,0.92784494,1
15:33:43.773985,44,-1.3833648,2.3226695,1.1128945,0.48720002,21.76,1.0,1.8473926,1
15:33:43.825879,45,-1.1599485,2.4942138,1.272769,0.55664,35.76,1.0,0.8293906,1
15:33:43.825879,45,-1.1075453,2.4254258,1.2061622,0.55664,48.76,1.0,0.6624745,1
15:33:43.825879,45,-1.1327258,2.480569,1.1881139,0.55664,32.36,1.0,0.4037251,1
15:33:43.825879,45,-1.0820079,2.4360006,1.2033287,0.55664,41.12,1.0,1.165816,1
15:33:43.825879,45,-1.1066079,2.491384,1.1852161,0.55664,28.0,1.0,0.75705343,1
15:33:43.825879,45,-1.0563624,2.4463282,1.2005614,0.55664,33.64,1.0,1.859534,1
15:33:43.825879,45,-1.0306112,2.4564075,1.1978607,0.55664,27.119999,1.0,2.7456183,1
15:33:43.825879,45,-1.0540426,2.512255,1.1796237,0.55664,19.52,1.0,2.043221,1
15:33:43.825879,45,-1.0019425,2.4305,1.0898869,0.48720002,21.88,1.0,3.637793,1
15:33:43.825879,45,-0.9749583,2.5120463,0.007945513,0.41748002,23.359999,1.0,6.835683,1
15:33:43.825879,45,-0.93700397,2.5980933,-0.0072465534,0.41748002,29.0,1.0,7.482793,1
15:33:43.825879,45,-1.1329719,2.4146047,1.2090617,0.55664,54.12,1.0,0.34753087,1
15:33:43.825879,45,-1.0803792,2.5019464,1.1823858,0.55664,23.519999,1.0,1.3028524,1
15:33:43.825879,45,-1.1860424,2.4906223,1.303184,0.55664,36.88,1.0,0.97374916,1
15:33:43.825879,45,-1.2118437,2.4790413,1.3062872,0.55664,35.36,1.0,1.0365803,1
15:33:43.825879,45,-1.1287805,2.3141396,1.1269509,0.55664,25.119999,1.0,2.8102984,1
15:33:43.825879,45,-1.1596767,2.4352558,1.3186743,0.55664,55.239998,1.0,0.35470378,1
15:33:43.825879,45,-1.3336952,2.3509269,1.3412702,0.55664,19.88,1.0,3.473389,1
15:33:43.825879,45,-1.3092158,2.363691,1.33785,0.55664,24.359999,1.0,2.5052993,1
15:33:43.825879,45,-1.3384458,2.4459136,1.4329747,0.55664,18.88,1.0,4.2522044,1
15:33:43.825879,45,-1.2885103,2.4428113,1.315995,0.55664,22.76,1.0,2.3093717,1
15:33:43.825879,45,-1.1505944,2.2297788,1.3488623,0.62636,12.12,1.0,6.8440766,1
15:33:43.825879,45,-1.2598667,2.3885074,1.3312005,0.55664,30.119999,1.0,1.0842019,1
15:33:43.825879,45,-1.2630802,2.4551346,1.312693,0.55664,27.24,1.0,1.7064024,1
15:33:43.825879,45,-1.1529726,2.2642922,1.2284331,0.62636,15.5199995,1.0,4.643579,1
15:33:43.825879,45,-1.2100136,2.4123654,1.3248078,0.55664,44.76,1.0,0.36229098,1
15:33:43.825879,45,-1.2375238,2.4672117,1.309457,0.55664,31.76,1.0,1.2814713,1
15:33:43.825879,45,-1.1849043,2.423932,1.3217084,0.55664,51.64,1.0,0.2682506,1
15:33:43.825879,45,-1.2372967,2.5010054,1.1793653,0.55664,6.52,0.652,2.1502283,1
15:33:43.825879,45,-1.2350019,2.4005568,1.3279718,0.55664,37.12,1.0,0.6349084,1
15:33:43.825879,45,-1.3384458,2.4459136,1.4329747,0.55664,18.88,1.0,4.2522044,1
15:33:43.825879,45,-1.2350019,2.4005568,1.3279718,0.55664,37.12,1.0,0.6349084,1
15:33:43.825879,45,-1.0019425,2.4305,1.0898869,0.48720002,21.88,1.0,3.637793,1
15:33:43.825879,45,-1.3384458,2.4459136,1.4329747,0.55664,18.88,1.0,4.2522044,1
15:33:43.825879,45,-1.1529726,2.2642922,1.2284331,0.62636,15.5199995,1.0,4.643579,1
15:33:43.825879,45,-1.0563624,2.4463282,1.2005614,0.55664,33.64,1.0,1.859534,1
15:33:43.825879,45,-1.2885103,2.4428113,1.315995,0.55664,22.76,1.0,2.3093717,1
15:33:43.825879,45,-1.2375238,2.4672117,1.309457,0.55664,31.76,1.0,1.2814713,1
15:33:43.825879,45,-1.0306112,2.4564075,1.1978607,0.55664,27.119999,1.0,2.7456183,1
15:33:43.825879,45,-1.2350019,2.4005568,1.3279718,0.55664,37.12,1.0,0.6349084,1
15:33:43.825879,45,-1.0019425,2.4305,1.0898869,0.48720002,21.88,1.0,3.637793,1
15:33:43.825879,45,-1.1596767,2.4352558,1.3186743,0.55664,55.239998,1.0,0.35470378,1
15:33:43.825879,45,-1.1075453,2.4254258,1.2061622,0.55664,48.76,1.0,0.6624745,1
15:33:43.825879,45,-1.1596767,2.4352558,1.3186743,0.55664,55.239998,1.0,0.35470378,1
15:33:43.825879,45,-1.1860424,2.4906223,1.303184,0.55664,36.88,1.0,0.97374916,1
15:33:43.825879,45,-1.1287805,2.3141396,1.1269509,0.55664,25.119999,1.0,2.8102984,1
15:33:43.825879,45,-1.0820079,2.4360006,1.2033287,0.55664,41.12,1.0,1.165816,1
15:33:43.825879,45,-1.1287805,2.3141396,1.1269509,0.55664,25.119999,1.0,2.8102984,1
15:33:43.881239,46,-1.1325667,2.5799675,1.2785892,0.55664,25.0,1.0,0.265508,1
15:33:43.881239,46,-1.1592973,2.5688987,1.2815552,0.55664,26.76,1.0,0.30635008,1
15:33:43.881239,46,-1.0340487,2.3555453,1.3413422,0.55664,16.359999,1.0,7.5350113,1
15:33:43.881239,46,-1.0582547,2.4388268,1.4309454,0.55664,18.52,1.0,3.5837898,1
15:33:43.881239,46,-1.107494,2.5523024,1.4044679,0.62636,37.52,1.0,0.46717036,1
15:33:43.881239,46,-1.1057228,2.5907776,1.2756927,0.55664,22.24,1.0,0.34537342,1
15:33:43.881239,46,-0.84282047,2.7601335,0.059813254,0.76552004,17.359999,1.0,8.483795,1
15:33:43.881239,46,-1.051706,2.6116176,1.2701087,0.55664,19.359999,1.0,0.877245,1
15:33:43.881239,46,-1.0233091,2.588395,1.1559492,0.62636,16.64,1.0,1.0298091,1
15:33:43.881239,46,-1.1298031,2.3707235,-0.08144602,0.76552004,8.639999,0.86399996,7.365056,1
15:33:43.881239,46,-0.87269545,2.5955155,-0.039315145,0.76552004,15.0,1.0,6.5095444,1
15:33:43.881239,46,-0.8903652,2.8018909,0.026787212,0.83496004,9.36,0.936,9.833454,1
15:33:43.881239,46,-1.1336329,2.5414784,1.4073683,0.55664,40.76,1.0,0.30089658,1
15:33:43.881239,46,-1.0284234,2.5832517,1.3961751,0.62636,28.24,1.0,1.6925721,1
15:33:43.881239,46,-1.0812443,2.5628731,1.4016355,0.62636,33.0,1.0,0.7529583,1
15:33:43.881239,46,-1.2068578,2.5412753,1.0425487,0.55664,6.12,0.612,1.0225935,1
15:33:43.881239,46,-1.3106595,2.483265,1.5406362,0.55664,22.519999,1.0,2.2925086,1
15:33:43.881239,46,-1.2600499,2.508097,1.5339825,0.55664,26.88,1.0,1.2862107,1
15:33:43.881239,46,-1.2906421,2.5388129,1.4100466,0.55664,18.24,1.0,2.461937,1
15:33:43.881239,46,-1.2345549,2.520145,1.5307542,0.55664,31.64,1.0,0.93898666,1
15:33:43.881239,46,-1.264528,2.5511537,1.40674,0.55664,21.119999,1.0,1.8932651,1
15:33:43.881239,46,-1.2097235,2.526213,1.4997344,0.55664,36.36,1.0,0.63443553,1
15:33:43.881239,46,-1.2382876,2.5632412,1.403501,0.55664,23.88,1.0,1.4319094,1
15:33:43.881239,46,-1.185568,2.5190759,1.413371,0.55664,40.12,1.0,0.31754532,1
15:33:43.881239,46,-1.2119232,2.575075,1.4003302,0.55664,26.119999,1.0,1.0802183,1
15:33:43.881239,46,-1.1316115,2.4980102,1.5321053,0.55664,22.64,1.0,0.98761266,1
15:33:43.881239,46,-1.1596584,2.5304027,1.410336,0.55664,41.76,1.0,0.2517939,1
15:33:43.881239,46,-1.185912,2.557572,1.2845901,0.55664,27.24,1.0,0.4654279,1
15:33:43.881239,46,-1.2972279,2.27667,0.12080483,-0.13916,5.8799996,0.588,10.904982,1
15:33:43.881239,46,-1.2068578,2.5412753,1.0425487,0.55664,6.12,0.612,1.0225935,1
15:33:43.881239,46,-1.2906421,2.5388129,1.4100466,0.55664,18.24,1.0,2.461937,1
15:33:43.881239,46,-1.051706,2.6116176,1.2701087,0.55664,19.359999,1.0,0.877245,1
15:33:43.881239,46,-1.2119232,2.575075,1.4003302,0.55664,26.119999,1.0,1.0802183,1
15:33:43.881239,46,-1.2382876,2.5632412,1.403501,0.55664,23.88,1.0,1.4319094,1
15:33:43.881239,46,-1.1592973,2.5688987,1.2815552,0.55664,26.76,1.0,0.30635008,1
15:33:43.881239,46,-1.1325667,2.5799675,1.2785892,0.55664,25.0,1.0,0.265508,1
15:33:43.881239,46,-1.051706,2.6116176,1.2701087,0.55664,19.359999,1.0,0.877245,1
15:33:43.881239,46,-1.2906421,2.5388129,1.4100466,0.55664,18.24,1.0,2.461937,1
15:33:43.881239,46,-1.264528,2.5511537,1.40674,0.55664,21.119999,1.0,1.8932651,1
15:33:43.881239,46,-1.2600499,2.508097,1.5339825,0.55664,26.88,1.0,1.2862107,1
15:33:43.881239,46,-1.0233091,2.588395,1.1559492,0.62636,16.64,1.0,1.0298091,1
15:33:43.881239,46,-1.051706,2.6116176,1.2701087,0.55664,19.359999,1.0,0.877245,1
15:33:43.881239,46,-1.051706,2.6116176,1.2701087,0.55664,19.359999,1.0,0.877245,1
15:33:43.881239,46,-1.2345549,2.520145,1.5307542,0.55664,31.64,1.0,0.93898666,1
15:33:43.881239,46,-0.8903652,2.8018909,0.026787212,0.83496004,9.36,0.936,9.833454,1
15:33:43.881239,46,-1.0284234,2.5832517,1.3961751,0.62636,28.24,1.0,1.6925721,1
15:33:43.881239,46,-1.185912,2.557572,1.2845901,0.55664,27.24,1.0,0.4654279,1
15:33:43.881239,46,-0.87269545,2.5955155,-0.039315145,0.76552004,15.0,1.0,6.5095444,1
15:33:43.944001,47,-1.0047569,2.5904932,-0.13904205,0.55664,69.88,1.0,0.49126378,1
15:33:43.944001,47,-0.8118272,3.051735,-1.2980583,0.48720002,7.3599997,0.736,9.557653,1
15:33:43.944001,47,-1.4497548,2.7180111,-0.95290494,0.48720002,12.88,1.0,7.1823654,1
15:33:43.944001,47,-1.2010802,2.921946,-1.1175153,0.48720002,8.24,0.824,3.5955594,1
15:33:43.944001,47,-1.1825035,2.4479682,-0.027187048,0.55664,17.52,1.0,1.6667502,1
15:33:43.944001,47,-1.2735405,2.7768908,-0.8126959,0.48720002,9.24,0.92399997,2.5561502,1
15:33:43.944001,47,-0.8090708,2.5257614,-0.13271968,0.62636,16.64,1.0,3.5109563,1
15:33:43.944001,47,-0.93721014,2.4163423,-0.051841546,0.62636,10.12,1.0,4.0055814,1
15:33:43.944001,47,-1.142614,2.8607354,-0.95290494,0.48720002,9.24,0.92399997,2.1161127,1
15:33:43.944001,47,-1.0245384,2.72192,-0.029084517,0.55664,8.36,0.83599997,10.905228,1
15:33:43.944001,47,-1.3120991,2.787072,-0.95290494,0.48720002,18.119999,1.0,3.756046,1
15:33:43.944001,47,-1.0585194,2.503634,-0.054371376,0.55664,67.0,1.0,0.49786577,1
15:33:43.944001,47,-0.87354946,2.6360211,-0.16681987,0.55664,31.64,1.0,1.3391408,1
15:33:43.944001,47,-1.1079372,2.620518,-0.028452026,0.55664,25.359999,1.0,5.0784497,1
15:33:43.944001,47,-1.2638706,2.8301573,-1.0964222,0.48720002,17.24,1.0,4.4027815,1
15:33:43.944001,47,-0.90942717,2.491387,-0.13271968,0.62636,42.239998,1.0,2.4674542,1
15:33:43.944001,47,-1.0827538,2.4245865,-0.026554558,0.55664,31.0,1.0,1.6116035,1
15:33:43.944001,47,-1.1343329,2.5400865,-0.027819537,0.55664,32.88,1.0,2.0147877,1
15:33:43.944001,47,-1.0323455,2.511454,-0.13588087,0.62636,83.24,1.0,0.50175035,1
15:33:43.944001,47,-0.879891,2.5688384,-0.13588087,0.62636,38.52,1.0,1.1364073,1
15:33:43.944001,47,-1.0021079,2.662328,-0.05690121,0.55664,30.359999,1.0,4.7359176,1
15:33:43.944001,47,-1.0574727,2.5725825,-0.05563629,0.55664,63.0,1.0,1.4300306,1
15:33:43.944001,47,-1.0093884,2.455605,-0.05310646,0.55664,54.36,1.0,1.341022,1
15:33:43.944001,47,-0.9565487,2.5412898,-0.13588087,0.62636,84.0,1.0,0.5594927,1
15:33:43.944001,47,-0.92660165,2.6194658,-0.13904205,0.55664,50.76,1.0,0.9909269,1
15:33:43.944001,47,-1.3675745,2.7602742,-0.95290494,0.48720002,16.24,1.0,4.8904414,1
15:33:43.944001,47,-1.1995964,2.8373125,-0.95290494,0.48720002,13.759999,1.0,2.3784072,1
15:33:43.944001,47,-1.256099,2.8127546,-0.95290494,0.48720002,15.88,1.0,2.9221623,1
15:33:43.944001,47,-0.82788575,2.584498,-0.16302715,0.55664,22.359999,1.0,1.9312195,1
15:33:43.944001,47,-1.1849043,2.5168934,-0.027819537,0.55664,20.88,1.0,2.3391714,1
15:33:43.944001,47,-1.1333109,2.4711273,-0.027187048,0.55664,28.76,1.0,1.0740893,1
15:33:43.944001,47,-1.1310257,2.402448,-0.026554558,0.55664,19.359999,1.0,2.2358036,1
15:33:43.944001,47,-0.96007776,2.4753003,-0.05310646,0.55664,55.52,1.0,1.2972156,1
15:33:43.944001,47,-0.8594209,2.5090759,-0.13271968,0.62636,26.519999,1.0,2.8648782,1
15:33:43.944001,47,-1.0288349,2.652572,-0.028452026,0.55664,29.88,1.0,5.4117584,1
15:33:43.944001,47,-1.1087095,2.55092,-0.05563629,0.55664,41.76,1.0,1.4850897,1
15:33:43.944001,47,-1.1083771,2.481964,-0.054371376,0.55664,37.879997,1.0,0.78259027,1
15:33:43.944001,47,-1.0582954,2.4349275,-0.05310646,0.55664,39.12,1.0,1.6261004,1
15:33:43.944001,47,-1.1711638,2.8491664,-0.95290494,0.48720002,11.36,1.0,2.2125518,1
15:33:43.944001,47,-1.3951083,2.7464607,-0.95290494,0.48720002,14.639999,1.0,5.574039,1
15:33:43.944001,47,-1.3399037,2.7738118,-0.95290494,0.48720002,17.64,1.0,4.2849646,1
15:33:43.944001,47,-1.2841632,2.8000534,-0.95290494,0.48720002,17.52,1.0,3.3022292,1
15:33:43.944001,47,-1.0816771,2.6314662,-0.028452026,0.55664,28.0,1.0,5.148492,1
15:33:43.944001,47,-1.1596767,2.5286164,-0.027819537,0.55664,26.0,1.0,2.151432,1
15:33:43.944001,47,-1.0831451,2.5618794,-0.05563629,0.55664,52.36,1.0,1.4326735,1
15:33:43.944001,47,-0.97880214,2.6004112,-0.13904205,0.55664,69.36,1.0,0.6059998,1
15:33:43.944001,47,-0.9003611,2.6286008,-0.13904205,0.55664,40.239998,1.0,1.2604038,1
15:33:43.944001,47,-0.95274955,2.610069,-0.13904205,0.55664,61.64,1.0,0.7726882,1
15:33:43.996831,48,-1.0770104,2.950483,-0.9715966,0.55664,18.64,1.0,4.6106257,1
15:33:43.996831,48,-0.8946178,2.699597,0.0853447,0.6958,11.12,1.0,3.5060709,1
15:33:43.996831,48,-1.193919,2.5926385,-1.8734695,0.48720002,9.24,0.92399997,2.3823576,1
15:33:43.996831,48,-1.10307,2.644723,-0.4980464,0.41748002,15.0,1.0,1.8798136,1
15:33:43.996831,48,-1.2013774,2.5661485,-1.4018121,0.34804,5.64,0.564,0.50481564,1
15:33:43.996831,48,-1.422474,2.4534469,-1.6632699,0.55664,12.759999,1.0,3.6619222,1
15:33:43.996831,48,-0.8715823,2.6300852,-0.25004214,0.55664,13.24,1.0,4.343918,1
15:33:43.996831,48,-0.7925006,2.8635135,-0.05943104,0.6958,15.759999,1.0,2.7134054,1
15:33:43.996831,48,-1.0685123,2.6129107,-1.558326,0.34804,13.639999,1.0,3.3083515,1
15:33:43.996831,48,-0.9420551,2.6791909,-0.6275676,0.6958,34.239998,1.0,1.5650358,1
15:33:43.996831,48,-1.223127,2.5429244,-1.6872454,0.55664,44.52,1.0,1.2778447,1
15:33:43.996831,48,-1.3272804,2.5087032,-1.5304037,0.48720002,15.24,1.0,1.7041401,1
15:33:43.996831,48,-1.0097585,2.947986,-0.82895625,0.34804,8.36,0.83599997,3.2286208,1
15:33:43.996831,48,-1.127747,2.6377215,-1.7319971,0.55664,22.119999,1.0,2.5569906,1
15:33:43.996831,48,-0.9063767,2.8295314,0.05943104,0.6958,26.519999,1.0,2.8564565,1
15:33:43.996831,48,-1.2134761,2.5577936,-1.5435574,0.34804,25.359999,1.0,0.770251,1
15:33:43.996831,48,-0.99487585,2.6852574,-0.5089076,0.6958,26.88,1.0,0.8256928,1
15:33:43.996831,48,-1.3635739,2.5414128,-1.7061913,0.48720002,19.24,1.0,2.1944802,1
15:33:43.996831,48,-0.8781683,2.8388793,-0.029717006,0.6958,24.64,1.0,2.1752346,1
15:33:43.996831,48,-1.4112501,2.469022,-1.5197711,0.48720002,10.5199995,1.0,3.9981408,1
15:33:43.996831,48,-0.83152574,2.786495,0.058166124,0.6958,24.359999,1.0,2.8486953,1
15:33:43.996831,48,-1.018548,2.7183177,-0.6360874,0.6958,18.76,1.0,0.34419516,1
15:33:43.996831,48,-0.80374026,2.7950902,-0.029084517,0.41748002,20.24,1.0,3.0047178,1
15:33:43.996831,48,-1.0449872,2.7277696,-0.54641944,0.6958,15.639999,1.0,0.78146815,1
15:33:43.996831,48,-1.3093526,2.506229,-1.6774127,0.55664,31.76,1.0,1.3615743,1
15:33:43.996831,48,-1.0676031,3.0180714,-0.99028826,0.55664,14.5199995,1.0,7.046096,1
15:33:43.996831,48,-1.2171096,2.6037445,-1.7228931,0.55664,32.64,1.0,1.1390908,1
15:33:43.996831,48,-1.1358007,2.5771053,-1.6964041,0.55664,32.0,1.0,2.6991987,1
15:33:43.996831,48,-0.9625416,2.8101366,0.08913913,0.6958,25.0,1.0,4.0442677,1
15:33:43.996831,48,-1.0995834,2.7129905,-0.51175874,0.6958,13.0,1.0,1.8990138,1
15:33:43.996831,48,-0.8868638,2.768616,0.08724192,0.6958,32.64,1.0,2.8661652,1
15:33:43.996831,48,-1.4212255,2.5145128,-1.6989836,0.48720002,12.759999,1.0,3.7334597,1
15:33:43.996831,48,-1.3053769,2.5671937,-1.7130994,0.55664,28.0,1.0,1.2800379,1
15:33:43.996831,48,-1.3661866,2.4803843,-1.6704878,0.55664,19.76,1.0,2.2099519,1
15:33:43.996831,48,-1.0177892,2.9714317,-0.9715966,0.55664,11.12,1.0,4.1174097,1
15:33:43.996831,48,-1.2706324,2.533798,-1.5371279,0.48720002,21.64,1.0,0.92290086,1
15:33:43.996831,48,-1.1558344,2.5806801,-1.5496898,0.34804,21.0,1.0,1.2720491,1
15:33:43.996831,48,-0.82121885,2.8558738,-0.029717006,0.6958,18.64,1.0,2.3852623,1
15:33:43.996831,48,-0.9682019,2.688944,-0.53994274,0.6958,31.24,1.0,0.9563403,1
15:33:43.996831,48,-1.0977299,3.0072446,-0.99028826,0.55664,18.0,1.0,7.58931,1
15:33:43.996831,48,-1.2466576,2.5918453,-1.7197047,0.55664,31.519999,1.0,1.0174223,1
15:33:43.996831,48,-1.3924694,2.5281022,-1.7026247,0.48720002,15.639999,1.0,2.8876052,1
15:33:43.996831,48,-1.1576513,2.6266837,-1.7290397,0.55664,26.76,1.0,1.9054626,1
15:33:43.996831,48,-1.1874398,2.6153576,-1.7260048,0.55664,30.76,1.0,1.4339662,1
15:33:43.996831,48,-1.3345422,2.5544438,-1.709683,0.48720002,23.519999,1.0,1.657488,1
15:33:43.996831,48,-1.3944,2.4670515,-1.6669153,0.55664,15.759999,1.0,2.862115,1
15:33:43.996831,48,-1.1064608,2.5879345,-1.6993058,0.55664,24.519999,1.0,3.5226989,1
15:33:43.996831,48,-1.3378365,2.4934437,-1.673987,0.55664,25.119999,1.0,1.708685,1
15:33:44.049782,49,-0.768783,2.5752244,1.2811698,0.62636,36.64,1.0,0.8086886,1
15:33:44.049782,49,-0.9570046,2.7653527,0.3671594,0.48720002,12.12,1.0,2.0874217,1
15:33:44.049782,49,-0.8132395,2.6544461,1.3770987,0.76552004,39.879997,1.0,0.95387256,1
15:33:44.049782,49,-0.79547936,2.5676694,1.2831942,0.62636,43.239998,1.0,0.53146994,1
15:33:44.049782,49,-0.9787828,2.7657542,0.5161238,0.48720002,10.5199995,1.0,1.0784644,1
15:33:44.049782,49,-0.8543257,2.750335,1.5936035,0.76552004,23.119999,1.0,2.346547,1
15:33:44.049782,49,-0.8404505,2.6464593,1.3792387,0.76552004,40.36,1.0,0.7865653,1
15:33:44.049782,49,-0.7862616,2.6337733,1.2648269,0.62636,36.239998,1.0,0.88412553,1
15:33:44.049782,49,-0.98789364,2.7559595,0.3696763,0.76552004,14.12,1.0,1.7743497,1
15:33:44.049782,49,-0.7418985,2.574933,1.2524499,0.62636,29.76,1.0,1.1678603,1
15:33:44.049782,49,-0.7150551,2.5819697,1.2505643,0.62636,23.64,1.0,1.7092476,1
15:33:44.049782,49,-0.7314219,2.6484334,1.2608987,0.62636,25.519999,1.0,1.9245837,1
15:33:44.049782,49,-0.6874177,2.5644264,1.1689171,0.6958,18.88,1.0,2.3079474,1
15:33:44.049782,49,-0.7038909,2.6553655,1.2590412,0.62636,20.76,1.0,2.6487553,1
15:33:44.049782,49,-0.67547816,2.6293876,1.1482381,0.62636,16.88,1.0,3.3361816,1
15:33:44.049782,49,-0.8220961,2.5598571,1.2852874,0.62636,47.0,1.0,0.38588077,1
15:33:44.049782,49,-0.7588797,2.6412358,1.2628273,0.62636,31.0,1.0,1.336188,1
15:33:44.049782,49,-1.0186838,2.7462685,0.37227303,0.76552004,16.359999,1.0,1.6397464,1
15:33:44.049782,49,-0.9732407,2.6268623,1.5021594,0.76552004,17.76,1.0,2.6266704,1
15:33:44.049782,49,-0.90202904,2.7967937,1.5577471,0.6958,22.519999,1.0,2.4475915,1
15:33:44.049782,49,-1.009289,2.7561526,0.51869655,0.48720002,12.12,1.0,0.9712067,1
15:33:44.049782,49,-1.2311919,2.6701748,0.39266223,0.76552004,14.5199995,1.0,5.7221646,1
15:33:44.049782,49,-1.2011788,2.6819224,0.38951448,0.76552004,16.52,1.0,4.599232,1
15:33:44.049782,49,-0.9535125,2.5447497,1.4045275,0.62636,21.88,1.0,2.0193484,1
15:33:44.049782,49,-1.1710457,2.6933794,0.38644457,0.76552004,18.24,1.0,3.6563728,1
15:33:44.049782,49,-0.9275756,2.5472689,1.3750603,0.62636,27.359999,1.0,1.3859044,1
15:33:44.049782,49,-0.9465304,2.6361341,1.499675,0.76552004,21.88,1.0,2.0952072,1
15:33:44.049782,49,-1.10019,2.7255862,0.52688676,0.48720002,15.12,1.0,1.7033026,1
15:33:44.049782,49,-1.110431,2.7154176,0.38053948,0.76552004,19.359999,1.0,2.3106792,1
15:33:44.049782,49,-0.90130746,2.5561018,1.3726935,0.62636,34.12,1.0,0.99509025,1
15:33:44.049782,49,-0.97958595,2.5354135,1.4070292,0.62636,17.52,1.0,2.6780128,1
15:33:44.049782,49,-1.0699956,2.7360675,0.5240783,0.48720002,14.759999,1.0,1.2833066,1
15:33:44.049782,49,-0.91972554,2.6451476,1.4972599,0.76552004,26.88,1.0,1.7014227,1
15:33:44.049782,49,-0.86757755,2.63821,1.3814491,0.76552004,37.52,1.0,0.75659835,1
15:33:44.049782,49,-0.8293367,2.493772,1.3036497,0.62636,17.64,1.0,0.47605693,1
15:33:44.049782,49,-1.069179,2.7879276,0.34427655,0.97412,10.0,1.0,1.8477685,1
15:33:44.049782,49,-0.8486307,2.551788,1.2874495,0.62636,46.12,1.0,0.37230924,1
15:33:44.049782,49,-1.0396943,2.7462566,0.5213482,0.48720002,13.639999,1.0,1.0393703,1
15:33:44.049782,49,-0.8946178,2.6296992,1.3837296,0.62636,32.36,1.0,0.864329,1
15:33:44.049782,49,-0.87508047,2.5434632,1.2896802,0.62636,41.0,1.0,0.4910958,1
15:33:44.049782,49,-1.0799556,2.7259965,0.3777049,0.76552004,19.24,1.0,1.9075835,1
15:33:44.049782,49,-1.0493722,2.7362804,0.3749493,0.76552004,18.24,1.0,1.6840376,1
15:33:44.049782,49,-0.90130746,2.5561018,1.3726935,0.62636,34.12,1.0,0.99509025,1
15:33:44.049782,49,-0.9535125,2.5447497,1.4045275,0.62636,21.88,1.0,2.0193484,1
15:33:44.049782,49,-0.9787828,2.7657542,0.5161238,0.48720002,10.5199995,1.0,1.0784644,1
15:33:44.049782,49,-0.8404505,2.6464593,1.3792387,0.76552004,40.36,1.0,0.7865653,1
15:33:44.049782,49,-0.7418985,2.574933,1.2524499,0.62636,29.76,1.0,1.1678603,1
15:33:44.049782,49,-0.8946178,2.6296992,1.3837296,0.62636,32.36,1.0,0.864329,1
15:33:44.107795,50,-0.7508335,2.832452,1.2096267,0.6958,30.119999,1.0,1.7981241,1
15:33:44.107795,50,-0.94998556,2.8090065,0.18340509,0.62636,22.359999,1.0,4.1973085,1
15:33:44.107795,50,-1.0175071,2.8134632,0.6367666,1.6699201,5.52,0.552,2.0374358,1
15:33:44.107795,50,-0.9465304,2.6361341,1.499675,0.6958,19.119999,1.0,4.923098,1
15:33:44.107795,50,-0.80906844,2.8713315,0.47354454,0.34804,13.639999,1.0,3.448032,1
15:33:44.107795,50,-0.7026594,2.7022285,1.4525712,0.6958,28.64,1.0,2.5166576,1
15:33:44.107795,50,-1.1313903,2.766671,0.34997222,0.62636,18.76,1.0,5.8322434,1
15:33:44.107795,50,-0.9254364,2.8141525,1.3401978,0.76552004,23.119999,1.0,2.693359,1
15:33:44.107795,50,-0.88007957,2.8444297,0.32913685,0.34804,27.76,1.0,3.0995147,1
15:33:44.107795,50,-0.96641976,2.8284478,0.4850352,-1.94824,21.24,1.0,1.9491,1
15:33:44.107795,50,-0.7636354,2.7958357,1.3431417,0.6958,59.879997,1.0,0.9599036,1
15:33:44.107795,50,-0.93252385,2.7718942,1.4724581,0.6958,33.88,1.0,2.3679137,1
15:33:44.107795,50,-0.61945975,2.7995965,1.2190851,0.6958,15.36,1.0,3.885397,1
15:33:44.107795,50,-0.7684755,2.6029894,1.3889222,0.6958,21.64,1.0,8.205317,1
15:33:44.107795,50,-0.6344353,2.763028,1.3499683,0.6958,15.88,1.0,3.1321194,1
15:33:44.107795,50,-1.0065401,2.8079782,0.338904,0.62636,31.88,1.0,3.017821,1
15:33:44.107795,50,-1.0905803,2.7887042,0.49568444,-1.94824,17.0,1.0,3.8202212,1
15:33:44.107795,50,-0.8387697,2.670628,1.4904324,0.6958,41.76,1.0,2.3202434,1
15:33:44.107795,50,-0.8023341,2.7402656,1.4463058,0.6958,68.64,1.0,0.5761923,1
15:33:44.107795,50,-1.0165111,2.7436528,1.4800254,0.62636,15.759999,1.0,4.203651,1
15:33:44.107795,50,-0.83836204,2.83971,1.3333498,0.6958,37.239998,1.0,2.682485,1
15:33:44.107795,50,-0.6760191,2.6904163,1.3674605,0.6958,23.0,1.0,3.969432,1
15:33:44.107795,50,-0.6622938,2.8529282,1.2041401,0.6958,16.24,1.0,4.074678,1
15:33:44.107795,50,-0.84939617,2.7724628,1.3494045,0.6958,73.36,1.0,0.4893955,1
15:33:44.107795,50,-0.9810621,2.8215528,1.4637321,0.76552004,15.24,1.0,5.836634,1
15:33:44.107795,50,-0.7192507,2.7434132,1.3552241,0.6958,35.36,1.0,1.2926395,1
15:33:44.107795,50,-0.8850902,2.7215805,1.4813596,0.6958,45.64,1.0,1.1858082,1
15:33:44.107795,50,-0.7800835,2.848197,1.299665,0.6958,35.12,1.0,2.7426038,1
15:33:44.107795,50,-0.7062515,2.8030405,1.3104551,0.6958,33.88,1.0,1.7226431,1
15:33:44.107795,50,-0.8766319,2.7834704,1.4386555,0.6958,59.359997,1.0,1.4534504,1
15:33:44.107795,50,-1.069179,2.7879276,0.34427655,0.62636,25.359999,1.0,4.0540447,1
15:33:44.107795,50,-0.8163086,2.860816,0.32474613,0.34804,20.359999,1.0,4.18622,1
15:33:44.107795,50,-0.94349855,2.8268147,0.33385676,0.62636,33.12,1.0,2.7051618,1
15:33:44.107795,50,-0.8722738,2.8550904,0.47789633,0.34804,18.119999,1.0,2.350181,1
15:33:44.107795,50,-1.0287057,2.8091757,0.49019915,-1.94824,20.64,1.0,2.5338876,1
15:33:44.107795,50,-0.99487585,2.6852574,1.4910923,0.6958,15.759999,1.0,3.8802416,1
15:33:44.107795,50,-0.784886,2.680674,1.4583467,0.6958,45.239998,1.0,2.1336808,1
15:33:44.107795,50,-0.67745835,2.7870688,1.2224419,0.6958,25.519999,1.0,2.1191106,1
15:33:44.107795,50,-0.94017106,2.7039492,1.486084,0.6958,26.119999,1.0,2.244403,1
15:33:44.107795,50,-0.89282864,2.6539016,1.4949142,0.6958,29.359999,1.0,3.3277156,1
15:33:44.107795,50,-0.91183466,2.8357754,0.33145577,0.34804,31.0,1.0,2.8149226,1
15:33:44.107795,50,-1.0379114,2.798104,0.34154975,0.62636,29.0,1.0,3.4443798,1
15:33:44.107795,50,-0.8482365,2.852777,0.3269002,0.34804,24.0,1.0,3.5571647,1
15:33:44.107795,50,-1.1003397,2.7774496,0.34708413,0.62636,21.88,1.0,4.849175,1
15:33:44.107795,50,-0.97506803,2.8175488,0.3363396,0.62636,33.52,1.0,2.7721245,1
15:33:44.107795,50,-1.0596961,2.7990894,0.49290174,-1.94824,19.0,1.0,3.0882144,1
15:33:44.107795,50,-0.84071314,2.8633635,0.47567955,0.34804,15.88,1.0,2.8171833,1
15:33:44.107795,50,-0.93513024,2.8376317,0.4825744,-1.94824,20.0,1.0,1.9143368,1
15:33:44.163071,51,-0.70466286,2.835184,1.4554996,0.76552004,112.24,1.0,0.10260295,1
15:33:44.163071,51,-0.5546059,2.9359262,1.1812485,0.76552004,9.5199995,0.95199996,3.9001725,1
15:33:44.163071,51,-0.9202572,2.8612058,1.5782726,0.76552004,16.0,1.0,3.9915805,1
15:33:44.163071,51,-0.86584246,2.6623955,1.4926383,0.76552004,17.24,1.0,4.568438,1
15:33:44.163071,51,-0.52047324,2.7853422,1.3439893,0.76552004,19.0,1.0,3.5193877,1
15:33:44.163071,51,-0.7059566,2.9363766,1.3094044,0.76552004,20.119999,1.0,1.757602,1
15:33:44.163071,51,-0.6760191,2.6904163,1.3674605,0.76552004,44.12,1.0,2.5335135,1
15:33:44.163071,51,-0.85405314,2.9249377,1.4405919,0.76552004,10.24,1.0,3.1717198,1
15:33:44.163071,51,-0.7755238,2.9021642,1.5672978,0.76552004,69.119995,1.0,1.6504414,1
15:33:44.163071,51,-0.57292885,2.9010954,1.3169016,0.76552004,24.76,1.0,2.3097,1
15:33:44.163071,51,-0.7345993,2.9556322,1.4323674,0.76552004,20.119999,1.0,2.4279063,1
15:33:44.163071,51,-0.7139111,2.635392,1.4665534,0.76552004,13.759999,1.0,4.579173,1
15:33:44.163071,51,-0.58894974,2.860178,1.4488025,0.83496004,36.0,1.0,1.557024,1
15:33:44.163071,51,-0.77388847,2.7536337,1.472771,0.76552004,61.64,1.0,0.8214259,1
15:33:44.163071,51,-0.6335787,2.7818878,1.4351531,0.76552004,55.0,1.0,0.9156409,1
15:33:44.163071,51,-0.8805258,2.9381776,1.5648081,0.83496004,8.5199995,0.852,4.6360917,1
15:33:44.163071,51,-0.6607049,2.9088612,1.4403379,0.76552004,62.0,1.0,1.2164699,1
15:33:44.163071,51,-0.8446426,2.8184407,1.582543,0.76552004,36.0,1.0,1.682408,1
15:33:44.163071,51,-0.5650096,2.7143943,1.3610356,0.76552004,21.76,1.0,3.7817378,1
15:33:44.163071,51,-0.784886,2.680674,1.4583467,0.76552004,32.36,1.0,2.752885,1
15:33:44.163071,51,-0.51344275,2.881326,1.1965309,0.76552004,15.0,1.0,3.9588406,1
15:33:44.163071,51,-0.7601624,2.836941,1.5469897,0.76552004,92.52,1.0,0.51363885,1
15:33:44.163071,51,-0.74903214,2.8884342,1.4458113,0.76552004,87.0,1.0,0.73625576,1
15:33:44.163071,51,-0.85741556,2.7299962,1.4791046,0.76552004,26.64,1.0,2.397199,1
15:33:44.163071,51,-0.7026594,2.7022285,1.4525712,0.76552004,46.12,1.0,1.9583826,1
15:33:44.163071,51,-0.68966496,2.7748406,1.4670887,0.76552004,85.0,1.0,0.47046298,1
15:33:44.163071,51,-0.5609889,2.840636,1.3311374,0.76552004,27.0,1.0,2.0119116,1
15:33:44.163071,51,-0.6154468,2.9246242,1.184277,0.76552004,13.5199995,1.0,2.4967759,1
15:33:44.163071,51,-0.6455182,2.9494314,1.3059064,0.76552004,16.0,1.0,2.3986,1
15:33:44.163071,51,-0.7944851,2.940862,1.4363251,0.76552004,15.5199995,1.0,2.5211122,1
15:33:44.163071,51,-0.83367014,2.88662,1.5714629,0.76552004,36.76,1.0,2.1786761,1
15:33:44.163071,51,-0.64693564,2.84824,1.4520013,0.76552004,68.52,1.0,0.5551728,1
15:33:44.163071,51,-0.9010789,2.8015776,1.5870615,0.76552004,20.76,1.0,3.0230763,1
15:33:44.163071,51,-0.5775698,2.7747355,1.3468313,0.76552004,31.24,1.0,2.0605278,1
15:33:44.163071,51,-0.62063843,2.7029414,1.3641044,0.76552004,32.76,1.0,2.8837786,1
15:33:44.163071,51,-0.78786844,2.83421,1.5783176,0.76552004,68.52,1.0,0.8820508,1
15:33:44.163071,51,-0.8116131,2.6785989,1.4882966,0.76552004,26.359999,1.0,3.120735,1
15:33:44.163071,51,-0.5850556,2.930422,1.1827234,0.76552004,11.24,1.0,3.1263323,1
15:33:44.163071,51,-0.6757712,2.94305,1.3076162,0.76552004,18.52,1.0,2.0072083,1
15:33:44.163071,51,-0.8243103,2.9330437,1.43842,0.76552004,12.639999,1.0,2.776737,1
15:33:44.163071,51,-0.7645804,2.9483917,1.4343075,0.76552004,18.24,1.0,2.4048347,1
15:33:44.163071,51,-0.54311025,2.9064856,1.3154573,0.76552004,19.0,1.0,3.1211407,1
15:33:44.163071,51,-0.6026901,2.8954177,1.3184229,0.76552004,33.12,1.0,1.6391356,1
15:33:44.163071,51,-0.6311264,2.9151003,1.4386661,0.76552004,45.239998,1.0,1.6533227,1
15:33:44.163071,51,-0.6902173,2.9023366,1.4420861,0.76552004,81.0,1.0,0.91803,1
15:33:44.163071,51,-0.7196607,2.8955274,1.4439106,0.76552004,92.759995,1.0,0.757967,1
15:33:44.163071,51,-0.86261976,2.8784275,1.573658,0.76552004,27.119999,1.0,2.6468663,1
15:33:44.163071,51,-0.8046372,2.8945327,1.5693427,0.76552004,50.76,1.0,1.8465432,1
15:33:44.218288,52,-0.67583305,2.8418515,1.4537132,0.90468,87.52,1.0,0.041218273,1
15:33:44.218288,52,-0.49295098,2.9104505,1.0598497,0.76552004,12.36,1.0,4.0656543,1
15:33:44.218288,52,-0.8759325,2.9551096,1.6874715,0.90468,14.36,1.0,4.3320355,1
15:33:44.218288,52,-0.5967615,3.0217752,1.288486,0.90468,5.0,0.5,3.6351705,1
15:33:44.218288,52,-0.5091547,2.7247703,1.3582553,0.83496004,22.76,1.0,3.81416,1
15:33:44.218288,52,-0.85741556,2.7299962,1.4791046,0.83496004,18.24,1.0,4.3868914,1
15:33:44.218288,52,-0.7801904,3.0085874,1.4227581,0.90468,5.12,0.51199996,3.0523226,1
15:33:44.218288,52,-0.7755238,2.9021642,1.5672978,0.90468,61.12,1.0,1.0731307,1
15:33:44.218288,52,-0.6339481,2.6368625,1.379846,0.83496004,7.3599997,0.736,4.8207693,1
15:33:44.218288,52,-0.6139703,2.981688,1.4253858,0.90468,34.12,1.0,2.2477555,1
15:33:44.218288,52,-0.5132374,2.9115875,1.3140903,0.90468,23.88,1.0,2.7598326,1
15:33:44.218288,52,-0.87290436,2.8101454,1.5847658,0.90468,18.52,1.0,3.2816672,1
15:33:44.218288,52,-0.7296671,2.700932,1.4823124,0.83496004,35.76,1.0,2.6156278,1
15:33:44.218288,52,-0.6344353,2.763028,1.3499683,0.83496004,67.24,1.0,0.9903472,1
15:33:44.218288,52,-0.5241007,2.9411361,1.1798526,0.76552004,15.5199995,1.0,3.141194,1
15:33:44.218288,52,-0.6583239,2.9298677,1.5598747,0.90468,102.36,1.0,1.1456696,1
15:33:44.218288,52,-0.689568,3.0031364,1.2934803,0.90468,5.52,0.552,2.3872612,1
15:33:44.218288,52,-0.64748585,2.7152705,1.4490767,0.83496004,45.36,1.0,1.9670129,1
15:33:44.218288,52,-0.58894974,2.860178,1.4488025,0.90468,45.64,1.0,0.8477276,1
15:33:44.218288,52,-0.731952,2.977124,1.5543724,0.90468,51.36,1.0,1.9681712,1
15:33:44.218288,52,-0.8004398,2.9110365,1.6895342,0.90468,44.36,1.0,2.0953457,1
15:33:44.218288,52,-0.5609889,2.840636,1.3311374,0.83496004,34.36,1.0,1.1725992,1
15:33:44.218288,52,-0.4835066,2.886141,1.1952407,0.76552004,18.64,1.0,3.4642248,1
15:33:44.218288,52,-0.55438405,2.9668179,1.3012477,0.90468,19.76,1.0,2.7826395,1
15:33:44.218288,52,-0.571783,2.92672,1.4355526,0.90468,42.0,1.0,1.7983776,1
15:33:44.218288,52,-0.8213397,2.9546168,1.5604032,0.90468,23.76,1.0,2.5555606,1
15:33:44.218288,52,-0.78786844,2.83421,1.5783176,0.90468,41.36,1.0,1.1102198,1
15:33:44.218288,52,-0.8868326,2.8865879,1.6960852,0.90468,19.24,1.0,3.834472,1
15:33:44.218288,52,-0.49184546,2.7902312,1.3426793,0.83496004,20.359999,1.0,3.1893115,1
15:33:44.218288,52,-0.59285367,2.7088022,1.3625339,0.83496004,38.36,1.0,2.595336,1
15:33:44.218288,52,-0.690114,2.7691014,1.4385792,0.83496004,73.64,1.0,0.7279973,1
15:33:44.218288,52,-0.77388847,2.7536337,1.472771,0.83496004,39.12,1.0,1.8108011,1
15:33:44.218288,52,-0.67269784,2.9857721,1.520159,0.90468,53.76,1.0,2.1041558,1
15:33:44.218288,52,-0.718929,3.0230682,1.418878,0.90468,5.3599997,0.536,2.9580874,1
15:33:44.218288,52,-0.6311264,2.9151003,1.4386661,0.90468,79.0,1.0,0.7076825,1
15:33:44.218288,52,-0.71706724,2.916582,1.5634346,0.90468,106.24,1.0,0.78825605,1
15:33:44.218288,52,-0.5025414,2.8509092,1.3283848,0.83496004,20.52,1.0,2.6005936,1
15:33:44.218288,52,-0.7307791,2.8488796,1.574387,0.90468,71.88,1.0,0.454409,1
15:33:44.218288,52,-0.5775698,2.7747355,1.3468313,0.83496004,42.879997,1.0,1.4006728,1
15:33:44.218288,52,-0.78437525,2.686307,1.4862312,0.83496004,25.0,1.0,3.888752,1
15:33:44.218288,52,-0.7178122,2.768043,1.4689101,0.83496004,63.64,1.0,0.87853724,1
15:33:44.218288,52,-0.7026594,2.7022285,1.4525712,0.83496004,41.0,1.0,2.3748994,1
15:33:44.218288,52,-0.6277608,3.0158613,1.2900707,0.90468,5.24,0.524,3.049357,1
15:33:44.218288,52,-0.65869737,3.009648,1.2917355,0.90468,5.3599997,0.536,2.633248,1
15:33:44.218288,52,-0.7495972,3.0159757,1.4207784,0.90468,5.24,0.524,2.9205768,1
15:33:44.218288,52,-0.6442272,2.9756114,1.427014,0.90468,44.36,1.0,1.7445862,1
15:33:44.218288,52,-0.583652,2.9874723,1.4238359,0.90468,25.76,1.0,2.9153523,1
15:33:44.218288,52,-0.7618251,2.9699094,1.5563055,0.90468,41.12,1.0,1.9997215,1
15:33:44.272639,53,-0.5761751,2.89012,-0.18264814,0.20888,11.12,1.0,11.017775,1
15:33:44.272639,53,-0.47324085,2.855622,1.327122,0.97412,23.64,1.0,2.9814343,1
15:33:44.272639,53,-0.5025414,2.8509092,1.3283848,0.97412,28.359999,1.0,2.1103303,1
15:33:44.272639,53,-0.5315953,3.0811462,1.5336882,1.04384,14.24,1.0,4.6331835,1
15:33:44.272639,53,-0.49118143,2.8090541,1.4278738,0.97412,19.359999,1.0,3.008373,1
15:33:44.272639,53,-0.56253666,3.075862,1.535104,0.97412,17.52,1.0,3.4070609,1
15:33:44.272639,53,-0.55327535,2.9929633,1.4223646,0.97412,26.88,1.0,1.6785474,1
15:33:44.272639,53,-0.53179175,2.845914,1.3297234,0.97412,33.239998,1.0,1.457278,1
15:33:44.272639,53,-0.51977056,2.8041716,1.4291822,0.97412,22.519999,1.0,2.342315,1
15:33:44.272639,53,-0.5934218,3.0702791,1.5366,0.97412,21.76,1.0,2.4166665,1
15:33:44.272639,53,-0.41450065,2.8641973,1.3248243,0.97412,19.52,1.0,5.37328,1
15:33:44.272639,53,-0.5602315,2.859882,1.4181811,0.97412,37.0,1.0,1.0089779,1
15:33:44.272639,53,-0.6614488,2.781366,1.4653401,0.97412,24.88,1.0,2.0549564,1
15:33:44.272639,53,-0.7429996,3.0549767,1.6704977,0.97412,40.52,1.0,1.215198,1
15:33:44.272639,53,-0.72813374,2.9938529,1.6770903,0.97412,58.239998,1.0,0.6166422,1
15:33:44.272639,53,-0.70466286,2.835184,1.4554996,0.97412,24.119999,1.0,1.4774805,1
15:33:44.272639,53,-0.68966496,2.7748406,1.4670887,0.97412,22.0,1.0,2.634739,1
15:33:44.272639,53,-0.7733236,3.0476532,1.67246,0.97412,36.52,1.0,1.5064831,1
15:33:44.272639,53,-0.757851,2.9866762,1.6790134,0.97412,53.0,1.0,0.9705564,1
15:33:44.272639,53,-0.73342216,2.8282385,1.4573606,0.97412,20.0,1.0,2.2299912,1
15:33:44.272639,53,-0.8035702,3.0400374,1.6745006,0.97412,31.0,1.0,2.0375736,1
15:33:44.272639,53,-0.78749245,2.9792125,1.6810131,0.97412,45.52,1.0,1.5571356,1
15:33:44.272639,53,-0.82803065,3.0444694,1.802328,0.97412,25.64,1.0,2.689424,1
15:33:44.272639,53,-0.8114635,2.9835558,1.806283,0.97412,37.76,1.0,2.2051687,1
15:33:44.272639,53,-0.8579077,3.036327,1.8045099,0.97412,20.88,1.0,3.5433822,1
15:33:44.272639,53,-0.84074277,2.9755762,1.8084211,0.97412,30.88,1.0,3.1059647,1
15:33:44.272639,53,-0.88769895,3.0278962,1.8067688,0.97412,17.119999,1.0,4.63578,1
15:33:44.272639,53,-0.67583305,2.8418515,1.4537132,0.97412,28.88,1.0,0.94773304,1
15:33:44.272639,53,-0.6983437,3.0007424,1.6752443,0.97412,59.0,1.0,0.49460506,1
15:33:44.272639,53,-0.86993796,2.9673142,1.810635,0.97412,25.119999,1.0,4.2380743,1
15:33:44.272639,53,-0.72685903,3.123271,1.6619836,0.97412,5.52,0.552,2.3512635,1
15:33:44.272639,53,-0.71260136,3.0620067,1.6686139,0.97412,41.12,1.0,1.1628904,1
15:33:44.272639,53,-0.54795086,2.804733,1.459079,0.97412,25.24,1.0,1.8784564,1
15:33:44.272639,53,-0.6242476,3.064398,1.5381758,0.97412,26.88,1.0,1.6631824,1
15:33:44.272639,53,-0.6117577,3.0030859,1.547416,0.97412,40.239998,1.0,0.86699843,1
15:33:44.272639,53,-0.60293126,2.8651497,1.2008653,0.90468,19.88,1.0,0.48188782,1
15:33:44.272639,53,-0.57641464,2.7993028,1.4605341,0.97412,27.24,1.0,1.6028217,1
15:33:44.272639,53,-0.6525463,3.0714035,1.633712,0.97412,32.76,1.0,1.6018995,1
15:33:44.272639,53,-0.6419056,2.9970312,1.5490383,0.97412,48.12,1.0,0.43696582,1
15:33:44.272639,53,-0.5893332,2.8543303,1.4196687,0.97412,38.52,1.0,0.68999314,1
15:33:44.272639,53,-0.6048208,2.7935977,1.4620627,0.97412,27.88,1.0,1.5397892,1
15:33:44.272639,53,-0.591668,2.7328465,1.473761,0.97412,5.3599997,0.536,3.0421553,1
15:33:44.272639,53,-0.6821318,3.0687428,1.666809,0.97412,38.12,1.0,1.3486713,1
15:33:44.272639,53,-0.67198926,2.9906855,1.5507386,0.97412,55.12,1.0,0.23895885,1
15:33:44.272639,53,-0.64693564,2.84824,1.4520013,0.97412,33.52,1.0,0.63999766,1
15:33:44.272639,53,-0.5815487,3.0088491,1.5458716,0.97412,33.0,1.0,1.5280415,1
15:33:44.272639,53,-0.63316643,2.7876186,1.4636648,0.97412,27.0,1.0,1.6902282,1
15:33:44.272639,53,-0.61837596,2.8484974,1.4212316,0.97412,37.12,1.0,0.5909012,1
15:33:44.327555,54,-0.55128145,3.0143204,1.5444057,1.04384,101.36,1.0,0.21181819,1
15:33:44.327555,54,-0.3211245,3.14985,1.3894869,1.04384,14.5199995,1.0,4.6710453,1
15:33:44.327555,54,-0.78749245,2.9792125,1.6810131,1.04384,15.24,1.0,3.3316343,1
15:33:44.327555,54,-0.5548671,3.1817954,1.385507,1.04384,11.0,1.0,2.0876932,1
15:33:44.327555,54,-0.3924761,2.9546704,1.4280633,1.04384,16.52,1.0,3.3975394,1
15:33:44.327555,54,-0.6646311,3.1367123,1.658382,1.04384,39.36,1.0,1.8073866,1
15:33:44.327555,54,-0.61574656,2.8748958,1.567416,1.11328,7.52,0.752,3.0366123,1
15:33:44.327555,54,-0.51061666,3.1478784,1.5229957,1.04384,53.64,1.0,1.2472367,1
15:33:44.327555,54,-0.6548897,2.9461873,1.6801156,1.04384,30.24,1.0,1.5730474,1
15:33:44.327555,54,-0.63673747,3.1257102,1.5289357,1.04384,52.0,1.0,1.151366,1
15:33:44.327555,54,-0.40880233,3.0775788,1.4042718,1.04384,35.36,1.0,1.751528,1
15:33:44.327555,54,-0.45080358,2.9673798,1.5498233,1.04384,20.359999,1.0,2.004334,1
15:33:44.327555,54,-0.7578655,3.1161003,1.663905,1.04384,17.119999,1.0,3.284224,1
15:33:44.327555,54,-0.60945576,3.015983,1.6394244,1.04384,89.52,1.0,0.35360688,1
15:33:44.327555,54,-0.3392603,3.0231497,1.4142761,1.04384,18.0,1.0,3.7780488,1
15:33:44.327555,54,-0.47005123,3.0858445,1.499882,1.04384,50.0,1.0,0.8013265,1
15:33:44.327555,54,-0.6821318,3.0687428,1.666809,1.04384,45.12,1.0,1.1078666,1
15:33:44.327555,54,-0.5934218,3.0702791,1.5366,1.04384,121.759995,1.0,0.15899684,1
15:33:44.327555,54,-0.7733236,3.0476532,1.67246,1.04384,18.119999,1.0,2.844753,1
15:33:44.327555,54,-0.5697225,2.947662,1.5551066,1.04384,39.12,1.0,1.0785713,1
15:33:44.327555,54,-0.6983437,3.0007424,1.6752443,1.04384,34.36,1.0,1.3368354,1
15:33:44.327555,54,-0.74243957,2.92594,1.6855408,0.97412,16.119999,1.0,3.1244962,1
15:33:44.327555,54,-0.3850667,3.1430283,1.3913146,1.04384,23.519999,1.0,2.8918977,1
15:33:44.327555,54,-0.57379186,3.1374035,1.5258025,1.04384,71.0,1.0,0.9531809,1
15:33:44.327555,54,-0.34618676,3.0848718,1.4023178,1.04384,19.76,1.0,3.3260016,1
15:33:44.327555,54,-0.46016127,3.0289762,1.5404787,1.04384,42.12,1.0,1.0089227,1
15:33:44.327555,54,-0.5315953,3.0811462,1.5336882,1.04384,102.0,1.0,0.2666298,1
15:33:44.327555,54,-0.40062305,3.016003,1.4161911,1.04384,30.76,1.0,2.154621,1
15:33:44.327555,54,-0.51036507,2.9580953,1.5523111,1.04384,30.76,1.0,1.2990239,1
15:33:44.327555,54,-0.47945595,3.1475859,1.4898757,1.04384,40.879997,1.0,1.4676855,1
15:33:44.327555,54,-0.6385571,3.0136564,1.671784,1.04384,66.52,1.0,0.59491324,1
15:33:44.327555,54,-0.6264857,2.9487417,1.6483403,1.04384,35.52,1.0,1.2774458,1
15:33:44.327555,54,-0.35311323,3.1465936,1.3903594,1.04384,18.24,1.0,3.7171,1
15:33:44.327555,54,-0.4169816,3.1391547,1.3923526,1.04384,30.76,1.0,2.194866,1
15:33:44.327555,54,-0.5422314,3.1427937,1.5243583,1.04384,65.88,1.0,1.0384333,1
15:33:44.327555,54,-0.60529494,3.1317089,1.5273284,1.04384,64.88,1.0,0.99098545,1
15:33:44.327555,54,-0.69577986,3.130142,1.6601425,1.04384,29.359999,1.0,2.1805305,1
15:33:44.327555,54,-0.72685903,3.123271,1.6619836,1.04384,22.119999,1.0,2.6729493,1
15:33:44.327555,54,-0.37751344,3.0813763,1.4032543,1.04384,26.0,1.0,2.4751294,1
15:33:44.327555,54,-0.5006007,3.0861313,1.5323523,1.04384,72.24,1.0,0.5044683,1
15:33:44.327555,54,-0.6242476,3.064398,1.5381758,1.04384,93.52,1.0,0.28827152,1
15:33:44.327555,54,-0.56253666,3.075862,1.535104,1.04384,126.24,1.0,0.1516298,1
15:33:44.327555,54,-0.7429996,3.0549767,1.6704977,1.04384,23.76,1.0,2.1477315,1
15:33:44.327555,54,-0.6515941,3.0751843,1.665083,1.04384,65.119995,1.0,0.7658131,1
15:33:44.327555,54,-0.71260136,3.0620067,1.6686139,1.04384,32.12,1.0,1.56864,1
15:33:44.327555,54,-0.36996016,3.0197246,1.4151939,1.04384,23.119999,1.0,2.9031818,1
15:33:44.327555,54,-0.5815487,3.0088491,1.5458716,1.04384,105.759995,1.0,0.18993603,1
15:33:44.327555,54,-0.52095914,3.019499,1.5430181,1.04384,80.52,1.0,0.35530844,1
15:33:44.383536,55,-0.543925,3.2467897,1.094679,1.11328,14.36,1.0,2.5167468,1
15:33:44.383536,55,-0.48350546,1.7038816,-1.3546466,0.90468,14.0,1.0,8.581111,1
15:33:44.383536,55,-0.35893157,2.7092483,-0.4453765,0.41748002,11.36,1.0,11.120506,1
15:33:44.383536,55,-0.6600826,3.1489983,1.7866863,1.04384,22.24,1.0,3.5996873,1
15:33:44.383536,55,-0.28343275,3.0909536,1.4006882,1.25244,16.64,1.0,3.5827312,1
15:33:44.383536,55,-0.3394767,3.1887324,0.8278887,1.11328,8.24,0.824,3.957657,1
15:33:44.383536,55,-0.66411054,3.2251894,1.3784596,1.04384,21.64,1.0,2.4082239,1
15:33:44.383536,55,-0.52095914,3.019499,1.5430181,1.11328,16.64,1.0,2.4074235,1
15:33:44.383536,55,-0.26778075,3.217631,1.1031468,1.1830001,15.24,1.0,3.5164835,1
15:33:44.383536,55,-0.45601004,3.2190595,1.5111113,1.04384,63.239998,1.0,0.37372008,1
15:33:44.383536,55,-0.4009751,3.2381096,1.2364118,1.1830001,37.76,1.0,1.0508809,1
15:33:44.383536,55,-0.30137014,1.7017452,-1.3057535,0.90468,15.36,1.0,8.938153,1
15:33:44.383536,55,-0.5394028,3.1599755,1.6521487,1.04384,54.36,1.0,1.3037051,1
15:33:44.383536,55,-0.44205025,3.2218323,0.96005166,1.11328,12.12,1.0,2.7146626,1
15:33:44.383536,55,-0.6217973,3.2556245,0.94772434,1.11328,5.64,0.564,6.0243893,1
15:33:44.383536,55,-0.74475527,3.2434824,1.2369363,1.11328,8.76,0.876,6.0009212,1
15:33:44.383536,55,-0.22985113,3.192044,1.2467909,1.1830001,16.64,1.0,4.0883503,1
15:33:44.383536,55,-0.39261994,3.2046802,1.3793751,1.04384,56.0,1.0,0.7115339,1
15:33:44.383536,55,-0.6821318,3.0687428,1.666809,1.11328,18.359999,1.0,4.157747,1
15:33:44.383536,55,-0.6943272,3.2417855,1.5122102,1.04384,17.359999,1.0,2.8559494,1
15:33:44.383536,55,-0.53256786,3.2483106,1.3722643,1.04384,46.879997,1.0,0.58787733,1
15:33:44.383536,55,-0.43892688,3.0902345,1.4987056,1.04384,38.879997,1.0,1.3727645,1
15:33:44.383536,55,-0.64584064,3.2046323,1.6499683,1.04384,22.0,1.0,1.9457891,1
15:33:44.383536,55,-0.64477926,3.2295654,1.0992942,1.11328,12.759999,1.0,4.045051,1
15:33:44.383536,55,-0.5528675,3.2044408,1.5150282,1.04384,45.52,1.0,0.48766804,1
15:33:44.383536,55,-0.37751344,3.0813763,1.4032543,1.25244,32.12,1.0,1.5958698,1
15:33:44.383536,55,-0.5903262,3.0871806,1.6618686,1.04384,34.36,1.0,2.6260467,1
15:33:44.383536,55,-0.425909,1.6841791,-1.3010466,0.90468,16.52,1.0,8.311539,1
15:33:44.383536,55,-0.257569,3.1283026,1.2619063,1.1830001,20.52,1.0,3.314344,1
15:33:44.383536,55,-0.51061666,3.1478784,1.5229957,1.04384,63.0,1.0,0.6133519,1
15:33:44.383536,55,-0.41547891,3.1612976,1.5194001,1.04384,52.76,1.0,1.0396743,1
15:33:44.383536,55,-0.35311323,3.1465936,1.3903594,1.04384,42.36,1.0,1.4469655,1
15:33:44.383536,55,-0.56253666,3.075862,1.535104,1.11328,41.0,1.0,1.5459684,1
15:33:44.383536,55,-0.6780016,3.2572255,1.2332538,1.11328,11.24,1.0,4.1177835,1
15:33:44.383536,55,-0.5095815,3.2126398,0.96251476,1.11328,13.5199995,1.0,2.8499606,1
15:33:44.383536,55,-0.5001412,1.6707606,-1.2974511,0.90468,14.0,1.0,8.882384,1
15:33:44.383536,55,-0.33452505,3.211813,1.1047058,1.1830001,24.0,1.0,2.1540031,1
15:33:44.383536,55,-0.46739858,3.2297215,1.2386594,1.1830001,48.36,1.0,0.7064293,1
15:33:44.383536,55,-0.5984589,3.2373853,1.3751917,1.04384,33.88,1.0,1.238592,1
15:33:44.383536,55,-0.29536524,3.1869707,1.2481503,1.1830001,27.119999,1.0,2.3166625,1
15:33:44.383536,55,-0.32742348,3.2116356,1.3775114,1.04384,35.239998,1.0,1.7475295,1
15:33:44.383536,55,-0.5819951,3.2164927,1.6467903,1.04384,35.76,1.0,1.0467943,1
15:33:44.383536,55,-0.6021374,3.1489487,1.6551033,1.04384,35.12,1.0,1.8317608,1
15:33:44.383536,55,-0.28910363,3.152797,1.3886971,1.04384,26.0,1.0,2.8261206,1
15:33:44.383536,55,-0.5006007,3.0861313,1.5323523,1.11328,47.64,1.0,1.3069264,1
15:33:44.383536,55,-0.35129356,1.6954406,-1.3040642,0.90468,16.52,1.0,8.447795,1
15:33:44.383536,55,-0.57760197,3.241373,1.0961304,1.11328,14.639999,1.0,2.8948157,1
15:33:44.383536,55,-0.6112212,3.2356315,1.0976688,1.11328,13.88,1.0,3.4045794,1
15:33:44.435560,56,-0.26713833,3.2792253,1.3639807,1.3916,25.0,1.0,3.1350005,1
15:33:44.435560,56,-0.26115158,3.2398474,1.5055411,1.11328,27.119999,1.0,3.6979816,1
15:33:44.435560,56,-0.30044544,3.276484,1.3647152,1.11328,29.359999,1.0,2.00295,1
15:33:44.435560,56,-0.29371226,3.2371676,1.5062592,1.11328,31.76,1.0,2.5073345,1
15:33:44.435560,56,-0.22856478,3.2422125,1.5049074,1.11328,23.0,1.0,5.1678643,1
15:33:44.435560,56,-0.3407029,3.3064663,1.2200599,1.46132,23.0,1.0,1.3837922,1
15:33:44.435560,56,-0.32624355,3.2341735,1.5070615,1.11328,36.12,1.0,1.5935237,1
15:33:44.435560,56,-0.33251986,3.2963927,1.4975783,1.11328,34.0,1.0,1.1868095,1
15:33:44.435560,56,-0.616012,2.832775,0.19638735,1.1830001,24.359999,1.0,4.279035,1
15:33:44.435560,56,-0.62742376,2.8852532,0.16297488,0.06972,13.36,1.0,3.776297,1
15:33:44.435560,56,-0.5839511,2.8385706,0.19483447,1.1830001,27.64,1.0,3.9255164,1
15:33:44.435560,56,-0.59476894,2.891156,0.16139324,0.06972,13.88,1.0,3.2574453,1
15:33:44.435560,56,-0.54998344,3.2219598,1.6453254,1.11328,27.519999,1.0,3.3254912,1
15:33:44.435560,56,-0.5635036,3.266088,1.5056983,1.11328,33.0,1.0,3.6071513,1
15:33:44.435560,56,-0.55183184,2.844056,0.19336465,1.1830001,30.519999,1.0,3.8331933,1
15:33:44.435560,56,-0.5620547,2.896743,0.15989618,0.06972,13.88,1.0,3.0060585,1
15:33:44.435560,56,-0.51791674,3.2271175,1.6439434,1.11328,32.0,1.0,2.3207548,1
15:33:44.435560,56,-0.53064865,3.2713726,1.5042825,1.11328,37.36,1.0,2.452376,1
15:33:44.435560,56,-0.5196574,2.849231,0.19197802,-0.06972,32.52,1.0,4.004819,1
15:33:44.435560,56,-0.4857983,3.231965,1.6426445,1.11328,36.239998,1.0,1.5719249,1
15:33:44.435560,56,-0.4977406,3.2763393,1.5029516,1.11328,40.76,1.0,1.5625198,1
15:33:44.435560,56,-0.5963022,3.2604866,1.5071993,1.11328,28.519999,1.0,5.0238924,1
15:33:44.435560,56,-0.45363125,3.2365022,1.6414288,1.11328,39.36,1.0,1.0817573,1
15:33:44.435560,56,-0.487431,2.8540947,0.19067475,-0.06972,33.0,1.0,4.443098,1
15:33:44.435560,56,-0.44318262,3.335942,0.24907938,1.1830001,8.639999,0.86399996,8.424511,1
15:33:44.435560,56,-0.37464193,3.3030114,1.2209857,1.46132,26.359999,1.0,0.88554686,1
15:33:44.435560,56,-0.3891643,3.2446432,1.6392474,1.11328,39.36,1.0,0.88818324,1
15:33:44.435560,56,-0.37419075,3.1198018,1.6531278,1.11328,8.12,0.812,3.0658796,1
15:33:44.435560,56,-0.4831626,3.31313,0.08577791,0.62636,14.24,1.0,9.760273,1
15:33:44.435560,56,-0.39873108,3.289329,1.499471,1.11328,38.239998,1.0,0.5112423,1
15:33:44.435560,56,-0.43177852,3.2853181,1.5005457,1.11328,41.239998,1.0,0.5891279,1
15:33:44.435560,56,-0.42141885,3.2407284,1.6402963,1.11328,40.52,1.0,0.8529584,1
15:33:44.435560,56,-0.41331154,3.178383,1.6472164,1.11328,25.88,1.0,1.436901,1
15:33:44.435560,56,-0.44240424,3.295119,1.2231003,1.11328,31.88,1.0,0.75596815,1
15:33:44.435560,56,-0.4647828,3.280988,1.501706,1.11328,42.12,1.0,0.94048655,1
15:33:44.435560,56,-0.4085435,3.299229,1.2219992,1.46132,29.519999,1.0,0.6772128,1
15:33:44.435560,56,-0.3891643,3.2446432,1.6392474,1.11328,39.36,1.0,0.88818324,1
15:33:44.435560,56,-0.4977406,3.2763393,1.5029516,1.11328,40.76,1.0,1.5625198,1
15:33:44.435560,56,-0.33251986,3.2963927,1.4975783,1.11328,34.0,1.0,1.1868095,1
15:33:44.435560,56,-0.44240424,3.295119,1.2231003,1.11328,31.88,1.0,0.75596815,1
15:33:44.435560,56,-0.4857983,3.231965,1.6426445,1.11328,36.239998,1.0,1.5719249,1
15:33:44.435560,56,-0.37464193,3.3030114,1.2209857,1.46132,26.359999,1.0,0.88554686,1
15:33:44.435560,56,-0.55183184,2.844056,0.19336465,1.1830001,30.519999,1.0,3.8331933,1
15:33:44.435560,56,-0.26713833,3.2792253,1.3639807,1.3916,25.0,1.0,3.1350005,1
15:33:44.435560,56,-0.59476894,2.891156,0.16139324,0.06972,13.88,1.0,3.2574453,1
15:33:44.435560,56,-0.26713833,3.2792253,1.3639807,1.3916,25.0,1.0,3.1350005,1
15:33:44.435560,56,-0.37464193,3.3030114,1.2209857,1.46132,26.359999,1.0,0.88554686,1
15:33:44.435560,56,-0.44318262,3.335942,0.24907938,1.1830001,8.639999,0.86399996,8.424511,1
15:33:44.488536,57,-0.40413785,3.3516345,0.51021916,1.11328,32.52,1.0,0.58856016,1
15:33:44.488536,57,-0.33078524,3.296819,0.5007672,1.11328,36.12,1.0,0.8425016,1
15:33:44.488536,57,-0.40626535,3.3692784,-0.75889355,0.6958,14.5199995,1.0,1.958152,1
15:33:44.488536,57,-0.31369096,3.1264462,0.34703666,1.11328,5.52,0.552,2.1627204,1
15:33:44.488536,57,-0.35687083,3.2311845,0.49131525,1.11328,26.76,1.0,0.9251538,1
15:33:44.488536,57,-0.36124703,3.2708077,0.63286614,1.11328,42.12,1.0,0.97442263,1
15:33:44.488536,57,-0.37060186,3.355508,0.51021916,1.11328,28.519999,1.0,0.5725241,1
15:33:44.488536,57,-0.3725528,3.3731725,-0.75889355,0.6958,12.24,1.0,2.5028245,1
15:33:44.488536,57,-0.3245417,3.2345917,0.49131525,1.11328,24.88,1.0,1.1783737,1
15:33:44.488536,57,-0.3370288,3.3590462,0.51021916,1.11328,24.24,1.0,0.7876853,1
15:33:44.488536,57,-0.25978926,3.2404351,0.49131525,1.11328,22.119999,1.0,2.33784,1
15:33:44.488536,57,-0.2647871,3.302775,0.5007672,1.11328,29.76,1.0,1.9854861,1
15:33:44.488536,57,-0.26978496,3.3651147,0.51021916,1.11328,20.24,1.0,1.9127238,1
15:33:44.488536,57,-0.22737245,3.242871,0.49131525,1.11328,19.119999,1.0,3.2444394,1
15:33:44.488536,57,-0.23174667,3.3052576,0.5007672,1.11328,24.119999,1.0,2.89421,1
15:33:44.488536,57,-0.19868305,3.3074098,0.5007672,1.11328,19.52,1.0,4.027895,1
15:33:44.488536,57,-0.3939365,3.2670317,0.63286614,1.11328,45.879997,1.0,1.0133896,1
15:33:44.488536,57,-0.38650098,3.2053666,0.62092084,1.11328,27.519999,1.0,1.4491172,1
15:33:44.488536,57,-0.459194,3.2585,0.63286614,1.11328,42.12,1.0,1.7559361,1
15:33:44.488536,57,-0.43993723,3.3650472,-0.75889355,0.6958,16.76,1.0,1.6433135,1
15:33:44.488536,57,-0.6346832,2.956311,-1.7176756,0.6958,16.0,1.0,5.2549567,1
15:33:44.488536,57,-0.58412987,3.2983882,-0.092898406,1.11328,20.0,1.0,2.8180501,1
15:33:44.488536,57,-0.383679,3.1819632,0.35398015,1.1830001,9.639999,0.964,0.95409566,1
15:33:44.488536,57,-0.6016506,2.9622822,-1.7192756,0.6958,17.88,1.0,4.471377,1
15:33:44.488536,57,-0.55200076,3.3038752,-0.094368674,1.11328,24.519999,1.0,1.85265,1
15:33:44.488536,57,-0.56723595,3.3587687,-0.2324214,1.11328,28.0,1.0,2.4055743,1
15:33:44.488536,57,-0.5685578,2.967934,-1.7207899,0.6958,19.52,1.0,3.9179695,1
15:33:44.488536,57,-0.51981646,3.3090518,-0.09575572,1.11328,30.119999,1.0,1.1008726,1
15:33:44.488536,57,-0.53416336,3.3640883,-0.23384672,1.11328,32.0,1.0,1.6258554,1
15:33:44.488536,57,-0.53540814,2.9732656,-1.7222186,0.6958,20.24,1.0,3.5953152,1
15:33:44.488536,57,-0.6002518,3.35313,-0.23091055,1.11328,24.0,1.0,3.4091508,1
15:33:44.488536,57,-0.49175552,3.3066745,-0.23082949,1.11328,36.239998,1.0,0.5504297,1
15:33:44.488536,57,-0.54514635,3.0273445,-1.7535429,0.6958,7.8799996,0.788,3.4206107,1
15:33:44.488536,57,-0.4265866,3.2629292,0.63286614,1.11328,45.879997,1.0,1.2740319,1
15:33:44.488536,57,-0.4185348,3.2013414,0.62092084,1.11328,26.88,1.0,1.6758304,1
15:33:44.488536,57,-0.47356516,3.3604798,-0.75889355,0.6958,18.76,1.0,1.5579286,1
15:33:44.488536,57,-0.4346384,3.3245168,0.6448115,1.11328,35.36,1.0,1.1504393,1
15:33:44.488536,57,-0.45052674,3.1969962,0.62092084,1.11328,24.88,1.0,2.1170306,1
15:33:44.488536,57,-0.50220495,2.978277,-1.7235614,0.6958,20.0,1.0,3.5039282,1
15:33:44.488536,57,-0.50103736,3.369088,-0.23518638,1.11328,35.0,1.0,1.0705519,1
15:33:44.488536,57,-0.46786126,3.3200042,0.6448115,1.11328,36.239998,1.0,1.6742637,1
15:33:44.488536,57,-0.4185348,3.2013414,0.62092084,1.11328,26.88,1.0,1.6758304,1
15:33:44.488536,57,-0.47356516,3.3604798,-0.75889355,0.6958,18.76,1.0,1.5579286,1
15:33:44.488536,57,-0.6002518,3.35313,-0.23091055,1.11328,24.0,1.0,3.4091508,1
15:33:44.488536,57,-0.36124703,3.2708077,0.63286614,1.11328,42.12,1.0,0.97442263,1
15:33:44.488536,57,-0.3725528,3.3731725,-0.75889355,0.6958,12.24,1.0,2.5028245,1
15:33:44.488536,57,-0.25978926,3.2404351,0.49131525,1.11328,22.119999,1.0,2.33784,1
15:33:44.488536,57,-0.2647871,3.302775,0.5007672,1.11328,29.76,1.0,1.9854861,1
15:33:44.540443,58,-0.24753872,3.5304894,0.10620657,0.97412,12.36,1.0,1.094889,1
15:33:44.540443,58,-0.27722278,3.4578888,0.24322626,0.97412,29.0,1.0,0.738657,1
15:33:44.540443,58,-0.28283063,3.5278378,0.10620657,0.97412,14.12,1.0,0.578196,1
15:33:44.540443,58,-0.23821755,3.3975477,0.23880237,0.97412,22.24,1.0,1.1686764,1
15:33:44.540443,58,-0.2426306,3.4604883,0.24322626,0.97412,25.88,1.0,0.90989953,1
15:33:44.540443,58,-0.17337692,3.4646485,0.24322626,0.97412,18.76,1.0,2.4431398,1
15:33:44.540443,58,-0.20423073,3.39976,0.23880237,0.97412,20.359999,1.0,1.5857044,1
15:33:44.540443,58,-0.20801416,3.4627414,0.24322626,0.97412,22.24,1.0,1.4789032,1
15:33:44.540443,58,-0.21222202,3.5327883,0.10620657,0.97412,10.639999,1.0,2.0223322,1
15:33:44.540443,58,-0.17688411,3.534734,0.10620657,0.97412,9.12,0.912,3.3578603,1
15:33:44.540443,58,-0.27218056,3.3949957,0.23880237,0.97412,23.24,1.0,1.136905,1
15:33:44.540443,58,-0.26617563,3.3200943,0.36786708,0.97412,13.24,1.0,2.9418318,1
15:33:44.540443,58,-0.33879614,3.358612,-0.5119049,0.97412,22.0,1.0,0.05284341,1
15:33:44.540443,58,-0.2561275,3.194761,0.35398015,0.97412,8.639999,0.86399996,5.7994823,1
15:33:44.540443,58,-0.5165303,3.4000208,-0.515812,0.97412,18.76,1.0,4.9410744,1
15:33:44.540443,58,-0.52782726,3.4375129,-0.66469246,0.97412,12.88,1.0,4.7467055,1
15:33:44.540443,58,-0.48232833,3.404845,-0.5171046,0.97412,22.119999,1.0,3.197067,1
15:33:44.540443,58,-0.44807813,3.4093385,-0.51830864,0.97412,25.76,1.0,1.8598859,1
15:33:44.540443,58,-0.42283294,3.4512877,-0.6683835,0.97412,15.759999,1.0,1.279048,1
15:33:44.540443,58,-0.41378313,3.413501,-0.51942396,0.97412,28.88,1.0,0.92759496,1
15:33:44.540443,58,-0.457878,3.4470344,-0.6672438,0.97412,14.5199995,1.0,2.0136561,1
15:33:44.540443,58,-0.26115158,3.2574277,0.36092362,0.97412,14.5199995,1.0,4.2119975,1
15:33:44.540443,58,-0.34632048,3.3969927,-0.6584151,0.97412,30.76,1.0,0.43317127,1
15:33:44.540443,58,-0.3533261,3.4289727,-0.80883735,0.97412,16.52,1.0,1.3033055,1
15:33:44.540443,58,-0.35834345,3.3659492,-1.2372524,1.11328,6.52,0.652,2.9978557,1
15:33:44.540443,58,-0.31178722,3.400171,-0.65926677,0.97412,30.88,1.0,0.7909791,1
15:33:44.540443,58,-0.31809428,3.4322155,-0.8097063,0.97412,15.639999,1.0,1.8952526,1
15:33:44.540443,58,-0.38852262,3.42539,-0.80787736,0.97412,16.52,1.0,1.1264825,1
15:33:44.540443,58,-0.38852262,3.42539,-0.80787736,0.97412,16.52,1.0,1.1264825,1
15:33:44.540443,58,-0.24753872,3.5304894,0.10620657,0.97412,12.36,1.0,1.094889,1
15:33:44.540443,58,-0.48232833,3.404845,-0.5171046,0.97412,22.119999,1.0,3.197067,1
15:33:44.540443,58,-0.34632048,3.3969927,-0.6584151,0.97412,30.76,1.0,0.43317127,1
15:33:44.540443,58,-0.21222202,3.5327883,0.10620657,0.97412,10.639999,1.0,2.0223322,1
15:33:44.540443,58,-0.20423073,3.39976,0.23880237,0.97412,20.359999,1.0,1.5857044,1
15:33:44.540443,58,-0.44807813,3.4093385,-0.51830864,0.97412,25.76,1.0,1.8598859,1
15:33:44.540443,58,-0.38852262,3.42539,-0.80787736,0.97412,16.52,1.0,1.1264825,1
15:33:44.540443,58,-0.31809428,3.4322155,-0.8097063,0.97412,15.639999,1.0,1.8952526,1
15:33:44.540443,58,-0.27218056,3.3949957,0.23880237,0.97412,23.24,1.0,1.136905,1
15:33:44.540443,58,-0.23821755,3.3975477,0.23880237,0.97412,22.24,1.0,1.1686764,1
15:33:44.540443,58,-0.20423073,3.39976,0.23880237,0.97412,20.359999,1.0,1.5857044,1
15:33:44.540443,58,-0.21222202,3.5327883,0.10620657,0.97412,10.639999,1.0,2.0223322,1
15:33:44.540443,58,-0.20423073,3.39976,0.23880237,0.97412,20.359999,1.0,1.5857044,1
15:33:44.540443,58,-0.38852262,3.42539,-0.80787736,0.97412,16.52,1.0,1.1264825,1
15:33:44.540443,58,-0.20801416,3.4627414,0.24322626,0.97412,22.24,1.0,1.4789032,1
15:33:44.540443,58,-0.2561275,3.194761,0.35398015,0.97412,8.639999,0.86399996,5.7994823,1
15:33:44.540443,58,-0.34632048,3.3969927,-0.6584151,0.97412,30.76,1.0,0.43317127,1
15:33:44.540443,58,-0.41378313,3.413501,-0.51942396,0.97412,28.88,1.0,0.92759496,1
15:33:44.540443,58,-0.33879614,3.358612,-0.5119049,0.97412,22.0,1.0,0.05284341,1
15:33:44.597216,59,-0.06951407,3.3838215,1.2012967,0.90468,43.76,1.0,1.0891887,1
15:33:44.597216,59,-0.15297993,3.4708016,0.18436398,0.20888,9.76,0.97599995,5.0508204,1
15:33:44.597216,59,-0.19849834,3.5580454,-0.04718282,0.62636,9.36,0.936,9.486318,1
15:33:44.597216,59,-0.10179317,3.3735132,1.4841022,1.11328,28.64,1.0,1.0479275,1
15:33:44.597216,59,-0.10426242,3.3829823,1.2015216,0.83496004,49.64,1.0,0.78556406,1
15:33:44.597216,59,-0.10615878,3.444513,1.1869986,0.83496004,38.879997,1.0,2.2600691,1
15:33:44.597216,59,-0.11729732,3.5063074,-0.016485663,0.97412,19.88,1.0,6.920169,1
15:33:44.597216,59,-0.06811323,3.3509846,1.3493328,0.90468,26.24,1.0,2.5893874,1
15:33:44.597216,59,-0.07077842,3.4453678,1.1867696,0.83496004,34.64,1.0,3.1834164,1
15:33:44.597216,59,0.034758773,3.3843253,1.2011617,0.90468,24.519999,1.0,3.6276133,1
15:33:44.597216,59,-0.034058318,3.3514779,1.3492006,0.90468,23.24,1.0,2.9753516,1
15:33:44.597216,59,-0.034758773,3.3843253,1.2011617,0.90468,36.76,1.0,1.670106,1
15:33:44.597216,59,-0.035399828,3.4375741,1.152213,0.83496004,29.64,1.0,3.1820812,1
15:33:44.597216,59,0.0,3.384493,1.2011168,0.90468,30.119999,1.0,2.5190997,1
15:33:44.597216,59,0.0,3.410767,1.0494318,0.83496004,24.76,1.0,2.4908094,1
15:33:44.597216,59,-0.14152853,3.443317,1.1873192,0.83496004,40.879997,1.0,1.5866814,1
15:33:44.597216,59,0.03540514,3.4105961,1.0494776,0.90468,20.52,1.0,3.7326927,1
15:33:44.597216,59,-0.13900034,3.3818073,1.2018365,0.83496004,52.36,1.0,0.76910406,1
15:33:44.597216,59,-0.13319436,3.3098922,1.4939611,0.97412,8.0,0.79999995,6.844608,1
15:33:44.597216,59,-0.34632048,3.3969927,1.3415849,0.83496004,20.24,1.0,3.8302412,1
15:33:44.597216,59,-0.3533261,3.4289727,1.1911626,0.83496004,18.24,1.0,3.4568617,1
15:33:44.597216,59,-0.31178722,3.400171,1.3407333,0.83496004,25.119999,1.0,2.5175788,1
15:33:44.597216,59,-0.31809428,3.4322155,1.1902938,0.83496004,22.0,1.0,2.3766735,1
15:33:44.597216,59,-0.26978496,3.3825057,1.6218781,1.11328,21.359999,1.0,2.3981729,1
15:33:44.597216,59,-0.27722278,3.4030159,1.3399711,0.83496004,31.0,1.0,1.5325518,1
15:33:44.597216,59,-0.13570839,3.3723662,1.4844097,1.11328,29.88,1.0,0.8639418,1
15:33:44.597216,59,-0.28283063,3.4351177,1.1895161,0.83496004,26.64,1.0,1.6222715,1
15:33:44.597216,59,-0.23735908,3.3669605,1.4858581,1.11328,24.64,1.0,1.9981476,1
15:33:44.597216,59,-0.2426306,3.4055266,1.3392982,0.83496004,37.879997,1.0,0.86146605,1
15:33:44.597216,59,-0.20349473,3.3690896,1.4852875,1.11328,27.519999,1.0,1.328084,1
15:33:44.597216,59,-0.20801416,3.407703,1.3387151,0.83496004,45.0,1.0,0.4912492,1
15:33:44.597216,59,-0.21222202,3.4399,1.1882348,0.83496004,36.52,1.0,1.0343528,1
15:33:44.597216,59,-0.21601304,3.5013483,1.1737338,0.83496004,15.0,1.0,8.923154,1
15:33:44.597216,59,-0.16961004,3.3708916,1.4848047,1.11328,29.359999,1.0,0.95377314,1
15:33:44.597216,59,-0.17337692,3.409545,1.3382215,0.83496004,50.52,1.0,0.40945676,1
15:33:44.597216,59,-0.17688411,3.4417791,1.1877313,0.83496004,40.0,1.0,1.1742266,1
15:33:44.597216,59,-0.23448908,3.50121,-0.015119826,0.97412,21.0,1.0,7.4608355,1
15:33:44.597216,59,-0.24753872,3.4376793,1.1888298,0.83496004,31.76,1.0,1.1793754,1
15:33:44.597216,59,0.0,3.384493,1.2011168,0.90468,30.119999,1.0,2.5190997,1
15:33:44.597216,59,-0.13570839,3.3723662,1.4844097,1.11328,29.88,1.0,0.8639418,1
15:33:44.597216,59,-0.31809428,3.4322155,1.1902938,0.83496004,22.0,1.0,2.3766735,1
15:33:44.597216,59,0.0,3.410767,1.0494318,0.83496004,24.76,1.0,2.4908094,1
15:33:44.597216,59,-0.07077842,3.4453678,1.1867696,0.83496004,34.64,1.0,3.1834164,1
15:33:44.597216,59,-0.21601304,3.5013483,1.1737338,0.83496004,15.0,1.0,8.923154,1
15:33:44.597216,59,0.0,3.384493,1.2011168,0.90468,30.119999,1.0,2.5190997,1
15:33:44.597216,59,-0.10179317,3.3735132,1.4841022,1.11328,28.64,1.0,1.0479275,1
15:33:44.597216,59,-0.2426306,3.4055266,1.3392982,0.83496004,37.879997,1.0,0.86146605,1
15:33:44.597216,59,-0.07077842,3.4453678,1.1867696,0.83496004,34.64,1.0,3.1834164,1
15:33:44.659604,60,-0.10126216,3.3914676,-0.38052326,1.04384,38.36,1.0,0.9669304,1
15:33:44.659604,60,0.033306915,3.3123047,1.4933146,1.04384,18.88,1.0,4.4578295,1
15:33:44.659604,60,-0.15700589,3.4750395,-2.1884916,0.41748002,17.76,1.0,6.250515,1
15:33:44.659604,60,-0.03380789,3.380676,0.4764351,1.04384,32.64,1.0,1.2535707,1
15:33:44.659604,60,-0.3405282,3.5957778,-1.15977,0.13916,5.7599998,0.576,4.807104,1
15:33:44.659604,60,-0.07837269,3.6000364,-1.7029026,0.13916,16.24,1.0,4.8374734,1
15:33:44.659604,60,-0.37149158,3.6438913,-0.7062697,1.04384,5.0,0.5,9.435771,1
15:33:44.659604,60,0.07820473,3.5072515,-0.016738664,0.41748002,15.12,1.0,3.423116,1
15:33:44.659604,60,0.14405671,3.5048263,1.1728019,0.90468,9.639999,0.964,4.5566916,1
15:33:44.659604,60,-0.03658208,3.658086,0.25649792,0.90468,5.52,0.552,3.2162764,1
15:33:44.659604,60,-0.071898684,3.5372183,-0.6868286,0.90468,34.88,1.0,0.79465973,1
15:33:44.659604,60,-0.34327236,3.4391973,-0.383527,1.11328,15.639999,1.0,6.196484,1
15:33:44.659604,60,-0.31250617,3.4959261,-2.013704,0.41748002,16.64,1.0,3.6570456,1
15:33:44.659604,60,-0.23011082,3.6003995,-1.3633392,0.13916,7.0,0.7,1.8058839,1
15:33:44.659604,60,-0.2505505,3.5540824,-0.5427158,1.04384,18.359999,1.0,2.3560915,1
15:33:44.659604,60,0.0,3.6000032,1.3009282,0.90468,5.0,0.5,5.323097,1
15:33:44.659604,60,-0.032678246,3.2497852,-0.49712166,1.04384,6.8799996,0.68799996,7.181903,1
15:33:44.659604,60,-0.07820473,3.5072515,-2.0167387,0.41748002,27.359999,1.0,7.461174,1
15:33:44.659604,60,0.069375046,3.4130626,1.337279,0.97412,18.24,1.0,3.1431446,1
15:33:44.659604,60,-0.116590194,3.6212668,-1.4964075,0.13916,6.52,0.652,2.9452245,1
15:33:44.659604,60,-0.282265,3.464911,-0.67203385,1.11328,21.76,1.0,2.544928,1
15:33:44.659604,60,0.0,3.4460514,1.1865865,0.90468,37.239998,1.0,2.391069,1
15:33:44.659604,60,-0.06912504,3.4368432,-0.5256785,0.97412,40.0,1.0,0.9681481,1
15:33:44.659604,60,-0.27622375,3.4268327,-0.5229962,0.90468,19.359999,1.0,2.798991,1
15:33:44.659604,60,0.0,3.437511,1.4741426,0.97412,28.519999,1.0,3.5545104,1
15:33:44.659604,60,-0.0353202,3.5319023,0.24765015,1.11328,47.12,1.0,0.68830293,1
15:33:44.659604,60,0.0,3.3307471,0.36786708,1.04384,21.52,1.0,2.6661613,1
15:33:44.659604,60,-0.03456425,3.4563096,0.38175404,0.97412,34.64,1.0,0.56001276,1
15:33:44.659604,60,-0.23612088,3.384949,-0.3787766,0.97412,23.119999,1.0,2.2816303,1
15:33:44.659604,60,-0.19586314,3.596063,-1.7018378,0.13916,13.5199995,1.0,2.3709514,1
15:33:44.659604,60,-0.19544339,3.5032864,-2.0156763,0.41748002,26.359999,1.0,3.8329403,1
15:33:44.659604,60,-0.1796838,3.533573,-0.6858518,0.90468,28.519999,1.0,0.43363708,1
15:33:44.659604,60,-0.17275213,3.4333384,-0.5247394,0.97412,36.0,1.0,0.53486484,1
15:33:44.659604,60,0.039188303,3.6006043,0.2969453,0.13916,12.88,1.0,2.6233015,1
15:33:44.659604,60,-0.18217835,3.6206787,-0.55337185,1.04384,7.3599997,0.736,1.8448944,1
15:33:44.659604,60,-0.16559958,3.3260798,-0.3727881,1.04384,23.0,1.0,2.333416,1
15:33:44.659604,60,-0.066359855,3.3255336,-0.4069696,1.04384,25.519999,1.0,3.0878084,1
15:33:44.659604,60,0.0,3.5080068,-0.01694108,0.41748002,21.76,1.0,1.0197625,1
15:33:44.659604,60,-0.26499662,3.6016269,-1.1613373,0.13916,5.64,0.564,2.4063451,1
15:33:44.659604,60,-0.10973161,3.5984132,-0.6986457,0.90468,6.52,0.652,0.9287776,1
15:33:44.659604,60,-0.2912959,3.6138182,-0.5515335,1.04384,7.12,0.712,5.0471325,1
15:33:44.659604,60,0.036023185,3.5074358,1.1721027,0.90468,18.88,1.0,2.74312,1
15:33:44.659604,60,0.10615878,3.444513,1.1869986,0.90468,17.24,1.0,3.414393,1
15:33:44.659604,60,-0.105946474,3.4742875,-0.67454624,1.11328,59.12,1.0,0.42023334,1
15:33:44.659604,60,-0.31631407,3.4862752,-0.5317353,1.11328,17.119999,1.0,4.3423724,1
15:33:44.659604,60,0.06786777,3.3743327,1.4838828,1.04384,18.359999,1.0,3.7658813,1
15:33:44.659604,60,-0.2117976,3.4696834,-0.6733126,1.11328,36.0,1.0,0.7643268,1
15:33:44.659604,60,-0.16872527,3.3888595,-0.37982446,1.04384,33.0,1.0,1.0481993,1
15:33:44.712854,61,-0.10973161,3.5984132,1.3013543,0.97412,8.24,0.824,0.41399926,1
15:33:44.712854,61,0.1612668,3.614557,-0.07915896,0.20888,10.639999,1.0,5.206048,1
15:33:44.712854,61,-0.26793864,3.3950956,1.7578449,1.11328,15.639999,1.0,3.5824823,1
15:33:44.712854,61,-0.32544622,3.6853757,0.06970931,0.20888,13.36,1.0,5.2227387,1
15:33:44.712854,61,0.17185095,3.4516392,1.6131392,1.11328,14.639999,1.0,3.689917,1
15:33:44.712854,61,-0.11754923,3.5990903,0.29735097,-0.06972,8.88,0.88799995,1.0167359,1
15:33:44.712854,61,-0.11913077,3.5611136,-0.048004933,0.20888,24.0,1.0,2.1008804,1
15:33:44.712854,61,-0.034769736,3.5314596,1.7460396,1.11328,34.0,1.0,1.0361599,1
15:33:44.712854,61,-0.033133168,3.3299196,1.626183,1.11328,16.52,1.0,0.7006927,1
15:33:44.712854,61,0.07163958,3.5618641,1.455199,1.11328,16.0,1.0,1.603679,1
15:33:44.712854,61,-0.3173909,3.5505702,-0.04517984,0.20888,11.5199995,1.0,5.7158933,1
15:33:44.712854,61,-0.12215428,3.6961865,0.066812515,0.20888,23.76,1.0,1.726855,1
15:33:44.712854,61,-0.10745042,3.5609994,1.4554309,0.97412,27.24,1.0,0.5293896,1
15:33:44.712854,61,-0.2514567,3.5294085,1.3152641,0.97412,17.76,1.0,2.2368672,1
15:33:44.712854,61,0.16961004,3.3708916,1.4848047,1.11328,13.24,1.0,3.276065,1
15:33:44.712854,61,-0.16872527,3.3888595,1.6201756,1.11328,24.24,1.0,1.3764063,1
15:33:44.712854,61,-0.20849675,3.525584,1.747614,1.11328,22.64,1.0,2.1804838,1
15:33:44.712854,61,0.03438394,3.4556239,1.6120715,1.11328,35.76,1.0,1.059851,1
15:33:44.712854,61,0.03971555,3.562648,-0.04841607,0.20888,22.24,1.0,2.5991566,1
15:33:44.712854,61,-0.06876445,3.4551258,1.612205,1.11328,46.64,1.0,0.5513198,1
15:33:44.712854,61,-0.04032678,3.617478,-0.07994167,0.20888,23.24,1.0,2.064489,1
15:33:44.712854,61,-0.03910432,3.507818,-0.016890474,0.13916,15.36,1.0,1.9556559,1
15:33:44.712854,61,0.101410136,3.3874867,1.5855676,1.11328,20.76,1.0,1.9208833,1
15:33:44.712854,61,0.10501398,3.5171235,1.6053782,1.11328,17.76,1.0,2.3172805,1
15:33:44.712854,61,-0.13656037,3.465902,1.7512391,1.11328,35.36,1.0,1.2081279,1
15:33:44.712854,61,-0.24419864,3.6908782,0.068234906,0.20888,19.0,1.0,3.23237,1
15:33:44.712854,61,-0.19849834,3.5580454,-0.04718282,0.20888,20.64,1.0,2.9800916,1
15:33:44.712854,61,-0.16532174,3.750812,0.03788569,0.6958,10.5199995,1.0,2.2483807,1
15:33:44.712854,61,0.11913077,3.5611136,-0.048004933,0.20888,15.759999,1.0,3.9691443,1
15:33:44.712854,61,0.08064953,3.6168938,-0.07978511,0.20888,15.24,1.0,3.3755574,1
15:33:44.712854,61,-0.14376861,3.5351353,1.3137296,0.97412,26.119999,1.0,0.54712397,1
15:33:44.712854,61,0.0,3.5625563,1.4550136,0.97412,21.88,1.0,0.7200062,1
15:33:44.712854,61,0.0,3.3929348,1.6190836,1.11328,38.12,1.0,0.73580885,1
15:33:44.712854,61,0.034769736,3.5314596,1.7460396,1.11328,25.88,1.0,1.5806627,1
15:33:44.712854,61,-0.1042953,3.5301163,1.7463996,1.11328,34.52,1.0,1.0631571,1
15:33:44.712854,61,-0.27786592,3.520886,1.7488729,1.11328,18.64,1.0,3.6454659,1
15:33:44.712854,61,-0.10126216,3.3914676,1.6194768,1.11328,36.12,1.0,0.7111424,1
15:33:44.712854,61,-0.20104781,3.3996258,1.756631,1.11328,19.359999,1.0,2.1323833,1
15:33:44.712854,61,0.103138074,3.4542954,1.6124275,1.11328,22.88,1.0,2.0976362,1
15:33:44.712854,61,-0.27290228,3.4579906,1.7533588,1.11328,18.52,1.0,3.5660853,1
15:33:44.712854,61,-0.20477228,3.4626048,1.7521225,1.11328,23.0,1.0,2.1081977,1
15:33:44.712854,61,-0.03971555,3.562648,-0.04841607,0.20888,26.76,1.0,1.9749806,1
15:33:44.712854,61,0.067513734,3.3922827,1.6192583,1.11328,26.119999,1.0,1.4302976,1
15:33:44.712854,61,-0.16285338,3.6948102,0.06718135,0.20888,21.76,1.0,2.0316343,1
15:33:44.712854,61,-0.28483665,3.688323,0.06891954,0.20888,16.0,1.0,4.1287794,1
15:33:44.712854,61,0.04032678,3.617478,-0.07994167,0.20888,18.0,1.0,2.7465951,1
15:33:44.712854,61,-0.08064953,3.6168938,-0.07978511,0.20888,24.359999,1.0,2.012448,1
15:33:44.712854,61,0.0,3.6176727,-0.07999385,0.20888,21.0,1.0,2.3093774,1
15:33:44.764643,62,0.039670628,3.7391012,0.62747294,0.90468,10.5199995,1.0,3.9420712,1
15:33:44.764643,62,0.079337284,3.7385263,0.62762696,0.90468,10.76,1.0,3.9706047,1
15:33:44.764643,62,0.07807749,3.6791625,0.64941883,0.90468,5.8799996,0.588,3.6878693,1
15:33:44.764643,62,0.07126587,3.5808117,1.5980983,1.1830001,24.359999,1.0,1.4719628,1
15:33:44.764643,62,0.041677386,3.8293002,0.18877412,0.90468,5.52,0.552,9.098295,1
15:33:44.764643,62,0.06876445,3.4551258,1.612205,1.1830001,37.12,1.0,1.5524929,1
15:33:44.764643,62,0.041055113,3.7721262,0.21581692,0.90468,11.36,1.0,8.56101,1
15:33:44.764643,62,0.08059708,3.7978904,0.605835,1.6004801,12.12,1.0,5.7492576,1
15:33:44.764643,62,0.070015155,3.517969,1.6051517,1.1830001,38.879997,1.0,0.5859891,1
15:33:44.764643,62,0.08100474,3.731751,0.28025576,2.01796,13.759999,1.0,7.8634114,1
15:33:44.764643,62,0.17497663,3.5144188,1.6061028,1.1830001,21.0,1.0,2.899272,1
15:33:44.764643,62,0.103138074,3.4542954,1.6124275,1.1830001,30.64,1.0,1.9970833,1
15:33:44.764643,62,0.10501398,3.5171235,1.6053782,1.1830001,32.64,1.0,1.1436319,1
15:33:44.764643,62,0.106889896,3.5799513,1.5983288,1.1830001,21.24,1.0,2.146408,1
15:33:44.764643,62,0.13750139,3.4531333,1.6127388,1.1830001,24.64,1.0,2.6575804,1
15:33:44.764643,62,0.14000231,3.5159402,1.6056952,1.1830001,26.359999,1.0,1.9152509,1
15:33:44.764643,62,0.14250323,3.578747,1.5986515,1.1830001,18.119999,1.0,3.0326896,1
15:33:44.764643,62,0.17210208,3.4475808,1.5786029,1.1830001,19.52,1.0,3.731425,1
15:33:44.764643,62,0.20648463,3.4457521,1.5790929,1.1830001,15.639999,1.0,4.796046,1
15:33:44.764643,62,0.20993346,3.51256,1.606601,1.1830001,16.76,1.0,4.0941877,1
15:33:44.764643,62,0.035634715,3.5813282,1.5979599,1.1830001,26.88,1.0,1.0110624,1
15:33:44.764643,62,0.03500933,3.518476,1.6050158,1.1830001,43.0,1.0,0.24396242,1
15:33:44.764643,62,-0.034769736,3.5314596,1.7460396,1.1830001,39.12,1.0,0.61618733,1
15:33:44.764643,62,0.0,3.7392929,0.6274216,0.90468,9.88,0.988,4.185683,1
15:33:44.764643,62,0.03438394,3.4556239,1.6120715,1.1830001,42.0,1.0,1.3253818,1
15:33:44.764643,62,-0.20618333,3.4498134,1.6136284,1.1830001,14.0,1.0,5.969929,1
15:33:44.764643,62,-0.20849675,3.525584,1.747614,1.1830001,13.639999,1.0,3.5872471,1
15:33:44.764643,62,-0.17185095,3.4516392,1.6131392,1.1830001,17.359999,1.0,4.625553,1
15:33:44.764643,62,-0.17377914,3.5274303,1.7471193,1.1830001,16.88,1.0,2.557652,1
15:33:44.764643,62,-0.17688344,3.5904422,1.742602,1.1830001,15.88,1.0,3.784975,1
15:33:44.764643,62,-0.13904418,3.5289412,1.7467145,1.1830001,21.119999,1.0,1.7477845,1
15:33:44.764643,62,-0.14152798,3.5919802,1.74219,1.1830001,18.88,1.0,3.11013,1
15:33:44.764643,62,-0.103138074,3.4542954,1.6124275,1.1830001,27.359999,1.0,2.6253362,1
15:33:44.764643,62,-0.1042953,3.5301163,1.7463996,1.1830001,26.519999,1.0,1.1555787,1
15:33:44.764643,62,-0.13750139,3.4531333,1.6127388,1.1830001,21.88,1.0,3.511351,1
15:33:44.764643,62,-0.06876445,3.4551258,1.612205,1.1830001,33.88,1.0,1.9655762,1
15:33:44.764643,62,-0.06953599,3.5309558,1.7461747,1.1830001,32.88,1.0,0.77902836,1
15:33:44.764643,62,-0.07077815,3.5940309,1.7416404,1.1830001,25.119999,1.0,2.4057753,1
15:33:44.764643,62,-0.03438394,3.4556239,1.6120715,1.1830001,39.76,1.0,1.5301976,1
15:33:44.764643,62,-0.035390843,3.5945437,1.741503,1.1830001,27.24,1.0,2.3721406,1
15:33:44.764643,62,-0.03601195,3.6576276,1.7369665,1.1830001,15.36,1.0,6.011089,1
15:33:44.764643,62,0.0,3.3929348,1.6190836,1.11328,17.52,1.0,4.3598676,1
15:33:44.764643,62,0.0,3.45579,1.612027,1.1830001,43.0,1.0,1.3173848,1
15:33:44.764643,62,0.0,3.518645,1.6049705,1.1830001,43.12,1.0,0.1192571,1
15:33:44.764643,62,-0.106158376,3.5931764,1.7418694,1.1830001,22.119999,1.0,2.651095,1
15:33:44.764643,62,0.0,3.5947146,1.7414572,1.1830001,27.88,1.0,2.548225,1
15:33:44.764643,62,0.07126587,3.5808117,1.5980983,1.1830001,24.359999,1.0,1.4719628,1
15:33:44.764643,62,0.07126587,3.5808117,1.5980983,1.1830001,24.359999,1.0,1.4719628,1
15:33:44.822508,63,0.039495733,3.6812224,0.4790388,0.34804,11.36,1.0,1.1814662,1
15:33:44.822508,63,0.03818952,3.5494094,0.49177063,0.34804,11.639999,1.0,0.882224,1
15:33:44.822508,63,0.03570619,3.6652236,1.8834496,1.1830001,27.0,1.0,2.404426,1
15:33:44.822508,63,0.0,3.549594,0.4917212,0.34804,13.12,1.0,0.46394256,1
15:33:44.822508,63,0.0,3.6814132,0.4789877,0.34804,12.759999,1.0,0.68982595,1
15:33:44.822508,63,0.0,3.622956,0.50313985,0.34804,12.5199995,1.0,0.5298826,1
15:33:44.822508,63,0.040122885,3.7396767,0.45488745,0.34804,7.12,0.712,1.424128,1
15:33:44.822508,63,0.035390843,3.5945437,1.741503,1.25244,20.359999,1.0,1.8498347,1
15:33:44.822508,63,0.0714088,3.6647065,1.8835882,1.1830001,25.359999,1.0,2.6394334,1
15:33:44.822508,63,0.17998774,3.6534543,1.7380847,1.25244,16.88,1.0,4.108519,1
15:33:44.822508,63,0.07898752,3.6806502,0.47919214,0.34804,9.76,0.97599995,1.9079843,1
15:33:44.822508,63,0.1042953,3.5301163,1.7463996,1.1830001,6.64,0.664,2.525983,1
15:33:44.822508,63,0.108021446,3.6562364,1.7373393,1.25244,22.76,1.0,2.5760233,1
15:33:44.822508,63,0.11643194,3.6061196,0.46743777,0.34804,7.0,0.7,2.6311288,1
15:33:44.822508,63,0.1184714,3.6796966,0.47944766,0.34804,8.24,0.824,2.8686676,1
15:33:44.822508,63,0.1440118,3.655019,1.7376654,1.25244,19.76,1.0,3.244913,1
15:33:44.822508,63,0.15522447,3.6048076,0.46778932,0.34804,5.7599998,0.576,3.766999,1
15:33:44.822508,63,0.16368102,3.8548827,0.58467865,0.97412,6.64,0.664,4.7182283,1
15:33:44.822508,63,0.0,3.7301247,2.03059,1.1830001,16.0,1.0,3.0700314,1
15:33:44.822508,63,0.07773327,3.6222053,0.503341,0.34804,8.5199995,0.852,1.6623466,1
15:33:44.822508,63,0.0,3.6653962,1.8834033,1.1830001,27.24,1.0,2.3628423,1
15:33:44.822508,63,0.03886858,3.6227684,0.5031901,0.34804,10.36,1.0,0.9822525,1
15:33:44.822508,63,-0.039495733,3.6812224,0.4790388,0.34804,13.639999,1.0,0.43368655,1
15:33:44.822508,63,-0.31062225,3.610948,0.5063574,0.34804,7.12,0.712,5.162866,1
15:33:44.822508,63,-0.27186245,3.6137614,0.50560355,0.34804,8.24,0.824,3.7791126,1
15:33:44.822508,63,-0.22931474,3.557852,0.52907306,0.34804,12.24,1.0,2.588552,1
15:33:44.822508,63,-0.23307545,3.6162002,0.5049501,0.34804,9.36,0.936,2.6254528,1
15:33:44.822508,63,-0.23683618,3.6745481,0.48082718,0.41748002,8.639999,0.86399996,2.701033,1
15:33:44.822508,63,-0.19113067,3.5598826,0.5285289,0.34804,13.639999,1.0,1.6693562,1
15:33:44.822508,63,-0.19426517,3.618264,0.5043971,0.34804,11.12,1.0,1.7018965,1
15:33:44.822508,63,-0.19739968,3.6766455,0.48026523,0.41748002,10.12,1.0,1.7734623,1
15:33:44.822508,63,-0.15292747,3.5615442,0.5280837,0.34804,14.759999,1.0,0.97305477,1
15:33:44.822508,63,-0.15543546,3.619953,0.5039445,0.34804,13.0,1.0,1.0083661,1
15:33:44.822508,63,-0.15794343,3.6783617,0.47980538,0.34804,11.639999,1.0,1.0831608,1
15:33:44.822508,63,-0.11470898,3.562837,0.5277373,0.34804,15.36,1.0,0.49949023,1
15:33:44.822508,63,-0.116590194,3.6212668,0.5035925,0.34804,14.5199995,1.0,0.54469603,1
15:33:44.822508,63,-0.1184714,3.6796966,0.47944766,0.34804,13.0,1.0,0.62995505,1
15:33:44.822508,63,-0.0714088,3.6647065,1.8835882,1.1830001,23.519999,1.0,2.861764,1
15:33:44.822508,63,-0.07647903,3.5637603,0.5274899,0.34804,15.24,1.0,0.2484203,1
15:33:44.822508,63,-0.07773327,3.6222053,0.503341,0.34804,14.88,1.0,0.31063345,1
15:33:44.822508,63,-0.07898752,3.6806502,0.47919214,0.34804,13.759999,1.0,0.41358164,1
15:33:44.822508,63,-0.03570619,3.6652236,1.8834496,1.1830001,25.88,1.0,2.5151548,1
15:33:44.822508,63,-0.037614275,3.50586,0.5514928,0.41748002,8.5199995,0.852,0.1747261,1
15:33:44.822508,63,-0.038241427,3.5643144,0.5273415,0.34804,14.5199995,1.0,0.219518,1
15:33:44.822508,63,-0.03886858,3.6227684,0.5031901,0.34804,14.12,1.0,0.30583814,1
15:33:44.822508,63,-0.10710428,3.6638443,1.8838192,1.1830001,20.52,1.0,3.402996,1
15:33:44.822508,63,-0.0714088,3.6647065,1.8835882,1.1830001,23.519999,1.0,2.861764,1
15:33:44.822508,63,-0.039495733,3.6812224,0.4790388,0.34804,13.639999,1.0,0.43368655,1
15:33:44.873702,64,0.11588739,3.5585206,0.3599075,0.55664,8.36,0.83599997,3.190915,1
15:33:44.873702,64,0.11521694,3.618871,0.67145926,0.48720002,20.359999,1.0,1.4988197,1
15:33:44.873702,64,0.11174023,3.782107,1.7282968,1.1830001,39.76,1.0,1.0525088,1
15:33:44.873702,64,0.10987716,3.719047,1.732827,1.1830001,27.119999,1.0,1.1484956,1
15:33:44.873702,64,0.039188303,3.6006043,0.2969453,0.55664,7.24,0.724,1.4634594,1
15:33:44.873702,64,0.0772647,3.5594532,0.35965753,0.55664,9.76,0.97599995,2.3124275,1
15:33:44.873702,64,0.07386715,3.7908688,1.8795805,1.1830001,41.36,1.0,1.4522501,1
15:33:44.873702,64,0.07263554,3.7276628,1.8815883,1.1830001,27.119999,1.0,1.4206903,1
15:33:44.873702,64,0.11754923,3.5990903,0.29735097,0.55664,5.24,0.524,2.6910703,1
15:33:44.873702,64,0.07837269,3.6000364,0.29709744,0.55664,6.12,0.612,1.9322449,1
15:33:44.873702,64,0.14500415,3.6415536,1.5916079,1.1830001,12.0,1.0,2.7897997,1
15:33:44.873702,64,0.18618406,3.7792294,1.7290679,1.1830001,30.76,1.0,1.8498994,1
15:33:44.873702,64,0.14896959,3.780848,1.7286341,1.1830001,35.76,1.0,1.3196008,1
15:33:44.873702,64,0.15249704,3.829726,1.5705048,1.1830001,18.24,1.0,1.8365693,1
15:33:44.873702,64,0.17810231,3.5771985,1.5990665,1.1830001,11.24,1.0,6.416625,1
15:33:44.873702,64,0.18307976,3.7162173,1.7335852,1.1830001,23.519999,1.0,2.3381093,1
15:33:44.873702,64,0.21965544,3.7142723,1.7341064,1.1830001,20.64,1.0,3.3271835,1
15:33:44.873702,64,0.22337991,3.7772512,1.7295979,1.1830001,25.76,1.0,2.6468728,1
15:33:44.873702,64,0.26055342,3.774914,1.7302241,1.1830001,21.359999,1.0,3.713991,1
15:33:44.873702,64,0.03863428,3.560013,0.35950756,0.48720002,11.0,1.0,1.7206247,1
15:33:44.873702,64,0.14648579,3.717809,1.7331587,1.1830001,25.88,1.0,1.6129909,1
15:33:44.873702,64,0.038410768,3.620355,0.67106164,0.48720002,22.359999,1.0,0.4891824,1
15:33:44.873702,64,0.07681769,3.6197984,0.67121077,0.48720002,21.88,1.0,0.8540098,1
15:33:44.873702,64,0.036319587,3.728189,1.8814473,1.1830001,25.64,1.0,1.5022689,1
15:33:44.873702,64,0.03693542,3.791404,1.8794371,1.1830001,40.0,1.0,1.7354817,1
15:33:44.873702,64,-0.19586314,3.596063,0.29816216,-0.06972,7.24,0.724,4.532376,1
15:33:44.873702,64,-0.14770475,3.7887285,1.880154,1.1830001,17.88,1.0,6.819462,1
15:33:44.873702,64,-0.15422556,3.5406368,0.32473662,1.1830001,10.88,1.0,3.0327852,1
15:33:44.873702,64,-0.15671402,3.5977657,0.2977059,-0.06972,8.0,0.79999995,3.3392756,1
15:33:44.873702,64,-0.11470898,3.562837,0.5277373,0.48720002,16.119999,1.0,1.9092786,1
15:33:44.873702,64,-0.11568267,3.5419402,0.32438734,1.1830001,11.759999,1.0,2.2998405,1
15:33:44.873702,64,-0.11754923,3.5990903,0.29735097,-0.06972,8.5199995,0.852,2.4138892,1
15:33:44.873702,64,-0.07386715,3.7908688,1.8795805,1.1830001,26.119999,1.0,4.0658197,1
15:33:44.873702,64,-0.07647903,3.5637603,0.5274899,0.48720002,18.359999,1.0,1.3752561,1
15:33:44.873702,64,-0.0771282,3.5428715,0.3241378,1.1830001,12.36,1.0,1.8360146,1
15:33:44.873702,64,-0.07837269,3.6000364,0.29709744,-0.06972,8.76,0.876,1.7599041,1
15:33:44.873702,64,-0.11079149,3.789977,1.8798195,1.1830001,21.64,1.0,5.324875,1
15:33:44.873702,64,-0.03693542,3.791404,1.8794371,1.1830001,31.24,1.0,3.0456533,1
15:33:44.873702,64,-0.038241427,3.5643144,0.5273415,0.48720002,20.359999,1.0,1.1090511,1
15:33:44.873702,64,-0.03856603,3.5434303,0.32398808,0.48720002,12.5199995,1.0,1.6448779,1
15:33:44.873702,64,-0.039188303,3.6006043,0.2969453,-0.06972,8.639999,0.86399996,1.3810238,1
15:33:44.873702,64,0.0,3.7283642,1.8814003,1.1830001,23.24,1.0,1.8307738,1
15:33:44.873702,64,0.0,3.7915823,1.8793893,1.1830001,36.239998,1.0,2.2677467,1
15:33:44.873702,64,0.0,3.724232,0.4175147,0.55664,5.0,0.5,2.5859518,1
15:33:44.873702,64,0.0,3.6205404,0.6710119,0.48720002,21.88,1.0,0.400728,1
15:33:44.873702,64,0.0,3.5601997,0.35945755,0.48720002,12.0,1.0,1.411877,1
15:33:44.873702,64,0.0,3.6007936,0.29689458,0.55664,8.12,0.812,1.2809657,1
15:33:44.873702,64,-0.036319587,3.728189,1.8814473,1.1830001,20.359999,1.0,2.402944,1
15:33:44.931897,65,0.15637429,3.845097,1.2535572,1.32216,17.119999,1.0,0.18381032,1
15:33:44.931897,65,0.2590484,4.0077868,0.29584923,0.97412,7.8799996,0.788,8.493372,1
15:33:44.931897,65,-0.03693542,3.791404,1.8794371,1.11328,14.639999,1.0,3.326599,1
15:33:44.931897,65,-0.16116193,3.795555,0.60646075,0.90468,7.0,0.7,4.609156,1
15:33:44.931897,65,0.2136836,3.5753064,1.5995735,1.1830001,6.0,0.59999996,1.5825258,1
15:33:44.931897,65,0.0,3.7760947,0.94761634,-1.73964,16.359999,1.0,0.9697915,1
15:33:44.931897,65,0.38070905,3.8142703,1.5746462,1.11328,13.88,1.0,2.858703,1
15:33:44.931897,65,0.18618406,3.7792294,1.7290679,1.11328,34.88,1.0,0.69504726,1
15:33:44.931897,65,0.08082347,3.8506098,0.7588572,1.46132,5.12,0.51199996,1.3929126,1
15:33:44.931897,65,-0.1184714,3.6796966,0.47944766,0.90468,10.5199995,1.0,3.7837217,1
15:33:44.931897,65,-0.0782968,3.7302337,0.7976573,1.53076,12.88,1.0,2.2560918,1
15:33:44.931897,65,0.0783595,3.8144014,1.0996644,1.32216,18.52,1.0,0.28468588,1
15:33:44.931897,65,0.23363824,3.86815,1.4090437,1.11328,13.36,1.0,0.6461635,1
15:33:44.931897,65,0.0,3.7392929,0.6274216,0.55664,10.76,1.0,1.7169715,1
15:33:44.931897,65,0.15927956,3.8339453,0.93146056,1.32216,5.64,0.564,0.83522695,1
15:33:44.931897,65,0.15249704,3.829726,1.5705048,1.11328,35.0,1.0,0.23760107,1
15:33:44.931897,65,0.0,3.8468134,1.7233255,1.11328,18.359999,1.0,1.7643282,1
15:33:44.931897,65,0.33150476,3.692543,1.5876921,1.1830001,19.0,1.0,2.0398629,1
15:33:44.931897,65,0.07325754,3.7199316,1.73259,1.11328,18.64,1.0,1.3635194,1
15:33:44.931897,65,0.29273722,3.7093227,1.7354326,1.1830001,21.76,1.0,1.7266108,1
15:33:44.931897,65,-0.040413756,3.8511953,0.7587003,3.5487201,7.3599997,0.736,2.2054617,1
15:33:44.931897,65,0.26672307,3.8236513,1.5721325,1.11328,26.119999,1.0,0.92017925,1
15:33:44.931897,65,0.07386715,3.7908688,1.8795805,1.11328,26.64,1.0,1.6478829,1
15:33:44.931897,65,0.11360331,3.8451672,1.7237666,1.11328,32.36,1.0,0.6431344,1
15:33:44.931897,65,-0.08059708,3.7978904,0.605835,0.90468,7.52,0.752,3.0238242,1
15:33:44.931897,65,0.03978206,3.7909982,0.7781028,2.0874,9.639999,0.964,1.1110545,1
15:33:44.931897,65,0.14648579,3.717809,1.7331587,1.11328,23.88,1.0,0.9556073,1
15:33:44.931897,65,0.21965544,3.7142723,1.7341064,1.11328,25.359999,1.0,1.0779703,1
15:33:44.931897,65,0.26055342,3.774914,1.7302241,1.11328,28.359999,1.0,1.1427172,1
15:33:44.931897,65,0.37446547,3.7517169,1.5816219,1.1830001,15.88,1.0,2.713937,1
15:33:44.931897,65,-0.079337284,3.7385263,0.62762696,0.55664,11.12,1.0,2.7047403,1
15:33:44.931897,65,0.11174023,3.782107,1.7282968,1.11328,31.24,1.0,0.7898799,1
15:33:44.931897,65,0.21743374,3.6380527,1.592546,1.1830001,16.24,1.0,1.0838201,1
15:33:44.931897,65,0.040413756,3.8511953,0.7587003,3.5487201,6.0,0.59999996,1.5069424,1
15:33:44.931897,65,0.0,3.8513906,0.75864804,3.5487201,6.7599998,0.676,1.7776428,1
15:33:44.931897,65,-0.12088555,3.7969174,0.6060958,0.90468,7.24,0.724,3.7377279,1
15:33:44.931897,65,0.11947361,3.8352914,0.9310998,1.32216,6.8799996,0.68799996,0.6977152,1
15:33:44.931897,65,0.07956014,3.7904217,0.77825725,2.0874,8.24,0.824,0.9724014,1
15:33:44.931897,65,-0.039670628,3.7391012,0.62747294,0.55664,11.24,1.0,2.134391,1
15:33:44.931897,65,-0.15794343,3.6783617,0.47980538,0.90468,9.76,0.97599995,4.632507,1
15:33:44.931897,65,0.03919739,3.7759051,0.94766706,1.32216,17.76,1.0,0.6306262,1
15:33:44.931897,65,0.11752946,3.813455,1.099918,1.32216,18.24,1.0,0.21344182,1
15:33:44.931897,65,-0.039150357,3.7308009,0.7975053,-1.73964,14.639999,1.0,1.6457418,1
15:33:44.931897,65,0.19543855,3.8433979,1.2540125,1.32216,15.36,1.0,0.3748482,1
15:33:44.931897,65,0.22866932,3.826044,1.5714914,1.11328,31.0,1.0,0.55228,1
15:33:44.931897,65,0.1905927,3.828069,1.5709488,1.11328,34.52,1.0,0.32456392,1
15:33:44.931897,65,0.34274673,3.8177643,1.57371,1.11328,17.119999,1.0,2.074056,1
15:33:44.931897,65,0.3047501,3.8208914,1.572872,1.11328,21.24,1.0,1.4276534,1
15:33:44.981700,66,0.27847448,3.8672981,1.0874549,1.04384,28.76,1.0,0.8287399,1
15:33:44.981700,66,0.34454405,3.7974136,1.420809,1.04384,30.24,1.0,2.2206683,1
15:33:44.981700,66,0.3063482,3.8005571,1.4199668,1.04384,31.88,1.0,2.0109587,1
15:33:44.981700,66,0.31249842,3.8360379,1.2559845,1.04384,41.76,1.0,0.5719604,1
15:33:44.981700,66,0.31817698,3.8644166,1.088227,1.04384,27.24,1.0,1.3155433,1
15:33:44.981700,66,0.33150476,3.692543,1.5876921,1.1830001,11.24,1.0,8.45812,1
15:33:44.981700,66,0.33712575,3.7551537,1.580701,1.11328,19.24,1.0,4.697466,1
15:33:44.981700,66,0.35146108,3.8328311,1.2568438,1.04384,38.12,1.0,1.0793282,1
15:33:44.981700,66,0.46812263,3.8209555,1.2600259,1.04384,21.88,1.0,3.7459013,1
15:33:44.981700,66,0.3840896,3.7674627,1.2697793,1.04384,27.119999,1.0,5.3069773,1
15:33:44.981700,66,0.3903886,3.8292484,1.2578038,1.04384,32.64,1.0,1.7848161,1
15:33:44.981700,66,0.39748254,3.8575037,1.0900794,1.04384,21.76,1.0,2.9977832,1
15:33:44.981700,66,0.4223506,3.763568,1.270823,1.04384,23.359999,1.0,5.6591434,1
15:33:44.981700,66,0.42927706,3.8252897,1.2588645,1.04384,26.88,1.0,2.676955,1
15:33:44.981700,66,0.46056935,3.7593036,1.2719655,1.04384,19.76,1.0,6.2759876,1
15:33:44.981700,66,0.50692135,3.8162463,1.2612877,1.04384,17.76,1.0,4.9834423,1
15:33:44.981700,66,0.27350453,3.8388681,1.2552263,1.04384,42.12,1.0,0.27580193,1
15:33:44.981700,66,0.35784766,3.8611517,1.0891019,1.04384,24.76,1.0,2.0430875,1
15:33:44.981700,66,0.26812172,3.8033316,1.4192233,1.04384,31.359999,1.0,1.995944,1
15:33:44.981700,66,0.23874415,3.8697963,1.0867856,1.53076,29.0,1.0,0.59793717,1
15:33:44.981700,66,0.23448326,3.8413215,1.2545688,1.04384,38.879997,1.0,0.2055555,1
15:33:44.981700,66,-0.08218541,3.9580848,0.8968878,1.53076,11.12,1.0,5.3472066,1
15:33:44.981700,66,-0.04109476,3.9586802,0.8967283,1.53076,11.36,1.0,4.0474052,1
15:33:44.981700,66,0.0,3.9588788,0.8966751,1.53076,11.639999,1.0,3.1543071,1
15:33:44.981700,66,0.04109476,3.9586802,0.8967283,1.53076,11.36,1.0,2.6376467,1
15:33:44.981700,66,0.04172722,4.019605,0.87974864,1.53076,9.36,0.936,10.870907,1
15:33:44.981700,66,0.078202784,3.847363,1.2529501,1.53076,18.0,1.0,2.5337818,1
15:33:44.981700,66,0.08092056,3.897169,0.913865,1.53076,15.12,1.0,7.34088,1
15:33:44.981700,66,0.11498596,3.8107336,1.4172399,1.04384,17.76,1.0,4.188008,1
15:33:44.981700,66,0.1172944,3.8464189,1.253203,1.04384,22.359999,1.0,1.5213575,1
15:33:44.981700,66,0.08218541,3.9580848,0.8968878,1.53076,10.76,1.0,2.4688544,1
15:33:44.981700,66,0.15329672,3.809438,1.4175872,1.04384,21.359999,1.0,3.2678115,1
15:33:44.981700,66,0.15637429,3.845097,1.2535572,1.04384,27.64,1.0,0.80963206,1
15:33:44.981700,66,0.15921585,3.8736403,1.0857556,1.53076,25.519999,1.0,0.9736792,1
15:33:44.981700,66,0.16433795,3.9557035,0.89752585,1.11328,8.5199995,0.852,3.0691597,1
15:33:44.981700,66,0.19159216,3.8077722,1.4180335,1.04384,25.24,1.0,2.6079552,1
15:33:44.981700,66,0.19543855,3.8433979,1.2540125,1.04384,33.52,1.0,0.37752995,1
15:33:44.981700,66,0.19898996,3.8719103,1.0862191,1.53076,27.76,1.0,0.6400579,1
15:33:44.981700,66,0.22986844,3.8057368,1.4185789,1.04384,28.88,1.0,2.189727,1
15:33:44.981700,66,0.123267844,3.9570925,0.8971537,1.53076,9.639999,0.964,2.6210709,1
15:33:44.981700,66,0.33150476,3.692543,1.5876921,1.1830001,11.24,1.0,8.45812,1
15:33:44.981700,66,0.11498596,3.8107336,1.4172399,1.04384,17.76,1.0,4.188008,1
15:33:44.981700,66,0.23448326,3.8413215,1.2545688,1.04384,38.879997,1.0,0.2055555,1
15:33:44.981700,66,0.27350453,3.8388681,1.2552263,1.04384,42.12,1.0,0.27580193,1
15:33:44.981700,66,0.08092056,3.897169,0.913865,1.53076,15.12,1.0,7.34088,1
15:33:44.981700,66,0.15329672,3.809438,1.4175872,1.04384,21.359999,1.0,3.2678115,1
15:33:44.981700,66,0.22986844,3.8057368,1.4185789,1.04384,28.88,1.0,2.189727,1
15:33:44.981700,66,0.46812263,3.8209555,1.2600259,1.04384,21.88,1.0,3.7459013,1
15:33:45.032789,67,0.36149544,3.984244,1.3923132,1.04384,8.12,0.812,5.595816,1
15:33:45.032789,67,0.41863328,3.8104095,1.5756806,1.11328,19.0,1.0,3.858802,1
15:33:45.032789,67,0.37446547,3.7517169,1.5816219,1.11328,19.52,1.0,1.7212125,1
15:33:45.032789,67,0.3682219,3.6891634,1.5885977,1.11328,7.24,0.724,4.08875,1
15:33:45.032789,67,0.35584497,3.9219673,1.4018118,1.04384,16.88,1.0,2.1860776,1
15:33:45.032789,67,0.35146108,3.8328311,1.2568438,0.90468,12.36,1.0,8.364186,1
15:33:45.032789,67,0.34274673,3.8177643,1.57371,1.11328,20.359999,1.0,0.53614676,1
15:33:45.032789,67,0.3047501,3.8208914,1.572872,1.11328,19.52,1.0,0.5565837,1
15:33:45.032789,67,0.29975227,3.7582295,1.5798769,1.11328,18.0,1.0,1.1870861,1
15:33:45.032789,67,0.26672307,3.8236513,1.5721325,1.11328,18.0,1.0,1.703693,1
15:33:45.032789,67,0.22866932,3.826044,1.5714914,1.11328,16.0,1.0,3.9812934,1
15:33:45.032789,67,0.29975227,3.7582295,1.5798769,1.11328,18.0,1.0,1.1870861,1
15:33:45.032789,67,0.35146108,3.8328311,1.2568438,0.90468,12.36,1.0,8.364186,1
15:33:45.032789,67,0.36149544,3.984244,1.3923132,1.04384,8.12,0.812,5.595816,1
15:33:45.032789,67,0.36149544,3.984244,1.3923132,1.04384,8.12,0.812,5.595816,1
15:33:45.032789,67,0.26672307,3.8236513,1.5721325,1.11328,18.0,1.0,1.703693,1
15:33:45.032789,67,0.35584497,3.9219673,1.4018118,1.04384,16.88,1.0,2.1860776,1
15:33:45.032789,67,0.41863328,3.8104095,1.5756806,1.11328,19.0,1.0,3.858802,1
15:33:45.032789,67,0.3047501,3.8208914,1.572872,1.11328,19.52,1.0,0.5565837,1
15:33:45.032789,67,0.34274673,3.8177643,1.57371,1.11328,20.359999,1.0,0.53614676,1
15:33:45.032789,67,0.29975227,3.7582295,1.5798769,1.11328,18.0,1.0,1.1870861,1
15:33:45.032789,67,0.29975227,3.7582295,1.5798769,1.11328,18.0,1.0,1.1870861,1
15:33:45.032789,67,0.22866932,3.826044,1.5714914,1.11328,16.0,1.0,3.9812934,1
15:33:45.032789,67,0.37446547,3.7517169,1.5816219,1.11328,19.52,1.0,1.7212125,1
15:33:45.032789,67,0.29975227,3.7582295,1.5798769,1.11328,18.0,1.0,1.1870861,1
15:33:45.032789,67,0.26672307,3.8236513,1.5721325,1.11328,18.0,1.0,1.703693,1
15:33:45.032789,67,0.3682219,3.6891634,1.5885977,1.11328,7.24,0.724,4.08875,1
15:33:45.032789,67,0.36149544,3.984244,1.3923132,1.04384,8.12,0.812,5.595816,1
15:33:45.032789,67,0.35584497,3.9219673,1.4018118,1.04384,16.88,1.0,2.1860776,1
15:33:45.032789,67,0.35146108,3.8328311,1.2568438,0.90468,12.36,1.0,8.364186,1
15:33:45.032789,67,0.34274673,3.8177643,1.57371,1.11328,20.359999,1.0,0.53614676,1
15:33:45.032789,67,0.36149544,3.984244,1.3923132,1.04384,8.12,0.812,5.595816,1
15:33:45.032789,67,0.3047501,3.8208914,1.572872,1.11328,19.52,1.0,0.5565837,1
15:33:45.032789,67,0.35584497,3.9219673,1.4018118,1.04384,16.88,1.0,2.1860776,1
15:33:45.032789,67,0.36149544,3.984244,1.3923132,1.04384,8.12,0.812,5.595816,1
15:33:45.032789,67,0.41863328,3.8104095,1.5756806,1.11328,19.0,1.0,3.858802,1
15:33:45.032789,67,0.34274673,3.8177643,1.57371,1.11328,20.359999,1.0,0.53614676,1
15:33:45.032789,67,0.29975227,3.7582295,1.5798769,1.11328,18.0,1.0,1.1870861,1
15:33:45.032789,67,0.36149544,3.984244,1.3923132,1.04384,8.12,0.812,5.595816,1
15:33:45.032789,67,0.34274673,3.8177643,1.57371,1.11328,20.359999,1.0,0.53614676,1
15:33:45.032789,67,0.26672307,3.8236513,1.5721325,1.11328,18.0,1.0,1.703693,1
15:33:45.032789,67,0.22866932,3.826044,1.5714914,1.11328,16.0,1.0,3.9812934,1
15:33:45.032789,67,0.35584497,3.9219673,1.4018118,1.04384,16.88,1.0,2.1860776,1
15:33:45.032789,67,0.22866932,3.826044,1.5714914,1.11328,16.0,1.0,3.9812934,1
15:33:45.032789,67,0.35584497,3.9219673,1.4018118,1.04384,16.88,1.0,2.1860776,1
15:33:45.032789,67,0.29975227,3.7582295,1.5798769,1.11328,18.0,1.0,1.1870861,1
15:33:45.032789,67,0.29975227,3.7582295,1.5798769,1.11328,18.0,1.0,1.1870861,1
15:33:45.032789,67,0.35584497,3.9219673,1.4018118,1.04384,16.88,1.0,2.1860776,1
15:33:45.086792,68,0.39525804,3.9183397,1.4027839,0.90468,22.64,1.0,2.0474494,1
15:33:45.086792,68,0.4029866,3.9528198,1.2338529,0.90468,23.0,1.0,2.2696795,1
15:33:45.086792,68,0.41863328,3.8104095,1.5756806,1.04384,9.36,0.936,1.5470693,1
15:33:45.086792,68,0.42549878,3.8728995,1.5687219,1.04384,15.12,1.0,1.7513642,1
15:33:45.086792,68,0.4500565,4.010455,1.2229894,0.90468,12.5199995,1.0,3.9463916,1
15:33:45.086792,68,0.09373349,0.13506974,2.1922998,-1.80908,5.3599997,0.536,9.204858,1
15:33:45.086792,68,0.4500565,4.010455,1.2229894,0.90468,12.5199995,1.0,3.9463916,1
15:33:45.086792,68,0.39525804,3.9183397,1.4027839,0.90468,22.64,1.0,2.0474494,1
15:33:45.086792,68,0.4029866,3.9528198,1.2338529,0.90468,23.0,1.0,2.2696795,1
15:33:45.086792,68,0.4500565,4.010455,1.2229894,0.90468,12.5199995,1.0,3.9463916,1
15:33:45.086792,68,0.4029866,3.9528198,1.2338529,0.90468,23.0,1.0,2.2696795,1
15:33:45.086792,68,0.42549878,3.8728995,1.5687219,1.04384,15.12,1.0,1.7513642,1
15:33:45.086792,68,0.4500565,4.010455,1.2229894,0.90468,12.5199995,1.0,3.9463916,1
15:33:45.086792,68,0.42549878,3.8728995,1.5687219,1.04384,15.12,1.0,1.7513642,1
15:33:45.086792,68,0.4029866,3.9528198,1.2338529,0.90468,23.0,1.0,2.2696795,1
15:33:45.086792,68,0.4500565,4.010455,1.2229894,0.90468,12.5199995,1.0,3.9463916,1
15:33:45.086792,68,0.4500565,4.010455,1.2229894,0.90468,12.5199995,1.0,3.9463916,1
15:33:45.086792,68,0.39525804,3.9183397,1.4027839,0.90468,22.64,1.0,2.0474494,1
15:33:45.086792,68,0.39525804,3.9183397,1.4027839,0.90468,22.64,1.0,2.0474494,1
15:33:45.086792,68,0.41863328,3.8104095,1.5756806,1.04384,9.36,0.936,1.5470693,1
15:33:45.086792,68,0.4029866,3.9528198,1.2338529,0.90468,23.0,1.0,2.2696795,1
15:33:45.086792,68,0.4029866,3.9528198,1.2338529,0.90468,23.0,1.0,2.2696795,1
15:33:45.086792,68,0.42549878,3.8728995,1.5687219,1.04384,15.12,1.0,1.7513642,1
15:33:45.086792,68,0.4029866,3.9528198,1.2338529,0.90468,23.0,1.0,2.2696795,1
15:33:45.086792,68,0.4029866,3.9528198,1.2338529,0.90468,23.0,1.0,2.2696795,1
15:33:45.086792,68,0.39525804,3.9183397,1.4027839,0.90468,22.64,1.0,2.0474494,1
15:33:45.086792,68,0.41863328,3.8104095,1.5756806,1.04384,9.36,0.936,1.5470693,1
15:33:45.086792,68,0.41863328,3.8104095,1.5756806,1.04384,9.36,0.936,1.5470693,1
15:33:45.086792,68,0.41863328,3.8104095,1.5756806,1.04384,9.36,0.936,1.5470693,1
15:33:45.086792,68,0.41863328,3.8104095,1.5756806,1.04384,9.36,0.936,1.5470693,1
15:33:45.086792,68,0.41863328,3.8104095,1.5756806,1.04384,9.36,0.936,1.5470693,1
15:33:45.086792,68,0.4029866,3.9528198,1.2338529,0.90468,23.0,1.0,2.2696795,1
15:33:45.086792,68,0.4500565,4.010455,1.2229894,0.90468,12.5199995,1.0,3.9463916,1
15:33:45.086792,68,0.4029866,3.9528198,1.2338529,0.90468,23.0,1.0,2.2696795,1
15:33:45.086792,68,0.39525804,3.9183397,1.4027839,0.90468,22.64,1.0,2.0474494,1
15:33:45.086792,68,0.39525804,3.9183397,1.4027839,0.90468,22.64,1.0,2.0474494,1
15:33:45.086792,68,0.09373349,0.13506974,2.1922998,-1.80908,5.3599997,0.536,9.204858,1
15:33:45.086792,68,0.4500565,4.010455,1.2229894,0.90468,12.5199995,1.0,3.9463916,1
15:33:45.086792,68,0.4500565,4.010455,1.2229894,0.90468,12.5199995,1.0,3.9463916,1
15:33:45.086792,68,0.39525804,3.9183397,1.4027839,0.90468,22.64,1.0,2.0474494,1
15:33:45.086792,68,0.39525804,3.9183397,1.4027839,0.90468,22.64,1.0,2.0474494,1
15:33:45.086792,68,0.4029866,3.9528198,1.2338529,0.90468,23.0,1.0,2.2696795,1
15:33:45.086792,68,0.39525804,3.9183397,1.4027839,0.90468,22.64,1.0,2.0474494,1
15:33:45.086792,68,0.09373349,0.13506974,2.1922998,-1.80908,5.3599997,0.536,9.204858,1
15:33:45.086792,68,0.4500565,4.010455,1.2229894,0.90468,12.5199995,1.0,3.9463916,1
15:33:45.086792,68,0.09373349,0.13506974,2.1922998,-1.80908,5.3599997,0.536,9.204858,1
15:33:45.086792,68,0.4029866,3.9528198,1.2338529,0.90468,23.0,1.0,2.2696795,1
15:33:45.086792,68,0.4029866,3.9528198,1.2338529,0.90468,23.0,1.0,2.2696795,1
15:33:45.142120,69,0.5632784,3.9341505,1.2388552,0.90468,7.7599998,0.77599996,2.5168135,1
15:33:45.142120,69,0.6211234,4.1067734,0.2971375,0.13916,7.12,0.712,1.6907266,1
15:33:45.142120,69,0.5720829,3.9956443,1.226958,0.90468,9.5199995,0.95199996,2.8866901,1
15:33:45.142120,69,0.62607807,4.0920167,0.10621874,0.06972,5.3599997,0.536,4.108078,1
15:33:45.142120,69,0.49866012,4.059385,1.1713481,0.90468,6.64,0.664,3.5397892,1
15:33:45.142120,69,0.47148922,3.9310243,1.5629328,0.97412,6.12,0.612,4.629371,1
15:33:45.142120,69,0.5714063,4.118765,0.48456806,0.13916,5.12,0.51199996,1.9317615,1
15:33:45.142120,69,0.5632784,3.9341505,1.2388552,0.90468,7.7599998,0.77599996,2.5168135,1
15:33:45.142120,69,0.5714063,4.118765,0.48456806,0.13916,5.12,0.51199996,1.9317615,1
15:33:45.142120,69,0.62607807,4.0920167,0.10621874,0.06972,5.3599997,0.536,4.108078,1
15:33:45.142120,69,0.49866012,4.059385,1.1713481,0.90468,6.64,0.664,3.5397892,1
15:33:45.142120,69,0.47148922,3.9310243,1.5629328,0.97412,6.12,0.612,4.629371,1
15:33:45.142120,69,0.62607807,4.0920167,0.10621874,0.06972,5.3599997,0.536,4.108078,1
15:33:45.142120,69,0.5720829,3.9956443,1.226958,0.90468,9.5199995,0.95199996,2.8866901,1
15:33:45.142120,69,0.5720829,3.9956443,1.226958,0.90468,9.5199995,0.95199996,2.8866901,1
15:33:45.142120,69,0.49866012,4.059385,1.1713481,0.90468,6.64,0.664,3.5397892,1
15:33:45.142120,69,0.62607807,4.0920167,0.10621874,0.06972,5.3599997,0.536,4.108078,1
15:33:45.142120,69,0.6211234,4.1067734,0.2971375,0.13916,7.12,0.712,1.6907266,1
15:33:45.142120,69,0.5720829,3.9956443,1.226958,0.90468,9.5199995,0.95199996,2.8866901,1
15:33:45.142120,69,0.5632784,3.9341505,1.2388552,0.90468,7.7599998,0.77599996,2.5168135,1
15:33:45.142120,69,0.5714063,4.118765,0.48456806,0.13916,5.12,0.51199996,1.9317615,1
15:33:45.142120,69,0.5632784,3.9341505,1.2388552,0.90468,7.7599998,0.77599996,2.5168135,1
15:33:45.142120,69,0.6211234,4.1067734,0.2971375,0.13916,7.12,0.712,1.6907266,1
15:33:45.142120,69,0.5714063,4.118765,0.48456806,0.13916,5.12,0.51199996,1.9317615,1
15:33:45.142120,69,0.5720829,3.9956443,1.226958,0.90468,9.5199995,0.95199996,2.8866901,1
15:33:45.142120,69,0.47148922,3.9310243,1.5629328,0.97412,6.12,0.612,4.629371,1
15:33:45.142120,69,0.47148922,3.9310243,1.5629328,0.97412,6.12,0.612,4.629371,1
15:33:45.142120,69,0.5632784,3.9341505,1.2388552,0.90468,7.7599998,0.77599996,2.5168135,1
15:33:45.142120,69,0.5714063,4.118765,0.48456806,0.13916,5.12,0.51199996,1.9317615,1
15:33:45.142120,69,0.5720829,3.9956443,1.226958,0.90468,9.5199995,0.95199996,2.8866901,1
15:33:45.142120,69,0.5714063,4.118765,0.48456806,0.13916,5.12,0.51199996,1.9317615,1
15:33:45.142120,69,0.49866012,4.059385,1.1713481,0.90468,6.64,0.664,3.5397892,1
15:33:45.142120,69,0.5632784,3.9341505,1.2388552,0.90468,7.7599998,0.77599996,2.5168135,1
15:33:45.142120,69,0.5720829,3.9956443,1.226958,0.90468,9.5199995,0.95199996,2.8866901,1
15:33:45.142120,69,0.5720829,3.9956443,1.226958,0.90468,9.5199995,0.95199996,2.8866901,1
15:33:45.142120,69,0.6211234,4.1067734,0.2971375,0.13916,7.12,0.712,1.6907266,1
15:33:45.142120,69,0.5632784,3.9341505,1.2388552,0.90468,7.7599998,0.77599996,2.5168135,1
15:33:45.142120,69,0.5632784,3.9341505,1.2388552,0.90468,7.7599998,0.77599996,2.5168135,1
15:33:45.142120,69,0.5720829,3.9956443,1.226958,0.90468,9.5199995,0.95199996,2.8866901,1
15:33:45.142120,69,0.5714063,4.118765,0.48456806,0.13916,5.12,0.51199996,1.9317615,1
15:33:45.142120,69,0.6211234,4.1067734,0.2971375,0.13916,7.12,0.712,1.6907266,1
15:33:45.142120,69,0.62607807,4.0920167,0.10621874,0.06972,5.3599997,0.536,4.108078,1
15:33:45.142120,69,0.6211234,4.1067734,0.2971375,0.13916,7.12,0.712,1.6907266,1
15:33:45.142120,69,0.5720829,3.9956443,1.226958,0.90468,9.5199995,0.95199996,2.8866901,1
15:33:45.142120,69,0.49866012,4.059385,1.1713481,0.90468,6.64,0.664,3.5397892,1
15:33:45.142120,69,0.5632784,3.9341505,1.2388552,0.90468,7.7599998,0.77599996,2.5168135,1
15:33:45.142120,69,0.5632784,3.9341505,1.2388552,0.90468,7.7599998,0.77599996,2.5168135,1
15:33:45.142120,69,0.5720829,3.9956443,1.226958,0.90468,9.5199995,0.95199996,2.8866901,1
15:33:45.198121,70,0.7344129,4.0198684,0.4719668,0.20888,8.88,0.88799995,2.0757148,1
15:33:45.198121,70,0.72445554,3.9765496,0.53442204,0.20888,8.0,0.79999995,4.745746,1
15:33:45.198121,70,0.70158,4.0849037,0.44802928,0.20888,7.7599998,0.77599996,3.4370866,1
15:33:45.198121,70,0.59087354,4.082933,1.0375323,0.97412,6.0,0.59999996,3.1835024,1
15:33:45.198121,70,0.53963846,4.06255,1.2136106,0.97412,10.12,1.0,0.8608131,1
15:33:45.198121,70,0.51867425,3.9886267,1.5572836,0.97412,8.0,0.79999995,3.2259517,1
15:33:45.198121,70,0.49080032,4.1879673,0.46014005,0.6958,5.64,0.564,4.3162093,1
15:33:45.198121,70,0.45219624,4.2356863,0.3945527,0.90468,5.24,0.524,6.545646,1
15:33:45.198121,70,0.52954394,4.0291963,1.3874568,0.97412,10.5199995,1.0,1.3146232,1
15:33:45.198121,70,0.7344129,4.0198684,0.4719668,0.20888,8.88,0.88799995,2.0757148,1
15:33:45.198121,70,0.45219624,4.2356863,0.3945527,0.90468,5.24,0.524,6.545646,1
15:33:45.198121,70,0.52954394,4.0291963,1.3874568,0.97412,10.5199995,1.0,1.3146232,1
15:33:45.198121,70,0.72445554,3.9765496,0.53442204,0.20888,8.0,0.79999995,4.745746,1
15:33:45.198121,70,0.7344129,4.0198684,0.4719668,0.20888,8.88,0.88799995,2.0757148,1
15:33:45.198121,70,0.53963846,4.06255,1.2136106,0.97412,10.12,1.0,0.8608131,1
15:33:45.198121,70,0.72445554,3.9765496,0.53442204,0.20888,8.0,0.79999995,4.745746,1
15:33:45.198121,70,0.51867425,3.9886267,1.5572836,0.97412,8.0,0.79999995,3.2259517,1
15:33:45.198121,70,0.52954394,4.0291963,1.3874568,0.97412,10.5199995,1.0,1.3146232,1
15:33:45.198121,70,0.72445554,3.9765496,0.53442204,0.20888,8.0,0.79999995,4.745746,1
15:33:45.198121,70,0.72445554,3.9765496,0.53442204,0.20888,8.0,0.79999995,4.745746,1
15:33:45.198121,70,0.59087354,4.082933,1.0375323,0.97412,6.0,0.59999996,3.1835024,1
15:33:45.198121,70,0.59087354,4.082933,1.0375323,0.97412,6.0,0.59999996,3.1835024,1
15:33:45.198121,70,0.7344129,4.0198684,0.4719668,0.20888,8.88,0.88799995,2.0757148,1
15:33:45.198121,70,0.70158,4.0849037,0.44802928,0.20888,7.7599998,0.77599996,3.4370866,1
15:33:45.198121,70,0.53963846,4.06255,1.2136106,0.97412,10.12,1.0,0.8608131,1
15:33:45.198121,70,0.72445554,3.9765496,0.53442204,0.20888,8.0,0.79999995,4.745746,1
15:33:45.198121,70,0.51867425,3.9886267,1.5572836,0.97412,8.0,0.79999995,3.2259517,1
15:33:45.198121,70,0.52954394,4.0291963,1.3874568,0.97412,10.5199995,1.0,1.3146232,1
15:33:45.198121,70,0.70158,4.0849037,0.44802928,0.20888,7.7599998,0.77599996,3.4370866,1
15:33:45.198121,70,0.59087354,4.082933,1.0375323,0.97412,6.0,0.59999996,3.1835024,1
15:33:45.198121,70,0.52954394,4.0291963,1.3874568,0.97412,10.5199995,1.0,1.3146232,1
15:33:45.198121,70,0.59087354,4.082933,1.0375323,0.97412,6.0,0.59999996,3.1835024,1
15:33:45.198121,70,0.7344129,4.0198684,0.4719668,0.20888,8.88,0.88799995,2.0757148,1
15:33:45.198121,70,0.59087354,4.082933,1.0375323,0.97412,6.0,0.59999996,3.1835024,1
15:33:45.198121,70,0.72445554,3.9765496,0.53442204,0.20888,8.0,0.79999995,4.745746,1
15:33:45.198121,70,0.72445554,3.9765496,0.53442204,0.20888,8.0,0.79999995,4.745746,1
15:33:45.198121,70,0.45219624,4.2356863,0.3945527,0.90468,5.24,0.524,6.545646,1
15:33:45.198121,70,0.70158,4.0849037,0.44802928,0.20888,7.7599998,0.77599996,3.4370866,1
15:33:45.198121,70,0.59087354,4.082933,1.0375323,0.97412,6.0,0.59999996,3.1835024,1
15:33:45.198121,70,0.51867425,3.9886267,1.5572836,0.97412,8.0,0.79999995,3.2259517,1
15:33:45.198121,70,0.7344129,4.0198684,0.4719668,0.20888,8.88,0.88799995,2.0757148,1
15:33:45.198121,70,0.53963846,4.06255,1.2136106,0.97412,10.12,1.0,0.8608131,1
15:33:45.198121,70,0.45219624,4.2356863,0.3945527,0.90468,5.24,0.524,6.545646,1
15:33:45.198121,70,0.72445554,3.9765496,0.53442204,0.20888,8.0,0.79999995,4.745746,1
15:33:45.198121,70,0.53963846,4.06255,1.2136106,0.97412,10.12,1.0,0.8608131,1
15:33:45.198121,70,0.49080032,4.1879673,0.46014005,0.6958,5.64,0.564,4.3162093,1
15:33:45.198121,70,0.49080032,4.1879673,0.46014005,0.6958,5.64,0.564,4.3162093,1
15:33:45.198121,70,0.53963846,4.06255,1.2136106,0.97412,10.12,1.0,0.8608131,1
15:33:45.253266,71,0.6409358,4.17414,1.19287,1.04384,7.0,0.7,5.1727867,1
15:33:45.253266,71,0.5979113,3.977841,1.5601737,1.11328,6.12,0.612,3.7301905,1
15:33:45.253266,71,0.6072571,4.0400176,1.5532988,1.04384,12.24,1.0,1.5050467,1
15:33:45.253266,71,0.64347583,4.2057276,0.053593483,0.41748002,5.7599998,0.576,3.8686986,1
15:33:45.253266,71,0.6336556,4.1294227,0.038064416,0.41748002,5.3599997,0.536,4.8308663,1
15:33:45.253266,71,0.5845017,4.1702175,1.5379827,1.04384,13.5199995,1.0,2.2294354,1
15:33:45.253266,71,0.57577467,4.1079535,1.544881,1.04384,16.52,1.0,1.7954224,1
15:33:45.253266,71,0.57577467,4.1079535,1.544881,1.04384,16.52,1.0,1.7954224,1
15:33:45.253266,71,0.64347583,4.2057276,0.053593483,0.41748002,5.7599998,0.576,3.8686986,1
15:33:45.253266,71,0.6072571,4.0400176,1.5532988,1.04384,12.24,1.0,1.5050467,1
15:33:45.253266,71,0.6072571,4.0400176,1.5532988,1.04384,12.24,1.0,1.5050467,1
15:33:45.253266,71,0.6072571,4.0400176,1.5532988,1.04384,12.24,1.0,1.5050467,1
15:33:45.253266,71,0.6336556,4.1294227,0.038064416,0.41748002,5.3599997,0.536,4.8308663,1
15:33:45.253266,71,0.5845017,4.1702175,1.5379827,1.04384,13.5199995,1.0,2.2294354,1
15:33:45.253266,71,0.5845017,4.1702175,1.5379827,1.04384,13.5199995,1.0,2.2294354,1
15:33:45.253266,71,0.5845017,4.1702175,1.5379827,1.04384,13.5199995,1.0,2.2294354,1
15:33:45.253266,71,0.5979113,3.977841,1.5601737,1.11328,6.12,0.612,3.7301905,1
15:33:45.253266,71,0.57577467,4.1079535,1.544881,1.04384,16.52,1.0,1.7954224,1
15:33:45.253266,71,0.57577467,4.1079535,1.544881,1.04384,16.52,1.0,1.7954224,1
15:33:45.253266,71,0.6072571,4.0400176,1.5532988,1.04384,12.24,1.0,1.5050467,1
15:33:45.253266,71,0.6409358,4.17414,1.19287,1.04384,7.0,0.7,5.1727867,1
15:33:45.253266,71,0.57577467,4.1079535,1.544881,1.04384,16.52,1.0,1.7954224,1
15:33:45.253266,71,0.6336556,4.1294227,0.038064416,0.41748002,5.3599997,0.536,4.8308663,1
15:33:45.253266,71,0.6072571,4.0400176,1.5532988,1.04384,12.24,1.0,1.5050467,1
15:33:45.253266,71,0.5845017,4.1702175,1.5379827,1.04384,13.5199995,1.0,2.2294354,1
15:33:45.253266,71,0.6072571,4.0400176,1.5532988,1.04384,12.24,1.0,1.5050467,1
15:33:45.253266,71,0.6072571,4.0400176,1.5532988,1.04384,12.24,1.0,1.5050467,1
15:33:45.253266,71,0.6409358,4.17414,1.19287,1.04384,7.0,0.7,5.1727867,1
15:33:45.253266,71,0.5845017,4.1702175,1.5379827,1.04384,13.5199995,1.0,2.2294354,1
15:33:45.253266,71,0.5845017,4.1702175,1.5379827,1.04384,13.5199995,1.0,2.2294354,1
15:33:45.253266,71,0.64347583,4.2057276,0.053593483,0.41748002,5.7599998,0.576,3.8686986,1
15:33:45.253266,71,0.6072571,4.0400176,1.5532988,1.04384,12.24,1.0,1.5050467,1
15:33:45.253266,71,0.64347583,4.2057276,0.053593483,0.41748002,5.7599998,0.576,3.8686986,1
15:33:45.253266,71,0.57577467,4.1079535,1.544881,1.04384,16.52,1.0,1.7954224,1
15:33:45.253266,71,0.6072571,4.0400176,1.5532988,1.04384,12.24,1.0,1.5050467,1
15:33:45.253266,71,0.57577467,4.1079535,1.544881,1.04384,16.52,1.0,1.7954224,1
15:33:45.253266,71,0.6409358,4.17414,1.19287,1.04384,7.0,0.7,5.1727867,1
15:33:45.253266,71,0.5845017,4.1702175,1.5379827,1.04384,13.5199995,1.0,2.2294354,1
15:33:45.253266,71,0.6072571,4.0400176,1.5532988,1.04384,12.24,1.0,1.5050467,1
15:33:45.253266,71,0.6072571,4.0400176,1.5532988,1.04384,12.24,1.0,1.5050467,1
15:33:45.253266,71,0.6336556,4.1294227,0.038064416,0.41748002,5.3599997,0.536,4.8308663,1
15:33:45.253266,71,0.6409358,4.17414,1.19287,1.04384,7.0,0.7,5.1727867,1
15:33:45.253266,71,0.5845017,4.1702175,1.5379827,1.04384,13.5199995,1.0,2.2294354,1
15:33:45.253266,71,0.6409358,4.17414,1.19287,1.04384,7.0,0.7,5.1727867,1
15:33:45.253266,71,0.5979113,3.977841,1.5601737,1.11328,6.12,0.612,3.7301905,1
15:33:45.253266,71,0.6072571,4.0400176,1.5532988,1.04384,12.24,1.0,1.5050467,1
15:33:45.253266,71,0.5979113,3.977841,1.5601737,1.11328,6.12,0.612,3.7301905,1
15:33:45.253266,71,0.6409358,4.17414,1.19287,1.04384,7.0,0.7,5.1727867,1
15:33:45.311875,72,0.6841326,4.0392127,0.69523036,0.48720002,31.119999,1.0,0.8102377,1
15:33:45.311875,72,0.6922524,4.0419426,0.5110147,0.48720002,37.52,1.0,0.739972,1
15:33:45.311875,72,0.7022488,4.10031,0.48951313,0.48720002,19.64,1.0,1.4727523,1
15:33:45.311875,72,0.7149435,4.099728,1.2082287,1.04384,25.88,1.0,2.2353299,1
15:33:45.311875,72,0.7264905,4.0324,0.6970559,0.48720002,29.0,1.0,0.98298675,1
15:33:45.311875,72,0.735113,4.035049,0.5128619,0.48720002,37.64,1.0,0.81793046,1
15:33:45.311875,72,0.7457284,4.0933166,0.49138695,0.48720002,20.76,1.0,1.6115221,1
15:33:45.311875,72,0.75638586,4.151816,0.46982682,0.48720002,13.5199995,1.0,6.886055,1
15:33:45.311875,72,0.7565567,4.0926213,1.2101331,1.04384,22.88,1.0,2.963987,1
15:33:45.311875,72,0.7687757,4.0251784,0.69899094,0.48720002,25.64,1.0,1.390532,1
15:33:45.311875,72,0.5566655,4.057192,0.6904129,0.48720002,27.0,1.0,1.7166393,1
15:33:45.311875,72,0.78913337,4.0859036,0.49337325,0.48720002,20.52,1.0,1.9578379,1
15:33:45.311875,72,0.8109841,4.0175486,0.70103526,0.48720002,22.119999,1.0,2.0321267,1
15:33:45.311875,72,0.82060945,4.020021,0.5168885,0.48720002,30.24,1.0,1.6714385,1
15:33:45.311875,72,0.8324594,4.078072,0.49547175,0.48720002,18.88,1.0,2.5109212,1
15:33:45.311875,72,0.86241454,3.9967303,0.4781666,0.48720002,25.359999,1.0,2.91991,1
15:33:45.311875,72,0.87486815,4.054445,0.45619068,0.48720002,16.64,1.0,2.7977765,1
15:33:45.311875,72,0.904915,3.9881947,0.4804537,0.48720002,21.0,1.0,3.9110715,1
15:33:45.311875,72,0.91798234,4.045786,0.45851082,0.48720002,14.24,1.0,3.7483485,1
15:33:45.311875,72,0.9610047,4.036711,0.46094242,0.48720002,12.12,1.0,4.9133663,1
15:33:45.311875,72,0.6708327,4.1355867,1.3733263,1.04384,28.119999,1.0,3.432903,1
15:33:45.311875,72,0.7779001,4.0277414,0.51481986,0.48720002,34.76,1.0,1.1286706,1
15:33:45.311875,72,0.6508007,4.012093,1.3920395,1.04384,9.12,0.912,9.86599,1
15:33:45.311875,72,0.48524413,4.186549,0.6492193,0.97412,8.76,0.876,6.065717,1
15:33:45.311875,72,0.64932257,4.048422,0.5092786,0.48720002,34.36,1.0,0.8961237,1
15:33:45.311875,72,0.6586991,4.1068826,0.48775193,0.48720002,17.359999,1.0,1.5429016,1
15:33:45.311875,72,0.41530856,4.205261,1.70148,1.1830001,17.52,1.0,7.213047,1
15:33:45.311875,72,0.42869735,4.07147,0.68658715,0.48720002,16.359999,1.0,4.8168035,1
15:33:45.311875,72,0.43500394,4.1313653,0.66726553,0.97412,13.24,1.0,3.5978827,1
15:33:45.311875,72,0.45982635,4.18535,1.533928,1.04384,20.52,1.0,4.907302,1
15:33:45.311875,72,0.47140196,4.067123,0.68775195,0.48720002,19.64,1.0,3.533765,1
15:33:45.311875,72,0.47699693,4.0701838,0.50344753,0.97412,16.24,1.0,3.9084735,1
15:33:45.311875,72,0.5014363,4.180707,1.535172,1.04384,23.64,1.0,4.6775293,1
15:33:45.311875,72,0.5201607,4.0653677,0.504738,0.48720002,20.0,1.0,2.7911305,1
15:33:45.311875,72,0.52886295,4.1678796,0.6084725,0.97412,10.36,1.0,4.567504,1
15:33:45.311875,72,0.5140594,4.062363,0.68902725,0.48720002,23.24,1.0,2.501742,1
15:33:45.311875,72,0.5632724,4.060135,0.50614005,0.48720002,24.519999,1.0,1.9189415,1
15:33:45.311875,72,0.5726959,4.1625595,0.6098981,0.97412,12.36,1.0,4.052661,1
15:33:45.311875,72,0.58756673,4.1477427,1.3700691,1.04384,28.64,1.0,2.7545998,1
15:33:45.311875,72,0.59921587,4.0516095,0.6919087,0.48720002,30.0,1.0,1.1749173,1
15:33:45.311875,72,0.6063278,4.0544863,0.50765365,0.48720002,29.64,1.0,1.2882884,1
15:33:45.311875,72,0.61508346,4.1130347,0.4861035,0.48720002,14.639999,1.0,1.8239373,1
15:33:45.311875,72,0.61983633,4.080025,1.3810257,1.04384,21.119999,1.0,3.8854887,1
15:33:45.311875,72,0.62923115,4.1418657,1.3716439,1.04384,29.119999,1.0,2.9930403,1
15:33:45.311875,72,0.6417063,4.045616,0.6935146,0.48720002,31.64,1.0,0.8735922,1
15:33:45.311875,72,0.54299617,4.175663,1.5365237,1.04384,26.64,1.0,4.6495934,1
15:33:45.311875,72,0.45982635,4.18535,1.533928,1.04384,20.52,1.0,4.907302,1
15:33:45.311875,72,0.5140594,4.062363,0.68902725,0.48720002,23.24,1.0,2.501742,1
15:33:45.364154,73,0.7022488,4.10031,0.48951313,0.55664,18.52,1.0,1.4208108,1
15:33:45.364154,73,0.8004111,4.1442966,0.47184148,0.55664,9.88,0.988,3.4026377,1
15:33:45.364154,73,0.78913337,4.0859036,0.49337325,0.55664,19.88,1.0,2.3157828,1
15:33:45.364154,73,0.735113,4.035049,0.5128619,0.55664,23.88,1.0,3.2512321,1
15:33:45.364154,73,0.6669504,4.2456784,1.8771406,1.25244,19.0,1.0,4.3639183,1
15:33:45.364154,73,0.7457284,4.0933166,0.49138695,0.55664,19.64,1.0,0.5001056,1
15:33:45.364154,73,0.61638665,4.1893706,1.8772999,1.25244,13.639999,1.0,2.4709203,1
15:33:45.364154,73,0.61238307,4.1178017,1.712548,1.25244,7.8799996,0.788,4.54851,1
15:33:45.364154,73,0.6586991,4.1068826,0.48775193,0.55664,16.76,1.0,5.046693,1
15:33:45.364154,73,0.61238307,4.1178017,1.712548,1.25244,7.8799996,0.788,4.54851,1
15:33:45.364154,73,0.61238307,4.1178017,1.712548,1.25244,7.8799996,0.788,4.54851,1
15:33:45.364154,73,0.78913337,4.0859036,0.49337325,0.55664,19.88,1.0,2.3157828,1
15:33:45.364154,73,0.61238307,4.1178017,1.712548,1.25244,7.8799996,0.788,4.54851,1
15:33:45.364154,73,0.61638665,4.1893706,1.8772999,1.25244,13.639999,1.0,2.4709203,1
15:33:45.364154,73,0.7022488,4.10031,0.48951313,0.55664,18.52,1.0,1.4208108,1
15:33:45.364154,73,0.735113,4.035049,0.5128619,0.55664,23.88,1.0,3.2512321,1
15:33:45.364154,73,0.7457284,4.0933166,0.49138695,0.55664,19.64,1.0,0.5001056,1
15:33:45.364154,73,0.78913337,4.0859036,0.49337325,0.55664,19.88,1.0,2.3157828,1
15:33:45.364154,73,0.61638665,4.1893706,1.8772999,1.25244,13.639999,1.0,2.4709203,1
15:33:45.364154,73,0.61238307,4.1178017,1.712548,1.25244,7.8799996,0.788,4.54851,1
15:33:45.364154,73,0.7022488,4.10031,0.48951313,0.55664,18.52,1.0,1.4208108,1
15:33:45.364154,73,0.61638665,4.1893706,1.8772999,1.25244,13.639999,1.0,2.4709203,1
15:33:45.364154,73,0.6669504,4.2456784,1.8771406,1.25244,19.0,1.0,4.3639183,1
15:33:45.364154,73,0.7457284,4.0933166,0.49138695,0.55664,19.64,1.0,0.5001056,1
15:33:45.364154,73,0.61238307,4.1178017,1.712548,1.25244,7.8799996,0.788,4.54851,1
15:33:45.364154,73,0.735113,4.035049,0.5128619,0.55664,23.88,1.0,3.2512321,1
15:33:45.364154,73,0.7457284,4.0933166,0.49138695,0.55664,19.64,1.0,0.5001056,1
15:33:45.364154,73,0.735113,4.035049,0.5128619,0.55664,23.88,1.0,3.2512321,1
15:33:45.364154,73,0.7457284,4.0933166,0.49138695,0.55664,19.64,1.0,0.5001056,1
15:33:45.364154,73,0.7022488,4.10031,0.48951313,0.55664,18.52,1.0,1.4208108,1
15:33:45.364154,73,0.6586991,4.1068826,0.48775193,0.55664,16.76,1.0,5.046693,1
15:33:45.364154,73,0.6586991,4.1068826,0.48775193,0.55664,16.76,1.0,5.046693,1
15:33:45.364154,73,0.735113,4.035049,0.5128619,0.55664,23.88,1.0,3.2512321,1
15:33:45.364154,73,0.61238307,4.1178017,1.712548,1.25244,7.8799996,0.788,4.54851,1
15:33:45.364154,73,0.6669504,4.2456784,1.8771406,1.25244,19.0,1.0,4.3639183,1
15:33:45.364154,73,0.61638665,4.1893706,1.8772999,1.25244,13.639999,1.0,2.4709203,1
15:33:45.364154,73,0.8004111,4.1442966,0.47184148,0.55664,9.88,0.988,3.4026377,1
15:33:45.364154,73,0.78913337,4.0859036,0.49337325,0.55664,19.88,1.0,2.3157828,1
15:33:45.364154,73,0.61638665,4.1893706,1.8772999,1.25244,13.639999,1.0,2.4709203,1
15:33:45.364154,73,0.7457284,4.0933166,0.49138695,0.55664,19.64,1.0,0.5001056,1
15:33:45.364154,73,0.735113,4.035049,0.5128619,0.55664,23.88,1.0,3.2512321,1
15:33:45.364154,73,0.6586991,4.1068826,0.48775193,0.55664,16.76,1.0,5.046693,1
15:33:45.364154,73,0.78913337,4.0859036,0.49337325,0.55664,19.88,1.0,2.3157828,1
15:33:45.364154,73,0.7022488,4.10031,0.48951313,0.55664,18.52,1.0,1.4208108,1
15:33:45.364154,73,0.78913337,4.0859036,0.49337325,0.55664,19.88,1.0,2.3157828,1
15:33:45.364154,73,0.8004111,4.1442966,0.47184148,0.55664,9.88,0.988,3.4026377,1
15:33:45.364154,73,0.78913337,4.0859036,0.49337325,0.55664,19.88,1.0,2.3157828,1
15:33:45.364154,73,0.78913337,4.0859036,0.49337325,0.55664,19.88,1.0,2.3157828,1
15:33:45.418955,74,0.78913337,4.0859036,0.49337325,0.48720002,19.88,1.0,3.5063238,1
15:33:45.418955,74,0.7670055,4.284651,1.704941,1.32216,20.88,1.0,4.3160787,1
15:33:45.418955,74,0.7498979,4.1444354,1.544891,1.32216,10.88,1.0,10.304532,1
15:33:45.418955,74,0.7457284,4.0933166,0.49138695,0.48720002,22.359999,1.0,2.3348703,1
15:33:45.418955,74,0.72481763,4.291856,1.7030104,1.32216,22.88,1.0,2.8693993,1
15:33:45.418955,74,0.7143094,4.229634,1.7073162,1.32216,17.119999,1.0,2.6894853,1
15:33:45.418955,74,0.7022488,4.10031,0.48951313,0.48720002,24.119999,1.0,1.7043912,1
15:33:45.418955,74,0.6825573,4.298653,1.7011892,1.32216,24.24,1.0,1.8951977,1
15:33:45.418955,74,0.6586991,4.1068826,0.48775193,0.48720002,24.88,1.0,1.6359729,1
15:33:45.418955,74,0.66811275,4.1655755,0.46613982,-0.06972,11.759999,1.0,3.7223494,1
15:33:45.418955,74,0.61681116,4.1705804,0.6534981,0.48720002,24.119999,1.0,0.98133504,1
15:33:45.418955,74,0.6402287,4.3050413,1.6994773,1.32216,24.24,1.0,1.4134328,1
15:33:45.418955,74,0.48524413,4.186549,0.6492193,0.48720002,17.119999,1.0,4.241211,1
15:33:45.418955,74,0.5085211,4.3310375,1.869197,1.32216,18.76,1.0,4.156568,1
15:33:45.418955,74,0.5506681,4.325922,1.8705677,1.32216,21.24,1.0,2.7575216,1
15:33:45.418955,74,0.57301134,4.1763268,0.65195835,0.48720002,22.24,1.0,1.4615831,1
15:33:45.418955,74,0.5978361,4.311021,1.6978751,1.32216,23.24,1.0,1.4452055,1
15:33:45.418955,74,0.5291542,4.18165,0.650532,0.48720002,19.76,1.0,2.539524,1
15:33:45.418955,74,0.61681116,4.1705804,0.6534981,0.48720002,24.119999,1.0,0.98133504,1
15:33:45.418955,74,0.7022488,4.10031,0.48951313,0.48720002,24.119999,1.0,1.7043912,1
15:33:45.418955,74,0.5085211,4.3310375,1.869197,1.32216,18.76,1.0,4.156568,1
15:33:45.418955,74,0.5978361,4.311021,1.6978751,1.32216,23.24,1.0,1.4452055,1
15:33:45.418955,74,0.57301134,4.1763268,0.65195835,0.48720002,22.24,1.0,1.4615831,1
15:33:45.418955,74,0.5085211,4.3310375,1.869197,1.32216,18.76,1.0,4.156568,1
15:33:45.418955,74,0.5978361,4.311021,1.6978751,1.32216,23.24,1.0,1.4452055,1
15:33:45.418955,74,0.5978361,4.311021,1.6978751,1.32216,23.24,1.0,1.4452055,1
15:33:45.418955,74,0.6402287,4.3050413,1.6994773,1.32216,24.24,1.0,1.4134328,1
15:33:45.418955,74,0.57301134,4.1763268,0.65195835,0.48720002,22.24,1.0,1.4615831,1
15:33:45.418955,74,0.5291542,4.18165,0.650532,0.48720002,19.76,1.0,2.539524,1
15:33:45.418955,74,0.7457284,4.0933166,0.49138695,0.48720002,22.359999,1.0,2.3348703,1
15:33:45.418955,74,0.5506681,4.325922,1.8705677,1.32216,21.24,1.0,2.7575216,1
15:33:45.418955,74,0.5085211,4.3310375,1.869197,1.32216,18.76,1.0,4.156568,1
15:33:45.418955,74,0.57301134,4.1763268,0.65195835,0.48720002,22.24,1.0,1.4615831,1
15:33:45.418955,74,0.7143094,4.229634,1.7073162,1.32216,17.119999,1.0,2.6894853,1
15:33:45.418955,74,0.66811275,4.1655755,0.46613982,-0.06972,11.759999,1.0,3.7223494,1
15:33:45.418955,74,0.6402287,4.3050413,1.6994773,1.32216,24.24,1.0,1.4134328,1
15:33:45.418955,74,0.61681116,4.1705804,0.6534981,0.48720002,24.119999,1.0,0.98133504,1
15:33:45.418955,74,0.5506681,4.325922,1.8705677,1.32216,21.24,1.0,2.7575216,1
15:33:45.418955,74,0.6825573,4.298653,1.7011892,1.32216,24.24,1.0,1.8951977,1
15:33:45.418955,74,0.7022488,4.10031,0.48951313,0.48720002,24.119999,1.0,1.7043912,1
15:33:45.418955,74,0.61681116,4.1705804,0.6534981,0.48720002,24.119999,1.0,0.98133504,1
15:33:45.418955,74,0.6402287,4.3050413,1.6994773,1.32216,24.24,1.0,1.4134328,1
15:33:45.418955,74,0.6825573,4.298653,1.7011892,1.32216,24.24,1.0,1.8951977,1
15:33:45.418955,74,0.7457284,4.0933166,0.49138695,0.48720002,22.359999,1.0,2.3348703,1
15:33:45.418955,74,0.5291542,4.18165,0.650532,0.48720002,19.76,1.0,2.539524,1
15:33:45.418955,74,0.7670055,4.284651,1.704941,1.32216,20.88,1.0,4.3160787,1
15:33:45.418955,74,0.57301134,4.1763268,0.65195835,0.48720002,22.24,1.0,1.4615831,1
15:33:45.418955,74,0.6586991,4.1068826,0.48775193,0.48720002,24.88,1.0,1.6359729,1
15:33:45.476429,75,0.87816197,4.1272464,0.6651094,0.48720002,34.36,1.0,1.0151951,1
15:33:45.476429,75,0.8116889,4.20269,0.45030972,0.20888,19.119999,1.0,2.031661,1
15:33:45.476429,75,0.80288094,4.198761,1.5401199,1.46132,17.119999,1.0,7.505028,1
15:33:45.476429,75,0.8189643,4.2372036,1.3604751,1.46132,25.76,1.0,5.170879,1
15:33:45.476429,75,0.8347977,4.1355195,0.66289264,0.48720002,38.0,1.0,0.5114128,1
15:33:45.476429,75,0.84435636,4.136353,0.47397,0.20888,42.879997,1.0,0.4607031,1
15:33:45.476429,75,0.8562534,4.1946344,0.45246822,0.20888,18.64,1.0,1.9915885,1
15:33:45.476429,75,0.8882172,4.1279855,0.4762121,0.20888,37.64,1.0,0.9252778,1
15:33:45.476429,75,0.8004111,4.1442966,0.47184148,0.20888,45.64,1.0,0.25170788,1
15:33:45.476429,75,0.92143846,4.118555,0.66743827,0.48720002,30.0,1.0,1.7823741,1
15:33:45.476429,75,0.9319892,4.1191945,0.47856766,0.20888,31.519999,1.0,1.6513904,1
15:33:45.476429,75,0.94512093,4.1772337,0.4571307,0.20888,15.12,1.0,2.6103544,1
15:33:45.476429,75,1.0336105,4.15812,0.4622522,0.20888,11.24,1.0,4.2050214,1
15:33:45.476429,75,0.96462274,4.109446,0.669879,0.48720002,25.519999,1.0,2.8193321,1
15:33:45.476429,75,0.97566795,4.109981,0.48103637,0.20888,25.76,1.0,2.6455762,1
15:33:45.476429,75,0.9894151,4.1678905,0.45963418,0.20888,13.12,1.0,3.2821016,1
15:33:45.476429,75,1.0192492,4.100346,0.48361802,0.20888,21.0,1.0,3.914944,1
15:33:45.476429,75,0.90073216,4.1861486,0.45474195,0.20888,17.119999,1.0,2.182434,1
15:33:45.476429,75,0.78913337,4.0859036,0.49337325,0.48720002,39.52,1.0,2.8268776,1
15:33:45.476429,75,0.62387383,4.1718154,0.46446785,0.20888,28.0,1.0,1.8726946,1
15:33:45.476429,75,0.5352132,4.183012,0.46146783,0.20888,18.64,1.0,4.1045833,1
15:33:45.476429,75,0.5714063,4.118765,0.48456806,0.48720002,21.88,1.0,4.601035,1
15:33:45.476429,75,0.57957244,4.177628,0.46291047,0.20888,22.88,1.0,2.872596,1
15:33:45.476429,75,0.61508346,4.1130347,0.4861035,0.48720002,26.24,1.0,3.7215786,1
15:33:45.476429,75,0.6326642,4.2305965,0.44283223,0.20888,13.5199995,1.0,4.39904,1
15:33:45.476429,75,0.6586991,4.1068826,0.48775193,0.48720002,31.0,1.0,3.1012115,1
15:33:45.476429,75,0.66811275,4.1655755,0.46613982,0.20888,34.12,1.0,1.1073248,1
15:33:45.476429,75,0.6775265,4.224269,0.44452775,0.20888,15.5199995,1.0,3.4848313,1
15:33:45.476429,75,0.7763406,4.2449083,1.3584105,1.46132,25.64,1.0,5.212008,1
15:33:45.476429,75,0.7022488,4.10031,0.48951313,0.48720002,35.36,1.0,2.7428725,1
15:33:45.476429,75,0.7122849,4.158909,0.4679262,0.20888,40.12,1.0,0.5795228,1
15:33:45.476429,75,0.72232103,4.217508,0.4463393,0.20888,17.359999,1.0,2.782935,1
15:33:45.476429,75,0.7336393,4.252201,1.3564564,0.83496004,24.24,1.0,5.470776,1
15:33:45.476429,75,0.7457284,4.0933166,0.49138695,0.48720002,38.64,1.0,2.6500695,1
15:33:45.476429,75,0.75638586,4.151816,0.46982682,0.20888,44.52,1.0,0.29291326,1
15:33:45.476429,75,0.76704335,4.2103148,0.44826669,0.20888,18.76,1.0,2.2970948,1
15:33:45.476429,75,0.6908646,4.259081,1.354613,0.83496004,22.119999,1.0,5.942649,1
15:33:45.476429,75,0.66811275,4.1655755,0.46613982,0.20888,34.12,1.0,1.1073248,1
15:33:45.476429,75,0.75638586,4.151816,0.46982682,0.20888,44.52,1.0,0.29291326,1
15:33:45.476429,75,0.8004111,4.1442966,0.47184148,0.20888,45.64,1.0,0.25170788,1
15:33:45.476429,75,0.66811275,4.1655755,0.46613982,0.20888,34.12,1.0,1.1073248,1
15:33:45.476429,75,0.8189643,4.2372036,1.3604751,1.46132,25.76,1.0,5.170879,1
15:33:45.476429,75,0.66811275,4.1655755,0.46613982,0.20888,34.12,1.0,1.1073248,1
15:33:45.476429,75,0.6586991,4.1068826,0.48775193,0.48720002,31.0,1.0,3.1012115,1
15:33:45.476429,75,0.6908646,4.259081,1.354613,0.83496004,22.119999,1.0,5.942649,1
15:33:45.476429,75,0.97566795,4.109981,0.48103637,0.20888,25.76,1.0,2.6455762,1
15:33:45.476429,75,0.61508346,4.1130347,0.4861035,0.48720002,26.24,1.0,3.7215786,1
15:33:45.476429,75,0.5352132,4.183012,0.46146783,0.20888,18.64,1.0,4.1045833,1
15:33:45.530866,76,0.8467281,4.1946216,0.64378357,0.76552004,40.76,1.0,0.27861038,1
15:33:45.530866,76,0.8562534,4.1946344,0.45246822,0.76552004,40.64,1.0,0.78678983,1
15:33:45.530866,76,0.8705889,4.312826,0.60556537,0.76552004,18.359999,1.0,4.2865067,1
15:33:45.530866,76,0.8907121,4.1862307,0.646032,0.76552004,37.879997,1.0,0.73569435,1
15:33:45.530866,76,0.90326226,4.2452145,0.62695456,0.76552004,37.52,1.0,0.9094077,1
15:33:45.530866,76,0.9921943,4.2269053,0.63186055,0.76552004,28.24,1.0,2.1370046,1
15:33:45.530866,76,0.94777566,4.2362747,0.62935,0.76552004,33.0,1.0,1.3755995,1
15:33:45.530866,76,0.9784085,4.1681757,0.6508698,0.76552004,28.88,1.0,2.5638804,1
15:33:45.530866,76,0.8307905,4.298391,1.35124,1.46132,25.24,1.0,7.5357404,1
15:33:45.530866,76,1.0221121,4.1585135,0.65345865,0.76552004,24.359999,1.0,3.948189,1
15:33:45.530866,76,1.0365137,4.2171073,0.6344859,0.76552004,23.88,1.0,3.2006288,1
15:33:45.530866,76,0.934607,4.177415,0.64839417,0.76552004,33.64,1.0,1.4953086,1
15:33:45.530866,76,0.8116889,4.20269,0.45030972,0.76552004,41.52,1.0,0.5302736,1
15:33:45.530866,76,0.76704335,4.2103148,0.44826669,0.76552004,39.879997,1.0,0.5612352,1
15:33:45.530866,76,0.8026594,4.2025876,0.64164907,0.76552004,41.239998,1.0,0.11798472,1
15:33:45.530866,76,0.57957244,4.177628,0.46291047,0.76552004,22.359999,1.0,3.3808558,1
15:33:45.530866,76,0.62387383,4.1718154,0.46446785,0.76552004,26.519999,1.0,2.4339476,1
15:33:45.530866,76,0.6326642,4.2305965,0.44283223,0.76552004,27.119999,1.0,2.3262208,1
15:33:45.530866,76,0.66811275,4.1655755,0.46613982,0.76552004,31.119999,1.0,1.7695167,1
15:33:45.530866,76,0.58773863,4.2364907,0.4412529,0.76552004,23.0,1.0,3.4562025,1
15:33:45.530866,76,0.6775265,4.224269,0.44452775,0.76552004,31.88,1.0,1.4641113,1
15:33:45.530866,76,0.7122849,4.158909,0.4679262,0.76552004,35.64,1.0,1.3917633,1
15:33:45.530866,76,0.72232103,4.217508,0.4463393,0.76552004,36.36,1.0,0.87421125,1
15:33:45.530866,76,0.7585105,4.210128,0.63962877,0.76552004,39.36,1.0,0.24810374,1
15:33:45.530866,76,0.8907121,4.1862307,0.646032,0.76552004,37.879997,1.0,0.73569435,1
15:33:45.530866,76,0.9921943,4.2269053,0.63186055,0.76552004,28.24,1.0,2.1370046,1
15:33:45.530866,76,0.66811275,4.1655755,0.46613982,0.76552004,31.119999,1.0,1.7695167,1
15:33:45.530866,76,0.57957244,4.177628,0.46291047,0.76552004,22.359999,1.0,3.3808558,1
15:33:45.530866,76,0.8907121,4.1862307,0.646032,0.76552004,37.879997,1.0,0.73569435,1
15:33:45.530866,76,0.934607,4.177415,0.64839417,0.76552004,33.64,1.0,1.4953086,1
15:33:45.530866,76,1.0221121,4.1585135,0.65345865,0.76552004,24.359999,1.0,3.948189,1
15:33:45.530866,76,0.94777566,4.2362747,0.62935,0.76552004,33.0,1.0,1.3755995,1
15:33:45.530866,76,0.6326642,4.2305965,0.44283223,0.76552004,27.119999,1.0,2.3262208,1
15:33:45.530866,76,0.8116889,4.20269,0.45030972,0.76552004,41.52,1.0,0.5302736,1
15:33:45.530866,76,0.72232103,4.217508,0.4463393,0.76552004,36.36,1.0,0.87421125,1
15:33:45.530866,76,0.9921943,4.2269053,0.63186055,0.76552004,28.24,1.0,2.1370046,1
15:33:45.530866,76,0.7122849,4.158909,0.4679262,0.76552004,35.64,1.0,1.3917633,1
15:33:45.530866,76,0.8026594,4.2025876,0.64164907,0.76552004,41.239998,1.0,0.11798472,1
15:33:45.530866,76,0.6326642,4.2305965,0.44283223,0.76552004,27.119999,1.0,2.3262208,1
15:33:45.530866,76,0.6775265,4.224269,0.44452775,0.76552004,31.88,1.0,1.4641113,1
15:33:45.530866,76,0.8705889,4.312826,0.60556537,0.76552004,18.359999,1.0,4.2865067,1
15:33:45.530866,76,0.9921943,4.2269053,0.63186055,0.76552004,28.24,1.0,2.1370046,1
15:33:45.530866,76,0.94777566,4.2362747,0.62935,0.76552004,33.0,1.0,1.3755995,1
15:33:45.530866,76,0.8907121,4.1862307,0.646032,0.76552004,37.879997,1.0,0.73569435,1
15:33:45.530866,76,0.76704335,4.2103148,0.44826669,0.76552004,39.879997,1.0,0.5612352,1
15:33:45.530866,76,0.8562534,4.1946344,0.45246822,0.76552004,40.64,1.0,0.78678983,1
15:33:45.530866,76,0.94777566,4.2362747,0.62935,0.76552004,33.0,1.0,1.3755995,1
15:33:45.530866,76,0.9784085,4.1681757,0.6508698,0.76552004,28.88,1.0,2.5638804,1
15:33:45.584495,77,0.97555816,4.4364467,1.7013187,1.25244,25.24,1.0,0.6480745,1
15:33:45.584495,77,1.0049744,4.365306,1.7080141,1.25244,20.0,1.0,1.3687938,1
15:33:45.584495,77,1.0191345,4.4268126,1.7039001,1.25244,23.24,1.0,1.2370769,1
15:33:45.584495,77,1.0478448,4.355391,1.7106707,1.25244,18.0,1.0,2.2391882,1
15:33:45.584495,77,1.1492347,4.3953934,1.712319,1.25244,17.76,1.0,5.352001,1
15:33:45.584495,77,0.9620036,4.3748055,1.7054687,1.25244,21.24,1.0,0.90972877,1
15:33:45.584495,77,1.062609,4.4167585,1.7065941,1.25244,20.64,1.0,2.2187135,1
15:33:45.584495,77,0.87577754,4.3925576,1.700712,1.25244,20.76,1.0,1.2357069,1
15:33:45.584495,77,0.9189365,4.3838897,1.7030345,1.25244,21.52,1.0,0.86442,1
15:33:45.584495,77,0.9059887,4.3221207,1.7072188,1.25244,8.88,0.88799995,5.9391913,1
15:33:45.584495,77,0.90045696,4.51634,1.692278,1.25244,17.88,1.0,4.7409306,1
15:33:45.584495,77,0.88811725,4.4544487,1.696495,1.25244,25.519999,1.0,0.6584301,1
15:33:45.584495,77,0.84426135,4.4628158,1.6942532,1.25244,23.64,1.0,1.2640833,1
15:33:45.584495,77,0.83253103,4.4008083,1.6985012,1.25244,19.24,1.0,2.0268402,1
15:33:45.584495,77,0.8003211,4.4707584,1.692125,1.25244,21.0,1.0,2.2749581,1
15:33:45.584495,77,0.75630075,4.4782763,1.6901104,1.25244,18.24,1.0,3.695261,1
15:33:45.584495,77,0.9318843,4.4456587,1.6988503,1.25244,26.119999,1.0,0.45421398,1
15:33:45.584495,77,1.1492347,4.3953934,1.712319,1.25244,17.76,1.0,5.352001,1
15:33:45.584495,77,1.0478448,4.355391,1.7106707,1.25244,18.0,1.0,2.2391882,1
15:33:45.584495,77,1.0049744,4.365306,1.7080141,1.25244,20.0,1.0,1.3687938,1
15:33:45.584495,77,1.0049744,4.365306,1.7080141,1.25244,20.0,1.0,1.3687938,1
15:33:45.584495,77,0.97555816,4.4364467,1.7013187,1.25244,25.24,1.0,0.6480745,1
15:33:45.584495,77,0.90045696,4.51634,1.692278,1.25244,17.88,1.0,4.7409306,1
15:33:45.584495,77,0.9189365,4.3838897,1.7030345,1.25244,21.52,1.0,0.86442,1
15:33:45.584495,77,1.0478448,4.355391,1.7106707,1.25244,18.0,1.0,2.2391882,1
15:33:45.584495,77,0.84426135,4.4628158,1.6942532,1.25244,23.64,1.0,1.2640833,1
15:33:45.584495,77,1.0049744,4.365306,1.7080141,1.25244,20.0,1.0,1.3687938,1
15:33:45.584495,77,0.83253103,4.4008083,1.6985012,1.25244,19.24,1.0,2.0268402,1
15:33:45.584495,77,0.9620036,4.3748055,1.7054687,1.25244,21.24,1.0,0.90972877,1
15:33:45.584495,77,0.9620036,4.3748055,1.7054687,1.25244,21.24,1.0,0.90972877,1
15:33:45.584495,77,0.97555816,4.4364467,1.7013187,1.25244,25.24,1.0,0.6480745,1
15:33:45.584495,77,0.9318843,4.4456587,1.6988503,1.25244,26.119999,1.0,0.45421398,1
15:33:45.584495,77,0.84426135,4.4628158,1.6942532,1.25244,23.64,1.0,1.2640833,1
15:33:45.584495,77,0.75630075,4.4782763,1.6901104,1.25244,18.24,1.0,3.695261,1
15:33:45.584495,77,0.8003211,4.4707584,1.692125,1.25244,21.0,1.0,2.2749581,1
15:33:45.584495,77,1.0191345,4.4268126,1.7039001,1.25244,23.24,1.0,1.2370769,1
15:33:45.584495,77,0.9318843,4.4456587,1.6988503,1.25244,26.119999,1.0,0.45421398,1
15:33:45.584495,77,0.75630075,4.4782763,1.6901104,1.25244,18.24,1.0,3.695261,1
15:33:45.584495,77,0.9318843,4.4456587,1.6988503,1.25244,26.119999,1.0,0.45421398,1
15:33:45.584495,77,0.88811725,4.4544487,1.696495,1.25244,25.519999,1.0,0.6584301,1
15:33:45.584495,77,1.062609,4.4167585,1.7065941,1.25244,20.64,1.0,2.2187135,1
15:33:45.584495,77,1.0191345,4.4268126,1.7039001,1.25244,23.24,1.0,1.2370769,1
15:33:45.584495,77,0.97555816,4.4364467,1.7013187,1.25244,25.24,1.0,0.6480745,1
15:33:45.584495,77,0.97555816,4.4364467,1.7013187,1.25244,25.24,1.0,0.6480745,1
15:33:45.584495,77,0.88811725,4.4544487,1.696495,1.25244,25.519999,1.0,0.6584301,1
15:33:45.584495,77,0.9318843,4.4456587,1.6988503,1.25244,26.119999,1.0,0.45421398,1
15:33:45.584495,77,0.87577754,4.3925576,1.700712,1.25244,20.76,1.0,1.2357069,1
15:33:45.584495,77,0.75630075,4.4782763,1.6901104,1.25244,18.24,1.0,3.695261,1
15:33:45.637431,78,1.0332946,4.48832,1.6997861,1.1830001,14.759999,1.0,2.9486833,1
15:33:45.637431,78,1.0689301,4.593131,1.5029079,1.1830001,10.76,1.0,3.6177442,1
15:33:45.637431,78,0.97555816,4.4364467,1.7013187,1.11328,12.639999,1.0,0.82248354,1
15:33:45.637431,78,1.0546725,4.531867,1.5095382,0.97412,14.759999,1.0,3.6154983,1
15:33:45.637431,78,0.9189365,4.3838897,1.7030345,1.11328,6.3599997,0.636,4.4957147,1
15:33:45.637431,78,1.0689301,4.593131,1.5029079,1.1830001,10.76,1.0,3.6177442,1
15:33:45.637431,78,1.0546725,4.531867,1.5095382,0.97412,14.759999,1.0,3.6154983,1
15:33:45.637431,78,1.0546725,4.531867,1.5095382,0.97412,14.759999,1.0,3.6154983,1
15:33:45.637431,78,0.97555816,4.4364467,1.7013187,1.11328,12.639999,1.0,0.82248354,1
15:33:45.637431,78,1.0689301,4.593131,1.5029079,1.1830001,10.76,1.0,3.6177442,1
15:33:45.637431,78,0.9189365,4.3838897,1.7030345,1.11328,6.3599997,0.636,4.4957147,1
15:33:45.637431,78,1.0546725,4.531867,1.5095382,0.97412,14.759999,1.0,3.6154983,1
15:33:45.637431,78,1.0332946,4.48832,1.6997861,1.1830001,14.759999,1.0,2.9486833,1
15:33:45.637431,78,1.0546725,4.531867,1.5095382,0.97412,14.759999,1.0,3.6154983,1
15:33:45.637431,78,1.0332946,4.48832,1.6997861,1.1830001,14.759999,1.0,2.9486833,1
15:33:45.637431,78,1.0332946,4.48832,1.6997861,1.1830001,14.759999,1.0,2.9486833,1
15:33:45.637431,78,0.97555816,4.4364467,1.7013187,1.11328,12.639999,1.0,0.82248354,1
15:33:45.637431,78,0.9189365,4.3838897,1.7030345,1.11328,6.3599997,0.636,4.4957147,1
15:33:45.637431,78,0.9189365,4.3838897,1.7030345,1.11328,6.3599997,0.636,4.4957147,1
15:33:45.637431,78,1.0332946,4.48832,1.6997861,1.1830001,14.759999,1.0,2.9486833,1
15:33:45.637431,78,1.0689301,4.593131,1.5029079,1.1830001,10.76,1.0,3.6177442,1
15:33:45.637431,78,0.97555816,4.4364467,1.7013187,1.11328,12.639999,1.0,0.82248354,1
15:33:45.637431,78,0.97555816,4.4364467,1.7013187,1.11328,12.639999,1.0,0.82248354,1
15:33:45.637431,78,0.9189365,4.3838897,1.7030345,1.11328,6.3599997,0.636,4.4957147,1
15:33:45.637431,78,1.0689301,4.593131,1.5029079,1.1830001,10.76,1.0,3.6177442,1
15:33:45.637431,78,1.0546725,4.531867,1.5095382,0.97412,14.759999,1.0,3.6154983,1
15:33:45.637431,78,0.97555816,4.4364467,1.7013187,1.11328,12.639999,1.0,0.82248354,1
15:33:45.637431,78,0.97555816,4.4364467,1.7013187,1.11328,12.639999,1.0,0.82248354,1
15:33:45.637431,78,1.0546725,4.531867,1.5095382,0.97412,14.759999,1.0,3.6154983,1
15:33:45.637431,78,0.97555816,4.4364467,1.7013187,1.11328,12.639999,1.0,0.82248354,1
15:33:45.637431,78,1.0689301,4.593131,1.5029079,1.1830001,10.76,1.0,3.6177442,1
15:33:45.637431,78,1.0689301,4.593131,1.5029079,1.1830001,10.76,1.0,3.6177442,1
15:33:45.637431,78,0.9189365,4.3838897,1.7030345,1.11328,6.3599997,0.636,4.4957147,1
15:33:45.637431,78,1.0332946,4.48832,1.6997861,1.1830001,14.759999,1.0,2.9486833,1
15:33:45.637431,78,0.97555816,4.4364467,1.7013187,1.11328,12.639999,1.0,0.82248354,1
15:33:45.637431,78,1.0332946,4.48832,1.6997861,1.1830001,14.759999,1.0,2.9486833,1
15:33:45.637431,78,1.0546725,4.531867,1.5095382,0.97412,14.759999,1.0,3.6154983,1
15:33:45.637431,78,0.97555816,4.4364467,1.7013187,1.11328,12.639999,1.0,0.82248354,1
15:33:45.637431,78,0.97555816,4.4364467,1.7013187,1.11328,12.639999,1.0,0.82248354,1
15:33:45.637431,78,0.97555816,4.4364467,1.7013187,1.11328,12.639999,1.0,0.82248354,1
15:33:45.637431,78,1.0332946,4.48832,1.6997861,1.1830001,14.759999,1.0,2.9486833,1
15:33:45.637431,78,1.0689301,4.593131,1.5029079,1.1830001,10.76,1.0,3.6177442,1
15:33:45.637431,78,1.0689301,4.593131,1.5029079,1.1830001,10.76,1.0,3.6177442,1
15:33:45.637431,78,1.0689301,4.593131,1.5029079,1.1830001,10.76,1.0,3.6177442,1
15:33:45.637431,78,0.9189365,4.3838897,1.7030345,1.11328,6.3599997,0.636,4.4957147,1
15:33:45.637431,78,1.0546725,4.531867,1.5095382,0.97412,14.759999,1.0,3.6154983,1
15:33:45.637431,78,1.0332946,4.48832,1.6997861,1.1830001,14.759999,1.0,2.9486833,1
15:33:45.637431,78,0.97555816,4.4364467,1.7013187,1.11328,12.639999,1.0,0.82248354,1
15:33:45.692249,79,1.1502609,4.6785436,1.2996973,0.90468,5.0,0.5,7.0462914,1
15:33:45.692249,79,1.084797,4.4603386,1.5189188,1.04384,6.0,0.59999996,4.004792,1
15:33:45.692249,79,1.0831878,4.6543956,1.4962775,1.11328,9.24,0.92399997,3.3494709,1
15:33:45.692249,79,1.0546725,4.531867,1.5095382,1.04384,10.5199995,1.0,0.59991133,1
15:33:45.692249,79,1.0232247,4.6032357,1.5002004,1.11328,12.24,1.0,2.4397545,1
15:33:45.692249,79,1.0546725,4.531867,1.5095382,1.04384,10.5199995,1.0,0.59991133,1
15:33:45.692249,79,1.0232247,4.6032357,1.5002004,1.11328,12.24,1.0,2.4397545,1
15:33:45.692249,79,1.1502609,4.6785436,1.2996973,0.90468,5.0,0.5,7.0462914,1
15:33:45.692249,79,1.0232247,4.6032357,1.5002004,1.11328,12.24,1.0,2.4397545,1
15:33:45.692249,79,1.0546725,4.531867,1.5095382,1.04384,10.5199995,1.0,0.59991133,1
15:33:45.692249,79,1.0831878,4.6543956,1.4962775,1.11328,9.24,0.92399997,3.3494709,1
15:33:45.692249,79,1.0546725,4.531867,1.5095382,1.04384,10.5199995,1.0,0.59991133,1
15:33:45.692249,79,1.1502609,4.6785436,1.2996973,0.90468,5.0,0.5,7.0462914,1
15:33:45.692249,79,1.0232247,4.6032357,1.5002004,1.11328,12.24,1.0,2.4397545,1
15:33:45.692249,79,1.0232247,4.6032357,1.5002004,1.11328,12.24,1.0,2.4397545,1
15:33:45.692249,79,1.0546725,4.531867,1.5095382,1.04384,10.5199995,1.0,0.59991133,1
15:33:45.692249,79,1.0232247,4.6032357,1.5002004,1.11328,12.24,1.0,2.4397545,1
15:33:45.692249,79,1.0546725,4.531867,1.5095382,1.04384,10.5199995,1.0,0.59991133,1
15:33:45.692249,79,1.084797,4.4603386,1.5189188,1.04384,6.0,0.59999996,4.004792,1
15:33:45.692249,79,1.0831878,4.6543956,1.4962775,1.11328,9.24,0.92399997,3.3494709,1
15:33:45.692249,79,1.1502609,4.6785436,1.2996973,0.90468,5.0,0.5,7.0462914,1
15:33:45.692249,79,1.0831878,4.6543956,1.4962775,1.11328,9.24,0.92399997,3.3494709,1
15:33:45.692249,79,1.0831878,4.6543956,1.4962775,1.11328,9.24,0.92399997,3.3494709,1
15:33:45.692249,79,1.0831878,4.6543956,1.4962775,1.11328,9.24,0.92399997,3.3494709,1
15:33:45.692249,79,1.0831878,4.6543956,1.4962775,1.11328,9.24,0.92399997,3.3494709,1
15:33:45.692249,79,1.0232247,4.6032357,1.5002004,1.11328,12.24,1.0,2.4397545,1
15:33:45.692249,79,1.0232247,4.6032357,1.5002004,1.11328,12.24,1.0,2.4397545,1
15:33:45.692249,79,1.0546725,4.531867,1.5095382,1.04384,10.5199995,1.0,0.59991133,1
15:33:45.692249,79,1.0232247,4.6032357,1.5002004,1.11328,12.24,1.0,2.4397545,1
15:33:45.692249,79,1.0232247,4.6032357,1.5002004,1.11328,12.24,1.0,2.4397545,1
15:33:45.692249,79,1.1502609,4.6785436,1.2996973,0.90468,5.0,0.5,7.0462914,1
15:33:45.692249,79,1.1502609,4.6785436,1.2996973,0.90468,5.0,0.5,7.0462914,1
15:33:45.692249,79,1.0831878,4.6543956,1.4962775,1.11328,9.24,0.92399997,3.3494709,1
15:33:45.692249,79,1.0546725,4.531867,1.5095382,1.04384,10.5199995,1.0,0.59991133,1
15:33:45.692249,79,1.0831878,4.6543956,1.4962775,1.11328,9.24,0.92399997,3.3494709,1
15:33:45.692249,79,1.1502609,4.6785436,1.2996973,0.90468,5.0,0.5,7.0462914,1
15:33:45.692249,79,1.0546725,4.531867,1.5095382,1.04384,10.5199995,1.0,0.59991133,1
15:33:45.692249,79,1.0831878,4.6543956,1.4962775,1.11328,9.24,0.92399997,3.3494709,1
15:33:45.692249,79,1.0232247,4.6032357,1.5002004,1.11328,12.24,1.0,2.4397545,1
15:33:45.692249,79,1.1502609,4.6785436,1.2996973,0.90468,5.0,0.5,7.0462914,1
15:33:45.692249,79,1.0232247,4.6032357,1.5002004,1.11328,12.24,1.0,2.4397545,1
15:33:45.692249,79,1.0232247,4.6032357,1.5002004,1.11328,12.24,1.0,2.4397545,1
15:33:45.692249,79,1.0831878,4.6543956,1.4962775,1.11328,9.24,0.92399997,3.3494709,1
15:33:45.692249,79,1.084797,4.4603386,1.5189188,1.04384,6.0,0.59999996,4.004792,1
15:33:45.692249,79,1.1502609,4.6785436,1.2996973,0.90468,5.0,0.5,7.0462914,1
15:33:45.692249,79,1.0232247,4.6032357,1.5002004,1.11328,12.24,1.0,2.4397545,1
15:33:45.692249,79,1.0232247,4.6032357,1.5002004,1.11328,12.24,1.0,2.4397545,1
15:33:45.692249,79,1.0232247,4.6032357,1.5002004,1.11328,12.24,1.0,2.4397545,1
15:33:45.748143,80,1.2028055,4.6509275,1.8879215,1.04384,19.76,1.0,2.5371187,1
15:33:45.748143,80,1.1575315,4.6623273,1.8848668,1.04384,22.0,1.0,1.1428463,1
15:33:45.748143,80,1.1121418,4.673289,1.8819296,1.04384,23.64,1.0,0.37481657,1
15:33:45.748143,80,1.0806807,4.7454634,1.8775189,1.04384,16.52,1.0,3.0277514,1
15:33:45.748143,80,1.0666409,4.6838117,1.8791101,1.04384,24.0,1.0,0.10432717,1
15:33:45.748143,80,1.052601,4.6221604,1.8807013,1.04384,16.88,1.0,1.6515877,1
15:33:45.748143,80,1.1270591,4.53959,1.8878978,1.04384,6.64,0.664,7.7032595,1
15:33:45.748143,80,0.9295163,4.712736,1.8713598,1.04384,21.359999,1.0,1.9597825,1
15:33:45.748143,80,0.8836161,4.721493,1.8690135,1.04384,19.0,1.0,3.6841102,1
15:33:45.748143,80,1.0210333,4.6938944,1.8764085,1.04384,23.24,1.0,0.26724556,1
15:33:45.748143,80,0.9295163,4.712736,1.8713598,1.04384,21.359999,1.0,1.9597825,1
15:33:45.748143,80,1.0806807,4.7454634,1.8775189,1.04384,16.52,1.0,3.0277514,1
15:33:45.748143,80,0.9295163,4.712736,1.8713598,1.04384,21.359999,1.0,1.9597825,1
15:33:45.748143,80,1.1575315,4.6623273,1.8848668,1.04384,22.0,1.0,1.1428463,1
15:33:45.748143,80,1.2028055,4.6509275,1.8879215,1.04384,19.76,1.0,2.5371187,1
15:33:45.748143,80,1.1575315,4.6623273,1.8848668,1.04384,22.0,1.0,1.1428463,1
15:33:45.748143,80,1.0210333,4.6938944,1.8764085,1.04384,23.24,1.0,0.26724556,1
15:33:45.748143,80,1.1121418,4.673289,1.8819296,1.04384,23.64,1.0,0.37481657,1
15:33:45.748143,80,1.1270591,4.53959,1.8878978,1.04384,6.64,0.664,7.7032595,1
15:33:45.748143,80,0.8836161,4.721493,1.8690135,1.04384,19.0,1.0,3.6841102,1
15:33:45.748143,80,1.0666409,4.6838117,1.8791101,1.04384,24.0,1.0,0.10432717,1
15:33:45.748143,80,0.8836161,4.721493,1.8690135,1.04384,19.0,1.0,3.6841102,1
15:33:45.748143,80,1.0210333,4.6938944,1.8764085,1.04384,23.24,1.0,0.26724556,1
15:33:45.748143,80,0.9295163,4.712736,1.8713598,1.04384,21.359999,1.0,1.9597825,1
15:33:45.748143,80,0.9295163,4.712736,1.8713598,1.04384,21.359999,1.0,1.9597825,1
15:33:45.748143,80,1.1121418,4.673289,1.8819296,1.04384,23.64,1.0,0.37481657,1
15:33:45.748143,80,1.0806807,4.7454634,1.8775189,1.04384,16.52,1.0,3.0277514,1
15:33:45.748143,80,1.1575315,4.6623273,1.8848668,1.04384,22.0,1.0,1.1428463,1
15:33:45.748143,80,1.0666409,4.6838117,1.8791101,1.04384,24.0,1.0,0.10432717,1
15:33:45.748143,80,1.0666409,4.6838117,1.8791101,1.04384,24.0,1.0,0.10432717,1
15:33:45.748143,80,1.0806807,4.7454634,1.8775189,1.04384,16.52,1.0,3.0277514,1
15:33:45.748143,80,0.8836161,4.721493,1.8690135,1.04384,19.0,1.0,3.6841102,1
15:33:45.748143,80,1.1270591,4.53959,1.8878978,1.04384,6.64,0.664,7.7032595,1
15:33:45.748143,80,1.0210333,4.6938944,1.8764085,1.04384,23.24,1.0,0.26724556,1
15:33:45.748143,80,1.1121418,4.673289,1.8819296,1.04384,23.64,1.0,0.37481657,1
15:33:45.748143,80,1.1575315,4.6623273,1.8848668,1.04384,22.0,1.0,1.1428463,1
15:33:45.748143,80,1.2028055,4.6509275,1.8879215,1.04384,19.76,1.0,2.5371187,1
15:33:45.748143,80,1.0666409,4.6838117,1.8791101,1.04384,24.0,1.0,0.10432717,1
15:33:45.748143,80,1.0806807,4.7454634,1.8775189,1.04384,16.52,1.0,3.0277514,1
15:33:45.748143,80,1.2028055,4.6509275,1.8879215,1.04384,19.76,1.0,2.5371187,1
15:33:45.748143,80,0.8836161,4.721493,1.8690135,1.04384,19.0,1.0,3.6841102,1
15:33:45.748143,80,1.1270591,4.53959,1.8878978,1.04384,6.64,0.664,7.7032595,1
15:33:45.748143,80,1.0210333,4.6938944,1.8764085,1.04384,23.24,1.0,0.26724556,1
15:33:45.748143,80,1.0210333,4.6938944,1.8764085,1.04384,23.24,1.0,0.26724556,1
15:33:45.748143,80,0.8836161,4.721493,1.8690135,1.04384,19.0,1.0,3.6841102,1
15:33:45.748143,80,1.0806807,4.7454634,1.8775189,1.04384,16.52,1.0,3.0277514,1
15:33:45.748143,80,0.8836161,4.721493,1.8690135,1.04384,19.0,1.0,3.6841102,1
15:33:45.748143,80,1.052601,4.6221604,1.8807013,1.04384,16.88,1.0,1.6515877,1
15:33:45.802824,81,1.3421426,4.5965333,1.1208916,0.90468,12.639999,1.0,1.6697121,1
15:33:45.802824,81,1.3247058,4.5368166,1.1323127,0.97412,16.359999,1.0,1.2999692,1
15:33:45.802824,81,1.3828,4.8127537,0.6567536,0.34804,5.64,0.564,5.762894,1
15:33:45.802824,81,1.261743,4.489507,1.1404092,0.97412,10.639999,1.0,2.6987963,1
15:33:45.802824,81,1.264752,4.6815996,1.102678,0.90468,6.12,0.612,1.5691644,1
15:33:45.802824,81,1.2513685,4.720676,0.68273276,0.27832,6.8799996,0.68799996,2.3006747,1
15:33:45.802824,81,1.1844169,4.765456,1.0847887,0.90468,5.24,0.524,7.127662,1
15:33:45.802824,81,1.3149284,4.7082667,0.4734387,0.27832,7.64,0.764,4.261111,1
15:33:45.802824,81,1.261743,4.489507,1.1404092,0.97412,10.639999,1.0,2.6987963,1
15:33:45.802824,81,1.3247058,4.5368166,1.1323127,0.97412,16.359999,1.0,1.2999692,1
15:33:45.802824,81,1.3421426,4.5965333,1.1208916,0.90468,12.639999,1.0,1.6697121,1
15:33:45.802824,81,1.3149284,4.7082667,0.4734387,0.27832,7.64,0.764,4.261111,1
15:33:45.802824,81,1.264752,4.6815996,1.102678,0.90468,6.12,0.612,1.5691644,1
15:33:45.802824,81,1.261743,4.489507,1.1404092,0.97412,10.639999,1.0,2.6987963,1
15:33:45.802824,81,1.261743,4.489507,1.1404092,0.97412,10.639999,1.0,2.6987963,1
15:33:45.802824,81,1.1844169,4.765456,1.0847887,0.90468,5.24,0.524,7.127662,1
15:33:45.802824,81,1.1844169,4.765456,1.0847887,0.90468,5.24,0.524,7.127662,1
15:33:45.802824,81,1.2513685,4.720676,0.68273276,0.27832,6.8799996,0.68799996,2.3006747,1
15:33:45.802824,81,1.1844169,4.765456,1.0847887,0.90468,5.24,0.524,7.127662,1
15:33:45.802824,81,1.3828,4.8127537,0.6567536,0.34804,5.64,0.564,5.762894,1
15:33:45.802824,81,1.261743,4.489507,1.1404092,0.97412,10.639999,1.0,2.6987963,1
15:33:45.802824,81,1.3421426,4.5965333,1.1208916,0.90468,12.639999,1.0,1.6697121,1
15:33:45.802824,81,1.2513685,4.720676,0.68273276,0.27832,6.8799996,0.68799996,2.3006747,1
15:33:45.802824,81,1.3149284,4.7082667,0.4734387,0.27832,7.64,0.764,4.261111,1
15:33:45.802824,81,1.3828,4.8127537,0.6567536,0.34804,5.64,0.564,5.762894,1
15:33:45.802824,81,1.261743,4.489507,1.1404092,0.97412,10.639999,1.0,2.6987963,1
15:33:45.802824,81,1.3247058,4.5368166,1.1323127,0.97412,16.359999,1.0,1.2999692,1
15:33:45.802824,81,1.2513685,4.720676,0.68273276,0.27832,6.8799996,0.68799996,2.3006747,1
15:33:45.802824,81,1.3149284,4.7082667,0.4734387,0.27832,7.64,0.764,4.261111,1
15:33:45.802824,81,1.3247058,4.5368166,1.1323127,0.97412,16.359999,1.0,1.2999692,1
15:33:45.802824,81,1.3828,4.8127537,0.6567536,0.34804,5.64,0.564,5.762894,1
15:33:45.802824,81,1.1844169,4.765456,1.0847887,0.90468,5.24,0.524,7.127662,1
15:33:45.802824,81,1.264752,4.6815996,1.102678,0.90468,6.12,0.612,1.5691644,1
15:33:45.802824,81,1.3421426,4.5965333,1.1208916,0.90468,12.639999,1.0,1.6697121,1
15:33:45.802824,81,1.3421426,4.5965333,1.1208916,0.90468,12.639999,1.0,1.6697121,1
15:33:45.802824,81,1.3247058,4.5368166,1.1323127,0.97412,16.359999,1.0,1.2999692,1
15:33:45.802824,81,1.1844169,4.765456,1.0847887,0.90468,5.24,0.524,7.127662,1
15:33:45.802824,81,1.3149284,4.7082667,0.4734387,0.27832,7.64,0.764,4.261111,1
15:33:45.802824,81,1.2513685,4.720676,0.68273276,0.27832,6.8799996,0.68799996,2.3006747,1
15:33:45.802824,81,1.3247058,4.5368166,1.1323127,0.97412,16.359999,1.0,1.2999692,1
15:33:45.802824,81,1.2513685,4.720676,0.68273276,0.27832,6.8799996,0.68799996,2.3006747,1
15:33:45.802824,81,1.3149284,4.7082667,0.4734387,0.27832,7.64,0.764,4.261111,1
15:33:45.802824,81,1.264752,4.6815996,1.102678,0.90468,6.12,0.612,1.5691644,1
15:33:45.802824,81,1.261743,4.489507,1.1404092,0.97412,10.639999,1.0,2.6987963,1
15:33:45.802824,81,1.261743,4.489507,1.1404092,0.97412,10.639999,1.0,2.6987963,1
15:33:45.802824,81,1.264752,4.6815996,1.102678,0.90468,6.12,0.612,1.5691644,1
15:33:45.802824,81,1.3421426,4.5965333,1.1208916,0.90468,12.639999,1.0,1.6697121,1
15:33:45.802824,81,1.3247058,4.5368166,1.1323127,0.97412,16.359999,1.0,1.2999692,1
15:33:45.857120,82,1.3327675,4.8258686,0.65323937,0.48720002,8.0,0.79999995,4.201692,1
15:33:45.857120,82,1.2739648,4.582851,1.3181496,1.04384,6.0,0.59999996,3.7122083,1
15:33:45.857120,82,1.3163105,4.7530236,0.6204,0.48720002,8.36,0.83599997,2.2460144,1
15:33:45.857120,82,1.2053871,4.5601764,1.5117381,1.04384,6.8799996,0.68799996,4.726256,1
15:33:45.857120,82,1.1828105,4.7123947,1.6892122,0.97412,8.36,0.83599997,1.055701,1
15:33:45.857120,82,1.1182551,4.8573627,1.6751015,1.04384,9.88,0.988,3.2826755,1
15:33:45.857120,82,1.1414193,4.796315,1.8788215,1.04384,14.759999,1.0,2.4405847,1
15:33:45.857120,82,1.250868,4.771143,0.8786531,0.48720002,5.8799996,0.588,2.9048908,1
15:33:45.857120,82,1.2739648,4.582851,1.3181496,1.04384,6.0,0.59999996,3.7122083,1
15:33:45.857120,82,1.1182551,4.8573627,1.6751015,1.04384,9.88,0.988,3.2826755,1
15:33:45.857120,82,1.3163105,4.7530236,0.6204,0.48720002,8.36,0.83599997,2.2460144,1
15:33:45.857120,82,1.250868,4.771143,0.8786531,0.48720002,5.8799996,0.588,2.9048908,1
15:33:45.857120,82,1.2739648,4.582851,1.3181496,1.04384,6.0,0.59999996,3.7122083,1
15:33:45.857120,82,1.3163105,4.7530236,0.6204,0.48720002,8.36,0.83599997,2.2460144,1
15:33:45.857120,82,1.2053871,4.5601764,1.5117381,1.04384,6.8799996,0.68799996,4.726256,1
15:33:45.857120,82,1.1182551,4.8573627,1.6751015,1.04384,9.88,0.988,3.2826755,1
15:33:45.857120,82,1.3327675,4.8258686,0.65323937,0.48720002,8.0,0.79999995,4.201692,1
15:33:45.857120,82,1.250868,4.771143,0.8786531,0.48720002,5.8799996,0.588,2.9048908,1
15:33:45.857120,82,1.1182551,4.8573627,1.6751015,1.04384,9.88,0.988,3.2826755,1
15:33:45.857120,82,1.1828105,4.7123947,1.6892122,0.97412,8.36,0.83599997,1.055701,1
15:33:45.857120,82,1.3163105,4.7530236,0.6204,0.48720002,8.36,0.83599997,2.2460144,1
15:33:45.857120,82,1.2739648,4.582851,1.3181496,1.04384,6.0,0.59999996,3.7122083,1
15:33:45.857120,82,1.250868,4.771143,0.8786531,0.48720002,5.8799996,0.588,2.9048908,1
15:33:45.857120,82,1.250868,4.771143,0.8786531,0.48720002,5.8799996,0.588,2.9048908,1
15:33:45.857120,82,1.1828105,4.7123947,1.6892122,0.97412,8.36,0.83599997,1.055701,1
15:33:45.857120,82,1.1182551,4.8573627,1.6751015,1.04384,9.88,0.988,3.2826755,1
15:33:45.857120,82,1.1828105,4.7123947,1.6892122,0.97412,8.36,0.83599997,1.055701,1
15:33:45.857120,82,1.3163105,4.7530236,0.6204,0.48720002,8.36,0.83599997,2.2460144,1
15:33:45.857120,82,1.1828105,4.7123947,1.6892122,0.97412,8.36,0.83599997,1.055701,1
15:33:45.857120,82,1.1828105,4.7123947,1.6892122,0.97412,8.36,0.83599997,1.055701,1
15:33:45.857120,82,1.250868,4.771143,0.8786531,0.48720002,5.8799996,0.588,2.9048908,1
15:33:45.857120,82,1.3327675,4.8258686,0.65323937,0.48720002,8.0,0.79999995,4.201692,1
15:33:45.857120,82,1.1828105,4.7123947,1.6892122,0.97412,8.36,0.83599997,1.055701,1
15:33:45.857120,82,1.1414193,4.796315,1.8788215,1.04384,14.759999,1.0,2.4405847,1
15:33:45.857120,82,1.1182551,4.8573627,1.6751015,1.04384,9.88,0.988,3.2826755,1
15:33:45.857120,82,1.1828105,4.7123947,1.6892122,0.97412,8.36,0.83599997,1.055701,1
15:33:45.857120,82,1.1828105,4.7123947,1.6892122,0.97412,8.36,0.83599997,1.055701,1
15:33:45.857120,82,1.250868,4.771143,0.8786531,0.48720002,5.8799996,0.588,2.9048908,1
15:33:45.857120,82,1.3163105,4.7530236,0.6204,0.48720002,8.36,0.83599997,2.2460144,1
15:33:45.857120,82,1.3327675,4.8258686,0.65323937,0.48720002,8.0,0.79999995,4.201692,1
15:33:45.857120,82,1.1828105,4.7123947,1.6892122,0.97412,8.36,0.83599997,1.055701,1
15:33:45.857120,82,1.2739648,4.582851,1.3181496,1.04384,6.0,0.59999996,3.7122083,1
15:33:45.857120,82,1.3163105,4.7530236,0.6204,0.48720002,8.36,0.83599997,2.2460144,1
15:33:45.857120,82,1.2053871,4.5601764,1.5117381,1.04384,6.8799996,0.68799996,4.726256,1
15:33:45.857120,82,1.3163105,4.7530236,0.6204,0.48720002,8.36,0.83599997,2.2460144,1
15:33:45.857120,82,1.1182551,4.8573627,1.6751015,1.04384,9.88,0.988,3.2826755,1
15:33:45.857120,82,1.1828105,4.7123947,1.6892122,0.97412,8.36,0.83599997,1.055701,1
15:33:45.857120,82,1.1414193,4.796315,1.8788215,1.04384,14.759999,1.0,2.4405847,1
15:33:45.912155,83,1.4309753,4.739735,0.4617341,0.27832,6.64,0.664,5.506408,1
15:33:45.912155,83,1.3642913,4.6953273,0.47690588,0.27832,7.0,0.7,3.4684885,1
15:33:45.912155,83,1.3075023,4.7034965,1.3001996,0.97412,17.52,1.0,0.6973349,1
15:33:45.912155,83,1.3373058,4.6304812,1.3125756,1.04384,19.0,1.0,1.7527308,1
15:33:45.912155,83,1.250868,4.771143,0.8786531,0.34804,9.0,0.9,3.5846193,1
15:33:45.912155,83,1.2219063,4.8155093,1.4824634,0.97412,16.0,1.0,3.9539337,1
15:33:45.912155,83,1.2673191,4.608981,1.5084462,1.04384,13.88,1.0,3.070272,1
15:33:45.912155,83,1.3373058,4.6304812,1.3125756,1.04384,19.0,1.0,1.7527308,1
15:33:45.912155,83,1.3642913,4.6953273,0.47690588,0.27832,7.0,0.7,3.4684885,1
15:33:45.912155,83,1.4309753,4.739735,0.4617341,0.27832,6.64,0.664,5.506408,1
15:33:45.912155,83,1.3642913,4.6953273,0.47690588,0.27832,7.0,0.7,3.4684885,1
15:33:45.912155,83,1.3373058,4.6304812,1.3125756,1.04384,19.0,1.0,1.7527308,1
15:33:45.912155,83,1.2219063,4.8155093,1.4824634,0.97412,16.0,1.0,3.9539337,1
15:33:45.912155,83,1.250868,4.771143,0.8786531,0.34804,9.0,0.9,3.5846193,1
15:33:45.912155,83,1.3373058,4.6304812,1.3125756,1.04384,19.0,1.0,1.7527308,1
15:33:45.912155,83,1.3075023,4.7034965,1.3001996,0.97412,17.52,1.0,0.6973349,1
15:33:45.912155,83,1.250868,4.771143,0.8786531,0.34804,9.0,0.9,3.5846193,1
15:33:45.912155,83,1.3075023,4.7034965,1.3001996,0.97412,17.52,1.0,0.6973349,1
15:33:45.912155,83,1.2219063,4.8155093,1.4824634,0.97412,16.0,1.0,3.9539337,1
15:33:45.912155,83,1.2673191,4.608981,1.5084462,1.04384,13.88,1.0,3.070272,1
15:33:45.912155,83,1.3373058,4.6304812,1.3125756,1.04384,19.0,1.0,1.7527308,1
15:33:45.912155,83,1.4309753,4.739735,0.4617341,0.27832,6.64,0.664,5.506408,1
15:33:45.912155,83,1.250868,4.771143,0.8786531,0.34804,9.0,0.9,3.5846193,1
15:33:45.912155,83,1.3075023,4.7034965,1.3001996,0.97412,17.52,1.0,0.6973349,1
15:33:45.912155,83,1.3075023,4.7034965,1.3001996,0.97412,17.52,1.0,0.6973349,1
15:33:45.912155,83,1.3373058,4.6304812,1.3125756,1.04384,19.0,1.0,1.7527308,1
15:33:45.912155,83,1.2219063,4.8155093,1.4824634,0.97412,16.0,1.0,3.9539337,1
15:33:45.912155,83,1.3075023,4.7034965,1.3001996,0.97412,17.52,1.0,0.6973349,1
15:33:45.912155,83,1.2673191,4.608981,1.5084462,1.04384,13.88,1.0,3.070272,1
15:33:45.912155,83,1.4309753,4.739735,0.4617341,0.27832,6.64,0.664,5.506408,1
15:33:45.912155,83,1.250868,4.771143,0.8786531,0.34804,9.0,0.9,3.5846193,1
15:33:45.912155,83,1.3373058,4.6304812,1.3125756,1.04384,19.0,1.0,1.7527308,1
15:33:45.912155,83,1.3373058,4.6304812,1.3125756,1.04384,19.0,1.0,1.7527308,1
15:33:45.912155,83,1.3075023,4.7034965,1.3001996,0.97412,17.52,1.0,0.6973349,1
15:33:45.912155,83,1.4309753,4.739735,0.4617341,0.27832,6.64,0.664,5.506408,1
15:33:45.912155,83,1.3075023,4.7034965,1.3001996,0.97412,17.52,1.0,0.6973349,1
15:33:45.912155,83,1.250868,4.771143,0.8786531,0.34804,9.0,0.9,3.5846193,1
15:33:45.912155,83,1.3373058,4.6304812,1.3125756,1.04384,19.0,1.0,1.7527308,1
15:33:45.912155,83,1.2673191,4.608981,1.5084462,1.04384,13.88,1.0,3.070272,1
15:33:45.912155,83,1.250868,4.771143,0.8786531,0.34804,9.0,0.9,3.5846193,1
15:33:45.912155,83,1.2219063,4.8155093,1.4824634,0.97412,16.0,1.0,3.9539337,1
15:33:45.912155,83,1.3075023,4.7034965,1.3001996,0.97412,17.52,1.0,0.6973349,1
15:33:45.912155,83,1.3642913,4.6953273,0.47690588,0.27832,7.0,0.7,3.4684885,1
15:33:45.912155,83,1.4309753,4.739735,0.4617341,0.27832,6.64,0.664,5.506408,1
15:33:45.912155,83,1.250868,4.771143,0.8786531,0.34804,9.0,0.9,3.5846193,1
15:33:45.912155,83,1.3373058,4.6304812,1.3125756,1.04384,19.0,1.0,1.7527308,1
15:33:45.912155,83,1.2219063,4.8155093,1.4824634,0.97412,16.0,1.0,3.9539337,1
15:33:45.912155,83,1.4309753,4.739735,0.4617341,0.27832,6.64,0.664,5.506408,1
15:33:45.967107,84,0.052272603,0.18079622,2.1690838,-4.3836803,5.52,0.552,8.061812,1
15:33:45.967107,84,1.2808121,4.761217,1.8882259,1.04384,6.64,0.664,2.0982697,1
15:33:45.967107,84,1.3083473,4.810478,1.6876643,1.04384,12.12,1.0,1.3738036,1
15:33:45.967107,84,1.2925184,4.8368607,1.2788415,0.97412,13.639999,1.0,1.2216421,1
15:33:45.967107,84,1.3149284,4.7082667,0.4734387,0.97412,11.639999,1.0,2.641177,1
15:33:45.967107,84,1.4269671,4.6727324,0.26553196,0.13916,7.8799996,0.788,4.984801,1
15:33:45.967107,84,1.3083473,4.810478,1.6876643,1.04384,12.12,1.0,1.3738036,1
15:33:45.967107,84,1.3083473,4.810478,1.6876643,1.04384,12.12,1.0,1.3738036,1
15:33:45.967107,84,1.3083473,4.810478,1.6876643,1.04384,12.12,1.0,1.3738036,1
15:33:45.967107,84,1.3083473,4.810478,1.6876643,1.04384,12.12,1.0,1.3738036,1
15:33:45.967107,84,1.2925184,4.8368607,1.2788415,0.97412,13.639999,1.0,1.2216421,1
15:33:45.967107,84,1.2925184,4.8368607,1.2788415,0.97412,13.639999,1.0,1.2216421,1
15:33:45.967107,84,1.2925184,4.8368607,1.2788415,0.97412,13.639999,1.0,1.2216421,1
15:33:45.967107,84,1.3149284,4.7082667,0.4734387,0.97412,11.639999,1.0,2.641177,1
15:33:45.967107,84,1.4269671,4.6727324,0.26553196,0.13916,7.8799996,0.788,4.984801,1
15:33:45.967107,84,1.3149284,4.7082667,0.4734387,0.97412,11.639999,1.0,2.641177,1
15:33:45.967107,84,0.052272603,0.18079622,2.1690838,-4.3836803,5.52,0.552,8.061812,1
15:33:45.967107,84,1.2808121,4.761217,1.8882259,1.04384,6.64,0.664,2.0982697,1
15:33:45.967107,84,1.2925184,4.8368607,1.2788415,0.97412,13.639999,1.0,1.2216421,1
15:33:45.967107,84,1.2925184,4.8368607,1.2788415,0.97412,13.639999,1.0,1.2216421,1
15:33:45.967107,84,1.2808121,4.761217,1.8882259,1.04384,6.64,0.664,2.0982697,1
15:33:45.967107,84,1.4269671,4.6727324,0.26553196,0.13916,7.8799996,0.788,4.984801,1
15:33:45.967107,84,1.2925184,4.8368607,1.2788415,0.97412,13.639999,1.0,1.2216421,1
15:33:45.967107,84,1.3083473,4.810478,1.6876643,1.04384,12.12,1.0,1.3738036,1
15:33:45.967107,84,1.4269671,4.6727324,0.26553196,0.13916,7.8799996,0.788,4.984801,1
15:33:45.967107,84,0.052272603,0.18079622,2.1690838,-4.3836803,5.52,0.552,8.061812,1
15:33:45.967107,84,1.2808121,4.761217,1.8882259,1.04384,6.64,0.664,2.0982697,1
15:33:45.967107,84,1.4269671,4.6727324,0.26553196,0.13916,7.8799996,0.788,4.984801,1
15:33:45.967107,84,1.3083473,4.810478,1.6876643,1.04384,12.12,1.0,1.3738036,1
15:33:45.967107,84,1.2808121,4.761217,1.8882259,1.04384,6.64,0.664,2.0982697,1
15:33:45.967107,84,1.2925184,4.8368607,1.2788415,0.97412,13.639999,1.0,1.2216421,1
15:33:45.967107,84,1.2925184,4.8368607,1.2788415,0.97412,13.639999,1.0,1.2216421,1
15:33:45.967107,84,1.2925184,4.8368607,1.2788415,0.97412,13.639999,1.0,1.2216421,1
15:33:45.967107,84,1.3083473,4.810478,1.6876643,1.04384,12.12,1.0,1.3738036,1
15:33:45.967107,84,1.2925184,4.8368607,1.2788415,0.97412,13.639999,1.0,1.2216421,1
15:33:45.967107,84,1.4269671,4.6727324,0.26553196,0.13916,7.8799996,0.788,4.984801,1
15:33:45.967107,84,0.052272603,0.18079622,2.1690838,-4.3836803,5.52,0.552,8.061812,1
15:33:45.967107,84,1.3149284,4.7082667,0.4734387,0.97412,11.639999,1.0,2.641177,1
15:33:45.967107,84,1.4269671,4.6727324,0.26553196,0.13916,7.8799996,0.788,4.984801,1
15:33:45.967107,84,1.3149284,4.7082667,0.4734387,0.97412,11.639999,1.0,2.641177,1
15:33:45.967107,84,1.2808121,4.761217,1.8882259,1.04384,6.64,0.664,2.0982697,1
15:33:45.967107,84,1.3149284,4.7082667,0.4734387,0.97412,11.639999,1.0,2.641177,1
15:33:45.967107,84,1.2925184,4.8368607,1.2788415,0.97412,13.639999,1.0,1.2216421,1
15:33:45.967107,84,1.3083473,4.810478,1.6876643,1.04384,12.12,1.0,1.3738036,1
15:33:45.967107,84,1.4269671,4.6727324,0.26553196,0.13916,7.8799996,0.788,4.984801,1
15:33:45.967107,84,1.3083473,4.810478,1.6876643,1.04384,12.12,1.0,1.3738036,1
15:33:45.967107,84,1.4269671,4.6727324,0.26553196,0.13916,7.8799996,0.788,4.984801,1
15:33:45.967107,84,1.3083473,4.810478,1.6876643,1.04384,12.12,1.0,1.3738036,1
15:33:46.021266,85,1.4122928,4.7646136,1.4961008,1.1830001,7.12,0.712,5.42274,1
15:33:46.021266,85,1.3991101,4.9238367,0.84362364,1.04384,8.639999,0.86399996,3.2987666,1
15:33:46.021266,85,1.3653837,4.805145,0.8714987,0.34804,15.759999,1.0,2.8311727,1
15:33:46.021266,85,1.3410399,4.8241415,1.2822497,1.25244,12.12,1.0,3.571183,1
15:33:46.021266,85,1.382247,4.8644905,0.8575612,1.04384,15.24,1.0,0.6032408,1
15:33:46.021266,85,1.3653837,4.805145,0.8714987,0.34804,15.759999,1.0,2.8311727,1
15:33:46.021266,85,1.382247,4.8644905,0.8575612,1.04384,15.24,1.0,0.6032408,1
15:33:46.021266,85,1.4122928,4.7646136,1.4961008,1.1830001,7.12,0.712,5.42274,1
15:33:46.021266,85,1.3653837,4.805145,0.8714987,0.34804,15.759999,1.0,2.8311727,1
15:33:46.021266,85,1.4122928,4.7646136,1.4961008,1.1830001,7.12,0.712,5.42274,1
15:33:46.021266,85,1.3991101,4.9238367,0.84362364,1.04384,8.639999,0.86399996,3.2987666,1
15:33:46.021266,85,1.4122928,4.7646136,1.4961008,1.1830001,7.12,0.712,5.42274,1
15:33:46.021266,85,1.4122928,4.7646136,1.4961008,1.1830001,7.12,0.712,5.42274,1
15:33:46.021266,85,1.3410399,4.8241415,1.2822497,1.25244,12.12,1.0,3.571183,1
15:33:46.021266,85,1.382247,4.8644905,0.8575612,1.04384,15.24,1.0,0.6032408,1
15:33:46.021266,85,1.3991101,4.9238367,0.84362364,1.04384,8.639999,0.86399996,3.2987666,1
15:33:46.021266,85,1.382247,4.8644905,0.8575612,1.04384,15.24,1.0,0.6032408,1
15:33:46.021266,85,1.3991101,4.9238367,0.84362364,1.04384,8.639999,0.86399996,3.2987666,1
15:33:46.021266,85,1.382247,4.8644905,0.8575612,1.04384,15.24,1.0,0.6032408,1
15:33:46.021266,85,1.382247,4.8644905,0.8575612,1.04384,15.24,1.0,0.6032408,1
15:33:46.021266,85,1.4122928,4.7646136,1.4961008,1.1830001,7.12,0.712,5.42274,1
15:33:46.021266,85,1.3653837,4.805145,0.8714987,0.34804,15.759999,1.0,2.8311727,1
15:33:46.021266,85,1.382247,4.8644905,0.8575612,1.04384,15.24,1.0,0.6032408,1
15:33:46.021266,85,1.4122928,4.7646136,1.4961008,1.1830001,7.12,0.712,5.42274,1
15:33:46.021266,85,1.382247,4.8644905,0.8575612,1.04384,15.24,1.0,0.6032408,1
15:33:46.021266,85,1.382247,4.8644905,0.8575612,1.04384,15.24,1.0,0.6032408,1
15:33:46.021266,85,1.3991101,4.9238367,0.84362364,1.04384,8.639999,0.86399996,3.2987666,1
15:33:46.021266,85,1.382247,4.8644905,0.8575612,1.04384,15.24,1.0,0.6032408,1
15:33:46.021266,85,1.3410399,4.8241415,1.2822497,1.25244,12.12,1.0,3.571183,1
15:33:46.021266,85,1.3410399,4.8241415,1.2822497,1.25244,12.12,1.0,3.571183,1
15:33:46.021266,85,1.3653837,4.805145,0.8714987,0.34804,15.759999,1.0,2.8311727,1
15:33:46.021266,85,1.382247,4.8644905,0.8575612,1.04384,15.24,1.0,0.6032408,1
15:33:46.021266,85,1.3653837,4.805145,0.8714987,0.34804,15.759999,1.0,2.8311727,1
15:33:46.021266,85,1.3653837,4.805145,0.8714987,0.34804,15.759999,1.0,2.8311727,1
15:33:46.021266,85,1.3410399,4.8241415,1.2822497,1.25244,12.12,1.0,3.571183,1
15:33:46.021266,85,1.3653837,4.805145,0.8714987,0.34804,15.759999,1.0,2.8311727,1
15:33:46.021266,85,1.3991101,4.9238367,0.84362364,1.04384,8.639999,0.86399996,3.2987666,1
15:33:46.021266,85,1.3410399,4.8241415,1.2822497,1.25244,12.12,1.0,3.571183,1
15:33:46.021266,85,1.3653837,4.805145,0.8714987,0.34804,15.759999,1.0,2.8311727,1
15:33:46.021266,85,1.3653837,4.805145,0.8714987,0.34804,15.759999,1.0,2.8311727,1
15:33:46.021266,85,1.3991101,4.9238367,0.84362364,1.04384,8.639999,0.86399996,3.2987666,1
15:33:46.021266,85,1.3410399,4.8241415,1.2822497,1.25244,12.12,1.0,3.571183,1
15:33:46.021266,85,1.3991101,4.9238367,0.84362364,1.04384,8.639999,0.86399996,3.2987666,1
15:33:46.021266,85,1.4122928,4.7646136,1.4961008,1.1830001,7.12,0.712,5.42274,1
15:33:46.021266,85,1.3991101,4.9238367,0.84362364,1.04384,8.639999,0.86399996,3.2987666,1
15:33:46.021266,85,1.3991101,4.9238367,0.84362364,1.04384,8.639999,0.86399996,3.2987666,1
15:33:46.021266,85,1.382247,4.8644905,0.8575612,1.04384,15.24,1.0,0.6032408,1
15:33:46.021266,85,1.3991101,4.9238367,0.84362364,1.04384,8.639999,0.86399996,3.2987666,1
15:33:46.077099,86,1.4999306,4.895833,0.85112715,1.1830001,15.88,1.0,2.2794874,1
15:33:46.077099,86,1.47803,4.8109007,1.4934837,1.32216,11.0,1.0,2.8063788,1
15:33:46.077099,86,1.4788886,4.880835,1.0675946,1.1830001,23.0,1.0,0.31041875,1
15:33:46.077099,86,1.4670645,4.9692583,0.833417,1.25244,5.24,0.524,4.57121,1
15:33:46.077099,86,1.4479889,4.8850403,1.4833646,0.97412,20.52,1.0,2.9368248,1
15:33:46.077099,86,0.06189035,0.24390867,1.9737865,-2.99208,5.64,0.564,8.021206,1
15:33:46.077099,86,1.47803,4.8109007,1.4934837,1.32216,11.0,1.0,2.8063788,1
15:33:46.077099,86,1.4479889,4.8850403,1.4833646,0.97412,20.52,1.0,2.9368248,1
15:33:46.077099,86,0.06189035,0.24390867,1.9737865,-2.99208,5.64,0.564,8.021206,1
15:33:46.077099,86,0.06189035,0.24390867,1.9737865,-2.99208,5.64,0.564,8.021206,1
15:33:46.077099,86,1.4788886,4.880835,1.0675946,1.1830001,23.0,1.0,0.31041875,1
15:33:46.077099,86,1.4479889,4.8850403,1.4833646,0.97412,20.52,1.0,2.9368248,1
15:33:46.077099,86,1.4788886,4.880835,1.0675946,1.1830001,23.0,1.0,0.31041875,1
15:33:46.077099,86,1.47803,4.8109007,1.4934837,1.32216,11.0,1.0,2.8063788,1
15:33:46.077099,86,1.47803,4.8109007,1.4934837,1.32216,11.0,1.0,2.8063788,1
15:33:46.077099,86,1.4999306,4.895833,0.85112715,1.1830001,15.88,1.0,2.2794874,1
15:33:46.077099,86,1.4999306,4.895833,0.85112715,1.1830001,15.88,1.0,2.2794874,1
15:33:46.077099,86,1.4999306,4.895833,0.85112715,1.1830001,15.88,1.0,2.2794874,1
15:33:46.077099,86,1.4670645,4.9692583,0.833417,1.25244,5.24,0.524,4.57121,1
15:33:46.077099,86,1.4788886,4.880835,1.0675946,1.1830001,23.0,1.0,0.31041875,1
15:33:46.077099,86,1.4999306,4.895833,0.85112715,1.1830001,15.88,1.0,2.2794874,1
15:33:46.077099,86,1.4479889,4.8850403,1.4833646,0.97412,20.52,1.0,2.9368248,1
15:33:46.077099,86,1.4999306,4.895833,0.85112715,1.1830001,15.88,1.0,2.2794874,1
15:33:46.077099,86,0.06189035,0.24390867,1.9737865,-2.99208,5.64,0.564,8.021206,1
15:33:46.077099,86,1.47803,4.8109007,1.4934837,1.32216,11.0,1.0,2.8063788,1
15:33:46.077099,86,1.4999306,4.895833,0.85112715,1.1830001,15.88,1.0,2.2794874,1
15:33:46.077099,86,1.4999306,4.895833,0.85112715,1.1830001,15.88,1.0,2.2794874,1
15:33:46.077099,86,1.47803,4.8109007,1.4934837,1.32216,11.0,1.0,2.8063788,1
15:33:46.077099,86,1.4999306,4.895833,0.85112715,1.1830001,15.88,1.0,2.2794874,1
15:33:46.077099,86,1.4999306,4.895833,0.85112715,1.1830001,15.88,1.0,2.2794874,1
15:33:46.077099,86,1.4670645,4.9692583,0.833417,1.25244,5.24,0.524,4.57121,1
15:33:46.077099,86,1.4788886,4.880835,1.0675946,1.1830001,23.0,1.0,0.31041875,1
15:33:46.077099,86,1.47803,4.8109007,1.4934837,1.32216,11.0,1.0,2.8063788,1
15:33:46.077099,86,0.06189035,0.24390867,1.9737865,-2.99208,5.64,0.564,8.021206,1
15:33:46.077099,86,1.4999306,4.895833,0.85112715,1.1830001,15.88,1.0,2.2794874,1
15:33:46.077099,86,1.4670645,4.9692583,0.833417,1.25244,5.24,0.524,4.57121,1
15:33:46.077099,86,1.4788886,4.880835,1.0675946,1.1830001,23.0,1.0,0.31041875,1
15:33:46.077099,86,1.4788886,4.880835,1.0675946,1.1830001,23.0,1.0,0.31041875,1
15:33:46.077099,86,1.47803,4.8109007,1.4934837,1.32216,11.0,1.0,2.8063788,1
15:33:46.077099,86,1.4999306,4.895833,0.85112715,1.1830001,15.88,1.0,2.2794874,1
15:33:46.077099,86,1.4999306,4.895833,0.85112715,1.1830001,15.88,1.0,2.2794874,1
15:33:46.077099,86,1.47803,4.8109007,1.4934837,1.32216,11.0,1.0,2.8063788,1
15:33:46.077099,86,1.4788886,4.880835,1.0675946,1.1830001,23.0,1.0,0.31041875,1
15:33:46.077099,86,1.4479889,4.8850403,1.4833646,0.97412,20.52,1.0,2.9368248,1
15:33:46.077099,86,1.4670645,4.9692583,0.833417,1.25244,5.24,0.524,4.57121,1
15:33:46.077099,86,1.4479889,4.8850403,1.4833646,0.97412,20.52,1.0,2.9368248,1
15:33:46.077099,86,1.4479889,4.8850403,1.4833646,0.97412,20.52,1.0,2.9368248,1
15:33:46.077099,86,0.06189035,0.24390867,1.9737865,-2.99208,5.64,0.564,8.021206,1
