{"timestamp": "11:55:32.390752", "frame": 39, "mu": [1.6596299368139127, 0.7350443466965553, 1.3907217783281154], "Sigma": [[0.25559703819972057, 0.08499855057074954, -0.11824759028814028], [0.08499855057074952, 0.040469120007725755, -0.012527879397090167], [-0.11824759028814028, -0.012527879397090168, 0.12588450971506923]], "chi2_level": 0.997, "chi2_df": 3, "chi2_threshold": 13.931422665512084, "N_raw": 7, "N_roi": 7, "N_inlier": 7, "refit": true}
{"timestamp": "11:55:32.777200", "frame": 46, "mu": [1.847481168041964, 1.213712508804979, 1.4291144539211265], "Sigma": [[0.007989788958448955, 0.0029338637512111463, 0.0033119873388812587], [0.0029338637512111463, 0.0022673023079314426, 0.0010697101447321642], [0.0033119873388812587, 0.0010697101447321642, 0.0022391824986782035]], "chi2_level": 0.997, "chi2_df": 3, "chi2_threshold": 13.931422665512084, "N_raw": 12, "N_roi": 12, "N_inlier": 11, "refit": true}
{"timestamp": "11:55:32.941646", "frame": 49, "mu": [1.6259938167209533, 1.3177455770391588, 1.4294139377175028], "Sigma": [[0.22503527450836597, 0.16924827737222192, -0.11031286971138882], [0.16924827737222192, 0.12776164494642697, -0.08156494354700136], [-0.11031286971138882, -0.08156494354700136, 0.061142978825245435]], "chi2_level": 0.997, "chi2_df": 3, "chi2_threshold": 13.931422665512084, "N_raw": 7, "N_roi": 7, "N_inlier": 7, "refit": true}
{"timestamp": "11:55:32.996850", "frame": 50, "mu": [1.6311125738922483, 1.5268169990575384, 1.3793187682570596], "Sigma": [[0.005441724921339187, -0.00336635909059891, -0.006123729618840479], [-0.003366359090598911, 0.004943805750689866, 0.0037612313801974277], [-0.006123729618840479, 0.0037612313801974277, 0.011081277821477348]], "chi2_level": 0.997, "chi2_df": 3, "chi2_threshold": 13.931422665512084, "N_raw": 13, "N_roi": 13, "N_inlier": 12, "refit": true}
{"timestamp": "11:55:33.109666", "frame": 52, "mu": [1.580048440201016, 1.4069199393301088, 1.2043298465092434], "Sigma": [[0.40675305027522113, 0.29595159404161386, -0.26136660832811165], [0.29595159404161386, 0.22707123997351267, -0.1738965774713215], [-0.26136660832811165, -0.1738965774713215, 0.2424565934167431]], "chi2_level": 0.997, "chi2_df": 3, "chi2_threshold": 13.931422665512084, "N_raw": 7, "N_roi": 7, "N_inlier": 7, "refit": true}
{"timestamp": "11:55:33.218461", "frame": 54, "mu": [1.664675330726362, 1.7856897377770686, 1.60516176138496], "Sigma": [[0.003737909224782991, -0.0004336585834181102, 0.0019149916291733313], [-0.0004336585834181102, 0.006289871292424721, 0.0037066914170615396], [0.0019149916291733315, 0.0037066914170615396, 0.004416402063254455]], "chi2_level": 0.997, "chi2_df": 3, "chi2_threshold": 13.931422665512084, "N_raw": 22, "N_roi": 21, "N_inlier": 20, "refit": true}
{"timestamp": "11:55:33.385076", "frame": 57, "mu": [1.679756448520674, 1.912562948517836, 1.4741881972986641], "Sigma": [[0.007898776528619962, -0.005353582111688253, -0.008963263587756284], [-0.005353582111688253, 0.01382869165569856, 0.027423790095216505], [-0.008963263587756282, 0.027423790095216505, 0.08063291439958778]], "chi2_level": 0.997, "chi2_df": 3, "chi2_threshold": 13.931422665512084, "N_raw": 34, "N_roi": 34, "N_inlier": 33, "refit": true}
{"timestamp": "11:55:33.440233", "frame": 58, "mu": [1.6148037346464243, 1.931874436298162, 1.2589834424208282], "Sigma": [[0.005872704360512993, -0.00489797326579384, -0.0059957795400435035], [-0.00489797326579384, 0.004535630559822325, 0.0039189947451797056], [-0.0059957795400435035, 0.0039189947451797056, 0.013526449362993841]], "chi2_level": 0.997, "chi2_df": 3, "chi2_threshold": 13.931422665512084, "N_raw": 20, "N_roi": 20, "N_inlier": 19, "refit": true}
{"timestamp": "11:55:33.548647", "frame": 60, "mu": [1.7848477846514768, 2.0111462626233, 1.2230009264871995], "Sigma": [[0.004771170138353034, -0.0017793415313016121, -0.012897007960521702], [-0.001779341531301612, 0.011006901162206888, 0.05055913412909033], [-0.012897007960521702, 0.05055913412909033, 0.25906312061166975]], "chi2_level": 0.997, "chi2_df": 3, "chi2_threshold": 13.931422665512084, "N_raw": 7, "N_roi": 7, "N_inlier": 7, "refit": true}
{"timestamp": "11:55:33.713878", "frame": 63, "mu": [1.548687311312857, 2.0930530149236484, 1.6008758159119674], "Sigma": [[0.1936763197525153, 0.2821637774740014, -0.015933352861978833], [0.2821637774740014, 0.41668438184955275, -0.031680286926730916], [-0.015933352861978826, -0.03168028692673091, 0.018408092192887842]], "chi2_level": 0.997, "chi2_df": 3, "chi2_threshold": 13.931422665512084, "N_raw": 10, "N_roi": 7, "N_inlier": 7, "refit": true}
{"timestamp": "11:55:33.880806", "frame": 66, "mu": [1.682130338891276, 2.4820027644681826, 1.4887795079663375], "Sigma": [[0.006865834050642051, 0.00039842471834483726, -0.0013734217623005373], [0.0003984247183448373, 0.003878012798961373, 0.0007836971990390645], [-0.0013734217623005373, 0.0007836971990390645, 0.004521928382654228]], "chi2_level": 0.997, "chi2_df": 3, "chi2_threshold": 13.931422665512084, "N_raw": 19, "N_roi": 19, "N_inlier": 18, "refit": true}
{"timestamp": "11:55:33.987712", "frame": 68, "mu": [1.5964115360707745, 2.227539943920873, 1.0364545696101573], "Sigma": [[0.2339643875753265, 0.2632764632449443, -0.16273879167305907], [0.2632764632449443, 0.4051008038114017, -0.1066768846508453], [-0.16273879167305907, -0.10667688465084532, 0.16946325082258934]], "chi2_level": 0.997, "chi2_df": 3, "chi2_threshold": 13.931422665512084, "N_raw": 9, "N_roi": 9, "N_inlier": 9, "refit": true}
{"timestamp": "11:55:34.042659", "frame": 69, "mu": [1.67702762901482, 2.525457735181504, 1.195028125080505], "Sigma": [[0.026596656177675322, -0.018378277667778675, -0.06747701786375311], [-0.018378277667778678, 0.02677510720851522, 0.0787794093164879], [-0.06747701786375311, 0.07877940931648789, 0.24845809843050087]], "chi2_level": 0.997, "chi2_df": 3, "chi2_threshold": 13.931422665512084, "N_raw": 8, "N_roi": 8, "N_inlier": 8, "refit": true}
{"timestamp": "11:55:34.098911", "frame": 70, "mu": [1.704843200011901, 2.6035988379816777, 1.4255177839374484], "Sigma": [[0.025052092821926733, -0.021696930209409146, -0.07201904263758493], [-0.02169693020940915, 0.034351064346569156, 0.09175768033287078], [-0.07201904263758493, 0.09175768033287077, 0.26912560952486464]], "chi2_level": 0.997, "chi2_df": 3, "chi2_threshold": 13.931422665512084, "N_raw": 7, "N_roi": 7, "N_inlier": 7, "refit": true}
{"timestamp": "11:55:34.156838", "frame": 71, "mu": [1.5610346886991053, 2.7412476391863483, 0.07612169928315136], "Sigma": [[0.012256339879584533, -0.0015537555304800045, 0.028106790909424518], [-0.0015537555304800045, 0.003991430056132284, -0.0012274407618289283], [0.028106790909424514, -0.0012274407618289283, 0.10698322382022646]], "chi2_level": 0.997, "chi2_df": 3, "chi2_threshold": 13.931422665512084, "N_raw": 39, "N_roi": 39, "N_inlier": 39, "refit": true}
{"timestamp": "11:55:34.266423", "frame": 73, "mu": [1.6094829143432368, 2.843079411390549, -0.14949742824528964], "Sigma": [[0.00832620100817703, -0.0024282592760211863, 0.021192990736672974], [-0.002428259276021186, 0.005322293529079913, -0.007707641006331013], [0.021192990736672974, -0.007707641006331012, 0.10335703425046505]], "chi2_level": 0.997, "chi2_df": 3, "chi2_threshold": 13.931422665512084, "N_raw": 31, "N_roi": 29, "N_inlier": 29, "refit": true}
{"timestamp": "11:55:34.428195", "frame": 76, "mu": [1.5835924302792115, 2.610437009147301, 0.9341487690915221], "Sigma": [[0.2059329478649184, 0.3171856747163955, -0.14662254111442535], [0.3171856747163956, 0.5243141341216075, -0.1792117877840383], [-0.14662254111442535, -0.1792117877840383, 0.16658640257931817]], "chi2_level": 0.997, "chi2_df": 3, "chi2_threshold": 13.931422665512084, "N_raw": 7, "N_roi": 7, "N_inlier": 7, "refit": true}
{"timestamp": "11:55:34.484125", "frame": 77, "mu": [1.6647563283408853, 2.954937578136464, 1.260219103898097], "Sigma": [[0.004723992358159541, -0.003998169369827601, -0.024220696546523375], [-0.003998169369827601, 0.010783139211027708, 0.03988245608228958], [-0.024220696546523375, 0.03988245608228958, 0.18592635117228]], "chi2_level": 0.997, "chi2_df": 3, "chi2_threshold": 13.931422665512084, "N_raw": 11, "N_roi": 7, "N_inlier": 7, "refit": true}
{"timestamp": "11:55:34.652302", "frame": 80, "mu": [1.6434493712617093, 3.2117938808714186, 1.4339291997234205], "Sigma": [[0.008255542673711412, -0.002615985269345304, -0.0025646580296011722], [-0.002615985269345304, 0.004840876022944622, 0.0006933409949430435], [-0.0025646580296011722, 0.0006933409949430436, 0.0030990439493054737]], "chi2_level": 0.997, "chi2_df": 3, "chi2_threshold": 13.931422665512084, "N_raw": 32, "N_roi": 28, "N_inlier": 27, "refit": true}
{"timestamp": "11:55:34.759773", "frame": 82, "mu": [1.7056160375698257, 3.3784675335012997, -0.28936943663258907], "Sigma": [[0.008078764717561243, -0.003179436097439618, -0.010654613832337163], [-0.003179436097439618, 0.005711711541892073, -0.010877723683413807], [-0.010654613832337163, -0.010877723683413807, 0.07859442210258884]], "chi2_level": 0.997, "chi2_df": 3, "chi2_threshold": 13.931422665512084, "N_raw": 21, "N_roi": 21, "N_inlier": 21, "refit": true}
{"timestamp": "11:55:34.924910", "frame": 85, "mu": [1.673241493248152, 3.414318748767972, 0.3144557696696756], "Sigma": [[0.01083721759958779, -0.002008447497964861, -0.0037035645962034823], [-0.002008447497964861, 0.003593696904581222, 0.0016832470447567204], [-0.003703564596203482, 0.0016832470447567206, 0.0045333136608615805]], "chi2_level": 0.997, "chi2_df": 3, "chi2_threshold": 13.931422665512084, "N_raw": 21, "N_roi": 19, "N_inlier": 19, "refit": true}
{"timestamp": "11:55:34.982455", "frame": 86, "mu": [1.6958057197216174, 3.416871071864452, 1.4197751386128263], "Sigma": [[0.012312295750105078, -0.005733568563228818, -0.004007034856712388], [-0.005733568563228817, 0.007356258909302129, 0.0038000951342642432], [-0.004007034856712387, 0.0038000951342642432, 0.003418288292039934]], "chi2_level": 0.997, "chi2_df": 3, "chi2_threshold": 13.931422665512084, "N_raw": 37, "N_roi": 33, "N_inlier": 31, "refit": true}
{"timestamp": "11:55:35.034302", "frame": 87, "mu": [1.6556943775798336, 3.5098429089234955, 0.2084306871647867], "Sigma": [[0.010968175885444425, -0.0010899097748454838, -0.003955656805187213], [-0.0010899097748454842, 0.0031105525286148177, -6.57322866092694e-05], [-0.003955656805187214, -6.573228660926918e-05, 0.005121872378758491]], "chi2_level": 0.997, "chi2_df": 3, "chi2_threshold": 13.931422665512084, "N_raw": 16, "N_roi": 16, "N_inlier": 16, "refit": true}
{"timestamp": "11:55:35.091209", "frame": 88, "mu": [1.8228872996040142, 3.6321687192592154, -0.07894082121497892], "Sigma": [[0.01859282399974709, 0.0010856571310404334, -0.03912302059532467], [0.0010856571310404334, 0.005058329356217646, -0.012544477919614555], [-0.03912302059532467, -0.012544477919614553, 0.14681377201211437]], "chi2_level": 0.997, "chi2_df": 3, "chi2_threshold": 13.931422665512084, "N_raw": 28, "N_roi": 28, "N_inlier": 27, "refit": true}
{"timestamp": "11:55:35.145914", "frame": 89, "mu": [1.6684342281339388, 3.5945064181365227, 0.3562835097736603], "Sigma": [[0.015164159015635543, -0.003622895346193641, -0.00437449194785203], [-0.0036228953461936416, 0.0039124961080462105, 0.005645856748094308], [-0.00437449194785203, 0.005645856748094308, 0.011996758099212747]], "chi2_level": 0.997, "chi2_df": 3, "chi2_threshold": 13.931422665512084, "N_raw": 32, "N_roi": 32, "N_inlier": 32, "refit": true}
{"timestamp": "11:55:35.258102", "frame": 91, "mu": [1.7034073122837523, 3.682695076122849, 1.2872201467200757], "Sigma": [[0.030124388702576513, -0.004457991820545889, -0.005647292035680056], [-0.004457991820545888, 0.004702419780034217, 0.0008725885081145132], [-0.005647292035680056, 0.0008725885081145132, 0.0027820678494554323]], "chi2_level": 0.997, "chi2_df": 3, "chi2_threshold": 13.931422665512084, "N_raw": 47, "N_roi": 47, "N_inlier": 46, "refit": true}
{"timestamp": "11:55:35.311406", "frame": 92, "mu": [1.8282815782192445, 3.722355391674995, 1.138629202024513], "Sigma": [[0.019773815344456214, -0.008669163192053306, -0.02843844965334156], [-0.008669163192053304, 0.006528019030602693, 0.01107968106721669], [-0.02843844965334156, 0.011079681067216688, 0.05015055523786886]], "chi2_level": 0.997, "chi2_df": 3, "chi2_threshold": 13.931422665512084, "N_raw": 28, "N_roi": 24, "N_inlier": 24, "refit": true}
{"timestamp": "11:55:35.365474", "frame": 93, "mu": [1.8845480325596438, 3.8559274887205732, -0.14957184745000582], "Sigma": [[0.03377876969534393, -0.002642325561820264, -0.052817870482763055], [-0.002642325561820264, 0.0038560622956899313, 0.0013513526629497447], [-0.052817870482763055, 0.0013513526629497443, 0.08755100625735882]], "chi2_level": 0.997, "chi2_df": 3, "chi2_threshold": 13.931422665512084, "N_raw": 21, "N_roi": 19, "N_inlier": 19, "refit": true}
{"timestamp": "11:55:35.474594", "frame": 95, "mu": [1.7772241104081634, 3.8674206312333568, 1.2485707042277556], "Sigma": [[0.018359351918851415, -0.008544300265066477, -0.011230187364736863], [-0.008544300265066477, 0.0062165659644999195, 0.004415905873739183], [-0.011230187364736863, 0.004415905873739183, 0.01038391946820835]], "chi2_level": 0.997, "chi2_df": 3, "chi2_threshold": 13.931422665512084, "N_raw": 24, "N_roi": 24, "N_inlier": 24, "refit": true}
{"timestamp": "11:55:35.582798", "frame": 97, "mu": [1.6828114195520552, 3.956500822944385, 1.4478551279604233], "Sigma": [[0.010867681322169353, -0.004499643411997465, -0.005263918386961957], [-0.004499643411997465, 0.0038578856607873464, 0.002575592138971723], [-0.005263918386961957, 0.002575592138971723, 0.004715708743588878]], "chi2_level": 0.997, "chi2_df": 3, "chi2_threshold": 13.931422665512084, "N_raw": 19, "N_roi": 19, "N_inlier": 18, "refit": true}
{"timestamp": "11:55:35.806338", "frame": 101, "mu": [1.7017212428619892, 4.168240103327257, 1.2075036531952195], "Sigma": [[0.014043577542244527, -0.0060556278239672, -0.01050872492119061], [-0.0060556278239672, 0.003910429868865827, 0.0022543893773322617], [-0.010508724921190607, 0.0022543893773322617, 0.017701399354722397]], "chi2_level": 0.997, "chi2_df": 3, "chi2_threshold": 13.931422665512084, "N_raw": 25, "N_roi": 23, "N_inlier": 22, "refit": true}
{"timestamp": "11:55:35.860341", "frame": 102, "mu": [1.7383006328226063, 4.197280705325411, 1.0683011282614472], "Sigma": [[0.011661233757506191, -0.00618796330728884, -0.016917977104337158], [-0.00618796330728884, 0.0035955066591601475, 0.007781983890792078], [-0.016917977104337158, 0.007781983890792078, 0.04283206951235781]], "chi2_level": 0.997, "chi2_df": 3, "chi2_threshold": 13.931422665512084, "N_raw": 22, "N_roi": 19, "N_inlier": 18, "refit": true}
{"timestamp": "11:55:35.969443", "frame": 104, "mu": [1.7885553910729717, 4.297088337737554, 1.0191011534503933], "Sigma": [[0.007622329910286985, -0.003609999579662719, -0.008020460465800735], [-0.003609999579662719, 0.0023087742946621688, 0.001221815842197831], [-0.008020460465800733, 0.001221815842197831, 0.04891801913499302]], "chi2_level": 0.997, "chi2_df": 3, "chi2_threshold": 13.931422665512084, "N_raw": 16, "N_roi": 16, "N_inlier": 15, "refit": true}
{"timestamp": "11:55:36.518160", "frame": 114, "mu": [1.5710806537370228, 4.34852390574664, 1.2143415878441994], "Sigma": [[0.23287260280834782, 0.5293933924768843, -0.17367766704691998], [0.5293933924768843, 1.5394878605477702, -0.3321608638034062], [-0.17367766704691995, -0.3321608638034062, 0.15143760925137215]], "chi2_level": 0.997, "chi2_df": 3, "chi2_threshold": 13.931422665512084, "N_raw": 8, "N_roi": 8, "N_inlier": 8, "refit": true}
