{"timestamp": "12:48:00.785600", "frame": 30, "mu": [-2.3862668684603316, 0.7805485689054853, 0.8477143547720973], "Sigma": [[0.005044440914145195, 0.007535124502336909, -0.0035052084302058537], [0.007535124502336909, 0.01513276935637445, -0.009052052153705453], [-0.0035052084302058537, -0.009052052153705453, 0.010834026835133499]], "chi2_level": 0.997, "chi2_df": 3, "chi2_threshold": 13.931422665512084, "N_raw": 34, "N_roi": 28, "N_inlier": 26, "refit": true}
{"timestamp": "12:48:00.894683", "frame": 32, "mu": [-2.3594640971644183, 0.8893938607823613, 0.8632081875161415], "Sigma": [[0.005801097505471964, 0.007940509579687734, -0.001449651945989112], [0.007940509579687734, 0.012804669358788037, -0.0038414624463308598], [-0.001449651945989112, -0.0038414624463308598, 0.0054871711929565005]], "chi2_level": 0.997, "chi2_df": 3, "chi2_threshold": 13.931422665512084, "N_raw": 27, "N_roi": 24, "N_inlier": 23, "refit": true}
{"timestamp": "12:48:01.006858", "frame": 34, "mu": [-2.284750025436491, 0.9497370647036962, 1.1272766166951467], "Sigma": [[0.00980483373196738, 0.011573353109989921, -0.0005544428500894755], [0.011573353109989921, 0.0158371157094361, -0.004370493121552429], [-0.0005544428500894755, -0.004370493121552428, 0.015937446070937025]], "chi2_level": 0.997, "chi2_df": 3, "chi2_threshold": 13.931422665512084, "N_raw": 39, "N_roi": 39, "N_inlier": 39, "refit": true}
{"timestamp": "12:48:01.058591", "frame": 35, "mu": [-2.2663734770663155, 1.1434542030213672, -0.7172593008884104], "Sigma": [[0.004930495319850701, 0.006825353092421038, -0.0015041937988136632], [0.006825353092421037, 0.013466197714061255, -0.006502019613350297], [-0.0015041937988136632, -0.006502019613350297, 0.00884222768311112]], "chi2_level": 0.997, "chi2_df": 3, "chi2_threshold": 13.931422665512084, "N_raw": 23, "N_roi": 23, "N_inlier": 23, "refit": true}
{"timestamp": "12:48:01.111666", "frame": 36, "mu": [-1.8935536152041221, 0.9288365547324259, 1.2964583276935033], "Sigma": [[0.4354601916056292, -0.21799947634112316, 0.12410620976250458], [-0.21799947634112316, 0.13314944669989173, -0.07488383034410637], [0.12410620976250458, -0.07488383034410637, 0.04366167277783649]], "chi2_level": 0.997, "chi2_df": 3, "chi2_threshold": 13.931422665512084, "N_raw": 7, "N_roi": 7, "N_inlier": 7, "refit": true}
{"timestamp": "12:48:01.169802", "frame": 37, "mu": [-2.2322459355970894, 0.986856534944608, 1.2525733172359523], "Sigma": [[0.0071789964863534315, 0.007456019689777396, -0.006609086516632865], [0.007456019689777396, 0.01758757507643631, -0.007726092694815789], [-0.006609086516632865, -0.00772609269481579, 0.0066382221037586285]], "chi2_level": 0.997, "chi2_df": 3, "chi2_threshold": 13.931422665512084, "N_raw": 27, "N_roi": 27, "N_inlier": 27, "refit": true}
{"timestamp": "12:48:01.225096", "frame": 38, "mu": [-2.1531817481957685, 0.9289768539216317, 1.0761122084066805], "Sigma": [[0.007013809135215908, 0.0071745868036274625, -0.003774071504513003], [0.0071745868036274625, 0.012373996622264263, -0.006467049898868213], [-0.003774071504513003, -0.006467049898868213, 0.005243115124507181]], "chi2_level": 0.997, "chi2_df": 3, "chi2_threshold": 13.931422665512084, "N_raw": 29, "N_roi": 29, "N_inlier": 29, "refit": true}
{"timestamp": "12:48:01.279590", "frame": 39, "mu": [-2.1388642729798493, 1.02419528007264, 1.1576286542920706], "Sigma": [[0.005274421619472228, 0.0051396987145733404, -0.0025443095763996422], [0.0051396987145733404, 0.010242595760441444, -0.005145778558950619], [-0.0025443095763996422, -0.005145778558950619, 0.006918643953458414]], "chi2_level": 0.997, "chi2_df": 3, "chi2_threshold": 13.931422665512084, "N_raw": 28, "N_roi": 28, "N_inlier": 27, "refit": true}
{"timestamp": "12:48:01.333904", "frame": 40, "mu": [-2.1852181784469114, 1.1641215110715721, 1.279566374433247], "Sigma": [[0.004327141570287513, 0.005172571719343168, -0.0017326380527630143], [0.005172571719343168, 0.009035400502228027, -0.005394769428712332], [-0.0017326380527630143, -0.005394769428712332, 0.006258840805406264]], "chi2_level": 0.997, "chi2_df": 3, "chi2_threshold": 13.931422665512084, "N_raw": 18, "N_roi": 18, "N_inlier": 18, "refit": true}
{"timestamp": "12:48:01.390463", "frame": 41, "mu": [-2.157900835332811, 1.020656194662573, 1.2074523276851292], "Sigma": [[0.00880405235933004, 0.008397633172352589, -0.00555617940362318], [0.008397633172352589, 0.019887641738493417, -0.007604524071297947], [-0.00555617940362318, -0.007604524071297947, 0.0044894613782619245]], "chi2_level": 0.997, "chi2_df": 3, "chi2_threshold": 13.931422665512084, "N_raw": 38, "N_roi": 38, "N_inlier": 38, "refit": true}
{"timestamp": "12:48:01.447301", "frame": 42, "mu": [-2.161477131666971, 1.025505368674459, 1.2366704882558406], "Sigma": [[0.012917806889117592, 0.010952212619348133, -0.008387058644733762], [0.010952212619348135, 0.020166608347295216, -0.009566357146520973], [-0.008387058644733764, -0.009566357146520973, 0.006482607652572172]], "chi2_level": 0.997, "chi2_df": 3, "chi2_threshold": 13.931422665512084, "N_raw": 46, "N_roi": 46, "N_inlier": 45, "refit": true}
{"timestamp": "12:48:01.502846", "frame": 43, "mu": [-2.1797225371660596, 1.0695009753335312, 1.2247096790335472], "Sigma": [[0.011257957428188378, 0.010764230926260237, -0.005861461395317553], [0.010764230926260237, 0.01715777885541222, -0.01160576706845505], [-0.005861461395317553, -0.01160576706845505, 0.012316943633021353]], "chi2_level": 0.997, "chi2_df": 3, "chi2_threshold": 13.931422665512084, "N_raw": 49, "N_roi": 49, "N_inlier": 49, "refit": true}
{"timestamp": "12:48:01.555509", "frame": 44, "mu": [-2.1811141534162695, 1.2758491498320628, 1.3752999564926092], "Sigma": [[0.005899610663874059, 0.00489670594272055, 0.00040853211443157215], [0.00489670594272055, 0.008715935940643228, -0.0004367867099314482], [0.0004085321144315727, -0.0004367867099314478, 0.02194275108193071]], "chi2_level": 0.997, "chi2_df": 3, "chi2_threshold": 13.931422665512084, "N_raw": 34, "N_roi": 34, "N_inlier": 33, "refit": true}
{"timestamp": "12:48:01.608656", "frame": 45, "mu": [-2.129897934694618, 1.2284018275138961, 1.1779681165604867], "Sigma": [[0.007569611531157463, -0.002672295591612997, -0.007448593188659632], [-0.0026722955916129968, 0.02811603805353336, 0.0021129159582175244], [-0.007448593188659632, 0.0021129159582175244, 0.01011688122586629]], "chi2_level": 0.997, "chi2_df": 3, "chi2_threshold": 13.931422665512084, "N_raw": 22, "N_roi": 22, "N_inlier": 22, "refit": true}
{"timestamp": "12:48:01.665104", "frame": 46, "mu": [-2.107443117803957, 1.3139344676224427, -0.45543530511462], "Sigma": [[0.008252854560080632, 0.008845283947215935, -0.0009856323076043805], [0.008845283947215935, 0.015364198336777471, -0.002840847572611361], [-0.0009856323076043805, -0.0028408475726113607, 0.0011197786638670272]], "chi2_level": 0.997, "chi2_df": 3, "chi2_threshold": 13.931422665512084, "N_raw": 33, "N_roi": 33, "N_inlier": 33, "refit": true}
{"timestamp": "12:48:01.716157", "frame": 47, "mu": [-2.0839722143283055, 1.1968767703146803, 1.2402242267340964], "Sigma": [[0.0034025832609204353, 0.0033925431687371384, -0.0019834564308651315], [0.0033925431687371384, 0.003922840689839539, -0.0022949605908721684], [-0.0019834564308651315, -0.002294960590872169, 0.0018506949714826423]], "chi2_level": 0.997, "chi2_df": 3, "chi2_threshold": 13.931422665512084, "N_raw": 8, "N_roi": 8, "N_inlier": 8, "refit": true}
{"timestamp": "12:48:01.771831", "frame": 48, "mu": [-2.091618630125932, 1.222349426914111, 0.8644395482705246], "Sigma": [[0.006517332605243388, 0.007857146770861122, -0.0030516768277792346], [0.007857146770861122, 0.011409411690016389, -0.004361607683273911], [-0.0030516768277792346, -0.004361607683273911, 0.002873666910378631]], "chi2_level": 0.997, "chi2_df": 3, "chi2_threshold": 13.931422665512084, "N_raw": 9, "N_roi": 8, "N_inlier": 8, "refit": true}
{"timestamp": "12:48:02.048553", "frame": 53, "mu": [-1.8377663129469135, 1.4980085717569696, 0.9498705783103615], "Sigma": [[0.07193554759725976, 0.06416938567490346, -0.14833804306586668], [0.06416938567490346, 0.058883896996588025, -0.13369047503323558], [-0.14833804306586668, -0.13369047503323558, 0.32074015235855496]], "chi2_level": 0.997, "chi2_df": 3, "chi2_threshold": 13.931422665512084, "N_raw": 17, "N_roi": 17, "N_inlier": 17, "refit": true}
{"timestamp": "12:48:02.109552", "frame": 54, "mu": [-1.9443342301929494, 1.5462515446203928, 1.3988203274268116], "Sigma": [[0.017547032474421, 0.010903917562631347, -0.015335185412999984], [0.01090391756263135, 0.014907191208989546, -0.01039196598813092], [-0.015335185412999983, -0.01039196598813092, 0.01460224604738715]], "chi2_level": 0.997, "chi2_df": 3, "chi2_threshold": 13.931422665512084, "N_raw": 61, "N_roi": 61, "N_inlier": 59, "refit": true}
{"timestamp": "12:48:02.161009", "frame": 55, "mu": [-1.9902043469875101, 1.421109251714145, 1.1686221410797744], "Sigma": [[0.014734676803828893, 0.01039668973417685, -0.008132719485465397], [0.010396689734176848, 0.013033201389845404, -0.00982458163886318], [-0.008132719485465397, -0.00982458163886318, 0.012210692007590736]], "chi2_level": 0.997, "chi2_df": 3, "chi2_threshold": 13.931422665512084, "N_raw": 32, "N_roi": 32, "N_inlier": 30, "refit": true}
{"timestamp": "12:48:02.323572", "frame": 58, "mu": [-1.7632761251102005, 1.601757005956731, 1.3693607290779537], "Sigma": [[0.028539885603555727, 0.02257893026773542, -0.022247565020197212], [0.02257893026773542, 0.022747947022775238, -0.01819825755735127], [-0.02224756502019721, -0.01819825755735127, 0.018132999684303982]], "chi2_level": 0.997, "chi2_df": 3, "chi2_threshold": 13.931422665512084, "N_raw": 18, "N_roi": 18, "N_inlier": 18, "refit": true}
{"timestamp": "12:48:02.435271", "frame": 60, "mu": [-1.5616078674242766, 1.8767330355823835, 1.374993542078973], "Sigma": [[0.005312184552949256, 0.0017394621644099112, -0.0035205448434308577], [0.0017394621644099112, 0.006713612912473409, -0.00035099102998933636], [-0.0035205448434308577, -0.00035099102998933636, 0.004964222654254992]], "chi2_level": 0.997, "chi2_df": 3, "chi2_threshold": 13.931422665512084, "N_raw": 32, "N_roi": 32, "N_inlier": 31, "refit": true}
{"timestamp": "12:48:02.494161", "frame": 61, "mu": [-1.5572339378169442, 1.8648575292290175, 1.4005039779287254], "Sigma": [[0.009766536566158309, 0.0007800309084250897, -0.009398659391326487], [0.0007800309084250898, 0.007356993688059394, 0.0008126498812620732], [-0.009398659391326487, 0.0008126498812620732, 0.010596570352607717]], "chi2_level": 0.997, "chi2_df": 3, "chi2_threshold": 13.931422665512084, "N_raw": 50, "N_roi": 50, "N_inlier": 46, "refit": true}
{"timestamp": "12:48:02.548389", "frame": 62, "mu": [-1.5340165960374441, 1.9273177685582847, 1.3754308790666172], "Sigma": [[0.007253424085014543, 0.00047287922789575256, -0.0015144684121596542], [0.00047287922789575256, 0.003890753271123924, -0.002288197025943404], [-0.001514468412159654, -0.002288197025943404, 0.005160616255226684]], "chi2_level": 0.997, "chi2_df": 3, "chi2_threshold": 13.931422665512084, "N_raw": 37, "N_roi": 37, "N_inlier": 36, "refit": true}
{"timestamp": "12:48:02.600281", "frame": 63, "mu": [-1.4520972733324067, 2.0326475838544447, 0.8616445212390349], "Sigma": [[0.0007941376571467564, -0.0010655724749518048, 0.002570180097292462], [-0.0010655724749518048, 0.01298136651608432, -0.05160242089130115], [0.0025701800972924614, -0.051602420891301154, 0.5140268911920467]], "chi2_level": 0.997, "chi2_df": 3, "chi2_threshold": 13.931422665512084, "N_raw": 8, "N_roi": 8, "N_inlier": 8, "refit": true}
{"timestamp": "12:48:02.659004", "frame": 64, "mu": [-1.4786799079807036, 2.123471352338014, 1.3203041555198836], "Sigma": [[0.007226614246828398, 0.0017268269389130245, -0.007082534292726439], [0.0017268269389130245, 0.0016465008012143858, 0.002606351267815521], [-0.007082534292726439, 0.002606351267815521, 0.0896355308091604]], "chi2_level": 0.997, "chi2_df": 3, "chi2_threshold": 13.931422665512084, "N_raw": 43, "N_roi": 43, "N_inlier": 42, "refit": true}
{"timestamp": "12:48:02.710154", "frame": 65, "mu": [-1.4485272308134032, 2.084836825675416, 1.4783570966004653], "Sigma": [[0.002569297117519554, -0.0012120023502491103, -0.0017108410427822082], [-0.0012120023502491103, 0.003258268528196109, 0.0003222605592569949], [-0.001710841042782209, 0.00032226055925699466, 0.008342311783457705]], "chi2_level": 0.997, "chi2_df": 3, "chi2_threshold": 13.931422665512084, "N_raw": 11, "N_roi": 11, "N_inlier": 10, "refit": true}
{"timestamp": "12:48:02.774011", "frame": 66, "mu": [-1.4078705249434869, 2.1735906989183107, 1.4268038728858192], "Sigma": [[0.010505231758316512, 0.001139555625694324, -0.01057733990769551], [0.0011395556256943245, 0.008085419477866493, -0.005176695079175803], [-0.01057733990769551, -0.005176695079175803, 0.021510235810855028]], "chi2_level": 0.997, "chi2_df": 3, "chi2_threshold": 13.931422665512084, "N_raw": 70, "N_roi": 70, "N_inlier": 65, "refit": true}
{"timestamp": "12:48:02.827896", "frame": 67, "mu": [-1.3454679622709618, 2.1995860412176955, 1.3972080618310307], "Sigma": [[0.009446390704357571, -0.0026469386725279168, -0.010449998854263984], [-0.0026469386725279168, 0.007769806241870634, 0.0024732505623370695], [-0.010449998854263984, 0.0024732505623370695, 0.01488193832165769]], "chi2_level": 0.997, "chi2_df": 3, "chi2_threshold": 13.931422665512084, "N_raw": 56, "N_roi": 56, "N_inlier": 52, "refit": true}
{"timestamp": "12:48:02.881235", "frame": 68, "mu": [-1.3166917969017742, 2.247054774603962, 1.249254621028632], "Sigma": [[0.010583655784399812, -0.00013599027438534347, -0.008942344623062343], [-0.00013599027438534342, 0.003550906649915163, -0.0012119333238932634], [-0.008942344623062343, -0.0012119333238932637, 0.03758723459568572]], "chi2_level": 0.997, "chi2_df": 3, "chi2_threshold": 13.931422665512084, "N_raw": 56, "N_roi": 56, "N_inlier": 54, "refit": true}
{"timestamp": "12:48:02.933157", "frame": 69, "mu": [-1.259066717981194, 2.2422884412033275, 1.3690203998726238], "Sigma": [[0.008887023150534442, -0.00230189899463165, -0.012796260368773061], [-0.00230189899463165, 0.004544958669701521, 0.004710582604184757], [-0.012796260368773061, 0.004710582604184757, 0.019888178889526847]], "chi2_level": 0.997, "chi2_df": 3, "chi2_threshold": 13.931422665512084, "N_raw": 33, "N_roi": 33, "N_inlier": 32, "refit": true}
{"timestamp": "12:48:02.992962", "frame": 70, "mu": [-1.2047614294439144, 2.2522792076470513, 1.2810470173427966], "Sigma": [[0.009552770624581363, 0.0014261285850825272, -0.006961520280258975], [0.0014261285850825272, 0.005949666192084107, 0.0008655098610837293], [-0.006961520280258975, 0.0008655098610837297, 0.027085539190766884]], "chi2_level": 0.997, "chi2_df": 3, "chi2_threshold": 13.931422665512084, "N_raw": 46, "N_roi": 46, "N_inlier": 44, "refit": true}
{"timestamp": "12:48:03.042976", "frame": 71, "mu": [-1.158969558471783, 2.2850669111293147, 1.0470643185304047], "Sigma": [[0.005202928633628007, -0.0008235999638407744, -0.0004339869079849058], [-0.0008235999638407743, 0.008024062982818197, -0.02022338323902964], [-0.0004339869079849053, -0.02022338323902964, 0.10180956469676941]], "chi2_level": 0.997, "chi2_df": 3, "chi2_threshold": 13.931422665512084, "N_raw": 32, "N_roi": 32, "N_inlier": 31, "refit": true}
{"timestamp": "12:48:03.102452", "frame": 72, "mu": [-1.1515717527462046, 2.295843359169386, 1.1910343064261069], "Sigma": [[0.008980148959609972, 0.00050652658546984, -0.007123594672351989], [0.00050652658546984, 0.0073860032437120275, -0.004077466942110621], [-0.007123594672351989, -0.0040774669421106205, 0.02640695670942373]], "chi2_level": 0.997, "chi2_df": 3, "chi2_threshold": 13.931422665512084, "N_raw": 59, "N_roi": 59, "N_inlier": 56, "refit": true}
{"timestamp": "12:48:03.156792", "frame": 73, "mu": [-1.118485106493086, 2.4740813606709557, 1.1992270546333754], "Sigma": [[0.009006687870726325, 0.008714744832610016, -0.013708155475439559], [0.008714744832610017, 0.04716136136490455, -0.023800053635691487], [-0.013708155475439557, -0.023800053635691487, 0.05863487180597153]], "chi2_level": 0.997, "chi2_df": 3, "chi2_threshold": 13.931422665512084, "N_raw": 63, "N_roi": 63, "N_inlier": 63, "refit": true}
{"timestamp": "12:48:03.209885", "frame": 74, "mu": [-1.0821273432953775, 2.4429233818582423, 1.2497399383317749], "Sigma": [[0.0071230861007931115, 0.007163759532209492, -0.007809635434843174], [0.007163759532209492, 0.03198261893108045, -0.026145315490691864], [-0.007809635434843174, -0.026145315490691858, 0.05179365561689293]], "chi2_level": 0.997, "chi2_df": 3, "chi2_threshold": 13.931422665512084, "N_raw": 37, "N_roi": 37, "N_inlier": 34, "refit": true}
{"timestamp": "12:48:03.263713", "frame": 75, "mu": [-1.0535116890983667, 2.3907684285605177, 1.2652059820664778], "Sigma": [[0.009895674811100728, 0.00167252843824641, -0.007205999649141219], [0.0016725284382464102, 0.004887113061120323, -0.00046688180144112217], [-0.007205999649141219, -0.00046688180144112206, 0.005942086616716015]], "chi2_level": 0.997, "chi2_df": 3, "chi2_threshold": 13.931422665512084, "N_raw": 40, "N_roi": 40, "N_inlier": 40, "refit": true}
{"timestamp": "12:48:03.317456", "frame": 76, "mu": [-1.0352582855225134, 2.3749347006563752, 1.0473203587466509], "Sigma": [[0.008424054068636428, -0.0015064461926386128, -0.007129703345617186], [-0.001506446192638613, 0.0029019666298834733, 0.0009049855405339317], [-0.007129703345617187, 0.0009049855405339317, 0.011462397324104864]], "chi2_level": 0.997, "chi2_df": 3, "chi2_threshold": 13.931422665512084, "N_raw": 34, "N_roi": 34, "N_inlier": 32, "refit": true}
{"timestamp": "12:48:03.371609", "frame": 77, "mu": [-0.9741515757634629, 2.5057479343732236, 1.2938394824350592], "Sigma": [[0.007304409021866684, 0.0015141454423897014, -0.004862368334863965], [0.0015141454423897012, 0.016396847655111714, -0.004546994015699134], [-0.004862368334863965, -0.0045469940156991325, 0.011452164853968936]], "chi2_level": 0.997, "chi2_df": 3, "chi2_threshold": 13.931422665512084, "N_raw": 28, "N_roi": 28, "N_inlier": 27, "refit": true}
{"timestamp": "12:48:03.425704", "frame": 78, "mu": [-0.9025935496948225, 2.500436532892454, 0.9679035570335328], "Sigma": [[0.0026948840741245475, -0.004099829778331411, -0.0051671358016489605], [-0.004099829778331411, 0.024440271071541293, -0.012817594193268852], [-0.0051671358016489605, -0.012817594193268852, 0.13190890828080004]], "chi2_level": 0.997, "chi2_df": 3, "chi2_threshold": 13.931422665512084, "N_raw": 16, "N_roi": 15, "N_inlier": 15, "refit": true}
{"timestamp": "12:48:03.481754", "frame": 79, "mu": [-0.8590506162670799, 2.4818846196178668, 1.0500083822198616], "Sigma": [[0.009093108645365508, 0.0004152544875483631, 0.016730335469144188], [0.0004152544875483629, 0.0025537536965204192, -0.001056357369908681], [0.016730335469144188, -0.0010563573699086813, 0.09277760338592039]], "chi2_level": 0.997, "chi2_df": 3, "chi2_threshold": 13.931422665512084, "N_raw": 26, "N_roi": 26, "N_inlier": 24, "refit": true}
{"timestamp": "12:48:03.546074", "frame": 80, "mu": [-0.9903325197844794, 2.5890116837018997, 0.7331039517832851], "Sigma": [[0.03973387541687008, 0.0008523959899771861, 0.07704616598668183], [0.000852395989977186, 0.004135323638742644, -0.007036263449676531], [0.07704616598668183, -0.007036263449676532, 0.25534365333224657]], "chi2_level": 0.997, "chi2_df": 3, "chi2_threshold": 13.931422665512084, "N_raw": 92, "N_roi": 92, "N_inlier": 91, "refit": true}
{"timestamp": "12:48:03.598093", "frame": 81, "mu": [-0.9561298375812027, 2.61556921125975, 0.6342579110615961], "Sigma": [[0.028919102686669872, 0.0027411982210807915, 0.06903678996619518], [0.0027411982210807915, 0.0019770456927083544, 0.0005128036583051051], [0.06903678996619518, 0.0005128036583051043, 0.30546750144383533]], "chi2_level": 0.997, "chi2_df": 3, "chi2_threshold": 13.931422665512084, "N_raw": 65, "N_roi": 65, "N_inlier": 65, "refit": true}
{"timestamp": "12:48:03.655951", "frame": 82, "mu": [-0.8704177473013757, 2.6629169156660075, 0.8834938786319618], "Sigma": [[0.0325067266991696, 0.006891157186882618, 0.0822061357465135], [0.006891157186882618, 0.006576872205736048, 0.02362366965806256], [0.0822061357465135, 0.023623669658062556, 0.35737425735922274]], "chi2_level": 0.997, "chi2_df": 3, "chi2_threshold": 13.931422665512084, "N_raw": 86, "N_roi": 86, "N_inlier": 86, "refit": true}
{"timestamp": "12:48:03.709960", "frame": 83, "mu": [-0.7527567206443496, 2.740893379061428, 1.1495977680236948], "Sigma": [[0.012404465514316192, -0.0009603224808440374, 0.02699232115736999], [-0.0009603224808440375, 0.008615852148158258, -0.0017758030029712095], [0.02699232115736999, -0.0017758030029712095, 0.23591755887153326]], "chi2_level": 0.997, "chi2_df": 3, "chi2_threshold": 13.931422665512084, "N_raw": 71, "N_roi": 68, "N_inlier": 68, "refit": true}
{"timestamp": "12:48:03.761497", "frame": 84, "mu": [-0.7840526603921902, 2.82722491664836, 1.02469523063042], "Sigma": [[0.020080756356597507, 0.001429526519669076, 0.06314893469023017], [0.001429526519669076, 0.0023355800483128215, 0.004854502898615155], [0.06314893469023017, 0.004854502898615155, 0.36485913306062295]], "chi2_level": 0.997, "chi2_df": 3, "chi2_threshold": 13.931422665512084, "N_raw": 55, "N_roi": 55, "N_inlier": 54, "refit": true}
{"timestamp": "12:48:03.817143", "frame": 85, "mu": [-0.6649831057032933, 2.819228986019902, 1.2524686591791205], "Sigma": [[0.012046421601617731, 0.00017204689621956799, 0.022858233688189865], [0.000172046896219568, 0.005241230938456423, 0.008799713523138696], [0.02285823368818986, 0.008799713523138696, 0.2844235079933613]], "chi2_level": 0.997, "chi2_df": 3, "chi2_threshold": 13.931422665512084, "N_raw": 56, "N_roi": 56, "N_inlier": 56, "refit": true}
{"timestamp": "12:48:03.868204", "frame": 86, "mu": [-0.6625780168251033, 2.7817344533683457, 1.2314368206003237], "Sigma": [[0.005940379545856644, 0.0017381142983833428, 0.01103926841004477], [0.001738114298383343, 0.005176858915122559, 0.009990450199525354], [0.011039268410044772, 0.009990450199525354, 0.22793659068191738]], "chi2_level": 0.997, "chi2_df": 3, "chi2_threshold": 13.931422665512084, "N_raw": 32, "N_roi": 29, "N_inlier": 29, "refit": true}
{"timestamp": "12:48:03.925724", "frame": 87, "mu": [-0.6299633165051288, 2.8255924262722596, 1.1973533142067672], "Sigma": [[0.008979941311816333, -0.0007779197488922522, -0.005733462615860391], [-0.0007779197488922522, 0.00607327084847563, -0.013203402129798413], [-0.00573346261586039, -0.013203402129798411, 0.07658602784359597]], "chi2_level": 0.997, "chi2_df": 3, "chi2_threshold": 13.931422665512084, "N_raw": 50, "N_roi": 47, "N_inlier": 44, "refit": true}
{"timestamp": "12:48:03.986065", "frame": 88, "mu": [-0.5574302910866652, 2.862657795977019, 0.9637326604276344], "Sigma": [[0.015994617324112507, -0.002473419045591585, -0.01929140709456286], [-0.002473419045591585, 0.013920162118202314, 0.05912528473651467], [-0.01929140709456286, 0.05912528473651467, 0.5186019184680402]], "chi2_level": 0.997, "chi2_df": 3, "chi2_threshold": 13.931422665512084, "N_raw": 90, "N_roi": 89, "N_inlier": 89, "refit": true}
{"timestamp": "12:48:04.039644", "frame": 89, "mu": [-0.5358711588924676, 2.953656364153901, 1.2933439263175228], "Sigma": [[0.016613858478114647, 0.001941406045824867, 0.0014728219684476175], [0.001941406045824867, 0.007338699971806538, 0.006603672889093837], [0.0014728219684476175, 0.006603672889093837, 0.1100588861714269]], "chi2_level": 0.997, "chi2_df": 3, "chi2_threshold": 13.931422665512084, "N_raw": 71, "N_roi": 70, "N_inlier": 67, "refit": true}
{"timestamp": "12:48:04.097284", "frame": 90, "mu": [-0.5841825774483864, 3.0112089836251625, 1.1137519798523559], "Sigma": [[0.023696472996503327, -0.003549022744465457, -0.019020654211567498], [-0.0035490227444654565, 0.005803492638969968, 0.001444961434051914], [-0.019020654211567498, 0.001444961434051914, 0.16819868120462653]], "chi2_level": 0.997, "chi2_df": 3, "chi2_threshold": 13.931422665512084, "N_raw": 92, "N_roi": 90, "N_inlier": 88, "refit": true}
{"timestamp": "12:48:04.148896", "frame": 91, "mu": [-0.4878780301367567, 2.794352514648873, 0.8135378412528875], "Sigma": [[0.015619766508233112, -0.0003918205550904769, -0.006906908043706172], [-0.00039182055509047735, 0.4712918411885813, 0.6280579973330837], [-0.006906908043706174, 0.6280579973330835, 0.9992820616193513]], "chi2_level": 0.997, "chi2_df": 3, "chi2_threshold": 13.931422665512084, "N_raw": 67, "N_roi": 67, "N_inlier": 67, "refit": true}
{"timestamp": "12:48:04.205533", "frame": 92, "mu": [-0.4776422231467236, 3.073411306053011, 1.1531346449117026], "Sigma": [[0.016689384313405484, 0.0009470765420609125, 0.006103931453152282], [0.0009470765420609123, 0.004174148267168197, 0.0019174160249393786], [0.006103931453152283, 0.0019174160249393786, 0.1310382561336619]], "chi2_level": 0.997, "chi2_df": 3, "chi2_threshold": 13.931422665512084, "N_raw": 75, "N_roi": 72, "N_inlier": 70, "refit": true}
{"timestamp": "12:48:04.253650", "frame": 93, "mu": [-0.4438929414855512, 3.077703544045685, 0.9924711362966502], "Sigma": [[0.007725563347819576, -0.0007058932855466021, -0.0057122199645160375], [-0.0007058932855466022, 0.00664416726291849, -0.02663061637836967], [-0.0057122199645160375, -0.02663061637836967, 0.4034189468335086]], "chi2_level": 0.997, "chi2_df": 3, "chi2_threshold": 13.931422665512084, "N_raw": 41, "N_roi": 39, "N_inlier": 39, "refit": true}
{"timestamp": "12:48:04.312432", "frame": 94, "mu": [-0.43123044500095187, 3.116273722140245, 0.9379834712367002], "Sigma": [[0.010521145839261017, 5.492041423801094e-05, -0.009232668272589003], [5.492041423801083e-05, 0.00667566690920576, 0.004405851400495984], [-0.009232668272589003, 0.004405851400495982, 0.46523801195842546]], "chi2_level": 0.997, "chi2_df": 3, "chi2_threshold": 13.931422665512084, "N_raw": 69, "N_roi": 69, "N_inlier": 69, "refit": true}
{"timestamp": "12:48:04.367591", "frame": 95, "mu": [-0.3588651576547821, 3.1300061063342324, 1.2800541155076997], "Sigma": [[0.015391575101108005, -0.002045682203356247, -0.0072399336537180255], [-0.0020456822033562473, 0.008456630593541828, 0.00212696034546529], [-0.0072399336537180255, 0.00212696034546529, 0.03158945532723278]], "chi2_level": 0.997, "chi2_df": 3, "chi2_threshold": 13.931422665512084, "N_raw": 62, "N_roi": 62, "N_inlier": 59, "refit": true}
{"timestamp": "12:48:04.422679", "frame": 96, "mu": [-0.2901623164991834, 3.13523279758302, 1.2483342879852426], "Sigma": [[0.017384391058278492, -0.0011108869227623237, -0.014271810750584212], [-0.0011108869227623233, 0.007834031237385224, 0.006858394315248357], [-0.014271810750584214, 0.006858394315248356, 0.025332092707596558]], "chi2_level": 0.997, "chi2_df": 3, "chi2_threshold": 13.931422665512084, "N_raw": 63, "N_roi": 61, "N_inlier": 58, "refit": true}
{"timestamp": "12:48:04.469659", "frame": 97, "mu": [-0.34584219690713, 3.250765068655493, 0.7134625471101947], "Sigma": [[0.0054008280891817825, -0.0018048458498698976, 0.0254535280739124], [-0.0018048458498698978, 0.008555678871667338, -0.00979983468115533], [0.0254535280739124, -0.00979983468115533, 0.3883229514198338]], "chi2_level": 0.997, "chi2_df": 3, "chi2_threshold": 13.931422665512084, "N_raw": 10, "N_roi": 10, "N_inlier": 10, "refit": true}
{"timestamp": "12:48:04.523935", "frame": 98, "mu": [-0.27146527621772215, 3.290259419750938, 0.9792160523826589], "Sigma": [[0.0026104951158222836, 0.002718775606299913, -0.018305309649714253], [0.002718775606299913, 0.012287205744763259, -0.033472603003665016], [-0.018305309649714253, -0.033472603003665016, 0.16854591141882486]], "chi2_level": 0.997, "chi2_df": 3, "chi2_threshold": 13.931422665512084, "N_raw": 8, "N_roi": 8, "N_inlier": 8, "refit": true}
{"timestamp": "12:48:04.588560", "frame": 99, "mu": [-0.2377327925732634, 3.328344286640976, 0.009843158888663987], "Sigma": [[0.017539410729096296, 0.000572837652992696, 0.008338717073306917], [0.000572837652992696, 0.007481726722496446, 0.003934255202208525], [0.008338717073306917, 0.003934255202208525, 0.05007966683484528]], "chi2_level": 0.997, "chi2_df": 3, "chi2_threshold": 13.931422665512084, "N_raw": 67, "N_roi": 67, "N_inlier": 67, "refit": true}
{"timestamp": "12:48:04.709107", "frame": 100, "mu": [-0.1956604833967447, 3.3088479653446043, 1.2861002240971864], "Sigma": [[0.01469525830707878, -0.0018845967687574762, -0.007646482412384725], [-0.0018845967687574766, 0.008673247531336142, 0.0034429968704426843], [-0.007646482412384726, 0.0034429968704426848, 0.008572854772986806]], "chi2_level": 0.997, "chi2_df": 3, "chi2_threshold": 13.931422665512084, "N_raw": 64, "N_roi": 64, "N_inlier": 59, "refit": true}
{"timestamp": "12:48:04.752984", "frame": 101, "mu": [-0.21945082459196824, 3.370360828520426, 1.0471047567705463], "Sigma": [[0.017466179712879767, -0.004312601662647327, 0.015334900470936249], [-0.004312601662647328, 0.005715116832750699, 0.00013080773595781152], [0.015334900470936247, 0.00013080773595781166, 0.17432666146080547]], "chi2_level": 0.997, "chi2_df": 3, "chi2_threshold": 13.931422665512084, "N_raw": 66, "N_roi": 66, "N_inlier": 66, "refit": true}
{"timestamp": "12:48:04.784757", "frame": 102, "mu": [-0.2185626075585815, 3.456397478875929, 1.1447025466063205], "Sigma": [[0.027284790465857293, 0.004423201000844773, 0.052188410915849325], [0.004423201000844773, 0.009040659475736759, 0.0319303245331337], [0.05218841091584933, 0.0319303245331337, 0.3059105429287591]], "chi2_level": 0.997, "chi2_df": 3, "chi2_threshold": 13.931422665512084, "N_raw": 90, "N_roi": 90, "N_inlier": 89, "refit": true}
{"timestamp": "12:48:04.815591", "frame": 103, "mu": [-0.20539925109694002, 3.451694555921347, 0.8989040913856797], "Sigma": [[0.022060321152807164, -0.003013599068761809, 0.04007546065264603], [-0.003013599068761809, 0.00397689308846359, -0.007735549037591114], [0.04007546065264603, -0.007735549037591114, 0.3419729553601832]], "chi2_level": 0.997, "chi2_df": 3, "chi2_threshold": 13.931422665512084, "N_raw": 70, "N_roi": 70, "N_inlier": 70, "refit": true}
{"timestamp": "12:48:04.866095", "frame": 104, "mu": [-0.144400698525449, 3.6078291590730527, 0.023363193663842406], "Sigma": [[0.03080604718962844, -0.01103572724195692, 0.0554033980322083], [-0.011035727241956918, 0.012696176743443699, -0.04667633978999648], [0.0554033980322083, -0.04667633978999648, 0.26830727542792493]], "chi2_level": 0.997, "chi2_df": 3, "chi2_threshold": 13.931422665512084, "N_raw": 80, "N_roi": 80, "N_inlier": 79, "refit": true}
{"timestamp": "12:48:04.915027", "frame": 105, "mu": [0.011577934878694959, 3.5692492605470885, 1.3319154224606808], "Sigma": [[0.016363483637086205, -0.002540835253709737, -0.0007194874470670706], [-0.002540835253709737, 0.002679865329600905, -0.00513250719140643], [-0.0007194874470670705, -0.0051325071914064295, 0.021102220560885454]], "chi2_level": 0.997, "chi2_df": 3, "chi2_threshold": 13.931422665512084, "N_raw": 49, "N_roi": 49, "N_inlier": 49, "refit": true}
{"timestamp": "12:48:04.965932", "frame": 106, "mu": [0.04915348196719251, 3.630230975307798, 1.1808921144618205], "Sigma": [[0.0056669148740959826, -0.003970661082053445, 0.02553447510481656], [-0.003970661082053445, 0.008274345954995781, -0.029545964895480056], [0.02553447510481656, -0.029545964895480056, 0.21919754002757494]], "chi2_level": 0.997, "chi2_df": 3, "chi2_threshold": 13.931422665512084, "N_raw": 14, "N_roi": 14, "N_inlier": 14, "refit": true}
{"timestamp": "12:48:05.024623", "frame": 107, "mu": [0.10986787428367155, 3.590310660874658, 0.4715353626148295], "Sigma": [[0.013254046157956039, 3.5786211590716735e-05, -0.006727393596499489], [3.578621159071652e-05, 0.00570354754731034, -0.0020656681502869536], [-0.006727393596499489, -0.0020656681502869536, 0.023951175810365564]], "chi2_level": 0.997, "chi2_df": 3, "chi2_threshold": 13.931422665512084, "N_raw": 46, "N_roi": 46, "N_inlier": 43, "refit": true}
{"timestamp": "12:48:05.076861", "frame": 108, "mu": [0.07804773205852548, 3.6841568350505636, 1.1450039132832772], "Sigma": [[0.010282579336724542, -0.007920193762836675, 0.030097509569679996], [-0.007920193762836675, 0.010008014197433744, -0.03696903849887609], [0.03009750956968, -0.03696903849887609, 0.19967889727144975]], "chi2_level": 0.997, "chi2_df": 3, "chi2_threshold": 13.931422665512084, "N_raw": 20, "N_roi": 18, "N_inlier": 17, "refit": true}
{"timestamp": "12:48:05.135697", "frame": 109, "mu": [0.1320222706461313, 3.6522787466673536, 1.443039244315725], "Sigma": [[0.016734718889416043, -0.0038161066402834366, -0.002708151228702595], [-0.0038161066402834366, 0.006143777561098367, -0.0027686211648658607], [-0.002708151228702595, -0.0027686211648658603, 0.026101513358080156]], "chi2_level": 0.997, "chi2_df": 3, "chi2_threshold": 13.931422665512084, "N_raw": 53, "N_roi": 53, "N_inlier": 51, "refit": true}
{"timestamp": "12:48:05.184926", "frame": 110, "mu": [0.14971229408360293, 3.6975540289552162, 1.3034495151576186], "Sigma": [[0.005819521419003887, -0.002429518185651577, -0.004395218194128701], [-0.002429518185651577, 0.003586341144201543, -0.0014497448473239647], [-0.004395218194128701, -0.0014497448473239649, 0.010725631355676972]], "chi2_level": 0.997, "chi2_df": 3, "chi2_threshold": 13.931422665512084, "N_raw": 14, "N_roi": 14, "N_inlier": 12, "refit": true}
{"timestamp": "12:48:05.243066", "frame": 111, "mu": [0.07773713513268271, 3.7849346717490295, 1.4203200998386265], "Sigma": [[0.027695633704664373, -0.011129606550529098, 0.009078647038511273], [-0.011129606550529098, 0.007384485004137418, -0.007592076644449318], [0.009078647038511273, -0.007592076644449319, 0.018994839438348808]], "chi2_level": 0.997, "chi2_df": 3, "chi2_threshold": 13.931422665512084, "N_raw": 40, "N_roi": 40, "N_inlier": 40, "refit": true}
{"timestamp": "12:48:05.298558", "frame": 112, "mu": [0.06018929180903917, 3.8676900419615707, 1.4276946552472967], "Sigma": [[0.01459427633810703, -0.004657763380455346, -0.010404074904834172], [-0.004657763380455346, 0.004436791162812655, 0.0008732098789318318], [-0.010404074904834172, 0.0008732098789318323, 0.013957360287973898]], "chi2_level": 0.997, "chi2_df": 3, "chi2_threshold": 13.931422665512084, "N_raw": 37, "N_roi": 36, "N_inlier": 34, "refit": true}
{"timestamp": "12:48:05.351050", "frame": 113, "mu": [0.21412868063643736, 3.797899181261397, 1.414178567190855], "Sigma": [[0.011958711441356422, -0.005700777464017046, 0.003998141166422364], [-0.005700777464017045, 0.005472372775780423, -0.0052687954156318195], [0.003998141166422364, -0.0052687954156318195, 0.00945526483750468]], "chi2_level": 0.997, "chi2_df": 3, "chi2_threshold": 13.931422665512084, "N_raw": 21, "N_roi": 21, "N_inlier": 21, "refit": true}
{"timestamp": "12:48:05.403766", "frame": 114, "mu": [0.1343018004128917, 3.90692641503405, 1.4026766232531678], "Sigma": [[0.005999291622534031, -0.003518306743732361, 0.0005616944506267515], [-0.0035183067437323614, 0.005069674343313882, -0.0007907546189413193], [0.0005616944506267515, -0.0007907546189413193, 0.0001244168021561569]], "chi2_level": 0.997, "chi2_df": 3, "chi2_threshold": 13.931422665512084, "N_raw": 15, "N_roi": 15, "N_inlier": 15, "refit": true}
{"timestamp": "12:48:05.461480", "frame": 115, "mu": [0.3225831574350973, 3.8567258269570575, 1.4794002311298375], "Sigma": [[0.010968209235709696, -0.003645242458206505, -0.00328590787060018], [-0.003645242458206505, 0.005084340883376942, 0.0008507406704981543], [-0.00328590787060018, 0.0008507406704981544, 0.005484956803933227]], "chi2_level": 0.997, "chi2_df": 3, "chi2_threshold": 13.931422665512084, "N_raw": 23, "N_roi": 23, "N_inlier": 23, "refit": true}
{"timestamp": "12:48:05.517568", "frame": 116, "mu": [0.30616927859390425, 3.911440861818164, 1.3517905799024303], "Sigma": [[0.015241884818766227, -0.004485834332222032, -0.0046570438954512084], [-0.004485834332222032, 0.0038348233128851854, 0.0002768864341084978], [-0.0046570438954512084, 0.0002768864341084975, 0.006779830712661312]], "chi2_level": 0.997, "chi2_df": 3, "chi2_threshold": 13.931422665512084, "N_raw": 34, "N_roi": 34, "N_inlier": 33, "refit": true}
{"timestamp": "12:48:05.570978", "frame": 117, "mu": [0.25873942254036564, 3.9662762019209703, 0.8993788675529296], "Sigma": [[0.013903066102685374, -0.002522016658566336, 0.016258263874172677], [-0.002522016658566336, 0.004718580779254039, -0.01292770280721058], [0.016258263874172674, -0.01292770280721058, 0.17073918779656247]], "chi2_level": 0.997, "chi2_df": 3, "chi2_threshold": 13.931422665512084, "N_raw": 16, "N_roi": 16, "N_inlier": 16, "refit": true}
{"timestamp": "12:48:05.623014", "frame": 118, "mu": [0.3353271634917778, 4.07246525037126, 1.292603544722285], "Sigma": [[0.005360992600859097, -0.004343185518399433, -0.0027030614483593016], [-0.004343185518399433, 0.0075472081894691545, -0.007299764844541805], [-0.0027030614483593016, -0.007299764844541805, 0.14877585657836892]], "chi2_level": 0.997, "chi2_df": 3, "chi2_threshold": 13.931422665512084, "N_raw": 7, "N_roi": 7, "N_inlier": 7, "refit": true}
{"timestamp": "12:48:05.682864", "frame": 119, "mu": [0.4026510277640313, 4.077917905140701, 0.5481596837310104], "Sigma": [[0.013287939208982745, -0.002122379726320245, -0.0119060929241861], [-0.002122379726320245, 0.004676964022972531, 0.006137804241740577], [-0.0119060929241861, 0.006137804241740577, 0.018395847437322168]], "chi2_level": 0.997, "chi2_df": 3, "chi2_threshold": 13.931422665512084, "N_raw": 41, "N_roi": 41, "N_inlier": 39, "refit": true}
{"timestamp": "12:48:05.736004", "frame": 120, "mu": [0.40549405709971365, 4.085828686699931, 1.1475936320155873], "Sigma": [[0.007527660034444433, -0.0021761442240195716, -0.0005390683138854616], [-0.0021761442240195716, 0.003916836233557549, -0.00591187145507098], [-0.0005390683138854616, -0.00591187145507098, 0.02677851580678105]], "chi2_level": 0.997, "chi2_df": 3, "chi2_threshold": 13.931422665512084, "N_raw": 16, "N_roi": 15, "N_inlier": 15, "refit": true}
{"timestamp": "12:48:05.795283", "frame": 121, "mu": [0.4165756517306814, 4.187780021091704, 1.6878057305142202], "Sigma": [[0.01963150914209585, -0.0017538815397525733, -0.012277199355813895], [-0.0017538815397525733, 0.005701653539531512, 0.005537692857655119], [-0.012277199355813895, 0.005537692857655119, 0.038101599682653434]], "chi2_level": 0.997, "chi2_df": 3, "chi2_threshold": 13.931422665512084, "N_raw": 46, "N_roi": 46, "N_inlier": 44, "refit": true}
{"timestamp": "12:48:05.848986", "frame": 122, "mu": [0.46390054893827637, 4.246164361749448, 1.6441562082412857], "Sigma": [[0.021087125800602388, -0.0028396400779878194, -0.013167657011116331], [-0.00283964007798782, 0.0032096833266303353, 0.0016300212252031258], [-0.013167657011116333, 0.0016300212252031258, 0.01987024315112408]], "chi2_level": 0.997, "chi2_df": 3, "chi2_threshold": 13.931422665512084, "N_raw": 39, "N_roi": 39, "N_inlier": 37, "refit": true}
{"timestamp": "12:48:05.908273", "frame": 123, "mu": [0.5168467035219592, 4.158299119088283, 0.6482101984373857], "Sigma": [[0.025284073505743986, -0.006788507994823284, -0.020046755251657576], [-0.006788507994823284, 0.006343985160441737, 0.011702767113476086], [-0.020046755251657576, 0.011702767113476086, 0.03411821236926988]], "chi2_level": 0.997, "chi2_df": 3, "chi2_threshold": 13.931422665512084, "N_raw": 60, "N_roi": 60, "N_inlier": 57, "refit": true}
{"timestamp": "12:48:05.958759", "frame": 124, "mu": [0.5587394915264755, 4.170827505169951, 1.147449585293122], "Sigma": [[0.015031003361620254, -0.005704180469312649, 0.02155587379765478], [-0.005704180469312649, 0.0054967017915634265, -0.013763003875098951], [0.02155587379765478, -0.013763003875098951, 0.13430849610881126]], "chi2_level": 0.997, "chi2_df": 3, "chi2_threshold": 13.931422665512084, "N_raw": 37, "N_roi": 37, "N_inlier": 37, "refit": true}
