{"timestamp": "12:11:08.189547", "frame": 1, "mu": [1.2111143228196053, 2.119647226511657, -0.47177243333154517], "Sigma": [[0.013433108974987182, 0.004165847328669136, 0.007000441829048838], [0.004165847328669136, 0.00633160623426617, -0.0015381206379128508], [0.007000441829048838, -0.0015381206379128506, 0.056424418846982294]], "chi2_level": 0.997, "chi2_df": 3, "chi2_threshold": 13.931422665512084, "N_raw": 69, "N_roi": 69, "N_inlier": 68, "refit": true}
{"timestamp": "12:11:08.248468", "frame": 2, "mu": [1.2357400984282159, 2.0851564072933306, 1.3390131385635446], "Sigma": [[0.019613341582578166, -0.003067840684476921, -0.017722865233376045], [-0.003067840684476921, 0.0069521394765549435, -0.002630818034488418], [-0.01772286523337605, -0.002630818034488418, 0.023792814703570475]], "chi2_level": 0.997, "chi2_df": 3, "chi2_threshold": 13.931422665512084, "N_raw": 96, "N_roi": 95, "N_inlier": 93, "refit": true}
{"timestamp": "12:11:08.306850", "frame": 3, "mu": [1.2438710984531227, 2.085856673170988, 1.2507915609212015], "Sigma": [[0.014548486826147688, -0.0019503088160143431, -0.023215885610185855], [-0.0019503088160143431, 0.006995858635328631, -0.003867578899984423], [-0.023215885610185855, -0.0038675788999844233, 0.08682863336352946]], "chi2_level": 0.997, "chi2_df": 3, "chi2_threshold": 13.931422665512084, "N_raw": 103, "N_roi": 103, "N_inlier": 102, "refit": true}
{"timestamp": "12:11:08.363216", "frame": 4, "mu": [1.2565091080868216, 2.164026287251402, -0.28805768196443415], "Sigma": [[0.01695847113105283, -0.0006288829888166721, -0.03505550978404762], [-0.0006288829888166721, 0.01435343257787224, 0.0017188205687241175], [-0.03505550978404762, 0.0017188205687241167, 0.13483367979571065]], "chi2_level": 0.997, "chi2_df": 3, "chi2_threshold": 13.931422665512084, "N_raw": 104, "N_roi": 104, "N_inlier": 104, "refit": true}
{"timestamp": "12:11:08.418404", "frame": 5, "mu": [1.2857707027560377, 2.032092119560399, 1.189869325703114], "Sigma": [[0.01750740759563893, -0.005713629071252911, -0.029483187890201837], [-0.005713629071252911, 0.005807365975033281, 0.010328064875036517], [-0.029483187890201837, 0.010328064875036517, 0.12301838769773643]], "chi2_level": 0.997, "chi2_df": 3, "chi2_threshold": 13.931422665512084, "N_raw": 104, "N_roi": 104, "N_inlier": 101, "refit": true}
{"timestamp": "12:11:08.472806", "frame": 6, "mu": [1.2492422661240299, 2.154484890761084, -0.19623680941270494], "Sigma": [[0.017052824916630405, 0.0034101309622939164, -0.024196717564790034], [0.0034101309622939164, 0.05496134945900854, 0.02565834646518154], [-0.024196717564790034, 0.02565834646518154, 0.09016036183595934]], "chi2_level": 0.997, "chi2_df": 3, "chi2_threshold": 13.931422665512084, "N_raw": 102, "N_roi": 102, "N_inlier": 100, "refit": true}
{"timestamp": "12:11:08.517763", "frame": 7, "mu": [1.2798345278241365, 2.0663515337825107, 0.8684810427160146], "Sigma": [[0.007099578967838162, -0.003417709314096535, -0.007170844773517225], [-0.0034177093140965354, 0.003642339127060739, -0.0030650754680919623], [-0.007170844773517225, -0.0030650754680919623, 0.05767626012088958]], "chi2_level": 0.997, "chi2_df": 3, "chi2_threshold": 13.931422665512084, "N_raw": 33, "N_roi": 33, "N_inlier": 32, "refit": true}
{"timestamp": "12:11:08.572831", "frame": 8, "mu": [1.293599212069255, 2.0444677621252025, 1.2351433010398567], "Sigma": [[0.006874322236112821, -0.00290037252736552, -0.006317940044191707], [-0.00290037252736552, 0.003197344761135439, -0.0012993225248847404], [-0.006317940044191707, -0.0012993225248847406, 0.015608247012944346]], "chi2_level": 0.997, "chi2_df": 3, "chi2_threshold": 13.931422665512084, "N_raw": 42, "N_roi": 42, "N_inlier": 38, "refit": true}
{"timestamp": "12:11:08.637231", "frame": 9, "mu": [1.2159757570331486, 1.9944012414868308, 1.3563961717337474], "Sigma": [[0.014050819738499072, -0.003235441992718931, -0.013604179018625668], [-0.003235441992718931, 0.0056998936528539984, -0.002795906903192413], [-0.013604179018625668, -0.002795906903192413, 0.025686323938994438]], "chi2_level": 0.997, "chi2_df": 3, "chi2_threshold": 13.931422665512084, "N_raw": 85, "N_roi": 85, "N_inlier": 82, "refit": true}
{"timestamp": "12:11:08.688075", "frame": 10, "mu": [1.2757450946279465, 2.10827935055359, -0.11012038877497471], "Sigma": [[0.01187550257119696, -0.0028059625181181373, 0.016436212957830945], [-0.0028059625181181365, 0.013768529821586875, -0.04844401245558573], [0.01643621295783095, -0.04844401245558573, 0.2644136232643756]], "chi2_level": 0.997, "chi2_df": 3, "chi2_threshold": 13.931422665512084, "N_raw": 80, "N_roi": 80, "N_inlier": 80, "refit": true}
{"timestamp": "12:11:08.746289", "frame": 11, "mu": [1.2955419909086594, 1.929661030545683, 1.12431062001214], "Sigma": [[0.014202798629951446, -0.00579905572157589, -0.021182910560687548], [-0.00579905572157589, 0.006191325611522278, 0.004841496094997096], [-0.02118291056068755, 0.004841496094997095, 0.07645682505421017]], "chi2_level": 0.997, "chi2_df": 3, "chi2_threshold": 13.931422665512084, "N_raw": 96, "N_roi": 96, "N_inlier": 93, "refit": true}
{"timestamp": "12:11:08.794929", "frame": 12, "mu": [1.27006511465817, 1.9507476974139362, 1.312343552557658], "Sigma": [[0.00889606255347428, -0.0045978652314146926, -0.0033447704673181446], [-0.0045978652314146926, 0.006784683041487552, -0.0015906926633180605], [-0.0033447704673181438, -0.0015906926633180605, 0.008314231004282463]], "chi2_level": 0.997, "chi2_df": 3, "chi2_threshold": 13.931422665512084, "N_raw": 59, "N_roi": 59, "N_inlier": 54, "refit": true}
{"timestamp": "12:11:08.854765", "frame": 13, "mu": [1.3076461666617316, 1.9311206153523561, 1.1225189835320528], "Sigma": [[0.008969813471900961, -0.004859463965961525, -0.010672642507689999], [-0.004859463965961526, 0.008989085218273565, 0.008823379077123076], [-0.010672642507689999, 0.008823379077123076, 0.0808949416295047]], "chi2_level": 0.997, "chi2_df": 3, "chi2_threshold": 13.931422665512084, "N_raw": 71, "N_roi": 71, "N_inlier": 70, "refit": true}
{"timestamp": "12:11:08.907717", "frame": 14, "mu": [1.2690403509087962, 1.928457767022737, 1.2501713584659397], "Sigma": [[0.01051688133178096, -0.003720923170760909, -0.009037072371312927], [-0.00372092317076091, 0.00809865142373297, -2.6399839534766117e-05], [-0.009037072371312925, -2.6399839534766226e-05, 0.030389612957706938]], "chi2_level": 0.997, "chi2_df": 3, "chi2_threshold": 13.931422665512084, "N_raw": 75, "N_roi": 75, "N_inlier": 73, "refit": true}
{"timestamp": "12:11:08.960221", "frame": 15, "mu": [1.284292798845136, 1.9230157143412245, 1.2300182257827075], "Sigma": [[0.011726138110400445, -0.006830490724565454, -0.012023542545749246], [-0.006830490724565454, 0.008445849047032125, 0.007039043732838003], [-0.012023542545749246, 0.007039043732838004, 0.032620557860074756]], "chi2_level": 0.997, "chi2_df": 3, "chi2_threshold": 13.931422665512084, "N_raw": 63, "N_roi": 63, "N_inlier": 59, "refit": true}
{"timestamp": "12:11:09.018725", "frame": 16, "mu": [1.2302090122834337, 1.8915895748455105, 1.2273962127414855], "Sigma": [[0.0076814904535531655, -0.002899929995954423, -0.006591355216053943], [-0.002899929995954423, 0.007299498507091239, -0.0034131092999868727], [-0.006591355216053944, -0.003413109299986873, 0.1290265660148178]], "chi2_level": 0.997, "chi2_df": 3, "chi2_threshold": 13.931422665512084, "N_raw": 86, "N_roi": 86, "N_inlier": 84, "refit": true}
{"timestamp": "12:11:09.070826", "frame": 17, "mu": [1.323035605507254, 1.797161273554338, 1.1129463519182856], "Sigma": [[0.010822105711994259, -0.004370837193130713, -0.021287628481020376], [-0.004370837193130713, 0.0062921830654883585, 0.011566119032813502], [-0.021287628481020372, 0.011566119032813502, 0.1100849339901376]], "chi2_level": 0.997, "chi2_df": 3, "chi2_threshold": 13.931422665512084, "N_raw": 58, "N_roi": 58, "N_inlier": 56, "refit": true}
{"timestamp": "12:11:09.126854", "frame": 18, "mu": [1.2545582960114445, 1.810212647959592, 1.3046833154574828], "Sigma": [[0.01152865063492471, -0.0015013941715504868, -0.011867110634858642], [-0.0015013941715504868, 0.005104089744575775, -0.0036495155554138537], [-0.011867110634858642, -0.0036495155554138537, 0.026319589206025396]], "chi2_level": 0.997, "chi2_df": 3, "chi2_threshold": 13.931422665512084, "N_raw": 73, "N_roi": 73, "N_inlier": 71, "refit": true}
{"timestamp": "12:11:09.179293", "frame": 19, "mu": [1.3033407305111389, 1.7581398881131873, 1.051476180616719], "Sigma": [[0.009299529134496696, -0.007076467902684494, 0.0018245479300725792], [-0.007076467902684494, 0.00824936250342242, -0.007902158781013156], [0.001824547930072579, -0.007902158781013156, 0.052574065385984435]], "chi2_level": 0.997, "chi2_df": 3, "chi2_threshold": 13.931422665512084, "N_raw": 57, "N_roi": 57, "N_inlier": 53, "refit": true}
{"timestamp": "12:11:09.237781", "frame": 20, "mu": [1.2442562691578767, 1.7021941109207057, 1.1377485978040274], "Sigma": [[0.022531383254429608, -0.02130440408516924, -0.0326102780226962], [-0.02130440408516924, 0.03041868509327071, 0.010197524604005708], [-0.0326102780226962, 0.010197524604005708, 0.12596886208367156]], "chi2_level": 0.997, "chi2_df": 3, "chi2_threshold": 13.931422665512084, "N_raw": 78, "N_roi": 78, "N_inlier": 78, "refit": true}
{"timestamp": "12:11:09.295853", "frame": 21, "mu": [1.2837363210804442, 1.6286301576854385, 1.0519352343348434], "Sigma": [[0.02277348776700861, -0.022140542077261002, -0.03183577803652657], [-0.022140542077261002, 0.033891685701053276, 0.014487260005054783], [-0.03183577803652657, 0.014487260005054783, 0.09445406705604975]], "chi2_level": 0.997, "chi2_df": 3, "chi2_threshold": 13.931422665512084, "N_raw": 90, "N_roi": 90, "N_inlier": 88, "refit": true}
{"timestamp": "12:11:09.347935", "frame": 22, "mu": [1.1930805512876905, 1.675770596037586, 1.2948321435647996], "Sigma": [[0.017091609782970675, -0.0061471574583857845, -0.023780219671255393], [-0.0061471574583857845, 0.008159185346322324, 0.007556068938008513], [-0.023780219671255393, 0.007556068938008512, 0.043809448903250704]], "chi2_level": 0.997, "chi2_df": 3, "chi2_threshold": 13.931422665512084, "N_raw": 79, "N_roi": 79, "N_inlier": 76, "refit": true}
{"timestamp": "12:11:09.402288", "frame": 23, "mu": [1.1726363906653785, 1.6735193441487473, 1.332593503913378], "Sigma": [[0.013728423181943764, -0.005153447023008073, -0.016775116973591846], [-0.005153447023008073, 0.006704949929434852, 0.004832867121135101], [-0.016775116973591846, 0.004832867121135101, 0.029919056082999513]], "chi2_level": 0.997, "chi2_df": 3, "chi2_threshold": 13.931422665512084, "N_raw": 68, "N_roi": 68, "N_inlier": 64, "refit": true}
{"timestamp": "12:11:09.458951", "frame": 24, "mu": [1.1714448869519203, 1.620290595873682, 1.1078878152460607], "Sigma": [[0.011793811906769711, -0.00583006877095708, -0.00829182851248064], [-0.00583006877095708, 0.007402182888458395, 0.0008691602656522523], [-0.00829182851248064, 0.0008691602656522523, 0.08553354092914404]], "chi2_level": 0.997, "chi2_df": 3, "chi2_threshold": 13.931422665512084, "N_raw": 86, "N_roi": 86, "N_inlier": 86, "refit": true}
{"timestamp": "12:11:09.514674", "frame": 25, "mu": [1.160483006171497, 1.5501259042563744, 1.0113869035029448], "Sigma": [[0.017162336569246088, -0.009478864908785968, -0.034001000649893094], [-0.009478864908785968, 0.008749362941728633, 0.01904707768484325], [-0.034001000649893094, 0.019047077684843247, 0.09555184166136341]], "chi2_level": 0.997, "chi2_df": 3, "chi2_threshold": 13.931422665512084, "N_raw": 84, "N_roi": 83, "N_inlier": 82, "refit": true}
{"timestamp": "12:11:09.565590", "frame": 26, "mu": [1.2092368404515188, 1.6334115966381144, -0.7051305267516894], "Sigma": [[0.006156171932841376, 0.0009585567127630955, 0.0027533937345911126], [0.0009585567127630952, 0.008945878686636847, 0.009921499125998828], [0.002753393734591113, 0.009921499125998828, 0.06044746870208797]], "chi2_level": 0.997, "chi2_df": 3, "chi2_threshold": 13.931422665512084, "N_raw": 55, "N_roi": 55, "N_inlier": 55, "refit": true}
{"timestamp": "12:11:09.626457", "frame": 27, "mu": [1.1319898673948816, 1.5001311874126435, 1.0120103685012076], "Sigma": [[0.009160453708555685, -0.00589926713762201, -0.006206067296380241], [-0.005899267137622011, 0.006927001100586983, -0.0002627679829995673], [-0.006206067296380241, -0.0002627679829995676, 0.055408504733502215]], "chi2_level": 0.997, "chi2_df": 3, "chi2_threshold": 13.931422665512084, "N_raw": 98, "N_roi": 98, "N_inlier": 97, "refit": true}
{"timestamp": "12:11:09.676078", "frame": 28, "mu": [1.0645880398131349, 1.5201608122164585, 1.1803880408217473], "Sigma": [[0.009356012796349763, -0.005038207166103635, -0.011467588931080045], [-0.005038207166103635, 0.005241012474623324, 0.002728136424865534], [-0.011467588931080045, 0.002728136424865534, 0.026000843333740486]], "chi2_level": 0.997, "chi2_df": 3, "chi2_threshold": 13.931422665512084, "N_raw": 61, "N_roi": 61, "N_inlier": 60, "refit": true}
{"timestamp": "12:11:09.734953", "frame": 29, "mu": [1.0786830111172552, 1.4813122738641615, 1.0537233096018748], "Sigma": [[0.009280915391291845, -0.007182990038921177, -0.016243354734721917], [-0.007182990038921177, 0.0074339694675255785, 0.012277001246679988], [-0.016243354734721913, 0.012277001246679988, 0.08318067707302407]], "chi2_level": 0.997, "chi2_df": 3, "chi2_threshold": 13.931422665512084, "N_raw": 94, "N_roi": 94, "N_inlier": 92, "refit": true}
{"timestamp": "12:11:09.792278", "frame": 30, "mu": [0.9882400213584547, 1.696807417353201, 0.01824128913729631], "Sigma": [[0.011617294947295256, -0.021729486581315568, 0.0721357951535587], [-0.021729486581315564, 0.05640289628117992, -0.18485848192017565], [0.07213579515355868, -0.18485848192017565, 0.7076427363036081]], "chi2_level": 0.997, "chi2_df": 3, "chi2_threshold": 13.931422665512084, "N_raw": 105, "N_roi": 105, "N_inlier": 100, "refit": true}
{"timestamp": "12:11:09.850950", "frame": 31, "mu": [0.9201501453571221, 1.546033490880017, 1.1282573487368062], "Sigma": [[0.01628096151503422, -0.013604859551061206, -0.0024798738423370313], [-0.013604859551061207, 0.02181042396376321, -0.016641272413915532], [-0.0024798738423370313, -0.016641272413915532, 0.05899333219570509]], "chi2_level": 0.997, "chi2_df": 3, "chi2_threshold": 13.931422665512084, "N_raw": 126, "N_roi": 126, "N_inlier": 123, "refit": true}
{"timestamp": "12:11:09.904416", "frame": 32, "mu": [0.8666165822005827, 1.555542207031682, -0.1942394516730172], "Sigma": [[0.023346000624182954, -0.017626706988894354, 0.13206912982572042], [-0.017626706988894354, 0.017977631863234964, -0.13009409180341755], [0.13206912982572042, -0.13009409180341755, 1.205163545109065]], "chi2_level": 0.997, "chi2_df": 3, "chi2_threshold": 13.931422665512084, "N_raw": 110, "N_roi": 110, "N_inlier": 105, "refit": true}
{"timestamp": "12:11:09.960180", "frame": 33, "mu": [0.8249341905792416, 1.5290221147671994, 1.1970805468857417], "Sigma": [[0.011762720393781475, -0.005437146265681821, 0.001611070139375541], [-0.005437146265681821, 0.010438621511685325, -0.01652187000456057], [0.0016110701393755417, -0.01652187000456057, 0.07570725824951688]], "chi2_level": 0.997, "chi2_df": 3, "chi2_threshold": 13.931422665512084, "N_raw": 118, "N_roi": 118, "N_inlier": 116, "refit": true}
{"timestamp": "12:11:10.010437", "frame": 34, "mu": [0.864021701189673, 1.4079153200389192, 1.2870005724525935], "Sigma": [[0.016697880829010508, -0.007207398748137399, -0.018238360704795113], [-0.0072073987481373995, 0.006441666198317523, 0.006812582066779706], [-0.018238360704795113, 0.006812582066779706, 0.026228995689616473]], "chi2_level": 0.997, "chi2_df": 3, "chi2_threshold": 13.931422665512084, "N_raw": 91, "N_roi": 91, "N_inlier": 89, "refit": true}
{"timestamp": "12:11:10.070881", "frame": 35, "mu": [0.783031249050245, 1.5196158738693464, 0.4328697310040601], "Sigma": [[0.015330186938996175, -0.017219773218534448, 0.06937014205049531], [-0.017219773218534448, 0.03925955657993184, -0.13767578331326819], [0.06937014205049533, -0.13767578331326819, 0.6331206473475461]], "chi2_level": 0.997, "chi2_df": 3, "chi2_threshold": 13.931422665512084, "N_raw": 126, "N_roi": 126, "N_inlier": 121, "refit": true}
{"timestamp": "12:11:10.125046", "frame": 36, "mu": [0.7239688327992251, 1.5010879056443307, 1.154820191809207], "Sigma": [[0.013262122980522434, -0.010360042228486504, 0.009073232275843137], [-0.010360042228486504, 0.01715811827469215, -0.02755258701345555], [0.009073232275843137, -0.027552587013455553, 0.07412573938249631]], "chi2_level": 0.997, "chi2_df": 3, "chi2_threshold": 13.931422665512084, "N_raw": 112, "N_roi": 112, "N_inlier": 109, "refit": true}
{"timestamp": "12:11:10.179395", "frame": 37, "mu": [0.7045202517999948, 1.4467517843315565, 1.0625292286990573], "Sigma": [[0.015932000642781628, -0.014584703694164406, 0.010214282832671576], [-0.014584703694164406, 0.023544218337607208, -0.03113539716154895], [0.010214282832671576, -0.03113539716154895, 0.06728563900316267]], "chi2_level": 0.997, "chi2_df": 3, "chi2_threshold": 13.931422665512084, "N_raw": 116, "N_roi": 116, "N_inlier": 113, "refit": true}
{"timestamp": "12:11:10.232465", "frame": 38, "mu": [0.6524982026254077, 1.4481993368399446, 1.1396063235196026], "Sigma": [[0.00915556048686648, -0.007813735655215663, 0.007474709353751979], [-0.007813735655215663, 0.01665621085814384, -0.027379965954465263], [0.007474709353751978, -0.027379965954465263, 0.07097798854988989]], "chi2_level": 0.997, "chi2_df": 3, "chi2_threshold": 13.931422665512084, "N_raw": 103, "N_roi": 103, "N_inlier": 97, "refit": true}
{"timestamp": "12:11:10.283984", "frame": 39, "mu": [0.623309854065071, 1.3111628642448518, 1.2575710498354222], "Sigma": [[0.006916779575045943, -0.0031677967013484295, -0.009219381113409239], [-0.0031677967013484295, 0.0034726190899074666, 0.0013954676748969947], [-0.009219381113409237, 0.0013954676748969947, 0.02132773668930494]], "chi2_level": 0.997, "chi2_df": 3, "chi2_threshold": 13.931422665512084, "N_raw": 79, "N_roi": 79, "N_inlier": 73, "refit": true}
{"timestamp": "12:11:10.334868", "frame": 40, "mu": [0.523863856003378, 1.3222299568446854, 1.2442440165590967], "Sigma": [[0.005735867823020233, -0.0034942018748754123, -0.009129112126828147], [-0.0034942018748754123, 0.003529227232180657, 0.004495821721592097], [-0.009129112126828147, 0.004495821721592097, 0.025606008957364167]], "chi2_level": 0.997, "chi2_df": 3, "chi2_threshold": 13.931422665512084, "N_raw": 53, "N_roi": 53, "N_inlier": 49, "refit": true}
{"timestamp": "12:11:10.389374", "frame": 41, "mu": [0.6061154209812875, 1.2661497401679973, 1.277113879301325], "Sigma": [[0.0063873938526442945, -0.0032046871536032654, -0.006114563603935283], [-0.003204687153603266, 0.003932223466690972, 0.0025146319607252153], [-0.006114563603935282, 0.0025146319607252153, 0.012688483956214894]], "chi2_level": 0.997, "chi2_df": 3, "chi2_threshold": 13.931422665512084, "N_raw": 52, "N_roi": 52, "N_inlier": 47, "refit": true}
{"timestamp": "12:11:10.448438", "frame": 42, "mu": [0.46578895911520596, 1.2995966005220028, 1.3710783879900579], "Sigma": [[0.006156536201789965, -0.0009477569749340676, -0.007045100368579169], [-0.0009477569749340676, 0.004442125996171353, -0.0010813616879781743], [-0.007045100368579169, -0.0010813616879781747, 0.014207152372774036]], "chi2_level": 0.997, "chi2_df": 3, "chi2_threshold": 13.931422665512084, "N_raw": 79, "N_roi": 79, "N_inlier": 76, "refit": true}
{"timestamp": "12:11:10.508163", "frame": 43, "mu": [0.43662331064812054, 1.2453422232118478, 1.358572990548113], "Sigma": [[0.012128493922340952, -0.010141850361630237, -0.014230657899279055], [-0.010141850361630237, 0.012870310758612382, 0.009719600776909733], [-0.014230657899279055, 0.009719600776909733, 0.01853418602660193]], "chi2_level": 0.997, "chi2_df": 3, "chi2_threshold": 13.931422665512084, "N_raw": 106, "N_roi": 106, "N_inlier": 102, "refit": true}
{"timestamp": "12:11:10.561705", "frame": 44, "mu": [0.4655486203574071, 1.2311858361330819, 1.2246491700393303], "Sigma": [[0.006752036360334002, -0.005444934257061601, -0.005482770811158472], [-0.005444934257061601, 0.011074199386602456, 0.0004867570784339874], [-0.005482770811158472, 0.00048675707843398727, 0.06273238241001866]], "chi2_level": 0.997, "chi2_df": 3, "chi2_threshold": 13.931422665512084, "N_raw": 96, "N_roi": 96, "N_inlier": 91, "refit": true}
{"timestamp": "12:11:10.618422", "frame": 45, "mu": [0.42861790128918303, 1.1951716786279716, 1.2676107676350514], "Sigma": [[0.006411314044947577, -0.004216746086588273, -0.012291506394810709], [-0.004216746086588273, 0.014886162639852788, 0.010612162055335815], [-0.01229150639481071, 0.010612162055335815, 0.039547064368032445]], "chi2_level": 0.997, "chi2_df": 3, "chi2_threshold": 13.931422665512084, "N_raw": 111, "N_roi": 111, "N_inlier": 105, "refit": true}
{"timestamp": "12:11:10.666319", "frame": 46, "mu": [0.34290058161230935, 1.169757129193602, 1.1313397078535932], "Sigma": [[0.003945666588885217, -0.0012805229665569474, -0.011185269530908601], [-0.0012805229665569474, 0.0010478254730708055, 0.004349808368601243], [-0.011185269530908603, 0.004349808368601243, 0.1529036096200421]], "chi2_level": 0.997, "chi2_df": 3, "chi2_threshold": 13.931422665512084, "N_raw": 51, "N_roi": 51, "N_inlier": 47, "refit": true}
{"timestamp": "12:11:10.728182", "frame": 47, "mu": [0.2342375217785349, 1.1583175564239452, 1.2168743717644175], "Sigma": [[0.030970033270763725, 0.008549018823816795, 0.014170718115926902], [0.008549018823816796, 0.011999171404796716, 0.01772060401557558], [0.014170718115926902, 0.01772060401557558, 0.07048099902256254]], "chi2_level": 0.997, "chi2_df": 3, "chi2_threshold": 13.931422665512084, "N_raw": 110, "N_roi": 110, "N_inlier": 107, "refit": true}
{"timestamp": "12:11:10.775473", "frame": 48, "mu": [0.2601095683698944, 1.164165649893436, 1.2736441149369413], "Sigma": [[0.009806916304009669, -0.0003152580055198671, 0.019479468296855828], [-0.0003152580055198672, 0.007358766516561889, 0.0009035016465915372], [0.019479468296855824, 0.0009035016465915367, 0.13247342089849182]], "chi2_level": 0.997, "chi2_df": 3, "chi2_threshold": 13.931422665512084, "N_raw": 58, "N_roi": 58, "N_inlier": 57, "refit": true}
{"timestamp": "12:11:10.830109", "frame": 49, "mu": [0.252664909461626, 1.213348744552335, 1.0733102105785999], "Sigma": [[0.0031895912928071772, -0.0018839187734367127, -0.00876753059383181], [-0.0018839187734367123, 0.008091118014376458, 0.026277468016571732], [-0.00876753059383181, 0.026277468016571732, 0.12902419650884484]], "chi2_level": 0.997, "chi2_df": 3, "chi2_threshold": 13.931422665512084, "N_raw": 55, "N_roi": 55, "N_inlier": 53, "refit": true}
{"timestamp": "12:11:10.890660", "frame": 50, "mu": [0.09948991648764, 1.239005883606343, 1.1323753634231308], "Sigma": [[0.00828887950661081, -0.004590732192592187, 0.005450487763499644], [-0.004590732192592187, 0.014540207166575685, 0.039772756351758476], [0.005450487763499645, 0.039772756351758476, 0.2693494745658003]], "chi2_level": 0.997, "chi2_df": 3, "chi2_threshold": 13.931422665512084, "N_raw": 94, "N_roi": 94, "N_inlier": 93, "refit": true}
{"timestamp": "12:11:10.943523", "frame": 51, "mu": [0.09503503983950441, 1.2562043766452986, 1.4095425170813867], "Sigma": [[0.0048306490107771815, -0.004575969388037811, -0.00806546282031676], [-0.004575969388037812, 0.011016636126241966, 0.0060832507984563775], [-0.00806546282031676, 0.0060832507984563775, 0.01569671971536945]], "chi2_level": 0.997, "chi2_df": 3, "chi2_threshold": 13.931422665512084, "N_raw": 86, "N_roi": 86, "N_inlier": 83, "refit": true}
{"timestamp": "12:11:10.993085", "frame": 52, "mu": [0.10737876877880846, 1.1388451316015449, 0.8131250371722296], "Sigma": [[0.004395550715361987, -0.002133626226359695, -0.010222063943285136], [-0.002133626226359695, 0.005219026659308164, 0.013432012204911045], [-0.010222063943285136, 0.013432012204911045, 0.07815359294931674]], "chi2_level": 0.997, "chi2_df": 3, "chi2_threshold": 13.931422665512084, "N_raw": 43, "N_roi": 43, "N_inlier": 42, "refit": true}
{"timestamp": "12:11:11.050585", "frame": 53, "mu": [-0.06898575536607045, 1.394687615380884, -0.18553282608718014], "Sigma": [[0.004029728409957878, -0.0008699219340406858, 0.0031717510587615156], [-0.000869921934040686, 0.004392922289326112, 0.002669670777596562], [0.003171751058761516, 0.002669670777596562, 0.03134237995514144]], "chi2_level": 0.997, "chi2_df": 3, "chi2_threshold": 13.931422665512084, "N_raw": 60, "N_roi": 60, "N_inlier": 56, "refit": true}
{"timestamp": "12:11:11.108936", "frame": 54, "mu": [-0.090661519022342, 1.3315386976464942, 1.4401050308121732], "Sigma": [[0.0033683237951312233, -0.0023828397628707417, -0.004610038395662574], [-0.0023828397628707413, 0.013773168427209546, 0.023623356215308682], [-0.004610038395662574, 0.023623356215308686, 0.08233295985951321]], "chi2_level": 0.997, "chi2_df": 3, "chi2_threshold": 13.931422665512084, "N_raw": 86, "N_roi": 86, "N_inlier": 84, "refit": true}
{"timestamp": "12:11:11.163918", "frame": 55, "mu": [-0.1251890129050868, 1.3717605579880552, 1.5450231373061494], "Sigma": [[0.004773270484552962, -0.0008565607013618728, -0.0034260159808100175], [-0.0008565607013618728, 0.006305763957917738, -0.002415324156899588], [-0.0034260159808100175, -0.0024153241568995874, 0.004442414365318237]], "chi2_level": 0.997, "chi2_df": 3, "chi2_threshold": 13.931422665512084, "N_raw": 81, "N_roi": 81, "N_inlier": 78, "refit": true}
{"timestamp": "12:11:11.218324", "frame": 56, "mu": [-0.14094861714779813, 1.3219164499242873, -0.2543375431436339], "Sigma": [[0.004314190859029865, -0.002325644270909663, 0.01884706318668392], [-0.002325644270909663, 0.013538179841198197, -0.0212882783817045], [0.01884706318668392, -0.0212882783817045, 0.30491248546429417]], "chi2_level": 0.997, "chi2_df": 3, "chi2_threshold": 13.931422665512084, "N_raw": 78, "N_roi": 78, "N_inlier": 77, "refit": true}
{"timestamp": "12:11:11.269423", "frame": 57, "mu": [-0.17230239778132625, 1.307531454614711, 1.4860900461309616], "Sigma": [[0.0027315585918969766, -0.0005596363385613609, -0.0037559263707792534], [-0.0005596363385613609, 0.008602985915702872, 0.0054804388385933985], [-0.0037559263707792534, 0.0054804388385933985, 0.018707480169146758]], "chi2_level": 0.997, "chi2_df": 3, "chi2_threshold": 13.931422665512084, "N_raw": 56, "N_roi": 56, "N_inlier": 52, "refit": true}
{"timestamp": "12:11:11.332083", "frame": 58, "mu": [-0.2207737039687883, 1.2290923217608762, 1.338592470849959], "Sigma": [[0.005384818291631449, -0.004621816571944557, -0.00623552256526759], [-0.004621816571944557, 0.01707197141779471, 0.018384580508068564], [-0.00623552256526759, 0.018384580508068564, 0.05236045766842422]], "chi2_level": 0.997, "chi2_df": 3, "chi2_threshold": 13.931422665512084, "N_raw": 102, "N_roi": 102, "N_inlier": 100, "refit": true}
{"timestamp": "12:11:11.386477", "frame": 59, "mu": [-0.25782276436019447, 1.2613788348442458, 1.3847202198507182], "Sigma": [[0.00564469141544706, -0.0061229185152415, -0.00676037983866361], [-0.0061229185152415, 0.01785331024855364, 0.008922329873770167], [-0.00676037983866361, 0.008922329873770167, 0.009675732081627553]], "chi2_level": 0.997, "chi2_df": 3, "chi2_threshold": 13.931422665512084, "N_raw": 96, "N_roi": 93, "N_inlier": 90, "refit": true}
{"timestamp": "12:11:11.437031", "frame": 60, "mu": [-0.2627194043848202, 1.2266485348470035, 1.3472457635955515], "Sigma": [[0.004911959561507559, -0.006937418691293398, -0.013437829460393019], [-0.006937418691293397, 0.019041006358938198, 0.02516431716799215], [-0.013437829460393019, 0.02516431716799215, 0.046733079413801865]], "chi2_level": 0.997, "chi2_df": 3, "chi2_threshold": 13.931422665512084, "N_raw": 71, "N_roi": 70, "N_inlier": 67, "refit": true}
{"timestamp": "12:11:11.497694", "frame": 61, "mu": [-0.37527901168561684, 1.3431352515093833, 1.4493595062183442], "Sigma": [[0.009910338983598044, -0.005254595947420135, -0.008020217236963547], [-0.005254595947420135, 0.013309126166802287, 0.007432681981947393], [-0.008020217236963547, 0.0074326819819473915, 0.012488074806948154]], "chi2_level": 0.997, "chi2_df": 3, "chi2_threshold": 13.931422665512084, "N_raw": 108, "N_roi": 108, "N_inlier": 106, "refit": true}
{"timestamp": "12:11:11.549234", "frame": 62, "mu": [-0.38978745295303546, 1.3248528670659905, 1.4044639524708658], "Sigma": [[0.00641203147810607, -0.007908607124067475, -0.011147193061211562], [-0.007908607124067475, 0.02555316071661587, 0.02576397049400516], [-0.011147193061211563, 0.025763970494005164, 0.03565776554176288]], "chi2_level": 0.997, "chi2_df": 3, "chi2_threshold": 13.931422665512084, "N_raw": 78, "N_roi": 78, "N_inlier": 77, "refit": true}
{"timestamp": "12:11:11.603756", "frame": 63, "mu": [-0.47666393849711153, 1.3606827067522478, 1.3895679397044214], "Sigma": [[0.005074334912928204, -0.004032118652946639, -0.00682252370437496], [-0.004032118652946639, 0.009357715702410794, 0.004848290891473134], [-0.00682252370437496, 0.004848290891473134, 0.017834700756365673]], "chi2_level": 0.997, "chi2_df": 3, "chi2_threshold": 13.931422665512084, "N_raw": 76, "N_roi": 75, "N_inlier": 71, "refit": true}
{"timestamp": "12:11:11.656400", "frame": 64, "mu": [-0.5286454893612827, 1.3395434281642806, 1.449050796779854], "Sigma": [[0.005117804933132114, -0.0014119609615689602, -0.005183207012599185], [-0.00141196096156896, 0.014493156381660306, 0.0107276998901472], [-0.005183207012599184, 0.0107276998901472, 0.01289033777059521]], "chi2_level": 0.997, "chi2_df": 3, "chi2_threshold": 13.931422665512084, "N_raw": 65, "N_roi": 65, "N_inlier": 63, "refit": true}
{"timestamp": "12:11:11.712785", "frame": 65, "mu": [-0.600577018588017, 1.3559822344112058, 1.4132132868076785], "Sigma": [[0.006327784872306512, 0.0005417078953294782, -0.004427779650746595], [0.0005417078953294784, 0.015150551455379581, 0.005047348429003543], [-0.004427779650746596, 0.005047348429003543, 0.007772426134139879]], "chi2_level": 0.997, "chi2_df": 3, "chi2_threshold": 13.931422665512084, "N_raw": 81, "N_roi": 81, "N_inlier": 80, "refit": true}
{"timestamp": "12:11:11.775126", "frame": 66, "mu": [-0.6066777275577828, 1.4379817699014619, 1.1807369872229765], "Sigma": [[0.011673421388091389, -0.0006973629611007929, -0.04616579832460022], [-0.0006973629611007929, 0.013775335514460708, 0.016871478765067775], [-0.04616579832460022, 0.016871478765067775, 0.26799826209619554]], "chi2_level": 0.997, "chi2_df": 3, "chi2_threshold": 13.931422665512084, "N_raw": 122, "N_roi": 122, "N_inlier": 120, "refit": true}
{"timestamp": "12:11:11.832540", "frame": 67, "mu": [-0.6548539416205645, 1.413840786824569, 1.1898774819738405], "Sigma": [[0.022590146073874252, 0.0020085235207188594, -0.06478986697051041], [0.0020085235207188594, 0.011898886832150407, -0.0043767801777064], [-0.06478986697051042, -0.004376780177706401, 0.2391882082517299]], "chi2_level": 0.997, "chi2_df": 3, "chi2_threshold": 13.931422665512084, "N_raw": 132, "N_roi": 132, "N_inlier": 129, "refit": true}
{"timestamp": "12:11:11.880724", "frame": 68, "mu": [-0.7289987153705743, 1.511590708828924, 0.17824578766629787], "Sigma": [[0.007817453011289032, -0.0008784208073633873, 0.023666519160968], [-0.0008784208073633874, 0.011877635562837826, -0.01215073225658124], [0.023666519160968, -0.01215073225658124, 0.2318956908753739]], "chi2_level": 0.997, "chi2_df": 3, "chi2_threshold": 13.931422665512084, "N_raw": 94, "N_roi": 94, "N_inlier": 94, "refit": true}
{"timestamp": "12:11:11.936254", "frame": 69, "mu": [-0.7362391527531071, 1.5454432489274887, -0.11156034157441262], "Sigma": [[0.010625957051139874, 0.004497171522536137, 0.015884150302163336], [0.004497171522536137, 0.015052717614189135, 0.0005980040530725898], [0.015884150302163336, 0.0005980040530725898, 0.05610765853263205]], "chi2_level": 0.997, "chi2_df": 3, "chi2_threshold": 13.931422665512084, "N_raw": 97, "N_roi": 97, "N_inlier": 93, "refit": true}
{"timestamp": "12:11:11.997399", "frame": 70, "mu": [-0.782036236711253, 1.5609117261314875, 0.1625406862524442], "Sigma": [[0.021675717801153703, 0.003972452948529943, 0.024269347723614713], [0.003972452948529943, 0.007168592975978208, 0.009751772626717656], [0.024269347723614713, 0.009751772626717656, 0.05789157150443353]], "chi2_level": 0.997, "chi2_df": 3, "chi2_threshold": 13.931422665512084, "N_raw": 134, "N_roi": 134, "N_inlier": 129, "refit": true}
{"timestamp": "12:11:12.036259", "frame": 71, "mu": [-0.8130076499435035, 1.5465360306963187, 1.5201291462555881], "Sigma": [[0.001882695120293926, 0.0015420063987760314, -0.002400034611667034], [0.0015420063987760314, 0.006359542531846556, -0.0025693024730173404], [-0.0024000346116670344, -0.0025693024730173404, 0.016334011057255852]], "chi2_level": 0.997, "chi2_df": 3, "chi2_threshold": 13.931422665512084, "N_raw": 20, "N_roi": 20, "N_inlier": 18, "refit": true}
{"timestamp": "12:11:12.091452", "frame": 72, "mu": [-0.8181952579583394, 1.5283154406019759, 1.371415306276303], "Sigma": [[0.011835487412200188, 0.0028128897053229804, -0.041305648635035816], [0.0028128897053229804, 0.0035575192173620757, -0.007368836962692611], [-0.041305648635035816, -0.007368836962692612, 0.17951752393087275]], "chi2_level": 0.997, "chi2_df": 3, "chi2_threshold": 13.931422665512084, "N_raw": 37, "N_roi": 37, "N_inlier": 34, "refit": true}
{"timestamp": "12:11:12.151705", "frame": 73, "mu": [-0.9283300395016358, 1.5186443648878238, 1.4267782273136502], "Sigma": [[0.01054571865760641, -0.0012786345033600655, -0.013060018448357016], [-0.0012786345033600655, 0.004671514876763716, 0.003913592082630721], [-0.013060018448357018, 0.003913592082630722, 0.08243304704399469]], "chi2_level": 0.997, "chi2_df": 3, "chi2_threshold": 13.931422665512084, "N_raw": 70, "N_roi": 70, "N_inlier": 65, "refit": true}
{"timestamp": "12:11:12.199732", "frame": 74, "mu": [-0.927071280609384, 1.599680683277741, 0.22036725435702453], "Sigma": [[0.010250745543249328, 0.03733724515397122, -0.07569780927711252], [0.03733724515397122, 0.21718462489688659, -0.4657166767180553], [-0.07569780927711252, -0.4657166767180553, 1.0557239905996567]], "chi2_level": 0.997, "chi2_df": 3, "chi2_threshold": 13.931422665512084, "N_raw": 20, "N_roi": 20, "N_inlier": 20, "refit": true}
{"timestamp": "12:11:12.261971", "frame": 75, "mu": [-0.875386983786237, 1.7484156032580762, -0.040981799401600356], "Sigma": [[0.009874349326900263, 0.0004440629504421261, -0.00953617011120558], [0.0004440629504421261, 0.006004098169061038, -0.0019816053046949815], [-0.00953617011120558, -0.0019816053046949815, 0.010557364705161207]], "chi2_level": 0.997, "chi2_df": 3, "chi2_threshold": 13.931422665512084, "N_raw": 74, "N_roi": 74, "N_inlier": 70, "refit": true}
{"timestamp": "12:11:12.326352", "frame": 76, "mu": [-0.9035854422775801, 1.6155830643955653, 1.1427066884685757], "Sigma": [[0.009418619016487155, -0.003205130411876512, -0.018786035126779906], [-0.0032051304118765117, 0.04158284996818162, 0.08777434769969203], [-0.01878603512677991, 0.08777434769969203, 0.275695931370597]], "chi2_level": 0.997, "chi2_df": 3, "chi2_threshold": 13.931422665512084, "N_raw": 132, "N_roi": 132, "N_inlier": 125, "refit": true}
{"timestamp": "12:11:12.377049", "frame": 77, "mu": [-0.9675200698967164, 1.698325105098316, 0.07504749064394692], "Sigma": [[0.010692381225951056, -0.00779495127747306, 0.0059607052245119535], [-0.00779495127747306, 0.03248937067674386, -0.026382241986193454], [0.005960705224511953, -0.026382241986193454, 0.03057852816540583]], "chi2_level": 0.997, "chi2_df": 3, "chi2_threshold": 13.931422665512084, "N_raw": 98, "N_roi": 98, "N_inlier": 92, "refit": true}
{"timestamp": "12:11:12.427643", "frame": 78, "mu": [-1.0424367183680796, 1.9272684158303415, -0.16344418511091907], "Sigma": [[0.007147439345737698, 0.002961786387641478, -0.005252346856554577], [0.002961786387641477, 0.0456660267480108, -0.1102582334642303], [-0.005252346856554579, -0.11025823346423029, 0.30710070222543545]], "chi2_level": 0.997, "chi2_df": 3, "chi2_threshold": 13.931422665512084, "N_raw": 69, "N_roi": 69, "N_inlier": 69, "refit": true}
{"timestamp": "12:11:12.479275", "frame": 79, "mu": [-1.0179094740015433, 1.9289033947501415, -0.08058576589803218], "Sigma": [[0.015577277854361015, -0.0030405586951791977, 0.001735867283624085], [-0.0030405586951791977, 0.01647333294083781, -0.04035038852893539], [0.001735867283624085, -0.040350388528935396, 0.11618880219459526]], "chi2_level": 0.997, "chi2_df": 3, "chi2_threshold": 13.931422665512084, "N_raw": 50, "N_roi": 50, "N_inlier": 48, "refit": true}
{"timestamp": "12:11:12.539902", "frame": 80, "mu": [-1.0159373959682438, 1.8306813977349703, 1.258113626615023], "Sigma": [[0.01090741075986725, 0.0007768785494589134, 0.0002000751979400641], [0.0007768785494589133, 0.005717107715202524, -0.003070274603415265], [0.00020007519794006435, -0.0030702746034152652, 0.019048352178363166]], "chi2_level": 0.997, "chi2_df": 3, "chi2_threshold": 13.931422665512084, "N_raw": 89, "N_roi": 89, "N_inlier": 85, "refit": true}
{"timestamp": "12:11:12.593689", "frame": 81, "mu": [-1.0141894610054316, 1.8784871592073342, 1.3252154444461797], "Sigma": [[0.012529595931893097, 0.000873984742814716, 0.0003050386111523971], [0.0008739847428147158, 0.0059261400727587754, -0.0009617154347213529], [0.0003050386111523969, -0.0009617154347213529, 0.006846497391535326]], "chi2_level": 0.997, "chi2_df": 3, "chi2_threshold": 13.931422665512084, "N_raw": 77, "N_roi": 77, "N_inlier": 72, "refit": true}
{"timestamp": "12:11:12.654440", "frame": 82, "mu": [-1.0822951572114916, 1.9486779843771316, 1.165266314488542], "Sigma": [[0.015434250533664864, 0.004390093561992266, 0.030728201494348992], [0.004390093561992267, 0.007592019128474306, 0.013964213945102378], [0.030728201494348992, 0.013964213945102378, 0.21226231402268655]], "chi2_level": 0.997, "chi2_df": 3, "chi2_threshold": 13.931422665512084, "N_raw": 114, "N_roi": 114, "N_inlier": 114, "refit": true}
{"timestamp": "12:11:12.709216", "frame": 83, "mu": [-1.0386179664009232, 1.969615801665964, 1.3041308158211098], "Sigma": [[0.016352437093424488, -0.0016508649183448081, -0.0008999013156819474], [-0.001650864918344808, 0.008375378102473444, -0.005409551415018282], [-0.000899901315681947, -0.005409551415018282, 0.055485176672417764]], "chi2_level": 0.997, "chi2_df": 3, "chi2_threshold": 13.931422665512084, "N_raw": 112, "N_roi": 112, "N_inlier": 102, "refit": true}
{"timestamp": "12:11:12.754289", "frame": 84, "mu": [-1.0805918684664204, 2.2466006821805684, -0.3803564944630826], "Sigma": [[0.00790899571660492, -0.002597742414850031, 0.02196366672370556], [-0.002597742414850031, 0.013851275402671477, -0.05823731063772884], [0.02196366672370556, -0.05823731063772884, 0.3392996446067948]], "chi2_level": 0.997, "chi2_df": 3, "chi2_threshold": 13.931422665512084, "N_raw": 43, "N_roi": 43, "N_inlier": 42, "refit": true}
{"timestamp": "12:11:12.814440", "frame": 85, "mu": [-1.0742141939314847, 2.0661607273512894, 1.3836734841297513], "Sigma": [[0.016377460722581692, 3.9108481999464585e-06, -0.002774481007989881], [3.910848199946621e-06, 0.010037812598681108, 0.003206407961211017], [-0.002774481007989881, 0.003206407961211017, 0.03719397795494549]], "chi2_level": 0.997, "chi2_df": 3, "chi2_threshold": 13.931422665512084, "N_raw": 88, "N_roi": 88, "N_inlier": 82, "refit": true}
{"timestamp": "12:11:12.867931", "frame": 86, "mu": [-1.286408444817204, 1.987970990907567, 1.4404639780326147], "Sigma": [[0.14480044819588858, 0.10812149201176421, -0.037725568297164266], [0.10812149201176421, 0.09367200414862001, -0.02739668056987666], [-0.037725568297164266, -0.02739668056987666, 0.020527077518383542]], "chi2_level": 0.997, "chi2_df": 3, "chi2_threshold": 13.931422665512084, "N_raw": 76, "N_roi": 75, "N_inlier": 73, "refit": true}
