{"timestamp": "12:48:30.628740", "frame": 6, "mu": [2.324485207462063, 4.923689703580144, 1.3343965002533416], "Sigma": [[0.010003928678214804, -0.0020488144772507107, -0.013594084090779737], [-0.0020488144772507107, 0.0021753853219161476, -0.0014560424426854823], [-0.013594084090779737, -0.0014560424426854819, 0.050155337559960836]], "chi2_level": 0.997, "chi2_df": 3, "chi2_threshold": 13.931422665512084, "N_raw": 24, "N_roi": 16, "N_inlier": 16, "refit": true}
{"timestamp": "12:48:30.682670", "frame": 7, "mu": [2.3974634631546334, 4.916169959881608, 1.099084159111496], "Sigma": [[0.005835503035643788, -0.002746070019345546, -0.0025402220684178005], [-0.0027460700193455458, 0.0026698076111050933, -0.003446014401530757], [-0.0025402220684178005, -0.0034460144015307564, 0.023719323889736882]], "chi2_level": 0.997, "chi2_df": 3, "chi2_threshold": 13.931422665512084, "N_raw": 13, "N_roi": 7, "N_inlier": 7, "refit": true}
{"timestamp": "12:48:30.853249", "frame": 10, "mu": [2.337128087723765, 4.835266197746629, 0.7368179855078149], "Sigma": [[0.00986986671454611, -0.006012938361716586, 0.003273371101981948], [-0.006012938361716586, 0.004641072824148839, -0.0076566605415762795], [0.003273371101981948, -0.0076566605415762795, 0.07966108522826296]], "chi2_level": 0.997, "chi2_df": 3, "chi2_threshold": 13.931422665512084, "N_raw": 47, "N_roi": 24, "N_inlier": 24, "refit": true}
{"timestamp": "12:48:30.904982", "frame": 11, "mu": [2.4035146630358097, 4.727658065740329, 0.5786145755094774], "Sigma": [[0.0036274886092829317, -0.0025302957539296237, -0.0014404803721285596], [-0.0025302957539296237, 0.003095227608389808, -0.00558239320316177], [-0.0014404803721285598, -0.00558239320316177, 0.049459394029366555]], "chi2_level": 0.997, "chi2_df": 3, "chi2_threshold": 13.931422665512084, "N_raw": 16, "N_roi": 8, "N_inlier": 8, "refit": true}
{"timestamp": "12:48:31.233360", "frame": 17, "mu": [2.1629805390975356, 4.685615284862401, 0.8922084566319318], "Sigma": [[0.0046451441235137335, -0.00027976175735959285, -0.009097569214073346], [-0.0002797617573595929, 0.0018995923689525585, -0.005154694957620725], [-0.009097569214073346, -0.005154694957620725, 0.04402465043505455]], "chi2_level": 0.997, "chi2_df": 3, "chi2_threshold": 13.931422665512084, "N_raw": 9, "N_roi": 9, "N_inlier": 9, "refit": true}
{"timestamp": "12:48:31.291411", "frame": 18, "mu": [2.232013640973191, 4.60112046677512, 0.9970759777540297], "Sigma": [[0.020622074996689457, -0.010755548941409447, -0.00730691086520564], [-0.010755548941409447, 0.006901128286035663, 0.0009713931295974314], [-0.0073069108652056396, 0.0009713931295974314, 0.017007182163572613]], "chi2_level": 0.997, "chi2_df": 3, "chi2_threshold": 13.931422665512084, "N_raw": 24, "N_roi": 22, "N_inlier": 21, "refit": true}
{"timestamp": "12:48:31.344976", "frame": 19, "mu": [2.3132859030032784, 4.510330615891396, 0.8268428924247146], "Sigma": [[0.017087554619810996, -0.007801332206806172, -0.009310496240813954], [-0.007801332206806171, 0.004957348501335537, 0.0033397170740685034], [-0.009310496240813954, 0.003339717074068503, 0.007342809340555236]], "chi2_level": 0.997, "chi2_df": 3, "chi2_threshold": 13.931422665512084, "N_raw": 16, "N_roi": 15, "N_inlier": 15, "refit": true}
{"timestamp": "12:48:31.402572", "frame": 20, "mu": [2.2212171000259824, 4.52519542471538, 0.8463500863220493], "Sigma": [[0.023921089013107858, -0.013521511194261093, -0.012677857779542986], [-0.013521511194261093, 0.01026312736427941, 0.004836016783289482], [-0.012677857779542986, 0.004836016783289482, 0.011969349629493725]], "chi2_level": 0.997, "chi2_df": 3, "chi2_threshold": 13.931422665512084, "N_raw": 37, "N_roi": 31, "N_inlier": 31, "refit": true}
{"timestamp": "12:48:31.565532", "frame": 23, "mu": [2.0887466875242264, 4.400604541027672, 0.5579139469093071], "Sigma": [[0.013250317891458115, -0.007123031547236431, 0.0019679137235361086], [-0.007123031547236431, 0.005845741131095202, -0.0016972313525710043], [0.0019679137235361086, -0.0016972313525710045, 0.0004960728312868601]], "chi2_level": 0.997, "chi2_df": 3, "chi2_threshold": 13.931422665512084, "N_raw": 18, "N_roi": 18, "N_inlier": 16, "refit": true}
{"timestamp": "12:48:31.675347", "frame": 25, "mu": [2.057234546922668, 4.34199777587036, 0.984703128829246], "Sigma": [[0.00872463143682444, -0.004083285943552251, -0.007803830628840182], [-0.004083285943552251, 0.0030921615166757655, 0.0012555874513251017], [-0.007803830628840182, 0.0012555874513251013, 0.08135253650124183]], "chi2_level": 0.997, "chi2_df": 3, "chi2_threshold": 13.931422665512084, "N_raw": 15, "N_roi": 14, "N_inlier": 14, "refit": true}
{"timestamp": "12:48:31.729217", "frame": 26, "mu": [1.935055893696485, 3.9690027535366945, 0.7649398940242642], "Sigma": [[0.283040256651585, 0.5643783595209239, -0.14486017864819786], [0.564378359520924, 1.183101457232614, -0.29925083258680624], [-0.1448601786481979, -0.2992508325868062, 0.09056018875509454]], "chi2_level": 0.997, "chi2_df": 3, "chi2_threshold": 13.931422665512084, "N_raw": 11, "N_roi": 9, "N_inlier": 9, "refit": true}
{"timestamp": "12:48:31.783220", "frame": 27, "mu": [2.0283480796298474, 4.280578536067166, 0.6623455919594841], "Sigma": [[0.017984542445261067, -0.02208404143456941, -0.022301185494865206], [-0.022084041434569414, 0.03470471459095564, 0.017934016447248437], [-0.022301185494865206, 0.017934016447248433, 0.03994055615800757]], "chi2_level": 0.997, "chi2_df": 3, "chi2_threshold": 13.931422665512084, "N_raw": 8, "N_roi": 7, "N_inlier": 7, "refit": true}
{"timestamp": "12:48:31.842625", "frame": 28, "mu": [1.9958088063509885, 4.208706903803608, 0.835735319303699], "Sigma": [[0.028223894057439088, -0.0159580183866096, -0.02387372874142238], [-0.0159580183866096, 0.010134435674397552, 0.01077215842714254], [-0.02387372874142238, 0.010772158427142539, 0.03719962066549336]], "chi2_level": 0.997, "chi2_df": 3, "chi2_threshold": 13.931422665512084, "N_raw": 37, "N_roi": 37, "N_inlier": 36, "refit": true}
{"timestamp": "12:48:31.893875", "frame": 29, "mu": [1.92536700072359, 4.267605130268671, 0.8641622657913102], "Sigma": [[0.011665005939062572, -0.009361610188177683, -0.025291801741692658], [-0.009361610188177683, 0.020782489184242886, -0.0021653641880605267], [-0.025291801741692658, -0.0021653641880605276, 0.09529708513188045]], "chi2_level": 0.997, "chi2_df": 3, "chi2_threshold": 13.931422665512084, "N_raw": 8, "N_roi": 8, "N_inlier": 8, "refit": true}
{"timestamp": "12:48:32.063972", "frame": 32, "mu": [1.8808170654426304, 4.302004563652721, -0.40813380637697466], "Sigma": [[0.019972247936910766, -0.009025409531344983, -0.0028865436875543044], [-0.009025409531344983, 0.011678643307918932, -0.007415806273926861], [-0.0028865436875543044, -0.007415806273926861, 0.015422578526193316]], "chi2_level": 0.997, "chi2_df": 3, "chi2_threshold": 13.931422665512084, "N_raw": 44, "N_roi": 42, "N_inlier": 40, "refit": true}
{"timestamp": "12:48:32.170891", "frame": 34, "mu": [1.8073798823346443, 4.007422267233057, 0.4642508527620129], "Sigma": [[0.012625876530433884, -0.005795128006564615, 0.0025725139140375776], [-0.005795128006564615, 0.007566194158251962, -0.006038673808156227], [0.0025725139140375776, -0.006038673808156227, 0.030846985004273766]], "chi2_level": 0.997, "chi2_df": 3, "chi2_threshold": 13.931422665512084, "N_raw": 23, "N_roi": 23, "N_inlier": 22, "refit": true}
{"timestamp": "12:48:32.228469", "frame": 35, "mu": [1.6867691279732298, 4.030983009446704, 0.45501532011331763], "Sigma": [[0.01949020513957108, -0.008333482810384821, -6.763474449917348e-05], [-0.008333482810384821, 0.004338579641900132, -0.0009831996814163267], [-6.763474449917391e-05, -0.0009831996814163267, 0.012598393313527302]], "chi2_level": 0.997, "chi2_df": 3, "chi2_threshold": 13.931422665512084, "N_raw": 33, "N_roi": 28, "N_inlier": 26, "refit": true}
{"timestamp": "12:48:32.282044", "frame": 36, "mu": [1.6719974010230307, 3.9703673425616177, 0.3948110606242483], "Sigma": [[0.010815399053861882, -0.0037000959759196993, 0.004314471531416666], [-0.003700095975919699, 0.0022041743170411678, -0.0036881920791610296], [0.004314471531416666, -0.0036881920791610296, 0.047442295981077104]], "chi2_level": 0.997, "chi2_df": 3, "chi2_threshold": 13.931422665512084, "N_raw": 26, "N_roi": 26, "N_inlier": 25, "refit": true}
{"timestamp": "12:48:32.335897", "frame": 37, "mu": [1.6522060628807125, 3.8676577744102127, 0.47230597360367865], "Sigma": [[0.008694630812542252, -0.001328079026382056, -0.0014720923446905655], [-0.0013280790263820563, 0.006765365514138256, -0.005548487747081034], [-0.0014720923446905655, -0.005548487747081034, 0.022156536678031587]], "chi2_level": 0.997, "chi2_df": 3, "chi2_threshold": 13.931422665512084, "N_raw": 22, "N_roi": 22, "N_inlier": 22, "refit": true}
{"timestamp": "12:48:32.394426", "frame": 38, "mu": [1.6358327797495378, 3.849483165420981, 0.6883950172687074], "Sigma": [[0.013110304926084363, -0.00600621996509902, -0.002714943064728149], [-0.006006219965099019, 0.004621953934363882, -0.003167977326224913], [-0.0027149430647281487, -0.003167977326224913, 0.025398855746720288]], "chi2_level": 0.997, "chi2_df": 3, "chi2_threshold": 13.931422665512084, "N_raw": 43, "N_roi": 43, "N_inlier": 42, "refit": true}
{"timestamp": "12:48:32.448970", "frame": 39, "mu": [1.569232948015262, 3.851110320560353, 0.8085119957827738], "Sigma": [[0.020199062279708257, -0.007147045183684349, -0.01776975985788716], [-0.007147045183684349, 0.0034451171542391416, 0.003585131388147439], [-0.01776975985788716, 0.0035851313881474396, 0.03704343997623281]], "chi2_level": 0.997, "chi2_df": 3, "chi2_threshold": 13.931422665512084, "N_raw": 40, "N_roi": 40, "N_inlier": 40, "refit": true}
{"timestamp": "12:48:32.504840", "frame": 40, "mu": [1.5139626370123576, 3.975291174695006, -0.09949806987163308], "Sigma": [[0.019557623399741313, -0.007356775045011033, -0.0054140599415535475], [-0.007356775045011033, 0.00987580089554912, -0.003990605754128421], [-0.0054140599415535475, -0.003990605754128421, 0.008402188837384262]], "chi2_level": 0.997, "chi2_df": 3, "chi2_threshold": 13.931422665512084, "N_raw": 45, "N_roi": 45, "N_inlier": 44, "refit": true}
{"timestamp": "12:48:32.562824", "frame": 41, "mu": [1.5422932309674011, 3.771597422208087, 0.7348268665901648], "Sigma": [[0.028390946852033735, -0.0118836382431134, -0.0071632530092496], [-0.011883638243113401, 0.008900649208009842, -0.00305319818728294], [-0.0071632530092496, -0.00305319818728294, 0.020661587046181814]], "chi2_level": 0.997, "chi2_df": 3, "chi2_threshold": 13.931422665512084, "N_raw": 69, "N_roi": 69, "N_inlier": 69, "refit": true}
{"timestamp": "12:48:32.614010", "frame": 42, "mu": [1.4897021270204633, 3.779418735436862, 0.8124018400345628], "Sigma": [[0.023149288562796744, -0.009133975402444814, -0.003553061983944442], [-0.009133975402444816, 0.0058880419149249935, -0.0006578803587402241], [-0.0035530619839444417, -0.0006578803587402242, 0.006456155340959959]], "chi2_level": 0.997, "chi2_df": 3, "chi2_threshold": 13.931422665512084, "N_raw": 42, "N_roi": 42, "N_inlier": 39, "refit": true}
{"timestamp": "12:48:32.665777", "frame": 43, "mu": [1.3447922618449828, 4.036163132037735, -0.24248509815149957], "Sigma": [[0.01435960487258166, -0.010323620851648981, -0.008444392466472172], [-0.010323620851648981, 0.01628451304001292, -0.0022868038128702247], [-0.008444392466472172, -0.0022868038128702247, 0.02912473481661769]], "chi2_level": 0.997, "chi2_df": 3, "chi2_threshold": 13.931422665512084, "N_raw": 24, "N_roi": 24, "N_inlier": 23, "refit": true}
{"timestamp": "12:48:32.722404", "frame": 44, "mu": [1.356869244910749, 3.6994619015421764, 0.6291743642735437], "Sigma": [[0.01929694320086379, -0.006811675766208196, 0.0003618776307857261], [-0.0068116757662081955, 0.005558210481217615, -0.0007162825260133602], [0.00036187763078572577, -0.0007162825260133602, 0.0012706747737553069]], "chi2_level": 0.997, "chi2_df": 3, "chi2_threshold": 13.931422665512084, "N_raw": 36, "N_roi": 36, "N_inlier": 34, "refit": true}
{"timestamp": "12:48:32.774840", "frame": 45, "mu": [1.3198230581280934, 3.6845008860544497, 0.8639760061052978], "Sigma": [[0.010433715336045273, -0.0038717780367087586, -0.004037340497754224], [-0.003871778036708758, 0.0018756450153613808, 0.00027916177533747087], [-0.004037340497754224, 0.0002791617753374709, 0.012657691028358592]], "chi2_level": 0.997, "chi2_df": 3, "chi2_threshold": 13.931422665512084, "N_raw": 18, "N_roi": 18, "N_inlier": 18, "refit": true}
{"timestamp": "12:48:32.833517", "frame": 46, "mu": [1.2931777680059806, 3.619423779245682, 0.5676842679829817], "Sigma": [[0.020767404237708207, -0.010787971261051129, -0.005565125450309873], [-0.010787971261051129, 0.00868163756177581, 0.002269582006643545], [-0.005565125450309873, 0.002269582006643545, 0.004384928956847347]], "chi2_level": 0.997, "chi2_df": 3, "chi2_threshold": 13.931422665512084, "N_raw": 40, "N_roi": 38, "N_inlier": 37, "refit": true}
{"timestamp": "12:48:32.887892", "frame": 47, "mu": [1.287359579921823, 3.6172432422817993, 0.7533019612051407], "Sigma": [[0.01811606341596384, -0.0062484521667867015, -0.002889567676556874], [-0.006248452166786702, 0.003368993455460299, -0.001398133023748156], [-0.0028895676765568743, -0.001398133023748156, 0.018809501010336918]], "chi2_level": 0.997, "chi2_df": 3, "chi2_threshold": 13.931422665512084, "N_raw": 38, "N_roi": 36, "N_inlier": 36, "refit": true}
{"timestamp": "12:48:32.940821", "frame": 48, "mu": [1.2514404468291362, 3.501766122278737, 0.7275767574697736], "Sigma": [[0.010677733199176297, -0.006730104620419017, -0.008295226132698192], [-0.006730104620419018, 0.004703988700819222, 0.0052169062231645115], [-0.008295226132698192, 0.0052169062231645115, 0.0555483666709341]], "chi2_level": 0.997, "chi2_df": 3, "chi2_threshold": 13.931422665512084, "N_raw": 18, "N_roi": 18, "N_inlier": 17, "refit": true}
{"timestamp": "12:48:32.999197", "frame": 49, "mu": [1.154880890712812, 3.6017293473859864, 0.82547979873886], "Sigma": [[0.03222280796877459, -0.026025470414776493, -0.002054080470452733], [-0.026025470414776493, 0.024437944152006553, -0.0022656450702238347], [-0.0020540804704527326, -0.0022656450702238347, 0.010937446032508296]], "chi2_level": 0.997, "chi2_df": 3, "chi2_threshold": 13.931422665512084, "N_raw": 42, "N_roi": 42, "N_inlier": 42, "refit": true}
{"timestamp": "12:48:33.051604", "frame": 50, "mu": [1.1056603571745238, 3.663682847344649, -0.192887302605932], "Sigma": [[0.012580127031659482, -0.006138977415262356, -0.008018758405397773], [-0.006138977415262356, 0.010018995081025401, -0.005968295381993822], [-0.008018758405397773, -0.005968295381993823, 0.026156932632194325]], "chi2_level": 0.997, "chi2_df": 3, "chi2_threshold": 13.931422665512084, "N_raw": 25, "N_roi": 25, "N_inlier": 23, "refit": true}
{"timestamp": "12:48:33.108062", "frame": 51, "mu": [1.0541759432100002, 3.5124394661062537, 0.8122637206194078], "Sigma": [[0.023638113048150815, -0.017825464879054762, -0.003089317130882832], [-0.017825464879054762, 0.019594948479418735, -0.0025821423940614995], [-0.0030893171308828326, -0.0025821423940614995, 0.017602109339832486]], "chi2_level": 0.997, "chi2_df": 3, "chi2_threshold": 13.931422665512084, "N_raw": 44, "N_roi": 44, "N_inlier": 42, "refit": true}
{"timestamp": "12:48:33.161991", "frame": 52, "mu": [0.9457502543665647, 3.6546390368493715, 0.8933082883965691], "Sigma": [[0.01492207659823599, -0.011258295503075099, -0.01165081596103749], [-0.011258295503075097, 0.02252457413404513, -0.004886900117515822], [-0.01165081596103749, -0.004886900117515824, 0.03599861175597269]], "chi2_level": 0.997, "chi2_df": 3, "chi2_threshold": 13.931422665512084, "N_raw": 28, "N_roi": 27, "N_inlier": 26, "refit": true}
{"timestamp": "12:48:33.217413", "frame": 53, "mu": [0.9047944050449653, 3.6315915801703116, 0.7783959749554088], "Sigma": [[0.02648729723676202, -0.023728103294208255, -0.0014675561795914284], [-0.023728103294208255, 0.02825481538590388, -0.0009312307811963547], [-0.0014675561795914288, -0.000931230781196354, 0.005025874397164098]], "chi2_level": 0.997, "chi2_df": 3, "chi2_threshold": 13.931422665512084, "N_raw": 30, "N_roi": 30, "N_inlier": 29, "refit": true}
{"timestamp": "12:48:33.276313", "frame": 54, "mu": [1.0876453743019852, 3.2195953407082514, 0.7872308765269725], "Sigma": [[0.018178021633178762, -0.01418313358163939, -0.011199174920721592], [-0.014183133581639392, 0.015007211381115009, 0.007451395875518673], [-0.011199174920721592, 0.007451395875518672, 0.00955311006956233]], "chi2_level": 0.997, "chi2_df": 3, "chi2_threshold": 13.931422665512084, "N_raw": 48, "N_roi": 46, "N_inlier": 43, "refit": true}
{"timestamp": "12:48:33.334281", "frame": 55, "mu": [0.9832313900398163, 3.2398614203911613, 0.730102821312501], "Sigma": [[0.018690150951272723, -0.017685790755002852, -0.008827380318953209], [-0.017685790755002852, 0.029820810454342005, 0.013076979620530789], [-0.008827380318953209, 0.01307697962053079, 0.04901873242563951]], "chi2_level": 0.997, "chi2_df": 3, "chi2_threshold": 13.931422665512084, "N_raw": 77, "N_roi": 77, "N_inlier": 75, "refit": true}
{"timestamp": "12:48:33.389187", "frame": 56, "mu": [0.8548270561855802, 3.318829988538416, 0.7666381242298492], "Sigma": [[0.013867994769862698, -0.005915831230485729, -0.003807679797632303], [-0.005915831230485729, 0.009852556131827403, -0.007129308498352734], [-0.003807679797632303, -0.007129308498352734, 0.033687303523845503]], "chi2_level": 0.997, "chi2_df": 3, "chi2_threshold": 13.931422665512084, "N_raw": 72, "N_roi": 72, "N_inlier": 70, "refit": true}
{"timestamp": "12:48:33.438662", "frame": 57, "mu": [0.8725534269478046, 3.1832760219706033, 1.0182798366328298], "Sigma": [[0.00651942591836808, -0.001654537947304564, -0.0021297225904069097], [-0.001654537947304564, 0.02059217547554021, 0.02885008148929475], [-0.0021297225904069097, 0.02885008148929475, 0.04266338197990581]], "chi2_level": 0.997, "chi2_df": 3, "chi2_threshold": 13.931422665512084, "N_raw": 35, "N_roi": 34, "N_inlier": 31, "refit": true}
{"timestamp": "12:48:33.490569", "frame": 58, "mu": [0.7241073831438388, 3.1431670079705314, 0.5178974224572856], "Sigma": [[0.0038660856509196784, -0.004003979866604998, 0.0017680153497825076], [-0.004003979866604999, 0.03836705608087331, -0.020339684090406356], [0.0017680153497825078, -0.020339684090406356, 0.013591137937721756]], "chi2_level": 0.997, "chi2_df": 3, "chi2_threshold": 13.931422665512084, "N_raw": 22, "N_roi": 20, "N_inlier": 18, "refit": true}
{"timestamp": "12:48:33.546301", "frame": 59, "mu": [0.6947230507497508, 3.2307084707378944, 1.2635502943384314], "Sigma": [[0.009468437251388845, -0.00199344629437803, -0.004179782477104263], [-0.00199344629437803, 0.0029890100579909604, 0.0020148286285916186], [-0.004179782477104264, 0.0020148286285916178, 0.01023093956092039]], "chi2_level": 0.997, "chi2_df": 3, "chi2_threshold": 13.931422665512084, "N_raw": 27, "N_roi": 27, "N_inlier": 24, "refit": true}
{"timestamp": "12:48:33.606576", "frame": 60, "mu": [0.6432292272085808, 3.0543841612466185, 0.878676317448636], "Sigma": [[0.011527789767812163, 0.004696680695782359, 0.0043148731900043286], [0.004696680695782359, 0.014751879485108825, 0.004964689991372968], [0.0043148731900043286, 0.0049646899913729685, 0.02735227507498566]], "chi2_level": 0.997, "chi2_df": 3, "chi2_threshold": 13.931422665512084, "N_raw": 53, "N_roi": 53, "N_inlier": 52, "refit": true}
{"timestamp": "12:48:33.659646", "frame": 61, "mu": [0.6280493434131578, 3.1219121439998263, 1.0946217261988516], "Sigma": [[0.015447347260936087, -0.00012002231453091695, -0.004247145194961116], [-0.00012002231453091706, 0.005698792275013868, 0.0028975134017433348], [-0.004247145194961116, 0.0028975134017433343, 0.006626021964214451]], "chi2_level": 0.997, "chi2_df": 3, "chi2_threshold": 13.931422665512084, "N_raw": 52, "N_roi": 49, "N_inlier": 48, "refit": true}
{"timestamp": "12:48:33.720452", "frame": 62, "mu": [0.6190245654925309, 3.082523821351164, 0.9391604659158928], "Sigma": [[0.01752641296497416, -0.003826701151066017, 0.003710208870168237], [-0.0038267011510660165, 0.008248107089499229, -0.005508894655721604], [0.0037102088701682374, -0.005508894655721604, 0.02588811765620804]], "chi2_level": 0.997, "chi2_df": 3, "chi2_threshold": 13.931422665512084, "N_raw": 84, "N_roi": 84, "N_inlier": 84, "refit": true}
{"timestamp": "12:48:33.773181", "frame": 63, "mu": [0.6330444467998501, 3.048478449821596, 0.9808779602736722], "Sigma": [[0.016251715692957032, -0.006628744782336001, -0.0008017175648294011], [-0.0066287447823360005, 0.008489383756716125, -0.002829517420651129], [-0.0008017175648294011, -0.0028295174206511287, 0.009541287844691649]], "chi2_level": 0.997, "chi2_df": 3, "chi2_threshold": 13.931422665512084, "N_raw": 71, "N_roi": 70, "N_inlier": 67, "refit": true}
{"timestamp": "12:48:33.830062", "frame": 64, "mu": [0.5713214124418529, 3.21498071120954, -0.28468637994984825], "Sigma": [[0.01545918894882734, -0.008132604876969316, 0.007381761414252669], [-0.008132604876969316, 0.015335736462024489, -0.037264215108358645], [0.007381761414252672, -0.037264215108358645, 0.13338213576604394]], "chi2_level": 0.997, "chi2_df": 3, "chi2_threshold": 13.931422665512084, "N_raw": 75, "N_roi": 75, "N_inlier": 72, "refit": true}
{"timestamp": "12:48:33.883713", "frame": 65, "mu": [0.5106484919889993, 3.0190200789842345, 0.8374128908694389], "Sigma": [[0.016826889994611915, -0.008449142608919234, -0.0017193343107455422], [-0.008449142608919234, 0.009588480473583174, -0.0025678771395651486], [-0.0017193343107455422, -0.002567877139565149, 0.0042230239505]], "chi2_level": 0.997, "chi2_df": 3, "chi2_threshold": 13.931422665512084, "N_raw": 66, "N_roi": 66, "N_inlier": 64, "refit": true}
{"timestamp": "12:48:33.940361", "frame": 66, "mu": [0.40414344041434075, 3.0749171734279668, -0.7423770959168632], "Sigma": [[0.029165864793119944, -0.008548590787108762, 0.08969740645615161], [-0.008548590787108762, 0.01180466695905735, -0.04469098021384815], [0.0896974064561516, -0.04469098021384815, 0.48723620517121385]], "chi2_level": 0.997, "chi2_df": 3, "chi2_threshold": 13.931422665512084, "N_raw": 81, "N_roi": 81, "N_inlier": 79, "refit": true}
{"timestamp": "12:48:33.992691", "frame": 67, "mu": [0.3511178655788463, 3.0032734223007562, 0.8591931514084673], "Sigma": [[0.03909480016916476, -0.01920033096077897, 0.0113921997302911], [-0.019200330960778965, 0.010781500999267325, -0.008658238330551194], [0.011392199730291099, -0.008658238330551194, 0.02710865186109419]], "chi2_level": 0.997, "chi2_df": 3, "chi2_threshold": 13.931422665512084, "N_raw": 65, "N_roi": 65, "N_inlier": 62, "refit": true}
{"timestamp": "12:48:34.050740", "frame": 68, "mu": [0.4409398552011215, 3.0795505694695158, -0.43332562945759484], "Sigma": [[0.018702479972881346, 0.005079929009294092, -0.02139278119431518], [0.005079929009294091, 0.015297316835880582, -0.04639694241139894], [-0.02139278119431518, -0.04639694241139894, 0.247034491148697]], "chi2_level": 0.997, "chi2_df": 3, "chi2_threshold": 13.931422665512084, "N_raw": 85, "N_roi": 85, "N_inlier": 83, "refit": true}
{"timestamp": "12:48:34.101096", "frame": 69, "mu": [0.3672299660407583, 2.883128748515918, 0.9213648700070084], "Sigma": [[0.015306064915712974, -0.007568713885055964, 0.009346942378968912], [-0.007568713885055964, 0.006427113288412357, -0.004152125142591631], [0.009346942378968912, -0.004152125142591631, 0.035533153368359854]], "chi2_level": 0.997, "chi2_df": 3, "chi2_threshold": 13.931422665512084, "N_raw": 55, "N_roi": 54, "N_inlier": 51, "refit": true}
{"timestamp": "12:48:34.158597", "frame": 70, "mu": [0.33303919347311345, 2.862325380774529, 1.1355788376321583], "Sigma": [[0.017481138935304962, -0.004340958544195204, -0.006202293064261918], [-0.004340958544195204, 0.003716541308882995, -0.005280971364164176], [-0.006202293064261918, -0.005280971364164176, 0.025521538735059676]], "chi2_level": 0.997, "chi2_df": 3, "chi2_threshold": 13.931422665512084, "N_raw": 67, "N_roi": 67, "N_inlier": 63, "refit": true}
{"timestamp": "12:48:34.212595", "frame": 71, "mu": [0.14620656765541137, 2.6434917511881135, 0.5348566282937587], "Sigma": [[0.04739015914735259, -0.11155342666823863, -0.08461832619510468], [-0.11155342666823863, 0.508767419847513, 0.4817123719576307], [-0.08461832619510468, 0.4817123719576307, 0.5107404604295471]], "chi2_level": 0.997, "chi2_df": 3, "chi2_threshold": 13.931422665512084, "N_raw": 61, "N_roi": 60, "N_inlier": 58, "refit": true}
{"timestamp": "12:48:34.271114", "frame": 72, "mu": [0.24979019325891463, 2.769878648041642, 1.0009994808529359], "Sigma": [[0.03530997861968807, -0.02108757103318216, 0.006434566927929291], [-0.02108757103318216, 0.01816407852102912, -0.010382546393771976], [0.006434566927929292, -0.010382546393771976, 0.012100364349485533]], "chi2_level": 0.997, "chi2_df": 3, "chi2_threshold": 13.931422665512084, "N_raw": 88, "N_roi": 88, "N_inlier": 84, "refit": true}
{"timestamp": "12:48:34.328159", "frame": 73, "mu": [0.1854004636976208, 2.73131235067397, 0.998686242312986], "Sigma": [[0.02459051039671555, -0.014915853859329472, 0.005315141756055103], [-0.014915853859329472, 0.014323909623835963, -0.011905644629951749], [0.005315141756055103, -0.011905644629951749, 0.028059603775676192]], "chi2_level": 0.997, "chi2_df": 3, "chi2_threshold": 13.931422665512084, "N_raw": 98, "N_roi": 98, "N_inlier": 94, "refit": true}
{"timestamp": "12:48:34.376017", "frame": 74, "mu": [0.14911961055296005, 2.625378636068176, 1.283268319207975], "Sigma": [[0.010530371600239063, -0.0008168136929963717, -0.004696213109840058], [-0.0008168136929963716, 0.002465894507969184, -0.0010732913431944107], [-0.004696213109840058, -0.001073291343194411, 0.008613145575299413]], "chi2_level": 0.997, "chi2_df": 3, "chi2_threshold": 13.931422665512084, "N_raw": 46, "N_roi": 45, "N_inlier": 42, "refit": true}
{"timestamp": "12:48:34.435146", "frame": 75, "mu": [0.17219572920666248, 2.6037737896984248, 1.0355761270119792], "Sigma": [[0.013720489616062806, -0.0013388956244132335, -0.015409242899146254], [-0.0013388956244132335, 0.001494521353726082, -0.0037496664438054256], [-0.015409242899146254, -0.0037496664438054256, 0.04326765150405634]], "chi2_level": 0.997, "chi2_df": 3, "chi2_threshold": 13.931422665512084, "N_raw": 83, "N_roi": 83, "N_inlier": 74, "refit": true}
{"timestamp": "12:48:34.487228", "frame": 76, "mu": [0.11403613658796959, 2.753107043001929, -0.49180539346837726], "Sigma": [[0.0076616917669789335, 0.0017046634492071918, -0.014213461641276862], [0.0017046634492071918, 0.022468890666710824, -0.08478926859542434], [-0.014213461641276862, -0.08478926859542432, 0.34590238159266484]], "chi2_level": 0.997, "chi2_df": 3, "chi2_threshold": 13.931422665512084, "N_raw": 63, "N_roi": 63, "N_inlier": 61, "refit": true}
{"timestamp": "12:48:34.544458", "frame": 77, "mu": [0.18589437434947506, 2.332057050574056, 0.8102801492887177], "Sigma": [[0.01352109156712269, -0.006820369068249388, -0.013183186977742553], [-0.006820369068249388, 0.009679271195271818, 0.02765116131599149], [-0.013183186977742553, 0.02765116131599149, 0.11344856208313073]], "chi2_level": 0.997, "chi2_df": 3, "chi2_threshold": 13.931422665512084, "N_raw": 80, "N_roi": 80, "N_inlier": 78, "refit": true}
{"timestamp": "12:48:34.605332", "frame": 78, "mu": [0.04586830753103105, 2.38171610335178, 1.0316302199439382], "Sigma": [[0.02103345029742235, -0.019627294510444575, -0.042425931755535856], [-0.019627294510444572, 0.03110259894569072, 0.051073622133202407], [-0.042425931755535856, 0.051073622133202407, 0.14005611214313507]], "chi2_level": 0.997, "chi2_df": 3, "chi2_threshold": 13.931422665512084, "N_raw": 115, "N_roi": 115, "N_inlier": 111, "refit": true}
{"timestamp": "12:48:34.657831", "frame": 79, "mu": [-0.0369766286936024, 2.3830187202301834, 1.2255670579467604], "Sigma": [[0.015889187985480623, -0.008354374569275102, -0.024721837221741802], [-0.008354374569275102, 0.021286998048573952, 0.029213850078836007], [-0.024721837221741802, 0.029213850078836007, 0.07539090860489683]], "chi2_level": 0.997, "chi2_df": 3, "chi2_threshold": 13.931422665512084, "N_raw": 86, "N_roi": 86, "N_inlier": 82, "refit": true}
{"timestamp": "12:48:34.710992", "frame": 80, "mu": [-0.07364829000331091, 2.2677812875552976, 1.0536814221427484], "Sigma": [[0.012195240590772214, 0.004111544483318446, -0.004150675027107165], [0.004111544483318445, 0.03572881390733075, 0.0441029160587775], [-0.004150675027107165, 0.0441029160587775, 0.08315998277191272]], "chi2_level": 0.997, "chi2_df": 3, "chi2_threshold": 13.931422665512084, "N_raw": 82, "N_roi": 82, "N_inlier": 78, "refit": true}
{"timestamp": "12:48:34.758012", "frame": 81, "mu": [-0.07730784030709799, 2.3843155178073228, 1.2667108896890973], "Sigma": [[0.008754602128881213, -0.0007543514527239606, 0.0010314742032433112], [-0.0007543514527239606, 0.0036371440533818867, 0.008599394830885657], [0.0010314742032433125, 0.008599394830885657, 0.0498860588437469]], "chi2_level": 0.997, "chi2_df": 3, "chi2_threshold": 13.931422665512084, "N_raw": 32, "N_roi": 32, "N_inlier": 30, "refit": true}
{"timestamp": "12:48:34.821456", "frame": 82, "mu": [-0.20871532633783896, 2.253561055600749, 1.179166496430596], "Sigma": [[0.01539272819326834, 0.006075890100855183, -0.00525627505459871], [0.006075890100855183, 0.026576742409140902, 0.0267790407070971], [-0.005256275054598708, 0.0267790407070971, 0.0509479797171893]], "chi2_level": 0.997, "chi2_df": 3, "chi2_threshold": 13.931422665512084, "N_raw": 89, "N_roi": 88, "N_inlier": 85, "refit": true}
{"timestamp": "12:48:34.881416", "frame": 83, "mu": [-0.24794227833440946, 2.2685671942407004, 1.0344457772120295], "Sigma": [[0.03187542147652899, -0.004358466153711873, 0.0003803138165561135], [-0.004358466153711874, 0.005447122300573382, 0.01459413930774383], [0.00038031381655611284, 0.01459413930774383, 0.22952172317666858]], "chi2_level": 0.997, "chi2_df": 3, "chi2_threshold": 13.931422665512084, "N_raw": 126, "N_roi": 125, "N_inlier": 124, "refit": true}
{"timestamp": "12:48:34.936955", "frame": 84, "mu": [-0.2255457013896249, 2.1600638100249623, -0.1835554666318245], "Sigma": [[0.033511656283158164, 0.007829691356100548, 0.16433032247099477], [0.007829691356100548, 0.007818926718615131, 0.03360770111107449], [0.16433032247099477, 0.03360770111107449, 1.091030181234663]], "chi2_level": 0.997, "chi2_df": 3, "chi2_threshold": 13.931422665512084, "N_raw": 119, "N_roi": 119, "N_inlier": 117, "refit": true}
{"timestamp": "12:48:34.990890", "frame": 85, "mu": [-0.2939938650783645, 2.2290204044203343, 1.2235273982245012], "Sigma": [[0.0383161506828974, -0.0066478045676483955, -0.0190137662851056], [-0.006647804567648396, 0.005728281611455946, 0.0063488554731019305], [-0.0190137662851056, 0.0063488554731019305, 0.03748453157113694]], "chi2_level": 0.997, "chi2_df": 3, "chi2_threshold": 13.931422665512084, "N_raw": 116, "N_roi": 116, "N_inlier": 111, "refit": true}
{"timestamp": "12:48:35.037730", "frame": 86, "mu": [-0.28840039376537213, 2.189023669676071, 0.8929499851969269], "Sigma": [[0.009184871817875698, -0.00028304254475119446, 0.008989884178254038], [-0.00028304254475119446, 0.000555770008707091, -0.0009889173016832363], [0.008989884178254037, -0.0009889173016832363, 0.049453139371348806]], "chi2_level": 0.997, "chi2_df": 3, "chi2_threshold": 13.931422665512084, "N_raw": 54, "N_roi": 54, "N_inlier": 51, "refit": true}
{"timestamp": "12:48:35.093453", "frame": 87, "mu": [-0.4069654035026596, 2.2445896406323977, 1.0200184995943171], "Sigma": [[0.016496601044178417, -0.007482829577155001, 0.02487584121841146], [-0.007482829577155001, 0.004795525933174145, -0.015757475245468347], [0.02487584121841146, -0.015757475245468347, 0.13437829626766945]], "chi2_level": 0.997, "chi2_df": 3, "chi2_threshold": 13.931422665512084, "N_raw": 65, "N_roi": 65, "N_inlier": 63, "refit": true}
{"timestamp": "12:48:35.151006", "frame": 88, "mu": [-0.2978850222325509, 2.1570209787065484, -0.6822157281075335], "Sigma": [[0.008304045581903835, 0.0016192069821544983, 0.052859870730238984], [0.0016192069821544981, 0.011834144556589338, -0.005814420785696896], [0.052859870730238984, -0.005814420785696895, 0.6106273362232894]], "chi2_level": 0.997, "chi2_df": 3, "chi2_threshold": 13.931422665512084, "N_raw": 83, "N_roi": 83, "N_inlier": 83, "refit": true}
{"timestamp": "12:48:35.199509", "frame": 89, "mu": [-0.35498928883588426, 2.358600502008539, -0.6459056448833651], "Sigma": [[0.014227908446029848, 1.1659788534858738e-05, -0.005824709331100995], [1.1659788534858413e-05, 0.012804602048508681, -0.03423821888746947], [-0.005824709331100995, -0.034238218887469474, 0.14418708864029836]], "chi2_level": 0.997, "chi2_df": 3, "chi2_threshold": 13.931422665512084, "N_raw": 39, "N_roi": 39, "N_inlier": 38, "refit": true}
{"timestamp": "12:48:35.263072", "frame": 90, "mu": [-0.4944006972416604, 2.081093952281012, 1.125629288299487], "Sigma": [[0.015799301110012924, -0.00018356775726447556, -0.029170979692403582], [-0.00018356775726447556, 0.002605336687077877, -0.00045088731297567497], [-0.02917097969240358, -0.00045088731297567497, 0.14205986423500624]], "chi2_level": 0.997, "chi2_df": 3, "chi2_threshold": 13.931422665512084, "N_raw": 91, "N_roi": 91, "N_inlier": 88, "refit": true}
{"timestamp": "12:48:35.313146", "frame": 91, "mu": [-0.5565455361445044, 2.055641414316041, 0.7518116770145962], "Sigma": [[0.021879581520861904, -0.0059050369442696414, -0.006748394511644872], [-0.005905036944269642, 0.003868627178823578, 0.002168971846375927], [-0.006748394511644872, 0.0021689718463759264, 0.14573851664899087]], "chi2_level": 0.997, "chi2_df": 3, "chi2_threshold": 13.931422665512084, "N_raw": 60, "N_roi": 58, "N_inlier": 57, "refit": true}
{"timestamp": "12:48:35.366268", "frame": 92, "mu": [-0.45732909511437525, 2.0251990301271725, 0.8460728417024174], "Sigma": [[0.008558452467348392, -0.0016309942620175886, 0.0022027125763375943], [-0.0016309942620175888, 0.0024238194229140283, 0.005145635813770661], [0.002202712576337594, 0.005145635813770661, 0.13813323391547339]], "chi2_level": 0.997, "chi2_df": 3, "chi2_threshold": 13.931422665512084, "N_raw": 49, "N_roi": 49, "N_inlier": 47, "refit": true}
{"timestamp": "12:48:35.419104", "frame": 93, "mu": [-0.5800141523505429, 1.9637286700987326, 1.106347141703752], "Sigma": [[0.016220173420699893, -0.003345595322872417, 0.007152611632304138], [-0.003345595322872417, 0.003063926443661035, -0.004914784538037354], [0.007152611632304138, -0.004914784538037354, 0.11174414303844454]], "chi2_level": 0.997, "chi2_df": 3, "chi2_threshold": 13.931422665512084, "N_raw": 38, "N_roi": 38, "N_inlier": 35, "refit": true}
{"timestamp": "12:48:35.480801", "frame": 94, "mu": [-0.6334484792845121, 1.8610142195568198, 0.887164268821859], "Sigma": [[0.006838967121287181, 0.0036770033313492847, 0.005812906972462236], [0.0036770033313492847, 0.014823943489805655, 0.062427077033070016], [0.005812906972462237, 0.062427077033070016, 0.41309113866074204]], "chi2_level": 0.997, "chi2_df": 3, "chi2_threshold": 13.931422665512084, "N_raw": 90, "N_roi": 90, "N_inlier": 88, "refit": true}
{"timestamp": "12:48:35.531641", "frame": 95, "mu": [-0.645769823271345, 1.8337968102028852, 1.212861277198449], "Sigma": [[0.014952636668778647, 0.0006720378677434206, -0.03576610906194763], [0.0006720378677434206, 0.0042873942624566345, -0.014322412576212296], [-0.03576610906194763, -0.014322412576212296, 0.162822901890715]], "chi2_level": 0.997, "chi2_df": 3, "chi2_threshold": 13.931422665512084, "N_raw": 53, "N_roi": 52, "N_inlier": 48, "refit": true}
{"timestamp": "12:48:35.584797", "frame": 96, "mu": [-0.5452351081809839, 1.8082281079334297, 0.7854403582632521], "Sigma": [[0.009441169578790952, -0.0025081185775280763, -0.00430723952055222], [-0.002508118577528076, 0.005300144988320454, -0.019736016173879857], [-0.00430723952055222, -0.019736016173879857, 0.11637914308628607]], "chi2_level": 0.997, "chi2_df": 3, "chi2_threshold": 13.931422665512084, "N_raw": 39, "N_roi": 39, "N_inlier": 37, "refit": true}
{"timestamp": "12:48:35.640282", "frame": 97, "mu": [-0.7602088013790094, 1.7641791736416423, 1.371673427969406], "Sigma": [[0.008082480316439537, -0.0007917616882084774, -0.013272975792290437], [-0.0007917616882084775, 0.00214020808749616, 0.0003386705213782315], [-0.013272975792290437, 0.00033867052137823156, 0.04096105047340286]], "chi2_level": 0.997, "chi2_df": 3, "chi2_threshold": 13.931422665512084, "N_raw": 45, "N_roi": 45, "N_inlier": 43, "refit": true}
{"timestamp": "12:48:35.694717", "frame": 98, "mu": [-0.7066656667363141, 1.7123768060254145, 1.24825868832748], "Sigma": [[0.007708726213874415, -0.0007426226946378868, -0.014798296501732372], [-0.0007426226946378867, 0.0019613055968386163, -0.0007716546765699364], [-0.01479829650173237, -0.0007716546765699366, 0.06950252501252635]], "chi2_level": 0.997, "chi2_df": 3, "chi2_threshold": 13.931422665512084, "N_raw": 46, "N_roi": 46, "N_inlier": 46, "refit": true}
{"timestamp": "12:48:35.748073", "frame": 99, "mu": [-0.6615514747580448, 1.707740515331969, 1.126760965722107], "Sigma": [[0.0038393060080348716, -0.0012062339907376114, -0.004978044733152849], [-0.0012062339907376114, 0.0018493217620014022, -0.0007645620624614786], [-0.004978044733152849, -0.0007645620624614786, 0.011464730754120944]], "chi2_level": 0.997, "chi2_df": 3, "chi2_threshold": 13.931422665512084, "N_raw": 34, "N_roi": 34, "N_inlier": 31, "refit": true}
{"timestamp": "12:48:35.903977", "frame": 100, "mu": [-0.6894285614508053, 1.6601171572436504, 1.1613058700762904], "Sigma": [[0.004442755861800694, -0.0018321490696193814, 0.0021950234992403964], [-0.0018321490696193814, 0.0029556254392095324, 0.003110191079970715], [0.002195023499240397, 0.003110191079970715, 0.06144251544058939]], "chi2_level": 0.997, "chi2_df": 3, "chi2_threshold": 13.931422665512084, "N_raw": 35, "N_roi": 35, "N_inlier": 33, "refit": true}
{"timestamp": "12:48:35.931069", "frame": 101, "mu": [-0.8218477025732382, 1.6632627604801795, 1.3902613350331214], "Sigma": [[0.006739270377912223, -0.002027048942553099, -0.00774608856507285], [-0.002027048942553099, 0.006298283976864458, -0.001688581112865467], [-0.00774608856507285, -0.0016885811128654667, 0.013048393233806419]], "chi2_level": 0.997, "chi2_df": 3, "chi2_threshold": 13.931422665512084, "N_raw": 65, "N_roi": 65, "N_inlier": 63, "refit": true}
{"timestamp": "12:48:35.961344", "frame": 102, "mu": [-0.7829845126431536, 1.5617844576148285, 1.1911437525583126], "Sigma": [[0.006062490699535146, -0.0026004484909622474, -0.006091416466703844], [-0.002600448490962247, 0.004508154455967242, -0.0008341890357210353], [-0.006091416466703844, -0.0008341890357210354, 0.011926011126374184]], "chi2_level": 0.997, "chi2_df": 3, "chi2_threshold": 13.931422665512084, "N_raw": 61, "N_roi": 61, "N_inlier": 58, "refit": true}
{"timestamp": "12:48:35.994926", "frame": 103, "mu": [-0.8323479549631781, 1.5098243248034129, 1.157022411420343], "Sigma": [[0.00773127626120843, -0.0009646129257678788, 0.01612856882298362], [-0.0009646129257678787, 0.0027852350421072817, 0.01152544090154085], [0.01612856882298362, 0.01152544090154085, 0.19203477425369464]], "chi2_level": 0.997, "chi2_df": 3, "chi2_threshold": 13.931422665512084, "N_raw": 32, "N_roi": 32, "N_inlier": 30, "refit": true}
{"timestamp": "12:48:36.025939", "frame": 104, "mu": [-0.9968356890864343, 1.4554460876453474, 1.3268142309987232], "Sigma": [[0.03832896692820677, 0.01427077923979295, -0.030558775770576904], [0.01427077923979295, 0.010407863169911739, -0.013357109543892947], [-0.030558775770576904, -0.013357109543892947, 0.026046543367449954]], "chi2_level": 0.997, "chi2_df": 3, "chi2_threshold": 13.931422665512084, "N_raw": 53, "N_roi": 53, "N_inlier": 50, "refit": true}
