{"timestamp": "12:57:35.801038", "frame": 1, "mu": [0.8671095145246906, 2.251723383914097, 1.0457529199611764], "Sigma": [[0.01429089512083895, -0.00823074715827435, -0.007837989660708505], [-0.008230747158274352, 0.00677813424309614, -0.006317744374797207], [-0.007837989660708505, -0.006317744374797207, 0.07495519061398193]], "chi2_level": 0.997, "chi2_df": 3, "chi2_threshold": 13.931422665512084, "N_raw": 44, "N_roi": 44, "N_inlier": 42, "refit": true}
{"timestamp": "12:57:35.856047", "frame": 2, "mu": [1.16934995326585, 2.1788812293019366, 0.7793229726904621], "Sigma": [[0.032422371798587826, -0.0065729595480126315, -0.04828616558884535], [-0.006572959548012631, 0.003552599798132273, 0.005744635769621816], [-0.04828616558884535, 0.005744635769621816, 0.09128165696880874]], "chi2_level": 0.997, "chi2_df": 3, "chi2_threshold": 13.931422665512084, "N_raw": 35, "N_roi": 35, "N_inlier": 34, "refit": true}
{"timestamp": "12:57:35.909146", "frame": 3, "mu": [0.9775158830413636, 2.195038687238851, 1.092424444784351], "Sigma": [[0.00950510664935983, -0.0007244544242285245, -0.012440179417450485], [-0.0007244544242285246, 0.0018911890097091466, -0.002337812534652611], [-0.012440179417450483, -0.002337812534652612, 0.02648867248160684]], "chi2_level": 0.997, "chi2_df": 3, "chi2_threshold": 13.931422665512084, "N_raw": 22, "N_roi": 22, "N_inlier": 22, "refit": true}
{"timestamp": "12:57:35.963224", "frame": 4, "mu": [0.7621222086264807, 2.306527522867137, 0.9892102458243552], "Sigma": [[0.013528277035035544, -0.008574905406672434, 0.012067423716589372], [-0.008574905406672434, 0.008361103903931041, -0.016540407464989897], [0.012067423716589372, -0.016540407464989897, 0.04468655511102414]], "chi2_level": 0.997, "chi2_df": 3, "chi2_threshold": 13.931422665512084, "N_raw": 24, "N_roi": 24, "N_inlier": 23, "refit": true}
{"timestamp": "12:57:36.028629", "frame": 5, "mu": [0.9851575932546195, 2.2443345553470726, 1.0147004996373192], "Sigma": [[0.023968931668322924, -0.0021004503884243515, -0.026067045284282397], [-0.0021004503884243515, 0.003618013483015352, -0.0030309975374950534], [-0.026067045284282397, -0.0030309975374950534, 0.04835610982809062]], "chi2_level": 0.997, "chi2_df": 3, "chi2_threshold": 13.931422665512084, "N_raw": 69, "N_roi": 69, "N_inlier": 69, "refit": true}
{"timestamp": "12:57:36.075875", "frame": 6, "mu": [1.1120567885745407, 2.236583975967673, 0.9466006263029352], "Sigma": [[0.04093111569312699, -0.000541105726429961, -0.016157971676765207], [-0.0005411057264299612, 0.002527752085016959, -0.002859449441531905], [-0.016157971676765207, -0.002859449441531905, 0.015990879787185476]], "chi2_level": 0.997, "chi2_df": 3, "chi2_threshold": 13.931422665512084, "N_raw": 35, "N_roi": 35, "N_inlier": 34, "refit": true}
{"timestamp": "12:57:36.128487", "frame": 7, "mu": [0.9124547505682926, 2.222773599814476, 1.0756153709254952], "Sigma": [[0.014196390979384592, -0.001955522334810105, -0.01489363325649435], [-0.001955522334810105, 0.0006886812880913536, -4.963694126292235e-05], [-0.01489363325649435, -4.9636941262922243e-05, 0.029313759936913528]], "chi2_level": 0.997, "chi2_df": 3, "chi2_threshold": 13.931422665512084, "N_raw": 18, "N_roi": 17, "N_inlier": 16, "refit": true}
{"timestamp": "12:57:36.188297", "frame": 8, "mu": [1.186139213775901, 2.2361427302649832, 0.9752320542099123], "Sigma": [[0.03721571117133095, -0.006639231471604634, -0.015698636620909732], [-0.006639231471604634, 0.006336466156762975, 0.0006948176443886048], [-0.015698636620909735, 0.0006948176443886047, 0.007977688055516949]], "chi2_level": 0.997, "chi2_df": 3, "chi2_threshold": 13.931422665512084, "N_raw": 53, "N_roi": 53, "N_inlier": 50, "refit": true}
{"timestamp": "12:57:36.243243", "frame": 9, "mu": [1.0409294889572969, 2.2264569739395976, 1.0143638472620766], "Sigma": [[0.03033161903316757, -0.0002956548415474108, -0.020516939481091512], [-0.0002956548415474107, 0.0021716150310656613, -0.002567923870225481], [-0.020516939481091512, -0.002567923870225481, 0.020468999528680056]], "chi2_level": 0.997, "chi2_df": 3, "chi2_threshold": 13.931422665512084, "N_raw": 57, "N_roi": 57, "N_inlier": 54, "refit": true}
{"timestamp": "12:57:36.293137", "frame": 10, "mu": [1.1613135172245066, 2.1639616290506174, 0.11421803926787483], "Sigma": [[0.025948620158691083, -0.004535357003298193, -0.05548867649158065], [-0.004535357003298193, 0.003359406571595674, 0.009254178901468896], [-0.05548867649158065, 0.009254178901468894, 0.16686462966941668]], "chi2_level": 0.997, "chi2_df": 3, "chi2_threshold": 13.931422665512084, "N_raw": 22, "N_roi": 22, "N_inlier": 21, "refit": true}
{"timestamp": "12:57:36.348058", "frame": 11, "mu": [0.9515288726051888, 2.500161901233951, -0.7132446475039399], "Sigma": [[0.04275226102599111, 0.007823242397420105, -0.03259323369479443], [0.007823242397420105, 0.0031100226033099463, -0.014214871513000046], [-0.03259323369479442, -0.014214871513000046, 0.13402129061245646]], "chi2_level": 0.997, "chi2_df": 3, "chi2_threshold": 13.931422665512084, "N_raw": 11, "N_roi": 11, "N_inlier": 11, "refit": true}
{"timestamp": "12:57:36.417612", "frame": 12, "mu": [0.8235131559952592, 2.2371766899631336, 0.8578520223029655], "Sigma": [[0.026243254674810302, -0.0027786320837337904, -0.004781381112685652], [-0.0027786320837337904, 0.002336634864456008, -0.0010403801114177253], [-0.004781381112685652, -0.0010403801114177253, 0.004811640641615256]], "chi2_level": 0.997, "chi2_df": 3, "chi2_threshold": 13.931422665512084, "N_raw": 28, "N_roi": 28, "N_inlier": 27, "refit": true}
{"timestamp": "12:57:36.458507", "frame": 13, "mu": [0.8187189441356331, 2.4556851530332553, -0.48683435372373335], "Sigma": [[0.01551781712744416, 0.00038581220429439664, -0.0004482796398138163], [0.00038581220429439664, 0.0023136759548078017, 0.00033675030102055963], [-0.0004482796398138163, 0.0003367503010205596, 0.0011029363013896835]], "chi2_level": 0.997, "chi2_df": 3, "chi2_threshold": 13.931422665512084, "N_raw": 23, "N_roi": 23, "N_inlier": 21, "refit": true}
{"timestamp": "12:57:36.516729", "frame": 14, "mu": [0.8792587676500391, 2.2470192874920887, 1.1415289755386657], "Sigma": [[0.012012900421149037, -0.00863818533842095, 0.02049360599036435], [-0.00863818533842095, 0.01096923589080885, -0.023145290714715626], [0.020493605990364348, -0.023145290714715622, 0.06746603675059695]], "chi2_level": 0.997, "chi2_df": 3, "chi2_threshold": 13.931422665512084, "N_raw": 41, "N_roi": 41, "N_inlier": 40, "refit": true}
{"timestamp": "12:57:36.571179", "frame": 15, "mu": [0.947802284000051, 2.1374288015195635, 1.3238218146129566], "Sigma": [[0.007792897037884468, -0.006748298734848741, 0.010490997890123829], [-0.006748298734848739, 0.011395204360032992, -0.024124777445273242], [0.010490997890123829, -0.024124777445273242, 0.06535554512919846]], "chi2_level": 0.997, "chi2_df": 3, "chi2_threshold": 13.931422665512084, "N_raw": 38, "N_roi": 38, "N_inlier": 38, "refit": true}
{"timestamp": "12:57:36.632236", "frame": 16, "mu": [0.8644179441484914, 2.2435041257431547, 1.100862628623839], "Sigma": [[0.013964820365652603, -0.009627767404396005, 0.019003416206245106], [-0.009627767404396005, 0.012703475390484624, -0.027581415301044028], [0.019003416206245106, -0.027581415301044028, 0.083998650889031]], "chi2_level": 0.997, "chi2_df": 3, "chi2_threshold": 13.931422665512084, "N_raw": 79, "N_roi": 79, "N_inlier": 78, "refit": true}
{"timestamp": "12:57:36.683239", "frame": 17, "mu": [0.8943617738641926, 2.1904973672204555, 1.208311812200011], "Sigma": [[0.013584487106018206, -0.010081212409395617, 0.030125497158827518], [-0.010081212409395617, 0.011103109705776588, -0.03276423006434226], [0.03012549715882752, -0.03276423006434226, 0.1181064641988998]], "chi2_level": 0.997, "chi2_df": 3, "chi2_threshold": 13.931422665512084, "N_raw": 51, "N_roi": 51, "N_inlier": 48, "refit": true}
{"timestamp": "12:57:36.744367", "frame": 18, "mu": [1.0065765635075457, 2.210949078973626, 1.1007015267657552], "Sigma": [[0.04278545402478839, -0.00879172029871982, -0.030976928950490618], [-0.00879172029871982, 0.020246647108306703, -0.03415598799460968], [-0.030976928950490618, -0.03415598799460968, 0.12000051003803403]], "chi2_level": 0.997, "chi2_df": 3, "chi2_threshold": 13.931422665512084, "N_raw": 79, "N_roi": 79, "N_inlier": 76, "refit": true}
{"timestamp": "12:57:36.799066", "frame": 19, "mu": [0.9749635101195185, 2.1060291863313623, 1.3837305825815198], "Sigma": [[0.00786614398837703, -0.0027545499553054036, -0.0021689639659837516], [-0.0027545499553054036, 0.00650081730132147, -0.0075356562259072555], [-0.0021689639659837508, -0.007535656225907255, 0.01800591860165854]], "chi2_level": 0.997, "chi2_df": 3, "chi2_threshold": 13.931422665512084, "N_raw": 71, "N_roi": 71, "N_inlier": 66, "refit": true}
{"timestamp": "12:57:36.850838", "frame": 20, "mu": [0.9847519300424217, 2.090257026503012, 1.4413942634549277], "Sigma": [[0.005811345234751949, -0.0010281577423770516, -0.002885586887201177], [-0.0010281577423770516, 0.005574489590574542, -0.0029005454402203663], [-0.002885586887201177, -0.0029005454402203663, 0.004832651187390538]], "chi2_level": 0.997, "chi2_df": 3, "chi2_threshold": 13.931422665512084, "N_raw": 52, "N_roi": 52, "N_inlier": 47, "refit": true}
{"timestamp": "12:57:36.907960", "frame": 21, "mu": [1.0356308477143736, 2.1391624139193257, 1.2127219096017565], "Sigma": [[0.013069901131108843, -0.002047372770601095, -0.003427254504811733], [-0.002047372770601095, 0.006212341409167716, -0.0010034081500140844], [-0.003427254504811734, -0.0010034081500140844, 0.0034858102048257664]], "chi2_level": 0.997, "chi2_df": 3, "chi2_threshold": 13.931422665512084, "N_raw": 67, "N_roi": 67, "N_inlier": 62, "refit": true}
{"timestamp": "12:57:36.963103", "frame": 22, "mu": [1.0713965913861645, 2.1423555572831416, 1.2297819941491368], "Sigma": [[0.01577454736424574, -0.002049307269327183, -0.005351311366392603], [-0.0020493072693271827, 0.006350101229396952, -0.0011717435603878109], [-0.005351311366392603, -0.0011717435603878109, 0.004433671017481784]], "chi2_level": 0.997, "chi2_df": 3, "chi2_threshold": 13.931422665512084, "N_raw": 72, "N_roi": 72, "N_inlier": 71, "refit": true}
{"timestamp": "12:57:37.017912", "frame": 23, "mu": [1.017272037386795, 2.167021463708022, 1.0075898934601697], "Sigma": [[0.02246132144013708, -0.008994018629125786, 0.008346675417999253], [-0.008994018629125786, 0.00806667676050586, -0.018929984423629163], [0.008346675417999255, -0.018929984423629163, 0.18181352524302974]], "chi2_level": 0.997, "chi2_df": 3, "chi2_threshold": 13.931422665512084, "N_raw": 67, "N_roi": 67, "N_inlier": 66, "refit": true}
{"timestamp": "12:57:37.075961", "frame": 24, "mu": [0.9537687467126466, 2.185607845257491, 0.9509698023587506], "Sigma": [[0.011135241500071755, -0.006318102167418049, 0.005942050797041902], [-0.006318102167418049, 0.007072800173053481, -0.011861155372451457], [0.005942050797041902, -0.011861155372451457, 0.03078372461234874]], "chi2_level": 0.997, "chi2_df": 3, "chi2_threshold": 13.931422665512084, "N_raw": 86, "N_roi": 86, "N_inlier": 82, "refit": true}
{"timestamp": "12:57:37.131574", "frame": 25, "mu": [1.0246106225282838, 2.1343546819068853, 0.7732158650748029], "Sigma": [[0.019024855639468506, -0.011222377863659452, -0.03395205086382132], [-0.01122237786365945, 0.010352170013274513, 0.010661862022886921], [-0.03395205086382132, 0.010661862022886921, 0.3326607144979629]], "chi2_level": 0.997, "chi2_df": 3, "chi2_threshold": 13.931422665512084, "N_raw": 90, "N_roi": 90, "N_inlier": 89, "refit": true}
{"timestamp": "12:57:37.182426", "frame": 26, "mu": [1.017406371305055, 2.0421518856887477, 1.221379784033795], "Sigma": [[0.00893578111226454, -0.003613681447697919, -0.005366373614013435], [-0.003613681447697919, 0.005850851452122806, -0.006235610309843138], [-0.005366373614013435, -0.006235610309843138, 0.023431588585108163]], "chi2_level": 0.997, "chi2_df": 3, "chi2_threshold": 13.931422665512084, "N_raw": 63, "N_roi": 63, "N_inlier": 59, "refit": true}
{"timestamp": "12:57:37.239193", "frame": 27, "mu": [0.8911157374877176, 2.1481746202431866, 0.8735027418601289], "Sigma": [[0.014628685146962082, -0.01188858264082309, 0.010842985746934153], [-0.01188858264082309, 0.01844369740218295, -0.03217277100397899], [0.010842985746934151, -0.03217277100397899, 0.1120587369238159]], "chi2_level": 0.997, "chi2_df": 3, "chi2_threshold": 13.931422665512084, "N_raw": 71, "N_roi": 71, "N_inlier": 68, "refit": true}
{"timestamp": "12:57:37.294051", "frame": 28, "mu": [1.0017367388295573, 2.0225831772816587, 1.2495910769622887], "Sigma": [[0.010227519894771865, -0.0013655935700254377, -0.010972137892661882], [-0.0013655935700254379, 0.004225289351388501, -0.004921289789706081], [-0.010972137892661882, -0.004921289789706081, 0.030570439677233375]], "chi2_level": 0.997, "chi2_df": 3, "chi2_threshold": 13.931422665512084, "N_raw": 73, "N_roi": 73, "N_inlier": 70, "refit": true}
{"timestamp": "12:57:37.349989", "frame": 29, "mu": [1.0050097966521918, 2.0091993912603634, 1.212272706443456], "Sigma": [[0.014219075789535506, -0.002169918624442209, -0.007424874856131147], [-0.002169918624442209, 0.005355858233022097, -0.006186029271748584], [-0.007424874856131147, -0.006186029271748585, 0.019584062955876946]], "chi2_level": 0.997, "chi2_df": 3, "chi2_threshold": 13.931422665512084, "N_raw": 79, "N_roi": 79, "N_inlier": 77, "refit": true}
{"timestamp": "12:57:37.405693", "frame": 30, "mu": [0.9330188316063381, 1.9878633334675626, 1.1427749440198196], "Sigma": [[0.009232339035644842, -0.0026734772842333305, 0.0003851624003136688], [-0.00267347728423333, 0.004772360787754366, -0.010064428051713894], [0.0003851624003136688, -0.010064428051713896, 0.06661464671641068]], "chi2_level": 0.997, "chi2_df": 3, "chi2_threshold": 13.931422665512084, "N_raw": 85, "N_roi": 85, "N_inlier": 81, "refit": true}
{"timestamp": "12:57:37.455685", "frame": 31, "mu": [0.9001519348537068, 1.9292035813133337, 1.2916489672343128], "Sigma": [[0.007425416738021966, -0.0006588450148419212, -0.009573381253827338], [-0.000658845014841921, 0.0024658907839978875, -0.004066489615458456], [-0.009573381253827338, -0.004066489615458456, 0.031015752827796637]], "chi2_level": 0.997, "chi2_df": 3, "chi2_threshold": 13.931422665512084, "N_raw": 47, "N_roi": 47, "N_inlier": 44, "refit": true}
{"timestamp": "12:57:37.516129", "frame": 32, "mu": [0.9384639381222772, 1.9458114041571428, 1.127932620391488], "Sigma": [[0.010885052943038593, -0.0017522698833644305, -0.005686941535028649], [-0.001752269883364431, 0.0045360319613734264, -0.005229033901968348], [-0.005686941535028649, -0.005229033901968348, 0.06860862225079606]], "chi2_level": 0.997, "chi2_df": 3, "chi2_threshold": 13.931422665512084, "N_raw": 91, "N_roi": 91, "N_inlier": 89, "refit": true}
{"timestamp": "12:57:37.567030", "frame": 33, "mu": [0.9461783724718916, 1.9082175500957508, 1.2368896775825375], "Sigma": [[0.012155450903659057, -0.002897014266286834, -0.004849364302581672], [-0.0028970142662868336, 0.003436138128613273, -0.0012408002265757588], [-0.004849364302581672, -0.0012408002265757588, 0.013267343075494596]], "chi2_level": 0.997, "chi2_df": 3, "chi2_threshold": 13.931422665512084, "N_raw": 59, "N_roi": 59, "N_inlier": 56, "refit": true}
{"timestamp": "12:57:37.627021", "frame": 34, "mu": [0.8457516652000453, 1.9598216653472411, 1.1377823569342627], "Sigma": [[0.011218072342362327, -0.003966431485675383, -0.0022312789397763663], [-0.003966431485675383, 0.007091389994820227, -0.011065676267577648], [-0.002231278939776366, -0.011065676267577648, 0.03214619021873348]], "chi2_level": 0.997, "chi2_df": 3, "chi2_threshold": 13.931422665512084, "N_raw": 100, "N_roi": 100, "N_inlier": 97, "refit": true}
{"timestamp": "12:57:37.681404", "frame": 35, "mu": [0.7767038450145526, 1.952027469854501, 1.0219965924703194], "Sigma": [[0.007451254240317717, -0.004892944910365264, 0.00033151886219955], [-0.004892944910365264, 0.006238120068174828, -0.010080735594662191], [0.00033151886219955, -0.010080735594662191, 0.05310622476710672]], "chi2_level": 0.997, "chi2_df": 3, "chi2_threshold": 13.931422665512084, "N_raw": 87, "N_roi": 87, "N_inlier": 82, "refit": true}
{"timestamp": "12:57:37.732050", "frame": 36, "mu": [0.8793359469889481, 2.043346397200799, -0.4281917621432184], "Sigma": [[0.011909007911883979, -0.00244880054660498, -0.006537101476649748], [-0.0024488005466049793, 0.008292803293236997, -0.01536408422583827], [-0.006537101476649748, -0.01536408422583827, 0.047152972189194516]], "chi2_level": 0.997, "chi2_df": 3, "chi2_threshold": 13.931422665512084, "N_raw": 51, "N_roi": 51, "N_inlier": 48, "refit": true}
{"timestamp": "12:57:37.795526", "frame": 37, "mu": [0.7580747692158183, 1.8842726250415007, 1.0767584242281263], "Sigma": [[0.01114280023586473, -0.0027349580801436357, -0.004810992540189082], [-0.0027349580801436357, 0.003130081405813573, -0.006821230975127819], [-0.004810992540189083, -0.006821230975127818, 0.06516844725358874]], "chi2_level": 0.997, "chi2_df": 3, "chi2_threshold": 13.931422665512084, "N_raw": 117, "N_roi": 117, "N_inlier": 113, "refit": true}
{"timestamp": "12:57:37.844232", "frame": 38, "mu": [0.8288686861101422, 1.828485278896387, 1.2465908811518305], "Sigma": [[0.019694961530626793, -0.0030406716198231815, -0.01280306908089162], [-0.003040671619823181, 0.0018823288949073665, -0.00018068159367582877], [-0.01280306908089162, -0.00018068159367582874, 0.017868305636509603]], "chi2_level": 0.997, "chi2_df": 3, "chi2_threshold": 13.931422665512084, "N_raw": 68, "N_roi": 68, "N_inlier": 65, "refit": true}
{"timestamp": "12:57:37.901461", "frame": 39, "mu": [0.6749536487788435, 1.8755939827832122, 1.168019128349595], "Sigma": [[0.016017317579610668, -0.00712035792751094, 0.0064080385282287745], [-0.00712035792751094, 0.0070068039014380525, -0.017169843293924687], [0.006408038528228773, -0.017169843293924687, 0.08074145979969599]], "chi2_level": 0.997, "chi2_df": 3, "chi2_threshold": 13.931422665512084, "N_raw": 90, "N_roi": 90, "N_inlier": 86, "refit": true}
{"timestamp": "12:57:37.955939", "frame": 40, "mu": [0.7135635789724915, 1.8526701088739326, 1.1902225740909127], "Sigma": [[0.020976654325438965, -0.011869722387167481, 0.0017794564706099716], [-0.011869722387167481, 0.013551420029405634, -0.017313459229975868], [0.001779456470609972, -0.017313459229975865, 0.048046494740298845]], "chi2_level": 0.997, "chi2_df": 3, "chi2_threshold": 13.931422665512084, "N_raw": 86, "N_roi": 86, "N_inlier": 83, "refit": true}
{"timestamp": "12:57:38.016598", "frame": 41, "mu": [0.6697992984252639, 1.9881347281162647, -0.34125847589866953], "Sigma": [[0.010036615678856385, -0.002588948378006893, -0.008728046192456363], [-0.0025889483780068925, 0.015173849945301831, -0.02081413957820263], [-0.008728046192456363, -0.02081413957820263, 0.05342337971238186]], "chi2_level": 0.997, "chi2_df": 3, "chi2_threshold": 13.931422665512084, "N_raw": 113, "N_roi": 113, "N_inlier": 108, "refit": true}
{"timestamp": "12:57:38.068856", "frame": 42, "mu": [0.6946079240046708, 1.7706808053224488, 1.224971131954048], "Sigma": [[0.01993635190198003, -0.0052467493364242255, -0.02403332798514088], [-0.0052467493364242255, 0.004342077538455637, 0.005663394971259374], [-0.02403332798514088, 0.005663394971259374, 0.05740957635020897]], "chi2_level": 0.997, "chi2_df": 3, "chi2_threshold": 13.931422665512084, "N_raw": 105, "N_roi": 105, "N_inlier": 103, "refit": true}
{"timestamp": "12:57:38.121122", "frame": 43, "mu": [0.5861304156975613, 1.7836621315110495, 1.3209219798794876], "Sigma": [[0.00904287940124795, -4.602913982921052e-05, -0.01370736577570887], [-4.602913982921047e-05, 0.0051107768580222765, -0.0028100351069670097], [-0.01370736577570887, -0.0028100351069670106, 0.044027471869419396]], "chi2_level": 0.997, "chi2_df": 3, "chi2_threshold": 13.931422665512084, "N_raw": 85, "N_roi": 85, "N_inlier": 82, "refit": true}
{"timestamp": "12:57:38.174168", "frame": 44, "mu": [0.5530996209423292, 1.8193696147148386, -0.3683256915842794], "Sigma": [[0.010202849924401567, 0.004730983441441377, 0.009139787746064713], [0.004730983441441377, 0.00603204373974219, 0.0027887862918262282], [0.009139787746064713, 0.0027887862918262282, 0.03990635639308104]], "chi2_level": 0.997, "chi2_df": 3, "chi2_threshold": 13.931422665512084, "N_raw": 70, "N_roi": 70, "N_inlier": 66, "refit": true}
{"timestamp": "12:57:38.232247", "frame": 45, "mu": [0.62639771981515, 1.6674727984778688, 1.1328005352959476], "Sigma": [[0.013677370301124802, -0.004604053730786406, -0.025655448516909027], [-0.004604053730786406, 0.0026730650887389963, 0.010298145726540897], [-0.025655448516909027, 0.010298145726540897, 0.09249638229474555]], "chi2_level": 0.997, "chi2_df": 3, "chi2_threshold": 13.931422665512084, "N_raw": 88, "N_roi": 88, "N_inlier": 84, "refit": true}
{"timestamp": "12:57:38.288286", "frame": 46, "mu": [0.583549902091115, 1.6379958610565772, 1.07279996209289], "Sigma": [[0.016114225391923018, -0.005281914347565324, -0.02823217671069289], [-0.005281914347565324, 0.006469778357537505, 0.01557916992274204], [-0.02823217671069289, 0.01557916992274204, 0.1884746298948243]], "chi2_level": 0.997, "chi2_df": 3, "chi2_threshold": 13.931422665512084, "N_raw": 96, "N_roi": 96, "N_inlier": 93, "refit": true}
{"timestamp": "12:57:38.339872", "frame": 47, "mu": [0.5265894155291971, 1.6375593270977227, 1.1536501293463455], "Sigma": [[0.02002538300212229, -0.0088429117428665, -0.04940114460557716], [-0.0088429117428665, 0.007489183369260402, 0.019568995492805795], [-0.049401144605577166, 0.019568995492805795, 0.16368458769873934]], "chi2_level": 0.997, "chi2_df": 3, "chi2_threshold": 13.931422665512084, "N_raw": 75, "N_roi": 75, "N_inlier": 71, "refit": true}
{"timestamp": "12:57:38.392260", "frame": 48, "mu": [0.4668534860335621, 1.6337843720423506, 1.1160593920326654], "Sigma": [[0.00711114862236823, -0.002453334551155548, -0.01117813555425769], [-0.002453334551155548, 0.0048482723045829715, 0.029370546842004207], [-0.01117813555425769, 0.029370546842004207, 0.3573413433823852]], "chi2_level": 0.997, "chi2_df": 3, "chi2_threshold": 13.931422665512084, "N_raw": 56, "N_roi": 56, "N_inlier": 54, "refit": true}
{"timestamp": "12:57:38.443608", "frame": 49, "mu": [0.41256489386594747, 1.622605529821858, 1.2883835096730643], "Sigma": [[0.0060025608015537414, -0.002296636395700666, -0.023878660021944796], [-0.002296636395700666, 0.004331718390747035, 0.022448238129581636], [-0.023878660021944796, 0.02244823812958164, 0.2629675829091194]], "chi2_level": 0.997, "chi2_df": 3, "chi2_threshold": 13.931422665512084, "N_raw": 42, "N_roi": 42, "N_inlier": 41, "refit": true}
{"timestamp": "12:57:38.501981", "frame": 50, "mu": [0.39919266644415907, 1.6027179242928042, -0.8735825010113442], "Sigma": [[0.004711176313478844, -0.001973839671097395, -0.006954008386024302], [-0.001973839671097395, 0.00677741005777159, 0.0379143230933575], [-0.006954008386024302, 0.0379143230933575, 0.430685560598829]], "chi2_level": 0.997, "chi2_df": 3, "chi2_threshold": 13.931422665512084, "N_raw": 56, "N_roi": 56, "N_inlier": 56, "refit": true}
{"timestamp": "12:57:38.558124", "frame": 51, "mu": [0.3589757917776547, 1.657964728392118, 1.4326404234126813], "Sigma": [[0.006932385179565783, -0.0007304439645322664, -0.006944018653266217], [-0.0007304439645322664, 0.004251814053147763, 0.0009247126543779861], [-0.006944018653266216, 0.0009247126543779861, 0.010675644352125091]], "chi2_level": 0.997, "chi2_df": 3, "chi2_threshold": 13.931422665512084, "N_raw": 65, "N_roi": 65, "N_inlier": 60, "refit": true}
{"timestamp": "12:57:38.611854", "frame": 52, "mu": [0.35865639839866165, 1.6332657389738088, -0.6092144222480922], "Sigma": [[0.005178713856359809, 0.0004471401161679901, 0.0028596582517952836], [0.0004471401161679902, 0.006457226557368603, 0.004457273559025017], [0.0028596582517952836, 0.004457273559025017, 0.017929437235618788]], "chi2_level": 0.997, "chi2_df": 3, "chi2_threshold": 13.931422665512084, "N_raw": 58, "N_roi": 58, "N_inlier": 54, "refit": true}
{"timestamp": "12:57:38.669135", "frame": 53, "mu": [0.25843975924794316, 1.6413431030263739, 1.4799152341950386], "Sigma": [[0.0075462954163627695, -0.002305702320877347, -0.007305753855626589], [-0.0023057023208773474, 0.005628229689071182, 0.0015365773603065996], [-0.007305753855626589, 0.0015365773603065996, 0.007606246784451604]], "chi2_level": 0.997, "chi2_df": 3, "chi2_threshold": 13.931422665512084, "N_raw": 73, "N_roi": 73, "N_inlier": 69, "refit": true}
{"timestamp": "12:57:38.729366", "frame": 54, "mu": [0.23089839407092755, 1.5757780757941666, 1.3959743963394302], "Sigma": [[0.015509533232321166, -0.012632598189116002, -0.02208490577284032], [-0.012632598189116002, 0.018089836834381312, 0.02091417916863639], [-0.02208490577284032, 0.02091417916863639, 0.03637250780793308]], "chi2_level": 0.997, "chi2_df": 3, "chi2_threshold": 13.931422665512084, "N_raw": 104, "N_roi": 104, "N_inlier": 100, "refit": true}
{"timestamp": "12:57:38.778768", "frame": 55, "mu": [0.26947943805497354, 1.521094866450622, 1.3362709865225877], "Sigma": [[0.007738999581991787, -0.007035886259111582, -0.011029847933354913], [-0.007035886259111582, 0.011786194984879131, 0.010316650042538827], [-0.011029847933354913, 0.010316650042538827, 0.016665945376100458]], "chi2_level": 0.997, "chi2_df": 3, "chi2_threshold": 13.931422665512084, "N_raw": 71, "N_roi": 71, "N_inlier": 68, "refit": true}
{"timestamp": "12:57:38.829947", "frame": 56, "mu": [0.23942452210301557, 1.4167985395159703, 1.0886497473948127], "Sigma": [[0.005198724638507881, -0.0015260740187433963, 0.012664158550111014], [-0.0015260740187433963, 0.0022369677516739404, -0.00911373842136746], [0.012664158550111014, -0.009113738421367458, 0.15395899296270352]], "chi2_level": 0.997, "chi2_df": 3, "chi2_threshold": 13.931422665512084, "N_raw": 40, "N_roi": 40, "N_inlier": 39, "refit": true}
{"timestamp": "12:57:38.884399", "frame": 57, "mu": [0.11864225594530023, 1.6214863209594037, 1.4779518249330565], "Sigma": [[0.00390632278624628, -0.0001749109667495724, -0.0016689760327485668], [-0.0001749109667495723, 0.004880400632587284, 0.008776769887716624], [-0.0016689760327485668, 0.008776769887716624, 0.03798377996062439]], "chi2_level": 0.997, "chi2_df": 3, "chi2_threshold": 13.931422665512084, "N_raw": 44, "N_roi": 44, "N_inlier": 41, "refit": true}
{"timestamp": "12:57:38.942029", "frame": 58, "mu": [0.07251768793096737, 1.6841972726525711, -0.3931841404615156], "Sigma": [[0.006425771642147942, 0.0018336409279887148, 0.0021095966881614246], [0.0018336409279887148, 0.00512124643305857, 0.0015749554079917787], [0.0021095966881614246, 0.0015749554079917787, 0.01680991715045374]], "chi2_level": 0.997, "chi2_df": 3, "chi2_threshold": 13.931422665512084, "N_raw": 63, "N_roi": 62, "N_inlier": 62, "refit": true}
{"timestamp": "12:57:39.003132", "frame": 59, "mu": [0.04962665611534273, 1.6273696054477604, 0.1410612440827282], "Sigma": [[0.009849456433132646, -0.007865475442817804, 0.04815254266211364], [-0.007865475442817804, 0.016045305357305202, -0.0545017848693227], [0.04815254266211364, -0.0545017848693227, 0.4190731805799354]], "chi2_level": 0.997, "chi2_df": 3, "chi2_threshold": 13.931422665512084, "N_raw": 101, "N_roi": 99, "N_inlier": 95, "refit": true}
{"timestamp": "12:57:39.059662", "frame": 60, "mu": [-0.015241231516729537, 1.6935431304318318, -0.07647525275892689], "Sigma": [[0.011388387260435989, -0.003084844925710476, -0.014109076058589593], [-0.003084844925710476, 0.00768167903941642, 0.005207080416991357], [-0.014109076058589591, 0.005207080416991356, 0.018971076748559537]], "chi2_level": 0.997, "chi2_df": 3, "chi2_threshold": 13.931422665512084, "N_raw": 102, "N_roi": 102, "N_inlier": 98, "refit": true}
{"timestamp": "12:57:39.109797", "frame": 61, "mu": [-0.0017871097501318393, 1.5876422114218591, 1.471371796155022], "Sigma": [[0.007375630025995399, -0.005784893180037155, -0.010278037712057863], [-0.005784893180037155, 0.011352494640937719, 0.010075789153126992], [-0.010278037712057861, 0.010075789153126992, 0.01535803587620017]], "chi2_level": 0.997, "chi2_df": 3, "chi2_threshold": 13.931422665512084, "N_raw": 72, "N_roi": 72, "N_inlier": 70, "refit": true}
{"timestamp": "12:57:39.164548", "frame": 62, "mu": [-0.0561260149054514, 1.5891794982359304, 1.4160480631763086], "Sigma": [[0.008309596579604653, -0.0071839820427209, -0.008082226183685794], [-0.0071839820427209, 0.011910463571423408, 0.006150314388161241], [-0.008082226183685794, 0.0061503143881612415, 0.009580292299404563]], "chi2_level": 0.997, "chi2_df": 3, "chi2_threshold": 13.931422665512084, "N_raw": 79, "N_roi": 79, "N_inlier": 77, "refit": true}
{"timestamp": "12:57:39.219262", "frame": 63, "mu": [-0.12265867087989928, 1.6212588104402255, 1.4841734497703454], "Sigma": [[0.0075559969960344, -0.004868635330781856, -0.006681790887615241], [-0.004868635330781856, 0.011103140608868621, 0.004907147455735911], [-0.006681790887615241, 0.004907147455735911, 0.00860076117527399]], "chi2_level": 0.997, "chi2_df": 3, "chi2_threshold": 13.931422665512084, "N_raw": 74, "N_roi": 74, "N_inlier": 72, "refit": true}
{"timestamp": "12:57:39.273427", "frame": 64, "mu": [-0.14583645902156647, 1.66516145981534, 1.434218411369358], "Sigma": [[0.005260905927137, -0.0009666643943526536, -0.0015826612593929706], [-0.0009666643943526535, 0.006513159036588793, -0.0014510464966457316], [-0.0015826612593929706, -0.0014510464966457316, 0.0012293559941563548]], "chi2_level": 0.997, "chi2_df": 3, "chi2_threshold": 13.931422665512084, "N_raw": 68, "N_roi": 68, "N_inlier": 65, "refit": true}
{"timestamp": "12:57:39.328260", "frame": 65, "mu": [-0.15824832857960636, 1.5996951556815366, 1.424844232123656], "Sigma": [[0.006812797059761398, -0.004189233154984312, -0.004346277184575295], [-0.004189233154984312, 0.010365861617079275, 0.0035770253076798323], [-0.004346277184575295, 0.0035770253076798323, 0.003827015547132666]], "chi2_level": 0.997, "chi2_df": 3, "chi2_threshold": 13.931422665512084, "N_raw": 72, "N_roi": 72, "N_inlier": 68, "refit": true}
{"timestamp": "12:57:39.386328", "frame": 66, "mu": [-0.22014212981205525, 1.6604773079353106, 1.4564154207526958], "Sigma": [[0.00865431550690566, -0.0015843400669667686, -0.006385036809147302], [-0.0015843400669667686, 0.007526448617485447, -0.001525922624917774], [-0.006385036809147302, -0.0015259226249177736, 0.00624160979097072]], "chi2_level": 0.997, "chi2_df": 3, "chi2_threshold": 13.931422665512084, "N_raw": 88, "N_roi": 88, "N_inlier": 85, "refit": true}
{"timestamp": "12:57:39.439215", "frame": 67, "mu": [-0.20346952349476466, 1.563962126146069, 1.3580364585338776], "Sigma": [[0.007678302401190126, -0.005235908948632527, -0.007318981025165846], [-0.005235908948632527, 0.012785604697543076, 0.006354277838320125], [-0.007318981025165846, 0.006354277838320125, 0.00809497369908902]], "chi2_level": 0.997, "chi2_df": 3, "chi2_threshold": 13.931422665512084, "N_raw": 79, "N_roi": 79, "N_inlier": 76, "refit": true}
{"timestamp": "12:57:39.493969", "frame": 68, "mu": [-0.27038767809649333, 1.5551422224961555, 1.3711105492813462], "Sigma": [[0.00777891202526106, -0.006017168039155566, -0.005664689647650111], [-0.006017168039155566, 0.014213467269643421, 0.008325280857411486], [-0.005664689647650111, 0.008325280857411486, 0.006192685345111743]], "chi2_level": 0.997, "chi2_df": 3, "chi2_threshold": 13.931422665512084, "N_raw": 77, "N_roi": 77, "N_inlier": 74, "refit": true}
{"timestamp": "12:57:39.549258", "frame": 69, "mu": [-0.31975610060220006, 1.5759229930941931, 1.3943421117421317], "Sigma": [[0.007394148399038105, -0.007887129707106595, -0.006859879954743318], [-0.007887129707106595, 0.018511361940937936, 0.011276357153818313], [-0.006859879954743318, 0.011276357153818311, 0.010859883328836679]], "chi2_level": 0.997, "chi2_df": 3, "chi2_threshold": 13.931422665512084, "N_raw": 78, "N_roi": 78, "N_inlier": 78, "refit": true}
{"timestamp": "12:57:39.606227", "frame": 70, "mu": [-0.34032198302819977, 1.5519967053831225, 1.3398899128076573], "Sigma": [[0.006232893700567638, -0.0056371491427309245, -0.005375031276987134], [-0.0056371491427309245, 0.01833285175868684, 0.009881961270086868], [-0.0053750312769871335, 0.009881961270086868, 0.008155894312659584]], "chi2_level": 0.997, "chi2_df": 3, "chi2_threshold": 13.931422665512084, "N_raw": 84, "N_roi": 84, "N_inlier": 82, "refit": true}
{"timestamp": "12:57:39.662140", "frame": 71, "mu": [-0.3784096229933639, 1.5916366386394165, 1.3475492494850874], "Sigma": [[0.0055959984419651524, -0.002477415918012981, -0.0039739547932151655], [-0.00247741591801298, 0.021459319465175507, 0.007228854522824851], [-0.003973954793215166, 0.007228854522824851, 0.008073147757636701]], "chi2_level": 0.997, "chi2_df": 3, "chi2_threshold": 13.931422665512084, "N_raw": 98, "N_roi": 98, "N_inlier": 98, "refit": true}
{"timestamp": "12:57:39.715056", "frame": 72, "mu": [-0.42092307867413303, 1.5883937355293103, 1.3180046532746275], "Sigma": [[0.004706473779758275, 0.0006179603247019003, -0.0038527350736247967], [0.0006179603247019003, 0.01398221286232546, 0.001489813760797275], [-0.003852735073624797, 0.001489813760797275, 0.00839174943582992]], "chi2_level": 0.997, "chi2_df": 3, "chi2_threshold": 13.931422665512084, "N_raw": 77, "N_roi": 77, "N_inlier": 77, "refit": true}
{"timestamp": "12:57:39.768842", "frame": 73, "mu": [-0.47573987671069884, 1.6227881324676883, 1.2721937357087698], "Sigma": [[0.00464843011185411, -0.0024364418119448275, -0.008417646789673857], [-0.0024364418119448275, 0.013883349244442022, 0.017955047237027386], [-0.008417646789673858, 0.017955047237027386, 0.057409335247174925]], "chi2_level": 0.997, "chi2_df": 3, "chi2_threshold": 13.931422665512084, "N_raw": 70, "N_roi": 70, "N_inlier": 68, "refit": true}
{"timestamp": "12:57:39.833488", "frame": 74, "mu": [-0.4810991621152788, 1.6650458403682586, 0.11191440577881356], "Sigma": [[0.009795813647631485, 0.0006631613325919676, 0.03628138982487479], [0.0006631613325919672, 0.015354121708542013, 0.03283032295395737], [0.03628138982487479, 0.032830322953957373, 0.4204116142987812]], "chi2_level": 0.997, "chi2_df": 3, "chi2_threshold": 13.931422665512084, "N_raw": 138, "N_roi": 138, "N_inlier": 138, "refit": true}
{"timestamp": "12:57:39.886272", "frame": 75, "mu": [-0.5120853489718007, 1.6005648205033667, 0.9758078015207617], "Sigma": [[0.010935466492798156, 0.0023016390053409996, -0.03893706616590229], [0.0023016390053409996, 0.009951219439085146, -0.009298067109257508], [-0.0389370661659023, -0.009298067109257506, 0.26801351919139677]], "chi2_level": 0.997, "chi2_df": 3, "chi2_threshold": 13.931422665512084, "N_raw": 112, "N_roi": 112, "N_inlier": 111, "refit": true}
{"timestamp": "12:57:39.936707", "frame": 76, "mu": [-0.5783387460439199, 1.6096971052027231, 1.0312193849402105], "Sigma": [[0.007956034623831775, 0.0013791520203133001, -0.01577959825198489], [0.0013791520203133001, 0.009510263322130955, -0.025321921616327348], [-0.01577959825198489, -0.025321921616327348, 0.24597641760513755]], "chi2_level": 0.997, "chi2_df": 3, "chi2_threshold": 13.931422665512084, "N_raw": 89, "N_roi": 89, "N_inlier": 89, "refit": true}
{"timestamp": "12:57:39.993578", "frame": 77, "mu": [-0.6055603488277724, 1.6331151311949437, 1.1088095911642484], "Sigma": [[0.008808353812495449, 0.001908909684787161, -0.017564516052144936], [0.001908909684787161, 0.012293623531528958, -0.02021170723508955], [-0.017564516052144936, -0.020211707235089547, 0.19799424655109296]], "chi2_level": 0.997, "chi2_df": 3, "chi2_threshold": 13.931422665512084, "N_raw": 100, "N_roi": 100, "N_inlier": 100, "refit": true}
{"timestamp": "12:57:40.040140", "frame": 78, "mu": [-0.6490358741514225, 1.8208962437046539, -0.12696648320979284], "Sigma": [[0.005482345828283293, 0.0006274992399235309, -0.003663030694719186], [0.000627499239923531, 0.006191247291187397, 0.00033989075935174487], [-0.003663030694719186, 0.00033989075935174465, 0.0034786132063991514]], "chi2_level": 0.997, "chi2_df": 3, "chi2_threshold": 13.931422665512084, "N_raw": 51, "N_roi": 51, "N_inlier": 50, "refit": true}
{"timestamp": "12:57:40.100576", "frame": 79, "mu": [-0.6868013214552224, 1.7167065941818305, 1.4180249363656987], "Sigma": [[0.007553606427231894, 0.000517029577850944, -0.004536035375274342], [0.0005170295778509442, 0.014062773062062018, 0.0023765240044560394], [-0.004536035375274342, 0.0023765240044560394, 0.0037854609276114664]], "chi2_level": 0.997, "chi2_df": 3, "chi2_threshold": 13.931422665512084, "N_raw": 87, "N_roi": 87, "N_inlier": 83, "refit": true}
{"timestamp": "12:57:40.153566", "frame": 80, "mu": [-0.7103657913621318, 1.7124618027271876, 1.4259250461907276], "Sigma": [[0.00775745086890376, -0.0001671552090322431, -0.004949081510545692], [-0.0001671552090322431, 0.010945751525383211, 0.0033903999919842613], [-0.004949081510545692, 0.0033903999919842613, 0.005041660813123725]], "chi2_level": 0.997, "chi2_df": 3, "chi2_threshold": 13.931422665512084, "N_raw": 72, "N_roi": 72, "N_inlier": 72, "refit": true}
{"timestamp": "12:57:40.209141", "frame": 81, "mu": [-0.7145807685556349, 1.6953930129261545, 1.3081762595177089], "Sigma": [[0.007054257774948365, 0.00024428626724914434, -0.005947574921406474], [0.0002442862672491442, 0.00946740519200784, 0.004400968783094014], [-0.005947574921406474, 0.004400968783094014, 0.05279738269343372]], "chi2_level": 0.997, "chi2_df": 3, "chi2_threshold": 13.931422665512084, "N_raw": 78, "N_roi": 78, "N_inlier": 74, "refit": true}
{"timestamp": "12:57:40.265479", "frame": 82, "mu": [-0.7619706592101667, 1.7622681298881917, 1.3705106069542998], "Sigma": [[0.008306054853664592, 0.002477441750733296, -0.004975754473145648], [0.002477441750733296, 0.013497178441630607, 0.001722213909938399], [-0.004975754473145648, 0.0017222139099383987, 0.006716159295237122]], "chi2_level": 0.997, "chi2_df": 3, "chi2_threshold": 13.931422665512084, "N_raw": 81, "N_roi": 81, "N_inlier": 79, "refit": true}
{"timestamp": "12:57:40.317948", "frame": 83, "mu": [-0.7018543287133514, 1.8870970706372154, 1.1632935555917459], "Sigma": [[0.016068794577348142, 0.003955852254669116, -0.04297477199209801], [0.003955852254669117, 0.008664033568578774, -0.01807997184706235], [-0.04297477199209801, -0.01807997184706235, 0.27254236035714113]], "chi2_level": 0.997, "chi2_df": 3, "chi2_threshold": 13.931422665512084, "N_raw": 62, "N_roi": 62, "N_inlier": 61, "refit": true}
{"timestamp": "12:57:40.372219", "frame": 84, "mu": [-0.6613674105134151, 1.67165590027794, 0.396146860516176], "Sigma": [[0.008945178123692858, -0.0016497120283747262, -0.003425153595709096], [-0.0016497120283747264, 0.005789946121395693, -0.0005593379827044393], [-0.0034251535957090956, -0.0005593379827044383, 0.07945811327529403]], "chi2_level": 0.997, "chi2_df": 3, "chi2_threshold": 13.931422665512084, "N_raw": 59, "N_roi": 59, "N_inlier": 58, "refit": true}
{"timestamp": "12:57:40.430502", "frame": 85, "mu": [-0.7845042237056509, 1.910375165487311, 1.0412097282077313], "Sigma": [[0.010167219478958914, -0.004183066180235447, -0.03215790464841822], [-0.004183066180235447, 0.012018192347563064, 0.03471657069961287], [-0.03215790464841822, 0.03471657069961287, 0.4624687792720546]], "chi2_level": 0.997, "chi2_df": 3, "chi2_threshold": 13.931422665512084, "N_raw": 83, "N_roi": 83, "N_inlier": 83, "refit": true}
{"timestamp": "12:57:40.483422", "frame": 86, "mu": [-0.8658023384597979, 1.7835723710361586, 0.7449137789423279], "Sigma": [[0.005341625891760279, -0.0020415520544349833, 0.010039469067465334], [-0.0020415520544349833, 0.2590184443803983, 0.2817837722772457], [0.010039469067465336, 0.2817837722772457, 0.8190342216436984]], "chi2_level": 0.997, "chi2_df": 3, "chi2_threshold": 13.931422665512084, "N_raw": 70, "N_roi": 70, "N_inlier": 69, "refit": true}
