{"timestamp": "11:54:38.734760", "frame": 11, "mu": [0.5346831802645343, 0.1051349462551401, 1.54413626504763], "Sigma": [[0.0029137412144779, 0.000646934204465998, -0.0025201597452121417], [0.000646934204465998, 0.0008642340586702918, -0.0009775788031641762], [-0.0025201597452121417, -0.000977578803164176, 0.002424285336596363]], "chi2_level": 0.997, "chi2_df": 3, "chi2_threshold": 13.931422665512084, "N_raw": 8, "N_roi": 8, "N_inlier": 8, "refit": true}
{"timestamp": "11:54:38.790701", "frame": 12, "mu": [0.5545164554789666, 0.10895727492116107, 1.5272436178171673], "Sigma": [[0.0020818354647831397, 0.00018073463263339743, -0.0016386679596785561], [0.00018073463263339738, 0.0008154357595196233, -0.0006067130476892119], [-0.001638667959678556, -0.0006067130476892119, 0.001561631567122459]], "chi2_level": 0.997, "chi2_df": 3, "chi2_threshold": 13.931422665512084, "N_raw": 11, "N_roi": 11, "N_inlier": 10, "refit": true}
{"timestamp": "11:54:38.846179", "frame": 13, "mu": [0.4237577707204224, 0.11243718096887326, 1.519459531742737], "Sigma": [[0.1472134079318573, 0.00785960381525476, 0.002520470526886325], [0.00785960381525476, 0.0017145237427376213, -0.00034822911494603167], [0.002520470526886325, -0.00034822911494603167, 0.0014542683144107918]], "chi2_level": 0.997, "chi2_df": 3, "chi2_threshold": 13.931422665512084, "N_raw": 21, "N_roi": 21, "N_inlier": 18, "refit": true}
{"timestamp": "11:54:38.903065", "frame": 14, "mu": [-0.2488527993891932, 0.13832668438574136, 1.5502750269536945], "Sigma": [[0.3492735305393007, 0.005511662925991097, 0.005858688030957978], [0.005511662925991097, 0.0019714681855938785, -0.0010532338395140058], [0.0058586880309579766, -0.0010532338395140058, 0.0014182991286017254]], "chi2_level": 0.997, "chi2_df": 3, "chi2_threshold": 13.931422665512084, "N_raw": 42, "N_roi": 42, "N_inlier": 41, "refit": true}
{"timestamp": "11:54:38.958382", "frame": 15, "mu": [-0.6340880568129508, 0.146780770287128, 1.5344190924391168], "Sigma": [[0.003868844926146097, 0.0013178315509370262, -0.0003116936535141041], [0.0013178315509370262, 0.0016694209410628746, -0.0013771951723011567], [-0.0003116936535141041, -0.0013771951723011567, 0.0031264438482403725]], "chi2_level": 0.997, "chi2_df": 3, "chi2_threshold": 13.931422665512084, "N_raw": 25, "N_roi": 25, "N_inlier": 24, "refit": true}
{"timestamp": "11:54:39.015384", "frame": 16, "mu": [-0.31021767601021594, 0.16640095364955287, 1.545288917736441], "Sigma": [[0.305141340555335, -0.006171015159361226, 0.003321581531263215], [-0.006171015159361226, 0.0025755482948062055, -0.0012689491687740563], [0.0033215815312632145, -0.0012689491687740563, 0.001873334554325534]], "chi2_level": 0.997, "chi2_df": 3, "chi2_threshold": 13.931422665512084, "N_raw": 45, "N_roi": 45, "N_inlier": 44, "refit": true}
{"timestamp": "11:54:39.067468", "frame": 17, "mu": [-0.6248115876386802, 0.2795755533403902, 1.34965984540922], "Sigma": [[0.0046522900443504486, 0.0019084352145160763, -0.01107660494896302], [0.0019084352145160763, 0.00441963747948851, -0.027443060698760298], [-0.01107660494896302, -0.027443060698760294, 0.29213038728326707]], "chi2_level": 0.997, "chi2_df": 3, "chi2_threshold": 13.931422665512084, "N_raw": 24, "N_roi": 24, "N_inlier": 24, "refit": true}
{"timestamp": "11:54:39.128549", "frame": 18, "mu": [-0.49154732070662266, 0.32726582671178284, 1.393548712418986], "Sigma": [[0.0027878089158319547, -0.0005934335037716617, 0.0012034599222476299], [-0.0005934335037716617, 0.0003336788466761025, 0.00015167888720502747], [0.0012034599222476299, 0.00015167888720502747, 0.005457867431524808]], "chi2_level": 0.997, "chi2_df": 3, "chi2_threshold": 13.931422665512084, "N_raw": 64, "N_roi": 63, "N_inlier": 57, "refit": true}
{"timestamp": "11:54:39.182172", "frame": 19, "mu": [-0.5221692251972194, 0.301757062152274, 1.346034269889792], "Sigma": [[0.01615822900642008, 0.004377696562836864, -0.013002699898104758], [0.004377696562836864, 0.0018301386777696098, 0.0021293525769129], [-0.01300269989810476, 0.0021293525769129, 0.1428887878668237]], "chi2_level": 0.997, "chi2_df": 3, "chi2_threshold": 13.931422665512084, "N_raw": 46, "N_roi": 46, "N_inlier": 45, "refit": true}
{"timestamp": "11:54:39.241725", "frame": 20, "mu": [-0.47599947350031246, 0.42376444325598156, 1.4309928328793267], "Sigma": [[0.010125367243386403, 0.002343700704752184, -0.003788693446786121], [0.002343700704752184, 0.003184969985666344, -0.0034576324452975137], [-0.0037886934467861216, -0.0034576324452975137, 0.005482797083116536]], "chi2_level": 0.997, "chi2_df": 3, "chi2_threshold": 13.931422665512084, "N_raw": 79, "N_roi": 79, "N_inlier": 79, "refit": true}
{"timestamp": "11:54:39.292095", "frame": 21, "mu": [-0.45477666857741295, 0.4602691343392862, 1.405972710855989], "Sigma": [[0.0021165413926720264, -0.0012577828345491393, -0.00020849591410073892], [-0.0012577828345491393, 0.0011049882785630868, -0.0005813448870819167], [-0.00020849591410073892, -0.0005813448870819166, 0.0027649617635060147]], "chi2_level": 0.997, "chi2_df": 3, "chi2_threshold": 13.931422665512084, "N_raw": 48, "N_roi": 46, "N_inlier": 43, "refit": true}
{"timestamp": "11:54:39.348167", "frame": 22, "mu": [-0.6467131110073162, 0.5625155747053646, -0.3776613202168746], "Sigma": [[0.013350884716238123, 0.00602665569631808, -0.0023502528376764466], [0.00602665569631808, 0.01685981046487195, -0.03775008374207198], [-0.0023502528376764466, -0.03775008374207198, 0.10693177996238462]], "chi2_level": 0.997, "chi2_df": 3, "chi2_threshold": 13.931422665512084, "N_raw": 55, "N_roi": 55, "N_inlier": 53, "refit": true}
{"timestamp": "11:54:39.410119", "frame": 23, "mu": [-0.5255131780522241, 0.47925776166820927, 1.4540966253519154], "Sigma": [[0.020270399916057384, 0.004729430080660314, -0.012104980559497363], [0.004729430080660315, 0.0037597737827359187, -0.003129909285060819], [-0.012104980559497363, -0.0031299092850608184, 0.01166804864046657]], "chi2_level": 0.997, "chi2_df": 3, "chi2_threshold": 13.931422665512084, "N_raw": 102, "N_roi": 100, "N_inlier": 95, "refit": true}
{"timestamp": "11:54:39.464214", "frame": 24, "mu": [-0.5022823413243246, 0.5454457667309378, 1.4520217383307168], "Sigma": [[0.015797724736175127, -0.0008894962121989685, -0.00798624809335444], [-0.0008894962121989687, 0.002259602594252819, -0.0017564537521469307], [-0.00798624809335444, -0.0017564537521469307, 0.008727636918808063]], "chi2_level": 0.997, "chi2_df": 3, "chi2_threshold": 13.931422665512084, "N_raw": 85, "N_roi": 85, "N_inlier": 81, "refit": true}
{"timestamp": "11:54:39.516512", "frame": 25, "mu": [-0.4589092145644556, 0.5877329038875998, 1.391284365287063], "Sigma": [[0.0033513606396749903, -0.0021362725664773896, -0.0011181454904976348], [-0.0021362725664773896, 0.0021460751235168087, -0.0008687910703288265], [-0.0011181454904976348, -0.0008687910703288265, 0.004787902500961434]], "chi2_level": 0.997, "chi2_df": 3, "chi2_threshold": 13.931422665512084, "N_raw": 72, "N_roi": 70, "N_inlier": 67, "refit": true}
{"timestamp": "11:54:39.565653", "frame": 26, "mu": [-0.4043573497542656, 0.5177516714519371, 1.2847858520058648], "Sigma": [[0.002365634985692213, -0.0011898373259065518, -0.0004943555860618841], [-0.0011898373259065518, 0.000915006352762081, -0.0002615130052999852], [-0.0004943555860618841, -0.0002615130052999852, 0.0018389307726902357]], "chi2_level": 0.997, "chi2_df": 3, "chi2_threshold": 13.931422665512084, "N_raw": 38, "N_roi": 38, "N_inlier": 34, "refit": true}
{"timestamp": "11:54:39.622308", "frame": 27, "mu": [-0.5171098444611262, 0.6279549652479481, 1.3338695870757593], "Sigma": [[0.032339862701323205, 0.0015546363696765351, -0.017421205157116995], [0.0015546363696765345, 0.005502788236316101, -0.016309519536709224], [-0.017421205157116995, -0.016309519536709224, 0.0876953864352501]], "chi2_level": 0.997, "chi2_df": 3, "chi2_threshold": 13.931422665512084, "N_raw": 55, "N_roi": 55, "N_inlier": 53, "refit": true}
{"timestamp": "11:54:39.680003", "frame": 28, "mu": [-0.5101339096987509, 0.6353180907230942, 1.3596499161333675], "Sigma": [[0.043389832998652525, 0.010591667170888396, -0.028927616314391], [0.010591667170888398, 0.005795822117365709, -0.010014664158506999], [-0.028927616314391, -0.010014664158506999, 0.02594414383742924]], "chi2_level": 0.997, "chi2_df": 3, "chi2_threshold": 13.931422665512084, "N_raw": 69, "N_roi": 69, "N_inlier": 64, "refit": true}
{"timestamp": "11:54:39.733942", "frame": 29, "mu": [-0.43512389381614275, 0.692888900536447, 1.2682035900063187], "Sigma": [[0.003914503781092059, -0.0023467810301252704, -0.0005399339982173814], [-0.0023467810301252704, 0.0024277545224128455, -0.0008621109808401854], [-0.0005399339982173814, -0.0008621109808401854, 0.0030120937926391977]], "chi2_level": 0.997, "chi2_df": 3, "chi2_threshold": 13.931422665512084, "N_raw": 62, "N_roi": 60, "N_inlier": 58, "refit": true}
{"timestamp": "11:54:39.798086", "frame": 30, "mu": [-0.6231927240558914, 0.7698652464896849, 1.4263179117685596], "Sigma": [[0.030829121816697044, 0.002492101996764189, -0.019564899531651726], [0.00249210199676419, 0.008353339482564693, -0.007468364123552429], [-0.019564899531651726, -0.007468364123552429, 0.022126710433397256]], "chi2_level": 0.997, "chi2_df": 3, "chi2_threshold": 13.931422665512084, "N_raw": 126, "N_roi": 126, "N_inlier": 125, "refit": true}
{"timestamp": "11:54:39.853426", "frame": 31, "mu": [-0.630242575499802, 0.884050926995051, 1.4923510618489555], "Sigma": [[0.02316231616907302, 0.0007551587815680764, -0.015867598878129847], [0.0007551587815680768, 0.01342459201546097, -0.005545868679155515], [-0.015867598878129847, -0.0055458686791555155, 0.016605835089172547]], "chi2_level": 0.997, "chi2_df": 3, "chi2_threshold": 13.931422665512084, "N_raw": 116, "N_roi": 116, "N_inlier": 115, "refit": true}
{"timestamp": "11:54:39.910069", "frame": 32, "mu": [-0.5841433285330256, 1.0260721976337264, -0.27544851690134853], "Sigma": [[0.023519321658728096, 0.002486446435158482, -0.019320913843161855], [0.002486446435158482, 0.01621511901334456, -0.003005193243546057], [-0.019320913843161855, -0.003005193243546057, 0.01955431829719704]], "chi2_level": 0.997, "chi2_df": 3, "chi2_threshold": 13.931422665512084, "N_raw": 133, "N_roi": 133, "N_inlier": 125, "refit": true}
{"timestamp": "11:54:39.967739", "frame": 33, "mu": [-0.5655570643607206, 0.9750395382741095, 1.372737224587461], "Sigma": [[0.013902020650248306, -0.006074223546491077, -0.011792917407147743], [-0.006074223546491078, 0.016327085592371927, 0.0008956944790382455], [-0.011792917407147743, 0.0008956944790382455, 0.09486915910197945]], "chi2_level": 0.997, "chi2_df": 3, "chi2_threshold": 13.931422665512084, "N_raw": 149, "N_roi": 149, "N_inlier": 141, "refit": true}
{"timestamp": "11:54:40.011547", "frame": 34, "mu": [-0.5148784829729682, 0.9542690344882258, 1.3993001799182683], "Sigma": [[0.008491537532907814, -0.008095034290646437, -0.008562490185598815], [-0.008095034290646435, 0.01068639630807411, 0.007336667999909098], [-0.008562490185598815, 0.007336667999909098, 0.010217334087168415]], "chi2_level": 0.997, "chi2_df": 3, "chi2_threshold": 13.931422665512084, "N_raw": 75, "N_roi": 75, "N_inlier": 72, "refit": true}
{"timestamp": "11:54:40.064563", "frame": 35, "mu": [-0.4797053563029875, 0.9979460710108864, 1.3778830171835423], "Sigma": [[0.00520205129759929, -0.0060534586687343035, -0.005091679812661384], [-0.006053458668734304, 0.012627419125115983, 0.006388607198685731], [-0.005091679812661384, 0.006388607198685732, 0.008852583618394822]], "chi2_level": 0.997, "chi2_df": 3, "chi2_threshold": 13.931422665512084, "N_raw": 69, "N_roi": 68, "N_inlier": 66, "refit": true}
{"timestamp": "11:54:40.120158", "frame": 36, "mu": [-0.5007335896868087, 1.0527724299966903, 1.3654380938100354], "Sigma": [[0.013621192192266205, -0.01354260680214103, -0.01245367928906349], [-0.01354260680214103, 0.019606628626539516, 0.011707622853775378], [-0.01245367928906349, 0.01170762285377538, 0.014104262502384774]], "chi2_level": 0.997, "chi2_df": 3, "chi2_threshold": 13.931422665512084, "N_raw": 72, "N_roi": 72, "N_inlier": 69, "refit": true}
{"timestamp": "11:54:40.173618", "frame": 37, "mu": [-0.5281480581721308, 1.0945850744477763, 1.3823038180115572], "Sigma": [[0.01604985668600179, -0.012873325872007183, -0.015859641474242014], [-0.012873325872007183, 0.013339994843868993, 0.013777070929127031], [-0.01585964147424201, 0.013777070929127031, 0.022251656724029446]], "chi2_level": 0.997, "chi2_df": 3, "chi2_threshold": 13.931422665512084, "N_raw": 62, "N_roi": 62, "N_inlier": 60, "refit": true}
{"timestamp": "11:54:40.235160", "frame": 38, "mu": [-0.5356446909928745, 1.1693646668113336, 1.2843706742618204], "Sigma": [[0.008305567566049795, -0.003665034695362648, -0.00043101655506335465], [-0.003665034695362648, 0.013675842023151858, 0.02124338825942205], [-0.00043101655506335487, 0.02124338825942205, 0.064676498320091]], "chi2_level": 0.997, "chi2_df": 3, "chi2_threshold": 13.931422665512084, "N_raw": 109, "N_roi": 109, "N_inlier": 106, "refit": true}
{"timestamp": "11:54:40.292369", "frame": 39, "mu": [-0.5248760936145682, 1.2233668189060636, 1.277352812273691], "Sigma": [[0.008451427653714627, -0.0003361365367533413, 0.007898743090327145], [-0.00033613653675334116, 0.02034562507137133, 0.025067099621161586], [0.007898743090327145, 0.02506709962116159, 0.07079009506683023]], "chi2_level": 0.997, "chi2_df": 3, "chi2_threshold": 13.931422665512084, "N_raw": 119, "N_roi": 119, "N_inlier": 118, "refit": true}
{"timestamp": "11:54:40.347308", "frame": 40, "mu": [-0.5374186942186803, 1.3677963158439759, 0.2018524857225217], "Sigma": [[0.006716040572577784, -0.004037763819388589, 0.04511677000869249], [-0.004037763819388588, 0.017351871080226712, -0.02544241186361387], [0.04511677000869249, -0.02544241186361387, 0.6247768959843044]], "chi2_level": 0.997, "chi2_df": 3, "chi2_threshold": 13.931422665512084, "N_raw": 110, "N_roi": 110, "N_inlier": 110, "refit": true}
{"timestamp": "11:54:40.403213", "frame": 41, "mu": [-0.541083170434005, 1.3925735355512647, 1.4193557541908661], "Sigma": [[0.010070029111908277, -0.004258978653872778, -0.0013402479322846509], [-0.004258978653872777, 0.014010925488550699, 0.011585580170929486], [-0.001340247932284651, 0.011585580170929484, 0.04163564466794944]], "chi2_level": 0.997, "chi2_df": 3, "chi2_threshold": 13.931422665512084, "N_raw": 110, "N_roi": 107, "N_inlier": 100, "refit": true}
{"timestamp": "11:54:40.455416", "frame": 42, "mu": [-0.4924950603277223, 1.4168838268619328, 1.4404252547994596], "Sigma": [[0.008926214081921964, -0.004756481016056548, -0.008468582442757914], [-0.004756481016056548, 0.010910433985261125, 0.003409531396956816], [-0.008468582442757916, 0.003409531396956816, 0.010579327991197734]], "chi2_level": 0.997, "chi2_df": 3, "chi2_threshold": 13.931422665512084, "N_raw": 100, "N_roi": 100, "N_inlier": 96, "refit": true}
{"timestamp": "11:54:40.506811", "frame": 43, "mu": [-0.5512937866588418, 1.5428283471901714, 1.1381076129917036], "Sigma": [[0.007742840130731278, 0.0034067777786287463, 0.019969916461282065], [0.0034067777786287463, 0.007952540321896672, 0.026464597909917828], [0.019969916461282065, 0.026464597909917828, 0.36256264022398493]], "chi2_level": 0.997, "chi2_df": 3, "chi2_threshold": 13.931422665512084, "N_raw": 74, "N_roi": 74, "N_inlier": 72, "refit": true}
{"timestamp": "11:54:40.566620", "frame": 44, "mu": [-0.49175184575131836, 1.5532384299984183, 0.24255930792963515], "Sigma": [[0.008247962230312352, -0.006159120066777176, 0.042812851046794484], [-0.006159120066777176, 0.01588729802796744, -0.0247780720518168], [0.04281285104679449, -0.024778072051816803, 0.5069250096685173]], "chi2_level": 0.997, "chi2_df": 3, "chi2_threshold": 13.931422665512084, "N_raw": 110, "N_roi": 110, "N_inlier": 109, "refit": true}
{"timestamp": "11:54:40.624326", "frame": 45, "mu": [-0.5208263601903431, 1.5391868061798342, 1.1462912852584575], "Sigma": [[0.015317133302908058, -0.0058862844708896505, 0.027764684272412233], [-0.00588628447088965, 0.010306655967953864, -0.008529709020067389], [0.027764684272412236, -0.008529709020067389, 0.191876655075417]], "chi2_level": 0.997, "chi2_df": 3, "chi2_threshold": 13.931422665512084, "N_raw": 128, "N_roi": 128, "N_inlier": 128, "refit": true}
{"timestamp": "11:54:40.681636", "frame": 46, "mu": [-0.5091295824027469, 1.748657551125094, -0.439420467060037], "Sigma": [[0.014446059470354818, -0.014427865116218321, 0.029797831691908763], [-0.014427865116218323, 0.0322866541539588, -0.05578564527362194], [0.029797831691908763, -0.05578564527362194, 0.16467416948924568]], "chi2_level": 0.997, "chi2_df": 3, "chi2_threshold": 13.931422665512084, "N_raw": 134, "N_roi": 134, "N_inlier": 133, "refit": true}
{"timestamp": "11:54:40.730652", "frame": 47, "mu": [-0.49291311335223936, 1.6167744976951026, 1.3575730586355337], "Sigma": [[0.005945304198938976, -0.002159733631517026, -0.0018517950755188844], [-0.002159733631517026, 0.013108839032218458, 0.0064122066633688305], [-0.0018517950755188844, 0.0064122066633688305, 0.046473353287815294]], "chi2_level": 0.997, "chi2_df": 3, "chi2_threshold": 13.931422665512084, "N_raw": 95, "N_roi": 95, "N_inlier": 91, "refit": true}
{"timestamp": "11:54:40.781183", "frame": 48, "mu": [-0.46894871772815244, 1.671308406275139, 1.3683149717940357], "Sigma": [[0.005171991774288271, -0.0005390610344561055, -0.0046983961989137835], [-0.0005390610344561057, 0.008454651026807408, 0.00063740011281789], [-0.0046983961989137835, 0.0006374001128178899, 0.013335890896656261]], "chi2_level": 0.997, "chi2_df": 3, "chi2_threshold": 13.931422665512084, "N_raw": 76, "N_roi": 76, "N_inlier": 71, "refit": true}
{"timestamp": "11:54:40.834980", "frame": 49, "mu": [-0.5902248919234186, 1.8056206960925374, 1.4621493567936048], "Sigma": [[0.010629550589616848, 0.0018355236206311337, -0.009975649364584869], [0.0018355236206311339, 0.005896753281818489, 0.0016059190071748], [-0.009975649364584869, 0.0016059190071747997, 0.03152294672643412]], "chi2_level": 0.997, "chi2_df": 3, "chi2_threshold": 13.931422665512084, "N_raw": 68, "N_roi": 68, "N_inlier": 64, "refit": true}
{"timestamp": "11:54:40.889784", "frame": 50, "mu": [-0.5348024202345762, 1.814415786698619, 1.3936119916407244], "Sigma": [[0.0066202866276234935, -0.0013109778326222052, -0.005422538920756739], [-0.0013109778326222052, 0.0122366530658528, 0.06722410300858064], [-0.005422538920756738, 0.06722410300858064, 0.8561222022684202]], "chi2_level": 0.997, "chi2_df": 3, "chi2_threshold": 13.931422665512084, "N_raw": 66, "N_roi": 66, "N_inlier": 66, "refit": true}
{"timestamp": "11:54:40.947886", "frame": 51, "mu": [-0.5252324366505816, 1.8508666642961427, 1.3556068588040295], "Sigma": [[0.006866716951934376, -0.0007273059382156121, -0.007705403236230299], [-0.0007273059382156122, 0.010514141111928511, 0.011325390811236905], [-0.007705403236230298, 0.011325390811236905, 0.06831346983470685]], "chi2_level": 0.997, "chi2_df": 3, "chi2_threshold": 13.931422665512084, "N_raw": 86, "N_roi": 86, "N_inlier": 84, "refit": true}
{"timestamp": "11:54:41.002185", "frame": 52, "mu": [-0.5461196180791312, 1.871983495366942, 1.4756729715514716], "Sigma": [[0.009168629673737192, -0.003630547382955729, -0.019946893302137496], [-0.0036305473829557284, 0.010338036592882663, -0.02789742234795206], [-0.019946893302137496, -0.027897422347952065, 0.8303602031411177]], "chi2_level": 0.997, "chi2_df": 3, "chi2_threshold": 13.931422665512084, "N_raw": 82, "N_roi": 82, "N_inlier": 81, "refit": true}
{"timestamp": "11:54:41.048455", "frame": 53, "mu": [-0.5598325720112068, 1.901593331505573, 0.6765370779748147], "Sigma": [[0.006286620805584684, -0.005543333781318797, 0.015764146334308036], [-0.005543333781318797, 0.01070464616467301, 0.01914503322353952], [0.01576414633430804, 0.01914503322353952, 0.34878446781991745]], "chi2_level": 0.997, "chi2_df": 3, "chi2_threshold": 13.931422665512084, "N_raw": 22, "N_roi": 21, "N_inlier": 21, "refit": true}
{"timestamp": "11:54:41.112539", "frame": 54, "mu": [-0.5878813214757672, 1.936586169007653, 0.9894915619149895], "Sigma": [[0.01208333879131313, -0.004813435848081441, -0.030923048583529577], [-0.0048134358480814415, 0.010871171507005324, 0.04241086501049225], [-0.030923048583529573, 0.04241086501049225, 0.3749647737534848]], "chi2_level": 0.997, "chi2_df": 3, "chi2_threshold": 13.931422665512084, "N_raw": 84, "N_roi": 84, "N_inlier": 82, "refit": true}
{"timestamp": "11:54:41.172184", "frame": 55, "mu": [-0.5558023099787366, 2.0214407993073595, 0.9728647156112294], "Sigma": [[0.008153958967070963, -0.001367277917958785, 0.0009264178121275346], [-0.001367277917958785, 0.0065166206941440295, 0.002204857560480167], [0.0009264178121275345, 0.002204857560480167, 0.2826556289655162]], "chi2_level": 0.997, "chi2_df": 3, "chi2_threshold": 13.931422665512084, "N_raw": 106, "N_roi": 106, "N_inlier": 104, "refit": true}
{"timestamp": "11:54:41.226919", "frame": 56, "mu": [-0.5586103307041148, 2.0925018984939907, 1.0605244726764267], "Sigma": [[0.008763840409179739, -0.003175185373369278, -0.0008369991151333826], [-0.003175185373369278, 0.00868235940854056, -0.02216073171391055], [-0.0008369991151333824, -0.02216073171391055, 0.13626047647542944]], "chi2_level": 0.997, "chi2_df": 3, "chi2_threshold": 13.931422665512084, "N_raw": 114, "N_roi": 113, "N_inlier": 111, "refit": true}
{"timestamp": "11:54:41.274110", "frame": 57, "mu": [-0.6015606261049906, 2.1616550499035863, 0.8083275154742589], "Sigma": [[0.008572147746496518, -0.0026671990033723964, 0.011359335684582693], [-0.002667199003372397, 0.007451611323809489, -0.021558665562124775], [0.011359335684582693, -0.021558665562124775, 0.11841592817458282]], "chi2_level": 0.997, "chi2_df": 3, "chi2_threshold": 13.931422665512084, "N_raw": 61, "N_roi": 61, "N_inlier": 59, "refit": true}
{"timestamp": "11:54:41.330418", "frame": 58, "mu": [-0.5496872936928374, 2.29196257757257, -0.144372758199693], "Sigma": [[0.009868545004669571, -0.004550093371364879, -0.006606481713119155], [-0.004550093371364878, 0.014287240119000346, -0.016696973262808536], [-0.006606481713119155, -0.016696973262808532, 0.06333159216809768]], "chi2_level": 0.997, "chi2_df": 3, "chi2_threshold": 13.931422665512084, "N_raw": 70, "N_roi": 70, "N_inlier": 67, "refit": true}
{"timestamp": "11:54:41.387376", "frame": 59, "mu": [-0.6367656023466335, 2.1640988886806363, 1.1457434586397728], "Sigma": [[0.01172508832323873, 0.001436267573805839, 0.0122595461501003], [0.001436267573805839, 0.0038165924252938303, 0.011486521660150888], [0.0122595461501003, 0.011486521660150888, 0.11858357160343269]], "chi2_level": 0.997, "chi2_df": 3, "chi2_threshold": 13.931422665512084, "N_raw": 79, "N_roi": 79, "N_inlier": 76, "refit": true}
{"timestamp": "11:54:41.444640", "frame": 60, "mu": [-0.6543949398661848, 2.2568851800129197, -0.15579505070016045], "Sigma": [[0.013438067351454258, -0.0009329457335962062, 0.07532363803646], [-0.000932945733596206, 0.004833261241501775, 0.004218660736955721], [0.07532363803646, 0.004218660736955721, 0.7992914872910847]], "chi2_level": 0.997, "chi2_df": 3, "chi2_threshold": 13.931422665512084, "N_raw": 101, "N_roi": 101, "N_inlier": 101, "refit": true}
{"timestamp": "11:54:41.498529", "frame": 61, "mu": [-0.6336683361452238, 2.2965912640370565, 0.8456764579186509], "Sigma": [[0.012744348014105598, 0.001963131610169023, -0.011078111482592816], [0.001963131610169023, 0.004694712787624819, -0.00668982612968844], [-0.011078111482592815, -0.006689826129688442, 0.2755659084347643]], "chi2_level": 0.997, "chi2_df": 3, "chi2_threshold": 13.931422665512084, "N_raw": 88, "N_roi": 88, "N_inlier": 87, "refit": true}
{"timestamp": "11:54:41.560916", "frame": 62, "mu": [-0.6814287074867617, 2.3329428168581368, 0.7365659245059188], "Sigma": [[0.016546923190126298, 0.005197169183274962, 0.039429488453536686], [0.005197169183274961, 0.013373335539403227, 0.016145601245933713], [0.03942948845353669, 0.016145601245933713, 0.44677046595598574]], "chi2_level": 0.997, "chi2_df": 3, "chi2_threshold": 13.931422665512084, "N_raw": 140, "N_roi": 140, "N_inlier": 139, "refit": true}
{"timestamp": "11:54:41.614811", "frame": 63, "mu": [-0.677030791338424, 2.3814533889543847, 0.7658309259187832], "Sigma": [[0.01793709228838366, 0.0008821525931565156, 0.014037278248240746], [0.0008821525931565156, 0.0032250823401724776, 0.0016453658462870508], [0.014037278248240746, 0.0016453658462870506, 0.3920027795061677]], "chi2_level": 0.997, "chi2_df": 3, "chi2_threshold": 13.931422665512084, "N_raw": 137, "N_roi": 137, "N_inlier": 137, "refit": true}
{"timestamp": "11:54:41.665281", "frame": 64, "mu": [-0.6968455281479619, 2.424459760563203, 0.7270685171043679], "Sigma": [[0.013352869404459495, 0.00014473183145750955, 0.03630068479042871], [0.00014473183145750934, 0.02853926326599774, 0.022405133752705794], [0.03630068479042871, 0.022405133752705794, 0.4729634123896812]], "chi2_level": 0.997, "chi2_df": 3, "chi2_threshold": 13.931422665512084, "N_raw": 97, "N_roi": 97, "N_inlier": 97, "refit": true}
{"timestamp": "11:54:41.722978", "frame": 65, "mu": [-0.6780541746643258, 2.5579502615135734, 0.7255053050897112], "Sigma": [[0.014582968383810938, -0.0020507301156050244, 0.005634405492347165], [-0.0020507301156050244, 0.005249582288215049, -0.01619000932246859], [0.005634405492347165, -0.01619000932246859, 0.5247913295355084]], "chi2_level": 0.997, "chi2_df": 3, "chi2_threshold": 13.931422665512084, "N_raw": 122, "N_roi": 122, "N_inlier": 121, "refit": true}
{"timestamp": "11:54:41.775597", "frame": 66, "mu": [-0.6240503200997222, 2.58261231057602, 1.0574626370617506], "Sigma": [[0.011993987476868933, -0.0012416131522116935, 0.0017340346815041489], [-0.0012416131522116933, 0.007096212677165702, 0.011800660686500727], [0.0017340346815041487, 0.011800660686500725, 0.4282509772717343]], "chi2_level": 0.997, "chi2_df": 3, "chi2_threshold": 13.931422665512084, "N_raw": 105, "N_roi": 105, "N_inlier": 104, "refit": true}
{"timestamp": "11:54:41.829873", "frame": 67, "mu": [-0.6476359318053861, 2.6035890846029246, 0.9964997314687625], "Sigma": [[0.014368041778284822, 0.002001777617408853, 0.013331747930284186], [0.002001777617408853, 0.007247935590281379, 0.011984770457892098], [0.013331747930284188, 0.0119847704578921, 0.38347226412098373]], "chi2_level": 0.997, "chi2_df": 3, "chi2_threshold": 13.931422665512084, "N_raw": 102, "N_roi": 102, "N_inlier": 102, "refit": true}
{"timestamp": "11:54:41.883801", "frame": 68, "mu": [-0.7081337041508741, 2.7142953623918524, 0.6120604309376885], "Sigma": [[0.017113417257987033, -0.001231476615854529, -0.012063989411468912], [-0.0012314766158545288, 0.003406067677353238, -0.0017831971294899585], [-0.01206398941146891, -0.001783197129489959, 0.3552956712254407]], "chi2_level": 0.997, "chi2_df": 3, "chi2_threshold": 13.931422665512084, "N_raw": 92, "N_roi": 92, "N_inlier": 92, "refit": true}
{"timestamp": "11:54:41.942361", "frame": 69, "mu": [-0.7031319587090529, 2.7478465766424605, 0.9202958427022276], "Sigma": [[0.016050392271430066, -0.0020661519365646744, 0.02072341658641646], [-0.002066151936564675, 0.006640530830455564, -0.023976426273190382], [0.02072341658641646, -0.023976426273190382, 0.39253472767144615]], "chi2_level": 0.997, "chi2_df": 3, "chi2_threshold": 13.931422665512084, "N_raw": 124, "N_roi": 124, "N_inlier": 123, "refit": true}
{"timestamp": "11:54:41.992048", "frame": 70, "mu": [-0.6673992750214469, 2.765822726983562, 1.3286602043964904], "Sigma": [[0.013005030196623227, 0.0006736424469782388, -0.011933379321400015], [0.0006736424469782388, 0.008391195385696501, -0.01302098674331804], [-0.011933379321400015, -0.01302098674331804, 0.08487707508794744]], "chi2_level": 0.997, "chi2_df": 3, "chi2_threshold": 13.931422665512084, "N_raw": 79, "N_roi": 79, "N_inlier": 75, "refit": true}
{"timestamp": "11:54:42.057283", "frame": 71, "mu": [-0.6619366857720925, 2.8722597923267537, 0.7862070247563047], "Sigma": [[0.019393309224463303, -0.0020717468976279713, -0.010623077221089405], [-0.0020717468976279713, 0.01843997343738108, -0.025862442713321703], [-0.010623077221089405, -0.025862442713321703, 0.401559829602568]], "chi2_level": 0.997, "chi2_df": 3, "chi2_threshold": 13.931422665512084, "N_raw": 150, "N_roi": 150, "N_inlier": 150, "refit": true}
{"timestamp": "11:54:42.104616", "frame": 72, "mu": [-0.7683031929444673, 2.5770064203334857, 0.6070227834034565], "Sigma": [[0.013293014327764514, 0.0050671009429134, -0.013403963262212383], [0.0050671009429134, 0.49300035387332225, 0.5679677539895873], [-0.013403963262212383, 0.5679677539895873, 1.0725193347110082]], "chi2_level": 0.997, "chi2_df": 3, "chi2_threshold": 13.931422665512084, "N_raw": 94, "N_roi": 94, "N_inlier": 93, "refit": true}
{"timestamp": "11:54:42.160302", "frame": 73, "mu": [-0.7267373774158647, 2.4217559613742856, 0.4841028626400624], "Sigma": [[0.014639431191525788, 0.019875434405600127, 0.02576266651100305], [0.019875434405600127, 0.9877980247822552, 1.0426396988088653], [0.02576266651100305, 1.0426396988088655, 1.457955846655864]], "chi2_level": 0.997, "chi2_df": 3, "chi2_threshold": 13.931422665512084, "N_raw": 99, "N_roi": 99, "N_inlier": 99, "refit": true}
{"timestamp": "11:54:42.211950", "frame": 74, "mu": [-0.7095058690208168, 2.981368642141599, 0.8779099139342006], "Sigma": [[0.013582737256763731, 0.0006656285412248979, 0.011989988940476499], [0.0006656285412248979, 0.0035368039275631745, -0.02012462981180538], [0.011989988940476499, -0.020124629811805378, 0.4126966380375734]], "chi2_level": 0.997, "chi2_df": 3, "chi2_threshold": 13.931422665512084, "N_raw": 79, "N_roi": 79, "N_inlier": 78, "refit": true}
{"timestamp": "11:54:42.268446", "frame": 75, "mu": [-0.618440998995804, 3.1857902235426763, -0.10060113735051038], "Sigma": [[0.017711780655432753, 0.0039200732781966745, -0.0157492861457888], [0.0039200732781966745, 0.011732885190435706, -0.020308220022225217], [-0.0157492861457888, -0.020308220022225217, 0.05013303405069714]], "chi2_level": 0.997, "chi2_df": 3, "chi2_threshold": 13.931422665512084, "N_raw": 87, "N_roi": 87, "N_inlier": 85, "refit": true}
{"timestamp": "11:54:42.316631", "frame": 76, "mu": [-0.6733077907009952, 3.115531944888983, -0.3932183146824773], "Sigma": [[0.01540462095239385, 0.00515814908222321, 0.03616350638691728], [0.00515814908222321, 0.0060569005339266785, 0.016743197846381556], [0.03616350638691729, 0.016743197846381556, 0.13512497669658194]], "chi2_level": 0.997, "chi2_df": 3, "chi2_threshold": 13.931422665512084, "N_raw": 50, "N_roi": 50, "N_inlier": 47, "refit": true}
{"timestamp": "11:54:42.371713", "frame": 77, "mu": [-0.6891355473149262, 3.1492279436716437, 1.1297055932386082], "Sigma": [[0.011468791256702717, -0.0010353042401727375, -0.0028748863723950264], [-0.0010353042401727375, 0.003772637063493729, -0.00427006924825385], [-0.0028748863723950272, -0.004270069248253851, 0.2932761297435878]], "chi2_level": 0.997, "chi2_df": 3, "chi2_threshold": 13.931422665512084, "N_raw": 47, "N_roi": 47, "N_inlier": 47, "refit": true}
{"timestamp": "11:54:42.431794", "frame": 78, "mu": [-0.6837380127992813, 3.206542683693999, 1.325204173167947], "Sigma": [[0.020369492309509046, -0.0017312119433761028, -0.017545206977434773], [-0.0017312119433761028, 0.006632381667916762, -0.00515363079310285], [-0.017545206977434773, -0.005153630793102851, 0.04288465816075101]], "chi2_level": 0.997, "chi2_df": 3, "chi2_threshold": 13.931422665512084, "N_raw": 80, "N_roi": 80, "N_inlier": 77, "refit": true}
{"timestamp": "11:54:42.488888", "frame": 79, "mu": [-0.7191359105367651, 3.28595958413803, 1.1373839027414998], "Sigma": [[0.016733328794773728, 0.0009216687602134236, 0.007803999856573189], [0.0009216687602134233, 0.005649119241249359, -0.012671070340996016], [0.007803999856573191, -0.012671070340996016, 0.22800783629430313]], "chi2_level": 0.997, "chi2_df": 3, "chi2_threshold": 13.931422665512084, "N_raw": 94, "N_roi": 94, "N_inlier": 93, "refit": true}
{"timestamp": "11:54:42.541786", "frame": 80, "mu": [-0.7114952410613894, 3.3101385230533458, 0.8662212062671619], "Sigma": [[0.015614336782638977, -0.0008871271798114343, -0.0020515780805735444], [-0.0008871271798114343, 0.004900448044857361, -0.01889327173968538], [-0.0020515780805735444, -0.018893271739685382, 0.28121224709710296]], "chi2_level": 0.997, "chi2_df": 3, "chi2_threshold": 13.931422665512084, "N_raw": 73, "N_roi": 73, "N_inlier": 73, "refit": true}
{"timestamp": "11:54:42.592750", "frame": 81, "mu": [-0.6571469546339535, 3.406794887750004, 1.0105398108361128], "Sigma": [[0.011870828301318173, 0.0015157547813394218, -0.0026736833619203683], [0.0015157547813394218, 0.011556812674210147, -0.03900079592625208], [-0.002673683361920368, -0.03900079592625208, 0.14680904069649833]], "chi2_level": 0.997, "chi2_df": 3, "chi2_threshold": 13.931422665512084, "N_raw": 57, "N_roi": 57, "N_inlier": 57, "refit": true}
{"timestamp": "11:54:42.653999", "frame": 82, "mu": [-0.7284105092207921, 3.3781362886995847, 1.2545392907002049], "Sigma": [[0.01805417344842717, 0.0005484271996207906, -0.0038975313406292705], [0.0005484271996207908, 0.008001704406081958, 0.004437588816363888], [-0.0038975313406292692, 0.004437588816363887, 0.13547695372813764]], "chi2_level": 0.997, "chi2_df": 3, "chi2_threshold": 13.931422665512084, "N_raw": 98, "N_roi": 98, "N_inlier": 98, "refit": true}
{"timestamp": "11:54:42.709106", "frame": 83, "mu": [-0.7050991946514874, 3.472234106722536, 0.2753415116293205], "Sigma": [[0.021924861770514007, 0.0010091169614251556, 0.08506846374435686], [0.0010091169614251559, 0.013648742227913135, 0.001924559477802022], [0.08506846374435688, 0.001924559477802022, 0.4240703638291668]], "chi2_level": 0.997, "chi2_df": 3, "chi2_threshold": 13.931422665512084, "N_raw": 95, "N_roi": 95, "N_inlier": 92, "refit": true}
{"timestamp": "11:54:42.761321", "frame": 84, "mu": [-0.7533433966269073, 3.5077620504354754, 1.3738028630780648], "Sigma": [[0.019348322443570036, 0.001462046881147649, -0.006171685615823257], [0.001462046881147649, 0.006710626303738601, -0.007528448090421023], [-0.006171685615823257, -0.007528448090421023, 0.016103927527552662]], "chi2_level": 0.997, "chi2_df": 3, "chi2_threshold": 13.931422665512084, "N_raw": 76, "N_roi": 76, "N_inlier": 73, "refit": true}
{"timestamp": "11:54:42.811778", "frame": 85, "mu": [-0.7517541417140357, 3.627567380955133, 1.331249927853447], "Sigma": [[0.016782049637860882, 0.00033020001232241463, -0.01593819689286243], [0.0003302000123224148, 0.002724312158139927, -0.0031179023356311232], [-0.01593819689286243, -0.0031179023356311232, 0.032788921140846125]], "chi2_level": 0.997, "chi2_df": 3, "chi2_threshold": 13.931422665512084, "N_raw": 48, "N_roi": 48, "N_inlier": 45, "refit": true}
{"timestamp": "11:54:42.870358", "frame": 86, "mu": [-0.7828855157190404, 3.6363459628860793, 1.2940112876491847], "Sigma": [[0.025718954887547336, 0.0018955379490190054, -0.015060199709783026], [0.0018955379490190054, 0.008562549271292618, -0.0015089991459515534], [-0.015060199709783026, -0.0015089991459515534, 0.011103404651146327]], "chi2_level": 0.997, "chi2_df": 3, "chi2_threshold": 13.931422665512084, "N_raw": 77, "N_roi": 77, "N_inlier": 74, "refit": true}
{"timestamp": "11:54:42.920547", "frame": 87, "mu": [-0.7338563725225534, 3.6928193302700323, 1.1701293151769558], "Sigma": [[0.020267051926940338, 0.0015017347376907457, -0.0062731297935756], [0.0015017347376907457, 0.003019732343432324, -0.004258182187084336], [-0.0062731297935756, -0.004258182187084336, 0.025479922340637035]], "chi2_level": 0.997, "chi2_df": 3, "chi2_threshold": 13.931422665512084, "N_raw": 44, "N_roi": 44, "N_inlier": 41, "refit": true}
{"timestamp": "11:54:42.980145", "frame": 88, "mu": [-0.732337948592273, 3.7733135152093675, 1.3935302689876858], "Sigma": [[0.024103327170664282, 0.0025633637056038114, -0.015009950181939373], [0.0025633637056038114, 0.006342425311212061, -0.0030074603698890014], [-0.015009950181939373, -0.0030074603698890014, 0.05207674817755628]], "chi2_level": 0.997, "chi2_df": 3, "chi2_threshold": 13.931422665512084, "N_raw": 64, "N_roi": 64, "N_inlier": 61, "refit": true}
{"timestamp": "11:54:43.036642", "frame": 89, "mu": [-0.7357627428077214, 3.777364235700294, 0.12082369287790429], "Sigma": [[0.025619021812430535, 0.0035003631439382253, 0.05889798355647477], [0.003500363143938226, 0.014129269858978858, 7.330161079249688e-05], [0.05889798355647478, 7.330161079249688e-05, 0.24053964603277408]], "chi2_level": 0.997, "chi2_df": 3, "chi2_threshold": 13.931422665512084, "N_raw": 79, "N_roi": 79, "N_inlier": 75, "refit": true}
{"timestamp": "11:54:43.090782", "frame": 90, "mu": [-0.7870440188579861, 3.773794877780272, 1.3427559665711675], "Sigma": [[0.02626981189592307, 0.0036569120304472073, -0.009145032796308909], [0.0036569120304472073, 0.007327378715971924, -0.005365516618625464], [-0.009145032796308909, -0.005365516618625465, 0.007015665557282351]], "chi2_level": 0.997, "chi2_df": 3, "chi2_threshold": 13.931422665512084, "N_raw": 76, "N_roi": 76, "N_inlier": 72, "refit": true}
{"timestamp": "11:54:43.149785", "frame": 91, "mu": [-0.78130744551918, 3.6040093356736453, 0.6876339607035203], "Sigma": [[0.025330586131354624, -0.03658629692354384, -0.06841423802145682], [-0.03658629692354384, 0.7705429248650498, 0.8256832146566782], [-0.06841423802145684, 0.8256832146566779, 1.304850416754723]], "chi2_level": 0.997, "chi2_df": 3, "chi2_threshold": 13.931422665512084, "N_raw": 104, "N_roi": 104, "N_inlier": 103, "refit": true}
{"timestamp": "11:54:43.202403", "frame": 92, "mu": [-0.7300976391874, 3.984188529143628, 0.20003605071803282], "Sigma": [[0.030576706795584226, 0.014911167137093333, -0.051297011114524005], [0.014911167137093333, 0.02535994138484262, -0.062284213264309836], [-0.051297011114524005, -0.062284213264309836, 0.2061435848740856]], "chi2_level": 0.997, "chi2_df": 3, "chi2_threshold": 13.931422665512084, "N_raw": 78, "N_roi": 78, "N_inlier": 78, "refit": true}
{"timestamp": "11:54:43.253750", "frame": 93, "mu": [-0.7933336493188229, 3.9370654552619273, 1.414577348220598], "Sigma": [[0.020133668358678802, 0.002969730801433409, -0.003684868716333486], [0.002969730801433409, 0.0069962201189201, -0.002512360254109954], [-0.003684868716333486, -0.002512360254109954, 0.003929631747473155]], "chi2_level": 0.997, "chi2_df": 3, "chi2_threshold": 13.931422665512084, "N_raw": 64, "N_roi": 64, "N_inlier": 59, "refit": true}
{"timestamp": "11:54:43.308713", "frame": 94, "mu": [-0.7786923421146984, 3.9701558831053942, 1.3455827104884521], "Sigma": [[0.020206897903134603, 0.00013077991870543847, -0.006564695373456635], [0.00013077991870543836, 0.004753179986688076, -0.007157258604515401], [-0.006564695373456635, -0.007157258604515401, 0.017145378134710915]], "chi2_level": 0.997, "chi2_df": 3, "chi2_threshold": 13.931422665512084, "N_raw": 61, "N_roi": 61, "N_inlier": 59, "refit": true}
{"timestamp": "11:54:43.361021", "frame": 95, "mu": [-0.8886798210347377, 4.022392930692098, 1.378103870909234], "Sigma": [[0.021376884820096934, 0.0019409246508999617, -0.01696020783977245], [0.0019409246508999617, 0.0021466581306689445, -0.00514167610573709], [-0.016960207839772454, -0.00514167610573709, 0.024603335023302954]], "chi2_level": 0.997, "chi2_df": 3, "chi2_threshold": 13.931422665512084, "N_raw": 43, "N_roi": 43, "N_inlier": 41, "refit": true}
{"timestamp": "11:54:43.420776", "frame": 96, "mu": [-0.8253013598642209, 4.070456749851898, -0.6124091533928756], "Sigma": [[0.03129267178986255, 0.0025028248794880317, -0.01904043861068728], [0.0025028248794880317, 0.004826998367186996, -0.004453152124462534], [-0.01904043861068728, -0.004453152124462534, 0.018462104546863735]], "chi2_level": 0.997, "chi2_df": 3, "chi2_threshold": 13.931422665512084, "N_raw": 67, "N_roi": 65, "N_inlier": 62, "refit": true}
