{"timestamp": "12:38:36.507908", "frame": 14, "mu": [-2.427108493241552, 4.399322494231679, 1.0981850786540757], "Sigma": [[0.003111659101961943, 0.0007281518369266619, -0.0012406493871945166], [0.0007281518369266619, 0.0014124980779450945, -0.0019496791902088293], [-0.0012406493871945166, -0.0019496791902088293, 0.00550783151654989]], "chi2_level": 0.997, "chi2_df": 3, "chi2_threshold": 13.931422665512084, "N_raw": 36, "N_roi": 8, "N_inlier": 8, "refit": true}
{"timestamp": "12:38:36.563801", "frame": 15, "mu": [-2.3834055159958405, 4.38317348067026, 1.174147953905695], "Sigma": [[0.005345442590093744, 0.002245472285837114, -0.002258695203524293], [0.0022454722858371136, 0.003810017348680963, -0.0023275466319874214], [-0.002258695203524293, -0.0023275466319874214, 0.003693295057869852]], "chi2_level": 0.997, "chi2_df": 3, "chi2_threshold": 13.931422665512084, "N_raw": 40, "N_roi": 15, "N_inlier": 15, "refit": true}
{"timestamp": "12:38:36.617998", "frame": 16, "mu": [-2.389466678867887, 4.365928269417621, 1.1318434029537274], "Sigma": [[0.005241440170795576, 0.002482819911829315, 0.0014303422213455977], [0.002482819911829315, 0.002855454759700605, -0.002354286657782714], [0.0014303422213455973, -0.002354286657782714, 0.009360317206690448]], "chi2_level": 0.997, "chi2_df": 3, "chi2_threshold": 13.931422665512084, "N_raw": 39, "N_roi": 14, "N_inlier": 14, "refit": true}
{"timestamp": "12:38:36.671930", "frame": 17, "mu": [-2.340428272573603, 4.4341733969205155, 0.14689321248052703], "Sigma": [[0.010742607674631094, 0.00640477966486637, -0.0004884509073173904], [0.00640477966486637, 0.0057160756140614485, -0.0003704953663761323], [-0.0004884509073173904, -0.00037049536637613227, 0.00016312510359096759]], "chi2_level": 0.997, "chi2_df": 3, "chi2_threshold": 13.931422665512084, "N_raw": 34, "N_roi": 15, "N_inlier": 14, "refit": true}
{"timestamp": "12:38:36.726476", "frame": 18, "mu": [-2.378452835569255, 4.174744972945579, 0.9873970005095142], "Sigma": [[0.008016372661916947, 0.0035146629864430154, -0.003883554910359005], [0.0035146629864430154, 0.006869989866147786, 0.0015479154122407441], [-0.0038835549103590048, 0.0015479154122407441, 0.005561362248960891]], "chi2_level": 0.997, "chi2_df": 3, "chi2_threshold": 13.931422665512084, "N_raw": 29, "N_roi": 16, "N_inlier": 15, "refit": true}
{"timestamp": "12:38:36.781537", "frame": 19, "mu": [-2.3212803344247117, 4.170310030686304, 0.9058691052870622], "Sigma": [[0.013920233560991696, 0.002676900787477815, -0.014063639771901074], [0.002676900787477815, 0.0043792464513748, 0.0005670202138867507], [-0.014063639771901074, 0.0005670202138867504, 0.017869413452567463]], "chi2_level": 0.997, "chi2_df": 3, "chi2_threshold": 13.931422665512084, "N_raw": 28, "N_roi": 19, "N_inlier": 18, "refit": true}
{"timestamp": "12:38:36.838434", "frame": 20, "mu": [-2.268119071397388, 4.27505744618363, 1.136986215435215], "Sigma": [[0.020470589371960578, 0.009718946926514057, -0.005344228942813473], [0.009718946926514059, 0.012949727552401506, 0.004717575074832014], [-0.005344228942813473, 0.004717575074832014, 0.01063960913231318]], "chi2_level": 0.997, "chi2_df": 3, "chi2_threshold": 13.931422665512084, "N_raw": 39, "N_roi": 35, "N_inlier": 35, "refit": true}
{"timestamp": "12:38:36.893241", "frame": 21, "mu": [-2.216836304344376, 4.2326625291170155, 1.198578577974989], "Sigma": [[0.017530853159959954, 0.0042427904397661685, -0.016209700587586386], [0.0042427904397661685, 0.007590193566107286, 0.007227307983300775], [-0.016209700587586383, 0.007227307983300775, 0.03538296991539709]], "chi2_level": 0.997, "chi2_df": 3, "chi2_threshold": 13.931422665512084, "N_raw": 28, "N_roi": 25, "N_inlier": 25, "refit": true}
{"timestamp": "12:38:36.948283", "frame": 22, "mu": [-2.1209342119282137, 4.365828175512338, 1.2933685373853596], "Sigma": [[0.020969763142918322, 0.007150534799814439, -0.017453899445529348], [0.007150534799814439, 0.0034350625042707285, -0.008308660797515058], [-0.017453899445529348, -0.008308660797515058, 0.04670737933351929]], "chi2_level": 0.997, "chi2_df": 3, "chi2_threshold": 13.931422665512084, "N_raw": 25, "N_roi": 23, "N_inlier": 22, "refit": true}
{"timestamp": "12:38:37.058792", "frame": 24, "mu": [-2.013299632976861, 4.307739493402572, 1.2471208006359427], "Sigma": [[0.01441889182610946, 0.007475025541695323, -0.0008816173259192563], [0.007475025541695323, 0.01107381774843129, 0.009654591622598827], [-0.0008816173259192565, 0.009654591622598827, 0.01549569482975954]], "chi2_level": 0.997, "chi2_df": 3, "chi2_threshold": 13.931422665512084, "N_raw": 31, "N_roi": 28, "N_inlier": 26, "refit": true}
{"timestamp": "12:38:37.117925", "frame": 25, "mu": [-1.8696229122152233, 4.289117887366509, 1.0646974981530442], "Sigma": [[0.033635355158621386, 0.01065369405839024, -0.016228811123813025], [0.01065369405839024, 0.012441115070657172, 0.0029700680420908796], [-0.016228811123813025, 0.0029700680420908796, 0.016814334073194888]], "chi2_level": 0.997, "chi2_df": 3, "chi2_threshold": 13.931422665512084, "N_raw": 55, "N_roi": 53, "N_inlier": 52, "refit": true}
{"timestamp": "12:38:37.171697", "frame": 26, "mu": [-1.8256366410395728, 4.308556687969185, 1.103036631527364], "Sigma": [[0.030472635372553965, 0.01462885114274973, -0.005751953983024159], [0.014628851142749729, 0.014167368327133978, 0.0012387769638610698], [-0.005751953983024159, 0.00123877696386107, 0.0054387912147204325]], "chi2_level": 0.997, "chi2_df": 3, "chi2_threshold": 13.931422665512084, "N_raw": 48, "N_roi": 48, "N_inlier": 48, "refit": true}
{"timestamp": "12:38:37.224999", "frame": 27, "mu": [-1.6905940717033356, 4.358768104240987, 0.9126957037307494], "Sigma": [[0.030354220155990236, 0.00689852617964128, -0.015159344989528593], [0.00689852617964128, 0.0031713554596146344, -0.006286958898300011], [-0.015159344989528593, -0.006286958898300011, 0.020991358976028843]], "chi2_level": 0.997, "chi2_df": 3, "chi2_threshold": 13.931422665512084, "N_raw": 39, "N_roi": 39, "N_inlier": 39, "refit": true}
{"timestamp": "12:38:37.278383", "frame": 28, "mu": [-1.6481664702826975, 4.3650102566341085, 0.9917852350513094], "Sigma": [[0.01959777542155725, 0.007494033753102193, 0.0025542581543802076], [0.007494033753102193, 0.004116791817915989, 7.0192889257603e-05], [0.0025542581543802076, 7.0192889257603e-05, 0.006697833680551332]], "chi2_level": 0.997, "chi2_df": 3, "chi2_threshold": 13.931422665512084, "N_raw": 28, "N_roi": 23, "N_inlier": 22, "refit": true}
{"timestamp": "12:38:37.339602", "frame": 29, "mu": [-1.5251754171387446, 4.456228472869839, 1.1846187140162117], "Sigma": [[0.02351962907550679, 0.010880041920365166, -0.00792055016837107], [0.010880041920365166, 0.01040272086523305, -0.020426942879004203], [-0.007920550168371072, -0.020426942879004203, 0.1330589121865765]], "chi2_level": 0.997, "chi2_df": 3, "chi2_threshold": 13.931422665512084, "N_raw": 66, "N_roi": 42, "N_inlier": 42, "refit": true}
{"timestamp": "12:38:37.393327", "frame": 30, "mu": [-1.5267537406087432, 4.400424312065111, 1.0895959562285806], "Sigma": [[0.022964309534415188, 0.012281050140205023, -0.013263115444156042], [0.012281050140205023, 0.012628755391276881, -0.014532043182922446], [-0.013263115444156042, -0.014532043182922444, 0.020475921018530865]], "chi2_level": 0.997, "chi2_df": 3, "chi2_threshold": 13.931422665512084, "N_raw": 49, "N_roi": 31, "N_inlier": 31, "refit": true}
{"timestamp": "12:38:37.448866", "frame": 31, "mu": [-1.3642430425491678, 4.5075971955336405, 0.8985130078482046], "Sigma": [[0.03512586230246255, 0.020557032661938986, -0.0228883804950324], [0.020557032661938986, 0.024617464744291773, -0.020545208534257762], [-0.0228883804950324, -0.02054520853425776, 0.023494596455858316]], "chi2_level": 0.997, "chi2_df": 3, "chi2_threshold": 13.931422665512084, "N_raw": 65, "N_roi": 60, "N_inlier": 60, "refit": true}
{"timestamp": "12:38:37.497632", "frame": 32, "mu": [-1.3989160246440848, 4.422531693880303, 0.9003035688650843], "Sigma": [[0.020729348254705182, 0.012500698125575586, -0.01813681891539954], [0.012500698125575586, 0.009913205535652654, -0.01218918873863813], [-0.01813681891539954, -0.01218918873863813, 0.01850968217952146]], "chi2_level": 0.997, "chi2_df": 3, "chi2_threshold": 13.931422665512084, "N_raw": 17, "N_roi": 13, "N_inlier": 12, "refit": true}
{"timestamp": "12:38:37.716875", "frame": 36, "mu": [-1.0520178043733943, 4.297681892956175, 0.9697497454935695], "Sigma": [[0.009197337755364656, 0.003500096210619836, -0.003912700284966516], [0.0035000962106198365, 0.0034223704729369627, -0.002681099960257572], [-0.003912700284966516, -0.0026810999602575715, 0.003518932489296968]], "chi2_level": 0.997, "chi2_df": 3, "chi2_threshold": 13.931422665512084, "N_raw": 18, "N_roi": 14, "N_inlier": 14, "refit": true}
{"timestamp": "12:38:37.772395", "frame": 37, "mu": [-0.9108890328480777, 4.386040142175086, 0.8535948047759354], "Sigma": [[0.0011936537216836287, 0.0062298238583735135, 0.0008832205503373599], [0.006229823858373512, 0.04078151511032588, 0.007299715068343379], [0.00088322055033736, 0.007299715068343379, 0.004765097594335978]], "chi2_level": 0.997, "chi2_df": 3, "chi2_threshold": 13.931422665512084, "N_raw": 12, "N_roi": 7, "N_inlier": 7, "refit": true}
{"timestamp": "12:38:37.830622", "frame": 38, "mu": [-0.8560674283543278, 4.275037226744146, 0.9185457862536778], "Sigma": [[0.02396873739113662, 0.0006900862438366933, -0.010068180176462556], [0.0006900862438366932, 0.00716163841316938, -0.0006227192011617581], [-0.010068180176462556, -0.0006227192011617573, 0.017179130520383418]], "chi2_level": 0.997, "chi2_df": 3, "chi2_threshold": 13.931422665512084, "N_raw": 40, "N_roi": 40, "N_inlier": 38, "refit": true}
{"timestamp": "12:38:37.886734", "frame": 39, "mu": [-0.8261086462603191, 4.429882997260846, 0.11487530473119426], "Sigma": [[0.019677912185989008, 0.002311536853878299, -0.011434409268703162], [0.002311536853878299, 0.005576043523248039, 0.0006704146067945838], [-0.011434409268703162, 0.0006704146067945835, 0.009774144657929374]], "chi2_level": 0.997, "chi2_df": 3, "chi2_threshold": 13.931422665512084, "N_raw": 44, "N_roi": 41, "N_inlier": 41, "refit": true}
{"timestamp": "12:38:37.937255", "frame": 40, "mu": [-0.7409794756765223, 4.26854701393537, 1.0051673464405968], "Sigma": [[0.014614124100746142, 0.0014037603048209157, -0.00840718296848797], [0.0014037603048209157, 0.002086346439134597, -0.0006998768879638063], [-0.00840718296848797, -0.0006998768879638063, 0.00654106519417978]], "chi2_level": 0.997, "chi2_df": 3, "chi2_threshold": 13.931422665512084, "N_raw": 19, "N_roi": 19, "N_inlier": 17, "refit": true}
{"timestamp": "12:38:37.993927", "frame": 41, "mu": [-0.6905998816034264, 4.236417756373325, 1.0129861593953708], "Sigma": [[0.01793226851320466, 0.00037148766568168826, -0.009083669451491909], [0.00037148766568168826, 0.003052713411004012, 0.0008608819311135728], [-0.009083669451491909, 0.0008608819311135726, 0.0065178458447689176]], "chi2_level": 0.997, "chi2_df": 3, "chi2_threshold": 13.931422665512084, "N_raw": 25, "N_roi": 22, "N_inlier": 22, "refit": true}
{"timestamp": "12:38:38.047460", "frame": 42, "mu": [-0.5296288951027842, 4.298051686865914, 1.0405682280802708], "Sigma": [[0.018467152113241667, -0.0023646094688215, -0.008814183910119964], [-0.0023646094688215, 0.0036921682296106877, 0.005517085707122242], [-0.008814183910119964, 0.005517085707122242, 0.016827015623877225]], "chi2_level": 0.997, "chi2_df": 3, "chi2_threshold": 13.931422665512084, "N_raw": 17, "N_roi": 15, "N_inlier": 14, "refit": true}
{"timestamp": "12:38:38.101378", "frame": 43, "mu": [-0.5610831352339466, 4.429627449430464, 0.8356457840653035], "Sigma": [[0.01485913984831247, -0.0164469535685734, 0.040046711131952434], [-0.016446953568573404, 0.024643597910467996, -0.03241928827919051], [0.04004671113195244, -0.03241928827919051, 0.17534469174700626]], "chi2_level": 0.997, "chi2_df": 3, "chi2_threshold": 13.931422665512084, "N_raw": 8, "N_roi": 8, "N_inlier": 8, "refit": true}
{"timestamp": "12:38:38.163590", "frame": 44, "mu": [-0.37050191118164333, 4.440039272060956, 1.3060195664078809], "Sigma": [[0.03071259882119721, -0.005842941571031433, -0.02960143195006347], [-0.005842941571031434, 0.012689069598906278, 0.027904487588438855], [-0.029601431950063477, 0.02790448758843886, 0.07695098701850006]], "chi2_level": 0.997, "chi2_df": 3, "chi2_threshold": 13.931422665512084, "N_raw": 58, "N_roi": 50, "N_inlier": 48, "refit": true}
{"timestamp": "12:38:38.221471", "frame": 45, "mu": [-0.409770472011658, 4.455966772524779, 0.4988197620744697], "Sigma": [[0.03676372693466501, 0.006229073010369338, -0.012301881739448899], [0.006229073010369338, 0.006428119223976452, 0.007255592598258302], [-0.012301881739448899, 0.007255592598258301, 0.02667281894987128]], "chi2_level": 0.997, "chi2_df": 3, "chi2_threshold": 13.931422665512084, "N_raw": 82, "N_roi": 71, "N_inlier": 69, "refit": true}
{"timestamp": "12:38:38.272916", "frame": 46, "mu": [-0.32392298001326547, 4.341296637490859, 1.0465012729028083], "Sigma": [[0.027907748542271203, 0.002173426980556308, -0.007627471014793845], [0.0021734269805563076, 0.00642166551319615, 0.0025526293051942343], [-0.007627471014793847, 0.0025526293051942347, 0.005957787702891339]], "chi2_level": 0.997, "chi2_df": 3, "chi2_threshold": 13.931422665512084, "N_raw": 54, "N_roi": 51, "N_inlier": 51, "refit": true}
{"timestamp": "12:38:38.380117", "frame": 48, "mu": [-0.1310305403222564, 4.492663476688259, 1.3532566175293452], "Sigma": [[0.017770114891706497, 0.005798143327427623, 0.002614269540796684], [0.005798143327427623, 0.010086441177428015, 0.011238278363133784], [0.002614269540796684, 0.011238278363133784, 0.020121721341006888]], "chi2_level": 0.997, "chi2_df": 3, "chi2_threshold": 13.931422665512084, "N_raw": 33, "N_roi": 31, "N_inlier": 29, "refit": true}
{"timestamp": "12:38:38.435154", "frame": 49, "mu": [-0.17101296040016187, 4.446994316190409, -0.12424406419645856], "Sigma": [[0.023555465965338394, 0.005367442879241319, 0.0674202727254126], [0.005367442879241319, 0.004820273487393805, 0.023078375169505817], [0.0674202727254126, 0.023078375169505817, 0.2906870803532562]], "chi2_level": 0.997, "chi2_df": 3, "chi2_threshold": 13.931422665512084, "N_raw": 38, "N_roi": 38, "N_inlier": 38, "refit": true}
{"timestamp": "12:38:38.549276", "frame": 51, "mu": [-0.11919508626107449, 4.388041214355605, 1.1206794782755285], "Sigma": [[0.021922517586205448, 0.0020945124383902215, -0.0292047717138089], [0.002094512438390222, 0.0030921409713279653, -0.010281148453158001], [-0.0292047717138089, -0.010281148453158001, 0.077809340934327]], "chi2_level": 0.997, "chi2_df": 3, "chi2_threshold": 13.931422665512084, "N_raw": 28, "N_roi": 26, "N_inlier": 25, "refit": true}
{"timestamp": "12:38:38.602395", "frame": 52, "mu": [0.04483264182811877, 4.425974900867713, 1.160285712910871], "Sigma": [[0.029187564072180358, -0.0008570471730296392, -0.015826114833903143], [-0.000857047173029639, 0.003926681317922118, -0.0020499284442842256], [-0.015826114833903143, -0.002049928444284225, 0.012778117080068938]], "chi2_level": 0.997, "chi2_df": 3, "chi2_threshold": 13.931422665512084, "N_raw": 56, "N_roi": 54, "N_inlier": 52, "refit": true}
{"timestamp": "12:38:38.654773", "frame": 53, "mu": [0.2033387769741535, 4.476081995925807, 0.9470432368807145], "Sigma": [[0.024166329760290463, 0.002714459810327342, -0.017093283425918426], [0.002714459810327342, 0.005319566924230671, -0.006150595818467433], [-0.017093283425918426, -0.006150595818467433, 0.03221053120696672]], "chi2_level": 0.997, "chi2_df": 3, "chi2_threshold": 13.931422665512084, "N_raw": 29, "N_roi": 29, "N_inlier": 27, "refit": true}
{"timestamp": "12:38:38.711458", "frame": 54, "mu": [0.23511888345247978, 4.467356367668791, 1.1881898158584028], "Sigma": [[0.02465879429936788, -0.0016120874972954135, -0.011968153531002924], [-0.0016120874972954137, 0.0034599539377349227, 0.0013571239473839918], [-0.011968153531002928, 0.0013571239473839918, 0.007524254315908069]], "chi2_level": 0.997, "chi2_df": 3, "chi2_threshold": 13.931422665512084, "N_raw": 46, "N_roi": 40, "N_inlier": 38, "refit": true}
{"timestamp": "12:38:38.821547", "frame": 56, "mu": [0.29303476335026307, 4.7077531021334424, 0.5415724791082396], "Sigma": [[0.02966093169433905, -0.004930487147005932, 0.012418846845771825], [-0.004930487147005932, 0.011150691184838572, -0.016996600780522217], [0.012418846845771825, -0.016996600780522213, 0.034389190569458966]], "chi2_level": 0.997, "chi2_df": 3, "chi2_threshold": 13.931422665512084, "N_raw": 44, "N_roi": 44, "N_inlier": 44, "refit": true}
{"timestamp": "12:38:38.873705", "frame": 57, "mu": [0.4490705355541513, 4.678678210697574, 0.5996179426601256], "Sigma": [[0.0169856378411773, -0.003423560153381476, -0.00339789458791496], [-0.003423560153381476, 0.013839809852464252, -0.02226856093729269], [-0.00339789458791496, -0.022268560937292688, 0.046616013162866]], "chi2_level": 0.997, "chi2_df": 3, "chi2_threshold": 13.931422665512084, "N_raw": 26, "N_roi": 26, "N_inlier": 25, "refit": true}
{"timestamp": "12:38:38.981978", "frame": 59, "mu": [0.649268353660009, 4.398506094161022, 1.2969479357476028], "Sigma": [[0.00477970749238905, 0.00011683401914480435, -0.0023784154313042094], [0.00011683401914480457, 0.0026036255156820115, 0.001265821937288063], [-0.0023784154313042094, 0.001265821937288063, 0.0025871736445624302]], "chi2_level": 0.997, "chi2_df": 3, "chi2_threshold": 13.931422665512084, "N_raw": 15, "N_roi": 9, "N_inlier": 9, "refit": true}
{"timestamp": "12:38:39.036699", "frame": 60, "mu": [0.6975889065572215, 4.616301244315833, 0.9181862400710818], "Sigma": [[0.0019467279784420933, 0.005799252969810948, -0.007024610143336086], [0.005799252969810948, 0.04024206925467544, -0.07961008782371806], [-0.007024610143336085, -0.07961008782371806, 0.35682313943384464]], "chi2_level": 0.997, "chi2_df": 3, "chi2_threshold": 13.931422665512084, "N_raw": 13, "N_roi": 10, "N_inlier": 10, "refit": true}
{"timestamp": "12:38:39.092542", "frame": 61, "mu": [0.7442859189663539, 4.491918899202709, 1.0345249703649875], "Sigma": [[0.00031180138370789706, -0.002164726555090479, 0.0020612062605157113], [-0.002164726555090479, 0.0302241541466819, -0.03526601290345771], [0.0020612062605157113, -0.03526601290345771, 0.07252979791955522]], "chi2_level": 0.997, "chi2_df": 3, "chi2_threshold": 13.931422665512084, "N_raw": 11, "N_roi": 7, "N_inlier": 7, "refit": true}
{"timestamp": "12:38:39.151599", "frame": 62, "mu": [0.838781586084289, 4.4209303173724885, 1.2570550969272092], "Sigma": [[0.015415897225077977, -0.0024650876498715337, -0.007646202136824265], [-0.0024650876498715337, 0.004525480122273241, 0.00018569362113177623], [-0.007646202136824265, 0.0001856936211317765, 0.006187978607755191]], "chi2_level": 0.997, "chi2_df": 3, "chi2_threshold": 13.931422665512084, "N_raw": 48, "N_roi": 37, "N_inlier": 35, "refit": true}
{"timestamp": "12:38:39.203732", "frame": 63, "mu": [0.93209079798207, 4.509802841068211, 1.07307299648388], "Sigma": [[0.014052062523564517, -0.0010211422702378994, -0.009428867788639909], [-0.0010211422702378994, 0.03347654909439925, -0.046337543790126126], [-0.009428867788639909, -0.046337543790126126, 0.1256212914952283]], "chi2_level": 0.997, "chi2_df": 3, "chi2_threshold": 13.931422665512084, "N_raw": 24, "N_roi": 24, "N_inlier": 23, "refit": true}
{"timestamp": "12:38:39.256227", "frame": 64, "mu": [0.9564770824693309, 4.470856617153883, 0.9756090691257342], "Sigma": [[0.022653524319313785, -0.004825932487752518, 0.05304378185749756], [-0.004825932487752518, 0.009188263047731774, -0.018817106180543008], [0.05304378185749756, -0.018817106180543008, 0.13592682652189514]], "chi2_level": 0.997, "chi2_df": 3, "chi2_threshold": 13.931422665512084, "N_raw": 11, "N_roi": 8, "N_inlier": 8, "refit": true}
{"timestamp": "12:38:39.309940", "frame": 65, "mu": [1.1352306655452225, 4.437971484873308, 0.7789541102666818], "Sigma": [[0.01439354256894333, -0.010419483845072762, 0.02705316846262855], [-0.01041948384507276, 0.009047926868859815, -0.018179152955239846], [0.02705316846262855, -0.01817915295523985, 0.05654936826717381]], "chi2_level": 0.997, "chi2_df": 3, "chi2_threshold": 13.931422665512084, "N_raw": 7, "N_roi": 7, "N_inlier": 7, "refit": true}
{"timestamp": "12:38:39.368208", "frame": 66, "mu": [1.1687346159098309, 4.3937242816509965, 0.9316475760138349], "Sigma": [[0.015224787485211375, -0.006106102298085959, 0.004437551961069143], [-0.006106102298085959, 0.005880030289168422, -0.009752627145635845], [0.0044375519610691415, -0.009752627145635843, 0.034544367376320446]], "chi2_level": 0.997, "chi2_df": 3, "chi2_threshold": 13.931422665512084, "N_raw": 25, "N_roi": 23, "N_inlier": 23, "refit": true}
{"timestamp": "12:38:39.423535", "frame": 67, "mu": [1.1971354839015407, 4.417260357937014, 0.987902917433753], "Sigma": [[0.011320583321588603, -0.004393530295090387, -0.005589375928087758], [-0.004393530295090387, 0.007818985060630314, -0.01218414761776847], [-0.005589375928087758, -0.01218414761776847, 0.04458277076235057]], "chi2_level": 0.997, "chi2_df": 3, "chi2_threshold": 13.931422665512084, "N_raw": 24, "N_roi": 24, "N_inlier": 24, "refit": true}
{"timestamp": "12:38:39.640372", "frame": 71, "mu": [1.5133094338007336, 3.9309735528356646, 0.8582812211337328], "Sigma": [[0.27321222927269095, 0.6657025192247452, -0.2631522831787445], [0.6657025192247453, 1.8484203849956355, -0.45892163192794316], [-0.2631522831787445, -0.45892163192794316, 0.407473862073328]], "chi2_level": 0.997, "chi2_df": 3, "chi2_threshold": 13.931422665512084, "N_raw": 7, "N_roi": 7, "N_inlier": 7, "refit": true}
{"timestamp": "12:38:39.807210", "frame": 74, "mu": [1.8588193494784986, 4.409477891387868, 1.1621484400864437], "Sigma": [[0.021538307393559438, 0.027217650588127983, -0.0060826561890293136], [0.027217650588127983, 0.03712605028088484, -0.007810285506293742], [-0.0060826561890293136, -0.0078102855062937415, 0.001938342464854908]], "chi2_level": 0.997, "chi2_df": 3, "chi2_threshold": 13.931422665512084, "N_raw": 7, "N_roi": 7, "N_inlier": 7, "refit": true}
{"timestamp": "12:38:39.976138", "frame": 77, "mu": [1.882316012651786, 4.035042971750833, 0.7944558189565778], "Sigma": [[0.02472549717531826, -0.013934543626865695, -0.011060103467986016], [-0.013934543626865695, 0.012239527779267827, 0.006758248747711438], [-0.011060103467986016, 0.006758248747711438, 0.006486496021794308]], "chi2_level": 0.997, "chi2_df": 3, "chi2_threshold": 13.931422665512084, "N_raw": 38, "N_roi": 38, "N_inlier": 38, "refit": true}
{"timestamp": "12:38:40.081217", "frame": 79, "mu": [1.9119795992544057, 4.026129637642522, 1.1026512343014756], "Sigma": [[0.007103669270995265, -0.004586026443709722, -0.005740659572713374], [-0.004586026443709722, 0.007240805786282053, 0.005276866679951951], [-0.005740659572713374, 0.005276866679951951, 0.012158279173721141]], "chi2_level": 0.997, "chi2_df": 3, "chi2_threshold": 13.931422665512084, "N_raw": 11, "N_roi": 11, "N_inlier": 11, "refit": true}
{"timestamp": "12:38:40.190403", "frame": 81, "mu": [1.8344693470034859, 3.50199560999166, 1.0402090014514698], "Sigma": [[0.37223594997496895, 0.7389216475924262, -0.18104669235557078], [0.7389216475924262, 1.4802659623617878, -0.33547138238923213], [-0.1810466923555708, -0.33547138238923213, 0.1558711638313435]], "chi2_level": 0.997, "chi2_df": 3, "chi2_threshold": 13.931422665512084, "N_raw": 7, "N_roi": 7, "N_inlier": 7, "refit": true}
{"timestamp": "12:38:40.245029", "frame": 82, "mu": [2.0308980327537665, 3.9293404682291984, 0.9752300414949295], "Sigma": [[0.00460467085448182, 0.0025059177544771915, -0.01698359156097215], [0.0025059177544771915, 0.011077010094003126, -0.0200605175774413], [-0.01698359156097215, -0.0200605175774413, 0.0889019094205835]], "chi2_level": 0.997, "chi2_df": 3, "chi2_threshold": 13.931422665512084, "N_raw": 7, "N_roi": 7, "N_inlier": 7, "refit": true}
{"timestamp": "12:38:40.303804", "frame": 83, "mu": [1.9546313771167125, 3.830157334984418, 1.1101698385525505], "Sigma": [[0.021972103029485063, -0.009712035745377198, 0.002624673070593316], [-0.009712035745377198, 0.006163804231591069, -0.0016078932001184747], [0.002624673070593316, -0.0016078932001184747, 0.00042174712993402164]], "chi2_level": 0.997, "chi2_df": 3, "chi2_threshold": 13.931422665512084, "N_raw": 27, "N_roi": 27, "N_inlier": 26, "refit": true}
{"timestamp": "12:38:40.467006", "frame": 86, "mu": [2.0258952033529143, 3.771798276231623, 0.8948888119104259], "Sigma": [[0.011227280611660584, 0.000604893683045572, -0.027813676520115294], [0.000604893683045572, 0.000721511424562357, -0.0013517919467718334], [-0.027813676520115294, -0.0013517919467718334, 0.07145948147101798]], "chi2_level": 0.997, "chi2_df": 3, "chi2_threshold": 13.931422665512084, "N_raw": 10, "N_roi": 7, "N_inlier": 7, "refit": true}
{"timestamp": "12:38:40.522126", "frame": 87, "mu": [2.1261493743688957, 3.7659502771224957, 0.5777611102526258], "Sigma": [[0.009803613388517452, -0.0045003026620721595, 0.0002254148278595441], [-0.0045003026620721595, 0.003671541195452263, -0.00149068739913634], [0.0002254148278595441, -0.00149068739913634, 0.002632601706024344]], "chi2_level": 0.997, "chi2_df": 3, "chi2_threshold": 13.931422665512084, "N_raw": 18, "N_roi": 15, "N_inlier": 14, "refit": true}
{"timestamp": "12:38:40.576605", "frame": 88, "mu": [2.0638940039169453, 3.7009969476190383, 0.8944422239119445], "Sigma": [[0.02634346280158025, -0.003167833542479904, -0.04314093170726678], [-0.0031678335424799036, 0.0010688938266779564, 0.0034345765795026923], [-0.04314093170726679, 0.0034345765795026923, 0.08819859050151585]], "chi2_level": 0.997, "chi2_df": 3, "chi2_threshold": 13.931422665512084, "N_raw": 12, "N_roi": 8, "N_inlier": 8, "refit": true}
{"timestamp": "12:38:40.639471", "frame": 89, "mu": [2.0157274779607186, 3.7031711750693415, 0.7227545391964962], "Sigma": [[0.0196854531821449, -0.009311444079878807, -0.016306188021913016], [-0.009311444079878807, 0.007228730916805215, 0.0017285908230238382], [-0.016306188021913016, 0.001728590823023838, 0.04678887725892904]], "chi2_level": 0.997, "chi2_df": 3, "chi2_threshold": 13.931422665512084, "N_raw": 56, "N_roi": 50, "N_inlier": 50, "refit": true}
{"timestamp": "12:38:40.690524", "frame": 90, "mu": [1.9739880765915236, 3.681421556809407, 0.7444314183958126], "Sigma": [[0.014951720250662876, -0.0069685528877907, -0.011737474508182074], [-0.006968552887790701, 0.004980244249209171, -0.002729715453835072], [-0.011737474508182074, -0.002729715453835073, 0.06506851870854102]], "chi2_level": 0.997, "chi2_df": 3, "chi2_threshold": 13.931422665512084, "N_raw": 31, "N_roi": 26, "N_inlier": 26, "refit": true}
{"timestamp": "12:38:40.744260", "frame": 91, "mu": [1.833486895803807, 3.72759721108526, 1.0120264243101345], "Sigma": [[0.01190327207563397, -0.007388098953017586, 0.003305484979415135], [-0.007388098953017586, 0.00609849573483539, -0.008071763287455971], [0.0033054849794151354, -0.008071763287455971, 0.038002279434823094]], "chi2_level": 0.997, "chi2_df": 3, "chi2_threshold": 13.931422665512084, "N_raw": 30, "N_roi": 28, "N_inlier": 27, "refit": true}
{"timestamp": "12:38:40.799911", "frame": 92, "mu": [1.9841711474045085, 3.7903908208984203, -0.11965983824922818], "Sigma": [[0.018068474514465138, -0.010319807559280204, 0.007951102291648639], [-0.010319807559280206, 0.012599583228031364, -0.019304858919201164], [0.007951102291648639, -0.019304858919201168, 0.04408975220642148]], "chi2_level": 0.997, "chi2_df": 3, "chi2_threshold": 13.931422665512084, "N_raw": 34, "N_roi": 34, "N_inlier": 34, "refit": true}
{"timestamp": "12:38:40.857414", "frame": 93, "mu": [1.9015581264278625, 3.6100648092506757, 0.7935431614966372], "Sigma": [[0.020390232864156012, -0.010411570790362323, 0.0027032381368666835], [-0.010411570790362323, 0.006456019612493916, -0.0015629908390490885], [0.0027032381368666822, -0.001562990839049088, 0.07042765115318217]], "chi2_level": 0.997, "chi2_df": 3, "chi2_threshold": 13.931422665512084, "N_raw": 54, "N_roi": 52, "N_inlier": 52, "refit": true}
{"timestamp": "12:38:40.915752", "frame": 94, "mu": [1.8420529180630467, 3.6307865381921363, 0.8880641406423821], "Sigma": [[0.02468779484059054, -0.014352835115870289, -0.006955349007806203], [-0.014352835115870287, 0.009933072264697964, -0.0018781413972779664], [-0.006955349007806203, -0.001878141397277966, 0.05647628654449559]], "chi2_level": 0.997, "chi2_df": 3, "chi2_threshold": 13.931422665512084, "N_raw": 71, "N_roi": 67, "N_inlier": 67, "refit": true}
{"timestamp": "12:38:40.967745", "frame": 95, "mu": [1.855326577333807, 3.6174723882533337, -0.772467962110056], "Sigma": [[0.014280797851219463, 0.0013539776967638126, 0.03970372466924463], [0.0013539776967638128, 0.005940024933405628, 0.00754946103595346], [0.03970372466924463, 0.007549461035953459, 0.332427269075208]], "chi2_level": 0.997, "chi2_df": 3, "chi2_threshold": 13.931422665512084, "N_raw": 47, "N_roi": 45, "N_inlier": 45, "refit": true}
{"timestamp": "12:38:41.022985", "frame": 96, "mu": [1.8479057087036894, 3.495371311861836, 0.8067683148279976], "Sigma": [[0.02747559795348494, -0.016896444382313455, -0.015765688503790655], [-0.016896444382313455, 0.011816305454726945, 0.0053490643602613136], [-0.015765688503790655, 0.0053490643602613136, 0.03970372070071202]], "chi2_level": 0.997, "chi2_df": 3, "chi2_threshold": 13.931422665512084, "N_raw": 57, "N_roi": 57, "N_inlier": 57, "refit": true}
{"timestamp": "12:38:41.074998", "frame": 97, "mu": [1.7557716138586592, 3.640029871739186, -0.05188194315705208], "Sigma": [[0.016604093600591945, -0.006276135972078846, -0.004410595547658835], [-0.006276135972078845, 0.005951259198091502, -0.0062470149574380554], [-0.004410595547658836, -0.0062470149574380554, 0.01966287064647157]], "chi2_level": 0.997, "chi2_df": 3, "chi2_threshold": 13.931422665512084, "N_raw": 36, "N_roi": 35, "N_inlier": 34, "refit": true}
{"timestamp": "12:38:41.130294", "frame": 98, "mu": [1.7297559901853954, 3.4223888905626723, 0.6899058387458814], "Sigma": [[0.023964483229494175, -0.01162033131779297, -0.009408433183167685], [-0.01162033131779297, 0.006624540089889505, 0.0026200126664379995], [-0.009408433183167685, 0.002620012666437999, 0.02175708221033109]], "chi2_level": 0.997, "chi2_df": 3, "chi2_threshold": 13.931422665512084, "N_raw": 43, "N_roi": 43, "N_inlier": 43, "refit": true}
{"timestamp": "12:38:41.184647", "frame": 99, "mu": [1.647596264496562, 3.4546284173486037, 0.6994611384151517], "Sigma": [[0.01632487623706795, -0.009278192284645059, -0.009889595544515418], [-0.009278192284645059, 0.007592037104334521, 0.004365280958969936], [-0.00988959554451542, 0.004365280958969936, 0.014154643478865735]], "chi2_level": 0.997, "chi2_df": 3, "chi2_threshold": 13.931422665512084, "N_raw": 36, "N_roi": 36, "N_inlier": 34, "refit": true}
{"timestamp": "12:38:41.306544", "frame": 100, "mu": [1.568293902107768, 3.639659342890084, -0.32738547294993514], "Sigma": [[0.013755262531360868, -0.005051941655639129, -0.006622177507311067], [-0.005051941655639128, 0.008218664733051616, -0.005247661476209169], [-0.006622177507311067, -0.00524766147620917, 0.01989482515241766]], "chi2_level": 0.997, "chi2_df": 3, "chi2_threshold": 13.931422665512084, "N_raw": 28, "N_roi": 28, "N_inlier": 26, "refit": true}
{"timestamp": "12:38:41.328700", "frame": 101, "mu": [1.4851889585873923, 3.4540594960084277, 0.7088712556424291], "Sigma": [[0.01198034910760829, -0.0056703705854868345, -0.0004718561224218355], [-0.005670370585486835, 0.00499043861346405, -0.000897445703889378], [-0.0004718561224218355, -0.0008974457038893779, 0.0015181854981900064]], "chi2_level": 0.997, "chi2_df": 3, "chi2_threshold": 13.931422665512084, "N_raw": 28, "N_roi": 28, "N_inlier": 27, "refit": true}
{"timestamp": "12:38:41.361046", "frame": 102, "mu": [1.4572627416237116, 3.4501667078131293, 0.9702305005582293], "Sigma": [[0.014324019176827822, -0.007446988037974387, -0.013567520516018682], [-0.007446988037974387, 0.004682365264964334, 0.005051715027877291], [-0.013567520516018682, 0.005051715027877291, 0.025305642657748782]], "chi2_level": 0.997, "chi2_df": 3, "chi2_threshold": 13.931422665512084, "N_raw": 27, "N_roi": 27, "N_inlier": 26, "refit": true}
{"timestamp": "12:38:41.401274", "frame": 103, "mu": [1.2965016329470016, 3.4859476807065084, -0.3717487851294889], "Sigma": [[0.10835348335272331, 0.2821352048061892, -0.06205870747046043], [0.28213520480618925, 0.8152754546275457, -0.21059707742407194], [-0.062058707470460425, -0.21059707742407194, 0.3131784780811075]], "chi2_level": 0.997, "chi2_df": 3, "chi2_threshold": 13.931422665512084, "N_raw": 10, "N_roi": 10, "N_inlier": 10, "refit": true}
{"timestamp": "12:38:41.456257", "frame": 104, "mu": [1.1646601028869488, 3.612601378984462, 1.0698666260994822], "Sigma": [[0.01085439299802788, -0.0111623931886687, -0.00755613040720792], [-0.011162393188668702, 0.03143501297150757, -0.027528112823072055], [-0.007556130407207921, -0.02752811282307205, 0.08206740379966405]], "chi2_level": 0.997, "chi2_df": 3, "chi2_threshold": 13.931422665512084, "N_raw": 8, "N_roi": 8, "N_inlier": 8, "refit": true}
{"timestamp": "12:38:41.512265", "frame": 105, "mu": [1.2157809639412358, 3.5542787225199266, 0.7054761603268818], "Sigma": [[0.008409840674230123, -0.0005416801434756696, -0.019636205739448208], [-0.00054168014347567, 0.013997995970862563, -0.05242769907832434], [-0.019636205739448208, -0.05242769907832434, 0.319981364261123]], "chi2_level": 0.997, "chi2_df": 3, "chi2_threshold": 13.931422665512084, "N_raw": 14, "N_roi": 11, "N_inlier": 11, "refit": true}
{"timestamp": "12:38:41.566690", "frame": 106, "mu": [0.9465154726246564, 3.5251233686735897, 1.410438299658488], "Sigma": [[0.005436642599337623, -0.0015866634108705245, -0.00430725745964307], [-0.001586663410870525, 0.0028162771990355635, 0.0015788103417364488], [-0.00430725745964307, 0.0015788103417364488, 0.004666648636643602]], "chi2_level": 0.997, "chi2_df": 3, "chi2_threshold": 13.931422665512084, "N_raw": 15, "N_roi": 15, "N_inlier": 14, "refit": true}
{"timestamp": "12:38:41.626547", "frame": 107, "mu": [1.1723554984912776, 3.175201472088694, 0.8405363502779069], "Sigma": [[0.01517022634295006, -0.013723847805374417, -0.018816987475845263], [-0.013723847805374416, 0.02098152541620254, 0.026582376987957845], [-0.018816987475845266, 0.026582376987957845, 0.036204343113848854]], "chi2_level": 0.997, "chi2_df": 3, "chi2_threshold": 13.931422665512084, "N_raw": 28, "N_roi": 27, "N_inlier": 26, "refit": true}
{"timestamp": "12:38:41.682561", "frame": 108, "mu": [0.9329552620007691, 3.3506938317068746, 1.0633543770453329], "Sigma": [[0.014022606405422341, -0.017825919818707008, -0.03238215557916026], [-0.017825919818707008, 0.06402685675435167, 0.09627882260340426], [-0.03238215557916026, 0.09627882260340424, 0.16195152726927314]], "chi2_level": 0.997, "chi2_df": 3, "chi2_threshold": 13.931422665512084, "N_raw": 51, "N_roi": 51, "N_inlier": 49, "refit": true}
{"timestamp": "12:38:41.733562", "frame": 109, "mu": [0.9798197019592063, 3.486861286889451, 0.8757672770733151], "Sigma": [[0.016571186436094044, -0.0053720822896200695, -0.023498879874649794], [-0.0053720822896200695, 0.002930736104813701, 0.00527049812408245], [-0.023498879874649794, 0.005270498124082449, 0.052593119089689847]], "chi2_level": 0.997, "chi2_df": 3, "chi2_threshold": 13.931422665512084, "N_raw": 23, "N_roi": 23, "N_inlier": 22, "refit": true}
{"timestamp": "12:38:41.791760", "frame": 110, "mu": [0.7597367278904824, 3.54089008329899, 1.3499274869152151], "Sigma": [[0.01698334907084173, -0.0031736200305223687, -0.02331982394476223], [-0.0031736200305223687, 0.0034613215329825, 0.0037208682697609705], [-0.02331982394476223, 0.00372086826976097, 0.03882428749128661]], "chi2_level": 0.997, "chi2_df": 3, "chi2_threshold": 13.931422665512084, "N_raw": 47, "N_roi": 43, "N_inlier": 40, "refit": true}
{"timestamp": "12:38:41.843777", "frame": 111, "mu": [0.7162538785534117, 3.514698633887428, 0.5536441843857444], "Sigma": [[0.025679590861514164, 0.0030703570106397023, -0.03706753300533895], [0.003070357010639704, 0.010595192297944868, -0.009437342370381237], [-0.03706753300533895, -0.009437342370381237, 0.5392791916567131]], "chi2_level": 0.997, "chi2_df": 3, "chi2_threshold": 13.931422665512084, "N_raw": 17, "N_roi": 10, "N_inlier": 10, "refit": true}
{"timestamp": "12:38:41.899263", "frame": 112, "mu": [0.5581283350951263, 3.5287130121764063, 1.2810115796576014], "Sigma": [[0.01979580283989154, 0.008761468151026587, -0.019370168173537036], [0.008761468151026587, 0.011317558989945228, 0.0009120360693443591], [-0.01937016817353704, 0.0009120360693443601, 0.15327158931748103]], "chi2_level": 0.997, "chi2_df": 3, "chi2_threshold": 13.931422665512084, "N_raw": 31, "N_roi": 31, "N_inlier": 30, "refit": true}
{"timestamp": "12:38:41.951730", "frame": 113, "mu": [0.4160949831659594, 3.559244700202236, 0.9171690800048983], "Sigma": [[0.024396296830537765, 0.016124472672099373, -0.05982066689136122], [0.016124472672099373, 0.01935732070150027, -0.0384675262264395], [-0.05982066689136122, -0.038467526226439494, 0.4595210416528888]], "chi2_level": 0.997, "chi2_df": 3, "chi2_threshold": 13.931422665512084, "N_raw": 14, "N_roi": 14, "N_inlier": 14, "refit": true}
{"timestamp": "12:38:42.012136", "frame": 114, "mu": [0.32422975676898175, 3.4421890922681335, 1.3467593239916102], "Sigma": [[0.014913548110188383, 0.005834947601462814, 0.003370233344032997], [0.005834947601462814, 0.01717355554295468, 0.014184346208306381], [0.003370233344032997, 0.014184346208306383, 0.029152402050613313]], "chi2_level": 0.997, "chi2_df": 3, "chi2_threshold": 13.931422665512084, "N_raw": 48, "N_roi": 45, "N_inlier": 42, "refit": true}
{"timestamp": "12:38:42.061432", "frame": 115, "mu": [0.3085900498034883, 3.472888950625511, 0.8990197518286651], "Sigma": [[0.005074658587314846, -0.0011121845499059337, -0.005849471776759257], [-0.0011121845499059337, 0.03276780251869684, -0.06414412650039443], [-0.005849471776759257, -0.06414412650039443, 0.15812293671146546]], "chi2_level": 0.997, "chi2_df": 3, "chi2_threshold": 13.931422665512084, "N_raw": 10, "N_roi": 7, "N_inlier": 7, "refit": true}
{"timestamp": "12:38:42.124731", "frame": 116, "mu": [0.4055452021919079, 3.6154639519352663, -0.46059669471117404], "Sigma": [[0.01775268892933112, 0.004623880194217908, 0.024093160487690925], [0.004623880194217908, 0.00857031658374775, 0.011312376616573794], [0.024093160487690925, 0.011312376616573793, 0.10741010599096165]], "chi2_level": 0.997, "chi2_df": 3, "chi2_threshold": 13.931422665512084, "N_raw": 66, "N_roi": 53, "N_inlier": 51, "refit": true}
{"timestamp": "12:38:42.176707", "frame": 117, "mu": [0.3233488034624676, 3.525326882193388, 1.0498885713790582], "Sigma": [[0.00835805809234554, -0.0032584050266973334, -0.01687544606401224], [-0.0032584050266973334, 0.0115559658531315, -0.0035099428782639614], [-0.016875446064012242, -0.003509942878263962, 0.07808541161071492]], "chi2_level": 0.997, "chi2_df": 3, "chi2_threshold": 13.931422665512084, "N_raw": 47, "N_roi": 35, "N_inlier": 35, "refit": true}
{"timestamp": "12:38:42.236239", "frame": 118, "mu": [0.24206087188084047, 3.5972562753508726, 0.26399152845846546], "Sigma": [[0.009294075298248805, 0.000400880013890594, -0.015802546817381066], [0.000400880013890594, 0.013411384674822464, -0.0046579855457658925], [-0.015802546817381066, -0.0046579855457658925, 0.06911334693884855]], "chi2_level": 0.997, "chi2_df": 3, "chi2_threshold": 13.931422665512084, "N_raw": 71, "N_roi": 41, "N_inlier": 39, "refit": true}
