{"timestamp": "12:43:25.589673", "frame": 53, "mu": [1.6311553706453557, 0.7944886802856934, 1.3311326265886927], "Sigma": [[0.0033805920351032692, -0.0025690438276158253, -0.002610035724453155], [-0.002569043827615825, 0.0038171441893595686, 0.001227397232160723], [-0.002610035724453155, 0.001227397232160723, 0.006165013253875462]], "chi2_level": 0.997, "chi2_df": 3, "chi2_threshold": 13.931422665512084, "N_raw": 16, "N_roi": 16, "N_inlier": 16, "refit": true}
{"timestamp": "12:43:25.698588", "frame": 55, "mu": [1.6136054229334287, 0.8920032039013022, 1.2400489820162695], "Sigma": [[0.005615434633243892, -0.004757435720364691, -0.007609385810090189], [-0.00475743572036469, 0.00499257783006406, 0.006624360811167274], [-0.007609385810090189, 0.006624360811167275, 0.011562472213549396]], "chi2_level": 0.997, "chi2_df": 3, "chi2_threshold": 13.931422665512084, "N_raw": 8, "N_roi": 8, "N_inlier": 8, "refit": true}
{"timestamp": "12:43:25.753481", "frame": 56, "mu": [1.6440562309507656, 0.991524562422909, 1.3520175234022456], "Sigma": [[0.004341904186965569, -0.0004614891635878112, -0.0023870626472642974], [-0.0004614891635878113, 0.0009446475631104293, 0.000173986357506687], [-0.0023870626472642974, 0.00017398635750668696, 0.005232828051199953]], "chi2_level": 0.997, "chi2_df": 3, "chi2_threshold": 13.931422665512084, "N_raw": 8, "N_roi": 8, "N_inlier": 8, "refit": true}
{"timestamp": "12:43:25.809523", "frame": 57, "mu": [1.6669818072193978, 1.0241082309601528, 1.3762207669006705], "Sigma": [[0.003811402626053429, -0.0018242896680952865, -0.0004894365475545474], [-0.0018242896680952863, 0.0036522165665383833, 0.00025171743126255414], [-0.0004894365475545473, 0.00025171743126255414, 0.00046766026800056483]], "chi2_level": 0.997, "chi2_df": 3, "chi2_threshold": 13.931422665512084, "N_raw": 15, "N_roi": 15, "N_inlier": 14, "refit": true}
{"timestamp": "12:43:25.864412", "frame": 58, "mu": [1.6624850361408527, 1.0752771186438062, 1.3413656767965074], "Sigma": [[0.0038705200184269346, -0.00042490438619318316, -0.0008791049010107629], [-0.00042490438619318316, 0.0014159925453318264, -0.0009417495211451298], [-0.0008791049010107631, -0.0009417495211451298, 0.004853328296728933]], "chi2_level": 0.997, "chi2_df": 3, "chi2_threshold": 13.931422665512084, "N_raw": 17, "N_roi": 17, "N_inlier": 16, "refit": true}
{"timestamp": "12:43:25.918669", "frame": 59, "mu": [1.6556948374916267, 1.0942323682711805, 1.3378413656853576], "Sigma": [[0.0027668740811501, -0.00014038754443877703, -0.0005490533718910558], [-0.00014038754443877706, 0.003286343287772263, -0.0014190653177259534], [-0.0005490533718910558, -0.0014190653177259536, 0.0007757385330122666]], "chi2_level": 0.997, "chi2_df": 3, "chi2_threshold": 13.931422665512084, "N_raw": 12, "N_roi": 11, "N_inlier": 10, "refit": true}
{"timestamp": "12:43:26.193687", "frame": 64, "mu": [1.5575051141495828, 1.2315025111491822, 1.024987263344208], "Sigma": [[0.17723305984962795, 0.12645456283175116, -0.1427145675730975], [0.12645456283175116, 0.10714916272039536, -0.12859200836155504], [-0.1427145675730975, -0.12859200836155504, 0.1779448120101205]], "chi2_level": 0.997, "chi2_df": 3, "chi2_threshold": 13.931422665512084, "N_raw": 9, "N_roi": 9, "N_inlier": 9, "refit": true}
{"timestamp": "12:43:26.248407", "frame": 65, "mu": [1.6119086290078577, 1.3904037916311904, 1.2769970501234704], "Sigma": [[0.00811865507381408, 0.001367158265810155, 0.0019033283647799085], [0.0013671582658101547, 0.0018945488321651894, 0.00032782455233969606], [0.001903328364779909, 0.0003278245523396961, 0.004968475597817997]], "chi2_level": 0.997, "chi2_df": 3, "chi2_threshold": 13.931422665512084, "N_raw": 7, "N_roi": 7, "N_inlier": 7, "refit": true}
{"timestamp": "12:43:26.359646", "frame": 67, "mu": [1.53636612543939, 1.4615200172024707, 1.209191423685443], "Sigma": [[0.006629833360537288, -0.003866702514010987, -0.0044907800649726555], [-0.003866702514010987, 0.0031964597876683815, 0.0018142670903118067], [-0.0044907800649726555, 0.0018142670903118067, 0.006013309727720278]], "chi2_level": 0.997, "chi2_df": 3, "chi2_threshold": 13.931422665512084, "N_raw": 15, "N_roi": 14, "N_inlier": 13, "refit": true}
{"timestamp": "12:43:26.523919", "frame": 70, "mu": [1.5534900181392426, 1.6345413692779398, 1.2891668889625942], "Sigma": [[0.002109291287790977, -0.001246166864046289, -0.004729995870812888], [-0.001246166864046289, 0.0036401385625502427, 0.006542310325195827], [-0.004729995870812889, 0.006542310325195826, 0.02740248615925853]], "chi2_level": 0.997, "chi2_df": 3, "chi2_threshold": 13.931422665512084, "N_raw": 13, "N_roi": 11, "N_inlier": 11, "refit": true}
{"timestamp": "12:43:26.580322", "frame": 71, "mu": [1.6182061081596169, 1.753153309677659, 1.4698137047572861], "Sigma": [[0.005677555717472538, -0.0001103172932583793, -0.000583179783493636], [-0.00011031729325837914, 0.0021400555336066798, -0.0003059535436687364], [-0.0005831797834936359, -0.0003059535436687365, 0.002844465233331298]], "chi2_level": 0.997, "chi2_df": 3, "chi2_threshold": 13.931422665512084, "N_raw": 25, "N_roi": 23, "N_inlier": 21, "refit": true}
{"timestamp": "12:43:26.690374", "frame": 73, "mu": [1.4889113095541187, 1.8471568270736327, 1.4131046827908877], "Sigma": [[0.005104603021412315, -0.002674413811073923, -0.0031986047563030704], [-0.002674413811073923, 0.004601866593021839, 0.0020817804410980154], [-0.00319860475630307, 0.0020817804410980154, 0.01443293443891946]], "chi2_level": 0.997, "chi2_df": 3, "chi2_threshold": 13.931422665512084, "N_raw": 25, "N_roi": 24, "N_inlier": 23, "refit": true}
{"timestamp": "12:43:26.743299", "frame": 74, "mu": [1.6766932830916663, 1.8333345315991842, 0.9789546862867453], "Sigma": [[0.01926405712588017, -0.005483448940374258, -0.05724456459502919], [-0.005483448940374258, 0.0037540249125526492, 0.02340223955024257], [-0.05724456459502919, 0.02340223955024257, 0.1973791368341001]], "chi2_level": 0.997, "chi2_df": 3, "chi2_threshold": 13.931422665512084, "N_raw": 7, "N_roi": 7, "N_inlier": 7, "refit": true}
{"timestamp": "12:43:26.798774", "frame": 75, "mu": [1.649239498785338, 1.904257633971892, 1.0955150778608471], "Sigma": [[0.03488997255777529, -0.002605246512826045, -0.07302451173920246], [-0.002605246512826044, 0.003003728722101043, 0.018054922265483754], [-0.07302451173920246, 0.018054922265483758, 0.23827946434377736]], "chi2_level": 0.997, "chi2_df": 3, "chi2_threshold": 13.931422665512084, "N_raw": 8, "N_roi": 8, "N_inlier": 8, "refit": true}
{"timestamp": "12:43:26.853618", "frame": 76, "mu": [1.5048082552813193, 1.8038166219462646, 1.1292231860653335], "Sigma": [[0.2273775715330337, 0.24283080341110327, -0.1715235808713998], [0.24283080341110327, 0.30220081583309366, -0.11769031121723471], [-0.17152358087139977, -0.11769031121723472, 0.23057260814528333]], "chi2_level": 0.997, "chi2_df": 3, "chi2_threshold": 13.931422665512084, "N_raw": 8, "N_roi": 8, "N_inlier": 8, "refit": true}
{"timestamp": "12:43:27.130816", "frame": 81, "mu": [1.6164566185982132, 2.2743957695175476, 0.10967685571514427], "Sigma": [[0.007263588497346883, -0.0034806695984194967, -0.00621927024078874], [-0.0034806695984194967, 0.004557938810247601, 0.006596217340773074], [-0.00621927024078874, 0.006596217340773074, 0.07512015892255067]], "chi2_level": 0.997, "chi2_df": 3, "chi2_threshold": 13.931422665512084, "N_raw": 26, "N_roi": 26, "N_inlier": 25, "refit": true}
{"timestamp": "12:43:27.240326", "frame": 83, "mu": [1.4781109906523864, 2.0899928614117895, 1.3421344546214993], "Sigma": [[0.16185427885258413, 0.2100986309525966, -0.12652474972366956], [0.2100986309525966, 0.3310912375062786, -0.07533042119193334], [-0.12652474972366956, -0.07533042119193334, 0.25913225690510466]], "chi2_level": 0.997, "chi2_df": 3, "chi2_threshold": 13.931422665512084, "N_raw": 8, "N_roi": 8, "N_inlier": 8, "refit": true}
{"timestamp": "12:43:27.405777", "frame": 86, "mu": [1.6241171472647757, 2.2528890578893686, 0.8652901687013839], "Sigma": [[0.011350890727500545, -0.007085346730864434, -0.04201650643247537], [-0.007085346730864434, 0.007764659857094998, 0.028892734177511863], [-0.04201650643247537, 0.028892734177511863, 0.163175354218799]], "chi2_level": 0.997, "chi2_df": 3, "chi2_threshold": 13.931422665512084, "N_raw": 10, "N_roi": 10, "N_inlier": 9, "refit": true}
{"timestamp": "12:43:27.570065", "frame": 89, "mu": [1.5323421364886103, 2.268377079857654, 0.8198228807737629], "Sigma": [[0.22098910866789884, 0.2517975213725885, -0.23197337188781303], [0.2517975213725885, 0.3402850619443806, -0.1935773829992158], [-0.23197337188781303, -0.19357738299921584, 0.37388642043762454]], "chi2_level": 0.997, "chi2_df": 3, "chi2_threshold": 13.931422665512084, "N_raw": 10, "N_roi": 10, "N_inlier": 10, "refit": true}
{"timestamp": "12:43:27.679441", "frame": 91, "mu": [1.510335142448346, 2.581125746722446, 1.332797125766397], "Sigma": [[0.011635673774094786, 0.0037598276038604407, 0.00949682586685986], [0.0037598276038604407, 0.002099824104549907, 0.0033905124044188977], [0.00949682586685986, 0.0033905124044188986, 0.009549391375392183]], "chi2_level": 0.997, "chi2_df": 3, "chi2_threshold": 13.931422665512084, "N_raw": 8, "N_roi": 8, "N_inlier": 8, "refit": true}
{"timestamp": "12:43:27.735850", "frame": 92, "mu": [1.4080970493105818, 2.4254249889196657, 1.2970817401134775], "Sigma": [[0.16051180030148268, 0.24434189667997597, -0.08847181057268538], [0.24434189667997597, 0.37536540429002485, -0.1402489141751829], [-0.08847181057268538, -0.14024891417518287, 0.06065187900801816]], "chi2_level": 0.997, "chi2_df": 3, "chi2_threshold": 13.931422665512084, "N_raw": 8, "N_roi": 8, "N_inlier": 8, "refit": true}
{"timestamp": "12:43:27.793258", "frame": 93, "mu": [1.6724365728990993, 2.6326176099488228, 1.1770969722104565], "Sigma": [[0.010633624835361238, -0.0035269210211629834, -0.0027834309949822302], [-0.0035269210211629834, 0.0026897626087871956, -0.002077562852191456], [-0.0027834309949822307, -0.0020775628521914557, 0.017098306619846064]], "chi2_level": 0.997, "chi2_df": 3, "chi2_threshold": 13.931422665512084, "N_raw": 29, "N_roi": 26, "N_inlier": 26, "refit": true}
{"timestamp": "12:43:27.899972", "frame": 95, "mu": [1.5641346368017495, 2.7326927581131493, 1.2462316224278323], "Sigma": [[0.0101496154315192, -0.0069823960734792636, -0.03174336524593651], [-0.006982396073479263, 0.010220421706260335, 0.03008426443520271], [-0.03174336524593651, 0.030084264435202714, 0.12927113852169417]], "chi2_level": 0.997, "chi2_df": 3, "chi2_threshold": 13.931422665512084, "N_raw": 9, "N_roi": 9, "N_inlier": 9, "refit": true}
{"timestamp": "12:43:28.014956", "frame": 97, "mu": [1.5871050397323057, 2.798992048903897, 1.1549957675369176], "Sigma": [[0.021663908391986324, -0.017020772328672495, -0.06525466663582788], [-0.017020772328672495, 0.019927269165328935, 0.0553904989808197], [-0.06525466663582788, 0.0553904989808197, 0.21546941425422836]], "chi2_level": 0.997, "chi2_df": 3, "chi2_threshold": 13.931422665512084, "N_raw": 11, "N_roi": 8, "N_inlier": 8, "refit": true}
{"timestamp": "12:43:28.231358", "frame": 101, "mu": [1.5892557995503998, 2.9554268790316196, 1.314477719430994], "Sigma": [[0.005183585309729815, -0.001089271984350409, 0.0003348845336265712], [-0.0010892719843504093, 0.0022706620604831867, -0.0005597179577115537], [0.0003348845336265712, -0.0005597179577115537, 0.00013997429663737752]], "chi2_level": 0.997, "chi2_df": 3, "chi2_threshold": 13.931422665512084, "N_raw": 16, "N_roi": 13, "N_inlier": 11, "refit": true}
{"timestamp": "12:43:28.287339", "frame": 102, "mu": [1.6519214581345647, 2.969425391699086, 0.992706953275964], "Sigma": [[0.012315501214822057, -0.004493897972041841, -0.014370881668478497], [-0.004493897972041842, 0.008367727662566259, -0.004268379174622548], [-0.014370881668478497, -0.004268379174622549, 0.03541494171596711]], "chi2_level": 0.997, "chi2_df": 3, "chi2_threshold": 13.931422665512084, "N_raw": 27, "N_roi": 27, "N_inlier": 27, "refit": true}
{"timestamp": "12:43:28.339875", "frame": 103, "mu": [1.5508837046198574, 2.9145809896493735, -0.4025361816681069], "Sigma": [[0.21233891811401462, 0.38472398862840496, -0.03680882314833123], [0.38472398862840496, 0.6987582966030669, -0.059446564424370324], [-0.03680882314833123, -0.059446564424370324, 0.07115863311227544]], "chi2_level": 0.997, "chi2_df": 3, "chi2_threshold": 13.931422665512084, "N_raw": 7, "N_roi": 7, "N_inlier": 7, "refit": true}
{"timestamp": "12:43:28.394582", "frame": 104, "mu": [1.577017165061672, 3.1926718304593313, 0.06467093586377912], "Sigma": [[0.010679038118013321, 0.0006997851861335535, -0.02843655766649777], [0.0006997851861335535, 0.0015526738088208858, -0.004715905563669525], [-0.02843655766649777, -0.004715905563669525, 0.09442058677551168]], "chi2_level": 0.997, "chi2_df": 3, "chi2_threshold": 13.931422665512084, "N_raw": 8, "N_roi": 8, "N_inlier": 8, "refit": true}
{"timestamp": "12:43:28.455220", "frame": 105, "mu": [1.618333395203597, 3.1551554631797742, -0.600767534016205], "Sigma": [[0.006874202307468438, 8.157405359301225e-05, 0.011095781164056615], [8.157405359301225e-05, 0.0030897727735725447, 0.00936408600099083], [0.011095781164056613, 0.009364086000990831, 0.14860907644740115]], "chi2_level": 0.997, "chi2_df": 3, "chi2_threshold": 13.931422665512084, "N_raw": 16, "N_roi": 13, "N_inlier": 13, "refit": true}
{"timestamp": "12:43:28.509227", "frame": 106, "mu": [1.5999078848672903, 3.17343356830144, 1.1907258758060113], "Sigma": [[0.013383001678537707, -0.006043280461718343, -0.004974827078876249], [-0.006043280461718343, 0.005706711918244727, -0.00044377305997108003], [-0.004974827078876249, -0.00044377305997108003, 0.00622264582618687]], "chi2_level": 0.997, "chi2_df": 3, "chi2_threshold": 13.931422665512084, "N_raw": 37, "N_roi": 37, "N_inlier": 36, "refit": true}
{"timestamp": "12:43:28.618691", "frame": 108, "mu": [1.5376955934323608, 3.3205734775142384, 1.3288222299295163], "Sigma": [[0.015512456889667459, -0.007585073575604171, -0.010201516495538965], [-0.007585073575604171, 0.005711112694257842, 0.0022852298308499684], [-0.010201516495538963, 0.0022852298308499684, 0.014301881301867183]], "chi2_level": 0.997, "chi2_df": 3, "chi2_threshold": 13.931422665512084, "N_raw": 36, "N_roi": 35, "N_inlier": 34, "refit": true}
{"timestamp": "12:43:28.674742", "frame": 109, "mu": [1.6290638366167327, 3.314644306568985, 1.089310877695985], "Sigma": [[0.015209568747531552, -0.007700579162582037, -0.015430389043740058], [-0.007700579162582036, 0.005028631136393306, 0.005534834791427702], [-0.01543038904374006, 0.005534834791427702, 0.05703923041989626]], "chi2_level": 0.997, "chi2_df": 3, "chi2_threshold": 13.931422665512084, "N_raw": 42, "N_roi": 41, "N_inlier": 41, "refit": true}
{"timestamp": "12:43:28.834797", "frame": 112, "mu": [1.6757757171346706, 3.4389317853793213, 1.1888050770504073], "Sigma": [[0.006191206414149636, -7.021935000774143e-05, -0.007240536859424832], [-7.021935000774132e-05, 0.0006348837177719255, -0.0016633065097250471], [-0.007240536859424832, -0.0016633065097250471, 0.01761958563353307]], "chi2_level": 0.997, "chi2_df": 3, "chi2_threshold": 13.931422665512084, "N_raw": 8, "N_roi": 8, "N_inlier": 8, "refit": true}
{"timestamp": "12:43:28.889834", "frame": 113, "mu": [1.59824260510186, 3.516927116599347, 1.119124162320101], "Sigma": [[0.0017829651973842952, 0.0006946091893622169, -0.0012218256237196091], [0.0006946091893622168, 0.004425423298867289, -0.016285446822730545], [-0.0012218256237196091, -0.016285446822730545, 0.09071927280686587]], "chi2_level": 0.997, "chi2_df": 3, "chi2_threshold": 13.931422665512084, "N_raw": 10, "N_roi": 10, "N_inlier": 10, "refit": true}
{"timestamp": "12:43:29.058347", "frame": 116, "mu": [1.7457068977068366, 3.5487775831511854, -1.0140087610102342], "Sigma": [[0.018324101332980784, 0.0005656407269948785, -0.011469907697518723], [0.0005656407269948788, 0.004758345711673447, 0.008531787852521622], [-0.011469907697518723, 0.008531787852521622, 0.1387644749447756]], "chi2_level": 0.997, "chi2_df": 3, "chi2_threshold": 13.931422665512084, "N_raw": 32, "N_roi": 32, "N_inlier": 32, "refit": true}
{"timestamp": "12:43:29.115257", "frame": 117, "mu": [1.586946464588932, 3.6479081045867217, 0.15483772411117191], "Sigma": [[0.017390990289130055, -0.005500927257773025, -0.010264004657430638], [-0.005500927257773025, 0.0048554564445646336, 0.00787572260059225], [-0.010264004657430638, 0.007875722600592248, 0.016268153912061965]], "chi2_level": 0.997, "chi2_df": 3, "chi2_threshold": 13.931422665512084, "N_raw": 37, "N_roi": 37, "N_inlier": 36, "refit": true}
{"timestamp": "12:43:29.167689", "frame": 118, "mu": [1.5707678907700382, 3.6013924816113407, 1.1332208863082478], "Sigma": [[0.016211421770913635, -0.005253084318843916, -0.004849949012907304], [-0.005253084318843916, 0.005078863721477341, 0.0022812963164593972], [-0.004849949012907304, 0.0022812963164593972, 0.002983495419916126]], "chi2_level": 0.997, "chi2_df": 3, "chi2_threshold": 13.931422665512084, "N_raw": 28, "N_roi": 28, "N_inlier": 28, "refit": true}
{"timestamp": "12:43:29.221910", "frame": 119, "mu": [1.6833031144151893, 3.7585819156790023, -0.381511604113871], "Sigma": [[0.03472027650929651, 0.008501410344117256, -0.0013926354995792267], [0.008501410344117256, 0.005958503021108311, 0.0009038144175011486], [-0.0013926354995792301, 0.0009038144175011489, 0.1294776186107626]], "chi2_level": 0.997, "chi2_df": 3, "chi2_threshold": 13.931422665512084, "N_raw": 21, "N_roi": 21, "N_inlier": 21, "refit": true}
{"timestamp": "12:43:29.277403", "frame": 120, "mu": [1.5940468432454968, 3.7400148891328335, 1.1047494980034693], "Sigma": [[0.015886547782851455, -0.005891299485947781, -0.021718070546994307], [-0.005891299485947781, 0.0033643471942744006, 0.007568140751065098], [-0.02171807054699431, 0.007568140751065097, 0.04145275656529073]], "chi2_level": 0.997, "chi2_df": 3, "chi2_threshold": 13.931422665512084, "N_raw": 27, "N_roi": 25, "N_inlier": 25, "refit": true}
{"timestamp": "12:43:29.334154", "frame": 121, "mu": [1.6455735046181792, 3.907461862847545, 0.07586989596795501], "Sigma": [[0.016466243899805114, -0.00027359109323315254, -0.02474713905098829], [-0.0002735910932331524, 0.0033707275127833457, -0.0039817142448238824], [-0.02474713905098829, -0.0039817142448238824, 0.046775647116756434]], "chi2_level": 0.997, "chi2_df": 3, "chi2_threshold": 13.931422665512084, "N_raw": 32, "N_roi": 32, "N_inlier": 32, "refit": true}
{"timestamp": "12:43:29.442683", "frame": 123, "mu": [1.7053381193044501, 3.8645144675950416, 1.094708405323948], "Sigma": [[0.01969411818357613, -0.008802071098358082, -0.0162564883214386], [-0.008802071098358082, 0.006184175974684581, 0.006825178179886346], [-0.0162564883214386, 0.006825178179886347, 0.01605289901150468]], "chi2_level": 0.997, "chi2_df": 3, "chi2_threshold": 13.931422665512084, "N_raw": 24, "N_roi": 24, "N_inlier": 24, "refit": true}
{"timestamp": "12:43:29.660967", "frame": 127, "mu": [1.7260121053712574, 4.002097572626754, 0.7916265959978382], "Sigma": [[0.01020337811053261, -0.004064729515391393, -0.020396137514686323], [-0.004064729515391393, 0.0020805219169137755, 0.009084494975969424], [-0.020396137514686323, 0.009084494975969424, 0.12500751497514104]], "chi2_level": 0.997, "chi2_df": 3, "chi2_threshold": 13.931422665512084, "N_raw": 19, "N_roi": 19, "N_inlier": 18, "refit": true}
{"timestamp": "12:43:29.771946", "frame": 129, "mu": [1.6492481222010658, 4.152823041071899, 1.3377508807691796], "Sigma": [[0.008935111975723635, -0.003797311293574055, -0.006706514290806194], [-0.003797311293574056, 0.0027130274094169433, 0.0017199401652316162], [-0.006706514290806194, 0.0017199401652316162, 0.02176387228835324]], "chi2_level": 0.997, "chi2_df": 3, "chi2_threshold": 13.931422665512084, "N_raw": 19, "N_roi": 19, "N_inlier": 18, "refit": true}
{"timestamp": "12:43:29.828883", "frame": 130, "mu": [1.6598852222734817, 4.133855419221666, 1.084779015331155], "Sigma": [[0.021219875477243452, -0.007524786903507523, -0.012453432215349497], [-0.007524786903507523, 0.004055532344745026, 0.0013346560165569156], [-0.012453432215349497, 0.0013346560165569156, 0.018984055417730947]], "chi2_level": 0.997, "chi2_df": 3, "chi2_threshold": 13.931422665512084, "N_raw": 34, "N_roi": 34, "N_inlier": 34, "refit": true}
{"timestamp": "12:43:29.939372", "frame": 132, "mu": [1.6238478709669901, 4.337484192614424, 0.5954833763078285], "Sigma": [[0.02429740020844738, -0.005428967721403433, -0.014937452090299733], [-0.005428967721403433, 0.004329982713930306, 0.0035312744375627677], [-0.014937452090299733, 0.0035312744375627677, 0.011758302833404411]], "chi2_level": 0.997, "chi2_df": 3, "chi2_threshold": 13.931422665512084, "N_raw": 38, "N_roi": 38, "N_inlier": 37, "refit": true}
{"timestamp": "12:43:29.991606", "frame": 133, "mu": [1.6911476903408906, 4.273154941983295, 1.0045254769248464], "Sigma": [[0.015106946076223466, -0.007014265419488826, -0.013327186922153175], [-0.007014265419488826, 0.0036111659617793987, 0.00508069865407498], [-0.013327186922153175, 0.00508069865407498, 0.0301235700545677]], "chi2_level": 0.997, "chi2_df": 3, "chi2_threshold": 13.931422665512084, "N_raw": 20, "N_roi": 20, "N_inlier": 20, "refit": true}
{"timestamp": "12:43:30.045610", "frame": 134, "mu": [1.6341067972023053, 4.412954074008516, 1.3007154366168585], "Sigma": [[0.007251668768738704, -0.0036040085182516782, -0.0042808508417407605], [-0.0036040085182516782, 0.004378958311313067, 0.000536795389532425], [-0.00428085084174076, 0.0005367953895324245, 0.006636332884501121]], "chi2_level": 0.997, "chi2_df": 3, "chi2_threshold": 13.931422665512084, "N_raw": 15, "N_roi": 15, "N_inlier": 15, "refit": true}
{"timestamp": "12:43:30.101223", "frame": 135, "mu": [1.6964363315029802, 4.4391160286246, 1.227942915545375], "Sigma": [[0.012468501901429237, -0.00447513189274155, -0.006466125096298427], [-0.00447513189274155, 0.00374065579859014, 0.0005992370125435508], [-0.006466125096298427, 0.0005992370125435508, 0.00785711806843042]], "chi2_level": 0.997, "chi2_df": 3, "chi2_threshold": 13.931422665512084, "N_raw": 18, "N_roi": 17, "N_inlier": 17, "refit": true}
{"timestamp": "12:43:30.379028", "frame": 140, "mu": [1.6346353834115717, 4.605397428278609, 1.1671271470746871], "Sigma": [[0.024068420495750954, -0.005920343254697494, -0.01021965776717182], [-0.005920343254697494, 0.006205774089991179, 0.003193807400832057], [-0.01021965776717182, 0.0031938074008320575, 0.010846364886993221]], "chi2_level": 0.997, "chi2_df": 3, "chi2_threshold": 13.931422665512084, "N_raw": 38, "N_roi": 38, "N_inlier": 37, "refit": true}
{"timestamp": "12:43:30.541927", "frame": 143, "mu": [1.5013770676293459, 4.748846721874202, 1.2390241212303608], "Sigma": [[0.023931570695610874, -0.004463206271029351, -0.010345639233989415], [-0.004463206271029351, 0.0033633770394520517, 0.0024905071302804447], [-0.010345639233989415, 0.0024905071302804447, 0.009950742639208797]], "chi2_level": 0.997, "chi2_df": 3, "chi2_threshold": 13.931422665512084, "N_raw": 24, "N_roi": 24, "N_inlier": 23, "refit": true}
