{"timestamp": "16:43:56.547175", "frame": 22, "mu": [-2.211414068316613, 4.975566994932709, 0.7947901543192357], "Sigma": [[0.011226961841698838, 0.0015429199187952753, -0.00024245728799492474], [0.0015429199187952753, 0.0005441119054026984, -0.0007651599059261586], [-0.00024245728799492474, -0.0007651599059261585, 0.005369257396792343]], "chi2_level": 0.95, "chi2_df": 3, "chi2_threshold": 7.814727903251179, "N_raw": 22, "N_roi": 9, "N_inlier": 9, "refit": true}
{"timestamp": "16:43:56.602630", "frame": 23, "mu": [-2.0704975473817124, 4.97733906775873, 0.9508314536347101], "Sigma": [[0.023698114833029922, 0.0008100381899952021, -0.0062976986934327895], [0.0008100381899952022, 0.0003067220937287259, -0.0009112597227965281], [-0.0062976986934327895, -0.0009112597227965281, 0.010794497962031828]], "chi2_level": 0.95, "chi2_df": 3, "chi2_threshold": 7.814727903251179, "N_raw": 30, "N_roi": 12, "N_inlier": 12, "refit": true}
{"timestamp": "16:43:56.656039", "frame": 24, "mu": [-2.0354076668255514, 4.954219579178198, 0.8006751180816213], "Sigma": [[0.01981061261431244, 0.0018867832045551527, -0.021500555361655543], [0.0018867832045551527, 0.000956583153119965, -0.0011981661132249794], [-0.02150055536165554, -0.0011981661132249792, 0.025452512554186357]], "chi2_level": 0.95, "chi2_df": 3, "chi2_threshold": 7.814727903251179, "N_raw": 14, "N_roi": 9, "N_inlier": 8, "refit": true}
{"timestamp": "16:43:56.718579", "frame": 25, "mu": [-2.0958818652789395, 4.859149404486952, 0.3184963352503963], "Sigma": [[0.04531866052121887, 0.00900049549917975, -0.00822120363561997], [0.00900049549917975, 0.003694014890041228, 0.003641129726025891], [-0.00822120363561997, 0.003641129726025891, 0.10805340989103565]], "chi2_level": 0.95, "chi2_df": 3, "chi2_threshold": 7.814727903251179, "N_raw": 67, "N_roi": 65, "N_inlier": 63, "refit": true}
{"timestamp": "16:43:56.777011", "frame": 26, "mu": [-1.9719474594209307, 4.883055152783147, 0.7795605483286019], "Sigma": [[0.052030788694866686, 0.007036475448299601, -0.012905587150378952], [0.007036475448299601, 0.004481300244324977, -0.006112757447286824], [-0.012905587150378952, -0.006112757447286823, 0.036732376829645974]], "chi2_level": 0.95, "chi2_df": 3, "chi2_threshold": 7.814727903251179, "N_raw": 71, "N_roi": 65, "N_inlier": 64, "refit": true}
{"timestamp": "16:43:56.830229", "frame": 27, "mu": [-1.9696023921711399, 4.818333415590879, 0.8435769967851653], "Sigma": [[0.04528050194175977, 0.008426670545191186, -0.03012177142717595], [0.008426670545191186, 0.005817511505556964, -0.008624325098772903], [-0.030121771427175953, -0.008624325098772902, 0.02515712712717386]], "chi2_level": 0.95, "chi2_df": 3, "chi2_threshold": 7.814727903251179, "N_raw": 59, "N_roi": 57, "N_inlier": 54, "refit": true}
{"timestamp": "16:43:56.882221", "frame": 28, "mu": [-1.9326918358960976, 4.780940734914727, 0.7547093826999921], "Sigma": [[0.03461473214016877, 0.006989078299060472, -0.020477139187286972], [0.006989078299060472, 0.002635387918517419, -0.006492605856079821], [-0.020477139187286976, -0.006492605856079821, 0.02286730424222423]], "chi2_level": 0.95, "chi2_df": 3, "chi2_threshold": 7.814727903251179, "N_raw": 39, "N_roi": 38, "N_inlier": 35, "refit": true}
{"timestamp": "16:43:56.935977", "frame": 29, "mu": [-1.9992927948186248, 4.692955485174368, 0.7872176695803741], "Sigma": [[0.0256362965608496, 0.0032273469807276582, -0.027820195628970597], [0.0032273469807276587, 0.002719048114420505, -0.005839288569448535], [-0.027820195628970597, -0.005839288569448535, 0.036394020059413855]], "chi2_level": 0.95, "chi2_df": 3, "chi2_threshold": 7.814727903251179, "N_raw": 34, "N_roi": 33, "N_inlier": 32, "refit": true}
{"timestamp": "16:43:56.987935", "frame": 30, "mu": [-2.0409013837078005, 4.709126315926687, 0.8471390918320053], "Sigma": [[0.015997395507099756, 0.0022772111031905875, -0.00776720232254367], [0.002277211103190587, 0.0010711016005738277, -0.0017531153730479246], [-0.00776720232254367, -0.0017531153730479246, 0.006312415761849551]], "chi2_level": 0.95, "chi2_df": 3, "chi2_threshold": 7.814727903251179, "N_raw": 15, "N_roi": 15, "N_inlier": 13, "refit": true}
{"timestamp": "16:43:57.046091", "frame": 31, "mu": [-2.041960737265883, 4.631891402468885, 0.852492173522762], "Sigma": [[0.02762371881025298, 0.006944699115257322, -0.012261806289831305], [0.006944699115257323, 0.003400455065874448, -0.005425516866817922], [-0.012261806289831305, -0.005425516866817922, 0.012576097984191736]], "chi2_level": 0.95, "chi2_df": 3, "chi2_threshold": 7.814727903251179, "N_raw": 36, "N_roi": 34, "N_inlier": 32, "refit": true}
{"timestamp": "16:43:57.099624", "frame": 32, "mu": [-2.0953503033053003, 4.559170948217053, 0.8447673816005545], "Sigma": [[0.025018417685058386, 0.006809773733453536, -0.01625712726257483], [0.006809773733453536, 0.003087169825716436, -0.005715710490225141], [-0.01625712726257483, -0.005715710490225141, 0.014697948000554843]], "chi2_level": 0.95, "chi2_df": 3, "chi2_threshold": 7.814727903251179, "N_raw": 27, "N_roi": 25, "N_inlier": 24, "refit": true}
{"timestamp": "16:43:57.156049", "frame": 33, "mu": [-2.143545314861432, 4.525987704804329, 0.8112417496960462], "Sigma": [[0.01954106981419229, 0.005522876390401283, -0.010338203880996369], [0.005522876390401283, 0.002800513200273869, -0.0042990909506003625], [-0.010338203880996369, -0.004299090950600363, 0.009500745476243052]], "chi2_level": 0.95, "chi2_df": 3, "chi2_threshold": 7.814727903251179, "N_raw": 29, "N_roi": 23, "N_inlier": 22, "refit": true}
{"timestamp": "16:43:57.212989", "frame": 34, "mu": [-2.0822420089244313, 4.500267052206502, 0.9044529975040041], "Sigma": [[0.030284059536845955, 0.007682295601171542, -0.014392362982640086], [0.007682295601171542, 0.004839970776589229, -0.006102010866983577], [-0.014392362982640086, -0.006102010866983575, 0.011539053399801298]], "chi2_level": 0.95, "chi2_df": 3, "chi2_threshold": 7.814727903251179, "N_raw": 45, "N_roi": 41, "N_inlier": 39, "refit": true}
{"timestamp": "16:43:57.268934", "frame": 35, "mu": [-2.0220024550243125, 4.434147281737702, 0.7730772538191526], "Sigma": [[0.026343976435398198, 0.004754917109331642, -0.023496088757233836], [0.004754917109331642, 0.0036300532393747963, -0.008826874647630264], [-0.023496088757233836, -0.008826874647630264, 0.03492347322202389]], "chi2_level": 0.95, "chi2_df": 3, "chi2_threshold": 7.814727903251179, "N_raw": 53, "N_roi": 49, "N_inlier": 46, "refit": true}
{"timestamp": "16:43:57.374756", "frame": 37, "mu": [-2.0999695592333123, 4.274989958089701, 0.7978655209523124], "Sigma": [[0.021952240677618085, 0.004761827592055994, -0.012147788799798748], [0.004761827592055994, 0.002123839873083377, -0.006255962466495736], [-0.012147788799798748, -0.006255962466495736, 0.029065517798647904]], "chi2_level": 0.95, "chi2_df": 3, "chi2_threshold": 7.814727903251179, "N_raw": 36, "N_roi": 35, "N_inlier": 35, "refit": true}
{"timestamp": "16:43:57.430121", "frame": 38, "mu": [-1.9902971535022542, 4.21533065365312, 0.7239236108936844], "Sigma": [[0.025450622294501304, 0.0074807020494351215, -0.012526158223530287], [0.0074807020494351215, 0.0033262928711507503, -0.0047893207339371364], [-0.012526158223530287, -0.004789320733937136, 0.009537455128625368]], "chi2_level": 0.95, "chi2_df": 3, "chi2_threshold": 7.814727903251179, "N_raw": 28, "N_roi": 28, "N_inlier": 26, "refit": true}
{"timestamp": "16:43:57.482688", "frame": 39, "mu": [-2.0786388327768925, 4.150061522086673, 0.8741751836650152], "Sigma": [[0.02189650303279258, -0.0003338597313731263, -0.0044947476848053195], [-0.0003338597313731263, 0.0011139496719500912, -0.0032476033296914408], [-0.004494747684805319, -0.0032476033296914408, 0.01682660149898759]], "chi2_level": 0.95, "chi2_df": 3, "chi2_threshold": 7.814727903251179, "N_raw": 14, "N_roi": 14, "N_inlier": 14, "refit": true}
{"timestamp": "16:43:57.538615", "frame": 40, "mu": [-1.9831459314843922, 4.112910632102786, 0.8160577241278724], "Sigma": [[0.010240685621513075, 0.0014913305534238442, -0.0030879090998773722], [0.0014913305534238442, 0.0025040124179752828, -0.0021176009053442604], [-0.0030879090998773722, -0.0021176009053442604, 0.0031240056590771267]], "chi2_level": 0.95, "chi2_df": 3, "chi2_threshold": 7.814727903251179, "N_raw": 20, "N_roi": 20, "N_inlier": 18, "refit": true}
{"timestamp": "16:43:57.592950", "frame": 41, "mu": [-2.0465843370249996, 4.083381676590574, 0.7607498588213504], "Sigma": [[0.024359698844833605, -0.002984866395542233, 0.005453030902734125], [-0.0029848663955422327, 0.0009872595151700027, 0.00020142636225248852], [0.005453030902734125, 0.00020142636225248842, 0.020778772228789624]], "chi2_level": 0.95, "chi2_df": 3, "chi2_threshold": 7.814727903251179, "N_raw": 10, "N_roi": 10, "N_inlier": 10, "refit": true}
{"timestamp": "16:43:57.650635", "frame": 42, "mu": [-1.9251199498323157, 4.0320417233750065, 0.8630947661666366], "Sigma": [[0.018334553611849005, 0.0009819895633371258, -0.016586187049803008], [0.0009819895633371258, 0.0006488837359106261, -0.0024683279304915733], [-0.016586187049803008, -0.002468327930491573, 0.030344153309753687]], "chi2_level": 0.95, "chi2_df": 3, "chi2_threshold": 7.814727903251179, "N_raw": 32, "N_roi": 32, "N_inlier": 29, "refit": true}
{"timestamp": "16:43:57.707038", "frame": 43, "mu": [-1.7355475250871488, 4.134059446484198, -0.13306865639805796], "Sigma": [[0.027995686026859992, 0.00830014879659587, -0.02764599929016547], [0.00830014879659587, 0.005692183743122056, -0.008711448634604105], [-0.02764599929016547, -0.008711448634604105, 0.02999313375341025]], "chi2_level": 0.95, "chi2_df": 3, "chi2_threshold": 7.814727903251179, "N_raw": 42, "N_roi": 42, "N_inlier": 38, "refit": true}
{"timestamp": "16:43:57.759151", "frame": 44, "mu": [-2.0455231490489783, 3.9161964055906955, 0.7683428958678151], "Sigma": [[0.019714484005600254, 0.0025348404178572427, 0.0020809179830514296], [0.0025348404178572427, 0.0019635099278139433, -0.0005728750366003996], [0.0020809179830514287, -0.0005728750366003994, 0.008428070521095206]], "chi2_level": 0.95, "chi2_df": 3, "chi2_threshold": 7.814727903251179, "N_raw": 19, "N_roi": 19, "N_inlier": 17, "refit": true}
{"timestamp": "16:43:57.814766", "frame": 45, "mu": [-2.002349683311209, 3.868435781166379, 0.9131006205863661], "Sigma": [[0.013933093848401612, 0.004683419905886646, -0.005458812899314498], [0.004683419905886646, 0.0018200741565220283, -0.0016615058857188283], [-0.005458812899314498, -0.0016615058857188283, 0.06049737134967672]], "chi2_level": 0.95, "chi2_df": 3, "chi2_threshold": 7.814727903251179, "N_raw": 30, "N_roi": 30, "N_inlier": 29, "refit": true}
{"timestamp": "16:43:57.868985", "frame": 46, "mu": [-2.0606792017079236, 3.8241784773754386, -1.4492323074849205], "Sigma": [[0.006894244559099674, 0.0063096864605307924, 0.024583996978086328], [0.006309686460530792, 0.020082975423657307, 0.04865084415217085], [0.024583996978086324, 0.04865084415217085, 0.16753565750590257]], "chi2_level": 0.95, "chi2_df": 3, "chi2_threshold": 7.814727903251179, "N_raw": 18, "N_roi": 17, "N_inlier": 16, "refit": true}
{"timestamp": "16:43:57.924340", "frame": 47, "mu": [-1.9951858925007069, 3.7623714237147743, 0.9116889597263265], "Sigma": [[0.020805451755099208, 0.007657691963567912, -0.011471751715243431], [0.007657691963567912, 0.003401698744485885, -0.005422863793238716], [-0.011471751715243431, -0.005422863793238716, 0.012160498042561278]], "chi2_level": 0.95, "chi2_df": 3, "chi2_threshold": 7.814727903251179, "N_raw": 27, "N_roi": 27, "N_inlier": 24, "refit": true}
{"timestamp": "16:43:57.982726", "frame": 48, "mu": [-2.02225500756502, 3.705864019141393, 1.0084805177041578], "Sigma": [[0.02602041739706159, 0.007866865734991676, -0.01324734520287608], [0.007866865734991676, 0.005912492575856898, -0.007268199010487147], [-0.013247345202876078, -0.007268199010487147, 0.012053167284591363]], "chi2_level": 0.95, "chi2_df": 3, "chi2_threshold": 7.814727903251179, "N_raw": 51, "N_roi": 49, "N_inlier": 47, "refit": true}
{"timestamp": "16:43:58.035242", "frame": 49, "mu": [-2.0086516680863062, 3.628955897216187, 0.8390334676687907], "Sigma": [[0.009785743865044433, 0.0027242642388775285, -0.009992154688176763], [0.0027242642388775285, 0.001629179528077327, -0.0055766300429545375], [-0.009992154688176763, -0.0055766300429545375, 0.02936552775615273]], "chi2_level": 0.95, "chi2_df": 3, "chi2_threshold": 7.814727903251179, "N_raw": 23, "N_roi": 22, "N_inlier": 21, "refit": true}
{"timestamp": "16:43:58.092351", "frame": 50, "mu": [-2.081047449211605, 3.5574749440436433, 1.0943815646974397], "Sigma": [[0.02426352831805271, 0.008760725009659019, -0.007292109220813115], [0.00876072500965902, 0.005138777924432705, -0.005813485500885767], [-0.007292109220813114, -0.005813485500885766, 0.01206954036210798]], "chi2_level": 0.95, "chi2_df": 3, "chi2_threshold": 7.814727903251179, "N_raw": 39, "N_roi": 38, "N_inlier": 37, "refit": true}
{"timestamp": "16:43:58.149861", "frame": 51, "mu": [-2.0604128129200556, 3.5312985813298465, 1.0604257231629244], "Sigma": [[0.03588285291786913, 0.010893286535787219, -0.020700082946651096], [0.010893286535787219, 0.008514258240788131, -0.008734959082541904], [-0.020700082946651092, -0.008734959082541904, 0.014848307072007795]], "chi2_level": 0.95, "chi2_df": 3, "chi2_threshold": 7.814727903251179, "N_raw": 62, "N_roi": 62, "N_inlier": 60, "refit": true}
{"timestamp": "16:43:58.201060", "frame": 52, "mu": [-2.050477058854392, 3.4905669665669428, 1.0211555061531605], "Sigma": [[0.01914248773018095, 0.004200071527261624, -0.013785302246403876], [0.004200071527261624, 0.0029693867777886174, -0.005839628609300384], [-0.013785302246403876, -0.005839628609300384, 0.01741386844863991]], "chi2_level": 0.95, "chi2_df": 3, "chi2_threshold": 7.814727903251179, "N_raw": 35, "N_roi": 35, "N_inlier": 34, "refit": true}
{"timestamp": "16:43:58.256194", "frame": 53, "mu": [-2.056653439097351, 3.407813356354665, 1.0058027116417627], "Sigma": [[0.01900733908903323, 0.004263697923207039, -0.014946651583462613], [0.004263697923207039, 0.0023384781028296733, -0.00664654978202768], [-0.014946651583462613, -0.00664654978202768, 0.025721301271709008]], "chi2_level": 0.95, "chi2_df": 3, "chi2_threshold": 7.814727903251179, "N_raw": 36, "N_roi": 36, "N_inlier": 35, "refit": true}
{"timestamp": "16:43:58.315691", "frame": 54, "mu": [-2.0966148516462697, 3.3760711520230293, 1.1204569172136611], "Sigma": [[0.03091601039011454, 0.010405068378880469, -0.024398397975700058], [0.010405068378880469, 0.007742804703491878, -0.012853128737593736], [-0.024398397975700054, -0.012853128737593736, 0.025899607351590685]], "chi2_level": 0.95, "chi2_df": 3, "chi2_threshold": 7.814727903251179, "N_raw": 61, "N_roi": 61, "N_inlier": 59, "refit": true}
{"timestamp": "16:43:58.363012", "frame": 55, "mu": [-2.0124553019253235, 3.2735715214543144, 0.9192222236573774], "Sigma": [[0.00677247064977181, 0.0007799418317700863, -0.00731133961199566], [0.0007799418317700862, 0.0006634619718923438, -0.0027283621796710756], [-0.007311339611995662, -0.0027283621796710756, 0.018318570841700264]], "chi2_level": 0.95, "chi2_df": 3, "chi2_threshold": 7.814727903251179, "N_raw": 12, "N_roi": 12, "N_inlier": 11, "refit": true}
{"timestamp": "16:43:58.419557", "frame": 56, "mu": [-2.2535812733492087, 3.2418960730090003, -0.7550170222864725], "Sigma": [[0.014361380793126955, 0.00851244253133368, 0.022286344443574795], [0.00851244253133368, 0.008693924054743582, 0.019462382270405653], [0.022286344443574798, 0.01946238227040565, 0.08634453377526109]], "chi2_level": 0.95, "chi2_df": 3, "chi2_threshold": 7.814727903251179, "N_raw": 25, "N_roi": 25, "N_inlier": 24, "refit": true}
{"timestamp": "16:43:58.472338", "frame": 57, "mu": [-1.991906378423832, 3.4275601364241273, -0.3668544299918415], "Sigma": [[0.013568950303408479, -0.003167409998063383, 0.0030076403656856972], [-0.003167409998063383, 0.001366474715959351, -0.0028954543743719653], [0.0030076403656856972, -0.0028954543743719653, 0.008909092905478972]], "chi2_level": 0.95, "chi2_df": 3, "chi2_threshold": 7.814727903251179, "N_raw": 5, "N_roi": 5, "N_inlier": 5, "refit": true}
{"timestamp": "16:43:58.528737", "frame": 58, "mu": [-1.9354781618572021, 3.1779238566790418, 0.9187750043938432], "Sigma": [[0.01220829130580747, 0.0023883848851627056, -0.009602072987578253], [0.0023883848851627056, 0.0015417441413325972, -0.0032873009847777185], [-0.009602072987578252, -0.0032873009847777185, 0.011300537104325555]], "chi2_level": 0.95, "chi2_df": 3, "chi2_threshold": 7.814727903251179, "N_raw": 19, "N_roi": 19, "N_inlier": 18, "refit": true}
{"timestamp": "16:43:58.585114", "frame": 59, "mu": [-1.9704333419484894, 3.0415396529341683, 0.9773583043887091], "Sigma": [[0.014026091406612581, 0.0041093871200547, -0.01086101191098595], [0.0041093871200547, 0.002145419916996519, -0.004829467640925299], [-0.01086101191098595, -0.004829467640925299, 0.013822939745836876]], "chi2_level": 0.95, "chi2_df": 3, "chi2_threshold": 7.814727903251179, "N_raw": 27, "N_roi": 26, "N_inlier": 25, "refit": true}
{"timestamp": "16:43:58.637802", "frame": 60, "mu": [-2.036470702409741, 3.0504944249706134, 1.077941020929313], "Sigma": [[0.0019461148465690808, -0.001292536547647184, 0.003595494970329134], [-0.0012925365476471845, 0.0018336662762347006, -0.005607452713439799], [0.003595494970329134, -0.005607452713439799, 0.019985002423792878]], "chi2_level": 0.95, "chi2_df": 3, "chi2_threshold": 7.814727903251179, "N_raw": 5, "N_roi": 5, "N_inlier": 5, "refit": true}
{"timestamp": "16:43:58.696282", "frame": 61, "mu": [-1.915843820554719, 2.9976830795849603, 1.1300739770498895], "Sigma": [[0.02188388950220736, 0.0065620072030528635, -0.013961848841471822], [0.006562007203052864, 0.005145805778580663, -0.005823854256920499], [-0.013961848841471822, -0.005823854256920499, 0.010980537686195958]], "chi2_level": 0.95, "chi2_df": 3, "chi2_threshold": 7.814727903251179, "N_raw": 44, "N_roi": 44, "N_inlier": 42, "refit": true}
{"timestamp": "16:43:58.752414", "frame": 62, "mu": [-1.9936550806976345, 3.0267429869704467, -0.501629147158372], "Sigma": [[0.011638399418510012, 0.010997252748122178, 0.023466014588839852], [0.010997252748122178, 0.02061906370474065, 0.029471768901200908], [0.023466014588839856, 0.029471768901200908, 0.09752473040499104]], "chi2_level": 0.95, "chi2_df": 3, "chi2_threshold": 7.814727903251179, "N_raw": 45, "N_roi": 45, "N_inlier": 44, "refit": true}
{"timestamp": "16:43:58.805023", "frame": 63, "mu": [-1.904670876105546, 2.925283167891588, 1.1682605193938886], "Sigma": [[0.009133628170105053, 0.0020226032845448655, -0.008766977459528617], [0.0020226032845448655, 0.00276594626065506, -0.005424926649668163], [-0.008766977459528615, -0.005424926649668163, 0.01587031959165605]], "chi2_level": 0.95, "chi2_df": 3, "chi2_threshold": 7.814727903251179, "N_raw": 28, "N_roi": 28, "N_inlier": 26, "refit": true}
{"timestamp": "16:43:58.859602", "frame": 64, "mu": [-2.012374229001654, 2.88040617268894, 0.9981840876678333], "Sigma": [[0.02425569268046511, 0.0015614990748003296, -0.013249851022077673], [0.0015614990748003296, 0.00203021964730391, -0.0021713912483380384], [-0.013249851022077671, -0.002171391248338039, 0.02160645782439386]], "chi2_level": 0.95, "chi2_df": 3, "chi2_threshold": 7.814727903251179, "N_raw": 28, "N_roi": 28, "N_inlier": 27, "refit": true}
{"timestamp": "16:43:58.917419", "frame": 65, "mu": [-1.7191925178230671, 2.7736553458703916, 0.9846934063030657], "Sigma": [[0.014653840448147503, -0.0037495710133300807, -0.018744094040592046], [-0.0037495710133300807, 0.002993770480616523, 0.004175132996953914], [-0.018744094040592046, 0.004175132996953914, 0.030272315601625025]], "chi2_level": 0.95, "chi2_df": 3, "chi2_threshold": 7.814727903251179, "N_raw": 38, "N_roi": 29, "N_inlier": 26, "refit": true}
{"timestamp": "16:43:58.973188", "frame": 66, "mu": [-1.9535643677926322, 2.7729472301070075, 1.1578779382161242], "Sigma": [[0.01583825929147272, 0.005053895666427688, -0.012276988524142671], [0.005053895666427688, 0.0036485768156373733, -0.008542852961197488], [-0.012276988524142673, -0.008542852961197488, 0.03262528324161172]], "chi2_level": 0.95, "chi2_df": 3, "chi2_threshold": 7.814727903251179, "N_raw": 50, "N_roi": 50, "N_inlier": 47, "refit": true}
{"timestamp": "16:43:59.026335", "frame": 67, "mu": [-1.9168325101629557, 2.717621727257874, 1.199619773043241], "Sigma": [[0.0071662201521048964, -0.006568112365458779, -0.012287727957371333], [-0.006568112365458779, 0.008616732098945692, 0.009676892816308423], [-0.012287727957371333, 0.009676892816308423, 0.02341987096628916]], "chi2_level": 0.95, "chi2_df": 3, "chi2_threshold": 7.814727903251179, "N_raw": 6, "N_roi": 6, "N_inlier": 5, "refit": true}
{"timestamp": "16:43:59.079689", "frame": 68, "mu": [-1.977414157005372, 2.6540052821017945, 0.9012929932303038], "Sigma": [[0.009502091930277725, 0.0016497471687977954, -0.007714659750416693], [0.0016497471687977956, 0.0013728612958093162, -0.0016864084862616108], [-0.007714659750416693, -0.0016864084862616108, 0.03724187441345392]], "chi2_level": 0.95, "chi2_df": 3, "chi2_threshold": 7.814727903251179, "N_raw": 25, "N_roi": 25, "N_inlier": 23, "refit": true}
{"timestamp": "16:43:59.133751", "frame": 69, "mu": [-1.7841022213692113, 2.5869356393172795, 1.1266096781302322], "Sigma": [[0.008159722854292862, 0.0035808214885820083, -0.007268919213231185], [0.0035808214885820083, 0.0024187173847586806, -0.004613016919819749], [-0.007268919213231185, -0.004613016919819748, 0.017901238785348376]], "chi2_level": 0.95, "chi2_df": 3, "chi2_threshold": 7.814727903251179, "N_raw": 23, "N_roi": 23, "N_inlier": 21, "refit": true}
{"timestamp": "16:43:59.188562", "frame": 70, "mu": [-1.9662070556834228, 2.5161210688924776, 1.0553364493789952], "Sigma": [[0.005899116334382555, 0.001752008430840163, 0.0028062133132560414], [0.001752008430840163, 0.001238449344539309, -0.0014219744735111907], [0.0028062133132560414, -0.0014219744735111902, 0.03012546865461862]], "chi2_level": 0.95, "chi2_df": 3, "chi2_threshold": 7.814727903251179, "N_raw": 24, "N_roi": 24, "N_inlier": 23, "refit": true}
{"timestamp": "16:43:59.249876", "frame": 71, "mu": [-1.947409839805547, 2.4666671470843076, 1.2346686070735926], "Sigma": [[0.021698089169731132, 0.005031325141517625, -0.006857999035718072], [0.005031325141517625, 0.005110136416051232, -0.004354719588363252], [-0.00685799903571807, -0.004354719588363252, 0.005330628595319668]], "chi2_level": 0.95, "chi2_df": 3, "chi2_threshold": 7.814727903251179, "N_raw": 60, "N_roi": 54, "N_inlier": 53, "refit": true}
{"timestamp": "16:43:59.301031", "frame": 72, "mu": [-1.9761826380972203, 2.418290314300716, 1.2641710480896466], "Sigma": [[0.012223923400222221, 0.004118345997355002, -0.004792927921838757], [0.004118345997355002, 0.0035581125367447706, -0.0034452798513528544], [-0.004792927921838756, -0.0034452798513528544, 0.0865313515297773]], "chi2_level": 0.95, "chi2_df": 3, "chi2_threshold": 7.814727903251179, "N_raw": 30, "N_roi": 29, "N_inlier": 26, "refit": true}
{"timestamp": "16:43:59.357306", "frame": 73, "mu": [-1.9550296819129964, 2.4005523803031656, 1.2379407421061663], "Sigma": [[0.015956993426566056, 0.004798436994392259, -0.009828713931737978], [0.004798436994392259, 0.004782862645552922, -0.006971673579621361], [-0.009828713931737978, -0.006971673579621361, 0.012855101051709351]], "chi2_level": 0.95, "chi2_df": 3, "chi2_threshold": 7.814727903251179, "N_raw": 51, "N_roi": 51, "N_inlier": 48, "refit": true}
{"timestamp": "16:43:59.420355", "frame": 74, "mu": [-2.114268612571125, 2.355577731177408, -0.16338969788586358], "Sigma": [[0.03176568510587672, 0.029417318143802634, -0.022219912614665962], [0.029417318143802634, 0.03781469943119399, -0.045371442810666796], [-0.022219912614665962, -0.045371442810666796, 0.10203702293330531]], "chi2_level": 0.95, "chi2_df": 3, "chi2_threshold": 7.814727903251179, "N_raw": 95, "N_roi": 71, "N_inlier": 67, "refit": true}
{"timestamp": "16:43:59.468994", "frame": 75, "mu": [-2.063034831721477, 2.224342103613795, 1.2455808530774102], "Sigma": [[0.029235235749172493, 0.02220300705679672, -0.03992728924321884], [0.022203007056796724, 0.01896046250310876, -0.030554171845337128], [-0.039927289243218846, -0.03055417184533713, 0.09957215804071466]], "chi2_level": 0.95, "chi2_df": 3, "chi2_threshold": 7.814727903251179, "N_raw": 49, "N_roi": 48, "N_inlier": 44, "refit": true}
{"timestamp": "16:43:59.517689", "frame": 76, "mu": [-2.0092576063497596, 2.203892876240042, 0.9182459713133344], "Sigma": [[0.006706266564921753, 0.0014382124565197256, -0.0014804605636420276], [0.0014382124565197254, 0.0008930416637982424, -0.0011571465438810402], [-0.0014804605636420276, -0.0011571465438810402, 0.0038344567313029296]], "chi2_level": 0.95, "chi2_df": 3, "chi2_threshold": 7.814727903251179, "N_raw": 11, "N_roi": 11, "N_inlier": 10, "refit": true}
{"timestamp": "16:43:59.573548", "frame": 77, "mu": [-1.9104752278321238, 2.1314856248714036, 0.9004302287741834], "Sigma": [[0.004963673452787842, 0.0023924929200321325, -0.0017400414435726824], [0.0023924929200321325, 0.0014827795373088617, 0.0004604010758789508], [-0.0017400414435726824, 0.0004604010758789508, 0.018124452461167218]], "chi2_level": 0.95, "chi2_df": 3, "chi2_threshold": 7.814727903251179, "N_raw": 20, "N_roi": 20, "N_inlier": 18, "refit": true}
{"timestamp": "16:43:59.638448", "frame": 78, "mu": [-2.063773424520531, 1.9879828009730138, 1.2169964276098233], "Sigma": [[0.026754954314400753, 0.023185349425141947, -0.020050637347332027], [0.023185349425141943, 0.02594688606071653, -0.025894115435176633], [-0.020050637347332027, -0.02589411543517663, 0.030608929458834457]], "chi2_level": 0.95, "chi2_df": 3, "chi2_threshold": 7.814727903251179, "N_raw": 89, "N_roi": 88, "N_inlier": 85, "refit": true}
{"timestamp": "16:43:59.685983", "frame": 79, "mu": [-2.04483105938306, 1.9183445263780978, 1.1228271499517408], "Sigma": [[0.03401279722554007, 0.0238014485612393, -0.05293535890369136], [0.0238014485612393, 0.01826929866639526, -0.04154855623531147], [-0.05293535890369136, -0.04154855623531147, 0.11114395903494581]], "chi2_level": 0.95, "chi2_df": 3, "chi2_threshold": 7.814727903251179, "N_raw": 32, "N_roi": 32, "N_inlier": 28, "refit": true}
{"timestamp": "16:43:59.743887", "frame": 80, "mu": [-2.0890012810265755, 1.9679120629291673, -0.3836683510473174], "Sigma": [[0.04087032279644681, 0.033300918681725564, 0.012668550125906768], [0.033300918681725564, 0.03523218605058682, 0.007492554122251116], [0.012668550125906768, 0.007492554122251114, 0.024527613943880436]], "chi2_level": 0.95, "chi2_df": 3, "chi2_threshold": 7.814727903251179, "N_raw": 57, "N_roi": 57, "N_inlier": 52, "refit": true}
{"timestamp": "16:43:59.796334", "frame": 81, "mu": [-2.196785870239867, 1.8483456348284149, -0.28080673034144754], "Sigma": [[0.02982060101847897, 0.017639340094862406, 0.00977592952125314], [0.017639340094862406, 0.02958941324624844, -0.02743060830593011], [0.009775929521253144, -0.02743060830593011, 0.07336766795929892]], "chi2_level": 0.95, "chi2_df": 3, "chi2_threshold": 7.814727903251179, "N_raw": 32, "N_roi": 32, "N_inlier": 32, "refit": true}
{"timestamp": "16:43:59.857979", "frame": 82, "mu": [-2.131362003194796, 1.6850701581443053, 1.2516552925474975], "Sigma": [[0.02959581388103285, 0.01550767169313314, -0.012815255911422628], [0.01550767169313314, 0.01822566336506578, -0.025350616382135573], [-0.01281525591142263, -0.025350616382135573, 0.07403516018993361]], "chi2_level": 0.95, "chi2_df": 3, "chi2_threshold": 7.814727903251179, "N_raw": 81, "N_roi": 79, "N_inlier": 78, "refit": true}
{"timestamp": "16:43:59.911225", "frame": 83, "mu": [-2.05770122103259, 1.7870232020772927, -0.19121952980526746], "Sigma": [[0.031909996519903644, 0.017027794528875907, -0.003048034980586777], [0.017027794528875907, 0.024005537233335122, -0.014734427688895027], [-0.0030480349805867774, -0.014734427688895026, 0.014493009591839625]], "chi2_level": 0.95, "chi2_df": 3, "chi2_threshold": 7.814727903251179, "N_raw": 69, "N_roi": 69, "N_inlier": 65, "refit": true}
{"timestamp": "16:43:59.961449", "frame": 84, "mu": [-2.049526669015817, 1.569289760879995, 1.4170768563546419], "Sigma": [[0.029509146831425588, 0.01927071481080886, -0.02846194403063952], [0.01927071481080886, 0.017222692159500723, -0.027778685893076395], [-0.02846194403063953, -0.027778685893076395, 0.06074372715190143]], "chi2_level": 0.95, "chi2_df": 3, "chi2_threshold": 7.814727903251179, "N_raw": 35, "N_roi": 35, "N_inlier": 34, "refit": true}
{"timestamp": "16:44:00.016229", "frame": 85, "mu": [-1.8586578182549258, 1.7489690353467426, -0.2876838828469288], "Sigma": [[0.03274977996074678, 0.02581011239236522, -0.034189540824955234], [0.02581011239236522, 0.02491591627751181, -0.031135055691006414], [-0.034189540824955234, -0.031135055691006414, 0.04261347950650608]], "chi2_level": 0.95, "chi2_df": 3, "chi2_threshold": 7.814727903251179, "N_raw": 33, "N_roi": 33, "N_inlier": 29, "refit": true}
{"timestamp": "16:44:00.074562", "frame": 86, "mu": [-1.9857187095605355, 1.473110430804645, 1.3903068927254705], "Sigma": [[0.03814393427562511, 0.018113903866301996, -0.03191837116015579], [0.01811390386630199, 0.01411550118262276, -0.01828005736895731], [-0.03191837116015579, -0.01828005736895731, 0.03252234282223758]], "chi2_level": 0.95, "chi2_df": 3, "chi2_threshold": 7.814727903251179, "N_raw": 64, "N_roi": 64, "N_inlier": 57, "refit": true}
{"timestamp": "16:44:00.134897", "frame": 87, "mu": [-1.7996306078816189, 1.5285082866033681, 1.2279758676539796], "Sigma": [[0.029890461917444718, 0.014553076275645092, -0.02804045265971704], [0.014553076275645092, 0.012359396406914228, -0.01817033360432776], [-0.02804045265971704, -0.01817033360432776, 0.03192029211091813]], "chi2_level": 0.95, "chi2_df": 3, "chi2_threshold": 7.814727903251179, "N_raw": 94, "N_roi": 94, "N_inlier": 89, "refit": true}
{"timestamp": "16:44:00.185221", "frame": 88, "mu": [-1.7636206879639198, 1.441550729320447, 1.1646060699766108], "Sigma": [[0.022608706251455776, 0.015965763309065455, -0.016989702010920486], [0.015965763309065458, 0.01575746524058376, -0.014279564025561263], [-0.016989702010920482, -0.014279564025561263, 0.014694813588445528]], "chi2_level": 0.95, "chi2_df": 3, "chi2_threshold": 7.814727903251179, "N_raw": 58, "N_roi": 58, "N_inlier": 55, "refit": true}
{"timestamp": "16:44:00.241094", "frame": 89, "mu": [-1.8397136123418123, 1.3902674075422483, 1.293797679174268], "Sigma": [[0.027250702583838257, 0.013905482733929761, -0.018974601942578672], [0.013905482733929761, 0.011439926202786213, -0.012700254206444803], [-0.018974601942578672, -0.012700254206444805, 0.01696205095670765]], "chi2_level": 0.95, "chi2_df": 3, "chi2_threshold": 7.814727903251179, "N_raw": 72, "N_roi": 72, "N_inlier": 68, "refit": true}
{"timestamp": "16:44:00.298039", "frame": 90, "mu": [-1.8695423307870846, 1.2699131031702044, 1.2662614332127937], "Sigma": [[0.0346318794561388, 0.011888125294377553, -0.029291928237385176], [0.011888125294377555, 0.011795080465385348, -0.012457688629671875], [-0.029291928237385176, -0.012457688629671875, 0.027472166386442988]], "chi2_level": 0.95, "chi2_df": 3, "chi2_threshold": 7.814727903251179, "N_raw": 81, "N_roi": 81, "N_inlier": 79, "refit": true}
{"timestamp": "16:44:00.357306", "frame": 91, "mu": [-1.8678799815968383, 1.2664989755436977, 1.2095259268518523], "Sigma": [[0.02864505113356488, 0.01861996202026303, -0.009492252886563307], [0.01861996202026303, 0.01781236369328703, -0.012299087849181455], [-0.009492252886563307, -0.012299087849181455, 0.01714963655038415]], "chi2_level": 0.95, "chi2_df": 3, "chi2_threshold": 7.814727903251179, "N_raw": 109, "N_roi": 109, "N_inlier": 100, "refit": true}
{"timestamp": "16:44:00.408034", "frame": 92, "mu": [-1.955000446753502, 1.3198384810125294, -0.4894875597657587], "Sigma": [[0.012864765081516247, 0.008802751074990558, 0.004837738973760631], [0.008802751074990558, 0.012681659469714501, -0.006272889656060704], [0.004837738973760631, -0.006272889656060704, 0.0249061509089138]], "chi2_level": 0.95, "chi2_df": 3, "chi2_threshold": 7.814727903251179, "N_raw": 76, "N_roi": 76, "N_inlier": 70, "refit": true}
{"timestamp": "16:44:00.466460", "frame": 93, "mu": [-1.9140168576688605, 1.3302616703289074, -0.4625501116760815], "Sigma": [[0.013968095988212541, 0.011659343245112076, -0.0062166079987806475], [0.011659343245112076, 0.023454373014802396, -0.019045902048406727], [-0.0062166079987806475, -0.019045902048406727, 0.0263920850594997]], "chi2_level": 0.95, "chi2_df": 3, "chi2_threshold": 7.814727903251179, "N_raw": 92, "N_roi": 92, "N_inlier": 88, "refit": true}
{"timestamp": "16:44:00.519584", "frame": 94, "mu": [-1.9541880575891653, 1.0495570535911092, 1.0469643320216093], "Sigma": [[0.02035081997708537, 0.015751288689820755, 0.012013610058820352], [0.015751288689820758, 0.015079239071867477, 0.007742408893445055], [0.012013610058820354, 0.007742408893445055, 0.040445221403451845]], "chi2_level": 0.95, "chi2_df": 3, "chi2_threshold": 7.814727903251179, "N_raw": 94, "N_roi": 94, "N_inlier": 91, "refit": true}
{"timestamp": "16:44:00.574020", "frame": 95, "mu": [-1.9358516465684017, 0.9478920779960401, 0.9125462567289218], "Sigma": [[0.01873420810407845, 0.01576942533688332, -0.0056391653381483815], [0.01576942533688332, 0.015665853642404082, -0.0075808614046227185], [-0.005639165338148382, -0.0075808614046227185, 0.0158298511628099]], "chi2_level": 0.95, "chi2_df": 3, "chi2_threshold": 7.814727903251179, "N_raw": 79, "N_roi": 79, "N_inlier": 73, "refit": true}
{"timestamp": "16:44:00.628813", "frame": 96, "mu": [-1.951222433521956, 0.9451309617320811, 1.0717935788335302], "Sigma": [[0.016274620011461023, 0.01630314289463443, 0.01397446259043945], [0.01630314289463443, 0.02059826362051448, 0.013346184100856535], [0.01397446259043945, 0.013346184100856535, 0.044218653002964466]], "chi2_level": 0.95, "chi2_df": 3, "chi2_threshold": 7.814727903251179, "N_raw": 82, "N_roi": 82, "N_inlier": 82, "refit": true}
{"timestamp": "16:44:00.681530", "frame": 97, "mu": [-1.9567761964106385, 0.8481000567469099, 1.0615018748209955], "Sigma": [[0.016541915032688682, 0.017626156161072208, 0.014494312291027746], [0.017626156161072208, 0.0208652239381818, 0.01303130853227473], [0.014494312291027744, 0.01303130853227473, 0.040604559135701906]], "chi2_level": 0.95, "chi2_df": 3, "chi2_threshold": 7.814727903251179, "N_raw": 69, "N_roi": 69, "N_inlier": 67, "refit": true}
{"timestamp": "16:44:00.736320", "frame": 98, "mu": [-1.8747097317744308, 0.863695989602095, 1.1734234698250408], "Sigma": [[0.009212875311097721, 0.008007951139500705, -0.0007689033204858508], [0.008007951139500705, 0.011136280678913197, -0.00882787304624302], [-0.0007689033204858506, -0.00882787304624302, 0.022086847579588523]], "chi2_level": 0.95, "chi2_df": 3, "chi2_threshold": 7.814727903251179, "N_raw": 69, "N_roi": 69, "N_inlier": 67, "refit": true}
{"timestamp": "16:44:00.786872", "frame": 99, "mu": [-1.7667448717884005, 0.8786715568867927, 1.2409745591566104], "Sigma": [[0.0042323941786739155, 0.0028179121030355485, 3.219197541958288e-05], [0.0028179121030355485, 0.004867677243501528, -0.004562526498471138], [3.219197541958288e-05, -0.004562526498471138, 0.009858223490923091]], "chi2_level": 0.95, "chi2_df": 3, "chi2_threshold": 7.814727903251179, "N_raw": 35, "N_roi": 35, "N_inlier": 33, "refit": true}
{"timestamp": "16:44:00.938504", "frame": 100, "mu": [-1.8559454400764777, 0.7298158223984303, 1.1366253496176362], "Sigma": [[0.022163080001945668, 0.013749300528365947, 0.012732076491375541], [0.013749300528365947, 0.013728042756370068, 0.003259076173701642], [0.012732076491375541, 0.003259076173701642, 0.03672304137692013]], "chi2_level": 0.95, "chi2_df": 3, "chi2_threshold": 7.814727903251179, "N_raw": 83, "N_roi": 83, "N_inlier": 81, "refit": true}
{"timestamp": "16:44:00.970500", "frame": 101, "mu": [-1.770254734811308, 0.904535058660466, -0.5478273648824338], "Sigma": [[0.009240930369530094, 0.0047068409447573, 0.005087827976623363], [0.004706840944757299, 0.01019536207616968, -0.007414225841800923], [0.0050878279766233625, -0.007414225841800922, 0.03358950111793589]], "chi2_level": 0.95, "chi2_df": 3, "chi2_threshold": 7.814727903251179, "N_raw": 67, "N_roi": 67, "N_inlier": 63, "refit": true}
{"timestamp": "16:44:00.989776", "frame": 102, "mu": [-1.753800699439541, 0.9402203230957755, -0.5527313675072425], "Sigma": [[0.007937267539120975, 0.005882872518121193, 0.003746991218832767], [0.005882872518121193, 0.009673465550496347, -0.00502421453174068], [0.0037469912188327677, -0.00502421453174068, 0.019122815779857125]], "chi2_level": 0.95, "chi2_df": 3, "chi2_threshold": 7.814727903251179, "N_raw": 61, "N_roi": 61, "N_inlier": 57, "refit": true}
{"timestamp": "16:44:01.017139", "frame": 103, "mu": [-1.7090738552318494, 0.629926417095816, 1.1651224152675324], "Sigma": [[0.008309112389611078, 0.006789179198291868, 0.004912818751303621], [0.006789179198291869, 0.00866197498279562, 0.003821623238732896], [0.004912818751303621, 0.003821623238732896, 0.03534160341247199]], "chi2_level": 0.95, "chi2_df": 3, "chi2_threshold": 7.814727903251179, "N_raw": 67, "N_roi": 67, "N_inlier": 66, "refit": true}
{"timestamp": "16:44:01.066367", "frame": 104, "mu": [-1.6871472919206594, 0.5970974419772896, 1.22315590969737], "Sigma": [[0.01155846101653424, 0.007769695115423254, 0.003876575534452894], [0.007769695115423254, 0.012116792144271521, 0.002006171703689998], [0.0038765755344528944, 0.002006171703689997, 0.020488729279536693]], "chi2_level": 0.95, "chi2_df": 3, "chi2_threshold": 7.814727903251179, "N_raw": 73, "N_roi": 73, "N_inlier": 70, "refit": true}
{"timestamp": "16:44:01.119748", "frame": 105, "mu": [-1.6259872967049098, 0.6083875519371452, 1.2466381960172652], "Sigma": [[0.00842836815819232, 0.0018918085375118705, -0.002935978192800484], [0.0018918085375118705, 0.00847393096264964, -0.007105170227809], [-0.0029359781928004845, -0.007105170227809, 0.007538793313047488]], "chi2_level": 0.95, "chi2_df": 3, "chi2_threshold": 7.814727903251179, "N_raw": 58, "N_roi": 58, "N_inlier": 54, "refit": true}
{"timestamp": "16:44:01.170087", "frame": 106, "mu": [-1.6292927153760102, 0.6620648879389802, 1.2051769047224483], "Sigma": [[0.007088616434213002, -0.00020661963893004983, -0.0013795928427494221], [-0.00020661963893004972, 0.002007491143738181, -0.001423368426292327], [-0.0013795928427494223, -0.001423368426292327, 0.0064393245632491155]], "chi2_level": 0.95, "chi2_df": 3, "chi2_threshold": 7.814727903251179, "N_raw": 30, "N_roi": 30, "N_inlier": 27, "refit": true}
{"timestamp": "16:44:01.230441", "frame": 107, "mu": [-1.2801856672766032, 0.501070753339711, 1.1268350181082347], "Sigma": [[1.0198671353963367, -0.068812062391609, -0.12668913450235347], [-0.06881206239160899, 0.015967448248977462, 0.017088464738305345], [-0.12668913450235347, 0.01708846473830535, 0.04841553701670739]], "chi2_level": 0.95, "chi2_df": 3, "chi2_threshold": 7.814727903251179, "N_raw": 60, "N_roi": 60, "N_inlier": 56, "refit": true}
{"timestamp": "16:44:01.281506", "frame": 108, "mu": [-0.6656870625272778, 0.41863391486367396, 1.0729735025839593], "Sigma": [[1.9813834057328685, -0.08502367598506408, -0.27198872245530004], [-0.08502367598506409, 0.019052800072344285, 0.021316087283765956], [-0.27198872245530004, 0.021316087283765956, 0.06011344208817063]], "chi2_level": 0.95, "chi2_df": 3, "chi2_threshold": 7.814727903251179, "N_raw": 33, "N_roi": 33, "N_inlier": 32, "refit": true}
