{"timestamp": "17:15:46.222814", "frame": 39, "mu": [1.7122742215920903, 0.7436284597778223, 1.460791394809631], "Sigma": [[0.004527367855380336, -0.0010528790093114867, -0.002949862010131936], [-0.0010528790093114867, 0.00044852467352568174, 0.0022522069372678225], [-0.0029498620101319367, 0.002252206937267823, 0.022318693532327807]], "chi2_level": 0.95, "chi2_df": 3, "chi2_threshold": 7.814727903251179, "N_raw": 5, "N_roi": 5, "N_inlier": 5, "refit": true}
{"timestamp": "17:15:46.333440", "frame": 41, "mu": [1.6773916370930877, 0.8658286441940163, 1.5096332842649829], "Sigma": [[0.004133540671353482, -0.002306890308306536, 0.0002679385215453053], [-0.002306890308306536, 0.0034737797665831023, -2.94040459032827e-05], [0.0002679385215453054, -2.9404045903282686e-05, 0.0001958307410740982]], "chi2_level": 0.95, "chi2_df": 3, "chi2_threshold": 7.814727903251179, "N_raw": 9, "N_roi": 9, "N_inlier": 9, "refit": true}
{"timestamp": "17:15:46.389056", "frame": 42, "mu": [1.6701306726381542, 0.9339492247958753, 1.4498051059832047], "Sigma": [[0.00196770813429361, 0.00044940616786220977, -0.0004713463947246427], [0.00044940616786220966, 0.0021208097666182858, -0.00047590189426310214], [-0.0004713463947246427, -0.00047590189426310214, 0.0007733258137479893]], "chi2_level": 0.95, "chi2_df": 3, "chi2_threshold": 7.814727903251179, "N_raw": 11, "N_roi": 11, "N_inlier": 10, "refit": true}
{"timestamp": "17:15:46.500803", "frame": 44, "mu": [1.6746478452996512, 0.9578397881300457, 1.398839801324887], "Sigma": [[0.007055162752901147, -0.0030302112028572094, 0.0018634434487805151], [-0.00303021120285721, 0.004464649899825059, -0.002468737508159404], [0.001863443448780515, -0.002468737508159404, 0.0021571426468586924]], "chi2_level": 0.95, "chi2_df": 3, "chi2_threshold": 7.814727903251179, "N_raw": 29, "N_roi": 29, "N_inlier": 28, "refit": true}
{"timestamp": "17:15:46.556008", "frame": 45, "mu": [1.6858338434179745, 1.03584776383528, 1.4127946482249707], "Sigma": [[0.0026455692202900106, -0.00010181407464504829, -0.0007119405088013486], [-0.00010181407464504821, 0.0019178507875281874, -0.0012689500240509334], [-0.0007119405088013488, -0.0012689500240509336, 0.004613407953601322]], "chi2_level": 0.95, "chi2_df": 3, "chi2_threshold": 7.814727903251179, "N_raw": 13, "N_roi": 13, "N_inlier": 12, "refit": true}
{"timestamp": "17:15:46.667952", "frame": 47, "mu": [1.6501577552405908, 1.1266488950496638, 1.4329778156699913], "Sigma": [[0.004130560013225526, -0.0020915744268592703, -0.0005308148507822818], [-0.0020915744268592703, 0.00649914997688796, -3.649298677695446e-05], [-0.0005308148507822818, -3.649298677695445e-05, 0.0003508009286412019]], "chi2_level": 0.95, "chi2_df": 3, "chi2_threshold": 7.814727903251179, "N_raw": 26, "N_roi": 26, "N_inlier": 25, "refit": true}
{"timestamp": "17:15:46.722092", "frame": 48, "mu": [1.6791881976107732, 1.1404599328632297, 1.4061059913321288], "Sigma": [[0.003669103305092912, -0.0014241677074557568, -0.00011128909976668344], [-0.001424167707455757, 0.002748741159395043, -0.0004409213570211387], [-0.00011128909976668341, -0.0004409213570211387, 0.00014267191322855615]], "chi2_level": 0.95, "chi2_df": 3, "chi2_threshold": 7.814727903251179, "N_raw": 17, "N_roi": 17, "N_inlier": 15, "refit": true}
{"timestamp": "17:15:46.776288", "frame": 49, "mu": [1.7046167317235852, 1.1608858291605606, 1.4902791805076958], "Sigma": [[0.003818397910492438, -0.0005747927146075065, 0.0011396878244216032], [-0.0005747927146075064, 0.0018838847618412066, -5.690775913166717e-05], [0.001139687824421603, -5.690775913166717e-05, 0.0006045286045562436]], "chi2_level": 0.95, "chi2_df": 3, "chi2_threshold": 7.814727903251179, "N_raw": 14, "N_roi": 14, "N_inlier": 12, "refit": true}
{"timestamp": "17:15:46.830485", "frame": 50, "mu": [1.6873756718582462, 1.2090174982831061, 1.208262359120266], "Sigma": [[0.0038171631006648867, -0.0009475547662260778, 0.008822505369793019], [-0.0009475547662260778, 0.006104039313173447, -0.0025661730273036885], [0.008822505369793019, -0.0025661730273036894, 0.09240104303445401]], "chi2_level": 0.95, "chi2_df": 3, "chi2_threshold": 7.814727903251179, "N_raw": 7, "N_roi": 7, "N_inlier": 6, "refit": true}
{"timestamp": "17:15:46.884303", "frame": 51, "mu": [1.6424904284113542, 1.4845032586899123, -0.35390008401671547], "Sigma": [[0.004828913310675513, 0.003007773100957086, -0.006014419340637719], [0.003007773100957086, 0.002243434777655181, -0.005643053971018643], [-0.006014419340637719, -0.005643053971018643, 0.020801948202460663]], "chi2_level": 0.95, "chi2_df": 3, "chi2_threshold": 7.814727903251179, "N_raw": 6, "N_roi": 6, "N_inlier": 6, "refit": true}
{"timestamp": "17:15:46.939383", "frame": 52, "mu": [1.6599149376266713, 1.362407977112898, 1.4918091534752764], "Sigma": [[0.0065387040184173685, 0.003642745380977541, 0.0031790458797056986], [0.003642745380977541, 0.0022033057468199527, 0.0018851157601481104], [0.0031790458797056986, 0.0018851157601481104, 0.0019145073621521487]], "chi2_level": 0.95, "chi2_df": 3, "chi2_threshold": 7.814727903251179, "N_raw": 5, "N_roi": 5, "N_inlier": 5, "refit": true}
{"timestamp": "17:15:46.995017", "frame": 53, "mu": [1.617791898815356, 1.472158759369565, 1.413131071359154], "Sigma": [[0.0013925355036530195, 0.0011781618493347569, 0.003554733612606874], [0.0011781618493347569, 0.004373974499333508, -0.0027676707282431987], [0.0035547336126068745, -0.002767670728243199, 0.0331641736848328]], "chi2_level": 0.95, "chi2_df": 3, "chi2_threshold": 7.814727903251179, "N_raw": 5, "N_roi": 5, "N_inlier": 5, "refit": true}
{"timestamp": "17:15:47.050411", "frame": 54, "mu": [1.5932565090950872, 1.4254368917261018, 1.2250385532390735], "Sigma": [[0.001603043849668792, -0.00036300030672740437, -0.006014002656969827], [-0.00036300030672740437, 0.0009780219857024955, 0.0025126985609709982], [-0.006014002656969827, 0.0025126985609709987, 0.042218920890020266]], "chi2_level": 0.95, "chi2_df": 3, "chi2_threshold": 7.814727903251179, "N_raw": 5, "N_roi": 5, "N_inlier": 5, "refit": true}
{"timestamp": "17:15:47.105819", "frame": 55, "mu": [1.6331099703676313, 1.5331153634637231, 1.1775046610559212], "Sigma": [[0.01676978018038412, -0.0032186020814854183, -0.04478891909482108], [-0.0032186020814854188, 0.002937235950804961, 0.011347251271785671], [-0.04478891909482108, 0.011347251271785671, 0.12838692545475425]], "chi2_level": 0.95, "chi2_df": 3, "chi2_threshold": 7.814727903251179, "N_raw": 9, "N_roi": 8, "N_inlier": 8, "refit": true}
{"timestamp": "17:15:47.159696", "frame": 56, "mu": [1.5691333921590924, 1.6039126174845622, 1.3461554512910496], "Sigma": [[0.0024936850469495413, 0.0011773199401841237, -0.006153883595038443], [0.001177319940184124, 0.0008804014413404613, -0.0016998134339386173], [-0.006153883595038443, -0.0016998134339386173, 0.01969713294159935]], "chi2_level": 0.95, "chi2_df": 3, "chi2_threshold": 7.814727903251179, "N_raw": 8, "N_roi": 6, "N_inlier": 5, "refit": true}
{"timestamp": "17:15:47.215336", "frame": 57, "mu": [1.6591453143130108, 1.646505110942084, 1.1432862147695817], "Sigma": [[0.026355332495292746, -0.004079570962213492, -0.0768451950187745], [-0.004079570962213493, 0.002015183494827273, 0.018818718716674288], [-0.0768451950187745, 0.018818718716674294, 0.2761628847053595]], "chi2_level": 0.95, "chi2_df": 3, "chi2_threshold": 7.814727903251179, "N_raw": 9, "N_roi": 9, "N_inlier": 8, "refit": true}
{"timestamp": "17:15:47.269647", "frame": 58, "mu": [1.483097248564276, 1.7436709423408308, 1.4408312482886794], "Sigma": [[0.0014158420379918114, 0.00013387955612229616, -0.0018567500550701077], [0.0001338795561222961, 0.001533980397278325, -0.0018186492194508072], [-0.0018567500550701077, -0.0018186492194508072, 0.005315976924476956]], "chi2_level": 0.95, "chi2_df": 3, "chi2_threshold": 7.814727903251179, "N_raw": 9, "N_roi": 9, "N_inlier": 7, "refit": true}
{"timestamp": "17:15:47.328179", "frame": 59, "mu": [1.4061126789636205, 1.8273717929519833, 1.5122191146406767], "Sigma": [[0.005878660391552419, -0.0016463285801475444, 0.0028337622108312896], [-0.0016463285801475444, 0.002821922783633464, -0.0019362883569789117], [0.0028337622108312896, -0.0019362883569789117, 0.0035131625921068195]], "chi2_level": 0.95, "chi2_df": 3, "chi2_threshold": 7.814727903251179, "N_raw": 28, "N_roi": 28, "N_inlier": 26, "refit": true}
{"timestamp": "17:15:47.379178", "frame": 60, "mu": [1.487906686457456, 1.8430956306852146, 1.5588158218120423], "Sigma": [[0.0054307927598470146, 0.003191384464775763, -0.0024892983582901224], [0.0031913844647757624, 0.0020096436750297415, -0.0018593525604544013], [-0.0024892983582901224, -0.0018593525604544013, 0.0025264135279660857]], "chi2_level": 0.95, "chi2_df": 3, "chi2_threshold": 7.814727903251179, "N_raw": 6, "N_roi": 6, "N_inlier": 5, "refit": true}
{"timestamp": "17:15:47.436477", "frame": 61, "mu": [1.4608931971913555, 1.8712142500129108, 1.5923165780003579], "Sigma": [[0.004218463119580366, -0.001622617270848531, -0.0005045337914021293], [-0.001622617270848531, 0.004100504912247105, 0.0003136251245650979], [-0.0005045337914021293, 0.0003136251245650979, 0.0009697409472596903]], "chi2_level": 0.95, "chi2_df": 3, "chi2_threshold": 7.814727903251179, "N_raw": 16, "N_roi": 16, "N_inlier": 15, "refit": true}
{"timestamp": "17:15:47.492557", "frame": 62, "mu": [1.5029581867891373, 1.9468895656218221, 1.4925433679958637], "Sigma": [[0.003672780030841779, -0.0019806821516273262, -0.0011530465111052512], [-0.001980682151627326, 0.002654997097970798, -0.001080445473243785], [-0.001153046511105251, -0.0010804454732437853, 0.025997727145208576]], "chi2_level": 0.95, "chi2_df": 3, "chi2_threshold": 7.814727903251179, "N_raw": 25, "N_roi": 25, "N_inlier": 23, "refit": true}
{"timestamp": "17:15:47.546350", "frame": 63, "mu": [1.4795409155414618, 1.9720691008708322, 1.6137065356528715], "Sigma": [[0.0028075818326399665, -0.0017130353471246755, -0.0004402385553260188], [-0.0017130353471246757, 0.003389740944726826, 0.0015230611633706616], [-0.0004402385553260189, 0.0015230611633706616, 0.014600814910666235]], "chi2_level": 0.95, "chi2_df": 3, "chi2_threshold": 7.814727903251179, "N_raw": 20, "N_roi": 18, "N_inlier": 17, "refit": true}
{"timestamp": "17:15:47.599446", "frame": 64, "mu": [1.4794394345722184, 1.9688895612889794, 1.182762602126188], "Sigma": [[0.017309866454323884, -0.013649279955443796, -0.04890317861050076], [-0.013649279955443796, 0.011959559315429578, 0.03682358782331002], [-0.04890317861050076, 0.03682358782331002, 0.15852872637936843]], "chi2_level": 0.95, "chi2_df": 3, "chi2_threshold": 7.814727903251179, "N_raw": 6, "N_roi": 6, "N_inlier": 6, "refit": true}
{"timestamp": "17:15:47.655900", "frame": 65, "mu": [1.5016761140302755, 2.053540476420684, 1.6917097598413828], "Sigma": [[0.0022234096281075, 0.00046044055968831127, 0.0016460438892655668], [0.0004604405596883113, 0.0027878768686436, 0.0017737203146727045], [0.001646043889265567, 0.0017737203146727045, 0.002408260704370593]], "chi2_level": 0.95, "chi2_df": 3, "chi2_threshold": 7.814727903251179, "N_raw": 12, "N_roi": 12, "N_inlier": 11, "refit": true}
{"timestamp": "17:15:47.709980", "frame": 66, "mu": [1.502997920403289, 2.1103566161152383, 1.4611448828044777], "Sigma": [[0.0027865993826313995, 0.0011825658530858112, -0.008767605395932637], [0.0011825658530858112, 0.0011038176703376161, 6.776865998751446e-06], [-0.008767605395932637, 6.776865998751229e-06, 0.05282199533263706]], "chi2_level": 0.95, "chi2_df": 3, "chi2_threshold": 7.814727903251179, "N_raw": 8, "N_roi": 7, "N_inlier": 5, "refit": true}
{"timestamp": "17:15:47.765939", "frame": 67, "mu": [1.5140714840769376, 1.7345787075439327, 0.9046480609091389], "Sigma": [[0.008853240114865362, 0.019049891335476264, 0.017884122477604306], [0.019049891335476268, 0.5026891098275041, 0.7840573404766487], [0.017884122477604306, 0.7840573404766487, 1.2622014606390028]], "chi2_level": 0.95, "chi2_df": 3, "chi2_threshold": 7.814727903251179, "N_raw": 11, "N_roi": 9, "N_inlier": 8, "refit": true}
{"timestamp": "17:15:47.819939", "frame": 68, "mu": [1.6065471302196987, 2.142116642340967, 1.0254485241869002], "Sigma": [[0.0007376480347398106, 0.00017093432176689698, 4.5155253444396394e-05], [0.000170934321766897, 0.0052293767535211, 0.03920216241293433], [4.5155253444396394e-05, 0.03920216241293433, 0.496492330717173]], "chi2_level": 0.95, "chi2_df": 3, "chi2_threshold": 7.814727903251179, "N_raw": 10, "N_roi": 10, "N_inlier": 9, "refit": true}
{"timestamp": "17:15:47.874570", "frame": 69, "mu": [1.5322714312402719, 2.2116939638722184, 1.2268609518963285], "Sigma": [[0.0039421934082750805, -0.0006995453760059674, -0.030236914988535993], [-0.0006995453760059674, 0.002092428153694798, 0.02091503109769862], [-0.030236914988535993, 0.02091503109769862, 0.3640332759718623]], "chi2_level": 0.95, "chi2_df": 3, "chi2_threshold": 7.814727903251179, "N_raw": 6, "N_roi": 6, "N_inlier": 6, "refit": true}
{"timestamp": "17:15:47.929735", "frame": 70, "mu": [1.4776259878366091, 2.3396675977589023, 0.05439490254096068], "Sigma": [[0.00325044660301589, 0.0034157014308881534, -0.010717743696787237], [0.0034157014308881526, 0.004200730395815439, -0.009681950905496572], [-0.010717743696787237, -0.009681950905496572, 0.04254557360614425]], "chi2_level": 0.95, "chi2_df": 3, "chi2_threshold": 7.814727903251179, "N_raw": 6, "N_roi": 6, "N_inlier": 5, "refit": true}
{"timestamp": "17:15:47.984586", "frame": 71, "mu": [1.500755276223459, 2.245846559941657, 1.2976898927942708], "Sigma": [[0.0029782781438149244, -0.0020935073318761785, -0.017232595363967936], [-0.0020935073318761785, 0.007613989246208181, 0.02668722108025897], [-0.017232595363967936, 0.02668722108025897, 0.1457792320360003]], "chi2_level": 0.95, "chi2_df": 3, "chi2_threshold": 7.814727903251179, "N_raw": 6, "N_roi": 6, "N_inlier": 6, "refit": true}
{"timestamp": "17:15:48.041784", "frame": 72, "mu": [1.5938223518706793, 2.524513359669536, -0.45852268143363095], "Sigma": [[0.005559977775798684, 0.011110339653177956, -0.01720850279682408], [0.011110339653177956, 0.036371281970083436, -0.042664766685153205], [-0.01720850279682408, -0.042664766685153205, 0.08431147695486549]], "chi2_level": 0.95, "chi2_df": 3, "chi2_threshold": 7.814727903251179, "N_raw": 10, "N_roi": 10, "N_inlier": 10, "refit": true}
{"timestamp": "17:15:48.094280", "frame": 73, "mu": [1.4886222868225856, 2.421218298024602, 0.13343561331171183], "Sigma": [[0.007389410393581691, 0.004079720095732846, -0.0063133412710798505], [0.0040797200957328455, 0.0023939545352721905, -0.0038536328456786097], [-0.00631334127107985, -0.0038536328456786097, 0.007780246723417182]], "chi2_level": 0.95, "chi2_df": 3, "chi2_threshold": 7.814727903251179, "N_raw": 5, "N_roi": 5, "N_inlier": 5, "refit": true}
{"timestamp": "17:15:48.150720", "frame": 74, "mu": [1.545113851734138, 2.406176073539985, 1.0097256981084521], "Sigma": [[0.01329542592766227, 0.002553420064795553, -0.07239160590194368], [0.002553420064795553, 0.0005890228375082451, -0.012690952505286464], [-0.07239160590194368, -0.012690952505286462, 0.4524854744592291]], "chi2_level": 0.95, "chi2_df": 3, "chi2_threshold": 7.814727903251179, "N_raw": 7, "N_roi": 6, "N_inlier": 6, "refit": true}
{"timestamp": "17:15:48.204951", "frame": 75, "mu": [1.4652235376707317, 2.4123932607881455, 1.2966690591590013], "Sigma": [[0.007130671271593879, 0.0003655529916484424, -0.011473602149990984], [0.0003655529916484424, 0.0004109365609191007, -0.0004956200918295194], [-0.011473602149990984, -0.0004956200918295197, 0.01862414935194487]], "chi2_level": 0.95, "chi2_df": 3, "chi2_threshold": 7.814727903251179, "N_raw": 8, "N_roi": 7, "N_inlier": 5, "refit": true}
{"timestamp": "17:15:48.260656", "frame": 76, "mu": [1.447126878161201, 2.4786119684518564, 1.2544500169771828], "Sigma": [[0.0016838845612212785, 0.0013008414762477629, -0.006769517290069112], [0.0013008414762477629, 0.0012626724824371363, -0.004276781061939771], [-0.006769517290069112, -0.004276781061939771, 0.030799466582990966]], "chi2_level": 0.95, "chi2_df": 3, "chi2_threshold": 7.814727903251179, "N_raw": 5, "N_roi": 5, "N_inlier": 5, "refit": true}
{"timestamp": "17:15:48.315257", "frame": 77, "mu": [1.51700218416142, 2.5432268209474778, 1.3577784253654883], "Sigma": [[0.006367492133052322, 0.0010993907432590025, -0.013561931247940553], [0.0010993907432590023, 0.0008067681358022705, -0.00164337940481101], [-0.013561931247940553, -0.00164337940481101, 0.02968294998486302]], "chi2_level": 0.95, "chi2_df": 3, "chi2_threshold": 7.814727903251179, "N_raw": 6, "N_roi": 6, "N_inlier": 5, "refit": true}
{"timestamp": "17:15:48.427011", "frame": 79, "mu": [1.587532000328194, 2.7648957311153883, -0.5696457502159795], "Sigma": [[0.022364917566404702, 0.012908200292062095, -0.005477240324361615], [0.012908200292062095, 0.012385197125648293, -0.01718969389529554], [-0.005477240324361615, -0.01718969389529554, 0.26361240756427196]], "chi2_level": 0.95, "chi2_df": 3, "chi2_threshold": 7.814727903251179, "N_raw": 17, "N_roi": 13, "N_inlier": 12, "refit": true}
{"timestamp": "17:15:48.481828", "frame": 80, "mu": [1.4308700773296124, 2.681294301302624, 1.4751874820231523], "Sigma": [[0.005681520796135444, -0.0009567672513287887, -0.007503593978174987], [-0.0009567672513287888, 0.001674963712765597, -0.0013086584990697086], [-0.007503593978174987, -0.0013086584990697086, 0.020720827387498864]], "chi2_level": 0.95, "chi2_df": 3, "chi2_threshold": 7.814727903251179, "N_raw": 24, "N_roi": 24, "N_inlier": 22, "refit": true}
{"timestamp": "17:15:48.534688", "frame": 81, "mu": [1.5023747992101097, 2.707935871063974, 1.4314280876510255], "Sigma": [[0.003993679982302358, 0.0016299035459139163, -0.01110881581617093], [0.0016299035459139168, 0.0012956000934506477, -0.004205865576393649], [-0.011108815816170932, -0.004205865576393649, 0.03165793564446353]], "chi2_level": 0.95, "chi2_df": 3, "chi2_threshold": 7.814727903251179, "N_raw": 8, "N_roi": 6, "N_inlier": 5, "refit": true}
{"timestamp": "17:15:48.590394", "frame": 82, "mu": [1.4883701671589336, 2.7674288765442134, 1.5703712908181457], "Sigma": [[0.001426898869211544, 0.0017619059553032471, -0.002153214886178088], [0.0017619059553032467, 0.003650861042829348, -0.0033891868243355475], [-0.002153214886178088, -0.003389186824335547, 0.004863774038281341]], "chi2_level": 0.95, "chi2_df": 3, "chi2_threshold": 7.814727903251179, "N_raw": 8, "N_roi": 7, "N_inlier": 6, "refit": true}
{"timestamp": "17:15:48.649305", "frame": 83, "mu": [1.581872122275579, 2.853215572985971, -0.2830955838823499], "Sigma": [[0.009534020781945382, 0.00020679222688080613, 0.017108824354731784], [0.0002067922268808061, 0.003968205562251656, 0.004767062676291948], [0.017108824354731787, 0.0047670626762919485, 0.09641565432031803]], "chi2_level": 0.95, "chi2_df": 3, "chi2_threshold": 7.814727903251179, "N_raw": 33, "N_roi": 32, "N_inlier": 31, "refit": true}
{"timestamp": "17:15:48.702013", "frame": 84, "mu": [1.5029849456347892, 2.869263113095012, 1.2760338443819084], "Sigma": [[0.006719223231569407, -0.0036203745069514283, -0.0037051078798096384], [-0.0036203745069514283, 0.0037270113811694616, 0.0014129428638587243], [-0.0037051078798096384, 0.0014129428638587243, 0.004939039440946821]], "chi2_level": 0.95, "chi2_df": 3, "chi2_threshold": 7.814727903251179, "N_raw": 21, "N_roi": 21, "N_inlier": 19, "refit": true}
{"timestamp": "17:15:48.755053", "frame": 85, "mu": [1.5362615053330821, 2.842820536879547, 1.184314330357607], "Sigma": [[0.0038619828254464836, -0.0012149381661143467, -0.016488542324634495], [-0.0012149381661143465, 0.002460757534218937, 0.008866784157352555], [-0.016488542324634495, 0.008866784157352555, 0.07914913492718506]], "chi2_level": 0.95, "chi2_df": 3, "chi2_threshold": 7.814727903251179, "N_raw": 6, "N_roi": 5, "N_inlier": 5, "refit": true}
{"timestamp": "17:15:48.810587", "frame": 86, "mu": [1.6916095004555245, 2.7220800995114716, 0.6943724436686343], "Sigma": [[0.0053003396783374715, -0.003889405820748014, -0.022458231749570404], [-0.0038894058207480145, 0.004305879168971134, 0.024647511811691652], [-0.0224582317495704, 0.024647511811691645, 0.22239000134080836]], "chi2_level": 0.95, "chi2_df": 3, "chi2_threshold": 7.814727903251179, "N_raw": 10, "N_roi": 10, "N_inlier": 9, "refit": true}
{"timestamp": "17:15:48.865932", "frame": 87, "mu": [1.5593538325222227, 2.963472064092959, 1.2228334133044272], "Sigma": [[0.0036392413871278698, -0.0004573620139892606, -0.01664704109227872], [-0.0004573620139892606, 0.0032523724766898424, 0.007602654085114189], [-0.01664704109227872, 0.007602654085114189, 0.0908992803879843]], "chi2_level": 0.95, "chi2_df": 3, "chi2_threshold": 7.814727903251179, "N_raw": 6, "N_roi": 6, "N_inlier": 6, "refit": true}
{"timestamp": "17:15:48.919691", "frame": 88, "mu": [1.5902213507465934, 2.968965259696221, 1.1631363445637088], "Sigma": [[0.0039049513393288786, -0.003477769019076614, -0.027553283745570215], [-0.0034777690190766143, 0.006672745158122427, 0.03015878232684126], [-0.027553283745570218, 0.030158782326841257, 0.20452926403213328]], "chi2_level": 0.95, "chi2_df": 3, "chi2_threshold": 7.814727903251179, "N_raw": 8, "N_roi": 7, "N_inlier": 6, "refit": true}
{"timestamp": "17:15:48.977223", "frame": 89, "mu": [1.6398396401685549, 3.1438918989031874, -0.3610527553019932], "Sigma": [[0.009132934865981377, 0.0017082293703538404, -0.02864797839010002], [0.0017082293703538406, 0.005962506751498269, -0.026108499108783018], [-0.028647978390100016, -0.026108499108783018, 0.21530878751477167]], "chi2_level": 0.95, "chi2_df": 3, "chi2_threshold": 7.814727903251179, "N_raw": 19, "N_roi": 16, "N_inlier": 16, "refit": true}
{"timestamp": "17:15:49.030788", "frame": 90, "mu": [1.525644902158104, 3.0939087760962956, 1.1653375236089538], "Sigma": [[0.008447740444032513, -0.0020193497544201983, -0.03459374735818186], [-0.0020193497544201983, 0.0026513046436220625, 0.007874194211634275], [-0.03459374735818186, 0.007874194211634274, 0.1925347453055378]], "chi2_level": 0.95, "chi2_df": 3, "chi2_threshold": 7.814727903251179, "N_raw": 16, "N_roi": 16, "N_inlier": 16, "refit": true}
{"timestamp": "17:15:49.087920", "frame": 91, "mu": [1.53154108694196, 3.124758731191029, 1.576194390135012], "Sigma": [[0.009134018262581547, -0.0033770510600566236, -0.0032004416484350882], [-0.0033770510600566236, 0.002778077010285626, -0.00026231501123245924], [-0.0032004416484350882, -0.00026231501123245946, 0.0038969174108933985]], "chi2_level": 0.95, "chi2_df": 3, "chi2_threshold": 7.814727903251179, "N_raw": 23, "N_roi": 23, "N_inlier": 21, "refit": true}
{"timestamp": "17:15:49.140391", "frame": 92, "mu": [1.7051055767862624, 3.1610596968790867, 0.903332631071966], "Sigma": [[0.002788037913831704, 0.001799221670336472, -0.011084582272170244], [0.0017992216703364718, 0.00237110337379905, -0.013595687903840706], [-0.011084582272170244, -0.013595687903840706, 0.09761083695952763]], "chi2_level": 0.95, "chi2_df": 3, "chi2_threshold": 7.814727903251179, "N_raw": 9, "N_roi": 9, "N_inlier": 8, "refit": true}
{"timestamp": "17:15:49.196604", "frame": 93, "mu": [1.7494479103116725, 3.1764759011062975, 0.7971974641055435], "Sigma": [[0.022253388371792915, -0.00463201619767613, -0.04725878434459632], [-0.00463201619767613, 0.004672849010530279, 0.0019810313929207123], [-0.04725878434459632, 0.0019810313929207123, 0.12642170294608138]], "chi2_level": 0.95, "chi2_df": 3, "chi2_threshold": 7.814727903251179, "N_raw": 18, "N_roi": 18, "N_inlier": 18, "refit": true}
{"timestamp": "17:15:49.255793", "frame": 94, "mu": [1.6794618458283799, 3.2518685526462643, 1.1737120388963682], "Sigma": [[0.015335567978702459, -0.006795915729503489, -0.010060972643397174], [-0.00679591572950349, 0.008298020002203248, -0.005472499415788469], [-0.010060972643397174, -0.005472499415788469, 0.04718633820681395]], "chi2_level": 0.95, "chi2_df": 3, "chi2_threshold": 7.814727903251179, "N_raw": 48, "N_roi": 45, "N_inlier": 44, "refit": true}
{"timestamp": "17:15:49.310722", "frame": 95, "mu": [1.828960087796568, 3.2098492063986717, 0.779714916957869], "Sigma": [[0.01846994732061237, -0.010619379836316405, -0.03442758264695993], [-0.010619379836316405, 0.008419315855705456, 0.017598550026350957], [-0.03442758264695993, 0.017598550026350957, 0.14188742218190994]], "chi2_level": 0.95, "chi2_df": 3, "chi2_threshold": 7.814727903251179, "N_raw": 44, "N_roi": 44, "N_inlier": 43, "refit": true}
{"timestamp": "17:15:49.363973", "frame": 96, "mu": [1.6327348491799674, 3.25606366114564, 1.1380161437227085], "Sigma": [[0.025457935757266535, -0.007378358184115794, -0.035406500257970264], [-0.007378358184115794, 0.0038087574932718967, 0.006105267363420716], [-0.035406500257970264, 0.006105267363420716, 0.07429174085829025]], "chi2_level": 0.95, "chi2_df": 3, "chi2_threshold": 7.814727903251179, "N_raw": 34, "N_roi": 32, "N_inlier": 31, "refit": true}
{"timestamp": "17:15:49.423824", "frame": 97, "mu": [1.5866896126810288, 3.4331664767716576, 0.06719885446010293], "Sigma": [[0.030597069493304114, -0.004653195615353139, -0.002782314578975122], [-0.004653195615353139, 0.006687388268649495, 0.0040250664228286175], [-0.0027823145789751215, 0.0040250664228286175, 0.004146838791904394]], "chi2_level": 0.95, "chi2_df": 3, "chi2_threshold": 7.814727903251179, "N_raw": 67, "N_roi": 67, "N_inlier": 65, "refit": true}
{"timestamp": "17:15:49.473425", "frame": 98, "mu": [1.5115189477920352, 3.3989181621797013, 1.3295149519644958], "Sigma": [[0.013478680581987822, -0.0024359933924098668, 0.0037848841242411743], [-0.0024359933924098668, 0.0032471053989089013, -0.001533906656790833], [0.003784884124241175, -0.0015339066567908331, 0.004695626222509733]], "chi2_level": 0.95, "chi2_df": 3, "chi2_threshold": 7.814727903251179, "N_raw": 29, "N_roi": 29, "N_inlier": 28, "refit": true}
{"timestamp": "17:15:49.527494", "frame": 99, "mu": [1.5096619371005136, 3.491075950114269, 1.5007620823948868], "Sigma": [[0.012999091703737595, -0.003633818300183513, 0.0011629843497544786], [-0.003633818300183513, 0.0038239480940169632, -0.0007825760938793124], [0.0011629843497544786, -0.0007825760938793124, 0.000179646009166249]], "chi2_level": 0.95, "chi2_df": 3, "chi2_threshold": 7.814727903251179, "N_raw": 28, "N_roi": 28, "N_inlier": 27, "refit": true}
{"timestamp": "17:15:49.616897", "frame": 100, "mu": [1.645803075076187, 3.572375857757421, 0.24387415331092538], "Sigma": [[0.019815188353221557, -0.004337170864665056, -0.009519856215154238], [-0.004337170864665055, 0.005652160089096457, 5.77658766168815e-05], [-0.009519856215154238, 5.776587661688172e-05, 0.009561471911164783]], "chi2_level": 0.95, "chi2_df": 3, "chi2_threshold": 7.814727903251179, "N_raw": 45, "N_roi": 44, "N_inlier": 42, "refit": true}
{"timestamp": "17:15:49.690814", "frame": 102, "mu": [1.5243768238304511, 3.623790300534992, 1.156266127764999], "Sigma": [[0.003355640965160737, 0.003186929832439534, -0.018625423273492293], [0.0031869298324395346, 0.004240503748760285, -0.029116958711197086], [-0.018625423273492293, -0.029116958711197086, 0.30569236853307297]], "chi2_level": 0.95, "chi2_df": 3, "chi2_threshold": 7.814727903251179, "N_raw": 9, "N_roi": 9, "N_inlier": 8, "refit": true}
{"timestamp": "17:15:49.748930", "frame": 103, "mu": [1.532233337938157, 3.6360759944892016, 1.458037002064524], "Sigma": [[0.016948572525692512, -0.006391308113871839, -0.012582991966071249], [-0.006391308113871839, 0.004956010636621327, 0.0018454132408994824], [-0.01258299196607125, 0.0018454132408994824, 0.01480360601912282]], "chi2_level": 0.95, "chi2_df": 3, "chi2_threshold": 7.814727903251179, "N_raw": 34, "N_roi": 34, "N_inlier": 34, "refit": true}
{"timestamp": "17:15:49.805546", "frame": 104, "mu": [1.522264121039281, 3.6597447954334097, 0.4454904163690726], "Sigma": [[0.0178360213659485, -0.003526294560213269, -0.013479648731919421], [-0.003526294560213269, 0.00443030871211146, 0.0004896591689283417], [-0.01347964873191942, 0.0004896591689283418, 0.01284806668963038]], "chi2_level": 0.95, "chi2_df": 3, "chi2_threshold": 7.814727903251179, "N_raw": 35, "N_roi": 35, "N_inlier": 34, "refit": true}
{"timestamp": "17:15:49.854971", "frame": 105, "mu": [1.6079000466085729, 3.692211350370747, 1.3778397358353773], "Sigma": [[0.008690767729449607, 0.001098768236919376, -0.029004078535078828], [0.001098768236919376, 0.0011487828601002012, 0.0009998271378934176], [-0.029004078535078828, 0.0009998271378934176, 0.12514178885818217]], "chi2_level": 0.95, "chi2_df": 3, "chi2_threshold": 7.814727903251179, "N_raw": 6, "N_roi": 6, "N_inlier": 6, "refit": true}
{"timestamp": "17:15:49.911598", "frame": 106, "mu": [1.5221041408158749, 3.768230747256176, 1.6385228983175846], "Sigma": [[0.012292452090585992, -0.004691813970997957, -0.004342167427301381], [-0.004691813970997957, 0.003652242915899798, 0.00133711794664783], [-0.004342167427301381, 0.00133711794664783, 0.004217737064260897]], "chi2_level": 0.95, "chi2_df": 3, "chi2_threshold": 7.814727903251179, "N_raw": 22, "N_roi": 21, "N_inlier": 20, "refit": true}
{"timestamp": "17:15:49.969409", "frame": 107, "mu": [1.6236053772301902, 3.739132092846515, 0.9903961887365857], "Sigma": [[0.017392223270217985, -0.00856211978645131, -0.026399178609684625], [-0.00856211978645131, 0.004805028248184915, 0.013823182991687857], [-0.026399178609684625, 0.013823182991687857, 0.09744343609710743]], "chi2_level": 0.95, "chi2_df": 3, "chi2_threshold": 7.814727903251179, "N_raw": 38, "N_roi": 38, "N_inlier": 37, "refit": true}
{"timestamp": "17:15:50.019696", "frame": 108, "mu": [1.5827721076829477, 3.796953690846457, 1.0497686689902905], "Sigma": [[0.007475023041426613, -0.004486351655768005, -0.035142061752709605], [-0.004486351655768005, 0.003330697757801221, 0.020534815579761164], [-0.035142061752709605, 0.020534815579761168, 0.16628970929241224]], "chi2_level": 0.95, "chi2_df": 3, "chi2_threshold": 7.814727903251179, "N_raw": 5, "N_roi": 5, "N_inlier": 5, "refit": true}
{"timestamp": "17:15:50.130319", "frame": 110, "mu": [1.569397878467472, 3.965879177628474, 1.3966346149918274], "Sigma": [[0.006608662378849981, -0.0028752355397851535, -0.0045187157889937804], [-0.002875235539785153, 0.0018631759007747435, 7.783217226353613e-05], [-0.0045187157889937804, 7.783217226353591e-05, 0.013957348691216271]], "chi2_level": 0.95, "chi2_df": 3, "chi2_threshold": 7.814727903251179, "N_raw": 14, "N_roi": 14, "N_inlier": 12, "refit": true}
{"timestamp": "17:15:50.193484", "frame": 111, "mu": [1.5663655332125699, 4.059628273734589, 0.31899594785295404], "Sigma": [[0.01770131308503728, -0.004010842516290119, -0.018316062607042098], [-0.004010842516290119, 0.005493633059392891, -0.006044988843801625], [-0.018316062607042098, -0.006044988843801625, 0.04355564883587206]], "chi2_level": 0.95, "chi2_df": 3, "chi2_threshold": 7.814727903251179, "N_raw": 34, "N_roi": 34, "N_inlier": 33, "refit": true}
{"timestamp": "17:15:50.244010", "frame": 112, "mu": [1.6418118345826522, 4.0359439538730175, 1.241305683415639], "Sigma": [[0.015399038583007186, -0.00524114939270344, -0.009417415793944964], [-0.00524114939270344, 0.0030061884588934874, -0.0010232816181079524], [-0.009417415793944964, -0.0010232816181079524, 0.029571370638935085]], "chi2_level": 0.95, "chi2_df": 3, "chi2_threshold": 7.814727903251179, "N_raw": 37, "N_roi": 33, "N_inlier": 32, "refit": true}
{"timestamp": "17:15:50.301797", "frame": 113, "mu": [1.5316598522178049, 4.088231599583824, 1.5734883368548567], "Sigma": [[0.021250644238938323, -0.005769444828845401, -0.00828211843654805], [-0.005769444828845399, 0.006219387371123318, 0.0003666481574064422], [-0.00828211843654805, 0.0003666481574064422, 0.007916269314955848]], "chi2_level": 0.95, "chi2_df": 3, "chi2_threshold": 7.814727903251179, "N_raw": 51, "N_roi": 51, "N_inlier": 46, "refit": true}
{"timestamp": "17:15:50.355001", "frame": 114, "mu": [1.607528688166342, 4.117105255643451, 1.4270997466209898], "Sigma": [[0.020971430908964993, -0.0059815599078486496, -0.013532713841018505], [-0.0059815599078486496, 0.005125637990080193, -0.0008560068411245304], [-0.013532713841018505, -0.0008560068411245299, 0.017879660686367687]], "chi2_level": 0.95, "chi2_df": 3, "chi2_threshold": 7.814727903251179, "N_raw": 45, "N_roi": 45, "N_inlier": 44, "refit": true}
{"timestamp": "17:15:50.412258", "frame": 115, "mu": [1.6627898348901444, 4.161792089918246, 0.5269649392904248], "Sigma": [[0.007923903564677237, 0.0003642658259664542, -0.007330587260168499], [0.00036426582596645355, 0.010694428394763877, -0.018263607079519222], [-0.007330587260168498, -0.018263607079519222, 0.04093763707474731]], "chi2_level": 0.95, "chi2_df": 3, "chi2_threshold": 7.814727903251179, "N_raw": 26, "N_roi": 26, "N_inlier": 23, "refit": true}
{"timestamp": "17:15:50.460328", "frame": 116, "mu": [1.6703836422434686, 4.1962931965784485, 1.0993128548099496], "Sigma": [[0.0152001674315975, 0.0008697232495033615, -0.054083168421350115], [0.0008697232495033615, 0.006948255201391379, -0.011339122241225071], [-0.05408316842135011, -0.011339122241225071, 0.22420836147206674]], "chi2_level": 0.95, "chi2_df": 3, "chi2_threshold": 7.814727903251179, "N_raw": 10, "N_roi": 10, "N_inlier": 9, "refit": true}
{"timestamp": "17:15:50.517658", "frame": 117, "mu": [1.6854424912450297, 4.22772915262273, 1.33043089671881], "Sigma": [[0.010577197234338698, -0.0034352855744309136, -0.00991260864394643], [-0.0034352855744309136, 0.0028115194016096147, -0.0002883849227800671], [-0.00991260864394643, -0.00028838492278006686, 0.024411824209499833]], "chi2_level": 0.95, "chi2_df": 3, "chi2_threshold": 7.814727903251179, "N_raw": 26, "N_roi": 26, "N_inlier": 23, "refit": true}
{"timestamp": "17:15:50.572930", "frame": 118, "mu": [1.6305618478532884, 4.277118865229194, 1.5012809980990227], "Sigma": [[0.018339099680759842, -0.0043328462859967614, -0.006491693202226471], [-0.004332846285996762, 0.0031928407339018375, -0.0002238835128571519], [-0.006491693202226471, -0.00022388351285715176, 0.006926251932506122]], "chi2_level": 0.95, "chi2_df": 3, "chi2_threshold": 7.814727903251179, "N_raw": 31, "N_roi": 31, "N_inlier": 30, "refit": true}
{"timestamp": "17:15:50.629772", "frame": 119, "mu": [1.6499029291024332, 4.295521092898371, 1.3529618514077373], "Sigma": [[0.018803291729866937, -0.0033275865874757473, -0.012734651847056485], [-0.0033275865874757473, 0.0037799419934030345, 0.0008193018418190066], [-0.012734651847056485, 0.0008193018418190066, 0.012211070013233535]], "chi2_level": 0.95, "chi2_df": 3, "chi2_threshold": 7.814727903251179, "N_raw": 33, "N_roi": 33, "N_inlier": 33, "refit": true}
{"timestamp": "17:15:50.683454", "frame": 120, "mu": [1.511629862452539, 4.378351603828482, 0.5728296238905655], "Sigma": [[0.023822726942282445, -0.003337365917583394, -0.002589216802466982], [-0.0033373659175833935, 0.0025067728716150544, 0.001993208615424075], [-0.0025892168024669827, 0.001993208615424075, 0.007983684900881116]], "chi2_level": 0.95, "chi2_df": 3, "chi2_threshold": 7.814727903251179, "N_raw": 32, "N_roi": 32, "N_inlier": 31, "refit": true}
{"timestamp": "17:15:50.737173", "frame": 121, "mu": [1.6298426492808082, 4.422213280069842, 1.2584808612176106], "Sigma": [[0.012519713361403782, -0.00379914829553391, -0.009546525234940557], [-0.00379914829553391, 0.002468182143662557, 0.002333665817119122], [-0.009546525234940557, 0.002333665817119122, 0.012194075485558708]], "chi2_level": 0.95, "chi2_df": 3, "chi2_threshold": 7.814727903251179, "N_raw": 20, "N_roi": 20, "N_inlier": 18, "refit": true}
{"timestamp": "17:15:50.791013", "frame": 122, "mu": [1.5218059661347576, 4.47172754091182, 1.3789940992972898], "Sigma": [[0.02241485466797672, -0.003911627674483229, -0.03546275451903965], [-0.003911627674483228, 0.0010813700246653758, 0.00626357897694825], [-0.03546275451903965, 0.00626357897694825, 0.07111635680387356]], "chi2_level": 0.95, "chi2_df": 3, "chi2_threshold": 7.814727903251179, "N_raw": 12, "N_roi": 11, "N_inlier": 10, "refit": true}
{"timestamp": "17:15:50.844512", "frame": 123, "mu": [1.594748418593459, 4.482585068793297, 1.2149166718604052], "Sigma": [[0.04949104732130965, -0.009133303177171597, -0.09282362834598658], [-0.009133303177171597, 0.0028725445653251767, 0.017879376691426377], [-0.09282362834598658, 0.017879376691426377, 0.17463674249583336]], "chi2_level": 0.95, "chi2_df": 3, "chi2_threshold": 7.814727903251179, "N_raw": 6, "N_roi": 6, "N_inlier": 6, "refit": true}
{"timestamp": "17:15:50.955892", "frame": 125, "mu": [1.529122521360288, 4.612766774172781, 0.73411088240505], "Sigma": [[0.007214848885503585, 0.0012259999709691512, -0.00512028968212218], [0.001225999970969151, 0.0029394286626800974, -0.0009142542058689748], [-0.00512028968212218, -0.0009142542058689746, 0.005863791346944498]], "chi2_level": 0.95, "chi2_df": 3, "chi2_threshold": 7.814727903251179, "N_raw": 12, "N_roi": 12, "N_inlier": 12, "refit": true}
{"timestamp": "17:15:51.065141", "frame": 127, "mu": [1.5289440625106052, 4.695254264996424, 1.4750163405058319], "Sigma": [[0.015530185137491806, -0.005388325527952494, -0.005171600186944961], [-0.005388325527952494, 0.0032653897081159552, -0.0004931724262600426], [-0.005171600186944961, -0.0004931724262600426, 0.00902156562282168]], "chi2_level": 0.95, "chi2_df": 3, "chi2_threshold": 7.814727903251179, "N_raw": 19, "N_roi": 19, "N_inlier": 19, "refit": true}
{"timestamp": "17:15:51.119704", "frame": 128, "mu": [1.5603101967500705, 4.778441015726321, 1.1035872676848135], "Sigma": [[0.00387718596534526, 0.004104652709653331, -0.011025357100576162], [0.004104652709653332, 0.005909256066088873, -0.013556808102674078], [-0.011025357100576162, -0.013556808102674078, 0.04265979035192357]], "chi2_level": 0.95, "chi2_df": 3, "chi2_threshold": 7.814727903251179, "N_raw": 7, "N_roi": 7, "N_inlier": 7, "refit": true}
{"timestamp": "17:15:51.175288", "frame": 129, "mu": [1.6165060433890177, 4.7743103186776645, 1.1678588828483452], "Sigma": [[0.005438146955479623, 0.0015658689949784122, -0.014592932164416062], [0.0015658689949784122, 0.001639955287966153, -0.0011873003777416878], [-0.01459293216441606, -0.0011873003777416874, 0.04845889559325626]], "chi2_level": 0.95, "chi2_df": 3, "chi2_threshold": 7.814727903251179, "N_raw": 5, "N_roi": 5, "N_inlier": 5, "refit": true}
{"timestamp": "17:15:51.230185", "frame": 130, "mu": [1.5653736789127908, 4.792272389798326, 1.1416419149916703], "Sigma": [[0.002497834773503371, 0.0003267299013687919, -0.017179341418402074], [0.00032672990136879183, 0.0008643028519099495, -0.0019287882004969962], [-0.017179341418402074, -0.0019287882004969962, 0.1267287527584705]], "chi2_level": 0.95, "chi2_df": 3, "chi2_threshold": 7.814727903251179, "N_raw": 6, "N_roi": 6, "N_inlier": 5, "refit": true}
