{"timestamp": "16:56:42.138257", "frame": 1, "mu": [0.9555545489945891, 1.654849268380135, 1.020029907735709], "Sigma": [[0.01020118993515527, -0.004479969240721563, -0.0051557776187574015], [-0.004479969240721563, 0.002839064140808113, -0.0016362932513051599], [-0.005155777618757401, -0.00163629325130516, 0.06433978552794521]], "chi2_level": 0.99, "chi2_df": 3, "chi2_threshold": 11.344866730144373, "N_raw": 113, "N_roi": 113, "N_inlier": 109, "refit": true}
{"timestamp": "16:56:42.197227", "frame": 2, "mu": [0.9148002487262769, 1.626878472476461, 1.1207549539619537], "Sigma": [[0.01361227905703344, -0.005067430450213707, -0.01413272416044642], [-0.005067430450213707, 0.0031847744040496163, 0.005442108564388182], [-0.01413272416044642, 0.005442108564388183, 0.06201118117704128]], "chi2_level": 0.99, "chi2_df": 3, "chi2_threshold": 11.344866730144373, "N_raw": 110, "N_roi": 110, "N_inlier": 107, "refit": true}
{"timestamp": "16:56:42.253331", "frame": 3, "mu": [0.8249045967714869, 1.6273981469332675, 1.1044731592383477], "Sigma": [[0.03070438918049776, -0.015788086987151846, 0.013464784629720557], [-0.015788086987151846, 0.01124012987918734, -0.011404925953715634], [0.013464784629720557, -0.011404925953715634, 0.06930288740570406]], "chi2_level": 0.99, "chi2_df": 3, "chi2_threshold": 11.344866730144373, "N_raw": 125, "N_roi": 125, "N_inlier": 124, "refit": true}
{"timestamp": "16:56:42.303323", "frame": 4, "mu": [0.9201754106088994, 1.5456167249832895, -0.5161954710460314], "Sigma": [[0.015353652446111544, -0.004693015549119243, 0.04389648789392688], [-0.004693015549119243, 0.008346873479886852, -0.03234777169849043], [0.043896487893926875, -0.03234777169849043, 0.412161504436722]], "chi2_level": 0.99, "chi2_df": 3, "chi2_threshold": 11.344866730144373, "N_raw": 82, "N_roi": 82, "N_inlier": 81, "refit": true}
{"timestamp": "16:56:42.367325", "frame": 5, "mu": [0.8321104451872059, 1.7176610631835265, -0.6106059429512802], "Sigma": [[0.023915103754353538, -0.011145155900171726, 0.016526858381414482], [-0.011145155900171724, 0.014831510808795806, -0.015329319975128992], [0.016526858381414482, -0.015329319975128992, 0.06219575676157855]], "chi2_level": 0.99, "chi2_df": 3, "chi2_threshold": 11.344866730144373, "N_raw": 146, "N_roi": 146, "N_inlier": 141, "refit": true}
{"timestamp": "16:56:42.419866", "frame": 6, "mu": [0.7154071862490217, 1.592444766324803, 1.1401734327354096], "Sigma": [[0.016751039612425064, -0.01299470399962116, 0.012336958573751399], [-0.01299470399962116, 0.014068797598389299, -0.020688758611561463], [0.012336958573751399, -0.020688758611561463, 0.07021039631164327]], "chi2_level": 0.99, "chi2_df": 3, "chi2_threshold": 11.344866730144373, "N_raw": 123, "N_roi": 123, "N_inlier": 117, "refit": true}
{"timestamp": "16:56:42.474826", "frame": 7, "mu": [0.768832834601448, 1.502307115251158, 1.0688755783683959], "Sigma": [[0.012015445422745174, -0.008079255361824371, 0.008529095465985952], [-0.008079255361824371, 0.009650555855959394, -0.007835504806404698], [0.008529095465985952, -0.007835504806404698, 0.08592906766245051]], "chi2_level": 0.99, "chi2_df": 3, "chi2_threshold": 11.344866730144373, "N_raw": 123, "N_roi": 123, "N_inlier": 117, "refit": true}
{"timestamp": "16:56:42.523482", "frame": 8, "mu": [0.7470335686178304, 1.4803318220269015, 1.3591343677963654], "Sigma": [[0.012186990263105189, -0.004296014131295586, -0.007097653571783045], [-0.004296014131295586, 0.005651382227214177, -0.00023881508386598693], [-0.007097653571783045, -0.00023881508386598704, 0.03347045111305817]], "chi2_level": 0.99, "chi2_df": 3, "chi2_threshold": 11.344866730144373, "N_raw": 92, "N_roi": 92, "N_inlier": 87, "refit": true}
{"timestamp": "16:56:42.575590", "frame": 9, "mu": [0.6769887210074004, 1.4587365904518674, 1.3756613310426216], "Sigma": [[0.00947419368807467, -0.0061432487729505755, -0.014276147292968692], [-0.0061432487729505755, 0.006759844037709805, 0.008150330542783997], [-0.014276147292968692, 0.008150330542783997, 0.06580375403609816]], "chi2_level": 0.99, "chi2_df": 3, "chi2_threshold": 11.344866730144373, "N_raw": 70, "N_roi": 70, "N_inlier": 66, "refit": true}
{"timestamp": "16:56:42.635271", "frame": 10, "mu": [0.630062051213274, 1.5036925806214674, 0.20575774401723865], "Sigma": [[0.007513612749173118, -0.0039398604259114995, 0.04975180552619589], [-0.0039398604259114995, 0.018709920498469222, -0.06579832913133352], [0.04975180552619589, -0.06579832913133352, 0.8211845953646408]], "chi2_level": 0.99, "chi2_df": 3, "chi2_threshold": 11.344866730144373, "N_raw": 103, "N_roi": 103, "N_inlier": 100, "refit": true}
{"timestamp": "16:56:42.688656", "frame": 11, "mu": [0.6068332731715418, 1.433945052565737, 1.4888277295028205], "Sigma": [[0.007474444115788956, -0.0038864287800811433, -0.008864435340280506], [-0.0038864287800811433, 0.01075742475244284, 0.005485722711116789], [-0.008864435340280506, 0.005485722711116789, 0.011311826997387331]], "chi2_level": 0.99, "chi2_df": 3, "chi2_threshold": 11.344866730144373, "N_raw": 86, "N_roi": 86, "N_inlier": 81, "refit": true}
{"timestamp": "16:56:42.742419", "frame": 12, "mu": [0.5483498404413555, 1.4365712832607038, 1.4241497978645774], "Sigma": [[0.005826318620639902, -0.003269800955609679, -0.009058448671850287], [-0.003269800955609679, 0.008865323882684855, 0.005321178589071527], [-0.009058448671850287, 0.005321178589071527, 0.0335703252965746]], "chi2_level": 0.99, "chi2_df": 3, "chi2_threshold": 11.344866730144373, "N_raw": 84, "N_roi": 84, "N_inlier": 79, "refit": true}
{"timestamp": "16:56:42.797404", "frame": 13, "mu": [0.5242125360554707, 1.4474038955787512, 1.4639344830650176], "Sigma": [[0.00581300312196223, -0.0017005552214757265, -0.00598714246926989], [-0.0017005552214757265, 0.009691131216341032, 0.00210275945122356], [-0.005987142469269891, 0.00210275945122356, 0.0068202316195891165]], "chi2_level": 0.99, "chi2_df": 3, "chi2_threshold": 11.344866730144373, "N_raw": 80, "N_roi": 80, "N_inlier": 74, "refit": true}
{"timestamp": "16:56:42.851039", "frame": 14, "mu": [0.445230303202079, 1.4430127218009041, 1.455222163528169], "Sigma": [[0.005746919241701343, -0.0035061754682988045, -0.005497826959745544], [-0.0035061754682988045, 0.008279451399889698, 0.0034050679839032994], [-0.005497826959745544, 0.0034050679839032994, 0.008602412442929513]], "chi2_level": 0.99, "chi2_df": 3, "chi2_threshold": 11.344866730144373, "N_raw": 69, "N_roi": 69, "N_inlier": 65, "refit": true}
{"timestamp": "16:56:42.908229", "frame": 15, "mu": [0.3933072987262683, 1.450464969985496, 1.523091266791222], "Sigma": [[0.006177806168524074, -0.0012379463635059933, -0.005000368187407537], [-0.0012379463635059935, 0.0089898821743078, 0.0014413935213480982], [-0.005000368187407537, 0.0014413935213480982, 0.004876907156242542]], "chi2_level": 0.99, "chi2_df": 3, "chi2_threshold": 11.344866730144373, "N_raw": 85, "N_roi": 85, "N_inlier": 82, "refit": true}
{"timestamp": "16:56:42.962371", "frame": 16, "mu": [0.38783740938794103, 1.4133349015290158, 1.4378238945633839], "Sigma": [[0.004299127282624503, -0.0018790088109762683, -0.006153269690910576], [-0.0018790088109762685, 0.011284042736767098, 0.004402338670244782], [-0.006153269690910576, 0.004402338670244781, 0.009815907219202507]], "chi2_level": 0.99, "chi2_df": 3, "chi2_threshold": 11.344866730144373, "N_raw": 74, "N_roi": 74, "N_inlier": 70, "refit": true}
{"timestamp": "16:56:43.013911", "frame": 17, "mu": [0.290441773733149, 1.5142442208066378, 1.5568931575406408], "Sigma": [[0.005551053421511298, 0.00025180038060726955, -0.003171922674766117], [0.00025180038060726955, 0.003280490801253071, -0.0023511073763773415], [-0.003171922674766117, -0.0023511073763773415, 0.0037832370951643435]], "chi2_level": 0.99, "chi2_df": 3, "chi2_threshold": 11.344866730144373, "N_raw": 66, "N_roi": 66, "N_inlier": 61, "refit": true}
{"timestamp": "16:56:43.069651", "frame": 18, "mu": [0.2677934084260162, 1.4852124284132333, 1.5594020582693968], "Sigma": [[0.004317832721045825, 0.00025744208308510876, -0.0032752526297322028], [0.0002574420830851087, 0.006026532668772909, -0.002581904298846744], [-0.0032752526297322028, -0.002581904298846744, 0.003906523880804556]], "chi2_level": 0.99, "chi2_df": 3, "chi2_threshold": 11.344866730144373, "N_raw": 71, "N_roi": 71, "N_inlier": 69, "refit": true}
{"timestamp": "16:56:43.131595", "frame": 19, "mu": [0.1815175284281629, 1.464562991888295, 1.3367121906432815], "Sigma": [[0.00658931741162713, -0.004081726274008201, 0.01570442549553846], [-0.004081726274008201, 0.010978576594904884, -0.017282719787159125], [0.01570442549553846, -0.017282719787159125, 0.13642420620134757]], "chi2_level": 0.99, "chi2_df": 3, "chi2_threshold": 11.344866730144373, "N_raw": 118, "N_roi": 118, "N_inlier": 115, "refit": true}
{"timestamp": "16:56:43.183674", "frame": 20, "mu": [0.157087406976041, 1.5121449376975584, -0.1992700950151506], "Sigma": [[0.004101774432982099, 0.00046356282653704464, 0.0034372456603866484], [0.0004635628265370446, 0.005964207637008818, -0.00016227192274994554], [0.0034372456603866484, -0.00016227192274994565, 0.08027026824522343]], "chi2_level": 0.99, "chi2_df": 3, "chi2_threshold": 11.344866730144373, "N_raw": 90, "N_roi": 88, "N_inlier": 83, "refit": true}
{"timestamp": "16:56:43.244014", "frame": 21, "mu": [0.020427912105298415, 1.4820732415486437, 1.309928427573986], "Sigma": [[0.02217413001438845, -0.00874747484983176, 0.04956024339926718], [-0.00874747484983176, 0.011191972968069822, -0.016956620255998603], [0.04956024339926718, -0.016956620255998606, 0.17126905968214398]], "chi2_level": 0.99, "chi2_df": 3, "chi2_threshold": 11.344866730144373, "N_raw": 132, "N_roi": 128, "N_inlier": 125, "refit": true}
{"timestamp": "16:56:43.295658", "frame": 22, "mu": [-0.0011562729326987631, 1.4046439106186135, 1.195825834304996], "Sigma": [[0.008464776082052402, 0.004965254950289057, 0.04002764584431684], [0.004965254950289057, 0.014006591057559916, 0.06023924919064857], [0.04002764584431684, 0.06023924919064857, 0.45177148601612244]], "chi2_level": 0.99, "chi2_df": 3, "chi2_threshold": 11.344866730144373, "N_raw": 108, "N_roi": 108, "N_inlier": 107, "refit": true}
{"timestamp": "16:56:43.344804", "frame": 23, "mu": [-0.027551856922316965, 1.437623230237757, 1.5592298681992793], "Sigma": [[0.007137907285061822, -0.003648688257739922, 0.004482030971312323], [-0.003648688257739921, 0.007997877212589218, -0.0007852540032575523], [0.004482030971312324, -0.0007852540032575523, 0.027537560604216804]], "chi2_level": 0.99, "chi2_df": 3, "chi2_threshold": 11.344866730144373, "N_raw": 65, "N_roi": 65, "N_inlier": 62, "refit": true}
{"timestamp": "16:56:43.403484", "frame": 24, "mu": [-0.0778699072726385, 1.4332257509932043, 1.2494532550391144], "Sigma": [[0.01851926800805474, -0.004962159321442711, 0.04410915628675151], [-0.004962159321442711, 0.011122044155074355, 0.0014064933184239747], [0.04410915628675151, 0.0014064933184239747, 0.2315469969433099]], "chi2_level": 0.99, "chi2_df": 3, "chi2_threshold": 11.344866730144373, "N_raw": 96, "N_roi": 96, "N_inlier": 96, "refit": true}
{"timestamp": "16:56:43.455150", "frame": 25, "mu": [-0.09255289418018982, 1.358149504193472, 1.47572704237837], "Sigma": [[0.0038516212513395602, -0.0007327524244653282, -0.0017011390381395613], [-0.0007327524244653282, 0.012690113073453767, 0.005793116347788096], [-0.0017011390381395613, 0.005793116347788096, 0.0034749272145430552]], "chi2_level": 0.99, "chi2_df": 3, "chi2_threshold": 11.344866730144373, "N_raw": 73, "N_roi": 72, "N_inlier": 70, "refit": true}
{"timestamp": "16:56:43.510824", "frame": 26, "mu": [-0.16720870330043372, 1.4381548329190157, -0.3318697465777847], "Sigma": [[0.004196451570630037, 0.0030533183641828204, -0.0007566836174082102], [0.0030533183641828204, 0.0263022898011145, -0.02510280160348622], [-0.0007566836174082102, -0.025102801603486217, 0.07543780364441798]], "chi2_level": 0.99, "chi2_df": 3, "chi2_threshold": 11.344866730144373, "N_raw": 77, "N_roi": 77, "N_inlier": 74, "refit": true}
{"timestamp": "16:56:43.570647", "frame": 27, "mu": [-0.26280719469307284, 1.3079611695309399, 0.9982751766700316], "Sigma": [[0.004398931340799774, 0.0006743866712496491, 0.010538553133921491], [0.0006743866712496489, 0.014815939370986077, 0.028525345165082053], [0.010538553133921491, 0.02852534516508205, 0.48346302125004087]], "chi2_level": 0.99, "chi2_df": 3, "chi2_threshold": 11.344866730144373, "N_raw": 113, "N_roi": 113, "N_inlier": 113, "refit": true}
{"timestamp": "16:56:43.624097", "frame": 28, "mu": [-0.29384537968512114, 1.389052542298618, 1.2787358611371633], "Sigma": [[0.004783379905670293, 0.002633835401103364, 0.003818224198131923], [0.002633835401103364, 0.014005330790201055, 0.006078904667857236], [0.003818224198131923, 0.006078904667857236, 0.2177198932598033]], "chi2_level": 0.99, "chi2_df": 3, "chi2_threshold": 11.344866730144373, "N_raw": 101, "N_roi": 101, "N_inlier": 99, "refit": true}
{"timestamp": "16:56:43.678693", "frame": 29, "mu": [-0.40231618669898095, 1.3404401021115127, -0.2515886560188414], "Sigma": [[0.004827649919596109, 0.000828420553079901, 0.0268709871606869], [0.0008284205530799012, 0.01443129566268885, 0.027127392088977652], [0.0268709871606869, 0.02712739208897765, 0.5041114099024352]], "chi2_level": 0.99, "chi2_df": 3, "chi2_threshold": 11.344866730144373, "N_raw": 91, "N_roi": 89, "N_inlier": 88, "refit": true}
{"timestamp": "16:56:43.739413", "frame": 30, "mu": [-0.4304855961388491, 1.43979952031908, 0.48992018702193135], "Sigma": [[0.009017503839997195, 0.0020924581162671233, 0.06360840686700839], [0.002092458116267123, 0.01416376878606537, 0.043996807671835954], [0.06360840686700839, 0.04399680767183596, 0.7433001731944827]], "chi2_level": 0.99, "chi2_df": 3, "chi2_threshold": 11.344866730144373, "N_raw": 133, "N_roi": 130, "N_inlier": 130, "refit": true}
{"timestamp": "16:56:43.797676", "frame": 31, "mu": [-0.45826611169933873, 1.4704143009515045, 1.487352665665448], "Sigma": [[0.010465666231681705, 0.0041518949092321355, -0.0020088228742528615], [0.004151894909232135, 0.012853005595856186, 0.004493045081356041], [-0.0020088228742528615, 0.004493045081356041, 0.04399214057991599]], "chi2_level": 0.99, "chi2_df": 3, "chi2_threshold": 11.344866730144373, "N_raw": 150, "N_roi": 150, "N_inlier": 146, "refit": true}
{"timestamp": "16:56:43.845983", "frame": 32, "mu": [-0.5119651100092992, 1.4316401875902418, 1.3576294271444864], "Sigma": [[0.00814259043258995, 6.235676745225719e-06, -0.011974084014949978], [6.235676745225746e-06, 0.006619617010127578, 0.011621123748816454], [-0.011974084014949978, 0.011621123748816456, 0.11233119873537022]], "chi2_level": 0.99, "chi2_df": 3, "chi2_threshold": 11.344866730144373, "N_raw": 106, "N_roi": 104, "N_inlier": 100, "refit": true}
{"timestamp": "16:56:43.902942", "frame": 33, "mu": [-0.5266775929252172, 1.4863288245539685, 0.12385985925499905], "Sigma": [[0.00679391585776831, 0.001451588363355349, 0.04958708568359922], [0.001451588363355349, 0.011493522001301765, 0.03605421406909252], [0.04958708568359922, 0.03605421406909251, 0.7837265973098754]], "chi2_level": 0.99, "chi2_df": 3, "chi2_threshold": 11.344866730144373, "N_raw": 119, "N_roi": 119, "N_inlier": 119, "refit": true}
{"timestamp": "16:56:43.956910", "frame": 34, "mu": [-0.54524559374229, 1.5209241528220765, -0.05377278838403171], "Sigma": [[0.007180260371674087, -0.0008405062622791653, 0.050101141952245805], [-0.0008405062622791652, 0.0051370168386647925, 0.005891975008965089], [0.050101141952245805, 0.005891975008965088, 0.7068802356695276]], "chi2_level": 0.99, "chi2_df": 3, "chi2_threshold": 11.344866730144373, "N_raw": 109, "N_roi": 109, "N_inlier": 108, "refit": true}
{"timestamp": "16:56:44.014313", "frame": 35, "mu": [-0.637637241886388, 1.6162400376993937, 1.0336326090245405], "Sigma": [[0.01679058061526521, -0.0032623002383961493, 0.06194670355339553], [-0.0032623002383961497, 0.008738283325667744, -0.03075610449996586], [0.06194670355339553, -0.03075610449996586, 0.39795773618433666]], "chi2_level": 0.99, "chi2_df": 3, "chi2_threshold": 11.344866730144373, "N_raw": 128, "N_roi": 128, "N_inlier": 123, "refit": true}
{"timestamp": "16:56:44.062939", "frame": 36, "mu": [-0.5891596967117968, 1.6347718996736302, 1.5222829455359475], "Sigma": [[0.006324767913681708, 0.002206947510391156, -0.0005451326249065353], [0.002206947510391156, 0.010302036263740913, -0.0020022244774058036], [-0.0005451326249065353, -0.002002224477405804, 0.0030019964376329484]], "chi2_level": 0.99, "chi2_df": 3, "chi2_threshold": 11.344866730144373, "N_raw": 84, "N_roi": 84, "N_inlier": 79, "refit": true}
{"timestamp": "16:56:44.120815", "frame": 37, "mu": [-0.6393241937465023, 1.6183662504905691, 1.2219881679787605], "Sigma": [[0.006365565858802391, 0.0011974063192651072, 0.005069108235941264], [0.001197406319265107, 0.006252719852228528, 0.004226151318165476], [0.005069108235941263, 0.004226151318165477, 0.14632586927501537]], "chi2_level": 0.99, "chi2_df": 3, "chi2_threshold": 11.344866730144373, "N_raw": 106, "N_roi": 106, "N_inlier": 104, "refit": true}
{"timestamp": "16:56:44.179090", "frame": 38, "mu": [-0.6993610876996306, 1.6823397115718013, 1.0273946517404224], "Sigma": [[0.011794104446342773, 0.0025281347897658647, 0.02413016255284517], [0.0025281347897658647, 0.006152891202676044, 0.019450923346115638], [0.02413016255284517, 0.019450923346115638, 0.2641761388308083]], "chi2_level": 0.99, "chi2_df": 3, "chi2_threshold": 11.344866730144373, "N_raw": 120, "N_roi": 120, "N_inlier": 117, "refit": true}
{"timestamp": "16:56:44.237072", "frame": 39, "mu": [-0.7207938615056086, 1.7617006543211355, 1.142974367686368], "Sigma": [[0.015491383755537191, 0.0014435645935534478, 0.01775714303459513], [0.0014435645935534478, 0.006975587555590557, -0.016531895714404277], [0.017757143034595132, -0.016531895714404277, 0.18918209524589336]], "chi2_level": 0.99, "chi2_df": 3, "chi2_threshold": 11.344866730144373, "N_raw": 137, "N_roi": 137, "N_inlier": 132, "refit": true}
{"timestamp": "16:56:44.289375", "frame": 40, "mu": [-0.7210843891903533, 1.9825204019012697, -0.35686210346335406], "Sigma": [[0.020410513849941747, -0.01034284780737016, 0.03556415231653447], [-0.010342847807370163, 0.023177675064067198, -0.062283059705392246], [0.03556415231653447, -0.062283059705392246, 0.18774370959781458]], "chi2_level": 0.99, "chi2_df": 3, "chi2_threshold": 11.344866730144373, "N_raw": 127, "N_roi": 127, "N_inlier": 125, "refit": true}
{"timestamp": "16:56:44.343784", "frame": 41, "mu": [-0.7440999538628131, 1.7999871359137642, 0.12246920384222622], "Sigma": [[0.013554940215698754, 0.002562407671137805, 0.08433892056840339], [0.002562407671137806, 0.0059961146089073155, 0.02977608374017883], [0.08433892056840339, 0.02977608374017883, 0.8434851053528863]], "chi2_level": 0.99, "chi2_df": 3, "chi2_threshold": 11.344866730144373, "N_raw": 126, "N_roi": 126, "N_inlier": 124, "refit": true}
{"timestamp": "16:56:44.394701", "frame": 42, "mu": [-0.781611376311032, 1.9254533829319354, 0.23680164374903542], "Sigma": [[0.009919398025364732, -0.0008497159147964497, 0.040207694077445705], [-0.0008497159147964498, 0.008730087804041787, -0.0004401177661295624], [0.040207694077445705, -0.00044011776612956155, 0.36592914087804157]], "chi2_level": 0.99, "chi2_df": 3, "chi2_threshold": 11.344866730144373, "N_raw": 95, "N_roi": 95, "N_inlier": 94, "refit": true}
{"timestamp": "16:56:44.450817", "frame": 43, "mu": [-0.7585207342862028, 1.85240600605638, 1.0872517599272025], "Sigma": [[0.0192422352699273, -0.006324008591326926, -0.07010213655485198], [-0.006324008591326926, 0.007873050969456685, 0.03725917562632708], [-0.070102136554852, 0.03725917562632708, 0.4223141359378281]], "chi2_level": 0.99, "chi2_df": 3, "chi2_threshold": 11.344866730144373, "N_raw": 106, "N_roi": 106, "N_inlier": 103, "refit": true}
{"timestamp": "16:56:44.503451", "frame": 44, "mu": [-0.7649684761040796, 1.9388879182735494, 0.9714409214577717], "Sigma": [[0.010372991737592227, 0.0026464841497298337, 0.004298831614502369], [0.002646484149729834, 0.029601636968215276, 0.08577514337863221], [0.004298831614502367, 0.08577514337863221, 0.3633511407908144]], "chi2_level": 0.99, "chi2_df": 3, "chi2_threshold": 11.344866730144373, "N_raw": 91, "N_roi": 91, "N_inlier": 87, "refit": true}
{"timestamp": "16:56:44.558343", "frame": 45, "mu": [-0.8317181690480843, 2.054412512340208, 1.3856744094176447], "Sigma": [[0.008588755081945081, 0.0007807826976901134, -0.005143495500258344], [0.0007807826976901134, 0.003964740024910298, -0.00976377909995704], [-0.005143495500258344, -0.00976377909995704, 0.04484461049977703]], "chi2_level": 0.99, "chi2_df": 3, "chi2_threshold": 11.344866730144373, "N_raw": 87, "N_roi": 87, "N_inlier": 81, "refit": true}
{"timestamp": "16:56:44.608339", "frame": 46, "mu": [-0.7663151499271694, 2.066224803972591, 1.2514250986648299], "Sigma": [[0.007339349061276476, -0.001458494169993046, -0.012399427716662133], [-0.0014584941699930466, 0.0038064500929242606, 0.012861323731528946], [-0.012399427716662133, 0.012861323731528946, 0.25367277186082515]], "chi2_level": 0.99, "chi2_df": 3, "chi2_threshold": 11.344866730144373, "N_raw": 56, "N_roi": 56, "N_inlier": 53, "refit": true}
{"timestamp": "16:56:44.666660", "frame": 47, "mu": [-0.7911438606486343, 2.149265271170788, 1.460253223534596], "Sigma": [[0.00887201812448546, 0.0006058700715081922, -0.011064323113914849], [0.000605870071508192, 0.007068788347949912, -0.009037680045887588], [-0.011064323113914847, -0.009037680045887586, 0.029438933459809982]], "chi2_level": 0.99, "chi2_df": 3, "chi2_threshold": 11.344866730144373, "N_raw": 84, "N_roi": 84, "N_inlier": 80, "refit": true}
{"timestamp": "16:56:44.720660", "frame": 48, "mu": [-0.797548116794798, 2.1787345455576768, -0.7382838402903992], "Sigma": [[0.010382365252099545, -0.003916860133701669, 0.010153880490646498], [-0.003916860133701669, 0.0073217292681146025, -0.019484500031610112], [0.010153880490646498, -0.01948450003161011, 0.15905014756496402]], "chi2_level": 0.99, "chi2_df": 3, "chi2_threshold": 11.344866730144373, "N_raw": 73, "N_roi": 73, "N_inlier": 68, "refit": true}
{"timestamp": "16:56:44.779406", "frame": 49, "mu": [-0.8854100110983514, 2.306845716012544, -0.21826851649924062], "Sigma": [[0.009979211780143181, -0.005308615571894586, 0.05115954681633117], [-0.005308615571894586, 0.020419282468945116, -0.04594006064768868], [0.05115954681633117, -0.04594006064768867, 0.44608525475914457]], "chi2_level": 0.99, "chi2_df": 3, "chi2_threshold": 11.344866730144373, "N_raw": 106, "N_roi": 106, "N_inlier": 106, "refit": true}
{"timestamp": "16:56:44.838240", "frame": 50, "mu": [-0.857090615826814, 2.263212868659722, 1.1078216973140131], "Sigma": [[0.016509877075641534, -0.003806295122954198, 0.007300133536991295], [-0.0038062951229541975, 0.009253226276685728, -9.360307105290167e-05], [0.0073001335369912955, -9.36030710529021e-05, 0.28357924941666784]], "chi2_level": 0.99, "chi2_df": 3, "chi2_threshold": 11.344866730144373, "N_raw": 122, "N_roi": 122, "N_inlier": 121, "refit": true}
{"timestamp": "16:56:44.879531", "frame": 51, "mu": [-0.8706145905629022, 2.3836773814230847, 0.2839078303331619], "Sigma": [[0.00793186068036382, -0.0019115314071540199, 0.02035935562774281], [-0.00191153140715402, 0.005274402424573232, -0.02539664431657249], [0.02035935562774281, -0.02539664431657249, 0.36560966771861875]], "chi2_level": 0.99, "chi2_df": 3, "chi2_threshold": 11.344866730144373, "N_raw": 26, "N_roi": 26, "N_inlier": 25, "refit": true}
{"timestamp": "16:56:44.942266", "frame": 52, "mu": [-0.9229315305355402, 2.3815668528648546, 0.902728463086656], "Sigma": [[0.018943333591661456, -0.00305279234810189, 0.02246587161114308], [-0.0030527923481018897, 0.0030421192066970655, -0.017953313367847452], [0.02246587161114308, -0.017953313367847452, 0.3309813783009536]], "chi2_level": 0.99, "chi2_df": 3, "chi2_threshold": 11.344866730144373, "N_raw": 88, "N_roi": 88, "N_inlier": 87, "refit": true}
{"timestamp": "16:56:44.997396", "frame": 53, "mu": [-0.9385367335986886, 2.418330779946679, 0.9874791116383694], "Sigma": [[0.011002714487215863, 0.0026270097848655714, 0.013428527742713763], [0.002627009784865571, 0.004685903312284047, 0.020765010868371465], [0.013428527742713763, 0.02076501086837147, 0.15889533075246146]], "chi2_level": 0.99, "chi2_df": 3, "chi2_threshold": 11.344866730144373, "N_raw": 81, "N_roi": 80, "N_inlier": 77, "refit": true}
{"timestamp": "16:56:45.050965", "frame": 54, "mu": [-0.860664405544625, 2.4699791577075576, 1.1518701024461795], "Sigma": [[0.01159428509388902, 0.004538955420253868, 0.014454482789075799], [0.004538955420253867, 0.004679724223211531, 0.0066144540861460405], [0.014454482789075799, 0.0066144540861460405, 0.12190307742726726]], "chi2_level": 0.99, "chi2_df": 3, "chi2_threshold": 11.344866730144373, "N_raw": 80, "N_roi": 80, "N_inlier": 78, "refit": true}
{"timestamp": "16:56:45.105651", "frame": 55, "mu": [-0.9162114993473329, 2.4759182240667164, 1.02892263258214], "Sigma": [[0.027393409298570086, 0.0045104016997078635, 0.05377109345749238], [0.0045104016997078635, 0.005532940618507869, 0.012998364884044163], [0.05377109345749238, 0.012998364884044163, 0.17374547436640353]], "chi2_level": 0.99, "chi2_df": 3, "chi2_threshold": 11.344866730144373, "N_raw": 77, "N_roi": 77, "N_inlier": 73, "refit": true}
{"timestamp": "16:56:45.164043", "frame": 56, "mu": [-0.924351377695668, 2.5437324268466077, -0.2946240902288372], "Sigma": [[0.02620182270490448, 0.007505530027428701, 0.15484988351109358], [0.007505530027428701, 0.0048072022176915445, 0.047381418336139444], [0.15484988351109358, 0.047381418336139444, 1.238472569714611]], "chi2_level": 0.99, "chi2_df": 3, "chi2_threshold": 11.344866730144373, "N_raw": 101, "N_roi": 101, "N_inlier": 101, "refit": true}
{"timestamp": "16:56:45.217545", "frame": 57, "mu": [-0.8038053044707052, 2.606463933623271, 1.02425829816215], "Sigma": [[0.010887603797482496, -0.0009071214374442817, -0.011095731255510556], [-0.0009071214374442817, 0.00302657813678376, -0.01052866173696025], [-0.011095731255510556, -0.010528661736960251, 0.4903557388405376]], "chi2_level": 0.99, "chi2_df": 3, "chi2_threshold": 11.344866730144373, "N_raw": 86, "N_roi": 86, "N_inlier": 84, "refit": true}
{"timestamp": "16:56:45.272885", "frame": 58, "mu": [-0.9144624122724992, 2.6812574226542374, 0.7186156654924472], "Sigma": [[0.033137940759046074, -0.00032469596528541454, 0.027513600926535615], [-0.00032469596528541443, 0.0018947896168667589, -0.01017722967536495], [0.027513600926535615, -0.010177229675364951, 0.20172508388397128]], "chi2_level": 0.99, "chi2_df": 3, "chi2_threshold": 11.344866730144373, "N_raw": 92, "N_roi": 92, "N_inlier": 91, "refit": true}
{"timestamp": "16:56:45.327338", "frame": 59, "mu": [-0.7797138784968188, 2.6965587516492775, 1.0831237680050372], "Sigma": [[0.0261867538950622, -0.0074878095758482005, 0.035401730940437165], [-0.0074878095758482005, 0.005215614455314604, -0.02365509979531537], [0.035401730940437165, -0.02365509979531537, 0.15925574230621006]], "chi2_level": 0.99, "chi2_df": 3, "chi2_threshold": 11.344866730144373, "N_raw": 86, "N_roi": 86, "N_inlier": 84, "refit": true}
{"timestamp": "16:56:45.385079", "frame": 60, "mu": [-0.6954281140743481, 2.7078982537986693, 1.0012863636666256], "Sigma": [[0.014265092260717654, -0.002712788773761433, -0.006288399061738361], [-0.002712788773761433, 0.005211565423581328, -0.023595770914797618], [-0.00628839906173836, -0.023595770914797618, 0.34196897137589105]], "chi2_level": 0.99, "chi2_df": 3, "chi2_threshold": 11.344866730144373, "N_raw": 104, "N_roi": 104, "N_inlier": 104, "refit": true}
{"timestamp": "16:56:45.435829", "frame": 61, "mu": [-0.6918402065281756, 2.7603786284960807, -0.4333731422632297], "Sigma": [[0.014262308220859788, 0.0032408505031232366, 0.033505865554037464], [0.0032408505031232375, 0.007161122920205243, 0.010056199103148467], [0.033505865554037464, 0.010056199103148466, 0.1425289600572326]], "chi2_level": 0.99, "chi2_df": 3, "chi2_threshold": 11.344866730144373, "N_raw": 74, "N_roi": 74, "N_inlier": 70, "refit": true}
{"timestamp": "16:56:45.492687", "frame": 62, "mu": [-0.6823514928458126, 2.8416067461028405, 0.23372129963234803], "Sigma": [[0.014532454970825058, -0.004685047667438755, 0.03128377446104079], [-0.004685047667438755, 0.011428225555586978, -0.03476130948407907], [0.031283774461040796, -0.03476130948407907, 0.24771519636730283]], "chi2_level": 0.99, "chi2_df": 3, "chi2_threshold": 11.344866730144373, "N_raw": 85, "N_roi": 85, "N_inlier": 83, "refit": true}
{"timestamp": "16:56:45.548861", "frame": 63, "mu": [-0.6965172772361006, 2.820299701598456, 1.1688040774139603], "Sigma": [[0.013111809176362642, -0.00018370015797568732, -0.00165259747492121], [-0.0001837001579756874, 0.004990597535535002, 0.006405396292298223], [-0.0016525974749212117, 0.006405396292298221, 0.21381906971192757]], "chi2_level": 0.99, "chi2_df": 3, "chi2_threshold": 11.344866730144373, "N_raw": 91, "N_roi": 91, "N_inlier": 87, "refit": true}
{"timestamp": "16:56:45.602152", "frame": 64, "mu": [-0.6463941944680494, 2.859148162548748, 1.1677803354276655], "Sigma": [[0.013222747376257638, -0.00133530803209694, 0.01351888823602104], [-0.00133530803209694, 0.004308736512080075, -0.010578953155597209], [0.013518888236021041, -0.01057895315559721, 0.10301891460477058]], "chi2_level": 0.99, "chi2_df": 3, "chi2_threshold": 11.344866730144373, "N_raw": 75, "N_roi": 75, "N_inlier": 71, "refit": true}
{"timestamp": "16:56:45.659782", "frame": 65, "mu": [-0.6363953479990889, 2.914528370502226, 1.052094646149103], "Sigma": [[0.015179022286164492, -0.002035974123515358, -0.010510670528385963], [-0.002035974123515358, 0.0058730859073133565, -0.01582411461054007], [-0.010510670528385963, -0.01582411461054007, 0.3235242876298086]], "chi2_level": 0.99, "chi2_df": 3, "chi2_threshold": 11.344866730144373, "N_raw": 96, "N_roi": 95, "N_inlier": 93, "refit": true}
{"timestamp": "16:56:45.710383", "frame": 66, "mu": [-0.6435045633860141, 2.9992217329476434, 0.7723898832656021], "Sigma": [[0.0134197026469253, -0.002317121172839356, 0.022578485400415904], [-0.0023171211728393562, 0.0030771507407892206, -0.013643019172924844], [0.022578485400415904, -0.013643019172924844, 0.267568335305379]], "chi2_level": 0.99, "chi2_df": 3, "chi2_threshold": 11.344866730144373, "N_raw": 69, "N_roi": 67, "N_inlier": 66, "refit": true}
{"timestamp": "16:56:45.770837", "frame": 67, "mu": [-0.5870305595434744, 3.119129750011809, -0.2569159072030371], "Sigma": [[0.015464676234325885, -0.0013756179038770934, 0.016940563519346363], [-0.0013756179038770927, 0.031575596659941654, -0.07037096495778035], [0.016940563519346363, -0.07037096495778036, 0.24681227343524695]], "chi2_level": 0.99, "chi2_df": 3, "chi2_threshold": 11.344866730144373, "N_raw": 100, "N_roi": 97, "N_inlier": 94, "refit": true}
{"timestamp": "16:56:45.822319", "frame": 68, "mu": [-0.6272224874893306, 3.0140808295356742, 0.7487406698255077], "Sigma": [[0.015774315256467948, 0.002375002139089078, 0.01952045438570891], [0.002375002139089078, 0.004438591565771943, -0.006615258703737118], [0.019520454385708916, -0.006615258703737118, 0.27151369838129774]], "chi2_level": 0.99, "chi2_df": 3, "chi2_threshold": 11.344866730144373, "N_raw": 82, "N_roi": 79, "N_inlier": 79, "refit": true}
{"timestamp": "16:56:45.881060", "frame": 69, "mu": [-0.5171576185114869, 3.053030907346029, 0.9248543429827517], "Sigma": [[0.017902870661347214, 0.0012416447093317688, -0.0029246926414511713], [0.0012416447093317688, 0.005874169672773723, -0.02024255369744825], [-0.0029246926414511713, -0.02024255369744825, 0.2812998172209628]], "chi2_level": 0.99, "chi2_df": 3, "chi2_threshold": 11.344866730144373, "N_raw": 106, "N_roi": 103, "N_inlier": 102, "refit": true}
{"timestamp": "16:56:45.929144", "frame": 70, "mu": [-0.4892599641463442, 3.014882297626909, 1.374129212761129], "Sigma": [[0.016407003325632, 0.0029616967134899006, -0.005335046042510657], [0.0029616967134899006, 0.006615587986365481, 0.0006137073312667675], [-0.005335046042510657, 0.0006137073312667674, 0.0033516205960557547]], "chi2_level": 0.99, "chi2_df": 3, "chi2_threshold": 11.344866730144373, "N_raw": 56, "N_roi": 55, "N_inlier": 52, "refit": true}
{"timestamp": "16:56:45.985543", "frame": 71, "mu": [-0.4987972037093522, 3.0465262618393605, 0.9692388923955453], "Sigma": [[0.01379988323635724, 0.0008594673948740434, -0.007729859328420188], [0.0008594673948740434, 0.006155078864047938, -0.020366110625931855], [-0.007729859328420189, -0.020366110625931858, 0.43360521378543704]], "chi2_level": 0.99, "chi2_df": 3, "chi2_threshold": 11.344866730144373, "N_raw": 74, "N_roi": 74, "N_inlier": 73, "refit": true}
{"timestamp": "16:56:46.037722", "frame": 72, "mu": [-0.49633705006108025, 2.994251815579565, 1.2771905310797091], "Sigma": [[0.015885161201434718, 0.00029273919675257374, -0.012213055889947663], [0.00029273919675257374, 0.0049443431739645645, -0.003888148923474989], [-0.012213055889947663, -0.003888148923474989, 0.04085175191365318]], "chi2_level": 0.99, "chi2_df": 3, "chi2_threshold": 11.344866730144373, "N_raw": 51, "N_roi": 50, "N_inlier": 47, "refit": true}
{"timestamp": "16:56:46.098333", "frame": 73, "mu": [-0.39578433329493223, 3.0601395935145628, 1.0792167533149633], "Sigma": [[0.015186278148541723, -0.0012918687748293871, -0.01205330988825079], [-0.0012918687748293871, 0.005396316999716352, -0.0023294764965090453], [-0.01205330988825079, -0.002329476496509045, 0.014642143575779169]], "chi2_level": 0.99, "chi2_df": 3, "chi2_threshold": 11.344866730144373, "N_raw": 65, "N_roi": 62, "N_inlier": 58, "refit": true}
{"timestamp": "16:56:46.145466", "frame": 74, "mu": [-0.4422188568894432, 3.022410256588425, 0.9327483338195945], "Sigma": [[0.009866385015455911, 0.0013107643992386017, -0.002522467496506248], [0.0013107643992386014, 0.006177815708397572, -0.028839403936550753], [-0.002522467496506248, -0.028839403936550753, 0.2389363420344897]], "chi2_level": 0.99, "chi2_df": 3, "chi2_threshold": 11.344866730144373, "N_raw": 40, "N_roi": 37, "N_inlier": 36, "refit": true}
{"timestamp": "16:56:46.203794", "frame": 75, "mu": [-0.3410956422470923, 3.0785608484163993, 1.0911436491386726], "Sigma": [[0.015096859516006055, 0.0009304077214284425, -0.010215204435493447], [0.0009304077214284425, 0.00562531092383558, -0.008498379383673428], [-0.010215204435493449, -0.008498379383673428, 0.07529651370284063]], "chi2_level": 0.99, "chi2_df": 3, "chi2_threshold": 11.344866730144373, "N_raw": 66, "N_roi": 66, "N_inlier": 63, "refit": true}
{"timestamp": "16:56:46.260082", "frame": 76, "mu": [-0.2620716648710921, 3.2850248744174, -0.3942826561641751], "Sigma": [[0.017173457317883868, 0.01057690927382552, 0.0026564101724983057], [0.01057690927382552, 0.04942718146310229, -0.09584526276282652], [0.0026564101724983044, -0.09584526276282652, 0.3228242611483119]], "chi2_level": 0.99, "chi2_df": 3, "chi2_threshold": 11.344866730144373, "N_raw": 72, "N_roi": 72, "N_inlier": 72, "refit": true}
{"timestamp": "16:56:46.317608", "frame": 77, "mu": [-0.22205480631936053, 3.1391402267980437, 0.9615323881074082], "Sigma": [[0.014043996368307337, -0.003325250683334867, 0.009299045121933608], [-0.0033252506833348675, 0.012550724520015539, -0.03847283191115416], [0.009299045121933608, -0.03847283191115416, 0.12789933204932005]], "chi2_level": 0.99, "chi2_df": 3, "chi2_threshold": 11.344866730144373, "N_raw": 82, "N_roi": 81, "N_inlier": 79, "refit": true}
{"timestamp": "16:56:46.371487", "frame": 78, "mu": [-0.14908882122195205, 3.2346226765390544, 0.0816604289426669], "Sigma": [[0.012168577998344737, -0.005605099262520844, 0.023746420127422257], [-0.005605099262520842, 0.05124286742717894, -0.11053149484421337], [0.023746420127422257, -0.1105314948442134, 0.32240153868894483]], "chi2_level": 0.99, "chi2_df": 3, "chi2_threshold": 11.344866730144373, "N_raw": 79, "N_roi": 79, "N_inlier": 77, "refit": true}
{"timestamp": "16:56:46.422382", "frame": 79, "mu": [-0.12004927596261167, 3.1169597058244127, 1.3245500196176243], "Sigma": [[0.015620976229388643, -0.0006896870903550706, -0.0021370985904584465], [-0.0006896870903550706, 0.0017644912155699145, -0.005415543609140656], [-0.0021370985904584465, -0.005415543609140656, 0.022025927045226944]], "chi2_level": 0.99, "chi2_df": 3, "chi2_threshold": 11.344866730144373, "N_raw": 56, "N_roi": 56, "N_inlier": 55, "refit": true}
{"timestamp": "16:56:46.597173", "frame": 80, "mu": [-0.07655733043337129, 3.024098068538386, 1.458873172616176], "Sigma": [[0.006842931845235096, 0.00038464925082131335, -0.0002151499755762684], [0.0003846492508213133, 0.0031203555806884895, 0.00133337720096441], [-0.00021514997557626851, 0.00133337720096441, 0.0019681175323925473]], "chi2_level": 0.99, "chi2_df": 3, "chi2_threshold": 11.344866730144373, "N_raw": 24, "N_roi": 24, "N_inlier": 23, "refit": true}
{"timestamp": "16:56:46.624772", "frame": 81, "mu": [-0.043987123509433644, 3.014146095350829, 1.371710444921428], "Sigma": [[0.0057424001222982045, 0.00087237367513372, -0.0002542851010237285], [0.00087237367513372, 0.002282795113706648, -0.002528493273444786], [-0.0002542851010237283, -0.0025284932734447865, 0.013045136705124404]], "chi2_level": 0.99, "chi2_df": 3, "chi2_threshold": 11.344866730144373, "N_raw": 28, "N_roi": 25, "N_inlier": 22, "refit": true}
{"timestamp": "16:56:46.657425", "frame": 82, "mu": [-0.01759489901820022, 3.101616852809318, 1.1215912017081957], "Sigma": [[0.009880219513620826, 0.0005391235219446625, -0.0011238998379589594], [0.0005391235219446625, 0.001099556276023069, -0.004167441908958324], [-0.0011238998379589603, -0.004167441908958324, 0.07416882791472454]], "chi2_level": 0.99, "chi2_df": 3, "chi2_threshold": 11.344866730144373, "N_raw": 42, "N_roi": 39, "N_inlier": 35, "refit": true}
{"timestamp": "16:56:46.688177", "frame": 83, "mu": [0.06904137570045561, 2.769468913864187, 0.5919275872359433], "Sigma": [[0.001520293639474659, -0.012466295106139292, -0.015905943835031165], [-0.012466295106139292, 0.645459822585878, 0.6843459348118595], [-0.015905943835031168, 0.6843459348118592, 0.9919636273071689]], "chi2_level": 0.99, "chi2_df": 3, "chi2_threshold": 11.344866730144373, "N_raw": 16, "N_roi": 13, "N_inlier": 12, "refit": true}
{"timestamp": "16:56:46.718941", "frame": 84, "mu": [0.12379035122152703, 3.060633996553301, 0.5237010943221785], "Sigma": [[0.0026680663368791103, 0.0017775354613988833, 0.005422633113245012], [0.0017775354613988833, 0.003681077081829111, -0.00921850225540036], [0.005422633113245012, -0.00921850225540036, 0.570658541353276]], "chi2_level": 0.99, "chi2_df": 3, "chi2_threshold": 11.344866730144373, "N_raw": 15, "N_roi": 15, "N_inlier": 14, "refit": true}
{"timestamp": "16:56:46.748597", "frame": 85, "mu": [0.14528022153672873, 3.0465361258938226, 1.1529257285479644], "Sigma": [[0.008413084213288019, 0.006192990307160747, -0.006664225805610517], [0.006192990307160747, 0.013110097455229735, -0.005004284267887373], [-0.006664225805610515, -0.005004284267887373, 0.22467157888692615]], "chi2_level": 0.99, "chi2_df": 3, "chi2_threshold": 11.344866730144373, "N_raw": 30, "N_roi": 28, "N_inlier": 28, "refit": true}
{"timestamp": "16:56:46.810765", "frame": 86, "mu": [0.160606820276509, 3.0400559823119457, 1.215591437718913], "Sigma": [[0.013441273952344143, -0.0024944192559660933, 0.0008534481726924512], [-0.002494419255966093, 0.003364717379099388, -0.007153855089750815], [0.0008534481726924512, -0.007153855089750814, 0.03215821329305014]], "chi2_level": 0.99, "chi2_df": 3, "chi2_threshold": 11.344866730144373, "N_raw": 74, "N_roi": 72, "N_inlier": 67, "refit": true}
