{"timestamp": "17:20:48.298494", "frame": 25, "mu": [-2.289003067139854, 0.950147226422029, 1.1632585566257851], "Sigma": [[0.009288836777550656, 0.007978389016266199, -0.004455350042757278], [0.007978389016266199, 0.013173123625692075, -0.009181662141859205], [-0.004455350042757277, -0.009181662141859205, 0.013436905682390204]], "chi2_level": 0.99, "chi2_df": 3, "chi2_threshold": 11.344866730144373, "N_raw": 43, "N_roi": 43, "N_inlier": 43, "refit": true}
{"timestamp": "17:20:48.571972", "frame": 30, "mu": [-2.235043495587826, 1.0438544588594103, 1.1123222892732472], "Sigma": [[0.006610542734113532, 0.008169350877855077, -0.0030511921264676496], [0.008169350877855079, 0.014767554382505632, -0.009130060078852755], [-0.0030511921264676496, -0.009130060078852755, 0.01023554014860423]], "chi2_level": 0.99, "chi2_df": 3, "chi2_threshold": 11.344866730144373, "N_raw": 37, "N_roi": 37, "N_inlier": 37, "refit": true}
{"timestamp": "17:20:48.681440", "frame": 32, "mu": [-2.227414367732357, 1.2487600338791534, -0.6134430630773942], "Sigma": [[0.008078068557729558, 0.008754147118008147, 0.0005858634003841291], [0.008754147118008147, 0.016535180584746092, -0.003487412164389317], [0.000585863400384129, -0.0034874121643893173, 0.003570134283408507]], "chi2_level": 0.99, "chi2_df": 3, "chi2_threshold": 11.344866730144373, "N_raw": 37, "N_roi": 37, "N_inlier": 37, "refit": true}
{"timestamp": "17:20:48.738337", "frame": 33, "mu": [-2.1828273687468216, 1.0528188478324887, 1.127792463517411], "Sigma": [[0.010582168025858844, 0.010140561690301815, -0.00501127791862058], [0.010140561690301815, 0.01627521190429857, -0.00914026602541383], [-0.00501127791862058, -0.00914026602541383, 0.006470909591537704]], "chi2_level": 0.99, "chi2_df": 3, "chi2_threshold": 11.344866730144373, "N_raw": 43, "N_roi": 43, "N_inlier": 43, "refit": true}
{"timestamp": "17:20:48.792666", "frame": 34, "mu": [-2.1752661448678188, 1.0353774962694557, 1.1506311859270342], "Sigma": [[0.009876656931432514, 0.010789955097265753, -0.0014770804280886322], [0.010789955097265753, 0.016977789759377394, -0.0072870386453751795], [-0.0014770804280886322, -0.0072870386453751795, 0.008856292964345343]], "chi2_level": 0.99, "chi2_df": 3, "chi2_threshold": 11.344866730144373, "N_raw": 45, "N_roi": 45, "N_inlier": 45, "refit": true}
{"timestamp": "17:20:49.012164", "frame": 38, "mu": [-2.108153144745799, 1.283046372224637, 1.3162323138445164], "Sigma": [[0.0044450055056152495, 0.003919789196568552, -0.002663909856602143], [0.003919789196568551, 0.005574125152612135, -0.009336227921083368], [-0.002663909856602143, -0.00933622792108337, 0.07585698628736497]], "chi2_level": 0.99, "chi2_df": 3, "chi2_threshold": 11.344866730144373, "N_raw": 33, "N_roi": 33, "N_inlier": 32, "refit": true}
{"timestamp": "17:20:49.067373", "frame": 39, "mu": [-2.1215823122462205, 1.2858510667779424, 1.6026778752187494], "Sigma": [[0.008753521518620468, 0.009572063187939042, -0.013143513489769474], [0.009572063187939042, 0.022070849145565535, -0.019981773209343558], [-0.013143513489769476, -0.019981773209343558, 0.04729282462204843]], "chi2_level": 0.99, "chi2_df": 3, "chi2_threshold": 11.344866730144373, "N_raw": 41, "N_roi": 41, "N_inlier": 39, "refit": true}
{"timestamp": "17:20:49.124420", "frame": 40, "mu": [-2.0784250940495137, 1.3063834653396316, 1.543247451303823], "Sigma": [[0.00886755239857676, 0.0066000704579183885, -0.00498963032243295], [0.0066000704579183885, 0.014642552580096392, -0.008296769670692507], [-0.00498963032243295, -0.008296769670692507, 0.006136461275663304]], "chi2_level": 0.99, "chi2_df": 3, "chi2_threshold": 11.344866730144373, "N_raw": 47, "N_roi": 47, "N_inlier": 45, "refit": true}
{"timestamp": "17:20:49.179434", "frame": 41, "mu": [-1.974427865101012, 1.3141961499874615, 1.403371119407614], "Sigma": [[0.00939519889308241, 0.00439995983594296, -0.008587028428611008], [0.00439995983594296, 0.012622642939237273, -0.00782172237282432], [-0.008587028428611008, -0.00782172237282432, 0.014953544006203153]], "chi2_level": 0.99, "chi2_df": 3, "chi2_threshold": 11.344866730144373, "N_raw": 57, "N_roi": 57, "N_inlier": 54, "refit": true}
{"timestamp": "17:20:49.235453", "frame": 42, "mu": [-1.9397242680929268, 1.4585435579883839, 1.2200694428300447], "Sigma": [[0.014445565253145111, 0.012432035607174445, -0.022805022567105614], [0.012432035607174444, 0.015640241103421704, -0.028268351905707294], [-0.022805022567105614, -0.028268351905707294, 0.06477907330465556]], "chi2_level": 0.99, "chi2_df": 3, "chi2_threshold": 11.344866730144373, "N_raw": 58, "N_roi": 58, "N_inlier": 55, "refit": true}
{"timestamp": "17:20:49.292837", "frame": 43, "mu": [-1.9537269324014128, 1.3949591764053804, 1.3475965937700816], "Sigma": [[0.011421016124913842, 0.009133953213028087, -0.0076924371247996705], [0.009133953213028085, 0.016250322208758303, -0.016949348276764066], [-0.0076924371247996705, -0.016949348276764066, 0.02385021204195934]], "chi2_level": 0.99, "chi2_df": 3, "chi2_threshold": 11.344866730144373, "N_raw": 74, "N_roi": 74, "N_inlier": 73, "refit": true}
{"timestamp": "17:20:49.343646", "frame": 44, "mu": [-1.8576019210466748, 1.50134267453356, 1.1205992498109867], "Sigma": [[0.01748575529374744, 0.015178205422607775, -0.027209520440796338], [0.015178205422607775, 0.020906940589472133, -0.052859235392194504], [-0.027209520440796338, -0.052859235392194504, 0.18488524947481114]], "chi2_level": 0.99, "chi2_df": 3, "chi2_threshold": 11.344866730144373, "N_raw": 27, "N_roi": 27, "N_inlier": 27, "refit": true}
{"timestamp": "17:20:49.405892", "frame": 45, "mu": [-1.8877084707142768, 1.5833184131826488, 1.4209131914107656], "Sigma": [[0.018241202016687365, 0.013926927693921561, -0.022695776455451833], [0.013926927693921561, 0.016745137508545154, -0.02610064091864539], [-0.02269577645545183, -0.02610064091864539, 0.04941704624793457]], "chi2_level": 0.99, "chi2_df": 3, "chi2_threshold": 11.344866730144373, "N_raw": 78, "N_roi": 78, "N_inlier": 75, "refit": true}
{"timestamp": "17:20:49.456709", "frame": 46, "mu": [-1.8610320750109965, 1.5056032149988363, 1.5408353206270453], "Sigma": [[0.01330306977639361, 0.009380861607541664, -0.011171198846512773], [0.009380861607541665, 0.014190580775114479, -0.009681335968528295], [-0.011171198846512773, -0.009681335968528295, 0.011459228361841883]], "chi2_level": 0.99, "chi2_df": 3, "chi2_threshold": 11.344866730144373, "N_raw": 57, "N_roi": 57, "N_inlier": 56, "refit": true}
{"timestamp": "17:20:49.511412", "frame": 47, "mu": [-1.7905576309350384, 1.5332445153085148, 1.5133759024605327], "Sigma": [[0.013127288974854743, 0.008303992027077382, -0.011678145379674466], [0.008303992027077382, 0.010823799252400705, -0.009746502490533358], [-0.011678145379674466, -0.009746502490533358, 0.012781368162454324]], "chi2_level": 0.99, "chi2_df": 3, "chi2_threshold": 11.344866730144373, "N_raw": 52, "N_roi": 52, "N_inlier": 51, "refit": true}
{"timestamp": "17:20:49.620810", "frame": 49, "mu": [-1.7111355124682401, 1.5826350022455473, 1.557647436243544], "Sigma": [[0.022717772444783894, 0.01558379107820064, -0.01667803329276924], [0.015583791078200642, 0.015839493114917037, -0.011404979419151159], [-0.01667803329276924, -0.011404979419151159, 0.013248583513945521]], "chi2_level": 0.99, "chi2_df": 3, "chi2_threshold": 11.344866730144373, "N_raw": 53, "N_roi": 53, "N_inlier": 52, "refit": true}
{"timestamp": "17:20:49.680251", "frame": 50, "mu": [-1.7278611561873294, 1.651032894408742, 1.5044627672120134], "Sigma": [[0.03144641280239022, 0.016103484189201954, -0.02697183673947931], [0.016103484189201954, 0.01377682433270634, -0.017126201433716282], [-0.026971836739479314, -0.017126201433716282, 0.028283843128803214]], "chi2_level": 0.99, "chi2_df": 3, "chi2_threshold": 11.344866730144373, "N_raw": 78, "N_roi": 77, "N_inlier": 77, "refit": true}
{"timestamp": "17:20:49.731355", "frame": 51, "mu": [-1.6770915517755536, 1.663274254228113, 1.6465573876861732], "Sigma": [[0.026428672624547157, 0.01718388186702379, -0.021720873962494412], [0.01718388186702379, 0.015175070905466206, -0.01690799766272022], [-0.021720873962494412, -0.01690799766272022, 0.02459276266318211]], "chi2_level": 0.99, "chi2_df": 3, "chi2_threshold": 11.344866730144373, "N_raw": 44, "N_roi": 44, "N_inlier": 40, "refit": true}
{"timestamp": "17:20:49.784197", "frame": 52, "mu": [-1.510596511395271, 1.7973697253139658, 1.5260415877940898], "Sigma": [[0.00916363407916218, 0.00637956883594575, -0.01105939590623408], [0.00637956883594575, 0.009920627395044965, -0.012299284606302228], [-0.01105939590623408, -0.012299284606302228, 0.0231863763499291]], "chi2_level": 0.99, "chi2_df": 3, "chi2_threshold": 11.344866730144373, "N_raw": 34, "N_roi": 34, "N_inlier": 30, "refit": true}
{"timestamp": "17:20:49.836555", "frame": 53, "mu": [-1.4776961946920475, 1.844788749952476, 1.384115824059932], "Sigma": [[0.0037615524519241635, 0.001784072710855727, -0.017355891418066472], [0.001784072710855727, 0.002031864821358939, -0.011187965498621914], [-0.017355891418066472, -0.011187965498621912, 0.27665835833856217]], "chi2_level": 0.99, "chi2_df": 3, "chi2_threshold": 11.344866730144373, "N_raw": 17, "N_roi": 15, "N_inlier": 14, "refit": true}
{"timestamp": "17:20:49.948265", "frame": 55, "mu": [-1.5025288983302199, 1.9382321056391674, 1.4768257368668847], "Sigma": [[0.022426325863437433, -0.0038043384829431256, 0.011738252214165384], [-0.0038043384829431247, 0.015687884404354896, -0.03510860296688649], [0.011738252214165384, -0.03510860296688649, 0.09485127540458141]], "chi2_level": 0.99, "chi2_df": 3, "chi2_threshold": 11.344866730144373, "N_raw": 30, "N_roi": 30, "N_inlier": 28, "refit": true}
{"timestamp": "17:20:50.062791", "frame": 57, "mu": [-1.5011702187226963, 2.0325126600990098, 0.2734813094105227], "Sigma": [[0.012729342125064292, 0.0044003017283483, -0.012344818933197254], [0.004400301728348299, 0.005943082789309413, -0.0037006984208555332], [-0.012344818933197254, -0.0037006984208555332, 0.013363919497536196]], "chi2_level": 0.99, "chi2_df": 3, "chi2_threshold": 11.344866730144373, "N_raw": 58, "N_roi": 53, "N_inlier": 45, "refit": true}
{"timestamp": "17:20:50.116962", "frame": 58, "mu": [-1.490325639860896, 2.1148267921800095, 1.6926842061270864], "Sigma": [[0.01164452694936146, 0.002095801633696775, -0.010547021311553648], [0.002095801633696775, 0.005391107295587371, -0.0026461598528219657], [-0.010547021311553648, -0.0026461598528219657, 0.010275123644858832]], "chi2_level": 0.99, "chi2_df": 3, "chi2_threshold": 11.344866730144373, "N_raw": 52, "N_roi": 50, "N_inlier": 47, "refit": true}
{"timestamp": "17:20:50.167971", "frame": 59, "mu": [-1.389498889164787, 2.1168795514391276, 1.6014810609907006], "Sigma": [[0.008221064898082366, 0.0031874598390414493, -0.010294220233065796], [0.0031874598390414493, 0.004219872818736965, -0.004980774142734273], [-0.010294220233065796, -0.004980774142734273, 0.025114204633903174]], "chi2_level": 0.99, "chi2_df": 3, "chi2_threshold": 11.344866730144373, "N_raw": 29, "N_roi": 29, "N_inlier": 26, "refit": true}
{"timestamp": "17:20:50.227440", "frame": 60, "mu": [-1.3357088338038359, 2.1090987406297126, 1.3793061212212228], "Sigma": [[0.008891171612484636, 0.004658710278332253, -0.008660059133357718], [0.004658710278332252, 0.008086302643202294, -0.012067136583737988], [-0.008660059133357718, -0.012067136583737988, 0.1434696051739307]], "chi2_level": 0.99, "chi2_df": 3, "chi2_threshold": 11.344866730144373, "N_raw": 52, "N_roi": 51, "N_inlier": 49, "refit": true}
{"timestamp": "17:20:50.285603", "frame": 61, "mu": [-1.3324942793874723, 2.2033396840861075, -0.5917993788710628], "Sigma": [[0.01043792757458892, 0.0029409706785494217, -0.0029741376960491], [0.0029409706785494217, 0.009744960821898886, -0.0023431772579001575], [-0.0029741376960491003, -0.002343177257900157, 0.017967807180313353]], "chi2_level": 0.99, "chi2_df": 3, "chi2_threshold": 11.344866730144373, "N_raw": 73, "N_roi": 72, "N_inlier": 67, "refit": true}
{"timestamp": "17:20:50.334459", "frame": 62, "mu": [-1.2923403587482956, 2.3380979092817498, 1.353150335559454], "Sigma": [[0.005365366556304448, -0.005008817943463714, -0.0012421081389013666], [-0.005008817943463716, 0.04190649845078441, -0.04322042245483629], [-0.001242108138901367, -0.04322042245483629, 0.06116829290816986]], "chi2_level": 0.99, "chi2_df": 3, "chi2_threshold": 11.344866730144373, "N_raw": 33, "N_roi": 33, "N_inlier": 30, "refit": true}
{"timestamp": "17:20:50.392598", "frame": 63, "mu": [-1.2952907688544275, 2.2702833651837953, 1.468374447707815], "Sigma": [[0.012250373179120469, -0.00049205719808165, -0.011382583198571234], [-0.0004920571980816501, 0.002721544248206435, -0.002338311462698722], [-0.011382583198571234, -0.002338311462698722, 0.01654211561088971]], "chi2_level": 0.99, "chi2_df": 3, "chi2_threshold": 11.344866730144373, "N_raw": 49, "N_roi": 49, "N_inlier": 44, "refit": true}
{"timestamp": "17:20:50.448571", "frame": 64, "mu": [-1.1772439396919094, 2.2726720162208394, 1.2159901439808036], "Sigma": [[0.011383970015167284, 0.0011843201321850936, -0.008536424986654018], [0.0011843201321850936, 0.0039680920678980625, -0.0045775101765984545], [-0.008536424986654018, -0.0045775101765984545, 0.010906329917638765]], "chi2_level": 0.99, "chi2_df": 3, "chi2_threshold": 11.344866730144373, "N_raw": 59, "N_roi": 59, "N_inlier": 55, "refit": true}
{"timestamp": "17:20:50.503713", "frame": 65, "mu": [-1.2513691250955352, 2.3696163653932354, 1.5539708508439287], "Sigma": [[0.012980561365706165, -0.000873230979290921, -0.011769858919356443], [-0.0008732309792909209, 0.0068769750880159864, -0.0007742655779382759], [-0.011769858919356443, -0.0007742655779382761, 0.012949236253842757]], "chi2_level": 0.99, "chi2_df": 3, "chi2_threshold": 11.344866730144373, "N_raw": 65, "N_roi": 65, "N_inlier": 63, "refit": true}
{"timestamp": "17:20:50.560212", "frame": 66, "mu": [-1.1564415906525665, 2.5857428223000003, 1.0815222574939016], "Sigma": [[0.012262903290550712, 0.01161777858202188, -0.0382626511246877], [0.01161777858202188, 0.07004700217764653, -0.05110237636724031], [-0.0382626511246877, -0.05110237636724031, 0.2721214377296392]], "chi2_level": 0.99, "chi2_df": 3, "chi2_threshold": 11.344866730144373, "N_raw": 64, "N_roi": 64, "N_inlier": 64, "refit": true}
{"timestamp": "17:20:50.608580", "frame": 67, "mu": [-1.2053618338488352, 2.480740246685511, 0.1712934075060577], "Sigma": [[0.006574770015571223, 0.00041526123922157695, 9.58442366510747e-05], [0.0004152612392215772, 0.01790021519136749, -0.012835458216978835], [9.58442366510747e-05, -0.012835458216978835, 0.040103234459148165]], "chi2_level": 0.99, "chi2_df": 3, "chi2_threshold": 11.344866730144373, "N_raw": 28, "N_roi": 28, "N_inlier": 26, "refit": true}
{"timestamp": "17:20:50.670499", "frame": 68, "mu": [-1.1895307637327075, 2.4924887062871828, 1.0444318795350014], "Sigma": [[0.03116266962930937, -0.0075642295656863055, 0.045415779897720554], [-0.0075642295656863055, 0.008975516138556865, -0.021056553966966176], [0.045415779897720554, -0.021056553966966172, 0.14410155533228775]], "chi2_level": 0.99, "chi2_df": 3, "chi2_threshold": 11.344866730144373, "N_raw": 84, "N_roi": 83, "N_inlier": 82, "refit": true}
{"timestamp": "17:20:50.725124", "frame": 69, "mu": [-1.1437547003065653, 2.508539135305517, 0.9221875521481043], "Sigma": [[0.0374401887319115, -0.00488089383742301, 0.05028808963745361], [-0.00488089383742301, 0.003027548462616495, -0.015343467563130708], [0.05028808963745361, -0.01534346756313071, 0.13626311654164172]], "chi2_level": 0.99, "chi2_df": 3, "chi2_threshold": 11.344866730144373, "N_raw": 76, "N_roi": 74, "N_inlier": 74, "refit": true}
{"timestamp": "17:20:50.776970", "frame": 70, "mu": [-1.0453272614994666, 2.533249782429628, 1.1381220166201582], "Sigma": [[0.021260201454651156, 4.068031280101927e-05, 0.038193129415072385], [4.068031280101932e-05, 0.0023205965700958085, -0.0034685082793998855], [0.03819312941507237, -0.0034685082793998855, 0.16236039799195487]], "chi2_level": 0.99, "chi2_df": 3, "chi2_threshold": 11.344866730144373, "N_raw": 54, "N_roi": 54, "N_inlier": 54, "refit": true}
{"timestamp": "17:20:50.838534", "frame": 71, "mu": [-1.0559590665336027, 2.649890523246041, 0.9616029891786255], "Sigma": [[0.018885075683777577, -0.0017730041306033989, 0.023000971665328274], [-0.0017730041306033987, 0.00403073600752975, -0.0222039992346525], [0.023000971665328274, -0.022203999234652508, 0.2171311503510678]], "chi2_level": 0.99, "chi2_df": 3, "chi2_threshold": 11.344866730144373, "N_raw": 98, "N_roi": 98, "N_inlier": 97, "refit": true}
{"timestamp": "17:20:50.892999", "frame": 72, "mu": [-0.9686092487758551, 2.6619688689568943, 0.9579194360722402], "Sigma": [[0.02124867253295043, -0.0047955534946424235, 0.031074324638284415], [-0.0047955534946424235, 0.004536862431949614, -0.023564655763720757], [0.031074324638284412, -0.023564655763720757, 0.1598517097651982]], "chi2_level": 0.99, "chi2_df": 3, "chi2_threshold": 11.344866730144373, "N_raw": 85, "N_roi": 85, "N_inlier": 85, "refit": true}
{"timestamp": "17:20:50.943683", "frame": 73, "mu": [-0.9307524252007013, 2.648323485905234, 0.9107139485425043], "Sigma": [[0.006758158983520015, -0.0010491920728845, 0.011753673702145745], [-0.0010491920728845003, 0.0028948644094904724, -0.021345516672761092], [0.011753673702145745, -0.021345516672761092, 0.4258499641404799]], "chi2_level": 0.99, "chi2_df": 3, "chi2_threshold": 11.344866730144373, "N_raw": 50, "N_roi": 48, "N_inlier": 48, "refit": true}
{"timestamp": "17:20:51.001003", "frame": 74, "mu": [-0.867211020366555, 2.684417301082648, 1.3973852948461318], "Sigma": [[0.012505207678871701, 0.001264645262070856, -0.0031571059916586605], [0.0012646452620708557, 0.003139755558279825, -0.007362691751589016], [-0.0031571059916586605, -0.007362691751589016, 0.02867495929308984]], "chi2_level": 0.99, "chi2_df": 3, "chi2_threshold": 11.344866730144373, "N_raw": 76, "N_roi": 72, "N_inlier": 67, "refit": true}
{"timestamp": "17:20:51.052850", "frame": 75, "mu": [-0.8428120063774728, 2.9114970876383435, -0.4382446150658843], "Sigma": [[0.007993825128764499, 0.007083096242208334, 0.02001087664817562], [0.007083096242208334, 0.1380748508610146, 0.010122388805570592], [0.02001087664817562, 0.010122388805570565, 0.6047601157451131]], "chi2_level": 0.99, "chi2_df": 3, "chi2_threshold": 11.344866730144373, "N_raw": 55, "N_roi": 54, "N_inlier": 52, "refit": true}
{"timestamp": "17:20:51.108826", "frame": 76, "mu": [-0.8738642014880711, 2.773421365833223, 1.2405647234475579], "Sigma": [[0.009779764724287892, 0.0005181077445084144, 0.005843687312541061], [0.0005181077445084144, 0.004969397175358609, -0.024817165320692874], [0.005843687312541064, -0.024817165320692877, 0.17943404156934478]], "chi2_level": 0.99, "chi2_df": 3, "chi2_threshold": 11.344866730144373, "N_raw": 67, "N_roi": 67, "N_inlier": 64, "refit": true}
{"timestamp": "17:20:51.162294", "frame": 77, "mu": [-0.8368012508759094, 2.8045132939548387, 1.265238737464192], "Sigma": [[0.004018020248953422, 0.00019054042080762003, 0.0005120694556127758], [0.00019054042080761998, 0.003914615775552598, -0.00859288350615531], [0.000512069455612776, -0.00859288350615531, 0.2492278553056266]], "chi2_level": 0.99, "chi2_df": 3, "chi2_threshold": 11.344866730144373, "N_raw": 36, "N_roi": 36, "N_inlier": 33, "refit": true}
{"timestamp": "17:20:51.219810", "frame": 78, "mu": [-0.8677338019588562, 2.8568194605228587, 1.3720195520055842], "Sigma": [[0.011564059262973098, -0.00029453905940843246, 0.0005177172981394717], [-0.00029453905940843235, 0.0052580888700293595, -0.018278852830502824], [0.0005177172981394727, -0.018278852830502824, 0.1212241911052345]], "chi2_level": 0.99, "chi2_df": 3, "chi2_threshold": 11.344866730144373, "N_raw": 71, "N_roi": 71, "N_inlier": 68, "refit": true}
{"timestamp": "17:20:51.273822", "frame": 79, "mu": [-0.9024463663189776, 2.9490665219173247, 1.2179317319665806], "Sigma": [[0.01770096318497318, -0.009479991351918973, 0.027380030683578152], [-0.009479991351918973, 0.009895950808835926, -0.027510207026323195], [0.027380030683578156, -0.027510207026323195, 0.23806896626559765]], "chi2_level": 0.99, "chi2_df": 3, "chi2_threshold": 11.344866730144373, "N_raw": 57, "N_roi": 57, "N_inlier": 55, "refit": true}
{"timestamp": "17:20:51.329673", "frame": 80, "mu": [-0.7801396885039109, 2.9333023863181023, 1.3917891265654923], "Sigma": [[0.012161947021860667, -0.0006969328013973653, -0.0012519938570941082], [-0.0006969328013973652, 0.003310912487614382, -0.007661354837878361], [-0.0012519938570941084, -0.007661354837878361, 0.04165137547366361]], "chi2_level": 0.99, "chi2_df": 3, "chi2_threshold": 11.344866730144373, "N_raw": 70, "N_roi": 70, "N_inlier": 66, "refit": true}
{"timestamp": "17:20:51.382197", "frame": 81, "mu": [-0.7676114968532909, 3.0319012492377433, 0.9728511138456294], "Sigma": [[0.006366178630256383, 0.0008821440269233763, -0.009964426061555827], [0.0008821440269233764, 0.009858637489267581, -0.05276100290099582], [-0.009964426061555828, -0.05276100290099582, 0.42522632946483535]], "chi2_level": 0.99, "chi2_df": 3, "chi2_threshold": 11.344866730144373, "N_raw": 55, "N_roi": 55, "N_inlier": 52, "refit": true}
{"timestamp": "17:20:51.432537", "frame": 82, "mu": [-0.7443870250106117, 3.0328393817455734, 1.2276162954341976], "Sigma": [[0.004653664060066858, 0.0017864149511399125, -0.011043018688457643], [0.0017864149511399125, 0.009084838673100474, -0.04433971519584824], [-0.011043018688457643, -0.04433971519584824, 0.2670060979709575]], "chi2_level": 0.99, "chi2_df": 3, "chi2_threshold": 11.344866730144373, "N_raw": 22, "N_roi": 22, "N_inlier": 22, "refit": true}
{"timestamp": "17:20:51.485985", "frame": 83, "mu": [-0.7150453317566027, 3.34969315447456, -0.27014185093416937], "Sigma": [[0.005076861652991095, -0.010059371178056425, 0.02028025427934281], [-0.010059371178056425, 0.05339873849816712, -0.11295176467808737], [0.02028025427934281, -0.11295176467808737, 0.2450623191351629]], "chi2_level": 0.99, "chi2_df": 3, "chi2_threshold": 11.344866730144373, "N_raw": 12, "N_roi": 12, "N_inlier": 12, "refit": true}
{"timestamp": "17:20:51.542441", "frame": 84, "mu": [-0.6902802946145156, 3.1284757250857447, 1.1913269655939225], "Sigma": [[0.006653897444428046, -0.0012153731301905461, 0.014319763044841425], [-0.0012153731301905463, 0.007002405427481806, -0.040780418630175494], [0.014319763044841425, -0.040780418630175494, 0.35951004767021927]], "chi2_level": 0.99, "chi2_df": 3, "chi2_threshold": 11.344866730144373, "N_raw": 25, "N_roi": 25, "N_inlier": 25, "refit": true}
{"timestamp": "17:20:51.603693", "frame": 85, "mu": [-0.6572403836373129, 3.2172919354049356, 1.0226428373426804], "Sigma": [[0.021157575221804566, -0.012537240045004838, 0.03252292826974677], [-0.012537240045004837, 0.014407890408139437, -0.043196583356057194], [0.03252292826974677, -0.043196583356057194, 0.19699172614329752]], "chi2_level": 0.99, "chi2_df": 3, "chi2_threshold": 11.344866730144373, "N_raw": 64, "N_roi": 59, "N_inlier": 58, "refit": true}
{"timestamp": "17:20:51.653987", "frame": 86, "mu": [-0.6394227590705954, 3.210359489074489, 1.206921807454929], "Sigma": [[0.00890136884391137, -0.0024423469671106387, -0.001420432095627964], [-0.0024423469671106387, 0.005471985503367842, -0.013553076872542797], [-0.0014204320956279649, -0.013553076872542797, 0.15729465145648908]], "chi2_level": 0.99, "chi2_df": 3, "chi2_threshold": 11.344866730144373, "N_raw": 32, "N_roi": 29, "N_inlier": 29, "refit": true}
{"timestamp": "17:20:51.713821", "frame": 87, "mu": [-0.5842812054368008, 3.15937674184188, 1.362558758831156], "Sigma": [[0.017915890682452494, -0.005003322371842558, -0.01816612089049128], [-0.005003322371842558, 0.0060840490164974954, 0.0009242262228739834], [-0.018166120890491282, 0.0009242262228739836, 0.028402859028550477]], "chi2_level": 0.99, "chi2_df": 3, "chi2_threshold": 11.344866730144373, "N_raw": 66, "N_roi": 64, "N_inlier": 60, "refit": true}
{"timestamp": "17:20:51.765395", "frame": 88, "mu": [-0.5387293921053583, 3.1540392184319614, 0.9792649352761553], "Sigma": [[0.015584122739824367, -0.005058320094311616, 0.012861483103545523], [-0.005058320094311616, 0.011985779989151962, -0.03497757125472657], [0.012861483103545523, -0.03497757125472657, 0.20420606025351223]], "chi2_level": 0.99, "chi2_df": 3, "chi2_threshold": 11.344866730144373, "N_raw": 38, "N_roi": 35, "N_inlier": 35, "refit": true}
{"timestamp": "17:20:51.823785", "frame": 89, "mu": [-0.6087354487360196, 3.394476455638099, 0.016654300172321154], "Sigma": [[0.02542006714819691, -0.015762505292178427, 0.0502301372529205], [-0.015762505292178427, 0.024591555675007905, -0.07282300211425183], [0.0502301372529205, -0.07282300211425183, 0.22618748853966994]], "chi2_level": 0.99, "chi2_df": 3, "chi2_threshold": 11.344866730144373, "N_raw": 63, "N_roi": 58, "N_inlier": 57, "refit": true}
{"timestamp": "17:20:51.880652", "frame": 90, "mu": [-0.6322357842844917, 3.322851719780309, 0.9187670122970597], "Sigma": [[0.02920207977380236, -0.006164339711494246, 0.04537128793925404], [-0.006164339711494246, 0.005993828755665125, -0.03144420086013146], [0.04537128793925404, -0.03144420086013146, 0.20799730541089925]], "chi2_level": 0.99, "chi2_df": 3, "chi2_threshold": 11.344866730144373, "N_raw": 66, "N_roi": 64, "N_inlier": 64, "refit": true}
{"timestamp": "17:20:51.935883", "frame": 91, "mu": [-0.441550349977115, 3.317439051958749, 1.3884391477831146], "Sigma": [[0.023310335178444677, -0.0019984286959729924, -0.007838024485405173], [-0.0019984286959729924, 0.005719113254848598, -0.004872150435543192], [-0.007838024485405173, -0.004872150435543192, 0.010294630919708348]], "chi2_level": 0.99, "chi2_df": 3, "chi2_threshold": 11.344866730144373, "N_raw": 76, "N_roi": 73, "N_inlier": 70, "refit": true}
{"timestamp": "17:20:51.990213", "frame": 92, "mu": [-0.4385340467935959, 3.3950298372277468, 1.450228642057895], "Sigma": [[0.022778477494393705, -0.0019360727876560175, -0.005556964436838837], [-0.0019360727876560173, 0.00407129529302015, -0.0078101857909716075], [-0.005556964436838837, -0.007810185790971608, 0.023273808816415744]], "chi2_level": 0.99, "chi2_df": 3, "chi2_threshold": 11.344866730144373, "N_raw": 74, "N_roi": 71, "N_inlier": 66, "refit": true}
{"timestamp": "17:20:52.040774", "frame": 93, "mu": [-0.4045877157750256, 3.4481206915414497, 1.2955720562543398], "Sigma": [[0.014664896824390929, -0.0024028221777891937, 0.002318633477451126], [-0.002402822177789194, 0.0024694395234656405, -0.007157237551929964], [0.002318633477451125, -0.007157237551929964, 0.03760427998966892]], "chi2_level": 0.99, "chi2_df": 3, "chi2_threshold": 11.344866730144373, "N_raw": 38, "N_roi": 34, "N_inlier": 33, "refit": true}
{"timestamp": "17:20:52.101105", "frame": 94, "mu": [-0.3470625949902703, 3.498873233042044, 1.259206619549848], "Sigma": [[0.018426248620423455, -0.004507350672550395, 0.014848611558654166], [-0.004507350672550394, 0.014329906452916118, -0.05399050121196876], [0.014848611558654166, -0.05399050121196876, 0.24255664695344295]], "chi2_level": 0.99, "chi2_df": 3, "chi2_threshold": 11.344866730144373, "N_raw": 83, "N_roi": 83, "N_inlier": 82, "refit": true}
{"timestamp": "17:20:52.159591", "frame": 95, "mu": [-0.30057308769448027, 3.509613444675739, 1.0455219434412384], "Sigma": [[0.02024943592193124, -0.003888292062002785, 0.006746774267271297], [-0.003888292062002785, 0.016421556918236095, -0.06776036068411109], [0.006746774267271296, -0.06776036068411109, 0.30357150009976513]], "chi2_level": 0.99, "chi2_df": 3, "chi2_threshold": 11.344866730144373, "N_raw": 95, "N_roi": 95, "N_inlier": 94, "refit": true}
{"timestamp": "17:20:52.208275", "frame": 96, "mu": [-0.2402480797615357, 3.4572885757139122, 1.5583925834887007], "Sigma": [[0.02026904133590613, 0.0007504312857587799, 5.58379806459338e-05], [0.0007504312857587801, 0.0032509471191901128, -0.005424860243532163], [5.583798064593337e-05, -0.005424860243532163, 0.018745879118261626]], "chi2_level": 0.99, "chi2_df": 3, "chi2_threshold": 11.344866730144373, "N_raw": 57, "N_roi": 57, "N_inlier": 53, "refit": true}
{"timestamp": "17:20:52.262113", "frame": 97, "mu": [-0.22908024145139133, 3.3774495706429173, 1.3411406846915008], "Sigma": [[0.015728698544692315, -0.010756130636452407, -0.01543980211731233], [-0.010756130636452407, 0.14424070096103891, 0.29399508711238886], [-0.015439802117312332, 0.2939950871123888, 0.6363808827469591]], "chi2_level": 0.99, "chi2_df": 3, "chi2_threshold": 11.344866730144373, "N_raw": 51, "N_roi": 51, "N_inlier": 47, "refit": true}
{"timestamp": "17:20:52.316498", "frame": 98, "mu": [-0.1412380350289189, 3.5156352556077777, 0.4257134882963946], "Sigma": [[0.015597714015382217, -0.00023341833358542534, 0.0028682989086731238], [-0.000233418333585425, 0.007449805231740328, -0.01641332786873363], [0.002868298908673123, -0.01641332786873363, 0.05332182779342635]], "chi2_level": 0.99, "chi2_df": 3, "chi2_threshold": 11.344866730144373, "N_raw": 43, "N_roi": 43, "N_inlier": 39, "refit": true}
{"timestamp": "17:20:52.370807", "frame": 99, "mu": [-0.24260104500858276, 3.5906809289144737, 1.1893755881940695], "Sigma": [[0.011054083068073605, -0.0019790838328582667, 0.0016850104328385571], [-0.0019790838328582667, 0.002945071945635742, -0.011790712275494022], [0.0016850104328385567, -0.011790712275494022, 0.062122470713278186]], "chi2_level": 0.99, "chi2_df": 3, "chi2_threshold": 11.344866730144373, "N_raw": 46, "N_roi": 46, "N_inlier": 43, "refit": true}
{"timestamp": "17:20:52.502425", "frame": 100, "mu": [-0.19177095325990307, 3.71156246842511, 0.24906923809976245], "Sigma": [[0.01232698858853369, 0.0003222784918847277, -0.003201606528833619], [0.0003222784918847273, 0.006326234780008437, -0.014623338078894182], [-0.0032016065288336198, -0.014623338078894182, 0.042931622368168276]], "chi2_level": 0.99, "chi2_df": 3, "chi2_threshold": 11.344866730144373, "N_raw": 40, "N_roi": 40, "N_inlier": 38, "refit": true}
{"timestamp": "17:20:52.506287", "frame": 101, "mu": [-0.15327191004395876, 3.63766095158901, -0.5890782398990575], "Sigma": [[0.012307775821790077, 0.008762160634768987, 0.008403281465222366], [0.00876216063476899, 0.30160543061065, 0.5256595068974429], [0.008403281465222363, 0.5256595068974429, 2.0235173419171173]], "chi2_level": 0.99, "chi2_df": 3, "chi2_threshold": 11.344866730144373, "N_raw": 56, "N_roi": 56, "N_inlier": 56, "refit": true}
{"timestamp": "17:20:52.535504", "frame": 102, "mu": [-0.10627565813273888, 3.6496841008044365, 1.5984171196724974], "Sigma": [[0.014315028933872468, -0.0036838464149304643, 0.0033911869918097463], [-0.0036838464149304643, 0.006923921098621164, -0.013700914144036291], [0.0033911869918097463, -0.013700914144036291, 0.057699510819806094]], "chi2_level": 0.99, "chi2_df": 3, "chi2_threshold": 11.344866730144373, "N_raw": 36, "N_roi": 36, "N_inlier": 33, "refit": true}
{"timestamp": "17:20:52.591688", "frame": 103, "mu": [-0.10919602916962938, 3.7539096636999827, 1.3977478393165639], "Sigma": [[0.014541748821871507, -0.002400368237149105, 0.006789409561986282], [-0.0024003682371491046, 0.004604612642263506, -0.013191931166930654], [0.006789409561986282, -0.013191931166930654, 0.0944753475912594]], "chi2_level": 0.99, "chi2_df": 3, "chi2_threshold": 11.344866730144373, "N_raw": 53, "N_roi": 52, "N_inlier": 49, "refit": true}
{"timestamp": "17:20:52.644947", "frame": 104, "mu": [-0.01293637820171722, 3.7882854270803534, 1.4433844355969003], "Sigma": [[0.011851899555903957, -0.0009356075034441151, -0.0001389745896519431], [-0.0009356075034441154, 0.002155173783087162, -0.004804772008273841], [-0.0001389745896519433, -0.004804772008273841, 0.04051483468087233]], "chi2_level": 0.99, "chi2_df": 3, "chi2_threshold": 11.344866730144373, "N_raw": 40, "N_roi": 39, "N_inlier": 36, "refit": true}
{"timestamp": "17:20:52.698227", "frame": 105, "mu": [-0.007317713138445297, 3.8283914747600822, 0.5246202127679968], "Sigma": [[0.009752070707745319, 0.0113556722912825, -0.025817957345338406], [0.011355672291282499, 0.04813706302063862, -0.10218179446566447], [-0.025817957345338406, -0.10218179446566447, 0.22275417367542846]], "chi2_level": 0.99, "chi2_df": 3, "chi2_threshold": 11.344866730144373, "N_raw": 22, "N_roi": 19, "N_inlier": 19, "refit": true}
{"timestamp": "17:20:52.759815", "frame": 106, "mu": [-0.004147929958188553, 3.915617703514656, 1.42514113210246], "Sigma": [[0.01468364645889467, 0.0003934621199433774, -0.011366787244940675], [0.0003934621199433772, 0.01728754998012154, -0.06128842066643753], [-0.011366787244940673, -0.06128842066643754, 0.25759343759864456]], "chi2_level": 0.99, "chi2_df": 3, "chi2_threshold": 11.344866730144373, "N_raw": 61, "N_roi": 56, "N_inlier": 55, "refit": true}
{"timestamp": "17:20:52.810329", "frame": 107, "mu": [0.07988192940787006, 3.880085948065079, 1.4933732859516653], "Sigma": [[0.009915291802823347, -0.0007150867054817234, -0.014150576199243066], [-0.0007150867054817234, 0.0035097326148553305, -0.008142666979972674], [-0.014150576199243066, -0.008142666979972674, 0.05534266187780334]], "chi2_level": 0.99, "chi2_df": 3, "chi2_threshold": 11.344866730144373, "N_raw": 33, "N_roi": 32, "N_inlier": 31, "refit": true}
{"timestamp": "17:20:52.868394", "frame": 108, "mu": [0.17081817265749658, 3.89012964226727, 1.1818079511178998], "Sigma": [[0.024041045192254626, -0.017618925969423813, 0.008829183485149775], [-0.017618925969423813, 0.019907693505337443, -0.03206811620219879], [0.008829183485149775, -0.03206811620219879, 0.12564557096741347]], "chi2_level": 0.99, "chi2_df": 3, "chi2_threshold": 11.344866730144373, "N_raw": 60, "N_roi": 60, "N_inlier": 58, "refit": true}
{"timestamp": "17:20:52.921946", "frame": 109, "mu": [0.16612211562713566, 3.9057039105701756, 1.470774953250759], "Sigma": [[0.016700928349022256, -0.004126239499667991, -0.01731746327102681], [-0.004126239499667991, 0.005614065393218488, -0.004612786982053359], [-0.01731746327102681, -0.004612786982053359, 0.05719719693966015]], "chi2_level": 0.99, "chi2_df": 3, "chi2_threshold": 11.344866730144373, "N_raw": 52, "N_roi": 52, "N_inlier": 49, "refit": true}
{"timestamp": "17:20:52.982882", "frame": 110, "mu": [0.12221537250400133, 3.9801546494498674, 1.2077787826883601], "Sigma": [[0.01931714819835264, -0.005972851116255626, 0.010825707910849927], [-0.005972851116255625, 0.007983390517821579, -0.021765655543253326], [0.010825707910849927, -0.021765655543253326, 0.10162615556823021]], "chi2_level": 0.99, "chi2_df": 3, "chi2_threshold": 11.344866730144373, "N_raw": 77, "N_roi": 75, "N_inlier": 74, "refit": true}
{"timestamp": "17:20:53.038558", "frame": 111, "mu": [0.15790447754654283, 3.9999745159592166, 0.43852320551916124], "Sigma": [[0.023137916555884586, -0.007128600686427174, -0.003033120903198078], [-0.007128600686427174, 0.026889011843583225, -0.042797030033793586], [-0.003033120903198078, -0.04279703003379358, 0.11143662295194132]], "chi2_level": 0.99, "chi2_df": 3, "chi2_threshold": 11.344866730144373, "N_raw": 89, "N_roi": 88, "N_inlier": 88, "refit": true}
{"timestamp": "17:20:53.090756", "frame": 112, "mu": [0.25461703057645485, 3.9524052350246257, 1.473743289012645], "Sigma": [[0.021181905933126386, -0.0071086356828752, -0.01964697350273404], [-0.007108635682875201, 0.01289825904796039, 0.0057731600690972594], [-0.01964697350273404, 0.0057731600690972594, 0.03956743202131408]], "chi2_level": 0.99, "chi2_df": 3, "chi2_threshold": 11.344866730144373, "N_raw": 76, "N_roi": 76, "N_inlier": 74, "refit": true}
{"timestamp": "17:20:53.146113", "frame": 113, "mu": [0.27580399393226696, 4.019088400266004, 1.4060164510032072], "Sigma": [[0.02330107840033028, -0.0047197660989577285, -0.015537998080355359], [-0.0047197660989577285, 0.011065965101287592, -0.0011104572833196859], [-0.015537998080355359, -0.0011104572833196859, 0.02002991322801401]], "chi2_level": 0.99, "chi2_df": 3, "chi2_threshold": 11.344866730144373, "N_raw": 80, "N_roi": 80, "N_inlier": 79, "refit": true}
{"timestamp": "17:20:53.196718", "frame": 114, "mu": [0.30399040616174755, 4.043041853877096, 1.5159760452675406], "Sigma": [[0.013057210626729094, -0.003018026218597069, -0.00992392777087686], [-0.003018026218597069, 0.0065640960140117555, 0.0012885348337481305], [-0.00992392777087686, 0.0012885348337481302, 0.012309468409577366]], "chi2_level": 0.99, "chi2_df": 3, "chi2_threshold": 11.344866730144373, "N_raw": 45, "N_roi": 44, "N_inlier": 42, "refit": true}
{"timestamp": "17:20:53.247013", "frame": 115, "mu": [0.19643242050287518, 4.18550682552223, 1.0086490583605896], "Sigma": [[0.024522651380704537, -0.01316937968607479, 0.04136642234139071], [-0.01316937968607479, 0.010860672924548925, -0.030143235879945687], [0.04136642234139071, -0.03014323587994569, 0.09468188658239385]], "chi2_level": 0.99, "chi2_df": 3, "chi2_threshold": 11.344866730144373, "N_raw": 16, "N_roi": 16, "N_inlier": 16, "refit": true}
{"timestamp": "17:20:53.356824", "frame": 117, "mu": [0.4162908147923511, 4.151468074591578, 1.5143262777240216], "Sigma": [[0.008652462068325019, -0.0011254749422381716, -0.008442917934498428], [-0.0011254749422381714, 0.0021316419389443447, -0.0012260487132560378], [-0.008442917934498428, -0.0012260487132560375, 0.014235180120630261]], "chi2_level": 0.99, "chi2_df": 3, "chi2_threshold": 11.344866730144373, "N_raw": 22, "N_roi": 22, "N_inlier": 19, "refit": true}
{"timestamp": "17:20:53.414569", "frame": 118, "mu": [0.42536810730129776, 4.145445097837436, 1.559026438482746], "Sigma": [[0.01795760216716321, -0.0054393243492050335, -0.001404750811223157], [-0.005439324349205034, 0.007479236946141605, -0.01431339895540116], [-0.0014047508112231565, -0.01431339895540116, 0.04402002878620928]], "chi2_level": 0.99, "chi2_df": 3, "chi2_threshold": 11.344866730144373, "N_raw": 41, "N_roi": 41, "N_inlier": 39, "refit": true}
{"timestamp": "17:20:53.524190", "frame": 120, "mu": [0.44393390763037954, 4.2002387876334195, 1.6345351579741114], "Sigma": [[0.016385960415042485, -0.003358249589211516, -0.007775020619199322], [-0.003358249589211516, 0.0030677980127094915, -0.0018264781350147818], [-0.007775020619199322, -0.0018264781350147818, 0.012461967708770288]], "chi2_level": 0.99, "chi2_df": 3, "chi2_threshold": 11.344866730144373, "N_raw": 35, "N_roi": 35, "N_inlier": 33, "refit": true}
{"timestamp": "17:20:53.575142", "frame": 121, "mu": [0.454206787254013, 3.9458148533362025, 0.5893652679693917], "Sigma": [[0.003631223043964171, 0.03621310114185814, 0.03905361155696144], [0.03621310114185814, 0.6761228136538673, 1.0169550410058805], [0.03905361155696144, 1.0169550410058805, 1.919803780460318]], "chi2_level": 0.99, "chi2_df": 3, "chi2_threshold": 11.344866730144373, "N_raw": 11, "N_roi": 11, "N_inlier": 11, "refit": true}
{"timestamp": "17:20:53.853986", "frame": 126, "mu": [0.6092611492952079, 4.446534030212365, 1.163959474709721], "Sigma": [[0.019147953011616276, -0.0032942827884793495, -0.0006577933754495485], [-0.0032942827884793495, 0.0007600271452055991, -0.0012925241902863715], [-0.0006577933754495476, -0.001292524190286372, 0.04906168297364286]], "chi2_level": 0.99, "chi2_df": 3, "chi2_threshold": 11.344866730144373, "N_raw": 32, "N_roi": 29, "N_inlier": 28, "refit": true}
{"timestamp": "17:20:54.075086", "frame": 130, "mu": [0.8072247983775858, 4.663112333458363, 0.8571164797958045], "Sigma": [[0.01213987160713133, -1.669740319648795e-05, -0.01467759020234306], [-1.6697403196488003e-05, 0.003692432651934233, -0.013712111690110346], [-0.01467759020234306, -0.013712111690110346, 0.12854736998283597]], "chi2_level": 0.99, "chi2_df": 3, "chi2_threshold": 11.344866730144373, "N_raw": 24, "N_roi": 24, "N_inlier": 24, "refit": true}
