{"timestamp": "16:46:15.335900", "frame": 9, "mu": [-2.4393061006460806, 3.003321639185333, 1.0918655917966231], "Sigma": [[0.0012701079941050556, 0.0017703071093632997, -0.0008193499432668849], [0.0017703071093632997, 0.004374030172300313, -0.0029705427184610316], [-0.000819349943266885, -0.0029705427184610316, 0.005292912326703013]], "chi2_level": 0.95, "chi2_df": 3, "chi2_threshold": 7.814727903251179, "N_raw": 47, "N_roi": 8, "N_inlier": 8, "refit": true}
{"timestamp": "16:46:15.390603", "frame": 10, "mu": [-2.4157140956283176, 3.0534261210601534, 1.2924437283069299], "Sigma": [[0.0027018690945186134, 0.0018842114027755432, -0.0008524564966694073], [0.0018842114027755432, 0.0039668738536351176, -0.0012602424620061913], [-0.0008524564966694073, -0.001260242462006191, 0.0007426491443819218]], "chi2_level": 0.95, "chi2_df": 3, "chi2_threshold": 7.814727903251179, "N_raw": 45, "N_roi": 10, "N_inlier": 10, "refit": true}
{"timestamp": "16:46:15.444860", "frame": 11, "mu": [-2.3802971513876052, 2.889143452279482, 1.0929451144651274], "Sigma": [[0.005028919165266065, 0.0015141486486189171, -0.005130331676966977], [0.0015141486486189174, 0.004093828889408257, -0.0032645720900500983], [-0.005130331676966977, -0.0032645720900500983, 0.0069653780913980995]], "chi2_level": 0.95, "chi2_df": 3, "chi2_threshold": 7.814727903251179, "N_raw": 41, "N_roi": 20, "N_inlier": 20, "refit": true}
{"timestamp": "16:46:15.505766", "frame": 12, "mu": [-2.351027565242238, 2.9398124530086416, 1.1632293106814238], "Sigma": [[0.009161865421138022, 0.001268281604969528, -0.008735165539413045], [0.001268281604969528, 0.00640996882366452, -0.0010430169423818732], [-0.008735165539413045, -0.0010430169423818734, 0.010793525169814187]], "chi2_level": 0.95, "chi2_df": 3, "chi2_threshold": 7.814727903251179, "N_raw": 62, "N_roi": 30, "N_inlier": 28, "refit": true}
{"timestamp": "16:46:15.553936", "frame": 13, "mu": [-2.3732173786912343, 2.941586880090756, 1.324497248300614], "Sigma": [[0.0022621158143489553, 0.00106591965697918, -0.003398163089721318], [0.00106591965697918, 0.007253738495319943, 0.0027430938833271183], [-0.003398163089721318, 0.0027430938833271183, 0.008892785264188026]], "chi2_level": 0.95, "chi2_df": 3, "chi2_threshold": 7.814727903251179, "N_raw": 8, "N_roi": 8, "N_inlier": 7, "refit": true}
{"timestamp": "16:46:15.620698", "frame": 14, "mu": [-2.3027305912455756, 3.0037672180708475, 1.3389079419251904], "Sigma": [[0.014582964872896021, 0.006408328686669184, -0.00876414894604952], [0.006408328686669184, 0.018075113894404415, -0.0008335268220687631], [-0.00876414894604952, -0.0008335268220687629, 0.010651681316708793]], "chi2_level": 0.95, "chi2_df": 3, "chi2_threshold": 7.814727903251179, "N_raw": 76, "N_roi": 57, "N_inlier": 55, "refit": true}
{"timestamp": "16:46:15.672101", "frame": 15, "mu": [-2.3204248682869557, 3.0236513943054213, 1.4200272152424727], "Sigma": [[0.013212091253636142, 0.00851500080069479, -0.012894522024904046], [0.00851500080069479, 0.015652233182336835, -0.010004387865039047], [-0.012894522024904046, -0.010004387865039047, 0.016637774643458912]], "chi2_level": 0.95, "chi2_df": 3, "chi2_threshold": 7.814727903251179, "N_raw": 68, "N_roi": 47, "N_inlier": 46, "refit": true}
{"timestamp": "16:46:15.719409", "frame": 16, "mu": [-2.2334464282472357, 3.055456986489969, 0.923040184206633], "Sigma": [[0.008393106639070369, -0.0022720031077235027, 0.019361289456470657], [-0.0022720031077235027, 0.011410649532100131, -0.026765522312276645], [0.019361289456470657, -0.026765522312276645, 0.4510046191172557]], "chi2_level": 0.95, "chi2_df": 3, "chi2_threshold": 7.814727903251179, "N_raw": 14, "N_roi": 8, "N_inlier": 8, "refit": true}
{"timestamp": "16:46:15.777422", "frame": 17, "mu": [-2.192989189687566, 2.9244065889670217, 1.3033576183266384], "Sigma": [[0.018941733755887404, 0.007874846124358058, -0.019549146617964884], [0.007874846124358058, 0.007512014499625223, -0.009602357305954719], [-0.019549146617964884, -0.009602357305954719, 0.02189711757547278]], "chi2_level": 0.95, "chi2_df": 3, "chi2_threshold": 7.814727903251179, "N_raw": 41, "N_roi": 41, "N_inlier": 40, "refit": true}
{"timestamp": "16:46:15.829748", "frame": 18, "mu": [-1.9934963646752026, 3.161576518042465, -0.34940090179279926], "Sigma": [[0.008560223378985592, 0.006127006934372273, 0.013155471287550968], [0.006127006934372272, 0.010259132617817123, 0.02022827967554683], [0.013155471287550966, 0.02022827967554683, 0.07272591435918058]], "chi2_level": 0.95, "chi2_df": 3, "chi2_threshold": 7.814727903251179, "N_raw": 24, "N_roi": 21, "N_inlier": 20, "refit": true}
{"timestamp": "16:46:15.890295", "frame": 19, "mu": [-1.9925094485497408, 3.0869600408561726, 1.1405358794369382], "Sigma": [[0.015278025845756287, 0.00460107903154624, -0.02181571911074113], [0.00460107903154624, 0.006767051362719829, -0.01225361289044572], [-0.02181571911074113, -0.012253612890445721, 0.042090332557385576]], "chi2_level": 0.95, "chi2_df": 3, "chi2_threshold": 7.814727903251179, "N_raw": 56, "N_roi": 54, "N_inlier": 51, "refit": true}
{"timestamp": "16:46:15.942176", "frame": 20, "mu": [-2.0346316368343658, 3.0697932572882682, 0.9385407733840517], "Sigma": [[0.012450662871333349, 0.004585089948403755, 0.007495121123386747], [0.004585089948403755, 0.005628401317768252, -0.006559775155143006], [0.0074951211233867466, -0.006559775155143007, 0.3278995047715259]], "chi2_level": 0.95, "chi2_df": 3, "chi2_threshold": 7.814727903251179, "N_raw": 44, "N_roi": 44, "N_inlier": 44, "refit": true}
{"timestamp": "16:46:15.996959", "frame": 21, "mu": [-1.9277170549621336, 3.0547846038047006, 1.0867409823932503], "Sigma": [[0.010264722989720549, 0.0017171872249457936, -0.013368024728368427], [0.0017171872249457936, 0.003275664146603221, -0.005587709582862567], [-0.013368024728368427, -0.005587709582862568, 0.02376477090847156]], "chi2_level": 0.95, "chi2_df": 3, "chi2_threshold": 7.814727903251179, "N_raw": 35, "N_roi": 35, "N_inlier": 32, "refit": true}
{"timestamp": "16:46:16.060702", "frame": 22, "mu": [-1.7942964553169263, 3.2395528296825833, 1.0796301523500058], "Sigma": [[0.03177517712531843, 0.02346991456940098, -0.03964809981753519], [0.02346991456940098, 0.03381925382696436, -0.04048532278726272], [-0.03964809981753519, -0.04048532278726272, 0.06766958385091393]], "chi2_level": 0.95, "chi2_df": 3, "chi2_threshold": 7.814727903251179, "N_raw": 102, "N_roi": 102, "N_inlier": 100, "refit": true}
{"timestamp": "16:46:16.111287", "frame": 23, "mu": [-1.8146845593558734, 3.140442517761394, 1.1361563769854288], "Sigma": [[0.021224595117850478, 0.005634303708224991, -0.01943677731134098], [0.005634303708224992, 0.006079157028995488, -0.01226916536298401], [-0.01943677731134098, -0.01226916536298401, 0.034399031390086626]], "chi2_level": 0.95, "chi2_df": 3, "chi2_threshold": 7.814727903251179, "N_raw": 67, "N_roi": 66, "N_inlier": 64, "refit": true}
{"timestamp": "16:46:16.162083", "frame": 24, "mu": [-1.7263232013185543, 3.174350634543798, 1.3763791434336752], "Sigma": [[0.011671965180865985, 0.004055898856310366, -0.010339993796606092], [0.004055898856310366, 0.003685534418335295, -0.005466276974117392], [-0.010339993796606092, -0.005466276974117392, 0.019938531589920417]], "chi2_level": 0.95, "chi2_df": 3, "chi2_threshold": 7.814727903251179, "N_raw": 37, "N_roi": 34, "N_inlier": 31, "refit": true}
{"timestamp": "16:46:16.213181", "frame": 25, "mu": [-1.6941978007168066, 3.1344749254918876, 1.3602448090274881], "Sigma": [[0.015211652760074123, 0.0028996594827598297, -0.055081956533176345], [0.0028996594827598297, 0.003181407113975905, -0.008089818494971736], [-0.055081956533176345, -0.008089818494971738, 0.24091582865997402]], "chi2_level": 0.95, "chi2_df": 3, "chi2_threshold": 7.814727903251179, "N_raw": 13, "N_roi": 10, "N_inlier": 10, "refit": true}
{"timestamp": "16:46:16.277662", "frame": 26, "mu": [-1.6213448677084983, 3.1898501089912545, -0.22288217833123689], "Sigma": [[0.022056464394333068, 0.01254946535577744, 0.036064825632179505], [0.01254946535577744, 0.01889041010321226, 0.03359619339164474], [0.036064825632179505, 0.03359619339164474, 0.11177538991460781]], "chi2_level": 0.95, "chi2_df": 3, "chi2_threshold": 7.814727903251179, "N_raw": 75, "N_roi": 72, "N_inlier": 71, "refit": true}
{"timestamp": "16:46:16.331185", "frame": 27, "mu": [-1.5023066259940423, 3.1641778048787614, 1.1577343279788939], "Sigma": [[0.017907297203904608, 0.01076546266842265, -0.015824527357262468], [0.01076546266842265, 0.021168728119349806, -0.017709169193731188], [-0.015824527357262468, -0.017709169193731188, 0.03290105072250189]], "chi2_level": 0.95, "chi2_df": 3, "chi2_threshold": 7.814727903251179, "N_raw": 64, "N_roi": 64, "N_inlier": 60, "refit": true}
{"timestamp": "16:46:16.385747", "frame": 28, "mu": [-1.44935878902789, 3.150327158340427, 1.1548773163771773], "Sigma": [[0.01942868496674464, 0.0031956381089805375, -0.024148694249828018], [0.003195638108980538, 0.004990847504647797, -0.009796565577800339], [-0.024148694249828018, -0.009796565577800339, 0.056654740144406454]], "chi2_level": 0.95, "chi2_df": 3, "chi2_threshold": 7.814727903251179, "N_raw": 62, "N_roi": 60, "N_inlier": 58, "refit": true}
{"timestamp": "16:46:16.438747", "frame": 29, "mu": [-1.3726874394370088, 3.104353113061003, 0.9891012663713958], "Sigma": [[0.01688608362692775, 0.004236859388931601, -0.01312596637908798], [0.004236859388931601, 0.004257350790461293, -0.006384586040041854], [-0.013125966379087983, -0.006384586040041855, 0.014662094077856038]], "chi2_level": 0.95, "chi2_df": 3, "chi2_threshold": 7.814727903251179, "N_raw": 49, "N_roi": 47, "N_inlier": 43, "refit": true}
{"timestamp": "16:46:16.490747", "frame": 30, "mu": [-1.3562509040634674, 3.0520502789951, 1.2307715279251368], "Sigma": [[0.008457464220474315, -0.00046704340098005937, -0.006874732183252577], [-0.00046704340098005937, 0.004994494668805547, 0.0020700033931264888], [-0.006874732183252578, 0.0020700033931264888, 0.007739267611004145]], "chi2_level": 0.95, "chi2_df": 3, "chi2_threshold": 7.814727903251179, "N_raw": 30, "N_roi": 26, "N_inlier": 24, "refit": true}
{"timestamp": "16:46:16.546888", "frame": 31, "mu": [-1.262291462552043, 3.0591730001250372, 1.1914031623194172], "Sigma": [[0.011323575379816661, 0.00029029080820577586, -0.013285024522743275], [0.000290290808205776, 0.004583414018793992, 0.0012745686042268808], [-0.013285024522743275, 0.0012745686042268808, 0.01720449930310431]], "chi2_level": 0.95, "chi2_df": 3, "chi2_threshold": 7.814727903251179, "N_raw": 34, "N_roi": 33, "N_inlier": 32, "refit": true}
{"timestamp": "16:46:16.609433", "frame": 32, "mu": [-1.2338398505071053, 3.0756236603430973, 1.105082464570562], "Sigma": [[0.01858727471101982, 0.00035884101481136995, -0.012300038776897754], [0.0003588410148113706, 0.006974563278000724, -0.007616383309352036], [-0.012300038776897754, -0.007616383309352036, 0.02052761416149557]], "chi2_level": 0.95, "chi2_df": 3, "chi2_threshold": 7.814727903251179, "N_raw": 82, "N_roi": 80, "N_inlier": 77, "refit": true}
{"timestamp": "16:46:16.660092", "frame": 33, "mu": [-1.1806006667502758, 3.039777459828499, 1.1155398514675738], "Sigma": [[0.018370687135297915, -0.0001537954596430314, -0.005397604071248262], [-0.0001537954596430314, 0.004415314684749343, -0.004743869835933196], [-0.005397604071248261, -0.004743869835933197, 0.013107170109595051]], "chi2_level": 0.95, "chi2_df": 3, "chi2_threshold": 7.814727903251179, "N_raw": 53, "N_roi": 53, "N_inlier": 49, "refit": true}
{"timestamp": "16:46:16.719086", "frame": 34, "mu": [-1.1033942337639517, 3.0561077301368433, 1.0640115358794784], "Sigma": [[0.01813558508595281, 0.0012834929071019851, -0.008599556040290168], [0.0012834929071019851, 0.0068458019951289995, -0.007407034952042625], [-0.008599556040290168, -0.007407034952042625, 0.013667680552489889]], "chi2_level": 0.95, "chi2_df": 3, "chi2_threshold": 7.814727903251179, "N_raw": 81, "N_roi": 81, "N_inlier": 78, "refit": true}
{"timestamp": "16:46:16.767416", "frame": 35, "mu": [-0.9898134670741565, 3.019799405335964, 0.9963513342490047], "Sigma": [[0.01346802528539628, 0.002901461727255194, -0.013424010932420332], [0.0029014617272551946, 0.0027647774529155015, -0.009876805736410674], [-0.01342401093242033, -0.009876805736410674, 0.04724550478658201]], "chi2_level": 0.95, "chi2_df": 3, "chi2_threshold": 7.814727903251179, "N_raw": 37, "N_roi": 33, "N_inlier": 29, "refit": true}
{"timestamp": "16:46:16.826597", "frame": 36, "mu": [-0.9744638796425402, 3.1608884383512756, 0.6541285038804676], "Sigma": [[0.022628782833114196, 0.0045399192813830634, -0.041477911575888905], [0.0045399192813830634, 0.005188253438380753, -0.02207907485235407], [-0.041477911575888905, -0.02207907485235407, 0.15620919398394348]], "chi2_level": 0.95, "chi2_df": 3, "chi2_threshold": 7.814727903251179, "N_raw": 64, "N_roi": 64, "N_inlier": 64, "refit": true}
{"timestamp": "16:46:16.878186", "frame": 37, "mu": [-0.9124396163461683, 3.2212083775897677, 0.002215199882613839], "Sigma": [[0.01065737583401574, 0.0034979912270682433, -0.00569247141448276], [0.0034979912270682433, 0.005297328211199205, -0.00168980053871839], [-0.00569247141448276, -0.0016898005387183898, 0.004353743439634683]], "chi2_level": 0.95, "chi2_df": 3, "chi2_threshold": 7.814727903251179, "N_raw": 40, "N_roi": 40, "N_inlier": 37, "refit": true}
{"timestamp": "16:46:16.936123", "frame": 38, "mu": [-0.8978309620382172, 3.088005138784615, 1.1623529810223259], "Sigma": [[0.015037245190638827, 0.001040352814737236, -0.010318807293803856], [0.0010403528147372363, 0.003613114945869348, -0.005499387375587575], [-0.010318807293803856, -0.005499387375587575, 0.01978906382538745]], "chi2_level": 0.95, "chi2_df": 3, "chi2_threshold": 7.814727903251179, "N_raw": 60, "N_roi": 56, "N_inlier": 53, "refit": true}
{"timestamp": "16:46:16.989746", "frame": 39, "mu": [-0.8032957472969882, 3.2732425719862728, 1.3000363102427315], "Sigma": [[0.015286165250430262, 0.00014373182596649027, -0.016081143446841528], [0.00014373182596649038, 0.003401424495300845, -0.0034363022223917895], [-0.016081143446841528, -0.0034363022223917903, 0.027491082049655946]], "chi2_level": 0.95, "chi2_df": 3, "chi2_threshold": 7.814727903251179, "N_raw": 55, "N_roi": 55, "N_inlier": 52, "refit": true}
{"timestamp": "16:46:17.043745", "frame": 40, "mu": [-0.7638139742442085, 3.149371686362514, 1.0780815062977482], "Sigma": [[0.013096899502629067, 0.0016807974502416666, -0.01416826667960433], [0.0016807974502416666, 0.002116552238428193, -0.0038613467625503296], [-0.01416826667960433, -0.00386134676255033, 0.04035789955458259]], "chi2_level": 0.95, "chi2_df": 3, "chi2_threshold": 7.814727903251179, "N_raw": 52, "N_roi": 51, "N_inlier": 48, "refit": true}
{"timestamp": "16:46:17.099920", "frame": 41, "mu": [-0.678996332219635, 3.1625513508733425, 1.053276007636825], "Sigma": [[0.016310589858853506, -0.00023672109846381654, -0.01359309483757385], [-0.00023672109846381665, 0.004056588214146555, -0.0013944847382986447], [-0.01359309483757385, -0.0013944847382986452, 0.015407909482188146]], "chi2_level": 0.95, "chi2_df": 3, "chi2_threshold": 7.814727903251179, "N_raw": 57, "N_roi": 55, "N_inlier": 53, "refit": true}
{"timestamp": "16:46:17.153309", "frame": 42, "mu": [-0.6536729283959788, 3.1288116226838465, 1.0233912860804362], "Sigma": [[0.008567981060178526, -0.00025044152720635573, -0.0093650251556986], [-0.00025044152720635573, 0.0008113341168019653, -0.0017341021813991912], [-0.0093650251556986, -0.0017341021813991908, 0.02531752821005461]], "chi2_level": 0.95, "chi2_df": 3, "chi2_threshold": 7.814727903251179, "N_raw": 41, "N_roi": 34, "N_inlier": 31, "refit": true}
{"timestamp": "16:46:17.215041", "frame": 43, "mu": [-0.6549728123772988, 3.15854778748666, -0.7193943237790916], "Sigma": [[0.018128015875750407, 0.008592018571477032, 0.036019031402373], [0.008592018571477034, 0.011264511356431141, 0.03047175980186957], [0.036019031402372996, 0.03047175980186957, 0.13803707241990007]], "chi2_level": 0.95, "chi2_df": 3, "chi2_threshold": 7.814727903251179, "N_raw": 60, "N_roi": 58, "N_inlier": 53, "refit": true}
{"timestamp": "16:46:17.268217", "frame": 44, "mu": [-0.4941879698534196, 3.2410328657679073, 0.8166433469578338], "Sigma": [[0.036661739792182624, 0.010024797993108406, -0.06317665688644541], [0.010024797993108406, 0.007489190827252626, -0.026093434250734925], [-0.06317665688644543, -0.026093434250734925, 0.17827081427486557]], "chi2_level": 0.95, "chi2_df": 3, "chi2_threshold": 7.814727903251179, "N_raw": 78, "N_roi": 70, "N_inlier": 65, "refit": true}
{"timestamp": "16:46:17.324532", "frame": 45, "mu": [-0.48742657166637193, 3.24210555104438, 1.2422475405557751], "Sigma": [[0.026235220846113738, 0.0072351810993461045, -0.02112533736745291], [0.0072351810993461045, 0.011878631863439714, -0.010491487739701265], [-0.02112533736745291, -0.010491487739701265, 0.034567887761964275]], "chi2_level": 0.95, "chi2_df": 3, "chi2_threshold": 7.814727903251179, "N_raw": 86, "N_roi": 84, "N_inlier": 76, "refit": true}
{"timestamp": "16:46:17.378888", "frame": 46, "mu": [-0.4680985257156881, 3.2654299391664265, 0.0020191245602169394], "Sigma": [[0.020205410610414826, 0.004141060179361473, -0.015492879455790018], [0.004141060179361473, 0.008989927973116957, -0.0076834209280003014], [-0.015492879455790016, -0.0076834209280003014, 0.022409823110885095]], "chi2_level": 0.95, "chi2_df": 3, "chi2_threshold": 7.814727903251179, "N_raw": 79, "N_roi": 75, "N_inlier": 74, "refit": true}
{"timestamp": "16:46:17.433678", "frame": 47, "mu": [-0.3797657701630422, 3.1585826971154822, 1.1530494244975458], "Sigma": [[0.020671374512798688, 0.0015797876679195287, -0.00956103617705774], [0.0015797876679195287, 0.004309987793113939, -0.006487885865522926], [-0.00956103617705774, -0.006487885865522926, 0.020114506927896736]], "chi2_level": 0.95, "chi2_df": 3, "chi2_threshold": 7.814727903251179, "N_raw": 79, "N_roi": 77, "N_inlier": 73, "refit": true}
{"timestamp": "16:46:17.486947", "frame": 48, "mu": [-0.32557062857844044, 3.108607750197212, 0.9759147299109763], "Sigma": [[0.01667696299291086, 0.0017623697012496594, -0.005902879120263261], [0.0017623697012496594, 0.0041232853395327855, -0.005098191539648168], [-0.005902879120263261, -0.005098191539648168, 0.01168473249548234]], "chi2_level": 0.95, "chi2_df": 3, "chi2_threshold": 7.814727903251179, "N_raw": 66, "N_roi": 64, "N_inlier": 61, "refit": true}
{"timestamp": "16:46:17.536145", "frame": 49, "mu": [-0.2769015205689187, 3.266338518776334, -0.28294533221669144], "Sigma": [[0.00877773187631281, 0.0009924862622255042, -0.004249754049634958], [0.0009924862622255042, 0.0024475134273866457, -0.003170878345814543], [-0.004249754049634957, -0.003170878345814543, 0.007140971698306886]], "chi2_level": 0.95, "chi2_df": 3, "chi2_threshold": 7.814727903251179, "N_raw": 30, "N_roi": 30, "N_inlier": 26, "refit": true}
{"timestamp": "16:46:17.594323", "frame": 50, "mu": [-0.18090078945643176, 3.2409499124368852, 0.07198627706768766], "Sigma": [[0.01700692260605909, 0.0032267695443174956, -0.00248735631531931], [0.003226769544317495, 0.005451905997465493, 0.001571201397860477], [-0.00248735631531931, 0.0015712013978604771, 0.0022606705115780276]], "chi2_level": 0.95, "chi2_df": 3, "chi2_threshold": 7.814727903251179, "N_raw": 56, "N_roi": 56, "N_inlier": 55, "refit": true}
{"timestamp": "16:46:17.648816", "frame": 51, "mu": [-0.14640114971512944, 3.114934491630717, 1.3294974942844568], "Sigma": [[0.012000433623740163, -0.00021979526640686356, -0.00883510084096703], [-0.00021979526640686372, 0.003972399793420212, -0.00023820327566475224], [-0.008835100840967032, -0.00023820327566475235, 0.008931435199818939]], "chi2_level": 0.95, "chi2_df": 3, "chi2_threshold": 7.814727903251179, "N_raw": 45, "N_roi": 45, "N_inlier": 44, "refit": true}
{"timestamp": "16:46:17.707273", "frame": 52, "mu": [-0.06819835025922277, 3.1225295486088984, 1.2152395884003315], "Sigma": [[0.014547050272422533, -0.0014770673196442571, -0.00889300641116389], [-0.0014770673196442576, 0.0036939211675447482, -0.005129360546266929], [-0.00889300641116389, -0.005129360546266929, 0.022284538723708752]], "chi2_level": 0.95, "chi2_df": 3, "chi2_threshold": 7.814727903251179, "N_raw": 68, "N_roi": 68, "N_inlier": 64, "refit": true}
{"timestamp": "16:46:17.758063", "frame": 53, "mu": [-0.01662814855042429, 3.101907029212133, 1.342991159487745], "Sigma": [[0.012019403179854013, -0.0017199098345118372, -0.0063573803356590675], [-0.0017199098345118372, 0.003694027524721354, 0.0013228288426080032], [-0.0063573803356590675, 0.0013228288426080032, 0.00788445978972924]], "chi2_level": 0.95, "chi2_df": 3, "chi2_threshold": 7.814727903251179, "N_raw": 40, "N_roi": 40, "N_inlier": 38, "refit": true}
{"timestamp": "16:46:17.818793", "frame": 54, "mu": [0.017243793424790918, 3.1538064253135936, 1.3407352604814993], "Sigma": [[0.015626759573528833, -0.0003857192377734271, -0.003438263313876396], [-0.0003857192377734271, 0.005023748331717926, -0.0038080167599365902], [-0.0034382633138763962, -0.0038080167599365902, 0.0149657514596443]], "chi2_level": 0.95, "chi2_df": 3, "chi2_threshold": 7.814727903251179, "N_raw": 73, "N_roi": 70, "N_inlier": 66, "refit": true}
{"timestamp": "16:46:17.872645", "frame": 55, "mu": [0.04280049409057016, 3.219141476574928, 0.2337835980651114], "Sigma": [[0.01338853598768469, -0.0005105482011361547, -0.007179419098813342], [-0.000510548201136155, 0.007069146276213267, 0.0013230062712070623], [-0.007179419098813342, 0.0013230062712070625, 0.005712350367027615]], "chi2_level": 0.95, "chi2_df": 3, "chi2_threshold": 7.814727903251179, "N_raw": 63, "N_roi": 63, "N_inlier": 60, "refit": true}
{"timestamp": "16:46:17.928577", "frame": 56, "mu": [0.09195800810427947, 3.195801757569982, 1.2960971586690726], "Sigma": [[0.015583524334741835, -0.0018718208632383915, 0.0026245232644934204], [-0.0018718208632383915, 0.003915807147932163, -0.006758431128984036], [0.0026245232644934204, -0.006758431128984036, 0.02689732551226675]], "chi2_level": 0.95, "chi2_df": 3, "chi2_threshold": 7.814727903251179, "N_raw": 74, "N_roi": 70, "N_inlier": 66, "refit": true}
{"timestamp": "16:46:17.982567", "frame": 57, "mu": [0.1398683321827671, 3.200738429681965, 1.0605844494875618], "Sigma": [[0.010877286746265017, -0.0016817301723346526, 0.013317049748871712], [-0.0016817301723346526, 0.004872922452244389, -0.00842718754581464], [0.013317049748871716, -0.00842718754581464, 0.42739484908553577]], "chi2_level": 0.95, "chi2_df": 3, "chi2_threshold": 7.814727903251179, "N_raw": 67, "N_roi": 63, "N_inlier": 62, "refit": true}
{"timestamp": "16:46:18.035178", "frame": 58, "mu": [0.18063707033113136, 3.3470423041055155, 0.11046697362333077], "Sigma": [[0.012641665746666395, -0.0029994752074432914, -0.00245137106015405], [-0.002999475207443292, 0.009346860651666983, -0.008947411716379475], [-0.00245137106015405, -0.008947411716379475, 0.012136251118306648]], "chi2_level": 0.95, "chi2_df": 3, "chi2_threshold": 7.814727903251179, "N_raw": 53, "N_roi": 50, "N_inlier": 46, "refit": true}
{"timestamp": "16:46:18.092131", "frame": 59, "mu": [0.23706076266291082, 3.2681551468673162, 1.297920185946729], "Sigma": [[0.016982462706711256, -0.0026435343046885555, -0.007267209516171687], [-0.002643534304688555, 0.004810704621309519, -0.005543523463568269], [-0.007267209516171686, -0.0055435234635682696, 0.01679698449287093]], "chi2_level": 0.95, "chi2_df": 3, "chi2_threshold": 7.814727903251179, "N_raw": 71, "N_roi": 71, "N_inlier": 67, "refit": true}
{"timestamp": "16:46:18.146228", "frame": 60, "mu": [0.3113596027309684, 3.29171485080568, 1.2986650556512944], "Sigma": [[0.01694681567449847, -0.002122828094693141, -0.010518063175381544], [-0.002122828094693141, 0.0034167310624377044, -0.001593618702804992], [-0.010518063175381544, -0.0015936187028049917, 0.02339493324752937]], "chi2_level": 0.95, "chi2_df": 3, "chi2_threshold": 7.814727903251179, "N_raw": 61, "N_roi": 60, "N_inlier": 55, "refit": true}
{"timestamp": "16:46:18.199165", "frame": 61, "mu": [0.37785150393193745, 3.196884000520055, 1.3443938776269306], "Sigma": [[0.01015042931606687, -0.0009487887315450094, -0.006341991357938765], [-0.0009487887315450094, 0.0026303551990511454, -0.001410480357708042], [-0.006341991357938765, -0.001410480357708042, 0.01269185555589289]], "chi2_level": 0.95, "chi2_df": 3, "chi2_threshold": 7.814727903251179, "N_raw": 39, "N_roi": 39, "N_inlier": 35, "refit": true}
{"timestamp": "16:46:18.253488", "frame": 62, "mu": [0.40810349621116265, 3.307869596508713, 0.15438867954291377], "Sigma": [[0.011260779019006696, -0.000811757747972141, -0.0044497314150303315], [-0.000811757747972141, 0.0046506504933840325, -0.005163170082058169], [-0.0044497314150303315, -0.005163170082058169, 0.011025877255487662]], "chi2_level": 0.95, "chi2_df": 3, "chi2_threshold": 7.814727903251179, "N_raw": 42, "N_roi": 42, "N_inlier": 40, "refit": true}
{"timestamp": "16:46:18.310942", "frame": 63, "mu": [0.49083702668928536, 3.2257893018745825, 1.1593796164207553], "Sigma": [[0.01648111758241605, -0.006888937954539839, -0.023047967699059237], [-0.006888937954539841, 0.005514270946785674, 0.00589902288616813], [-0.023047967699059233, 0.00589902288616813, 0.04840505542231567]], "chi2_level": 0.95, "chi2_df": 3, "chi2_threshold": 7.814727903251179, "N_raw": 62, "N_roi": 56, "N_inlier": 54, "refit": true}
{"timestamp": "16:46:18.365861", "frame": 64, "mu": [0.5277116974605236, 3.2002395703611795, 1.1015189761557924], "Sigma": [[0.01312249446644168, -0.005211520249022127, -0.014508851436399682], [-0.005211520249022127, 0.004735166121733676, 0.0024938035323700284], [-0.01450885143639968, 0.002493803532370029, 0.02454625810371213]], "chi2_level": 0.95, "chi2_df": 3, "chi2_threshold": 7.814727903251179, "N_raw": 53, "N_roi": 51, "N_inlier": 47, "refit": true}
{"timestamp": "16:46:18.413123", "frame": 65, "mu": [0.6234619830476563, 3.272748237392286, 0.7622701318244347], "Sigma": [[0.005923483402780218, 0.008900625135496424, -0.031862849178561824], [0.008900625135496424, 0.019570054401302966, -0.04792640090958055], [-0.031862849178561824, -0.04792640090958055, 0.1722008740216926]], "chi2_level": 0.95, "chi2_df": 3, "chi2_threshold": 7.814727903251179, "N_raw": 7, "N_roi": 7, "N_inlier": 7, "refit": true}
{"timestamp": "16:46:18.548430", "frame": 66, "mu": [0.6005150483366034, 3.3880909227941185, -0.010469019849328748], "Sigma": [[0.010555750771603178, -0.0019116216098848749, -0.010089283733769664], [-0.0019116216098848749, 0.005404353293363987, 0.013582521626399688], [-0.010089283733769666, 0.013582521626399688, 0.04460632351636404]], "chi2_level": 0.95, "chi2_df": 3, "chi2_threshold": 7.814727903251179, "N_raw": 43, "N_roi": 43, "N_inlier": 40, "refit": true}
{"timestamp": "16:46:18.580893", "frame": 67, "mu": [0.6965661879949867, 3.2111895119512734, 1.103787691235855], "Sigma": [[0.015474886380488282, -0.00179899376652539, -0.0035770306633558183], [-0.00179899376652539, 0.009490228560203448, 0.003977882027368989], [-0.0035770306633558183, 0.003977882027368989, 0.0036185395386720857]], "chi2_level": 0.95, "chi2_df": 3, "chi2_threshold": 7.814727903251179, "N_raw": 62, "N_roi": 62, "N_inlier": 61, "refit": true}
{"timestamp": "16:46:18.608362", "frame": 68, "mu": [0.7369575066217361, 3.143183956769417, 0.996356744687066], "Sigma": [[0.01255250956253778, -0.0029804569618578354, -0.0036600490281257503], [-0.0029804569618578354, 0.0047231582678651735, -0.001074217482225088], [-0.0036600490281257503, -0.001074217482225088, 0.0043365089221470005]], "chi2_level": 0.95, "chi2_df": 3, "chi2_threshold": 7.814727903251179, "N_raw": 50, "N_roi": 50, "N_inlier": 47, "refit": true}
{"timestamp": "16:46:18.639308", "frame": 69, "mu": [0.7768974372169599, 3.123141346202309, 0.9432790557441658], "Sigma": [[0.011271794726842211, 0.0003073359847268226, 0.002500333800629732], [0.00030733598472682265, 0.0027622250317728635, -0.0026214983745690484], [0.002500333800629732, -0.0026214983745690484, 0.004668910904023133]], "chi2_level": 0.95, "chi2_df": 3, "chi2_threshold": 7.814727903251179, "N_raw": 47, "N_roi": 44, "N_inlier": 40, "refit": true}
{"timestamp": "16:46:18.694565", "frame": 70, "mu": [0.7664215015569918, 3.3121116372801365, -0.30141241835603266], "Sigma": [[0.012755520451426472, -0.0022876667190526306, 0.007950490120101697], [-0.0022876667190526306, 0.00508962372673966, -0.00616306057257828], [0.007950490120101697, -0.00616306057257828, 0.011302251655833774]], "chi2_level": 0.95, "chi2_df": 3, "chi2_threshold": 7.814727903251179, "N_raw": 45, "N_roi": 41, "N_inlier": 38, "refit": true}
{"timestamp": "16:46:18.748132", "frame": 71, "mu": [0.8503361369716064, 3.210074880982526, 0.8348653602532368], "Sigma": [[0.0073342911289782315, -0.0017348959661693344, 0.005121766919097891], [-0.0017348959661693342, 0.01727041170370138, -0.033809439850105136], [0.005121766919097891, -0.033809439850105136, 0.07374985377133256]], "chi2_level": 0.95, "chi2_df": 3, "chi2_threshold": 7.814727903251179, "N_raw": 43, "N_roi": 39, "N_inlier": 37, "refit": true}
{"timestamp": "16:46:18.799905", "frame": 72, "mu": [0.8941466708541117, 3.379604888068413, 0.6333417335216275], "Sigma": [[0.007510445756940465, -0.011024791411915846, 0.015862843496690694], [-0.011024791411915846, 0.027927128694586516, -0.05058512402402385], [0.015862843496690694, -0.05058512402402385, 0.11357977620256271]], "chi2_level": 0.95, "chi2_df": 3, "chi2_threshold": 7.814727903251179, "N_raw": 21, "N_roi": 19, "N_inlier": 18, "refit": true}
{"timestamp": "16:46:18.854413", "frame": 73, "mu": [0.9711096657704479, 3.3044630838241984, 1.3485139400716446], "Sigma": [[0.004633298315576438, -0.003839627046524496, -0.0075279257502986995], [-0.003839627046524496, 0.007471318372960214, 0.006953768690410642], [-0.0075279257502986995, 0.006953768690410641, 0.013923822822359743]], "chi2_level": 0.95, "chi2_df": 3, "chi2_threshold": 7.814727903251179, "N_raw": 20, "N_roi": 17, "N_inlier": 14, "refit": true}
{"timestamp": "16:46:18.914559", "frame": 74, "mu": [1.1006200046280474, 3.2748110716153076, 1.4736189939131308], "Sigma": [[0.015397153720753374, -0.007015697859045942, -0.012618363847531244], [-0.007015697859045942, 0.009109691753245617, 0.0077752239857160075], [-0.012618363847531244, 0.007775223985716007, 0.01390278039969225]], "chi2_level": 0.95, "chi2_df": 3, "chi2_threshold": 7.814727903251179, "N_raw": 52, "N_roi": 49, "N_inlier": 46, "refit": true}
{"timestamp": "16:46:18.968053", "frame": 75, "mu": [1.1022831400430726, 3.3597319068878564, 1.3464855798329338], "Sigma": [[0.012609428501817085, -0.0034622334942544953, -0.018607618114817932], [-0.0034622334942544953, 0.00710316183379815, -0.018909691394186474], [-0.018607618114817932, -0.018909691394186474, 0.20611681068013993]], "chi2_level": 0.95, "chi2_df": 3, "chi2_threshold": 7.814727903251179, "N_raw": 44, "N_roi": 44, "N_inlier": 42, "refit": true}
{"timestamp": "16:46:19.021431", "frame": 76, "mu": [1.1911738634002185, 3.295566127646546, 1.494040328840556], "Sigma": [[0.011027577540582267, -0.005354672949406699, -0.010938674772185832], [-0.005354672949406699, 0.006574379488675622, 0.006179582592216784], [-0.010938674772185832, 0.006179582592216784, 0.013308262320284849]], "chi2_level": 0.95, "chi2_df": 3, "chi2_threshold": 7.814727903251179, "N_raw": 38, "N_roi": 38, "N_inlier": 34, "refit": true}
{"timestamp": "16:46:19.079146", "frame": 77, "mu": [1.2470365373109957, 3.239536062536879, 1.2413798313359348], "Sigma": [[0.013797429497940798, -0.005611975467917743, -0.006245145100598586], [-0.005611975467917741, 0.004832695118565696, -0.0020877294992887032], [-0.006245145100598584, -0.0020877294992887032, 0.015252299797037822]], "chi2_level": 0.95, "chi2_df": 3, "chi2_threshold": 7.814727903251179, "N_raw": 50, "N_roi": 46, "N_inlier": 42, "refit": true}
{"timestamp": "16:46:19.134326", "frame": 78, "mu": [1.2590416777341211, 3.386044704984705, 0.13149607816819725], "Sigma": [[0.010570901721366353, -0.004757098760222539, 0.0021973529352685576], [-0.004757098760222539, 0.009922812175637011, -0.03279854543178765], [0.002197352935268557, -0.032798545431787646, 0.2300158015859414]], "chi2_level": 0.95, "chi2_df": 3, "chi2_threshold": 7.814727903251179, "N_raw": 54, "N_roi": 54, "N_inlier": 51, "refit": true}
{"timestamp": "16:46:19.188015", "frame": 79, "mu": [1.359390778161136, 3.339533562321481, 1.369656117780121], "Sigma": [[0.015306885272364327, -0.007321337225711483, -0.015551532795405127], [-0.007321337225711483, 0.006382864943340652, 0.006586038922068921], [-0.015551532795405127, 0.006586038922068922, 0.019052350710212166]], "chi2_level": 0.95, "chi2_df": 3, "chi2_threshold": 7.814727903251179, "N_raw": 41, "N_roi": 38, "N_inlier": 37, "refit": true}
{"timestamp": "16:46:19.238976", "frame": 80, "mu": [1.39601194081355, 3.3238030034870953, 1.334653351556811], "Sigma": [[0.0006377755222657766, -0.000986938328404275, 0.00332406006531297], [-0.000986938328404275, 0.0067491228892464245, 0.010996275881186823], [0.00332406006531297, 0.010996275881186823, 0.16479321579520315]], "chi2_level": 0.95, "chi2_df": 3, "chi2_threshold": 7.814727903251179, "N_raw": 10, "N_roi": 7, "N_inlier": 6, "refit": true}
{"timestamp": "16:46:19.294830", "frame": 81, "mu": [1.4169523456509956, 3.3798640088965843, 1.4380825492115727], "Sigma": [[0.012465145822604261, 0.0006509860967465633, 0.03370254592493532], [0.0006509860967465631, 0.006618696452139832, 0.03179805145239524], [0.03370254592493532, 0.03179805145239524, 0.28687960380441185]], "chi2_level": 0.95, "chi2_df": 3, "chi2_threshold": 7.814727903251179, "N_raw": 20, "N_roi": 17, "N_inlier": 16, "refit": true}
{"timestamp": "16:46:19.349953", "frame": 82, "mu": [1.445402050235834, 3.423764949765162, 1.589713281057103], "Sigma": [[0.007810340859580084, -0.0002303851401006464, 0.024488919055897184], [-0.00023038514010064652, 0.002947589737342107, 0.01829369188843862], [0.024488919055897184, 0.018293691888438622, 0.30620889147725416]], "chi2_level": 0.95, "chi2_df": 3, "chi2_threshold": 7.814727903251179, "N_raw": 19, "N_roi": 19, "N_inlier": 18, "refit": true}
{"timestamp": "16:46:19.409022", "frame": 83, "mu": [1.5249448024626941, 3.412125262617861, 1.7065307304466903], "Sigma": [[0.019903339599666572, -0.007793838602483312, -0.00870753860631824], [-0.007793838602483312, 0.0092622756774122, 0.006276710576239146], [-0.008707538606318238, 0.006276710576239146, 0.009795924367679829]], "chi2_level": 0.95, "chi2_df": 3, "chi2_threshold": 7.814727903251179, "N_raw": 54, "N_roi": 53, "N_inlier": 52, "refit": true}
{"timestamp": "16:46:19.462840", "frame": 84, "mu": [1.561185137948554, 3.4467395134895895, 1.7563476526044492], "Sigma": [[0.018208950582572662, -0.007690677419823857, -0.006099674682652801], [-0.007690677419823857, 0.007091903801113909, 0.002095235971140585], [-0.006099674682652802, 0.002095235971140585, 0.004010235792574843]], "chi2_level": 0.95, "chi2_df": 3, "chi2_threshold": 7.814727903251179, "N_raw": 41, "N_roi": 41, "N_inlier": 40, "refit": true}
{"timestamp": "16:46:19.520046", "frame": 85, "mu": [1.6199734764902993, 3.432510541576317, 1.5714655812646292], "Sigma": [[0.023308263928734498, -0.008927701064420281, -0.01781350168032799], [-0.008927701064420281, 0.007493578740982955, 0.00301967556533553], [-0.01781350168032799, 0.0030196755653355304, 0.020208664121902226]], "chi2_level": 0.95, "chi2_df": 3, "chi2_threshold": 7.814727903251179, "N_raw": 53, "N_roi": 53, "N_inlier": 51, "refit": true}
{"timestamp": "16:46:19.574094", "frame": 86, "mu": [1.688240812641435, 3.3492202101954245, 1.34046023165423], "Sigma": [[0.018336178152762977, -0.01053735813092609, -0.011123217004239263], [-0.01053735813092609, 0.016129932354666022, 0.01765050113123031], [-0.011123217004239263, 0.01765050113123031, 0.022263509987670002]], "chi2_level": 0.95, "chi2_df": 3, "chi2_threshold": 7.814727903251179, "N_raw": 48, "N_roi": 48, "N_inlier": 47, "refit": true}
{"timestamp": "16:46:19.626009", "frame": 87, "mu": [1.684985056613411, 3.319250821480237, 1.3119337718679893], "Sigma": [[0.00948376356994173, -0.007604710549261506, -0.01199769489118521], [-0.007604710549261506, 0.014012831169071498, 0.022782725314263463], [-0.011997694891185212, 0.022782725314263466, 0.03952743007895281]], "chi2_level": 0.95, "chi2_df": 3, "chi2_threshold": 7.814727903251179, "N_raw": 29, "N_roi": 26, "N_inlier": 25, "refit": true}
{"timestamp": "16:46:19.679671", "frame": 88, "mu": [1.7628518986032544, 3.398115777135039, 0.10781407008829755], "Sigma": [[0.008546668486725537, -0.003601151647615977, -0.009045330808274568], [-0.0036011516476159773, 0.004026453985432569, 0.0051599608914391125], [-0.009045330808274568, 0.0051599608914391125, 0.012298733314720074]], "chi2_level": 0.95, "chi2_df": 3, "chi2_threshold": 7.814727903251179, "N_raw": 22, "N_roi": 22, "N_inlier": 21, "refit": true}
{"timestamp": "16:46:19.733894", "frame": 89, "mu": [1.7878725004733176, 3.323589768519674, 1.4037784536013176], "Sigma": [[0.007055606881754994, -0.0038802073322588165, -0.0030931962006443205], [-0.0038802073322588165, 0.006228483232928049, 0.007043899479760608], [-0.003093196200644321, 0.007043899479760608, 0.009193129159133064]], "chi2_level": 0.95, "chi2_df": 3, "chi2_threshold": 7.814727903251179, "N_raw": 20, "N_roi": 20, "N_inlier": 19, "refit": true}
{"timestamp": "16:46:19.843513", "frame": 91, "mu": [1.8743285199162014, 3.245603073630693, 1.164659629117007], "Sigma": [[0.005596672598788975, -0.003982851266700873, -0.0027153672918533794], [-0.003982851266700873, 0.006125816074378779, 0.005684716570271834], [-0.002715367291853379, 0.005684716570271834, 0.006913474112529238]], "chi2_level": 0.95, "chi2_df": 3, "chi2_threshold": 7.814727903251179, "N_raw": 17, "N_roi": 15, "N_inlier": 13, "refit": true}
{"timestamp": "16:46:19.903928", "frame": 92, "mu": [1.9125516954867647, 3.3431574280415397, 0.20443078445364857], "Sigma": [[0.009902989929062939, -0.0015996498298853179, -0.006836103270502062], [-0.0015996498298853179, 0.0024467157943311273, 0.0013419384677126824], [-0.006836103270502062, 0.0013419384677126826, 0.005605399546870104]], "chi2_level": 0.95, "chi2_df": 3, "chi2_threshold": 7.814727903251179, "N_raw": 14, "N_roi": 13, "N_inlier": 12, "refit": true}
{"timestamp": "16:46:19.952578", "frame": 93, "mu": [1.9757454431797108, 3.354536483220973, 1.0953593819129321], "Sigma": [[0.010023695215649607, 0.005479464357481944, -0.0385718106216455], [0.005479464357481944, 0.0038643068050075494, -0.024493467618341702], [-0.0385718106216455, -0.024493467618341702, 0.17459251507678922]], "chi2_level": 0.95, "chi2_df": 3, "chi2_threshold": 7.814727903251179, "N_raw": 9, "N_roi": 6, "N_inlier": 6, "refit": true}
{"timestamp": "16:46:20.172672", "frame": 97, "mu": [2.020825045251865, 3.316030692067023, 1.495631393662703], "Sigma": [[0.0046030503151780295, 0.002039825770407982, -0.00872932915270853], [0.002039825770407982, 0.0009497420061501666, -0.003963319155235526], [-0.00872932915270853, -0.003963319155235525, 0.020150974447554613]], "chi2_level": 0.95, "chi2_df": 3, "chi2_threshold": 7.814727903251179, "N_raw": 8, "N_roi": 5, "N_inlier": 5, "refit": true}
{"timestamp": "16:46:20.286393", "frame": 99, "mu": [2.1645429719864078, 3.3850258906197976, 1.1321543440873976], "Sigma": [[0.024665104586876572, -0.0032735146217031967, -0.023613743327421912], [-0.003273514621703198, 0.004284835112824594, 0.015911211809814866], [-0.023613743327421916, 0.015911211809814866, 0.15949432333655286]], "chi2_level": 0.95, "chi2_df": 3, "chi2_threshold": 7.814727903251179, "N_raw": 28, "N_roi": 7, "N_inlier": 7, "refit": true}
