{"timestamp": "17:16:38.537141", "frame": 15, "mu": [-2.4435974451844276, 2.958319153695507, 1.3105106452136472], "Sigma": [[0.001500664439055641, 0.0006010455564689754, -0.0008408212836232863], [0.0006010455564689754, 0.002918386935356764, -0.0009213263555883726], [-0.0008408212836232863, -0.0009213263555883726, 0.0006983346529545821]], "chi2_level": 0.95, "chi2_df": 3, "chi2_threshold": 7.814727903251179, "N_raw": 64, "N_roi": 9, "N_inlier": 9, "refit": true}
{"timestamp": "17:16:38.593391", "frame": 16, "mu": [-2.39104649688629, 2.955096652274704, 1.3158230638983983], "Sigma": [[0.004615830834415539, 0.001459056339678428, -0.0020680952878465095], [0.001459056339678428, 0.0052934252506616555, -0.0008312877382103614], [-0.0020680952878465095, -0.0008312877382103612, 0.0015426359544520893]], "chi2_level": 0.95, "chi2_df": 3, "chi2_threshold": 7.814727903251179, "N_raw": 68, "N_roi": 21, "N_inlier": 19, "refit": true}
{"timestamp": "17:16:38.652159", "frame": 17, "mu": [-2.3873675897411206, 2.9558271977039157, 1.3155728364372614], "Sigma": [[0.004643520110617183, 0.0014596397009503544, -0.0007477527077816402], [0.0014596397009503546, 0.005988365481208485, -0.0025308512923144784], [-0.0007477527077816402, -0.002530851292314479, 0.0012347974515496333]], "chi2_level": 0.95, "chi2_df": 3, "chi2_threshold": 7.814727903251179, "N_raw": 79, "N_roi": 21, "N_inlier": 20, "refit": true}
{"timestamp": "17:16:38.707160", "frame": 18, "mu": [-2.3588896465245908, 3.059654634163092, 1.4321550600656332], "Sigma": [[0.0070161281315972044, 0.004738222581849528, -0.0035665450692233015], [0.004738222581849528, 0.01647843424780864, -0.0017375508444828574], [-0.0035665450692233015, -0.0017375508444828574, 0.0029665202210465698]], "chi2_level": 0.95, "chi2_df": 3, "chi2_threshold": 7.814727903251179, "N_raw": 80, "N_roi": 37, "N_inlier": 37, "refit": true}
{"timestamp": "17:16:38.752518", "frame": 19, "mu": [-2.3992441668653632, 3.0292182151632323, 0.21858557516481744], "Sigma": [[0.0016005458884719237, 0.0011290987217398834, -0.0012863831796294516], [0.0011290987217398834, 0.005697606535845062, -0.0008823219465591592], [-0.0012863831796294516, -0.0008823219465591591, 0.004589888697113285]], "chi2_level": 0.95, "chi2_df": 3, "chi2_threshold": 7.814727903251179, "N_raw": 13, "N_roi": 6, "N_inlier": 6, "refit": true}
{"timestamp": "17:16:38.810645", "frame": 20, "mu": [-2.3146373843649077, 3.008642837653867, 1.3876260484416423], "Sigma": [[0.011728150047865909, 0.006228373923295389, -0.009154961695190852], [0.006228373923295389, 0.007821477842235865, -0.0061547463430835425], [-0.009154961695190852, -0.0061547463430835425, 0.008645472857818389]], "chi2_level": 0.95, "chi2_df": 3, "chi2_threshold": 7.814727903251179, "N_raw": 43, "N_roi": 31, "N_inlier": 30, "refit": true}
{"timestamp": "17:16:38.867570", "frame": 21, "mu": [-2.2835402413158716, 3.0743090610287394, 1.3760146826133417], "Sigma": [[0.014892209338434758, 0.009323308521426134, -0.009672337411557777], [0.009323308521426134, 0.013516079972234448, -0.007532753480297371], [-0.009672337411557777, -0.007532753480297372, 0.013884947413063224]], "chi2_level": 0.95, "chi2_df": 3, "chi2_threshold": 7.814727903251179, "N_raw": 53, "N_roi": 46, "N_inlier": 45, "refit": true}
{"timestamp": "17:16:38.924148", "frame": 22, "mu": [-2.256016228743136, 3.0927648897748568, 1.4403320865183709], "Sigma": [[0.020272030072041602, 0.012866222196657482, 0.0009319916308882], [0.012866222196657482, 0.014081305238498711, -0.003041948508240964], [0.0009319916308882, -0.0030419485082409646, 0.006720424727853119]], "chi2_level": 0.95, "chi2_df": 3, "chi2_threshold": 7.814727903251179, "N_raw": 57, "N_roi": 52, "N_inlier": 49, "refit": true}
{"timestamp": "17:16:38.977258", "frame": 23, "mu": [-2.2637143297116236, 3.073876579574171, 1.2935177942363953], "Sigma": [[0.0171856002276847, 0.009573847630847183, -0.011026080129493965], [0.009573847630847183, 0.010290660447593294, -0.010744732636029798], [-0.011026080129493965, -0.010744732636029798, 0.013711212465054771]], "chi2_level": 0.95, "chi2_df": 3, "chi2_threshold": 7.814727903251179, "N_raw": 49, "N_roi": 47, "N_inlier": 46, "refit": true}
{"timestamp": "17:16:39.030909", "frame": 24, "mu": [-2.215358480027218, 3.035229858222113, 1.4314022727627798], "Sigma": [[0.01390314863116752, 0.00915538132763086, -0.005412789469313555], [0.00915538132763086, 0.010860733469168772, -0.0048195695843786315], [-0.005412789469313555, -0.0048195695843786315, 0.005681560736770568]], "chi2_level": 0.95, "chi2_df": 3, "chi2_threshold": 7.814727903251179, "N_raw": 39, "N_roi": 39, "N_inlier": 36, "refit": true}
{"timestamp": "17:16:39.088076", "frame": 25, "mu": [-2.2361403788425243, 3.0286051729012704, 1.389467031853448], "Sigma": [[0.021138003137517115, 0.009413540418333238, -0.016595580497303287], [0.009413540418333238, 0.009483897655641014, -0.013274277569506896], [-0.016595580497303287, -0.013274277569506894, 0.024513985658153586]], "chi2_level": 0.95, "chi2_df": 3, "chi2_threshold": 7.814727903251179, "N_raw": 54, "N_roi": 54, "N_inlier": 54, "refit": true}
{"timestamp": "17:16:39.140781", "frame": 26, "mu": [-2.088083224873738, 3.1316400999565803, 1.263246319938749], "Sigma": [[0.018222528422306414, 0.00946131572904749, -0.0028029787797292853], [0.00946131572904749, 0.008535144103611893, -0.0058159545639978535], [-0.0028029787797292857, -0.005815954563997853, 0.008226833401290093]], "chi2_level": 0.95, "chi2_df": 3, "chi2_threshold": 7.814727903251179, "N_raw": 43, "N_roi": 43, "N_inlier": 43, "refit": true}
{"timestamp": "17:16:39.198772", "frame": 27, "mu": [-2.025995049186134, 3.13184772452159, 1.3307701019576328], "Sigma": [[0.020879184935661287, 0.009298273646046646, -0.0065409951577998175], [0.009298273646046646, 0.005830040647827178, -0.0071862626834506334], [-0.006540995157799819, -0.0071862626834506334, 0.017911648865427933]], "chi2_level": 0.95, "chi2_df": 3, "chi2_threshold": 7.814727903251179, "N_raw": 45, "N_roi": 42, "N_inlier": 41, "refit": true}
{"timestamp": "17:16:39.250980", "frame": 28, "mu": [-2.0551248062023655, 3.0604713384547284, 1.1265871581115636], "Sigma": [[0.015527364271798254, 0.009830759516308855, -0.00436239614149716], [0.009830759516308851, 0.01068048913034165, -0.003597469547925509], [-0.00436239614149716, -0.0035974695479255095, 0.00150965787161734]], "chi2_level": 0.95, "chi2_df": 3, "chi2_threshold": 7.814727903251179, "N_raw": 39, "N_roi": 39, "N_inlier": 36, "refit": true}
{"timestamp": "17:16:39.302237", "frame": 29, "mu": [-1.9105081234741004, 3.123022146029152, 1.1432570624287626], "Sigma": [[0.008733513361622059, 0.0033662240326010106, -0.0028806774547498466], [0.0033662240326010106, 0.0025267071158264227, -0.002855113132558927], [-0.002880677454749847, -0.002855113132558927, 0.005022495388513949]], "chi2_level": 0.95, "chi2_df": 3, "chi2_threshold": 7.814727903251179, "N_raw": 21, "N_roi": 21, "N_inlier": 20, "refit": true}
{"timestamp": "17:16:39.364692", "frame": 30, "mu": [-1.8234413920148875, 3.104269410635241, 1.3245046644807763], "Sigma": [[0.017362932367958092, 0.008475350673759034, 0.0005072723360095908], [0.008475350673759032, 0.008028577251368284, -0.007137404171025351], [0.0005072723360095908, -0.007137404171025351, 0.03569294762233431]], "chi2_level": 0.95, "chi2_df": 3, "chi2_threshold": 7.814727903251179, "N_raw": 61, "N_roi": 59, "N_inlier": 58, "refit": true}
{"timestamp": "17:16:39.420544", "frame": 31, "mu": [-1.8186248746370912, 3.073670270390848, 1.194952827480205], "Sigma": [[0.020154702829484988, 0.006417213853320385, -0.013040831880915966], [0.006417213853320383, 0.006758790959151961, -0.012868877453375237], [-0.013040831880915966, -0.012868877453375237, 0.02765432710418244]], "chi2_level": 0.95, "chi2_df": 3, "chi2_threshold": 7.814727903251179, "N_raw": 68, "N_roi": 66, "N_inlier": 65, "refit": true}
{"timestamp": "17:16:39.472789", "frame": 32, "mu": [-1.7388366287381067, 3.0928131695403334, 1.190934785123322], "Sigma": [[0.018121797831396055, 0.006211405802324261, -0.016351114271907823], [0.0062114058023242606, 0.005803628315780319, -0.011121405795526037], [-0.01635111427190782, -0.011121405795526035, 0.025613112018293444]], "chi2_level": 0.95, "chi2_df": 3, "chi2_threshold": 7.814727903251179, "N_raw": 53, "N_roi": 51, "N_inlier": 50, "refit": true}
{"timestamp": "17:16:39.530874", "frame": 33, "mu": [-1.6845859526860152, 3.105223539661535, 1.3154539012308375], "Sigma": [[0.017080396936293214, 0.008984239016093536, -0.010989222055749655], [0.008984239016093536, 0.011257821864824597, -0.01152623685703845], [-0.010989222055749655, -0.011526236857038448, 0.01639827382870006]], "chi2_level": 0.95, "chi2_df": 3, "chi2_threshold": 7.814727903251179, "N_raw": 69, "N_roi": 64, "N_inlier": 61, "refit": true}
{"timestamp": "17:16:39.584629", "frame": 34, "mu": [-1.6352299676788449, 3.102364189853273, 1.52607486251067], "Sigma": [[0.01737198776982736, 0.007807589419791697, -0.005740403824245049], [0.007807589419791698, 0.012188048017938416, -0.0028575369967427135], [-0.005740403824245049, -0.0028575369967427135, 0.005615106959504312]], "chi2_level": 0.95, "chi2_df": 3, "chi2_threshold": 7.814727903251179, "N_raw": 63, "N_roi": 63, "N_inlier": 61, "refit": true}
{"timestamp": "17:16:39.639960", "frame": 35, "mu": [-1.59558633978684, 3.033284857238419, 1.221647525722706], "Sigma": [[0.015663774400473954, 0.0019141984858898997, -0.011252763992046853], [0.0019141984858898997, 0.003111815974108866, -0.00904613732287022], [-0.011252763992046853, -0.00904613732287022, 0.03645453021325361]], "chi2_level": 0.95, "chi2_df": 3, "chi2_threshold": 7.814727903251179, "N_raw": 63, "N_roi": 61, "N_inlier": 57, "refit": true}
{"timestamp": "17:16:39.687549", "frame": 36, "mu": [-1.4579718081245074, 3.1264377428876924, 0.8641532752853465], "Sigma": [[0.002755643624343678, -0.004020798665114635, 0.017373232878767544], [-0.004020798665114635, 0.009302294492627233, -0.03987673374712307], [0.01737323287876754, -0.039876733747123076, 0.18817849571416756]], "chi2_level": 0.95, "chi2_df": 3, "chi2_threshold": 7.814727903251179, "N_raw": 8, "N_roi": 8, "N_inlier": 7, "refit": true}
{"timestamp": "17:16:39.746869", "frame": 37, "mu": [-1.410636176869915, 3.060052063503586, 1.2791814229753304], "Sigma": [[0.011949259731237968, 0.002098750306545805, -0.01390821621862749], [0.002098750306545805, 0.0050445246502796815, -0.004214969225673534], [-0.013908216218627489, -0.004214969225673534, 0.019428025920576734]], "chi2_level": 0.95, "chi2_df": 3, "chi2_threshold": 7.814727903251179, "N_raw": 49, "N_roi": 45, "N_inlier": 42, "refit": true}
{"timestamp": "17:16:39.796590", "frame": 38, "mu": [-1.286189030815906, 3.2147767263552214, 0.7191117138830831], "Sigma": [[0.02066990199869748, -0.005791442111695129, -0.03579832215013406], [-0.005791442111695128, 0.007993885880227163, -0.028931813602419313], [-0.035798322150134065, -0.028931813602419313, 0.32801078301879527]], "chi2_level": 0.95, "chi2_df": 3, "chi2_threshold": 7.814727903251179, "N_raw": 10, "N_roi": 10, "N_inlier": 9, "refit": true}
{"timestamp": "17:16:39.854111", "frame": 39, "mu": [-1.3030630001645085, 3.447406220091939, -0.3140403570472593], "Sigma": [[0.014949015816401444, 0.024383808248176916, -0.05702774317616063], [0.024383808248176916, 0.05124265629980744, -0.11653700275573312], [-0.05702774317616062, -0.11653700275573312, 0.3226161084494997]], "chi2_level": 0.95, "chi2_df": 3, "chi2_threshold": 7.814727903251179, "N_raw": 20, "N_roi": 19, "N_inlier": 19, "refit": true}
{"timestamp": "17:16:39.912783", "frame": 40, "mu": [-1.3136294571223868, 3.0477391228770547, 1.3247467636161585], "Sigma": [[0.01692688066429751, 0.005520731325882389, -0.007043022078701], [0.005520731325882389, 0.008193968726384124, -0.005429003026679194], [-0.007043022078701, -0.005429003026679195, 0.0055432564931860665]], "chi2_level": 0.95, "chi2_df": 3, "chi2_threshold": 7.814727903251179, "N_raw": 50, "N_roi": 49, "N_inlier": 45, "refit": true}
{"timestamp": "17:16:39.969862", "frame": 41, "mu": [-1.136886210130489, 3.130141664256216, 1.1404446232516985], "Sigma": [[0.023012141295416007, 0.0007049470219790734, -0.006735935701099222], [0.0007049470219790737, 0.0045490354467264, -0.00577654718420367], [-0.006735935701099222, -0.00577654718420367, 0.020487337863952074]], "chi2_level": 0.95, "chi2_df": 3, "chi2_threshold": 7.814727903251179, "N_raw": 55, "N_roi": 53, "N_inlier": 49, "refit": true}
{"timestamp": "17:16:40.023872", "frame": 42, "mu": [-1.1701505706526154, 3.145143438757079, 1.3928429779292228], "Sigma": [[0.0197342349738114, 0.012049742612926842, -0.006025677010505212], [0.012049742612926843, 0.016082039214384763, -0.0009083007972612916], [-0.006025677010505212, -0.0009083007972612916, 0.004519061592205864]], "chi2_level": 0.95, "chi2_df": 3, "chi2_threshold": 7.814727903251179, "N_raw": 63, "N_roi": 63, "N_inlier": 62, "refit": true}
{"timestamp": "17:16:40.077090", "frame": 43, "mu": [-1.1792930467775276, 3.069445056358951, 1.3423264023554926], "Sigma": [[0.015814435512832462, 0.002028389124445604, -0.01904206923156903], [0.002028389124445604, 0.002616844677774755, -0.005614785568568438], [-0.01904206923156903, -0.005614785568568438, 0.03175639181635939]], "chi2_level": 0.95, "chi2_df": 3, "chi2_threshold": 7.814727903251179, "N_raw": 47, "N_roi": 45, "N_inlier": 41, "refit": true}
{"timestamp": "17:16:40.131648", "frame": 44, "mu": [-0.9946143600723746, 3.2114062123602682, 1.1926545140182372], "Sigma": [[0.013743907343300157, -0.0016846058548330178, -0.021678331127139953], [-0.0016846058548330178, 0.0016814891045953198, 0.0047076572695318696], [-0.021678331127139953, 0.0047076572695318696, 0.07907721549469479]], "chi2_level": 0.95, "chi2_df": 3, "chi2_threshold": 7.814727903251179, "N_raw": 43, "N_roi": 42, "N_inlier": 37, "refit": true}
{"timestamp": "17:16:40.188592", "frame": 45, "mu": [-1.0104013870953918, 3.2069059150370975, 1.3048723190279727], "Sigma": [[0.017219358883208122, -3.0143223666129426e-05, -0.025212450309002744], [-3.014322366612902e-05, 0.0070585361772403194, 0.00325443501066939], [-0.02521245030900274, 0.00325443501066939, 0.046826877729647394]], "chi2_level": 0.95, "chi2_df": 3, "chi2_threshold": 7.814727903251179, "N_raw": 57, "N_roi": 57, "N_inlier": 55, "refit": true}
{"timestamp": "17:16:40.239774", "frame": 46, "mu": [-0.9348000024696091, 3.2438182848979924, 1.3162459389653085], "Sigma": [[0.012841595564627223, 0.0031549936839111187, 0.00110307729304238], [0.0031549936839111187, 0.0010865687124769605, 7.482520936750142e-05], [0.0011030772930423795, 7.482520936750142e-05, 0.023877132769498002]], "chi2_level": 0.95, "chi2_df": 3, "chi2_threshold": 7.814727903251179, "N_raw": 29, "N_roi": 26, "N_inlier": 25, "refit": true}
{"timestamp": "17:16:40.302313", "frame": 47, "mu": [-1.0127770595622398, 3.1461343340814114, 1.1883181498686204], "Sigma": [[0.01922950100534621, 0.006937306384979675, -0.007256964455566927], [0.006937306384979675, 0.007774851394195034, -0.008265124754685169], [-0.007256964455566927, -0.008265124754685169, 0.014593975202886187]], "chi2_level": 0.95, "chi2_df": 3, "chi2_threshold": 7.814727903251179, "N_raw": 76, "N_roi": 74, "N_inlier": 72, "refit": true}
{"timestamp": "17:16:40.355895", "frame": 48, "mu": [-0.9375556775288494, 3.1982389106102707, 1.3392441433465665], "Sigma": [[0.01607771119724824, 0.00709137931954525, -0.0009616397484954513], [0.007091379319545251, 0.011624602793905649, 0.0014158516497750208], [-0.0009616397484954513, 0.0014158516497750208, 0.022289210422022053]], "chi2_level": 0.95, "chi2_df": 3, "chi2_threshold": 7.814727903251179, "N_raw": 70, "N_roi": 70, "N_inlier": 65, "refit": true}
{"timestamp": "17:16:40.410333", "frame": 49, "mu": [-0.9636764913553844, 3.0816358190873934, 0.9587277517750484], "Sigma": [[0.019249075570054848, 0.0106399468958551, 0.00905341437144866], [0.0106399468958551, 0.010296018606237882, 0.0012604466182995003], [0.00905341437144866, 0.0012604466182994998, 0.011911956698658811]], "chi2_level": 0.95, "chi2_df": 3, "chi2_threshold": 7.814727903251179, "N_raw": 68, "N_roi": 68, "N_inlier": 65, "refit": true}
{"timestamp": "17:16:40.466590", "frame": 50, "mu": [-0.8667826375639087, 3.1239195735880223, 1.1723560481781954], "Sigma": [[0.0171742404821648, 0.005894641122882593, 0.006397444172417048], [0.005894641122882593, 0.0047700351766979295, -0.004090829687661862], [0.006397444172417048, -0.004090829687661862, 0.03799045200320701]], "chi2_level": 0.95, "chi2_df": 3, "chi2_threshold": 7.814727903251179, "N_raw": 78, "N_roi": 75, "N_inlier": 69, "refit": true}
{"timestamp": "17:16:40.517615", "frame": 51, "mu": [-0.8553757065085598, 3.062888603831918, 1.1725027626767115], "Sigma": [[0.014850929642474057, 0.0029818034212858047, -0.00025404872437285097], [0.0029818034212858047, 0.0019157113589614086, -0.0018558019217583825], [-0.0002540487243728514, -0.0018558019217583825, 0.025634007293732747]], "chi2_level": 0.95, "chi2_df": 3, "chi2_threshold": 7.814727903251179, "N_raw": 49, "N_roi": 47, "N_inlier": 43, "refit": true}
{"timestamp": "17:16:40.574540", "frame": 52, "mu": [-0.7552956635984492, 3.105504647151406, 1.0583311703381633], "Sigma": [[0.01788767393874703, 0.009142594265175042, 0.0006205580651095455], [0.009142594265175042, 0.007290035935400279, -0.005190051145573304], [0.0006205580651095449, -0.0051900511455733045, 0.028207233682584786]], "chi2_level": 0.95, "chi2_df": 3, "chi2_threshold": 7.814727903251179, "N_raw": 68, "N_roi": 68, "N_inlier": 61, "refit": true}
{"timestamp": "17:16:40.629524", "frame": 53, "mu": [-0.6917835118444877, 3.1315090326719632, 1.2274765921340418], "Sigma": [[0.015004714621013179, 0.001030871631536176, -0.011750025224431013], [0.001030871631536176, 0.0032788178918824367, -0.004515822993114106], [-0.011750025224431013, -0.004515822993114107, 0.03586341370375985]], "chi2_level": 0.95, "chi2_df": 3, "chi2_threshold": 7.814727903251179, "N_raw": 65, "N_roi": 64, "N_inlier": 59, "refit": true}
{"timestamp": "17:16:40.686034", "frame": 54, "mu": [-0.6263893415070091, 3.1089020649979258, 1.1536623012862468], "Sigma": [[0.018824546694190196, 0.0011722315864446692, -0.009063793817841483], [0.0011722315864446694, 0.004847003997660422, -0.0065692547868280195], [-0.009063793817841483, -0.0065692547868280195, 0.015205809862365067]], "chi2_level": 0.95, "chi2_df": 3, "chi2_threshold": 7.814727903251179, "N_raw": 72, "N_roi": 72, "N_inlier": 70, "refit": true}
{"timestamp": "17:16:40.735228", "frame": 55, "mu": [-0.5856038521677683, 3.0544938268006767, 1.2960709694846189], "Sigma": [[0.012007188623604982, 0.00023563431473618067, -0.006249767165703813], [0.0002356343147361805, 0.0010359060171159131, -0.0013238674897300753], [-0.006249767165703813, -0.0013238674897300753, 0.006593406028412424]], "chi2_level": 0.95, "chi2_df": 3, "chi2_threshold": 7.814727903251179, "N_raw": 29, "N_roi": 26, "N_inlier": 25, "refit": true}
{"timestamp": "17:16:40.796622", "frame": 56, "mu": [-0.5557050585733211, 3.096788104815046, 1.4011309696229235], "Sigma": [[0.018861832217117798, 0.0009150282172847366, -0.012081955560818421], [0.0009150282172847364, 0.009187561774069378, -0.002377615508092947], [-0.012081955560818423, -0.002377615508092947, 0.008968703378515495]], "chi2_level": 0.95, "chi2_df": 3, "chi2_threshold": 7.814727903251179, "N_raw": 79, "N_roi": 78, "N_inlier": 77, "refit": true}
{"timestamp": "17:16:40.846624", "frame": 57, "mu": [-0.4853129253675535, 3.0955639535414594, 1.3581190424277723], "Sigma": [[0.012246809051253233, 0.0011633932177799022, -0.008277897439588846], [0.0011633932177799026, 0.003052016515443819, -0.005105354650403557], [-0.008277897439588846, -0.005105354650403557, 0.015248117298460335]], "chi2_level": 0.95, "chi2_df": 3, "chi2_threshold": 7.814727903251179, "N_raw": 44, "N_roi": 44, "N_inlier": 43, "refit": true}
{"timestamp": "17:16:40.902164", "frame": 58, "mu": [-0.5302714505951187, 3.60420153594129, -0.7076872501141982], "Sigma": [[0.01303756267781849, -0.0042947614161879906, 0.004466105931890868], [-0.0042947614161879906, 0.04998956674132932, -0.10245234907694632], [0.004466105931890868, -0.10245234907694632, 0.22500758540337798]], "chi2_level": 0.95, "chi2_df": 3, "chi2_threshold": 7.814727903251179, "N_raw": 45, "N_roi": 45, "N_inlier": 44, "refit": true}
{"timestamp": "17:16:40.957941", "frame": 59, "mu": [-0.4116340110500487, 3.2203488659908035, 0.4311688731604145], "Sigma": [[0.019170803070385888, -0.0049224381459584965, 0.02276503998349402], [-0.0049224381459584965, 0.008154944165402193, -0.044182613975611594], [0.02276503998349402, -0.044182613975611594, 0.2805880062305666]], "chi2_level": 0.95, "chi2_df": 3, "chi2_threshold": 7.814727903251179, "N_raw": 51, "N_roi": 49, "N_inlier": 48, "refit": true}
{"timestamp": "17:16:41.014320", "frame": 60, "mu": [-0.3322750359572155, 3.075795430095097, 1.3197209321311083], "Sigma": [[0.015959704358252245, 0.0008434065111421827, -0.006324698395849927], [0.0008434065111421827, 0.002356943474333925, -0.004867258129962888], [-0.006324698395849927, -0.004867258129962888, 0.014351712947194615]], "chi2_level": 0.95, "chi2_df": 3, "chi2_threshold": 7.814727903251179, "N_raw": 54, "N_roi": 51, "N_inlier": 47, "refit": true}
{"timestamp": "17:16:41.071119", "frame": 61, "mu": [-0.36502046341867067, 3.1593291833475923, 0.6724722855136471], "Sigma": [[0.013858148914788067, -1.5967810922529733e-05, 0.010327437533639332], [-1.596781092252984e-05, 0.002953632214543052, -0.009216068013645409], [0.010327437533639332, -0.009216068013645409, 0.3292720033806753]], "chi2_level": 0.95, "chi2_df": 3, "chi2_threshold": 7.814727903251179, "N_raw": 69, "N_roi": 69, "N_inlier": 67, "refit": true}
{"timestamp": "17:16:41.129086", "frame": 62, "mu": [-0.302366971314649, 3.14974111313385, 1.1808952287146042], "Sigma": [[0.01706351835444318, -0.001198566851359194, -0.0038223783335471734], [-0.0011985668513591942, 0.0061205337184457, -0.010231020993273405], [-0.003822378333547174, -0.010231020993273405, 0.2759681667334733]], "chi2_level": 0.95, "chi2_df": 3, "chi2_threshold": 7.814727903251179, "N_raw": 82, "N_roi": 80, "N_inlier": 79, "refit": true}
{"timestamp": "17:16:41.182014", "frame": 63, "mu": [-0.24294009729715504, 3.1671347093894746, 1.4934963313731577], "Sigma": [[0.017709595906245497, 0.0005418243403603935, -0.010523186287287926], [0.0005418243403603935, 0.006353114561089589, -0.004496012868549911], [-0.010523186287287926, -0.004496012868549911, 0.011968427626721222]], "chi2_level": 0.95, "chi2_df": 3, "chi2_threshold": 7.814727903251179, "N_raw": 72, "N_roi": 72, "N_inlier": 67, "refit": true}
{"timestamp": "17:16:41.232102", "frame": 64, "mu": [-0.20087373499973232, 3.125235789597002, 1.4263462649745553], "Sigma": [[0.01352280785687856, -0.00018313457191127994, -0.004675412015211994], [-0.0001831345719112799, 0.004270078335350639, -0.00875170856925727], [-0.004675412015211994, -0.00875170856925727, 0.042667797493152665]], "chi2_level": 0.95, "chi2_df": 3, "chi2_threshold": 7.814727903251179, "N_raw": 43, "N_roi": 43, "N_inlier": 38, "refit": true}
{"timestamp": "17:16:41.288602", "frame": 65, "mu": [-0.16668766337405336, 3.12561742580522, 1.469893030122758], "Sigma": [[0.015373349808764468, 0.0006786336658488958, -0.008025480531164014], [0.0006786336658488955, 0.00388315342568341, -0.0016310837479624443], [-0.008025480531164014, -0.001631083747962445, 0.006110858527575483]], "chi2_level": 0.95, "chi2_df": 3, "chi2_threshold": 7.814727903251179, "N_raw": 50, "N_roi": 50, "N_inlier": 46, "refit": true}
{"timestamp": "17:16:41.340652", "frame": 66, "mu": [-0.13594428240982892, 3.1795573568809643, 1.550173168902339], "Sigma": [[0.007975648352692266, 0.0002094323597470134, -0.009178606719747158], [0.00020943235974701336, 0.0031869543394778647, -0.0016479131750854054], [-0.009178606719747158, -0.0016479131750854058, 0.01735900734035041]], "chi2_level": 0.95, "chi2_df": 3, "chi2_threshold": 7.814727903251179, "N_raw": 31, "N_roi": 31, "N_inlier": 28, "refit": true}
{"timestamp": "17:16:41.399366", "frame": 67, "mu": [-0.080562136135015, 3.1931008610005254, 1.3820105937584888], "Sigma": [[0.014919597292744924, -0.001844105635663774, -0.01467029724029703], [-0.0018441056356637738, 0.0030749520115820033, -0.0037311050430177085], [-0.014670297240297031, -0.0037311050430177085, 0.028393736639065404]], "chi2_level": 0.95, "chi2_df": 3, "chi2_threshold": 7.814727903251179, "N_raw": 59, "N_roi": 59, "N_inlier": 54, "refit": true}
{"timestamp": "17:16:41.454998", "frame": 68, "mu": [0.02966153507960169, 3.1433154607644793, 0.9657212503400426], "Sigma": [[0.017253185207525334, -0.003469214979417997, -0.007087690734304099], [-0.003469214979417997, 0.0054298807288232715, 0.00034906525331853625], [-0.007087690734304098, 0.00034906525331853625, 0.004681137234803476]], "chi2_level": 0.95, "chi2_df": 3, "chi2_threshold": 7.814727903251179, "N_raw": 62, "N_roi": 62, "N_inlier": 56, "refit": true}
{"timestamp": "17:16:41.505989", "frame": 69, "mu": [0.00015806692617437775, 3.1793621046384155, 1.2839853584784227], "Sigma": [[0.009846788181322126, -0.0007993444982567355, -0.004959273671952048], [-0.0007993444982567353, 0.0023136657614852988, -0.002785038277020444], [-0.004959273671952048, -0.002785038277020443, 0.00916943797015693]], "chi2_level": 0.95, "chi2_df": 3, "chi2_threshold": 7.814727903251179, "N_raw": 39, "N_roi": 39, "N_inlier": 36, "refit": true}
{"timestamp": "17:16:41.566837", "frame": 70, "mu": [0.03786527196388782, 3.215473038213094, 0.905379237894038], "Sigma": [[0.014425095756711656, 0.0015479011444235425, -0.02298692108113912], [0.0015479011444235425, 0.0065226116362567, -0.03341358774515844], [-0.022986921081139117, -0.03341358774515844, 0.2594080938687362]], "chi2_level": 0.95, "chi2_df": 3, "chi2_threshold": 7.814727903251179, "N_raw": 71, "N_roi": 67, "N_inlier": 67, "refit": true}
{"timestamp": "17:16:41.616425", "frame": 71, "mu": [0.015687606160258393, 3.113588292307244, 1.128259591109782], "Sigma": [[0.012370611852705294, -8.408508285807665e-05, 8.513456745522445e-05], [-8.408508285807643e-05, 0.0022149941502754146, -0.0009185311706855239], [8.513456745522445e-05, -0.0009185311706855239, 0.0008779716992982877]], "chi2_level": 0.95, "chi2_df": 3, "chi2_threshold": 7.814727903251179, "N_raw": 40, "N_roi": 39, "N_inlier": 35, "refit": true}
{"timestamp": "17:16:41.673076", "frame": 72, "mu": [0.09763659640839996, 3.1385653327709204, 1.2812456392549203], "Sigma": [[0.01726878776616372, -0.0008665074940007026, -0.006112623111264032], [-0.0008665074940007026, 0.0030642009318031056, -0.0001920441589195428], [-0.006112623111264031, -0.00019204415891954277, 0.00353861518598565]], "chi2_level": 0.95, "chi2_df": 3, "chi2_threshold": 7.814727903251179, "N_raw": 53, "N_roi": 48, "N_inlier": 45, "refit": true}
{"timestamp": "17:16:41.733892", "frame": 73, "mu": [0.12351035023688656, 3.1905972019671194, 1.302141220895452], "Sigma": [[0.014429866450390972, 0.004378438681687045, 0.015250702297291124], [0.0043784386816870455, 0.009491919054886123, 0.010837819249961184], [0.015250702297291124, 0.010837819249961184, 0.024342336950688437]], "chi2_level": 0.95, "chi2_df": 3, "chi2_threshold": 7.814727903251179, "N_raw": 62, "N_roi": 56, "N_inlier": 54, "refit": true}
{"timestamp": "17:16:41.785045", "frame": 74, "mu": [0.16120782604940048, 3.187821152278727, 1.180627040408192], "Sigma": [[0.01215157599328982, 0.0004699233468777511, -0.001877831900415725], [0.00046992334687775115, 0.006134813699920351, -0.0026967639253239386], [-0.001877831900415725, -0.0026967639253239386, 0.014827898556027657]], "chi2_level": 0.95, "chi2_df": 3, "chi2_threshold": 7.814727903251179, "N_raw": 63, "N_roi": 61, "N_inlier": 55, "refit": true}
{"timestamp": "17:16:41.835218", "frame": 75, "mu": [0.33856716943154225, 3.2169206225423665, 1.025741521226824], "Sigma": [[0.012261446649873031, -0.0014839488666855357, 0.013568216064418086], [-0.0014839488666855364, 0.007284428190200378, -0.019717828337186074], [0.013568216064418085, -0.019717828337186074, 0.07786927427295963]], "chi2_level": 0.95, "chi2_df": 3, "chi2_threshold": 7.814727903251179, "N_raw": 29, "N_roi": 24, "N_inlier": 21, "refit": true}
{"timestamp": "17:16:41.890723", "frame": 76, "mu": [0.30933173320908325, 3.144570722175907, 1.3087835610006364], "Sigma": [[0.009743465053034575, -0.0007534687599979372, -0.0032416182012118024], [-0.0007534687599979371, 0.0015954685977522948, -0.0019141876836163809], [-0.0032416182012118024, -0.001914187683616381, 0.006061349145503806]], "chi2_level": 0.95, "chi2_df": 3, "chi2_threshold": 7.814727903251179, "N_raw": 35, "N_roi": 35, "N_inlier": 31, "refit": true}
{"timestamp": "17:16:41.945484", "frame": 77, "mu": [0.45233009716276196, 3.096636025894576, 1.0510588074730938], "Sigma": [[0.011560567197973059, -0.005427576773489916, -4.710890772767376e-05], [-0.005427576773489916, 0.008839219117626205, -0.0036470021384809237], [-4.7108907727673325e-05, -0.0036470021384809237, 0.0072906230900692355]], "chi2_level": 0.95, "chi2_df": 3, "chi2_threshold": 7.814727903251179, "N_raw": 29, "N_roi": 29, "N_inlier": 26, "refit": true}
{"timestamp": "17:16:41.997336", "frame": 78, "mu": [0.4220889047429842, 3.219032843428039, 1.1124454119491245], "Sigma": [[0.0015320675122807259, 0.0031029977040232344, -0.004429050813057249], [0.0031029977040232344, 0.0188406592499872, -0.048717329611006666], [-0.004429050813057249, -0.048717329611006666, 0.16433384753251107]], "chi2_level": 0.95, "chi2_df": 3, "chi2_threshold": 7.814727903251179, "N_raw": 9, "N_roi": 9, "N_inlier": 8, "refit": true}
{"timestamp": "17:16:42.055659", "frame": 79, "mu": [0.4389662784694939, 3.15261258474779, 1.530073627823906], "Sigma": [[0.012610561472388678, -0.0031103882438489492, -0.008266632156104238], [-0.0031103882438489492, 0.004351991814174557, 0.003461234675688839], [-0.008266632156104237, 0.003461234675688839, 0.010317986891742853]], "chi2_level": 0.95, "chi2_df": 3, "chi2_threshold": 7.814727903251179, "N_raw": 41, "N_roi": 41, "N_inlier": 39, "refit": true}
{"timestamp": "17:16:42.116644", "frame": 80, "mu": [0.49231430359716094, 3.2227755857339155, 1.0132599985581443], "Sigma": [[0.011242743753438129, -0.004242321847667211, 0.022029796707501405], [-0.004242321847667212, 0.007699924724613538, -0.04430820768300381], [0.022029796707501402, -0.0443082076830038, 0.37971678230452316]], "chi2_level": 0.95, "chi2_df": 3, "chi2_threshold": 7.814727903251179, "N_raw": 72, "N_roi": 72, "N_inlier": 69, "refit": true}
{"timestamp": "17:16:42.263053", "frame": 81, "mu": [0.5918583195590703, 3.1517938250963837, 1.016854918272943], "Sigma": [[0.008520160570372597, 9.590322701276757e-05, -0.01113240769548365], [9.590322701276757e-05, 0.00548048351755083, -0.03704186371412867], [-0.011132407695483647, -0.03704186371412867, 0.4144321850681186]], "chi2_level": 0.95, "chi2_df": 3, "chi2_threshold": 7.814727903251179, "N_raw": 49, "N_roi": 49, "N_inlier": 48, "refit": true}
{"timestamp": "17:16:42.292070", "frame": 82, "mu": [0.5591822739352585, 3.178725991223975, 1.4280340664083404], "Sigma": [[0.004884781713256671, -0.0002293411017817525, -0.005836096917967666], [-0.0002293411017817525, 0.0031270335798547254, -0.01519833563315603], [-0.005836096917967666, -0.01519833563315603, 0.12568492764957015]], "chi2_level": 0.95, "chi2_df": 3, "chi2_threshold": 7.814727903251179, "N_raw": 23, "N_roi": 21, "N_inlier": 19, "refit": true}
{"timestamp": "17:16:42.321978", "frame": 83, "mu": [0.6191139704580672, 3.1926452587611314, 1.287769820939281], "Sigma": [[0.00814407466835019, -0.0012864721798705268, -0.004140932827963944], [-0.0012864721798705266, 0.002273657999991979, -0.006458748116484888], [-0.004140932827963944, -0.006458748116484888, 0.08624459069691223]], "chi2_level": 0.95, "chi2_df": 3, "chi2_threshold": 7.814727903251179, "N_raw": 28, "N_roi": 28, "N_inlier": 25, "refit": true}
{"timestamp": "17:16:42.353183", "frame": 84, "mu": [0.6476264574550944, 3.2379249514564283, 1.47633840717394], "Sigma": [[0.00894070395183027, -0.0017185066596668546, -0.004047093078660786], [-0.0017185066596668546, 0.007258371676545185, -0.0028824209155411443], [-0.004047093078660786, -0.0028824209155411443, 0.005130901086647719]], "chi2_level": 0.95, "chi2_df": 3, "chi2_threshold": 7.814727903251179, "N_raw": 54, "N_roi": 52, "N_inlier": 50, "refit": true}
{"timestamp": "17:16:42.384366", "frame": 85, "mu": [0.7233630853145674, 3.199545222900875, 1.4437086452042855], "Sigma": [[0.005171765189155771, -0.0009757266395274092, -0.002596458227179475], [-0.0009757266395274094, 0.002270529124999342, -0.001255712046776626], [-0.002596458227179475, -0.001255712046776626, 0.004214580578725311]], "chi2_level": 0.95, "chi2_df": 3, "chi2_threshold": 7.814727903251179, "N_raw": 23, "N_roi": 23, "N_inlier": 19, "refit": true}
{"timestamp": "17:16:42.437370", "frame": 86, "mu": [0.6883370496886212, 3.249243342188811, 1.1904950539858357], "Sigma": [[0.00524505538709807, -0.0006411122022479847, 0.028341931113986144], [-0.0006411122022479845, 0.004961634085461629, -0.012725612069589236], [0.02834193111398614, -0.012725612069589236, 0.21913170094052634]], "chi2_level": 0.95, "chi2_df": 3, "chi2_threshold": 7.814727903251179, "N_raw": 14, "N_roi": 9, "N_inlier": 9, "refit": true}
{"timestamp": "17:16:42.492505", "frame": 87, "mu": [0.7640441654536867, 3.272333532900713, 0.9580077058566536], "Sigma": [[0.0016180155169620192, -0.0007316186165746994, 0.0066800833458214234], [-0.0007316186165746994, 0.0025664791274316043, -0.0009603950749238485], [0.006680083345821425, -0.000960395074923849, 0.2578413040045564]], "chi2_level": 0.95, "chi2_df": 3, "chi2_threshold": 7.814727903251179, "N_raw": 17, "N_roi": 14, "N_inlier": 14, "refit": true}
{"timestamp": "17:16:42.551691", "frame": 88, "mu": [0.8739544131946768, 3.296335133135611, 1.0451255418239407], "Sigma": [[0.009560837760357817, -0.002940911847835238, -0.0024962307571594], [-0.002940911847835238, 0.0037590968726789343, -0.004378647604016036], [-0.0024962307571594, -0.004378647604016036, 0.05868120408085824]], "chi2_level": 0.95, "chi2_df": 3, "chi2_threshold": 7.814727903251179, "N_raw": 41, "N_roi": 39, "N_inlier": 35, "refit": true}
{"timestamp": "17:16:42.604912", "frame": 89, "mu": [0.9126633995013593, 3.2669653296413057, 0.7426088825136544], "Sigma": [[0.006005666261043891, -0.002039752724516483, 0.0008382082991565262], [-0.002039752724516483, 0.002267885808835259, -0.007968708712780263], [0.0008382082991565264, -0.007968708712780263, 0.08867686873429095]], "chi2_level": 0.95, "chi2_df": 3, "chi2_threshold": 7.814727903251179, "N_raw": 26, "N_roi": 19, "N_inlier": 18, "refit": true}
{"timestamp": "17:16:42.660819", "frame": 90, "mu": [0.9313745768625625, 3.2831976555586353, 1.3616527202561652], "Sigma": [[0.009646769428362052, -0.003747833116693887, -0.008966906278154111], [-0.003747833116693887, 0.003755828254849364, 0.0007945680852870761], [-0.008966906278154111, 0.0007945680852870761, 0.014903585078734965]], "chi2_level": 0.95, "chi2_df": 3, "chi2_threshold": 7.814727903251179, "N_raw": 38, "N_roi": 34, "N_inlier": 32, "refit": true}
{"timestamp": "17:16:42.715180", "frame": 91, "mu": [0.9956378096010564, 3.2622961696836024, 1.131475149775213], "Sigma": [[0.013372597040722406, -0.0060342389430215575, -0.011038218308711042], [-0.0060342389430215575, 0.003704584692698309, 0.0024949025938990808], [-0.011038218308711042, 0.0024949025938990808, 0.018881952932685502]], "chi2_level": 0.95, "chi2_df": 3, "chi2_threshold": 7.814727903251179, "N_raw": 34, "N_roi": 33, "N_inlier": 31, "refit": true}
{"timestamp": "17:16:42.768793", "frame": 92, "mu": [1.0416394291341613, 3.214811655336648, 1.0825669650309593], "Sigma": [[0.009898742901125504, -0.0037938900125251097, -0.00789517253887619], [-0.0037938900125251097, 0.0016435680399678604, 0.002054889231538303], [-0.007895172538876193, 0.002054889231538303, 0.020315106740933772]], "chi2_level": 0.95, "chi2_df": 3, "chi2_threshold": 7.814727903251179, "N_raw": 23, "N_roi": 21, "N_inlier": 20, "refit": true}
{"timestamp": "17:16:42.820848", "frame": 93, "mu": [1.0389705273242666, 3.2085122305418476, 1.1854124586992945], "Sigma": [[0.000757603322746379, 0.0011879593033641976, -0.0027486747172733917], [0.001187959303364198, 0.004745332363049893, -0.002894483038500792], [-0.0027486747172733917, -0.002894483038500792, 0.02304547381232032]], "chi2_level": 0.95, "chi2_df": 3, "chi2_threshold": 7.814727903251179, "N_raw": 5, "N_roi": 5, "N_inlier": 5, "refit": true}
{"timestamp": "17:16:42.876806", "frame": 94, "mu": [1.0970902462534806, 3.227396001870529, 0.9348801328425509], "Sigma": [[0.007508455526680976, 0.004021650715741901, -0.03956951060554155], [0.004021650715741901, 0.0041119160323053764, -0.027960252292481086], [-0.03956951060554155, -0.027960252292481086, 0.2515773410080245]], "chi2_level": 0.95, "chi2_df": 3, "chi2_threshold": 7.814727903251179, "N_raw": 7, "N_roi": 7, "N_inlier": 7, "refit": true}
{"timestamp": "17:16:42.935411", "frame": 95, "mu": [1.0946846267753707, 3.099588619186444, 0.8918911778965675], "Sigma": [[0.013930407234134959, -0.0036066296202794525, 0.001608717765492717], [-0.003606629620279452, 0.0023409693284621672, -0.0023868966471559767], [0.001608717765492717, -0.0023868966471559767, 0.007176370199911908]], "chi2_level": 0.95, "chi2_df": 3, "chi2_threshold": 7.814727903251179, "N_raw": 37, "N_roi": 37, "N_inlier": 34, "refit": true}
{"timestamp": "17:16:42.989753", "frame": 96, "mu": [1.1017302081230218, 3.1628553519330462, 0.9951218848424827], "Sigma": [[0.009271847917676919, -0.004375250539771422, -0.0012486463477362235], [-0.004375250539771422, 0.003540696589281107, -0.00016478286879522503], [-0.001248646347736223, -0.00016478286879522482, 0.0062369305914248665]], "chi2_level": 0.95, "chi2_df": 3, "chi2_threshold": 7.814727903251179, "N_raw": 23, "N_roi": 23, "N_inlier": 20, "refit": true}
{"timestamp": "17:16:43.046927", "frame": 97, "mu": [1.2096951764802943, 3.140112932944531, 1.1071670473261195], "Sigma": [[0.013784008449882862, -0.004084256873321155, 0.0007139715346274144], [-0.004084256873321155, 0.0056446920029565185, -0.0040766211506099185], [0.0007139715346274145, -0.004076621150609919, 0.005476873729885755]], "chi2_level": 0.95, "chi2_df": 3, "chi2_threshold": 7.814727903251179, "N_raw": 42, "N_roi": 41, "N_inlier": 37, "refit": true}
{"timestamp": "17:16:43.097357", "frame": 98, "mu": [1.2112161919504534, 3.2672817064770445, 1.021911633250764], "Sigma": [[0.007162782103056118, -0.012300965672855838, 0.026893085099365773], [-0.012300965672855838, 0.03352914118016344, -0.044629778895986606], [0.026893085099365773, -0.044629778895986606, 0.15777946523202915]], "chi2_level": 0.95, "chi2_df": 3, "chi2_threshold": 7.814727903251179, "N_raw": 12, "N_roi": 9, "N_inlier": 9, "refit": true}
{"timestamp": "17:16:43.152689", "frame": 99, "mu": [1.3314990910333706, 3.135801101858026, 1.0700558159239832], "Sigma": [[0.007086054317996537, -0.007243310602301929, 0.008899550865713597], [-0.007243310602301929, 0.016303171089637452, -0.026172833368626722], [0.008899550865713597, -0.02617283336862673, 0.04531213325229168]], "chi2_level": 0.95, "chi2_df": 3, "chi2_threshold": 7.814727903251179, "N_raw": 19, "N_roi": 15, "N_inlier": 13, "refit": true}
{"timestamp": "17:16:43.324884", "frame": 100, "mu": [1.385016064102885, 3.188383679486162, 1.340175153633573], "Sigma": [[0.012953019277791505, -0.006275758793083788, -0.0075415586164754075], [-0.006275758793083787, 0.008874480262333801, 0.009051113289251973], [-0.007541558616475407, 0.009051113289251973, 0.011322919501234263]], "chi2_level": 0.95, "chi2_df": 3, "chi2_threshold": 7.814727903251179, "N_raw": 42, "N_roi": 39, "N_inlier": 36, "refit": true}
