{"timestamp": "16:52:58.442994", "frame": 1, "mu": [0.7787930061469774, 1.5598934382752936, 1.3110325093950252], "Sigma": [[0.005175236787753759, -0.002424362853150846, 0.0008085670583951581], [-0.002424362853150846, 0.015999234222497404, -0.031457574253607415], [0.0008085670583951577, -0.031457574253607415, 0.07743154858249793]], "chi2_level": 0.99, "chi2_df": 3, "chi2_threshold": 11.344866730144373, "N_raw": 80, "N_roi": 80, "N_inlier": 76, "refit": true}
{"timestamp": "16:52:58.496059", "frame": 2, "mu": [0.7967759233611252, 1.5086006099956584, 1.429435739647402], "Sigma": [[0.00763345507177983, -0.004261129986133785, 0.003849165499422444], [-0.004261129986133785, 0.01387183832459075, -0.024661716867687825], [0.003849165499422444, -0.024661716867687825, 0.060779106197133746]], "chi2_level": 0.99, "chi2_df": 3, "chi2_threshold": 11.344866730144373, "N_raw": 77, "N_roi": 77, "N_inlier": 74, "refit": true}
{"timestamp": "16:52:58.556380", "frame": 3, "mu": [0.8143996814865246, 1.4742780722452888, 1.207918208478623], "Sigma": [[0.012670424500319686, -0.008640011120537909, -0.043808441566614204], [-0.008640011120537909, 0.016294783119308417, 0.026817693719890585], [-0.043808441566614204, 0.026817693719890585, 0.3874722031063939]], "chi2_level": 0.99, "chi2_df": 3, "chi2_threshold": 11.344866730144373, "N_raw": 91, "N_roi": 91, "N_inlier": 91, "refit": true}
{"timestamp": "16:52:58.604289", "frame": 4, "mu": [0.7659887529622378, 1.4786500594195608, 1.141719943517597], "Sigma": [[0.00689772299774445, -0.00859733776097127, -0.020896841462560246], [-0.00859733776097127, 0.02062979432917915, 0.014030116342726356], [-0.02089684146256025, 0.014030116342726358, 0.36428182382509716]], "chi2_level": 0.99, "chi2_df": 3, "chi2_threshold": 11.344866730144373, "N_raw": 38, "N_roi": 38, "N_inlier": 37, "refit": true}
{"timestamp": "16:52:58.660775", "frame": 5, "mu": [0.7878524304010843, 1.5294191030162265, -0.04827061077955305], "Sigma": [[0.0059846521227770386, -0.0004094285443126937, -0.0037332933460795803], [-0.00040942854431269364, 0.005546180339688376, 0.0024616413693989876], [-0.0037332933460795807, 0.0024616413693989876, 0.003746180539699331]], "chi2_level": 0.99, "chi2_df": 3, "chi2_threshold": 11.344866730144373, "N_raw": 61, "N_roi": 61, "N_inlier": 56, "refit": true}
{"timestamp": "16:52:58.719626", "frame": 6, "mu": [0.7660591664009512, 1.4511858098494594, 1.5191625917551999], "Sigma": [[0.010279187314399777, -0.00045197560819088136, -0.0057635781179317495], [-0.0004519756081908814, 0.004263703789250725, -0.0010919544370191366], [-0.0057635781179317495, -0.0010919544370191364, 0.004059762328733246]], "chi2_level": 0.99, "chi2_df": 3, "chi2_threshold": 11.344866730144373, "N_raw": 75, "N_roi": 75, "N_inlier": 71, "refit": true}
{"timestamp": "16:52:58.769577", "frame": 7, "mu": [0.6939043972397898, 1.421100934686794, 1.512376426093011], "Sigma": [[0.004784979751390822, -0.001893142960356, -0.003067835432069222], [-0.001893142960356, 0.00679631379937454, 0.006706768874121407], [-0.003067835432069222, 0.006706768874121408, 0.02360385408872393]], "chi2_level": 0.99, "chi2_df": 3, "chi2_threshold": 11.344866730144373, "N_raw": 50, "N_roi": 50, "N_inlier": 46, "refit": true}
{"timestamp": "16:52:58.826665", "frame": 8, "mu": [0.7065926082033784, 1.4102716477094788, 1.455795494977841], "Sigma": [[0.0062183950710196475, -0.0018241542078660331, -0.00544946999529456], [-0.0018241542078660331, 0.008144886922218875, 0.004479636600474776], [-0.00544946999529456, 0.004479636600474776, 0.0066090614313483505]], "chi2_level": 0.99, "chi2_df": 3, "chi2_threshold": 11.344866730144373, "N_raw": 62, "N_roi": 62, "N_inlier": 58, "refit": true}
{"timestamp": "16:52:58.883264", "frame": 9, "mu": [0.6437745762122737, 1.534740883061643, -0.13637441764538], "Sigma": [[0.006279470034469313, -0.0010182721923439587, -0.006488670954766187], [-0.0010182721923439589, 0.006434931167768127, 0.00334388472116037], [-0.006488670954766187, 0.00334388472116037, 0.011189307758275346]], "chi2_level": 0.99, "chi2_df": 3, "chi2_threshold": 11.344866730144373, "N_raw": 68, "N_roi": 68, "N_inlier": 65, "refit": true}
{"timestamp": "16:52:58.942166", "frame": 10, "mu": [0.6217522510425695, 1.4409548892532993, 1.4747775463026982], "Sigma": [[0.006549126440557301, -0.0006689033323723201, -0.004005525589884683], [-0.00066890333237232, 0.008944536523829686, 0.0018726486544010572], [-0.004005525589884683, 0.0018726486544010572, 0.004061207673782451]], "chi2_level": 0.99, "chi2_df": 3, "chi2_threshold": 11.344866730144373, "N_raw": 76, "N_roi": 76, "N_inlier": 72, "refit": true}
{"timestamp": "16:52:58.993621", "frame": 11, "mu": [0.5598398301055701, 1.525148865569068, -0.4111416978692525], "Sigma": [[0.008398930747946561, 0.0006743306400198816, 0.03394069565906826], [0.0006743306400198818, 0.007148247241881349, 0.0003484700422110459], [0.03394069565906826, 0.0003484700422110472, 0.38267166763652205]], "chi2_level": 0.99, "chi2_df": 3, "chi2_threshold": 11.344866730144373, "N_raw": 77, "N_roi": 77, "N_inlier": 77, "refit": true}
{"timestamp": "16:52:59.048280", "frame": 12, "mu": [0.5236449521177027, 1.4490649622020355, 1.4591282884739676], "Sigma": [[0.005229438388147301, -0.0007114577862607626, -0.003729390943469159], [-0.0007114577862607624, 0.012453009929290665, 0.009284780478953095], [-0.003729390943469159, 0.009284780478953095, 0.021151210038078322]], "chi2_level": 0.99, "chi2_df": 3, "chi2_threshold": 11.344866730144373, "N_raw": 74, "N_roi": 74, "N_inlier": 69, "refit": true}
{"timestamp": "16:52:59.096195", "frame": 13, "mu": [0.5015683562687127, 1.3602256190461888, 0.9632684679619001], "Sigma": [[0.005896218460397918, 0.0018183771300344107, -0.01292592486223541], [0.0018183771300344111, 0.009878251199096426, 0.03491504078780185], [-0.012925924862235406, 0.03491504078780185, 0.4506510011538675]], "chi2_level": 0.99, "chi2_df": 3, "chi2_threshold": 11.344866730144373, "N_raw": 16, "N_roi": 16, "N_inlier": 16, "refit": true}
{"timestamp": "16:52:59.157111", "frame": 14, "mu": [0.3936881759652254, 1.5149817532483616, 1.5463354690467517], "Sigma": [[0.003952562540806281, -0.002978790022273937, -0.004777230419981838], [-0.002978790022273937, 0.010993677886825608, 0.003599280800668736], [-0.004777230419981839, 0.003599280800668736, 0.007691548594229309]], "chi2_level": 0.99, "chi2_df": 3, "chi2_threshold": 11.344866730144373, "N_raw": 72, "N_roi": 72, "N_inlier": 67, "refit": true}
{"timestamp": "16:52:59.212260", "frame": 15, "mu": [0.40821757710127693, 1.470543067421605, 1.4955666632946296], "Sigma": [[0.0038039551497601673, -0.0020475236617140498, -0.007089182712897154], [-0.0020475236617140493, 0.010261341376459803, 0.013382277271052434], [-0.007089182712897154, 0.013382277271052434, 0.0537624201195977]], "chi2_level": 0.99, "chi2_df": 3, "chi2_threshold": 11.344866730144373, "N_raw": 60, "N_roi": 60, "N_inlier": 55, "refit": true}
{"timestamp": "16:52:59.267549", "frame": 16, "mu": [0.2924182597154231, 1.5515959118238385, 1.589099301351602], "Sigma": [[0.005633889363194865, -0.00016278101339707086, -0.005355888519721085], [-0.00016278101339707075, 0.005615166058775477, -0.0007234710328391711], [-0.005355888519721085, -0.0007234710328391711, 0.0059495208620063775]], "chi2_level": 0.99, "chi2_df": 3, "chi2_threshold": 11.344866730144373, "N_raw": 72, "N_roi": 72, "N_inlier": 68, "refit": true}
{"timestamp": "16:52:59.325328", "frame": 17, "mu": [0.2911397264058436, 1.5360379445128896, 1.506552762741395], "Sigma": [[0.005407176769598637, -0.0010458631588432501, -0.006304361028212982], [-0.00104586315884325, 0.006281057316498454, 0.0007163848821988394], [-0.006304361028212982, 0.0007163848821988394, 0.024146319961518448]], "chi2_level": 0.99, "chi2_df": 3, "chi2_threshold": 11.344866730144373, "N_raw": 85, "N_roi": 85, "N_inlier": 82, "refit": true}
{"timestamp": "16:52:59.384060", "frame": 18, "mu": [0.29807362454109443, 1.4435567984488187, 1.018128505702456], "Sigma": [[0.005605547927101398, 0.0003852203881067414, 0.006232282514877019], [0.00038522038810674143, 0.013392013936959461, 0.0656104587029166], [0.00623228251487702, 0.0656104587029166, 0.5671041447511048]], "chi2_level": 0.99, "chi2_df": 3, "chi2_threshold": 11.344866730144373, "N_raw": 109, "N_roi": 109, "N_inlier": 108, "refit": true}
{"timestamp": "16:52:59.437205", "frame": 19, "mu": [0.20443690134223574, 1.4823655565549987, 1.4549078837303158], "Sigma": [[0.0055683938199010815, -0.001892754658340071, -0.012219167653342116], [-0.001892754658340071, 0.009509053027591296, 0.017231077250136815], [-0.012219167653342116, 0.01723107725013682, 0.08510071018470494]], "chi2_level": 0.99, "chi2_df": 3, "chi2_threshold": 11.344866730144373, "N_raw": 94, "N_roi": 94, "N_inlier": 88, "refit": true}
{"timestamp": "16:52:59.495902", "frame": 20, "mu": [0.19743455829546985, 1.4717042880779245, 1.3472316084370477], "Sigma": [[0.006644347259308746, -0.002946876339892518, -0.015599093365465364], [-0.002946876339892518, 0.010971236786478974, 0.02105038629304525], [-0.015599093365465368, 0.02105038629304525, 0.1323553056441571]], "chi2_level": 0.99, "chi2_df": 3, "chi2_threshold": 11.344866730144373, "N_raw": 123, "N_roi": 123, "N_inlier": 119, "refit": true}
{"timestamp": "16:52:59.544049", "frame": 21, "mu": [0.10739193182010819, 1.442461045664269, 1.3180059145767435], "Sigma": [[0.011404705869870297, 0.003662117593394084, 0.0399294472105522], [0.0036621175933940833, 0.008001496884043892, 0.0317707246136365], [0.0399294472105522, 0.0317707246136365, 0.2969823206119314]], "chi2_level": 0.99, "chi2_df": 3, "chi2_threshold": 11.344866730144373, "N_raw": 78, "N_roi": 78, "N_inlier": 76, "refit": true}
{"timestamp": "16:52:59.600156", "frame": 22, "mu": [0.0872755354926682, 1.4457348432455808, 1.5524559952442007], "Sigma": [[0.0043751240969264185, -0.0012069700611977564, -0.004182048951483679], [-0.0012069700611977562, 0.007373346566000562, 0.00032527395903787825], [-0.004182048951483679, 0.0003252739590378782, 0.005221291018002555]], "chi2_level": 0.99, "chi2_df": 3, "chi2_threshold": 11.344866730144373, "N_raw": 80, "N_roi": 77, "N_inlier": 72, "refit": true}
{"timestamp": "16:52:59.653068", "frame": 23, "mu": [0.06705236704665046, 1.3548215006187867, 1.2732227012414232], "Sigma": [[0.003249570165786858, -0.0031897621113688244, -0.009991624591972361], [-0.0031897621113688244, 0.010695538774019044, 0.022346520892642607], [-0.009991624591972363, 0.022346520892642604, 0.10426661446139504]], "chi2_level": 0.99, "chi2_df": 3, "chi2_threshold": 11.344866730144373, "N_raw": 72, "N_roi": 72, "N_inlier": 69, "refit": true}
{"timestamp": "16:52:59.711719", "frame": 24, "mu": [0.005977819992618924, 1.3798946582365512, 1.2019611490712079], "Sigma": [[0.008155414904966277, -0.0003935460691733971, -0.038479818111418596], [-0.0003935460691733972, 0.01352881151796012, -0.016807635879504484], [-0.03847981811141859, -0.016807635879504484, 0.32061414994853926]], "chi2_level": 0.99, "chi2_df": 3, "chi2_threshold": 11.344866730144373, "N_raw": 97, "N_roi": 97, "N_inlier": 96, "refit": true}
{"timestamp": "16:52:59.764223", "frame": 25, "mu": [-0.059960550904087674, 1.4440103544899827, -0.11740132104977812], "Sigma": [[0.004448733357528109, -0.0019855890861873796, -0.006470825835995204], [-0.0019855890861873796, 0.009044454072836073, 0.004974721698368369], [-0.006470825835995205, 0.004974721698368369, 0.012808271884821622]], "chi2_level": 0.99, "chi2_df": 3, "chi2_threshold": 11.344866730144373, "N_raw": 78, "N_roi": 78, "N_inlier": 77, "refit": true}
{"timestamp": "16:52:59.817246", "frame": 26, "mu": [-0.07576140690513547, 1.3165886165875706, 1.4576485376023078], "Sigma": [[0.0036334511680397356, -0.0010829117727218234, -0.0032299795600096454], [-0.0010829117727218234, 0.010100011833703024, 0.004268462781534973], [-0.0032299795600096454, 0.004268462781534973, 0.005712292050149102]], "chi2_level": 0.99, "chi2_df": 3, "chi2_threshold": 11.344866730144373, "N_raw": 65, "N_roi": 65, "N_inlier": 64, "refit": true}
{"timestamp": "16:52:59.870329", "frame": 27, "mu": [-0.20390163329182898, 1.4649072405537096, -0.0051922873919770405], "Sigma": [[0.004140121312170994, 0.0004010859018371726, -0.002260840222761607], [0.0004010859018371723, 0.005175772876737703, -0.0012027506357848773], [-0.002260840222761607, -0.0012027506357848773, 0.0018889564426429874]], "chi2_level": 0.99, "chi2_df": 3, "chi2_threshold": 11.344866730144373, "N_raw": 59, "N_roi": 57, "N_inlier": 56, "refit": true}
{"timestamp": "16:52:59.932775", "frame": 28, "mu": [-0.20786788785103957, 1.3413151175331561, 1.3625321915796242], "Sigma": [[0.0038043963707090436, -0.001134298036747193, -0.004440551006732499], [-0.001134298036747193, 0.01635224980692499, 0.01174586835959367], [-0.004440551006732499, 0.01174586835959367, 0.05262315267110862]], "chi2_level": 0.99, "chi2_df": 3, "chi2_threshold": 11.344866730144373, "N_raw": 104, "N_roi": 104, "N_inlier": 100, "refit": true}
{"timestamp": "16:52:59.985983", "frame": 29, "mu": [-0.2618518855311218, 1.2989481298165135, 1.3217580555885688], "Sigma": [[0.004118561282812197, -0.0017208005849453944, -0.006597557697216018], [-0.0017208005849453946, 0.007807193949184781, 0.010201611818132835], [-0.006597557697216017, 0.010201611818132835, 0.10001147217361572]], "chi2_level": 0.99, "chi2_df": 3, "chi2_threshold": 11.344866730144373, "N_raw": 89, "N_roi": 89, "N_inlier": 87, "refit": true}
{"timestamp": "16:53:00.042579", "frame": 30, "mu": [-0.3116246151439917, 1.330130095353291, 1.4067698284879278], "Sigma": [[0.004437352201091086, -0.00295247932734264, -0.01100071734051881], [-0.00295247932734264, 0.011315554074269003, 0.017628638174927134], [-0.011000717340518811, 0.017628638174927134, 0.09835267625235448]], "chi2_level": 0.99, "chi2_df": 3, "chi2_threshold": 11.344866730144373, "N_raw": 97, "N_roi": 95, "N_inlier": 92, "refit": true}
{"timestamp": "16:53:00.098591", "frame": 31, "mu": [-0.3518369585570445, 1.3938727800031085, 1.495309880281742], "Sigma": [[0.004231367398843476, -0.0009761512073625824, -0.007657982189185845], [-0.0009761512073625825, 0.009568795204746908, 0.0052980764107433236], [-0.007657982189185845, 0.005298076410743324, 0.05447652480433493]], "chi2_level": 0.99, "chi2_df": 3, "chi2_threshold": 11.344866730144373, "N_raw": 104, "N_roi": 101, "N_inlier": 97, "refit": true}
{"timestamp": "16:53:00.149211", "frame": 32, "mu": [-0.41936797659546465, 1.3765088010915632, 1.5478825503352356], "Sigma": [[0.004072484050118902, 0.0006006168259137286, -0.002891975918026983], [0.0006006168259137285, 0.011062236866626432, 0.0028509761921235166], [-0.002891975918026983, 0.0028509761921235166, 0.007222553341387451]], "chi2_level": 0.99, "chi2_df": 3, "chi2_threshold": 11.344866730144373, "N_raw": 76, "N_roi": 76, "N_inlier": 73, "refit": true}
{"timestamp": "16:53:00.206195", "frame": 33, "mu": [-0.44228220747875896, 1.4164258871605526, 1.4425376793169267], "Sigma": [[0.0044299078428982, -0.0006756020671743258, -0.006953456314995381], [-0.0006756020671743255, 0.0069495524945210494, 0.0015404446077352594], [-0.006953456314995381, 0.0015404446077352594, 0.042062115321048324]], "chi2_level": 0.99, "chi2_df": 3, "chi2_threshold": 11.344866730144373, "N_raw": 90, "N_roi": 90, "N_inlier": 86, "refit": true}
{"timestamp": "16:53:00.263793", "frame": 34, "mu": [-0.4885823297104895, 1.4006518929839495, 1.3599075267620417], "Sigma": [[0.00523929039093068, -0.0018445238488771448, -0.01614774007638509], [-0.0018445238488771448, 0.007705746020868171, 0.007252937860881409], [-0.016147740076385086, 0.007252937860881409, 0.10826296437337567]], "chi2_level": 0.99, "chi2_df": 3, "chi2_threshold": 11.344866730144373, "N_raw": 105, "N_roi": 105, "N_inlier": 102, "refit": true}
{"timestamp": "16:53:00.318689", "frame": 35, "mu": [-0.5175490961556709, 1.4363505496263793, 1.335454457827319], "Sigma": [[0.005458023762000022, -0.00011882752837597194, -0.008437338000244644], [-0.00011882752837597216, 0.006081790025466528, 0.007776768085557701], [-0.008437338000244644, 0.007776768085557701, 0.08932400062543636]], "chi2_level": 0.99, "chi2_df": 3, "chi2_threshold": 11.344866730144373, "N_raw": 106, "N_roi": 106, "N_inlier": 102, "refit": true}
{"timestamp": "16:53:00.369176", "frame": 36, "mu": [-0.6127484620676877, 1.426221916473798, 1.4742150527533808], "Sigma": [[0.0047904576335430415, 0.0015489317655006693, -0.0032726841395091444], [0.001548931765500669, 0.009269139067477913, -0.0019447262716607858], [-0.0032726841395091444, -0.0019447262716607854, 0.006125814818770044]], "chi2_level": 0.99, "chi2_df": 3, "chi2_threshold": 11.344866730144373, "N_raw": 77, "N_roi": 74, "N_inlier": 71, "refit": true}
{"timestamp": "16:53:00.427291", "frame": 37, "mu": [-0.6945872126242805, 1.3891321283653004, 1.4400786600251836], "Sigma": [[0.008439949199406506, 0.001981624536002985, -0.0030793370620676155], [0.001981624536002985, 0.01143617392179606, 0.004851101661993562], [-0.0030793370620676155, 0.004851101661993562, 0.028837525890254713]], "chi2_level": 0.99, "chi2_df": 3, "chi2_threshold": 11.344866730144373, "N_raw": 97, "N_roi": 97, "N_inlier": 95, "refit": true}
{"timestamp": "16:53:00.486989", "frame": 38, "mu": [-0.7213362922749121, 1.4297594589328826, 1.3356405939212017], "Sigma": [[0.009870398870709712, 0.0006353240846543165, 0.014179705390883124], [0.0006353240846543164, 0.0076453074291041815, 0.005601377712990279], [0.014179705390883124, 0.005601377712990279, 0.18966876165207414]], "chi2_level": 0.99, "chi2_df": 3, "chi2_threshold": 11.344866730144373, "N_raw": 124, "N_roi": 124, "N_inlier": 123, "refit": true}
{"timestamp": "16:53:00.537614", "frame": 39, "mu": [-0.7176290934872426, 1.4875487552766427, 1.4500238207947749], "Sigma": [[0.011061211339547133, 0.0024040446680155753, -0.02129201217123415], [0.0024040446680155744, 0.006451888050971585, -0.008850784032641631], [-0.02129201217123415, -0.008850784032641631, 0.07297558216694913]], "chi2_level": 0.99, "chi2_df": 3, "chi2_threshold": 11.344866730144373, "N_raw": 95, "N_roi": 95, "N_inlier": 91, "refit": true}
{"timestamp": "16:53:00.589222", "frame": 40, "mu": [-0.7989913157211301, 1.4882811344857783, 1.5898049615588574], "Sigma": [[0.007151253576443139, 0.001120472529282653, -0.006473032508184376], [0.001120472529282653, 0.004890646991512082, -0.0022833605834660185], [-0.006473032508184377, -0.002283360583466019, 0.03607405039677486]], "chi2_level": 0.99, "chi2_df": 3, "chi2_threshold": 11.344866730144373, "N_raw": 73, "N_roi": 73, "N_inlier": 68, "refit": true}
{"timestamp": "16:53:00.649110", "frame": 41, "mu": [-0.7514892612565865, 1.5177110609598092, 1.2691056441669686], "Sigma": [[0.013057088182900587, 0.002516343967738067, -0.028217792583617618], [0.0025163439677380675, 0.0030967519698422417, -0.006792801238990887], [-0.028217792583617618, -0.006792801238990887, 0.10584342877053288]], "chi2_level": 0.99, "chi2_df": 3, "chi2_threshold": 11.344866730144373, "N_raw": 111, "N_roi": 111, "N_inlier": 105, "refit": true}
{"timestamp": "16:53:00.697550", "frame": 42, "mu": [-0.8917060046661162, 1.5931414322592226, -0.041089982203197116], "Sigma": [[0.006547224033229428, 0.0010596391623009338, -0.004867932227395235], [0.0010596391623009334, 0.025305261544785677, -0.049964196701563664], [-0.004867932227395236, -0.049964196701563664, 0.11899812660486617]], "chi2_level": 0.99, "chi2_df": 3, "chi2_threshold": 11.344866730144373, "N_raw": 59, "N_roi": 59, "N_inlier": 54, "refit": true}
{"timestamp": "16:53:00.754280", "frame": 43, "mu": [-0.7860463653984932, 1.564250549115998, 1.1274703185733135], "Sigma": [[0.013048401380056649, 0.00018764017114027194, -0.0507185800589835], [0.00018764017114027202, 0.0021063489632834353, -0.0015869177941498244], [-0.0507185800589835, -0.0015869177941498242, 0.27825728545263845]], "chi2_level": 0.99, "chi2_df": 3, "chi2_threshold": 11.344866730144373, "N_raw": 80, "N_roi": 80, "N_inlier": 76, "refit": true}
{"timestamp": "16:53:00.815794", "frame": 44, "mu": [-0.9128344119209343, 1.6360237432150637, -0.1617771850972378], "Sigma": [[0.06729866900778796, 0.055964067579835075, -0.06767439468039155], [0.055964067579835075, 0.058293445428599044, -0.06999714164193745], [-0.06767439468039155, -0.06999714164193745, 0.17609194499370312]], "chi2_level": 0.99, "chi2_df": 3, "chi2_threshold": 11.344866730144373, "N_raw": 125, "N_roi": 125, "N_inlier": 121, "refit": true}
{"timestamp": "16:53:00.863615", "frame": 45, "mu": [-0.9256696490309042, 1.573851204179362, 1.3670057236490885], "Sigma": [[0.06663757970537648, 0.04037228315668409, -0.07108398445316466], [0.04037228315668409, 0.033485783463524134, -0.03577099010591371], [-0.07108398445316466, -0.03577099010591371, 0.2958737148085428]], "chi2_level": 0.99, "chi2_df": 3, "chi2_threshold": 11.344866730144373, "N_raw": 66, "N_roi": 66, "N_inlier": 64, "refit": true}
{"timestamp": "16:53:00.925720", "frame": 46, "mu": [-0.9107900306033845, 1.6547805101657767, 1.213565363310892], "Sigma": [[0.019052458116665213, 0.008049707618823874, -0.021532627025465812], [0.008049707618823874, 0.010993190484565776, -0.018433932532443742], [-0.021532627025465812, -0.018433932532443742, 0.23121301268035174]], "chi2_level": 0.99, "chi2_df": 3, "chi2_threshold": 11.344866730144373, "N_raw": 126, "N_roi": 126, "N_inlier": 116, "refit": true}
{"timestamp": "16:53:00.977526", "frame": 47, "mu": [-0.8984570993988308, 1.7067893541737584, 1.232585581638596], "Sigma": [[0.007566457473899027, 0.00018136381280572852, -0.00993376018342294], [0.0001813638128057285, 0.003346098636534991, -0.009283420214407395], [-0.009933760183422936, -0.009283420214407395, 0.23601218073628916]], "chi2_level": 0.99, "chi2_df": 3, "chi2_threshold": 11.344866730144373, "N_raw": 99, "N_roi": 99, "N_inlier": 93, "refit": true}
{"timestamp": "16:53:01.036506", "frame": 48, "mu": [-0.9263450743376798, 1.781106960720574, 0.24961672031123858], "Sigma": [[0.010228745041128222, -0.003666069971746317, 0.02420193733894245], [-0.003666069971746317, 0.0077952339800364525, -0.011686729969907135], [0.02420193733894245, -0.011686729969907134, 0.25569154240103015]], "chi2_level": 0.99, "chi2_df": 3, "chi2_threshold": 11.344866730144373, "N_raw": 126, "N_roi": 126, "N_inlier": 125, "refit": true}
{"timestamp": "16:53:01.085076", "frame": 49, "mu": [-0.9329150705458477, 1.7553590420861223, 1.3307625553838727], "Sigma": [[0.008094704800601364, -0.0016081717460743644, -0.006323709871009154], [-0.0016081717460743644, 0.00487897903759799, -0.012225798663024994], [-0.006323709871009154, -0.012225798663024994, 0.15821907500397223]], "chi2_level": 0.99, "chi2_df": 3, "chi2_threshold": 11.344866730144373, "N_raw": 76, "N_roi": 76, "N_inlier": 73, "refit": true}
{"timestamp": "16:53:01.263188", "frame": 51, "mu": [-1.0347903753615995, 1.8232790326720045, 1.2867833523777423], "Sigma": [[0.01094238731936349, -0.004335694151239968, -0.00509545629918881], [-0.004335694151239968, 0.0051589876819965, -0.011055434679413386], [-0.00509545629918881, -0.011055434679413386, 0.09768038617663116]], "chi2_level": 0.99, "chi2_df": 3, "chi2_threshold": 11.344866730144373, "N_raw": 36, "N_roi": 36, "N_inlier": 34, "refit": true}
{"timestamp": "16:53:01.295042", "frame": 52, "mu": [-0.9940855917595, 1.8388160025918694, 1.1838972639827774], "Sigma": [[0.012263401051177328, -0.0012262333224742701, 0.00519492711671737], [-0.0012262333224742703, 0.0037915933651983535, 0.00781350279823269], [0.00519492711671737, 0.00781350279823269, 0.07500197273176656]], "chi2_level": 0.99, "chi2_df": 3, "chi2_threshold": 11.344866730144373, "N_raw": 86, "N_roi": 86, "N_inlier": 83, "refit": true}
{"timestamp": "16:53:01.326371", "frame": 53, "mu": [-0.9302522364806174, 1.981170508366512, -0.1789623219458895], "Sigma": [[0.008057064164017823, -0.0001887197347731861, -0.0005014934457929117], [-0.00018871973477318577, 0.005020604010697511, -0.0023021014954305963], [-0.0005014934457929119, -0.002302101495430596, 0.012581919179452774]], "chi2_level": 0.99, "chi2_df": 3, "chi2_threshold": 11.344866730144373, "N_raw": 53, "N_roi": 53, "N_inlier": 48, "refit": true}
{"timestamp": "16:53:01.358784", "frame": 54, "mu": [-0.9756659485655046, 1.9222787031973656, 0.9232348607389179], "Sigma": [[0.010110397820552187, 0.0005260286104995585, 0.0009260245113570595], [0.0005260286104995585, 0.000634639679405204, -0.0001346243447406095], [0.0009260245113570592, -0.0001346243447406095, 0.02604857197040014]], "chi2_level": 0.99, "chi2_df": 3, "chi2_threshold": 11.344866730144373, "N_raw": 50, "N_roi": 50, "N_inlier": 44, "refit": true}
{"timestamp": "16:53:01.408604", "frame": 55, "mu": [-0.9843896633617466, 2.0314009935071438, 0.98032402752754], "Sigma": [[0.015635161058285944, 0.005392665362804855, 0.030311890412172828], [0.0053926653628048535, 0.009441999552349789, 0.01912390872937733], [0.030311890412172828, 0.019123908729377335, 0.16442098498986604]], "chi2_level": 0.99, "chi2_df": 3, "chi2_threshold": 11.344866730144373, "N_raw": 44, "N_roi": 44, "N_inlier": 43, "refit": true}
{"timestamp": "16:53:01.466905", "frame": 56, "mu": [-0.9690168457933265, 2.0173029932641158, 1.1988310344018618], "Sigma": [[0.015902042270480372, 0.001590370240489435, 0.03900230297923944], [0.001590370240489435, 0.00631540273680093, 0.00972100792179084], [0.03900230297923944, 0.00972100792179084, 0.19069281646893196]], "chi2_level": 0.99, "chi2_df": 3, "chi2_threshold": 11.344866730144373, "N_raw": 63, "N_roi": 63, "N_inlier": 63, "refit": true}
{"timestamp": "16:53:01.529145", "frame": 57, "mu": [-1.0631447099713238, 2.2225602855530924, -0.2714662581118258], "Sigma": [[0.022930623701451464, -0.010588484186695188, 0.04347210895176981], [-0.01058848418669519, 0.021097265745889677, -0.05863122699031861], [0.04347210895176981, -0.05863122699031861, 0.23070603537729725]], "chi2_level": 0.99, "chi2_df": 3, "chi2_threshold": 11.344866730144373, "N_raw": 112, "N_roi": 112, "N_inlier": 111, "refit": true}
{"timestamp": "16:53:01.578998", "frame": 58, "mu": [-1.142471877354317, 2.1537927261506047, 1.145193089988109], "Sigma": [[0.01124377894903522, -0.0006232389305463417, 0.015531923926529773], [-0.0006232389305463416, 0.004940956350801486, -0.029715614217992348], [0.015531923926529771, -0.029715614217992348, 0.37845513594927643]], "chi2_level": 0.99, "chi2_df": 3, "chi2_threshold": 11.344866730144373, "N_raw": 69, "N_roi": 68, "N_inlier": 68, "refit": true}
{"timestamp": "16:53:01.627030", "frame": 59, "mu": [-1.219815819725527, 2.5062017667076355, -0.8351509785184241], "Sigma": [[0.012199832678870218, -0.009274381484964265, 0.017831128421051622], [-0.009274381484964265, 0.025474497050494798, -0.06826921748958377], [0.01783112842105162, -0.06826921748958377, 0.2316654730961736]], "chi2_level": 0.99, "chi2_df": 3, "chi2_threshold": 11.344866730144373, "N_raw": 29, "N_roi": 29, "N_inlier": 29, "refit": true}
{"timestamp": "16:53:01.737327", "frame": 61, "mu": [-1.0027787767018959, 2.2277912124275123, 1.0212243981835867], "Sigma": [[0.008812631215670613, -0.001814877871914007, -0.006561798035862147], [-0.0018148778719140068, 0.0022151067846848836, 0.009626669368718699], [-0.006561798035862147, 0.009626669368718699, 0.11972202247467248]], "chi2_level": 0.99, "chi2_df": 3, "chi2_threshold": 11.344866730144373, "N_raw": 33, "N_roi": 33, "N_inlier": 31, "refit": true}
{"timestamp": "16:53:01.797387", "frame": 62, "mu": [-1.0030367902171964, 2.4027474647449467, -0.39583111410158606], "Sigma": [[0.012530181344557686, 0.009952804415881443, -0.04613378820044004], [0.009952804415881443, 0.016663237951831535, -0.06544555879571258], [-0.04613378820044004, -0.06544555879571258, 0.30294522965656195]], "chi2_level": 0.99, "chi2_df": 3, "chi2_threshold": 11.344866730144373, "N_raw": 66, "N_roi": 66, "N_inlier": 63, "refit": true}
{"timestamp": "16:53:01.856935", "frame": 63, "mu": [-1.0495773564230897, 2.32923697364396, 1.1453844899874615], "Sigma": [[0.010103481575587011, -0.000557349838334056, -0.025188311545585255], [-0.0005573498383340561, 0.0047710833094994675, 0.012722922355844272], [-0.025188311545585255, 0.012722922355844272, 0.21672144437848975]], "chi2_level": 0.99, "chi2_df": 3, "chi2_threshold": 11.344866730144373, "N_raw": 92, "N_roi": 91, "N_inlier": 87, "refit": true}
{"timestamp": "16:53:01.910218", "frame": 64, "mu": [-1.1250004641109317, 2.41079194658707, 1.3862196352897762], "Sigma": [[0.015866295597853634, 0.0050898676112023575, -0.038391346007544416], [0.0050898676112023575, 0.0067587028069801, -0.01597038448334627], [-0.038391346007544416, -0.015970384483346273, 0.14529840323322465]], "chi2_level": 0.99, "chi2_df": 3, "chi2_threshold": 11.344866730144373, "N_raw": 75, "N_roi": 75, "N_inlier": 73, "refit": true}
{"timestamp": "16:53:01.963644", "frame": 65, "mu": [-1.1096386197056538, 2.44717367192943, 1.3621560228815643], "Sigma": [[0.00895307560101671, 0.0016904306083774996, -0.013525794335190713], [0.0016904306083774996, 0.005470887297370113, -0.012053968937904627], [-0.01352579433519071, -0.012053968937904627, 0.06928592076621261]], "chi2_level": 0.99, "chi2_df": 3, "chi2_threshold": 11.344866730144373, "N_raw": 74, "N_roi": 74, "N_inlier": 69, "refit": true}
{"timestamp": "16:53:02.020345", "frame": 66, "mu": [-1.0720052055074716, 2.638354943473674, -0.2689341282441925], "Sigma": [[0.010100358267170224, 0.005430782106903299, -0.025306399739071346], [0.005430782106903299, 0.017916515353200733, -0.049781400410024663], [-0.025306399739071346, -0.049781400410024663, 0.2144797990666689]], "chi2_level": 0.99, "chi2_df": 3, "chi2_threshold": 11.344866730144373, "N_raw": 84, "N_roi": 84, "N_inlier": 80, "refit": true}
{"timestamp": "16:53:02.075392", "frame": 67, "mu": [-1.1108010014099015, 2.549465763941539, 1.1577931045231242], "Sigma": [[0.009366043873272499, 0.00015528173084347407, -0.02378529767777183], [0.00015528173084347404, 0.0037351131499935627, -0.012357170623392083], [-0.02378529767777183, -0.012357170623392083, 0.21520752424078374]], "chi2_level": 0.99, "chi2_df": 3, "chi2_threshold": 11.344866730144373, "N_raw": 82, "N_roi": 82, "N_inlier": 80, "refit": true}
{"timestamp": "16:53:02.128114", "frame": 68, "mu": [-1.177705702565383, 2.5248523350569085, 0.6975284976093284], "Sigma": [[0.017331470054783943, 0.0009182071410523033, 0.06823075738992765], [0.000918207141052303, 0.004874027740869635, -0.0013372382069658413], [0.06823075738992765, -0.0013372382069658413, 0.6486316215695423]], "chi2_level": 0.99, "chi2_df": 3, "chi2_threshold": 11.344866730144373, "N_raw": 64, "N_roi": 64, "N_inlier": 63, "refit": true}
{"timestamp": "16:53:02.187079", "frame": 69, "mu": [-1.1168993092266752, 2.6452131469613027, 1.0967292386191883], "Sigma": [[0.012013852793087013, -0.00042630349071863353, -0.00018149627077293897], [-0.00042630349071863375, 0.0066230781136126125, -0.026808178462721925], [-0.00018149627077293788, -0.026808178462721925, 0.21071645938896397]], "chi2_level": 0.99, "chi2_df": 3, "chi2_threshold": 11.344866730144373, "N_raw": 97, "N_roi": 96, "N_inlier": 95, "refit": true}
{"timestamp": "16:53:02.240389", "frame": 70, "mu": [-1.1706020194015971, 2.7296160608300433, 1.051071664197699], "Sigma": [[0.008339872682981626, 0.0017782331662489802, -0.013281456138466426], [0.0017782331662489802, 0.005537712347201406, -0.028166171112304926], [-0.013281456138466426, -0.028166171112304926, 0.23425896940549198]], "chi2_level": 0.99, "chi2_df": 3, "chi2_threshold": 11.344866730144373, "N_raw": 76, "N_roi": 76, "N_inlier": 75, "refit": true}
{"timestamp": "16:53:02.292768", "frame": 71, "mu": [-1.1025317506840522, 2.716686183705078, 1.0719662624523532], "Sigma": [[0.014188362037436517, -0.0011754699689270247, 0.00731077113231797], [-0.0011754699689270247, 0.0048731893821536395, -0.02404057570735195], [0.00731077113231797, -0.02404057570735195, 0.21868778010732232]], "chi2_level": 0.99, "chi2_df": 3, "chi2_threshold": 11.344866730144373, "N_raw": 73, "N_roi": 73, "N_inlier": 71, "refit": true}
{"timestamp": "16:53:02.347401", "frame": 72, "mu": [-1.1628456227472141, 2.7346443881098885, 0.9712135234857218], "Sigma": [[0.012534105882859916, 0.0013327723824457485, -0.0008427080195590475], [0.0013327723824457485, 0.003782139938073813, -0.001925321524771339], [-0.0008427080195590477, -0.0019253215247713395, 0.15709572293556354]], "chi2_level": 0.99, "chi2_df": 3, "chi2_threshold": 11.344866730144373, "N_raw": 65, "N_roi": 65, "N_inlier": 64, "refit": true}
{"timestamp": "16:53:02.399917", "frame": 73, "mu": [-1.2163577195325133, 2.772284452615318, 0.809844303896398], "Sigma": [[0.00877663890641105, 0.001470757723470971, 0.0025581853703481863], [0.0014707577234709711, 0.0036265453427201527, 0.01576574255951652], [0.0025581853703481863, 0.01576574255951652, 0.18765856279766827]], "chi2_level": 0.99, "chi2_df": 3, "chi2_threshold": 11.344866730144373, "N_raw": 52, "N_roi": 52, "N_inlier": 50, "refit": true}
{"timestamp": "16:53:02.452631", "frame": 74, "mu": [-1.0990998190774166, 2.826757242122186, 0.7761109444495462], "Sigma": [[0.018237210579633754, 0.005952613722037779, 0.039051848064198064], [0.005952613722037779, 0.006533433889916235, 0.0075111266002466535], [0.039051848064198064, 0.007511126600246655, 0.1916407714753375]], "chi2_level": 0.99, "chi2_df": 3, "chi2_threshold": 11.344866730144373, "N_raw": 31, "N_roi": 30, "N_inlier": 29, "refit": true}
{"timestamp": "16:53:02.510681", "frame": 75, "mu": [-1.0384542097199805, 2.9895349850044797, -0.019146896100939476], "Sigma": [[0.013268069026035492, 0.000689387974141049, -0.00948995193337591], [0.0006893879741410489, 0.007497038069088097, -0.012434802987471976], [-0.00948995193337591, -0.012434802987471974, 0.03025448324532255]], "chi2_level": 0.99, "chi2_df": 3, "chi2_threshold": 11.344866730144373, "N_raw": 59, "N_roi": 59, "N_inlier": 57, "refit": true}
{"timestamp": "16:53:02.571553", "frame": 76, "mu": [-1.1841487608555388, 2.915173544852953, 0.9134230875465912], "Sigma": [[0.02321174052863612, 0.004862659528802477, 0.02016754384147338], [0.004862659528802477, 0.0029810273451025566, 0.0105386536234252], [0.02016754384147338, 0.0105386536234252, 0.11818455996162901]], "chi2_level": 0.99, "chi2_df": 3, "chi2_threshold": 11.344866730144373, "N_raw": 88, "N_roi": 85, "N_inlier": 82, "refit": true}
{"timestamp": "16:53:02.626038", "frame": 77, "mu": [-1.1138828030934276, 2.9189941312277217, 0.8223282515562497], "Sigma": [[0.04273697018952303, 0.00812355197663752, 0.060403010726334125], [0.00812355197663752, 0.004584439319652879, 0.007134727064031022], [0.06040301072633412, 0.007134727064031022, 0.15291024849433868]], "chi2_level": 0.99, "chi2_df": 3, "chi2_threshold": 11.344866730144373, "N_raw": 94, "N_roi": 94, "N_inlier": 94, "refit": true}
{"timestamp": "16:53:02.673739", "frame": 78, "mu": [-1.008897958733975, 3.0267797096956155, 0.9337829680123835], "Sigma": [[0.014917349906633457, -0.001308173197898054, 0.0030357556023619587], [-0.001308173197898054, 0.0020757308282420414, -0.007777641786131027], [0.0030357556023619583, -0.007777641786131027, 0.117078162539835]], "chi2_level": 0.99, "chi2_df": 3, "chi2_threshold": 11.344866730144373, "N_raw": 36, "N_roi": 36, "N_inlier": 35, "refit": true}
{"timestamp": "16:53:02.730923", "frame": 79, "mu": [-1.0608496600859427, 3.070519076647804, 0.8037152947050946], "Sigma": [[0.027435009558405023, -0.0013358830810894715, 0.034103847430790465], [-0.0013358830810894715, 0.0029567469806188198, -0.011348365050855057], [0.034103847430790465, -0.011348365050855057, 0.09447952509764654]], "chi2_level": 0.99, "chi2_df": 3, "chi2_threshold": 11.344866730144373, "N_raw": 59, "N_roi": 59, "N_inlier": 58, "refit": true}
{"timestamp": "16:53:02.790511", "frame": 80, "mu": [-1.0118562158825817, 3.0909796644065732, 1.0018165407517925], "Sigma": [[0.03755140297819161, -0.009738710253991952, 0.04568940093148492], [-0.009738710253991952, 0.006665782888885636, -0.025618917922464797], [0.04568940093148492, -0.025618917922464797, 0.11411328517801325]], "chi2_level": 0.99, "chi2_df": 3, "chi2_threshold": 11.344866730144373, "N_raw": 84, "N_roi": 84, "N_inlier": 83, "refit": true}
{"timestamp": "16:53:02.837886", "frame": 81, "mu": [-0.9173929567450704, 3.0819656581336385, 1.1685621585223886], "Sigma": [[0.0144154348683462, -0.003186097900227374, 0.008851880006355686], [-0.003186097900227374, 0.0025202156819648545, -0.00969354836858902], [0.008851880006355686, -0.00969354836858902, 0.053942549419565604]], "chi2_level": 0.99, "chi2_df": 3, "chi2_threshold": 11.344866730144373, "N_raw": 37, "N_roi": 37, "N_inlier": 35, "refit": true}
{"timestamp": "16:53:02.897081", "frame": 82, "mu": [-0.8928560422046651, 3.126509764964631, 1.2187221675945066], "Sigma": [[0.013699252234122664, -0.0011574930980911284, -0.0027063801394744025], [-0.0011574930980911284, 0.003149147695147872, -0.004948910288943542], [-0.0027063801394744025, -0.00494891028894354, 0.011764931748018704]], "chi2_level": 0.99, "chi2_df": 3, "chi2_threshold": 11.344866730144373, "N_raw": 61, "N_roi": 58, "N_inlier": 54, "refit": true}
{"timestamp": "16:53:02.950817", "frame": 83, "mu": [-0.9317112300348105, 3.2750030141151423, -0.21159745845231792], "Sigma": [[0.013336731484371494, -0.0015953208226780833, 0.01054851099121172], [-0.0015953208226780838, 0.012963341722968242, -0.06309217747463372], [0.010548510991211719, -0.06309217747463373, 0.38060022202473615]], "chi2_level": 0.99, "chi2_df": 3, "chi2_threshold": 11.344866730144373, "N_raw": 54, "N_roi": 54, "N_inlier": 53, "refit": true}
{"timestamp": "16:53:03.003716", "frame": 84, "mu": [-0.8689138766604861, 3.1729036055887074, 1.2177577329399145], "Sigma": [[0.008451910836359468, 0.0005447788004837758, -0.004713896535583397], [0.0005447788004837757, 0.0020561521679407216, -0.004975387812268294], [-0.004713896535583397, -0.004975387812268293, 0.016951679665516518]], "chi2_level": 0.99, "chi2_df": 3, "chi2_threshold": 11.344866730144373, "N_raw": 42, "N_roi": 42, "N_inlier": 39, "refit": true}
{"timestamp": "16:53:03.063389", "frame": 85, "mu": [-0.9093993283261694, 3.2740745375134104, -0.45490502734704275], "Sigma": [[0.015824050401120386, 0.004772248445338408, 0.05387730547861734], [0.004772248445338408, 0.009471009314305102, 0.018392752380952594], [0.05387730547861734, 0.018392752380952594, 0.2893098514934389]], "chi2_level": 0.99, "chi2_df": 3, "chi2_threshold": 11.344866730144373, "N_raw": 71, "N_roi": 71, "N_inlier": 69, "refit": true}
{"timestamp": "16:53:03.113228", "frame": 86, "mu": [-0.8598877050324321, 3.2317766199543807, 1.1813235579763999], "Sigma": [[0.008393181078053985, -0.00018923973203530733, -0.0034595937602576662], [-0.00018923973203530738, 0.0031583820715888346, -0.003315925214909484], [-0.0034595937602576662, -0.003315925214909484, 0.007490973279873964]], "chi2_level": 0.99, "chi2_df": 3, "chi2_threshold": 11.344866730144373, "N_raw": 39, "N_roi": 39, "N_inlier": 37, "refit": true}
{"timestamp": "16:53:03.167469", "frame": 87, "mu": [-0.8017570938909557, 3.244025012914589, 1.2224792789676535], "Sigma": [[0.00827210292572559, -0.00023810080718184273, 0.006439781479245199], [-0.00023810080718184278, 0.003609180269167198, -0.0033567739806934062], [0.006439781479245199, -0.0033567739806934062, 0.11347717942069141]], "chi2_level": 0.99, "chi2_df": 3, "chi2_threshold": 11.344866730144373, "N_raw": 34, "N_roi": 34, "N_inlier": 32, "refit": true}
{"timestamp": "16:53:03.226306", "frame": 88, "mu": [-0.7933298165364031, 3.287381136290967, 0.8945116763503062], "Sigma": [[0.009572512000087033, 0.0006286634933819158, -0.011146521588132077], [0.0006286634933819156, 0.004853245856453631, -0.01612583156688457], [-0.011146521588132077, -0.01612583156688457, 0.12792101260683703]], "chi2_level": 0.99, "chi2_df": 3, "chi2_threshold": 11.344866730144373, "N_raw": 59, "N_roi": 59, "N_inlier": 57, "refit": true}
