{"timestamp": "17:00:47.155634", "frame": 8, "mu": [-2.099725859015877, 4.914416692858481, 0.6582223991502152], "Sigma": [[0.029506121133454855, 0.008206861858979477, -9.378955893226966e-05], [0.008206861858979477, 0.0028369398324972423, -0.0009001226384592832], [-9.378955893226911e-05, -0.0009001226384592832, 0.11547868309501481]], "chi2_level": 0.95, "chi2_df": 3, "chi2_threshold": 7.814727903251179, "N_raw": 68, "N_roi": 45, "N_inlier": 43, "refit": true}
{"timestamp": "17:00:47.209077", "frame": 9, "mu": [-1.9904675411780486, 4.915411298475957, 1.002102209819227], "Sigma": [[0.033410839553610995, 0.007627924540199669, 0.006857556260385133], [0.007627924540199669, 0.0028450214817961382, -0.0013246612537616592], [0.006857556260385132, -0.0013246612537616605, 0.08320419078822658]], "chi2_level": 0.95, "chi2_df": 3, "chi2_threshold": 7.814727903251179, "N_raw": 49, "N_roi": 42, "N_inlier": 41, "refit": true}
{"timestamp": "17:00:47.263088", "frame": 10, "mu": [-1.870329414227904, 4.874306134300299, 1.089300970878216], "Sigma": [[0.04223658535211981, 0.010778633794559447, -0.006682484583004675], [0.010778633794559447, 0.005347329206443696, -0.0032563015402779635], [-0.006682484583004675, -0.003256301540277964, 0.005215809190869303]], "chi2_level": 0.95, "chi2_df": 3, "chi2_threshold": 7.814727903251179, "N_raw": 41, "N_roi": 40, "N_inlier": 38, "refit": true}
{"timestamp": "17:00:47.322713", "frame": 11, "mu": [-1.8741428421649915, 4.838598800703818, 0.9593482815131356], "Sigma": [[0.03456507049575794, 0.00867942385571796, -0.016245041503621178], [0.00867942385571796, 0.00477257012100838, -0.008165187374221953], [-0.016245041503621178, -0.008165187374221953, 0.016701588516577753]], "chi2_level": 0.95, "chi2_df": 3, "chi2_threshold": 7.814727903251179, "N_raw": 43, "N_roi": 43, "N_inlier": 41, "refit": true}
{"timestamp": "17:00:47.372558", "frame": 12, "mu": [-1.8533333375782253, 4.808432843325112, 1.0444320825051716], "Sigma": [[0.02551264207204073, 0.00558598346741705, -0.016042907923029308], [0.005585983467417049, 0.0028413349605811234, -0.0075003655858137605], [-0.016042907923029308, -0.0075003655858137605, 0.02498352146098505]], "chi2_level": 0.95, "chi2_df": 3, "chi2_threshold": 7.814727903251179, "N_raw": 32, "N_roi": 31, "N_inlier": 31, "refit": true}
{"timestamp": "17:00:47.428401", "frame": 13, "mu": [-1.8908117555881985, 4.718162409899527, 1.016566243595868], "Sigma": [[0.037590136574298584, 0.007713931743313109, -0.03176902108929528], [0.007713931743313109, 0.0039008850377014476, -0.009335156097656342], [-0.03176902108929528, -0.009335156097656342, 0.03745088413658021]], "chi2_level": 0.95, "chi2_df": 3, "chi2_threshold": 7.814727903251179, "N_raw": 42, "N_roi": 42, "N_inlier": 40, "refit": true}
{"timestamp": "17:00:47.484515", "frame": 14, "mu": [-1.9558570545933769, 4.671556947052435, 1.0566987340081408], "Sigma": [[0.03140510914659715, 0.007648226188050982, -0.011842595706681568], [0.007648226188050982, 0.006688238780569217, -0.004286376312069181], [-0.011842595706681568, -0.004286376312069181, 0.0077281714321298335]], "chi2_level": 0.95, "chi2_df": 3, "chi2_threshold": 7.814727903251179, "N_raw": 49, "N_roi": 46, "N_inlier": 45, "refit": true}
{"timestamp": "17:00:47.539247", "frame": 15, "mu": [-2.055906991863222, 4.58430193399996, 1.2138395127539463], "Sigma": [[0.031002278947075693, 0.007896384048149841, -0.011840308008948619], [0.007896384048149841, 0.005724325868855456, -0.00532465163345717], [-0.011840308008948617, -0.00532465163345717, 0.00992721359825481]], "chi2_level": 0.95, "chi2_df": 3, "chi2_threshold": 7.814727903251179, "N_raw": 47, "N_roi": 44, "N_inlier": 42, "refit": true}
{"timestamp": "17:00:47.591594", "frame": 16, "mu": [-1.9842409877972136, 4.486308885809831, 0.9655144914164415], "Sigma": [[0.020995189069042013, 0.004750160164264448, -0.01773342898245951], [0.004750160164264448, 0.002443564909990587, -0.0062568314327709], [-0.017733428982459505, -0.0062568314327709, 0.02234190898168804]], "chi2_level": 0.95, "chi2_df": 3, "chi2_threshold": 7.814727903251179, "N_raw": 25, "N_roi": 25, "N_inlier": 25, "refit": true}
{"timestamp": "17:00:47.646846", "frame": 17, "mu": [-2.044511560220117, 4.420343756525655, 0.9721225911637604], "Sigma": [[0.01926376344588991, 0.005261020292595883, -0.014718471978867265], [0.005261020292595883, 0.003540537500599179, -0.005049909169397668], [-0.014718471978867265, -0.005049909169397668, 0.01440424279692255]], "chi2_level": 0.95, "chi2_df": 3, "chi2_threshold": 7.814727903251179, "N_raw": 30, "N_roi": 26, "N_inlier": 25, "refit": true}
{"timestamp": "17:00:47.700763", "frame": 18, "mu": [-1.908056256411194, 4.512652766482448, 0.04555127457809451], "Sigma": [[0.016264486449424232, 0.005588829155201161, -0.007882699183734649], [0.005588829155201161, 0.003533902505840237, -0.007360321949526962], [-0.007882699183734649, -0.007360321949526963, 0.02052496108517193]], "chi2_level": 0.95, "chi2_df": 3, "chi2_threshold": 7.814727903251179, "N_raw": 21, "N_roi": 20, "N_inlier": 18, "refit": true}
{"timestamp": "17:00:47.757686", "frame": 19, "mu": [-1.9480765615394062, 4.3139264161868764, 0.9522336109342584], "Sigma": [[0.024112824189475378, 0.007002847945219715, -0.01066375464279461], [0.0070028479452197145, 0.002793041197398339, -0.005981477576156237], [-0.01066375464279461, -0.005981477576156236, 0.027789475799833076]], "chi2_level": 0.95, "chi2_df": 3, "chi2_threshold": 7.814727903251179, "N_raw": 32, "N_roi": 32, "N_inlier": 31, "refit": true}
{"timestamp": "17:00:47.808043", "frame": 20, "mu": [-2.031977049428412, 4.245730916359793, 1.014709631474422], "Sigma": [[0.0008253189747856985, -0.0005854252965514248, 0.001281496442803383], [-0.0005854252965514249, 0.0024664280517693476, -0.007555680142771351], [0.001281496442803383, -0.007555680142771351, 0.02473591415104501]], "chi2_level": 0.95, "chi2_df": 3, "chi2_threshold": 7.814727903251179, "N_raw": 6, "N_roi": 5, "N_inlier": 5, "refit": true}
{"timestamp": "17:00:47.867961", "frame": 21, "mu": [-1.8680268176287238, 4.157990748642167, 0.9524356394111423], "Sigma": [[0.03186936640928928, 0.008357204964332354, -0.023416840413139732], [0.008357204964332354, 0.0041946350881320775, -0.008882107293600554], [-0.023416840413139732, -0.008882107293600554, 0.02536722957909373]], "chi2_level": 0.95, "chi2_df": 3, "chi2_threshold": 7.814727903251179, "N_raw": 44, "N_roi": 43, "N_inlier": 41, "refit": true}
{"timestamp": "17:00:47.925338", "frame": 22, "mu": [-1.907560837153428, 4.086407360284916, 1.0340101210864852], "Sigma": [[0.034588196920840544, 0.01052739673286905, -0.023383521761046404], [0.01052739673286905, 0.005081047994991347, -0.010034003191790309], [-0.023383521761046404, -0.010034003191790307, 0.023186561361545673]], "chi2_level": 0.95, "chi2_df": 3, "chi2_threshold": 7.814727903251179, "N_raw": 45, "N_roi": 44, "N_inlier": 42, "refit": true}
{"timestamp": "17:00:47.983567", "frame": 23, "mu": [-1.8307563194295433, 4.055680274743663, 1.1169398720896955], "Sigma": [[0.04829045320340872, 0.006022267509692944, -0.024405765479520038], [0.006022267509692944, 0.005334170704923595, -0.006845617262018862], [-0.024405765479520034, -0.006845617262018862, 0.0208408475736565]], "chi2_level": 0.95, "chi2_df": 3, "chi2_threshold": 7.814727903251179, "N_raw": 72, "N_roi": 72, "N_inlier": 68, "refit": true}
{"timestamp": "17:00:48.028987", "frame": 24, "mu": [-1.886127203794399, 3.9817944008921775, 0.8761115300940426], "Sigma": [[0.007817976153403655, -0.0016656402292338206, 0.00360361325206027], [-0.0016656402292338202, 0.0023001159888786328, -0.0021055731685304404], [0.00360361325206027, -0.0021055731685304404, 0.02543080634148919]], "chi2_level": 0.95, "chi2_df": 3, "chi2_threshold": 7.814727903251179, "N_raw": 14, "N_roi": 13, "N_inlier": 12, "refit": true}
{"timestamp": "17:00:48.087873", "frame": 25, "mu": [-1.9908768932461631, 4.0093614751965925, 0.012195376827742632], "Sigma": [[0.020757300044570357, 0.0030593348751166063, 0.010695501098814572], [0.0030593348751166063, 0.004060545944992218, -0.00621558068751179], [0.01069550109881457, -0.00621558068751179, 0.04505267006694892]], "chi2_level": 0.95, "chi2_df": 3, "chi2_threshold": 7.814727903251179, "N_raw": 31, "N_roi": 31, "N_inlier": 29, "refit": true}
{"timestamp": "17:00:48.143746", "frame": 26, "mu": [-1.8951126042931234, 3.848002175794602, 1.258862271887421], "Sigma": [[0.022763511472099755, 0.007653710966218846, -0.00831748641512079], [0.007653710966218847, 0.004621200968383182, -0.00571257524303735], [-0.00831748641512079, -0.005712575243037349, 0.011186959055590714]], "chi2_level": 0.95, "chi2_df": 3, "chi2_threshold": 7.814727903251179, "N_raw": 40, "N_roi": 40, "N_inlier": 37, "refit": true}
{"timestamp": "17:00:48.194546", "frame": 27, "mu": [-1.904445740086026, 3.613321958031988, 0.6979013953851526], "Sigma": [[0.008990894292527045, -0.009961933824285108, 0.02030979390411622], [-0.009961933824285108, 0.019370419005333532, -0.0007259342265956564], [0.02030979390411622, -0.0007259342265956564, 0.14352861312457318]], "chi2_level": 0.95, "chi2_df": 3, "chi2_threshold": 7.814727903251179, "N_raw": 12, "N_roi": 11, "N_inlier": 10, "refit": true}
{"timestamp": "17:00:48.247850", "frame": 28, "mu": [-1.6552215859126218, 3.1489141000382936, 1.3840456025341807], "Sigma": [[0.5264289329439864, -0.8828456242610633, 0.2194183569733531], [-0.8828456242610632, 1.4861746627732189, -0.3678252249398053], [0.21941835697335307, -0.3678252249398053, 0.09396997876185392]], "chi2_level": 0.95, "chi2_df": 3, "chi2_threshold": 7.814727903251179, "N_raw": 5, "N_roi": 5, "N_inlier": 5, "refit": true}
{"timestamp": "17:00:48.310310", "frame": 29, "mu": [-2.0108154155920808, 3.7449810096953735, -0.09163392838963641], "Sigma": [[0.024317438491929126, 0.008915145524758226, -0.006018590269613176], [0.008915145524758222, 0.009270847962514156, -0.009811348787343976], [-0.0060185902696131745, -0.009811348787343976, 0.01258851698394388]], "chi2_level": 0.95, "chi2_df": 3, "chi2_threshold": 7.814727903251179, "N_raw": 52, "N_roi": 50, "N_inlier": 49, "refit": true}
{"timestamp": "17:00:48.367066", "frame": 30, "mu": [-1.998274809749436, 3.5281484028400043, 1.0985202862266104], "Sigma": [[0.031185991494616386, 0.010612052790868659, -0.001957077521283469], [0.010612052790868659, 0.007425709100741168, -0.007881580933003098], [-0.001957077521283469, -0.007881580933003098, 0.016955268005684705]], "chi2_level": 0.95, "chi2_df": 3, "chi2_threshold": 7.814727903251179, "N_raw": 66, "N_roi": 66, "N_inlier": 65, "refit": true}
{"timestamp": "17:00:48.420543", "frame": 31, "mu": [-1.969559619642311, 3.4546498806978, 1.1578112133091985], "Sigma": [[0.024947621306598736, 0.009438247934007465, -0.012208917219418938], [0.009438247934007465, 0.007968726438816444, -0.008725228784478022], [-0.012208917219418938, -0.008725228784478022, 0.015437731847638188]], "chi2_level": 0.95, "chi2_df": 3, "chi2_threshold": 7.814727903251179, "N_raw": 55, "N_roi": 55, "N_inlier": 53, "refit": true}
{"timestamp": "17:00:48.476903", "frame": 32, "mu": [-1.9529675991682038, 3.4043009965099884, 1.1247912762909964], "Sigma": [[0.029233935664040155, 0.004482089059137535, -0.020148557689788328], [0.004482089059137535, 0.003579639461138511, -0.008385799080981554], [-0.020148557689788328, -0.008385799080981554, 0.03219259277565236]], "chi2_level": 0.95, "chi2_df": 3, "chi2_threshold": 7.814727903251179, "N_raw": 59, "N_roi": 59, "N_inlier": 56, "refit": true}
{"timestamp": "17:00:48.528986", "frame": 33, "mu": [-2.0669742453560227, 3.3286994149476072, 1.1935954972077332], "Sigma": [[0.015253434459137238, 0.0045124650940116225, -0.004268126644355091], [0.004512465094011623, 0.0036690046323412887, -0.006657881090727624], [-0.004268126644355091, -0.006657881090727624, 0.017643978722344023]], "chi2_level": 0.95, "chi2_df": 3, "chi2_threshold": 7.814727903251179, "N_raw": 40, "N_roi": 40, "N_inlier": 39, "refit": true}
{"timestamp": "17:00:48.584907", "frame": 34, "mu": [-2.0459326561103515, 3.3565026707535637, -0.06748901115558932], "Sigma": [[0.022837806837412995, 0.010097987293103702, -0.011482586152897498], [0.010097987293103704, 0.010149464724554653, -0.008368522264772289], [-0.011482586152897498, -0.008368522264772289, 0.00885431946071461]], "chi2_level": 0.95, "chi2_df": 3, "chi2_threshold": 7.814727903251179, "N_raw": 49, "N_roi": 49, "N_inlier": 48, "refit": true}
{"timestamp": "17:00:48.637728", "frame": 35, "mu": [-2.055031140825173, 3.1384438586113346, 1.0887000241432108], "Sigma": [[0.015426066528568323, 0.005279990561457998, -0.004877827955875581], [0.005279990561457998, 0.0051315150331973985, -0.0018315179200824646], [-0.004877827955875581, -0.0018315179200824648, 0.002105190678649892]], "chi2_level": 0.95, "chi2_df": 3, "chi2_threshold": 7.814727903251179, "N_raw": 34, "N_roi": 32, "N_inlier": 30, "refit": true}
{"timestamp": "17:00:48.692364", "frame": 36, "mu": [-2.0056852762484363, 3.1779212234976875, 0.05360846172227002], "Sigma": [[0.01954268132920036, 0.010671662421818124, -0.00622094064848003], [0.010671662421818124, 0.008537621216123463, -0.007112206434590202], [-0.006220940648480031, -0.007112206434590202, 0.009862903892871746]], "chi2_level": 0.95, "chi2_df": 3, "chi2_threshold": 7.814727903251179, "N_raw": 30, "N_roi": 29, "N_inlier": 27, "refit": true}
{"timestamp": "17:00:48.743794", "frame": 37, "mu": [-1.9047866465125323, 3.0915582995536544, 0.9303572149083759], "Sigma": [[0.005013584959313511, -0.00039444819873177294, 0.00044537637990258545], [-0.00039444819873177316, 0.012943643445234897, -0.033694854564531855], [0.00044537637990258545, -0.033694854564531855, 0.09028660603873041]], "chi2_level": 0.95, "chi2_df": 3, "chi2_threshold": 7.814727903251179, "N_raw": 7, "N_roi": 7, "N_inlier": 6, "refit": true}
{"timestamp": "17:00:48.802712", "frame": 38, "mu": [-1.9895448106951792, 3.0280636782274417, -0.07063040520082187], "Sigma": [[0.011799623592519454, 0.006242193284208497, -0.010458404451668655], [0.006242193284208497, 0.008893343572780269, -0.011492646353905359], [-0.010458404451668655, -0.01149264635390536, 0.017606858559139748]], "chi2_level": 0.95, "chi2_df": 3, "chi2_threshold": 7.814727903251179, "N_raw": 37, "N_roi": 37, "N_inlier": 36, "refit": true}
{"timestamp": "17:00:48.894680", "frame": 39, "mu": [-1.8571487304145284, 2.8880344700187583, 1.1447626793024084], "Sigma": [[0.013243097244372021, 0.004148844503894898, -0.009527631968976175], [0.004148844503894898, 0.004020536103244849, -0.00526343797574789], [-0.009527631968976177, -0.005263437975747891, 0.010543983107926388]], "chi2_level": 0.95, "chi2_df": 3, "chi2_threshold": 7.814727903251179, "N_raw": 37, "N_roi": 37, "N_inlier": 35, "refit": true}
{"timestamp": "17:00:48.937394", "frame": 40, "mu": [-1.893969793722404, 2.8265841563555707, 1.16207814534477], "Sigma": [[0.010139018787803832, 0.0012016215361459882, 0.003386413388414986], [0.0012016215361459882, 0.0009053247405255206, -0.001499270577416778], [0.003386413388414986, -0.0014992705774167778, 0.008565030254691191]], "chi2_level": 0.95, "chi2_df": 3, "chi2_threshold": 7.814727903251179, "N_raw": 12, "N_roi": 12, "N_inlier": 11, "refit": true}
{"timestamp": "17:00:48.969972", "frame": 41, "mu": [-1.8302533718077671, 2.789681699915925, 1.3115531009454282], "Sigma": [[0.0193155606065549, 0.004507786870889631, -0.018285617955057006], [0.004507786870889631, 0.003716403895214098, -0.00649104562453565], [-0.018285617955057006, -0.00649104562453565, 0.02082458328131437]], "chi2_level": 0.95, "chi2_df": 3, "chi2_threshold": 7.814727903251179, "N_raw": 47, "N_roi": 44, "N_inlier": 42, "refit": true}
{"timestamp": "17:00:49.025567", "frame": 42, "mu": [-1.8698065396581118, 2.7301367227308435, 1.2042262141697941], "Sigma": [[0.047258540534807, 0.0032161798037552442, -0.017512263037367623], [0.0032161798037552442, 0.0025523094895268644, -0.004351988345650067], [-0.017512263037367623, -0.004351988345650066, 0.027821050166698454]], "chi2_level": 0.95, "chi2_df": 3, "chi2_threshold": 7.814727903251179, "N_raw": 52, "N_roi": 51, "N_inlier": 50, "refit": true}
{"timestamp": "17:00:49.081081", "frame": 43, "mu": [-1.7550061033330622, 2.7395401803088397, -0.04423626421468803], "Sigma": [[0.020059217366228545, 0.005671487800918179, -0.02383287343611098], [0.005671487800918179, 0.007039893404323868, -0.006834889908649203], [-0.02383287343611098, -0.006834889908649203, 0.03751407611376057]], "chi2_level": 0.95, "chi2_df": 3, "chi2_threshold": 7.814727903251179, "N_raw": 55, "N_roi": 55, "N_inlier": 51, "refit": true}
{"timestamp": "17:00:49.138643", "frame": 44, "mu": [-1.893912860769588, 2.5852044373117757, 1.3297589066500526], "Sigma": [[0.01982795840699319, 0.007871097379497186, -0.005043635716290882], [0.007871097379497184, 0.008746937893570979, -0.009088964009067096], [-0.005043635716290883, -0.009088964009067096, 0.017956910802484675]], "chi2_level": 0.95, "chi2_df": 3, "chi2_threshold": 7.814727903251179, "N_raw": 69, "N_roi": 69, "N_inlier": 67, "refit": true}
{"timestamp": "17:00:49.197351", "frame": 45, "mu": [-1.8646609338305897, 2.537856833319232, 0.07009919477660184], "Sigma": [[0.01704109464616023, -0.002178488812487637, 0.010657539543060583], [-0.0021784888124876368, 0.016892103697653597, 0.027751710002248575], [0.010657539543060583, 0.027751710002248575, 0.3308403133755911]], "chi2_level": 0.95, "chi2_df": 3, "chi2_threshold": 7.814727903251179, "N_raw": 89, "N_roi": 88, "N_inlier": 86, "refit": true}
{"timestamp": "17:00:49.243123", "frame": 46, "mu": [-1.8939615481245045, 2.4094912460517426, 1.413425407750705], "Sigma": [[0.01058850664229451, 0.006078725975142944, -0.00979684299597349], [0.006078725975142945, 0.00511374914634673, -0.006643627109188052], [-0.00979684299597349, -0.006643627109188052, 0.010451433274496007]], "chi2_level": 0.95, "chi2_df": 3, "chi2_threshold": 7.814727903251179, "N_raw": 26, "N_roi": 26, "N_inlier": 24, "refit": true}
{"timestamp": "17:00:49.300454", "frame": 47, "mu": [-1.8910913185790652, 2.3826690258074628, -0.07851294534730424], "Sigma": [[0.012895970267340904, 0.005473043718451433, -0.009210247233456696], [0.005473043718451433, 0.022504590262004256, 0.012875993451008337], [-0.009210247233456696, 0.012875993451008335, 0.02796676316403781]], "chi2_level": 0.95, "chi2_df": 3, "chi2_threshold": 7.814727903251179, "N_raw": 53, "N_roi": 53, "N_inlier": 48, "refit": true}
{"timestamp": "17:00:49.349303", "frame": 48, "mu": [-1.8909196008915385, 2.3294698760164883, 0.00036300686724839454], "Sigma": [[0.0023231290301063273, -0.0004973261720461458, 0.002811070258175532], [-0.0004973261720461456, 0.00522431997236725, -0.007902202733266455], [0.002811070258175532, -0.007902202733266455, 0.015398554991831412]], "chi2_level": 0.95, "chi2_df": 3, "chi2_threshold": 7.814727903251179, "N_raw": 11, "N_roi": 11, "N_inlier": 10, "refit": true}
{"timestamp": "17:00:49.416465", "frame": 49, "mu": [-2.0093009654278364, 2.115096880205271, 1.499538313706364], "Sigma": [[0.037044254878810474, 0.02569910336997929, -0.0327353999508698], [0.02569910336997929, 0.02714824097638062, -0.026590529012591953], [-0.03273539995086979, -0.02659052901259195, 0.03474329491496186]], "chi2_level": 0.95, "chi2_df": 3, "chi2_threshold": 7.814727903251179, "N_raw": 97, "N_roi": 97, "N_inlier": 91, "refit": true}
{"timestamp": "17:00:49.470597", "frame": 50, "mu": [-1.9644223885880732, 2.053865519040047, 1.3727910530236704], "Sigma": [[0.03915851330212881, 0.03477611313878354, -0.03228979922841328], [0.03477611313878354, 0.03725444762834301, -0.03653979701602557], [-0.03228979922841328, -0.03653979701602557, 0.041097569946002416]], "chi2_level": 0.95, "chi2_df": 3, "chi2_threshold": 7.814727903251179, "N_raw": 86, "N_roi": 86, "N_inlier": 83, "refit": true}
{"timestamp": "17:00:49.527970", "frame": 51, "mu": [-2.0439943077340397, 1.944099063163668, 1.5284122603823498], "Sigma": [[0.043984654979598435, 0.03297885022982733, -0.03296739353037427], [0.03297885022982733, 0.032313840609398715, -0.029933125300309758], [-0.03296739353037427, -0.029933125300309754, 0.029539732705483525]], "chi2_level": 0.95, "chi2_df": 3, "chi2_threshold": 7.814727903251179, "N_raw": 104, "N_roi": 103, "N_inlier": 98, "refit": true}
{"timestamp": "17:00:49.583505", "frame": 52, "mu": [-2.076315322429841, 1.8859014003118104, 1.4610738656969797], "Sigma": [[0.036108316759727886, 0.023844255705092594, -0.03249410630078089], [0.023844255705092597, 0.02189228505902012, -0.027925303097916743], [-0.03249410630078089, -0.027925303097916743, 0.040970046082006537]], "chi2_level": 0.95, "chi2_df": 3, "chi2_threshold": 7.814727903251179, "N_raw": 95, "N_roi": 95, "N_inlier": 90, "refit": true}
{"timestamp": "17:00:49.638016", "frame": 53, "mu": [-2.026603698659569, 1.8490849673362477, 1.492312868197458], "Sigma": [[0.0310792113778056, 0.022086170634564264, -0.027553679798803896], [0.022086170634564264, 0.02393617964781071, -0.025524047662061067], [-0.027553679798803896, -0.025524047662061063, 0.03394884654513455]], "chi2_level": 0.95, "chi2_df": 3, "chi2_threshold": 7.814727903251179, "N_raw": 102, "N_roi": 102, "N_inlier": 95, "refit": true}
{"timestamp": "17:00:49.686367", "frame": 54, "mu": [-2.053529067302588, 1.7504146678409003, 1.3045849177561082], "Sigma": [[0.017645591090364607, 0.01339455503562757, -0.022902698129177806], [0.01339455503562757, 0.015128492960361594, -0.02778769137988765], [-0.02290269812917781, -0.02778769137988765, 0.08068275762851954]], "chi2_level": 0.95, "chi2_df": 3, "chi2_threshold": 7.814727903251179, "N_raw": 59, "N_roi": 59, "N_inlier": 55, "refit": true}
{"timestamp": "17:00:49.746534", "frame": 55, "mu": [-2.0121362014435302, 1.6623569715335083, 1.3960500902282638], "Sigma": [[0.026096270916421346, 0.018938145895656695, -0.011259812598240888], [0.018938145895656695, 0.021415496068340322, -0.015397931256065244], [-0.011259812598240888, -0.015397931256065244, 0.020567822863600774]], "chi2_level": 0.95, "chi2_df": 3, "chi2_threshold": 7.814727903251179, "N_raw": 96, "N_roi": 96, "N_inlier": 94, "refit": true}
{"timestamp": "17:00:49.796524", "frame": 56, "mu": [-2.0361308776228126, 1.5353202424369548, 1.54515994672263], "Sigma": [[0.013830754771338903, 0.008859532648504174, -0.009994271545087832], [0.008859532648504174, 0.011545125320111213, -0.009911499682268128], [-0.009994271545087832, -0.009911499682268128, 0.010532715366913387]], "chi2_level": 0.95, "chi2_df": 3, "chi2_threshold": 7.814727903251179, "N_raw": 53, "N_roi": 53, "N_inlier": 50, "refit": true}
{"timestamp": "17:00:49.852625", "frame": 57, "mu": [-2.0227255169032725, 1.4745626161859855, 1.4698555584015214], "Sigma": [[0.015721691059357418, 0.009397287131221751, -0.012515062293166831], [0.009397287131221751, 0.011949963725400558, -0.01698216921023404], [-0.012515062293166831, -0.01698216921023404, 0.03576965205927563]], "chi2_level": 0.95, "chi2_df": 3, "chi2_threshold": 7.814727903251179, "N_raw": 67, "N_roi": 67, "N_inlier": 64, "refit": true}
{"timestamp": "17:00:49.905896", "frame": 58, "mu": [-1.933852213275019, 1.4584577411470687, 1.4274858863536206], "Sigma": [[0.012402565757224008, 0.007854708886102096, -0.008528128489564728], [0.007854708886102096, 0.010587236389980737, -0.010399779823190155], [-0.008528128489564728, -0.010399779823190155, 0.011386238450028457]], "chi2_level": 0.95, "chi2_df": 3, "chi2_threshold": 7.814727903251179, "N_raw": 59, "N_roi": 59, "N_inlier": 54, "refit": true}
{"timestamp": "17:00:49.967087", "frame": 59, "mu": [-2.0695454823576056, 1.307739261953521, 1.235103695408976], "Sigma": [[0.022234801944948666, 0.015369227560889624, 0.015939721468689046], [0.015369227560889624, 0.01373979175592952, 0.0038858158093391295], [0.015939721468689046, 0.00388581580933913, 0.05780269789750824]], "chi2_level": 0.95, "chi2_df": 3, "chi2_threshold": 7.814727903251179, "N_raw": 89, "N_roi": 89, "N_inlier": 86, "refit": true}
{"timestamp": "17:00:50.022600", "frame": 60, "mu": [-1.9983946537215767, 1.2970485301522152, 1.2775042017415403], "Sigma": [[0.02618674809176287, 0.012448480948538856, 0.013393971840351073], [0.012448480948538856, 0.011265940087800743, -0.001477111943949702], [0.013393971840351074, -0.001477111943949702, 0.036803275697766265]], "chi2_level": 0.95, "chi2_df": 3, "chi2_threshold": 7.814727903251179, "N_raw": 95, "N_roi": 95, "N_inlier": 93, "refit": true}
{"timestamp": "17:00:50.073712", "frame": 61, "mu": [-1.8139565704962237, 1.3059007676892236, 1.3861385514151237], "Sigma": [[0.01952082195843034, 0.00600512750251174, -0.0144609950017787], [0.006005127502511741, 0.01066121138842308, -0.007837393552255871], [-0.0144609950017787, -0.007837393552255871, 0.013146018928264775]], "chi2_level": 0.95, "chi2_df": 3, "chi2_threshold": 7.814727903251179, "N_raw": 68, "N_roi": 68, "N_inlier": 66, "refit": true}
{"timestamp": "17:00:50.133258", "frame": 62, "mu": [-1.755551980137378, 1.1998510627535408, 1.251519281927107], "Sigma": [[0.027852150964324814, 0.008310871981371419, -0.009095382997476757], [0.008310871981371419, 0.007625914924287204, -0.009072128545904992], [-0.009095382997476757, -0.00907212854590499, 0.014722304344155588]], "chi2_level": 0.95, "chi2_df": 3, "chi2_threshold": 7.814727903251179, "N_raw": 103, "N_roi": 103, "N_inlier": 96, "refit": true}
{"timestamp": "17:00:50.184327", "frame": 63, "mu": [-1.7260653377677846, 1.120242071966804, 1.2266856930807168], "Sigma": [[0.016240422317455927, 0.006431758171582627, -0.008205377915245626], [0.006431758171582627, 0.011597923465811366, -0.007508665105371757], [-0.008205377915245626, -0.007508665105371757, 0.006973231144742143]], "chi2_level": 0.95, "chi2_df": 3, "chi2_threshold": 7.814727903251179, "N_raw": 75, "N_roi": 75, "N_inlier": 75, "refit": true}
{"timestamp": "17:00:50.239403", "frame": 64, "mu": [-1.7030189430079334, 1.0261690250987285, 1.2076033537391697], "Sigma": [[0.01756705753410023, 0.00718862636374886, -0.008160349196213073], [0.007188626363748861, 0.014939020169122508, -0.005484258146657727], [-0.008160349196213073, -0.005484258146657726, 0.005137425369688088]], "chi2_level": 0.95, "chi2_df": 3, "chi2_threshold": 7.814727903251179, "N_raw": 77, "N_roi": 77, "N_inlier": 75, "refit": true}
{"timestamp": "17:00:50.294935", "frame": 65, "mu": [-1.6832087672452252, 1.0890419603659114, -0.5623496910507316], "Sigma": [[0.012635665256458378, 0.011458010873275352, 0.0044650199607082774], [0.011458010873275352, 0.026497179562332655, 0.005218442864379539], [0.0044650199607082774, 0.005218442864379539, 0.0031306462330112843]], "chi2_level": 0.95, "chi2_df": 3, "chi2_threshold": 7.814727903251179, "N_raw": 73, "N_roi": 73, "N_inlier": 68, "refit": true}
{"timestamp": "17:00:50.348827", "frame": 66, "mu": [-1.7108951261505814, 0.8712943922316374, 1.2045344203880735], "Sigma": [[0.013691782131835794, 0.00993899407035232, -0.0031523828366500214], [0.00993899407035232, 0.018564201186594784, -0.00743315763253664], [-0.003152382836650022, -0.00743315763253664, 0.00397393230109457]], "chi2_level": 0.95, "chi2_df": 3, "chi2_threshold": 7.814727903251179, "N_raw": 74, "N_roi": 74, "N_inlier": 72, "refit": true}
{"timestamp": "17:00:50.403102", "frame": 67, "mu": [-1.7258939894704357, 0.7599013182663248, 1.1643299843776798], "Sigma": [[0.011813862329679, 0.010906114075814714, 0.0004902008718597526], [0.010906114075814714, 0.01654661317639216, -0.004526098127321537], [0.0004902008718597526, -0.004526098127321537, 0.00533169395091419]], "chi2_level": 0.95, "chi2_df": 3, "chi2_threshold": 7.814727903251179, "N_raw": 60, "N_roi": 60, "N_inlier": 59, "refit": true}
{"timestamp": "17:00:50.455915", "frame": 68, "mu": [-1.7533824449675983, 0.9286987290614468, -0.5932643448345913], "Sigma": [[0.010072064819544901, 0.005002212281901669, 0.0012673666779542147], [0.005002212281901669, 0.013228494915074223, -0.003246793672445299], [0.0012673666779542147, -0.003246793672445299, 0.0036658725137125457]], "chi2_level": 0.95, "chi2_df": 3, "chi2_threshold": 7.814727903251179, "N_raw": 56, "N_roi": 56, "N_inlier": 53, "refit": true}
{"timestamp": "17:00:50.510485", "frame": 69, "mu": [-1.7484735595444565, 0.7697982055730294, 1.3020377989203995], "Sigma": [[0.008406274811388571, 0.003206091242162842, -0.0032498802518568723], [0.003206091242162842, 0.010885137763318764, -0.007048000002054681], [-0.0032498802518568723, -0.007048000002054681, 0.006024590124544456]], "chi2_level": 0.95, "chi2_df": 3, "chi2_threshold": 7.814727903251179, "N_raw": 57, "N_roi": 57, "N_inlier": 51, "refit": true}
{"timestamp": "17:00:50.565566", "frame": 70, "mu": [-1.7363961541836321, 0.7236641347759993, 1.2748213180989745], "Sigma": [[0.00883390929958781, 0.005200141030943948, -0.0012804363423496775], [0.005200141030943949, 0.008120959303203048, -0.004886749678238683], [-0.0012804363423496775, -0.004886749678238683, 0.009248422770729285]], "chi2_level": 0.95, "chi2_df": 3, "chi2_threshold": 7.814727903251179, "N_raw": 51, "N_roi": 51, "N_inlier": 49, "refit": true}
{"timestamp": "17:00:50.622578", "frame": 71, "mu": [-1.7713325802757938, 0.8125718705381527, -0.6832362629030664], "Sigma": [[0.008309162712274356, 0.008021127001430272, 0.007158423038720161], [0.008021127001430272, 0.011876886061083896, 0.0007054352063326766], [0.007158423038720161, 0.0007054352063326763, 0.031078515756972114]], "chi2_level": 0.95, "chi2_df": 3, "chi2_threshold": 7.814727903251179, "N_raw": 63, "N_roi": 63, "N_inlier": 58, "refit": true}
{"timestamp": "17:00:50.671762", "frame": 72, "mu": [-1.6648967469863971, 0.6913789852709915, 1.2755849498061156], "Sigma": [[0.0037221634313853212, 0.0033357085687849225, -0.002411380258574911], [0.0033357085687849225, 0.006985071497262123, -0.004555223839077725], [-0.002411380258574911, -0.004555223839077725, 0.00407827311064036]], "chi2_level": 0.95, "chi2_df": 3, "chi2_threshold": 7.814727903251179, "N_raw": 22, "N_roi": 22, "N_inlier": 20, "refit": true}
{"timestamp": "17:00:50.729311", "frame": 73, "mu": [-1.7245421693644147, 0.5759213330860105, 1.124020022994908], "Sigma": [[0.006791052360085343, 0.00698543122086862, 0.003197659000535767], [0.00698543122086862, 0.009813733041032545, 0.0007596485597521397], [0.003197659000535767, 0.0007596485597521399, 0.011329423285959388]], "chi2_level": 0.95, "chi2_df": 3, "chi2_threshold": 7.814727903251179, "N_raw": 47, "N_roi": 47, "N_inlier": 43, "refit": true}
{"timestamp": "17:00:50.781419", "frame": 74, "mu": [-1.6985704399817565, 0.5211992216615816, 0.9688882633338967], "Sigma": [[0.011252563786981622, 0.00985040832895193, 0.017363087483292967], [0.00985040832895193, 0.014230436106840433, 0.02167586966063551], [0.01736308748329296, 0.021675869660635505, 0.14490620423293354]], "chi2_level": 0.95, "chi2_df": 3, "chi2_threshold": 7.814727903251179, "N_raw": 27, "N_roi": 27, "N_inlier": 25, "refit": true}
{"timestamp": "17:00:50.836510", "frame": 75, "mu": [-1.7574801393359798, 0.5234060568740377, 1.1020132411881833], "Sigma": [[0.005003209680426903, 0.006239200321468864, -0.0017983569241182174], [0.006239200321468866, 0.008805403178435036, -0.002914492988460712], [-0.0017983569241182174, -0.002914492988460712, 0.0045325701949916215]], "chi2_level": 0.95, "chi2_df": 3, "chi2_threshold": 7.814727903251179, "N_raw": 25, "N_roi": 25, "N_inlier": 21, "refit": true}
{"timestamp": "17:00:50.890600", "frame": 76, "mu": [0.5416462230540124, 0.306617021698843, 0.8469070565215698], "Sigma": [[2.4393963322967176, 0.07057912066566188, -0.039193809205866445], [0.07057912066566187, 0.006926726035918732, 0.0005317459160226713], [-0.03919380920586644, 0.0005317459160226713, 0.008537947297008965]], "chi2_level": 0.95, "chi2_df": 3, "chi2_threshold": 7.814727903251179, "N_raw": 20, "N_roi": 20, "N_inlier": 17, "refit": true}
{"timestamp": "17:00:50.949148", "frame": 77, "mu": [-0.07064019117236311, 0.6460208010590833, -0.8300160074860438], "Sigma": [[2.7033314719843906, 0.009340593173453817, -0.08594870392228281], [0.009340593173453817, 0.009544645285743851, 0.00460230835360035], [-0.08594870392228281, 0.00460230835360035, 0.027839088292280878]], "chi2_level": 0.95, "chi2_df": 3, "chi2_threshold": 7.814727903251179, "N_raw": 40, "N_roi": 40, "N_inlier": 37, "refit": true}
{"timestamp": "17:00:51.000280", "frame": 78, "mu": [0.5081801820698904, 0.3297736274895922, 0.9087901512283403], "Sigma": [[2.289125616981015, 0.06999726924231997, -0.013924807446426032], [0.06999726924231997, 0.006641307001848764, -0.0012795246778469008], [-0.01392480744642603, -0.0012795246778469006, 0.0012134446557788212]], "chi2_level": 0.95, "chi2_df": 3, "chi2_threshold": 7.814727903251179, "N_raw": 17, "N_roi": 17, "N_inlier": 15, "refit": true}
