{"timestamp": "17:06:25.021623", "frame": 19, "mu": [-1.3299740194349128, 0.8582490226597342, -1.6352742820866397], "Sigma": [[0.023150659990606746, 0.004371963266209087, 0.013802900913091248], [0.0043719632662090864, 0.01684248621843794, -0.03972170825181869], [0.013802900913091248, -0.039721708251818685, 0.1673745210090993]], "chi2_level": 0.95, "chi2_df": 3, "chi2_threshold": 7.814727903251179, "N_raw": 5, "N_roi": 5, "N_inlier": 5, "refit": true}
{"timestamp": "17:06:25.077453", "frame": 20, "mu": [-0.6432106152809249, 0.3758126945724653, 0.9656816619958838], "Sigma": [[0.9879899728823756, -0.008744337063041244, 0.2147717863812203], [-0.008744337063041244, 0.01253132596439547, -0.054320107751721726], [0.2147717863812203, -0.05432010775172172, 0.3187715666908749]], "chi2_level": 0.95, "chi2_df": 3, "chi2_threshold": 7.814727903251179, "N_raw": 16, "N_roi": 16, "N_inlier": 15, "refit": true}
{"timestamp": "17:06:25.137428", "frame": 21, "mu": [-0.7654010799770511, 0.2818502357074999, 1.382334509589634], "Sigma": [[0.7478972476191517, 0.002557459475418607, 0.03377940428386419], [0.002557459475418607, 0.0030440703329407473, -0.004443147857231126], [0.03377940428386419, -0.004443147857231127, 0.0127145213646028]], "chi2_level": 0.95, "chi2_df": 3, "chi2_threshold": 7.814727903251179, "N_raw": 44, "N_roi": 44, "N_inlier": 38, "refit": true}
{"timestamp": "17:06:25.189864", "frame": 22, "mu": [-1.1450832180349577, 0.3529284954371624, 1.3446333340383212], "Sigma": [[0.004004772801038582, 0.004099812785450522, 0.007430395670593195], [0.004099812785450522, 0.00637257124944528, 0.005879906331681942], [0.007430395670593195, 0.005879906331681941, 0.04579577643334022]], "chi2_level": 0.95, "chi2_df": 3, "chi2_threshold": 7.814727903251179, "N_raw": 31, "N_roi": 31, "N_inlier": 29, "refit": true}
{"timestamp": "17:06:25.248300", "frame": 23, "mu": [-1.1480758496544905, 0.3978993335871577, 1.4601991990509187], "Sigma": [[0.007286995804492767, 0.0006653094182020902, 0.0014789554020767435], [0.0006653094182020902, 0.005366030264212827, -0.003681350830726474], [0.0014789554020767435, -0.003681350830726474, 0.005778617930697746]], "chi2_level": 0.95, "chi2_df": 3, "chi2_threshold": 7.814727903251179, "N_raw": 59, "N_roi": 59, "N_inlier": 52, "refit": true}
{"timestamp": "17:06:25.301894", "frame": 24, "mu": [-1.0733630316496017, 0.38787782272060845, 1.500197622881468], "Sigma": [[0.006490286190929564, 0.0012862451806928041, -0.0006201875987378491], [0.0012862451806928041, 0.005039563284314653, -0.003094139138393269], [-0.0006201875987378491, -0.003094139138393269, 0.002562304260302461]], "chi2_level": 0.95, "chi2_df": 3, "chi2_threshold": 7.814727903251179, "N_raw": 50, "N_roi": 50, "N_inlier": 48, "refit": true}
{"timestamp": "17:06:25.361611", "frame": 25, "mu": [-1.0913790789406206, 0.4870267645227965, 1.538634266776014], "Sigma": [[0.008672505493021442, 0.0002727682563639553, 0.0014035752570413747], [0.0002727682563639553, 0.00550288832843241, -0.004469760723546826], [0.001403575257041375, -0.004469760723546826, 0.00592566230900269]], "chi2_level": 0.95, "chi2_df": 3, "chi2_threshold": 7.814727903251179, "N_raw": 79, "N_roi": 79, "N_inlier": 76, "refit": true}
{"timestamp": "17:06:25.416608", "frame": 26, "mu": [-1.087682973180271, 0.5226714736435035, 1.588408241007518], "Sigma": [[0.008226799413329931, 0.0005824067209599994, 0.0007466183717370819], [0.0005824067209599995, 0.0056999063951151995, -0.004334406971886069], [0.000746618371737082, -0.004334406971886069, 0.004521386200236836]], "chi2_level": 0.95, "chi2_df": 3, "chi2_threshold": 7.814727903251179, "N_raw": 77, "N_roi": 77, "N_inlier": 70, "refit": true}
{"timestamp": "17:06:25.477911", "frame": 27, "mu": [-0.9931904321257031, 0.5889036428334468, 1.5344755065477969], "Sigma": [[0.008593765123462537, 0.00020914745670380191, -0.0017879751813718774], [0.00020914745670380194, 0.0049589345612407925, -0.005098565684426115], [-0.0017879751813718774, -0.005098565684426115, 0.00784969729341296]], "chi2_level": 0.95, "chi2_df": 3, "chi2_threshold": 7.814727903251179, "N_raw": 91, "N_roi": 91, "N_inlier": 84, "refit": true}
{"timestamp": "17:06:25.530015", "frame": 28, "mu": [-0.9290909235058631, 0.6296164280017138, 1.5405948034912704], "Sigma": [[0.007063008232372217, 0.001288830347169487, -0.005423169150912416], [0.001288830347169487, 0.007083737378372785, -0.008044266091293672], [-0.005423169150912416, -0.008044266091293672, 0.01573472262697133]], "chi2_level": 0.95, "chi2_df": 3, "chi2_threshold": 7.814727903251179, "N_raw": 77, "N_roi": 77, "N_inlier": 72, "refit": true}
{"timestamp": "17:06:25.589950", "frame": 29, "mu": [-0.9415598585945855, 0.7334197380261712, 1.5891903762796842], "Sigma": [[0.009504617524078435, 0.002620149482824353, -0.0035686187555004816], [0.002620149482824353, 0.004812282234172137, -0.0062658513580790874], [-0.0035686187555004816, -0.0062658513580790874, 0.012425544592727574]], "chi2_level": 0.95, "chi2_df": 3, "chi2_threshold": 7.814727903251179, "N_raw": 110, "N_roi": 110, "N_inlier": 99, "refit": true}
{"timestamp": "17:06:25.638934", "frame": 30, "mu": [-0.9973774657650099, 0.7215082982251506, 1.6773484846398805], "Sigma": [[0.009175133790937562, 0.002275028254332045, -0.00338041669629031], [0.002275028254332045, 0.0066646711069981565, -0.009979097190142595], [-0.0033804166962903104, -0.009979097190142595, 0.018099061915397882]], "chi2_level": 0.95, "chi2_df": 3, "chi2_threshold": 7.814727903251179, "N_raw": 70, "N_roi": 70, "N_inlier": 64, "refit": true}
{"timestamp": "17:06:25.697953", "frame": 31, "mu": [-0.8190725340945988, 0.9594772153480154, 1.4836354924426383], "Sigma": [[0.02110997593521505, 0.03467272030569821, -0.04130147780605639], [0.034672720305698214, 0.07598623169700748, -0.08985455889070906], [-0.041301477806056384, -0.08985455889070906, 0.10892329368663586]], "chi2_level": 0.95, "chi2_df": 3, "chi2_threshold": 7.814727903251179, "N_raw": 106, "N_roi": 102, "N_inlier": 98, "refit": true}
{"timestamp": "17:06:25.742675", "frame": 32, "mu": [-0.7254437670229759, 0.9792106428880585, 1.561175752804341], "Sigma": [[0.04137319614230967, 0.02315151979812475, -0.030908357165351133], [0.023151519798124753, 0.0438147186022511, -0.047040033056220364], [-0.030908357165351133, -0.04704003305622036, 0.07317032096922602]], "chi2_level": 0.95, "chi2_df": 3, "chi2_threshold": 7.814727903251179, "N_raw": 28, "N_roi": 28, "N_inlier": 27, "refit": true}
{"timestamp": "17:06:25.798128", "frame": 33, "mu": [-0.5221199750474147, 1.003083519563442, 1.4529784832947008], "Sigma": [[0.0043644585706660985, -0.004259600332070278, -0.006792763329468498], [-0.004259600332070278, 0.007885949381250076, 0.007861345285669522], [-0.006792763329468498, 0.007861345285669522, 0.011566837630067156]], "chi2_level": 0.95, "chi2_df": 3, "chi2_threshold": 7.814727903251179, "N_raw": 46, "N_roi": 46, "N_inlier": 39, "refit": true}
{"timestamp": "17:06:25.852672", "frame": 34, "mu": [-0.5841510683950303, 1.076426893886526, 1.2488761609979193], "Sigma": [[0.0037217167418759347, -0.003594365949049427, 0.00507100915911831], [-0.003594365949049427, 0.0063612668748445345, 0.011188632547377448], [0.005071009159118308, 0.01118863254737745, 0.2846684227302141]], "chi2_level": 0.95, "chi2_df": 3, "chi2_threshold": 7.814727903251179, "N_raw": 22, "N_roi": 22, "N_inlier": 21, "refit": true}
{"timestamp": "17:06:25.908089", "frame": 35, "mu": [-0.44193649001138147, 1.0228477216749259, 1.1138469893593728], "Sigma": [[0.003173907808799713, -5.0569941827057895e-05, 0.007455004242831134], [-5.0569941827057895e-05, 0.0015692777069267075, 0.005030139740957509], [0.007455004242831135, 0.005030139740957509, 0.08861482954268313]], "chi2_level": 0.95, "chi2_df": 3, "chi2_threshold": 7.814727903251179, "N_raw": 39, "N_roi": 39, "N_inlier": 36, "refit": true}
{"timestamp": "17:06:25.976688", "frame": 36, "mu": [-0.45849262745256025, 1.1471361207170454, 1.3604364618183666], "Sigma": [[0.005269178465577858, -0.0024766852959813906, -0.011239521605198958], [-0.0024766852959813906, 0.0068747988459786176, 0.011019723593358385], [-0.01123952160519896, 0.011019723593358387, 0.09937526932685606]], "chi2_level": 0.95, "chi2_df": 3, "chi2_threshold": 7.814727903251179, "N_raw": 125, "N_roi": 125, "N_inlier": 121, "refit": true}
{"timestamp": "17:06:26.028862", "frame": 37, "mu": [-0.3902013249963471, 1.2366181118372148, 1.383209136548097], "Sigma": [[0.005413971237166706, -0.003086597838572409, -0.01427818314328989], [-0.0030865978385724094, 0.007246281600919496, 0.0019926787440736533], [-0.01427818314328989, 0.0019926787440736537, 0.21944037655870743]], "chi2_level": 0.95, "chi2_df": 3, "chi2_threshold": 7.814727903251179, "N_raw": 94, "N_roi": 91, "N_inlier": 86, "refit": true}
{"timestamp": "17:06:26.082758", "frame": 38, "mu": [-0.35210062347585763, 1.2493746763910987, 1.4467393029271902], "Sigma": [[0.0045569887680902725, -0.0007271368879159092, 0.004064649770798682], [-0.0007271368879159092, 0.005825564426174177, 0.006665362756747242], [0.004064649770798682, 0.006665362756747241, 0.0500508181436542]], "chi2_level": 0.95, "chi2_df": 3, "chi2_threshold": 7.814727903251179, "N_raw": 93, "N_roi": 90, "N_inlier": 85, "refit": true}
{"timestamp": "17:06:26.135743", "frame": 39, "mu": [-0.29234931953131593, 1.2708769865165679, 1.215897321788585], "Sigma": [[0.004581900457698369, 0.0008685957929348283, 0.01035763024627049], [0.0008685957929348284, 0.004248884250371696, 0.0027095955969325524], [0.01035763024627049, 0.0027095955969325533, 0.08815103524783634]], "chi2_level": 0.95, "chi2_df": 3, "chi2_threshold": 7.814727903251179, "N_raw": 80, "N_roi": 80, "N_inlier": 70, "refit": true}
{"timestamp": "17:06:26.195359", "frame": 40, "mu": [-0.5422844816439237, 2.0310645556496945, 0.8551211849895455], "Sigma": [[0.2127395261638018, -0.523269099315879, 0.0886676337666544], [-0.523269099315879, 1.3531247164797808, -0.1896135693067852], [0.08866763376665439, -0.1896135693067852, 0.44215578717061205]], "chi2_level": 0.95, "chi2_df": 3, "chi2_threshold": 7.814727903251179, "N_raw": 113, "N_roi": 112, "N_inlier": 105, "refit": true}
{"timestamp": "17:06:26.256294", "frame": 41, "mu": [-0.2571634274271102, 1.5384288711512453, -0.6754309891443442], "Sigma": [[0.008766587079037545, -0.0005693325007963192, 0.024454099625693664], [-0.000569332500796319, 0.038366371540530256, -0.06118766774343394], [0.024454099625693664, -0.06118766774343394, 0.3678556065141246]], "chi2_level": 0.95, "chi2_df": 3, "chi2_threshold": 7.814727903251179, "N_raw": 142, "N_roi": 141, "N_inlier": 136, "refit": true}
{"timestamp": "17:06:26.307630", "frame": 42, "mu": [-0.16607211046095854, 1.504022103897606, 1.4795125622766352], "Sigma": [[0.006655153398289967, -0.0015936709461922488, -0.001621612590372874], [-0.0015936709461922488, 0.006905778135355637, 0.00279145051025021], [-0.0016216125903728742, 0.00279145051025021, 0.05382698254670796]], "chi2_level": 0.95, "chi2_df": 3, "chi2_threshold": 7.814727903251179, "N_raw": 114, "N_roi": 112, "N_inlier": 100, "refit": true}
{"timestamp": "17:06:26.364179", "frame": 43, "mu": [-0.1656236467469913, 1.5472477405924887, 1.3781085854670927], "Sigma": [[0.009325026343268058, -0.0022096940302936976, 0.018556007880069218], [-0.002209694030293698, 0.008516502744916108, 0.0015582728403130057], [0.018556007880069218, 0.001558272840313006, 0.18409760472997522]], "chi2_level": 0.95, "chi2_df": 3, "chi2_threshold": 7.814727903251179, "N_raw": 131, "N_roi": 128, "N_inlier": 122, "refit": true}
{"timestamp": "17:06:26.418324", "frame": 44, "mu": [-0.172238161302488, 1.6253709836392833, 0.8172396076105827], "Sigma": [[0.010189988262528735, -0.00017893977398520717, 0.02769899725819654], [-0.00017893977398520736, 0.008167380338499853, 0.01100197819860218], [0.02769899725819654, 0.01100197819860218, 0.7077071100489604]], "chi2_level": 0.95, "chi2_df": 3, "chi2_threshold": 7.814727903251179, "N_raw": 125, "N_roi": 124, "N_inlier": 123, "refit": true}
{"timestamp": "17:06:26.470078", "frame": 45, "mu": [-0.13438099717940805, 1.6542702378453698, 0.9633620827042286], "Sigma": [[0.007878458156529712, 0.0003530678537797644, 0.04159582992351018], [0.0003530678537797642, 0.009764088375420537, 0.022984877376541875], [0.04159582992351017, 0.022984877376541875, 0.8137597111656191]], "chi2_level": 0.95, "chi2_df": 3, "chi2_threshold": 7.814727903251179, "N_raw": 94, "N_roi": 92, "N_inlier": 89, "refit": true}
{"timestamp": "17:06:26.525947", "frame": 46, "mu": [-0.08698619024869898, 1.6941128291431733, 0.8003746543381928], "Sigma": [[0.010245381403659094, -0.001930819144955605, 0.04603641099712302], [-0.001930819144955605, 0.010106781098176606, 0.005951995545449661], [0.04603641099712302, 0.00595199554544966, 0.6581111577823971]], "chi2_level": 0.95, "chi2_df": 3, "chi2_threshold": 7.814727903251179, "N_raw": 101, "N_roi": 99, "N_inlier": 97, "refit": true}
{"timestamp": "17:06:26.573233", "frame": 47, "mu": [-0.015821653331336432, 1.7842280448708803, 1.738839435839748], "Sigma": [[0.004358976460047847, -0.00013495051256554472, -0.004036417814645808], [-0.00013495051256554461, 0.004394244925452664, -0.003696607491217076], [-0.004036417814645808, -0.003696607491217076, 0.008666789211794994]], "chi2_level": 0.95, "chi2_df": 3, "chi2_threshold": 7.814727903251179, "N_raw": 53, "N_roi": 52, "N_inlier": 47, "refit": true}
{"timestamp": "17:06:26.634926", "frame": 48, "mu": [0.03326118782782632, 1.312860350515137, 0.6004830304064024], "Sigma": [[0.007498834888613995, 0.014464923550291966, 0.015540334886913403], [0.014464923550291966, 0.4924187997205516, 0.657443322319746], [0.015540334886913407, 0.657443322319746, 1.1380037667442908]], "chi2_level": 0.95, "chi2_df": 3, "chi2_threshold": 7.814727903251179, "N_raw": 99, "N_roi": 94, "N_inlier": 90, "refit": true}
{"timestamp": "17:06:26.689631", "frame": 49, "mu": [-0.0462101052737454, 1.875899720610348, 0.9116205457748383], "Sigma": [[0.03728940444478822, 0.004360214545506915, 0.06545404024754232], [0.004360214545506916, 0.004872806016242581, -0.006237549747700378], [0.06545404024754232, -0.006237549747700379, 0.4402871242564023]], "chi2_level": 0.95, "chi2_df": 3, "chi2_threshold": 7.814727903251179, "N_raw": 97, "N_roi": 95, "N_inlier": 92, "refit": true}
{"timestamp": "17:06:26.741398", "frame": 50, "mu": [0.0038975073474018487, 1.931749312005254, 0.5599316642408977], "Sigma": [[0.039332848530665945, 0.005392000955117494, 0.01929845162537842], [0.005392000955117494, 0.0035641873225452604, 0.01097138280225847], [0.019298451625378417, 0.01097138280225847, 0.3375551410320771]], "chi2_level": 0.95, "chi2_df": 3, "chi2_threshold": 7.814727903251179, "N_raw": 89, "N_roi": 86, "N_inlier": 85, "refit": true}
{"timestamp": "17:06:26.795568", "frame": 51, "mu": [0.14054140800512036, 1.961117204588628, 1.1072620969083224], "Sigma": [[0.024645965526094788, -0.0033877184028705144, 0.04399642790380739], [-0.0033877184028705144, 0.004165255923808092, -0.012769224665156871], [0.04399642790380739, -0.012769224665156873, 0.5227639250502565]], "chi2_level": 0.95, "chi2_df": 3, "chi2_threshold": 7.814727903251179, "N_raw": 78, "N_roi": 76, "N_inlier": 75, "refit": true}
{"timestamp": "17:06:26.846147", "frame": 52, "mu": [0.2782051401705774, 2.039833180996977, 1.3745719842462363], "Sigma": [[0.005496649129325308, -0.0002597400369055652, 0.002728873365149263], [-0.0002597400369055652, 0.007767990784477106, -0.030940399354577115], [0.002728873365149263, -0.030940399354577118, 0.1839439069687923]], "chi2_level": 0.95, "chi2_df": 3, "chi2_threshold": 7.814727903251179, "N_raw": 55, "N_roi": 55, "N_inlier": 52, "refit": true}
{"timestamp": "17:06:26.989665", "frame": 53, "mu": [0.3305901784751332, 2.0173294574814977, 1.4787685050477029], "Sigma": [[0.0031097276046938866, -0.0007302573593837367, -0.008675528458171886], [-0.0007302573593837365, 0.0029115086299476177, 0.0013546518803898874], [-0.008675528458171886, 0.0013546518803898878, 0.21629976153485792]], "chi2_level": 0.95, "chi2_df": 3, "chi2_threshold": 7.814727903251179, "N_raw": 36, "N_roi": 36, "N_inlier": 31, "refit": true}
{"timestamp": "17:06:27.033268", "frame": 54, "mu": [0.38500393033135233, 2.1748681075067684, 0.04636953132371762], "Sigma": [[0.006326321885462975, 0.0030820731284100676, -0.01056168437818622], [0.0030820731284100676, 0.00913471546756043, -0.017593056456675398], [-0.01056168437818622, -0.017593056456675398, 0.04291401724960654]], "chi2_level": 0.95, "chi2_df": 3, "chi2_threshold": 7.814727903251179, "N_raw": 68, "N_roi": 65, "N_inlier": 59, "refit": true}
{"timestamp": "17:06:27.071015", "frame": 55, "mu": [0.3560238612068978, 2.1833693469987225, 1.4920333624535793], "Sigma": [[0.006750741134070669, -0.001563403004573638, -0.011918595066938237], [-0.001563403004573638, 0.004000946434913726, -0.004271963986246964], [-0.011918595066938237, -0.004271963986246964, 0.0873848982780603]], "chi2_level": 0.95, "chi2_df": 3, "chi2_threshold": 7.814727903251179, "N_raw": 76, "N_roi": 73, "N_inlier": 68, "refit": true}
{"timestamp": "17:06:27.095011", "frame": 56, "mu": [0.4510185270489174, 2.271379972937849, 1.3312569466561592], "Sigma": [[0.00917282701420013, 0.00023397297660119872, -0.00851140680489468], [0.00023397297660119872, 0.0033710355801046137, -0.0001948955376918837], [-0.00851140680489468, -0.0001948955376918837, 0.11614150878411783]], "chi2_level": 0.95, "chi2_df": 3, "chi2_threshold": 7.814727903251179, "N_raw": 66, "N_roi": 66, "N_inlier": 61, "refit": true}
{"timestamp": "17:06:27.124978", "frame": 57, "mu": [0.5037913967081337, 2.2639844291681466, 1.4024613613956027], "Sigma": [[0.00381548769421133, -0.0005542022907422658, -0.0012041400632404025], [-0.0005542022907422657, 0.005349964345918106, 0.023406577843111218], [-0.0012041400632404014, 0.023406577843111218, 0.1993662885839472]], "chi2_level": 0.95, "chi2_df": 3, "chi2_threshold": 7.814727903251179, "N_raw": 34, "N_roi": 32, "N_inlier": 28, "refit": true}
{"timestamp": "17:06:27.178784", "frame": 58, "mu": [0.505057172980283, 2.3500045787604167, 1.2339519052513757], "Sigma": [[0.008295822140439654, 0.0017499276006464892, 0.018187174064810904], [0.0017499276006464897, 0.009277355491081623, 0.013971212041773163], [0.018187174064810907, 0.013971212041773165, 0.19686050169751343]], "chi2_level": 0.95, "chi2_df": 3, "chi2_threshold": 7.814727903251179, "N_raw": 71, "N_roi": 71, "N_inlier": 67, "refit": true}
{"timestamp": "17:06:27.232730", "frame": 59, "mu": [0.5596493341598272, 2.3636155369752405, 1.1712346224843695], "Sigma": [[0.011752658524303164, 0.00918418006727358, 0.03569731090990523], [0.00918418006727358, 0.023713964459873026, 0.07864211396104842], [0.03569731090990523, 0.07864211396104842, 0.31851494474254655]], "chi2_level": 0.95, "chi2_df": 3, "chi2_threshold": 7.814727903251179, "N_raw": 59, "N_roi": 57, "N_inlier": 53, "refit": true}
{"timestamp": "17:06:27.281675", "frame": 60, "mu": [0.6972730632617541, 2.4608212009673367, 1.209692367352772], "Sigma": [[0.003622814056618389, 0.00048454834306082607, -0.018150596504480775], [0.0004845483430608261, 0.0020689420285798124, -0.017217444814709073], [-0.018150596504480775, -0.017217444814709073, 0.33498991765784]], "chi2_level": 0.95, "chi2_df": 3, "chi2_threshold": 7.814727903251179, "N_raw": 22, "N_roi": 19, "N_inlier": 18, "refit": true}
{"timestamp": "17:06:27.342954", "frame": 61, "mu": [0.7205705503198593, 2.5571321628374113, 1.2905820948447164], "Sigma": [[0.0072415339445037535, -0.0025585989283385237, -0.023420314613207222], [-0.0025585989283385237, 0.004636479218198648, 0.0025454629512763915], [-0.023420314613207226, 0.0025454629512763924, 0.3170549302771389]], "chi2_level": 0.95, "chi2_df": 3, "chi2_threshold": 7.814727903251179, "N_raw": 67, "N_roi": 65, "N_inlier": 59, "refit": true}
{"timestamp": "17:06:27.399181", "frame": 62, "mu": [0.8642061450513868, 2.5388210298939913, 1.1506539552290864], "Sigma": [[0.010519264602166001, -0.002699040588413782, -0.02714997248905531], [-0.0026990405884137823, 0.0058203570775425305, 0.010482052624882795], [-0.027149972489055308, 0.010482052624882793, 0.5022870503701751]], "chi2_level": 0.95, "chi2_df": 3, "chi2_threshold": 7.814727903251179, "N_raw": 72, "N_roi": 69, "N_inlier": 67, "refit": true}
{"timestamp": "17:06:27.455820", "frame": 63, "mu": [0.8206064134103969, 2.487585812528447, -0.9146246198816544], "Sigma": [[0.011366050761819095, 0.014718225240389207, 0.0002877014002790482], [0.014718225240389207, 0.2772934966818006, 0.4787721787189628], [0.00028770140027904777, 0.4787721787189628, 2.3566985895090835]], "chi2_level": 0.95, "chi2_df": 3, "chi2_threshold": 7.814727903251179, "N_raw": 80, "N_roi": 78, "N_inlier": 77, "refit": true}
{"timestamp": "17:06:27.502964", "frame": 64, "mu": [0.8345554883122493, 2.7335612252370365, 0.5275674582794615], "Sigma": [[0.01256879216909857, -0.0015966351618919507, 0.008728838343670824], [-0.0015966351618919507, 0.004234790923109818, -0.015758834418137], [0.008728838343670824, -0.015758834418137, 0.08401779957908492]], "chi2_level": 0.95, "chi2_df": 3, "chi2_threshold": 7.814727903251179, "N_raw": 29, "N_roi": 29, "N_inlier": 26, "refit": true}
{"timestamp": "17:06:27.564941", "frame": 65, "mu": [0.8823834097956894, 2.701553579848378, 1.0718912167288586], "Sigma": [[0.024043424219849133, -0.009128397135673653, 0.04639922335792414], [-0.009128397135673653, 0.011512788867869144, 0.009317683437471322], [0.04639922335792414, 0.009317683437471323, 0.30647160035700177]], "chi2_level": 0.95, "chi2_df": 3, "chi2_threshold": 7.814727903251179, "N_raw": 73, "N_roi": 73, "N_inlier": 71, "refit": true}
{"timestamp": "17:06:27.614643", "frame": 66, "mu": [1.052426970879152, 2.6744038741055167, -0.8061899358915101], "Sigma": [[0.02699674311481752, -0.013769562637541926, 0.03878419835256919], [-0.013769562637541926, 0.010966064484954465, -0.015915283842507576], [0.03878419835256919, -0.015915283842507576, 0.12465873712071877]], "chi2_level": 0.95, "chi2_df": 3, "chi2_threshold": 7.814727903251179, "N_raw": 42, "N_roi": 42, "N_inlier": 40, "refit": true}
{"timestamp": "17:06:27.673034", "frame": 67, "mu": [1.0429298390775674, 2.795239877494002, 1.2676161283882337], "Sigma": [[0.025502961764472726, -0.002920277470397936, 0.056089546958384064], [-0.0029202774703979365, 0.007167482810160762, 0.006932813213664133], [0.05608954695838407, 0.006932813213664133, 0.24204560287403834]], "chi2_level": 0.95, "chi2_df": 3, "chi2_threshold": 7.814727903251179, "N_raw": 63, "N_roi": 62, "N_inlier": 59, "refit": true}
{"timestamp": "17:06:27.727076", "frame": 68, "mu": [1.1379721993026854, 2.8758527663978617, 1.5268736375332863], "Sigma": [[0.01233903523185959, -0.004350820548981024, -0.0028821967249783387], [-0.004350820548981024, 0.0039794212920236174, -0.004406607846493323], [-0.0028821967249783387, -0.004406607846493323, 0.042718011708051805]], "chi2_level": 0.95, "chi2_df": 3, "chi2_threshold": 7.814727903251179, "N_raw": 56, "N_roi": 54, "N_inlier": 50, "refit": true}
{"timestamp": "17:06:27.781986", "frame": 69, "mu": [1.2044404999235225, 2.9553878279329044, 1.419469151634428], "Sigma": [[0.01535148099378861, -0.005467873825696425, -0.0050800390071778214], [-0.005467873825696424, 0.005439352275229909, -0.003970145724355538], [-0.0050800390071778214, -0.003970145724355539, 0.015884350890729846]], "chi2_level": 0.95, "chi2_df": 3, "chi2_threshold": 7.814727903251179, "N_raw": 59, "N_roi": 58, "N_inlier": 55, "refit": true}
{"timestamp": "17:06:27.834952", "frame": 70, "mu": [1.298294565187215, 2.9856488369928247, 1.4350103794866742], "Sigma": [[0.011549925023872675, -0.004363135775435167, -0.013065064292531906], [-0.004363135775435167, 0.004502224422065822, -0.0007511618622040974], [-0.013065064292531906, -0.0007511618622040976, 0.03288852181276735]], "chi2_level": 0.95, "chi2_df": 3, "chi2_threshold": 7.814727903251179, "N_raw": 48, "N_roi": 47, "N_inlier": 43, "refit": true}
{"timestamp": "17:06:27.889956", "frame": 71, "mu": [1.3010307941576749, 3.060354453713267, 1.4090104898813551], "Sigma": [[0.012936794056414931, -0.004015648698112563, -0.009381206047093058], [-0.004015648698112563, 0.003691048509565432, -0.0032696811173341268], [-0.009381206047093058, -0.0032696811173341268, 0.02765309703537081]], "chi2_level": 0.95, "chi2_df": 3, "chi2_threshold": 7.814727903251179, "N_raw": 48, "N_roi": 45, "N_inlier": 45, "refit": true}
{"timestamp": "17:06:27.943063", "frame": 72, "mu": [1.2721982668857357, 3.1314923083684167, 1.541132850811396], "Sigma": [[0.01175630825526542, -0.003205768573594821, -0.010257629396360941], [-0.003205768573594821, 0.003075606219749904, 0.0013445866710526306], [-0.010257629396360941, 0.001344586671052631, 0.03185950336601255]], "chi2_level": 0.95, "chi2_df": 3, "chi2_threshold": 7.814727903251179, "N_raw": 38, "N_roi": 38, "N_inlier": 34, "refit": true}
{"timestamp": "17:06:27.999522", "frame": 73, "mu": [1.391865417438734, 3.1571481725846056, 1.0755760129790815], "Sigma": [[0.008546116405602896, -0.004850905835079267, -0.01997069106529028], [-0.004850905835079267, 0.004770143840281932, 0.009222886456451874], [-0.01997069106529028, 0.009222886456451874, 0.14194000708251506]], "chi2_level": 0.95, "chi2_df": 3, "chi2_threshold": 7.814727903251179, "N_raw": 44, "N_roi": 44, "N_inlier": 41, "refit": true}
{"timestamp": "17:06:28.103373", "frame": 75, "mu": [1.3693911767157911, 3.3180334429923617, 1.287187311579241], "Sigma": [[0.0005118648603421955, 0.0007773520621412004, -0.004576501307006931], [0.0007773520621412004, 0.0024281300153900865, -0.007046616300403903], [-0.004576501307006931, -0.0070466163004039035, 0.043610593348988355]], "chi2_level": 0.95, "chi2_df": 3, "chi2_threshold": 7.814727903251179, "N_raw": 6, "N_roi": 6, "N_inlier": 5, "refit": true}
{"timestamp": "17:06:28.158609", "frame": 76, "mu": [1.3723426578821298, 3.197119541780352, 1.248403223266982], "Sigma": [[0.0028653990874662064, -0.01097759558375757, -0.02847661142040116], [-0.01097759558375757, 0.2679455054900771, 0.5503572643480578], [-0.02847661142040116, 0.5503572643480578, 1.219932711292551]], "chi2_level": 0.95, "chi2_df": 3, "chi2_threshold": 7.814727903251179, "N_raw": 12, "N_roi": 12, "N_inlier": 12, "refit": true}
{"timestamp": "17:06:28.217560", "frame": 77, "mu": [1.4371342199038413, 3.464784427980441, 1.4877662913284415], "Sigma": [[0.016631607787432043, -0.006345986325276524, -0.005666390120255891], [-0.006345986325276524, 0.004352650785712676, -0.001605834085404024], [-0.005666390120255891, -0.0016058340854040241, 0.013473437947325919]], "chi2_level": 0.95, "chi2_df": 3, "chi2_threshold": 7.814727903251179, "N_raw": 37, "N_roi": 37, "N_inlier": 36, "refit": true}
{"timestamp": "17:06:28.271433", "frame": 78, "mu": [1.467516891950411, 3.5100208292968573, 1.643525096855629], "Sigma": [[0.008772312816467702, -0.003978465481604923, -0.0038501611308549913], [-0.003978465481604923, 0.0037334846800365007, -0.0047209186448273505], [-0.0038501611308549913, -0.0047209186448273505, 0.03988679404574413]], "chi2_level": 0.95, "chi2_df": 3, "chi2_threshold": 7.814727903251179, "N_raw": 25, "N_roi": 24, "N_inlier": 22, "refit": true}
{"timestamp": "17:06:28.329949", "frame": 79, "mu": [1.503429760411544, 3.4930326285183817, 0.6069986278327644], "Sigma": [[0.020846753532693107, -0.0047360014983488545, -0.00766342794423578], [-0.0047360014983488545, 0.004274403276918284, 0.0023725965856583684], [-0.00766342794423578, 0.002372596585658368, 0.005143849671231529]], "chi2_level": 0.95, "chi2_df": 3, "chi2_threshold": 7.814727903251179, "N_raw": 41, "N_roi": 40, "N_inlier": 38, "refit": true}
{"timestamp": "17:06:28.383700", "frame": 80, "mu": [1.5851062770215625, 3.5556791671210455, 1.6719403783295228], "Sigma": [[0.013355210158396897, -0.006398567285925267, -0.004267989286753827], [-0.006398567285925267, 0.005933746623260426, -0.00082589918850833], [-0.004267989286753827, -0.00082589918850833, 0.0070636454218651204]], "chi2_level": 0.95, "chi2_df": 3, "chi2_threshold": 7.814727903251179, "N_raw": 34, "N_roi": 32, "N_inlier": 31, "refit": true}
{"timestamp": "17:06:28.437845", "frame": 81, "mu": [1.5980880794092585, 3.618779722953088, 1.514943519430092], "Sigma": [[0.014814785398209894, -0.006466748206085423, -0.008587622186551194], [-0.006466748206085423, 0.005152243207360235, -0.00470475233766238], [-0.008587622186551194, -0.004704752337662379, 0.04977031762351968]], "chi2_level": 0.95, "chi2_df": 3, "chi2_threshold": 7.814727903251179, "N_raw": 38, "N_roi": 38, "N_inlier": 36, "refit": true}
{"timestamp": "17:06:28.488676", "frame": 82, "mu": [1.6505832435351144, 3.6542893622824915, 1.4609503981800405], "Sigma": [[0.005000063963726544, 0.0022168239944464806, -0.01597947969684473], [0.002216823994446481, 0.0010361470808561287, -0.007242292222508962], [-0.01597947969684473, -0.007242292222508963, 0.0522767886909827]], "chi2_level": 0.95, "chi2_df": 3, "chi2_threshold": 7.814727903251179, "N_raw": 8, "N_roi": 8, "N_inlier": 5, "refit": true}
{"timestamp": "17:06:28.546766", "frame": 83, "mu": [1.702408621750953, 3.7274492720663224, 1.2683087115676586], "Sigma": [[0.01304974593428195, -0.00683072141624573, -0.008111355702109038], [-0.00683072141624573, 0.004249263436633412, 0.0021017477877446357], [-0.008111355702109038, 0.0021017477877446357, 0.05245324333545203]], "chi2_level": 0.95, "chi2_df": 3, "chi2_threshold": 7.814727903251179, "N_raw": 31, "N_roi": 29, "N_inlier": 27, "refit": true}
{"timestamp": "17:06:28.606779", "frame": 84, "mu": [1.7716096537134371, 3.6991394306489296, 1.3087375399552459], "Sigma": [[0.014751483360665694, -0.011848306469046556, 0.00216491775321503], [-0.011848306469046556, 0.013741276513612977, -0.003962802959593602], [0.00216491775321503, -0.003962802959593602, 0.0029370826193296394]], "chi2_level": 0.95, "chi2_df": 3, "chi2_threshold": 7.814727903251179, "N_raw": 28, "N_roi": 28, "N_inlier": 27, "refit": true}
{"timestamp": "17:06:28.657896", "frame": 85, "mu": [1.7526743205783382, 3.8302129346307714, 1.2835392190859212], "Sigma": [[0.019508816388908855, -0.010253187254865851, -0.005331515743488911], [-0.01025318725486585, 0.007524464349564963, -0.0011521128732325746], [-0.005331515743488911, -0.0011521128732325742, 0.01370764722732187]], "chi2_level": 0.95, "chi2_df": 3, "chi2_threshold": 7.814727903251179, "N_raw": 33, "N_roi": 32, "N_inlier": 31, "refit": true}
{"timestamp": "17:06:28.711692", "frame": 86, "mu": [1.8153461832463362, 3.7553757517023776, 0.9916680362236507], "Sigma": [[0.013856199082163198, -0.007016929168701535, 0.01954474972661557], [-0.007016929168701535, 0.005877648106382536, -0.015708849381307476], [0.01954474972661557, -0.015708849381307476, 0.049950510049106486]], "chi2_level": 0.95, "chi2_df": 3, "chi2_threshold": 7.814727903251179, "N_raw": 24, "N_roi": 24, "N_inlier": 24, "refit": true}
{"timestamp": "17:06:28.764228", "frame": 87, "mu": [1.7984689774814597, 3.845077721704599, 1.2670519733937533], "Sigma": [[0.002721505570752351, -0.0006102685256712751, 0.01661664139904569], [-0.0006102685256712749, 0.003652116633153003, -0.0011399842153584794], [0.016616641399045687, -0.0011399842153584786, 0.20039438421901057]], "chi2_level": 0.95, "chi2_df": 3, "chi2_threshold": 7.814727903251179, "N_raw": 9, "N_roi": 9, "N_inlier": 9, "refit": true}
{"timestamp": "17:06:28.818368", "frame": 88, "mu": [1.8550381518712449, 3.954730958529912, 1.7940711049144031], "Sigma": [[0.004693803282191685, -0.001577900366285666, -0.0056606591960732715], [-0.0015779003662856658, 0.0024382070394533776, -0.0025167982489680512], [-0.005660659196073271, -0.002516798248968052, 0.027803676929596732]], "chi2_level": 0.95, "chi2_df": 3, "chi2_threshold": 7.814727903251179, "N_raw": 10, "N_roi": 10, "N_inlier": 9, "refit": true}
{"timestamp": "17:06:28.874362", "frame": 89, "mu": [1.9048242092809784, 4.004349958875331, 1.7952228772794714], "Sigma": [[0.008586471276956031, -0.0048787657943928295, 0.0011677488936140293], [-0.0048787657943928295, 0.004305810812179585, -0.0008023125405939315], [0.0011677488936140293, -0.0008023125405939315, 0.0001724490589384262]], "chi2_level": 0.95, "chi2_df": 3, "chi2_threshold": 7.814727903251179, "N_raw": 14, "N_roi": 14, "N_inlier": 13, "refit": true}
{"timestamp": "17:06:28.928566", "frame": 90, "mu": [2.0052966736637883, 3.993962297931907, 1.6718954458269562], "Sigma": [[0.0028783959252129494, 0.00262156066887776, -0.00514405012642544], [0.00262156066887776, 0.0034264670477083376, -0.006952816319610869], [-0.00514405012642544, -0.006952816319610869, 0.016275476490379227]], "chi2_level": 0.95, "chi2_df": 3, "chi2_threshold": 7.814727903251179, "N_raw": 7, "N_roi": 5, "N_inlier": 5, "refit": true}
{"timestamp": "17:06:28.984052", "frame": 91, "mu": [2.016801323506834, 4.0562820052649595, 1.5185368845268994], "Sigma": [[0.012435208167956346, -0.0030755060915623185, -0.04356154427241652], [-0.003075506091562319, 0.004549548493642468, 0.009552983956895654], [-0.04356154427241653, 0.009552983956895654, 0.15598680235563123]], "chi2_level": 0.95, "chi2_df": 3, "chi2_threshold": 7.814727903251179, "N_raw": 10, "N_roi": 7, "N_inlier": 6, "refit": true}
{"timestamp": "17:06:29.041181", "frame": 92, "mu": [2.054957469561766, 4.128049363642957, 1.5838342140605202], "Sigma": [[0.018548728728120106, -0.00768452494157683, -0.005297703544337206], [-0.00768452494157683, 0.005459191886984155, 0.0008828752593805572], [-0.005297703544337206, 0.0008828752593805572, 0.005935106874769336]], "chi2_level": 0.95, "chi2_df": 3, "chi2_threshold": 7.814727903251179, "N_raw": 29, "N_roi": 25, "N_inlier": 22, "refit": true}
{"timestamp": "17:06:29.094779", "frame": 93, "mu": [1.8523478361319976, 3.6512042325174705, 1.4855331403733478], "Sigma": [[0.48058885773778504, 0.8767764541865687, -0.16569876667363764], [0.8767764541865687, 1.610586651171792, -0.29751685497694935], [-0.16569876667363764, -0.29751685497694935, 0.12666470509690297]], "chi2_level": 0.95, "chi2_df": 3, "chi2_threshold": 7.814727903251179, "N_raw": 10, "N_roi": 6, "N_inlier": 6, "refit": true}
{"timestamp": "17:06:29.203627", "frame": 95, "mu": [2.1109125038191046, 4.211142429397253, 1.5489151734364386], "Sigma": [[0.0009539541288659674, -0.00037182525681405033, -0.008573073918003814], [-0.0003718252568140504, 0.0033111903510127496, -0.004014144443012393], [-0.008573073918003814, -0.004014144443012393, 0.12571098324990784]], "chi2_level": 0.95, "chi2_df": 3, "chi2_threshold": 7.814727903251179, "N_raw": 5, "N_roi": 5, "N_inlier": 5, "refit": true}
{"timestamp": "17:06:29.313889", "frame": 97, "mu": [2.1551567341642963, 4.311959853336224, 1.4264212627838877], "Sigma": [[0.001889582968009989, 0.0004103340486617447, -0.019653176883097565], [0.00041033404866174476, 0.0019790951251017277, 0.0015350992914854988], [-0.019653176883097565, 0.0015350992914854988, 0.23670119915452867]], "chi2_level": 0.95, "chi2_df": 3, "chi2_threshold": 7.814727903251179, "N_raw": 7, "N_roi": 5, "N_inlier": 5, "refit": true}
{"timestamp": "17:06:29.370083", "frame": 98, "mu": [2.255314691534874, 4.322237601749601, 0.9266602352431506], "Sigma": [[0.010467197288242564, 0.015485554956706882, -0.011661466566629957], [0.015485554956706882, 0.025047241434941712, -0.02439652998556156], [-0.011661466566629957, -0.024396529985561563, 0.03780815116617288]], "chi2_level": 0.95, "chi2_df": 3, "chi2_threshold": 7.814727903251179, "N_raw": 22, "N_roi": 5, "N_inlier": 5, "refit": true}
{"timestamp": "17:06:29.423917", "frame": 99, "mu": [1.9866753591757376, 3.962706080384109, 1.7636456197481505], "Sigma": [[0.5255900125327053, 1.048037152816961, -0.032752900921637226], [1.0480371528169607, 2.092656187131047, -0.05234783761252013], [-0.03275290092163723, -0.05234783761252013, 0.1680810356872191]], "chi2_level": 0.95, "chi2_df": 3, "chi2_threshold": 7.814727903251179, "N_raw": 9, "N_roi": 5, "N_inlier": 5, "refit": true}
{"timestamp": "17:06:29.588032", "frame": 100, "mu": [2.1871297086292945, 4.39813172213692, 0.914846725108067], "Sigma": [[0.00258158816451336, 0.003476936196476568, -0.0023459293358034363], [0.0034769361964765676, 0.005117940432917542, -0.002296001128140055], [-0.0023459293358034363, -0.002296001128140055, 0.0038634199768018407]], "chi2_level": 0.95, "chi2_df": 3, "chi2_threshold": 7.814727903251179, "N_raw": 15, "N_roi": 5, "N_inlier": 5, "refit": true}
{"timestamp": "17:06:29.620585", "frame": 101, "mu": [2.2889264173634385, 4.488849703958559, 1.636453634265709], "Sigma": [[0.005919761362196361, 0.002616223973370442, -0.010138099506199216], [0.0026162239733704415, 0.0016913834553643767, -0.006523274159972265], [-0.010138099506199216, -0.006523274159972265, 0.03878588772200056]], "chi2_level": 0.95, "chi2_df": 3, "chi2_threshold": 7.814727903251179, "N_raw": 10, "N_roi": 5, "N_inlier": 5, "refit": true}
{"timestamp": "17:06:29.682864", "frame": 103, "mu": [2.374824470229366, 4.606563109606597, 1.3866509542491328], "Sigma": [[0.0032310058712852596, 0.0021458449617258943, -0.024569786109816458], [0.0021458449617258943, 0.0038372520785172376, -0.01474634790729698], [-0.024569786109816458, -0.01474634790729698, 0.2338644313583003]], "chi2_level": 0.95, "chi2_df": 3, "chi2_threshold": 7.814727903251179, "N_raw": 10, "N_roi": 6, "N_inlier": 6, "refit": true}
{"timestamp": "17:06:29.713682", "frame": 104, "mu": [2.3045139281858242, 4.513092288104029, 0.9301939535520307], "Sigma": [[0.01534381721532136, -0.005875136286680025, -0.004635918271451965], [-0.005875136286680025, 0.0061861837443463645, -0.001402348865928658], [-0.004635918271451966, -0.001402348865928658, 0.006099285839625533]], "chi2_level": 0.95, "chi2_df": 3, "chi2_threshold": 7.814727903251179, "N_raw": 30, "N_roi": 19, "N_inlier": 19, "refit": true}
{"timestamp": "17:06:29.832935", "frame": 105, "mu": [2.2826469246816687, 4.553842634625338, 0.9464629389525879], "Sigma": [[0.017597766920685425, -0.00508499916044464, -0.007627143105857659], [-0.00508499916044464, 0.007615410691590851, -0.0046014696688807515], [-0.007627143105857659, -0.0046014696688807515, 0.013158163318214188]], "chi2_level": 0.95, "chi2_df": 3, "chi2_threshold": 7.814727903251179, "N_raw": 35, "N_roi": 27, "N_inlier": 26, "refit": true}
