{"timestamp": "16:49:12.230003", "frame": 5, "mu": [2.3887837142062542, 4.939022839152852, 0.8949531878316097], "Sigma": [[0.005843157180992697, -0.0014581526675863012, -0.00762250219219126], [-0.0014581526675863012, 0.0020932276897858695, -0.0020589035849151722], [-0.00762250219219126, -0.0020589035849151722, 0.024151330457940566]], "chi2_level": 0.95, "chi2_df": 3, "chi2_threshold": 7.814727903251179, "N_raw": 50, "N_roi": 8, "N_inlier": 8, "refit": true}
{"timestamp": "16:49:12.279511", "frame": 6, "mu": [2.370149209580087, 4.906064902969458, 0.725072021711959], "Sigma": [[0.0037466962468086723, -0.002423029527518146, 0.0020559531631324087], [-0.002423029527518146, 0.0017527424560705802, -0.0019612749595977123], [0.0020559531631324087, -0.0019612749595977123, 0.08712629009986289]], "chi2_level": 0.95, "chi2_df": 3, "chi2_threshold": 7.814727903251179, "N_raw": 11, "N_roi": 8, "N_inlier": 8, "refit": true}
{"timestamp": "16:49:12.390116", "frame": 8, "mu": [2.278134633188357, 4.88278137192527, 0.9202074923343941], "Sigma": [[0.012845249472821235, -0.0039039968749045566, -0.013680453791079678], [-0.0039039968749045566, 0.003952026930439643, -0.006218708928949008], [-0.013680453791079674, -0.006218708928949008, 0.09222737918552906]], "chi2_level": 0.95, "chi2_df": 3, "chi2_threshold": 7.814727903251179, "N_raw": 18, "N_roi": 15, "N_inlier": 15, "refit": true}
{"timestamp": "16:49:12.448366", "frame": 9, "mu": [2.2124031067169714, 4.8583482054631, 1.0432288912781835], "Sigma": [[0.02804944935467763, -0.01106745896149534, -0.00742156396500371], [-0.01106745896149534, 0.006733144469172452, -0.0001827646530116429], [-0.00742156396500371, -0.0001827646530116431, 0.010485528566639445]], "chi2_level": 0.95, "chi2_df": 3, "chi2_threshold": 7.814727903251179, "N_raw": 39, "N_roi": 31, "N_inlier": 31, "refit": true}
{"timestamp": "16:49:12.504376", "frame": 10, "mu": [2.2484410146851164, 4.820032958485949, 1.0491417904501457], "Sigma": [[0.02349901423660812, -0.012079393388712355, -0.013083932779368488], [-0.012079393388712355, 0.00680414308561636, 0.005452314349098655], [-0.01308393277936849, 0.005452314349098655, 0.020268209971528575]], "chi2_level": 0.95, "chi2_df": 3, "chi2_threshold": 7.814727903251179, "N_raw": 28, "N_roi": 21, "N_inlier": 19, "refit": true}
{"timestamp": "16:49:12.560848", "frame": 11, "mu": [2.1888008453064867, 4.791106420403148, 0.9470622521619635], "Sigma": [[0.024720939615556492, -0.012014209027197874, -0.01590321096319633], [-0.012014209027197874, 0.007244140111119912, 0.004793326849921201], [-0.01590321096319633, 0.004793326849921201, 0.022715764294724574]], "chi2_level": 0.95, "chi2_df": 3, "chi2_threshold": 7.814727903251179, "N_raw": 47, "N_roi": 30, "N_inlier": 29, "refit": true}
{"timestamp": "16:49:12.616068", "frame": 12, "mu": [2.205900725033598, 4.77740495456074, 1.131398985488565], "Sigma": [[0.016965745389042507, -0.009092758683398046, -0.011386076284846223], [-0.009092758683398046, 0.005619130989776886, 0.004351162197479738], [-0.011386076284846221, 0.004351162197479738, 0.01883656111789914]], "chi2_level": 0.95, "chi2_df": 3, "chi2_threshold": 7.814727903251179, "N_raw": 34, "N_roi": 19, "N_inlier": 17, "refit": true}
{"timestamp": "16:49:12.669497", "frame": 13, "mu": [2.1503310126768986, 4.720148649072878, 0.8999475598348972], "Sigma": [[0.015614542297348799, -0.005869216460163111, 0.0015974085278377382], [-0.005869216460163111, 0.004125144611977229, -0.0010585712663263105], [0.0015974085278377377, -0.0010585712663263105, 0.00027385334464605714]], "chi2_level": 0.95, "chi2_df": 3, "chi2_threshold": 7.814727903251179, "N_raw": 26, "N_roi": 21, "N_inlier": 18, "refit": true}
{"timestamp": "16:49:12.722541", "frame": 14, "mu": [2.064732591512154, 4.774590788213477, 0.9504196410408177], "Sigma": [[0.001176538046338391, 0.0017246646365297168, -0.004306139440249817], [0.0017246646365297168, 0.002678335961777032, -0.005768924830574829], [-0.004306139440249817, -0.005768924830574829, 0.017822811822900915]], "chi2_level": 0.95, "chi2_df": 3, "chi2_threshold": 7.814727903251179, "N_raw": 14, "N_roi": 5, "N_inlier": 5, "refit": true}
{"timestamp": "16:49:12.776726", "frame": 15, "mu": [2.030966837219222, 4.685677366764329, 0.7992607464216088], "Sigma": [[0.0019475918991062287, 0.00044820956611443775, -0.001841545897209623], [0.00044820956611443753, 0.0059777275625607345, -4.8368200320975975e-05], [-0.0018415458972096232, -4.836820032097511e-05, 0.006928845824944387]], "chi2_level": 0.95, "chi2_df": 3, "chi2_threshold": 7.814727903251179, "N_raw": 15, "N_roi": 5, "N_inlier": 5, "refit": true}
{"timestamp": "16:49:12.834029", "frame": 16, "mu": [1.9714698572491551, 4.677182054221125, 0.8172876285641623], "Sigma": [[0.01610993390204992, -0.006871914596978253, -0.011449038872776509], [-0.006871914596978253, 0.004413328755163272, 0.00453652257488134], [-0.011449038872776509, 0.00453652257488134, 0.01038657490783512]], "chi2_level": 0.95, "chi2_df": 3, "chi2_threshold": 7.814727903251179, "N_raw": 29, "N_roi": 19, "N_inlier": 19, "refit": true}
{"timestamp": "16:49:12.890998", "frame": 17, "mu": [1.901050377526269, 4.6387604294917075, 0.9662852855455426], "Sigma": [[0.029846942180482065, -0.015169215705416596, -0.016234191183788854], [-0.015169215705416595, 0.00984091502465413, 0.006302361578918634], [-0.016234191183788854, 0.006302361578918634, 0.01467246941557387]], "chi2_level": 0.95, "chi2_df": 3, "chi2_threshold": 7.814727903251179, "N_raw": 45, "N_roi": 39, "N_inlier": 37, "refit": true}
{"timestamp": "16:49:12.945824", "frame": 18, "mu": [2.0444375805097894, 4.444276663022517, 0.7141281853217841], "Sigma": [[0.023843542977059082, -0.014792398652120665, -0.013559567869222541], [-0.014792398652120665, 0.011053360564860556, 0.005786907624114802], [-0.01355956786922254, 0.005786907624114802, 0.015824087417585068]], "chi2_level": 0.95, "chi2_df": 3, "chi2_threshold": 7.814727903251179, "N_raw": 37, "N_roi": 34, "N_inlier": 34, "refit": true}
{"timestamp": "16:49:13.055462", "frame": 20, "mu": [1.9063382358170653, 4.4000042897355325, 0.7971754443777929], "Sigma": [[0.02255937040546361, -0.010873778586242768, -0.0036291709150946456], [-0.010873778586242768, 0.009145421973088059, -0.0011531374808104549], [-0.0036291709150946456, -0.0011531374808104546, 0.004924399867987341]], "chi2_level": 0.95, "chi2_df": 3, "chi2_threshold": 7.814727903251179, "N_raw": 46, "N_roi": 44, "N_inlier": 42, "refit": true}
{"timestamp": "16:49:13.108868", "frame": 21, "mu": [1.930326256133708, 4.318997982578194, 0.7209817228786433], "Sigma": [[0.013818118038532154, -0.007944807093735781, -0.00868750705381452], [-0.00794480709373578, 0.007100247415297104, 0.005812368805476935], [-0.00868750705381452, 0.005812368805476935, 0.007314696134105474]], "chi2_level": 0.95, "chi2_df": 3, "chi2_threshold": 7.814727903251179, "N_raw": 22, "N_roi": 21, "N_inlier": 20, "refit": true}
{"timestamp": "16:49:13.165650", "frame": 22, "mu": [1.95364765564213, 4.257039882061882, 0.7835136020581864], "Sigma": [[0.021898037771547106, -0.012641993579565499, -0.013518397916601022], [-0.012641993579565499, 0.009457001037970845, 0.004143470182369428], [-0.013518397916601024, 0.004143470182369428, 0.019720348138307697]], "chi2_level": 0.95, "chi2_df": 3, "chi2_threshold": 7.814727903251179, "N_raw": 41, "N_roi": 41, "N_inlier": 39, "refit": true}
{"timestamp": "16:49:13.222553", "frame": 23, "mu": [1.916865710589657, 4.21502524011552, 0.8655042347438705], "Sigma": [[0.02967987943090083, -0.0168577919242383, -0.00438771127844924], [-0.0168577919242383, 0.013207434333969025, -0.0014875325843686713], [-0.00438771127844924, -0.0014875325843686713, 0.022844053752156254]], "chi2_level": 0.95, "chi2_df": 3, "chi2_threshold": 7.814727903251179, "N_raw": 54, "N_roi": 54, "N_inlier": 53, "refit": true}
{"timestamp": "16:49:13.276817", "frame": 24, "mu": [1.8490099881135404, 4.185051558879131, 0.6885179992282628], "Sigma": [[0.024519006017384267, -0.01330573004693248, -0.010837345363705096], [-0.01330573004693248, 0.008486722662689362, 0.002113426879113189], [-0.010837345363705096, 0.002113426879113189, 0.03526624522621297]], "chi2_level": 0.95, "chi2_df": 3, "chi2_threshold": 7.814727903251179, "N_raw": 50, "N_roi": 50, "N_inlier": 47, "refit": true}
{"timestamp": "16:49:13.327824", "frame": 25, "mu": [1.744377254608461, 4.202866160490267, 1.0755131492463215], "Sigma": [[0.014400585956645071, -0.007272805143015497, -0.00762417333757373], [-0.007272805143015497, 0.005307236997552354, 0.004365093111809418], [-0.00762417333757373, 0.004365093111809418, 0.014239581041037903]], "chi2_level": 0.95, "chi2_df": 3, "chi2_threshold": 7.814727903251179, "N_raw": 24, "N_roi": 24, "N_inlier": 22, "refit": true}
{"timestamp": "16:49:13.383072", "frame": 26, "mu": [1.722367842680623, 4.2106418866837165, 0.9066679304224275], "Sigma": [[0.014218156001512586, -0.005560313794860982, -0.006473447901470275], [-0.005560313794860982, 0.0035193766099700713, 0.000186364585008414], [-0.006473447901470275, 0.0001863645850084139, 0.009880201821792464]], "chi2_level": 0.95, "chi2_df": 3, "chi2_threshold": 7.814727903251179, "N_raw": 24, "N_roi": 24, "N_inlier": 23, "refit": true}
{"timestamp": "16:49:13.437960", "frame": 27, "mu": [1.6366763515900553, 4.188170493129612, 0.6304619513844573], "Sigma": [[0.01662081819855814, -0.0069691703732317825, -0.0019910240958524745], [-0.0069691703732317825, 0.004368569659357289, 0.000551913488194582], [-0.0019910240958524745, 0.000551913488194582, 0.0011041840249618367]], "chi2_level": 0.95, "chi2_df": 3, "chi2_threshold": 7.814727903251179, "N_raw": 22, "N_roi": 22, "N_inlier": 19, "refit": true}
{"timestamp": "16:49:13.498668", "frame": 28, "mu": [1.6082854914598608, 4.290807243290442, -0.1993247977655323], "Sigma": [[0.020309523526484033, -0.005686567201731984, 0.009854343625984047], [-0.005686567201731984, 0.009157781838505444, -0.028229218588979976], [0.009854343625984046, -0.028229218588979983, 0.14428605422106733]], "chi2_level": 0.95, "chi2_df": 3, "chi2_threshold": 7.814727903251179, "N_raw": 64, "N_roi": 61, "N_inlier": 56, "refit": true}
{"timestamp": "16:49:13.549441", "frame": 29, "mu": [1.5465831443364981, 4.086681294315957, 0.9872653451688689], "Sigma": [[0.019055710061932497, -0.010219154968790447, -0.022088522072705594], [-0.010219154968790445, 0.0058271524860204205, 0.011555302899831033], [-0.022088522072705594, 0.011555302899831033, 0.06454063152471695]], "chi2_level": 0.95, "chi2_df": 3, "chi2_threshold": 7.814727903251179, "N_raw": 32, "N_roi": 32, "N_inlier": 30, "refit": true}
{"timestamp": "16:49:13.602073", "frame": 30, "mu": [1.610175200680284, 3.9819265092617386, 0.6235777624550638], "Sigma": [[0.008278600998251956, -0.0034327691283503603, -0.005710020285990632], [-0.0034327691283503594, 0.002911652567755253, 0.00018125771902306785], [-0.005710020285990632, 0.00018125771902306785, 0.011605922554556647]], "chi2_level": 0.95, "chi2_df": 3, "chi2_threshold": 7.814727903251179, "N_raw": 20, "N_roi": 20, "N_inlier": 18, "refit": true}
{"timestamp": "16:49:13.656981", "frame": 31, "mu": [1.556683906631669, 3.9553609463242485, 0.9907174932607444], "Sigma": [[0.006466540057156279, -0.002276675669035648, -0.0017907018686281757], [-0.0022766756690356486, 0.002065582180102785, -0.002295020558464012], [-0.0017907018686281761, -0.0022950205584640125, 0.025190510361809155]], "chi2_level": 0.95, "chi2_df": 3, "chi2_threshold": 7.814727903251179, "N_raw": 16, "N_roi": 15, "N_inlier": 14, "refit": true}
{"timestamp": "16:49:13.719220", "frame": 32, "mu": [1.5222354343578004, 3.9208764450631883, 0.9330481899482521], "Sigma": [[0.030241071690844046, -0.011958718300134868, -0.01061964959993655], [-0.011958718300134868, 0.008719304544304207, -0.002343560417049046], [-0.01061964959993655, -0.0023435604170490456, 0.019609199184951177]], "chi2_level": 0.95, "chi2_df": 3, "chi2_threshold": 7.814727903251179, "N_raw": 66, "N_roi": 66, "N_inlier": 63, "refit": true}
{"timestamp": "16:49:13.772248", "frame": 33, "mu": [1.4307272738071704, 3.924707092935042, 0.9095278399526149], "Sigma": [[0.025253296185134853, -0.009696453265541553, -0.010690877621388869], [-0.009696453265541553, 0.005987057741163022, -0.0008165032757460148], [-0.01069087762138887, -0.000816503275746015, 0.021486021993901573]], "chi2_level": 0.95, "chi2_df": 3, "chi2_threshold": 7.814727903251179, "N_raw": 51, "N_roi": 50, "N_inlier": 48, "refit": true}
{"timestamp": "16:49:13.829188", "frame": 34, "mu": [1.3469933141639396, 3.905390714653778, 0.865700266356393], "Sigma": [[0.024317759343504136, -0.010479792341881441, -0.0011268722538303653], [-0.010479792341881441, 0.0066666024758672915, -0.0067673030879408895], [-0.0011268722538303661, -0.0067673030879408895, 0.0439745805935723]], "chi2_level": 0.95, "chi2_df": 3, "chi2_threshold": 7.814727903251179, "N_raw": 65, "N_roi": 61, "N_inlier": 59, "refit": true}
{"timestamp": "16:49:13.880321", "frame": 35, "mu": [1.281205357591258, 3.9086210154074066, 0.9040477316073083], "Sigma": [[0.016183624640072974, -0.004420641410951963, 0.0010975307525614027], [-0.004420641410951963, 0.005511622511812443, -0.001979908014008647], [0.0010975307525614027, -0.001979908014008647, 0.0008628820190621567]], "chi2_level": 0.95, "chi2_df": 3, "chi2_threshold": 7.814727903251179, "N_raw": 38, "N_roi": 38, "N_inlier": 36, "refit": true}
{"timestamp": "16:49:13.935731", "frame": 36, "mu": [1.289489993834088, 3.7878963201623677, 0.9682482196126607], "Sigma": [[0.019533186230252155, -0.0060375325256032866, -0.006963315154456217], [-0.006037532525603287, 0.005350186250806998, 0.00024616551989502646], [-0.006963315154456217, 0.00024616551989502635, 0.005340681531618259]], "chi2_level": 0.95, "chi2_df": 3, "chi2_threshold": 7.814727903251179, "N_raw": 39, "N_roi": 39, "N_inlier": 37, "refit": true}
{"timestamp": "16:49:13.987744", "frame": 37, "mu": [1.1731949148165397, 3.961632435358395, -0.06574828198292404], "Sigma": [[0.009296529003756387, -0.002188596647687645, -0.005825921789967057], [-0.0021885966476876454, 0.002953476106357992, -0.0016602899789510677], [-0.005825921789967057, -0.0016602899789510677, 0.016636581335223014]], "chi2_level": 0.95, "chi2_df": 3, "chi2_threshold": 7.814727903251179, "N_raw": 22, "N_roi": 22, "N_inlier": 20, "refit": true}
{"timestamp": "16:49:14.047754", "frame": 38, "mu": [1.1178879409851616, 3.7835843539184686, 0.69876988458198], "Sigma": [[0.02592959068488701, -0.016998794525183755, -0.0319400735579335], [-0.01699879452518376, 0.012087000959324499, 0.01883014671257447], [-0.0319400735579335, 0.01883014671257447, 0.05676733691260189]], "chi2_level": 0.95, "chi2_df": 3, "chi2_threshold": 7.814727903251179, "N_raw": 47, "N_roi": 45, "N_inlier": 41, "refit": true}
{"timestamp": "16:49:14.103599", "frame": 39, "mu": [1.2194031126649152, 3.6363170539314513, 0.6427510296358839], "Sigma": [[0.025924183902163576, -0.016677333351532167, -0.02297438708554433], [-0.016677333351532167, 0.01577100211710824, 0.013951207760978211], [-0.02297438708554433, 0.013951207760978211, 0.023436404982928573]], "chi2_level": 0.95, "chi2_df": 3, "chi2_threshold": 7.814727903251179, "N_raw": 54, "N_roi": 54, "N_inlier": 54, "refit": true}
{"timestamp": "16:49:14.158108", "frame": 40, "mu": [1.1102296291791616, 3.69329914265787, 0.9111816216947015], "Sigma": [[0.017685834556866908, -0.012036981692926094, -0.003453435032965698], [-0.01203698169292609, 0.01071058102872162, -0.0004651947518453259], [-0.003453435032965698, -0.00046519475184532584, 0.007822147302753107]], "chi2_level": 0.95, "chi2_df": 3, "chi2_threshold": 7.814727903251179, "N_raw": 47, "N_roi": 45, "N_inlier": 41, "refit": true}
{"timestamp": "16:49:14.212456", "frame": 41, "mu": [1.111032920826201, 3.603217352148457, 0.920616713668237], "Sigma": [[0.01944506588099803, -0.007681264438809995, -0.00443377700050217], [-0.007681264438809995, 0.006998190412022729, -0.00282958611375334], [-0.00443377700050217, -0.00282958611375334, 0.008169939460943623]], "chi2_level": 0.95, "chi2_df": 3, "chi2_threshold": 7.814727903251179, "N_raw": 53, "N_roi": 53, "N_inlier": 53, "refit": true}
{"timestamp": "16:49:14.270115", "frame": 42, "mu": [1.1201753549050706, 3.5542623300540694, 0.9152944576014452], "Sigma": [[0.016694900868393675, -0.006626836716762648, -0.009750578931842233], [-0.006626836716762648, 0.007152519273505155, -0.004722785740276115], [-0.009750578931842231, -0.004722785740276115, 0.024764547646268165]], "chi2_level": 0.95, "chi2_df": 3, "chi2_threshold": 7.814727903251179, "N_raw": 62, "N_roi": 62, "N_inlier": 62, "refit": true}
{"timestamp": "16:49:14.320475", "frame": 43, "mu": [1.0820383999646372, 3.5453807606614327, 0.7532249133270219], "Sigma": [[0.02332989269261277, -0.017588359757127303, 0.001555925347729848], [-0.017588359757127303, 0.014576588633185224, -0.002095690611392576], [0.001555925347729848, -0.002095690611392577, 0.008236385089995045]], "chi2_level": 0.95, "chi2_df": 3, "chi2_threshold": 7.814727903251179, "N_raw": 36, "N_roi": 34, "N_inlier": 31, "refit": true}
{"timestamp": "16:49:14.374568", "frame": 44, "mu": [1.2310647390907223, 3.282438876494652, 0.8031600011404432], "Sigma": [[0.014846366201993385, -0.00934530308934687, -0.016297665771038954], [-0.00934530308934687, 0.0071392521747896285, 0.009131927693993791], [-0.016297665771038954, 0.009131927693993791, 0.022257120234311478]], "chi2_level": 0.95, "chi2_df": 3, "chi2_threshold": 7.814727903251179, "N_raw": 32, "N_roi": 32, "N_inlier": 28, "refit": true}
{"timestamp": "16:49:14.435701", "frame": 45, "mu": [1.122269799360266, 3.304040349985031, 0.7702700179104368], "Sigma": [[0.01987642934224544, -0.014143740011304848, -0.003935593658978517], [-0.014143740011304848, 0.0167906987495496, -0.0011442950493858368], [-0.003935593658978517, -0.0011442950493858366, 0.012030036940641196]], "chi2_level": 0.95, "chi2_df": 3, "chi2_threshold": 7.814727903251179, "N_raw": 69, "N_roi": 69, "N_inlier": 66, "refit": true}
{"timestamp": "16:49:14.492197", "frame": 46, "mu": [0.9490357728337395, 3.3482322857445648, 0.8654109389945559], "Sigma": [[0.016211383628578296, -0.007856075036673633, -0.012372877769765582], [-0.007856075036673633, 0.02521169628506082, 0.019267849335879213], [-0.012372877769765584, 0.019267849335879213, 0.06330453273657508]], "chi2_level": 0.95, "chi2_df": 3, "chi2_threshold": 7.814727903251179, "N_raw": 79, "N_roi": 79, "N_inlier": 78, "refit": true}
{"timestamp": "16:49:14.543679", "frame": 47, "mu": [0.8801404035539618, 3.4133451416250256, -0.7394348791026385], "Sigma": [[0.01285717617569207, 0.003102396342163191, 0.040804541063385255], [0.003102396342163191, 0.01061741593206997, 0.02273694231904217], [0.040804541063385255, 0.02273694231904217, 0.26305735227483074]], "chi2_level": 0.95, "chi2_df": 3, "chi2_threshold": 7.814727903251179, "N_raw": 60, "N_roi": 60, "N_inlier": 59, "refit": true}
{"timestamp": "16:49:14.591370", "frame": 48, "mu": [0.9317051172514772, 3.230290310229951, 0.8638333438535717], "Sigma": [[0.00047400422834447054, 0.001390838352417668, 0.0029555583554823498], [0.0013908383524176683, 0.017735407830253767, 0.007487594238927237], [0.00295555835548235, 0.007487594238927237, 0.03198906681321138]], "chi2_level": 0.95, "chi2_df": 3, "chi2_threshold": 7.814727903251179, "N_raw": 8, "N_roi": 7, "N_inlier": 7, "refit": true}
{"timestamp": "16:49:14.645705", "frame": 49, "mu": [0.7804006451358484, 3.3513996454253907, 1.188975249029401], "Sigma": [[9.199524850873341e-05, -0.00031190139885297816, 0.00012129498994104355], [-0.00031190139885297816, 0.008012281832417674, 0.001482771865104615], [0.00012129498994104356, 0.001482771865104615, 0.0015149207658908548]], "chi2_level": 0.95, "chi2_df": 3, "chi2_threshold": 7.814727903251179, "N_raw": 7, "N_roi": 5, "N_inlier": 5, "refit": true}
{"timestamp": "16:49:14.707486", "frame": 50, "mu": [0.7415680893800941, 3.323486313330622, 1.2218499502462734], "Sigma": [[0.016471063642665512, -0.004557427647750944, -0.011611511992347346], [-0.004557427647750943, 0.0028546740157791833, -5.3391488129430394e-05], [-0.011611511992347345, -5.3391488129430394e-05, 0.043386223975108794]], "chi2_level": 0.95, "chi2_df": 3, "chi2_threshold": 7.814727903251179, "N_raw": 54, "N_roi": 54, "N_inlier": 52, "refit": true}
{"timestamp": "16:49:14.766747", "frame": 51, "mu": [0.6700752908099128, 3.287848000257072, 1.1102181392829265], "Sigma": [[0.018905750947127313, -0.0020438060390850356, 0.011806683118189637], [-0.002043806039085035, 0.005272232971906277, 0.009606715441717616], [0.011806683118189637, 0.009606715441717616, 0.23135091271691446]], "chi2_level": 0.95, "chi2_df": 3, "chi2_threshold": 7.814727903251179, "N_raw": 70, "N_roi": 68, "N_inlier": 64, "refit": true}
{"timestamp": "16:49:14.822216", "frame": 52, "mu": [0.6142906965315901, 3.2100372891679956, 1.1524547988468286], "Sigma": [[0.020343152074225233, 0.0019883407901998286, -0.007189852999649825], [0.0019883407901998286, 0.013814972458694444, 0.010393150234510217], [-0.007189852999649826, 0.010393150234510219, 0.02314703803573192]], "chi2_level": 0.95, "chi2_df": 3, "chi2_threshold": 7.814727903251179, "N_raw": 78, "N_roi": 78, "N_inlier": 77, "refit": true}
{"timestamp": "16:49:14.877188", "frame": 53, "mu": [0.6737270931523627, 3.276617818313385, -0.09180409320126927], "Sigma": [[0.01852272704344545, -0.004217741499780665, -0.010523873894838807], [-0.004217741499780665, 0.008186231146603705, -0.005204140649232723], [-0.010523873894838807, -0.005204140649232723, 0.020601647201297278]], "chi2_level": 0.95, "chi2_df": 3, "chi2_threshold": 7.814727903251179, "N_raw": 77, "N_roi": 77, "N_inlier": 72, "refit": true}
{"timestamp": "16:49:14.935562", "frame": 54, "mu": [0.5869097198896471, 3.313725163000001, -0.27562574546466584], "Sigma": [[0.018723293099719936, -0.006660592878375711, 0.013394989390549717], [-0.006660592878375711, 0.015357451715920572, -0.010737236187753692], [0.01339498939054972, -0.010737236187753695, 0.06904463149165946]], "chi2_level": 0.95, "chi2_df": 3, "chi2_threshold": 7.814727903251179, "N_raw": 99, "N_roi": 99, "N_inlier": 91, "refit": true}
{"timestamp": "16:49:14.990734", "frame": 55, "mu": [0.5441362670841232, 3.1276044363718323, 0.9520172036834388], "Sigma": [[0.02161614194157563, -0.008309842184866575, 0.001944937918095], [-0.008309842184866575, 0.008165310959624106, -0.009122704374698025], [0.001944937918095, -0.009122704374698025, 0.02289719583904653]], "chi2_level": 0.95, "chi2_df": 3, "chi2_threshold": 7.814727903251179, "N_raw": 99, "N_roi": 99, "N_inlier": 95, "refit": true}
{"timestamp": "16:49:15.043191", "frame": 56, "mu": [0.4188142907874015, 3.1211751378301225, 1.0031508637728523], "Sigma": [[0.0202282151003363, -0.004869684271565181, 0.009327975548640295], [-0.004869684271565181, 0.004087856829108608, -0.010361395315362364], [0.009327975548640295, -0.010361395315362364, 0.04017792380555222]], "chi2_level": 0.95, "chi2_df": 3, "chi2_threshold": 7.814727903251179, "N_raw": 87, "N_roi": 87, "N_inlier": 85, "refit": true}
{"timestamp": "16:49:15.192765", "frame": 57, "mu": [0.4455225229047192, 3.0484140980954257, 0.9078562225974591], "Sigma": [[0.017794440726813604, -0.007756052826647945, -0.00952169349972527], [-0.007756052826647945, 0.008813641980548674, 0.002099436124622686], [-0.00952169349972527, 0.002099436124622686, 0.020327384151610103]], "chi2_level": 0.95, "chi2_df": 3, "chi2_threshold": 7.814727903251179, "N_raw": 76, "N_roi": 74, "N_inlier": 69, "refit": true}
{"timestamp": "16:49:15.221371", "frame": 58, "mu": [0.4517236739006694, 2.9863526391214172, 1.1004326190861422], "Sigma": [[0.018869029637847028, -0.0024332998313773037, -0.014777829990521699], [-0.0024332998313773037, 0.0013566060300696829, -0.0026997673813533964], [-0.014777829990521699, -0.0026997673813533964, 0.05529775082968742]], "chi2_level": 0.95, "chi2_df": 3, "chi2_threshold": 7.814727903251179, "N_raw": 74, "N_roi": 74, "N_inlier": 70, "refit": true}
{"timestamp": "16:49:15.269481", "frame": 59, "mu": [0.39322428921410874, 2.9580084204597292, 1.0580316559770258], "Sigma": [[0.014031983943549311, -0.0061028840671801384, -0.005018859157190642], [-0.0061028840671801384, 0.004628039736598713, -0.0063800101943249105], [-0.005018859157190642, -0.0063800101943249105, 0.0718183323135547]], "chi2_level": 0.95, "chi2_df": 3, "chi2_threshold": 7.814727903251179, "N_raw": 84, "N_roi": 81, "N_inlier": 78, "refit": true}
{"timestamp": "16:49:15.298875", "frame": 60, "mu": [0.38465159798963733, 3.042888253680755, 0.8289975514997402], "Sigma": [[0.02986619634427061, 0.007684514641879605, -0.03928350333749857], [0.007684514641879606, 0.03613329312149095, -0.05023155598522225], [-0.039283503337498575, -0.05023155598522225, 0.14309175915170871]], "chi2_level": 0.95, "chi2_df": 3, "chi2_threshold": 7.814727903251179, "N_raw": 123, "N_roi": 123, "N_inlier": 122, "refit": true}
{"timestamp": "16:49:15.330476", "frame": 61, "mu": [0.3460444949194588, 2.8760701152152515, 1.051598531211878], "Sigma": [[0.02056557654488201, -0.008020363758628444, -0.0019965970377689296], [-0.008020363758628444, 0.007718522536068017, -0.005648754379952652], [-0.001996597037768929, -0.005648754379952652, 0.01963777847818285]], "chi2_level": 0.95, "chi2_df": 3, "chi2_threshold": 7.814727903251179, "N_raw": 89, "N_roi": 89, "N_inlier": 85, "refit": true}
{"timestamp": "16:49:15.369647", "frame": 62, "mu": [0.31797343840175174, 2.8048960345070237, 0.9936066109371128], "Sigma": [[0.015636798346577305, -0.0024485921605745882, -0.004080961687929996], [-0.0024485921605745887, 0.003445288040600137, -0.0025479217932867938], [-0.004080961687929996, -0.002547921793286794, 0.006194281928726353]], "chi2_level": 0.95, "chi2_df": 3, "chi2_threshold": 7.814727903251179, "N_raw": 65, "N_roi": 65, "N_inlier": 60, "refit": true}
{"timestamp": "16:49:15.427520", "frame": 63, "mu": [0.1370815103041571, 2.8614832692831245, 1.180798731832396], "Sigma": [[0.029778003792314024, -0.012923040376533157, 0.006649240090806722], [-0.012923040376533156, 0.007650049157557409, -0.008092475483433729], [0.006649240090806722, -0.008092475483433727, 0.026545178725300024]], "chi2_level": 0.95, "chi2_df": 3, "chi2_threshold": 7.814727903251179, "N_raw": 76, "N_roi": 76, "N_inlier": 73, "refit": true}
{"timestamp": "16:49:15.484752", "frame": 64, "mu": [0.12696459680652716, 2.9930618282508976, -0.21246215657423384], "Sigma": [[0.028940385652623378, -0.015827652921957286, -0.008313225383611393], [-0.015827652921957286, 0.017225636559096077, -0.006163414013819826], [-0.008313225383611395, -0.006163414013819827, 0.02587128065028367]], "chi2_level": 0.95, "chi2_df": 3, "chi2_threshold": 7.814727903251179, "N_raw": 100, "N_roi": 97, "N_inlier": 94, "refit": true}
{"timestamp": "16:49:15.538062", "frame": 65, "mu": [0.23096323084531323, 2.7222994587930214, 1.0954570087400517], "Sigma": [[0.02243265399321787, -0.014380797156375039, -0.006480106694084392], [-0.014380797156375039, 0.01112983087784709, -0.0022066830228205533], [-0.006480106694084391, -0.002206683022820553, 0.0638694765282939]], "chi2_level": 0.95, "chi2_df": 3, "chi2_threshold": 7.814727903251179, "N_raw": 84, "N_roi": 84, "N_inlier": 81, "refit": true}
{"timestamp": "16:49:15.593813", "frame": 66, "mu": [0.22778866295861142, 2.6337804107325815, 1.1132075190875748], "Sigma": [[0.02327372508951467, -0.015759575158508666, -0.006652989412332621], [-0.015759575158508666, 0.016984091066954837, 0.01211554375598244], [-0.006652989412332621, 0.01211554375598244, 0.06269242600735903]], "chi2_level": 0.95, "chi2_df": 3, "chi2_threshold": 7.814727903251179, "N_raw": 91, "N_roi": 90, "N_inlier": 87, "refit": true}
{"timestamp": "16:49:15.649058", "frame": 67, "mu": [0.2442684038708963, 2.4324744245128915, 0.9340192048443796], "Sigma": [[0.013765978845069794, 0.0024796948562513356, 0.007710839270504732], [0.0024796948562513356, 0.01964250775897505, 0.015312747465116556], [0.007710839270504732, 0.015312747465116556, 0.021099373297081208]], "chi2_level": 0.95, "chi2_df": 3, "chi2_threshold": 7.814727903251179, "N_raw": 85, "N_roi": 85, "N_inlier": 81, "refit": true}
{"timestamp": "16:49:15.705553", "frame": 68, "mu": [0.04160108382847912, 2.6028116545203765, -0.30554193872941143], "Sigma": [[0.013991913987729948, -0.002048782181205285, 0.10690326052665666], [-0.002048782181205285, 0.041166939647720766, 0.007980222617794908], [0.10690326052665666, 0.007980222617794908, 1.1428548752002436]], "chi2_level": 0.95, "chi2_df": 3, "chi2_threshold": 7.814727903251179, "N_raw": 96, "N_roi": 96, "N_inlier": 93, "refit": true}
{"timestamp": "16:49:15.759150", "frame": 69, "mu": [0.0031377985143100553, 2.4103950904345894, 1.0582484270624832], "Sigma": [[0.012341689011305921, 0.009462533598181663, 0.013197957697527747], [0.009462533598181663, 0.058559368774292256, 0.07558326143832371], [0.013197957697527749, 0.07558326143832371, 0.11454351802662724]], "chi2_level": 0.95, "chi2_df": 3, "chi2_threshold": 7.814727903251179, "N_raw": 92, "N_roi": 92, "N_inlier": 87, "refit": true}
{"timestamp": "16:49:15.809993", "frame": 70, "mu": [-0.09773138449439732, 2.133062397497519, 0.7524723804514712], "Sigma": [[0.011377614328484756, 0.0003384221503883111, -0.0018758231572457967], [0.00033842215038831113, 0.008894253769635034, 0.0032946906177028024], [-0.0018758231572457967, 0.0032946906177028033, 0.0048716517629429495]], "chi2_level": 0.95, "chi2_df": 3, "chi2_threshold": 7.814727903251179, "N_raw": 61, "N_roi": 61, "N_inlier": 56, "refit": true}
{"timestamp": "16:49:15.871748", "frame": 71, "mu": [-0.16696252805094125, 2.2961162060871843, 1.0251380067011286], "Sigma": [[0.018005337486432803, 0.018128302177117642, 0.02199943849880004], [0.018128302177117646, 0.050193580616367986, 0.05368643331857917], [0.02199943849880004, 0.05368643331857916, 0.09248484448533835]], "chi2_level": 0.95, "chi2_df": 3, "chi2_threshold": 7.814727903251179, "N_raw": 106, "N_roi": 106, "N_inlier": 98, "refit": true}
{"timestamp": "16:49:15.928209", "frame": 72, "mu": [-0.14786069113031652, 2.3806356977925685, 1.0066512810377726], "Sigma": [[0.017890874027682, 0.015406402555529872, 0.020931228977906276], [0.015406402555529872, 0.032029978736306614, 0.011357171457164427], [0.020931228977906273, 0.011357171457164424, 0.20332568954129435]], "chi2_level": 0.95, "chi2_df": 3, "chi2_threshold": 7.814727903251179, "N_raw": 111, "N_roi": 111, "N_inlier": 109, "refit": true}
{"timestamp": "16:49:15.982238", "frame": 73, "mu": [-0.0831189518728143, 2.3947064324012715, 1.26839176717316], "Sigma": [[0.016872504720629483, -0.002656173162463592, -0.007341766418946734], [-0.0026561731624635916, 0.01518370315259058, 0.009971660932331906], [-0.007341766418946733, 0.009971660932331906, 0.015316031850302626]], "chi2_level": 0.95, "chi2_df": 3, "chi2_threshold": 7.814727903251179, "N_raw": 105, "N_roi": 105, "N_inlier": 100, "refit": true}
{"timestamp": "16:49:16.035021", "frame": 74, "mu": [-0.2129287792735372, 2.397279494573478, 1.3194461972355584], "Sigma": [[0.021475397645542918, -0.00642156465522032, -0.014017063444181983], [-0.00642156465522032, 0.008942545444726217, 0.004904554416475568], [-0.014017063444181983, 0.004904554416475568, 0.011796780347857838]], "chi2_level": 0.95, "chi2_df": 3, "chi2_threshold": 7.814727903251179, "N_raw": 91, "N_roi": 91, "N_inlier": 87, "refit": true}
{"timestamp": "16:49:16.089039", "frame": 75, "mu": [-0.2720546992071564, 2.365656177297831, 0.9403055310638593], "Sigma": [[0.013566222530158134, -0.0016453219458102668, 0.008012136145132508], [-0.001645321945810267, 0.003792196030162765, 0.01714399519168186], [0.008012136145132506, 0.01714399519168186, 0.38587064620710493]], "chi2_level": 0.95, "chi2_df": 3, "chi2_threshold": 7.814727903251179, "N_raw": 90, "N_roi": 90, "N_inlier": 89, "refit": true}
{"timestamp": "16:49:16.149957", "frame": 76, "mu": [-0.2852563422654988, 2.4468083401002447, 0.3352527474910476], "Sigma": [[0.02689502246571071, -0.020171221337061767, 0.11558781080364858], [-0.020171221337061767, 0.02430545382187746, -0.09983446377271278], [0.11558781080364858, -0.09983446377271278, 0.6393816379795157]], "chi2_level": 0.95, "chi2_df": 3, "chi2_threshold": 7.814727903251179, "N_raw": 135, "N_roi": 135, "N_inlier": 129, "refit": true}
{"timestamp": "16:49:16.208399", "frame": 77, "mu": [-0.33478128751522246, 2.4248921970767885, -1.0438863469778312], "Sigma": [[0.017166409742324862, -0.01433752232912032, -0.03187404889164489], [-0.014337522329120318, 0.03359171475760634, 0.060973665645169164], [-0.031874048891644885, 0.06097366564516916, 0.5247850127236616]], "chi2_level": 0.95, "chi2_df": 3, "chi2_threshold": 7.814727903251179, "N_raw": 143, "N_roi": 143, "N_inlier": 137, "refit": true}
{"timestamp": "16:49:16.256412", "frame": 78, "mu": [-0.4043358432730138, 2.294250495257843, 0.8697603558116012], "Sigma": [[0.03432879769948198, -0.005645607540400778, 0.009194235687493514], [-0.005645607540400778, 0.001982268195191617, -0.002336460138628486], [0.009194235687493514, -0.002336460138628486, 0.02350359859533042]], "chi2_level": 0.95, "chi2_df": 3, "chi2_threshold": 7.814727903251179, "N_raw": 96, "N_roi": 96, "N_inlier": 92, "refit": true}
{"timestamp": "16:49:16.311041", "frame": 79, "mu": [-0.44342138970827855, 2.2671039300058893, 1.0229693037747947], "Sigma": [[0.031174497889971058, -0.002980900817070656, 0.01655612516357321], [-0.002980900817070656, 0.001955530224557011, -0.005102278440134311], [0.01655612516357321, -0.005102278440134311, 0.06125000829766951]], "chi2_level": 0.95, "chi2_df": 3, "chi2_threshold": 7.814727903251179, "N_raw": 102, "N_roi": 102, "N_inlier": 97, "refit": true}
{"timestamp": "16:49:16.360534", "frame": 80, "mu": [-0.34634015502286597, 2.181254233346796, 0.8611293480470368], "Sigma": [[0.010609294943245388, -0.0009702139853109571, -0.008121150506740248], [-0.0009702139853109569, 0.0011958536111204854, -0.00041300796732021325], [-0.008121150506740248, -0.0004130079673202133, 0.021119921913676124]], "chi2_level": 0.95, "chi2_df": 3, "chi2_threshold": 7.814727903251179, "N_raw": 63, "N_roi": 62, "N_inlier": 56, "refit": true}
{"timestamp": "16:49:16.414697", "frame": 81, "mu": [-0.6419686332287433, 2.1805108100476307, 1.043726205310695], "Sigma": [[0.02862093011436141, -0.0007463852263701453, 0.03136100064096325], [-0.0007463852263701451, 0.0019025768450812441, -0.00641757284339704], [0.03136100064096325, -0.006417572843397039, 0.07994038841691734]], "chi2_level": 0.95, "chi2_df": 3, "chi2_threshold": 7.814727903251179, "N_raw": 62, "N_roi": 62, "N_inlier": 60, "refit": true}
{"timestamp": "16:49:16.477276", "frame": 82, "mu": [-0.48511304915550485, 2.1654607859606534, 0.04811805724262185], "Sigma": [[0.026052308001868356, -0.008209115020847669, 0.08664532180803226], [-0.00820911502084767, 0.009262758422288813, -0.04777914621533817], [0.08664532180803228, -0.04777914621533817, 0.43724539804054446]], "chi2_level": 0.95, "chi2_df": 3, "chi2_threshold": 7.814727903251179, "N_raw": 114, "N_roi": 113, "N_inlier": 107, "refit": true}
{"timestamp": "16:49:16.528117", "frame": 83, "mu": [-0.5760903390570976, 2.1169915227141485, 0.7367684288265425], "Sigma": [[0.030808134314322916, -0.008218936411661226, -0.015809276094679137], [-0.008218936411661226, 0.007578821356881475, -0.023592637332032138], [-0.015809276094679137, -0.023592637332032134, 0.3234778825949289]], "chi2_level": 0.95, "chi2_df": 3, "chi2_threshold": 7.814727903251179, "N_raw": 84, "N_roi": 82, "N_inlier": 79, "refit": true}
{"timestamp": "16:49:16.583753", "frame": 84, "mu": [-0.5993119332638043, 2.024847354355233, 1.1966355692630695], "Sigma": [[0.022125765641422573, -0.006416140440682895, 0.01908552658208797], [-0.006416140440682895, 0.004621219251321679, -0.011437088487819347], [0.019085526582087967, -0.011437088487819347, 0.04899493456202999]], "chi2_level": 0.95, "chi2_df": 3, "chi2_threshold": 7.814727903251179, "N_raw": 81, "N_roi": 81, "N_inlier": 76, "refit": true}
{"timestamp": "16:49:16.634723", "frame": 85, "mu": [-0.6563033124894841, 1.9859473059421842, 0.615431710352464], "Sigma": [[0.03314135445915709, -0.018594552075883432, -0.0005163028016984149], [-0.018594552075883432, 0.015446685131498246, 0.022276892756646613], [-0.000516302801698414, 0.022276892756646613, 0.3808910329016919]], "chi2_level": 0.95, "chi2_df": 3, "chi2_threshold": 7.814727903251179, "N_raw": 65, "N_roi": 65, "N_inlier": 64, "refit": true}
{"timestamp": "16:49:16.692689", "frame": 86, "mu": [-0.4934950525347443, 1.8983976125118902, 1.15094563504618], "Sigma": [[0.007431396880337323, -0.002430482560228195, -0.010124295382964124], [-0.002430482560228195, 0.003572040854064709, 0.0056933573022688545], [-0.010124295382964122, 0.005693357302268854, 0.06142989397434809]], "chi2_level": 0.95, "chi2_df": 3, "chi2_threshold": 7.814727903251179, "N_raw": 83, "N_roi": 83, "N_inlier": 76, "refit": true}
{"timestamp": "16:49:16.745762", "frame": 87, "mu": [-0.5938661889438837, 1.8719362447745742, 1.197815298089778], "Sigma": [[0.016740720022774352, -0.004191879280744925, 0.021161418402006107], [-0.004191879280744925, 0.005516435819594924, 0.002690741538229572], [0.021161418402006107, 0.0026907415382295724, 0.09805292131311946]], "chi2_level": 0.95, "chi2_df": 3, "chi2_threshold": 7.814727903251179, "N_raw": 72, "N_roi": 72, "N_inlier": 71, "refit": true}
{"timestamp": "16:49:16.797022", "frame": 88, "mu": [-0.517944952060988, 1.7407892394152995, 1.2459057474290924], "Sigma": [[0.004745347594823433, -0.0007186406419545249, -0.004055964941983573], [-0.0007186406419545249, 0.0024341018074489815, -0.0005256911709159882], [-0.004055964941983573, -0.0005256911709159882, 0.008079658400400909]], "chi2_level": 0.95, "chi2_df": 3, "chi2_threshold": 7.814727903251179, "N_raw": 43, "N_roi": 43, "N_inlier": 39, "refit": true}
{"timestamp": "16:49:16.852988", "frame": 89, "mu": [-0.5380261067524834, 1.7177182981097359, 1.226131218768909], "Sigma": [[0.006958071703838469, -0.001882838826825229, -0.00625615409004074], [-0.001882838826825229, 0.0030903877474913136, 0.0006744122076836066], [-0.00625615409004074, 0.0006744122076836067, 0.00687377861504058]], "chi2_level": 0.95, "chi2_df": 3, "chi2_threshold": 7.814727903251179, "N_raw": 50, "N_roi": 50, "N_inlier": 45, "refit": true}
{"timestamp": "16:49:16.908375", "frame": 90, "mu": [-0.6660768739665601, 1.7697935275136987, 1.2281479612216193], "Sigma": [[0.011857728577789012, -0.007919583822362356, -0.001232818439752968], [-0.007919583822362356, 0.008851952049662049, -0.003721125498566741], [-0.0012328184397529668, -0.0037211254985667413, 0.06272564649453748]], "chi2_level": 0.95, "chi2_df": 3, "chi2_threshold": 7.814727903251179, "N_raw": 53, "N_roi": 53, "N_inlier": 49, "refit": true}
{"timestamp": "16:49:16.964352", "frame": 91, "mu": [-0.7071726140531807, 1.7261886058882048, 1.3236284353382266], "Sigma": [[0.009677703299315743, -0.00439473744931816, -0.009160145904529342], [-0.00439473744931816, 0.005997696808669905, 0.005420384801806982], [-0.009160145904529342, 0.005420384801806982, 0.016673436839800024]], "chi2_level": 0.95, "chi2_df": 3, "chi2_threshold": 7.814727903251179, "N_raw": 59, "N_roi": 59, "N_inlier": 55, "refit": true}
{"timestamp": "16:49:17.020052", "frame": 92, "mu": [-0.8338431919214601, 1.717908732504147, 1.447759520492221], "Sigma": [[0.007917630043147186, -0.0008866197571162299, -0.00731461534889063], [-0.0008866197571162298, 0.005089764554522903, -0.0007227028011464461], [-0.00731461534889063, -0.0007227028011464463, 0.013441866433134305]], "chi2_level": 0.95, "chi2_df": 3, "chi2_threshold": 7.814727903251179, "N_raw": 66, "N_roi": 64, "N_inlier": 60, "refit": true}
