{"timestamp": "16:58:56.932385", "frame": 18, "mu": [-1.9858710205304733, 4.9723223292131955, 0.7615875697066161], "Sigma": [[0.052538404979394576, -0.0001245360558190221, -0.012558563127106561], [-0.0001245360558190219, 0.00046938373976004047, -0.00017853559823437782], [-0.012558563127106563, -0.00017853559823437787, 0.009625334705091705]], "chi2_level": 0.95, "chi2_df": 3, "chi2_threshold": 7.814727903251179, "N_raw": 51, "N_roi": 14, "N_inlier": 14, "refit": true}
{"timestamp": "16:58:56.985694", "frame": 19, "mu": [-1.7152844340325928, 4.940680583403905, 0.6646280013578275], "Sigma": [[0.03957991139282949, -0.003906961285043655, -0.027876122295269406], [-0.003906961285043654, 0.001562444542987871, 0.004273330920706074], [-0.027876122295269402, 0.004273330920706075, 0.023149134951525076]], "chi2_level": 0.95, "chi2_df": 3, "chi2_threshold": 7.814727903251179, "N_raw": 28, "N_roi": 14, "N_inlier": 13, "refit": true}
{"timestamp": "16:58:57.091646", "frame": 21, "mu": [-1.8188514229951096, 4.894990356224702, 0.668550955168917], "Sigma": [[0.0028627579009526533, -0.001587796450397306, 0.005382454893545859], [-0.001587796450397306, 0.001310596040893523, -0.005498287720401461], [0.005382454893545859, -0.005498287720401461, 0.059055072846979265]], "chi2_level": 0.95, "chi2_df": 3, "chi2_threshold": 7.814727903251179, "N_raw": 8, "N_roi": 6, "N_inlier": 6, "refit": true}
{"timestamp": "16:58:57.148659", "frame": 22, "mu": [-1.8737992517220055, 4.830119284922033, 0.9312386816860745], "Sigma": [[0.024347914107093117, 0.0073343178696322195, -0.002821747901150408], [0.007334317869632219, 0.0027005996066542005, 6.603728216846786e-05], [-0.002821747901150408, 6.603728216846754e-05, 0.03876572975013842]], "chi2_level": 0.95, "chi2_df": 3, "chi2_threshold": 7.814727903251179, "N_raw": 25, "N_roi": 24, "N_inlier": 21, "refit": true}
{"timestamp": "16:58:57.259859", "frame": 24, "mu": [-1.7662740640169967, 4.7654874635479265, 0.9911462753934336], "Sigma": [[0.02052338886948854, 0.00481608297844872, -0.012167916963650173], [0.00481608297844872, 0.0015657880217343236, -0.0033611264555761114], [-0.012167916963650173, -0.003361126455576112, 0.010242714852403445]], "chi2_level": 0.95, "chi2_df": 3, "chi2_threshold": 7.814727903251179, "N_raw": 15, "N_roi": 13, "N_inlier": 12, "refit": true}
{"timestamp": "16:58:57.313304", "frame": 25, "mu": [-1.8551925505945295, 4.662093844563235, 0.6890035406124285], "Sigma": [[0.00689076573927739, 0.002268286661247321, 0.0010459963372844916], [0.002268286661247321, 0.0017125145047357773, -0.0030524985968273773], [0.0010459963372844916, -0.0030524985968273777, 0.019251659915780994]], "chi2_level": 0.95, "chi2_df": 3, "chi2_threshold": 7.814727903251179, "N_raw": 10, "N_roi": 10, "N_inlier": 10, "refit": true}
{"timestamp": "16:58:57.374666", "frame": 26, "mu": [-1.9288379098979096, 4.626287133262595, 0.8619249560007188], "Sigma": [[0.0359464238427763, 0.007825175531676123, -0.020806684597842493], [0.007825175531676123, 0.003946166673696133, -0.010550583374525132], [-0.020806684597842493, -0.01055058337452513, 0.035273306863084594]], "chi2_level": 0.95, "chi2_df": 3, "chi2_threshold": 7.814727903251179, "N_raw": 54, "N_roi": 52, "N_inlier": 51, "refit": true}
{"timestamp": "16:58:57.425761", "frame": 27, "mu": [-1.8778677417613794, 4.604184351295473, 0.8252316519151819], "Sigma": [[0.017502295317566814, 0.0035948837652701915, -0.005630179174280029], [0.0035948837652701915, 0.0017065110657501243, -0.0046643200455851455], [-0.005630179174280028, -0.004664320045585146, 0.019048462005367858]], "chi2_level": 0.95, "chi2_df": 3, "chi2_threshold": 7.814727903251179, "N_raw": 24, "N_roi": 22, "N_inlier": 22, "refit": true}
{"timestamp": "16:58:57.481626", "frame": 28, "mu": [-1.9283817418345526, 4.477212832871112, 0.8044294867927205], "Sigma": [[0.02349502501077492, 0.002553161990470931, -0.026644316908734634], [0.0025531619904709314, 0.001219507823361382, -0.004421814846267006], [-0.026644316908734634, -0.004421814846267006, 0.03653134937714435]], "chi2_level": 0.95, "chi2_df": 3, "chi2_threshold": 7.814727903251179, "N_raw": 27, "N_roi": 24, "N_inlier": 23, "refit": true}
{"timestamp": "16:58:57.538499", "frame": 29, "mu": [-2.051969397066327, 4.53868565083222, 0.2487364339200019], "Sigma": [[0.028698347215154317, 0.010661704767387339, -0.004632217006810848], [0.010661704767387339, 0.007744227425320842, -0.006052324166014255], [-0.004632217006810848, -0.006052324166014254, 0.00833726735229551]], "chi2_level": 0.95, "chi2_df": 3, "chi2_threshold": 7.814727903251179, "N_raw": 38, "N_roi": 36, "N_inlier": 35, "refit": true}
{"timestamp": "16:58:57.587638", "frame": 30, "mu": [-1.9947883334405931, 4.3499357623465755, 0.6107945146766107], "Sigma": [[0.004027648297754041, -0.004023267804377477, -0.0009749685301651483], [-0.004023267804377477, 0.005485380053476459, 0.0010971282111326692], [-0.0009749685301651483, 0.0010971282111326692, 0.002975522899344373]], "chi2_level": 0.95, "chi2_df": 3, "chi2_threshold": 7.814727903251179, "N_raw": 6, "N_roi": 6, "N_inlier": 5, "refit": true}
{"timestamp": "16:58:57.646489", "frame": 31, "mu": [-1.9691313652603775, 4.436894221514036, 0.10011866962178566], "Sigma": [[0.015024148035145663, 0.004702254433234696, -0.004416557782575862], [0.004702254433234696, 0.005524290144412763, -0.010316393030205961], [-0.004416557782575862, -0.010316393030205961, 0.022241285147570032]], "chi2_level": 0.95, "chi2_df": 3, "chi2_threshold": 7.814727903251179, "N_raw": 28, "N_roi": 27, "N_inlier": 26, "refit": true}
{"timestamp": "16:58:57.700817", "frame": 32, "mu": [-1.874307161379955, 4.232508229701776, 0.6289642331065626], "Sigma": [[0.017473233142419452, 0.0037849776884213383, -0.013335670768218642], [0.0037849776884213383, 0.0014299043150432986, -0.004173989902392305], [-0.01333567076821864, -0.004173989902392305, 0.033807881716864]], "chi2_level": 0.95, "chi2_df": 3, "chi2_threshold": 7.814727903251179, "N_raw": 26, "N_roi": 26, "N_inlier": 25, "refit": true}
{"timestamp": "16:58:57.755100", "frame": 33, "mu": [-1.8994568681487403, 4.157317454323671, 0.6602487565843469], "Sigma": [[0.010892938891050447, 0.001942477390879936, -0.0053209890512061], [0.0019424773908799358, 0.0006311453887694734, -0.002005790130928226], [-0.0053209890512061, -0.002005790130928226, 0.016335845780230708]], "chi2_level": 0.95, "chi2_df": 3, "chi2_threshold": 7.814727903251179, "N_raw": 19, "N_roi": 19, "N_inlier": 16, "refit": true}
{"timestamp": "16:58:57.810532", "frame": 34, "mu": [-1.8228896552817024, 4.081088297665051, 0.5322596067316964], "Sigma": [[0.017968676790686026, 0.003174927478250547, -0.010489899539118571], [0.003174927478250547, 0.0015104429408755616, -0.0029487975132360712], [-0.010489899539118573, -0.0029487975132360712, 0.010331234866887478]], "chi2_level": 0.95, "chi2_df": 3, "chi2_threshold": 7.814727903251179, "N_raw": 23, "N_roi": 23, "N_inlier": 22, "refit": true}
{"timestamp": "16:58:57.862977", "frame": 35, "mu": [-1.874694864065761, 4.059807285101739, 0.6332767782452347], "Sigma": [[0.00931992059006564, -0.0029482401295247646, -0.0017705879953532453], [-0.0029482401295247646, 0.002114318072542547, -0.001738602740348916], [-0.0017705879953532453, -0.0017386027403489162, 0.015105905686828203]], "chi2_level": 0.95, "chi2_df": 3, "chi2_threshold": 7.814727903251179, "N_raw": 6, "N_roi": 6, "N_inlier": 5, "refit": true}
{"timestamp": "16:58:57.919160", "frame": 36, "mu": [-1.8369882983931174, 4.024671483567797, 0.6560247217915512], "Sigma": [[0.01727927142045308, -0.0006202573043117608, -0.009759097667485242], [-0.000620257304311761, 0.001836540291978467, -0.002569503653419373], [-0.009759097667485242, -0.002569503653419373, 0.012817973781487725]], "chi2_level": 0.95, "chi2_df": 3, "chi2_threshold": 7.814727903251179, "N_raw": 14, "N_roi": 14, "N_inlier": 14, "refit": true}
{"timestamp": "16:58:57.979253", "frame": 37, "mu": [-1.876278355632601, 3.9552024800458594, 0.8674800897520673], "Sigma": [[0.03029445584016717, 0.005693800314651361, -0.016553455081343142], [0.005693800314651361, 0.0031756802706933247, -0.007738819754022564], [-0.016553455081343142, -0.007738819754022564, 0.022530065166523193]], "chi2_level": 0.95, "chi2_df": 3, "chi2_threshold": 7.814727903251179, "N_raw": 54, "N_roi": 54, "N_inlier": 51, "refit": true}
{"timestamp": "16:58:58.029187", "frame": 38, "mu": [-1.625129412102112, 3.95242374863628, 0.6784187446073042], "Sigma": [[0.015084662750679998, -0.001035086665362564, -0.0023248812562019785], [-0.001035086665362564, 0.0020605635998925697, -0.001490514748555713], [-0.0023248812562019785, -0.001490514748555713, 0.004090240584003109]], "chi2_level": 0.95, "chi2_df": 3, "chi2_threshold": 7.814727903251179, "N_raw": 10, "N_roi": 10, "N_inlier": 9, "refit": true}
{"timestamp": "16:58:58.088390", "frame": 39, "mu": [-1.7464072338155952, 3.8653874067354095, 0.7215766944741128], "Sigma": [[0.0410599396311631, -0.0016983082012748522, -0.007231327928270789], [-0.0016983082012748524, 0.0020156146662789567, 0.0036127441006239824], [-0.007231327928270791, 0.0036127441006239824, 0.040595847572524595]], "chi2_level": 0.95, "chi2_df": 3, "chi2_threshold": 7.814727903251179, "N_raw": 42, "N_roi": 42, "N_inlier": 41, "refit": true}
{"timestamp": "16:58:58.143762", "frame": 40, "mu": [-1.9609618597156406, 3.808961596702996, 0.7862158328654965], "Sigma": [[0.02621595128888262, 0.0033994117269465283, -0.006879131015264946], [0.003399411726946528, 0.002251688726748081, -0.0039717777546116745], [-0.006879131015264947, -0.0039717777546116745, 0.026029093526204878]], "chi2_level": 0.95, "chi2_df": 3, "chi2_threshold": 7.814727903251179, "N_raw": 47, "N_roi": 47, "N_inlier": 45, "refit": true}
{"timestamp": "16:58:58.197778", "frame": 41, "mu": [-1.8844727506877421, 3.7843570367942108, 0.9089186896844155], "Sigma": [[0.020528491214425938, 0.004358988247584428, -0.006001804314674281], [0.004358988247584427, 0.002188820127923802, -0.0038972873818051024], [-0.006001804314674282, -0.003897287381805103, 0.02039296348963434]], "chi2_level": 0.95, "chi2_df": 3, "chi2_threshold": 7.814727903251179, "N_raw": 39, "N_roi": 39, "N_inlier": 37, "refit": true}
{"timestamp": "16:58:58.251364", "frame": 42, "mu": [-1.908615314889309, 3.7067518616163597, 0.8578247671226086], "Sigma": [[0.015018138827549791, -0.0019238793872040365, -0.010637008697458447], [-0.001923879387204036, 0.006860067306752521, 0.0018855879780229155], [-0.010637008697458447, 0.001885587978022915, 0.03194249693145043]], "chi2_level": 0.95, "chi2_df": 3, "chi2_threshold": 7.814727903251179, "N_raw": 29, "N_roi": 29, "N_inlier": 27, "refit": true}
{"timestamp": "16:58:58.308493", "frame": 43, "mu": [-1.8968982479342422, 3.639632466240562, 0.9808093999180645], "Sigma": [[0.02327635487871213, 0.004504763278322143, -0.02577918432370111], [0.004504763278322143, 0.0035467552839682287, -0.007067690336937159], [-0.02577918432370111, -0.007067690336937159, 0.03263436700451926]], "chi2_level": 0.95, "chi2_df": 3, "chi2_threshold": 7.814727903251179, "N_raw": 43, "N_roi": 43, "N_inlier": 40, "refit": true}
{"timestamp": "16:58:58.361351", "frame": 44, "mu": [-1.9622501893388564, 3.5637431403498097, 0.8236586499234582], "Sigma": [[0.012678434325502808, 0.004645619407420245, -0.006554459222916366], [0.004645619407420245, 0.0019453019888936813, -0.0034345017025947163], [-0.006554459222916366, -0.003434501702594716, 0.027051202843719833]], "chi2_level": 0.95, "chi2_df": 3, "chi2_threshold": 7.814727903251179, "N_raw": 29, "N_roi": 27, "N_inlier": 26, "refit": true}
{"timestamp": "16:58:58.420920", "frame": 45, "mu": [-1.9782832392931127, 3.53610626799014, 0.9316623437907788], "Sigma": [[0.026727775181336497, 0.008940404258090142, -0.012120237338559426], [0.008940404258090142, 0.005984233555488193, -0.009000895902970147], [-0.012120237338559426, -0.009000895902970147, 0.017126989506673254]], "chi2_level": 0.95, "chi2_df": 3, "chi2_threshold": 7.814727903251179, "N_raw": 56, "N_roi": 54, "N_inlier": 53, "refit": true}
{"timestamp": "16:58:58.475385", "frame": 46, "mu": [-1.9006113589029006, 3.513334845500654, 1.1047992680286542], "Sigma": [[0.026573562348699675, 0.0083235648867802, -0.011087458300327396], [0.008323564886780202, 0.005590039543844127, -0.005516289501683586], [-0.011087458300327396, -0.005516289501683586, 0.007469323942675219]], "chi2_level": 0.95, "chi2_df": 3, "chi2_threshold": 7.814727903251179, "N_raw": 45, "N_roi": 45, "N_inlier": 43, "refit": true}
{"timestamp": "16:58:58.529180", "frame": 47, "mu": [-1.938035021208281, 3.4173214062327024, 0.9418382366213617], "Sigma": [[0.018988666665056803, 0.003675824219134287, -0.016594211602659482], [0.0036758242191342874, 0.003146812612754058, -0.008352683539214752], [-0.016594211602659482, -0.00835268353921475, 0.0286723110182273]], "chi2_level": 0.95, "chi2_df": 3, "chi2_threshold": 7.814727903251179, "N_raw": 46, "N_roi": 45, "N_inlier": 45, "refit": true}
{"timestamp": "16:58:58.583076", "frame": 48, "mu": [-1.996576242271853, 3.4039192668152967, -0.8837679241969679], "Sigma": [[0.01833057848173906, 0.007230315646463439, 0.0001070904603623999], [0.007230315646463441, 0.005839387004290012, 0.00012525838865140582], [0.00010709046036240077, 0.00012525838865140495, 0.02645955932936836]], "chi2_level": 0.95, "chi2_df": 3, "chi2_threshold": 7.814727903251179, "N_raw": 39, "N_roi": 38, "N_inlier": 35, "refit": true}
{"timestamp": "16:58:58.636774", "frame": 49, "mu": [-1.9977618052817567, 3.340656096940322, 1.1078747060939813], "Sigma": [[0.00979177901646231, 0.0035247265661851475, -0.004130188366710713], [0.003524726566185147, 0.0027186447511639454, -0.006803186450987911], [-0.004130188366710712, -0.006803186450987911, 0.026424540216415264]], "chi2_level": 0.95, "chi2_df": 3, "chi2_threshold": 7.814727903251179, "N_raw": 34, "N_roi": 34, "N_inlier": 32, "refit": true}
{"timestamp": "16:58:58.692673", "frame": 50, "mu": [-2.0201482042474725, 3.264606587372747, 0.9541653517160905], "Sigma": [[0.01823455361482082, 0.0051886438863353885, -0.011988313350261995], [0.0051886438863353885, 0.0033502905287038096, -0.006446192667787262], [-0.011988313350261995, -0.006446192667787261, 0.01551887621105086]], "chi2_level": 0.95, "chi2_df": 3, "chi2_threshold": 7.814727903251179, "N_raw": 37, "N_roi": 37, "N_inlier": 37, "refit": true}
{"timestamp": "16:58:58.743871", "frame": 51, "mu": [-2.061367854049184, 3.1578388997783886, 0.9951862388085766], "Sigma": [[0.010954008682733166, 2.5113539709049616e-05, 0.00022098250436492287], [2.511353970904959e-05, 0.0005090005178010136, -0.0009181710724777125], [0.00022098250436492222, -0.0009181710724777125, 0.004470740529907033]], "chi2_level": 0.95, "chi2_df": 3, "chi2_threshold": 7.814727903251179, "N_raw": 13, "N_roi": 13, "N_inlier": 12, "refit": true}
{"timestamp": "16:58:58.804264", "frame": 52, "mu": [-2.0054073915013317, 3.1621796287577846, 1.095814535161708], "Sigma": [[0.015264316759039208, 0.0032556126740632355, -0.016888630584852064], [0.003255612674063236, 0.0024016911632688326, -0.006914753185701596], [-0.016888630584852064, -0.006914753185701596, 0.028787896437284886]], "chi2_level": 0.95, "chi2_df": 3, "chi2_threshold": 7.814727903251179, "N_raw": 36, "N_roi": 36, "N_inlier": 35, "refit": true}
{"timestamp": "16:58:58.855260", "frame": 53, "mu": [-1.9031632180743798, 3.0896493924225474, 0.8708424315984504], "Sigma": [[0.009448704375810303, 0.00024449120799448936, -0.009134370489445789], [0.0002444912079944892, 0.001086907252458435, -0.0026895050954875085], [-0.009134370489445789, -0.0026895050954875085, 0.017136305660952002]], "chi2_level": 0.95, "chi2_df": 3, "chi2_threshold": 7.814727903251179, "N_raw": 27, "N_roi": 27, "N_inlier": 25, "refit": true}
{"timestamp": "16:58:58.912751", "frame": 54, "mu": [-1.889527338419537, 3.025612173443861, 0.9389142565681898], "Sigma": [[0.015234653155772793, 0.002967926736903412, -0.016668201021001312], [0.0029679267369034116, 0.0020929093802574674, -0.0064657739323572975], [-0.016668201021001312, -0.0064657739323572975, 0.02772726036570523]], "chi2_level": 0.95, "chi2_df": 3, "chi2_threshold": 7.814727903251179, "N_raw": 38, "N_roi": 38, "N_inlier": 37, "refit": true}
{"timestamp": "16:58:58.965126", "frame": 55, "mu": [-1.8700136346194414, 3.130089847983511, -0.19934873139334738], "Sigma": [[0.010255775293451962, 0.0046017124876998276, -0.007453530208605818], [0.004601712487699827, 0.0045992472973567225, -0.005567893388158343], [-0.007453530208605818, -0.005567893388158343, 0.009149254544178238]], "chi2_level": 0.95, "chi2_df": 3, "chi2_threshold": 7.814727903251179, "N_raw": 21, "N_roi": 21, "N_inlier": 20, "refit": true}
{"timestamp": "16:58:59.017587", "frame": 56, "mu": [-1.9213154516417745, 2.971072753964438, 0.9153382739617482], "Sigma": [[0.009604562971202232, -0.0013420611536894417, 0.004924066202907411], [-0.0013420611536894417, 0.0010458591009447043, -0.005235783571022501], [0.004924066202907411, -0.005235783571022501, 0.028341755671437825]], "chi2_level": 0.95, "chi2_df": 3, "chi2_threshold": 7.814727903251179, "N_raw": 6, "N_roi": 6, "N_inlier": 6, "refit": true}
{"timestamp": "16:58:59.078965", "frame": 57, "mu": [-1.872679972492628, 2.8942677165268513, 1.199397656678491], "Sigma": [[0.01685724911316524, 0.006709394580698944, -0.012998311762487856], [0.006709394580698944, 0.005062681823269292, -0.007438134459211557], [-0.012998311762487858, -0.007438134459211558, 0.0161564980112011]], "chi2_level": 0.95, "chi2_df": 3, "chi2_threshold": 7.814727903251179, "N_raw": 43, "N_roi": 42, "N_inlier": 39, "refit": true}
{"timestamp": "16:58:59.131996", "frame": 58, "mu": [-1.9055444971424804, 2.8602044252239978, 1.1731416465569193], "Sigma": [[0.010970041922682262, 0.001571536018345043, -0.005564063210644618], [0.001571536018345043, 0.0021025335928054893, -0.004475302449847184], [-0.005564063210644618, -0.004475302449847184, 0.017321307290140482]], "chi2_level": 0.95, "chi2_df": 3, "chi2_threshold": 7.814727903251179, "N_raw": 31, "N_roi": 31, "N_inlier": 29, "refit": true}
{"timestamp": "16:58:59.183588", "frame": 59, "mu": [-1.750632014476789, 2.8258288148815303, 0.8373505259652293], "Sigma": [[0.029096079424166345, -0.0027095318888828114, -3.77229206636469e-05], [-0.0027095318888828114, 0.0017240793482819951, -0.0004819225611627872], [-3.772292066364863e-05, -0.0004819225611627871, 0.009087876174406035]], "chi2_level": 0.95, "chi2_df": 3, "chi2_threshold": 7.814727903251179, "N_raw": 11, "N_roi": 11, "N_inlier": 10, "refit": true}
{"timestamp": "16:58:59.244921", "frame": 60, "mu": [-1.791814575870982, 2.793868974102292, 1.0784283513123165], "Sigma": [[0.015135276097036762, 0.0004450103154060637, -0.01421593058545075], [0.0004450103154060637, 0.0025260517005395696, -0.0036286811926228924], [-0.01421593058545075, -0.0036286811926228924, 0.02867293594162613]], "chi2_level": 0.95, "chi2_df": 3, "chi2_threshold": 7.814727903251179, "N_raw": 48, "N_roi": 48, "N_inlier": 44, "refit": true}
{"timestamp": "16:58:59.296311", "frame": 61, "mu": [-1.9204395887490189, 2.705393915017883, 0.7693515910401826], "Sigma": [[0.012686848262758761, -0.0004196772620421521, -0.00011746432967258249], [-0.0004196772620421522, 0.003628456782669112, -0.0013446212593820508], [-0.00011746432967258249, -0.0013446212593820508, 0.003665236962086151]], "chi2_level": 0.95, "chi2_df": 3, "chi2_threshold": 7.814727903251179, "N_raw": 22, "N_roi": 22, "N_inlier": 19, "refit": true}
{"timestamp": "16:58:59.348012", "frame": 62, "mu": [-1.9614683090234841, 2.89661280479443, -0.3820846114725435], "Sigma": [[0.003720371132233452, 0.00941636065371072, -0.012569366307960034], [0.009416360653710723, 0.06935917440542216, -0.10947165297545891], [-0.012569366307960033, -0.10947165297545891, 0.181320764731371]], "chi2_level": 0.95, "chi2_df": 3, "chi2_threshold": 7.814727903251179, "N_raw": 8, "N_roi": 8, "N_inlier": 7, "refit": true}
{"timestamp": "16:58:59.404245", "frame": 63, "mu": [-1.8469697040831223, 2.5211102862264267, 1.021942352736813], "Sigma": [[0.006883608907122418, -0.009572181086469529, -0.012997789343179808], [-0.009572181086469529, 0.022167920486414996, 0.024502340736819124], [-0.012997789343179807, 0.024502340736819124, 0.03604600571268434]], "chi2_level": 0.95, "chi2_df": 3, "chi2_threshold": 7.814727903251179, "N_raw": 9, "N_roi": 9, "N_inlier": 9, "refit": true}
{"timestamp": "16:58:59.459853", "frame": 64, "mu": [-1.8722615821654152, 2.5525571809178658, 1.0456903551851706], "Sigma": [[0.0041387102835558414, 0.001004142833173344, -0.0031822262183575584], [0.0010041428331733439, 0.0027391446207186464, -0.0028833611857841716], [-0.003182226218357559, -0.0028833611857841716, 0.011502251522961427]], "chi2_level": 0.95, "chi2_df": 3, "chi2_threshold": 7.814727903251179, "N_raw": 17, "N_roi": 17, "N_inlier": 16, "refit": true}
{"timestamp": "16:58:59.519637", "frame": 65, "mu": [-1.8751917406096477, 2.515072493041955, 1.1034365185134574], "Sigma": [[0.01291786177419481, 0.004606836595991608, -0.0003535198980058282], [0.004606836595991608, 0.0035631741836709818, -0.004086298908078333], [-0.00035351989800582774, -0.004086298908078334, 0.04058188219461126]], "chi2_level": 0.95, "chi2_df": 3, "chi2_threshold": 7.814727903251179, "N_raw": 52, "N_roi": 52, "N_inlier": 51, "refit": true}
{"timestamp": "16:58:59.576926", "frame": 66, "mu": [-1.8870913035561871, 2.4541169823600177, 1.1494561886577543], "Sigma": [[0.01643332088807328, 0.004936929490544532, -0.002544533570103434], [0.004936929490544532, 0.004419980137277125, -0.006351394138213352], [-0.002544533570103434, -0.00635139413821335, 0.0256833216534976]], "chi2_level": 0.95, "chi2_df": 3, "chi2_threshold": 7.814727903251179, "N_raw": 63, "N_roi": 63, "N_inlier": 60, "refit": true}
{"timestamp": "16:58:59.627656", "frame": 67, "mu": [-1.9042795493479512, 2.5139962797727535, -0.06672551428171747], "Sigma": [[0.014144653953457738, 0.006687096196243842, -0.011194112302601582], [0.006687096196243842, 0.007235466070749436, -0.008939555642162755], [-0.01119411230260158, -0.008939555642162755, 0.013799977097361799]], "chi2_level": 0.95, "chi2_df": 3, "chi2_threshold": 7.814727903251179, "N_raw": 41, "N_roi": 41, "N_inlier": 37, "refit": true}
{"timestamp": "16:58:59.684752", "frame": 68, "mu": [-1.9144310370920117, 2.371520660866905, 1.090987988840308], "Sigma": [[0.015138385163735864, 0.005716722602902201, -0.0005695238406512457], [0.005716722602902201, 0.0029575448309835657, -0.002207461805942088], [-0.0005695238406512459, -0.002207461805942088, 0.025847516962812445]], "chi2_level": 0.95, "chi2_df": 3, "chi2_threshold": 7.814727903251179, "N_raw": 49, "N_roi": 48, "N_inlier": 45, "refit": true}
{"timestamp": "16:58:59.740414", "frame": 69, "mu": [-1.9638199989173157, 2.290404637599647, 1.1214206080511333], "Sigma": [[0.011774559203816043, 0.005987708747406994, -0.0011462975593974174], [0.005987708747406994, 0.0056870904543257226, -0.003870310079979839], [-0.0011462975593974174, -0.003870310079979839, 0.01991307737109208]], "chi2_level": 0.95, "chi2_df": 3, "chi2_threshold": 7.814727903251179, "N_raw": 54, "N_roi": 51, "N_inlier": 43, "refit": true}
{"timestamp": "16:58:59.792978", "frame": 70, "mu": [-1.932394084404169, 2.2253855515902146, 0.9649879506915351], "Sigma": [[0.012375741129505137, 0.006365516515180496, -0.003385708494341077], [0.006365516515180496, 0.004253253115564462, -0.0025495834191120175], [-0.003385708494341077, -0.0025495834191120175, 0.005424278362144276]], "chi2_level": 0.95, "chi2_df": 3, "chi2_threshold": 7.814727903251179, "N_raw": 36, "N_roi": 28, "N_inlier": 24, "refit": true}
{"timestamp": "16:58:59.849228", "frame": 71, "mu": [-1.9628699343656304, 2.1711742535227145, 1.2463763803715897], "Sigma": [[0.026161098255342408, 0.015930953796748658, -0.018408966437264387], [0.015930953796748658, 0.012590380858797748, -0.014304330178018684], [-0.018408966437264387, -0.014304330178018684, 0.01800128113155875]], "chi2_level": 0.95, "chi2_df": 3, "chi2_threshold": 7.814727903251179, "N_raw": 47, "N_roi": 47, "N_inlier": 42, "refit": true}
{"timestamp": "16:58:59.905278", "frame": 72, "mu": [-2.0131896317706377, 2.0635938549592683, 1.2299639331270358], "Sigma": [[0.020694575543563506, 0.016658145237609133, -0.029085757139933416], [0.016658145237609133, 0.01586253821348651, -0.028482187237399315], [-0.02908575713993342, -0.028482187237399315, 0.06344297293412135]], "chi2_level": 0.95, "chi2_df": 3, "chi2_threshold": 7.814727903251179, "N_raw": 57, "N_roi": 57, "N_inlier": 54, "refit": true}
{"timestamp": "16:58:59.959301", "frame": 73, "mu": [-1.967377351420298, 2.004721313904689, 1.1165508403058524], "Sigma": [[0.02448208128524562, 0.018530497708351034, -0.021910773474864954], [0.018530497708351034, 0.01726097477717342, -0.019722513818807883], [-0.021910773474864954, -0.01972251381880788, 0.024682369055442674]], "chi2_level": 0.95, "chi2_df": 3, "chi2_threshold": 7.814727903251179, "N_raw": 50, "N_roi": 50, "N_inlier": 47, "refit": true}
{"timestamp": "16:59:00.013926", "frame": 74, "mu": [-1.9205047116352965, 1.948916337691042, 0.9804935143260163], "Sigma": [[0.011808562068373928, 0.00670754977106033, -0.014178280336014], [0.00670754977106033, 0.005098095024808269, -0.012193782801696137], [-0.014178280336013996, -0.012193782801696137, 0.03969894830897275]], "chi2_level": 0.95, "chi2_df": 3, "chi2_threshold": 7.814727903251179, "N_raw": 45, "N_roi": 45, "N_inlier": 42, "refit": true}
{"timestamp": "16:59:00.067138", "frame": 75, "mu": [-2.170328423550536, 1.696746650922814, 1.3247086935654442], "Sigma": [[0.03584967017165391, 0.024141237776495426, -0.03318136097856849], [0.02414123777649543, 0.018670818670323677, -0.029976235752729], [-0.03318136097856848, -0.029976235752729, 0.06632247425221346]], "chi2_level": 0.95, "chi2_df": 3, "chi2_threshold": 7.814727903251179, "N_raw": 30, "N_roi": 30, "N_inlier": 30, "refit": true}
{"timestamp": "16:59:00.120848", "frame": 76, "mu": [-1.9656758600317465, 1.8705688756401335, -0.24107974852187233], "Sigma": [[0.02467346051019046, 0.025327349544787995, -0.015141321522311117], [0.025327349544787995, 0.033932828365157666, -0.02730971072887984], [-0.015141321522311115, -0.027309710728879836, 0.0299477836256875]], "chi2_level": 0.95, "chi2_df": 3, "chi2_threshold": 7.814727903251179, "N_raw": 25, "N_roi": 25, "N_inlier": 23, "refit": true}
{"timestamp": "16:59:00.254149", "frame": 77, "mu": [-2.179083375036255, 1.768106475265919, -0.25266684066371353], "Sigma": [[0.016688017011033153, 0.009189051475808868, 0.00022639523546642956], [0.009189051475808868, 0.024869421016723688, -0.028726764909529835], [0.0002263952354664302, -0.028726764909529832, 0.055037284700111086]], "chi2_level": 0.95, "chi2_df": 3, "chi2_threshold": 7.814727903251179, "N_raw": 67, "N_roi": 67, "N_inlier": 66, "refit": true}
{"timestamp": "16:59:00.259473", "frame": 78, "mu": [-1.9522167906197414, 1.8302753082035645, -0.1587805656975211], "Sigma": [[0.02466994508186387, 0.018139227324697575, -0.016987521510257862], [0.018139227324697575, 0.0230463312151806, -0.015875322148860206], [-0.016987521510257862, -0.015875322148860206, 0.014553835418684026]], "chi2_level": 0.95, "chi2_df": 3, "chi2_threshold": 7.814727903251179, "N_raw": 85, "N_roi": 85, "N_inlier": 82, "refit": true}
{"timestamp": "16:59:00.295868", "frame": 79, "mu": [-2.018998729019731, 1.5906349977950078, 1.4777814161998755], "Sigma": [[0.03339472584476652, 0.017110057691534862, -0.02495580829079746], [0.017110057691534862, 0.017878805697724036, -0.01680621041410204], [-0.02495580829079746, -0.01680621041410204, 0.02176760743563005]], "chi2_level": 0.95, "chi2_df": 3, "chi2_threshold": 7.814727903251179, "N_raw": 85, "N_roi": 85, "N_inlier": 77, "refit": true}
{"timestamp": "16:59:00.342482", "frame": 80, "mu": [-1.9113145236581746, 1.600372446551018, 1.2044106384414446], "Sigma": [[0.04296012359702442, 0.01294365992703402, -0.044517427139542556], [0.012943659927034022, 0.01268412518822693, -0.019155243389390855], [-0.044517427139542556, -0.019155243389390855, 0.059973884883924355]], "chi2_level": 0.95, "chi2_df": 3, "chi2_threshold": 7.814727903251179, "N_raw": 23, "N_roi": 23, "N_inlier": 21, "refit": true}
{"timestamp": "16:59:00.404887", "frame": 81, "mu": [-1.77105695828613, 1.5924729517356853, 1.2344769414306205], "Sigma": [[0.051469229455021026, 0.02012251764888126, -0.052333482439742465], [0.02012251764888126, 0.015296504589731594, -0.023050827292582503], [-0.05233348243974246, -0.023050827292582503, 0.05556296210469165]], "chi2_level": 0.95, "chi2_df": 3, "chi2_threshold": 7.814727903251179, "N_raw": 82, "N_roi": 82, "N_inlier": 81, "refit": true}
{"timestamp": "16:59:00.461766", "frame": 82, "mu": [-1.8258254341594957, 1.560625916542289, 1.3641287469349903], "Sigma": [[0.026611426318039727, 0.016209397093719935, -0.021334870148569385], [0.016209397093719935, 0.01646609850238558, -0.01809487670594927], [-0.02133487014856938, -0.01809487670594927, 0.022094146176341416]], "chi2_level": 0.95, "chi2_df": 3, "chi2_threshold": 7.814727903251179, "N_raw": 94, "N_roi": 94, "N_inlier": 88, "refit": true}
{"timestamp": "16:59:00.515842", "frame": 83, "mu": [-1.8169406011207936, 1.4745603564051724, 1.3359442331612001], "Sigma": [[0.01927600623678291, 0.010907580911131141, -0.018372020809189225], [0.010907580911131143, 0.016651240924293015, -0.010747655244547169], [-0.018372020809189225, -0.010747655244547169, 0.018282270896528716]], "chi2_level": 0.95, "chi2_df": 3, "chi2_threshold": 7.814727903251179, "N_raw": 81, "N_roi": 81, "N_inlier": 75, "refit": true}
{"timestamp": "16:59:00.566446", "frame": 84, "mu": [-1.927182372820026, 1.3310026209989712, 1.3713345361414604], "Sigma": [[0.011096910776638482, 0.008213789322303634, -0.006511605472358253], [0.008213789322303634, 0.013311202322960179, -0.009471679772839242], [-0.006511605472358253, -0.009471679772839242, 0.007832042395128394]], "chi2_level": 0.95, "chi2_df": 3, "chi2_threshold": 7.814727903251179, "N_raw": 56, "N_roi": 56, "N_inlier": 53, "refit": true}
{"timestamp": "16:59:00.621207", "frame": 85, "mu": [-1.880877661155735, 1.322320968190711, 1.387214852838345], "Sigma": [[0.012626732077951312, 0.007862567075357107, -0.007939389973849844], [0.007862567075357109, 0.011595866645776482, -0.00966005020493507], [-0.007939389973849844, -0.00966005020493507, 0.01515391377137088]], "chi2_level": 0.95, "chi2_df": 3, "chi2_threshold": 7.814727903251179, "N_raw": 63, "N_roi": 63, "N_inlier": 57, "refit": true}
{"timestamp": "16:59:00.682329", "frame": 86, "mu": [-1.7880388872843478, 1.3794102081897526, 1.2465819509626455], "Sigma": [[0.022861481166450585, 0.013230916813761638, -0.007691214219363524], [0.01323091681376164, 0.01210187734280821, -0.00920639419261779], [-0.007691214219363524, -0.00920639419261779, 0.03257817430618187]], "chi2_level": 0.95, "chi2_df": 3, "chi2_threshold": 7.814727903251179, "N_raw": 103, "N_roi": 103, "N_inlier": 96, "refit": true}
{"timestamp": "16:59:00.736721", "frame": 87, "mu": [-1.812584740671074, 1.3122464842342834, 1.2281152277407559], "Sigma": [[0.016869144579048628, 0.011407212478127756, -0.014536692478166552], [0.011407212478127756, 0.013921575592799723, -0.016579871129250218], [-0.014536692478166552, -0.016579871129250218, 0.036639680133179454]], "chi2_level": 0.95, "chi2_df": 3, "chi2_threshold": 7.814727903251179, "N_raw": 96, "N_roi": 96, "N_inlier": 92, "refit": true}
{"timestamp": "16:59:00.795777", "frame": 88, "mu": [-1.8456135334421366, 1.1897795707884524, 1.120196948521984], "Sigma": [[0.0210585697262097, 0.01932445757422333, 0.01431305826638507], [0.019324457574223325, 0.02358922707006583, 0.006966660720194327], [0.014313058266385074, 0.006966660720194327, 0.06189910882733267]], "chi2_level": 0.95, "chi2_df": 3, "chi2_threshold": 7.814727903251179, "N_raw": 123, "N_roi": 123, "N_inlier": 120, "refit": true}
{"timestamp": "16:59:00.852959", "frame": 89, "mu": [-1.8938917926508947, 1.0733173327591492, 1.1085645191419289], "Sigma": [[0.021488890591065228, 0.01967831124457227, 0.01084052807886831], [0.01967831124457227, 0.026232761231609045, 0.002002010022938418], [0.01084052807886831, 0.002002010022938418, 0.05528565231691637]], "chi2_level": 0.95, "chi2_df": 3, "chi2_threshold": 7.814727903251179, "N_raw": 131, "N_roi": 131, "N_inlier": 130, "refit": true}
{"timestamp": "16:59:00.903328", "frame": 90, "mu": [-1.859352807817975, 1.2064761694311381, -0.6634253429726201], "Sigma": [[0.022343003740321953, 0.023276606041189966, 0.015806928521713202], [0.023276606041189966, 0.04390778003672428, 0.014360038183874163], [0.015806928521713202, 0.014360038183874163, 0.02604514889977562]], "chi2_level": 0.95, "chi2_df": 3, "chi2_threshold": 7.814727903251179, "N_raw": 101, "N_roi": 101, "N_inlier": 99, "refit": true}
{"timestamp": "16:59:00.956793", "frame": 91, "mu": [-1.797201096160422, 0.9771433825278163, 1.0685290682268516], "Sigma": [[0.016710064949693747, 0.023219954878891398, 0.01001354703940251], [0.023219954878891398, 0.03582291472858726, 0.011278727460663874], [0.01001354703940251, 0.011278727460663876, 0.04050611068969578]], "chi2_level": 0.95, "chi2_df": 3, "chi2_threshold": 7.814727903251179, "N_raw": 95, "N_roi": 95, "N_inlier": 92, "refit": true}
{"timestamp": "16:59:01.014141", "frame": 92, "mu": [-1.8035941975553256, 0.9337043264449107, 1.0659615249623309], "Sigma": [[0.016910983972276885, 0.017833872440488785, 0.008162585699543019], [0.017833872440488785, 0.02393035200716956, 0.0007609222742626995], [0.008162585699543019, 0.0007609222742626993, 0.02611409749266686]], "chi2_level": 0.95, "chi2_df": 3, "chi2_threshold": 7.814727903251179, "N_raw": 108, "N_roi": 108, "N_inlier": 102, "refit": true}
{"timestamp": "16:59:01.071474", "frame": 93, "mu": [-1.6970285950972133, 1.223540486125548, -0.6532119488724367], "Sigma": [[0.02077140985645779, 0.023245087246487738, 0.00934461758566147], [0.023245087246487738, 0.035383251491774806, 0.0006612707688351585], [0.00934461758566147, 0.0006612707688351575, 0.023398349153158055]], "chi2_level": 0.95, "chi2_df": 3, "chi2_threshold": 7.814727903251179, "N_raw": 123, "N_roi": 123, "N_inlier": 117, "refit": true}
{"timestamp": "16:59:01.124760", "frame": 94, "mu": [-1.6631845938298222, 1.1727417696204907, -0.5908728924030667], "Sigma": [[0.02014872774177328, 0.01928497981621719, 0.009840142420574382], [0.019284979816217192, 0.02702303734474356, 0.002051270753134022], [0.009840142420574384, 0.0020512707531340226, 0.017835763780451]], "chi2_level": 0.95, "chi2_df": 3, "chi2_threshold": 7.814727903251179, "N_raw": 106, "N_roi": 106, "N_inlier": 97, "refit": true}
{"timestamp": "16:59:01.181431", "frame": 95, "mu": [-1.5773983018687456, 1.1083053216089256, 0.21007479600540863], "Sigma": [[0.023111548129944426, 0.009325128264277397, 0.09880620116943849], [0.009325128264277397, 0.009372813747906937, 0.02997089947421211], [0.09880620116943849, 0.02997089947421211, 0.682999000008074]], "chi2_level": 0.95, "chi2_df": 3, "chi2_threshold": 7.814727903251179, "N_raw": 124, "N_roi": 124, "N_inlier": 119, "refit": true}
{"timestamp": "16:59:01.231775", "frame": 96, "mu": [-1.5403293077066351, 1.017260523444477, 1.1894891847082287], "Sigma": [[0.018576466725373976, 0.01230200986649804, -0.007485851858078665], [0.01230200986649804, 0.01495331074683058, -0.009659713089308304], [-0.007485851858078665, -0.009659713089308304, 0.01077774470211563]], "chi2_level": 0.95, "chi2_df": 3, "chi2_threshold": 7.814727903251179, "N_raw": 93, "N_roi": 93, "N_inlier": 90, "refit": true}
{"timestamp": "16:59:01.286758", "frame": 97, "mu": [-1.5259504070221606, 1.0788996220500955, -0.5838493491626887], "Sigma": [[0.014631784150824204, 0.01991648933654923, 0.010669624601948072], [0.019916489336549225, 0.035413950290178055, 0.005437530657405925], [0.01066962460194807, 0.005437530657405924, 0.025105176681709807]], "chi2_level": 0.95, "chi2_df": 3, "chi2_threshold": 7.814727903251179, "N_raw": 95, "N_roi": 95, "N_inlier": 91, "refit": true}
{"timestamp": "16:59:01.341751", "frame": 98, "mu": [-1.5105704987391508, 0.9479627261337075, 1.277339647465651], "Sigma": [[0.01615797792186344, 0.012059021949691051, 0.0022109450454766656], [0.012059021949691051, 0.01241436782242144, -0.0037393515572232182], [0.0022109450454766656, -0.0037393515572232182, 0.016224363519497235]], "chi2_level": 0.95, "chi2_df": 3, "chi2_threshold": 7.814727903251179, "N_raw": 92, "N_roi": 92, "N_inlier": 90, "refit": true}
{"timestamp": "16:59:01.396984", "frame": 99, "mu": [-1.4455079712665735, 0.9419486454812104, 1.2192845257643221], "Sigma": [[0.014178708576079644, 0.011035005249872182, -0.002239576373095004], [0.011035005249872182, 0.016063737828152184, -0.0075725710726890876], [-0.0022395763730950037, -0.007572571072689086, 0.007506575929206468]], "chi2_level": 0.95, "chi2_df": 3, "chi2_threshold": 7.814727903251179, "N_raw": 94, "N_roi": 94, "N_inlier": 93, "refit": true}
{"timestamp": "16:59:01.539860", "frame": 100, "mu": [-1.4226096727560058, 1.1183526798368082, -0.3438528204778661], "Sigma": [[0.012588404705951208, 0.008051970952240098, -0.004480594679705529], [0.008051970952240098, 0.014417550897017812, -0.003703608170391294], [-0.004480594679705529, -0.0037036081703912937, 0.006549953891710407]], "chi2_level": 0.95, "chi2_df": 3, "chi2_threshold": 7.814727903251179, "N_raw": 75, "N_roi": 75, "N_inlier": 70, "refit": true}
{"timestamp": "16:59:01.574187", "frame": 101, "mu": [-1.3487184361987632, 1.0401424032727111, 1.5497019754712373], "Sigma": [[0.014830886974895317, 0.006131961684182589, -0.007375833843556614], [0.006131961684182589, 0.01119607139810209, -0.008132234314998802], [-0.007375833843556614, -0.0081322343149988, 0.007506509607522694]], "chi2_level": 0.95, "chi2_df": 3, "chi2_threshold": 7.814727903251179, "N_raw": 99, "N_roi": 99, "N_inlier": 95, "refit": true}
{"timestamp": "16:59:01.606543", "frame": 102, "mu": [-1.3472730067970313, 1.0092657149541873, 1.4420930087196961], "Sigma": [[0.009474078883523406, 0.006428098413646352, -0.008037255268329623], [0.006428098413646352, 0.011415843956799015, -0.01214570302272262], [-0.008037255268329623, -0.01214570302272262, 0.018469021910917927]], "chi2_level": 0.95, "chi2_df": 3, "chi2_threshold": 7.814727903251179, "N_raw": 63, "N_roi": 63, "N_inlier": 58, "refit": true}
{"timestamp": "16:59:01.637695", "frame": 103, "mu": [-1.3095561957292843, 1.0263539246960922, 1.561127468223167], "Sigma": [[0.016574816835511753, 0.007402984306779641, -0.008513431136332933], [0.007402984306779642, 0.009439317323088416, -0.008666575266599988], [-0.008513431136332933, -0.008666575266599988, 0.016328652961923727]], "chi2_level": 0.95, "chi2_df": 3, "chi2_threshold": 7.814727903251179, "N_raw": 95, "N_roi": 95, "N_inlier": 90, "refit": true}
{"timestamp": "16:59:01.673555", "frame": 104, "mu": [-1.2657127446707561, 1.1181101785767322, -0.13630770603726214], "Sigma": [[0.016142193173209647, 0.010539491974355674, -0.00661451853051884], [0.010539491974355674, 0.01685447034867816, -0.010501680856354967], [-0.006614518530518839, -0.010501680856354969, 0.010879889699083907]], "chi2_level": 0.95, "chi2_df": 3, "chi2_threshold": 7.814727903251179, "N_raw": 103, "N_roi": 103, "N_inlier": 98, "refit": true}
{"timestamp": "16:59:01.721600", "frame": 105, "mu": [-1.2962674789546753, 1.012192875157118, 1.6845595074985966], "Sigma": [[0.014037864505587692, 0.008327656467896434, -0.0058098706970002995], [0.008327656467896436, 0.008254850707364746, -0.005974695521560679], [-0.0058098706970002995, -0.0059746955215606795, 0.005324638316336734]], "chi2_level": 0.95, "chi2_df": 3, "chi2_threshold": 7.814727903251179, "N_raw": 57, "N_roi": 57, "N_inlier": 54, "refit": true}
