{"timestamp": "17:01:45.910758", "frame": 20, "mu": [1.7360060672336461, 0.907048978830665, 1.175652866403421], "Sigma": [[0.015605186965072466, 0.008095250237339577, -0.041190932167472355], [0.008095250237339577, 0.00641430064391226, -0.02687007783399619], [-0.041190932167472355, -0.02687007783399619, 0.13597685399674103]], "chi2_level": 0.95, "chi2_df": 3, "chi2_threshold": 7.814727903251179, "N_raw": 6, "N_roi": 6, "N_inlier": 6, "refit": true}
{"timestamp": "17:01:46.020715", "frame": 22, "mu": [1.7009811702456894, 1.0136547546523094, 1.4526131232645363], "Sigma": [[0.0030995477413677777, -0.00013670849243763145, -0.0003090845204429092], [-0.00013670849243763142, 0.0013566121705596936, -0.0004535722943641365], [-0.00030908452044290925, -0.00045357229436413654, 0.00019357671969075493]], "chi2_level": 0.95, "chi2_df": 3, "chi2_threshold": 7.814727903251179, "N_raw": 10, "N_roi": 10, "N_inlier": 10, "refit": true}
{"timestamp": "17:01:46.075466", "frame": 23, "mu": [1.662734610061471, 1.2391358367816407, -0.23705561058601027], "Sigma": [[0.0034288859561868814, 0.002841151969387709, -0.0016005380440232196], [0.002841151969387709, 0.0037110348110450126, -0.0015039600899412434], [-0.0016005380440232196, -0.0015039600899412434, 0.005554548566993367]], "chi2_level": 0.95, "chi2_df": 3, "chi2_threshold": 7.814727903251179, "N_raw": 5, "N_roi": 5, "N_inlier": 5, "refit": true}
{"timestamp": "17:01:46.128992", "frame": 24, "mu": [1.661501160239018, 1.2317403707112589, 1.462848717673857], "Sigma": [[0.006728881404185506, 0.0011487191450941627, -0.0030866156572557546], [0.0011487191450941625, 0.00039239450006005533, 0.00016100455144455014], [-0.0030866156572557546, 0.0001610045514445502, 0.008016148638261144]], "chi2_level": 0.95, "chi2_df": 3, "chi2_threshold": 7.814727903251179, "N_raw": 5, "N_roi": 5, "N_inlier": 5, "refit": true}
{"timestamp": "17:01:46.188078", "frame": 25, "mu": [1.6634158078755301, 1.2592217366140808, 1.5157985417437239], "Sigma": [[0.003405959997672951, -0.0006103499852225547, -0.0014157359524080535], [-0.0006103499852225546, 0.003069411378064671, -0.0017118911447986144], [-0.0014157359524080535, -0.0017118911447986146, 0.0030749319052660023]], "chi2_level": 0.95, "chi2_df": 3, "chi2_threshold": 7.814727903251179, "N_raw": 21, "N_roi": 21, "N_inlier": 19, "refit": true}
{"timestamp": "17:01:46.245399", "frame": 26, "mu": [1.702622723541766, 1.3790678129946936, 1.4899954555550687], "Sigma": [[0.0080716337770097, -0.0028766353356084176, -0.0030890083115942273], [-0.0028766353356084176, 0.00469802825903439, -0.0002501660393725707], [-0.0030890083115942273, -0.0002501660393725707, 0.004239884307946852]], "chi2_level": 0.95, "chi2_df": 3, "chi2_threshold": 7.814727903251179, "N_raw": 25, "N_roi": 25, "N_inlier": 24, "refit": true}
{"timestamp": "17:01:46.297981", "frame": 27, "mu": [1.5632449706534373, 1.5211334432206831, 1.4739839938048496], "Sigma": [[0.0037709344872434657, -0.0007479101968679487, 5.567912666865649e-06], [-0.0007479101968679484, 0.0027197498232018934, -0.0006112094546144651], [5.567912666865628e-06, -0.0006112094546144651, 0.00017992167136648792]], "chi2_level": 0.95, "chi2_df": 3, "chi2_threshold": 7.814727903251179, "N_raw": 11, "N_roi": 11, "N_inlier": 10, "refit": true}
{"timestamp": "17:01:46.356171", "frame": 28, "mu": [1.6163432308279695, 1.5504299957524228, 1.504581972367036], "Sigma": [[0.006874541918547287, -0.004020126508886321, -0.0018707116170589436], [-0.00402012650888632, 0.008632219095884304, 4.3950522682563204e-05], [-0.0018707116170589436, 4.395052268256315e-05, 0.0021896248857066238]], "chi2_level": 0.95, "chi2_df": 3, "chi2_threshold": 7.814727903251179, "N_raw": 40, "N_roi": 40, "N_inlier": 38, "refit": true}
{"timestamp": "17:01:46.462342", "frame": 30, "mu": [1.6700052987457603, 1.6749973733458612, 1.2476854446128869], "Sigma": [[0.0028784161095460623, 0.0014578473511527767, -0.006919702784740908], [0.001457847351152777, 0.0062484605913125085, -0.020503878237529888], [-0.006919702784740909, -0.020503878237529884, 0.10963006050615788]], "chi2_level": 0.95, "chi2_df": 3, "chi2_threshold": 7.814727903251179, "N_raw": 8, "N_roi": 8, "N_inlier": 8, "refit": true}
{"timestamp": "17:01:46.516341", "frame": 31, "mu": [1.6449523957993186, 1.7634310721131368, 1.3135118518026923], "Sigma": [[0.005481366711944723, 0.003225761209931085, -0.012856484824861628], [0.003225761209931085, 0.0034252430796137025, -0.019633565695558755], [-0.012856484824861628, -0.019633565695558755, 0.13622273745505956]], "chi2_level": 0.95, "chi2_df": 3, "chi2_threshold": 7.814727903251179, "N_raw": 6, "N_roi": 6, "N_inlier": 6, "refit": true}
{"timestamp": "17:01:46.627556", "frame": 33, "mu": [1.5562860783011057, 1.892665603093047, 1.3701507897923455], "Sigma": [[0.0014034157363706438, 0.0007475755727568976, -0.006347408741451049], [0.0007475755727568976, 0.0016786631148309552, 0.0007152524213871049], [-0.006347408741451049, 0.0007152524213871051, 0.043603269418929086]], "chi2_level": 0.95, "chi2_df": 3, "chi2_threshold": 7.814727903251179, "N_raw": 9, "N_roi": 5, "N_inlier": 5, "refit": true}
{"timestamp": "17:01:46.682655", "frame": 34, "mu": [1.494449738555971, 1.913336338949243, -0.7383326554484324], "Sigma": [[0.002301247970588938, -0.0012512265375046897, -0.005089996649312595], [-0.0012512265375046894, 0.008190407108808683, 0.02820943058718258], [-0.005089996649312596, 0.028209430587182584, 0.12113433617492557]], "chi2_level": 0.95, "chi2_df": 3, "chi2_threshold": 7.814727903251179, "N_raw": 12, "N_roi": 12, "N_inlier": 11, "refit": true}
{"timestamp": "17:01:46.736137", "frame": 35, "mu": [1.48144928876276, 1.9034495504275675, 1.033118123613943], "Sigma": [[0.0012802242562876284, 0.0011242788159070017, -0.0037306417121787125], [0.0011242788159070015, 0.002581956674144637, -3.8671423135497015e-05], [-0.0037306417121787125, -3.8671423135496906e-05, 0.02573146336725376]], "chi2_level": 0.95, "chi2_df": 3, "chi2_threshold": 7.814727903251179, "N_raw": 5, "N_roi": 5, "N_inlier": 5, "refit": true}
{"timestamp": "17:01:46.792987", "frame": 36, "mu": [1.4568867305773094, 2.3988238703010305, 0.02243814330815126], "Sigma": [[0.0039582318029639735, 0.017697598427563892, 0.0042925468833927465], [0.017697598427563892, 0.10417101435169016, 0.0393255748490568], [0.0042925468833927465, 0.0393255748490568, 0.025119879431448486]], "chi2_level": 0.95, "chi2_df": 3, "chi2_threshold": 7.814727903251179, "N_raw": 9, "N_roi": 9, "N_inlier": 7, "refit": true}
{"timestamp": "17:01:46.847811", "frame": 37, "mu": [1.48021750261504, 2.2491410158707446, 1.5696401575567331], "Sigma": [[0.01025201024565881, 0.0030038100470849904, -0.003351559891544186], [0.0030038100470849913, 0.0009868719956109692, -0.0010886205197036922], [-0.003351559891544187, -0.0010886205197036922, 0.0024554125048030064]], "chi2_level": 0.95, "chi2_df": 3, "chi2_threshold": 7.814727903251179, "N_raw": 6, "N_roi": 5, "N_inlier": 5, "refit": true}
{"timestamp": "17:01:46.901074", "frame": 38, "mu": [1.4845308347105457, 2.3260956197569436, 1.4405858440628125], "Sigma": [[0.004631076598539266, 0.002008398743651019, -0.014912650158787807], [0.002008398743651019, 0.001930187227333746, -0.0038132376120980516], [-0.014912650158787807, -0.0038132376120980516, 0.054696870893568415]], "chi2_level": 0.95, "chi2_df": 3, "chi2_threshold": 7.814727903251179, "N_raw": 6, "N_roi": 6, "N_inlier": 6, "refit": true}
{"timestamp": "17:01:46.956154", "frame": 39, "mu": [1.3930314582019534, 2.4212447210714028, 1.376042252934443], "Sigma": [[0.0009022909180341584, 0.0008851840826765495, -0.004893026487242721], [0.0008851840826765495, 0.0037006023954114656, -0.003520904245265739], [-0.004893026487242722, -0.0035209042452657396, 0.07654408915018976]], "chi2_level": 0.95, "chi2_df": 3, "chi2_threshold": 7.814727903251179, "N_raw": 6, "N_roi": 6, "N_inlier": 6, "refit": true}
{"timestamp": "17:01:47.012704", "frame": 40, "mu": [1.4538838932666611, 2.461558138735869, 1.1176157443527786], "Sigma": [[0.0028009074399549267, -0.0004947422518838647, -0.03461459968619284], [-0.0004947422518838648, 0.004588790309563879, 0.02606724933556817], [-0.034614599686192835, 0.02606724933556817, 0.5691009751740363]], "chi2_level": 0.95, "chi2_df": 3, "chi2_threshold": 7.814727903251179, "N_raw": 8, "N_roi": 8, "N_inlier": 7, "refit": true}
{"timestamp": "17:01:47.066951", "frame": 41, "mu": [1.511461284940089, 2.554332733414297, -0.0801131474032918], "Sigma": [[0.011992151551901548, 0.0061526735802705625, -0.054046028729684226], [0.006152673580270563, 0.008841246619182747, -0.027428482499375254], [-0.054046028729684226, -0.027428482499375254, 0.2509212442675514]], "chi2_level": 0.95, "chi2_df": 3, "chi2_threshold": 7.814727903251179, "N_raw": 10, "N_roi": 10, "N_inlier": 9, "refit": true}
{"timestamp": "17:01:47.122794", "frame": 42, "mu": [1.520115555329038, 2.5227252632173167, 1.1377708580882724], "Sigma": [[0.02034441469541852, -0.014281871422604966, -0.06419037301417707], [-0.014281871422604966, 0.01336712238478668, 0.05132975569870767], [-0.06419037301417707, 0.05132975569870768, 0.21987304207324473]], "chi2_level": 0.95, "chi2_df": 3, "chi2_threshold": 7.814727903251179, "N_raw": 7, "N_roi": 7, "N_inlier": 7, "refit": true}
{"timestamp": "17:01:47.177569", "frame": 43, "mu": [1.5475201114132864, 2.5672671437739543, 1.1691346013105475], "Sigma": [[0.0063119436264354525, -0.004456280047892386, -0.03045299526290777], [-0.004456280047892386, 0.0048148399424389745, 0.02406564403896049], [-0.03045299526290777, 0.02406564403896049, 0.16661524692538063]], "chi2_level": 0.95, "chi2_df": 3, "chi2_threshold": 7.814727903251179, "N_raw": 9, "N_roi": 6, "N_inlier": 6, "refit": true}
{"timestamp": "17:01:47.232136", "frame": 44, "mu": [1.5235665783911856, 2.5966887512069836, 1.0115128260176958], "Sigma": [[0.008418713010211163, -0.009609387233761993, -0.03996168641506538], [-0.009609387233761996, 0.014787758886429256, 0.05441478510837046], [-0.03996168641506538, 0.05441478510837046, 0.22231504870386648]], "chi2_level": 0.95, "chi2_df": 3, "chi2_threshold": 7.814727903251179, "N_raw": 10, "N_roi": 6, "N_inlier": 6, "refit": true}
{"timestamp": "17:01:47.287791", "frame": 45, "mu": [1.5457739728098545, 2.7916974443702407, 1.4665835987832523], "Sigma": [[0.005593742726740063, -0.008671133206295003, -0.025234604181120508], [-0.008671133206295005, 0.022721871616891494, 0.06597196868864395], [-0.02523460418112051, 0.06597196868864394, 0.22148716612393438]], "chi2_level": 0.95, "chi2_df": 3, "chi2_threshold": 7.814727903251179, "N_raw": 18, "N_roi": 14, "N_inlier": 13, "refit": true}
{"timestamp": "17:01:47.341176", "frame": 46, "mu": [1.5530670398764492, 2.9072396999911385, 1.4689397029792932], "Sigma": [[0.0007195370660695332, -4.992380492638407e-05, -0.007665519227377719], [-4.9923804926383985e-05, 0.002015134269277105, -0.004295164676798235], [-0.007665519227377719, -0.004295164676798235, 0.11686621804902005]], "chi2_level": 0.95, "chi2_df": 3, "chi2_threshold": 7.814727903251179, "N_raw": 5, "N_roi": 5, "N_inlier": 5, "refit": true}
{"timestamp": "17:01:47.398813", "frame": 47, "mu": [1.5412583091731373, 2.9827171885577313, 1.6000412226152176], "Sigma": [[0.0055951562809355634, -0.0020435939867572877, -0.0018851383791188689], [-0.0020435939867572877, 0.0024743121819306153, -0.0009077502635747091], [-0.0018851383791188689, -0.0009077502635747089, 0.003929637680326714]], "chi2_level": 0.95, "chi2_df": 3, "chi2_threshold": 7.814727903251179, "N_raw": 20, "N_roi": 20, "N_inlier": 18, "refit": true}
{"timestamp": "17:01:47.452077", "frame": 48, "mu": [1.5719514089769722, 2.99026218779555, 1.5122759247157935], "Sigma": [[0.0044292381517610935, 0.0006231576996461169, -0.0050823440079096165], [0.0006231576996461168, 0.0025459430878264286, -0.009566134630391408], [-0.005082344007909615, -0.009566134630391408, 0.1429771948738376]], "chi2_level": 0.95, "chi2_df": 3, "chi2_threshold": 7.814727903251179, "N_raw": 6, "N_roi": 6, "N_inlier": 6, "refit": true}
{"timestamp": "17:01:47.506931", "frame": 49, "mu": [1.5603847432877234, 3.051660967850404, 1.4627682617154198], "Sigma": [[0.00306832899827644, 0.0019375260153506988, -0.010954067628157184], [0.0019375260153506988, 0.0013770075984828917, -0.006479324523419308], [-0.010954067628157184, -0.006479324523419307, 0.04460766601851231]], "chi2_level": 0.95, "chi2_df": 3, "chi2_threshold": 7.814727903251179, "N_raw": 5, "N_roi": 5, "N_inlier": 5, "refit": true}
{"timestamp": "17:01:47.565120", "frame": 50, "mu": [1.6019772765765237, 3.147043576581372, 1.5229228270294528], "Sigma": [[0.005248202250875525, -0.0009656652047948849, -0.004560885223590902], [-0.0009656652047948849, 0.0019655982521279416, -0.001531183275580183], [-0.004560885223590902, -0.0015311832755801826, 0.010923883998590383]], "chi2_level": 0.95, "chi2_df": 3, "chi2_threshold": 7.814727903251179, "N_raw": 20, "N_roi": 19, "N_inlier": 17, "refit": true}
{"timestamp": "17:01:47.621989", "frame": 51, "mu": [1.593868190806968, 3.161163277652955, 1.3407415545812027], "Sigma": [[0.012318249403725596, -0.005788098365216412, -0.009460191244465206], [-0.005788098365216413, 0.004301718288409047, 0.00040223094657809206], [-0.009460191244465206, 0.0004022309465780919, 0.02177374234312929]], "chi2_level": 0.95, "chi2_df": 3, "chi2_threshold": 7.814727903251179, "N_raw": 38, "N_roi": 36, "N_inlier": 32, "refit": true}
{"timestamp": "17:01:47.675269", "frame": 52, "mu": [1.5460036276220708, 3.207769589290768, 1.2093399437468635], "Sigma": [[0.013440052306547143, -0.005553142461564037, -0.019279091688906794], [-0.005553142461564037, 0.00418767017099007, 0.004517043752624736], [-0.019279091688906798, 0.004517043752624737, 0.04735068480675439]], "chi2_level": 0.95, "chi2_df": 3, "chi2_threshold": 7.814727903251179, "N_raw": 19, "N_roi": 19, "N_inlier": 17, "refit": true}
{"timestamp": "17:01:47.730404", "frame": 53, "mu": [1.5261530010761826, 3.2018216225360354, 1.2003218520803491], "Sigma": [[0.011640748984560028, -0.005677455661645936, -0.004826818056694246], [-0.0056774556616459365, 0.005100604447264003, 0.002985898595793736], [-0.004826818056694247, 0.0029858985957937354, 0.003289797586417705]], "chi2_level": 0.95, "chi2_df": 3, "chi2_threshold": 7.814727903251179, "N_raw": 27, "N_roi": 25, "N_inlier": 22, "refit": true}
{"timestamp": "17:01:47.782173", "frame": 54, "mu": [1.56513843731534, 3.2817216659000787, 1.1725925206244323], "Sigma": [[0.03344117542611574, -0.0029816781227619965, -0.019252130794018954], [-0.0029816781227619956, 0.0071194559539644086, 0.023873064366067294], [-0.01925213079401895, 0.023873064366067294, 0.09351604433192806]], "chi2_level": 0.95, "chi2_df": 3, "chi2_threshold": 7.814727903251179, "N_raw": 6, "N_roi": 6, "N_inlier": 6, "refit": true}
{"timestamp": "17:01:47.844925", "frame": 55, "mu": [1.566625239893042, 3.428150665501369, 1.3504849930930587], "Sigma": [[0.02828060282465178, -0.005061319582593394, -0.02063081063345599], [-0.005061319582593394, 0.003267029745178161, -0.0003564263344952065], [-0.02063081063345599, -0.0003564263344952059, 0.026948666153235414]], "chi2_level": 0.95, "chi2_df": 3, "chi2_threshold": 7.814727903251179, "N_raw": 54, "N_roi": 50, "N_inlier": 48, "refit": true}
{"timestamp": "17:01:47.894442", "frame": 56, "mu": [1.3983084009643865, 3.514660583365914, 1.4396353243209208], "Sigma": [[0.007238130885476389, -0.0019989631252866785, -0.0032885239632915236], [-0.0019989631252866785, 0.0019375841834727403, -0.00035493721288155005], [-0.0032885239632915236, -0.00035493721288155, 0.005232526606682746]], "chi2_level": 0.95, "chi2_df": 3, "chi2_threshold": 7.814727903251179, "N_raw": 19, "N_roi": 19, "N_inlier": 18, "refit": true}
{"timestamp": "17:01:47.949403", "frame": 57, "mu": [1.531165116861092, 3.6027763141150317, 1.513813003091743], "Sigma": [[0.014670565293616137, -0.004544671957875573, -0.006060676567402834], [-0.004544671957875573, 0.0034253951472017576, 0.000641855440159638], [-0.006060676567402834, 0.0006418554401596379, 0.005574629824353094]], "chi2_level": 0.95, "chi2_df": 3, "chi2_threshold": 7.814727903251179, "N_raw": 24, "N_roi": 24, "N_inlier": 23, "refit": true}
{"timestamp": "17:01:48.005996", "frame": 58, "mu": [1.435976445070192, 3.5748052592850152, 0.7196346758632136], "Sigma": [[0.016984778376340878, -0.0039306356064087505, -0.0038752640748576407], [-0.0039306356064087505, 0.0039375256875761695, 0.0008260594811517277], [-0.003875264074857641, 0.0008260594811517277, 0.002490206536546227]], "chi2_level": 0.95, "chi2_df": 3, "chi2_threshold": 7.814727903251179, "N_raw": 34, "N_roi": 34, "N_inlier": 32, "refit": true}
{"timestamp": "17:01:48.056809", "frame": 59, "mu": [1.4793376804850977, 3.7092878058376333, 0.5826007666300661], "Sigma": [[0.011062270326676265, 0.00773963181666828, -0.01712637849354407], [0.00773963181666828, 0.005844541665835615, -0.012267540244329533], [-0.017126378493544068, -0.012267540244329533, 0.02810869279047205]], "chi2_level": 0.95, "chi2_df": 3, "chi2_threshold": 7.814727903251179, "N_raw": 6, "N_roi": 6, "N_inlier": 5, "refit": true}
{"timestamp": "17:01:48.115828", "frame": 60, "mu": [1.5373016725779562, 3.766375090692024, 1.802300534906708], "Sigma": [[0.01237656817604848, -0.004137297063759475, -0.004659543715646829], [-0.004137297063759475, 0.0028180187394236497, -0.0007829636411591672], [-0.004659543715646828, -0.0007829636411591672, 0.01742990120677233]], "chi2_level": 0.95, "chi2_df": 3, "chi2_threshold": 7.814727903251179, "N_raw": 25, "N_roi": 25, "N_inlier": 21, "refit": true}
{"timestamp": "17:01:48.170626", "frame": 61, "mu": [1.577913064753134, 3.817059754372489, 0.49580419264107917], "Sigma": [[0.016206288044108504, -0.002744382403250569, -0.016516324461595264], [-0.002744382403250569, 0.00807721246882123, -0.021890145118238613], [-0.016516324461595264, -0.021890145118238613, 0.10407024134305917]], "chi2_level": 0.95, "chi2_df": 3, "chi2_threshold": 7.814727903251179, "N_raw": 32, "N_roi": 32, "N_inlier": 31, "refit": true}
{"timestamp": "17:01:48.221533", "frame": 62, "mu": [1.6563915483085174, 3.793996964559697, 1.4152793672921644], "Sigma": [[0.005781292972301234, -0.00140917535853735, -0.04565790025501212], [-0.0014091753585373501, 0.0013284079510150885, 0.013054190653597857], [-0.04565790025501211, 0.013054190653597857, 0.472648142743707]], "chi2_level": 0.95, "chi2_df": 3, "chi2_threshold": 7.814727903251179, "N_raw": 5, "N_roi": 5, "N_inlier": 5, "refit": true}
{"timestamp": "17:01:48.280224", "frame": 63, "mu": [1.6112487062980854, 3.9127993920918644, 1.356592153940023], "Sigma": [[0.007599984645345374, -0.0026178814156401966, -0.0021210441307944524], [-0.0026178814156401966, 0.0010111380109390517, 0.0028475303360053538], [-0.0021210441307944515, 0.0028475303360053538, 0.18238375678473542]], "chi2_level": 0.95, "chi2_df": 3, "chi2_threshold": 7.814727903251179, "N_raw": 24, "N_roi": 24, "N_inlier": 23, "refit": true}
{"timestamp": "17:01:48.338045", "frame": 64, "mu": [1.5318641001511695, 4.027577040486648, 0.5634275728595761], "Sigma": [[0.017542916945419082, -0.001978330222731086, -0.020688457068485308], [-0.001978330222731086, 0.006817728630348673, -0.014006836831212881], [-0.020688457068485308, -0.014006836831212881, 0.07629372801639725]], "chi2_level": 0.95, "chi2_df": 3, "chi2_threshold": 7.814727903251179, "N_raw": 35, "N_roi": 34, "N_inlier": 33, "refit": true}
{"timestamp": "17:01:48.388543", "frame": 65, "mu": [1.5380801333421767, 4.162902122689005, 0.4040956663442046], "Sigma": [[0.006770658066934948, 0.003469682209836516, -0.005754710867398455], [0.003469682209836516, 0.0031209843031371064, -0.0028728512058633676], [-0.005754710867398455, -0.002872851205863368, 0.007108291815476544]], "chi2_level": 0.95, "chi2_df": 3, "chi2_threshold": 7.814727903251179, "N_raw": 8, "N_roi": 8, "N_inlier": 8, "refit": true}
{"timestamp": "17:01:48.442863", "frame": 66, "mu": [1.5531200023834302, 4.178312985133171, 1.4717412630639048], "Sigma": [[0.0025870906667967873, 0.002599568552984055, -0.0059657847073032524], [0.0025995685529840553, 0.002742503092843545, -0.005928313525772109], [-0.0059657847073032524, -0.005928313525772109, 0.020192791116549348]], "chi2_level": 0.95, "chi2_df": 3, "chi2_threshold": 7.814727903251179, "N_raw": 7, "N_roi": 5, "N_inlier": 5, "refit": true}
{"timestamp": "17:01:48.555341", "frame": 68, "mu": [1.7466404689485056, 4.259399926234915, 1.0629252796056294], "Sigma": [[0.03827567998788156, -0.003866395908471599, -0.07376661072188], [-0.0038663959084715986, 0.0035513152411964484, 0.0004962691436689662], [-0.07376661072188, 0.0004962691436689662, 0.17434071647089652]], "chi2_level": 0.95, "chi2_df": 3, "chi2_threshold": 7.814727903251179, "N_raw": 29, "N_roi": 28, "N_inlier": 28, "refit": true}
{"timestamp": "17:01:48.612342", "frame": 69, "mu": [1.5725083661661206, 4.297151944817503, 0.6655758594467908], "Sigma": [[0.015913679334933456, -0.0010841645625237896, -0.012829047823195595], [-0.0010841645625237896, 0.00497545654251422, -0.0036712390951726005], [-0.012829047823195593, -0.0036712390951726013, 0.019046203713609877]], "chi2_level": 0.95, "chi2_df": 3, "chi2_threshold": 7.814727903251179, "N_raw": 34, "N_roi": 34, "N_inlier": 30, "refit": true}
{"timestamp": "17:01:48.662895", "frame": 70, "mu": [1.6316036957979798, 4.42192971236024, 1.1676926942195667], "Sigma": [[0.014534643977979501, -0.009446476083856877, -0.021098124503613095], [-0.009446476083856877, 0.021568039040066097, -0.0025789188819336254], [-0.02109812450361309, -0.0025789188819336254, 0.06707015782786158]], "chi2_level": 0.95, "chi2_df": 3, "chi2_threshold": 7.814727903251179, "N_raw": 7, "N_roi": 7, "N_inlier": 7, "refit": true}
{"timestamp": "17:01:48.834810", "frame": 71, "mu": [1.571680388920705, 4.411594518797729, 1.3408586542529495], "Sigma": [[0.006477505321453419, 0.001983905044865579, -0.016524671869864557], [0.001983905044865579, 0.0010065523030744546, -0.004727681578539922], [-0.016524671869864557, -0.004727681578539922, 0.04244431608832777]], "chi2_level": 0.95, "chi2_df": 3, "chi2_threshold": 7.814727903251179, "N_raw": 5, "N_roi": 5, "N_inlier": 5, "refit": true}
{"timestamp": "17:01:48.860554", "frame": 72, "mu": [1.568023072620763, 4.473850463423947, 1.538322649648597], "Sigma": [[0.010598315407475935, -0.0029096048031779557, 0.0008843956083509647], [-0.0029096048031779552, 0.0022926742802086846, -0.00042403206757484445], [0.0008843956083509647, -0.00042403206757484445, 9.68361206025195e-05]], "chi2_level": 0.95, "chi2_df": 3, "chi2_threshold": 7.814727903251179, "N_raw": 20, "N_roi": 19, "N_inlier": 17, "refit": true}
{"timestamp": "17:01:48.878868", "frame": 73, "mu": [1.5540628533023844, 4.567864055337216, 1.447406943464238], "Sigma": [[0.020072899568672434, -0.005981005133840665, -0.010916535595309695], [-0.005981005133840665, 0.004302844893413348, 0.0020296256287146716], [-0.010916535595309695, 0.0020296256287146716, 0.012887662590590805]], "chi2_level": 0.95, "chi2_df": 3, "chi2_threshold": 7.814727903251179, "N_raw": 32, "N_roi": 32, "N_inlier": 30, "refit": true}
{"timestamp": "17:01:48.924256", "frame": 74, "mu": [1.567759783432453, 4.597138155639783, 0.4880827696272923], "Sigma": [[0.03488560903344587, 0.01280782187692599, -0.05171042216851303], [0.01280782187692599, 0.004904763481412051, -0.018111959262792212], [-0.051710422168513015, -0.01811195926279221, 0.0859440521500278]], "chi2_level": 0.95, "chi2_df": 3, "chi2_threshold": 7.814727903251179, "N_raw": 7, "N_roi": 6, "N_inlier": 6, "refit": true}
{"timestamp": "17:01:48.955861", "frame": 75, "mu": [1.4894202298330304, 4.667296259361221, 1.5160196062502425], "Sigma": [[0.014883430102871527, 0.003391392674012033, -0.02066243732387263], [0.0033913926740120333, 0.0011878380702768847, -0.004393986350825778], [-0.02066243732387263, -0.004393986350825778, 0.029463102308927812]], "chi2_level": 0.95, "chi2_df": 3, "chi2_threshold": 7.814727903251179, "N_raw": 5, "N_roi": 5, "N_inlier": 5, "refit": true}
{"timestamp": "17:01:48.991568", "frame": 76, "mu": [1.4865694365911102, 4.72479011968293, 1.4760996747025872], "Sigma": [[0.011866001989769368, 0.004248600267106669, -0.01557531854185783], [0.004248600267106669, 0.0016515668651138635, -0.0052769997538493945], [-0.01557531854185783, -0.0052769997538493945, 0.021982578912944497]], "chi2_level": 0.95, "chi2_df": 3, "chi2_threshold": 7.814727903251179, "N_raw": 5, "N_roi": 5, "N_inlier": 5, "refit": true}
{"timestamp": "17:01:49.101604", "frame": 78, "mu": [1.411763981664675, 4.826649874514673, 1.5211933809317426], "Sigma": [[0.003360004488379858, 0.001734474430232253, -0.01066484824705477], [0.0017344744302322528, 0.003163887407784002, -0.011589072791384792], [-0.010664848247054767, -0.011589072791384788, 0.05258466304258268]], "chi2_level": 0.95, "chi2_df": 3, "chi2_threshold": 7.814727903251179, "N_raw": 5, "N_roi": 5, "N_inlier": 5, "refit": true}
{"timestamp": "17:01:49.156755", "frame": 79, "mu": [1.3825170413907546, 4.875104135796019, 1.4646789210580413], "Sigma": [[0.004877437482742462, 0.0007890904298095568, -0.01822485711766166], [0.0007890904298095568, 0.0022858640695816277, -0.006569346883967981], [-0.018224857117661662, -0.006569346883967982, 0.07488993539859218]], "chi2_level": 0.95, "chi2_df": 3, "chi2_threshold": 7.814727903251179, "N_raw": 5, "N_roi": 5, "N_inlier": 5, "refit": true}
{"timestamp": "17:01:49.211956", "frame": 80, "mu": [1.4597967206543803, 4.895191051638775, 1.3139486584461242], "Sigma": [[0.009426362265534156, -0.0009674873018814013, -0.04437337798480576], [-0.0009674873018814013, 0.0006403983875165583, 0.0024879546924745062], [-0.044373377984805756, 0.002487954692474506, 0.22191529868536472]], "chi2_level": 0.95, "chi2_df": 3, "chi2_threshold": 7.814727903251179, "N_raw": 5, "N_roi": 5, "N_inlier": 5, "refit": true}
{"timestamp": "17:01:49.266927", "frame": 81, "mu": [1.2199431055645686, 4.202169131878545, 1.7404303663675094], "Sigma": [[0.2393245916595644, 0.827889682394457, -0.12563213818102664], [0.827889682394457, 2.9873913605803004, -0.2963863266319385], [-0.12563213818102664, -0.2963863266319385, 0.2294255081003714]], "chi2_level": 0.95, "chi2_df": 3, "chi2_threshold": 7.814727903251179, "N_raw": 6, "N_roi": 6, "N_inlier": 6, "refit": true}
