{"timestamp": "17:04:12.357347", "frame": 9, "mu": [-2.44194433431503, 3.623549731004596, 1.121358908761197], "Sigma": [[0.0017397900016921828, 0.0011482091568991576, -0.0003068035265754084], [0.0011482091568991576, 0.002102991012755576, -0.0005386711062529672], [-0.00030680352657540846, -0.0005386711062529672, 0.0001391855329577006]], "chi2_level": 0.95, "chi2_df": 3, "chi2_threshold": 7.814727903251179, "N_raw": 30, "N_roi": 8, "N_inlier": 8, "refit": true}
{"timestamp": "17:04:12.472188", "frame": 11, "mu": [-2.411036357541391, 3.449996276192601, 1.09981929523586], "Sigma": [[0.0041599785269143845, 0.001403201266001419, -0.001246320300390028], [0.001403201266001419, 0.00437514305531328, -0.007179703716263659], [-0.0012463203003900277, -0.007179703716263659, 0.013650245635108992]], "chi2_level": 0.95, "chi2_df": 3, "chi2_threshold": 7.814727903251179, "N_raw": 54, "N_roi": 19, "N_inlier": 19, "refit": true}
{"timestamp": "17:04:12.527486", "frame": 12, "mu": [-2.4055281566328626, 3.395106474334264, 1.0738810747602057], "Sigma": [[0.004514894064264211, 0.0008767251218981272, -0.001530308942629607], [0.000876725121898127, 0.005981239621703262, -0.008310343184331173], [-0.001530308942629607, -0.008310343184331173, 0.022303481377685234]], "chi2_level": 0.95, "chi2_df": 3, "chi2_threshold": 7.814727903251179, "N_raw": 55, "N_roi": 24, "N_inlier": 24, "refit": true}
{"timestamp": "17:04:12.579276", "frame": 13, "mu": [-2.474261960405345, 3.4507201716876246, -0.3009397224896172], "Sigma": [[0.0007295279924272698, 0.0018243629243557752, -0.0009244208380053814], [0.001824362924355775, 0.027069136510873754, -0.05777388772768926], [-0.0009244208380053816, -0.05777388772768926, 0.14424443811608298]], "chi2_level": 0.95, "chi2_df": 3, "chi2_threshold": 7.814727903251179, "N_raw": 13, "N_roi": 5, "N_inlier": 5, "refit": true}
{"timestamp": "17:04:12.642793", "frame": 14, "mu": [-2.322032655964863, 3.3505529628103434, 0.1527107579249614], "Sigma": [[0.011080806971083289, 0.0022230728598440675, 0.01886408566512798], [0.0022230728598440675, 0.008530195306975194, -0.00794635150770538], [0.01886408566512798, -0.00794635150770538, 0.12100314593527524]], "chi2_level": 0.95, "chi2_df": 3, "chi2_threshold": 7.814727903251179, "N_raw": 78, "N_roi": 43, "N_inlier": 43, "refit": true}
{"timestamp": "17:04:12.695439", "frame": 15, "mu": [-2.351082133798414, 3.171102561780722, 1.0122397194504074], "Sigma": [[0.007773912165304119, 0.0029500549999033937, -0.001516964266901569], [0.0029500549999033937, 0.004705813498245602, -0.005515310518582034], [-0.0015169642669015696, -0.005515310518582034, 0.009206880667963024]], "chi2_level": 0.95, "chi2_df": 3, "chi2_threshold": 7.814727903251179, "N_raw": 52, "N_roi": 29, "N_inlier": 28, "refit": true}
{"timestamp": "17:04:12.747190", "frame": 16, "mu": [-2.3524125555313513, 3.069066269357739, 1.1269194599662407], "Sigma": [[0.007584209540951225, 0.004791068146907334, -0.0019961868674202203], [0.004791068146907334, 0.006588408549903457, -0.003617185604596276], [-0.0019961868674202203, -0.0036171856045962756, 0.0026812748636105806]], "chi2_level": 0.95, "chi2_df": 3, "chi2_threshold": 7.814727903251179, "N_raw": 41, "N_roi": 24, "N_inlier": 22, "refit": true}
{"timestamp": "17:04:12.800858", "frame": 17, "mu": [-2.3104144831802844, 3.050045951680577, 1.1375687657663505], "Sigma": [[0.010807695383190494, 0.005165162185190411, -0.008500643824033042], [0.005165162185190411, 0.0036125330410348077, -0.00743817594821223], [-0.008500643824033044, -0.00743817594821223, 0.02531419999775748]], "chi2_level": 0.95, "chi2_df": 3, "chi2_threshold": 7.814727903251179, "N_raw": 35, "N_roi": 29, "N_inlier": 27, "refit": true}
{"timestamp": "17:04:12.855819", "frame": 18, "mu": [-2.3111669141570257, 2.9383351168492533, 1.2088407544370352], "Sigma": [[0.010959765150164906, 0.0050393332694228755, -0.006155120755396079], [0.005039333269422875, 0.004154726826808417, -0.00410289171872583], [-0.006155120755396079, -0.00410289171872583, 0.005473687129428378]], "chi2_level": 0.95, "chi2_df": 3, "chi2_threshold": 7.814727903251179, "N_raw": 27, "N_roi": 22, "N_inlier": 21, "refit": true}
{"timestamp": "17:04:12.912149", "frame": 19, "mu": [-2.213657366479653, 2.9585447598209016, 1.1008516202941723], "Sigma": [[0.015684375753749556, 0.007022001898281454, -0.008403323364492364], [0.007022001898281454, 0.00535899964959191, -0.009568482777960147], [-0.008403323364492364, -0.009568482777960147, 0.02453549189734138]], "chi2_level": 0.95, "chi2_df": 3, "chi2_threshold": 7.814727903251179, "N_raw": 44, "N_roi": 44, "N_inlier": 43, "refit": true}
{"timestamp": "17:04:12.966975", "frame": 20, "mu": [-2.073434153741833, 2.9274699558215, -0.8948614254082699], "Sigma": [[0.01049001213684382, 0.005847560312741565, -0.0033662396053229095], [0.005847560312741565, 0.00498037405081985, -0.005159530417591464], [-0.0033662396053229095, -0.005159530417591464, 0.009465623243641327]], "chi2_level": 0.95, "chi2_df": 3, "chi2_threshold": 7.814727903251179, "N_raw": 35, "N_roi": 23, "N_inlier": 21, "refit": true}
{"timestamp": "17:04:13.025297", "frame": 21, "mu": [-2.05902092676062, 2.866458939730185, 1.281975006985594], "Sigma": [[0.02463837876579661, 0.010619394913428852, -0.016502890682758925], [0.010619394913428854, 0.0076295917113833505, -0.00926596640815847], [-0.01650289068275892, -0.00926596640815847, 0.014926299719132457]], "chi2_level": 0.95, "chi2_df": 3, "chi2_threshold": 7.814727903251179, "N_raw": 62, "N_roi": 46, "N_inlier": 45, "refit": true}
{"timestamp": "17:04:13.078614", "frame": 22, "mu": [-1.9326777823858008, 2.8943225164059325, 1.145726627761197], "Sigma": [[0.010296028863951706, 0.004650812609868812, -0.01195513021277024], [0.0046508126098688115, 0.0043490139884589255, -0.009038236978450407], [-0.01195513021277024, -0.009038236978450409, 0.021658912659309082]], "chi2_level": 0.95, "chi2_df": 3, "chi2_threshold": 7.814727903251179, "N_raw": 42, "N_roi": 28, "N_inlier": 24, "refit": true}
{"timestamp": "17:04:13.131742", "frame": 23, "mu": [-1.9387128340729542, 2.86064252953343, 1.2695265076165054], "Sigma": [[0.013475536331392925, 0.006194142094074211, -0.006280670729007221], [0.006194142094074211, 0.0060206993044833205, -0.005814405916138338], [-0.006280670729007221, -0.005814405916138337, 0.0068667619815721845]], "chi2_level": 0.95, "chi2_df": 3, "chi2_threshold": 7.814727903251179, "N_raw": 36, "N_roi": 36, "N_inlier": 35, "refit": true}
{"timestamp": "17:04:13.188547", "frame": 24, "mu": [-1.910422004698057, 2.9058783008710134, -0.1379270366208512], "Sigma": [[0.01772626696595192, 0.008838841304081642, -0.012320239639146212], [0.008838841304081642, 0.009449285424402957, -0.011596306516260022], [-0.012320239639146212, -0.011596306516260022, 0.015713346627039583]], "chi2_level": 0.95, "chi2_df": 3, "chi2_threshold": 7.814727903251179, "N_raw": 47, "N_roi": 47, "N_inlier": 45, "refit": true}
{"timestamp": "17:04:13.245355", "frame": 25, "mu": [-1.8509657863176112, 2.7484050584875597, 1.1149122432068908], "Sigma": [[0.016758863185652586, 0.00642123442341363, -0.005916621498475647], [0.00642123442341363, 0.005152669528942659, -0.006705484446858027], [-0.005916621498475647, -0.006705484446858028, 0.015500188417739228]], "chi2_level": 0.95, "chi2_df": 3, "chi2_threshold": 7.814727903251179, "N_raw": 51, "N_roi": 51, "N_inlier": 50, "refit": true}
{"timestamp": "17:04:13.300258", "frame": 26, "mu": [-1.790793499549259, 2.6556645078816143, 1.1436764712891427], "Sigma": [[0.016863509906664104, 0.005072429597546663, -0.010883289424762453], [0.005072429597546663, 0.00469106069757231, -0.007131998319255208], [-0.010883289424762453, -0.007131998319255207, 0.015013839562515724]], "chi2_level": 0.95, "chi2_df": 3, "chi2_threshold": 7.814727903251179, "N_raw": 57, "N_roi": 57, "N_inlier": 51, "refit": true}
{"timestamp": "17:04:13.354866", "frame": 27, "mu": [-1.6727512931558342, 2.619399890528953, 1.028417801466184], "Sigma": [[0.0116001802025978, 0.003707369187027864, -0.005296469425426959], [0.003707369187027865, 0.005238098643932056, -0.005226525005980294], [-0.00529646942542696, -0.005226525005980294, 0.011464437786132842]], "chi2_level": 0.95, "chi2_df": 3, "chi2_threshold": 7.814727903251179, "N_raw": 50, "N_roi": 49, "N_inlier": 46, "refit": true}
{"timestamp": "17:04:13.409900", "frame": 28, "mu": [-1.6264199221176507, 2.6045421611066004, 1.164982810978053], "Sigma": [[0.01618248715624051, 0.007647779238529644, -0.011086428555966794], [0.007647779238529644, 0.0075208021296734005, -0.010619752785493895], [-0.011086428555966796, -0.010619752785493895, 0.01734499736866264]], "chi2_level": 0.95, "chi2_df": 3, "chi2_threshold": 7.814727903251179, "N_raw": 57, "N_roi": 57, "N_inlier": 56, "refit": true}
{"timestamp": "17:04:13.466389", "frame": 29, "mu": [-1.535964173999182, 2.618355573548055, 1.135385240934766], "Sigma": [[0.014007729599339639, 0.008236628067833627, -0.0042338442543507025], [0.008236628067833627, 0.011563830910311679, -0.006629633611377132], [-0.0042338442543507025, -0.006629633611377132, 0.00480454487002954]], "chi2_level": 0.95, "chi2_df": 3, "chi2_threshold": 7.814727903251179, "N_raw": 57, "N_roi": 55, "N_inlier": 53, "refit": true}
{"timestamp": "17:04:13.518524", "frame": 30, "mu": [-1.6408884482276536, 2.5208410838225657, -0.09244602876833008], "Sigma": [[0.011027610274882254, 0.005694949536647929, -0.0024858892536894638], [0.005694949536647929, 0.008909365129035033, -0.006694899559469385], [-0.0024858892536894633, -0.006694899559469385, 0.006864283976159768]], "chi2_level": 0.95, "chi2_df": 3, "chi2_threshold": 7.814727903251179, "N_raw": 47, "N_roi": 47, "N_inlier": 46, "refit": true}
{"timestamp": "17:04:13.577692", "frame": 31, "mu": [-1.5182014744302958, 2.4422142048108384, 1.2934862400380458], "Sigma": [[0.017542771507400516, 0.010774889520467238, -0.010586246458711153], [0.010774889520467238, 0.011903977090102954, -0.016225566336966767], [-0.010586246458711153, -0.016225566336966767, 0.0307747994919812]], "chi2_level": 0.95, "chi2_df": 3, "chi2_threshold": 7.814727903251179, "N_raw": 70, "N_roi": 69, "N_inlier": 67, "refit": true}
{"timestamp": "17:04:13.627823", "frame": 32, "mu": [-1.6062832643206273, 2.372518837295222, -0.1755461399506166], "Sigma": [[0.009258386535360796, 0.008124112367556823, -0.01049253587292677], [0.008124112367556825, 0.015058837913250833, -0.012488715189833483], [-0.01049253587292677, -0.012488715189833483, 0.014160062586644942]], "chi2_level": 0.95, "chi2_df": 3, "chi2_threshold": 7.814727903251179, "N_raw": 35, "N_roi": 35, "N_inlier": 27, "refit": true}
{"timestamp": "17:04:13.684641", "frame": 33, "mu": [-1.463914612162393, 2.305030103846471, 1.3255943979081948], "Sigma": [[0.010818428579678635, 0.003647265849232882, -0.00870492005420874], [0.003647265849232882, 0.005547299697508948, -0.006539763858258874], [-0.00870492005420874, -0.006539763858258874, 0.012006115237025236]], "chi2_level": 0.95, "chi2_df": 3, "chi2_threshold": 7.814727903251179, "N_raw": 52, "N_roi": 52, "N_inlier": 49, "refit": true}
{"timestamp": "17:04:13.740088", "frame": 34, "mu": [-1.2895941594490967, 2.395174523916106, 1.020749379248199], "Sigma": [[0.011838922479238899, 0.0017581133423398235, -0.012909143702473948], [0.0017581133423398235, 0.0015284137247406056, -0.005376592139585962], [-0.012909143702473947, -0.005376592139585963, 0.028772957639629365]], "chi2_level": 0.95, "chi2_df": 3, "chi2_threshold": 7.814727903251179, "N_raw": 51, "N_roi": 48, "N_inlier": 44, "refit": true}
{"timestamp": "17:04:13.799040", "frame": 35, "mu": [-1.2802803820036903, 2.2906194283446837, 1.3138769139757822], "Sigma": [[0.012954082306543857, 0.00308266966857125, -0.006228423931822926], [0.0030826696685712497, 0.006543279803073507, -0.008626080809534406], [-0.006228423931822926, -0.008626080809534406, 0.013362611616361389]], "chi2_level": 0.95, "chi2_df": 3, "chi2_threshold": 7.814727903251179, "N_raw": 78, "N_roi": 74, "N_inlier": 72, "refit": true}
{"timestamp": "17:04:13.846915", "frame": 36, "mu": [-1.255002771623353, 2.299161114370005, 1.0818091032821548], "Sigma": [[0.009820184836302622, 0.0009369512179211246, -0.016756151162155467], [0.0009369512179211246, 0.00585833390742366, -0.0037548019374623745], [-0.016756151162155467, -0.0037548019374623745, 0.03373071726435358]], "chi2_level": 0.95, "chi2_df": 3, "chi2_threshold": 7.814727903251179, "N_raw": 32, "N_roi": 31, "N_inlier": 28, "refit": true}
{"timestamp": "17:04:13.988589", "frame": 37, "mu": [-1.1349815813112163, 2.1729161419027285, 0.8951944912727203], "Sigma": [[0.011777952548026157, 0.0055041806344994695, -0.01861679506747363], [0.0055041806344994695, 0.005897326231589188, -0.014468543668603126], [-0.01861679506747363, -0.014468543668603125, 0.04434211612069609]], "chi2_level": 0.95, "chi2_df": 3, "chi2_threshold": 7.814727903251179, "N_raw": 57, "N_roi": 57, "N_inlier": 55, "refit": true}
{"timestamp": "17:04:14.016424", "frame": 38, "mu": [-1.0459204715427177, 2.1390719975012518, 0.958607570570603], "Sigma": [[0.021676645653215386, 0.01236627273286776, -0.03233430538860434], [0.01236627273286776, 0.011137708214805421, -0.024432975448484384], [-0.03233430538860434, -0.024432975448484384, 0.058714425806074735]], "chi2_level": 0.95, "chi2_df": 3, "chi2_threshold": 7.814727903251179, "N_raw": 56, "N_roi": 56, "N_inlier": 52, "refit": true}
{"timestamp": "17:04:14.047101", "frame": 39, "mu": [-1.068192047778608, 2.091278114983698, 1.09029538020502], "Sigma": [[0.00938698086659138, 0.0002317430728541175, -0.011003744894537783], [0.00023174307285411756, 0.0014385132766088517, -0.005341520730540922], [-0.011003744894537783, -0.005341520730540922, 0.04100322277552257]], "chi2_level": 0.95, "chi2_df": 3, "chi2_threshold": 7.814727903251179, "N_raw": 69, "N_roi": 69, "N_inlier": 62, "refit": true}
{"timestamp": "17:04:14.078953", "frame": 40, "mu": [-0.9233968804412159, 2.138131655691525, 1.137646801722007], "Sigma": [[0.022764954368727382, 0.0007825235453872082, -0.009015243493683218], [0.0007825235453872084, 0.0015284413716600456, -0.002130964584103648], [-0.009015243493683218, -0.002130964584103648, 0.008566990362384926]], "chi2_level": 0.95, "chi2_df": 3, "chi2_threshold": 7.814727903251179, "N_raw": 58, "N_roi": 58, "N_inlier": 51, "refit": true}
{"timestamp": "17:04:14.131994", "frame": 41, "mu": [-0.9461503691337603, 2.0443698395747925, 1.1687990110657438], "Sigma": [[0.0273073351168306, -0.000688203893048438, -0.018591855091617728], [-0.0006882038930484381, 0.002775883852251273, -0.0037617531340835906], [-0.018591855091617728, -0.0037617531340835906, 0.02414290427216965]], "chi2_level": 0.95, "chi2_df": 3, "chi2_threshold": 7.814727903251179, "N_raw": 99, "N_roi": 97, "N_inlier": 93, "refit": true}
{"timestamp": "17:04:14.181388", "frame": 42, "mu": [-0.8799411773733229, 1.9904714337443412, 1.216283714622855], "Sigma": [[0.010239657745605148, 0.0026418771658132147, -0.011341294523967545], [0.0026418771658132147, 0.004294707720318306, -0.00953283694457692], [-0.011341294523967545, -0.00953283694457692, 0.026402708935182262]], "chi2_level": 0.95, "chi2_df": 3, "chi2_threshold": 7.814727903251179, "N_raw": 55, "N_roi": 55, "N_inlier": 51, "refit": true}
{"timestamp": "17:04:14.237900", "frame": 43, "mu": [-0.8668593313355244, 1.9727300510872463, 1.2393761204021483], "Sigma": [[0.03452812188717165, 0.014747157584951098, -0.027633264229919133], [0.014747157584951098, 0.009232199514610842, -0.015077583536045136], [-0.027633264229919137, -0.015077583536045134, 0.026961600830079188]], "chi2_level": 0.95, "chi2_df": 3, "chi2_threshold": 7.814727903251179, "N_raw": 68, "N_roi": 66, "N_inlier": 62, "refit": true}
{"timestamp": "17:04:14.288610", "frame": 44, "mu": [-0.6763073259842847, 1.9616701902063385, 1.3250610555806708], "Sigma": [[0.01501535864990359, 0.00756303901920489, -0.021324866481570136], [0.00756303901920489, 0.0051077944221501114, -0.014361955748233134], [-0.021324866481570136, -0.014361955748233134, 0.043083618642535286]], "chi2_level": 0.95, "chi2_df": 3, "chi2_threshold": 7.814727903251179, "N_raw": 42, "N_roi": 40, "N_inlier": 37, "refit": true}
{"timestamp": "17:04:14.347162", "frame": 45, "mu": [-0.6712867679906075, 2.016359943653029, -0.21835078610357048], "Sigma": [[0.015106899357875498, 0.011555497687811066, -0.0078762579121791], [0.011555497687811066, 0.01615340827060016, -0.010360163630553905], [-0.0078762579121791, -0.010360163630553905, 0.008446245421867865]], "chi2_level": 0.95, "chi2_df": 3, "chi2_threshold": 7.814727903251179, "N_raw": 68, "N_roi": 65, "N_inlier": 62, "refit": true}
{"timestamp": "17:04:14.402076", "frame": 46, "mu": [-0.5186987750841026, 1.9133448310883097, 1.1880141092200192], "Sigma": [[0.03623874357130799, 0.016201452013319597, -0.024944597458754297], [0.016201452013319597, 0.00955977532887685, -0.013372180211132647], [-0.024944597458754297, -0.013372180211132647, 0.020640244959497307]], "chi2_level": 0.95, "chi2_df": 3, "chi2_threshold": 7.814727903251179, "N_raw": 64, "N_roi": 64, "N_inlier": 61, "refit": true}
{"timestamp": "17:04:14.459927", "frame": 47, "mu": [-0.5418268891581273, 1.7841634965832964, 1.1571429344927373], "Sigma": [[0.019868050647616618, 0.012655143199508986, -0.007378291825980592], [0.01265514319950899, 0.012170690609143373, -0.007565907402830051], [-0.007378291825980592, -0.007565907402830051, 0.01238995780092319]], "chi2_level": 0.95, "chi2_df": 3, "chi2_threshold": 7.814727903251179, "N_raw": 86, "N_roi": 86, "N_inlier": 84, "refit": true}
{"timestamp": "17:04:14.514035", "frame": 48, "mu": [-0.5385221297718704, 1.7628712261574138, 1.2771299406706604], "Sigma": [[0.014017594870945045, 0.005311002794059936, -0.01552061197395509], [0.005311002794059936, 0.006054656401436848, -0.015000706651670082], [-0.015520611973955092, -0.015000706651670082, 0.04417391555323645]], "chi2_level": 0.95, "chi2_df": 3, "chi2_threshold": 7.814727903251179, "N_raw": 74, "N_roi": 74, "N_inlier": 73, "refit": true}
{"timestamp": "17:04:14.572436", "frame": 49, "mu": [-0.438780302573782, 1.7464555495539895, 1.1075326209922536], "Sigma": [[0.025320034146740417, 0.01614326584198226, -0.01664431125668385], [0.01614326584198226, 0.014243776156009637, -0.01587478769860199], [-0.01664431125668385, -0.01587478769860199, 0.02516358358482851]], "chi2_level": 0.95, "chi2_df": 3, "chi2_threshold": 7.814727903251179, "N_raw": 110, "N_roi": 110, "N_inlier": 107, "refit": true}
{"timestamp": "17:04:14.634787", "frame": 50, "mu": [-0.40403242753216584, 1.7443833569401932, 1.1974487331457557], "Sigma": [[0.011878352674981116, 0.007049596241121366, -0.008456717867925134], [0.007049596241121366, 0.008703288331288696, -0.013600876153089471], [-0.008456717867925134, -0.013600876153089473, 0.04069212348462274]], "chi2_level": 0.95, "chi2_df": 3, "chi2_threshold": 7.814727903251179, "N_raw": 140, "N_roi": 140, "N_inlier": 130, "refit": true}
{"timestamp": "17:04:14.682495", "frame": 51, "mu": [-0.4106303905785471, 1.5307898376878142, 1.140306801292531], "Sigma": [[0.00766777399796224, -0.0020417338097960718, -0.01796811153141438], [-0.0020417338097960718, 0.011754881976613707, 0.021100355168838104], [-0.01796811153141438, 0.021100355168838097, 0.10971848642664828]], "chi2_level": 0.95, "chi2_df": 3, "chi2_threshold": 7.814727903251179, "N_raw": 97, "N_roi": 97, "N_inlier": 91, "refit": true}
{"timestamp": "17:04:14.736476", "frame": 52, "mu": [-0.36129036042460544, 1.4545343782091007, 0.961371856850105], "Sigma": [[0.011407210918121535, 0.003067583713383751, -0.021488368694810727], [0.003067583713383751, 0.013204793915340284, -0.006613415805717329], [-0.021488368694810727, -0.006613415805717329, 0.04840492521529834]], "chi2_level": 0.95, "chi2_df": 3, "chi2_threshold": 7.814727903251179, "N_raw": 90, "N_roi": 88, "N_inlier": 84, "refit": true}
{"timestamp": "17:04:14.798763", "frame": 53, "mu": [-0.3335913418109352, 1.4233884772592376, 1.1043407202971123], "Sigma": [[0.013415234429967803, -0.007235285679005044, -0.022024429824872925], [-0.007235285679005044, 0.025046262335931938, 0.020181238517728958], [-0.022024429824872925, 0.020181238517728954, 0.05138009037752905]], "chi2_level": 0.95, "chi2_df": 3, "chi2_threshold": 7.814727903251179, "N_raw": 137, "N_roi": 134, "N_inlier": 129, "refit": true}
{"timestamp": "17:04:14.854206", "frame": 54, "mu": [-0.2519272609489902, 1.3087563023018844, 1.0878027385154287], "Sigma": [[0.019856017560348382, -0.015895799639772, -0.03257448287882181], [-0.015895799639772, 0.01833257418150968, 0.028375839842371853], [-0.03257448287882181, 0.028375839842371853, 0.06688665316439796]], "chi2_level": 0.95, "chi2_df": 3, "chi2_threshold": 7.814727903251179, "N_raw": 138, "N_roi": 138, "N_inlier": 126, "refit": true}
{"timestamp": "17:04:14.902829", "frame": 55, "mu": [-0.26184159345641467, 1.3894631901692482, 1.3148048511067676], "Sigma": [[0.007430432142649991, -0.0072702781348377415, -0.01606001652655576], [-0.007270278134837742, 0.02157647628173504, 0.023869056637328794], [-0.016060016526555757, 0.023869056637328794, 0.05634488291945286]], "chi2_level": 0.95, "chi2_df": 3, "chi2_threshold": 7.814727903251179, "N_raw": 97, "N_roi": 97, "N_inlier": 93, "refit": true}
{"timestamp": "17:04:14.965312", "frame": 56, "mu": [-0.17194072478602074, 1.3707866860620923, 1.359316964641872], "Sigma": [[0.019428778821826323, -0.007923230534672672, -0.01566849337595443], [-0.00792323053467267, 0.02112545826519588, 0.028058722963832404], [-0.01566849337595443, 0.0280587229638324, 0.06592534372286322]], "chi2_level": 0.95, "chi2_df": 3, "chi2_threshold": 7.814727903251179, "N_raw": 148, "N_roi": 145, "N_inlier": 138, "refit": true}
{"timestamp": "17:04:15.013542", "frame": 57, "mu": [-0.1665843038618577, 1.3240206875812675, 1.3644054470459297], "Sigma": [[0.007710473685085785, 0.00033549169022186555, 0.00398728938441087], [0.00033549169022186566, 0.005942805360894542, 0.014131826161859956], [0.003987289384410871, 0.014131826161859956, 0.0705610051224658]], "chi2_level": 0.95, "chi2_df": 3, "chi2_threshold": 7.814727903251179, "N_raw": 108, "N_roi": 107, "N_inlier": 102, "refit": true}
{"timestamp": "17:04:15.072359", "frame": 58, "mu": [-0.037855643068403215, 1.4200543777800076, 1.500159864977106], "Sigma": [[0.0070544299794105475, 0.0024093879466499796, -0.0014747527199407556], [0.0024093879466499804, 0.008278594808698107, -0.007750460950380728], [-0.0014747527199407556, -0.007750460950380728, 0.009749433191655232]], "chi2_level": 0.95, "chi2_df": 3, "chi2_threshold": 7.814727903251179, "N_raw": 131, "N_roi": 128, "N_inlier": 119, "refit": true}
{"timestamp": "17:04:15.127987", "frame": 59, "mu": [-0.04971086155529877, 1.2647727176760213, 1.3090525429828725], "Sigma": [[0.009836433193296952, 0.0015934461144262975, 0.002446880663104925], [0.0015934461144262975, 0.005527357345912118, 0.014303502409959026], [0.0024468806631049254, 0.014303502409959024, 0.09013815741644723]], "chi2_level": 0.95, "chi2_df": 3, "chi2_threshold": 7.814727903251179, "N_raw": 133, "N_roi": 133, "N_inlier": 126, "refit": true}
{"timestamp": "17:04:15.184294", "frame": 60, "mu": [0.05333913673632587, 1.3149756772107024, 1.4269372884669067], "Sigma": [[0.01858746799849579, -0.002245023926252085, -0.025648275069585683], [-0.0022450239262520847, 0.007998056009426992, 0.006801779217291278], [-0.025648275069585683, 0.006801779217291276, 0.08901194144363984]], "chi2_level": 0.95, "chi2_df": 3, "chi2_threshold": 7.814727903251179, "N_raw": 140, "N_roi": 140, "N_inlier": 130, "refit": true}
{"timestamp": "17:04:15.241167", "frame": 61, "mu": [0.08501534425330584, 1.233011568058623, 1.1733977201149501], "Sigma": [[0.03488358416618034, 0.012386827965511155, -0.003477582131278604], [0.012386827965511155, 0.009437468249897229, 0.01081066685565255], [-0.0034775821312786025, 0.010810666855652552, 0.10593690426282157]], "chi2_level": 0.95, "chi2_df": 3, "chi2_threshold": 7.814727903251179, "N_raw": 150, "N_roi": 148, "N_inlier": 139, "refit": true}
{"timestamp": "17:04:15.293058", "frame": 62, "mu": [0.03766591650371285, 1.2070022861750695, 1.0977918225527448], "Sigma": [[0.005882224605217022, 0.003271337602224407, 0.011049456108855153], [0.003271337602224407, 0.007906216609295948, 0.019101096956229316], [0.011049456108855153, 0.019101096956229316, 0.2196468625775808]], "chi2_level": 0.95, "chi2_df": 3, "chi2_threshold": 7.814727903251179, "N_raw": 133, "N_roi": 133, "N_inlier": 123, "refit": true}
{"timestamp": "17:04:15.338050", "frame": 63, "mu": [0.09677227521639106, 1.1679483448004533, 0.7958801647581718], "Sigma": [[0.007301552496140367, -0.002423441508400081, 0.03612379758903496], [-0.002423441508400081, 0.004350830825458426, -0.026144297268345506], [0.03612379758903496, -0.02614429726834551, 0.47069829518917317]], "chi2_level": 0.95, "chi2_df": 3, "chi2_threshold": 7.814727903251179, "N_raw": 55, "N_roi": 52, "N_inlier": 48, "refit": true}
{"timestamp": "17:04:15.396675", "frame": 64, "mu": [0.3326252853337964, 1.1509828424378337, 1.093087297221402], "Sigma": [[0.03502222773366172, -0.006342705898666576, 0.0006792469085670199], [-0.006342705898666576, 0.008799505789617124, -0.0419483230009396], [0.0006792469085670173, -0.0419483230009396, 0.4287810443950054]], "chi2_level": 0.95, "chi2_df": 3, "chi2_threshold": 7.814727903251179, "N_raw": 92, "N_roi": 92, "N_inlier": 88, "refit": true}
{"timestamp": "17:04:15.446987", "frame": 65, "mu": [0.465342468508249, 1.0325721048259222, 1.0133216903939304], "Sigma": [[0.07205248627897762, 0.0031293310118566744, 0.015284880655594453], [0.0031293310118566753, 0.0037335801246133936, 0.005936199931040956], [0.015284880655594453, 0.005936199931040956, 0.0334431808769642]], "chi2_level": 0.95, "chi2_df": 3, "chi2_threshold": 7.814727903251179, "N_raw": 62, "N_roi": 62, "N_inlier": 58, "refit": true}
{"timestamp": "17:04:15.506184", "frame": 66, "mu": [0.31836550344789066, 1.016770145234002, 1.55509043597715], "Sigma": [[0.003985905955144531, 0.0008887827199949934, -5.018605866398637e-05], [0.0008887827199949934, 0.005195371924845343, -0.002706761232081174], [-5.0186058663986345e-05, -0.0027067612320811735, 0.0017323934677610034]], "chi2_level": 0.95, "chi2_df": 3, "chi2_threshold": 7.814727903251179, "N_raw": 86, "N_roi": 86, "N_inlier": 76, "refit": true}
{"timestamp": "17:04:15.568168", "frame": 67, "mu": [0.38073425163476365, 0.9781794618352474, 1.3592120370709653], "Sigma": [[0.025153383179233095, 0.006198701758366329, -0.01864218751994788], [0.006198701758366329, 0.00477456175471888, -0.005554476671256603], [-0.01864218751994788, -0.005554476671256602, 0.0574270372633032]], "chi2_level": 0.95, "chi2_df": 3, "chi2_threshold": 7.814727903251179, "N_raw": 140, "N_roi": 140, "N_inlier": 133, "refit": true}
{"timestamp": "17:04:15.616640", "frame": 68, "mu": [0.3331497849399612, 0.9317702368889329, 1.4442224232838563], "Sigma": [[0.003597306979042888, 0.00020131403363885057, -0.0018262134614908014], [0.00020131403363885057, 0.0023085509253975628, -0.003908057096957471], [-0.0018262134614908014, -0.003908057096957471, 0.008518161182896233]], "chi2_level": 0.95, "chi2_df": 3, "chi2_threshold": 7.814727903251179, "N_raw": 89, "N_roi": 89, "N_inlier": 81, "refit": true}
{"timestamp": "17:04:15.664338", "frame": 69, "mu": [0.4199019522195921, 0.8575123821331118, 1.48827171182036], "Sigma": [[0.003837112888924649, -0.001545307698418493, 0.0032546239613511444], [-0.001545307698418493, 0.0022315196987669145, -0.002053712669662677], [0.003254623961351144, -0.0020537126696626765, 0.014764316824729293]], "chi2_level": 0.95, "chi2_df": 3, "chi2_threshold": 7.814727903251179, "N_raw": 42, "N_roi": 42, "N_inlier": 38, "refit": true}
{"timestamp": "17:04:15.720170", "frame": 70, "mu": [0.45757239127828214, 0.7880280841969693, 1.4861088475817326], "Sigma": [[0.003307818099565479, 0.001473114605945201, 0.0013436454898173378], [0.001473114605945201, 0.0016062598069171662, -0.00032187951248148126], [0.0013436454898173376, -0.00032187951248148115, 0.00790310172343915]], "chi2_level": 0.95, "chi2_df": 3, "chi2_threshold": 7.814727903251179, "N_raw": 60, "N_roi": 60, "N_inlier": 54, "refit": true}
{"timestamp": "17:04:15.776753", "frame": 71, "mu": [0.45794736430855937, 0.7768951982625792, 1.4788120014019794], "Sigma": [[0.002808557458914413, 0.001954519575058468, 0.00121464310235947], [0.001954519575058468, 0.002705453489755216, 0.0014897253963403905], [0.00121464310235947, 0.0014897253963403907, 0.01647918083315683]], "chi2_level": 0.95, "chi2_df": 3, "chi2_threshold": 7.814727903251179, "N_raw": 64, "N_roi": 64, "N_inlier": 61, "refit": true}
{"timestamp": "17:04:15.825204", "frame": 72, "mu": [0.5476649518026778, 0.6995305468919935, 1.1845451200021508], "Sigma": [[0.0037569436269284766, 0.0015796815211210982, -0.02819177198246948], [0.0015796815211210984, 0.0022485444301601947, -0.010758659412714372], [-0.02819177198246948, -0.010758659412714372, 0.24487412097698008]], "chi2_level": 0.95, "chi2_df": 3, "chi2_threshold": 7.814727903251179, "N_raw": 14, "N_roi": 14, "N_inlier": 12, "refit": true}
{"timestamp": "17:04:15.882821", "frame": 73, "mu": [0.5373694249579499, 0.6627314522076161, 1.4457848953577215], "Sigma": [[0.0018958715940164794, 0.0016467601774953905, 0.0006951169554404212], [0.0016467601774953903, 0.001779032296198984, 0.0014114057717889259], [0.0006951169554404212, 0.0014114057717889259, 0.011257694365447705]], "chi2_level": 0.95, "chi2_df": 3, "chi2_threshold": 7.814727903251179, "N_raw": 40, "N_roi": 40, "N_inlier": 36, "refit": true}
{"timestamp": "17:04:15.935669", "frame": 74, "mu": [0.6187538062293994, 0.655939433342312, 0.9411564326397702], "Sigma": [[0.006637164862220579, 0.0049440796928455575, -0.009172140660652462], [0.004944079692845557, 0.004739849321735026, -0.012130215677766381], [-0.009172140660652462, -0.01213021567776638, 0.14630143388188926]], "chi2_level": 0.95, "chi2_df": 3, "chi2_threshold": 7.814727903251179, "N_raw": 20, "N_roi": 20, "N_inlier": 17, "refit": true}
{"timestamp": "17:04:15.991910", "frame": 75, "mu": [0.6559061744760005, 0.6521801755972463, 1.5865206172375168], "Sigma": [[0.002118925123270945, 9.402642576742922e-05, -0.0017902262056230696], [9.402642576742924e-05, 0.0008383193115935822, -0.0007188748886579621], [-0.0017902262056230696, -0.0007188748886579621, 0.002153462554761531]], "chi2_level": 0.95, "chi2_df": 3, "chi2_threshold": 7.814727903251179, "N_raw": 29, "N_roi": 29, "N_inlier": 25, "refit": true}
{"timestamp": "17:04:16.046432", "frame": 76, "mu": [0.7166506434450617, 0.5524315932801563, 1.332823283911694], "Sigma": [[0.004411823270158931, -0.001434863175551974, -0.016752575571153172], [-0.0014348631755519738, 0.0012846317494076655, 0.011985678482840928], [-0.016752575571153172, 0.01198567848284093, 0.18258939725101134]], "chi2_level": 0.95, "chi2_df": 3, "chi2_threshold": 7.814727903251179, "N_raw": 27, "N_roi": 27, "N_inlier": 23, "refit": true}
{"timestamp": "17:04:16.098399", "frame": 77, "mu": [0.7686793273166932, 0.6087515573762449, 1.1967013174770442], "Sigma": [[0.0031308778710575484, 0.0001064543304339258, -0.02357171145340435], [0.00010645433043392577, 0.0009635414568058373, -0.00289169942704984], [-0.02357171145340435, -0.00289169942704984, 0.35075407681708487]], "chi2_level": 0.95, "chi2_df": 3, "chi2_threshold": 7.814727903251179, "N_raw": 11, "N_roi": 11, "N_inlier": 10, "refit": true}
{"timestamp": "17:04:16.153633", "frame": 78, "mu": [0.7701591835903063, 0.5148649671436788, 0.5386768100742384], "Sigma": [[0.003401678067562767, -0.002462615484702813, 0.033679395668939835], [-0.0024626154847028126, 0.007470255845821759, -0.03147481385184141], [0.033679395668939835, -0.03147481385184141, 0.4718478474801591]], "chi2_level": 0.95, "chi2_df": 3, "chi2_threshold": 7.814727903251179, "N_raw": 12, "N_roi": 12, "N_inlier": 11, "refit": true}
{"timestamp": "17:04:16.208376", "frame": 79, "mu": [0.9067820769346805, 0.6518734920172164, -0.7958565184010165], "Sigma": [[0.006855354257201723, 0.010159458096576994, -0.02527620409646866], [0.010159458096576994, 0.03031037421602171, -0.09996414728145989], [-0.02527620409646866, -0.09996414728145989, 0.35923170092380535]], "chi2_level": 0.95, "chi2_df": 3, "chi2_threshold": 7.814727903251179, "N_raw": 8, "N_roi": 8, "N_inlier": 7, "refit": true}
{"timestamp": "17:04:16.263739", "frame": 80, "mu": [0.9655178752364191, 0.438113458202651, 0.8032418094072455], "Sigma": [[0.01075712380319436, 0.0020570463968438845, -0.061051401119489715], [0.002057046396843884, 0.0011191908477677511, -0.018306601296908285], [-0.061051401119489715, -0.018306601296908285, 0.5049135778512404]], "chi2_level": 0.95, "chi2_df": 3, "chi2_threshold": 7.814727903251179, "N_raw": 8, "N_roi": 8, "N_inlier": 8, "refit": true}
{"timestamp": "17:04:16.318344", "frame": 81, "mu": [1.0328879285931685, 0.22960737835227396, 0.686010180871194], "Sigma": [[0.0069282047142293825, -0.007307553629335022, -0.03393318881302274], [-0.007307553629335022, 0.01823196099333762, 0.03333301030679675], [-0.03393318881302274, 0.03333301030679675, 0.26123022159777604]], "chi2_level": 0.95, "chi2_df": 3, "chi2_threshold": 7.814727903251179, "N_raw": 9, "N_roi": 9, "N_inlier": 8, "refit": true}
{"timestamp": "17:04:16.372469", "frame": 82, "mu": [1.0554923649591337, 0.3032195113024703, 0.5036408091775371], "Sigma": [[0.01660640705443225, -0.018006363169576378, -0.05835190639807333], [-0.01800636316957638, 0.029107693051789986, 0.07272418174046964], [-0.05835190639807333, 0.07272418174046964, 0.2188224077814502]], "chi2_level": 0.95, "chi2_df": 3, "chi2_threshold": 7.814727903251179, "N_raw": 6, "N_roi": 6, "N_inlier": 6, "refit": true}
{"timestamp": "17:04:16.427306", "frame": 83, "mu": [1.116974439239926, 0.26246925371727664, 0.7596590032070111], "Sigma": [[0.02603467683930252, -0.004103558907622132, -0.11247740430248103], [-0.004103558907622132, 0.0012602397159668318, 0.017509028443282355], [-0.11247740430248102, 0.01750902844328235, 0.4938940761809236]], "chi2_level": 0.95, "chi2_df": 3, "chi2_threshold": 7.814727903251179, "N_raw": 6, "N_roi": 6, "N_inlier": 6, "refit": true}
{"timestamp": "17:04:16.536499", "frame": 85, "mu": [0.21841788109695096, 0.21284225482514854, 1.0261423301797357], "Sigma": [[1.1998779786696343, 0.0313739263426095, -0.3596509208539546], [0.0313739263426095, 0.002502096195971102, -0.02689979697077175], [-0.3596509208539546, -0.02689979697077175, 0.3586032450861043]], "chi2_level": 0.95, "chi2_df": 3, "chi2_threshold": 7.814727903251179, "N_raw": 6, "N_roi": 6, "N_inlier": 6, "refit": true}
{"timestamp": "17:04:16.591923", "frame": 86, "mu": [0.9541421690403566, 0.27772665217325365, 1.122726947320578], "Sigma": [[0.1256581030180933, 0.02970934373204784, -0.1959280347597194], [0.02970934373204785, 0.013851762316081592, -0.07718873812562338], [-0.1959280347597194, -0.07718873812562338, 0.511964198456431]], "chi2_level": 0.95, "chi2_df": 3, "chi2_threshold": 7.814727903251179, "N_raw": 6, "N_roi": 6, "N_inlier": 6, "refit": true}
