{"timestamp": "17:21:09.518430", "frame": 12, "mu": [1.57171324833388, 0.9278336109151837, -0.4723845314390086], "Sigma": [[0.0054232519666463025, -0.0007899492709277606, -0.005363299506536894], [-0.0007899492709277608, 0.0033385965075720036, 0.005249709684281005], [-0.005363299506536894, 0.005249709684281005, 0.0421827813116836]], "chi2_level": 0.99, "chi2_df": 3, "chi2_threshold": 11.344866730144373, "N_raw": 36, "N_roi": 36, "N_inlier": 36, "refit": true}
{"timestamp": "17:21:09.626916", "frame": 14, "mu": [1.422146329012546, 1.0413846019451127, 1.123388321808189], "Sigma": [[0.002424390205501693, -0.002360296404886346, 0.005914872702931374], [-0.002360296404886346, 0.008580142665528272, -0.015194023476452078], [0.005914872702931374, -0.01519402347645208, 0.05721148309867514]], "chi2_level": 0.99, "chi2_df": 3, "chi2_threshold": 11.344866730144373, "N_raw": 15, "N_roi": 15, "N_inlier": 14, "refit": true}
{"timestamp": "17:21:09.686350", "frame": 15, "mu": [1.4846280164426175, 0.7950486608398178, 1.3599654693393417], "Sigma": [[0.003864081283618397, -0.0015264959396019064, -0.0009103195046154032], [-0.0015264959396019064, 0.010874944358186778, -0.0032510847819721325], [-0.0009103195046154032, -0.0032510847819721333, 0.004060554844605679]], "chi2_level": 0.99, "chi2_df": 3, "chi2_threshold": 11.344866730144373, "N_raw": 39, "N_roi": 39, "N_inlier": 37, "refit": true}
{"timestamp": "17:21:09.739148", "frame": 16, "mu": [1.3875432996532628, 0.8646148568587286, 1.4357006670551398], "Sigma": [[0.004979468539711066, -0.002199879374628236, 0.006789204974884394], [-0.002199879374628236, 0.006516647116523152, -0.009780575502972552], [0.006789204974884394, -0.009780575502972552, 0.0476949102438001]], "chi2_level": 0.99, "chi2_df": 3, "chi2_threshold": 11.344866730144373, "N_raw": 29, "N_roi": 29, "N_inlier": 29, "refit": true}
{"timestamp": "17:21:09.797171", "frame": 17, "mu": [1.3811564447838935, 0.7866119700855948, 1.2306590888742857], "Sigma": [[0.005674213445093315, -0.008704051500569675, 0.0011885460535997214], [-0.008704051500569675, 0.017820221598610717, -0.013667166416434395], [0.0011885460535997216, -0.013667166416434395, 0.037429224024710286]], "chi2_level": 0.99, "chi2_df": 3, "chi2_threshold": 11.344866730144373, "N_raw": 44, "N_roi": 44, "N_inlier": 43, "refit": true}
{"timestamp": "17:21:09.902366", "frame": 19, "mu": [1.2144288400917556, 0.9101161389980561, 1.417293696416323], "Sigma": [[0.0014136799489009996, -0.0015247879475524476, 0.0031208355705581708], [-0.001524787947552448, 0.011542181996071953, -0.021954404972046197], [0.0031208355705581708, -0.021954404972046197, 0.05505657458547671]], "chi2_level": 0.99, "chi2_df": 3, "chi2_threshold": 11.344866730144373, "N_raw": 16, "N_roi": 16, "N_inlier": 16, "refit": true}
{"timestamp": "17:21:09.960894", "frame": 20, "mu": [1.2140148571094007, 0.8781605120396795, 1.3441130451540777], "Sigma": [[0.0033999759430763544, -0.003756028514003424, 0.0044927921743026225], [-0.0037560285140034243, 0.012710985106879758, -0.020674707586116642], [0.0044927921743026225, -0.020674707586116642, 0.04077362778222589]], "chi2_level": 0.99, "chi2_df": 3, "chi2_threshold": 11.344866730144373, "N_raw": 31, "N_roi": 31, "N_inlier": 30, "refit": true}
{"timestamp": "17:21:10.015429", "frame": 21, "mu": [1.183194058901998, 0.8308510050872954, 1.3366653374257977], "Sigma": [[0.005096847329164634, -0.0054914217365658324, 0.00481646556057825], [-0.0054914217365658324, 0.017836911918331283, -0.02089554866264387], [0.00481646556057825, -0.020895548662643874, 0.031787195197301915]], "chi2_level": 0.99, "chi2_df": 3, "chi2_threshold": 11.344866730144373, "N_raw": 36, "N_roi": 36, "N_inlier": 36, "refit": true}
{"timestamp": "17:21:10.069923", "frame": 22, "mu": [1.153577722071439, 0.787501718664547, 1.3925698227149186], "Sigma": [[0.001984935892365946, -0.001945646476130077, -0.0006879896308522663], [-0.001945646476130077, 0.008239183946825176, -0.0033223440615890937], [-0.0006879896308522662, -0.0033223440615890937, 0.009918260127803571]], "chi2_level": 0.99, "chi2_df": 3, "chi2_threshold": 11.344866730144373, "N_raw": 28, "N_roi": 28, "N_inlier": 26, "refit": true}
{"timestamp": "17:21:10.122019", "frame": 23, "mu": [1.1266151601195342, 0.8763654080367, 1.0819174597610448], "Sigma": [[0.0032789838508311187, -0.0034573958203146776, -0.007464620001480295], [-0.0034573958203146776, 0.010558770020521193, 0.0006979145239327088], [-0.007464620001480293, 0.0006979145239327088, 0.35716134436688596]], "chi2_level": 0.99, "chi2_df": 3, "chi2_threshold": 11.344866730144373, "N_raw": 11, "N_roi": 11, "N_inlier": 11, "refit": true}
{"timestamp": "17:21:10.179359", "frame": 24, "mu": [1.0412931876052736, 0.9026085195575457, 1.3837061781868623], "Sigma": [[0.0025366102401180395, -0.00034254624606832137, -0.006213395489017648], [-0.00034254624606832137, 0.0030028440259743075, -0.0007920902943877694], [-0.0062133954890176485, -0.0007920902943877699, 0.2455996249046843]], "chi2_level": 0.99, "chi2_df": 3, "chi2_threshold": 11.344866730144373, "N_raw": 25, "N_roi": 25, "N_inlier": 25, "refit": true}
{"timestamp": "17:21:10.238992", "frame": 25, "mu": [0.9900970199992051, 0.8298726841062674, 1.5132551636425766], "Sigma": [[0.005451802707855682, -0.0033282820239866305, -0.006058087283812037], [-0.0033282820239866305, 0.007363960462120686, 0.0013941848310176658], [-0.006058087283812037, 0.0013941848310176658, 0.00928125420183159]], "chi2_level": 0.99, "chi2_df": 3, "chi2_threshold": 11.344866730144373, "N_raw": 59, "N_roi": 57, "N_inlier": 54, "refit": true}
{"timestamp": "17:21:10.291623", "frame": 26, "mu": [0.9340069646071667, 0.864767579890168, 1.5971143429968353], "Sigma": [[0.005758864054193657, -0.0017231993565309603, -0.0013287796191846523], [-0.0017231993565309603, 0.003921144016810302, 0.0002472617883886812], [-0.0013287796191846523, 0.00024726178838868125, 0.013013686163640218]], "chi2_level": 0.99, "chi2_df": 3, "chi2_threshold": 11.344866730144373, "N_raw": 41, "N_roi": 41, "N_inlier": 39, "refit": true}
{"timestamp": "17:21:10.342593", "frame": 27, "mu": [0.7934335746550976, 0.9067651469790128, 0.9722430572859333], "Sigma": [[0.010960279407895268, 0.0018715632197037542, 0.06260189406091576], [0.0018715632197037542, 0.007036447793259991, -0.0067976135485170435], [0.06260189406091576, -0.00679761354851704, 0.5034675794765563]], "chi2_level": 0.99, "chi2_df": 3, "chi2_threshold": 11.344866730144373, "N_raw": 10, "N_roi": 10, "N_inlier": 10, "refit": true}
{"timestamp": "17:21:10.403734", "frame": 28, "mu": [0.8133383716080095, 0.9200005201915034, 1.5206410290934467], "Sigma": [[0.00375197199808267, 0.0006980715227721673, -0.002592381653563062], [0.0006980715227721673, 0.010171674370165737, 0.00015942964052302453], [-0.002592381653563062, 0.0001594296405230246, 0.002209175715993933]], "chi2_level": 0.99, "chi2_df": 3, "chi2_threshold": 11.344866730144373, "N_raw": 62, "N_roi": 62, "N_inlier": 59, "refit": true}
{"timestamp": "17:21:10.456388", "frame": 29, "mu": [0.763539386043433, 0.8574727086691313, 1.2914112367411266], "Sigma": [[0.006038370080494483, 0.0015164156261554852, -0.018016388004109415], [0.0015164156261554852, 0.005570311423227882, -0.010412617856549879], [-0.01801638800410942, -0.010412617856549879, 0.23596986457930058]], "chi2_level": 0.99, "chi2_df": 3, "chi2_threshold": 11.344866730144373, "N_raw": 32, "N_roi": 32, "N_inlier": 31, "refit": true}
{"timestamp": "17:21:10.508503", "frame": 30, "mu": [0.7554054465867874, 0.9179987427626598, 1.255594799337787], "Sigma": [[0.005249325193332413, 0.0014020716502018066, -0.03133118424696679], [0.0014020716502018069, 0.008436693925324814, 0.01134036770578878], [-0.03133118424696679, 0.011340367705788779, 0.2601913045439555]], "chi2_level": 0.99, "chi2_df": 3, "chi2_threshold": 11.344866730144373, "N_raw": 20, "N_roi": 20, "N_inlier": 20, "refit": true}
{"timestamp": "17:21:10.562681", "frame": 31, "mu": [0.7331167806870664, 0.9012771891720445, 1.4901663081862446], "Sigma": [[0.0021927994979026528, -0.0003374200792520586, -0.0024322356321336345], [-0.0003374200792520586, 0.0035025755705597483, 0.00031890257536494355], [-0.0024322356321336345, 0.0003189025753649434, 0.004124920360132089]], "chi2_level": 0.99, "chi2_df": 3, "chi2_threshold": 11.344866730144373, "N_raw": 16, "N_roi": 16, "N_inlier": 15, "refit": true}
{"timestamp": "17:21:10.619788", "frame": 32, "mu": [0.7052877025852803, 0.9741261804563891, 1.3830235405030782], "Sigma": [[0.002840160457832458, -0.0006804558499214379, -0.0008016500089717082], [-0.000680455849921438, 0.0020743461899763627, -0.0007114656493363733], [-0.0008016500089717082, -0.0007114656493363733, 0.0009906828128375801]], "chi2_level": 0.99, "chi2_df": 3, "chi2_threshold": 11.344866730144373, "N_raw": 31, "N_roi": 31, "N_inlier": 27, "refit": true}
{"timestamp": "17:21:10.741378", "frame": 34, "mu": [0.5487491061325183, 0.9005125673144676, 1.3835684321761583], "Sigma": [[0.004029243639100325, -0.0029862454892388137, -0.008021055816219045], [-0.0029862454892388137, 0.015386218519955778, 0.029670673358629263], [-0.008021055816219045, 0.029670673358629263, 0.10136237302919317]], "chi2_level": 0.99, "chi2_df": 3, "chi2_threshold": 11.344866730144373, "N_raw": 112, "N_roi": 112, "N_inlier": 112, "refit": true}
{"timestamp": "17:21:10.793371", "frame": 35, "mu": [0.550298359583192, 0.9088358794752084, 1.522760888225821], "Sigma": [[0.004025756754571018, 0.000452779227585602, -0.002290475219139316], [0.0004527792275856019, 0.006399955455232611, -0.007198119225921201], [-0.002290475219139316, -0.007198119225921201, 0.01055822847648088]], "chi2_level": 0.99, "chi2_df": 3, "chi2_threshold": 11.344866730144373, "N_raw": 87, "N_roi": 87, "N_inlier": 83, "refit": true}
{"timestamp": "17:21:10.850018", "frame": 36, "mu": [0.5082917218276275, 0.9301362561873205, 1.4455429201105852], "Sigma": [[0.005372445856809081, -0.002954927056084618, 0.0011703376693735577], [-0.0029549270560846174, 0.013910864061567581, -0.008050389878097645], [0.0011703376693735575, -0.008050389878097645, 0.052410924907872844]], "chi2_level": 0.99, "chi2_df": 3, "chi2_threshold": 11.344866730144373, "N_raw": 99, "N_roi": 99, "N_inlier": 93, "refit": true}
{"timestamp": "17:21:10.902966", "frame": 37, "mu": [0.3858324823747785, 1.0064920156994166, 1.3103810387194517], "Sigma": [[0.014179267381507705, -0.005079063907013007, 0.029320505541093105], [-0.005079063907013008, 0.01196175549088816, -0.017059903673049624], [0.029320505541093105, -0.017059903673049628, 0.15129578823870976]], "chi2_level": 0.99, "chi2_df": 3, "chi2_threshold": 11.344866730144373, "N_raw": 83, "N_roi": 83, "N_inlier": 80, "refit": true}
{"timestamp": "17:21:10.950452", "frame": 38, "mu": [0.40656169706854955, 0.9900073717194626, 0.9394872389723082], "Sigma": [[0.004739960140046329, -0.0011704803209941562, -0.011443148901315708], [-0.0011704803209941568, 0.01495702812450597, 0.0352740120444924], [-0.011443148901315706, 0.0352740120444924, 0.31207642834201327]], "chi2_level": 0.99, "chi2_df": 3, "chi2_threshold": 11.344866730144373, "N_raw": 34, "N_roi": 34, "N_inlier": 33, "refit": true}
{"timestamp": "17:21:11.005429", "frame": 39, "mu": [0.3026596822474139, 1.0870733876021292, -0.5658732299196811], "Sigma": [[0.016231655496078048, -0.007042647163697758, 0.0013013146028654256], [-0.007042647163697759, 0.033649820076314375, -0.08181726674978554], [0.0013013146028654273, -0.08181726674978555, 0.2644032088989153]], "chi2_level": 0.99, "chi2_df": 3, "chi2_threshold": 11.344866730144373, "N_raw": 32, "N_roi": 32, "N_inlier": 32, "refit": true}
{"timestamp": "17:21:11.064464", "frame": 40, "mu": [0.29654082834676404, 1.1179455569327246, -0.6951345545053711], "Sigma": [[0.004210138690941852, 0.007091288070466242, -0.02426597366904998], [0.007091288070466242, 0.06527222752103062, -0.17942938717706264], [-0.02426597366904998, -0.17942938717706264, 0.529013693059725]], "chi2_level": 0.99, "chi2_df": 3, "chi2_threshold": 11.344866730144373, "N_raw": 56, "N_roi": 56, "N_inlier": 54, "refit": true}
{"timestamp": "17:21:11.124273", "frame": 41, "mu": [0.26805406312174945, 0.8718771856705552, 1.321425999223718], "Sigma": [[0.004136193512583695, -0.0004079277164893873, 0.008272137059210967], [-0.0004079277164893873, 0.002654701218123936, -0.0049871378265850825], [0.008272137059210967, -0.004987137826585082, 0.23377078786592095]], "chi2_level": 0.99, "chi2_df": 3, "chi2_threshold": 11.344866730144373, "N_raw": 94, "N_roi": 93, "N_inlier": 92, "refit": true}
{"timestamp": "17:21:11.185718", "frame": 42, "mu": [0.12118621389526504, 1.0403561327303583, -0.33718954667435963], "Sigma": [[0.02055675229628296, -0.02035950017322894, 0.032597242622612904], [-0.02035950017322894, 0.029290507446495744, -0.0430032611000914], [0.032597242622612904, -0.0430032611000914, 0.07145576896957237]], "chi2_level": 0.99, "chi2_df": 3, "chi2_threshold": 11.344866730144373, "N_raw": 130, "N_roi": 130, "N_inlier": 124, "refit": true}
{"timestamp": "17:21:11.234726", "frame": 43, "mu": [0.1797378230128183, 0.8391043535251045, 1.520478801155346], "Sigma": [[0.003148384294323913, -0.00022426078966236268, -0.0022713008115199497], [-0.0002242607896623626, 0.002923627504000698, -0.0036985238599473646], [-0.0022713008115199497, -0.0036985238599473646, 0.007659912352216413]], "chi2_level": 0.99, "chi2_df": 3, "chi2_threshold": 11.344866730144373, "N_raw": 93, "N_roi": 93, "N_inlier": 89, "refit": true}
{"timestamp": "17:21:11.282976", "frame": 44, "mu": [0.095691712569571, 0.8100763079625158, 1.4888657192790387], "Sigma": [[0.002826629390157787, -0.0016978986824959445, 0.0007306475482840298], [-0.0016978986824959445, 0.0017008454504826994, -0.0018130950586047576], [0.0007306475482840299, -0.0018130950586047576, 0.017715823178936087]], "chi2_level": 0.99, "chi2_df": 3, "chi2_threshold": 11.344866730144373, "N_raw": 51, "N_roi": 51, "N_inlier": 49, "refit": true}
{"timestamp": "17:21:11.347405", "frame": 45, "mu": [0.0909990542589059, 0.8083057195032223, 1.410561685696764], "Sigma": [[0.0037511231390047685, -0.0012837441290157112, -0.00024664636076127464], [-0.0012837441290157112, 0.007473761622413869, -0.0007396907629863493], [-0.0002466463607612744, -0.0007396907629863495, 0.01873693897843426]], "chi2_level": 0.99, "chi2_df": 3, "chi2_threshold": 11.344866730144373, "N_raw": 121, "N_roi": 121, "N_inlier": 118, "refit": true}
{"timestamp": "17:21:11.400390", "frame": 46, "mu": [0.03355720586489689, 0.8291384802338424, 1.5430084292939616], "Sigma": [[0.003665844562685006, -0.002833136392145624, -0.0018089539155923744], [-0.002833136392145624, 0.005488372991067698, 0.002007656359360663], [-0.0018089539155923744, 0.0020076563593606636, 0.012552904802389936]], "chi2_level": 0.99, "chi2_df": 3, "chi2_threshold": 11.344866730144373, "N_raw": 91, "N_roi": 91, "N_inlier": 85, "refit": true}
{"timestamp": "17:21:11.448755", "frame": 47, "mu": [-0.11524908193281796, 0.9118027466169175, 1.5801478240902982], "Sigma": [[0.0024236876620747534, -0.0003739603605291015, -0.00025185371715795413], [-0.0003739603605291015, 0.0026366073583485336, -0.0010338513922283016], [-0.00025185371715795413, -0.0010338513922283016, 0.0005647575940686247]], "chi2_level": 0.99, "chi2_df": 3, "chi2_threshold": 11.344866730144373, "N_raw": 50, "N_roi": 50, "N_inlier": 49, "refit": true}
{"timestamp": "17:21:11.512203", "frame": 48, "mu": [-0.08242867791014649, 0.9234863167855429, -0.35197145679047664], "Sigma": [[0.004929092402247874, -0.001289474517868289, 0.0016918183962160746], [-0.0012894745178682891, 0.008135402355650611, -0.006101560418668276], [0.0016918183962160748, -0.006101560418668276, 0.028262281105777234]], "chi2_level": 0.99, "chi2_df": 3, "chi2_threshold": 11.344866730144373, "N_raw": 111, "N_roi": 111, "N_inlier": 107, "refit": true}
{"timestamp": "17:21:11.568507", "frame": 49, "mu": [-0.10697226023741797, 0.8395241756773809, 1.405517907559612], "Sigma": [[0.00625623242442335, -0.003283395761782695, -0.0064202894766215365], [-0.003283395761782695, 0.01299233283758997, 0.009407444284625564], [-0.006420289476621538, 0.009407444284625564, 0.048249823108934345]], "chi2_level": 0.99, "chi2_df": 3, "chi2_threshold": 11.344866730144373, "N_raw": 122, "N_roi": 122, "N_inlier": 119, "refit": true}
{"timestamp": "17:21:11.619388", "frame": 50, "mu": [-0.1861825945168277, 0.8605732932961498, 1.5293217952802087], "Sigma": [[0.014006562698024623, 0.003865975331252072, 0.0011474457281844264], [0.003865975331252072, 0.008260862640835842, 0.0021608891670510657], [0.0011474457281844264, 0.0021608891670510653, 0.001443943726777421]], "chi2_level": 0.99, "chi2_df": 3, "chi2_threshold": 11.344866730144373, "N_raw": 86, "N_roi": 86, "N_inlier": 82, "refit": true}
{"timestamp": "17:21:11.673256", "frame": 51, "mu": [-0.14723985628770087, 0.8908959649690068, 1.419607564541754], "Sigma": [[0.002724588343430587, -0.0007700742017805845, -0.0005598638376044036], [-0.0007700742017805845, 0.00346165078607263, 0.004812577246105036], [-0.0005598638376044036, 0.004812577246105036, 0.0416080113540918]], "chi2_level": 0.99, "chi2_df": 3, "chi2_threshold": 11.344866730144373, "N_raw": 85, "N_roi": 85, "N_inlier": 82, "refit": true}
{"timestamp": "17:21:11.723378", "frame": 52, "mu": [-0.305225834122029, 0.8621926685300194, 1.4514226907527794], "Sigma": [[0.0029690012063063923, -0.0013620998308068242, -0.001906503401527501], [-0.0013620998308068242, 0.007323769639412004, 0.002180705773905097], [-0.001906503401527501, 0.002180705773905097, 0.0020267021032987355]], "chi2_level": 0.99, "chi2_df": 3, "chi2_threshold": 11.344866730144373, "N_raw": 54, "N_roi": 54, "N_inlier": 52, "refit": true}
{"timestamp": "17:21:11.783110", "frame": 53, "mu": [-0.3025333864286668, 0.9174968430202649, 1.6236084610309456], "Sigma": [[0.008315238703906042, -0.0028182030074880753, 0.0014590918780466506], [-0.0028182030074880753, 0.0037196497132326607, -0.001779711833621622], [0.0014590918780466506, -0.001779711833621622, 0.0013543305860523136]], "chi2_level": 0.99, "chi2_df": 3, "chi2_threshold": 11.344866730144373, "N_raw": 87, "N_roi": 87, "N_inlier": 85, "refit": true}
{"timestamp": "17:21:11.835948", "frame": 54, "mu": [-0.35017644196469067, 0.9169202258450199, 1.4882343228619257], "Sigma": [[0.0071565514362572635, -0.00407735289334068, -0.005541094208609177], [-0.00407735289334068, 0.005333974603472501, 0.0023908404095208152], [-0.005541094208609177, 0.002390840409520815, 0.005584510086698298]], "chi2_level": 0.99, "chi2_df": 3, "chi2_threshold": 11.344866730144373, "N_raw": 77, "N_roi": 77, "N_inlier": 76, "refit": true}
{"timestamp": "17:21:11.891082", "frame": 55, "mu": [-0.3935168524281336, 0.9147361492589845, 1.5822227147741343], "Sigma": [[0.010900104549315675, -0.00246999937650414, 0.0013404588262741842], [-0.00246999937650414, 0.002226512364800332, -0.0008183796654522789], [0.001340458826274184, -0.0008183796654522788, 0.007786306822531317]], "chi2_level": 0.99, "chi2_df": 3, "chi2_threshold": 11.344866730144373, "N_raw": 81, "N_roi": 81, "N_inlier": 80, "refit": true}
{"timestamp": "17:21:11.948502", "frame": 56, "mu": [-0.44139169609197615, 1.0163865048459033, -0.1919451200374781], "Sigma": [[0.007118503808211964, -0.0014954178408049142, -0.0016132872355671538], [-0.0014954178408049142, 0.00344210141033155, -0.0015015028632522469], [-0.0016132872355671538, -0.0015015028632522469, 0.0016893022033343255]], "chi2_level": 0.99, "chi2_df": 3, "chi2_threshold": 11.344866730144373, "N_raw": 86, "N_roi": 86, "N_inlier": 79, "refit": true}
{"timestamp": "17:21:11.999816", "frame": 57, "mu": [-0.4474042822748386, 0.8937524508249717, 1.542263466431034], "Sigma": [[0.0032418553405383667, -0.001838794329772402, 0.00028376020784317256], [-0.0018387943297724018, 0.00201948847927877, -0.0024079960838926957], [0.00028376020784317256, -0.0024079960838926952, 0.008574984060450512]], "chi2_level": 0.99, "chi2_df": 3, "chi2_threshold": 11.344866730144373, "N_raw": 65, "N_roi": 65, "N_inlier": 58, "refit": true}
{"timestamp": "17:21:12.052384", "frame": 58, "mu": [-0.5086567922012043, 0.8950007786575287, 1.622881880663537], "Sigma": [[0.0026954715268238108, -0.0004841417863251793, 0.00040204683758125813], [-0.00048414178632517923, 0.0019332648380711427, -0.0030074785527046963], [0.0004020468375812582, -0.0030074785527046963, 0.005207215683993881]], "chi2_level": 0.99, "chi2_df": 3, "chi2_threshold": 11.344866730144373, "N_raw": 55, "N_roi": 55, "N_inlier": 53, "refit": true}
{"timestamp": "17:21:12.109522", "frame": 59, "mu": [-0.5501787761935354, 0.8700943638417005, 1.58737878007876], "Sigma": [[0.0032512359993255454, -0.0007584364014313886, -6.959317631267744e-05], [-0.0007584364014313885, 0.00283365090963533, -0.002660808831436858], [-6.95931763126775e-05, -0.002660808831436858, 0.0064368701129214135]], "chi2_level": 0.99, "chi2_df": 3, "chi2_threshold": 11.344866730144373, "N_raw": 64, "N_roi": 64, "N_inlier": 60, "refit": true}
{"timestamp": "17:21:12.164434", "frame": 60, "mu": [-0.6085798338623496, 0.8974041405370009, -0.3500614394471681], "Sigma": [[0.0028834600703138737, -0.0018943410954555704, 0.001457073455864229], [-0.0018943410954555704, 0.003911922402074746, -0.0031770191411868804], [0.0014570734558642289, -0.0031770191411868804, 0.003045347264193549]], "chi2_level": 0.99, "chi2_df": 3, "chi2_threshold": 11.344866730144373, "N_raw": 56, "N_roi": 54, "N_inlier": 50, "refit": true}
{"timestamp": "17:21:12.217021", "frame": 61, "mu": [-0.5992378934940094, 0.9063169413685372, 1.2949158290623886], "Sigma": [[0.007470925204614156, -0.0006544580464559442, -0.024209923293405246], [-0.0006544580464559442, 0.001164351468358746, 0.001415952293663662], [-0.02420992329340525, 0.0014159522936636627, 0.10569262923700859]], "chi2_level": 0.99, "chi2_df": 3, "chi2_threshold": 11.344866730144373, "N_raw": 49, "N_roi": 49, "N_inlier": 46, "refit": true}
{"timestamp": "17:21:12.278276", "frame": 62, "mu": [-0.7149462648632595, 0.8327898303034383, 0.09573539236730529], "Sigma": [[0.014771998929988225, 0.0059892608602540665, 0.031671957281256616], [0.005989260860254066, 0.013618531125838515, -0.016059086287463484], [0.031671957281256616, -0.016059086287463484, 0.3296804205577745]], "chi2_level": 0.99, "chi2_df": 3, "chi2_threshold": 11.344866730144373, "N_raw": 93, "N_roi": 91, "N_inlier": 90, "refit": true}
{"timestamp": "17:21:12.335058", "frame": 63, "mu": [-0.8130316644820541, 0.7015438613078154, 0.28370668595387677], "Sigma": [[0.012122994160477333, 0.004635951835907107, 0.052021107849282364], [0.004635951835907107, 0.007173746174002579, 0.040030668565724584], [0.05202110784928237, 0.040030668565724584, 0.6298366665169882]], "chi2_level": 0.99, "chi2_df": 3, "chi2_threshold": 11.344866730144373, "N_raw": 98, "N_roi": 97, "N_inlier": 95, "refit": true}
{"timestamp": "17:21:12.395976", "frame": 64, "mu": [-0.8124524959397676, 0.7103922382707242, 0.48947403961857483], "Sigma": [[0.01337819739522525, 0.004251548602289577, 0.059715883338365236], [0.004251548602289577, 0.006593099905275367, 0.04140841176783072], [0.05971588333836523, 0.041408411767830715, 0.7040158987026014]], "chi2_level": 0.99, "chi2_df": 3, "chi2_threshold": 11.344866730144373, "N_raw": 134, "N_roi": 134, "N_inlier": 131, "refit": true}
{"timestamp": "17:21:12.452175", "frame": 65, "mu": [-0.8723839992136622, 0.713172927185718, 0.5638241573037974], "Sigma": [[0.015507965194077863, 0.006220748227084756, 0.06641217231338344], [0.006220748227084757, 0.008705221046100248, 0.04143970245914402], [0.06641217231338344, 0.04143970245914402, 0.7020660732242708]], "chi2_level": 0.99, "chi2_df": 3, "chi2_threshold": 11.344866730144373, "N_raw": 139, "N_roi": 139, "N_inlier": 136, "refit": true}
{"timestamp": "17:21:12.505885", "frame": 66, "mu": [-0.9074712360741194, 0.6658754146407821, 1.4066462722213333], "Sigma": [[0.011528595273217692, 0.007919099889232473, -0.013148241696540991], [0.007919099889232473, 0.020475268803772928, -0.04713793862018398], [-0.013148241696540993, -0.04713793862018398, 0.1314562540049687]], "chi2_level": 0.99, "chi2_df": 3, "chi2_threshold": 11.344866730144373, "N_raw": 135, "N_roi": 135, "N_inlier": 131, "refit": true}
{"timestamp": "17:21:12.554700", "frame": 67, "mu": [-0.970361253911129, 0.7585071639576915, -0.26821142263446124], "Sigma": [[0.011451591609199412, 0.007778670774884878, -0.00754602175460272], [0.007778670774884878, 0.012214120471376258, -0.01848316756934546], [-0.00754602175460272, -0.01848316756934546, 0.04300596033365585]], "chi2_level": 0.99, "chi2_df": 3, "chi2_threshold": 11.344866730144373, "N_raw": 87, "N_roi": 87, "N_inlier": 85, "refit": true}
{"timestamp": "17:21:12.609799", "frame": 68, "mu": [-1.0042967853041636, 0.5769283515718824, 1.4408027146536573], "Sigma": [[0.00975665562548589, 0.004516156059916287, -0.0053128851007563215], [0.0045161560599162875, 0.020187542649138218, -0.005987065826870823], [-0.005312885100756322, -0.005987065826870824, 0.010789040385363978]], "chi2_level": 0.99, "chi2_df": 3, "chi2_threshold": 11.344866730144373, "N_raw": 96, "N_roi": 96, "N_inlier": 91, "refit": true}
{"timestamp": "17:21:12.665285", "frame": 69, "mu": [-1.0478472511255106, 0.7159170414055547, -0.2893234504481524], "Sigma": [[0.012084543681198918, 0.004444702178964196, -0.00020514819302547754], [0.004444702178964196, 0.01624106501474764, 0.002827420406372374], [-0.00020514819302547765, 0.002827420406372373, 0.005751631531070343]], "chi2_level": 0.99, "chi2_df": 3, "chi2_threshold": 11.344866730144373, "N_raw": 100, "N_roi": 100, "N_inlier": 94, "refit": true}
{"timestamp": "17:21:12.716329", "frame": 70, "mu": [-1.0984650560356137, 0.6541306258055585, 1.6453870960890462], "Sigma": [[0.008309229508031894, 0.0028398601137484374, 0.001078144034028664], [0.0028398601137484374, 0.007417767323566947, -0.00298992641356287], [0.001078144034028664, -0.00298992641356287, 0.0020692030511517117]], "chi2_level": 0.99, "chi2_df": 3, "chi2_threshold": 11.344866730144373, "N_raw": 75, "N_roi": 75, "N_inlier": 69, "refit": true}
{"timestamp": "17:21:12.773059", "frame": 71, "mu": [-1.143411310931452, 0.6589051647877527, -0.38015145210902623], "Sigma": [[0.010760507609347115, 0.0036389608120566156, -6.83942682730443e-05], [0.0036389608120566156, 0.010429884723919236, -0.0025421412784126293], [-6.839426827304432e-05, -0.0025421412784126293, 0.0015060366644571836]], "chi2_level": 0.99, "chi2_df": 3, "chi2_threshold": 11.344866730144373, "N_raw": 84, "N_roi": 84, "N_inlier": 81, "refit": true}
{"timestamp": "17:21:12.828613", "frame": 72, "mu": [-1.1727864468139924, 0.5772219701657485, 1.4439363716675346], "Sigma": [[0.008176461606224752, 0.004560899437838553, -0.00035557147794861786], [0.004560899437838554, 0.014030072364407611, -0.006939596137549842], [-0.00035557147794861775, -0.006939596137549842, 0.004759585958283973]], "chi2_level": 0.99, "chi2_df": 3, "chi2_threshold": 11.344866730144373, "N_raw": 87, "N_roi": 87, "N_inlier": 85, "refit": true}
{"timestamp": "17:21:12.883504", "frame": 73, "mu": [-1.2082855737488267, 0.5708466152176054, 1.390077361045189], "Sigma": [[0.00860258350123991, 0.005576807016083063, 0.0024151156668412487], [0.005576807016083065, 0.009733676383664043, -0.003946576079726936], [0.0024151156668412487, -0.003946576079726936, 0.011020694910826129]], "chi2_level": 0.99, "chi2_df": 3, "chi2_threshold": 11.344866730144373, "N_raw": 86, "N_roi": 86, "N_inlier": 81, "refit": true}
{"timestamp": "17:21:12.939264", "frame": 74, "mu": [-1.2233536901195348, 0.7121643141448307, 1.4377800254995814], "Sigma": [[0.009460971683038366, 0.005261891939229027, -0.008733730576311325], [0.005261891939229027, 0.017415119796795997, -0.014839048555349711], [-0.008733730576311325, -0.014839048555349711, 0.02511044288715375]], "chi2_level": 0.99, "chi2_df": 3, "chi2_threshold": 11.344866730144373, "N_raw": 85, "N_roi": 85, "N_inlier": 81, "refit": true}
{"timestamp": "17:21:12.992801", "frame": 75, "mu": [-1.2762147144242622, 0.7336852547324102, -0.328633978702693], "Sigma": [[0.009034781824373733, 0.007400278197051817, 0.009760141681542833], [0.007400278197051817, 0.023536536262534845, 0.012572361341534222], [0.009760141681542833, 0.012572361341534222, 0.04346236926534756]], "chi2_level": 0.99, "chi2_df": 3, "chi2_threshold": 11.344866730144373, "N_raw": 80, "N_roi": 80, "N_inlier": 74, "refit": true}
{"timestamp": "17:21:13.046656", "frame": 76, "mu": [-1.3421125918406236, 0.673063115526193, 1.5169687833586107], "Sigma": [[0.00846632303211082, 0.003460411719962417, -8.455701545646179e-05], [0.003460411719962417, 0.012255391275981449, -0.006280745404462807], [-8.455701545646182e-05, -0.006280745404462807, 0.007307792182168736]], "chi2_level": 0.99, "chi2_df": 3, "chi2_threshold": 11.344866730144373, "N_raw": 81, "N_roi": 81, "N_inlier": 72, "refit": true}
{"timestamp": "17:21:13.101218", "frame": 77, "mu": [-1.3746737499897868, 0.7149511820022993, 1.5328135853050877], "Sigma": [[0.00794069253704799, 0.0027345180551780236, 0.0021981152087490775], [0.0027345180551780236, 0.012412771582670406, -0.005006070612721593], [0.0021981152087490775, -0.005006070612721593, 0.017029663650830154]], "chi2_level": 0.99, "chi2_df": 3, "chi2_threshold": 11.344866730144373, "N_raw": 75, "N_roi": 75, "N_inlier": 71, "refit": true}
{"timestamp": "17:21:13.156798", "frame": 78, "mu": [-1.4030344200573726, 0.7099599577360108, 1.4953341279230132], "Sigma": [[0.008731698429507438, 0.003580753678271105, 0.00011804630117321128], [0.003580753678271105, 0.009906961365419666, -0.008123166674052775], [0.00011804630117321128, -0.008123166674052775, 0.015270133595305284]], "chi2_level": 0.99, "chi2_df": 3, "chi2_threshold": 11.344866730144373, "N_raw": 80, "N_roi": 80, "N_inlier": 77, "refit": true}
{"timestamp": "17:21:13.211870", "frame": 79, "mu": [-1.4444181193826513, 0.8448577709073369, -0.23088382089544932], "Sigma": [[0.011311327189599091, 0.0005663906688809569, 0.008899383120635372], [0.0005663906688809568, 0.014234491345187032, -0.011847133609478033], [0.008899383120635374, -0.011847133609478035, 0.025599558788233362]], "chi2_level": 0.99, "chi2_df": 3, "chi2_threshold": 11.344866730144373, "N_raw": 74, "N_roi": 74, "N_inlier": 69, "refit": true}
{"timestamp": "17:21:13.265803", "frame": 80, "mu": [-1.4784433976642894, 0.7605924395857226, 1.5077429774948077], "Sigma": [[0.00819893018460239, 0.0042652007810850025, 0.009416200289388011], [0.0042652007810850025, 0.007896311300142131, -0.0004406034349433373], [0.00941620028938801, -0.00044060343494333755, 0.04492821603453387]], "chi2_level": 0.99, "chi2_df": 3, "chi2_threshold": 11.344866730144373, "N_raw": 76, "N_roi": 76, "N_inlier": 73, "refit": true}
{"timestamp": "17:21:13.324269", "frame": 81, "mu": [-1.5436942439666557, 0.7770347632894381, -0.09141975466643645], "Sigma": [[0.011526231025430914, 0.006762742384443063, 0.028331242754947528], [0.006762742384443063, 0.018132847034292, 0.04587123270021393], [0.02833124275494753, 0.04587123270021394, 0.5727915034314602]], "chi2_level": 0.99, "chi2_df": 3, "chi2_threshold": 11.344866730144373, "N_raw": 93, "N_roi": 93, "N_inlier": 92, "refit": true}
{"timestamp": "17:21:13.380975", "frame": 82, "mu": [-1.5524210588272835, 0.7918862065151583, 1.4127927270043001], "Sigma": [[0.0135115216352652, 0.00578372101663591, 0.008355896614368506], [0.005783721016635909, 0.012654556005756505, -0.0065966375702389245], [0.008355896614368506, -0.006596637570238923, 0.026657471143867198]], "chi2_level": 0.99, "chi2_df": 3, "chi2_threshold": 11.344866730144373, "N_raw": 107, "N_roi": 107, "N_inlier": 105, "refit": true}
{"timestamp": "17:21:13.431365", "frame": 83, "mu": [-1.581881751803012, 0.9482889160546869, -0.3178272765001416], "Sigma": [[0.008805706857238676, 0.0018807006255187162, 0.00719786930144837], [0.0018807006255187162, 0.01215817824184204, -0.011370394662030752], [0.00719786930144837, -0.011370394662030752, 0.030623846141009454]], "chi2_level": 0.99, "chi2_df": 3, "chi2_threshold": 11.344866730144373, "N_raw": 77, "N_roi": 77, "N_inlier": 77, "refit": true}
{"timestamp": "17:21:13.488518", "frame": 84, "mu": [-1.6499395820014817, 0.8864719989767146, -0.13083910595814338], "Sigma": [[0.010208131177953113, 0.005828837672010232, 0.014716452838410969], [0.005828837672010232, 0.0193634217913881, 0.016953762869255255], [0.01471645283841097, 0.016953762869255255, 0.33742105241525555]], "chi2_level": 0.99, "chi2_df": 3, "chi2_threshold": 11.344866730144373, "N_raw": 87, "N_roi": 87, "N_inlier": 87, "refit": true}
{"timestamp": "17:21:13.543634", "frame": 85, "mu": [-1.6565815488059403, 0.9829238988344954, -0.38461897145382984], "Sigma": [[0.009346115362659614, 0.004454662157391949, 0.0032289117854191643], [0.004454662157391949, 0.01752598427894477, -0.014705465564917388], [0.0032289117854191643, -0.014705465564917388, 0.023094547275974348]], "chi2_level": 0.99, "chi2_df": 3, "chi2_threshold": 11.344866730144373, "N_raw": 86, "N_roi": 86, "N_inlier": 83, "refit": true}
{"timestamp": "17:21:13.596080", "frame": 86, "mu": [-1.6704742065667832, 0.8545500653744789, -0.5567965968104235], "Sigma": [[0.00989316013303196, 0.005184812934295698, 6.693890703192898e-05], [0.0051848129342956985, 0.012763028690102415, -0.004011079599516829], [6.693890703192925e-05, -0.004011079599516829, 0.03053868964242211]], "chi2_level": 0.99, "chi2_df": 3, "chi2_threshold": 11.344866730144373, "N_raw": 77, "N_roi": 77, "N_inlier": 73, "refit": true}
{"timestamp": "17:21:13.653354", "frame": 87, "mu": [-1.701985658837583, 0.8845492137038771, 1.3827377782949026], "Sigma": [[0.010820047330776546, 0.00582928860184617, 0.0021583738099143096], [0.00582928860184617, 0.011575251837684224, -0.010836868853665312], [0.00215837380991431, -0.010836868853665312, 0.027125937858837934]], "chi2_level": 0.99, "chi2_df": 3, "chi2_threshold": 11.344866730144373, "N_raw": 88, "N_roi": 88, "N_inlier": 87, "refit": true}
{"timestamp": "17:21:13.706265", "frame": 88, "mu": [-1.7298391733528722, 0.926097696277378, 1.4278105778162207], "Sigma": [[0.009686960492924933, 0.004957429774935064, 0.0018460879168185926], [0.004957429774935063, 0.00880271405922556, -0.005427819624490623], [0.001846087916818593, -0.005427819624490623, 0.024654963275363352]], "chi2_level": 0.99, "chi2_df": 3, "chi2_threshold": 11.344866730144373, "N_raw": 69, "N_roi": 69, "N_inlier": 66, "refit": true}
{"timestamp": "17:21:13.764115", "frame": 89, "mu": [-1.8491572363373088, 0.9543045897813398, 1.2228981316041994], "Sigma": [[0.022541164714928345, -0.001368166081995944, 0.033113649282240455], [-0.0013681660819959442, 0.015638817785454603, -0.031829308391010946], [0.033113649282240455, -0.031829308391010946, 0.12314998884396573]], "chi2_level": 0.99, "chi2_df": 3, "chi2_threshold": 11.344866730144373, "N_raw": 97, "N_roi": 97, "N_inlier": 95, "refit": true}
{"timestamp": "17:21:13.820149", "frame": 90, "mu": [-1.8282064359682801, 0.9570780892513218, 1.2264341287148], "Sigma": [[0.0153976269591362, 0.0020272959704566926, 0.02135204286499005], [0.0020272959704566926, 0.015184164521106073, -0.02137382665207984], [0.02135204286499005, -0.02137382665207984, 0.10711245473268546]], "chi2_level": 0.99, "chi2_df": 3, "chi2_threshold": 11.344866730144373, "N_raw": 90, "N_roi": 90, "N_inlier": 90, "refit": true}
{"timestamp": "17:21:13.869607", "frame": 91, "mu": [-1.7958783715565145, 1.1024100711082145, -0.3489701305427709], "Sigma": [[0.011781903597421173, 0.004558664068141904, 0.0013417680650670226], [0.004558664068141905, 0.010531283545263682, -0.006102368915324695], [0.0013417680650670229, -0.006102368915324694, 0.00824296267510438]], "chi2_level": 0.99, "chi2_df": 3, "chi2_threshold": 11.344866730144373, "N_raw": 61, "N_roi": 61, "N_inlier": 61, "refit": true}
{"timestamp": "17:21:13.923613", "frame": 92, "mu": [-1.808939102919925, 1.0210036207520308, 1.3081727589608374], "Sigma": [[0.010556237734812944, 0.006305727958944818, 0.002623929390210081], [0.006305727958944818, 0.0068092605051450405, -0.003871448932892573], [0.002623929390210081, -0.003871448932892573, 0.02839719201849247]], "chi2_level": 0.99, "chi2_df": 3, "chi2_threshold": 11.344866730144373, "N_raw": 62, "N_roi": 62, "N_inlier": 60, "refit": true}
{"timestamp": "17:21:13.978467", "frame": 93, "mu": [-1.8006156932564288, 1.0634700005820705, 1.4126399775757832], "Sigma": [[0.008378425490362823, 0.0019710745881683974, -0.0031242506926464735], [0.0019710745881683974, 0.0069066132005251414, -0.007832332173622303], [-0.0031242506926464735, -0.007832332173622303, 0.011404726879545435]], "chi2_level": 0.99, "chi2_df": 3, "chi2_threshold": 11.344866730144373, "N_raw": 58, "N_roi": 58, "N_inlier": 56, "refit": true}
{"timestamp": "17:21:14.032559", "frame": 94, "mu": [-1.7853639976715312, 1.0660943040605588, 1.211369448058256], "Sigma": [[0.02275460141502981, 0.012711336350878188, -0.0023185646052725018], [0.012711336350878188, 0.009226151180639748, -0.0039975694233141], [-0.0023185646052725026, -0.0039975694233141, 0.02229205210640086]], "chi2_level": 0.99, "chi2_df": 3, "chi2_threshold": 11.344866730144373, "N_raw": 54, "N_roi": 54, "N_inlier": 53, "refit": true}
{"timestamp": "17:21:14.096445", "frame": 95, "mu": [-1.8073982705053615, 1.110560613713027, 1.2423083826815415], "Sigma": [[0.025647314347883275, 0.01596784049799742, 4.2473932587229566e-05], [0.01596784049799742, 0.015596744348727895, -0.008587374218267337], [4.247393258722946e-05, -0.008587374218267337, 0.02008621446981506]], "chi2_level": 0.99, "chi2_df": 3, "chi2_threshold": 11.344866730144373, "N_raw": 114, "N_roi": 114, "N_inlier": 114, "refit": true}
{"timestamp": "17:21:14.150115", "frame": 96, "mu": [-1.9050753942748693, 1.1318729458981922, 1.3097046589377332], "Sigma": [[0.02580380018919879, 0.01373543359759822, 0.030406062460273525], [0.01373543359759822, 0.012030402557130516, 0.00838815581033179], [0.030406062460273525, 0.008388155810331789, 0.09253694795337125]], "chi2_level": 0.99, "chi2_df": 3, "chi2_threshold": 11.344866730144373, "N_raw": 92, "N_roi": 92, "N_inlier": 91, "refit": true}
{"timestamp": "17:21:14.204078", "frame": 97, "mu": [-1.7987947245321978, 1.2466993664840897, 1.3802941842856393], "Sigma": [[0.020157883686975072, 0.014662949650090249, -0.003793583565310679], [0.014662949650090249, 0.015149122627711684, -0.011604701776280656], [-0.003793583565310679, -0.011604701776280656, 0.04009272059007478]], "chi2_level": 0.99, "chi2_df": 3, "chi2_threshold": 11.344866730144373, "N_raw": 98, "N_roi": 98, "N_inlier": 91, "refit": true}
{"timestamp": "17:21:14.256988", "frame": 98, "mu": [-1.9080331288284358, 1.319666557294853, -0.10874708359732888], "Sigma": [[0.022324134096054313, -0.0013352933899337394, 0.03943319747277292], [-0.0013352933899337394, 0.01811057342099783, 0.0006145808836239054], [0.03943319747277292, 0.0006145808836239041, 0.28982774875580664]], "chi2_level": 0.99, "chi2_df": 3, "chi2_threshold": 11.344866730144373, "N_raw": 83, "N_roi": 83, "N_inlier": 82, "refit": true}
{"timestamp": "17:21:14.316274", "frame": 99, "mu": [-1.985130107724688, 1.2792841183552424, 1.2558658475752682], "Sigma": [[0.03653980332751451, 0.014681151628914266, 0.05153137835716394], [0.014681151628914266, 0.011652403167798614, 0.004898166161984446], [0.05153137835716394, 0.004898166161984446, 0.1525213632951584]], "chi2_level": 0.99, "chi2_df": 3, "chi2_threshold": 11.344866730144373, "N_raw": 110, "N_roi": 110, "N_inlier": 110, "refit": true}
{"timestamp": "17:21:14.519421", "frame": 100, "mu": [-1.9742200629248423, 1.2986382715119018, 1.3979029844140867], "Sigma": [[0.028208348404368637, 0.007282501273929259, 0.0423656065837175], [0.007282501273929259, 0.014654444306310773, -0.018712213639272574], [0.0423656065837175, -0.018712213639272574, 0.15769687749352243]], "chi2_level": 0.99, "chi2_df": 3, "chi2_threshold": 11.344866730144373, "N_raw": 97, "N_roi": 97, "N_inlier": 96, "refit": true}
