{"timestamp": "17:08:59.400004", "frame": 1, "mu": [0.7787762306907908, 1.4449285488923052, 1.5254659072363137], "Sigma": [[0.006265729925542188, -0.0018637627591789612, -0.004478166515983971], [-0.0018637627591789612, 0.0060954276914672425, 0.0033280099356802553], [-0.004478166515983971, 0.0033280099356802553, 0.00426609502357824]], "chi2_level": 0.95, "chi2_df": 3, "chi2_threshold": 7.814727903251179, "N_raw": 52, "N_roi": 52, "N_inlier": 48, "refit": true}
{"timestamp": "17:08:59.459709", "frame": 2, "mu": [0.7158979572895654, 1.460563815542773, 1.5554002322039444], "Sigma": [[0.00686554347042767, -0.001568731050893485, -0.004842932120464381], [-0.001568731050893485, 0.006081599719847789, 0.003189501075123059], [-0.004842932120464381, 0.0031895010751230583, 0.006997469706676862]], "chi2_level": 0.95, "chi2_df": 3, "chi2_threshold": 7.814727903251179, "N_raw": 63, "N_roi": 63, "N_inlier": 58, "refit": true}
{"timestamp": "17:08:59.509853", "frame": 3, "mu": [0.6891691961225312, 1.394260992422501, 1.3800972714428656], "Sigma": [[0.0034531469870082124, -0.0016458977237426638, -0.00275397609079516], [-0.0016458977237426638, 0.0059030384518256535, 0.002870153320239333], [-0.00275397609079516, 0.002870153320239333, 0.0031514506072605093]], "chi2_level": 0.95, "chi2_df": 3, "chi2_threshold": 7.814727903251179, "N_raw": 33, "N_roi": 33, "N_inlier": 28, "refit": true}
{"timestamp": "17:08:59.570808", "frame": 4, "mu": [0.6440790107291978, 1.50545808260659, 1.5547245045014608], "Sigma": [[0.007902460518543151, 0.00045727560234744296, -0.004731127789345204], [0.00045727560234744307, 0.004731579441730368, -0.002400119721229895], [-0.0047311277893452046, -0.002400119721229895, 0.005182646575452086]], "chi2_level": 0.95, "chi2_df": 3, "chi2_threshold": 7.814727903251179, "N_raw": 76, "N_roi": 76, "N_inlier": 72, "refit": true}
{"timestamp": "17:08:59.620423", "frame": 5, "mu": [0.5453236405043256, 1.4366614788046945, 1.5929000674019251], "Sigma": [[0.003874300167623289, -0.0014107164916809301, -0.004365355603781785], [-0.0014107164916809301, 0.004856163161127453, 0.0028814875054126617], [-0.004365355603781785, 0.0028814875054126617, 0.0064529195351366135]], "chi2_level": 0.95, "chi2_df": 3, "chi2_threshold": 7.814727903251179, "N_raw": 42, "N_roi": 42, "N_inlier": 39, "refit": true}
{"timestamp": "17:08:59.678161", "frame": 6, "mu": [0.47272296152426696, 1.5233974691036547, -0.1921917199664978], "Sigma": [[0.004295094930830222, 0.001374220764462821, 0.006621226355111889], [0.0013742207644628205, 0.004805717526878876, 0.0007062398121384845], [0.006621226355111889, 0.0007062398121384841, 0.02313020655701566]], "chi2_level": 0.95, "chi2_df": 3, "chi2_threshold": 7.814727903251179, "N_raw": 56, "N_roi": 56, "N_inlier": 52, "refit": true}
{"timestamp": "17:08:59.736618", "frame": 7, "mu": [0.4307246221033252, 1.5204875373705617, 1.5593803499788679], "Sigma": [[0.004900504085519235, -0.0010218752739634591, -0.0035410031141330832], [-0.0010218752739634591, 0.007326864625490673, -0.002205264224993202], [-0.0035410031141330832, -0.002205264224993202, 0.004537503958764076]], "chi2_level": 0.95, "chi2_df": 3, "chi2_threshold": 7.814727903251179, "N_raw": 77, "N_roi": 77, "N_inlier": 73, "refit": true}
{"timestamp": "17:08:59.793031", "frame": 8, "mu": [0.2968444461832078, 1.4564088196478693, 0.8110993024363252], "Sigma": [[0.009519714420671009, 0.005598973576953355, 0.05134088428012419], [0.005598973576953353, 0.007004149535071756, 0.05023561461486742], [0.05134088428012419, 0.05023561461486742, 0.7103314568413469]], "chi2_level": 0.95, "chi2_df": 3, "chi2_threshold": 7.814727903251179, "N_raw": 86, "N_roi": 86, "N_inlier": 85, "refit": true}
{"timestamp": "17:08:59.847387", "frame": 9, "mu": [0.2958624046735075, 1.5142464688256279, -0.023363445089955796], "Sigma": [[0.00476084771974131, 0.001095006363472271, 0.03415898076805463], [0.0010950063634722713, 0.0077087652434746304, 0.002060071243062513], [0.03415898076805463, 0.0020600712430625125, 0.5022728648623976]], "chi2_level": 0.95, "chi2_df": 3, "chi2_threshold": 7.814727903251179, "N_raw": 83, "N_roi": 83, "N_inlier": 74, "refit": true}
{"timestamp": "17:08:59.910668", "frame": 10, "mu": [0.2466355126610012, 1.485985303863378, 1.4953483569613968], "Sigma": [[0.011932865789233934, -0.003136895395685713, -0.01278537599781064], [-0.003136895395685713, 0.00645233070854189, 0.005507611581957076], [-0.01278537599781064, 0.005507611581957075, 0.04445990773213632]], "chi2_level": 0.95, "chi2_df": 3, "chi2_threshold": 7.814727903251179, "N_raw": 137, "N_roi": 137, "N_inlier": 129, "refit": true}
{"timestamp": "17:08:59.957949", "frame": 11, "mu": [0.1833816727390584, 1.4850191840199558, -0.4323203947810206], "Sigma": [[0.004442339139061709, -9.933088476172733e-05, -0.0011148556556342041], [-9.933088476172722e-05, 0.008285926356873799, 0.01308653296510405], [-0.001114855655634204, 0.01308653296510405, 0.08038739548275892]], "chi2_level": 0.95, "chi2_df": 3, "chi2_threshold": 7.814727903251179, "N_raw": 84, "N_roi": 84, "N_inlier": 78, "refit": true}
{"timestamp": "17:09:00.011515", "frame": 12, "mu": [0.12310865247515841, 1.4771256841570966, -0.1603404382783351], "Sigma": [[0.004014984116049186, 0.00036253738150805097, 0.018781065233606564], [0.0003625373815080509, 0.006358987149570097, 0.001092500821920786], [0.018781065233606564, 0.0010925008219207864, 0.26730341252303824]], "chi2_level": 0.95, "chi2_df": 3, "chi2_threshold": 7.814727903251179, "N_raw": 80, "N_roi": 76, "N_inlier": 70, "refit": true}
{"timestamp": "17:09:00.070402", "frame": 13, "mu": [0.06074807727700725, 1.47593628899946, 1.639644494378264], "Sigma": [[0.005017797669071298, -0.00029898354467606126, -0.0031526467188240305], [-0.00029898354467606137, 0.01028728613510658, 0.008860555560012659], [-0.003152646718824031, 0.008860555560012659, 0.04481396297516349]], "chi2_level": 0.95, "chi2_df": 3, "chi2_threshold": 7.814727903251179, "N_raw": 105, "N_roi": 101, "N_inlier": 96, "refit": true}
{"timestamp": "17:09:00.115962", "frame": 14, "mu": [-0.012229302284827421, 1.3936829479234765, 1.6032518168372052], "Sigma": [[0.00290199187232912, -0.0004066109793708462, -0.00024494466702542175], [-0.0004066109793708461, 0.010006618159340541, 0.01126842669363453], [-0.00024494466702542153, 0.01126842669363453, 0.01445867083378893]], "chi2_level": 0.95, "chi2_df": 3, "chi2_threshold": 7.814727903251179, "N_raw": 45, "N_roi": 44, "N_inlier": 42, "refit": true}
{"timestamp": "17:09:00.176547", "frame": 15, "mu": [-0.12336740751990027, 1.4755785141755389, 0.2248896379034707], "Sigma": [[0.00522448793354579, -0.002324166353209114, 0.024535245773629158], [-0.002324166353209114, 0.010646396317312925, 0.00536597663186554], [0.024535245773629158, 0.00536597663186554, 0.35526565773097557]], "chi2_level": 0.95, "chi2_df": 3, "chi2_threshold": 7.814727903251179, "N_raw": 83, "N_roi": 81, "N_inlier": 78, "refit": true}
{"timestamp": "17:09:00.234587", "frame": 16, "mu": [-0.17510203257694879, 1.4422229926680197, 1.609759948104515], "Sigma": [[0.005352507310589596, 0.0016436900075346155, 0.0034447206138717764], [0.0016436900075346157, 0.014246639980135322, 0.01171982971519768], [0.0034447206138717764, 0.01171982971519768, 0.012882408124599832]], "chi2_level": 0.95, "chi2_df": 3, "chi2_threshold": 7.814727903251179, "N_raw": 90, "N_roi": 86, "N_inlier": 77, "refit": true}
{"timestamp": "17:09:00.293593", "frame": 17, "mu": [-0.2601014328329511, 1.4701596241556718, 1.188261633000052], "Sigma": [[0.009211556362914718, 0.0008002518973997666, 0.03501353923008297], [0.0008002518973997666, 0.011960552805516963, 0.00045719598543708195], [0.03501353923008297, 0.00045719598543708195, 0.4483522720947645]], "chi2_level": 0.95, "chi2_df": 3, "chi2_threshold": 7.814727903251179, "N_raw": 124, "N_roi": 120, "N_inlier": 119, "refit": true}
{"timestamp": "17:09:00.348421", "frame": 18, "mu": [-0.30203588656409536, 1.4718115277570685, 0.10037759503458725], "Sigma": [[0.011153477092793013, -0.0002859640291218341, 0.03540544041569789], [-0.0002859640291218344, 0.011409994607977402, 0.025955890534752474], [0.03540544041569789, 0.025955890534752474, 0.506415297270857]], "chi2_level": 0.95, "chi2_df": 3, "chi2_threshold": 7.814727903251179, "N_raw": 121, "N_roi": 120, "N_inlier": 114, "refit": true}
{"timestamp": "17:09:00.399854", "frame": 19, "mu": [-0.3741723784235389, 1.5378636857698844, 1.559993873677767], "Sigma": [[0.0047237576041245935, 8.95145871881098e-05, -0.004936844163103972], [8.951458718810986e-05, 0.005120944365197113, -0.0026716423596058205], [-0.004936844163103972, -0.002671642359605821, 0.042682279417105146]], "chi2_level": 0.95, "chi2_df": 3, "chi2_threshold": 7.814727903251179, "N_raw": 96, "N_roi": 92, "N_inlier": 84, "refit": true}
{"timestamp": "17:09:00.455589", "frame": 20, "mu": [-0.402995089790538, 1.7106871654832148, -0.3454133721512024], "Sigma": [[0.012282766465955258, 0.014421053373747852, -0.02882714057377985], [0.01442105337374785, 0.027548466933671474, -0.05011576488201459], [-0.028827140573779855, -0.05011576488201459, 0.11354506817097244]], "chi2_level": 0.95, "chi2_df": 3, "chi2_threshold": 7.814727903251179, "N_raw": 101, "N_roi": 101, "N_inlier": 96, "refit": true}
{"timestamp": "17:09:00.514158", "frame": 21, "mu": [-0.4658299328088633, 1.4977212177543584, 1.2347700438909244], "Sigma": [[0.011010514616834858, 0.0011114076839940606, -0.032379557124568636], [0.0011114076839940606, 0.00884503628478802, 0.007818017128869401], [-0.032379557124568636, 0.0078180171288694, 0.20304167673015977]], "chi2_level": 0.95, "chi2_df": 3, "chi2_threshold": 7.814727903251179, "N_raw": 129, "N_roi": 129, "N_inlier": 125, "refit": true}
{"timestamp": "17:09:00.571711", "frame": 22, "mu": [-0.6146543533607776, 1.519851134036776, 1.2072042020701992], "Sigma": [[0.01119132211254512, -0.004202253505990315, 0.029127554588330655], [-0.004202253505990315, 0.016520543933864637, -0.03434928893512784], [0.02912755458833066, -0.03434928893512784, 0.2542521572298787]], "chi2_level": 0.95, "chi2_df": 3, "chi2_threshold": 7.814727903251179, "N_raw": 136, "N_roi": 136, "N_inlier": 134, "refit": true}
{"timestamp": "17:09:00.617991", "frame": 23, "mu": [-0.620486062397288, 1.5601802123921489, 1.5783759838100744], "Sigma": [[0.004931150400270223, 0.0018582761623933308, -0.002862171908713183], [0.0018582761623933308, 0.009216563430761328, -0.0053289251585547205], [-0.002862171908713183, -0.0053289251585547205, 0.009594017392778757]], "chi2_level": 0.95, "chi2_df": 3, "chi2_threshold": 7.814727903251179, "N_raw": 77, "N_roi": 77, "N_inlier": 73, "refit": true}
{"timestamp": "17:09:00.680667", "frame": 24, "mu": [-0.7426531411979689, 1.6023849353506308, 1.1724487644083488], "Sigma": [[0.0146546021983905, -0.00013730482150637268, 0.02636565948011132], [-0.00013730482150637268, 0.00691196380331351, -0.020383267377008105], [0.02636565948011132, -0.020383267377008105, 0.23680217664199374]], "chi2_level": 0.95, "chi2_df": 3, "chi2_threshold": 7.814727903251179, "N_raw": 144, "N_roi": 144, "N_inlier": 140, "refit": true}
{"timestamp": "17:09:00.737341", "frame": 25, "mu": [-0.7757532733723997, 1.6421302171035488, 1.340891980038895], "Sigma": [[0.019074144745373812, 0.003029835251943366, 0.018705248299142496], [0.003029835251943366, 0.006437578805305079, -0.00917935095892304], [0.018705248299142496, -0.00917935095892304, 0.21443905601306829]], "chi2_level": 0.95, "chi2_df": 3, "chi2_threshold": 7.814727903251179, "N_raw": 148, "N_roi": 148, "N_inlier": 145, "refit": true}
{"timestamp": "17:09:00.787945", "frame": 26, "mu": [-0.7885577517101097, 1.6806538547982524, 1.4961626523921105], "Sigma": [[0.011601043462021813, 0.002480273729571795, -0.009686772826068796], [0.0024802737295717956, 0.006682674508685814, -0.0022655634686823854], [-0.009686772826068796, -0.0022655634686823854, 0.06781902673047932]], "chi2_level": 0.95, "chi2_df": 3, "chi2_threshold": 7.814727903251179, "N_raw": 118, "N_roi": 118, "N_inlier": 113, "refit": true}
{"timestamp": "17:09:00.847446", "frame": 27, "mu": [-0.7653331798748435, 1.7243429511711539, 0.5587570982375074], "Sigma": [[0.015775486622854117, 0.0013257165763694593, 0.08959382496213358], [0.0013257165763694593, 0.007836594705324692, 0.026266946191728126], [0.08959382496213358, 0.026266946191728126, 0.8315540302942369]], "chi2_level": 0.95, "chi2_df": 3, "chi2_threshold": 7.814727903251179, "N_raw": 150, "N_roi": 150, "N_inlier": 137, "refit": true}
{"timestamp": "17:09:00.902563", "frame": 28, "mu": [-0.8001305930318747, 1.7301582640549087, 1.3443959501099592], "Sigma": [[0.017700802857060854, 0.0003682289499624076, -0.023072338679664933], [0.00036822894996240747, 0.016152696895990727, 0.028715715498535507], [-0.023072338679664933, 0.028715715498535507, 0.18718099628493162]], "chi2_level": 0.95, "chi2_df": 3, "chi2_threshold": 7.814727903251179, "N_raw": 150, "N_roi": 150, "N_inlier": 134, "refit": true}
{"timestamp": "17:09:00.947172", "frame": 29, "mu": [-0.8650064110299479, 1.779657378202363, 1.3658213382237463], "Sigma": [[0.011172881309343912, -0.004247436050014697, -0.01659885183000243], [-0.004247436050014697, 0.006948604133894794, 0.015563516066924233], [-0.01659885183000243, 0.015563516066924231, 0.10539206648233815]], "chi2_level": 0.95, "chi2_df": 3, "chi2_threshold": 7.814727903251179, "N_raw": 80, "N_roi": 80, "N_inlier": 75, "refit": true}
{"timestamp": "17:09:00.998727", "frame": 30, "mu": [-0.9327162743809558, 1.8619349936432354, 1.399972475713168], "Sigma": [[0.006575390679667242, -0.0015085367154395984, -0.011309175238762749], [-0.0015085367154395986, 0.004491323406576366, 0.006736369036316864], [-0.011309175238762749, 0.006736369036316864, 0.11276154388263618]], "chi2_level": 0.95, "chi2_df": 3, "chi2_threshold": 7.814727903251179, "N_raw": 54, "N_roi": 54, "N_inlier": 48, "refit": true}
{"timestamp": "17:09:01.059348", "frame": 31, "mu": [-0.9025839978896352, 1.8834324993414384, -0.18485354247988295], "Sigma": [[0.009588854455615152, -0.0004186939997578782, 0.01915751670716503], [-0.00041869399975787814, 0.00941275274046123, -0.008568429638489238], [0.019157516707165034, -0.00856842963848924, 0.1022503153451566]], "chi2_level": 0.95, "chi2_df": 3, "chi2_threshold": 7.814727903251179, "N_raw": 99, "N_roi": 99, "N_inlier": 91, "refit": true}
{"timestamp": "17:09:01.110807", "frame": 32, "mu": [-0.8881836162261937, 1.9013477000141914, 1.2654228676094492], "Sigma": [[0.006320077608818967, -0.0008240411465185127, 0.008978658898928344], [-0.0008240411465185126, 0.0047623570393564695, -0.016435193587239494], [0.008978658898928345, -0.016435193587239494, 0.1793838254101329]], "chi2_level": 0.95, "chi2_df": 3, "chi2_threshold": 7.814727903251179, "N_raw": 75, "N_roi": 75, "N_inlier": 71, "refit": true}
{"timestamp": "17:09:01.173418", "frame": 33, "mu": [-0.9805159438835901, 1.9696006079739006, 1.115393952687899], "Sigma": [[0.011713198282722903, -0.002652961491066029, 0.01927109627558937], [-0.0026529614910660295, 0.005971637541123923, -0.025036113095112677], [0.019271096275589372, -0.02503611309511268, 0.20736068229631735]], "chi2_level": 0.95, "chi2_df": 3, "chi2_threshold": 7.814727903251179, "N_raw": 126, "N_roi": 126, "N_inlier": 123, "refit": true}
{"timestamp": "17:09:01.227959", "frame": 34, "mu": [-1.0756861836330958, 2.0080617099688323, 1.1491116633212044], "Sigma": [[0.01255838613683029, 0.0016590610967172795, -0.00415745607370528], [0.0016590610967172799, 0.0066626061230126215, -0.030316400089881807], [-0.004157456073705281, -0.030316400089881814, 0.2809824904584697]], "chi2_level": 0.95, "chi2_df": 3, "chi2_threshold": 7.814727903251179, "N_raw": 123, "N_roi": 123, "N_inlier": 121, "refit": true}
{"timestamp": "17:09:01.280067", "frame": 35, "mu": [-0.9885275912384527, 2.097787953344427, 1.2451986825740107], "Sigma": [[0.014286612868268357, -0.003724000727864843, 0.010723828857732511], [-0.003724000727864843, 0.008613971818193391, -0.033080040528749806], [0.010723828857732511, -0.033080040528749806, 0.18974056548901522]], "chi2_level": 0.95, "chi2_df": 3, "chi2_threshold": 7.814727903251179, "N_raw": 101, "N_roi": 101, "N_inlier": 97, "refit": true}
{"timestamp": "17:09:01.326678", "frame": 36, "mu": [-0.7423606210396034, 2.2029208413876, -0.22514352955890085], "Sigma": [[0.009990811731128967, 0.0008357381230552612, -0.011244765591049158], [0.0008357381230552614, 0.0030159748696729446, -0.0030939481137497206], [-0.011244765591049158, -0.0030939481137497206, 0.015105921263384366]], "chi2_level": 0.95, "chi2_df": 3, "chi2_threshold": 7.814727903251179, "N_raw": 47, "N_roi": 47, "N_inlier": 44, "refit": true}
{"timestamp": "17:09:01.386073", "frame": 37, "mu": [-0.9528024783396953, 2.153882061973169, 1.5316956159177662], "Sigma": [[0.015492250263996346, -0.002485905473657078, -0.00977672031706224], [-0.0024859054736570776, 0.006004169971155592, -0.001827636270008134], [-0.00977672031706224, -0.001827636270008134, 0.011175934741293981]], "chi2_level": 0.95, "chi2_df": 3, "chi2_threshold": 7.814727903251179, "N_raw": 80, "N_roi": 80, "N_inlier": 71, "refit": true}
{"timestamp": "17:09:01.446890", "frame": 38, "mu": [-0.9615106333959147, 2.2383434121146113, 1.1741928001628654], "Sigma": [[0.028200694051152428, -0.0031979884044595424, 0.03881001828114046], [-0.0031979884044595424, 0.005300933960663297, -0.01848353325184049], [0.03881001828114046, -0.01848353325184049, 0.24161711308802453]], "chi2_level": 0.95, "chi2_df": 3, "chi2_threshold": 7.814727903251179, "N_raw": 104, "N_roi": 104, "N_inlier": 103, "refit": true}
{"timestamp": "17:09:01.494009", "frame": 39, "mu": [-1.1812092840852844, 2.244134963049053, 1.0804986961586043], "Sigma": [[0.02251149130647274, 0.01307969710023402, 0.04384544699712778], [0.01307969710023402, 0.013153282414515003, 0.03736817307273817], [0.043845446997127786, 0.03736817307273817, 0.14793184406985635]], "chi2_level": 0.95, "chi2_df": 3, "chi2_threshold": 7.814727903251179, "N_raw": 60, "N_roi": 59, "N_inlier": 57, "refit": true}
{"timestamp": "17:09:01.555546", "frame": 40, "mu": [-1.1054934349413923, 2.293617414633176, 1.2615990687582714], "Sigma": [[0.023832260952748076, 0.008134461587362807, 0.04750606170069386], [0.008134461587362807, 0.008826253451769258, 0.021206642626482107], [0.047506061700693866, 0.021206642626482107, 0.21899570520408057]], "chi2_level": 0.95, "chi2_df": 3, "chi2_threshold": 7.814727903251179, "N_raw": 107, "N_roi": 107, "N_inlier": 105, "refit": true}
{"timestamp": "17:09:01.605422", "frame": 41, "mu": [-1.0101249152080245, 2.480593730321529, 0.024080992140684356], "Sigma": [[0.01018581492452776, -0.0018195697877974705, 0.006000156469624493], [-0.0018195697877974705, 0.01326856319468211, -0.026469772243556185], [0.006000156469624494, -0.026469772243556185, 0.058859318019033505]], "chi2_level": 0.95, "chi2_df": 3, "chi2_threshold": 7.814727903251179, "N_raw": 62, "N_roi": 59, "N_inlier": 55, "refit": true}
{"timestamp": "17:09:01.734909", "frame": 42, "mu": [-1.0110040646818081, 2.5503377204423923, 0.10556813360240273], "Sigma": [[0.006315669537290366, 0.0016251411200358615, -0.0022941978637851515], [0.0016251411200358611, 0.008823190728441907, -0.015244947800150524], [-0.0022941978637851506, -0.015244947800150522, 0.028538235903456596]], "chi2_level": 0.95, "chi2_df": 3, "chi2_threshold": 7.814727903251179, "N_raw": 40, "N_roi": 40, "N_inlier": 36, "refit": true}
{"timestamp": "17:09:01.763825", "frame": 43, "mu": [-1.1970417690259794, 2.5874341911977203, 1.044331451291893], "Sigma": [[0.042331834414689434, -0.010156374441484428, 0.018286719112345418], [-0.010156374441484428, 0.010456302448782408, -0.030991790470723694], [0.018286719112345418, -0.030991790470723694, 0.1348615428281454]], "chi2_level": 0.95, "chi2_df": 3, "chi2_threshold": 7.814727903251179, "N_raw": 96, "N_roi": 94, "N_inlier": 91, "refit": true}
{"timestamp": "17:09:01.794612", "frame": 44, "mu": [-1.0860817024350422, 2.608268258889457, 1.1514787454774766], "Sigma": [[0.028919548269174006, -0.007463665787657449, 0.02772476800691989], [-0.007463665787657449, 0.006439571953527926, -0.028470018256848768], [0.027724768006919885, -0.028470018256848768, 0.16032717878781585]], "chi2_level": 0.95, "chi2_df": 3, "chi2_threshold": 7.814727903251179, "N_raw": 84, "N_roi": 84, "N_inlier": 82, "refit": true}
{"timestamp": "17:09:01.824771", "frame": 45, "mu": [-0.9820808971831945, 2.6115230569159023, 1.2931392491496494], "Sigma": [[0.0049556528397343, 0.0006969689178434378, -0.0016167070582997272], [0.0006969689178434378, 0.0015700896451205492, -0.002773305280441888], [-0.0016167070582997277, -0.002773305280441888, 0.10447608857468667]], "chi2_level": 0.95, "chi2_df": 3, "chi2_threshold": 7.814727903251179, "N_raw": 38, "N_roi": 38, "N_inlier": 34, "refit": true}
{"timestamp": "17:09:01.880722", "frame": 46, "mu": [-1.0327866958583551, 2.6539229407956313, -0.9837375198115097], "Sigma": [[0.010940131984131986, -0.0014097250202249416, 0.0005335396390976222], [-0.0014097250202249416, 0.0014259550793947033, -0.001471678520095444], [0.0005335396390976233, -0.0014716785200954438, 0.14208175655735342]], "chi2_level": 0.95, "chi2_df": 3, "chi2_threshold": 7.814727903251179, "N_raw": 73, "N_roi": 73, "N_inlier": 68, "refit": true}
{"timestamp": "17:09:01.934188", "frame": 47, "mu": [-1.034163174160378, 2.700669823264622, 1.4391270547430621], "Sigma": [[0.009299779496683211, 0.0014981895258904326, 0.005273536284235788], [0.0014981895258904326, 0.0037849528519887194, 0.00021123512502092085], [0.005273536284235788, 0.0002112351250209207, 0.11822164841593516]], "chi2_level": 0.95, "chi2_df": 3, "chi2_threshold": 7.814727903251179, "N_raw": 56, "N_roi": 56, "N_inlier": 52, "refit": true}
{"timestamp": "17:09:01.986382", "frame": 48, "mu": [-1.0101963075919018, 2.784806405812246, 1.3598060929800375], "Sigma": [[0.012608532137909705, 0.001261540177033102, -0.01052299754873344], [0.001261540177033102, 0.0018139997406280033, -0.0065346216434418085], [-0.01052299754873344, -0.0065346216434418085, 0.040236268424476085]], "chi2_level": 0.95, "chi2_df": 3, "chi2_threshold": 7.814727903251179, "N_raw": 45, "N_roi": 45, "N_inlier": 42, "refit": true}
{"timestamp": "17:09:02.050175", "frame": 49, "mu": [-1.0702696918987364, 2.76071317694801, 1.1036417089790642], "Sigma": [[0.019869088633914705, 0.010602096792382266, 0.03590613286461066], [0.010602096792382266, 0.02335584935801851, 0.06421678201085074], [0.03590613286461066, 0.06421678201085074, 0.31717516334581]], "chi2_level": 0.95, "chi2_df": 3, "chi2_threshold": 7.814727903251179, "N_raw": 108, "N_roi": 106, "N_inlier": 103, "refit": true}
{"timestamp": "17:09:02.103383", "frame": 50, "mu": [-1.055261832432586, 2.919557516573922, 1.1347847389559913], "Sigma": [[0.015000568025203448, 0.000580716400726202, 0.013216597079892789], [0.000580716400726202, 0.00437710702687262, -0.020974426971598334], [0.013216597079892787, -0.020974426971598337, 0.16518632841812006]], "chi2_level": 0.95, "chi2_df": 3, "chi2_threshold": 7.814727903251179, "N_raw": 84, "N_roi": 84, "N_inlier": 79, "refit": true}
{"timestamp": "17:09:02.158674", "frame": 51, "mu": [-1.0204604732406009, 2.9272712114300545, 1.0688949391627307], "Sigma": [[0.02273092862669787, -0.0037322234952261793, 0.020620898987429692], [-0.003732223495226179, 0.00309238341051056, -0.010849381683177476], [0.02062089898742969, -0.010849381683177475, 0.06898528711940502]], "chi2_level": 0.95, "chi2_df": 3, "chi2_threshold": 7.814727903251179, "N_raw": 91, "N_roi": 91, "N_inlier": 86, "refit": true}
{"timestamp": "17:09:02.215678", "frame": 52, "mu": [-0.9946464793175772, 2.967916624183886, 1.1525623332314618], "Sigma": [[0.01705137859580662, -0.0031180394675174535, 0.000991344961858178], [-0.0031180394675174535, 0.007486508626571245, -0.020904456375281603], [0.000991344961858178, -0.0209044563752816, 0.08112515339949727]], "chi2_level": 0.95, "chi2_df": 3, "chi2_threshold": 7.814727903251179, "N_raw": 105, "N_roi": 105, "N_inlier": 100, "refit": true}
{"timestamp": "17:09:02.261816", "frame": 53, "mu": [-0.9156333458321333, 2.943377874093681, 1.1811978253475304], "Sigma": [[0.011619756363941885, -0.006631694387052742, 0.010878310042830165], [-0.006631694387052743, 0.010794937233494143, -0.027071773065732954], [0.010878310042830165, -0.02707177306573296, 0.07775427127605605]], "chi2_level": 0.95, "chi2_df": 3, "chi2_threshold": 7.814727903251179, "N_raw": 45, "N_roi": 43, "N_inlier": 40, "refit": true}
{"timestamp": "17:09:02.316248", "frame": 54, "mu": [-0.8443223057337502, 2.9622314589935574, -0.20723235794216585], "Sigma": [[0.013199003512208207, 0.005221575580206373, 0.022672429194276703], [0.005221575580206372, 0.007174583345915416, 0.017857199486914645], [0.022672429194276703, 0.017857199486914645, 0.09364985892572578]], "chi2_level": 0.95, "chi2_df": 3, "chi2_threshold": 7.814727903251179, "N_raw": 47, "N_roi": 46, "N_inlier": 43, "refit": true}
{"timestamp": "17:09:02.368411", "frame": 55, "mu": [-0.8555490316259493, 2.9319020547890484, 1.3191100693302593], "Sigma": [[0.006076124859178674, 0.0003853086798018874, -0.0053962509648886854], [0.00038530867980188753, 0.0015364647492930974, -0.001131359474048909], [-0.005396250964888685, -0.001131359474048909, 0.006579624337037757]], "chi2_level": 0.95, "chi2_df": 3, "chi2_threshold": 7.814727903251179, "N_raw": 25, "N_roi": 25, "N_inlier": 21, "refit": true}
{"timestamp": "17:09:02.428726", "frame": 56, "mu": [-0.9556999228416398, 3.17215903570343, -0.1414460482712898], "Sigma": [[0.026217325774563923, -0.019674497415096956, 0.03302379078661406], [-0.019674497415096956, 0.03673249005848843, -0.05845473125070415], [0.03302379078661406, -0.05845473125070415, 0.10389565004380244]], "chi2_level": 0.95, "chi2_df": 3, "chi2_threshold": 7.814727903251179, "N_raw": 64, "N_roi": 64, "N_inlier": 61, "refit": true}
{"timestamp": "17:09:02.485009", "frame": 57, "mu": [-1.0352228549430853, 3.1038530290007786, 0.8267713093088416], "Sigma": [[0.03090165012975493, -0.007643237194065885, 0.04362397853917836], [-0.007643237194065885, 0.011010913875769768, -0.034580118810204015], [0.043623978539178355, -0.034580118810204015, 0.1459814892546427]], "chi2_level": 0.95, "chi2_df": 3, "chi2_threshold": 7.814727903251179, "N_raw": 68, "N_roi": 68, "N_inlier": 62, "refit": true}
{"timestamp": "17:09:02.540816", "frame": 58, "mu": [-0.9238752583544318, 3.1144166941270406, 1.0732852506644905], "Sigma": [[0.0403830225902692, -0.010877773955409965, 0.051970976448334184], [-0.010877773955409965, 0.011122525742501771, -0.033842254760474054], [0.05197097644833419, -0.033842254760474054, 0.14714697046346784]], "chi2_level": 0.95, "chi2_df": 3, "chi2_threshold": 7.814727903251179, "N_raw": 69, "N_roi": 69, "N_inlier": 66, "refit": true}
{"timestamp": "17:09:02.590687", "frame": 59, "mu": [-0.7704583289570244, 3.0911913070063175, 1.3811328623365209], "Sigma": [[0.011207681871557547, 0.00042260520754687817, 0.003151718195779923], [0.00042260520754687785, 0.005770994179737293, -0.00772430111357496], [0.003151718195779923, -0.0077243011135749605, 0.019147717764133473]], "chi2_level": 0.95, "chi2_df": 3, "chi2_threshold": 7.814727903251179, "N_raw": 41, "N_roi": 40, "N_inlier": 36, "refit": true}
{"timestamp": "17:09:02.647973", "frame": 60, "mu": [-0.721804191886633, 3.183536373634188, 1.2824564182498728], "Sigma": [[0.028056249129580935, -0.012072731962217267, 0.04328860302718863], [-0.012072731962217267, 0.013764079541392037, -0.039430114365237565], [0.04328860302718862, -0.039430114365237565, 0.14045348321386134]], "chi2_level": 0.95, "chi2_df": 3, "chi2_threshold": 7.814727903251179, "N_raw": 62, "N_roi": 62, "N_inlier": 60, "refit": true}
{"timestamp": "17:09:02.706034", "frame": 61, "mu": [-0.597097845885002, 3.155137647580586, 1.4463324087237723], "Sigma": [[0.018717612709988035, 0.000832401234104477, -0.006208519749363163], [0.0008324012341044767, 0.005609580449025145, -0.002856735764938026], [-0.006208519749363163, -0.002856735764938026, 0.006412763868974232]], "chi2_level": 0.95, "chi2_df": 3, "chi2_threshold": 7.814727903251179, "N_raw": 70, "N_roi": 66, "N_inlier": 63, "refit": true}
{"timestamp": "17:09:02.765574", "frame": 62, "mu": [-0.5776237921842314, 3.2812848579138283, 1.2512590051437074], "Sigma": [[0.019850692302409732, -0.00572179089940698, 0.01623993010793625], [-0.00572179089940698, 0.02975629902562045, -0.0565999465079905], [0.01623993010793625, -0.0565999465079905, 0.128853577569645]], "chi2_level": 0.95, "chi2_df": 3, "chi2_threshold": 7.814727903251179, "N_raw": 105, "N_roi": 95, "N_inlier": 92, "refit": true}
{"timestamp": "17:09:02.817965", "frame": 63, "mu": [-0.5167386089988673, 3.224611379907374, 1.4457495109711505], "Sigma": [[0.017785854411428485, 0.00046642777296319936, -0.006061423298689976], [0.00046642777296319936, 0.004622613205081697, -0.002860642846253815], [-0.006061423298689976, -0.002860642846253815, 0.004482118395906592]], "chi2_level": 0.95, "chi2_df": 3, "chi2_threshold": 7.814727903251179, "N_raw": 87, "N_roi": 58, "N_inlier": 54, "refit": true}
{"timestamp": "17:09:02.867880", "frame": 64, "mu": [-0.4875442244239271, 3.2275378480533004, 1.0998364422444262], "Sigma": [[0.01646599650518519, -0.002696157775097424, 0.02150473568390547], [-0.002696157775097424, 0.005813559138465079, -0.038468442061036376], [0.02150473568390547, -0.038468442061036376, 0.37963965509727504]], "chi2_level": 0.95, "chi2_df": 3, "chi2_threshold": 7.814727903251179, "N_raw": 51, "N_roi": 50, "N_inlier": 49, "refit": true}
{"timestamp": "17:09:02.920903", "frame": 65, "mu": [-0.45633425550982626, 3.305815631965331, 1.4251606052876156], "Sigma": [[0.009602168011810934, 0.0014987109579176687, 0.0033390303359006612], [0.0014987109579176687, 0.002636910768719384, -0.003914594001608184], [0.0033390303359006612, -0.003914594001608184, 0.022492406679509455]], "chi2_level": 0.95, "chi2_df": 3, "chi2_threshold": 7.814727903251179, "N_raw": 40, "N_roi": 38, "N_inlier": 35, "refit": true}
{"timestamp": "17:09:02.974898", "frame": 66, "mu": [-0.3639830489278584, 3.3720425109048335, 1.4044611699962584], "Sigma": [[0.011649112627762592, 0.000180378914004068, 0.008490059012766917], [0.00018037891400406793, 0.005603095719450966, -0.014250086071361311], [0.008490059012766917, -0.014250086071361311, 0.06442586509970108]], "chi2_level": 0.95, "chi2_df": 3, "chi2_threshold": 7.814727903251179, "N_raw": 32, "N_roi": 30, "N_inlier": 26, "refit": true}
{"timestamp": "17:09:03.032098", "frame": 67, "mu": [-0.3059636664633915, 3.3701023196675464, 1.4318609160968783], "Sigma": [[0.011123068750029464, -0.00032878149030663903, 0.007016565971376089], [-0.00032878149030663903, 0.0016267695625089725, -0.006263147225912483], [0.007016565971376089, -0.006263147225912483, 0.05371745213789959]], "chi2_level": 0.95, "chi2_df": 3, "chi2_threshold": 7.814727903251179, "N_raw": 44, "N_roi": 43, "N_inlier": 39, "refit": true}
{"timestamp": "17:09:03.084120", "frame": 68, "mu": [-0.24441161852412424, 3.3903162667420186, 0.6195705871677666], "Sigma": [[0.007876172052236003, -0.002028706702120773, 0.019887639590890113], [-0.002028706702120773, 0.005803801156937318, -0.036912545888931836], [0.019887639590890113, -0.036912545888931836, 0.5399888440186927]], "chi2_level": 0.95, "chi2_df": 3, "chi2_threshold": 7.814727903251179, "N_raw": 32, "N_roi": 32, "N_inlier": 30, "refit": true}
{"timestamp": "17:09:03.144488", "frame": 69, "mu": [-0.13041726875054188, 3.4363256228447856, 0.3582163548218492], "Sigma": [[0.017940636960956397, -0.0011176976718871956, -0.0003668573605120711], [-0.0011176976718871958, 0.009540770749022874, -0.012794029615258197], [-0.0003668573605120709, -0.012794029615258197, 0.019264926671214894]], "chi2_level": 0.95, "chi2_df": 3, "chi2_threshold": 7.814727903251179, "N_raw": 68, "N_roi": 68, "N_inlier": 64, "refit": true}
{"timestamp": "17:09:03.193527", "frame": 70, "mu": [-0.09295779174620962, 3.3739248482613178, 0.3621899452384254], "Sigma": [[0.004432629366509442, 0.0011991670160934294, -0.0011783762271321632], [0.0011991670160934294, 0.0036391993797775563, -0.002069108789326248], [-0.0011783762271321632, -0.002069108789326248, 0.002343464457260431]], "chi2_level": 0.95, "chi2_df": 3, "chi2_threshold": 7.814727903251179, "N_raw": 18, "N_roi": 17, "N_inlier": 17, "refit": true}
{"timestamp": "17:09:03.244967", "frame": 71, "mu": [-0.032185054172742325, 3.4256557318155436, 1.0557744222827739], "Sigma": [[0.0004924079224984232, 0.0012277235091122, -0.003063451363674869], [0.0012277235091122, 0.022865479781211652, -0.08942663842108352], [-0.003063451363674869, -0.08942663842108352, 0.3894228387738575]], "chi2_level": 0.95, "chi2_df": 3, "chi2_threshold": 7.814727903251179, "N_raw": 7, "N_roi": 7, "N_inlier": 7, "refit": true}
{"timestamp": "17:09:03.308550", "frame": 72, "mu": [-0.024363834419954326, 3.285798992023263, 0.9717887875578767], "Sigma": [[0.01654584862579108, 0.0010671954382623996, -0.0016584647067403875], [0.0010671954382623998, 0.002848605082378811, -0.0027778544778155442], [-0.0016584647067403875, -0.0027778544778155447, 0.004897916145117909]], "chi2_level": 0.95, "chi2_df": 3, "chi2_threshold": 7.814727903251179, "N_raw": 59, "N_roi": 55, "N_inlier": 50, "refit": true}
{"timestamp": "17:09:03.365033", "frame": 73, "mu": [0.012740460368768667, 3.3125439732360977, 1.3076935412114044], "Sigma": [[0.01590635938495183, 0.0029439677720834454, 0.014480119311399949], [0.0029439677720834454, 0.0032537482972086916, -0.0007455447686577729], [0.014480119311399947, -0.0007455447686577725, 0.03320065284808742]], "chi2_level": 0.95, "chi2_df": 3, "chi2_threshold": 7.814727903251179, "N_raw": 63, "N_roi": 58, "N_inlier": 52, "refit": true}
{"timestamp": "17:09:03.423491", "frame": 74, "mu": [0.20286708765065933, 3.4248822046590726, 1.3531191619116134], "Sigma": [[0.034875464020722384, 0.021676976507737353, -0.017546034789680837], [0.021676976507737353, 0.024523698404745914, -0.022521015323060944], [-0.017546034789680837, -0.022521015323060944, 0.03945831174967353]], "chi2_level": 0.95, "chi2_df": 3, "chi2_threshold": 7.814727903251179, "N_raw": 82, "N_roi": 78, "N_inlier": 73, "refit": true}
{"timestamp": "17:09:03.474150", "frame": 75, "mu": [0.30143338742387826, 3.4066044780989198, 1.3193372126258462], "Sigma": [[0.04817161938766287, 0.02299134592370192, -0.03493610951468808], [0.022991345923701917, 0.016389911410796754, -0.024740583856504676], [-0.03493610951468808, -0.02474058385650468, 0.06288561646082477]], "chi2_level": 0.95, "chi2_df": 3, "chi2_threshold": 7.814727903251179, "N_raw": 54, "N_roi": 51, "N_inlier": 47, "refit": true}
{"timestamp": "17:09:03.525407", "frame": 76, "mu": [0.3065653474332656, 3.4336498860816733, 0.635608958713174], "Sigma": [[0.01536319701152016, -0.014182387774545249, 0.03302262997033224], [-0.014182387774545249, 0.021977509565855907, -0.04996529079692626], [0.03302262997033224, -0.04996529079692626, 0.12459094131895519]], "chi2_level": 0.95, "chi2_df": 3, "chi2_threshold": 7.814727903251179, "N_raw": 36, "N_roi": 35, "N_inlier": 31, "refit": true}
{"timestamp": "17:09:03.583979", "frame": 77, "mu": [0.48901068912276935, 3.488688840422308, 0.04420867322097762], "Sigma": [[0.036037038164577845, 0.018833691107015334, 0.0013148089951020266], [0.018833691107015334, 0.018393520191620886, -0.0024377426707780734], [0.001314808995102027, -0.0024377426707780734, 0.011044500499831465]], "chi2_level": 0.95, "chi2_df": 3, "chi2_threshold": 7.814727903251179, "N_raw": 58, "N_roi": 57, "N_inlier": 53, "refit": true}
{"timestamp": "17:09:03.635363", "frame": 78, "mu": [0.37725636520491357, 3.3078711457200156, 1.3344321141265223], "Sigma": [[0.008315145103358571, 0.0016071486260463427, -0.012977973410940582], [0.0016071486260463433, 0.0068560152937901095, -0.02643688948928824], [-0.012977973410940582, -0.026436889489288243, 0.1288275776609171]], "chi2_level": 0.95, "chi2_df": 3, "chi2_threshold": 7.814727903251179, "N_raw": 35, "N_roi": 35, "N_inlier": 32, "refit": true}
{"timestamp": "17:09:03.691171", "frame": 79, "mu": [0.391250158817292, 3.3116771023851763, 1.2854890296608823], "Sigma": [[0.01162115903685469, 0.0001220239326168206, -0.023194923519934074], [0.00012202393261682043, 0.004358371768587226, -0.026739391093655106], [-0.023194923519934074, -0.026739391093655106, 0.3241089346932073]], "chi2_level": 0.95, "chi2_df": 3, "chi2_threshold": 7.814727903251179, "N_raw": 48, "N_roi": 48, "N_inlier": 45, "refit": true}
{"timestamp": "17:09:03.740398", "frame": 80, "mu": [0.44053579986657193, 3.1751269954800843, 1.2978028593438817], "Sigma": [[0.005296668436774, 0.002151641284612322, -0.016146087946519914], [0.002151641284612322, 0.0013145375971382537, -0.005805081441705611], [-0.016146087946519914, -0.005805081441705611, 0.050770711110104165]], "chi2_level": 0.95, "chi2_df": 3, "chi2_threshold": 7.814727903251179, "N_raw": 7, "N_roi": 5, "N_inlier": 5, "refit": true}
{"timestamp": "17:09:03.799413", "frame": 81, "mu": [0.49348627384496613, 3.2071285415808637, 1.494884550798958], "Sigma": [[0.009178820728806004, 0.0005656081405932913, 0.000807917314340208], [0.0005656081405932912, 0.002905917325361592, -0.0004479777209257524], [0.000807917314340208, -0.0004479777209257524, 0.0032541365327348483]], "chi2_level": 0.95, "chi2_df": 3, "chi2_threshold": 7.814727903251179, "N_raw": 34, "N_roi": 34, "N_inlier": 32, "refit": true}
{"timestamp": "17:09:03.859679", "frame": 82, "mu": [0.532272951046539, 3.2335112158686083, 0.015745200222954128], "Sigma": [[0.013547995594993386, 0.0013268417232783149, -0.013490500898344682], [0.0013268417232783149, 0.007171029931743061, -0.010865586797719599], [-0.013490500898344682, -0.010865586797719599, 0.030259096399729866]], "chi2_level": 0.95, "chi2_df": 3, "chi2_threshold": 7.814727903251179, "N_raw": 64, "N_roi": 61, "N_inlier": 56, "refit": true}
{"timestamp": "17:09:03.912905", "frame": 83, "mu": [0.5890232491852774, 3.0379355911492887, 1.1481518720725166], "Sigma": [[0.01939823648019858, -0.006973995873283288, -0.021494645599556914], [-0.006973995873283289, 0.005611756611537881, 0.006541744806258057], [-0.021494645599556914, 0.006541744806258057, 0.025640593217076645]], "chi2_level": 0.95, "chi2_df": 3, "chi2_threshold": 7.814727903251179, "N_raw": 54, "N_roi": 52, "N_inlier": 50, "refit": true}
{"timestamp": "17:09:03.969711", "frame": 84, "mu": [0.6190181880628787, 3.0299733297603177, 1.1492705956489955], "Sigma": [[0.01152388505887015, -0.004012547667484016, -0.010741535588366479], [-0.004012547667484016, 0.005439597850787939, -0.001585679994297701], [-0.010741535588366477, -0.0015856799942977008, 0.020546097335489608]], "chi2_level": 0.95, "chi2_df": 3, "chi2_threshold": 7.814727903251179, "N_raw": 61, "N_roi": 59, "N_inlier": 56, "refit": true}
{"timestamp": "17:09:04.024329", "frame": 85, "mu": [0.6161011731032713, 3.045399455706432, 1.201189417137218], "Sigma": [[0.011979359791086032, -0.0003634956451121904, -0.010736611524563129], [-0.00036349564511219026, 0.002844117232388679, -0.004924666086994364], [-0.010736611524563129, -0.004924666086994365, 0.027198291125923427]], "chi2_level": 0.95, "chi2_df": 3, "chi2_threshold": 7.814727903251179, "N_raw": 57, "N_roi": 56, "N_inlier": 54, "refit": true}
{"timestamp": "17:09:04.077868", "frame": 86, "mu": [0.7126110065133532, 3.0268038395688004, 1.0709548953207748], "Sigma": [[0.016207897063143722, -0.001724519209520446, -0.014910035980790142], [-0.0017245192095204458, 0.0012244269854246009, -0.0022061496830463223], [-0.014910035980790142, -0.002206149683046322, 0.033430340637776]], "chi2_level": 0.95, "chi2_df": 3, "chi2_threshold": 7.814727903251179, "N_raw": 50, "N_roi": 50, "N_inlier": 47, "refit": true}
