{"timestamp": "16:48:18.121579", "frame": 26, "mu": [-2.4402278746581807, 3.3113054313978614, 0.8350052765549763], "Sigma": [[0.001658451240926034, 0.002095366343958604, -0.0015661778622886478], [0.002095366343958604, 0.008029364729973532, -0.0024907868482794433], [-0.001566177862288648, -0.0024907868482794433, 0.006663350850901303]], "chi2_level": 0.99, "chi2_df": 3, "chi2_threshold": 11.344866730144373, "N_raw": 55, "N_roi": 11, "N_inlier": 11, "refit": true}
{"timestamp": "16:48:18.340259", "frame": 30, "mu": [-2.3674552207683135, 3.162895303373083, 0.8412092216648966], "Sigma": [[0.007824232161059798, 0.003089021143352724, -0.009662544722109595], [0.003089021143352724, 0.005077614007498157, -0.010969577068348762], [-0.009662544722109595, -0.010969577068348764, 0.028989259343947762]], "chi2_level": 0.99, "chi2_df": 3, "chi2_threshold": 11.344866730144373, "N_raw": 50, "N_roi": 31, "N_inlier": 30, "refit": true}
{"timestamp": "16:48:18.451067", "frame": 32, "mu": [-2.3037167540730095, 3.023734541116067, 1.0736052816843171], "Sigma": [[0.013195083613238935, 0.007615371951044808, -0.007522103101601607], [0.007615371951044807, 0.007542056318253446, -0.007372313600400209], [-0.007522103101601606, -0.007372313600400209, 0.010719768339995111]], "chi2_level": 0.99, "chi2_df": 3, "chi2_threshold": 11.344866730144373, "N_raw": 40, "N_roi": 34, "N_inlier": 33, "refit": true}
{"timestamp": "16:48:18.504048", "frame": 33, "mu": [-2.3265721840871048, 3.002115303294154, 1.1896054337948276], "Sigma": [[0.010855095953099634, 0.005087461096569248, -0.00953237409375871], [0.005087461096569248, 0.00419816688927927, -0.00583144393672364], [-0.00953237409375871, -0.00583144393672364, 0.012088275483419555]], "chi2_level": 0.99, "chi2_df": 3, "chi2_threshold": 11.344866730144373, "N_raw": 23, "N_roi": 23, "N_inlier": 21, "refit": true}
{"timestamp": "16:48:18.559383", "frame": 34, "mu": [-2.293096907813762, 2.959586053509831, 1.1728968837806188], "Sigma": [[0.011499449100662333, 0.006387035189326724, -0.01142527458599255], [0.006387035189326724, 0.006509619614095357, -0.010773712851235243], [-0.01142527458599255, -0.010773712851235243, 0.01968668411474849]], "chi2_level": 0.99, "chi2_df": 3, "chi2_threshold": 11.344866730144373, "N_raw": 25, "N_roi": 24, "N_inlier": 24, "refit": true}
{"timestamp": "16:48:18.615519", "frame": 35, "mu": [-2.225457549906217, 2.956920982973897, 1.2878921417970004], "Sigma": [[0.014253981199739519, 0.008092581226161629, -0.01129038456681837], [0.008092581226161629, 0.006334746840459441, -0.01057361840990062], [-0.01129038456681837, -0.01057361840990062, 0.022887415140396366]], "chi2_level": 0.99, "chi2_df": 3, "chi2_threshold": 11.344866730144373, "N_raw": 35, "N_roi": 26, "N_inlier": 25, "refit": true}
{"timestamp": "16:48:18.668555", "frame": 36, "mu": [-2.2229510045349, 2.930547186786657, 1.2347425837802195], "Sigma": [[0.01169638441736443, 0.004601384586743524, -0.007885372892447715], [0.004601384586743524, 0.004403436070768777, -0.006218168790845557], [-0.007885372892447715, -0.006218168790845557, 0.011050262207970408]], "chi2_level": 0.99, "chi2_df": 3, "chi2_threshold": 11.344866730144373, "N_raw": 20, "N_roi": 19, "N_inlier": 19, "refit": true}
{"timestamp": "16:48:18.724459", "frame": 37, "mu": [-2.050796112178476, 3.003991660927487, 1.1278205928664295], "Sigma": [[0.013916730566727037, 0.0046474820948005984, -0.0075410459354391685], [0.0046474820948005984, 0.0031832646497968265, -0.005549509560887376], [-0.0075410459354391685, -0.005549509560887376, 0.012269747441402612]], "chi2_level": 0.99, "chi2_df": 3, "chi2_threshold": 11.344866730144373, "N_raw": 28, "N_roi": 28, "N_inlier": 28, "refit": true}
{"timestamp": "16:48:18.780536", "frame": 38, "mu": [-2.0663739631202693, 2.9094059953286764, 1.1754780792456225], "Sigma": [[0.01813578468817697, 0.006879158646669203, -0.013279224838935583], [0.006879158646669203, 0.005870272266432879, -0.007520428304290949], [-0.013279224838935583, -0.007520428304290949, 0.012999757193698254]], "chi2_level": 0.99, "chi2_df": 3, "chi2_threshold": 11.344866730144373, "N_raw": 40, "N_roi": 40, "N_inlier": 39, "refit": true}
{"timestamp": "16:48:18.839131", "frame": 39, "mu": [-1.9930074035452925, 2.905658412854717, 1.0416167770926015], "Sigma": [[0.016735677445144564, 0.005993510211572345, -0.009448602336316671], [0.005993510211572345, 0.005321234897557917, -0.010494564651332243], [-0.009448602336316671, -0.010494564651332245, 0.0488784447403436]], "chi2_level": 0.99, "chi2_df": 3, "chi2_threshold": 11.344866730144373, "N_raw": 62, "N_roi": 62, "N_inlier": 62, "refit": true}
{"timestamp": "16:48:18.892738", "frame": 40, "mu": [-1.9414156427243279, 2.8287950985049757, 1.0420013612636987], "Sigma": [[0.017377728636865084, 0.006347701564282957, -0.006313986794413957], [0.006347701564282957, 0.008542119827636667, -0.0035161851400032354], [-0.006313986794413957, -0.0035161851400032354, 0.0037943573375188765]], "chi2_level": 0.99, "chi2_df": 3, "chi2_threshold": 11.344866730144373, "N_raw": 50, "N_roi": 50, "N_inlier": 49, "refit": true}
{"timestamp": "16:48:18.945535", "frame": 41, "mu": [-1.8381227499998771, 2.8638321180683888, 1.0456246469924522], "Sigma": [[0.012202360666692552, 0.0070480281273631075, -0.007458462655432922], [0.0070480281273631075, 0.007798894940065549, -0.006694631640595388], [-0.007458462655432922, -0.006694631640595387, 0.00820162075042462]], "chi2_level": 0.99, "chi2_df": 3, "chi2_threshold": 11.344866730144373, "N_raw": 36, "N_roi": 36, "N_inlier": 35, "refit": true}
{"timestamp": "16:48:19.001308", "frame": 42, "mu": [-1.8351925698002574, 2.7601338156724013, 1.0668919401055894], "Sigma": [[0.009206046422372447, 0.004006355873882196, -0.004092384021455864], [0.004006355873882196, 0.005664246053187904, -0.006830082253095043], [-0.004092384021455864, -0.006830082253095044, 0.010073086132280513]], "chi2_level": 0.99, "chi2_df": 3, "chi2_threshold": 11.344866730144373, "N_raw": 40, "N_roi": 40, "N_inlier": 39, "refit": true}
{"timestamp": "16:48:19.054446", "frame": 43, "mu": [-1.8492567906707849, 2.7107387213386174, 0.979801112606256], "Sigma": [[0.01166186313809734, 0.00450041965730137, -0.005614487130528475], [0.00450041965730137, 0.0029982193643992208, -0.004556209968742283], [-0.005614487130528475, -0.004556209968742283, 0.009747741031599312]], "chi2_level": 0.99, "chi2_df": 3, "chi2_threshold": 11.344866730144373, "N_raw": 26, "N_roi": 26, "N_inlier": 25, "refit": true}
{"timestamp": "16:48:19.111112", "frame": 44, "mu": [-1.7488201088995394, 2.7121320402592044, 0.9513097340753466], "Sigma": [[0.013167300900373961, 0.009163877607151608, -0.01414831354221054], [0.009163877607151608, 0.009636125598041546, -0.01437276177002875], [-0.01414831354221054, -0.01437276177002875, 0.025956152563872046]], "chi2_level": 0.99, "chi2_df": 3, "chi2_threshold": 11.344866730144373, "N_raw": 39, "N_roi": 35, "N_inlier": 34, "refit": true}
{"timestamp": "16:48:19.166568", "frame": 45, "mu": [-1.715547188932779, 2.689409429255663, 0.9509701621281518], "Sigma": [[0.018287172730296477, 0.014391238337666295, -0.0189862209229856], [0.014391238337666295, 0.0187560341776331, -0.02121765862523837], [-0.018986220922985603, -0.02121765862523837, 0.028316128635172157]], "chi2_level": 0.99, "chi2_df": 3, "chi2_threshold": 11.344866730144373, "N_raw": 40, "N_roi": 38, "N_inlier": 38, "refit": true}
{"timestamp": "16:48:19.224697", "frame": 46, "mu": [-1.6624216380807946, 2.6621096259008636, 0.935770750234175], "Sigma": [[0.012871560466922847, 0.009281232700990905, -0.014643889791306344], [0.009281232700990905, 0.013068433529276465, -0.0182117686214798], [-0.014643889791306344, -0.0182117686214798, 0.030031441087259723]], "chi2_level": 0.99, "chi2_df": 3, "chi2_threshold": 11.344866730144373, "N_raw": 64, "N_roi": 60, "N_inlier": 60, "refit": true}
{"timestamp": "16:48:19.282148", "frame": 47, "mu": [-1.6340078077277245, 2.5927765452184097, 0.9594557529421285], "Sigma": [[0.01816024125953651, 0.009077369082165634, -0.022880908702212786], [0.009077369082165634, 0.011139433975716402, -0.01805568150257451], [-0.022880908702212786, -0.018055681502574514, 0.041947771788354876]], "chi2_level": 0.99, "chi2_df": 3, "chi2_threshold": 11.344866730144373, "N_raw": 79, "N_roi": 79, "N_inlier": 77, "refit": true}
{"timestamp": "16:48:19.333715", "frame": 48, "mu": [-1.6053922363767712, 2.4894293251047275, 0.9016337728434377], "Sigma": [[0.011558504696628474, 0.006527219730955907, -0.009287219990546557], [0.006527219730955906, 0.01334492144038763, -0.007228218388096422], [-0.009287219990546557, -0.007228218388096422, 0.011847525529997951]], "chi2_level": 0.99, "chi2_df": 3, "chi2_threshold": 11.344866730144373, "N_raw": 58, "N_roi": 58, "N_inlier": 57, "refit": true}
{"timestamp": "16:48:19.387761", "frame": 49, "mu": [-1.606149416223731, 2.43801825056923, 0.9624147592469087], "Sigma": [[0.022331776016197343, 0.011726983934118966, -0.04738079225881421], [0.011726983934118966, 0.012926438297872702, -0.03794981256682234], [-0.04738079225881421, -0.03794981256682234, 0.13244046470386753]], "chi2_level": 0.99, "chi2_df": 3, "chi2_threshold": 11.344866730144373, "N_raw": 38, "N_roi": 38, "N_inlier": 35, "refit": true}
{"timestamp": "16:48:19.447790", "frame": 50, "mu": [-1.5547255477672237, 2.5581345643379225, -0.1909320015010805], "Sigma": [[0.020048287425080896, 0.005703914733412428, 0.02018997104476812], [0.005703914733412429, 0.014088697733761939, -0.01759410252047021], [0.02018997104476812, -0.017594102520470212, 0.12443879694469778]], "chi2_level": 0.99, "chi2_df": 3, "chi2_threshold": 11.344866730144373, "N_raw": 86, "N_roi": 84, "N_inlier": 84, "refit": true}
{"timestamp": "16:48:19.500860", "frame": 51, "mu": [-1.6077936606455936, 2.286042075053987, 1.156380415494836], "Sigma": [[0.11756119697436296, 0.07824933326494571, -0.09642564603638269], [0.07824933326494572, 0.05553856239506674, -0.06295541046970837], [-0.09642564603638268, -0.06295541046970837, 0.12266165750507105]], "chi2_level": 0.99, "chi2_df": 3, "chi2_threshold": 11.344866730144373, "N_raw": 59, "N_roi": 58, "N_inlier": 55, "refit": true}
{"timestamp": "16:48:19.551127", "frame": 52, "mu": [-1.3666193799245203, 2.3947459672630487, 0.7804630782241238], "Sigma": [[0.012994119699215882, 0.005783166594367789, -0.017189218318422815], [0.005783166594367789, 0.0053822562572040916, -0.013306128523055627], [-0.017189218318422815, -0.013306128523055629, 0.03743701305889831]], "chi2_level": 0.99, "chi2_df": 3, "chi2_threshold": 11.344866730144373, "N_raw": 33, "N_roi": 33, "N_inlier": 32, "refit": true}
{"timestamp": "16:48:19.611094", "frame": 53, "mu": [-1.3766072643202487, 2.3385984676143137, 1.0413463982651094], "Sigma": [[0.01164083443229799, 0.002426573256302933, -0.014441685472332422], [0.002426573256302933, 0.0039196162129162574, -0.011594658510240248], [-0.014441685472332422, -0.011594658510240248, 0.04677209182176548]], "chi2_level": 0.99, "chi2_df": 3, "chi2_threshold": 11.344866730144373, "N_raw": 77, "N_roi": 77, "N_inlier": 74, "refit": true}
{"timestamp": "16:48:19.666459", "frame": 54, "mu": [-1.2930883815229637, 2.406739836511187, -0.7527067335656763], "Sigma": [[0.011974772271344821, 0.009738559694315573, 0.029412518566702326], [0.009738559694315573, 0.020477036476135923, 0.013071075559665465], [0.02941251856670233, 0.013071075559665465, 0.17032660755192533]], "chi2_level": 0.99, "chi2_df": 3, "chi2_threshold": 11.344866730144373, "N_raw": 77, "N_roi": 77, "N_inlier": 75, "refit": true}
{"timestamp": "16:48:19.725641", "frame": 55, "mu": [-1.3170959296980738, 2.3027779123197094, 1.1194073870489003], "Sigma": [[0.019415609621145927, 0.003999197851953867, -0.026628724910101053], [0.003999197851953867, 0.00419629952338781, -0.013174005430327063], [-0.026628724910101053, -0.013174005430327063, 0.0737502959423986]], "chi2_level": 0.99, "chi2_df": 3, "chi2_threshold": 11.344866730144373, "N_raw": 98, "N_roi": 98, "N_inlier": 93, "refit": true}
{"timestamp": "16:48:19.779821", "frame": 56, "mu": [-1.286321645864852, 2.276861400649671, 1.1847219495944232], "Sigma": [[0.01901607976568409, 0.00185478983609733, -0.014152775163508914], [0.00185478983609733, 0.0037020643127906212, -0.0081305275362896], [-0.014152775163508914, -0.0081305275362896, 0.03163056079777247]], "chi2_level": 0.99, "chi2_df": 3, "chi2_threshold": 11.344866730144373, "N_raw": 85, "N_roi": 83, "N_inlier": 79, "refit": true}
{"timestamp": "16:48:19.827775", "frame": 57, "mu": [-1.1957330559322934, 2.222825970623305, 1.2016076211908024], "Sigma": [[0.014259649896186085, 0.0018330660527374682, -0.007461514971354411], [0.0018330660527374682, 0.00268319444380372, -0.002304591299230655], [-0.007461514971354411, -0.002304591299230655, 0.005726806106904971]], "chi2_level": 0.99, "chi2_df": 3, "chi2_threshold": 11.344866730144373, "N_raw": 44, "N_roi": 44, "N_inlier": 42, "refit": true}
{"timestamp": "16:48:19.888546", "frame": 58, "mu": [-1.204985065219312, 2.3552929040989654, -0.23811002925596342], "Sigma": [[0.05751833715269762, 0.02739532136090243, -0.03890289583819098], [0.027395321360902433, 0.021200696197518534, -0.02797065520668906], [-0.03890289583819098, -0.02797065520668906, 0.03935541743276168]], "chi2_level": 0.99, "chi2_df": 3, "chi2_threshold": 11.344866730144373, "N_raw": 86, "N_roi": 86, "N_inlier": 83, "refit": true}
{"timestamp": "16:48:19.935784", "frame": 59, "mu": [-0.9892575121874986, 2.2247970221819124, 1.2939614813936497], "Sigma": [[0.05516887810028537, 0.02495840153008804, -0.05874438393911089], [0.02495840153008804, 0.013896705544651734, -0.028459617422353103], [-0.05874438393911089, -0.028459617422353103, 0.0661840899921488]], "chi2_level": 0.99, "chi2_df": 3, "chi2_threshold": 11.344866730144373, "N_raw": 36, "N_roi": 36, "N_inlier": 35, "refit": true}
{"timestamp": "16:48:19.996873", "frame": 60, "mu": [-0.9019011498260743, 2.2417182920431773, 0.9205434002767663], "Sigma": [[0.02141242535606644, 0.0035230766195366563, 0.000332811606317197], [0.0035230766195366563, 0.0038654064279546197, -0.0028661615882538474], [0.0003328116063171971, -0.002866161588253848, 0.004076291445023809]], "chi2_level": 0.99, "chi2_df": 3, "chi2_threshold": 11.344866730144373, "N_raw": 75, "N_roi": 75, "N_inlier": 71, "refit": true}
{"timestamp": "16:48:20.047568", "frame": 61, "mu": [-1.0944046312574, 2.0372085866194283, 1.131192852445491], "Sigma": [[0.005915526182271545, 0.0024232502522698674, -0.005457820693384184], [0.0024232502522698682, 0.003073526173935957, -0.005730592020607715], [-0.005457820693384184, -0.005730592020607715, 0.014971247106680257]], "chi2_level": 0.99, "chi2_df": 3, "chi2_threshold": 11.344866730144373, "N_raw": 36, "N_roi": 36, "N_inlier": 33, "refit": true}
{"timestamp": "16:48:20.107481", "frame": 62, "mu": [-0.9971617202327347, 2.0161952534048697, 1.097707640168841], "Sigma": [[0.015672563438582567, 0.004446551375736032, -0.00839090735101788], [0.004446551375736032, 0.0070544354907654495, -0.007384309900066678], [-0.00839090735101788, -0.007384309900066678, 0.00984923989947528]], "chi2_level": 0.99, "chi2_df": 3, "chi2_threshold": 11.344866730144373, "N_raw": 83, "N_roi": 83, "N_inlier": 81, "refit": true}
{"timestamp": "16:48:20.164264", "frame": 63, "mu": [-0.9648324098522062, 1.9726988154532188, 1.1228812063966533], "Sigma": [[0.010112745704343569, 0.0015242645659387924, -0.0009684314759591177], [0.001524264565938792, 0.0028093846919149358, -0.00675367453412592], [-0.0009684314759591181, -0.00675367453412592, 0.019946253494828536]], "chi2_level": 0.99, "chi2_df": 3, "chi2_threshold": 11.344866730144373, "N_raw": 79, "N_roi": 79, "N_inlier": 77, "refit": true}
{"timestamp": "16:48:20.218818", "frame": 64, "mu": [-0.779192682835051, 2.02422503976734, 0.995898575126985], "Sigma": [[0.03328266964185199, 0.019335098820595628, -0.025513934894537786], [0.019335098820595628, 0.015998276103783828, -0.020521637551644895], [-0.02551393489453779, -0.0205216375516449, 0.02937127070720558]], "chi2_level": 0.99, "chi2_df": 3, "chi2_threshold": 11.344866730144373, "N_raw": 89, "N_roi": 89, "N_inlier": 87, "refit": true}
{"timestamp": "16:48:20.276596", "frame": 65, "mu": [-0.8131517710514071, 1.9442703773638128, 1.0242988818594705], "Sigma": [[0.014966587301325244, 0.010312002058312106, -0.015138821575767762], [0.010312002058312106, 0.012508972189079015, -0.01640655318959572], [-0.015138821575767762, -0.01640655318959572, 0.023350150056463917]], "chi2_level": 0.99, "chi2_df": 3, "chi2_threshold": 11.344866730144373, "N_raw": 100, "N_roi": 100, "N_inlier": 98, "refit": true}
{"timestamp": "16:48:20.332981", "frame": 66, "mu": [-0.8211612311978109, 2.127277428190669, -0.422402508509517], "Sigma": [[0.01803548232725574, 0.0151222934279071, -0.012779698495312186], [0.0151222934279071, 0.024242117205401405, -0.02296074678527671], [-0.012779698495312186, -0.02296074678527671, 0.02496475492137433]], "chi2_level": 0.99, "chi2_df": 3, "chi2_threshold": 11.344866730144373, "N_raw": 107, "N_roi": 107, "N_inlier": 104, "refit": true}
{"timestamp": "16:48:20.442399", "frame": 67, "mu": [-0.7474714835989895, 2.010321286439999, -0.4149561149206302], "Sigma": [[0.023303020903036417, 0.01246339758131947, -0.04093791746042019], [0.01246339758131947, 0.014523970138465419, -0.039545287151278356], [-0.04093791746042019, -0.03954528715127836, 0.12984223921806914]], "chi2_level": 0.99, "chi2_df": 3, "chi2_threshold": 11.344866730144373, "N_raw": 91, "N_roi": 91, "N_inlier": 88, "refit": true}
{"timestamp": "16:48:20.479227", "frame": 68, "mu": [-0.6205740274294824, 1.7788877892086659, 0.8354249919402285], "Sigma": [[0.010628093156905173, 0.0008198253191413392, -0.019867934360067088], [0.000819825319141339, 0.013387400321496648, 0.010686618006192153], [-0.019867934360067088, 0.010686618006192155, 0.13133160703462635]], "chi2_level": 0.99, "chi2_df": 3, "chi2_threshold": 11.344866730144373, "N_raw": 51, "N_roi": 51, "N_inlier": 49, "refit": true}
{"timestamp": "16:48:20.513130", "frame": 69, "mu": [-0.7276082428413169, 1.7260885929034078, 1.0216154809438296], "Sigma": [[0.03001685502823409, 0.00463543185060003, -0.04020301951395118], [0.004635431850600029, 0.010382980391197711, -0.0029464380465721914], [-0.04020301951395117, -0.0029464380465721914, 0.10819876533474586]], "chi2_level": 0.99, "chi2_df": 3, "chi2_threshold": 11.344866730144373, "N_raw": 77, "N_roi": 77, "N_inlier": 73, "refit": true}
{"timestamp": "16:48:20.547586", "frame": 70, "mu": [-0.7076925675806258, 1.6962548477826842, 1.0008731957167452], "Sigma": [[0.015435304487508753, 0.004635226370831601, -0.022488266700140258], [0.004635226370831601, 0.004181152474708263, -0.00045415760952133223], [-0.022488266700140258, -0.0004541576095213325, 0.09053054879991942]], "chi2_level": 0.99, "chi2_df": 3, "chi2_threshold": 11.344866730144373, "N_raw": 74, "N_roi": 74, "N_inlier": 71, "refit": true}
{"timestamp": "16:48:20.603861", "frame": 71, "mu": [-0.6232714110224162, 1.7149766104524213, 1.3149482444393423], "Sigma": [[0.011852399354827878, -0.00010441490736218804, -0.0006689836472683812], [-0.00010441490736218787, 0.0039546263105342955, -0.003745090194039448], [-0.0006689836472683813, -0.0037450901940394472, 0.004515598271082514]], "chi2_level": 0.99, "chi2_df": 3, "chi2_threshold": 11.344866730144373, "N_raw": 89, "N_roi": 89, "N_inlier": 84, "refit": true}
{"timestamp": "16:48:20.660322", "frame": 72, "mu": [-0.5830085661843974, 1.763664230594791, 0.07732415689478946], "Sigma": [[0.01158027179524841, -0.004161353224033208, 0.036291398129115374], [-0.004161353224033208, 0.007424923774005593, -0.02457794195118972], [0.036291398129115374, -0.02457794195118972, 0.31812275270397633]], "chi2_level": 0.99, "chi2_df": 3, "chi2_threshold": 11.344866730144373, "N_raw": 90, "N_roi": 90, "N_inlier": 85, "refit": true}
{"timestamp": "16:48:20.714808", "frame": 73, "mu": [-0.5266513442842418, 1.5391582037649074, 0.9742138326806307], "Sigma": [[0.009609878907394011, 0.0016323938498211848, -0.008302890390182982], [0.001632393849821185, 0.012617373187779697, -0.0025578978781784505], [-0.008302890390182982, -0.0025578978781784505, 0.009963609409228674]], "chi2_level": 0.99, "chi2_df": 3, "chi2_threshold": 11.344866730144373, "N_raw": 96, "N_roi": 96, "N_inlier": 91, "refit": true}
{"timestamp": "16:48:20.772872", "frame": 74, "mu": [-0.4828592707081626, 1.5697763837880574, 0.9966261185956853], "Sigma": [[0.008024953225467053, 0.0014382435292321929, -0.0060811302112133035], [0.0014382435292321924, 0.00148370842072105, -0.0029572118342161475], [-0.006081130211213303, -0.0029572118342161475, 0.04010132251750584]], "chi2_level": 0.99, "chi2_df": 3, "chi2_threshold": 11.344866730144373, "N_raw": 107, "N_roi": 107, "N_inlier": 104, "refit": true}
{"timestamp": "16:48:20.827786", "frame": 75, "mu": [-0.4679171371424437, 1.5688415169544425, 1.0830844965098922], "Sigma": [[0.010379169231077234, 0.00470549333174544, -0.008527626972292684], [0.00470549333174544, 0.0053037739373074455, -0.003903541596255431], [-0.008527626972292684, -0.0039035415962554313, 0.04194355546571882]], "chi2_level": 0.99, "chi2_df": 3, "chi2_threshold": 11.344866730144373, "N_raw": 108, "N_roi": 108, "N_inlier": 105, "refit": true}
{"timestamp": "16:48:20.884395", "frame": 76, "mu": [-0.4666265377820137, 1.7176029749932846, -0.6246031150083738], "Sigma": [[0.010467986309580549, 0.0089376896378362, -0.0038179427381096753], [0.0089376896378362, 0.019351136498106783, -0.02074330200480284], [-0.003817942738109675, -0.02074330200480284, 0.146530949732474]], "chi2_level": 0.99, "chi2_df": 3, "chi2_threshold": 11.344866730144373, "N_raw": 121, "N_roi": 119, "N_inlier": 117, "refit": true}
{"timestamp": "16:48:20.937617", "frame": 77, "mu": [-0.4007843084682681, 1.5566652011888737, -0.26691087468966507], "Sigma": [[0.005130679657078117, 0.0029432516136238965, 0.04539756383335629], [0.0029432516136238965, 0.01260369939633595, 0.009462846858915457], [0.04539756383335629, 0.009462846858915457, 0.5798069537152063]], "chi2_level": 0.99, "chi2_df": 3, "chi2_threshold": 11.344866730144373, "N_raw": 95, "N_roi": 93, "N_inlier": 90, "refit": true}
{"timestamp": "16:48:20.996696", "frame": 78, "mu": [-0.31587400302270285, 1.491269592283913, 1.227949397067242], "Sigma": [[0.02130098338659394, 0.008401620464554851, 0.018796655517002523], [0.008401620464554851, 0.015051681653865508, 0.024106972488297483], [0.01879665551700252, 0.024106972488297483, 0.10131149352956106]], "chi2_level": 0.99, "chi2_df": 3, "chi2_threshold": 11.344866730144373, "N_raw": 130, "N_roi": 128, "N_inlier": 123, "refit": true}
{"timestamp": "16:48:21.048858", "frame": 79, "mu": [-0.17451962471706825, 1.479109399280095, 1.162671048645121], "Sigma": [[0.04824616267071255, -0.012066530976052092, -0.04478794607757991], [-0.012066530976052092, 0.008692740529298788, 0.01207888724978005], [-0.04478794607757991, 0.01207888724978005, 0.07218390257014788]], "chi2_level": 0.99, "chi2_df": 3, "chi2_threshold": 11.344866730144373, "N_raw": 115, "N_roi": 115, "N_inlier": 110, "refit": true}
{"timestamp": "16:48:21.108592", "frame": 80, "mu": [-0.13343520383593468, 1.378345682033683, 1.0672671288474709], "Sigma": [[0.05738611703876913, -0.0005090520951520885, -0.033385787855002215], [-0.0005090520951520888, 0.006202274404746135, 0.008940391750812881], [-0.033385787855002215, 0.008940391750812881, 0.07687464737869697]], "chi2_level": 0.99, "chi2_df": 3, "chi2_threshold": 11.344866730144373, "N_raw": 146, "N_roi": 146, "N_inlier": 143, "refit": true}
{"timestamp": "16:48:21.161533", "frame": 81, "mu": [-0.05681736703498905, 1.36100141586, 1.1607788841085485], "Sigma": [[0.05606304397825257, -0.0027860992123491567, -0.05068523635740837], [-0.002786099212349157, 0.00389734671163269, -0.0031169849866336885], [-0.050685236357408375, -0.0031169849866336885, 0.06367387664295968]], "chi2_level": 0.99, "chi2_df": 3, "chi2_threshold": 11.344866730144373, "N_raw": 130, "N_roi": 130, "N_inlier": 126, "refit": true}
{"timestamp": "16:48:21.217590", "frame": 82, "mu": [-0.008609381307122882, 1.3256688685446423, 1.100592493306051], "Sigma": [[0.04863254352062338, 0.006569606303373123, -0.011805789316892981], [0.006569606303373123, 0.004772885507499117, 0.00383680082919217], [-0.011805789316892983, 0.003836800829192168, 0.06952863253170809]], "chi2_level": 0.99, "chi2_df": 3, "chi2_threshold": 11.344866730144373, "N_raw": 140, "N_roi": 140, "N_inlier": 138, "refit": true}
{"timestamp": "16:48:21.267240", "frame": 83, "mu": [0.051784478329707014, 1.2999226691019248, 1.2116204437161104], "Sigma": [[0.0406241732130346, -0.00026617628813080727, -0.05336115815547753], [-0.00026617628813080727, 0.0029687545883902667, -0.0029069851756499472], [-0.05336115815547753, -0.0029069851756499477, 0.07863304369891455]], "chi2_level": 0.99, "chi2_df": 3, "chi2_threshold": 11.344866730144373, "N_raw": 101, "N_roi": 101, "N_inlier": 99, "refit": true}
{"timestamp": "16:48:21.324101", "frame": 84, "mu": [-0.007189581907774247, 1.262910005319285, 0.011131382558775268], "Sigma": [[0.02565489904227146, 0.005048627381328745, 0.10572603832272712], [0.0050486273813287455, 0.005017766636381039, 0.027136018039857844], [0.10572603832272712, 0.027136018039857848, 0.6992263367880315]], "chi2_level": 0.99, "chi2_df": 3, "chi2_threshold": 11.344866730144373, "N_raw": 110, "N_roi": 110, "N_inlier": 108, "refit": true}
{"timestamp": "16:48:21.383701", "frame": 85, "mu": [0.02647994905461514, 1.251327482624671, 1.2471123865697966], "Sigma": [[0.019395804926200275, 0.008128422931012333, -0.026529536314283193], [0.008128422931012333, 0.007520093142304573, -0.018423502196588865], [-0.026529536314283193, -0.018423502196588868, 0.061593743422951874]], "chi2_level": 0.99, "chi2_df": 3, "chi2_threshold": 11.344866730144373, "N_raw": 150, "N_roi": 150, "N_inlier": 145, "refit": true}
{"timestamp": "16:48:21.435611", "frame": 86, "mu": [-0.06561602377256823, 1.1594973739006647, 1.3228960307935778], "Sigma": [[0.0048409720230942555, -0.00017447122023942136, 0.005395007755356688], [-0.00017447122023942136, 0.004983669671247364, -0.000491944150927149], [0.005395007755356688, -0.0004919441509271493, 0.049287481856632245]], "chi2_level": 0.99, "chi2_df": 3, "chi2_threshold": 11.344866730144373, "N_raw": 122, "N_roi": 122, "N_inlier": 116, "refit": true}
{"timestamp": "16:48:21.491120", "frame": 87, "mu": [-0.05109142479510639, 1.1037062657158243, 1.1866810221111903], "Sigma": [[0.005561194045066641, 0.0030669348502789864, 0.0076807657956501135], [0.0030669348502789864, 0.006897979498059373, 0.008963759282561035], [0.0076807657956501135, 0.008963759282561035, 0.05227514071371017]], "chi2_level": 0.99, "chi2_df": 3, "chi2_threshold": 11.344866730144373, "N_raw": 130, "N_roi": 130, "N_inlier": 123, "refit": true}
{"timestamp": "16:48:21.540418", "frame": 88, "mu": [0.056061255318783476, 1.1090388411142633, 1.1835480095531354], "Sigma": [[0.010209873290680956, 0.004225263758420618, -0.011708496091864954], [0.004225263758420618, 0.0076858234991279825, 0.008769800231095616], [-0.011708496091864952, 0.008769800231095616, 0.16254405818846002]], "chi2_level": 0.99, "chi2_df": 3, "chi2_threshold": 11.344866730144373, "N_raw": 60, "N_roi": 60, "N_inlier": 58, "refit": true}
{"timestamp": "16:48:21.592720", "frame": 89, "mu": [0.08232907957802418, 0.9973004063680315, 1.242171266643579], "Sigma": [[0.007901744985736939, 0.0007621362832677816, -0.028782970283541248], [0.0007621362832677814, 0.009198602778557276, 0.033473794579620395], [-0.028782970283541244, 0.033473794579620395, 0.34142177021296927]], "chi2_level": 0.99, "chi2_df": 3, "chi2_threshold": 11.344866730144373, "N_raw": 73, "N_roi": 73, "N_inlier": 72, "refit": true}
{"timestamp": "16:48:21.651326", "frame": 90, "mu": [0.07994451395296866, 0.982891940372983, 1.4623060085302069], "Sigma": [[0.007558453686992583, 0.0029470212817805175, 0.009516750988647493], [0.002947021281780517, 0.0049658547636649, 0.0026986321968453545], [0.009516750988647493, 0.002698632196845355, 0.016893741323892986]], "chi2_level": 0.99, "chi2_df": 3, "chi2_threshold": 11.344866730144373, "N_raw": 104, "N_roi": 104, "N_inlier": 100, "refit": true}
{"timestamp": "16:48:21.702355", "frame": 91, "mu": [0.12658198615737917, 1.0071465327251559, 1.5536428080647613], "Sigma": [[0.002588561224052062, -0.0004882651914978563, -0.0008016079759820463], [-0.0004882651914978563, 0.0040868026434959905, -0.00199833812647004], [-0.0008016079759820463, -0.00199833812647004, 0.0015106119598870837]], "chi2_level": 0.99, "chi2_df": 3, "chi2_threshold": 11.344866730144373, "N_raw": 70, "N_roi": 70, "N_inlier": 66, "refit": true}
{"timestamp": "16:48:21.760788", "frame": 92, "mu": [0.17672738338995442, 0.9962049757786009, 1.430859328384179], "Sigma": [[0.006980539177336655, 0.0006600692444054285, 0.01255464636997302], [0.0006600692444054285, 0.004497094331853029, 0.00026472161343416695], [0.01255464636997302, 0.0002647216134341669, 0.048117544301577886]], "chi2_level": 0.99, "chi2_df": 3, "chi2_threshold": 11.344866730144373, "N_raw": 99, "N_roi": 99, "N_inlier": 92, "refit": true}
{"timestamp": "16:48:21.814943", "frame": 93, "mu": [0.23434220006060105, 0.961655539058858, 1.4647744659453232], "Sigma": [[0.0042344728980197805, 0.0014431520142515549, 0.0017662434188904274], [0.0014431520142515549, 0.004518149477143875, -0.002556190747218771], [0.0017662434188904274, -0.0025561907472187715, 0.005280447716013341]], "chi2_level": 0.99, "chi2_df": 3, "chi2_threshold": 11.344866730144373, "N_raw": 95, "N_roi": 95, "N_inlier": 92, "refit": true}
{"timestamp": "16:48:21.865591", "frame": 94, "mu": [0.26180873691575907, 0.8860680015045048, 1.507309399745427], "Sigma": [[0.002333535040791504, 0.0004091412502584097, -0.0017955840387622235], [0.00040914125025840977, 0.0034921894067428336, -0.0020318572296523637], [-0.0017955840387622235, -0.0020318572296523637, 0.007817450345903627]], "chi2_level": 0.99, "chi2_df": 3, "chi2_threshold": 11.344866730144373, "N_raw": 63, "N_roi": 63, "N_inlier": 60, "refit": true}
{"timestamp": "16:48:21.920893", "frame": 95, "mu": [0.25987145894907915, 0.9226248215813417, -0.3713280025944617], "Sigma": [[0.002503219089870129, 0.0037094785527867586, 0.00801423474999671], [0.0037094785527867586, 0.009742350302752532, 0.013116679093287648], [0.008014234749996713, 0.013116679093287648, 0.04406965274549965]], "chi2_level": 0.99, "chi2_df": 3, "chi2_threshold": 11.344866730144373, "N_raw": 68, "N_roi": 68, "N_inlier": 64, "refit": true}
{"timestamp": "16:48:21.972201", "frame": 96, "mu": [0.30889140650378794, 0.9627742206388556, -0.26061435962217555], "Sigma": [[0.0017084455784679294, -0.0015650084198204914, 0.002405620914948891], [-0.0015650084198204914, 0.0046513761695728024, -0.00482333660630299], [0.002405620914948891, -0.004823336606302991, 0.00735665207038837]], "chi2_level": 0.99, "chi2_df": 3, "chi2_threshold": 11.344866730144373, "N_raw": 43, "N_roi": 43, "N_inlier": 42, "refit": true}
{"timestamp": "16:48:22.030425", "frame": 97, "mu": [0.3961242477801908, 0.8110421067691919, 1.4725151144566002], "Sigma": [[0.004442113069491841, 0.00031847529528316216, 0.004873809592112616], [0.0003184752952831621, 0.002910397620808502, -0.0013698981887773297], [0.004873809592112616, -0.0013698981887773295, 0.011885477209405712]], "chi2_level": 0.99, "chi2_df": 3, "chi2_threshold": 11.344866730144373, "N_raw": 70, "N_roi": 70, "N_inlier": 70, "refit": true}
{"timestamp": "16:48:22.083175", "frame": 98, "mu": [0.4065662614013117, 0.7908839241423887, 1.4489438850329912], "Sigma": [[0.0016198993505978799, 0.0013401871626621885, 0.0028953291091098846], [0.0013401871626621885, 0.00473244183785538, 0.0008270422365511286], [0.0028953291091098846, 0.0008270422365511286, 0.010530049142255983]], "chi2_level": 0.99, "chi2_df": 3, "chi2_threshold": 11.344866730144373, "N_raw": 47, "N_roi": 47, "N_inlier": 47, "refit": true}
{"timestamp": "16:48:22.484567", "frame": 105, "mu": [0.6504362226590212, 0.5261335663277039, 1.3902686627218495], "Sigma": [[0.0026999813394956197, 0.002482639853407859, 6.400998857372751e-05], [0.002482639853407859, 0.00459981337541162, 0.0005599844796806874], [6.400998857372756e-05, 0.0005599844796806874, 0.0022698509912034816]], "chi2_level": 0.99, "chi2_df": 3, "chi2_threshold": 11.344866730144373, "N_raw": 32, "N_roi": 32, "N_inlier": 29, "refit": true}
