{"timestamp": "17:06:42.922406", "frame": 4, "mu": [1.8435248360644363, 0.9398009147267082, -0.9156631057326452], "Sigma": [[0.0017604541607752569, -0.00010858375954349558, -0.00189053432782947], [-0.00010858375954349558, 0.02084642679747916, -0.01048747284649395], [-0.00189053432782947, -0.01048747284649395, 0.010669350229640499]], "chi2_level": 0.99, "chi2_df": 3, "chi2_threshold": 11.344866730144373, "N_raw": 16, "N_roi": 16, "N_inlier": 14, "refit": true}
{"timestamp": "17:06:43.031712", "frame": 6, "mu": [1.6717873406774442, 0.7237849052106081, -0.9261489403556946], "Sigma": [[0.0037456749765663335, -0.0013668713515533422, -0.0014785361999266689], [-0.0013668713515533422, 0.004664043622962047, -0.0002888668588362568], [-0.0014785361999266689, -0.0002888668588362568, 0.0007502229510675627]], "chi2_level": 0.99, "chi2_df": 3, "chi2_threshold": 11.344866730144373, "N_raw": 14, "N_roi": 14, "N_inlier": 13, "refit": true}
{"timestamp": "17:06:43.305989", "frame": 11, "mu": [1.3947254329457823, 0.7956721232602377, 1.3112746778979976], "Sigma": [[0.0017281115412239446, -0.0006760687787692417, -0.003246783797017108], [-0.0006760687787692418, 0.0028619274438011965, 0.004454683697026887], [-0.0032467837970171095, 0.004454683697026887, 0.0499553642700257]], "chi2_level": 0.99, "chi2_df": 3, "chi2_threshold": 11.344866730144373, "N_raw": 13, "N_roi": 13, "N_inlier": 13, "refit": true}
{"timestamp": "17:06:43.418781", "frame": 13, "mu": [1.3020358596073294, 0.7781109746066159, 1.4590604843647883], "Sigma": [[0.0031132167406880042, -0.0012418782960505095, -0.0005387247382961043], [-0.0012418782960505095, 0.0046876065113923655, -0.007010598666109475], [-0.0005387247382961046, -0.007010598666109474, 0.04180623829809659]], "chi2_level": 0.99, "chi2_df": 3, "chi2_threshold": 11.344866730144373, "N_raw": 29, "N_roi": 29, "N_inlier": 29, "refit": true}
{"timestamp": "17:06:43.476424", "frame": 14, "mu": [1.1545161884411366, 0.8725433495477497, 1.107217243304395], "Sigma": [[0.007786558474316322, -0.00492359770876501, 0.01777599785651236], [-0.00492359770876501, 0.005369045452941794, -0.01487937442977987], [0.017775997856512363, -0.01487937442977987, 0.07450702319510699]], "chi2_level": 0.99, "chi2_df": 3, "chi2_threshold": 11.344866730144373, "N_raw": 29, "N_roi": 29, "N_inlier": 28, "refit": true}
{"timestamp": "17:06:43.532964", "frame": 15, "mu": [1.1543284579148854, 0.7976429185774612, 1.3367244092810062], "Sigma": [[0.009878461668335845, -0.0065088011392414455, 0.012502834385794075], [-0.006508801139241445, 0.009739531688129065, -0.012644620118117943], [0.012502834385794075, -0.012644620118117943, 0.04029561292818494]], "chi2_level": 0.99, "chi2_df": 3, "chi2_threshold": 11.344866730144373, "N_raw": 42, "N_roi": 42, "N_inlier": 40, "refit": true}
{"timestamp": "17:06:43.587635", "frame": 16, "mu": [0.9915776828023612, 0.8869466807767334, 1.4445655578882013], "Sigma": [[0.002440386996987039, -0.0016560331816782529, 0.0009026521335542838], [-0.0016560331816782529, 0.006256099263684474, -0.008712200900865545], [0.0009026521335542842, -0.008712200900865545, 0.03232072463231679]], "chi2_level": 0.99, "chi2_df": 3, "chi2_threshold": 11.344866730144373, "N_raw": 42, "N_roi": 42, "N_inlier": 41, "refit": true}
{"timestamp": "17:06:43.647619", "frame": 17, "mu": [0.9734842382736707, 0.7994529005972699, 1.4621114129095492], "Sigma": [[0.011156612030808524, -0.009318585441429328, -0.002382899593137476], [-0.009318585441429328, 0.014534202650633746, -0.0024769972800913467], [-0.0023828995931374757, -0.002476997280091347, 0.02743926056598223]], "chi2_level": 0.99, "chi2_df": 3, "chi2_threshold": 11.344866730144373, "N_raw": 69, "N_roi": 69, "N_inlier": 65, "refit": true}
{"timestamp": "17:06:43.696759", "frame": 18, "mu": [0.9095690386568017, 0.7963376472672216, 1.1820412139832537], "Sigma": [[0.005278261272731224, -0.0049487331147976725, 0.020142902100318067], [-0.0049487331147976725, 0.015997629375179543, -0.00972578497789037], [0.020142902100318067, -0.00972578497789037, 0.2222348538450846]], "chi2_level": 0.99, "chi2_df": 3, "chi2_threshold": 11.344866730144373, "N_raw": 25, "N_roi": 25, "N_inlier": 25, "refit": true}
{"timestamp": "17:06:43.753622", "frame": 19, "mu": [0.785790307714321, 1.0232661383739912, -0.44649358325210303], "Sigma": [[0.0032843802391145987, -0.00023374228739285512, 0.002813171207402325], [-0.00023374228739285544, 0.017761184482577193, -0.025534250466364698], [0.0028131712074023246, -0.0255342504663647, 0.07615129204211131]], "chi2_level": 0.99, "chi2_df": 3, "chi2_threshold": 11.344866730144373, "N_raw": 48, "N_roi": 48, "N_inlier": 46, "refit": true}
{"timestamp": "17:06:43.809009", "frame": 20, "mu": [0.7465308868083641, 0.9284908687229619, -0.2959129361868996], "Sigma": [[0.003336279926474962, 5.886424020431495e-05, -0.0036922677648142483], [5.886424020431488e-05, 0.005149949862574394, 0.00016135179081209474], [-0.0036922677648142483, 0.00016135179081209464, 0.005571111784214899]], "chi2_level": 0.99, "chi2_df": 3, "chi2_threshold": 11.344866730144373, "N_raw": 51, "N_roi": 51, "N_inlier": 49, "refit": true}
{"timestamp": "17:06:43.867038", "frame": 21, "mu": [0.5930260607572286, 0.8722708882194712, 1.6075766502095579], "Sigma": [[0.0030177086152938662, 0.000771535711474422, -0.0015339709016946887], [0.0007715357114744219, 0.007671530912616514, -0.0008772160446255997], [-0.0015339709016946887, -0.0008772160446255998, 0.0008964823687083822]], "chi2_level": 0.99, "chi2_df": 3, "chi2_threshold": 11.344866730144373, "N_raw": 67, "N_roi": 67, "N_inlier": 65, "refit": true}
{"timestamp": "17:06:43.923671", "frame": 22, "mu": [0.6127065290511697, 0.9007504279765678, -0.2565092274799002], "Sigma": [[0.00676949344797796, -0.00013764884721260515, -0.006872597235745877], [-0.0001376488472126053, 0.0028407420784004045, -0.0011845041408836917], [-0.006872597235745878, -0.0011845041408836917, 0.007986413136645826]], "chi2_level": 0.99, "chi2_df": 3, "chi2_threshold": 11.344866730144373, "N_raw": 75, "N_roi": 75, "N_inlier": 68, "refit": true}
{"timestamp": "17:06:43.979635", "frame": 23, "mu": [0.5171082540776892, 0.8430602037786136, 1.5421585600363572], "Sigma": [[0.003996847758812587, 0.0012803658640043476, -0.0015718538198113815], [0.0012803658640043476, 0.005484139898548101, -0.0010896818630063696], [-0.0015718538198113818, -0.0010896818630063696, 0.06541617762661721]], "chi2_level": 0.99, "chi2_df": 3, "chi2_threshold": 11.344866730144373, "N_raw": 84, "N_roi": 84, "N_inlier": 81, "refit": true}
{"timestamp": "17:06:44.028925", "frame": 24, "mu": [0.4219929707980462, 0.8464746018037759, 1.2507102756183823], "Sigma": [[0.012614521567754352, 0.0005258845207952557, 0.04467524967511355], [0.0005258845207952556, 0.0017331743284613361, -0.011280867190133376], [0.04467524967511355, -0.011280867190133374, 0.417718616879785]], "chi2_level": 0.99, "chi2_df": 3, "chi2_threshold": 11.344866730144373, "N_raw": 40, "N_roi": 39, "N_inlier": 38, "refit": true}
{"timestamp": "17:06:44.089655", "frame": 25, "mu": [0.32688165989412243, 0.8924358277969561, 1.4900177959580538], "Sigma": [[0.002982678737883192, 0.0006226562574216761, -0.001388390848101713], [0.0006226562574216761, 0.0028840247368158256, -0.0041469860918277295], [-0.001388390848101713, -0.0041469860918277295, 0.006544950982830092]], "chi2_level": 0.99, "chi2_df": 3, "chi2_threshold": 11.344866730144373, "N_raw": 80, "N_roi": 80, "N_inlier": 75, "refit": true}
{"timestamp": "17:06:44.148903", "frame": 26, "mu": [0.2794723024664954, 0.8631224914347986, 1.504739719823393], "Sigma": [[0.003637455359081368, 0.0007399610244629392, 0.0006538984144286081], [0.0007399610244629392, 0.004292265212186641, -0.0028217615295608642], [0.0006538984144286082, -0.0028217615295608642, 0.011921146521051787]], "chi2_level": 0.99, "chi2_df": 3, "chi2_threshold": 11.344866730144373, "N_raw": 107, "N_roi": 107, "N_inlier": 103, "refit": true}
{"timestamp": "17:06:44.200545", "frame": 27, "mu": [0.22079887623632713, 0.8481891227186845, -0.0435084669546623], "Sigma": [[0.00367655043378762, 0.00012278737251029387, 0.03732290768848745], [0.00012278737251029392, 0.0032310185938468927, -0.009926913631790745], [0.03732290768848745, -0.009926913631790744, 0.7562623632247994]], "chi2_level": 0.99, "chi2_df": 3, "chi2_threshold": 11.344866730144373, "N_raw": 92, "N_roi": 91, "N_inlier": 89, "refit": true}
{"timestamp": "17:06:44.254052", "frame": 28, "mu": [0.16168737158708096, 0.8564697756481826, 1.5586893727400217], "Sigma": [[0.006097162197044886, 0.0006831310903450272, 0.0003307628771169297], [0.000683131090345027, 0.002367119969713875, -0.0017424816821459243], [0.0003307628771169297, -0.0017424816821459243, 0.0018048195042697772]], "chi2_level": 0.99, "chi2_df": 3, "chi2_threshold": 11.344866730144373, "N_raw": 88, "N_roi": 88, "N_inlier": 88, "refit": true}
{"timestamp": "17:06:44.308740", "frame": 29, "mu": [0.10157102104342731, 0.8508165275290931, 1.536185463322118], "Sigma": [[0.0025595652704546576, -0.0016060417504609554, -0.0026411124281224925], [-0.0016060417504609554, 0.003944463312309544, -0.000274825549092853], [-0.0026411124281224925, -0.00027482554909285313, 0.0070339789411557226]], "chi2_level": 0.99, "chi2_df": 3, "chi2_threshold": 11.344866730144373, "N_raw": 75, "N_roi": 72, "N_inlier": 70, "refit": true}
{"timestamp": "17:06:44.363286", "frame": 30, "mu": [0.0013829686834738284, 0.8102168410947516, 1.4745439682583381], "Sigma": [[0.0021706066280713894, 0.0012997043981398321, 0.003056621585203844], [0.0012997043981398321, 0.005119624242555313, 0.0016244208912643836], [0.0030566215852038444, 0.0016244208912643836, 0.014936232163287278]], "chi2_level": 0.99, "chi2_df": 3, "chi2_threshold": 11.344866730144373, "N_raw": 77, "N_roi": 77, "N_inlier": 74, "refit": true}
{"timestamp": "17:06:44.417391", "frame": 31, "mu": [-0.06309519523546944, 0.8292579195488853, 1.4799627466447673], "Sigma": [[0.002329435481771251, 0.0008830762853556859, 0.004087939494464854], [0.0008830762853556859, 0.0051183187865480985, 0.0025057212340873227], [0.004087939494464854, 0.0025057212340873227, 0.01737583145441282]], "chi2_level": 0.99, "chi2_df": 3, "chi2_threshold": 11.344866730144373, "N_raw": 69, "N_roi": 69, "N_inlier": 64, "refit": true}
{"timestamp": "17:06:44.473381", "frame": 32, "mu": [-0.12108577180352699, 0.9504909839596783, -0.3228946832186074], "Sigma": [[0.0020946635299900936, 0.0014132002104212272, 0.005503628451658519], [0.0014132002104212268, 0.00650238477856181, 0.003449116045929885], [0.005503628451658519, 0.003449116045929885, 0.020055148871787158]], "chi2_level": 0.99, "chi2_df": 3, "chi2_threshold": 11.344866730144373, "N_raw": 70, "N_roi": 70, "N_inlier": 68, "refit": true}
{"timestamp": "17:06:44.529729", "frame": 33, "mu": [-0.20072195669129944, 0.824951469214667, 1.4847935054508656], "Sigma": [[0.0024782339676904736, 0.0004061069410015973, 0.0008089603450166826], [0.0004061069410015973, 0.005057860320481145, -0.00218676873489546], [0.0008089603450166826, -0.00218676873489546, 0.0032005109893049784]], "chi2_level": 0.99, "chi2_df": 3, "chi2_threshold": 11.344866730144373, "N_raw": 82, "N_roi": 80, "N_inlier": 75, "refit": true}
{"timestamp": "17:06:44.584760", "frame": 34, "mu": [-0.26002784516989286, 0.8581789186132058, 1.4966990555286894], "Sigma": [[0.002939052683608899, -0.00030305898637623274, -0.001551044096159135], [-0.00030305898637623274, 0.0019049758784613925, -0.003295589003770206], [-0.0015510440961591348, -0.003295589003770206, 0.0086824427569483]], "chi2_level": 0.99, "chi2_df": 3, "chi2_threshold": 11.344866730144373, "N_raw": 87, "N_roi": 87, "N_inlier": 79, "refit": true}
{"timestamp": "17:06:44.642424", "frame": 35, "mu": [-0.4131367582120799, 0.8607814258817233, 1.5204968660090108], "Sigma": [[0.010316786019478589, -0.0026062149376234567, -0.0015524705932053226], [-0.0026062149376234567, 0.0014174109481264632, -0.0010913953020810078], [-0.0015524705932053226, -0.0010913953020810078, 0.00439490754853294]], "chi2_level": 0.99, "chi2_df": 3, "chi2_threshold": 11.344866730144373, "N_raw": 99, "N_roi": 98, "N_inlier": 84, "refit": true}
{"timestamp": "17:06:44.689781", "frame": 36, "mu": [-0.44976285715121433, 0.8364451935045589, 1.5949440139903568], "Sigma": [[0.001822811845806578, -0.00040855755820371734, 0.00011362392019243715], [-0.00040855755820371734, 0.0017626032536099132, -0.002719189100170066], [0.00011362392019243726, -0.002719189100170066, 0.004967298216313816]], "chi2_level": 0.99, "chi2_df": 3, "chi2_threshold": 11.344866730144373, "N_raw": 52, "N_roi": 52, "N_inlier": 48, "refit": true}
{"timestamp": "17:06:44.745725", "frame": 37, "mu": [-0.5531723281050323, 0.8510329682041855, 1.5830140652136921], "Sigma": [[0.002732256417687342, -0.0011909830270272477, -0.0033908958306080824], [-0.0011909830270272475, 0.002355970155008493, 0.0030994474923668807], [-0.0033908958306080824, 0.0030994474923668807, 0.0344258201197365]], "chi2_level": 0.99, "chi2_df": 3, "chi2_threshold": 11.344866730144373, "N_raw": 54, "N_roi": 53, "N_inlier": 49, "refit": true}
{"timestamp": "17:06:44.804737", "frame": 38, "mu": [-0.6610295975891947, 0.7745646575994054, 1.66544547858493], "Sigma": [[0.01201159017825886, 0.006140001088055628, -0.008803840645928509], [0.006140001088055628, 0.008227605443985231, -0.01098310846006305], [-0.008803840645928509, -0.010983108460063052, 0.01858438359872089]], "chi2_level": 0.99, "chi2_df": 3, "chi2_threshold": 11.344866730144373, "N_raw": 83, "N_roi": 82, "N_inlier": 77, "refit": true}
{"timestamp": "17:06:44.855491", "frame": 39, "mu": [-0.8343105969166281, 0.6729302143164719, 1.8320788721804702], "Sigma": [[0.007862690680756906, 0.003367980191153987, -0.004408672688741212], [0.003367980191153987, 0.005936856518198226, -0.005150600732322132], [-0.004408672688741212, -0.005150600732322132, 0.005513992004037751]], "chi2_level": 0.99, "chi2_df": 3, "chi2_threshold": 11.344866730144373, "N_raw": 57, "N_roi": 56, "N_inlier": 51, "refit": true}
{"timestamp": "17:06:44.918906", "frame": 40, "mu": [-0.8180443729586719, 0.7562542623697222, 0.4731221024270714], "Sigma": [[0.01119242214569075, 0.0050725459662234705, 0.05595224621424709], [0.0050725459662234705, 0.008583634898386617, 0.03546787604163639], [0.055952246214247096, 0.035467876041636384, 0.5943709172148993]], "chi2_level": 0.99, "chi2_df": 3, "chi2_threshold": 11.344866730144373, "N_raw": 113, "N_roi": 113, "N_inlier": 113, "refit": true}
{"timestamp": "17:06:44.970926", "frame": 41, "mu": [-0.8165447694210302, 0.7331050512181876, 1.3823672351380936], "Sigma": [[0.013785323557336754, 0.005743050414471125, -0.04515269413631001], [0.005743050414471125, 0.006167251951090322, -0.02414379527530486], [-0.04515269413631001, -0.02414379527530486, 0.19694028423764137]], "chi2_level": 0.99, "chi2_df": 3, "chi2_threshold": 11.344866730144373, "N_raw": 90, "N_roi": 90, "N_inlier": 85, "refit": true}
{"timestamp": "17:06:45.026802", "frame": 42, "mu": [-0.9626023244489899, 0.7075853698611853, 1.7239346768821098], "Sigma": [[0.007790935974662507, 0.0008695944085379446, -0.0027365586812023207], [0.0008695944085379446, 0.007322088619015115, -0.004451287616316758], [-0.0027365586812023203, -0.004451287616316758, 0.004372959638185508]], "chi2_level": 0.99, "chi2_df": 3, "chi2_threshold": 11.344866730144373, "N_raw": 94, "N_roi": 94, "N_inlier": 88, "refit": true}
{"timestamp": "17:06:45.084501", "frame": 43, "mu": [-1.0396141789995716, 0.6475595687866352, 1.5921521644793943], "Sigma": [[0.011767626455338898, 0.002443537295767993, -0.004004688440681855], [0.002443537295767992, 0.018002291497063755, -0.0013116391678062414], [-0.004004688440681855, -0.0013116391678062414, 0.0035211125001072146]], "chi2_level": 0.99, "chi2_df": 3, "chi2_threshold": 11.344866730144373, "N_raw": 111, "N_roi": 111, "N_inlier": 106, "refit": true}
{"timestamp": "17:06:45.137607", "frame": 44, "mu": [-1.1024260139651025, 0.6408674461510127, 1.561763754808775], "Sigma": [[0.007846123027207379, 0.0027501297202931338, 0.0004164577903540103], [0.002750129720293134, 0.01682184622802797, -0.004279527704344943], [0.00041645779035401017, -0.004279527704344943, 0.0038399722840999437]], "chi2_level": 0.99, "chi2_df": 3, "chi2_threshold": 11.344866730144373, "N_raw": 97, "N_roi": 97, "N_inlier": 91, "refit": true}
{"timestamp": "17:06:45.189545", "frame": 45, "mu": [-1.1543028394429369, 0.6478135032445742, 1.5586295104094696], "Sigma": [[0.009622257155454431, 0.0036437998202853753, -0.0034061930837428695], [0.0036437998202853753, 0.009291040978629, -0.006547182452554231], [-0.0034061930837428695, -0.006547182452554231, 0.007801033115894946]], "chi2_level": 0.99, "chi2_df": 3, "chi2_threshold": 11.344866730144373, "N_raw": 75, "N_roi": 75, "N_inlier": 72, "refit": true}
{"timestamp": "17:06:45.242710", "frame": 46, "mu": [-1.2284594649838172, 0.6019968722655501, 1.514332874397276], "Sigma": [[0.008927892828936489, 0.004174477930121235, 0.00018722478836468698], [0.004174477930121234, 0.007233168667927239, -0.00451048211521597], [0.000187224788364687, -0.00451048211521597, 0.006181410429938374]], "chi2_level": 0.99, "chi2_df": 3, "chi2_threshold": 11.344866730144373, "N_raw": 72, "N_roi": 72, "N_inlier": 68, "refit": true}
{"timestamp": "17:06:45.297599", "frame": 47, "mu": [-1.2873547060176165, 0.6633825110491095, 1.5587542626484638], "Sigma": [[0.007169531944386334, 0.0037886463755090584, 0.0010710040866228972], [0.003788646375509059, 0.0083343351498761, -0.006178881013015775], [0.0010710040866228972, -0.006178881013015775, 0.01697456950937679]], "chi2_level": 0.99, "chi2_df": 3, "chi2_threshold": 11.344866730144373, "N_raw": 71, "N_roi": 71, "N_inlier": 66, "refit": true}
{"timestamp": "17:06:45.351887", "frame": 48, "mu": [-1.348392348727771, 0.7204181508123476, 1.5623049893378917], "Sigma": [[0.006244295047331471, 0.0021280071101036366, 0.0007666511481873431], [0.0021280071101036366, 0.008715367513908135, -0.00838824110240282], [0.0007666511481873432, -0.00838824110240282, 0.020176855593312365]], "chi2_level": 0.99, "chi2_df": 3, "chi2_threshold": 11.344866730144373, "N_raw": 65, "N_roi": 65, "N_inlier": 64, "refit": true}
{"timestamp": "17:06:45.408682", "frame": 49, "mu": [-1.3696003320805832, 0.7251844654206102, 1.5717557577715602], "Sigma": [[0.008973754791325913, 0.002313558842117914, -0.0002444478091713463], [0.002313558842117914, 0.00846212928669541, -0.00817013596422508], [-0.0002444478091713464, -0.00817013596422508, 0.010596495928488969]], "chi2_level": 0.99, "chi2_df": 3, "chi2_threshold": 11.344866730144373, "N_raw": 79, "N_roi": 79, "N_inlier": 72, "refit": true}
{"timestamp": "17:06:45.545014", "frame": 50, "mu": [-1.4342733118045208, 0.8351931073569484, -0.25136548410534604], "Sigma": [[0.008940865849568646, 0.003091955899829344, 0.003985773698194172], [0.003091955899829345, 0.011818884213755656, -0.006000906533800543], [0.003985773698194172, -0.006000906533800543, 0.008750781282965086]], "chi2_level": 0.99, "chi2_df": 3, "chi2_threshold": 11.344866730144373, "N_raw": 70, "N_roi": 70, "N_inlier": 69, "refit": true}
{"timestamp": "17:06:45.576382", "frame": 51, "mu": [-1.4614005879634675, 0.862245695366619, -0.27089967964259404], "Sigma": [[0.00804829728888778, 0.002495959134932194, 0.0019689360535580774], [0.0024959591349321946, 0.013404032943813197, -0.009050996054381009], [0.0019689360535580774, -0.009050996054381009, 0.014024718124850434]], "chi2_level": 0.99, "chi2_df": 3, "chi2_threshold": 11.344866730144373, "N_raw": 75, "N_roi": 75, "N_inlier": 73, "refit": true}
{"timestamp": "17:06:45.604473", "frame": 52, "mu": [-1.4513665207404607, 0.9632454534753547, -0.3676035603061587], "Sigma": [[0.013957928463262251, 0.0036483338548900534, 0.005674495850531528], [0.0036483338548900534, 0.013304006376012097, -0.00954845886822791], [0.005674495850531529, -0.00954845886822791, 0.020165444446332836]], "chi2_level": 0.99, "chi2_df": 3, "chi2_threshold": 11.344866730144373, "N_raw": 115, "N_roi": 115, "N_inlier": 114, "refit": true}
{"timestamp": "17:06:45.633237", "frame": 53, "mu": [-1.5269450845520396, 0.9522442049186675, -0.37012594347424477], "Sigma": [[0.01269825410439369, 0.003977378574892846, 0.007635311945707872], [0.003977378574892846, 0.010482037230274013, -0.006810631910026947], [0.007635311945707872, -0.006810631910026946, 0.018159219297159742]], "chi2_level": 0.99, "chi2_df": 3, "chi2_threshold": 11.344866730144373, "N_raw": 90, "N_roi": 90, "N_inlier": 89, "refit": true}
{"timestamp": "17:06:45.686023", "frame": 54, "mu": [-1.594583943223553, 0.8499356078610674, 1.4237226476805303], "Sigma": [[0.010855444965941376, 0.005598918696360103, 0.005682014870470407], [0.005598918696360104, 0.009686111635526075, -0.003181710799465792], [0.005682014870470407, -0.003181710799465792, 0.03845090689175051]], "chi2_level": 0.99, "chi2_df": 3, "chi2_threshold": 11.344866730144373, "N_raw": 90, "N_roi": 90, "N_inlier": 87, "refit": true}
{"timestamp": "17:06:45.739566", "frame": 55, "mu": [-1.6323497405122671, 0.9051600174633362, 1.4149296789294274], "Sigma": [[0.010149369772137562, 0.003715194672572606, 0.007520918620639706], [0.0037151946725726055, 0.007858219551208901, -0.006591327730323012], [0.007520918620639706, -0.006591327730323012, 0.039457290327731]], "chi2_level": 0.99, "chi2_df": 3, "chi2_threshold": 11.344866730144373, "N_raw": 83, "N_roi": 83, "N_inlier": 81, "refit": true}
{"timestamp": "17:06:45.794173", "frame": 56, "mu": [-1.661605385952068, 0.8933237704741723, 1.4158540277742802], "Sigma": [[0.008621882385145562, 0.004221473300951317, 0.004520520483685453], [0.004221473300951317, 0.006762932815411213, -0.005513217906534845], [0.004520520483685453, -0.005513217906534846, 0.03238997253014453]], "chi2_level": 0.99, "chi2_df": 3, "chi2_threshold": 11.344866730144373, "N_raw": 75, "N_roi": 75, "N_inlier": 72, "refit": true}
{"timestamp": "17:06:45.848424", "frame": 57, "mu": [-1.6387408898472473, 0.9471565079224897, 1.3921052331754298], "Sigma": [[0.010869273039749208, 0.0056538392094995, -0.01818527949754964], [0.0056538392094995, 0.015167829956585522, -0.03372242246023523], [-0.018185279497549636, -0.03372242246023523, 0.1459325790992459]], "chi2_level": 0.99, "chi2_df": 3, "chi2_threshold": 11.344866730144373, "N_raw": 69, "N_roi": 69, "N_inlier": 69, "refit": true}
{"timestamp": "17:06:45.901672", "frame": 58, "mu": [-1.6873231450680763, 0.962622267190053, 1.419647073170953], "Sigma": [[0.008313323366209541, 0.0028183697100734994, 0.0021323135411483495], [0.0028183697100734994, 0.006006745912114858, -0.003725879118464206], [0.0021323135411483504, -0.003725879118464205, 0.020369531811066387]], "chi2_level": 0.99, "chi2_df": 3, "chi2_threshold": 11.344866730144373, "N_raw": 62, "N_roi": 62, "N_inlier": 59, "refit": true}
{"timestamp": "17:06:45.957825", "frame": 59, "mu": [-1.7446789509887972, 0.9980067561303448, 1.3643294767962069], "Sigma": [[0.013194606552485848, 0.0018404553410372882, 0.009813471118164122], [0.0018404553410372882, 0.010091070148425323, -0.020395657412769844], [0.009813471118164122, -0.020395657412769844, 0.06896262223168935]], "chi2_level": 0.99, "chi2_df": 3, "chi2_threshold": 11.344866730144373, "N_raw": 73, "N_roi": 73, "N_inlier": 72, "refit": true}
{"timestamp": "17:06:46.011737", "frame": 60, "mu": [-1.7969153201233523, 1.0222854958386267, 1.4332457693967], "Sigma": [[0.009497330844793936, 0.003969587606703657, -0.0006271384679081832], [0.003969587606703657, 0.005782896734746568, -0.008314737060875212], [-0.0006271384679081831, -0.008314737060875212, 0.023462060422544784]], "chi2_level": 0.99, "chi2_df": 3, "chi2_threshold": 11.344866730144373, "N_raw": 62, "N_roi": 62, "N_inlier": 59, "refit": true}
{"timestamp": "17:06:46.064325", "frame": 61, "mu": [-1.7432023084931993, 1.0896111718081625, 1.3833444464955185], "Sigma": [[0.01254729461729445, 0.0062123385099649465, 0.007360428802673745], [0.0062123385099649465, 0.006932371644738444, -7.750539742388488e-05], [0.007360428802673743, -7.750539742388467e-05, 0.032348745142138036]], "chi2_level": 0.99, "chi2_df": 3, "chi2_threshold": 11.344866730144373, "N_raw": 50, "N_roi": 50, "N_inlier": 49, "refit": true}
{"timestamp": "17:06:46.122130", "frame": 62, "mu": [-1.8374256526943573, 1.0880257303216652, 1.3001558309635193], "Sigma": [[0.015321378952810358, 0.010164667156415908, 0.0077682075978423295], [0.010164667156415907, 0.009818251865053555, 0.001005802162242261], [0.007768207597842329, 0.001005802162242261, 0.024986002803715705]], "chi2_level": 0.99, "chi2_df": 3, "chi2_threshold": 11.344866730144373, "N_raw": 67, "N_roi": 67, "N_inlier": 67, "refit": true}
{"timestamp": "17:06:46.177077", "frame": 63, "mu": [-1.818464930640576, 1.2360106467082321, 1.4328377872602005], "Sigma": [[0.017530443898340946, 0.006672220398459161, 0.0111904307184348], [0.006672220398459161, 0.008430571312769723, -0.0020608327603426116], [0.0111904307184348, -0.0020608327603426116, 0.0637408642158105]], "chi2_level": 0.99, "chi2_df": 3, "chi2_threshold": 11.344866730144373, "N_raw": 73, "N_roi": 73, "N_inlier": 73, "refit": true}
{"timestamp": "17:06:46.237801", "frame": 64, "mu": [-1.9097526084914187, 1.2182477412695567, 1.4422502620811546], "Sigma": [[0.024166909151797682, 0.016654076685292195, 0.03242408571243593], [0.016654076685292195, 0.020566625597637424, 0.021967886607684797], [0.03242408571243592, 0.021967886607684797, 0.13360713715183029]], "chi2_level": 0.99, "chi2_df": 3, "chi2_threshold": 11.344866730144373, "N_raw": 96, "N_roi": 96, "N_inlier": 94, "refit": true}
{"timestamp": "17:06:46.289048", "frame": 65, "mu": [-1.8777288568175812, 1.3515864832267384, 1.5002505074649088], "Sigma": [[0.016286197197145892, 0.009873997710130231, 0.01406191887228131], [0.009873997710130228, 0.014102380453989892, -0.005750762714174429], [0.01406191887228131, -0.005750762714174429, 0.09840917094511241]], "chi2_level": 0.99, "chi2_df": 3, "chi2_threshold": 11.344866730144373, "N_raw": 80, "N_roi": 80, "N_inlier": 79, "refit": true}
{"timestamp": "17:06:46.343520", "frame": 66, "mu": [-1.9028202471461018, 1.3611530366091842, 1.5392775906828573], "Sigma": [[0.011116240525509235, 0.006669359642007368, 0.004029284199996219], [0.006669359642007367, 0.01018882254806698, -0.014264443429145549], [0.004029284199996219, -0.014264443429145549, 0.1139851935284177]], "chi2_level": 0.99, "chi2_df": 3, "chi2_threshold": 11.344866730144373, "N_raw": 76, "N_roi": 76, "N_inlier": 74, "refit": true}
{"timestamp": "17:06:46.401629", "frame": 67, "mu": [-1.9634329271470656, 1.4819528071026697, -0.06411077965526227], "Sigma": [[0.026671222452815987, -0.0020800822673537065, 0.03329036602523521], [-0.002080082267353706, 0.034655153069187525, -0.05379838894849197], [0.033290366025235205, -0.05379838894849197, 0.1434831820455244]], "chi2_level": 0.99, "chi2_df": 3, "chi2_threshold": 11.344866730144373, "N_raw": 95, "N_roi": 95, "N_inlier": 95, "refit": true}
{"timestamp": "17:06:46.457364", "frame": 68, "mu": [-1.9388081655170648, 1.511091604642494, 1.508561395970107], "Sigma": [[0.027575168156912057, 0.01043594148587783, 0.012753886300133545], [0.01043594148587783, 0.017633101885592875, -0.027681610377502754], [0.012753886300133542, -0.027681610377502754, 0.08962901819297645]], "chi2_level": 0.99, "chi2_df": 3, "chi2_threshold": 11.344866730144373, "N_raw": 97, "N_roi": 97, "N_inlier": 95, "refit": true}
{"timestamp": "17:06:46.512958", "frame": 69, "mu": [-1.9432050221721153, 1.5435827388828316, 0.37464628909455777], "Sigma": [[0.024432801540528584, 0.01280455077580333, 0.07741887607349301], [0.01280455077580333, 0.027496136706528004, 0.08512100745282605], [0.07741887607349301, 0.08512100745282605, 0.6815230413300245]], "chi2_level": 0.99, "chi2_df": 3, "chi2_threshold": 11.344866730144373, "N_raw": 105, "N_roi": 105, "N_inlier": 103, "refit": true}
{"timestamp": "17:06:46.565087", "frame": 70, "mu": [-1.9505339989381374, 1.5736440528407227, 1.693918437950264], "Sigma": [[0.01651969923425823, 0.016820255430239475, -0.0186261385205259], [0.016820255430239475, 0.027837155865850435, -0.030999745052097544], [-0.0186261385205259, -0.030999745052097537, 0.06302895523151175]], "chi2_level": 0.99, "chi2_df": 3, "chi2_threshold": 11.344866730144373, "N_raw": 89, "N_roi": 89, "N_inlier": 89, "refit": true}
{"timestamp": "17:06:46.621939", "frame": 71, "mu": [-1.9706050441641443, 1.6562384234091476, 0.15504977212484589], "Sigma": [[0.01792732450162393, 0.014605261541995394, 0.05760597842553216], [0.014605261541995394, 0.02144286192096765, 0.06021505478444665], [0.05760597842553216, 0.06021505478444665, 0.555790863086601]], "chi2_level": 0.99, "chi2_df": 3, "chi2_threshold": 11.344866730144373, "N_raw": 91, "N_roi": 91, "N_inlier": 91, "refit": true}
{"timestamp": "17:06:46.675464", "frame": 72, "mu": [-2.0468594307473675, 1.6818427233471502, 1.7281992043758743], "Sigma": [[0.016942349018450986, 0.015981723621466527, -0.01665360536520183], [0.015981723621466527, 0.026364596658272003, -0.030172291479534746], [-0.01665360536520183, -0.030172291479534746, 0.05005494793951413]], "chi2_level": 0.99, "chi2_df": 3, "chi2_threshold": 11.344866730144373, "N_raw": 83, "N_roi": 83, "N_inlier": 79, "refit": true}
{"timestamp": "17:06:46.725586", "frame": 73, "mu": [-2.079181484342302, 1.7058266668900899, 1.8166254811207325], "Sigma": [[0.014255395157002438, 0.012208945407404987, -0.011128139683443028], [0.012208945407404987, 0.020688539004648118, -0.015347107362348494], [-0.011128139683443028, -0.015347107362348494, 0.015864562998419013]], "chi2_level": 0.99, "chi2_df": 3, "chi2_threshold": 11.344866730144373, "N_raw": 60, "N_roi": 60, "N_inlier": 58, "refit": true}
{"timestamp": "17:06:46.777993", "frame": 74, "mu": [-2.110481705421409, 1.8202105475233847, 0.22562664317778253], "Sigma": [[0.013254313451989515, 0.011562482446060129, -0.007584505198801391], [0.011562482446060129, 0.023419513318465632, -0.021165120615018], [-0.007584505198801392, -0.021165120615018, 0.024991455357146395]], "chi2_level": 0.99, "chi2_df": 3, "chi2_threshold": 11.344866730144373, "N_raw": 37, "N_roi": 37, "N_inlier": 36, "refit": true}
{"timestamp": "17:06:46.844463", "frame": 75, "mu": [-2.0716624150623555, 1.9329327591345322, 1.6648177602632848], "Sigma": [[0.024853931493751442, 0.019055699185427877, -0.017023274199661764], [0.019055699185427877, 0.027358820498412262, -0.027064796112127414], [-0.017023274199661768, -0.027064796112127414, 0.06269429697794218]], "chi2_level": 0.99, "chi2_df": 3, "chi2_threshold": 11.344866730144373, "N_raw": 111, "N_roi": 107, "N_inlier": 103, "refit": true}
{"timestamp": "17:06:46.897090", "frame": 76, "mu": [-2.1357217533108614, 1.9297702642631753, 1.6565581285753193], "Sigma": [[0.02280339146531268, 0.01822149217132827, -0.014483254909049552], [0.01822149217132827, 0.025484456654655655, -0.029033094081163127], [-0.014483254909049552, -0.029033094081163127, 0.046888566398821836]], "chi2_level": 0.99, "chi2_df": 3, "chi2_threshold": 11.344866730144373, "N_raw": 94, "N_roi": 94, "N_inlier": 93, "refit": true}
{"timestamp": "17:06:46.958324", "frame": 77, "mu": [-2.1243391052901637, 2.0738853835363544, 1.5407312845749588], "Sigma": [[0.023941122297556964, 0.020475660300751812, -0.021929567733531392], [0.020475660300751812, 0.0319248295280426, -0.04229369060498343], [-0.021929567733531392, -0.04229369060498343, 0.08516267120460153]], "chi2_level": 0.99, "chi2_df": 3, "chi2_threshold": 11.344866730144373, "N_raw": 100, "N_roi": 98, "N_inlier": 98, "refit": true}
{"timestamp": "17:06:47.006018", "frame": 78, "mu": [-2.046883302690472, 2.1064574717074733, 1.728275404204977], "Sigma": [[0.0305357103269926, 0.021850644751068776, -0.020085324663997296], [0.021850644751068776, 0.02666847799815876, -0.03238044072281848], [-0.020085324663997303, -0.03238044072281848, 0.07225176541322992]], "chi2_level": 0.99, "chi2_df": 3, "chi2_threshold": 11.344866730144373, "N_raw": 92, "N_roi": 92, "N_inlier": 89, "refit": true}
{"timestamp": "17:06:47.058852", "frame": 79, "mu": [-2.1022345896681336, 2.1778958255612504, 1.628205510259458], "Sigma": [[0.0341801132685394, 0.024582875994742577, -0.020800435283253933], [0.024582875994742577, 0.023993911435304653, -0.030829064583159593], [-0.020800435283253933, -0.030829064583159593, 0.058436379158984156]], "chi2_level": 0.99, "chi2_df": 3, "chi2_threshold": 11.344866730144373, "N_raw": 79, "N_roi": 70, "N_inlier": 66, "refit": true}
{"timestamp": "17:06:47.113406", "frame": 80, "mu": [-2.173091674379573, 2.263235182005981, 1.3420103743733307], "Sigma": [[0.026618599587933743, 0.023738052178516524, -0.04241598310950848], [0.023738052178516524, 0.028246987946290575, -0.059238226102753255], [-0.04241598310950849, -0.059238226102753255, 0.2067305301887968]], "chi2_level": 0.99, "chi2_df": 3, "chi2_threshold": 11.344866730144373, "N_raw": 81, "N_roi": 69, "N_inlier": 68, "refit": true}
{"timestamp": "17:06:47.170786", "frame": 81, "mu": [-2.1000237580286556, 2.461209805331584, -0.10253792000622078], "Sigma": [[0.024456760162229543, 0.011461311945122473, 0.01385966095248321], [0.011461311945122473, 0.040401063871355225, -0.060642657816342364], [0.01385966095248321, -0.060642657816342364, 0.181549639580146]], "chi2_level": 0.99, "chi2_df": 3, "chi2_threshold": 11.344866730144373, "N_raw": 93, "N_roi": 86, "N_inlier": 84, "refit": true}
{"timestamp": "17:06:47.219639", "frame": 82, "mu": [-2.0198324199361535, 2.387846689340518, 1.2056649786542453], "Sigma": [[0.022553455043135905, 0.014643223932478517, 0.04446234264139849], [0.014643223932478518, 0.012322451358243228, 0.0178652798342966], [0.0444623426413985, 0.0178652798342966, 0.26794015977487146]], "chi2_level": 0.99, "chi2_df": 3, "chi2_threshold": 11.344866730144373, "N_raw": 48, "N_roi": 44, "N_inlier": 41, "refit": true}
{"timestamp": "17:06:47.269669", "frame": 83, "mu": [-1.9824302211810356, 2.524616979366691, 1.4840043673218093], "Sigma": [[0.014383869554611628, 0.0062157402321373996, 0.0328796984558862], [0.0062157402321373996, 0.005109128390058786, 0.0202916273607932], [0.03287969845588622, 0.0202916273607932, 0.12233261656488383]], "chi2_level": 0.99, "chi2_df": 3, "chi2_threshold": 11.344866730144373, "N_raw": 14, "N_roi": 14, "N_inlier": 14, "refit": true}
{"timestamp": "17:06:47.324183", "frame": 84, "mu": [-1.9759412211019394, 2.6283905872264492, 1.4952955468742335], "Sigma": [[0.013093302171387272, 0.0005201350913780485, 0.008911115262848643], [0.0005201350913780486, 0.0013583847813655853, 0.00043613396365446504], [0.008911115262848643, 0.00043613396365446526, 0.019108709918437838]], "chi2_level": 0.99, "chi2_df": 3, "chi2_threshold": 11.344866730144373, "N_raw": 15, "N_roi": 15, "N_inlier": 14, "refit": true}
{"timestamp": "17:06:47.386287", "frame": 85, "mu": [-2.0105425154688277, 2.66036875625214, 1.423632776924142], "Sigma": [[0.0316311925770769, 0.008871434276488264, 0.027507196071416454], [0.008871434276488264, 0.007927302339021806, 0.0010695001959155075], [0.027507196071416454, 0.0010695001959155064, 0.08130294140605124]], "chi2_level": 0.99, "chi2_df": 3, "chi2_threshold": 11.344866730144373, "N_raw": 65, "N_roi": 65, "N_inlier": 64, "refit": true}
{"timestamp": "17:06:47.435432", "frame": 86, "mu": [-2.003832116554946, 2.7587990123222585, 1.5415479485583283], "Sigma": [[0.008140624459392362, 0.003991615249355221, -0.003519848927054825], [0.003991615249355221, 0.0037804914352682004, -0.003877140237744544], [-0.003519848927054825, -0.0038771402377445444, 0.00564919435609382]], "chi2_level": 0.99, "chi2_df": 3, "chi2_threshold": 11.344866730144373, "N_raw": 21, "N_roi": 21, "N_inlier": 20, "refit": true}
{"timestamp": "17:06:47.492137", "frame": 87, "mu": [-1.9454243785361425, 2.7696642877479856, 1.6230920353102998], "Sigma": [[0.011551975725390849, 0.00513135628419982, -0.002613069290399537], [0.00513135628419982, 0.005512524281856919, -0.004776650462066649], [-0.002613069290399537, -0.004776650462066649, 0.006276085662732225]], "chi2_level": 0.99, "chi2_df": 3, "chi2_threshold": 11.344866730144373, "N_raw": 36, "N_roi": 34, "N_inlier": 33, "refit": true}
{"timestamp": "17:06:47.549122", "frame": 88, "mu": [-2.0015575787102975, 2.8843590822537744, -0.2914202755100721], "Sigma": [[0.017930634971327918, 0.008295897237977627, 0.019868472663176193], [0.008295897237977627, 0.009578546080013666, 0.013345451691992312], [0.019868472663176193, 0.013345451691992312, 0.08158660142204507]], "chi2_level": 0.99, "chi2_df": 3, "chi2_threshold": 11.344866730144373, "N_raw": 43, "N_roi": 43, "N_inlier": 40, "refit": true}
{"timestamp": "17:06:47.607193", "frame": 89, "mu": [-1.9517822038182333, 2.9100958011612623, 1.6037154907534634], "Sigma": [[0.02009093333111765, 0.009702626974935236, -0.02708231888531392], [0.009702626974935236, 0.013278781368294601, -0.029536425381297096], [-0.02708231888531392, -0.029536425381297096, 0.16065166760239816]], "chi2_level": 0.99, "chi2_df": 3, "chi2_threshold": 11.344866730144373, "N_raw": 69, "N_roi": 69, "N_inlier": 66, "refit": true}
{"timestamp": "17:06:47.658869", "frame": 90, "mu": [-2.0023909092159506, 2.9925434441369254, 1.562552127893426], "Sigma": [[0.015292958245176983, 0.006074096848524129, -0.0071688592903109815], [0.006074096848524129, 0.01489634756257348, -0.031316537212886957], [-0.007168859290310982, -0.031316537212886957, 0.07625258601002435]], "chi2_level": 0.99, "chi2_df": 3, "chi2_threshold": 11.344866730144373, "N_raw": 43, "N_roi": 43, "N_inlier": 41, "refit": true}
{"timestamp": "17:06:47.712417", "frame": 91, "mu": [-1.9687626247611105, 3.0883420844818046, 1.3058081390606158], "Sigma": [[0.013290274988437717, 0.006130931532517219, -0.030508058715237006], [0.006130931532517219, 0.005707583507940649, -0.017501824101025493], [-0.030508058715237006, -0.017501824101025493, 0.1054242434002962]], "chi2_level": 0.99, "chi2_df": 3, "chi2_threshold": 11.344866730144373, "N_raw": 33, "N_roi": 33, "N_inlier": 31, "refit": true}
{"timestamp": "17:06:47.824167", "frame": 93, "mu": [-1.9695257213697437, 3.167458327597675, 0.400319011062048], "Sigma": [[0.014836927178745228, 0.00900612947647944, 0.012448386183603263], [0.00900612947647944, 0.01591527499499497, -0.001059004282360691], [0.012448386183603263, -0.001059004282360692, 0.059762266704214584]], "chi2_level": 0.99, "chi2_df": 3, "chi2_threshold": 11.344866730144373, "N_raw": 48, "N_roi": 48, "N_inlier": 48, "refit": true}
{"timestamp": "17:06:47.879818", "frame": 94, "mu": [-1.9976023906638194, 3.3061454871245544, 0.2691993447475984], "Sigma": [[0.015128376888707109, 0.009134640953330195, -0.013369159777003824], [0.009134640953330195, 0.015892454931694194, -0.026249162360273186], [-0.013369159777003824, -0.026249162360273186, 0.04662254910437463]], "chi2_level": 0.99, "chi2_df": 3, "chi2_threshold": 11.344866730144373, "N_raw": 50, "N_roi": 49, "N_inlier": 46, "refit": true}
{"timestamp": "17:06:47.937412", "frame": 95, "mu": [-2.012167267028648, 3.3234195630097405, 1.484294939218306], "Sigma": [[0.0190453093937969, 0.005242312891625058, -0.0028449523646759565], [0.005242312891625059, 0.006873677240965576, -0.01831495089303936], [-0.0028449523646759556, -0.018314950893039358, 0.093050618797932]], "chi2_level": 0.99, "chi2_df": 3, "chi2_threshold": 11.344866730144373, "N_raw": 72, "N_roi": 69, "N_inlier": 68, "refit": true}
{"timestamp": "17:06:47.993464", "frame": 96, "mu": [-2.0273627753642978, 3.400303470813439, -0.33950892746822237], "Sigma": [[0.020736555680344416, 0.005926534020713435, 0.04686394844278674], [0.005926534020713435, 0.012245186824648636, 0.00854323254837996], [0.04686394844278674, 0.00854323254837996, 0.22468900309258696]], "chi2_level": 0.99, "chi2_df": 3, "chi2_threshold": 11.344866730144373, "N_raw": 74, "N_roi": 74, "N_inlier": 72, "refit": true}
