{"timestamp": "17:02:25.150111", "frame": 15, "mu": [-2.3268578358807703, 3.0169494132831196, 1.1876299969772788], "Sigma": [[0.009010074870283383, 0.002729535967517563, -0.005457919037676902], [0.002729535967517563, 0.003661330570683548, -0.003765841933249951], [-0.005457919037676901, -0.003765841933249951, 0.005872125835353254]], "chi2_level": 0.95, "chi2_df": 3, "chi2_threshold": 7.814727903251179, "N_raw": 22, "N_roi": 20, "N_inlier": 19, "refit": true}
{"timestamp": "17:02:25.214851", "frame": 16, "mu": [-2.257723616799543, 3.1069564298778976, 1.3067062676889913], "Sigma": [[0.019860830824334992, 0.007642884322403209, -0.013340351024303376], [0.007642884322403207, 0.011803814968474225, -0.011694517059950974], [-0.013340351024303379, -0.011694517059950976, 0.01621614119635162]], "chi2_level": 0.95, "chi2_df": 3, "chi2_threshold": 7.814727903251179, "N_raw": 71, "N_roi": 62, "N_inlier": 61, "refit": true}
{"timestamp": "17:02:25.261390", "frame": 17, "mu": [-2.0337100536334507, 3.245387585455056, -0.06699069646666796], "Sigma": [[0.003274381582750241, 0.001573773030851015, -0.0053995815032102865], [0.0015737730308510152, 0.00878374880916047, -0.002829136668031144], [-0.0053995815032102865, -0.002829136668031144, 0.013008248794722932]], "chi2_level": 0.95, "chi2_df": 3, "chi2_threshold": 7.814727903251179, "N_raw": 11, "N_roi": 9, "N_inlier": 8, "refit": true}
{"timestamp": "17:02:25.317462", "frame": 18, "mu": [-1.9492547219645828, 3.3936232033907605, -0.22100751667859925], "Sigma": [[0.025058739782064306, -0.007400747762033485, 0.01777834223867002], [-0.007400747762033485, 0.009560430741148906, -0.020326172806627924], [0.01777834223867002, -0.02032617280662792, 0.061270708973162266]], "chi2_level": 0.95, "chi2_df": 3, "chi2_threshold": 7.814727903251179, "N_raw": 25, "N_roi": 23, "N_inlier": 20, "refit": true}
{"timestamp": "17:02:25.375294", "frame": 19, "mu": [-2.052925695320717, 3.1261229974910436, 1.3939583916791287], "Sigma": [[0.02140216587762029, 0.007984253172836426, -0.02059210509637389], [0.007984253172836426, 0.008150488401628906, -0.007490356565048147], [-0.02059210509637389, -0.007490356565048148, 0.021152564668109455]], "chi2_level": 0.95, "chi2_df": 3, "chi2_threshold": 7.814727903251179, "N_raw": 46, "N_roi": 45, "N_inlier": 44, "refit": true}
{"timestamp": "17:02:25.430424", "frame": 20, "mu": [-1.9839492842832134, 3.203277343368387, 1.391880880571476], "Sigma": [[0.0196151250091476, 0.007628701073653887, -0.016059991891674376], [0.0076287010736538876, 0.008852587998317086, -0.008433130427402416], [-0.016059991891674376, -0.008433130427402418, 0.017507264007194913]], "chi2_level": 0.95, "chi2_df": 3, "chi2_threshold": 7.814727903251179, "N_raw": 51, "N_roi": 51, "N_inlier": 51, "refit": true}
{"timestamp": "17:02:25.488323", "frame": 21, "mu": [-1.907706861684558, 3.1591731073604072, 1.242685613493909], "Sigma": [[0.019161713124773647, 0.005441230089813348, -0.01717163879022092], [0.005441230089813347, 0.007494195483233541, -0.011052949190619442], [-0.01717163879022092, -0.011052949190619443, 0.02400069145111446]], "chi2_level": 0.95, "chi2_df": 3, "chi2_threshold": 7.814727903251179, "N_raw": 61, "N_roi": 61, "N_inlier": 59, "refit": true}
{"timestamp": "17:02:25.544449", "frame": 22, "mu": [-1.8138509809895804, 3.15664894417321, 1.1660384789742886], "Sigma": [[0.021614529203838016, 0.008135244540310914, -0.025081433572180966], [0.008135244540310914, 0.010522356241185997, -0.01503500256350766], [-0.025081433572180966, -0.01503500256350766, 0.03783409763471749]], "chi2_level": 0.95, "chi2_df": 3, "chi2_threshold": 7.814727903251179, "N_raw": 75, "N_roi": 73, "N_inlier": 70, "refit": true}
{"timestamp": "17:02:25.597147", "frame": 23, "mu": [-1.759943364632001, 3.1834154332765134, 1.2433887196264934], "Sigma": [[0.017326768405393975, 0.003815309234638973, -0.024413665062382198], [0.003815309234638973, 0.004122014231838237, -0.010815410055268714], [-0.024413665062382198, -0.010815410055268714, 0.05852186193825789]], "chi2_level": 0.95, "chi2_df": 3, "chi2_threshold": 7.814727903251179, "N_raw": 54, "N_roi": 52, "N_inlier": 51, "refit": true}
{"timestamp": "17:02:25.653655", "frame": 24, "mu": [-1.6989251563384766, 3.2367759052532756, 1.3755542768416888], "Sigma": [[0.021941853374892864, 0.007070835839360665, -0.009857733957995688], [0.007070835839360666, 0.00721382624017042, -0.011786576832172537], [-0.009857733957995687, -0.011786576832172536, 0.032840215676915155]], "chi2_level": 0.95, "chi2_df": 3, "chi2_threshold": 7.814727903251179, "N_raw": 71, "N_roi": 69, "N_inlier": 66, "refit": true}
{"timestamp": "17:02:25.705496", "frame": 25, "mu": [-1.5509320330405936, 3.3179290748523136, 0.1546672521208886], "Sigma": [[0.013387164816895227, 0.005253217756291128, -0.0030260732157464843], [0.005253217756291128, 0.008325540044140064, -0.018150201936950813], [-0.0030260732157464843, -0.018150201936950813, 0.05345616228689955]], "chi2_level": 0.95, "chi2_df": 3, "chi2_threshold": 7.814727903251179, "N_raw": 39, "N_roi": 39, "N_inlier": 38, "refit": true}
{"timestamp": "17:02:25.762628", "frame": 26, "mu": [-1.4843029987162981, 3.2316689616700502, 1.086040954585079], "Sigma": [[0.019373001292749076, 0.001458704297486187, -0.012005636405245273], [0.001458704297486187, 0.0016375197903700925, -0.0054438957197811885], [-0.012005636405245273, -0.0054438957197811885, 0.04123569189327543]], "chi2_level": 0.95, "chi2_df": 3, "chi2_threshold": 7.814727903251179, "N_raw": 57, "N_roi": 55, "N_inlier": 51, "refit": true}
{"timestamp": "17:02:25.820158", "frame": 27, "mu": [-1.3959658621060398, 3.2102829964990516, 1.2093662696542653], "Sigma": [[0.021924960949014544, 0.007318490642668462, -0.012310529830408097], [0.007318490642668462, 0.005755281719174718, -0.012190104652416659], [-0.012310529830408095, -0.012190104652416659, 0.04233542145222363]], "chi2_level": 0.95, "chi2_df": 3, "chi2_threshold": 7.814727903251179, "N_raw": 74, "N_roi": 73, "N_inlier": 70, "refit": true}
{"timestamp": "17:02:25.874161", "frame": 28, "mu": [-1.3259340213541968, 3.198888640124528, 1.2576582252498987], "Sigma": [[0.020126727754583407, 0.005279888098434956, -0.00563771039886713], [0.005279888098434956, 0.005368960959422269, -0.009637638312368045], [-0.00563771039886713, -0.009637638312368045, 0.024561313114241454]], "chi2_level": 0.95, "chi2_df": 3, "chi2_threshold": 7.814727903251179, "N_raw": 69, "N_roi": 69, "N_inlier": 66, "refit": true}
{"timestamp": "17:02:25.928752", "frame": 29, "mu": [-1.2211964504195727, 3.204264554426587, 1.165773056311711], "Sigma": [[0.01804530550677221, 0.005467813119920813, -0.0024729499776267776], [0.005467813119920813, 0.0031081974047920177, -0.00771479618048418], [-0.0024729499776267767, -0.00771479618048418, 0.060171650349835765]], "chi2_level": 0.95, "chi2_df": 3, "chi2_threshold": 7.814727903251179, "N_raw": 63, "N_roi": 63, "N_inlier": 62, "refit": true}
{"timestamp": "17:02:25.984397", "frame": 30, "mu": [-1.169547470247978, 3.1771631024981293, 1.2087885498654642], "Sigma": [[0.0187384980964002, 0.0032067309022512642, -0.011372342729454617], [0.0032067309022512642, 0.003758305502886114, -0.00878956619751344], [-0.011372342729454617, -0.008789566197513442, 0.030533336831626522]], "chi2_level": 0.95, "chi2_df": 3, "chi2_threshold": 7.814727903251179, "N_raw": 71, "N_roi": 69, "N_inlier": 64, "refit": true}
{"timestamp": "17:02:26.035418", "frame": 31, "mu": [-1.0533297244458881, 3.146641007367335, 1.132382555221216], "Sigma": [[0.014170429746521421, -0.0023922142664248693, -0.031551723567408596], [-0.0023922142664248693, 0.0030206970233968324, 0.003290963647726728], [-0.031551723567408596, 0.003290963647726728, 0.08860495763122042]], "chi2_level": 0.95, "chi2_df": 3, "chi2_threshold": 7.814727903251179, "N_raw": 49, "N_roi": 48, "N_inlier": 46, "refit": true}
{"timestamp": "17:02:26.093765", "frame": 32, "mu": [-0.9609624658701429, 3.128990129136108, 1.2079083119192273], "Sigma": [[0.017305309685484813, -0.001923509662617379, -0.02531088925637234], [-0.0019235096626173786, 0.004667628064462873, -0.0004076177933417911], [-0.025310889256372343, -0.0004076177933417914, 0.04868132494448939]], "chi2_level": 0.95, "chi2_df": 3, "chi2_threshold": 7.814727903251179, "N_raw": 69, "N_roi": 67, "N_inlier": 62, "refit": true}
{"timestamp": "17:02:26.146479", "frame": 33, "mu": [-0.8683278414248533, 3.1495219254420284, -0.7933280443948012], "Sigma": [[0.012262769680071216, 0.002569794904096485, -0.01642137578350259], [0.002569794904096485, 0.004195016706036282, -0.004987812154259624], [-0.01642137578350259, -0.0049878121542596245, 0.027243427198086402]], "chi2_level": 0.95, "chi2_df": 3, "chi2_threshold": 7.814727903251179, "N_raw": 53, "N_roi": 49, "N_inlier": 43, "refit": true}
{"timestamp": "17:02:26.206389", "frame": 34, "mu": [-0.8377661427642259, 3.1788558299250305, 1.2950803779344593], "Sigma": [[0.018907213840371355, -0.0038200829507615552, -0.010923480635466611], [-0.003820082950761556, 0.00997845539296459, 0.002716034936379087], [-0.010923480635466611, 0.002716034936379087, 0.012007953750785984]], "chi2_level": 0.95, "chi2_df": 3, "chi2_threshold": 7.814727903251179, "N_raw": 77, "N_roi": 73, "N_inlier": 69, "refit": true}
{"timestamp": "17:02:26.255075", "frame": 35, "mu": [-0.8217683551149737, 3.2073227719034105, 1.4277686647837344], "Sigma": [[0.011138672697115442, 0.0004281580134023628, -0.008087128666165566], [0.0004281580134023629, 0.0023843386672818463, -0.002259576146675773], [-0.008087128666165566, -0.002259576146675773, 0.009495530479820923]], "chi2_level": 0.95, "chi2_df": 3, "chi2_threshold": 7.814727903251179, "N_raw": 39, "N_roi": 39, "N_inlier": 34, "refit": true}
{"timestamp": "17:02:26.307075", "frame": 36, "mu": [-0.6557490694978345, 3.2951988831001224, 0.4824221623200046], "Sigma": [[0.007826149869681786, -0.0020815676543752444, 0.03225427310944815], [-0.0020815676543752444, 0.012166271396170558, -0.055592305679014964], [0.03225427310944815, -0.05559230567901497, 0.3473599555849832]], "chi2_level": 0.95, "chi2_df": 3, "chi2_threshold": 7.814727903251179, "N_raw": 22, "N_roi": 21, "N_inlier": 20, "refit": true}
{"timestamp": "17:02:26.360067", "frame": 37, "mu": [-0.6597480976147738, 3.1790921307868185, 0.5770214553250244], "Sigma": [[0.007795313975651462, -0.0019762148031528095, -0.03762133078074964], [-0.001976214803152809, 0.003309912977350219, -0.008645440105456856], [-0.03762133078074963, -0.008645440105456856, 0.6156302590678079]], "chi2_level": 0.95, "chi2_df": 3, "chi2_threshold": 7.814727903251179, "N_raw": 8, "N_roi": 8, "N_inlier": 7, "refit": true}
{"timestamp": "17:02:26.424068", "frame": 38, "mu": [-0.5492553240607021, 3.1989301760828504, 1.236060957429929], "Sigma": [[0.02051125119953318, 0.001518571368195098, -0.006959819103577128], [0.0015185713681950975, 0.003513746629459741, -0.007824675462281784], [-0.006959819103577127, -0.007824675462281784, 0.02710616583052963]], "chi2_level": 0.95, "chi2_df": 3, "chi2_threshold": 7.814727903251179, "N_raw": 75, "N_roi": 73, "N_inlier": 69, "refit": true}
{"timestamp": "17:02:26.481499", "frame": 39, "mu": [-0.5403665297353539, 3.252112186858483, 1.157827209213551], "Sigma": [[0.020054101250389696, 0.0007662320010144832, -0.007665815364327875], [0.0007662320010144834, 0.0027039447332792986, -0.007739240367985685], [-0.007665815364327875, -0.007739240367985685, 0.03670909284714841]], "chi2_level": 0.95, "chi2_df": 3, "chi2_threshold": 7.814727903251179, "N_raw": 76, "N_roi": 72, "N_inlier": 67, "refit": true}
{"timestamp": "17:02:26.527079", "frame": 40, "mu": [-0.441941527328398, 3.296357950380905, 1.154577863920721], "Sigma": [[0.003738963466414953, 0.0008422396931018729, 0.02559622493422392], [0.0008422396931018731, 0.0035129911292078736, 0.001943796717723924], [0.02559622493422392, 0.0019437967177239248, 0.3755353841563041]], "chi2_level": 0.95, "chi2_df": 3, "chi2_threshold": 7.814727903251179, "N_raw": 14, "N_roi": 8, "N_inlier": 8, "refit": true}
{"timestamp": "17:02:26.585611", "frame": 41, "mu": [-0.33628640803851667, 3.295677245973735, 1.428181307359196], "Sigma": [[0.01329462295589247, -0.0004394191402790353, -0.012066984004452525], [-0.0004394191402790354, 0.002348656499353353, -0.003403724219009938], [-0.012066984004452525, -0.003403724219009938, 0.025009113266338263]], "chi2_level": 0.95, "chi2_df": 3, "chi2_threshold": 7.814727903251179, "N_raw": 44, "N_roi": 40, "N_inlier": 39, "refit": true}
{"timestamp": "17:02:26.642643", "frame": 42, "mu": [-0.32553515535619876, 3.327554264397947, 1.606482965155377], "Sigma": [[0.019473754324013402, 0.00010580753596818121, -0.005865216552904872], [0.00010580753596818121, 0.003525329642974046, -0.0034806406667072473], [-0.005865216552904874, -0.003480640666707247, 0.016497573410959292]], "chi2_level": 0.95, "chi2_df": 3, "chi2_threshold": 7.814727903251179, "N_raw": 59, "N_roi": 55, "N_inlier": 52, "refit": true}
{"timestamp": "17:02:26.694837", "frame": 43, "mu": [-0.27188900757518913, 3.31072667645421, 1.5855182308077824], "Sigma": [[0.013283939121343088, 0.0009462843493160704, 0.0002650340879700317], [0.0009462843493160704, 0.0021249837837991254, -0.002842256981861001], [0.00026503408797003174, -0.002842256981861001, 0.0057759880664401035]], "chi2_level": 0.95, "chi2_df": 3, "chi2_threshold": 7.814727903251179, "N_raw": 37, "N_roi": 37, "N_inlier": 33, "refit": true}
{"timestamp": "17:02:26.748666", "frame": 44, "mu": [-0.264747577771794, 3.2425183765207497, 1.141966035177229], "Sigma": [[0.010421496632176805, 0.003073991501869027, 0.002342486797141389], [0.003073991501869027, 0.004861352645495022, 0.00285270547123504], [0.002342486797141389, 0.0028527054712350402, 0.002944792356830568]], "chi2_level": 0.95, "chi2_df": 3, "chi2_threshold": 7.814727903251179, "N_raw": 31, "N_roi": 31, "N_inlier": 28, "refit": true}
{"timestamp": "17:02:26.810037", "frame": 45, "mu": [-0.14975000168067398, 3.22203330384813, 1.358834997858336], "Sigma": [[0.017526737735149907, 0.0022107704939545707, -0.0007534852621519968], [0.0022107704939545707, 0.007083685077409296, -0.0008438112767584543], [-0.0007534852621519968, -0.0008438112767584543, 0.0015530753878065426]], "chi2_level": 0.95, "chi2_df": 3, "chi2_threshold": 7.814727903251179, "N_raw": 72, "N_roi": 72, "N_inlier": 67, "refit": true}
{"timestamp": "17:02:26.862125", "frame": 46, "mu": [-0.06990700768608585, 3.2570526353435523, 1.4286852217461676], "Sigma": [[0.010408359061395318, 0.00373215363450788, 0.013032825989270769], [0.0037321536345078796, 0.007152690727045587, 0.01112645232184975], [0.013032825989270769, 0.011126452321849752, 0.050491566032054125]], "chi2_level": 0.95, "chi2_df": 3, "chi2_threshold": 7.814727903251179, "N_raw": 50, "N_roi": 48, "N_inlier": 45, "refit": true}
{"timestamp": "17:02:26.918624", "frame": 47, "mu": [-0.025409942361294905, 3.153688371311284, 1.1561948869264516], "Sigma": [[0.014674677838159315, 0.0007068991077580878, -0.005380281319002093], [0.0007068991077580878, 0.003904045218286657, -0.0036273756151630736], [-0.005380281319002093, -0.0036273756151630736, 0.007687859244057526]], "chi2_level": 0.95, "chi2_df": 3, "chi2_threshold": 7.814727903251179, "N_raw": 63, "N_roi": 59, "N_inlier": 54, "refit": true}
{"timestamp": "17:02:26.976424", "frame": 48, "mu": [0.06943411085923613, 3.22502189519494, 1.1339652747348758], "Sigma": [[0.01626014273626125, -0.002654450065021837, 0.0013656028390025602], [-0.002654450065021836, 0.015601035188540701, -0.0344266114942008], [0.0013656028390025604, -0.0344266114942008, 0.09034449285996549]], "chi2_level": 0.95, "chi2_df": 3, "chi2_threshold": 7.814727903251179, "N_raw": 78, "N_roi": 75, "N_inlier": 75, "refit": true}
{"timestamp": "17:02:27.024159", "frame": 49, "mu": [0.0497392048400401, 3.437679299437481, 0.6810203723578494], "Sigma": [[0.010349271573953935, -0.006390965990310833, 0.013464522152826817], [-0.006390965990310833, 0.014071872864838483, -0.037721300537884674], [0.01346452215282682, -0.037721300537884674, 0.11757582135613705]], "chi2_level": 0.95, "chi2_df": 3, "chi2_threshold": 7.814727903251179, "N_raw": 27, "N_roi": 24, "N_inlier": 23, "refit": true}
{"timestamp": "17:02:27.083352", "frame": 50, "mu": [0.24844142352172516, 3.266830412453503, 0.18279988607398445], "Sigma": [[0.013959755210794043, 0.0005909044081805861, -7.007622289017688e-06], [0.0005909044081805859, 0.008925734880782885, -0.008158522939882253], [-7.007622289017634e-06, -0.008158522939882253, 0.0417901914246443]], "chi2_level": 0.95, "chi2_df": 3, "chi2_threshold": 7.814727903251179, "N_raw": 67, "N_roi": 67, "N_inlier": 62, "refit": true}
{"timestamp": "17:02:27.135736", "frame": 51, "mu": [0.28225425512284685, 3.2092406325311438, 1.5709805391903735], "Sigma": [[0.007912432504898075, -0.0013018845719825777, -0.006112613982808353], [-0.0013018845719825775, 0.005071306329675275, 0.00287995574674382], [-0.006112613982808353, 0.00287995574674382, 0.008658748797815289]], "chi2_level": 0.95, "chi2_df": 3, "chi2_threshold": 7.814727903251179, "N_raw": 42, "N_roi": 38, "N_inlier": 34, "refit": true}
{"timestamp": "17:02:27.194336", "frame": 52, "mu": [0.3468058553562455, 3.2279645395646983, 1.013856817017475], "Sigma": [[0.013179768853534321, -0.0004621700491870253, 0.06110711926247482], [-0.0004621700491870254, 0.005925168818329334, -0.014430744254145245], [0.06110711926247482, -0.014430744254145245, 0.6102718277203646]], "chi2_level": 0.95, "chi2_df": 3, "chi2_threshold": 7.814727903251179, "N_raw": 64, "N_roi": 64, "N_inlier": 61, "refit": true}
{"timestamp": "17:02:27.248872", "frame": 53, "mu": [0.3546108916499989, 3.2737913046276943, 0.40452457079143694], "Sigma": [[0.01512320294718047, -0.0012516963126192981, -0.008894308088115067], [-0.0012516963126192981, 0.006255482036779219, -0.0018873558844147637], [-0.008894308088115067, -0.0018873558844147637, 0.007712898097342985]], "chi2_level": 0.95, "chi2_df": 3, "chi2_threshold": 7.814727903251179, "N_raw": 57, "N_roi": 56, "N_inlier": 54, "refit": true}
{"timestamp": "17:02:27.295496", "frame": 54, "mu": [0.43564077877332874, 3.2869698922684534, 0.9322866853518199], "Sigma": [[0.008705291435762133, 0.00191971574535974, -0.0036971532794976645], [0.0019197157453597396, 0.002599478074526111, 0.0009066944572566106], [-0.0036971532794976593, 0.0009066944572566141, 0.7082897767635701]], "chi2_level": 0.95, "chi2_df": 3, "chi2_threshold": 7.814727903251179, "N_raw": 12, "N_roi": 9, "N_inlier": 9, "refit": true}
{"timestamp": "17:02:27.355143", "frame": 55, "mu": [0.46940377482614953, 3.303703299640749, 1.422570936406295], "Sigma": [[0.013213218808409878, -0.0033112505342664154, -0.0009075853508783884], [-0.0033112505342664154, 0.003342341552331046, -0.005058858590004387], [-0.0009075853508783884, -0.005058858590004387, 0.014413843197431235]], "chi2_level": 0.95, "chi2_df": 3, "chi2_threshold": 7.814727903251179, "N_raw": 46, "N_roi": 46, "N_inlier": 45, "refit": true}
{"timestamp": "17:02:27.408737", "frame": 56, "mu": [0.5713881022236277, 3.2764928525833072, 1.3146167342105162], "Sigma": [[0.008317793886042384, -0.0021425578699319457, -0.0007391223878727526], [-0.0021425578699319457, 0.0009851632004511022, -0.0029140336268791193], [-0.0007391223878727522, -0.0029140336268791193, 0.04435588757859418]], "chi2_level": 0.95, "chi2_df": 3, "chi2_threshold": 7.814727903251179, "N_raw": 30, "N_roi": 30, "N_inlier": 27, "refit": true}
{"timestamp": "17:02:27.461083", "frame": 57, "mu": [0.6356001574445381, 3.549887240803624, -0.364884400865361], "Sigma": [[0.008012017901608463, 0.010575933790824972, -0.029069915411754573], [0.010575933790824972, 0.03146652865955714, -0.09424866715798472], [-0.02906991541175457, -0.0942486671579847, 0.30245169278562506]], "chi2_level": 0.95, "chi2_df": 3, "chi2_threshold": 7.814727903251179, "N_raw": 11, "N_roi": 11, "N_inlier": 9, "refit": true}
{"timestamp": "17:02:27.520197", "frame": 58, "mu": [0.74804340221512, 3.3082615906831987, 1.256552218439433], "Sigma": [[0.00849663810287744, -0.0024638768760263945, -0.0006064756217690659], [-0.002463876876026394, 0.0024695853321717812, -0.0032299375889172526], [-0.0006064756217690659, -0.0032299375889172526, 0.011172773172165846]], "chi2_level": 0.95, "chi2_df": 3, "chi2_threshold": 7.814727903251179, "N_raw": 41, "N_roi": 38, "N_inlier": 31, "refit": true}
{"timestamp": "17:02:27.570362", "frame": 59, "mu": [0.8185134459305236, 3.4900984496722245, -0.3164519646790243], "Sigma": [[0.009725044382009121, -0.0026877576583502366, -0.005993255511723795], [-0.0026877576583502366, 0.023299079395749392, -0.07125344007795961], [-0.005993255511723795, -0.0712534400779596, 0.2526635183675176]], "chi2_level": 0.95, "chi2_df": 3, "chi2_threshold": 7.814727903251179, "N_raw": 10, "N_roi": 10, "N_inlier": 10, "refit": true}
{"timestamp": "17:02:27.630186", "frame": 60, "mu": [0.8550863866399244, 3.2584208251090794, 1.489066577998143], "Sigma": [[0.010333858474444303, -0.002916294055142233, -0.006571911081949311], [-0.0029162940551422335, 0.005601255387734686, -0.00026961527944709845], [-0.006571911081949311, -0.00026961527944709867, 0.012575662978303344]], "chi2_level": 0.95, "chi2_df": 3, "chi2_threshold": 7.814727903251179, "N_raw": 46, "N_roi": 42, "N_inlier": 39, "refit": true}
{"timestamp": "17:02:27.685081", "frame": 61, "mu": [0.9317351740476865, 3.2526971091199117, 1.3738000273076643], "Sigma": [[0.00700053021723027, -0.002093962555153827, -0.009715631296884651], [-0.002093962555153827, 0.005062205090930946, 0.0008753668896434523], [-0.009715631296884651, 0.0008753668896434524, 0.01830016593109076]], "chi2_level": 0.95, "chi2_df": 3, "chi2_threshold": 7.814727903251179, "N_raw": 39, "N_roi": 36, "N_inlier": 33, "refit": true}
{"timestamp": "17:02:27.740878", "frame": 62, "mu": [0.9865684224133159, 3.260027288169856, 1.2238388639527182], "Sigma": [[0.010253824369027845, -0.004490215649726022, -0.00981682803727], [-0.004490215649726022, 0.005426173813624825, -0.00020493731914764167], [-0.00981682803727, -0.00020493731914764172, 0.018965251139785207]], "chi2_level": 0.95, "chi2_df": 3, "chi2_threshold": 7.814727903251179, "N_raw": 42, "N_roi": 41, "N_inlier": 39, "refit": true}
{"timestamp": "17:02:27.793335", "frame": 63, "mu": [1.0405260437211086, 3.408473104293133, -0.024487371215184916], "Sigma": [[0.007695417901012324, -0.001592881657012363, -0.00931917303520792], [-0.001592881657012363, 0.032499335864043855, -0.06986859582538406], [-0.00931917303520792, -0.06986859582538406, 0.1932284323935002]], "chi2_level": 0.95, "chi2_df": 3, "chi2_threshold": 7.814727903251179, "N_raw": 31, "N_roi": 26, "N_inlier": 25, "refit": true}
{"timestamp": "17:02:27.850494", "frame": 64, "mu": [1.098685131747802, 3.2337262380834586, 1.2018358582631756], "Sigma": [[0.0112810515685837, -0.005263958405737262, -0.005589090990387668], [-0.0052639584057372615, 0.016296002503591776, 0.029506175385752106], [-0.005589090990387668, 0.029506175385752106, 0.06899095461181644]], "chi2_level": 0.95, "chi2_df": 3, "chi2_threshold": 7.814727903251179, "N_raw": 44, "N_roi": 42, "N_inlier": 38, "refit": true}
{"timestamp": "17:02:27.905568", "frame": 65, "mu": [1.1376926329079649, 3.2893976503520252, 0.07960845783705972], "Sigma": [[0.014362959843221623, -0.002842036879056345, 0.0006789825243128313], [-0.002842036879056345, 0.004589145309439225, 0.0017873775281971429], [0.0006789825243128313, 0.0017873775281971429, 0.003557205473192055]], "chi2_level": 0.95, "chi2_df": 3, "chi2_threshold": 7.814727903251179, "N_raw": 38, "N_roi": 38, "N_inlier": 36, "refit": true}
{"timestamp": "17:02:28.001667", "frame": 66, "mu": [1.19899767283615, 3.3086796248860124, 0.03176528394579621], "Sigma": [[0.017818758030418193, -0.0031781090631119507, -0.0035502794157880094], [-0.0031781090631119507, 0.006738566426520059, 0.007984696169256053], [-0.0035502794157880094, 0.007984696169256053, 0.011390748550803433]], "chi2_level": 0.95, "chi2_df": 3, "chi2_threshold": 7.814727903251179, "N_raw": 61, "N_roi": 58, "N_inlier": 54, "refit": true}
{"timestamp": "17:02:28.014575", "frame": 67, "mu": [1.2514774858362083, 3.1565013379286455, 1.1178763888716523], "Sigma": [[0.013143118480404592, -0.0044867535445512075, 0.001199005469169598], [-0.0044867535445512075, 0.0032554429672335674, -0.000888256966899643], [0.001199005469169598, -0.000888256966899643, 0.00024353260363579575]], "chi2_level": 0.95, "chi2_df": 3, "chi2_threshold": 7.814727903251179, "N_raw": 32, "N_roi": 29, "N_inlier": 25, "refit": true}
{"timestamp": "17:02:28.071380", "frame": 68, "mu": [1.3000517891642618, 3.2800622610645402, 0.49045596713831857], "Sigma": [[0.014214602319698368, -0.003755685637377843, -0.01196107166846742], [-0.003755685637377843, 0.0042906092448859, 0.009671346502845332], [-0.01196107166846742, 0.009671346502845332, 0.026994676935410956]], "chi2_level": 0.95, "chi2_df": 3, "chi2_threshold": 7.814727903251179, "N_raw": 51, "N_roi": 48, "N_inlier": 46, "refit": true}
{"timestamp": "17:02:28.124642", "frame": 69, "mu": [1.4011605779334182, 3.2637527534952064, 1.4317434304334618], "Sigma": [[0.011584843231852491, -0.004473251067621758, -0.005798427499904469], [-0.004473251067621758, 0.006636420642796117, 0.005408068477386542], [-0.005798427499904469, 0.005408068477386541, 0.007019906620904006]], "chi2_level": 0.95, "chi2_df": 3, "chi2_threshold": 7.814727903251179, "N_raw": 39, "N_roi": 35, "N_inlier": 33, "refit": true}
{"timestamp": "17:02:28.180155", "frame": 70, "mu": [1.4693381170654451, 3.3465154033756113, -0.02436112406279022], "Sigma": [[0.017259172239372567, -0.005148500123338373, 0.033912668861818665], [-0.005148500123338373, 0.005250216924562818, -0.011177406595098877], [0.033912668861818665, -0.011177406595098877, 0.12302886358950783]], "chi2_level": 0.95, "chi2_df": 3, "chi2_threshold": 7.814727903251179, "N_raw": 41, "N_roi": 38, "N_inlier": 35, "refit": true}
{"timestamp": "17:02:28.233461", "frame": 71, "mu": [1.4894994985555747, 3.3245821066205634, 1.6755861812166302], "Sigma": [[0.01435475973151132, -0.006283648103494382, -0.00920848697156786], [-0.006283648103494381, 0.006408347199608853, 0.006138339199867209], [-0.00920848697156786, 0.006138339199867209, 0.01272448768766791]], "chi2_level": 0.95, "chi2_df": 3, "chi2_threshold": 7.814727903251179, "N_raw": 36, "N_roi": 36, "N_inlier": 34, "refit": true}
{"timestamp": "17:02:28.287876", "frame": 72, "mu": [1.6113518982373929, 3.3104910752641588, 1.4724292675354167], "Sigma": [[0.010459548182925285, -0.0037803856500914215, -0.00807123237305573], [-0.0037803856500914215, 0.005404505462626406, 0.002884716224010903], [-0.00807123237305573, 0.002884716224010903, 0.008821500113857671]], "chi2_level": 0.95, "chi2_df": 3, "chi2_threshold": 7.814727903251179, "N_raw": 28, "N_roi": 28, "N_inlier": 27, "refit": true}
{"timestamp": "17:02:28.342872", "frame": 73, "mu": [1.5797550686264363, 3.4054369674178853, 1.7468176532097413], "Sigma": [[0.00989510136455263, -0.004177477236202558, -0.00504990936720158], [-0.004177477236202558, 0.003821191820624537, 0.002526986470300251], [-0.00504990936720158, 0.002526986470300251, 0.004323206571119045]], "chi2_level": 0.95, "chi2_df": 3, "chi2_threshold": 7.814727903251179, "N_raw": 24, "N_roi": 24, "N_inlier": 22, "refit": true}
{"timestamp": "17:02:28.396848", "frame": 74, "mu": [1.5927427933627463, 3.3266712014575766, 1.7819422583937023], "Sigma": [[0.00478101793277899, -0.0032262483237273593, -0.0024817247414598543], [-0.0032262483237273593, 0.004947649738122651, 0.004942212174041573], [-0.0024817247414598543, 0.004942212174041573, 0.0064293343914447265]], "chi2_level": 0.95, "chi2_df": 3, "chi2_threshold": 7.814727903251179, "N_raw": 16, "N_roi": 16, "N_inlier": 15, "refit": true}
{"timestamp": "17:02:28.455507", "frame": 75, "mu": [1.66381739428105, 3.345964691115205, 1.5979142044957984], "Sigma": [[0.014606314652543131, -0.004955291092773945, -0.006205586435499613], [-0.0049552910927739445, 0.006487164422718358, -0.0010898484331848058], [-0.006205586435499613, -0.0010898484331848058, 0.0068926855069719175]], "chi2_level": 0.95, "chi2_df": 3, "chi2_threshold": 7.814727903251179, "N_raw": 47, "N_roi": 44, "N_inlier": 43, "refit": true}
{"timestamp": "17:02:28.512138", "frame": 76, "mu": [1.6713603104375234, 3.4017668008599955, 1.497918134766226], "Sigma": [[0.014600013631831834, -0.008026823499037286, -0.005785442903512286], [-0.008026823499037286, 0.007252792816508226, -0.005341788645200029], [-0.005785442903512285, -0.005341788645200029, 0.03155693546217114]], "chi2_level": 0.95, "chi2_df": 3, "chi2_threshold": 7.814727903251179, "N_raw": 50, "N_roi": 46, "N_inlier": 42, "refit": true}
{"timestamp": "17:02:28.564661", "frame": 77, "mu": [1.7489014531168798, 3.4153573548610083, 1.4824180985520115], "Sigma": [[0.013289134773139531, -0.005593636868391337, -0.004517205273597107], [-0.005593636868391336, 0.005196848710178352, -0.006002280944460488], [-0.004517205273597107, -0.006002280944460488, 0.028687208449113787]], "chi2_level": 0.95, "chi2_df": 3, "chi2_threshold": 7.814727903251179, "N_raw": 42, "N_roi": 41, "N_inlier": 40, "refit": true}
{"timestamp": "17:02:28.616916", "frame": 78, "mu": [1.719817111898894, 3.3341373134439665, 0.4971338095833364], "Sigma": [[0.006318844857941223, 0.0005630238245775898, 0.017476329413536704], [0.0005630238245775898, 0.0033494406318954296, 0.022306600224243144], [0.017476329413536704, 0.022306600224243144, 0.22953270858162161]], "chi2_level": 0.95, "chi2_df": 3, "chi2_threshold": 7.814727903251179, "N_raw": 15, "N_roi": 15, "N_inlier": 14, "refit": true}
{"timestamp": "17:02:28.670601", "frame": 79, "mu": [1.8375147079398013, 3.447356547275716, 1.169435605084055], "Sigma": [[0.0009521244318189797, 0.00033342862763744905, -0.010259172722209265], [0.00033342862763744915, 0.0005935827017431881, -0.001886837923957459], [-0.010259172722209265, -0.001886837923957459, 0.14110455277303718]], "chi2_level": 0.95, "chi2_df": 3, "chi2_threshold": 7.814727903251179, "N_raw": 8, "N_roi": 7, "N_inlier": 6, "refit": true}
{"timestamp": "17:02:28.834354", "frame": 82, "mu": [1.9816186618069866, 3.4128416431197817, 1.5321041035293708], "Sigma": [[0.0040685038001219455, 0.0034935995974290828, -0.0051503019154960986], [0.0034935995974290828, 0.003072073609468649, -0.004443203242232241], [-0.005150301915496099, -0.004443203242232241, 0.008743651772384476]], "chi2_level": 0.95, "chi2_df": 3, "chi2_threshold": 7.814727903251179, "N_raw": 7, "N_roi": 5, "N_inlier": 5, "refit": true}
{"timestamp": "17:02:28.889523", "frame": 83, "mu": [1.9677065172240928, 3.4557203159335366, -0.38135285032942284], "Sigma": [[0.0021069781587673185, 0.002846358841974349, -0.003588591435424785], [0.002846358841974349, 0.003935659236437235, -0.004523160564527469], [-0.003588591435424785, -0.00452316056452747, 0.007336502074937024]], "chi2_level": 0.95, "chi2_df": 3, "chi2_threshold": 7.814727903251179, "N_raw": 10, "N_roi": 6, "N_inlier": 5, "refit": true}
{"timestamp": "17:02:28.945584", "frame": 84, "mu": [2.0315230625614245, 3.4617066706103836, 1.5617952732550446], "Sigma": [[0.002702538701195138, 0.003041289959221015, -0.0025284280867948934], [0.003041289959221015, 0.003639634327752456, -0.0028425432258790307], [-0.0025284280867948934, -0.002842543225879031, 0.004504054944116361]], "chi2_level": 0.95, "chi2_df": 3, "chi2_threshold": 7.814727903251179, "N_raw": 11, "N_roi": 5, "N_inlier": 5, "refit": true}
{"timestamp": "17:02:29.000183", "frame": 85, "mu": [2.096849071858599, 3.473250358666735, 1.4790714318196458], "Sigma": [[0.01785567489223788, 0.0013571598488950083, -0.03760923107644068], [0.0013571598488950078, 0.0025331301658659848, -0.004273234405002819], [-0.03760923107644068, -0.00427323440500282, 0.08922837588278885]], "chi2_level": 0.95, "chi2_df": 3, "chi2_threshold": 7.814727903251179, "N_raw": 11, "N_roi": 6, "N_inlier": 6, "refit": true}
{"timestamp": "17:02:29.165042", "frame": 88, "mu": [2.3098510666887253, 3.535353566350557, 1.146735412339907], "Sigma": [[0.009378261691252996, 0.012447765297134764, -0.06297793448858106], [0.012447765297134764, 0.021683348533245897, -0.09290682671096602], [-0.06297793448858106, -0.09290682671096602, 0.4467142395488083]], "chi2_level": 0.95, "chi2_df": 3, "chi2_threshold": 7.814727903251179, "N_raw": 10, "N_roi": 8, "N_inlier": 7, "refit": true}
{"timestamp": "17:02:29.220579", "frame": 89, "mu": [2.391804397483578, 3.425586811763225, 1.6135376111604103], "Sigma": [[0.0037207397957430763, 0.005731085184525788, -0.0213406574470045], [0.005731085184525788, 0.010227409074508009, -0.035632028357683795], [-0.0213406574470045, -0.035632028357683795, 0.16761123891856866]], "chi2_level": 0.95, "chi2_df": 3, "chi2_threshold": 7.814727903251179, "N_raw": 10, "N_roi": 5, "N_inlier": 5, "refit": true}
{"timestamp": "17:02:29.274418", "frame": 90, "mu": [2.360805790779, 3.5198501128283173, 1.2286125293912213], "Sigma": [[0.0024921168600518613, -1.465178447648428e-05, -0.002920619187474513], [-1.4651784476484497e-05, 0.018656399791582685, -0.05247764502234775], [-0.002920619187474513, -0.05247764502234776, 0.21504394586476874]], "chi2_level": 0.95, "chi2_df": 3, "chi2_threshold": 7.814727903251179, "N_raw": 10, "N_roi": 9, "N_inlier": 9, "refit": true}
{"timestamp": "17:02:29.330232", "frame": 91, "mu": [2.3642551243721246, 3.553889326948845, 0.9725889480763221], "Sigma": [[0.0007890939592601782, -0.0017921983850958908, 0.00925967859942843], [-0.001792198385095891, 0.011865617368971704, -0.043322376049538355], [0.009259678599428433, -0.043322376049538355, 0.17913140958029522]], "chi2_level": 0.95, "chi2_df": 3, "chi2_threshold": 7.814727903251179, "N_raw": 7, "N_roi": 7, "N_inlier": 6, "refit": true}
