{"timestamp": "12:49:32.142209", "frame": 39, "mu": [1.5915006139818242, 0.555516090712071, 0.9494394047138272], "Sigma": [[0.008973852236510498, -0.01750058953341327, -0.0343591575055508], [-0.01750058953341327, 0.045133228156679195, 0.07415608799731069], [-0.0343591575055508, 0.07415608799731069, 0.181617546513366]], "chi2_level": 0.95, "chi2_df": 3, "chi2_threshold": 7.814727903251179, "N_raw": 11, "N_roi": 11, "N_inlier": 10, "refit": true}
{"timestamp": "12:49:32.252555", "frame": 41, "mu": [1.4381222751977427, 0.8275552980427309, -0.39798615618724315], "Sigma": [[0.004910804797407061, -0.0020851369982685603, -0.0056087604749209576], [-0.0020851369982685603, 0.003681587131911376, 0.003497664708347395], [-0.0056087604749209576, 0.003497664708347395, 0.011085300478647841]], "chi2_level": 0.95, "chi2_df": 3, "chi2_threshold": 7.814727903251179, "N_raw": 22, "N_roi": 22, "N_inlier": 20, "refit": true}
{"timestamp": "12:49:32.309071", "frame": 42, "mu": [1.401078366232841, 0.7203136103156682, 1.3995785640161473], "Sigma": [[0.0031516497453312493, -0.0010253846887533062, -0.0026699796937593207], [-0.0010253846887533062, 0.0021981037195165165, 0.0009188795284553558], [-0.0026699796937593207, 0.0009188795284553559, 0.004367859994720209]], "chi2_level": 0.95, "chi2_df": 3, "chi2_threshold": 7.814727903251179, "N_raw": 16, "N_roi": 16, "N_inlier": 13, "refit": true}
{"timestamp": "12:49:32.369924", "frame": 43, "mu": [1.4098954728671598, 0.6594431121229404, 1.3319701873982637], "Sigma": [[0.006307153561324086, -0.004038854616538916, -0.0038223995779639573], [-0.004038854616538916, 0.006081710222982679, -0.0003268055299054367], [-0.003822399577963957, -0.0003268055299054369, 0.005217353687639876]], "chi2_level": 0.95, "chi2_df": 3, "chi2_threshold": 7.814727903251179, "N_raw": 35, "N_roi": 35, "N_inlier": 32, "refit": true}
{"timestamp": "12:49:32.476025", "frame": 45, "mu": [1.2936344535457873, 0.6603116305500655, 1.3572899646541787], "Sigma": [[0.0032726829222262262, -0.0009923619626723851, -0.002436607030690729], [-0.000992361962672385, 0.0019604276411509486, -0.0017014401705604796], [-0.0024366070306907294, -0.0017014401705604796, 0.011572672474043953]], "chi2_level": 0.95, "chi2_df": 3, "chi2_threshold": 7.814727903251179, "N_raw": 24, "N_roi": 24, "N_inlier": 22, "refit": true}
{"timestamp": "12:49:32.587417", "frame": 47, "mu": [1.209813614672266, 0.5694300071775604, 1.3461888117794039], "Sigma": [[0.006805179223686144, -0.006607558753577572, -0.005774470022670591], [-0.006607558753577571, 0.008773441651139816, 0.0038794134753831052], [-0.005774470022670591, 0.0038794134753831052, 0.0068480333266386015]], "chi2_level": 0.95, "chi2_df": 3, "chi2_threshold": 7.814727903251179, "N_raw": 36, "N_roi": 36, "N_inlier": 35, "refit": true}
{"timestamp": "12:49:32.642462", "frame": 48, "mu": [1.1621527659660504, 0.6590834408286415, 1.3817462811800274], "Sigma": [[0.0037940312510119246, -0.003099095689340829, -0.004764697832772353], [-0.003099095689340829, 0.003621259121198008, 0.0029870362994884225], [-0.004764697832772353, 0.002987036299488422, 0.008960292518348723]], "chi2_level": 0.95, "chi2_df": 3, "chi2_threshold": 7.814727903251179, "N_raw": 30, "N_roi": 30, "N_inlier": 26, "refit": true}
{"timestamp": "12:49:32.695192", "frame": 49, "mu": [1.0638159358446164, 0.7009152215035773, 1.4928658968950557], "Sigma": [[0.002909180116619911, -0.0014896404744714619, -0.003810989461807774], [-0.0014896404744714617, 0.003217270771474898, 0.0030781348908264384], [-0.003810989461807774, 0.0030781348908264384, 0.011831657502761337]], "chi2_level": 0.95, "chi2_df": 3, "chi2_threshold": 7.814727903251179, "N_raw": 20, "N_roi": 20, "N_inlier": 19, "refit": true}
{"timestamp": "12:49:32.756739", "frame": 50, "mu": [1.0363928941951008, 0.7280632260508134, 1.4646103098447494], "Sigma": [[0.009933653812074136, -0.0053778446993605344, -0.006469939854754172], [-0.0053778446993605344, 0.0071879153804914695, 0.001396575951684432], [-0.006469939854754172, 0.001396575951684432, 0.005797144759857601]], "chi2_level": 0.95, "chi2_df": 3, "chi2_threshold": 7.814727903251179, "N_raw": 64, "N_roi": 64, "N_inlier": 63, "refit": true}
{"timestamp": "12:49:32.804381", "frame": 51, "mu": [1.0433311756889319, 0.6663241377145152, 1.4383669548861384], "Sigma": [[0.0128159500105268, -0.006812113301671988, -0.009233301000456372], [-0.006812113301671988, 0.0053417553736724264, 0.003816404566972691], [-0.009233301000456372, 0.0038164045669726904, 0.007983746616081122]], "chi2_level": 0.95, "chi2_df": 3, "chi2_threshold": 7.814727903251179, "N_raw": 10, "N_roi": 10, "N_inlier": 10, "refit": true}
{"timestamp": "12:49:32.859086", "frame": 52, "mu": [0.9791644155153689, 0.6627623770684035, 1.0819949643585558], "Sigma": [[0.006984005370114559, -0.004654020261409403, -0.013267670764394538], [-0.004654020261409403, 0.008948531546788967, 0.0077505829636737335], [-0.013267670764394541, 0.0077505829636737335, 0.23063209073148958]], "chi2_level": 0.95, "chi2_df": 3, "chi2_threshold": 7.814727903251179, "N_raw": 10, "N_roi": 10, "N_inlier": 10, "refit": true}
{"timestamp": "12:49:32.918136", "frame": 53, "mu": [0.9225211402584496, 0.7168822349443235, 1.3256565341977509], "Sigma": [[0.0084646218304388, -0.0048489718036489665, -0.003906669161786769], [-0.0048489718036489665, 0.0044919443756404895, 0.0030804368180495875], [-0.003906669161786769, 0.0030804368180495875, 0.008303180803108332]], "chi2_level": 0.95, "chi2_df": 3, "chi2_threshold": 7.814727903251179, "N_raw": 39, "N_roi": 39, "N_inlier": 35, "refit": true}
{"timestamp": "12:49:32.969298", "frame": 54, "mu": [0.8204952675249394, 0.6907217712991037, 0.7928536310059477], "Sigma": [[0.007993018856068058, 0.007272902751888088, -0.005405671319839801], [0.007272902751888088, 0.018687848725893838, 0.06213857284830896], [-0.005405671319839801, 0.06213857284830896, 0.414073377529284]], "chi2_level": 0.95, "chi2_df": 3, "chi2_threshold": 7.814727903251179, "N_raw": 12, "N_roi": 12, "N_inlier": 11, "refit": true}
{"timestamp": "12:49:33.136398", "frame": 57, "mu": [0.6635832523995435, 0.7905785304039653, 1.4866871704367237], "Sigma": [[0.003064710113059351, -0.0011717443666646756, -0.0032474141826244114], [-0.0011717443666646758, 0.001958552172397178, 0.0004751590622356695], [-0.0032474141826244114, 0.0004751590622356695, 0.004438220751618558]], "chi2_level": 0.95, "chi2_df": 3, "chi2_threshold": 7.814727903251179, "N_raw": 27, "N_roi": 27, "N_inlier": 22, "refit": true}
{"timestamp": "12:49:33.190086", "frame": 58, "mu": [0.6185248655411381, 0.7958861794672702, 1.5072483325005182], "Sigma": [[0.002137075604694072, 2.965922549028164e-05, -0.001968000250065078], [2.965922549028164e-05, 0.0013227871911921936, -0.000519242503281525], [-0.001968000250065078, -0.000519242503281525, 0.0022545879885223132]], "chi2_level": 0.95, "chi2_df": 3, "chi2_threshold": 7.814727903251179, "N_raw": 24, "N_roi": 24, "N_inlier": 22, "refit": true}
{"timestamp": "12:49:33.247115", "frame": 59, "mu": [0.6303531035406569, 0.8106281556880017, 1.4152905306491625], "Sigma": [[0.004601734103010406, 0.0006867154028130848, -0.009080299109876486], [0.0006867154028130848, 0.0020777881982582255, -0.003682675664672207], [-0.009080299109876486, -0.003682675664672207, 0.02269628457037718]], "chi2_level": 0.95, "chi2_df": 3, "chi2_threshold": 7.814727903251179, "N_raw": 35, "N_roi": 35, "N_inlier": 34, "refit": true}
{"timestamp": "12:49:33.304202", "frame": 60, "mu": [0.6047165919341922, 0.8170506494879055, 1.4688652644343136], "Sigma": [[0.0037565750908018034, -0.0006107225802967649, -0.0031574524305388657], [-0.0006107225802967649, 0.001905254436897484, -0.0005787781137019344], [-0.0031574524305388657, -0.0005787781137019345, 0.004061069826415576]], "chi2_level": 0.95, "chi2_df": 3, "chi2_threshold": 7.814727903251179, "N_raw": 47, "N_roi": 47, "N_inlier": 45, "refit": true}
{"timestamp": "12:49:33.358261", "frame": 61, "mu": [0.5590979578052996, 0.8408778730491935, 1.339788227632638], "Sigma": [[0.002656412497184453, 0.0002469539538762491, -0.004782325053607242], [0.000246953953876249, 0.0005299233206845926, -0.0015340844051279828], [-0.004782325053607242, -0.0015340844051279826, 0.012807973809316675]], "chi2_level": 0.95, "chi2_df": 3, "chi2_threshold": 7.814727903251179, "N_raw": 41, "N_roi": 41, "N_inlier": 38, "refit": true}
{"timestamp": "12:49:33.418005", "frame": 62, "mu": [0.5272632126297347, 0.8392153982861679, 1.4527119873018737], "Sigma": [[0.0038238961809138623, -0.0007587362886261901, -0.00035776782783586105], [-0.0007587362886261899, 0.003375314409747532, -0.003156077992092972], [-0.0003577678278358611, -0.003156077992092972, 0.003944069020248113]], "chi2_level": 0.95, "chi2_df": 3, "chi2_threshold": 7.814727903251179, "N_raw": 77, "N_roi": 76, "N_inlier": 74, "refit": true}
{"timestamp": "12:49:33.466179", "frame": 63, "mu": [0.46616605831260977, 0.7874774083624188, 1.231795938342164], "Sigma": [[0.005239399369352733, -0.0036339075313758214, -0.012117172632350686], [-0.0036339075313758214, 0.016058979481802876, 0.044608161289769584], [-0.012117172632350685, 0.04460816128976959, 0.13907932749081306]], "chi2_level": 0.95, "chi2_df": 3, "chi2_threshold": 7.814727903251179, "N_raw": 22, "N_roi": 22, "N_inlier": 21, "refit": true}
{"timestamp": "12:49:33.519786", "frame": 64, "mu": [0.41956549146408956, 0.812926555257146, 1.4456784458870822], "Sigma": [[0.001113764498976696, -0.0004116559867850911, -0.0018134296193338957], [-0.0004116559867850911, 0.00247729241762358, 0.0033166630139661087], [-0.0018134296193338959, 0.0033166630139661083, 0.015285946011951322]], "chi2_level": 0.95, "chi2_df": 3, "chi2_threshold": 7.814727903251179, "N_raw": 23, "N_roi": 23, "N_inlier": 20, "refit": true}
{"timestamp": "12:49:33.580807", "frame": 65, "mu": [0.3917837622848014, 0.8699968225579597, 1.4618182831888675], "Sigma": [[0.004605107365368455, -0.001125111332259837, -0.0044644292221897456], [-0.001125111332259837, 0.004095012164340749, -0.0009691561703575038], [-0.0044644292221897456, -0.0009691561703575038, 0.00627523176289822]], "chi2_level": 0.95, "chi2_df": 3, "chi2_threshold": 7.814727903251179, "N_raw": 66, "N_roi": 66, "N_inlier": 64, "refit": true}
{"timestamp": "12:49:33.638451", "frame": 66, "mu": [0.37767724441397066, 0.7997022502536759, 1.3060284562582503], "Sigma": [[0.0035084781409310973, -0.0017765376382467026, -0.007830763087195557], [-0.0017765376382467028, 0.0044654213671119726, 0.011924844475836907], [-0.007830763087195559, 0.011924844475836907, 0.06159634648848939]], "chi2_level": 0.95, "chi2_df": 3, "chi2_threshold": 7.814727903251179, "N_raw": 76, "N_roi": 76, "N_inlier": 73, "refit": true}
{"timestamp": "12:49:33.690742", "frame": 67, "mu": [0.24187564980550863, 0.970076185090057, -0.27634076179366773], "Sigma": [[0.001750102846304121, -0.0009205600452498172, -0.00048015505208731234], [-0.0009205600452498172, 0.0040476435932742605, -0.001904519535554068], [-0.00048015505208731234, -0.001904519535554068, 0.001633925578122149]], "chi2_level": 0.95, "chi2_df": 3, "chi2_threshold": 7.814727903251179, "N_raw": 58, "N_roi": 58, "N_inlier": 54, "refit": true}
{"timestamp": "12:49:33.751996", "frame": 68, "mu": [0.2631010956003015, 0.9090202922216841, -0.515693431036849], "Sigma": [[0.003609754108587545, 0.002797728130594961, 0.0011446665741740238], [0.0027977281305949613, 0.005090112430570848, 0.001486361320632621], [0.0011446665741740238, 0.001486361320632621, 0.024426913597129254]], "chi2_level": 0.95, "chi2_df": 3, "chi2_threshold": 7.814727903251179, "N_raw": 98, "N_roi": 98, "N_inlier": 93, "refit": true}
{"timestamp": "12:49:33.803540", "frame": 69, "mu": [0.17138275258755403, 0.83868812817109, 1.47982331967582], "Sigma": [[0.0027142454911961555, -0.0014561905676404763, -0.0006939473735129056], [-0.001456190567640476, 0.0031119866125270835, -0.0017729084265189754], [-0.0006939473735129057, -0.0017729084265189752, 0.0026856719121206188]], "chi2_level": 0.95, "chi2_df": 3, "chi2_threshold": 7.814727903251179, "N_raw": 71, "N_roi": 68, "N_inlier": 63, "refit": true}
{"timestamp": "12:49:33.856259", "frame": 70, "mu": [0.12199516055819593, 0.8419380677080561, -0.4814654580099128], "Sigma": [[0.0021718003085841567, -0.0002425131353590508, 0.0016990355636852022], [-0.00024251313535905076, 0.00394941797733141, -0.00017686777155396797], [0.0016990355636852025, -0.00017686777155396786, 0.006320871698849411]], "chi2_level": 0.95, "chi2_df": 3, "chi2_threshold": 7.814727903251179, "N_raw": 62, "N_roi": 62, "N_inlier": 56, "refit": true}
{"timestamp": "12:49:33.917280", "frame": 71, "mu": [0.13320157273116656, 0.8099665654981691, 1.433202505440637], "Sigma": [[0.0031953974687339163, 0.000370912633895671, -0.0005506671554626791], [0.000370912633895671, 0.0014363235516577845, -0.0023490089996797353], [-0.0005506671554626792, -0.0023490089996797353, 0.009251844559237657]], "chi2_level": 0.95, "chi2_df": 3, "chi2_threshold": 7.814727903251179, "N_raw": 95, "N_roi": 95, "N_inlier": 88, "refit": true}
{"timestamp": "12:49:33.970969", "frame": 72, "mu": [0.10706556069333482, 0.7887836594226227, 1.3953879616467941], "Sigma": [[0.0029422848524282485, -0.0004158464481647336, -0.0019983795399026974], [-0.0004158464481647337, 0.0012047500840717841, -0.0013341119740497523], [-0.0019983795399026974, -0.0013341119740497523, 0.013579279297983698]], "chi2_level": 0.95, "chi2_df": 3, "chi2_threshold": 7.814727903251179, "N_raw": 92, "N_roi": 92, "N_inlier": 89, "refit": true}
{"timestamp": "12:49:34.021942", "frame": 73, "mu": [0.06228105996517092, 0.9030486087490232, -0.42961045273536497], "Sigma": [[0.0020548444005342057, 0.0010314843303994997, -0.0035301989375327155], [0.0010314843303994997, 0.004180493963222246, -0.0032052672553209145], [-0.0035301989375327155, -0.0032052672553209145, 0.009676259812525947]], "chi2_level": 0.95, "chi2_df": 3, "chi2_threshold": 7.814727903251179, "N_raw": 65, "N_roi": 65, "N_inlier": 60, "refit": true}
{"timestamp": "12:49:34.072071", "frame": 74, "mu": [0.026366816828189914, 0.8349784650988574, 1.3821905868576105], "Sigma": [[0.0010293822206098177, -0.0006328474738460778, -0.0006179916318787241], [-0.0006328474738460777, 0.0008122897054969991, 0.00037335963918868183], [-0.0006179916318787241, 0.00037335963918868183, 0.0050899346107917956]], "chi2_level": 0.95, "chi2_df": 3, "chi2_threshold": 7.814727903251179, "N_raw": 28, "N_roi": 28, "N_inlier": 25, "refit": true}
{"timestamp": "12:49:34.131254", "frame": 75, "mu": [-0.07692012191781412, 0.8934914193441571, -0.23537405280640955], "Sigma": [[0.0017329431240525356, -0.00021727932095255977, -1.90923434293433e-05], [-0.00021727932095255982, 0.0041619794722503566, -0.0015409265694921708], [-1.9092343429343292e-05, -0.0015409265694921708, 0.0006706002162959812]], "chi2_level": 0.95, "chi2_df": 3, "chi2_threshold": 7.814727903251179, "N_raw": 64, "N_roi": 64, "N_inlier": 60, "refit": true}
{"timestamp": "12:49:34.184705", "frame": 76, "mu": [-0.07571464458604565, 0.8418866499652267, -0.4268420483660299], "Sigma": [[0.001853431541897206, 0.0013152322432337382, 0.003204169470991341], [0.0013152322432337382, 0.004563874158077275, 0.004795190395198778], [0.003204169470991341, 0.004795190395198778, 0.019486960997897058]], "chi2_level": 0.95, "chi2_df": 3, "chi2_threshold": 7.814727903251179, "N_raw": 52, "N_roi": 52, "N_inlier": 48, "refit": true}
{"timestamp": "12:49:34.241991", "frame": 77, "mu": [-0.12972727187603306, 0.8148334484317648, 1.5283227193927003], "Sigma": [[0.003028331786562391, -0.0005488034642716753, 0.0004395162046092725], [-0.0005488034642716753, 0.0018032576388382758, -0.001054382687141439], [0.0004395162046092725, -0.001054382687141439, 0.0006229890515002439]], "chi2_level": 0.95, "chi2_df": 3, "chi2_threshold": 7.814727903251179, "N_raw": 63, "N_roi": 63, "N_inlier": 56, "refit": true}
{"timestamp": "12:49:34.298524", "frame": 78, "mu": [-0.18240916038271798, 0.7811288304079546, 1.4053929640390996], "Sigma": [[0.0020697849909036676, -0.0011999997942444178, -0.0027930463226144976], [-0.0011999997942444178, 0.0023428923581723686, 0.001651913850500481], [-0.0027930463226144976, 0.0016519138505004813, 0.018353899104981287]], "chi2_level": 0.95, "chi2_df": 3, "chi2_threshold": 7.814727903251179, "N_raw": 77, "N_roi": 77, "N_inlier": 73, "refit": true}
{"timestamp": "12:49:34.353035", "frame": 79, "mu": [-0.219090010570553, 0.8720495205896693, -0.4250140078285332], "Sigma": [[0.0024835761781346506, -0.00137268156094323, 0.0005973889215720247], [-0.0013726815609432302, 0.0023556371246525112, -0.0031375600304406875], [0.0005973889215720248, -0.0031375600304406875, 0.005891018076559212]], "chi2_level": 0.95, "chi2_df": 3, "chi2_threshold": 7.814727903251179, "N_raw": 71, "N_roi": 70, "N_inlier": 66, "refit": true}
{"timestamp": "12:49:34.406583", "frame": 80, "mu": [-0.2596570830068887, 0.75082070353487, 1.4297676132218216], "Sigma": [[0.004266298384086881, -0.001288365268018631, -0.003575107144292863], [-0.001288365268018631, 0.0011248791186575199, 0.00012866980425560416], [-0.0035751071442928625, 0.00012866980425560405, 0.012713991697222952]], "chi2_level": 0.95, "chi2_df": 3, "chi2_threshold": 7.814727903251179, "N_raw": 60, "N_roi": 59, "N_inlier": 53, "refit": true}
{"timestamp": "12:49:34.459778", "frame": 81, "mu": [-0.24342581349142478, 0.869772540567467, -0.5319857488156892], "Sigma": [[0.0011827337749291999, 0.0016778205747005554, 0.0034121413983416657], [0.0016778205747005554, 0.0072272564572565855, 0.007907177776085144], [0.003412141398341666, 0.007907177776085144, 0.02972830096702556]], "chi2_level": 0.95, "chi2_df": 3, "chi2_threshold": 7.814727903251179, "N_raw": 50, "N_roi": 50, "N_inlier": 46, "refit": true}
{"timestamp": "12:49:34.517543", "frame": 82, "mu": [-0.294886319624712, 0.8906935143697837, -0.5862618194088433], "Sigma": [[0.002474486129712114, -0.0012444599172178857, -0.0013971752568407722], [-0.0012444599172178857, 0.00790544019332717, 0.0008731441679374376], [-0.0013971752568407725, 0.0008731441679374378, 0.004569619728059277]], "chi2_level": 0.95, "chi2_df": 3, "chi2_threshold": 7.814727903251179, "N_raw": 69, "N_roi": 68, "N_inlier": 62, "refit": true}
{"timestamp": "12:49:34.576230", "frame": 83, "mu": [-0.3578237342669943, 0.9089851931603466, -0.4563051780307439], "Sigma": [[0.0030874182813336436, -0.002755045755202875, -0.005480960129440892], [-0.002755045755202875, 0.004591655860025163, 0.002322696478825886], [-0.005480960129440892, 0.002322696478825886, 0.021400932723779607]], "chi2_level": 0.95, "chi2_df": 3, "chi2_threshold": 7.814727903251179, "N_raw": 79, "N_roi": 77, "N_inlier": 71, "refit": true}
{"timestamp": "12:49:34.629903", "frame": 84, "mu": [-0.45424432774536094, 0.8495735871572475, 1.470919458152383], "Sigma": [[0.0037605672072163632, -0.0039047717568728765, -0.005237675548878971], [-0.0039047717568728765, 0.007810299945616303, 0.005687948080877551], [-0.005237675548878971, 0.005687948080877551, 0.01868377113153556]], "chi2_level": 0.95, "chi2_df": 3, "chi2_threshold": 7.814727903251179, "N_raw": 83, "N_roi": 81, "N_inlier": 68, "refit": true}
{"timestamp": "12:49:34.681767", "frame": 85, "mu": [-0.5110097465538663, 0.8410336678718344, 1.4767577887892283], "Sigma": [[0.0036032428793659863, -0.001431241091806961, -0.00034031408775474074], [-0.0014312410918069609, 0.00218261737025578, -0.0016346862009974728], [-0.00034031408775474085, -0.0016346862009974728, 0.0023813121918761643]], "chi2_level": 0.95, "chi2_df": 3, "chi2_threshold": 7.814727903251179, "N_raw": 60, "N_roi": 60, "N_inlier": 55, "refit": true}
{"timestamp": "12:49:34.741411", "frame": 86, "mu": [-0.5866562120692748, 0.8643614254195657, 0.059420473254511615], "Sigma": [[0.018344442319644383, 0.007240208440713891, 0.04046076140479148], [0.0072402084407138904, 0.012308457817422727, -0.01384125394621586], [0.04046076140479149, -0.01384125394621586, 0.5484943770171796]], "chi2_level": 0.95, "chi2_df": 3, "chi2_threshold": 7.814727903251179, "N_raw": 97, "N_roi": 95, "N_inlier": 89, "refit": true}
{"timestamp": "12:49:34.786015", "frame": 87, "mu": [-0.8260101715737052, 0.7098154008775847, 1.7289546697263218], "Sigma": [[0.02938338793309017, 0.01948040158757547, -0.027727384535732646], [0.01948040158757547, 0.018078441998776812, -0.02136618264658636], [-0.02772738453573265, -0.021366182646586362, 0.02843463693836471]], "chi2_level": 0.95, "chi2_df": 3, "chi2_threshold": 7.814727903251179, "N_raw": 23, "N_roi": 23, "N_inlier": 21, "refit": true}
{"timestamp": "12:49:34.844929", "frame": 88, "mu": [-0.7424318373643773, 0.7285487587148582, -0.22031849904080836], "Sigma": [[0.05291449888804986, 0.013345316832891342, -0.04917442942908185], [0.013345316832891342, 0.007734724160392348, -0.014642941910907658], [-0.04917442942908185, -0.014642941910907658, 0.04739603784917945]], "chi2_level": 0.95, "chi2_df": 3, "chi2_threshold": 7.814727903251179, "N_raw": 29, "N_roi": 29, "N_inlier": 27, "refit": true}
{"timestamp": "12:49:34.904169", "frame": 89, "mu": [-0.6830083122038566, 0.8525917606244124, 1.4987618574966917], "Sigma": [[0.007630608299212322, -0.002934236671525166, -0.00022501103660909515], [-0.002934236671525166, 0.0027040286166769146, -0.0013869741438633418], [-0.00022501103660909515, -0.0013869741438633418, 0.0020380600333966942]], "chi2_level": 0.95, "chi2_df": 3, "chi2_threshold": 7.814727903251179, "N_raw": 77, "N_roi": 76, "N_inlier": 62, "refit": true}
{"timestamp": "12:49:34.950511", "frame": 90, "mu": [-0.8364978137051398, 0.7337474689546988, 1.4486471489918638], "Sigma": [[0.04579725397708323, 0.010405735992045452, -0.05809505448946888], [0.010405735992045452, 0.008170288411549593, -0.016939486464272444], [-0.05809505448946888, -0.016939486464272444, 0.09173556216009877]], "chi2_level": 0.95, "chi2_df": 3, "chi2_threshold": 7.814727903251179, "N_raw": 24, "N_roi": 24, "N_inlier": 23, "refit": true}
{"timestamp": "12:49:35.008841", "frame": 91, "mu": [-1.048606839219923, 0.6765121146090807, 1.6770540541948826], "Sigma": [[0.003400702701650602, 0.0018102874226876141, -0.0011972134151644511], [0.001810287422687614, 0.0036740540798632726, -0.003891943094274879], [-0.0011972134151644511, -0.003891943094274879, 0.005107533261628723]], "chi2_level": 0.95, "chi2_df": 3, "chi2_threshold": 7.814727903251179, "N_raw": 41, "N_roi": 38, "N_inlier": 32, "refit": true}
{"timestamp": "12:49:35.063375", "frame": 92, "mu": [-0.6485392967740808, 0.8678039254877093, -0.5439469538999594], "Sigma": [[0.0017860591298345123, -0.0016168389602717564, 0.0006799032290924769], [-0.0016168389602717566, 0.005544244149190133, -0.003385705677701286], [0.0006799032290924769, -0.003385705677701286, 0.0027684548790830495]], "chi2_level": 0.95, "chi2_df": 3, "chi2_threshold": 7.814727903251179, "N_raw": 43, "N_roi": 43, "N_inlier": 38, "refit": true}
{"timestamp": "12:49:35.124351", "frame": 93, "mu": [-0.8685663615845026, 0.7098727619033517, 1.4419568949784995], "Sigma": [[0.02558586210465115, -0.0005922789395503826, -0.018611601949231605], [-0.000592278939550383, 0.006178066088868285, -0.003781675462549339], [-0.018611601949231605, -0.003781675462549339, 0.017232363278646263]], "chi2_level": 0.95, "chi2_df": 3, "chi2_threshold": 7.814727903251179, "N_raw": 82, "N_roi": 82, "N_inlier": 79, "refit": true}
{"timestamp": "12:49:35.176482", "frame": 94, "mu": [-0.9720847162254207, 0.7856487235897536, -0.354779397828102], "Sigma": [[0.02540435939104724, 0.014155858219540301, -0.03299105435116028], [0.014155858219540301, 0.017854400093875657, -0.029720904740129957], [-0.03299105435116027, -0.029720904740129957, 0.05954703029062262]], "chi2_level": 0.95, "chi2_df": 3, "chi2_threshold": 7.814727903251179, "N_raw": 64, "N_roi": 62, "N_inlier": 61, "refit": true}
{"timestamp": "12:49:35.229370", "frame": 95, "mu": [-1.094766430699434, 0.8118106652837364, -0.1715399912278893], "Sigma": [[0.006721050243074696, 0.0014823145349106837, -0.003594211816435204], [0.0014823145349106832, 0.005350839869317071, -0.002687971156790225], [-0.003594211816435204, -0.002687971156790225, 0.004936025579692276]], "chi2_level": 0.95, "chi2_df": 3, "chi2_threshold": 7.814727903251179, "N_raw": 47, "N_roi": 47, "N_inlier": 41, "refit": true}
{"timestamp": "12:49:35.291871", "frame": 96, "mu": [-1.0242536285226322, 0.8045519180854015, -0.2838537038741654], "Sigma": [[0.008911985894705076, 0.0027944575264015133, -0.003765266997874417], [0.0027944575264015133, 0.012377581888322638, -0.0037752002502664662], [-0.003765266997874417, -0.0037752002502664662, 0.003015236345188323]], "chi2_level": 0.95, "chi2_df": 3, "chi2_threshold": 7.814727903251179, "N_raw": 98, "N_roi": 98, "N_inlier": 96, "refit": true}
{"timestamp": "12:49:35.348844", "frame": 97, "mu": [-1.0790806711881966, 0.6388156480779014, 1.488291783651807], "Sigma": [[0.012373121394150843, 0.0003869080158725465, -0.0023989541687429545], [0.00038690801587254643, 0.007559151659241842, -0.003801787132511639], [-0.0023989541687429545, -0.0038017871325116393, 0.00394718419624611]], "chi2_level": 0.95, "chi2_df": 3, "chi2_threshold": 7.814727903251179, "N_raw": 103, "N_roi": 103, "N_inlier": 95, "refit": true}
{"timestamp": "12:49:35.403024", "frame": 98, "mu": [-1.0918125722203065, 0.7130379647142318, 1.2794974831357016], "Sigma": [[0.014855045119917263, 0.011944000248936958, -0.04109304455072546], [0.011944000248936958, 0.029786544281627268, -0.06308623034603404], [-0.04109304455072546, -0.06308623034603406, 0.19298377473474138]], "chi2_level": 0.95, "chi2_df": 3, "chi2_threshold": 7.814727903251179, "N_raw": 101, "N_roi": 101, "N_inlier": 100, "refit": true}
{"timestamp": "12:49:35.454345", "frame": 99, "mu": [-1.1187073007507895, 0.7577444399854523, 1.1946195741982037], "Sigma": [[0.01626610383934795, 0.014014667326936686, -0.0505668532085321], [0.014014667326936686, 0.020837989629154247, -0.06737963287930493], [-0.0505668532085321, -0.06737963287930493, 0.23783531465619936]], "chi2_level": 0.95, "chi2_df": 3, "chi2_threshold": 7.814727903251179, "N_raw": 80, "N_roi": 80, "N_inlier": 76, "refit": true}
{"timestamp": "12:49:35.587581", "frame": 100, "mu": [-1.1859212532196821, 0.5633252861544777, 1.4137371080682601], "Sigma": [[0.005622595252363403, -0.0006885532244677821, -0.002382863334950451], [-0.0006885532244677822, 0.010154371471880941, -0.003688757373456046], [-0.002382863334950451, -0.0036887573734560456, 0.00820632027963916]], "chi2_level": 0.95, "chi2_df": 3, "chi2_threshold": 7.814727903251179, "N_raw": 62, "N_roi": 62, "N_inlier": 57, "refit": true}
{"timestamp": "12:49:35.603605", "frame": 101, "mu": [-1.2197944891468984, 0.6047919653859162, 1.4840477044451374], "Sigma": [[0.008374304733190004, -0.0013465596462971228, -0.004449880047950754], [-0.0013465596462971226, 0.008857057863608693, -0.003618620983188163], [-0.004449880047950754, -0.003618620983188163, 0.0059736543337070265]], "chi2_level": 0.95, "chi2_df": 3, "chi2_threshold": 7.814727903251179, "N_raw": 70, "N_roi": 70, "N_inlier": 67, "refit": true}
{"timestamp": "12:49:35.637631", "frame": 102, "mu": [-1.2292612194943966, 0.6813467961982596, -0.4431446878725515], "Sigma": [[0.007929184355364034, -0.00035703832416855236, -0.004105397614733089], [-0.0003570383241685523, 0.013579506399135464, -0.0012636015911482433], [-0.004105397614733089, -0.0012636015911482433, 0.0028361094364422884]], "chi2_level": 0.95, "chi2_df": 3, "chi2_threshold": 7.814727903251179, "N_raw": 72, "N_roi": 72, "N_inlier": 69, "refit": true}
{"timestamp": "12:49:35.670358", "frame": 103, "mu": [-1.254408083816756, 0.5012842952619879, 1.3982721076406204], "Sigma": [[0.006896803681849381, 0.0006094732834758537, -0.003211491821643324], [0.0006094732834758536, 0.01114339395864091, -0.002867234425470937], [-0.0032114918216433236, -0.002867234425470936, 0.0027453482287230794]], "chi2_level": 0.95, "chi2_df": 3, "chi2_threshold": 7.814727903251179, "N_raw": 57, "N_roi": 57, "N_inlier": 52, "refit": true}
{"timestamp": "12:49:35.729090", "frame": 104, "mu": [-1.3144257584382977, 0.6995008136469973, -0.41082705115998], "Sigma": [[0.011654999206133764, -0.0024045881182152293, -0.007986727976845007], [-0.0024045881182152293, 0.021031659740518807, 0.005962328466767132], [-0.007986727976845007, 0.005962328466767133, 0.00846884562387632]], "chi2_level": 0.95, "chi2_df": 3, "chi2_threshold": 7.814727903251179, "N_raw": 79, "N_roi": 79, "N_inlier": 77, "refit": true}
{"timestamp": "12:49:35.781953", "frame": 105, "mu": [-1.337604073627143, 0.5604361865087477, 1.3581261258478705], "Sigma": [[0.006572525618370749, -0.0022508508914503623, -0.0028297430332805216], [-0.0022508508914503627, 0.01770822251910783, -0.0065284174857703214], [-0.0028297430332805216, -0.0065284174857703214, 0.009846950916733]], "chi2_level": 0.95, "chi2_df": 3, "chi2_threshold": 7.814727903251179, "N_raw": 66, "N_roi": 66, "N_inlier": 64, "refit": true}
{"timestamp": "12:49:35.839513", "frame": 106, "mu": [-1.3976033312181293, 0.7237320524335191, -0.39279815755670033], "Sigma": [[0.011787312139578588, -0.001770912327295792, -0.006114076164209214], [-0.001770912327295792, 0.015447520529465303, -0.001669396824418583], [-0.006114076164209214, -0.001669396824418583, 0.004916880553326498]], "chi2_level": 0.95, "chi2_df": 3, "chi2_threshold": 7.814727903251179, "N_raw": 76, "N_roi": 76, "N_inlier": 72, "refit": true}
{"timestamp": "12:49:35.892285", "frame": 107, "mu": [-1.4330027387217636, 0.6146589642976515, 1.407679094239169], "Sigma": [[0.009218189660021001, -0.005628502125627147, -0.006161122448522245], [-0.005628502125627147, 0.02371419182448136, -0.0005668512612580846], [-0.006161122448522245, -0.0005668512612580848, 0.0068011062538813815]], "chi2_level": 0.95, "chi2_df": 3, "chi2_threshold": 7.814727903251179, "N_raw": 73, "N_roi": 73, "N_inlier": 70, "refit": true}
{"timestamp": "12:49:35.945014", "frame": 108, "mu": [-1.5067960547139005, 0.7702852105045125, -0.4306127891654819], "Sigma": [[0.008494279030257656, 0.0005434642961484042, -0.0017292974081020368], [0.000543464296148404, 0.0121545389437839, -0.004326770742752715], [-0.0017292974081020368, -0.004326770742752714, 0.007325156924047412]], "chi2_level": 0.95, "chi2_df": 3, "chi2_threshold": 7.814727903251179, "N_raw": 62, "N_roi": 62, "N_inlier": 61, "refit": true}
{"timestamp": "12:49:36.001849", "frame": 109, "mu": [-1.539184499101402, 0.6822466604517544, 1.4301995497429014], "Sigma": [[0.008726145325162337, -4.811499639231128e-05, -0.0032206325585113966], [-4.811499639231122e-05, 0.013145334503147945, -0.006855207598157236], [-0.0032206325585113966, -0.006855207598157236, 0.008184226164078656]], "chi2_level": 0.95, "chi2_df": 3, "chi2_threshold": 7.814727903251179, "N_raw": 64, "N_roi": 64, "N_inlier": 61, "refit": true}
{"timestamp": "12:49:36.055434", "frame": 110, "mu": [-1.5451317467684924, 0.6747137082735956, 1.4432367613559038], "Sigma": [[0.010667526531710323, -0.0024915268750795596, -0.008587168934963151], [-0.0024915268750795596, 0.014908049342228067, 0.0010642236389972364], [-0.00858716893496315, 0.0010642236389972364, 0.007653712755330203]], "chi2_level": 0.95, "chi2_df": 3, "chi2_threshold": 7.814727903251179, "N_raw": 57, "N_roi": 57, "N_inlier": 53, "refit": true}
{"timestamp": "12:49:36.105444", "frame": 111, "mu": [-1.5841261518142045, 0.5482068543609657, 1.0604957233789114], "Sigma": [[0.00908972980383251, 0.0099586235462692, -0.0009238531897251844], [0.0099586235462692, 0.03175501567020815, 0.020847851952319106], [-0.0009238531897251853, 0.020847851952319103, 0.06436874892618566]], "chi2_level": 0.95, "chi2_df": 3, "chi2_threshold": 7.814727903251179, "N_raw": 25, "N_roi": 25, "N_inlier": 22, "refit": true}
{"timestamp": "12:49:36.164206", "frame": 112, "mu": [-1.5868744920563558, 0.6904603965292003, -0.7105649382553562], "Sigma": [[0.004698061204813061, 0.0035990232001016035, 0.00302263614597607], [0.0035990232001016026, 0.02352751628667496, 0.0017759859292457406], [0.0030226361459760706, 0.0017759859292457406, 0.009926671300333109]], "chi2_level": 0.95, "chi2_df": 3, "chi2_threshold": 7.814727903251179, "N_raw": 52, "N_roi": 52, "N_inlier": 49, "refit": true}
{"timestamp": "12:49:36.224817", "frame": 113, "mu": [-1.6525914016345487, 0.61106599832448, 1.2048281916184935], "Sigma": [[0.012023864826110314, 0.005924959253778502, 0.013144187362099529], [0.005924959253778502, 0.01837753588933623, 0.013636992919673742], [0.013144187362099529, 0.013636992919673742, 0.07369217238916237]], "chi2_level": 0.95, "chi2_df": 3, "chi2_threshold": 7.814727903251179, "N_raw": 85, "N_roi": 85, "N_inlier": 81, "refit": true}
{"timestamp": "12:49:36.275012", "frame": 114, "mu": [-1.6337337565129422, 0.6530556439913815, 1.3282146173496883], "Sigma": [[0.007158604921083853, 0.0009756731860604594, -0.001591091918296522], [0.0009756731860604596, 0.013305969032271605, -0.005556296337215041], [-0.0015910919182965217, -0.005556296337215043, 0.004924439365192989]], "chi2_level": 0.95, "chi2_df": 3, "chi2_threshold": 7.814727903251179, "N_raw": 54, "N_roi": 54, "N_inlier": 52, "refit": true}
{"timestamp": "12:49:36.334460", "frame": 115, "mu": [-1.7537970328974823, 0.6160357337594828, 1.1333693311848865], "Sigma": [[0.02031173816480556, 0.0131242119174608, 0.0293237489707592], [0.0131242119174608, 0.0185382821558506, 0.01581039362101347], [0.0293237489707592, 0.01581039362101347, 0.07677342265713316]], "chi2_level": 0.95, "chi2_df": 3, "chi2_threshold": 7.814727903251179, "N_raw": 84, "N_roi": 84, "N_inlier": 79, "refit": true}
{"timestamp": "12:49:36.385573", "frame": 116, "mu": [-1.6729605578683893, 0.6518977352795925, 1.2529976660981], "Sigma": [[0.006790347560401464, 0.004823865449730529, 0.0008185178369459816], [0.004823865449730529, 0.01200669242642578, -0.0015324034854540694], [0.0008185178369459815, -0.0015324034854540696, 0.015354285200698842]], "chi2_level": 0.95, "chi2_df": 3, "chi2_threshold": 7.814727903251179, "N_raw": 54, "N_roi": 54, "N_inlier": 52, "refit": true}
{"timestamp": "12:49:36.439252", "frame": 117, "mu": [-1.6681049481881447, 0.8462984536150142, -0.47352319526287656], "Sigma": [[0.008068680799015836, 0.004441153142379427, -0.0011441622249809677], [0.004441153142379425, 0.02064069836205796, 0.0004188161970084355], [-0.0011441622249809677, 0.0004188161970084356, 0.0006633287677229726]], "chi2_level": 0.95, "chi2_df": 3, "chi2_threshold": 7.814727903251179, "N_raw": 55, "N_roi": 55, "N_inlier": 51, "refit": true}
{"timestamp": "12:49:36.499771", "frame": 118, "mu": [-1.7289562133257865, 0.8061026506046374, -0.6259368579694744], "Sigma": [[0.011909391682204883, 0.006006497732437465, 0.005388427698013523], [0.006006497732437465, 0.012226336356700392, -0.005799754470293182], [0.005388427698013522, -0.005799754470293182, 0.0162854891149748]], "chi2_level": 0.95, "chi2_df": 3, "chi2_threshold": 7.814727903251179, "N_raw": 86, "N_roi": 86, "N_inlier": 73, "refit": true}
{"timestamp": "12:49:36.550770", "frame": 119, "mu": [-1.7284988932010634, 0.7215120728159233, 1.312799750168713], "Sigma": [[0.009068978742433542, 0.00417600552533527, -0.002941804871878344], [0.00417600552533527, 0.013812272321901771, -0.006994443685323903], [-0.002941804871878344, -0.006994443685323904, 0.0047083492461628485]], "chi2_level": 0.95, "chi2_df": 3, "chi2_threshold": 7.814727903251179, "N_raw": 57, "N_roi": 57, "N_inlier": 54, "refit": true}
{"timestamp": "12:49:36.603102", "frame": 120, "mu": [-1.6964348531119053, 0.699032942411158, 1.272342975619549], "Sigma": [[0.006123773956923622, 0.006961411584341052, -0.0013797496153905165], [0.006961411584341052, 0.015068465044009662, -0.007839978593310377], [-0.0013797496153905167, -0.007839978593310377, 0.006782079726258302]], "chi2_level": 0.95, "chi2_df": 3, "chi2_threshold": 7.814727903251179, "N_raw": 44, "N_roi": 44, "N_inlier": 44, "refit": true}
{"timestamp": "12:49:36.661878", "frame": 121, "mu": [-1.770445080490167, 0.6975106452324251, 1.2564446453442684], "Sigma": [[0.014076189169861935, 0.0053570547067054, -0.0006399142625986721], [0.005357054706705401, 0.011310240551874946, -0.0060764996376859405], [-0.0006399142625986722, -0.0060764996376859405, 0.005730371341719829]], "chi2_level": 0.95, "chi2_df": 3, "chi2_threshold": 7.814727903251179, "N_raw": 65, "N_roi": 65, "N_inlier": 64, "refit": true}
{"timestamp": "12:49:36.714269", "frame": 122, "mu": [-1.8107194705085166, 0.8163941087530383, 1.3616349907714516], "Sigma": [[0.011834850790943157, 0.0027806577201591473, -0.0059181689409335495], [0.0027806577201591473, 0.012916513327643151, -0.0053182659623970015], [-0.00591816894093355, -0.0053182659623970015, 0.004904631531009191]], "chi2_level": 0.95, "chi2_df": 3, "chi2_threshold": 7.814727903251179, "N_raw": 54, "N_roi": 54, "N_inlier": 53, "refit": true}
{"timestamp": "12:49:36.769537", "frame": 123, "mu": [-1.8267019445100243, 0.9989024769536794, -0.42318672392488144], "Sigma": [[0.00792297568948317, 0.0019670789761890455, -0.0032500698591983483], [0.001967078976189045, 0.0172483653755965, -0.0018740382497868897], [-0.0032500698591983483, -0.0018740382497868897, 0.0031895644999047497]], "chi2_level": 0.95, "chi2_df": 3, "chi2_threshold": 7.814727903251179, "N_raw": 49, "N_roi": 49, "N_inlier": 48, "refit": true}
{"timestamp": "12:49:36.828356", "frame": 124, "mu": [-1.8519997925030904, 0.8160218750333178, 1.135015144275222], "Sigma": [[0.008442724838393973, 0.004133024124476374, 0.00045320570063985975], [0.004133024124476374, 0.011404988235574348, 0.008054619908365033], [0.0004532057006398602, 0.008054619908365033, 0.10459295399073942]], "chi2_level": 0.95, "chi2_df": 3, "chi2_threshold": 7.814727903251179, "N_raw": 75, "N_roi": 75, "N_inlier": 75, "refit": true}
{"timestamp": "12:49:36.878140", "frame": 125, "mu": [-1.8790427273426475, 0.9068410456108691, 1.087839835432588], "Sigma": [[0.005333794477667593, 0.004420521580596602, 0.002730511636038612], [0.004420521580596602, 0.004756445205121411, -0.0004411771823051765], [0.002730511636038612, -0.0004411771823051766, 0.017416417286715315]], "chi2_level": 0.95, "chi2_df": 3, "chi2_threshold": 7.814727903251179, "N_raw": 40, "N_roi": 40, "N_inlier": 40, "refit": true}
{"timestamp": "12:49:36.930603", "frame": 126, "mu": [-1.8905130324924952, 0.9090194316904704, 1.2562632124605715], "Sigma": [[0.005902522757848459, 0.003419996423848592, -0.0006487808762945052], [0.003419996423848592, 0.007132941277276401, -0.0036755955444169692], [-0.0006487808762945051, -0.0036755955444169692, 0.004837149128133226]], "chi2_level": 0.95, "chi2_df": 3, "chi2_threshold": 7.814727903251179, "N_raw": 34, "N_roi": 34, "N_inlier": 32, "refit": true}
{"timestamp": "12:49:36.991140", "frame": 127, "mu": [-1.9302021919667147, 1.033373297774583, -0.5681445307675399], "Sigma": [[0.009964943609213017, 0.007816135957880343, 0.003633217375368257], [0.007816135957880343, 0.01398585536715851, -0.0029662691442626], [0.003633217375368257, -0.0029662691442626, 0.015935252437496293]], "chi2_level": 0.95, "chi2_df": 3, "chi2_threshold": 7.814727903251179, "N_raw": 61, "N_roi": 61, "N_inlier": 53, "refit": true}
{"timestamp": "12:49:37.046808", "frame": 128, "mu": [-1.9669184246869555, 0.9033172731846701, 1.1277135553393542], "Sigma": [[0.012809389734430477, 0.005947076881527317, 0.016953960969576142], [0.005947076881527316, 0.013645687908076245, 0.01190050971809257], [0.016953960969576142, 0.011900509718092572, 0.09546884760298249]], "chi2_level": 0.95, "chi2_df": 3, "chi2_threshold": 7.814727903251179, "N_raw": 63, "N_roi": 63, "N_inlier": 61, "refit": true}
{"timestamp": "12:49:37.098782", "frame": 129, "mu": [-2.0983406803157822, 1.1434002074500353, -0.9938389606818536], "Sigma": [[0.032663283076513554, 0.006677034102811388, 0.04568985552942889], [0.006677034102811388, 0.009254945623545651, -0.000672989546309974], [0.04568985552942889, -0.000672989546309974, 0.09011653111106174]], "chi2_level": 0.95, "chi2_df": 3, "chi2_threshold": 7.814727903251179, "N_raw": 47, "N_roi": 47, "N_inlier": 46, "refit": true}
