{"timestamp": "12:46:59.645319", "frame": 51, "mu": [1.5438306819014862, 0.8638306574999365, 1.4606785334501795], "Sigma": [[0.0015362156237727846, 0.00041704749223438116, 0.0014573920526412755], [0.0004170474922343811, 0.00303315929544034, -0.00021951798285514468], [0.0014573920526412755, -0.00021951798285514476, 0.0017461646099320753]], "chi2_level": 0.95, "chi2_df": 3, "chi2_threshold": 7.814727903251179, "N_raw": 13, "N_roi": 13, "N_inlier": 11, "refit": true}
{"timestamp": "12:46:59.701474", "frame": 52, "mu": [1.4947169232822097, 0.7858206152808509, 1.3412909146632692], "Sigma": [[0.002198030345989869, -0.001783907180722485, -0.0007994383946719446], [-0.001783907180722485, 0.006609361408342864, -0.0012185770518877257], [-0.0007994383946719446, -0.001218577051887726, 0.00495859006674827]], "chi2_level": 0.95, "chi2_df": 3, "chi2_threshold": 7.814727903251179, "N_raw": 17, "N_roi": 17, "N_inlier": 16, "refit": true}
{"timestamp": "12:46:59.866280", "frame": 55, "mu": [1.4649392884026144, 0.9866947705850095, 1.4732609643769201], "Sigma": [[0.0044124934604789145, -0.0002917659208358156, 0.0006854366952389567], [-0.0002917659208358155, 0.0021192229891065107, -0.00018246867342701064], [0.0006854366952389567, -0.00018246867342701064, 0.0002028276290980995]], "chi2_level": 0.95, "chi2_df": 3, "chi2_threshold": 7.814727903251179, "N_raw": 17, "N_roi": 16, "N_inlier": 13, "refit": true}
{"timestamp": "12:46:59.978064", "frame": 57, "mu": [1.3221008653843673, 1.1240352536612066, 1.5000404412676425], "Sigma": [[0.003465265362941187, -0.002171511828209175, -6.628354488164904e-05], [-0.002171511828209175, 0.006924210759169621, -0.0008489217592698125], [-6.628354488164899e-05, -0.0008489217592698125, 0.0007959809118562325]], "chi2_level": 0.95, "chi2_df": 3, "chi2_threshold": 7.814727903251179, "N_raw": 21, "N_roi": 21, "N_inlier": 20, "refit": true}
{"timestamp": "12:47:00.033309", "frame": 58, "mu": [1.2569111260162606, 1.2355087703388723, 1.5606036134674832], "Sigma": [[0.003401558395872902, -0.0016744266286057223, -0.00030349914415490995], [-0.0016744266286057223, 0.0020330817987902804, -0.00032678505174620434], [-0.00030349914415490995, -0.00032678505174620434, 0.0004300124377363022]], "chi2_level": 0.95, "chi2_df": 3, "chi2_threshold": 7.814727903251179, "N_raw": 18, "N_roi": 18, "N_inlier": 16, "refit": true}
{"timestamp": "12:47:00.089122", "frame": 59, "mu": [1.2462077791053006, 1.2415253354258926, 1.3057281478524578], "Sigma": [[0.0026275080141061674, -0.0023351968070555065, -0.01103798796793713], [-0.0023351968070555065, 0.009300950410313848, 0.03170947864150516], [-0.011037987967937134, 0.03170947864150517, 0.14913797996092493]], "chi2_level": 0.95, "chi2_df": 3, "chi2_threshold": 7.814727903251179, "N_raw": 20, "N_roi": 20, "N_inlier": 17, "refit": true}
{"timestamp": "12:47:00.308675", "frame": 63, "mu": [1.0646402332997846, 1.2768451979288575, 1.2916199249209126], "Sigma": [[0.0023168638201573593, -0.0007347589439643382, 0.000573528117112438], [-0.0007347589439643382, 0.0019510363103403137, -0.0019597171646931737], [0.0005735281171124378, -0.0019597171646931733, 0.018843937883937584]], "chi2_level": 0.95, "chi2_df": 3, "chi2_threshold": 7.814727903251179, "N_raw": 17, "N_roi": 17, "N_inlier": 15, "refit": true}
{"timestamp": "12:47:00.365335", "frame": 64, "mu": [1.0502140373529536, 1.2576187715180773, 0.9347519737257233], "Sigma": [[0.0028102990052065726, -0.0005429354951109254, -0.002666377724918625], [-0.0005429354951109255, 0.001773161355340002, -0.0010651845310998501], [-0.002666377724918625, -0.0010651845310998501, 0.016581632598810438]], "chi2_level": 0.95, "chi2_df": 3, "chi2_threshold": 7.814727903251179, "N_raw": 24, "N_roi": 24, "N_inlier": 22, "refit": true}
{"timestamp": "12:47:00.421078", "frame": 65, "mu": [1.079664345682037, 1.406616486111933, 1.5109698828598734], "Sigma": [[0.00367179931141694, 0.0007942524897944528, 0.0027158884710215747], [0.0007942524897944527, 0.006037144921614447, 0.005305644485408655], [0.002715888471021575, 0.005305644485408655, 0.00594566262770478]], "chi2_level": 0.95, "chi2_df": 3, "chi2_threshold": 7.814727903251179, "N_raw": 28, "N_roi": 28, "N_inlier": 27, "refit": true}
{"timestamp": "12:47:00.534907", "frame": 67, "mu": [0.9777210219560829, 1.3728671803918526, 1.1803461866077272], "Sigma": [[0.0048917452330441155, -0.002680781934905594, -0.003957449860113144], [-0.002680781934905594, 0.010318855072195621, 0.010077050143071517], [-0.003957449860113144, 0.010077050143071517, 0.03189354987356947]], "chi2_level": 0.95, "chi2_df": 3, "chi2_threshold": 7.814727903251179, "N_raw": 58, "N_roi": 58, "N_inlier": 58, "refit": true}
{"timestamp": "12:47:00.591978", "frame": 68, "mu": [0.9651398102838925, 1.439202885860478, 1.2398183237311107], "Sigma": [[0.004408770142118437, -0.0008486388484173972, -0.0037694246533326483], [-0.0008486388484173972, 0.013613404978530108, 0.020285585601033287], [-0.0037694246533326483, 0.02028558560103329, 0.06580619186554776]], "chi2_level": 0.95, "chi2_df": 3, "chi2_threshold": 7.814727903251179, "N_raw": 65, "N_roi": 65, "N_inlier": 62, "refit": true}
{"timestamp": "12:47:00.644830", "frame": 69, "mu": [0.9349557596432773, 1.399735722760677, 1.2356572108049697], "Sigma": [[0.0030476836804059987, -0.0003906511079536028, -0.0016668332062449232], [-0.00039065110795360287, 0.0034667663530635793, 0.0001045115496341151], [-0.0016668332062449232, 0.00010451154963411508, 0.00444955911147844]], "chi2_level": 0.95, "chi2_df": 3, "chi2_threshold": 7.814727903251179, "N_raw": 31, "N_roi": 31, "N_inlier": 27, "refit": true}
{"timestamp": "12:47:00.700741", "frame": 70, "mu": [0.9091852599101823, 1.526031222646406, 1.3269133669249311], "Sigma": [[0.007278308192441519, -0.0005440453369623206, -0.0026886388989314494], [-0.0005440453369623206, 0.011114816460482912, 0.0033774166780067487], [-0.0026886388989314494, 0.0033774166780067487, 0.0037016046769958568]], "chi2_level": 0.95, "chi2_df": 3, "chi2_threshold": 7.814727903251179, "N_raw": 68, "N_roi": 68, "N_inlier": 65, "refit": true}
{"timestamp": "12:47:00.754464", "frame": 71, "mu": [0.8556865360530498, 1.5275022877690154, 1.35867981802286], "Sigma": [[0.0071041833075394705, -0.0003382216440023528, -0.0008273411911527166], [-0.00033822164400235257, 0.007976854252468317, 0.002769997156906708], [-0.0008273411911527167, 0.002769997156906708, 0.0014164084887442734]], "chi2_level": 0.95, "chi2_df": 3, "chi2_threshold": 7.814727903251179, "N_raw": 56, "N_roi": 56, "N_inlier": 55, "refit": true}
{"timestamp": "12:47:00.808039", "frame": 72, "mu": [0.8074574897273596, 1.5563458402036667, 1.3149814256471664], "Sigma": [[0.005308182337086944, 0.0002503850133920491, 0.001249464425497265], [0.00025038501339204897, 0.00622022585255146, 0.0018896906432327595], [0.001249464425497265, 0.0018896906432327595, 0.0011734955008857908]], "chi2_level": 0.95, "chi2_df": 3, "chi2_threshold": 7.814727903251179, "N_raw": 45, "N_roi": 45, "N_inlier": 42, "refit": true}
{"timestamp": "12:47:00.863511", "frame": 73, "mu": [0.7633795908212357, 1.7088453253464908, -0.2376896449415726], "Sigma": [[0.005354933436281011, -0.0013132583810092251, -0.0010148061643797755], [-0.0013132583810092253, 0.00422076809679267, 0.0021891008081124422], [-0.0010148061643797755, 0.0021891008081124422, 0.0013574794332418263]], "chi2_level": 0.95, "chi2_df": 3, "chi2_threshold": 7.814727903251179, "N_raw": 42, "N_roi": 42, "N_inlier": 40, "refit": true}
{"timestamp": "12:47:00.915774", "frame": 74, "mu": [0.6936778275557722, 1.585791257256236, 1.3362186084223773], "Sigma": [[0.0054392321714917145, 0.0019411658878109028, 0.0023167348162160544], [0.0019411658878109028, 0.00392032376377182, 0.0016861288373877963], [0.0023167348162160544, 0.0016861288373877963, 0.001698390582854886]], "chi2_level": 0.95, "chi2_df": 3, "chi2_threshold": 7.814727903251179, "N_raw": 35, "N_roi": 35, "N_inlier": 34, "refit": true}
{"timestamp": "12:47:00.972346", "frame": 75, "mu": [0.7361586475664497, 1.6923252449579285, 1.384835307946093], "Sigma": [[0.004648172284406773, 0.001838333927287211, 0.0059283676575685815], [0.0018383339272872111, 0.009523543371163793, 0.015418609053355806], [0.0059283676575685815, 0.015418609053355806, 0.04172784301467806]], "chi2_level": 0.95, "chi2_df": 3, "chi2_threshold": 7.814727903251179, "N_raw": 43, "N_roi": 43, "N_inlier": 37, "refit": true}
{"timestamp": "12:47:01.033523", "frame": 76, "mu": [0.6527915316884972, 1.6751796568332429, -0.7007864139672237], "Sigma": [[0.018571099527584498, 0.006391784254800612, -0.0008531011631685015], [0.006391784254800612, 0.009097256236918037, 0.009515968422654415], [-0.0008531011631685015, 0.009515968422654415, 0.5255622279451986]], "chi2_level": 0.95, "chi2_df": 3, "chi2_threshold": 7.814727903251179, "N_raw": 82, "N_roi": 82, "N_inlier": 75, "refit": true}
{"timestamp": "12:47:01.081663", "frame": 77, "mu": [0.6030171959386639, 1.6664110463108779, 0.6962532657485039], "Sigma": [[0.004448957007628761, 0.0006931728520184369, -0.020544915405146566], [0.0006931728520184369, 0.0074306232270797785, 0.02638908456866894], [-0.020544915405146566, 0.02638908456866894, 0.43942459912420095]], "chi2_level": 0.95, "chi2_df": 3, "chi2_threshold": 7.814727903251179, "N_raw": 12, "N_roi": 12, "N_inlier": 10, "refit": true}
{"timestamp": "12:47:01.141810", "frame": 78, "mu": [0.5464402383944057, 1.705413054945869, 1.0065007062878628], "Sigma": [[0.008522877813981736, -0.004716855876593885, -0.03926865823773649], [-0.004716855876593885, 0.017807106340335922, 0.0723788474301264], [-0.03926865823773649, 0.0723788474301264, 0.4861088215668272]], "chi2_level": 0.95, "chi2_df": 3, "chi2_threshold": 7.814727903251179, "N_raw": 64, "N_roi": 64, "N_inlier": 62, "refit": true}
{"timestamp": "12:47:01.193043", "frame": 79, "mu": [0.4698014310522154, 1.820372407775009, 1.4170855400159514], "Sigma": [[0.005282865847455217, -0.0001506344694964844, 0.001090892601448186], [-0.00015063446949648435, 0.001798397519978534, 0.0005383690087913442], [0.001090892601448186, 0.0005383690087913445, 0.026680780017077264]], "chi2_level": 0.95, "chi2_df": 3, "chi2_threshold": 7.814727903251179, "N_raw": 45, "N_roi": 45, "N_inlier": 41, "refit": true}
{"timestamp": "12:47:01.252788", "frame": 80, "mu": [0.45839358784465095, 1.764330957376563, -1.0853081537547657], "Sigma": [[0.005040071386492787, 0.0006143727844187178, 0.00565539002073804], [0.0006143727844187178, 0.008563762330792498, 0.05506590248166532], [0.005655390020738043, 0.05506590248166532, 0.5542066081047957]], "chi2_level": 0.95, "chi2_df": 3, "chi2_threshold": 7.814727903251179, "N_raw": 71, "N_roi": 71, "N_inlier": 70, "refit": true}
{"timestamp": "12:47:01.309379", "frame": 81, "mu": [0.4341376923626787, 1.9629427585914156, 0.03608613467664335], "Sigma": [[0.00809541982305999, 0.00215105888406448, 0.03399578207186351], [0.0021510588840644796, 0.009222865396634245, -8.499336442461831e-05], [0.03399578207186351, -8.499336442461809e-05, 0.30337442198261977]], "chi2_level": 0.95, "chi2_df": 3, "chi2_threshold": 7.814727903251179, "N_raw": 80, "N_roi": 77, "N_inlier": 72, "refit": true}
{"timestamp": "12:47:01.361317", "frame": 82, "mu": [0.3754365214383738, 1.8809416649488744, 1.253095997531218], "Sigma": [[0.008127347714169248, 0.000952600082119339, -0.00692255667091895], [0.0009526000821193388, 0.003985398731966063, -0.0005903212946537972], [-0.006922556670918949, -0.0005903212946537972, 0.014602008884133941]], "chi2_level": 0.95, "chi2_df": 3, "chi2_threshold": 7.814727903251179, "N_raw": 66, "N_roi": 64, "N_inlier": 59, "refit": true}
{"timestamp": "12:47:01.417928", "frame": 83, "mu": [0.35394693218932916, 1.9497195381389154, 1.121456795021307], "Sigma": [[0.006001687575781637, 0.0011103038153468573, -0.014263340938125568], [0.0011103038153468573, 0.009604454326162517, -0.028309223111860467], [-0.01426334093812557, -0.028309223111860467, 0.3397553105774646]], "chi2_level": 0.95, "chi2_df": 3, "chi2_threshold": 7.814727903251179, "N_raw": 70, "N_roi": 68, "N_inlier": 65, "refit": true}
{"timestamp": "12:47:01.468059", "frame": 84, "mu": [0.3004762209988282, 1.9164441588817944, 1.1518866962164998], "Sigma": [[0.00502424208645888, -0.001668309685429605, -0.017216673143494874], [-0.0016683096854296052, 0.002256068855915055, 0.003730569536118147], [-0.017216673143494874, 0.003730569536118146, 0.20732855982382298]], "chi2_level": 0.95, "chi2_df": 3, "chi2_threshold": 7.814727903251179, "N_raw": 33, "N_roi": 31, "N_inlier": 28, "refit": true}
{"timestamp": "12:47:01.526019", "frame": 85, "mu": [0.29855974547109615, 2.032340970163766, 1.393933898011394], "Sigma": [[0.006610760870181348, 0.00011311006399548332, -3.213965193201598e-05], [0.00011311006399548348, 0.003965770163383532, -0.0002989420335997763], [-3.2139651932016006e-05, -0.00029894203359977624, 0.03630816388068461]], "chi2_level": 0.95, "chi2_df": 3, "chi2_threshold": 7.814727903251179, "N_raw": 73, "N_roi": 73, "N_inlier": 67, "refit": true}
{"timestamp": "12:47:01.580326", "frame": 86, "mu": [0.2818215167829844, 2.018904889414987, 1.2550299520304813], "Sigma": [[0.010340736790308188, -0.004375231582218435, -0.026513591335382246], [-0.004375231582218435, 0.011955788162254554, 0.048840100105009776], [-0.026513591335382246, 0.048840100105009776, 0.2640931555783644]], "chi2_level": 0.95, "chi2_df": 3, "chi2_threshold": 7.814727903251179, "N_raw": 54, "N_roi": 51, "N_inlier": 46, "refit": true}
{"timestamp": "12:47:01.634765", "frame": 87, "mu": [0.1642193901041548, 2.0240547027380393, 1.2635870468892532], "Sigma": [[0.009423060134923278, -0.0018594715988726703, -0.012288525960366527], [-0.0018594715988726701, 0.004245128788250527, 0.007639208099292238], [-0.012288525960366527, 0.007639208099292239, 0.07136163253614675]], "chi2_level": 0.95, "chi2_df": 3, "chi2_threshold": 7.814727903251179, "N_raw": 58, "N_roi": 57, "N_inlier": 53, "refit": true}
{"timestamp": "12:47:01.693862", "frame": 88, "mu": [0.18618545865129413, 2.103006148509528, 1.2723304962096444], "Sigma": [[0.007352987890240866, 0.0017876598735487373, 0.0014058572418799017], [0.0017876598735487373, 0.0043034368360208575, 0.0016372979255871154], [0.0014058572418799015, 0.0016372979255871154, 0.052941774508704825]], "chi2_level": 0.95, "chi2_df": 3, "chi2_threshold": 7.814727903251179, "N_raw": 79, "N_roi": 79, "N_inlier": 75, "refit": true}
{"timestamp": "12:47:01.747079", "frame": 89, "mu": [0.14895728071939804, 2.203410441819882, 1.5444845005290881], "Sigma": [[0.00778769204071696, 0.002454824449685864, 0.005232460462474952], [0.002454824449685864, 0.01178121055377414, 0.01090443673838187], [0.005232460462474952, 0.01090443673838187, 0.013653494607797651]], "chi2_level": 0.95, "chi2_df": 3, "chi2_threshold": 7.814727903251179, "N_raw": 72, "N_roi": 68, "N_inlier": 65, "refit": true}
{"timestamp": "12:47:01.807079", "frame": 90, "mu": [0.10209785438079201, 2.2257669431255427, 1.5601421327107456], "Sigma": [[0.008859980711504538, 0.002106809729644138, 0.0021808585011398288], [0.002106809729644138, 0.013009751644843272, 0.014457393797045023], [0.002180858501139828, 0.014457393797045023, 0.036086733770948634]], "chi2_level": 0.95, "chi2_df": 3, "chi2_threshold": 7.814727903251179, "N_raw": 96, "N_roi": 80, "N_inlier": 73, "refit": true}
{"timestamp": "12:47:01.858206", "frame": 91, "mu": [0.06525447916225062, 2.2626711243356703, 1.3216925725196165], "Sigma": [[0.008559337788932754, 0.0015497552138519092, 0.012238810457860152], [0.0015497552138519094, 0.006919621179472657, 0.004534433343489018], [0.012238810457860152, 0.0045344333434890185, 0.22654881822514492]], "chi2_level": 0.95, "chi2_df": 3, "chi2_threshold": 7.814727903251179, "N_raw": 76, "N_roi": 76, "N_inlier": 76, "refit": true}
{"timestamp": "12:47:01.913081", "frame": 92, "mu": [0.03365727233365631, 2.2877303822113118, 1.4727727196661478], "Sigma": [[0.007352943710376927, 0.0006049303371858281, 0.00717311417102759], [0.0006049303371858284, 0.012543935739614718, 0.00626512217797008], [0.00717311417102759, 0.006265122177970081, 0.08363358901660686]], "chi2_level": 0.95, "chi2_df": 3, "chi2_threshold": 7.814727903251179, "N_raw": 69, "N_roi": 69, "N_inlier": 65, "refit": true}
{"timestamp": "12:47:01.959290", "frame": 93, "mu": [-0.030928162886804555, 2.315127546298025, 1.1947300383493962], "Sigma": [[0.004479260526099223, 0.0009397537853171185, 0.02916408992061776], [0.000939753785317118, 0.0075279532276498, -0.007721166198484029], [0.02916408992061776, -0.007721166198484031, 0.26514872068180456]], "chi2_level": 0.95, "chi2_df": 3, "chi2_threshold": 7.814727903251179, "N_raw": 15, "N_roi": 11, "N_inlier": 11, "refit": true}
{"timestamp": "12:47:02.018440", "frame": 94, "mu": [-0.007078900963971612, 2.3774669578606877, 1.4929241520104446], "Sigma": [[0.00787590807976069, 0.0018357219800961132, -0.002025838271263019], [0.0018357219800961134, 0.006930155647625601, 0.0035404411982648764], [-0.002025838271263019, 0.0035404411982648764, 0.007768386760268486]], "chi2_level": 0.95, "chi2_df": 3, "chi2_threshold": 7.814727903251179, "N_raw": 52, "N_roi": 52, "N_inlier": 48, "refit": true}
{"timestamp": "12:47:02.074137", "frame": 95, "mu": [-0.0919777724348799, 2.4036226668252167, -0.25577371211590055], "Sigma": [[0.008836700726437526, 0.004052331504601443, 0.018984838478340097], [0.004052331504601442, 0.008960218449264536, 0.017795823378905028], [0.018984838478340097, 0.017795823378905028, 0.08576827311364058]], "chi2_level": 0.95, "chi2_df": 3, "chi2_threshold": 7.814727903251179, "N_raw": 55, "N_roi": 55, "N_inlier": 52, "refit": true}
{"timestamp": "12:47:02.132870", "frame": 96, "mu": [-0.1465260675642411, 2.4236746164790097, 1.4561987084860024], "Sigma": [[0.01531652269574939, -0.0008816596434105494, -0.0246453796535008], [-0.0008816596434105496, 0.008631984155931506, 0.01154806246172746], [-0.0246453796535008, 0.01154806246172746, 0.08935321943707358]], "chi2_level": 0.95, "chi2_df": 3, "chi2_threshold": 7.814727903251179, "N_raw": 70, "N_roi": 70, "N_inlier": 65, "refit": true}
{"timestamp": "12:47:02.194578", "frame": 97, "mu": [-0.039025083050561384, 2.4719935253757517, 0.2678221692403582], "Sigma": [[0.036017702645862106, -0.009752906852510039, 0.013708836394735018], [-0.009752906852510039, 0.009667822965121227, -0.008077165354963264], [0.013708836394735018, -0.008077165354963264, 0.02978227778276999]], "chi2_level": 0.95, "chi2_df": 3, "chi2_threshold": 7.814727903251179, "N_raw": 115, "N_roi": 115, "N_inlier": 106, "refit": true}
{"timestamp": "12:47:02.242474", "frame": 98, "mu": [-0.2041095039339386, 2.48348183017439, 1.3572094128604408], "Sigma": [[0.030437915151571182, -0.004077120415772023, -0.07278721471771964], [-0.004077120415772024, 0.006577712039730355, 0.018629390475259005], [-0.07278721471771965, 0.018629390475259005, 0.22981903127441775]], "chi2_level": 0.95, "chi2_df": 3, "chi2_threshold": 7.814727903251179, "N_raw": 63, "N_roi": 63, "N_inlier": 61, "refit": true}
{"timestamp": "12:47:02.302787", "frame": 99, "mu": [-0.1755521923340025, 2.6725953559995386, -0.3799520897196657], "Sigma": [[0.042073758707457665, 0.02593482246254496, -0.08283380825984032], [0.025934822462544964, 0.027281213272337138, -0.06844520807013882], [-0.08283380825984031, -0.06844520807013882, 0.23146762918278194]], "chi2_level": 0.95, "chi2_df": 3, "chi2_threshold": 7.814727903251179, "N_raw": 114, "N_roi": 114, "N_inlier": 111, "refit": true}
{"timestamp": "12:47:02.409872", "frame": 100, "mu": [-0.3277485088353533, 2.500772259681636, 1.4234108188939922], "Sigma": [[0.012384200568694612, 0.001515826951480737, -0.010939080379629651], [0.0015158269514807367, 0.007525065936089437, -0.005657343877050509], [-0.010939080379629651, -0.005657343877050509, 0.06738355925070263]], "chi2_level": 0.95, "chi2_df": 3, "chi2_threshold": 7.814727903251179, "N_raw": 64, "N_roi": 64, "N_inlier": 59, "refit": true}
{"timestamp": "12:47:02.432956", "frame": 101, "mu": [-0.3291834946662684, 2.560300638186587, 1.287528211068367], "Sigma": [[0.007904027388172245, 0.0031511430414327525, -0.0006129970415586958], [0.0031511430414327525, 0.007190518459598242, -0.002701648108170009], [-0.0006129970415586965, -0.002701648108170009, 0.1139705852549776]], "chi2_level": 0.95, "chi2_df": 3, "chi2_threshold": 7.814727903251179, "N_raw": 39, "N_roi": 39, "N_inlier": 36, "refit": true}
{"timestamp": "12:47:02.464821", "frame": 102, "mu": [-0.35303020309148203, 2.587087891545015, 0.941943202147433], "Sigma": [[0.009224585849073918, 0.001371871300126437, -0.008691056935295198], [0.001371871300126437, 0.005153260808250957, -0.002043445338037131], [-0.008691056935295198, -0.002043445338037131, 0.47782934877704025]], "chi2_level": 0.95, "chi2_df": 3, "chi2_threshold": 7.814727903251179, "N_raw": 77, "N_roi": 77, "N_inlier": 73, "refit": true}
{"timestamp": "12:47:02.521265", "frame": 103, "mu": [-0.3683189492660188, 2.6498833569571785, 1.0157287176887204], "Sigma": [[0.010536385949817427, 0.0011182619512684882, -0.004878530910701905], [0.001118261951268488, 0.009914183975080326, -0.03558000463977179], [-0.0048785309107019035, -0.03558000463977178, 0.2608737593655988]], "chi2_level": 0.95, "chi2_df": 3, "chi2_threshold": 7.814727903251179, "N_raw": 95, "N_roi": 95, "N_inlier": 92, "refit": true}
{"timestamp": "12:47:02.572028", "frame": 104, "mu": [-0.3949963667228159, 2.665915740961298, 1.458195048117168], "Sigma": [[0.013177992118451503, 0.0024286247042000827, -0.0025208258275102096], [0.0024286247042000827, 0.005671323952528735, -0.00036332113287024026], [-0.0025208258275102096, -0.00036332113287024047, 0.03959115911034584]], "chi2_level": 0.95, "chi2_df": 3, "chi2_threshold": 7.814727903251179, "N_raw": 63, "N_roi": 63, "N_inlier": 56, "refit": true}
{"timestamp": "12:47:02.632619", "frame": 105, "mu": [-0.44425574478339863, 2.7664631413528133, 0.004725077942031751], "Sigma": [[0.012664375353533779, -0.00578952585943448, 0.03712439522534422], [-0.00578952585943448, 0.029830969652006642, -0.08610547916946604], [0.03712439522534422, -0.08610547916946602, 0.5762471580633272]], "chi2_level": 0.95, "chi2_df": 3, "chi2_threshold": 7.814727903251179, "N_raw": 107, "N_roi": 104, "N_inlier": 102, "refit": true}
{"timestamp": "12:47:02.688522", "frame": 106, "mu": [-0.3963812526887241, 2.801572505719596, -0.6334738894644012], "Sigma": [[0.016597688071083208, 0.014569440696254031, 0.0008443854225815412], [0.014569440696254031, 0.020631917723903388, 0.007366043752379596], [0.0008443854225815423, 0.007366043752379597, 0.11506114218829623]], "chi2_level": 0.95, "chi2_df": 3, "chi2_threshold": 7.814727903251179, "N_raw": 99, "N_roi": 86, "N_inlier": 81, "refit": true}
{"timestamp": "12:47:02.735263", "frame": 107, "mu": [-0.4381145069503295, 2.4793657969814826, 0.0015573903957142032], "Sigma": [[0.014669475926397404, -0.006376475995715134, -0.018182773293305858], [-0.006376475995715134, 0.3074506215973713, 0.38959220344108897], [-0.018182773293305858, 0.3895922034410889, 0.6430069222183682]], "chi2_level": 0.95, "chi2_df": 3, "chi2_threshold": 7.814727903251179, "N_raw": 58, "N_roi": 55, "N_inlier": 54, "refit": true}
{"timestamp": "12:47:02.793633", "frame": 108, "mu": [-0.4143803360366838, 2.786874267191921, 0.5148185825932163], "Sigma": [[0.017233079834294646, -0.002310129179437312, -0.05150128462277852], [-0.0023101291794373124, 0.010013688060681957, -0.0016200409388327835], [-0.05150128462277851, -0.0016200409388327848, 0.368725331059997]], "chi2_level": 0.95, "chi2_df": 3, "chi2_threshold": 7.814727903251179, "N_raw": 80, "N_roi": 75, "N_inlier": 73, "refit": true}
{"timestamp": "12:47:02.902370", "frame": 110, "mu": [-0.5922689258712932, 2.904699027161155, 1.3715083360126392], "Sigma": [[0.012909069386997598, 0.0018021614336105334, -0.01165012959810223], [0.0018021614336105336, 0.011088856033981126, 0.01408108259851976], [-0.01165012959810223, 0.01408108259851976, 0.09209554012487431]], "chi2_level": 0.95, "chi2_df": 3, "chi2_threshold": 7.814727903251179, "N_raw": 79, "N_roi": 79, "N_inlier": 73, "refit": true}
{"timestamp": "12:47:02.959955", "frame": 111, "mu": [-0.5938361841931361, 2.9279959889674356, 1.1180075515050243], "Sigma": [[0.014627035175951953, -0.0009953850716721373, -0.02253091170999425], [-0.0009953850716721373, 0.0073054401700012725, 0.02608793313875144], [-0.02253091170999425, 0.02608793313875144, 0.2685046636013005]], "chi2_level": 0.95, "chi2_df": 3, "chi2_threshold": 7.814727903251179, "N_raw": 93, "N_roi": 93, "N_inlier": 90, "refit": true}
{"timestamp": "12:47:03.007382", "frame": 112, "mu": [-0.6048844548485449, 2.963533905310978, 1.1222733953043458], "Sigma": [[0.009109109102190642, 0.004451110483249662, 0.011469396325631098], [0.004451110483249662, 0.002901073979173761, 0.01017223431652735], [0.011469396325631098, 0.01017223431652735, 0.0781102214351581]], "chi2_level": 0.95, "chi2_df": 3, "chi2_threshold": 7.814727903251179, "N_raw": 40, "N_roi": 36, "N_inlier": 33, "refit": true}
{"timestamp": "12:47:03.065899", "frame": 113, "mu": [-0.7062953247248029, 3.0493835884770415, 0.2635138741967863], "Sigma": [[0.013366060963775267, 0.002654392234252213, -0.00654402613065756], [0.002654392234252213, 0.007309575879869754, -0.004998268284502931], [-0.006544026130657561, -0.00499826828450293, 0.016145972968205892]], "chi2_level": 0.95, "chi2_df": 3, "chi2_threshold": 7.814727903251179, "N_raw": 63, "N_roi": 61, "N_inlier": 60, "refit": true}
{"timestamp": "12:47:03.128273", "frame": 114, "mu": [-0.7730608065923532, 3.0100155207611143, 1.0297515445249081], "Sigma": [[0.014042637919919743, 0.00036769642603411677, 0.010657810402515839], [0.0003676964260341168, 0.0076036408203749226, -0.011422183420751325], [0.010657810402515837, -0.011422183420751325, 0.14113598572471706]], "chi2_level": 0.95, "chi2_df": 3, "chi2_threshold": 7.814727903251179, "N_raw": 108, "N_roi": 108, "N_inlier": 108, "refit": true}
{"timestamp": "12:47:03.178016", "frame": 115, "mu": [-0.7592279570291165, 2.9663524668042953, 1.1573527042428842], "Sigma": [[0.013019967181296, 0.0014016982105545454, -0.009053655890276593], [0.0014016982105545456, 0.008207603886502065, -0.007849371070368337], [-0.009053655890276593, -0.007849371070368337, 0.029961387931013866]], "chi2_level": 0.95, "chi2_df": 3, "chi2_threshold": 7.814727903251179, "N_raw": 72, "N_roi": 72, "N_inlier": 68, "refit": true}
{"timestamp": "12:47:03.232187", "frame": 116, "mu": [-0.7905520417610314, 3.0234255520333666, 1.28047544092815], "Sigma": [[0.014595716914489678, 0.004017760908323387, -0.010661262434469028], [0.004017760908323387, 0.011504030910968672, 0.0011244563204794284], [-0.010661262434469028, 0.0011244563204794288, 0.015034841794414595]], "chi2_level": 0.95, "chi2_df": 3, "chi2_threshold": 7.814727903251179, "N_raw": 71, "N_roi": 71, "N_inlier": 66, "refit": true}
{"timestamp": "12:47:03.286822", "frame": 117, "mu": [-0.8666734500822537, 3.163615458798627, -0.23537003562222053], "Sigma": [[0.015080388618309532, -0.002545456376898235, 0.0035592823617438653], [-0.0025454563768982346, 0.042852549005334556, -0.07515863300187683], [0.0035592823617438653, -0.07515863300187683, 0.17905357006355518]], "chi2_level": 0.95, "chi2_df": 3, "chi2_threshold": 7.814727903251179, "N_raw": 73, "N_roi": 73, "N_inlier": 73, "refit": true}
{"timestamp": "12:47:03.346460", "frame": 118, "mu": [-0.812151010355931, 3.0854461717867903, 0.9874203734215158], "Sigma": [[0.025779470428584913, 0.00961029040449279, -0.037869990511293486], [0.00961029040449279, 0.0099032026841333, -0.020267766248600768], [-0.037869990511293486, -0.02026776624860077, 0.08371779719283456]], "chi2_level": 0.95, "chi2_df": 3, "chi2_threshold": 7.814727903251179, "N_raw": 101, "N_roi": 101, "N_inlier": 100, "refit": true}
{"timestamp": "12:47:03.394404", "frame": 119, "mu": [-0.9201529844739533, 3.1687872322295254, 0.07759707311157647], "Sigma": [[0.01760756336300581, 0.010132277854004439, -0.016314987082809634], [0.010132277854004439, 0.011439492093084893, -0.011993527581167712], [-0.01631498708280963, -0.011993527581167712, 0.03969756946517716]], "chi2_level": 0.95, "chi2_df": 3, "chi2_threshold": 7.814727903251179, "N_raw": 49, "N_roi": 49, "N_inlier": 45, "refit": true}
{"timestamp": "12:47:03.448443", "frame": 120, "mu": [-0.946722797998425, 3.1543464868885156, 1.3074213253047797], "Sigma": [[0.016063468623001252, 0.009464295609994993, -0.00035321062303414203], [0.009464295609994993, 0.011726714641163104, 0.004365724822901105], [-0.0003532106230341419, 0.004365724822901105, 0.007450202827451368]], "chi2_level": 0.95, "chi2_df": 3, "chi2_threshold": 7.814727903251179, "N_raw": 52, "N_roi": 49, "N_inlier": 47, "refit": true}
{"timestamp": "12:47:03.507827", "frame": 121, "mu": [-0.9144885551996116, 3.372784451452844, -0.11556344924049015], "Sigma": [[0.028713658289357787, 0.01966528816907481, -0.03887175442579206], [0.019665288169074813, 0.01878310676844784, -0.0303383180351555], [-0.03887175442579206, -0.0303383180351555, 0.06259372518751546]], "chi2_level": 0.95, "chi2_df": 3, "chi2_threshold": 7.814727903251179, "N_raw": 71, "N_roi": 69, "N_inlier": 67, "refit": true}
{"timestamp": "12:47:03.557250", "frame": 122, "mu": [-0.8349311582429778, 3.2849343361510215, 0.7753542628791151], "Sigma": [[0.030143655994657632, 0.0011872304514764169, -0.056740689971119994], [0.001187230451476417, 0.0032683220492535966, -0.0034701820669815913], [-0.056740689971119994, -0.0034701820669815913, 0.1111636935772384]], "chi2_level": 0.95, "chi2_df": 3, "chi2_threshold": 7.814727903251179, "N_raw": 39, "N_roi": 39, "N_inlier": 38, "refit": true}
{"timestamp": "12:47:03.610128", "frame": 123, "mu": [-1.0477501807952443, 3.303158193485866, 1.3761521243193753], "Sigma": [[0.010841764631351548, 0.0027458880312734267, -0.012170505786233457], [0.002745888031273427, 0.00182950538341815, -0.004381054598996083], [-0.012170505786233457, -0.0043810545989960824, 0.021165953887596886]], "chi2_level": 0.95, "chi2_df": 3, "chi2_threshold": 7.814727903251179, "N_raw": 28, "N_roi": 28, "N_inlier": 25, "refit": true}
{"timestamp": "12:47:03.663728", "frame": 124, "mu": [-1.003774542259028, 3.4275795804496227, 0.09091909133787884], "Sigma": [[0.005943744982883091, 0.0026224154464697122, -0.0088075631631327], [0.0026224154464697122, 0.0030748575268621653, -0.004362295547389385], [-0.0088075631631327, -0.004362295547389385, 0.015712371970740706]], "chi2_level": 0.95, "chi2_df": 3, "chi2_threshold": 7.814727903251179, "N_raw": 20, "N_roi": 20, "N_inlier": 18, "refit": true}
{"timestamp": "12:47:03.723560", "frame": 125, "mu": [-1.114344408869472, 3.2963620649553906, 1.1931681098758973], "Sigma": [[0.011415432811355883, 0.001953064316545388, -0.009412199055584483], [0.0019530643165453878, 0.005619740450146181, -0.004861613430560588], [-0.009412199055584484, -0.004861613430560588, 0.013355240882060379]], "chi2_level": 0.95, "chi2_df": 3, "chi2_threshold": 7.814727903251179, "N_raw": 49, "N_roi": 49, "N_inlier": 45, "refit": true}
{"timestamp": "12:47:03.773649", "frame": 126, "mu": [-1.1002891999103899, 3.438978832472095, 0.8271391205827654], "Sigma": [[0.003855881205375564, 0.005125580703624996, -0.01813775125681491], [0.005125580703624997, 0.0168023963076515, -0.04327889891727024], [-0.01813775125681491, -0.04327889891727024, 0.14070971021437914]], "chi2_level": 0.95, "chi2_df": 3, "chi2_threshold": 7.814727903251179, "N_raw": 10, "N_roi": 10, "N_inlier": 10, "refit": true}
{"timestamp": "12:47:03.832437", "frame": 127, "mu": [-1.1651174343712158, 3.4469893929718967, 0.8450749195038096], "Sigma": [[0.010798718205424477, 0.0029146241352582245, -0.012417756491225257], [0.0029146241352582245, 0.013897680698750489, -0.04501736281792278], [-0.012417756491225255, -0.045017362817922776, 0.16918716724289679]], "chi2_level": 0.95, "chi2_df": 3, "chi2_threshold": 7.814727903251179, "N_raw": 42, "N_roi": 42, "N_inlier": 40, "refit": true}
{"timestamp": "12:47:03.892544", "frame": 128, "mu": [-1.1824098583949947, 3.642212303544436, -0.20331239516431973], "Sigma": [[0.013271130373773943, 0.001682695807040209, -0.004160479187203177], [0.0016826958070402078, 0.040364538958747365, -0.06792127342604676], [-0.004160479187203177, -0.06792127342604676, 0.1364541468482651]], "chi2_level": 0.95, "chi2_df": 3, "chi2_threshold": 7.814727903251179, "N_raw": 77, "N_roi": 77, "N_inlier": 74, "refit": true}
{"timestamp": "12:47:03.945137", "frame": 129, "mu": [-1.1990857185795434, 3.3718296288309952, 0.9514335545051046], "Sigma": [[0.01873540193198423, 0.002625122055898034, -0.038799684954907585], [0.002625122055898034, 0.003141230486237818, -0.0027365559369551045], [-0.03879968495490758, -0.0027365559369551045, 0.1916195246620556]], "chi2_level": 0.95, "chi2_df": 3, "chi2_threshold": 7.814727903251179, "N_raw": 57, "N_roi": 57, "N_inlier": 57, "refit": true}
{"timestamp": "12:47:03.999801", "frame": 130, "mu": [-1.1986664953658486, 3.4093367390798064, 0.9240839064718351], "Sigma": [[0.016842329131362528, 0.0026724781054414696, -0.02762303987824103], [0.0026724781054414696, 0.0024985932704932896, -0.004762851160152191], [-0.02762303987824103, -0.00476285116015219, 0.09751796383330613]], "chi2_level": 0.95, "chi2_df": 3, "chi2_threshold": 7.814727903251179, "N_raw": 57, "N_roi": 57, "N_inlier": 55, "refit": true}
{"timestamp": "12:47:04.049785", "frame": 131, "mu": [-1.3051240245441649, 3.542126584864753, 0.14176151466736558], "Sigma": [[0.009267264486895821, 0.0049017631594997346, -0.009753924199400101], [0.0049017631594997346, 0.005712608664423816, -0.005153270561809334], [-0.0097539241994001, -0.005153270561809334, 0.012699165375054689]], "chi2_level": 0.95, "chi2_df": 3, "chi2_threshold": 7.814727903251179, "N_raw": 27, "N_roi": 27, "N_inlier": 25, "refit": true}
{"timestamp": "12:47:04.108636", "frame": 132, "mu": [-1.2837955948817033, 3.572750779187098, -0.00881451431065658], "Sigma": [[0.020514099164269932, 0.00825586813274048, -0.014103017764609791], [0.00825586813274048, 0.007576275197402648, -0.009902764036433913], [-0.014103017764609791, -0.009902764036433913, 0.017913203585859492]], "chi2_level": 0.95, "chi2_df": 3, "chi2_threshold": 7.814727903251179, "N_raw": 49, "N_roi": 49, "N_inlier": 45, "refit": true}
{"timestamp": "12:47:04.218131", "frame": 134, "mu": [-1.4101367883897966, 3.6593099604317425, 0.280632585259183], "Sigma": [[0.01833503458683644, 0.009302558894856476, -0.01273819003791155], [0.009302558894856476, 0.010151045585435059, -0.0036443057512374434], [-0.01273819003791155, -0.0036443057512374434, 0.012183829749399239]], "chi2_level": 0.95, "chi2_df": 3, "chi2_threshold": 7.814727903251179, "N_raw": 49, "N_roi": 49, "N_inlier": 47, "refit": true}
{"timestamp": "12:47:04.270792", "frame": 135, "mu": [-1.4640639568065827, 3.699588195886878, -0.19454805945982603], "Sigma": [[0.008718059782379045, 0.0064175662212433374, 0.026588102491732976], [0.006417566221243336, 0.014911720053778008, 0.03689742406750088], [0.02658810249173298, 0.03689742406750088, 0.18816024449578236]], "chi2_level": 0.95, "chi2_df": 3, "chi2_threshold": 7.814727903251179, "N_raw": 34, "N_roi": 34, "N_inlier": 31, "refit": true}
{"timestamp": "12:47:04.325740", "frame": 136, "mu": [-1.4898424350990986, 3.6109989489725955, 1.2723747114264292], "Sigma": [[0.013924716821779246, 0.0032543602898556924, -0.012850909578279536], [0.0032543602898556924, 0.0037074585063929955, -0.004028380896322086], [-0.012850909578279536, -0.004028380896322086, 0.01447590831956277]], "chi2_level": 0.95, "chi2_df": 3, "chi2_threshold": 7.814727903251179, "N_raw": 33, "N_roi": 33, "N_inlier": 31, "refit": true}
{"timestamp": "12:47:04.381358", "frame": 137, "mu": [-1.5161130089355677, 3.7499626916056914, 1.309083119401164], "Sigma": [[0.021643304905504007, 0.004159020903429548, -0.013878654168330833], [0.004159020903429548, 0.006143584593391787, 0.0006820058991896117], [-0.01387865416833083, 0.0006820058991896117, 0.013291899463842159]], "chi2_level": 0.95, "chi2_df": 3, "chi2_threshold": 7.814727903251179, "N_raw": 41, "N_roi": 41, "N_inlier": 39, "refit": true}
{"timestamp": "12:47:04.434905", "frame": 138, "mu": [-1.5757019951158102, 3.6953265931954906, 1.3021519439340934], "Sigma": [[0.0043354981305443714, 0.002014647570243668, -0.000750460078127122], [0.002014647570243668, 0.003372702749241816, -0.0007016093093355284], [-0.0007504600781271218, -0.0007016093093355284, 0.0002757361541654273]], "chi2_level": 0.95, "chi2_df": 3, "chi2_threshold": 7.814727903251179, "N_raw": 15, "N_roi": 15, "N_inlier": 14, "refit": true}
{"timestamp": "12:47:04.494233", "frame": 139, "mu": [-1.5907338056490072, 3.66874996126387, 1.2116696585200994], "Sigma": [[0.021797756708025057, 0.007142324478258905, -0.012567416948952671], [0.007142324478258907, 0.006587336284983506, -0.008941310578473314], [-0.012567416948952671, -0.008941310578473314, 0.01721638489942688]], "chi2_level": 0.95, "chi2_df": 3, "chi2_threshold": 7.814727903251179, "N_raw": 56, "N_roi": 56, "N_inlier": 51, "refit": true}
{"timestamp": "12:47:04.544841", "frame": 140, "mu": [-1.6462674564127848, 3.775412028911853, -1.1302715412578213], "Sigma": [[0.0069578214625254774, -0.0014571941472907978, 0.00852192150729086], [-0.001457194147290798, 0.00450867580278689, -0.014738555710674967], [0.00852192150729086, -0.014738555710674967, 0.05887545918520479]], "chi2_level": 0.95, "chi2_df": 3, "chi2_threshold": 7.814727903251179, "N_raw": 21, "N_roi": 18, "N_inlier": 17, "refit": true}
{"timestamp": "12:47:04.597468", "frame": 141, "mu": [-1.6484615549821622, 3.728865691422155, 1.4252723210761649], "Sigma": [[0.005572107353155235, 0.0019542867400124653, -0.0037287640562750413], [0.001954286740012465, 0.002493652010578272, -0.0022281751813763803], [-0.0037287640562750413, -0.0022281751813763807, 0.004392304170154618]], "chi2_level": 0.95, "chi2_df": 3, "chi2_threshold": 7.814727903251179, "N_raw": 13, "N_roi": 13, "N_inlier": 11, "refit": true}
{"timestamp": "12:47:04.662037", "frame": 142, "mu": [-1.6146822751212473, 3.883182357657149, 0.8055017806871424], "Sigma": [[0.044585728433274935, 0.007693824428819853, -0.06955019326452727], [0.007693824428819853, 0.00711251769896092, -0.030809632614226992], [-0.06955019326452727, -0.030809632614226992, 0.2389387291014247]], "chi2_level": 0.95, "chi2_df": 3, "chi2_threshold": 7.814727903251179, "N_raw": 75, "N_roi": 75, "N_inlier": 73, "refit": true}
{"timestamp": "12:47:04.766534", "frame": 144, "mu": [-1.7449487869103533, 3.8523261702658074, 1.271543265645806], "Sigma": [[0.01678192915929653, 0.005712251712866893, -0.016101668296928988], [0.005712251712866894, 0.0054294052657010644, -0.0069129059453988465], [-0.016101668296928988, -0.006912905945398846, 0.017945788546592067]], "chi2_level": 0.95, "chi2_df": 3, "chi2_threshold": 7.814727903251179, "N_raw": 35, "N_roi": 35, "N_inlier": 33, "refit": true}
{"timestamp": "12:47:04.934777", "frame": 147, "mu": [-1.716919158119119, 4.0346036016986915, 0.8744900485103334], "Sigma": [[0.022593486319155254, 0.001961611450701528, -0.03996396965059698], [0.001961611450701528, 0.0031941246510186934, -0.0076599108911692085], [-0.03996396965059698, -0.0076599108911692085, 0.08311303895296543]], "chi2_level": 0.95, "chi2_df": 3, "chi2_threshold": 7.814727903251179, "N_raw": 34, "N_roi": 34, "N_inlier": 33, "refit": true}
{"timestamp": "12:47:05.150476", "frame": 151, "mu": [-2.0245046232244666, 4.063608672080901, 1.321587134357294], "Sigma": [[0.01917398503143413, 0.00818691196514538, -0.014021004956846276], [0.00818691196514538, 0.007198825187130353, -0.011446860270109603], [-0.014021004956846276, -0.011446860270109603, 0.022572863940770523]], "chi2_level": 0.95, "chi2_df": 3, "chi2_threshold": 7.814727903251179, "N_raw": 29, "N_roi": 29, "N_inlier": 25, "refit": true}
