{"timestamp": "12:29:59.731839", "frame": 1, "mu": [0.8552516152849925, 1.5326016505639781, 1.5429504425236933], "Sigma": [[0.006624017024535901, -0.0017674904222384621, -0.00479306343736258], [-0.001767490422238462, 0.005262787559401614, 0.001900810862735419], [-0.00479306343736258, 0.0019008108627354189, 0.0039038153507597343]], "chi2_level": 0.95, "chi2_df": 3, "chi2_threshold": 7.814727903251179, "N_raw": 51, "N_roi": 51, "N_inlier": 49, "refit": true}
{"timestamp": "12:29:59.785368", "frame": 2, "mu": [0.844726962531952, 1.5390412490384027, 1.515556895343395], "Sigma": [[0.0029844738265647807, -0.0012040221913304533, -0.0028418066415631885], [-0.0012040221913304536, 0.0014532523258216233, -0.0002257793133829314], [-0.002841806641563189, -0.00022577931338293148, 0.00608547594709576]], "chi2_level": 0.95, "chi2_df": 3, "chi2_threshold": 7.814727903251179, "N_raw": 21, "N_roi": 21, "N_inlier": 19, "refit": true}
{"timestamp": "12:29:59.842908", "frame": 3, "mu": [0.8554987533013052, 1.5552073125140493, 1.54058316293207], "Sigma": [[0.004916498341371807, -0.0017129605189038105, -0.0017985509845845444], [-0.0017129605189038107, 0.004477932481592049, 0.0006457052719119145], [-0.0017985509845845444, 0.0006457052719119145, 0.0008799760449145342]], "chi2_level": 0.95, "chi2_df": 3, "chi2_threshold": 7.814727903251179, "N_raw": 40, "N_roi": 40, "N_inlier": 39, "refit": true}
{"timestamp": "12:29:59.895327", "frame": 4, "mu": [0.8636071088964677, 1.5644200017583796, 1.5310822992597786], "Sigma": [[0.0027658234182995674, -0.00025572863761694567, -0.00125854231346056], [-0.00025572863761694567, 0.0018889158081432985, -6.252189778501149e-05], [-0.00125854231346056, -6.252189778501149e-05, 0.0008867053159309656]], "chi2_level": 0.95, "chi2_df": 3, "chi2_threshold": 7.814727903251179, "N_raw": 19, "N_roi": 19, "N_inlier": 17, "refit": true}
{"timestamp": "12:30:00.003377", "frame": 6, "mu": [0.7973977103480593, 1.614516246973112, 1.6068769240919345], "Sigma": [[0.0026368499689818805, -0.0005281556002377237, -0.0009908727318970055], [-0.0005281556002377237, 0.0018781305484640144, -0.00033958793667112513], [-0.0009908727318970053, -0.00033958793667112513, 0.0008155925875484145]], "chi2_level": 0.95, "chi2_df": 3, "chi2_threshold": 7.814727903251179, "N_raw": 15, "N_roi": 15, "N_inlier": 12, "refit": true}
{"timestamp": "12:30:00.115739", "frame": 8, "mu": [0.9631153432905516, 1.5337395634846982, 1.2553695209666107], "Sigma": [[0.0059822173098929956, -0.0031563998855879518, -0.009033518980775496], [-0.0031563998855879518, 0.002732443694069662, 0.004626004192295759], [-0.009033518980775496, 0.004626004192295759, 0.01884978522120371]], "chi2_level": 0.95, "chi2_df": 3, "chi2_threshold": 7.814727903251179, "N_raw": 34, "N_roi": 34, "N_inlier": 31, "refit": true}
{"timestamp": "12:30:00.172746", "frame": 9, "mu": [0.8015973968769868, 1.5984435823634748, 1.5415261387016563], "Sigma": [[0.006284597624167377, -0.003789893814889857, -0.00865015702257952], [-0.003789893814889857, 0.006262804352301171, 0.00681834192957311], [-0.00865015702257952, 0.00681834192957311, 0.02010908791205808]], "chi2_level": 0.95, "chi2_df": 3, "chi2_threshold": 7.814727903251179, "N_raw": 41, "N_roi": 41, "N_inlier": 36, "refit": true}
{"timestamp": "12:30:00.230756", "frame": 10, "mu": [0.8785264776810809, 1.4968138460054863, 1.1218107475248826], "Sigma": [[0.010088265397966877, -0.010938022236404634, -0.04305532042519093], [-0.010938022236404634, 0.025586153211183623, 0.0955710924285282], [-0.04305532042519093, 0.0955710924285282, 0.4174755351132092]], "chi2_level": 0.95, "chi2_df": 3, "chi2_threshold": 7.814727903251179, "N_raw": 64, "N_roi": 64, "N_inlier": 62, "refit": true}
{"timestamp": "12:30:00.281905", "frame": 11, "mu": [0.9403357304977575, 1.461651094471813, 1.2340698128053702], "Sigma": [[0.003120626142803261, -0.0020765428681515145, -0.007291855687265489], [-0.0020765428681515145, 0.003661703031668613, 0.0037853486064009494], [-0.007291855687265489, 0.00378534860640095, 0.035695657175177684]], "chi2_level": 0.95, "chi2_df": 3, "chi2_threshold": 7.814727903251179, "N_raw": 31, "N_roi": 31, "N_inlier": 27, "refit": true}
{"timestamp": "12:30:00.340784", "frame": 12, "mu": [0.907085032941141, 1.4333290932847298, 1.2105584080551335], "Sigma": [[0.010509917801018724, -0.0088587317828221, -0.023376524776734554], [-0.0088587317828221, 0.010313528933090697, 0.02131510994339804], [-0.023376524776734558, 0.02131510994339804, 0.0683914659830882]], "chi2_level": 0.95, "chi2_df": 3, "chi2_threshold": 7.814727903251179, "N_raw": 60, "N_roi": 60, "N_inlier": 54, "refit": true}
{"timestamp": "12:30:00.394539", "frame": 13, "mu": [0.8230061427479599, 1.5123652162216046, 1.3751645789197615], "Sigma": [[0.0058510345529894, -0.003227501512230242, -0.005195965197136552], [-0.003227501512230242, 0.005460056287271861, 0.0030238465992590245], [-0.005195965197136551, 0.0030238465992590245, 0.00809746973457789]], "chi2_level": 0.95, "chi2_df": 3, "chi2_threshold": 7.814727903251179, "N_raw": 48, "N_roi": 48, "N_inlier": 43, "refit": true}
{"timestamp": "12:30:00.449839", "frame": 14, "mu": [0.8258715973125793, 1.4782136392872491, 1.3045485397523355], "Sigma": [[0.009451225098084838, -0.004852296811947371, -0.01682630095290798], [-0.004852296811947371, 0.007070659702079807, 0.013700696162185826], [-0.01682630095290798, 0.013700696162185829, 0.05055544641774695]], "chi2_level": 0.95, "chi2_df": 3, "chi2_threshold": 7.814727903251179, "N_raw": 57, "N_roi": 57, "N_inlier": 55, "refit": true}
{"timestamp": "12:30:00.502765", "frame": 15, "mu": [0.8359644677984793, 1.3650884611116267, 0.6936818394153685], "Sigma": [[0.008372930920165155, -0.0010889341909432206, -0.0010206495129320343], [-0.0010889341909432206, 0.00426068725103283, 0.01158975550711655], [-0.0010206495129320343, 0.01158975550711655, 0.17162161496015738]], "chi2_level": 0.95, "chi2_df": 3, "chi2_threshold": 7.814727903251179, "N_raw": 34, "N_roi": 34, "N_inlier": 32, "refit": true}
{"timestamp": "12:30:00.560923", "frame": 16, "mu": [0.7415830562318027, 1.3983994521243759, 1.2837535621829665], "Sigma": [[0.005122905859463999, -0.0008829732587341678, -0.0024267055528646377], [-0.0008829732587341679, 0.004694828554543624, -0.0012293161231740658], [-0.0024267055528646377, -0.0012293161231740658, 0.0019526917488491146]], "chi2_level": 0.95, "chi2_df": 3, "chi2_threshold": 7.814727903251179, "N_raw": 61, "N_roi": 61, "N_inlier": 53, "refit": true}
{"timestamp": "12:30:00.614884", "frame": 17, "mu": [0.6062477034942398, 1.597496331667623, -0.306841902004905], "Sigma": [[0.007558556697580514, 0.0008270150536439347, -0.01903142127508769], [0.000827015053643935, 0.0063978262164742635, -0.01161737634740628], [-0.01903142127508769, -0.01161737634740628, 0.0743755189596155]], "chi2_level": 0.95, "chi2_df": 3, "chi2_threshold": 7.814727903251179, "N_raw": 53, "N_roi": 53, "N_inlier": 47, "refit": true}
{"timestamp": "12:30:00.674440", "frame": 18, "mu": [0.5611402974252547, 1.4281038009447935, 1.2240990545535708], "Sigma": [[0.007133932579946298, -0.004976843653000218, -0.01613671725682977], [-0.004976843653000218, 0.00718182178093277, 0.016505170523619595], [-0.01613671725682977, 0.0165051705236196, 0.07662679767428404]], "chi2_level": 0.95, "chi2_df": 3, "chi2_threshold": 7.814727903251179, "N_raw": 88, "N_roi": 88, "N_inlier": 83, "refit": true}
{"timestamp": "12:30:00.733019", "frame": 19, "mu": [0.53463751261461, 1.4116842965754806, 1.0970025945695796], "Sigma": [[0.008503126697477029, -0.0036073048293685144, -0.014092471726525124], [-0.0036073048293685153, 0.011206537674748539, 0.04159261895748583], [-0.014092471726525122, 0.04159261895748583, 0.3407012410626447]], "chi2_level": 0.95, "chi2_df": 3, "chi2_threshold": 7.814727903251179, "N_raw": 111, "N_roi": 111, "N_inlier": 108, "refit": true}
{"timestamp": "12:30:00.782153", "frame": 20, "mu": [0.46072006875435156, 1.4577732193541855, 1.4315033563020179], "Sigma": [[0.005179646076654791, -0.001565090138135558, -0.006812232901837309], [-0.001565090138135558, 0.00520426347455961, 0.007510068568870742], [-0.006812232901837309, 0.007510068568870743, 0.032512207287301365]], "chi2_level": 0.95, "chi2_df": 3, "chi2_threshold": 7.814727903251179, "N_raw": 59, "N_roi": 59, "N_inlier": 56, "refit": true}
{"timestamp": "12:30:00.838878", "frame": 21, "mu": [0.4004901081521435, 1.4534575732247201, 1.3781996822821723], "Sigma": [[0.005334645267903642, -0.0032615440348390504, -0.007646658197534839], [-0.00326154403483905, 0.006814605111518799, 0.0016116300707185501], [-0.007646658197534839, 0.0016116300707185506, 0.018157124938579818]], "chi2_level": 0.95, "chi2_df": 3, "chi2_threshold": 7.814727903251179, "N_raw": 78, "N_roi": 78, "N_inlier": 75, "refit": true}
{"timestamp": "12:30:00.890440", "frame": 22, "mu": [0.37787339852327795, 1.39916161758164, 1.3713986754707757], "Sigma": [[0.004503453013659647, -0.0040701595580786495, -0.008885704793362807], [-0.0040701595580786495, 0.00666019236432717, 0.007416062829438111], [-0.008885704793362807, 0.00741606282943811, 0.01901964691135486]], "chi2_level": 0.95, "chi2_df": 3, "chi2_threshold": 7.814727903251179, "N_raw": 51, "N_roi": 51, "N_inlier": 45, "refit": true}
{"timestamp": "12:30:00.946734", "frame": 23, "mu": [0.28222417783858, 1.4564112869189731, 0.5099204198644202], "Sigma": [[0.006286168398825267, -0.003297143242774094, 0.031106191764323013], [-0.003297143242774094, 0.005300922507847006, -0.019602059281456457], [0.031106191764323013, -0.01960205928145646, 0.520890215639401]], "chi2_level": 0.95, "chi2_df": 3, "chi2_threshold": 7.814727903251179, "N_raw": 56, "N_roi": 56, "N_inlier": 54, "refit": true}
{"timestamp": "12:30:00.997742", "frame": 24, "mu": [0.19338092598226245, 1.3942273822412266, 1.272553074559118], "Sigma": [[0.025047918317782934, 0.006812509734696668, 0.03386297526996946], [0.006812509734696667, 0.004858098989102861, 0.013807906405770985], [0.03386297526996946, 0.013807906405770983, 0.12191555790967466]], "chi2_level": 0.95, "chi2_df": 3, "chi2_threshold": 7.814727903251179, "N_raw": 37, "N_roi": 37, "N_inlier": 34, "refit": true}
{"timestamp": "12:30:01.050894", "frame": 25, "mu": [0.11167316228255691, 1.4525236592665793, 0.9990011857753357], "Sigma": [[0.01259516685066723, 0.0035934523988161585, 0.02603656820924727], [0.003593452398816158, 0.0052048442139791965, 0.02739112794299817], [0.02603656820924727, 0.02739112794299817, 0.4953282838119924]], "chi2_level": 0.95, "chi2_df": 3, "chi2_threshold": 7.814727903251179, "N_raw": 19, "N_roi": 19, "N_inlier": 16, "refit": true}
{"timestamp": "12:30:01.110985", "frame": 26, "mu": [-0.13933786697682757, 1.3567311658603252, 1.1283340131786832], "Sigma": [[0.0280445569139441, 0.01183283564087155, 0.047229141144823926], [0.01183283564087155, 0.007897492895320598, 0.02394926272739551], [0.047229141144823926, 0.02394926272739551, 0.09573089942492394]], "chi2_level": 0.95, "chi2_df": 3, "chi2_threshold": 7.814727903251179, "N_raw": 65, "N_roi": 65, "N_inlier": 58, "refit": true}
{"timestamp": "12:30:01.159913", "frame": 27, "mu": [0.1061587276988051, 1.4044387000667526, 0.8234936201273575], "Sigma": [[0.012899670573317404, -0.008817348421996262, -0.04943709484326715], [-0.00881734842199626, 0.013724739010072961, 0.043816952252855965], [-0.04943709484326715, 0.043816952252855965, 0.44897240049859927]], "chi2_level": 0.95, "chi2_df": 3, "chi2_threshold": 7.814727903251179, "N_raw": 13, "N_roi": 13, "N_inlier": 13, "refit": true}
{"timestamp": "12:30:01.220382", "frame": 28, "mu": [-0.037182057647456676, 1.4888199848348338, 1.1738728210668885], "Sigma": [[0.012061588291245004, -0.004041000913653185, 0.022209627983908662], [-0.004041000913653185, 0.005668049374646004, 0.01576463858978127], [0.02220962798390866, 0.01576463858978127, 0.36019008504253563]], "chi2_level": 0.95, "chi2_df": 3, "chi2_threshold": 7.814727903251179, "N_raw": 56, "N_roi": 56, "N_inlier": 55, "refit": true}
{"timestamp": "12:30:01.276516", "frame": 29, "mu": [-0.10393209396256461, 1.5407741357921951, 1.5174361055485996], "Sigma": [[0.004675902595117691, -0.0013837608616537804, -0.003136434148557961], [-0.0013837608616537804, 0.00498624673473654, -0.0004960657996810385], [-0.0031364341485579606, -0.0004960657996810386, 0.002847887553405419]], "chi2_level": 0.95, "chi2_df": 3, "chi2_threshold": 7.814727903251179, "N_raw": 63, "N_roi": 63, "N_inlier": 59, "refit": true}
{"timestamp": "12:30:01.334993", "frame": 30, "mu": [-0.12196892539881758, 1.5135918888568454, 1.378511504591036], "Sigma": [[0.005577843239675343, -0.0029574931137230282, -0.009722372517058903], [-0.0029574931137230287, 0.010912430996084304, 0.01680617010371456], [-0.009722372517058903, 0.01680617010371456, 0.06909171487676094]], "chi2_level": 0.95, "chi2_df": 3, "chi2_threshold": 7.814727903251179, "N_raw": 88, "N_roi": 88, "N_inlier": 86, "refit": true}
{"timestamp": "12:30:01.389466", "frame": 31, "mu": [-0.2047855848221638, 1.5590739907886215, 1.5450936472670893], "Sigma": [[0.006923615884199629, -0.0014319688176231758, -0.005654598184692003], [-0.0014319688176231758, 0.007245846533974793, -0.001380059108483633], [-0.005654598184692002, -0.0013800591084836332, 0.006147680891239915]], "chi2_level": 0.95, "chi2_df": 3, "chi2_threshold": 7.814727903251179, "N_raw": 81, "N_roi": 81, "N_inlier": 80, "refit": true}
{"timestamp": "12:30:01.445227", "frame": 32, "mu": [-0.17178629682057117, 1.433624274941355, 1.356915953862741], "Sigma": [[0.006200649962228033, -0.00621726722580049, -0.0064452535014851665], [-0.00621726722580049, 0.015118522692723057, 0.006782266878667367], [-0.0064452535014851665, 0.006782266878667367, 0.008649218977494808]], "chi2_level": 0.95, "chi2_df": 3, "chi2_threshold": 7.814727903251179, "N_raw": 86, "N_roi": 86, "N_inlier": 78, "refit": true}
{"timestamp": "12:30:01.496892", "frame": 33, "mu": [-0.22756092478104234, 1.4085728127220154, 1.3207548947907641], "Sigma": [[0.004379184708811436, -0.0029841475541511303, -0.0013883309984438496], [-0.0029841475541511303, 0.011393495739945076, 0.010429254676970163], [-0.0013883309984438494, 0.010429254676970163, 0.03453402508511072]], "chi2_level": 0.95, "chi2_df": 3, "chi2_threshold": 7.814727903251179, "N_raw": 67, "N_roi": 67, "N_inlier": 64, "refit": true}
{"timestamp": "12:30:01.554542", "frame": 34, "mu": [-0.31172440809309904, 1.599961623136067, -0.17091017521032825], "Sigma": [[0.006742233692368748, -0.002232057781287141, -0.007344215210394722], [-0.0022320577812871413, 0.007489049156441205, 0.0033102097496908013], [-0.007344215210394722, 0.0033102097496908013, 0.008992738604999757]], "chi2_level": 0.95, "chi2_df": 3, "chi2_threshold": 7.814727903251179, "N_raw": 80, "N_roi": 80, "N_inlier": 78, "refit": true}
{"timestamp": "12:30:01.607530", "frame": 35, "mu": [-0.427960923571381, 1.554733798438311, 1.503035285209748], "Sigma": [[0.006296790552610436, -0.0005037517492412451, -0.0030444435173170685], [-0.000503751749241245, 0.0027073030966540453, -0.002155570474639615], [-0.0030444435173170685, -0.002155570474639615, 0.004082787628158232]], "chi2_level": 0.95, "chi2_df": 3, "chi2_threshold": 7.814727903251179, "N_raw": 64, "N_roi": 64, "N_inlier": 59, "refit": true}
{"timestamp": "12:30:01.659853", "frame": 36, "mu": [-0.51620046934298, 1.4842377077501572, 1.4852848727099246], "Sigma": [[0.008254252840091911, -0.0022269564477600794, -0.002717709063575717], [-0.0022269564477600794, 0.0026626283059939535, 0.00032482533326262154], [-0.002717709063575717, 0.00032482533326262154, 0.0015581234025115207]], "chi2_level": 0.95, "chi2_df": 3, "chi2_threshold": 7.814727903251179, "N_raw": 52, "N_roi": 52, "N_inlier": 46, "refit": true}
{"timestamp": "12:30:01.718257", "frame": 37, "mu": [-0.5135027534032535, 1.4547443006925957, 1.4380042996631124], "Sigma": [[0.00698392929627412, -0.0026631364899185146, -0.00425347406102502], [-0.0026631364899185137, 0.010236543080049062, 0.005066652232228399], [-0.00425347406102502, 0.005066652232228399, 0.004956249781891225]], "chi2_level": 0.95, "chi2_df": 3, "chi2_threshold": 7.814727903251179, "N_raw": 73, "N_roi": 73, "N_inlier": 69, "refit": true}
{"timestamp": "12:30:01.771328", "frame": 38, "mu": [-0.6159067948951157, 1.5288689112908296, 1.5187190234462304], "Sigma": [[0.006553368833735415, -0.0007989435325749221, -0.0029372624500477547], [-0.000798943532574922, 0.0032096752990900526, -0.001168595103248704], [-0.0029372624500477542, -0.001168595103248704, 0.0024938408621992315]], "chi2_level": 0.95, "chi2_df": 3, "chi2_threshold": 7.814727903251179, "N_raw": 58, "N_roi": 56, "N_inlier": 51, "refit": true}
{"timestamp": "12:30:01.837480", "frame": 39, "mu": [-0.5671460698816821, 1.480241017460661, 1.0202222010608044], "Sigma": [[0.012554609303301574, 0.0022226134581836573, -0.0412019523034232], [0.0022226134581836573, 0.0070283504099975785, -0.007456978183261201], [-0.0412019523034232, -0.007456978183261201, 0.23227597944974981]], "chi2_level": 0.95, "chi2_df": 3, "chi2_threshold": 7.814727903251179, "N_raw": 135, "N_roi": 135, "N_inlier": 134, "refit": true}
{"timestamp": "12:30:01.892066", "frame": 40, "mu": [-0.6560943599486544, 1.5434594010994092, 1.0681447883080384], "Sigma": [[0.018012040327095996, 0.00034019189275389424, -0.05960364884805884], [0.00034019189275389414, 0.008049563275362727, -0.009682621641776735], [-0.05960364884805883, -0.009682621641776735, 0.3053618624006434]], "chi2_level": 0.95, "chi2_df": 3, "chi2_threshold": 7.814727903251179, "N_raw": 131, "N_roi": 131, "N_inlier": 127, "refit": true}
{"timestamp": "12:30:01.942497", "frame": 41, "mu": [-0.7072014236695142, 1.5743493522749794, 1.1300496041666075], "Sigma": [[0.012955268418805371, 0.003239891749092128, -0.04704596906582942], [0.003239891749092128, 0.0053382771550003665, -0.023883154211977432], [-0.04704596906582942, -0.02388315421197743, 0.3134627257628413]], "chi2_level": 0.95, "chi2_df": 3, "chi2_threshold": 7.814727903251179, "N_raw": 93, "N_roi": 93, "N_inlier": 89, "refit": true}
{"timestamp": "12:30:01.996268", "frame": 42, "mu": [-0.7508720347860974, 1.5753989332678682, 1.4956202106368208], "Sigma": [[0.012276659710912725, 0.0037167553402013614, -0.009672073282985076], [0.003716755340201361, 0.008887172454297836, -0.00364462830408017], [-0.009672073282985076, -0.0036446283040801695, 0.009516052646689982]], "chi2_level": 0.95, "chi2_df": 3, "chi2_threshold": 7.814727903251179, "N_raw": 91, "N_roi": 91, "N_inlier": 86, "refit": true}
{"timestamp": "12:30:02.052296", "frame": 43, "mu": [-0.7762206735348277, 1.663924227696279, -0.13370579132457172], "Sigma": [[0.011621974570094788, 0.002953238455198328, -0.0076716068376804225], [0.0029532384551983278, 0.009310605843715614, -0.00046168878027656653], [-0.007671606837680422, -0.0004616887802765667, 0.0065804242760941056]], "chi2_level": 0.95, "chi2_df": 3, "chi2_threshold": 7.814727903251179, "N_raw": 96, "N_roi": 96, "N_inlier": 93, "refit": true}
{"timestamp": "12:30:02.107658", "frame": 44, "mu": [-0.7987839398534495, 1.6335179351435267, 1.458967517121232], "Sigma": [[0.013291415691682207, 0.004313850785594393, -0.005038121389317766], [0.004313850785594393, 0.01107920545017543, -0.0010074931530873064], [-0.005038121389317767, -0.0010074931530873064, 0.00623792851500797]], "chi2_level": 0.95, "chi2_df": 3, "chi2_threshold": 7.814727903251179, "N_raw": 103, "N_roi": 103, "N_inlier": 99, "refit": true}
{"timestamp": "12:30:02.164462", "frame": 45, "mu": [-0.7920144005160472, 1.6039961193071475, 1.2357642212338458], "Sigma": [[0.013815889701969545, 0.002592649254532688, -0.0022386130951598535], [0.002592649254532688, 0.006058291908921131, -0.005650758099587474], [-0.0022386130951598535, -0.005650758099587474, 0.006687702779189346]], "chi2_level": 0.95, "chi2_df": 3, "chi2_threshold": 7.814727903251179, "N_raw": 112, "N_roi": 112, "N_inlier": 106, "refit": true}
{"timestamp": "12:30:02.215809", "frame": 46, "mu": [-0.8232311207577253, 1.6844491084548612, 1.3828149274420882], "Sigma": [[0.008598362870124745, 0.00011550193885549942, -0.005318081833192554], [0.00011550193885549942, 0.008263053254809742, -0.0015947259626370174], [-0.005318081833192554, -0.0015947259626370174, 0.007703419922046466]], "chi2_level": 0.95, "chi2_df": 3, "chi2_threshold": 7.814727903251179, "N_raw": 80, "N_roi": 80, "N_inlier": 74, "refit": true}
{"timestamp": "12:30:02.272072", "frame": 47, "mu": [-0.8487050065347735, 1.7068960897272318, 1.2072432737401246], "Sigma": [[0.008793949168357596, -0.001028109416652754, -0.008272016969699043], [-0.0010281094166527543, 0.009178484879744904, 0.003088863171651389], [-0.008272016969699043, 0.003088863171651389, 0.03938413221420128]], "chi2_level": 0.95, "chi2_df": 3, "chi2_threshold": 7.814727903251179, "N_raw": 97, "N_roi": 97, "N_inlier": 85, "refit": true}
{"timestamp": "12:30:02.329648", "frame": 48, "mu": [-0.8363657593672921, 1.9280977195921656, -0.1732832320065061], "Sigma": [[0.009510404219919812, 0.00019125416091717858, 0.0025080191418733406], [0.00019125416091717864, 0.007958226165429563, -0.0040985467637578155], [0.0025080191418733397, -0.0040985467637578155, 0.02513093436499692]], "chi2_level": 0.95, "chi2_df": 3, "chi2_threshold": 7.814727903251179, "N_raw": 89, "N_roi": 89, "N_inlier": 81, "refit": true}
{"timestamp": "12:30:02.387147", "frame": 49, "mu": [-0.8530410058874636, 1.7446178514931008, 0.7633719784947149], "Sigma": [[0.011877168817793575, 0.009452487186846829, 0.01413345534276262], [0.009452487186846829, 0.04480911929350683, 0.07075956973333306], [0.01413345534276262, 0.07075956973333306, 0.3000665007658249]], "chi2_level": 0.95, "chi2_df": 3, "chi2_threshold": 7.814727903251179, "N_raw": 131, "N_roi": 131, "N_inlier": 128, "refit": true}
{"timestamp": "12:30:02.438347", "frame": 50, "mu": [-0.924179170706297, 1.9264914320794553, -0.17256503105207596], "Sigma": [[0.011165773531196832, 0.0004909919113959369, 0.05144015294856735], [0.0004909919113959369, 0.006352316596451995, 0.01363497972422235], [0.05144015294856735, 0.013634979724222352, 0.5854588798293522]], "chi2_level": 0.95, "chi2_df": 3, "chi2_threshold": 7.814727903251179, "N_raw": 100, "N_roi": 100, "N_inlier": 99, "refit": true}
{"timestamp": "12:30:02.493055", "frame": 51, "mu": [-0.8992809696647536, 2.0288430871408623, 1.266286631122859], "Sigma": [[0.02079483554365653, -0.0018025591639852867, 0.019245380953880405], [-0.001802559163985287, 0.009010882641402682, -0.018230137444454685], [0.019245380953880405, -0.018230137444454685, 0.19214274667457068]], "chi2_level": 0.95, "chi2_df": 3, "chi2_threshold": 7.814727903251179, "N_raw": 100, "N_roi": 100, "N_inlier": 97, "refit": true}
{"timestamp": "12:30:02.553148", "frame": 52, "mu": [-0.9397543842719744, 2.029279102202527, 1.0794971124529282], "Sigma": [[0.038729936217320245, -0.0013808999523302588, 0.05113558656217278], [-0.0013808999523302586, 0.006082630815617946, -0.006203256247194226], [0.05113558656217278, -0.006203256247194226, 0.1326533428629458]], "chi2_level": 0.95, "chi2_df": 3, "chi2_threshold": 7.814727903251179, "N_raw": 136, "N_roi": 136, "N_inlier": 133, "refit": true}
{"timestamp": "12:30:02.604573", "frame": 53, "mu": [-0.9294683694160731, 2.121043932912391, 1.2568996044489027], "Sigma": [[0.020605976766604896, -0.0018965279967854667, 0.025862820729246], [-0.0018965279967854665, 0.008978013142112443, -0.0004009063513438283], [0.025862820729245995, -0.0004009063513438283, 0.12486775283921597]], "chi2_level": 0.95, "chi2_df": 3, "chi2_threshold": 7.814727903251179, "N_raw": 105, "N_roi": 103, "N_inlier": 101, "refit": true}
{"timestamp": "12:30:02.649506", "frame": 54, "mu": [-0.9210929773250619, 2.171492866985093, 1.4621132049082577], "Sigma": [[0.007209960642519286, 0.0028938916953609945, -0.005037097737905281], [0.0028938916953609945, 0.007528832573330814, -0.0018134580731128723], [-0.00503709773790528, -0.0018134580731128725, 0.004177862744186672]], "chi2_level": 0.95, "chi2_df": 3, "chi2_threshold": 7.814727903251179, "N_raw": 46, "N_roi": 45, "N_inlier": 42, "refit": true}
{"timestamp": "12:30:02.710609", "frame": 55, "mu": [-0.984978524568021, 2.1128175372315403, 1.0566146641834822], "Sigma": [[0.028993376093696326, -0.00595241566512706, -0.04445001237387486], [-0.00595241566512706, 0.004734471987372797, 0.017664481995728336], [-0.04445001237387486, 0.017664481995728336, 0.21737548795024247]], "chi2_level": 0.95, "chi2_df": 3, "chi2_threshold": 7.814727903251179, "N_raw": 93, "N_roi": 92, "N_inlier": 90, "refit": true}
{"timestamp": "12:30:02.757552", "frame": 56, "mu": [-0.8877203765464723, 2.1728312491365256, 0.6137352300329745], "Sigma": [[0.009831334864939473, -0.005722567793452347, -0.01948249583888658], [-0.005722567793452346, 0.009491095193546097, 0.03660248643219885], [-0.01948249583888658, 0.03660248643219885, 0.18960961539147328]], "chi2_level": 0.95, "chi2_df": 3, "chi2_threshold": 7.814727903251179, "N_raw": 32, "N_roi": 32, "N_inlier": 31, "refit": true}
{"timestamp": "12:30:02.811180", "frame": 57, "mu": [-0.925310733733465, 2.3288363860403805, 1.3804697001021955], "Sigma": [[0.008310040565601032, -0.002329015454279688, 0.0010564600252035753], [-0.0023290154542796875, 0.0036620022884712214, -0.00046340182626419075], [0.0010564600252035753, -0.00046340182626419097, 0.02144668689464751]], "chi2_level": 0.95, "chi2_df": 3, "chi2_threshold": 7.814727903251179, "N_raw": 22, "N_roi": 22, "N_inlier": 21, "refit": true}
{"timestamp": "12:30:02.871616", "frame": 58, "mu": [-0.9363204246331716, 2.3617591729984793, 1.065989116550805], "Sigma": [[0.009712581512511946, -0.004783384296756914, -0.02355386847252533], [-0.004783384296756914, 0.038394124682120244, 0.11298007436429583], [-0.02355386847252533, 0.11298007436429583, 0.3921092681546529]], "chi2_level": 0.95, "chi2_df": 3, "chi2_threshold": 7.814727903251179, "N_raw": 67, "N_roi": 66, "N_inlier": 64, "refit": true}
{"timestamp": "12:30:02.924677", "frame": 59, "mu": [-0.9465787947458587, 2.448511316416345, 0.9806448819753321], "Sigma": [[0.009889514992050777, -0.0021568750480180587, -0.007878150203373057], [-0.0021568750480180587, 0.006514667844069073, 0.025422216226144795], [-0.007878150203373058, 0.025422216226144795, 0.16893930549301198]], "chi2_level": 0.95, "chi2_df": 3, "chi2_threshold": 7.814727903251179, "N_raw": 48, "N_roi": 48, "N_inlier": 45, "refit": true}
{"timestamp": "12:30:02.979609", "frame": 60, "mu": [-0.9213809950297052, 2.629708916681376, -0.0739900602893963], "Sigma": [[0.009854995752481591, -0.000775522178966376, -0.005862493332416544], [-0.0007755221789663759, 0.004821872626968814, -0.003774739331656603], [-0.005862493332416545, -0.0037747393316566024, 0.02707070976153075]], "chi2_level": 0.95, "chi2_df": 3, "chi2_threshold": 7.814727903251179, "N_raw": 51, "N_roi": 51, "N_inlier": 46, "refit": true}
{"timestamp": "12:30:03.034653", "frame": 61, "mu": [-0.9488964732597307, 2.5657651324390036, 1.3029301459618288], "Sigma": [[0.012413133171107113, -0.0023971624089109047, -0.008622146990321704], [-0.0023971624089109043, 0.00269391040883227, -0.0007708880377744583], [-0.008622146990321704, -0.0007708880377744582, 0.024368576128297115]], "chi2_level": 0.95, "chi2_df": 3, "chi2_threshold": 7.814727903251179, "N_raw": 50, "N_roi": 50, "N_inlier": 45, "refit": true}
{"timestamp": "12:30:03.094298", "frame": 62, "mu": [-1.0272637732959278, 2.629316484554736, 0.8487271057586521], "Sigma": [[0.01815421399718674, -0.0005455964248285832, 0.03201122270311028], [-0.0005455964248285833, 0.0020270612538904453, -0.0024932334437543996], [0.03201122270311027, -0.0024932334437543996, 0.24037450806093819]], "chi2_level": 0.95, "chi2_df": 3, "chi2_threshold": 7.814727903251179, "N_raw": 84, "N_roi": 84, "N_inlier": 82, "refit": true}
{"timestamp": "12:30:03.150624", "frame": 63, "mu": [-0.9790982880221846, 2.720399587457486, 1.0915959483706388], "Sigma": [[0.017958039677322943, -0.007568288160739721, 0.021944562451866382], [-0.007568288160739721, 0.008885647216983891, -0.014042739325355564], [0.021944562451866382, -0.014042739325355564, 0.19718809455571934]], "chi2_level": 0.95, "chi2_df": 3, "chi2_threshold": 7.814727903251179, "N_raw": 85, "N_roi": 85, "N_inlier": 84, "refit": true}
{"timestamp": "12:30:03.200678", "frame": 64, "mu": [-0.8827301449397389, 2.7172322819303516, 1.3419432093225598], "Sigma": [[0.010301409393075308, -0.0036578934934962354, -0.013871514057695898], [-0.003657893493496235, 0.007980670466749837, 0.009507590838754937], [-0.013871514057695896, 0.009507590838754937, 0.08299974750129074]], "chi2_level": 0.95, "chi2_df": 3, "chi2_threshold": 7.814727903251179, "N_raw": 54, "N_roi": 54, "N_inlier": 50, "refit": true}
{"timestamp": "12:30:03.259880", "frame": 65, "mu": [-0.8940191217083229, 2.6868561214688143, 1.0646029558272392], "Sigma": [[0.02923703884794157, -0.003384557522908587, 0.0013768245433301888], [-0.003384557522908587, 0.0032604847905370743, -0.0026972953785349735], [0.0013768245433301892, -0.002697295378534973, 0.021033505494007405]], "chi2_level": 0.95, "chi2_df": 3, "chi2_threshold": 7.814727903251179, "N_raw": 87, "N_roi": 87, "N_inlier": 84, "refit": true}
{"timestamp": "12:30:03.317228", "frame": 66, "mu": [-0.8852810944085274, 2.7736524030083274, 1.2648334826999061], "Sigma": [[0.01715816331580946, -0.005405534005337667, -0.017156633375930007], [-0.005405534005337667, 0.01406238688694183, 0.008868829284269412], [-0.017156633375930007, 0.008868829284269412, 0.02855063573720737]], "chi2_level": 0.95, "chi2_df": 3, "chi2_threshold": 7.814727903251179, "N_raw": 94, "N_roi": 94, "N_inlier": 90, "refit": true}
{"timestamp": "12:30:03.374435", "frame": 67, "mu": [-0.972770673388805, 2.9268044172779613, -0.2808357475624603], "Sigma": [[0.024944268673666226, 0.003523929206091048, 0.06633321957559427], [0.003523929206091049, 0.011675511270405095, 0.02077337627772119], [0.06633321957559427, 0.020773376277721186, 0.3082554139375729]], "chi2_level": 0.95, "chi2_df": 3, "chi2_threshold": 7.814727903251179, "N_raw": 90, "N_roi": 90, "N_inlier": 88, "refit": true}
{"timestamp": "12:30:03.428890", "frame": 68, "mu": [-0.9950974933993579, 2.860735961640199, 0.9507129522480954], "Sigma": [[0.035889758316462364, 0.006083134962177149, 0.05538156501644529], [0.00608313496217715, 0.010123602895446436, 0.03253232002463728], [0.05538156501644529, 0.03253232002463728, 0.24878060077558567]], "chi2_level": 0.95, "chi2_df": 3, "chi2_threshold": 7.814727903251179, "N_raw": 114, "N_roi": 114, "N_inlier": 113, "refit": true}
{"timestamp": "12:30:03.473486", "frame": 69, "mu": [-0.8756684517944558, 2.949178729857748, 1.154974484721935], "Sigma": [[0.011697573909661621, -0.0007466754013330632, -0.002194024884888117], [-0.000746675401333063, 0.0026058885701230553, -0.0016903864195125038], [-0.0021940248848881174, -0.0016903864195125038, 0.006061926598452391]], "chi2_level": 0.95, "chi2_df": 3, "chi2_threshold": 7.814727903251179, "N_raw": 43, "N_roi": 43, "N_inlier": 42, "refit": true}
{"timestamp": "12:30:03.526406", "frame": 70, "mu": [-0.9172856518963496, 3.0238902278421382, 1.245047503571838], "Sigma": [[0.011832178754160283, 0.003114563566893937, 0.004394148505039245], [0.003114563566893938, 0.001945636830436505, -0.0015284893239918373], [0.0043941485050392436, -0.0015284893239918373, 0.02298698528443967]], "chi2_level": 0.95, "chi2_df": 3, "chi2_threshold": 7.814727903251179, "N_raw": 35, "N_roi": 35, "N_inlier": 30, "refit": true}
{"timestamp": "12:30:03.587433", "frame": 71, "mu": [-1.0322659564798842, 3.066454607255714, 0.6545881531438241], "Sigma": [[0.03037083031781848, 0.0014287411450061177, 0.04935949324401468], [0.0014287411450061177, 0.0019634708234350286, -0.007181875478168032], [0.04935949324401468, -0.007181875478168033, 0.21459920656558992]], "chi2_level": 0.95, "chi2_df": 3, "chi2_threshold": 7.814727903251179, "N_raw": 69, "N_roi": 69, "N_inlier": 66, "refit": true}
{"timestamp": "12:30:03.647726", "frame": 72, "mu": [-0.9049305749488067, 3.1003342779515983, 0.9806946662316535], "Sigma": [[0.033780182836974273, -0.00796066297420926, 0.06152903084498705], [-0.00796066297420926, 0.009881112525604259, -0.030606800794914263], [0.06152903084498705, -0.030606800794914263, 0.27639380441392]], "chi2_level": 0.95, "chi2_df": 3, "chi2_threshold": 7.814727903251179, "N_raw": 104, "N_roi": 104, "N_inlier": 103, "refit": true}
{"timestamp": "12:30:03.689908", "frame": 73, "mu": [-0.7812658161664938, 3.0240885921994165, 1.045165553792944], "Sigma": [[0.005273662545726552, -0.0027310668912852096, 0.027685631238237935], [-0.0027310668912852087, 0.00692772220649676, -0.019119699068260162], [0.027685631238237935, -0.019119699068260162, 0.2581145006549355]], "chi2_level": 0.95, "chi2_df": 3, "chi2_threshold": 7.814727903251179, "N_raw": 16, "N_roi": 16, "N_inlier": 15, "refit": true}
{"timestamp": "12:30:03.749886", "frame": 74, "mu": [-0.7254052356262041, 3.0415670625750026, 1.3137011439221298], "Sigma": [[0.01365308884323628, 0.0028542387698406485, 0.002462467029352067], [0.002854238769840649, 0.009247689104490751, -0.00012400201841808933], [0.002462467029352067, -0.0001240020184180902, 0.0239419493855549]], "chi2_level": 0.95, "chi2_df": 3, "chi2_threshold": 7.814727903251179, "N_raw": 59, "N_roi": 59, "N_inlier": 54, "refit": true}
{"timestamp": "12:30:03.800767", "frame": 75, "mu": [-0.704499749161518, 3.0365513720648463, 1.1803129862477322], "Sigma": [[0.006217589231942942, 0.0008825019847238985, 0.00019950097338031726], [0.0008825019847238985, 0.003704760478161487, 0.00031864594045675327], [0.00019950097338031724, 0.00031864594045675327, 0.0022477467734667396]], "chi2_level": 0.95, "chi2_df": 3, "chi2_threshold": 7.814727903251179, "N_raw": 30, "N_roi": 30, "N_inlier": 27, "refit": true}
{"timestamp": "12:30:03.912520", "frame": 77, "mu": [-0.6627528687455623, 3.0607996965205966, 1.2186283455777445], "Sigma": [[0.008317944724012042, 0.0009212419155052535, -0.00011476737996390408], [0.0009212419155052535, 0.002453247785847403, -0.0023711558163326645], [-0.00011476737996390425, -0.002371155816332665, 0.05117949207674837]], "chi2_level": 0.95, "chi2_df": 3, "chi2_threshold": 7.814727903251179, "N_raw": 39, "N_roi": 39, "N_inlier": 31, "refit": true}
{"timestamp": "12:30:03.970087", "frame": 78, "mu": [-0.6468775131872636, 3.0990746604080237, 1.2487685819784815], "Sigma": [[0.015473836085822893, 0.0021096692793283584, -0.003332142941545752], [0.002109669279328358, 0.005989005955354513, -0.004485758657107822], [-0.0033321429415457526, -0.004485758657107822, 0.00995184789968181]], "chi2_level": 0.95, "chi2_df": 3, "chi2_threshold": 7.814727903251179, "N_raw": 60, "N_roi": 60, "N_inlier": 53, "refit": true}
{"timestamp": "12:30:04.024137", "frame": 79, "mu": [-0.6119745920675785, 3.141591850844767, 1.2100702388279276], "Sigma": [[0.014199484128616364, 3.6147809352005654e-05, -0.0028309511686343608], [3.6147809352005566e-05, 0.004103368229423314, -0.007946768438966153], [-0.0028309511686343608, -0.007946768438966153, 0.028039494709619424]], "chi2_level": 0.95, "chi2_df": 3, "chi2_threshold": 7.814727903251179, "N_raw": 48, "N_roi": 44, "N_inlier": 40, "refit": true}
{"timestamp": "12:30:04.078138", "frame": 80, "mu": [-0.5034002738984146, 3.1476857389120263, 1.1840892052316574], "Sigma": [[0.01379492429464973, 0.0013389622518832308, -0.008754773954092354], [0.0013389622518832306, 0.0029315931623533262, -0.002530694930197983], [-0.008754773954092354, -0.002530694930197983, 0.008086333538599956]], "chi2_level": 0.95, "chi2_df": 3, "chi2_threshold": 7.814727903251179, "N_raw": 40, "N_roi": 38, "N_inlier": 36, "refit": true}
{"timestamp": "12:30:04.132620", "frame": 81, "mu": [-0.37616275098059127, 3.3419281005504153, 1.4619718184035377], "Sigma": [[0.01951074806377081, 0.002460212024909994, 0.001768427990328671], [0.002460212024909994, 0.004230562696191751, 0.0029706464369089807], [0.001768427990328671, 0.0029706464369089807, 0.004417398574999238]], "chi2_level": 0.95, "chi2_df": 3, "chi2_threshold": 7.814727903251179, "N_raw": 43, "N_roi": 43, "N_inlier": 40, "refit": true}
{"timestamp": "12:30:04.186183", "frame": 82, "mu": [-0.3738854741715289, 3.176710194675325, 1.0399540698944922], "Sigma": [[0.011841224613501533, 0.00015235409892041884, -0.008919270463479515], [0.00015235409892041878, 0.00927189843582439, 0.01365748323456251], [-0.008919270463479515, 0.013657483234562508, 0.02873114987724027]], "chi2_level": 0.95, "chi2_df": 3, "chi2_threshold": 7.814727903251179, "N_raw": 32, "N_roi": 31, "N_inlier": 30, "refit": true}
{"timestamp": "12:30:04.244232", "frame": 83, "mu": [-0.3932465264539843, 3.104830884131352, 1.0099981537052873], "Sigma": [[0.016737968632736182, -0.0007646907667074261, -0.010578006276153977], [-0.0007646907667074262, 0.0033232194229632565, -7.47180051652584e-06], [-0.010578006276153977, -7.471800516525704e-06, 0.007424549516959298]], "chi2_level": 0.95, "chi2_df": 3, "chi2_threshold": 7.814727903251179, "N_raw": 45, "N_roi": 43, "N_inlier": 40, "refit": true}
{"timestamp": "12:30:04.302295", "frame": 84, "mu": [-0.39099570794757427, 3.188707252617852, 1.1770264676034032], "Sigma": [[0.01783997375103303, 0.0020292390740316666, -0.00658436802301232], [0.0020292390740316666, 0.011875475099968407, 0.005842934737467982], [-0.00658436802301232, 0.005842934737467982, 0.008229174239562086]], "chi2_level": 0.95, "chi2_df": 3, "chi2_threshold": 7.814727903251179, "N_raw": 69, "N_roi": 66, "N_inlier": 65, "refit": true}
{"timestamp": "12:30:04.358020", "frame": 85, "mu": [-0.3650213839448425, 3.131445257436927, 1.0792498186974675], "Sigma": [[0.01912699353076225, -0.0028694514376203083, -0.016520201080695393], [-0.0028694514376203083, 0.0068513260600727805, 0.0012510703288296716], [-0.016520201080695393, 0.0012510703288296716, 0.015977682530884177]], "chi2_level": 0.95, "chi2_df": 3, "chi2_threshold": 7.814727903251179, "N_raw": 72, "N_roi": 68, "N_inlier": 64, "refit": true}
{"timestamp": "12:30:04.412043", "frame": 86, "mu": [-0.28883098489778586, 3.2339717330981967, 0.9505666613652366], "Sigma": [[0.029584388054627857, 0.009004616601806285, -0.06086291448340457], [0.009004616601806287, 0.010405792443554466, -0.03702027906653163], [-0.06086291448340457, -0.03702027906653164, 0.23173008098820783]], "chi2_level": 0.95, "chi2_df": 3, "chi2_threshold": 7.814727903251179, "N_raw": 72, "N_roi": 72, "N_inlier": 71, "refit": true}
{"timestamp": "12:30:04.466300", "frame": 87, "mu": [-0.272584635331024, 3.2124251580012784, 1.1579761891325724], "Sigma": [[0.015952004147791292, -0.00039232338692603513, -0.008029574823035526], [-0.0003923233869260352, 0.005106119745899535, -0.003108036339266568], [-0.008029574823035526, -0.0031080363392665686, 0.008530015807745374]], "chi2_level": 0.95, "chi2_df": 3, "chi2_threshold": 7.814727903251179, "N_raw": 64, "N_roi": 64, "N_inlier": 61, "refit": true}
{"timestamp": "12:30:04.519666", "frame": 88, "mu": [-0.18630968103475315, 3.2564863526386807, 1.1697069363873713], "Sigma": [[0.014637019095816646, 0.005652491065016094, 0.008432987107153803], [0.005652491065016094, 0.009920810330565072, 0.010242009377971657], [0.008432987107153803, 0.010242009377971657, 0.013732663871546666]], "chi2_level": 0.95, "chi2_df": 3, "chi2_threshold": 7.814727903251179, "N_raw": 53, "N_roi": 53, "N_inlier": 48, "refit": true}
{"timestamp": "12:30:04.575522", "frame": 89, "mu": [-0.06996782167978567, 3.2641885276853646, 0.9497705376437625], "Sigma": [[0.03189016147144193, 0.010469764972482698, -0.05340849667458583], [0.010469764972482698, 0.007511324241190552, -0.016539318257548594], [-0.053408496674585824, -0.016539318257548594, 0.23264867373905487]], "chi2_level": 0.95, "chi2_df": 3, "chi2_threshold": 7.814727903251179, "N_raw": 53, "N_roi": 53, "N_inlier": 51, "refit": true}
