{"timestamp": "12:27:02.834831", "frame": 32, "mu": [-0.06528498793181847, 0.4522667809224311, -0.6270466013327977], "Sigma": [[1.3627650578354034, 0.014444570306553162, -0.04286681657969195], [0.014444570306553158, 0.009856844942234015, -0.0006351674558868777], [-0.04286681657969195, -0.0006351674558868779, 0.00991292990313281]], "chi2_level": 0.95, "chi2_df": 3, "chi2_threshold": 7.814727903251179, "N_raw": 42, "N_roi": 42, "N_inlier": 41, "refit": true}
{"timestamp": "12:27:02.890974", "frame": 33, "mu": [-0.5329016282370709, 0.3130636686105901, 1.405188501704138], "Sigma": [[0.99808301434094, -0.013182858084432534, -0.0038110103823231715], [-0.013182858084432533, 0.003586607471563066, -1.975999406032304e-07], [-0.003811010382323173, -1.9759994060333883e-07, 0.007981150641371273]], "chi2_level": 0.95, "chi2_df": 3, "chi2_threshold": 7.814727903251179, "N_raw": 52, "N_roi": 52, "N_inlier": 51, "refit": true}
{"timestamp": "12:27:02.945969", "frame": 34, "mu": [-1.1185499952900606, 0.3586023641377336, 1.4206784204961982], "Sigma": [[0.005376651607177264, 0.002639296262716371, 0.0019941660363589084], [0.002639296262716371, 0.003537143009209346, -0.0015922244349703706], [0.0019941660363589084, -0.0015922244349703706, 0.007277398653652757]], "chi2_level": 0.95, "chi2_df": 3, "chi2_threshold": 7.814727903251179, "N_raw": 58, "N_roi": 58, "N_inlier": 51, "refit": true}
{"timestamp": "12:27:03.001932", "frame": 35, "mu": [-1.1282485541392158, 0.3928762335176353, 1.438006358324587], "Sigma": [[0.007139956717761973, 0.0033846805493526703, 0.0020434853093424525], [0.003384680549352671, 0.004729513416759588, -0.002615723800042248], [0.0020434853093424525, -0.002615723800042248, 0.006770883313400525]], "chi2_level": 0.95, "chi2_df": 3, "chi2_threshold": 7.814727903251179, "N_raw": 63, "N_roi": 63, "N_inlier": 59, "refit": true}
{"timestamp": "12:27:03.056261", "frame": 36, "mu": [-1.106388256980184, 0.4235061293994307, 1.4343349788131812], "Sigma": [[0.006729363222499064, 0.0037165188179873517, 0.0017679533257801351], [0.0037165188179873517, 0.006695307782364085, -0.0031941582315419314], [0.0017679533257801353, -0.0031941582315419314, 0.004954504285018932]], "chi2_level": 0.95, "chi2_df": 3, "chi2_threshold": 7.814727903251179, "N_raw": 61, "N_roi": 61, "N_inlier": 61, "refit": true}
{"timestamp": "12:27:03.110624", "frame": 37, "mu": [-1.06226341324811, 0.49618143062635517, 1.4857490533075817], "Sigma": [[0.005799565345512392, -0.00016813428614677372, 0.0002639027820192204], [-0.0001681342861467737, 0.0046142529650325, -0.002909809398744772], [0.00026390278201922037, -0.002909809398744772, 0.0027775611345260665]], "chi2_level": 0.95, "chi2_df": 3, "chi2_threshold": 7.814727903251179, "N_raw": 52, "N_roi": 52, "N_inlier": 52, "refit": true}
{"timestamp": "12:27:03.165725", "frame": 38, "mu": [-1.031931479167408, 0.56096087873976, 1.494283414154478], "Sigma": [[0.004966429235040341, -0.0004439546402964235, -0.0010453222486398184], [-0.0004439546402964235, 0.009233742278057377, -0.0007236770590146358], [-0.0010453222486398184, -0.0007236770590146359, 0.001477197162757912]], "chi2_level": 0.95, "chi2_df": 3, "chi2_threshold": 7.814727903251179, "N_raw": 52, "N_roi": 52, "N_inlier": 51, "refit": true}
{"timestamp": "12:27:03.223193", "frame": 39, "mu": [-0.9973611798320493, 0.5393992241883669, -0.520001481457947], "Sigma": [[0.01089998051540484, 0.007217674732963799, 0.004153574752905058], [0.007217674732963799, 0.014121362203590905, 0.0037866036260876005], [0.004153574752905058, 0.0037866036260876005, 0.0032514925575577195]], "chi2_level": 0.95, "chi2_df": 3, "chi2_threshold": 7.814727903251179, "N_raw": 72, "N_roi": 72, "N_inlier": 68, "refit": true}
{"timestamp": "12:27:03.274773", "frame": 40, "mu": [-0.9629415804738115, 0.6579932826307472, 1.4805401732630241], "Sigma": [[0.007821994205633549, 0.00735982530585902, -0.015589684758517276], [0.00735982530585902, 0.013363477948183652, -0.025464565639148926], [-0.015589684758517276, -0.025464565639148926, 0.05370195928296223]], "chi2_level": 0.95, "chi2_df": 3, "chi2_threshold": 7.814727903251179, "N_raw": 46, "N_roi": 46, "N_inlier": 41, "refit": true}
{"timestamp": "12:27:03.333659", "frame": 41, "mu": [-0.9169004715583164, 0.7474886966307165, 1.463489867566238], "Sigma": [[0.005673662851214379, 0.003140751729592132, -0.002008589546139976], [0.003140751729592132, 0.005326198396801216, -0.005478293914098965], [-0.002008589546139976, -0.005478293914098965, 0.006955587312074869]], "chi2_level": 0.95, "chi2_df": 3, "chi2_threshold": 7.814727903251179, "N_raw": 70, "N_roi": 70, "N_inlier": 62, "refit": true}
{"timestamp": "12:27:03.383485", "frame": 42, "mu": [-0.7417954799431464, 0.8997350570152263, 0.8534077541315388], "Sigma": [[0.0022985500343044333, 0.0024407358792179973, -0.009783588004135655], [0.002440735879217998, 0.019579148045603213, -0.004018806881260136], [-0.009783588004135655, -0.004018806881260136, 0.34195304151343714]], "chi2_level": 0.95, "chi2_df": 3, "chi2_threshold": 7.814727903251179, "N_raw": 13, "N_roi": 13, "N_inlier": 12, "refit": true}
{"timestamp": "12:27:03.437631", "frame": 43, "mu": [-0.672473462825995, 0.9706920689265154, 1.0611482033886104], "Sigma": [[0.0008467678757014932, 0.0013851381357556343, -0.010441798440970703], [0.001385138135755634, 0.01802386924339716, -0.026955608744665058], [-0.010441798440970703, -0.02695560874466505, 0.2962449255137127]], "chi2_level": 0.95, "chi2_df": 3, "chi2_threshold": 7.814727903251179, "N_raw": 12, "N_roi": 12, "N_inlier": 11, "refit": true}
{"timestamp": "12:27:03.497564", "frame": 44, "mu": [-0.5564202962893245, 1.1602749586754666, 1.0463859485109612], "Sigma": [[0.00257455632525278, 0.0032898348241951624, -0.003660626270459531], [0.003289834824195162, 0.04657119206610863, -0.05432539019320426], [-0.0036606262704595304, -0.05432539019320426, 0.06453075517395043]], "chi2_level": 0.95, "chi2_df": 3, "chi2_threshold": 7.814727903251179, "N_raw": 53, "N_roi": 53, "N_inlier": 50, "refit": true}
{"timestamp": "12:27:03.550250", "frame": 45, "mu": [-0.552477887407311, 1.2638360099854808, 0.9914617414734602], "Sigma": [[0.00477789753047268, 0.0052043040283855395, -0.0132287699795523], [0.00520430402838554, 0.02178079491180889, -0.04328516562355374], [-0.0132287699795523, -0.04328516562355374, 0.09620051338724499]], "chi2_level": 0.95, "chi2_df": 3, "chi2_threshold": 7.814727903251179, "N_raw": 27, "N_roi": 27, "N_inlier": 26, "refit": true}
{"timestamp": "12:27:03.611585", "frame": 46, "mu": [-0.5619567165772533, 1.094080975070365, 1.3045265910596486], "Sigma": [[0.0037975787433477087, -0.0001827539434580128, -0.00046872701607211093], [-0.00018275394345801263, 0.020427257687772756, -0.04330279912444315], [-0.00046872701607211125, -0.04330279912444315, 0.0931117669114421]], "chi2_level": 0.95, "chi2_df": 3, "chi2_threshold": 7.814727903251179, "N_raw": 70, "N_roi": 70, "N_inlier": 66, "refit": true}
{"timestamp": "12:27:03.665790", "frame": 47, "mu": [-0.44288033623923745, 1.063436373817128, 1.4612294151283023], "Sigma": [[0.003714591325258738, -0.0031407403105939346, -0.002396995117179438], [-0.0031407403105939346, 0.0053185194856530645, -0.0003882911663899811], [-0.002396995117179438, -0.0003882911663899811, 0.007328093570720477]], "chi2_level": 0.95, "chi2_df": 3, "chi2_threshold": 7.814727903251179, "N_raw": 67, "N_roi": 67, "N_inlier": 65, "refit": true}
{"timestamp": "12:27:03.721285", "frame": 48, "mu": [-0.3779878452443617, 1.127693540411103, 1.4912478973860053], "Sigma": [[0.0045261221643141, -0.001160037776836447, -0.0020825927423537218], [-0.0011600377768364472, 0.004110097236135492, -0.001677900717507773], [-0.0020825927423537218, -0.0016779007175077728, 0.00314675248698813]], "chi2_level": 0.95, "chi2_df": 3, "chi2_threshold": 7.814727903251179, "N_raw": 73, "N_roi": 71, "N_inlier": 68, "refit": true}
{"timestamp": "12:27:03.777764", "frame": 49, "mu": [-0.3476740325365342, 1.1690357388442745, 1.5093531657444108], "Sigma": [[0.0036937734705833215, -0.0025494108395603954, -0.0029881726542445083], [-0.0025494108395603954, 0.007904481081989661, 0.00010100745392097499], [-0.0029881726542445087, 0.0001010074539209751, 0.005678227994526479]], "chi2_level": 0.95, "chi2_df": 3, "chi2_threshold": 7.814727903251179, "N_raw": 80, "N_roi": 79, "N_inlier": 75, "refit": true}
{"timestamp": "12:27:03.829158", "frame": 50, "mu": [-0.31315674060088144, 1.2098342895030303, 1.515187383587395], "Sigma": [[0.004233251766030997, -0.003582773713997291, -0.003532855134190069], [-0.003582773713997291, 0.005550720805804237, 0.0023658596400767855], [-0.0035328551341900685, 0.0023658596400767855, 0.010475628564049799]], "chi2_level": 0.95, "chi2_df": 3, "chi2_threshold": 7.814727903251179, "N_raw": 55, "N_roi": 53, "N_inlier": 50, "refit": true}
{"timestamp": "12:27:03.885894", "frame": 51, "mu": [-0.2649403910287669, 1.23971515581985, 1.4814825284151596], "Sigma": [[0.005945289519903393, -0.005735371996580842, -0.006158349127376697], [-0.005735371996580842, 0.011047304603666363, 0.005737982248824266], [-0.006158349127376697, 0.005737982248824266, 0.017557647438282302]], "chi2_level": 0.95, "chi2_df": 3, "chi2_threshold": 7.814727903251179, "N_raw": 68, "N_roi": 68, "N_inlier": 62, "refit": true}
{"timestamp": "12:27:03.943765", "frame": 52, "mu": [-0.27336642226971525, 1.3862426558966634, 0.0593816503919054], "Sigma": [[0.004622750295789627, -0.0021153356537659254, 0.02949536108520403], [-0.002115335653765925, 0.009787484547643352, -0.025254009054822366], [0.02949536108520403, -0.02525400905482237, 0.4062066156990594]], "chi2_level": 0.95, "chi2_df": 3, "chi2_threshold": 7.814727903251179, "N_raw": 86, "N_roi": 86, "N_inlier": 83, "refit": true}
{"timestamp": "12:27:03.999881", "frame": 53, "mu": [-0.21929756581225746, 1.4238807641957578, -0.42488586965189956], "Sigma": [[0.004466007262612953, 0.0013662477154047425, 0.0023632693208613578], [0.0013662477154047425, 0.008350535857324733, 0.005935782604372006], [0.0023632693208613578, 0.005935782604372004, 0.04527856850488038]], "chi2_level": 0.95, "chi2_df": 3, "chi2_threshold": 7.814727903251179, "N_raw": 88, "N_roi": 86, "N_inlier": 79, "refit": true}
{"timestamp": "12:27:04.053134", "frame": 54, "mu": [-0.2042491463448954, 1.389544815460326, 1.2235766395069925], "Sigma": [[0.017190484446681864, -0.0007962107894174466, 0.030939736995919332], [-0.0007962107894174466, 0.007769363171424982, 0.01170419810357561], [0.030939736995919332, 0.011704198103575609, 0.10834259085142764]], "chi2_level": 0.95, "chi2_df": 3, "chi2_threshold": 7.814727903251179, "N_raw": 88, "N_roi": 88, "N_inlier": 87, "refit": true}
{"timestamp": "12:27:04.108861", "frame": 55, "mu": [-0.08664216555881812, 1.4837136782537919, 1.481403526034398], "Sigma": [[0.00428963454153583, -0.003042778276703611, -0.004291683558932342], [-0.003042778276703611, 0.010296434352942087, 0.004416161234124569], [-0.004291683558932342, 0.004416161234124569, 0.011314167544021793]], "chi2_level": 0.95, "chi2_df": 3, "chi2_threshold": 7.814727903251179, "N_raw": 79, "N_roi": 77, "N_inlier": 70, "refit": true}
{"timestamp": "12:27:04.163437", "frame": 56, "mu": [-0.0897335065393151, 1.4343693241831659, 1.1006092072299958], "Sigma": [[0.014080240298684195, 0.004256149190722065, 0.04178248531913813], [0.004256149190722065, 0.014568894635511918, 0.03923096016479799], [0.04178248531913813, 0.03923096016479799, 0.21710888541520795]], "chi2_level": 0.95, "chi2_df": 3, "chi2_threshold": 7.814727903251179, "N_raw": 84, "N_roi": 83, "N_inlier": 79, "refit": true}
{"timestamp": "12:27:04.220091", "frame": 57, "mu": [-0.03847961253353641, 1.5307338253812524, 1.3166257754421058], "Sigma": [[0.006408970134327536, -0.0016610782255314835, 0.013197769166277195], [-0.001661078225531483, 0.01354112502710277, 0.02142574957469256], [0.013197769166277195, 0.021425749574692562, 0.1623396447353111]], "chi2_level": 0.95, "chi2_df": 3, "chi2_threshold": 7.814727903251179, "N_raw": 90, "N_roi": 90, "N_inlier": 85, "refit": true}
{"timestamp": "12:27:04.274984", "frame": 58, "mu": [-0.005517287921292773, 1.613757229930663, 1.3346386952301417], "Sigma": [[0.007237355658538427, -0.002636082761909648, 0.013329611373821028], [-0.002636082761909648, 0.010552854869799589, 0.009923280378029333], [0.013329611373821028, 0.009923280378029333, 0.15204569182356617]], "chi2_level": 0.95, "chi2_df": 3, "chi2_threshold": 7.814727903251179, "N_raw": 97, "N_roi": 97, "N_inlier": 92, "refit": true}
{"timestamp": "12:27:04.330955", "frame": 59, "mu": [0.06337692995447872, 1.6525414378752303, 1.3979157348081857], "Sigma": [[0.005099254661774053, -0.0038580140017339237, -0.0033778020898751144], [-0.0038580140017339237, 0.01642607438501855, 0.005786230881123104], [-0.003377802089875114, 0.005786230881123105, 0.07225088565577015]], "chi2_level": 0.95, "chi2_df": 3, "chi2_threshold": 7.814727903251179, "N_raw": 95, "N_roi": 95, "N_inlier": 90, "refit": true}
{"timestamp": "12:27:04.380070", "frame": 60, "mu": [0.10121859660121693, 1.748572505307175, 1.5488006474272193], "Sigma": [[0.0046842093164206336, -0.0002929425894314848, 0.0005196685277094616], [-0.0002929425894314847, 0.005886949858368199, 0.0037117377340760947], [0.0005196685277094616, 0.0037117377340760947, 0.01992107287016244]], "chi2_level": 0.95, "chi2_df": 3, "chi2_threshold": 7.814727903251179, "N_raw": 59, "N_roi": 58, "N_inlier": 53, "refit": true}
{"timestamp": "12:27:04.434709", "frame": 61, "mu": [0.1585987202856622, 1.6941359184553801, 1.2908421382189885], "Sigma": [[0.0036409940225503225, -0.0015172264926352614, 0.0014416745504013174], [-0.0015172264926352614, 0.008671533299650076, 0.001373927867854266], [0.0014416745504013176, 0.001373927867854266, 0.017680798616784767]], "chi2_level": 0.95, "chi2_df": 3, "chi2_threshold": 7.814727903251179, "N_raw": 64, "N_roi": 63, "N_inlier": 59, "refit": true}
{"timestamp": "12:27:04.490446", "frame": 62, "mu": [0.213913046767809, 1.7733864682863099, 1.3998625430523404], "Sigma": [[0.004705661119103347, 0.002014233510324017, 0.003515730999034929], [0.002014233510324017, 0.015331118400253719, 0.014401781497498472], [0.003515730999034929, 0.014401781497498472, 0.022925441288506786]], "chi2_level": 0.95, "chi2_df": 3, "chi2_threshold": 7.814727903251179, "N_raw": 66, "N_roi": 66, "N_inlier": 63, "refit": true}
{"timestamp": "12:27:04.540261", "frame": 63, "mu": [0.29780273510299266, 1.6904942253104043, 1.2068145971936883], "Sigma": [[0.003227583397279828, -0.0009355426931446324, -0.0026997081224204413], [-0.0009355426931446328, 0.0019204131113621326, -0.0004463108611104754], [-0.0026997081224204417, -0.0004463108611104754, 0.004919870730961924]], "chi2_level": 0.95, "chi2_df": 3, "chi2_threshold": 7.814727903251179, "N_raw": 35, "N_roi": 35, "N_inlier": 32, "refit": true}
{"timestamp": "12:27:04.599751", "frame": 64, "mu": [0.3446393373215138, 1.893293828452677, 1.4211182319234048], "Sigma": [[0.004289760417414227, -0.0005018694277317376, -0.0012650975349504595], [-0.0005018694277317376, 0.012723987192402362, 0.008594153479231412], [-0.0012650975349504593, 0.008594153479231412, 0.01717140386883076]], "chi2_level": 0.95, "chi2_df": 3, "chi2_threshold": 7.814727903251179, "N_raw": 62, "N_roi": 62, "N_inlier": 58, "refit": true}
{"timestamp": "12:27:04.658672", "frame": 65, "mu": [0.23956708482193462, 1.8600160263387833, 0.9249981192006778], "Sigma": [[0.03946567837585721, 0.004684068796546916, 0.09797624817393039], [0.004684068796546915, 0.005950855822701466, 0.018054736572893953], [0.09797624817393039, 0.018054736572893953, 0.2899922509343612]], "chi2_level": 0.95, "chi2_df": 3, "chi2_threshold": 7.814727903251179, "N_raw": 85, "N_roi": 85, "N_inlier": 81, "refit": true}
{"timestamp": "12:27:04.714763", "frame": 66, "mu": [0.2745533505494151, 1.884332436487747, 0.9118402371900356], "Sigma": [[0.03982515251707738, 0.018171185232473054, 0.11601970158400382], [0.018171185232473054, 0.019872387271815006, 0.06896840342154589], [0.1160197015840038, 0.06896840342154589, 0.4053317103181834]], "chi2_level": 0.95, "chi2_df": 3, "chi2_threshold": 7.814727903251179, "N_raw": 96, "N_roi": 96, "N_inlier": 93, "refit": true}
{"timestamp": "12:27:04.768608", "frame": 67, "mu": [0.3908060380231047, 2.014596813194939, 1.0552392552052792], "Sigma": [[0.02676915137234917, 0.004597657693228438, 0.07001727345137991], [0.004597657693228438, 0.005762665283945495, 0.02139264065820977], [0.07001727345137991, 0.02139264065820977, 0.2482129483629766]], "chi2_level": 0.95, "chi2_df": 3, "chi2_threshold": 7.814727903251179, "N_raw": 83, "N_roi": 83, "N_inlier": 78, "refit": true}
{"timestamp": "12:27:04.817843", "frame": 68, "mu": [0.4489845217468873, 2.0293655139551694, 1.022781049856506], "Sigma": [[0.023141325103583597, -0.004450033988458099, 0.05287975796412041], [-0.004450033988458099, 0.002468462312960229, -0.013046077371273033], [0.05287975796412041, -0.013046077371273033, 0.1469401521974706]], "chi2_level": 0.95, "chi2_df": 3, "chi2_threshold": 7.814727903251179, "N_raw": 53, "N_roi": 53, "N_inlier": 48, "refit": true}
{"timestamp": "12:27:04.868895", "frame": 69, "mu": [0.5516540766666357, 2.056239226947578, 0.6367440991789439], "Sigma": [[0.005041601267490245, -0.007160910855927968, 0.006780768028845096], [-0.007160910855927968, 0.012845977235544422, -0.012626914162003032], [0.006780768028845095, -0.012626914162003029, 0.3463517221071499]], "chi2_level": 0.95, "chi2_df": 3, "chi2_threshold": 7.814727903251179, "N_raw": 16, "N_roi": 16, "N_inlier": 14, "refit": true}
{"timestamp": "12:27:04.927428", "frame": 70, "mu": [0.5304638229113646, 2.1309424925376943, 0.9442779636624165], "Sigma": [[0.007495659605819998, -0.005086703974624935, 0.0006161030818043942], [-0.005086703974624935, 0.008424408812430633, -0.010417944851251016], [0.0006161030818043945, -0.010417944851251016, 0.03979947221056699]], "chi2_level": 0.95, "chi2_df": 3, "chi2_threshold": 7.814727903251179, "N_raw": 47, "N_roi": 47, "N_inlier": 43, "refit": true}
{"timestamp": "12:27:04.977827", "frame": 71, "mu": [0.6237506658365786, 2.110508956595639, 0.8813651265341418], "Sigma": [[0.0037414714764186807, -0.008098497571917568, -0.033343584070471124], [-0.008098497571917568, 0.020010649753046027, 0.08582969484382856], [-0.033343584070471124, 0.08582969484382856, 0.5493550556170743]], "chi2_level": 0.95, "chi2_df": 3, "chi2_threshold": 7.814727903251179, "N_raw": 14, "N_roi": 14, "N_inlier": 13, "refit": true}
{"timestamp": "12:27:05.033517", "frame": 72, "mu": [0.5099841373023118, 2.2455261801678406, 0.9612509508099053], "Sigma": [[0.01897471182450393, -0.016454259474529383, -0.02463545672046877], [-0.016454259474529383, 0.020002984778968155, 0.048912355113767084], [-0.024635456720468775, 0.048912355113767084, 0.24255117175861451]], "chi2_level": 0.95, "chi2_df": 3, "chi2_threshold": 7.814727903251179, "N_raw": 22, "N_roi": 22, "N_inlier": 19, "refit": true}
{"timestamp": "12:27:05.087505", "frame": 73, "mu": [0.5634750649629346, 2.300806579487548, 1.0613677349142685], "Sigma": [[0.02199888110785579, -0.01210915640612609, -0.011024601164346528], [-0.012109156406126087, 0.00837330386886126, -0.00230193400224524], [-0.011024601164346528, -0.0023019340022452386, 0.07692888347851733]], "chi2_level": 0.95, "chi2_df": 3, "chi2_threshold": 7.814727903251179, "N_raw": 12, "N_roi": 12, "N_inlier": 12, "refit": true}
{"timestamp": "12:27:05.197773", "frame": 75, "mu": [0.5503355636911005, 2.5254505250146875, 1.3136013662440982], "Sigma": [[0.020362144481481916, -0.0158855161116757, -0.0026513951794446236], [-0.015885516111675702, 0.015150881283998288, 0.0049029633624562], [-0.002651395179444623, 0.0049029633624562, 0.042989704722243394]], "chi2_level": 0.95, "chi2_df": 3, "chi2_threshold": 7.814727903251179, "N_raw": 16, "N_roi": 16, "N_inlier": 15, "refit": true}
{"timestamp": "12:27:05.252997", "frame": 76, "mu": [0.8729594978849529, 2.405847824280015, 1.3037936792717693], "Sigma": [[0.0070253430452691485, -0.008276001394545204, 0.005881408610224007], [-0.008276001394545204, 0.012578937134374428, -0.0085150254931011], [0.005881408610224007, -0.0085150254931011, 0.0077158376910603154]], "chi2_level": 0.95, "chi2_df": 3, "chi2_threshold": 7.814727903251179, "N_raw": 20, "N_roi": 18, "N_inlier": 16, "refit": true}
{"timestamp": "12:27:05.307966", "frame": 77, "mu": [0.9639066836005513, 2.398061000866387, 0.9810104143372069], "Sigma": [[0.0065305602855046324, -0.002327090084967608, 0.010351632487107045], [-0.002327090084967608, 0.002441710229233401, -0.018095187234664054], [0.010351632487107045, -0.018095187234664054, 0.30164194669185534]], "chi2_level": 0.95, "chi2_df": 3, "chi2_threshold": 7.814727903251179, "N_raw": 21, "N_roi": 20, "N_inlier": 20, "refit": true}
{"timestamp": "12:27:05.364612", "frame": 78, "mu": [1.0507102142511595, 2.427496476009909, 1.086278062453089], "Sigma": [[0.004933219012752389, -0.0018091687786900414, 0.006765777932509492], [-0.0018091687786900412, 0.0027235910826648507, -0.01494512930720499], [0.006765777932509493, -0.01494512930720499, 0.1900277663421753]], "chi2_level": 0.95, "chi2_df": 3, "chi2_threshold": 7.814727903251179, "N_raw": 26, "N_roi": 26, "N_inlier": 24, "refit": true}
{"timestamp": "12:27:05.419978", "frame": 79, "mu": [1.066535721805109, 2.4561929079054936, 1.3308414927365155], "Sigma": [[0.005948189395281734, -0.0020908264244910895, -0.0029908023913983893], [-0.0020908264244910895, 0.0030286243919760095, -6.581170177439742e-05], [-0.0029908023913983893, -6.581170177439742e-05, 0.011033870423726142]], "chi2_level": 0.95, "chi2_df": 3, "chi2_threshold": 7.814727903251179, "N_raw": 29, "N_roi": 29, "N_inlier": 25, "refit": true}
{"timestamp": "12:27:05.476589", "frame": 80, "mu": [1.0968617139669798, 2.497225806630511, 1.3699525713099117], "Sigma": [[0.010161824963084454, -0.0033193237238940774, -0.003493643061669509], [-0.0033193237238940774, 0.0039155834176367215, -0.00031353368877908873], [-0.0034936430616695096, -0.00031353368877908873, 0.003624556789581606]], "chi2_level": 0.95, "chi2_df": 3, "chi2_threshold": 7.814727903251179, "N_raw": 41, "N_roi": 41, "N_inlier": 35, "refit": true}
{"timestamp": "12:27:05.529908", "frame": 81, "mu": [1.1488390740997958, 2.534948945483119, 1.162980056336761], "Sigma": [[0.005436813483131758, -0.0026429517178624866, 0.0063701583687284], [-0.0026429517178624866, 0.0032405746841273004, 0.001914596988831787], [0.006370158368728401, 0.0019145969888317875, 0.15804839392578193]], "chi2_level": 0.95, "chi2_df": 3, "chi2_threshold": 7.814727903251179, "N_raw": 26, "N_roi": 26, "N_inlier": 23, "refit": true}
{"timestamp": "12:27:05.589358", "frame": 82, "mu": [1.1620470510416963, 2.6029754535335554, 1.2139692368704178], "Sigma": [[0.010079702768285872, -0.006333530421266257, 0.0008883613959524668], [-0.006333530421266257, 0.00783488586311613, -0.0070873196554912445], [0.0008883613959524672, -0.007087319655491245, 0.016106187792721813]], "chi2_level": 0.95, "chi2_df": 3, "chi2_threshold": 7.814727903251179, "N_raw": 58, "N_roi": 58, "N_inlier": 57, "refit": true}
{"timestamp": "12:27:05.696094", "frame": 84, "mu": [1.0968675783183506, 2.7348391992866157, 0.8591098964469801], "Sigma": [[0.02344282821523446, -0.006888159189395273, 0.05207653935021041], [-0.006888159189395273, 0.002929409665672131, -0.012604595875968357], [0.05207653935021041, -0.012604595875968357, 0.17225100825051706]], "chi2_level": 0.95, "chi2_df": 3, "chi2_threshold": 7.814727903251179, "N_raw": 41, "N_roi": 41, "N_inlier": 40, "refit": true}
{"timestamp": "12:27:05.749704", "frame": 85, "mu": [1.240236441233848, 2.7882123401970644, 1.2096866355422407], "Sigma": [[0.008640825796425217, -0.004014553837600326, -0.0002767913664264937], [-0.004014553837600326, 0.003172245544044245, -0.0031099957307369162], [-0.0002767913664264937, -0.0031099957307369162, 0.011747534574989666]], "chi2_level": 0.95, "chi2_df": 3, "chi2_threshold": 7.814727903251179, "N_raw": 35, "N_roi": 35, "N_inlier": 33, "refit": true}
{"timestamp": "12:27:05.803590", "frame": 86, "mu": [1.2440778931449537, 3.0032070967873152, -0.4472785362884701], "Sigma": [[0.019517165766026967, -0.008956123645208494, 0.062052677644554785], [-0.008956123645208494, 0.00544534005508238, -0.035262116257810054], [0.062052677644554785, -0.035262116257810054, 0.29231000891630304]], "chi2_level": 0.95, "chi2_df": 3, "chi2_threshold": 7.814727903251179, "N_raw": 25, "N_roi": 25, "N_inlier": 22, "refit": true}
{"timestamp": "12:27:05.913656", "frame": 88, "mu": [1.420217185155145, 2.9860218405726933, 1.2412791715008584], "Sigma": [[0.010267383216243056, -0.004346291096536271, -0.004513560447074116], [-0.004346291096536271, 0.003936120042004783, 0.0007142904906230025], [-0.004513560447074115, 0.0007142904906230025, 0.003779578067441022]], "chi2_level": 0.95, "chi2_df": 3, "chi2_threshold": 7.814727903251179, "N_raw": 28, "N_roi": 28, "N_inlier": 26, "refit": true}
{"timestamp": "12:27:05.966701", "frame": 89, "mu": [1.4301582857155708, 3.0802014223223173, 1.3327560378651895], "Sigma": [[0.006217607046161876, -0.0038288379408373133, -0.011277389539371269], [-0.0038288379408373133, 0.0036287279215416815, 0.0052051140780551685], [-0.011277389539371269, 0.005205114078055168, 0.027155652131005275]], "chi2_level": 0.95, "chi2_df": 3, "chi2_threshold": 7.814727903251179, "N_raw": 11, "N_roi": 11, "N_inlier": 11, "refit": true}
{"timestamp": "12:27:06.082612", "frame": 91, "mu": [1.5309665787910685, 3.191641942750353, 0.04032317226306439], "Sigma": [[0.013924221432172828, -0.0010313173410588152, -0.029030206426309425], [-0.0010313173410588152, 0.007482555996149088, -0.02622489773477821], [-0.029030206426309425, -0.026224897734778214, 0.2078411696015143]], "chi2_level": 0.95, "chi2_df": 3, "chi2_threshold": 7.814727903251179, "N_raw": 48, "N_roi": 47, "N_inlier": 44, "refit": true}
{"timestamp": "12:27:06.136192", "frame": 92, "mu": [1.4912496586326192, 3.1870254069119683, 1.218787097494479], "Sigma": [[0.011033965647459563, -0.004919834943624914, -0.0012439211121132868], [-0.004919834943624914, 0.003870351991429411, -0.003768084654395379], [-0.0012439211121132864, -0.0037680846543953787, 0.01936163904295561]], "chi2_level": 0.95, "chi2_df": 3, "chi2_threshold": 7.814727903251179, "N_raw": 35, "N_roi": 35, "N_inlier": 32, "refit": true}
{"timestamp": "12:27:06.190718", "frame": 93, "mu": [1.5508289907216062, 3.2214950665302977, 1.218530743133196], "Sigma": [[0.015074276242601123, -0.003925100585878265, 0.00477694425333605], [-0.003925100585878265, 0.003020785582330666, -0.0029376177004588272], [0.00477694425333605, -0.0029376177004588277, 0.012003710555901024]], "chi2_level": 0.95, "chi2_df": 3, "chi2_threshold": 7.814727903251179, "N_raw": 36, "N_roi": 36, "N_inlier": 34, "refit": true}
{"timestamp": "12:27:06.430461", "frame": 97, "mu": [1.700395844664689, 3.4344800506397, 1.403808702651057], "Sigma": [[0.004589824566719783, -0.001955710738095767, -0.0027664779529069476], [-0.001955710738095767, 0.0031109561724439847, -0.0004125640778656211], [-0.002766477952906948, -0.00041256407786562083, 0.004700902061827386]], "chi2_level": 0.95, "chi2_df": 3, "chi2_threshold": 7.814727903251179, "N_raw": 12, "N_roi": 12, "N_inlier": 11, "refit": true}
{"timestamp": "12:27:06.903929", "frame": 106, "mu": [2.0163625141865538, 3.8032542874213044, 1.0495297239365018], "Sigma": [[0.008221736740685938, -0.004833698404501772, -0.009533260424668174], [-0.004833698404501772, 0.0035606216529944145, 0.0036524021580403325], [-0.009533260424668174, 0.0036524021580403325, 0.034815440558031235]], "chi2_level": 0.95, "chi2_df": 3, "chi2_threshold": 7.814727903251179, "N_raw": 27, "N_roi": 15, "N_inlier": 14, "refit": true}
{"timestamp": "12:27:06.957906", "frame": 107, "mu": [2.095511359273202, 3.7770208506263785, 0.8080665726754299], "Sigma": [[0.004250155684484434, -0.0024290732988391382, -0.010263418190094561], [-0.0024290732988391382, 0.0014649562629808915, 0.006985015854871859], [-0.010263418190094561, 0.006985015854871858, 0.07106972579442808]], "chi2_level": 0.95, "chi2_df": 3, "chi2_threshold": 7.814727903251179, "N_raw": 15, "N_roi": 11, "N_inlier": 10, "refit": true}
