{"timestamp": "12:55:42.281696", "frame": 1, "mu": [1.928350742865796, 1.5281044423866093, 1.3013773547446423], "Sigma": [[0.006051554392324608, -0.005712306337022167, -0.0004407086372732016], [-0.005712306337022167, 0.010492462218934517, 0.0011140095783956166], [-0.0004407086372732017, 0.0011140095783956166, 0.000435776752797586]], "chi2_level": 0.95, "chi2_df": 3, "chi2_threshold": 7.814727903251179, "N_raw": 19, "N_roi": 19, "N_inlier": 18, "refit": true}
{"timestamp": "12:55:42.444827", "frame": 4, "mu": [1.997716192298169, 1.4311483802134246, 1.286041734393851], "Sigma": [[0.003636252840176872, -0.0025717770385112752, -0.00035149487670703156], [-0.0025717770385112752, 0.005582965270881539, -0.00019393294323390273], [-0.0003514948767070316, -0.00019393294323390273, 0.0007930006308038071]], "chi2_level": 0.95, "chi2_df": 3, "chi2_threshold": 7.814727903251179, "N_raw": 18, "N_roi": 18, "N_inlier": 16, "refit": true}
{"timestamp": "12:55:42.503277", "frame": 5, "mu": [1.9090117089664458, 1.639248161245039, -0.24091823190629866], "Sigma": [[0.01058792266971476, -0.0091270302586909, -0.00446333021696846], [-0.009127030258690902, 0.014522496458119304, 0.004841497727208344], [-0.00446333021696846, 0.004841497727208344, 0.002339408951427517]], "chi2_level": 0.95, "chi2_df": 3, "chi2_threshold": 7.814727903251179, "N_raw": 37, "N_roi": 37, "N_inlier": 36, "refit": true}
{"timestamp": "12:55:42.611416", "frame": 7, "mu": [1.9185095795526943, 1.5381835132141142, 1.3348590055628207], "Sigma": [[0.0029690156763445687, -0.0009451757139088117, -0.0004952483279131197], [-0.0009451757139088118, 0.0014732743111264897, -0.00024327576068253496], [-0.0004952483279131197, -0.0002432757606825349, 0.00027808850096018215]], "chi2_level": 0.95, "chi2_df": 3, "chi2_threshold": 7.814727903251179, "N_raw": 12, "N_roi": 12, "N_inlier": 10, "refit": true}
{"timestamp": "12:55:42.665841", "frame": 8, "mu": [1.8603847321150342, 1.4042824080044385, 0.983029908338394], "Sigma": [[0.0062841386506120875, -0.006904368304187163, -0.0019099338159333983], [-0.006904368304187163, 0.01007156299166117, 0.0015227299604558362], [-0.0019099338159333983, 0.0015227299604558362, 0.0012892516386331745]], "chi2_level": 0.95, "chi2_df": 3, "chi2_threshold": 7.814727903251179, "N_raw": 12, "N_roi": 12, "N_inlier": 11, "refit": true}
{"timestamp": "12:55:43.437310", "frame": 22, "mu": [2.0768143609208756, 1.202748809313329, 1.1018411700722663], "Sigma": [[0.002667570916616345, -0.004511471651303778, 0.001049391793232813], [-0.004511471651303778, 0.011126928302215068, -0.003443189759445622], [0.001049391793232813, -0.0034431897594456216, 0.0012663702527750422]], "chi2_level": 0.95, "chi2_df": 3, "chi2_threshold": 7.814727903251179, "N_raw": 16, "N_roi": 16, "N_inlier": 14, "refit": true}
{"timestamp": "12:55:43.492811", "frame": 23, "mu": [1.9957366203551115, 1.3154563701175839, 1.2320536867069756], "Sigma": [[0.002151121128728316, -0.002175933321226197, 0.00010170104368037306], [-0.0021759333212261972, 0.008173053814163334, -0.004417011846248307], [0.00010170104368037306, -0.004417011846248307, 0.006743083541279093]], "chi2_level": 0.95, "chi2_df": 3, "chi2_threshold": 7.814727903251179, "N_raw": 14, "N_roi": 14, "N_inlier": 12, "refit": true}
{"timestamp": "12:55:43.548518", "frame": 24, "mu": [2.0685206539401806, 1.2110691633002222, 1.2526429595125175], "Sigma": [[0.003141757488969518, -0.003277831033108911, -0.0024483366257882356], [-0.0032778310331089116, 0.008139234546821665, -0.002116592185890325], [-0.002448336625788235, -0.0021165921858903253, 0.014431711908346157]], "chi2_level": 0.95, "chi2_df": 3, "chi2_threshold": 7.814727903251179, "N_raw": 24, "N_roi": 24, "N_inlier": 23, "refit": true}
{"timestamp": "12:55:43.604677", "frame": 25, "mu": [2.048118010390631, 1.174323010957417, 1.2827532151335361], "Sigma": [[0.004548549099174632, -0.00435213577217999, -0.0014131548694665617], [-0.00435213577217999, 0.011038961346188916, -0.0014287292720390936], [-0.0014131548694665617, -0.0014287292720390936, 0.0020975517720154767]], "chi2_level": 0.95, "chi2_df": 3, "chi2_threshold": 7.814727903251179, "N_raw": 26, "N_roi": 26, "N_inlier": 25, "refit": true}
{"timestamp": "12:55:43.660764", "frame": 26, "mu": [2.0445391105360984, 1.1723705835655838, 1.2483078212862], "Sigma": [[0.0049988789066515915, -0.0038169858733701654, -0.00044503398319689733], [-0.0038169858733701654, 0.008120576505324625, -0.0021595523369454823], [-0.0004450339831968972, -0.0021595523369454823, 0.002030798641530382]], "chi2_level": 0.95, "chi2_df": 3, "chi2_threshold": 7.814727903251179, "N_raw": 25, "N_roi": 25, "N_inlier": 23, "refit": true}
{"timestamp": "12:55:43.714229", "frame": 27, "mu": [2.053135209821552, 1.093024856322169, 1.170336950089134], "Sigma": [[0.005959095997072968, -0.006007384336070576, -0.0010183453506185268], [-0.006007384336070576, 0.011849808944478584, -0.0011427088679604206], [-0.0010183453506185268, -0.0011427088679604209, 0.0014784706954334831]], "chi2_level": 0.95, "chi2_df": 3, "chi2_threshold": 7.814727903251179, "N_raw": 28, "N_roi": 28, "N_inlier": 27, "refit": true}
{"timestamp": "12:55:43.771372", "frame": 28, "mu": [2.0306862930234773, 1.0889393453769087, 1.270147549678784], "Sigma": [[0.0065914607201474395, -0.004208492238312616, -0.0005461554570489092], [-0.0042084922383126165, 0.013461048612038716, -0.004307895585373867], [-0.0005461554570489091, -0.004307895585373867, 0.0024350041326406556]], "chi2_level": 0.95, "chi2_df": 3, "chi2_threshold": 7.814727903251179, "N_raw": 40, "N_roi": 40, "N_inlier": 38, "refit": true}
{"timestamp": "12:55:43.825506", "frame": 29, "mu": [2.0256549872108285, 1.0970603987012981, 1.2548701222463392], "Sigma": [[0.009339348197670723, -0.0051268927055799305, 0.0011805032251217596], [-0.0051268927055799305, 0.015231166754518364, 0.0006155061040409263], [0.0011805032251217594, 0.0006155061040409261, 0.0011401470075436718]], "chi2_level": 0.95, "chi2_df": 3, "chi2_threshold": 7.814727903251179, "N_raw": 38, "N_roi": 38, "N_inlier": 36, "refit": true}
{"timestamp": "12:55:43.880492", "frame": 30, "mu": [2.0090189712100646, 1.0186337423458778, 1.2848878659907232], "Sigma": [[0.00910152817986804, -0.006042968529549662, -0.00037406200336294603], [-0.006042968529549662, 0.013018366417193615, 6.126835164190636e-05], [-0.00037406200336294603, 6.126835164190614e-05, 0.0017096882044801936]], "chi2_level": 0.95, "chi2_df": 3, "chi2_threshold": 7.814727903251179, "N_raw": 36, "N_roi": 36, "N_inlier": 34, "refit": true}
{"timestamp": "12:55:43.935141", "frame": 31, "mu": [1.999942096355587, 0.9537625057065897, 1.0954086741923197], "Sigma": [[0.004061485334319826, -0.004115528352118835, -0.0038297161076355796], [-0.004115528352118834, 0.00980461488547526, -0.0015804275806471039], [-0.0038297161076355796, -0.0015804275806471043, 0.01261177110533683]], "chi2_level": 0.95, "chi2_df": 3, "chi2_threshold": 7.814727903251179, "N_raw": 29, "N_roi": 29, "N_inlier": 25, "refit": true}
{"timestamp": "12:55:43.988976", "frame": 32, "mu": [1.9507019618489534, 0.9627534751104437, 1.1673160232038735], "Sigma": [[0.0032122442377541705, -0.0025236946266258397, -0.0001969966404166023], [-0.00252369462662584, 0.005138352930021162, -0.0029629287947039694], [-0.00019699664041660252, -0.0029629287947039694, 0.004579956841007583]], "chi2_level": 0.95, "chi2_df": 3, "chi2_threshold": 7.814727903251179, "N_raw": 24, "N_roi": 24, "N_inlier": 22, "refit": true}
{"timestamp": "12:55:44.043141", "frame": 33, "mu": [1.9212801291321644, 0.9837215187873116, 1.220164666217417], "Sigma": [[0.0031956021000192282, -0.0038837755883043903, -0.0005461474761664343], [-0.0038837755883043908, 0.007407927134026842, -0.0005311672541341848], [-0.0005461474761664345, -0.0005311672541341848, 0.001394329986586143]], "chi2_level": 0.95, "chi2_df": 3, "chi2_threshold": 7.814727903251179, "N_raw": 17, "N_roi": 17, "N_inlier": 15, "refit": true}
{"timestamp": "12:55:44.152091", "frame": 35, "mu": [1.8096422268366759, 1.0439094705569367, 1.0744877636457935], "Sigma": [[0.0013069932200609616, 0.0004926613086938066, -0.002748901645144479], [0.0004926613086938064, 0.006589436498547197, -0.013774393731434995], [-0.0027489016451444784, -0.013774393731434995, 0.033200978743512376]], "chi2_level": 0.95, "chi2_df": 3, "chi2_threshold": 7.814727903251179, "N_raw": 10, "N_roi": 10, "N_inlier": 10, "refit": true}
{"timestamp": "12:55:44.323436", "frame": 38, "mu": [1.7550394239128466, 1.1519068670822403, -0.6160439116751089], "Sigma": [[0.004749385606307788, -0.0033109297764824294, -0.002880900036585716], [-0.0033109297764824294, 0.014911220786457886, -0.009493739275969085], [-0.0028809000365857154, -0.009493739275969085, 0.014730652166921218]], "chi2_level": 0.95, "chi2_df": 3, "chi2_threshold": 7.814727903251179, "N_raw": 56, "N_roi": 56, "N_inlier": 51, "refit": true}
{"timestamp": "12:55:44.374686", "frame": 39, "mu": [1.7608271042451735, 0.8436488481136187, 1.108871066839596], "Sigma": [[0.002471606769737583, -0.002224977832797236, 0.0002920263595105381], [-0.002224977832797235, 0.012197905004769371, -0.006456506227097029], [0.000292026359510538, -0.006456506227097029, 0.004387626719248492]], "chi2_level": 0.95, "chi2_df": 3, "chi2_threshold": 7.814727903251179, "N_raw": 26, "N_roi": 26, "N_inlier": 24, "refit": true}
{"timestamp": "12:55:44.433133", "frame": 40, "mu": [1.7185934172564867, 1.0148150275191856, -0.5592560212247843], "Sigma": [[0.0049090228180691245, -0.0022718590095698464, -0.004456379706389772], [-0.0022718590095698464, 0.011754338051765435, -0.007672638382465749], [-0.004456379706389772, -0.007672638382465749, 0.014122588133766456]], "chi2_level": 0.95, "chi2_df": 3, "chi2_threshold": 7.814727903251179, "N_raw": 44, "N_roi": 44, "N_inlier": 42, "refit": true}
{"timestamp": "12:55:44.486109", "frame": 41, "mu": [1.7147115628632361, 0.7836991723096057, 1.2212933759351556], "Sigma": [[0.0053395942540937985, -0.0035409244259847275, -0.00281985199198835], [-0.0035409244259847275, 0.007392567047061391, -0.002532754864507381], [-0.00281985199198835, -0.002532754864507381, 0.00735840221449519]], "chi2_level": 0.95, "chi2_df": 3, "chi2_threshold": 7.814727903251179, "N_raw": 42, "N_roi": 42, "N_inlier": 38, "refit": true}
{"timestamp": "12:55:44.540957", "frame": 42, "mu": [1.6748563223766721, 0.7318666794491552, 1.1324764177703768], "Sigma": [[0.004536207226079064, -0.004996748588135102, -0.001473526527977077], [-0.004996748588135102, 0.011887985222152692, -0.0027919613475607527], [-0.001473526527977077, -0.0027919613475607527, 0.004549961067908575]], "chi2_level": 0.95, "chi2_df": 3, "chi2_threshold": 7.814727903251179, "N_raw": 31, "N_roi": 31, "N_inlier": 27, "refit": true}
{"timestamp": "12:55:44.595985", "frame": 43, "mu": [1.651255942525157, 0.7489820902340011, 1.1877480852050868], "Sigma": [[0.005433746118093311, -0.00385721909687199, -0.0007370594374256805], [-0.0038572190968719894, 0.012590987240655419, -0.003991116849252935], [-0.0007370594374256805, -0.003991116849252936, 0.0034588405247399276]], "chi2_level": 0.95, "chi2_df": 3, "chi2_threshold": 7.814727903251179, "N_raw": 42, "N_roi": 42, "N_inlier": 39, "refit": true}
{"timestamp": "12:55:44.651003", "frame": 44, "mu": [1.6508088427174963, 0.6952206634113972, 1.1817192856281566], "Sigma": [[0.004474340682416355, -0.004333103902981433, -0.0014165703709299472], [-0.004333103902981433, 0.010865394952617706, -0.002723081403978654], [-0.0014165703709299472, -0.0027230814039786544, 0.003814052143918533]], "chi2_level": 0.95, "chi2_df": 3, "chi2_threshold": 7.814727903251179, "N_raw": 37, "N_roi": 37, "N_inlier": 34, "refit": true}
{"timestamp": "12:55:44.707818", "frame": 45, "mu": [1.5907407484926763, 0.6885275030145732, 1.1941078674500218], "Sigma": [[0.006001690963841728, -0.004315858149790205, -0.0036351409779542057], [-0.004315858149790206, 0.012280136850565166, -0.0039356274104781035], [-0.0036351409779542057, -0.0039356274104781035, 0.008538456690961494]], "chi2_level": 0.95, "chi2_df": 3, "chi2_threshold": 7.814727903251179, "N_raw": 45, "N_roi": 45, "N_inlier": 42, "refit": true}
{"timestamp": "12:55:44.760904", "frame": 46, "mu": [1.5645586933993494, 0.6401088490428459, 1.2389458121277304], "Sigma": [[0.004657928730951576, -0.003303610347210557, -0.0023389422883320563], [-0.0033036103472105565, 0.01018748567455573, -0.0007980563891646703], [-0.002338942288332057, -0.0007980563891646703, 0.002570872820885862]], "chi2_level": 0.95, "chi2_df": 3, "chi2_threshold": 7.814727903251179, "N_raw": 35, "N_roi": 35, "N_inlier": 32, "refit": true}
{"timestamp": "12:55:44.814676", "frame": 47, "mu": [1.5375280302135252, 0.6187921878261106, 1.2773882122343507], "Sigma": [[0.005014114603274355, -0.003333484405672363, -0.00194977554541025], [-0.003333484405672363, 0.009760296810326816, 0.0002273499449001817], [-0.00194977554541025, 0.0002273499449001816, 0.002402509729620329]], "chi2_level": 0.95, "chi2_df": 3, "chi2_threshold": 7.814727903251179, "N_raw": 28, "N_roi": 28, "N_inlier": 26, "refit": true}
{"timestamp": "12:55:44.870504", "frame": 48, "mu": [1.4833631146680384, 0.6116840435201578, 1.1963736667190292], "Sigma": [[0.003095362073803937, -0.00302928933055297, -0.001323746112767016], [-0.0030292893305529697, 0.007040615290336865, -0.004520798786554892], [-0.001323746112767016, -0.004520798786554892, 0.011043272470305432]], "chi2_level": 0.95, "chi2_df": 3, "chi2_threshold": 7.814727903251179, "N_raw": 35, "N_roi": 35, "N_inlier": 32, "refit": true}
{"timestamp": "12:55:44.924698", "frame": 49, "mu": [1.4707294038539955, 0.5640910159167559, 1.2930060599175643], "Sigma": [[0.003627196676354495, -0.0037458155453439254, -0.0027514320777369946], [-0.0037458155453439254, 0.007282953548263734, -0.0028144635802864883], [-0.0027514320777369946, -0.0028144635802864887, 0.015338769768302405]], "chi2_level": 0.95, "chi2_df": 3, "chi2_threshold": 7.814727903251179, "N_raw": 26, "N_roi": 26, "N_inlier": 23, "refit": true}
{"timestamp": "12:55:44.981460", "frame": 50, "mu": [1.460641735134465, 0.5530861215279315, 1.2485550627996151], "Sigma": [[0.004209393163344865, -0.002953880075988179, -0.0010293663367515098], [-0.0029538800759881796, 0.010709689360750006, -0.004514054145345996], [-0.0010293663367515098, -0.004514054145345995, 0.009135377220111379]], "chi2_level": 0.95, "chi2_df": 3, "chi2_threshold": 7.814727903251179, "N_raw": 41, "N_roi": 41, "N_inlier": 35, "refit": true}
{"timestamp": "12:55:45.037504", "frame": 51, "mu": [1.3962938917123175, 0.6007992137831653, 1.1916934781614423], "Sigma": [[0.005419004331569859, -0.003968295764257574, -0.00039786861943459965], [-0.003968295764257574, 0.006474765509723649, -0.01067630962687217], [-0.00039786861943459976, -0.01067630962687217, 0.0401482987833357]], "chi2_level": 0.95, "chi2_df": 3, "chi2_threshold": 7.814727903251179, "N_raw": 46, "N_roi": 46, "N_inlier": 41, "refit": true}
{"timestamp": "12:55:45.090221", "frame": 52, "mu": [1.3100151917601677, 0.6917927221783803, 1.076852199055559], "Sigma": [[0.007825237875419826, -0.011416040816471828, 0.0026341811568365856], [-0.01141604081647183, 0.02675005867509475, -0.027125837846216982], [0.0026341811568365864, -0.02712583784621698, 0.06353261502317784]], "chi2_level": 0.95, "chi2_df": 3, "chi2_threshold": 7.814727903251179, "N_raw": 36, "N_roi": 36, "N_inlier": 34, "refit": true}
{"timestamp": "12:55:45.149019", "frame": 53, "mu": [1.3157692259417417, 0.6009132861778942, 1.130558472114484], "Sigma": [[0.007216901354624322, -0.010966615096202413, 0.007542324705924362], [-0.010966615096202415, 0.025013145947414755, -0.025287311967593533], [0.007542324705924362, -0.025287311967593533, 0.037967454450566374]], "chi2_level": 0.95, "chi2_df": 3, "chi2_threshold": 7.814727903251179, "N_raw": 54, "N_roi": 54, "N_inlier": 52, "refit": true}
{"timestamp": "12:55:45.418592", "frame": 58, "mu": [1.1411829171884313, 0.6250684561440538, 1.3394369050181687], "Sigma": [[0.01088954377181123, -0.006684371296265309, -0.004102586264779049], [-0.006684371296265309, 0.005705156380022462, 0.0018352453237617653], [-0.004102586264779048, 0.0018352453237617653, 0.002340333712812695]], "chi2_level": 0.95, "chi2_df": 3, "chi2_threshold": 7.814727903251179, "N_raw": 22, "N_roi": 22, "N_inlier": 20, "refit": true}
{"timestamp": "12:55:45.472943", "frame": 59, "mu": [0.8860276431222679, 0.7740339465736089, 1.4213076301076786], "Sigma": [[0.0031577303310041174, -0.0011048195045817574, -0.003292098408494599], [-0.0011048195045817574, 0.0017562474358319424, 0.0010048703490109275], [-0.003292098408494599, 0.0010048703490109275, 0.0041913310643526]], "chi2_level": 0.95, "chi2_df": 3, "chi2_threshold": 7.814727903251179, "N_raw": 14, "N_roi": 14, "N_inlier": 13, "refit": true}
{"timestamp": "12:55:45.528455", "frame": 60, "mu": [0.8528232238279085, 0.8560422547910673, -0.3485544048887981], "Sigma": [[0.0062973035593571905, -0.001242322609589157, -0.006183602487480273], [-0.0012423226095891568, 0.001568168210784626, 0.0009169478514415047], [-0.006183602487480273, 0.0009169478514415047, 0.006675543649955345]], "chi2_level": 0.95, "chi2_df": 3, "chi2_threshold": 7.814727903251179, "N_raw": 18, "N_roi": 18, "N_inlier": 16, "refit": true}
{"timestamp": "12:55:45.582503", "frame": 61, "mu": [0.7986098906960724, 0.7688849122551993, 1.4701369942378466], "Sigma": [[0.0013339881265178727, -2.826606097059163e-05, -0.00046961891729517167], [-2.8266060970591575e-05, 0.0016181897291935002, -0.0006446065912409481], [-0.0004696189172951717, -0.0006446065912409482, 0.0005399438155847585]], "chi2_level": 0.95, "chi2_df": 3, "chi2_threshold": 7.814727903251179, "N_raw": 19, "N_roi": 19, "N_inlier": 18, "refit": true}
{"timestamp": "12:55:45.696430", "frame": 63, "mu": [0.8083953218795513, 0.6952133492468807, 1.3201178740407418], "Sigma": [[0.001998810503627674, -0.0018170121760728972, -0.0025470363591451137], [-0.0018170121760728972, 0.0027733068335494223, 0.004802375754406184], [-0.0025470363591451137, 0.004802375754406184, 0.015798328605414122]], "chi2_level": 0.95, "chi2_df": 3, "chi2_threshold": 7.814727903251179, "N_raw": 36, "N_roi": 36, "N_inlier": 33, "refit": true}
{"timestamp": "12:55:45.749085", "frame": 64, "mu": [0.7653196103639313, 0.7022985378581383, 1.3919863941281965], "Sigma": [[0.0041549965855352524, -0.001433434851941635, -0.003200417649445226], [-0.0014334348519416352, 0.0011281400977078647, 0.0001695658045611858], [-0.0032004176494452264, 0.00016956580456118576, 0.00395839138086167]], "chi2_level": 0.95, "chi2_df": 3, "chi2_threshold": 7.814727903251179, "N_raw": 31, "N_roi": 31, "N_inlier": 28, "refit": true}
{"timestamp": "12:55:45.802557", "frame": 65, "mu": [0.6816848452749387, 0.6994024244495347, 1.4466269483311223], "Sigma": [[0.013875761924900063, -0.005504959675691066, -0.012150424222621185], [-0.005504959675691066, 0.0031435760340334327, 0.004660757049440136], [-0.012150424222621185, 0.004660757049440136, 0.01098660564184282]], "chi2_level": 0.95, "chi2_df": 3, "chi2_threshold": 7.814727903251179, "N_raw": 16, "N_roi": 16, "N_inlier": 16, "refit": true}
{"timestamp": "12:55:45.858725", "frame": 66, "mu": [0.6278539555667745, 0.8619935968932758, -0.3343053095052671], "Sigma": [[0.0017477213768524256, 0.0011634484295426643, -0.0039733565349367], [0.0011634484295426643, 0.0029609806341242433, -0.0037823722383237847], [-0.0039733565349367, -0.0037823722383237847, 0.019939178130276323]], "chi2_level": 0.95, "chi2_df": 3, "chi2_threshold": 7.814727903251179, "N_raw": 18, "N_roi": 18, "N_inlier": 15, "refit": true}
{"timestamp": "12:55:45.915832", "frame": 67, "mu": [0.6020757285091712, 0.6991283618388656, 1.4836627402837863], "Sigma": [[0.00270667694450975, -0.0008407095930406405, -0.0030382087890424396], [-0.0008407095930406405, 0.0010291606948288322, 0.00016334625967028962], [-0.0030382087890424405, 0.00016334625967028962, 0.005248981948164024]], "chi2_level": 0.95, "chi2_df": 3, "chi2_threshold": 7.814727903251179, "N_raw": 27, "N_roi": 27, "N_inlier": 25, "refit": true}
{"timestamp": "12:55:45.971665", "frame": 68, "mu": [0.5324080007264805, 0.7897388799043179, 1.1673262052933597], "Sigma": [[0.003250294818696002, -0.004316506065244932, 0.005388782326220105], [-0.004316506065244932, 0.015217539147949677, -0.035077713952473846], [0.005388782326220105, -0.035077713952473846, 0.12574745746399255]], "chi2_level": 0.95, "chi2_df": 3, "chi2_threshold": 7.814727903251179, "N_raw": 37, "N_roi": 37, "N_inlier": 35, "refit": true}
{"timestamp": "12:55:46.026535", "frame": 69, "mu": [0.5379593155580752, 0.946193962700839, -0.6406066825689012], "Sigma": [[0.007797009406861854, -0.008673265042813771, -0.0017049835639422592], [-0.008673265042813771, 0.03402562455600318, -0.0395689532227181], [-0.0017049835639422588, -0.0395689532227181, 0.09872530036894905]], "chi2_level": 0.95, "chi2_df": 3, "chi2_threshold": 7.814727903251179, "N_raw": 42, "N_roi": 42, "N_inlier": 38, "refit": true}
{"timestamp": "12:55:46.083296", "frame": 70, "mu": [0.46802466859902203, 0.7014721464606449, 1.3091507022804496], "Sigma": [[0.004125328676474427, -0.005101389098222525, -0.012698290407108945], [-0.005101389098222525, 0.008804933444302237, 0.017603709035419215], [-0.012698290407108946, 0.017603709035419215, 0.054897090305283544]], "chi2_level": 0.95, "chi2_df": 3, "chi2_threshold": 7.814727903251179, "N_raw": 49, "N_roi": 49, "N_inlier": 45, "refit": true}
{"timestamp": "12:55:46.144794", "frame": 71, "mu": [0.3893251891630189, 0.6119658791270662, 1.160414283170761], "Sigma": [[0.018202941898481317, -0.010187813528452641, 0.0010574048442244196], [-0.01018781352845264, 0.01902127476824211, 0.019920785508162283], [0.0010574048442244192, 0.01992078550816229, 0.041781419182457216]], "chi2_level": 0.95, "chi2_df": 3, "chi2_threshold": 7.814727903251179, "N_raw": 94, "N_roi": 94, "N_inlier": 92, "refit": true}
{"timestamp": "12:55:46.199445", "frame": 72, "mu": [0.3424375814390093, 0.8404428800462083, -0.49833182222862676], "Sigma": [[0.003183345665198744, -0.00034566856218713694, 0.007292838849272727], [-0.00034566856218713705, 0.0034839580856695198, 0.0043813055547313184], [0.007292838849272727, 0.004381305554731319, 0.04617177499431391]], "chi2_level": 0.95, "chi2_df": 3, "chi2_threshold": 7.814727903251179, "N_raw": 64, "N_roi": 64, "N_inlier": 61, "refit": true}
{"timestamp": "12:55:46.249770", "frame": 73, "mu": [0.30012314676838386, 0.647456361434847, -0.7421921456089631], "Sigma": [[0.0030664159976574582, 0.0027695178877834344, 0.008584266224722262], [0.0027695178877834344, 0.006994117456074284, 0.021020117305774542], [0.008584266224722262, 0.021020117305774542, 0.07634113345863079]], "chi2_level": 0.95, "chi2_df": 3, "chi2_threshold": 7.814727903251179, "N_raw": 65, "N_roi": 65, "N_inlier": 63, "refit": true}
{"timestamp": "12:55:46.297656", "frame": 74, "mu": [0.3739474174984873, 0.6519849849994207, 0.7464119188668703], "Sigma": [[0.007385777765988289, 0.0015195433581761618, -0.04225232242534992], [0.0015195433581761616, 0.0013669136613062777, 0.0009893183373437288], [-0.042252322425349924, 0.0009893183373437284, 0.3803880751164952]], "chi2_level": 0.95, "chi2_df": 3, "chi2_threshold": 7.814727903251179, "N_raw": 11, "N_roi": 11, "N_inlier": 11, "refit": true}
{"timestamp": "12:55:46.355848", "frame": 75, "mu": [0.20473254824228107, 0.7522749598255987, 1.4860277634292582], "Sigma": [[0.0010399193008844307, -0.0005003849004630097, -0.0011228277650879497], [-0.0005003849004630097, 0.0028341389665349, -0.0009352307443478473], [-0.0011228277650879497, -0.0009352307443478473, 0.003124001418464472]], "chi2_level": 0.95, "chi2_df": 3, "chi2_threshold": 7.814727903251179, "N_raw": 38, "N_roi": 38, "N_inlier": 35, "refit": true}
{"timestamp": "12:55:46.411329", "frame": 76, "mu": [0.1468826129481333, 0.7202987018460323, 1.4567603588709064], "Sigma": [[0.0014862979238303273, -0.0007430196158535205, 0.0005879783813480923], [-0.0007430196158535205, 0.002506391972891764, 0.00020863939210824403], [0.0005879783813480924, 0.00020863939210824392, 0.019169558429982005]], "chi2_level": 0.95, "chi2_df": 3, "chi2_threshold": 7.814727903251179, "N_raw": 38, "N_roi": 38, "N_inlier": 34, "refit": true}
{"timestamp": "12:55:46.468125", "frame": 77, "mu": [0.10014618070000186, 0.7385689693073411, 1.4771901404991585], "Sigma": [[0.0015067707467412918, -0.0003394912150957335, -0.0017612788033208662], [-0.0003394912150957336, 0.0021925599709673813, 0.0006430209871463613], [-0.0017612788033208662, 0.0006430209871463614, 0.015862232271274417]], "chi2_level": 0.95, "chi2_df": 3, "chi2_threshold": 7.814727903251179, "N_raw": 49, "N_roi": 49, "N_inlier": 43, "refit": true}
{"timestamp": "12:55:46.523498", "frame": 78, "mu": [0.11631741721725455, 0.7447516691152472, 1.4316774496735625], "Sigma": [[0.0017079244314020497, 0.00048603193775561534, -0.001084245215428493], [0.0004860319377556154, 0.0014351765244550805, -0.0009299351193771293], [-0.001084245215428493, -0.0009299351193771294, 0.009393069091564883]], "chi2_level": 0.95, "chi2_df": 3, "chi2_threshold": 7.814727903251179, "N_raw": 57, "N_roi": 57, "N_inlier": 53, "refit": true}
{"timestamp": "12:55:46.575110", "frame": 79, "mu": [0.05344293373403723, 0.8713776187734652, -0.6806725047402968], "Sigma": [[0.030685805895177, -0.002889689295607245, 0.0037116062256144474], [-0.0028896892956072453, 0.00857693098355611, -0.021689909754210878], [0.0037116062256144465, -0.021689909754210878, 0.06374555912188071]], "chi2_level": 0.95, "chi2_df": 3, "chi2_threshold": 7.814727903251179, "N_raw": 26, "N_roi": 23, "N_inlier": 20, "refit": true}
{"timestamp": "12:55:46.634642", "frame": 80, "mu": [-0.0073890958623328016, 0.8395984075979311, -0.3313129327450867], "Sigma": [[0.002081277102189729, -0.0005778483190806714, 0.0015891171463825449], [-0.0005778483190806713, 0.0030755581509159776, -0.0015887029529379514], [0.0015891171463825449, -0.0015887029529379512, 0.014244659989670106]], "chi2_level": 0.95, "chi2_df": 3, "chi2_threshold": 7.814727903251179, "N_raw": 60, "N_roi": 60, "N_inlier": 55, "refit": true}
{"timestamp": "12:55:46.686737", "frame": 81, "mu": [0.02817021178316941, 0.795781809174794, 1.095740285987909], "Sigma": [[0.10544648148977182, 0.17735385845356363, -0.2845862497346559], [0.17735385845356363, 0.31387718804608394, -0.4758988649555801], [-0.2845862497346559, -0.4758988649555801, 0.9163124545350777]], "chi2_level": 0.95, "chi2_df": 3, "chi2_threshold": 7.814727903251179, "N_raw": 39, "N_roi": 39, "N_inlier": 35, "refit": true}
{"timestamp": "12:55:46.745751", "frame": 82, "mu": [0.009948455072010592, 0.6444239378537128, 1.2627643090451959], "Sigma": [[0.0022483695938319967, -0.001273675822475901, 0.00045562895793509726], [-0.0012736758224759007, 0.003530350004102782, -0.0018670651548691668], [0.00045562895793509715, -0.0018670651548691668, 0.0030602152950856536]], "chi2_level": 0.95, "chi2_df": 3, "chi2_threshold": 7.814727903251179, "N_raw": 67, "N_roi": 67, "N_inlier": 60, "refit": true}
{"timestamp": "12:55:46.805455", "frame": 83, "mu": [-0.09126690579379057, 0.697633038474671, 1.358495272563259], "Sigma": [[0.0075560456994311605, -0.0023604394214947113, -0.006744390942174505], [-0.0023604394214947113, 0.0026023834860220514, 0.002583918868311468], [-0.006744390942174506, 0.002583918868311467, 0.01385602100470123]], "chi2_level": 0.95, "chi2_df": 3, "chi2_threshold": 7.814727903251179, "N_raw": 97, "N_roi": 95, "N_inlier": 88, "refit": true}
{"timestamp": "12:55:46.862537", "frame": 84, "mu": [-0.17159313696170966, 0.7241201940789324, 1.3864134984915468], "Sigma": [[0.007751756880699399, -0.0024228923032475784, -0.007101117785879713], [-0.0024228923032475784, 0.00391201874683626, 0.0036865250613925065], [-0.007101117785879714, 0.0036865250613925065, 0.013059869373771987]], "chi2_level": 0.95, "chi2_df": 3, "chi2_threshold": 7.814727903251179, "N_raw": 112, "N_roi": 112, "N_inlier": 106, "refit": true}
{"timestamp": "12:55:46.914937", "frame": 85, "mu": [-0.20099064655757368, 0.7517665018726277, 1.4365643134849777], "Sigma": [[0.005999497814628096, -0.0028907399770086266, -0.0070586144571457565], [-0.0028907399770086266, 0.0034660642859086115, 0.0019273242640075834], [-0.0070586144571457565, 0.0019273242640075834, 0.0105421729387282]], "chi2_level": 0.95, "chi2_df": 3, "chi2_threshold": 7.814727903251179, "N_raw": 99, "N_roi": 99, "N_inlier": 91, "refit": true}
{"timestamp": "12:55:46.971936", "frame": 86, "mu": [-0.26518927341404713, 0.7804957193949275, -0.5130514360290566], "Sigma": [[0.006660292401600115, -0.0018835764989537066, -0.005278847180113984], [-0.0018835764989537066, 0.004236838979104742, 0.0028512494489160746], [-0.005278847180113984, 0.0028512494489160746, 0.015173601164787083]], "chi2_level": 0.95, "chi2_df": 3, "chi2_threshold": 7.814727903251179, "N_raw": 114, "N_roi": 112, "N_inlier": 106, "refit": true}
{"timestamp": "12:55:47.023935", "frame": 87, "mu": [-0.28430586390207685, 0.7517483435634204, -0.2681774152353593], "Sigma": [[0.0027698801035213267, -0.0002965394228914038, 0.020234446299803775], [-0.0002965394228914038, 0.004480109496379646, 0.01140463294028275], [0.020234446299803775, 0.01140463294028275, 0.508086919137909]], "chi2_level": 0.95, "chi2_df": 3, "chi2_threshold": 7.814727903251179, "N_raw": 88, "N_roi": 87, "N_inlier": 81, "refit": true}
{"timestamp": "12:55:47.082401", "frame": 88, "mu": [-0.3017500579129415, 0.862410949691067, -0.38896033762782234], "Sigma": [[0.009654925613123566, -0.001061246018406654, -0.010289543620858953], [-0.0010612460184066539, 0.00483980597577112, 0.0002943953073947261], [-0.010289543620858954, 0.00029439530739472586, 0.016742918873900132]], "chi2_level": 0.95, "chi2_df": 3, "chi2_threshold": 7.814727903251179, "N_raw": 111, "N_roi": 111, "N_inlier": 105, "refit": true}
{"timestamp": "12:55:47.125743", "frame": 89, "mu": [-0.2756310839323376, 0.7076321301174048, 1.2855095027934225], "Sigma": [[0.001671374942874666, -0.0029693331934868977, 0.0004091525747922001], [-0.0029693331934868977, 0.006220556577351854, -0.0015650743069073256], [0.0004091525747922001, -0.0015650743069073256, 0.002920761226870863]], "chi2_level": 0.95, "chi2_df": 3, "chi2_threshold": 7.814727903251179, "N_raw": 31, "N_roi": 31, "N_inlier": 28, "refit": true}
{"timestamp": "12:55:47.191943", "frame": 90, "mu": [-0.36457964422346695, 0.8517961057584483, -0.39298212522920767], "Sigma": [[0.010948105744864602, -0.004433754308210143, -0.011899743919883056], [-0.004433754308210143, 0.006437194213993203, 0.0025899153054016306], [-0.011899743919883056, 0.0025899153054016306, 0.01602608918465158]], "chi2_level": 0.95, "chi2_df": 3, "chi2_threshold": 7.814727903251179, "N_raw": 118, "N_roi": 118, "N_inlier": 114, "refit": true}
{"timestamp": "12:55:47.249019", "frame": 91, "mu": [-0.4044816236554611, 0.7112890106148819, 1.4091031648541108], "Sigma": [[0.011134826660532808, -0.010148989012461286, -0.010534441285651579], [-0.010148989012461286, 0.011731672708623268, 0.009190313463066938], [-0.010534441285651579, 0.00919031346306694, 0.01495418443457936]], "chi2_level": 0.95, "chi2_df": 3, "chi2_threshold": 7.814727903251179, "N_raw": 128, "N_roi": 128, "N_inlier": 114, "refit": true}
{"timestamp": "12:55:47.299589", "frame": 92, "mu": [-0.4626078075599492, 0.7685549446531913, 1.4542415970335794], "Sigma": [[0.005507584462687211, -0.0058501253790003045, -0.004504002404534801], [-0.0058501253790003045, 0.009644709339421612, 0.004601092512366632], [-0.004504002404534801, 0.004601092512366633, 0.011082561548966712]], "chi2_level": 0.95, "chi2_df": 3, "chi2_threshold": 7.814727903251179, "N_raw": 88, "N_roi": 88, "N_inlier": 84, "refit": true}
{"timestamp": "12:55:47.347101", "frame": 93, "mu": [-0.3796934573140186, 0.6534013754753906, 1.351151758684798], "Sigma": [[0.0033001316093158786, -0.003880042768730127, -0.0019269577571463037], [-0.0038800427687301266, 0.006633301653349015, 0.002081729306848076], [-0.0019269577571463037, 0.002081729306848076, 0.0014353573046382913]], "chi2_level": 0.95, "chi2_df": 3, "chi2_threshold": 7.814727903251179, "N_raw": 34, "N_roi": 34, "N_inlier": 28, "refit": true}
{"timestamp": "12:55:47.405936", "frame": 94, "mu": [-0.6087018534031772, 0.7059749571151062, -0.3855411559600119], "Sigma": [[0.06675827336866327, 0.013064979991836714, -0.04833672031493897], [0.013064979991836714, 0.008059518602669602, -0.009008553645393259], [-0.04833672031493898, -0.009008553645393259, 0.038850271126240586]], "chi2_level": 0.95, "chi2_df": 3, "chi2_threshold": 7.814727903251179, "N_raw": 78, "N_roi": 78, "N_inlier": 73, "refit": true}
{"timestamp": "12:55:47.460942", "frame": 95, "mu": [-0.8650217813189907, 0.6115993993352675, 1.6634666871507588], "Sigma": [[0.011024814668965476, 0.0023662589655381533, -0.006028398998728878], [0.002366258965538154, 0.005169500781053985, -0.004040953158182726], [-0.006028398998728878, -0.004040953158182726, 0.007764902440467319]], "chi2_level": 0.95, "chi2_df": 3, "chi2_threshold": 7.814727903251179, "N_raw": 74, "N_roi": 74, "N_inlier": 68, "refit": true}
{"timestamp": "12:55:47.517030", "frame": 96, "mu": [-0.86144493748958, 0.7472122655030284, -0.1694009870697425], "Sigma": [[0.012794489374214431, 0.009295356574393225, -0.007405383853769289], [0.009295356574393225, 0.017718623028231135, -0.010760373975142632], [-0.007405383853769289, -0.010760373975142633, 0.007709733883430835]], "chi2_level": 0.95, "chi2_df": 3, "chi2_threshold": 7.814727903251179, "N_raw": 77, "N_roi": 77, "N_inlier": 74, "refit": true}
{"timestamp": "12:55:47.566991", "frame": 97, "mu": [-0.9467301959288125, 0.6792894090273432, -0.15905007176136107], "Sigma": [[0.005559687358472347, 0.001522618772565398, -0.0011377531809753996], [0.0015226187725653978, 0.004074578801181848, -0.0029789415968955674], [-0.0011377531809753998, -0.0029789415968955674, 0.0025068987295944305]], "chi2_level": 0.95, "chi2_df": 3, "chi2_threshold": 7.814727903251179, "N_raw": 44, "N_roi": 43, "N_inlier": 37, "refit": true}
{"timestamp": "12:55:47.622673", "frame": 98, "mu": [-0.9193333593234758, 0.5853607156716393, 1.5451794424518084], "Sigma": [[0.01608579103671346, 0.003347946437832763, -0.012854134960401628], [0.003347946437832763, 0.00370845606833758, -0.005490209921266192], [-0.012854134960401626, -0.005490209921266192, 0.02591022113183758]], "chi2_level": 0.95, "chi2_df": 3, "chi2_threshold": 7.814727903251179, "N_raw": 46, "N_roi": 46, "N_inlier": 41, "refit": true}
{"timestamp": "12:55:47.679606", "frame": 99, "mu": [-0.8687607434800223, 0.85743744843503, -0.48747036687314915], "Sigma": [[0.03452805730295979, 0.04383873677890551, -0.08245081650697236], [0.04383873677890552, 0.0705423538020491, -0.1256060213013358], [-0.08245081650697236, -0.1256060213013358, 0.23316873136724744]], "chi2_level": 0.95, "chi2_df": 3, "chi2_threshold": 7.814727903251179, "N_raw": 63, "N_roi": 63, "N_inlier": 61, "refit": true}
{"timestamp": "12:55:47.821031", "frame": 100, "mu": [-0.9828045381957934, 0.716111040068862, -0.2367132206559594], "Sigma": [[0.009471567423412921, 0.001562674765560536, -0.004044239749663916], [0.001562674765560536, 0.006263893969158917, -0.004688928531167388], [-0.004044239749663916, -0.004688928531167388, 0.006329853610273759]], "chi2_level": 0.95, "chi2_df": 3, "chi2_threshold": 7.814727903251179, "N_raw": 80, "N_roi": 80, "N_inlier": 68, "refit": true}
{"timestamp": "12:55:47.846961", "frame": 101, "mu": [-0.9201424271950718, 0.6839933988947052, 1.4332169833771362], "Sigma": [[0.0405906651118669, 0.01875850290708165, -0.06612352390820275], [0.01875850290708165, 0.01827592391539755, -0.04133413380419178], [-0.06612352390820275, -0.04133413380419178, 0.12833367319168285]], "chi2_level": 0.95, "chi2_df": 3, "chi2_threshold": 7.814727903251179, "N_raw": 98, "N_roi": 98, "N_inlier": 95, "refit": true}
{"timestamp": "12:55:47.896310", "frame": 102, "mu": [-1.0325300535628428, 0.7259922436156384, -0.28732516274300407], "Sigma": [[0.013397868870523641, 0.0005181575129766131, -0.004347945091263865], [0.0005181575129766132, 0.009724151336022434, -0.0033639442176796744], [-0.004347945091263865, -0.0033639442176796744, 0.006513488238405218]], "chi2_level": 0.95, "chi2_df": 3, "chi2_threshold": 7.814727903251179, "N_raw": 100, "N_roi": 100, "N_inlier": 94, "refit": true}
{"timestamp": "12:55:47.920503", "frame": 103, "mu": [-1.050717906900902, 0.5214136868526673, 1.4284791291748307], "Sigma": [[0.013673699181171709, 0.001470054987888115, -0.0029907737830222993], [0.0014700549878881148, 0.011621412935548322, -0.004795902415881867], [-0.0029907737830222993, -0.004795902415881867, 0.0026884996385104394]], "chi2_level": 0.95, "chi2_df": 3, "chi2_threshold": 7.814727903251179, "N_raw": 107, "N_roi": 107, "N_inlier": 104, "refit": true}
{"timestamp": "12:55:47.959383", "frame": 104, "mu": [-1.119904909594812, 0.6655798105377975, -0.3625663557353972], "Sigma": [[0.014294661471250263, -0.0011940057410728291, -0.00607526392597182], [-0.0011940057410728287, 0.009486604661478633, -0.0010922054237846857], [-0.00607526392597182, -0.0010922054237846855, 0.00669163878204447]], "chi2_level": 0.95, "chi2_df": 3, "chi2_threshold": 7.814727903251179, "N_raw": 93, "N_roi": 93, "N_inlier": 88, "refit": true}
{"timestamp": "12:55:48.012986", "frame": 105, "mu": [-1.1469179735716408, 0.7047881454078587, -0.3746018664894512], "Sigma": [[0.012335314092682374, -0.0012957282672307995, -0.008251605606044944], [-0.001295728267230799, 0.01785938434093276, -0.0019825731848350965], [-0.008251605606044946, -0.0019825731848350965, 0.010385169832090238]], "chi2_level": 0.95, "chi2_df": 3, "chi2_threshold": 7.814727903251179, "N_raw": 78, "N_roi": 78, "N_inlier": 74, "refit": true}
{"timestamp": "12:55:48.068489", "frame": 106, "mu": [-1.1801065333910028, 0.6581259305769985, -0.4283226564307872], "Sigma": [[0.012658877573944285, 0.0012600141936725782, -0.003175411259103072], [0.0012600141936725778, 0.013702561007627201, -0.0012353861269516287], [-0.003175411259103072, -0.0012353861269516287, 0.0017514291337732129]], "chi2_level": 0.95, "chi2_df": 3, "chi2_threshold": 7.814727903251179, "N_raw": 93, "N_roi": 93, "N_inlier": 89, "refit": true}
{"timestamp": "12:55:48.126146", "frame": 107, "mu": [-1.1427186925640898, 0.6627677285873742, 1.2646554874018054], "Sigma": [[0.02785026539886048, 0.027149786255773578, -0.04764672144436309], [0.027149786255773575, 0.059149940801264726, -0.06411846800489152], [-0.04764672144436309, -0.06411846800489152, 0.09769981422755036]], "chi2_level": 0.95, "chi2_df": 3, "chi2_threshold": 7.814727903251179, "N_raw": 96, "N_roi": 96, "N_inlier": 95, "refit": true}
{"timestamp": "12:55:48.179897", "frame": 108, "mu": [-1.2571224027243926, 0.5696059279087855, 1.4128242157623803], "Sigma": [[0.01307715773631408, 0.0024895583759048084, -0.005199374744235568], [0.0024895583759048084, 0.01715462741904799, -0.006522397865127557], [-0.005199374744235569, -0.006522397865127557, 0.004812265073584589]], "chi2_level": 0.95, "chi2_df": 3, "chi2_threshold": 7.814727903251179, "N_raw": 96, "N_roi": 96, "N_inlier": 92, "refit": true}
{"timestamp": "12:55:48.235426", "frame": 109, "mu": [-1.2940360044900534, 0.6592621288179134, 1.4657597241879259], "Sigma": [[0.011590965688907396, -0.0019333387115607224, -0.009096246178690846], [-0.0019333387115607224, 0.018252443694692318, -0.003774959554501995], [-0.009096246178690846, -0.0037749595545019956, 0.011499333521578442]], "chi2_level": 0.95, "chi2_df": 3, "chi2_threshold": 7.814727903251179, "N_raw": 95, "N_roi": 95, "N_inlier": 90, "refit": true}
{"timestamp": "12:55:48.288194", "frame": 110, "mu": [-1.3289768575316365, 0.7209113071887934, 1.389561445040005], "Sigma": [[0.008344645141060859, 0.0019641112236258532, -0.011428536398347247], [0.0019641112236258524, 0.01779111085923778, -0.016383070662216226], [-0.011428536398347247, -0.016383070662216226, 0.045653495396891404]], "chi2_level": 0.95, "chi2_df": 3, "chi2_threshold": 7.814727903251179, "N_raw": 83, "N_roi": 83, "N_inlier": 78, "refit": true}
