{"timestamp": "12:26:29.476326", "frame": 16, "mu": [2.3464678308009566, 4.709402588547782, 0.4546153950490682], "Sigma": [[0.011190725399447514, -0.004318706018030067, 0.011515171975402399], [-0.004318706018030067, 0.003954629396786489, 0.004159030113176761], [0.011515171975402399, 0.004159030113176761, 0.12439880544375717]], "chi2_level": 0.95, "chi2_df": 3, "chi2_threshold": 7.814727903251179, "N_raw": 45, "N_roi": 20, "N_inlier": 19, "refit": true}
{"timestamp": "12:26:29.527869", "frame": 17, "mu": [2.379420593466501, 4.718450099855071, 0.8823433288292313], "Sigma": [[0.007182906400203559, -0.0032798096943219175, -0.002251452685901373], [-0.0032798096943219175, 0.0027892316348018826, -0.0015193952591225869], [-0.0022514526859013736, -0.0015193952591225867, 0.010319120275303769]], "chi2_level": 0.95, "chi2_df": 3, "chi2_threshold": 7.814727903251179, "N_raw": 21, "N_roi": 13, "N_inlier": 11, "refit": true}
{"timestamp": "12:26:29.641986", "frame": 19, "mu": [2.3429660493391884, 4.615549309293404, -1.0154659100690218], "Sigma": [[0.010940634685413966, -0.005646798399389946, -0.004508159917499131], [-0.005646798399389946, 0.003966076344478615, 3.823974934780031e-05], [-0.004508159917499131, 3.823974934780031e-05, 0.012748568673192713]], "chi2_level": 0.95, "chi2_df": 3, "chi2_threshold": 7.814727903251179, "N_raw": 51, "N_roi": 16, "N_inlier": 15, "refit": true}
{"timestamp": "12:26:29.691291", "frame": 20, "mu": [2.2312790469431043, 4.5963377228573625, 0.6552387870377865], "Sigma": [[0.01867958722382377, -0.009339784938437498, -0.004072992803069034], [-0.009339784938437498, 0.0054339223739826555, 0.0006217157461830627], [-0.004072992803069034, 0.0006217157461830625, 0.010476871280399258]], "chi2_level": 0.95, "chi2_df": 3, "chi2_threshold": 7.814727903251179, "N_raw": 20, "N_roi": 19, "N_inlier": 18, "refit": true}
{"timestamp": "12:26:29.746099", "frame": 21, "mu": [2.23896239206564, 4.536042384050437, 1.0224427295875018], "Sigma": [[0.007263429450797155, -0.0028456566457743344, -0.004928066691632088], [-0.0028456566457743344, 0.0031617011833307645, -0.0030424009603654766], [-0.004928066691632088, -0.0030424009603654766, 0.02246457560006303]], "chi2_level": 0.95, "chi2_df": 3, "chi2_threshold": 7.814727903251179, "N_raw": 16, "N_roi": 11, "N_inlier": 11, "refit": true}
{"timestamp": "12:26:29.801856", "frame": 22, "mu": [2.2865299485582145, 4.528599166200635, 0.6433301133406071], "Sigma": [[0.011575877052718054, -0.007268569252953249, -0.004798870195088304], [-0.007268569252953249, 0.0069702962421334695, 0.0006715126438231948], [-0.004798870195088304, 0.0006715126438231948, 0.0072953170861415895]], "chi2_level": 0.95, "chi2_df": 3, "chi2_threshold": 7.814727903251179, "N_raw": 15, "N_roi": 15, "N_inlier": 13, "refit": true}
{"timestamp": "12:26:29.866636", "frame": 23, "mu": [2.220180205748432, 4.471757854196207, 0.7157317893456246], "Sigma": [[0.019986943002477144, -0.008434979282430677, 0.0009165069233649935], [-0.008434979282430677, 0.004973927500493272, -0.0014807645085533946], [0.0009165069233649935, -0.0014807645085533948, 0.0011420680719255048]], "chi2_level": 0.95, "chi2_df": 3, "chi2_threshold": 7.814727903251179, "N_raw": 85, "N_roi": 23, "N_inlier": 20, "refit": true}
{"timestamp": "12:26:29.915106", "frame": 24, "mu": [2.197096338914739, 4.601632708274576, -0.09446463073056387], "Sigma": [[0.013530976497253202, -0.004023847794666691, -0.007136751852332693], [-0.004023847794666691, 0.003191032118618952, 0.0024365875609668897], [-0.007136751852332694, 0.0024365875609668897, 0.005207905522460188]], "chi2_level": 0.95, "chi2_df": 3, "chi2_threshold": 7.814727903251179, "N_raw": 15, "N_roi": 14, "N_inlier": 13, "refit": true}
{"timestamp": "12:26:30.025891", "frame": 26, "mu": [2.09958760399323, 4.2529683835217345, 0.45131188818273976], "Sigma": [[0.020836207858649078, -0.010352621777344246, -0.00792561355421876], [-0.010352621777344246, 0.008123509625240664, 0.004463162666607844], [-0.007925613554218757, 0.004463162666607844, 0.004633025461774052]], "chi2_level": 0.95, "chi2_df": 3, "chi2_threshold": 7.814727903251179, "N_raw": 29, "N_roi": 28, "N_inlier": 26, "refit": true}
{"timestamp": "12:26:30.077950", "frame": 27, "mu": [2.063903303941066, 4.436574133703874, -0.34538937921176777], "Sigma": [[0.012019604654260238, -0.004173585115923673, -0.013615730290354308], [-0.004173585115923674, 0.0026519878730182534, -0.0019710061958092464], [-0.013615730290354308, -0.0019710061958092464, 0.055814047307437185]], "chi2_level": 0.95, "chi2_df": 3, "chi2_threshold": 7.814727903251179, "N_raw": 14, "N_roi": 14, "N_inlier": 13, "refit": true}
{"timestamp": "12:26:30.134860", "frame": 28, "mu": [2.059495958110679, 4.1330388639513345, 0.3888773321539599], "Sigma": [[0.01878994053937379, -0.010223272457697833, -0.0037196060421179475], [-0.010223272457697833, 0.0061282068427239555, 0.00138949129131209], [-0.0037196060421179483, 0.00138949129131209, 0.006475655800774422]], "chi2_level": 0.95, "chi2_df": 3, "chi2_threshold": 7.814727903251179, "N_raw": 22, "N_roi": 22, "N_inlier": 20, "refit": true}
{"timestamp": "12:26:30.187308", "frame": 29, "mu": [1.9920488399598522, 4.160629402193517, 0.6749472384237204], "Sigma": [[0.011174846964504236, -0.006123419429531308, -0.010440729781101608], [-0.006123419429531308, 0.003993621920248251, 0.003646862694745767], [-0.010440729781101608, 0.003646862694745767, 0.023495502372527795]], "chi2_level": 0.95, "chi2_df": 3, "chi2_threshold": 7.814727903251179, "N_raw": 12, "N_roi": 12, "N_inlier": 12, "refit": true}
{"timestamp": "12:26:30.352134", "frame": 32, "mu": [1.8176445360152134, 3.981830095482052, 0.9686022620496461], "Sigma": [[0.009566422203886772, -0.0045867256119566015, -0.012700312673382674], [-0.0045867256119566015, 0.0025937908885185455, 0.0065749848403451015], [-0.012700312673382674, 0.006574984840345101, 0.032353887232865725]], "chi2_level": 0.95, "chi2_df": 3, "chi2_threshold": 7.814727903251179, "N_raw": 11, "N_roi": 11, "N_inlier": 10, "refit": true}
{"timestamp": "12:26:30.410938", "frame": 33, "mu": [1.8886215124424246, 3.88683591721354, 0.6024142200546488], "Sigma": [[0.015450218842696874, -0.01038984464495516, -0.0026023754209773767], [-0.01038984464495516, 0.008474383882149418, -0.0009462807161967318], [-0.0026023754209773767, -0.0009462807161967313, 0.018461624565807425]], "chi2_level": 0.95, "chi2_df": 3, "chi2_threshold": 7.814727903251179, "N_raw": 33, "N_roi": 33, "N_inlier": 32, "refit": true}
{"timestamp": "12:26:30.467080", "frame": 34, "mu": [1.7590395010826412, 3.8996834755480894, 0.7024716803671196], "Sigma": [[0.015201316551557714, -0.007111261898092587, 0.003366760413471154], [-0.007111261898092587, 0.00422309419218955, -0.0035070862997417917], [0.003366760413471154, -0.0035070862997417917, 0.024932012932965868]], "chi2_level": 0.95, "chi2_df": 3, "chi2_threshold": 7.814727903251179, "N_raw": 35, "N_roi": 35, "N_inlier": 34, "refit": true}
{"timestamp": "12:26:30.572458", "frame": 36, "mu": [1.5154265035164984, 3.8893403793374026, 0.5136949155840523], "Sigma": [[0.004095713972272834, -0.0011784310258927072, -0.00013202020389125517], [-0.0011784310258927072, 0.0012839498924831385, -0.0014713947623712438], [-0.00013202020389125517, -0.0014713947623712436, 0.017952229861167738]], "chi2_level": 0.95, "chi2_df": 3, "chi2_threshold": 7.814727903251179, "N_raw": 13, "N_roi": 13, "N_inlier": 12, "refit": true}
{"timestamp": "12:26:30.688146", "frame": 38, "mu": [1.451673704134016, 3.702593024173128, 0.6195224776745407], "Sigma": [[0.012032488907229587, -0.0024030017869898657, 0.01711401189671644], [-0.0024030017869898657, 0.0041010124041755604, 0.01870717291036266], [0.017114011896716436, 0.01870717291036266, 0.2046644707368872]], "chi2_level": 0.95, "chi2_df": 3, "chi2_threshold": 7.814727903251179, "N_raw": 41, "N_roi": 41, "N_inlier": 40, "refit": true}
{"timestamp": "12:26:30.798216", "frame": 40, "mu": [1.277092258557352, 3.632412171072455, 0.35955831190626325], "Sigma": [[0.023049689029208634, -0.006579863786598876, 0.000766450362649152], [-0.006579863786598876, 0.0066510208041719475, -9.895126304353618e-05], [0.0007664503626491521, -9.895126304353607e-05, 0.005701271854178109]], "chi2_level": 0.95, "chi2_df": 3, "chi2_threshold": 7.814727903251179, "N_raw": 49, "N_roi": 49, "N_inlier": 47, "refit": true}
{"timestamp": "12:26:30.851777", "frame": 41, "mu": [1.3609056889320634, 3.548044809297445, 0.6742099925624241], "Sigma": [[0.012279322864169603, -0.00615511740761431, 0.006009150387098728], [-0.006155117407614312, 0.003982844983485892, -0.0019534867108877336], [0.0060091503870987285, -0.0019534867108877336, 0.040498177870823035]], "chi2_level": 0.95, "chi2_df": 3, "chi2_threshold": 7.814727903251179, "N_raw": 34, "N_roi": 34, "N_inlier": 33, "refit": true}
{"timestamp": "12:26:30.911749", "frame": 42, "mu": [1.2880803608548148, 3.542554787570787, 0.7562511576825549], "Sigma": [[0.025483657388428702, -0.013307188205096321, -0.011071435331215053], [-0.013307188205096321, 0.009164988190827698, -0.0011985387956871799], [-0.011071435331215053, -0.0011985387956871799, 0.035307430087881814]], "chi2_level": 0.95, "chi2_df": 3, "chi2_threshold": 7.814727903251179, "N_raw": 71, "N_roi": 71, "N_inlier": 68, "refit": true}
{"timestamp": "12:26:30.967994", "frame": 43, "mu": [1.188498773450387, 3.5839268034514924, 0.7309402918525669], "Sigma": [[0.027615244264095565, -0.018417548506147755, 0.0015679365525772652], [-0.018417548506147755, 0.01708996969792456, -0.009066678685965309], [0.0015679365525772652, -0.009066678685965309, 0.027044798831263817]], "chi2_level": 0.95, "chi2_df": 3, "chi2_threshold": 7.814727903251179, "N_raw": 78, "N_roi": 76, "N_inlier": 73, "refit": true}
{"timestamp": "12:26:31.014976", "frame": 44, "mu": [1.1427520905062503, 3.425131368869291, 0.663262229874986], "Sigma": [[0.010219963532215668, -0.005031081755132482, -0.0025875729615030753], [-0.005031081755132482, 0.004136405392730429, 0.0019164763217569202], [-0.0025875729615030753, 0.0019164763217569202, 0.01644484803247468]], "chi2_level": 0.95, "chi2_df": 3, "chi2_threshold": 7.814727903251179, "N_raw": 25, "N_roi": 25, "N_inlier": 22, "refit": true}
{"timestamp": "12:26:31.067121", "frame": 45, "mu": [1.0797044481721405, 3.371090079913964, 0.5979285576712294], "Sigma": [[0.006051090919932318, -0.0021985925880369404, 0.0016877949506360125], [-0.0021985925880369404, 0.001279476834681779, -0.00044588955687510114], [0.0016877949506360125, -0.0004458895568751012, 0.009138047686706879]], "chi2_level": 0.95, "chi2_df": 3, "chi2_threshold": 7.814727903251179, "N_raw": 14, "N_roi": 14, "N_inlier": 12, "refit": true}
{"timestamp": "12:26:31.124908", "frame": 46, "mu": [1.1082762769681898, 3.46234608775001, -0.7382169419680157], "Sigma": [[0.015635151479391887, 0.0068823148901223236, 0.043708087573642515], [0.0068823148901223236, 0.0069538339089395525, 0.030631709268532727], [0.043708087573642515, 0.030631709268532724, 0.19684446641442718]], "chi2_level": 0.95, "chi2_df": 3, "chi2_threshold": 7.814727903251179, "N_raw": 32, "N_roi": 32, "N_inlier": 30, "refit": true}
{"timestamp": "12:26:31.184478", "frame": 47, "mu": [1.068218989973498, 3.2907942305467066, -1.2020821850916552], "Sigma": [[0.02112624561917569, 0.0021707279907244308, 0.023084270851882107], [0.0021707279907244308, 0.007878206941675608, 0.015263456909465775], [0.023084270851882107, 0.015263456909465775, 0.09851912843528687]], "chi2_level": 0.95, "chi2_df": 3, "chi2_threshold": 7.814727903251179, "N_raw": 62, "N_roi": 62, "N_inlier": 61, "refit": true}
{"timestamp": "12:26:31.240083", "frame": 48, "mu": [1.0421115199493185, 3.4085778690162023, -0.7023651581451548], "Sigma": [[0.02133718415130553, -0.0071491135817301635, -0.008490194369887159], [-0.0071491135817301635, 0.00694675687572944, -0.0006355343326858266], [-0.008490194369887159, -0.0006355343326858267, 0.00897547949334984]], "chi2_level": 0.95, "chi2_df": 3, "chi2_threshold": 7.814727903251179, "N_raw": 62, "N_roi": 62, "N_inlier": 57, "refit": true}
{"timestamp": "12:26:31.297561", "frame": 49, "mu": [1.0051577551422703, 3.0716745820427587, 0.5922399082519374], "Sigma": [[0.023318462858507916, -0.009865328108829218, -0.0062040549799386585], [-0.00986532810882922, 0.005805997153386818, -0.0014398616304468837], [-0.0062040549799386585, -0.0014398616304468837, 0.0245690055871964]], "chi2_level": 0.95, "chi2_df": 3, "chi2_threshold": 7.814727903251179, "N_raw": 73, "N_roi": 73, "N_inlier": 72, "refit": true}
{"timestamp": "12:26:31.352984", "frame": 50, "mu": [0.908629412360825, 3.0095093700955875, 0.5022086864016896], "Sigma": [[0.026693168154874245, -0.009826737751586828, -0.011327061748429982], [-0.009826737751586828, 0.011856260786254335, 0.0037631288448574086], [-0.011327061748429984, 0.0037631288448574086, 0.006180417103975956]], "chi2_level": 0.95, "chi2_df": 3, "chi2_threshold": 7.814727903251179, "N_raw": 79, "N_roi": 79, "N_inlier": 75, "refit": true}
{"timestamp": "12:26:31.404586", "frame": 51, "mu": [0.7618358580361518, 3.0799114391275912, 0.7029153740091457], "Sigma": [[0.02476731224095558, -0.020445772411911478, -0.014676210334899766], [-0.020445772411911478, 0.02584349439341169, 0.011344565074345624], [-0.014676210334899768, 0.011344565074345624, 0.017145077048227562]], "chi2_level": 0.95, "chi2_df": 3, "chi2_threshold": 7.814727903251179, "N_raw": 48, "N_roi": 48, "N_inlier": 44, "refit": true}
{"timestamp": "12:26:31.462752", "frame": 52, "mu": [0.665663177926195, 3.094243575073282, 0.9647316088704887], "Sigma": [[0.017451114432430945, -0.011386912122782984, -0.011447958602591974], [-0.011386912122782984, 0.016779104104223303, -0.004686072625071845], [-0.011447958602591974, -0.004686072625071845, 0.04500773474763811]], "chi2_level": 0.95, "chi2_df": 3, "chi2_threshold": 7.814727903251179, "N_raw": 81, "N_roi": 81, "N_inlier": 80, "refit": true}
{"timestamp": "12:26:31.516143", "frame": 53, "mu": [0.7946058177363065, 3.066139739889319, -0.34190220688604434], "Sigma": [[0.01784055752370623, -0.004707458360864291, -0.01630370943429113], [-0.004707458360864291, 0.005624353481253191, -3.9974889570994795e-05], [-0.01630370943429113, -3.9974889570994795e-05, 0.023176303832694714]], "chi2_level": 0.95, "chi2_df": 3, "chi2_threshold": 7.814727903251179, "N_raw": 60, "N_roi": 60, "N_inlier": 57, "refit": true}
{"timestamp": "12:26:31.568239", "frame": 54, "mu": [0.6064416057148138, 2.9217391406194233, 0.7391600028305803], "Sigma": [[0.017256414890418976, -0.013135629650660629, 0.010832964675954822], [-0.013135629650660629, 0.014535271171413318, -0.007555854135095071], [0.010832964675954822, -0.007555854135095071, 0.0170896018456]], "chi2_level": 0.95, "chi2_df": 3, "chi2_threshold": 7.814727903251179, "N_raw": 44, "N_roi": 43, "N_inlier": 40, "refit": true}
{"timestamp": "12:26:31.624682", "frame": 55, "mu": [0.49178611020168483, 2.946412324918351, 1.1934118142294172], "Sigma": [[0.014589605278998987, -0.0028643513757608393, -0.01098235857454047], [-0.0028643513757608393, 0.0027293867889647654, -0.00037119300360774265], [-0.010982358574540472, -0.00037119300360774265, 0.02688502553918328]], "chi2_level": 0.95, "chi2_df": 3, "chi2_threshold": 7.814727903251179, "N_raw": 55, "N_roi": 55, "N_inlier": 54, "refit": true}
{"timestamp": "12:26:31.674610", "frame": 56, "mu": [0.5086304777433868, 2.8535549515845924, 0.8754915328106384], "Sigma": [[0.0031069391969029726, 0.0005012996035184874, -0.0009474612499886154], [0.0005012996035184874, 0.001280914748604981, -0.004597307264435499], [-0.0009474612499886154, -0.004597307264435498, 0.028728047810825746]], "chi2_level": 0.95, "chi2_df": 3, "chi2_threshold": 7.814727903251179, "N_raw": 16, "N_roi": 13, "N_inlier": 11, "refit": true}
{"timestamp": "12:26:31.734543", "frame": 57, "mu": [0.4135502298116486, 2.841158492710567, 1.152860080348628], "Sigma": [[0.013442037291764781, -0.0020688423825065937, -0.010445921753406568], [-0.0020688423825065937, 0.0033594544296649447, -0.00048026344596646946], [-0.010445921753406568, -0.0004802634459664696, 0.012979587847618176]], "chi2_level": 0.95, "chi2_df": 3, "chi2_threshold": 7.814727903251179, "N_raw": 60, "N_roi": 57, "N_inlier": 52, "refit": true}
{"timestamp": "12:26:31.794545", "frame": 58, "mu": [0.29871118641299765, 2.777638170179393, 0.9118894780337016], "Sigma": [[0.013173089424919113, -0.0021327324757397636, 0.011036638180678234], [-0.0021327324757397636, 0.004045682742265431, -0.004356652141399177], [0.011036638180678232, -0.004356652141399177, 0.15042312910971634]], "chi2_level": 0.95, "chi2_df": 3, "chi2_threshold": 7.814727903251179, "N_raw": 83, "N_roi": 78, "N_inlier": 77, "refit": true}
{"timestamp": "12:26:31.850562", "frame": 59, "mu": [0.1971230366047344, 2.734468606382172, 0.8370527944214841], "Sigma": [[0.010340004620986549, -0.0026918419322908933, 0.0044271781147582805], [-0.0026918419322908933, 0.0033112845100015057, -0.0046015097771948225], [0.0044271781147582805, -0.004601509777194821, 0.14521544105014791]], "chi2_level": 0.95, "chi2_df": 3, "chi2_threshold": 7.814727903251179, "N_raw": 91, "N_roi": 88, "N_inlier": 87, "refit": true}
{"timestamp": "12:26:31.898158", "frame": 60, "mu": [0.19121879815990567, 2.6727401768483623, 1.275507205029891], "Sigma": [[0.0084211709409537, -0.0009229514109425846, -0.005433070926056782], [-0.0009229514109425845, 0.0032546677673937277, 0.0012973581708476856], [-0.0054330709260567815, 0.0012973581708476856, 0.004979976665042847]], "chi2_level": 0.95, "chi2_df": 3, "chi2_threshold": 7.814727903251179, "N_raw": 38, "N_roi": 38, "N_inlier": 34, "refit": true}
{"timestamp": "12:26:31.961465", "frame": 61, "mu": [0.1912117973928979, 2.615731630858353, 1.116196268333326], "Sigma": [[0.015527839530607398, -0.0048738971765826256, -0.019825500140720292], [-0.0048738971765826256, 0.0046586256702912604, 0.002918293212118156], [-0.019825500140720292, 0.0029182932121181566, 0.060115778691447866]], "chi2_level": 0.95, "chi2_df": 3, "chi2_threshold": 7.814727903251179, "N_raw": 93, "N_roi": 90, "N_inlier": 84, "refit": true}
{"timestamp": "12:26:32.011687", "frame": 62, "mu": [0.12165384737992992, 2.5783587585060834, 1.2437700318680913], "Sigma": [[0.013435934703483298, -0.003665388237035162, -0.01208456353590096], [-0.003665388237035162, 0.005490401715982223, 0.0031145778876738735], [-0.01208456353590096, 0.0031145778876738735, 0.015108429869283178]], "chi2_level": 0.95, "chi2_df": 3, "chi2_threshold": 7.814727903251179, "N_raw": 65, "N_roi": 65, "N_inlier": 59, "refit": true}
{"timestamp": "12:26:32.070788", "frame": 63, "mu": [0.10176246641618564, 2.56832990902535, 1.0715727881477666], "Sigma": [[0.016492897956835725, -0.006962185492100733, 0.0020769736178234137], [-0.006962185492100733, 0.006403781182769128, -0.008755955625221027], [0.0020769736178234137, -0.008755955625221027, 0.027231577641784865]], "chi2_level": 0.95, "chi2_df": 3, "chi2_threshold": 7.814727903251179, "N_raw": 89, "N_roi": 89, "N_inlier": 85, "refit": true}
{"timestamp": "12:26:32.125709", "frame": 64, "mu": [0.023866184488093155, 2.5209378048569944, 1.0061774371362824], "Sigma": [[0.025531696887707227, -0.008113999847807668, 0.01358906927686843], [-0.008113999847807668, 0.006684431780085281, -0.011224592801146384], [0.01358906927686843, -0.011224592801146384, 0.025037051665527783]], "chi2_level": 0.95, "chi2_df": 3, "chi2_threshold": 7.814727903251179, "N_raw": 91, "N_roi": 91, "N_inlier": 88, "refit": true}
{"timestamp": "12:26:32.180166", "frame": 65, "mu": [-0.015902300157521983, 2.457152885289557, 1.026801618905628], "Sigma": [[0.014538489828055253, -0.004359021231475902, -0.019963969686004064], [-0.004359021231475902, 0.002781301011484264, 0.0028190395841255337], [-0.01996396968600406, 0.002819039584125534, 0.060450025574734736]], "chi2_level": 0.95, "chi2_df": 3, "chi2_threshold": 7.814727903251179, "N_raw": 83, "N_roi": 83, "N_inlier": 79, "refit": true}
{"timestamp": "12:26:32.236191", "frame": 66, "mu": [-0.07644549042038534, 2.4284043637841526, 1.0940621044176515], "Sigma": [[0.015980657195170486, -0.00223997516706522, -0.025517110006785387], [-0.0022399751670652206, 0.0021264412245239044, 0.004078718222020898], [-0.025517110006785384, 0.004078718222020898, 0.09709089223506598]], "chi2_level": 0.95, "chi2_df": 3, "chi2_threshold": 7.814727903251179, "N_raw": 90, "N_roi": 90, "N_inlier": 86, "refit": true}
{"timestamp": "12:26:32.290375", "frame": 67, "mu": [-0.06508758945123265, 2.389270889488901, 0.8470019719220997], "Sigma": [[0.013771959367490655, 0.0006232740571770642, -0.05137093937161419], [0.0006232740571770641, 0.002809060574628384, -0.013365687387926768], [-0.05137093937161419, -0.013365687387926768, 0.42076252123161384]], "chi2_level": 0.95, "chi2_df": 3, "chi2_threshold": 7.814727903251179, "N_raw": 83, "N_roi": 79, "N_inlier": 77, "refit": true}
{"timestamp": "12:26:32.340837", "frame": 68, "mu": [-0.1907191722696658, 2.2873717422016533, 1.2107765986559265], "Sigma": [[0.0188781738731876, -0.004073229918901487, -0.03220713555733665], [-0.004073229918901487, 0.0036153075650915906, 0.009088658960255954], [-0.03220713555733665, 0.009088658960255954, 0.07904774553303696]], "chi2_level": 0.95, "chi2_df": 3, "chi2_threshold": 7.814727903251179, "N_raw": 56, "N_roi": 56, "N_inlier": 51, "refit": true}
{"timestamp": "12:26:32.397806", "frame": 69, "mu": [-0.26877520776505776, 2.4041016440796366, -0.2500900620525808], "Sigma": [[0.017800235973622378, -0.0015281654251073765, -0.009187308795236427], [-0.0015281654251073765, 0.016610498782941567, -0.03450235047503077], [-0.009187308795236427, -0.03450235047503077, 0.09342648985666986]], "chi2_level": 0.95, "chi2_df": 3, "chi2_threshold": 7.814727903251179, "N_raw": 71, "N_roi": 70, "N_inlier": 65, "refit": true}
{"timestamp": "12:26:32.457923", "frame": 70, "mu": [-0.38400466350716894, 2.2193471069308224, 1.1125676702202747], "Sigma": [[0.02817317436543683, -0.01141703527138116, 0.004024939764827249], [-0.01141703527138116, 0.008848486158717259, -0.010265067258679723], [0.004024939764827248, -0.010265067258679721, 0.062007130288923566]], "chi2_level": 0.95, "chi2_df": 3, "chi2_threshold": 7.814727903251179, "N_raw": 103, "N_roi": 100, "N_inlier": 94, "refit": true}
{"timestamp": "12:26:32.511522", "frame": 71, "mu": [-0.32276321068436803, 2.1091328201230373, 1.0562463378469213], "Sigma": [[0.009235621313328925, -0.001565333081728789, -0.010967619595764224], [-0.001565333081728789, 0.0016627262885687375, 0.0006103682638870121], [-0.010967619595764224, 0.0006103682638870122, 0.05240978431649528]], "chi2_level": 0.95, "chi2_df": 3, "chi2_threshold": 7.814727903251179, "N_raw": 86, "N_roi": 83, "N_inlier": 75, "refit": true}
{"timestamp": "12:26:32.564765", "frame": 72, "mu": [-0.3800928604133308, 2.0412515020945814, 1.0845423247371908], "Sigma": [[0.010825374061807053, -0.0017413518200572894, -0.021300031598172717], [-0.0017413518200572894, 0.0015223657208519835, 0.0019298667678231984], [-0.021300031598172717, 0.0019298667678231984, 0.07373721149620573]], "chi2_level": 0.95, "chi2_df": 3, "chi2_threshold": 7.814727903251179, "N_raw": 86, "N_roi": 86, "N_inlier": 78, "refit": true}
{"timestamp": "12:26:32.614795", "frame": 73, "mu": [-0.5075280319930798, 2.0417791482749097, -0.5417999980998629], "Sigma": [[0.007756951685196282, 0.0010236080363373236, 0.006903196734134197], [0.0010236080363373236, 0.0049802131369288995, 0.004596401166794707], [0.006903196734134197, 0.004596401166794707, 0.02728258618155526]], "chi2_level": 0.95, "chi2_df": 3, "chi2_threshold": 7.814727903251179, "N_raw": 54, "N_roi": 54, "N_inlier": 49, "refit": true}
{"timestamp": "12:26:32.670150", "frame": 74, "mu": [-0.46231073488271707, 1.9628341862105056, 1.2013814056987298], "Sigma": [[0.008206253103610292, -0.0032751328331728684, -0.012125221182394697], [-0.0032751328331728684, 0.004283113183077309, 0.005220218998163106], [-0.012125221182394697, 0.005220218998163106, 0.03321343591672819]], "chi2_level": 0.95, "chi2_df": 3, "chi2_threshold": 7.814727903251179, "N_raw": 59, "N_roi": 59, "N_inlier": 55, "refit": true}
{"timestamp": "12:26:32.824652", "frame": 75, "mu": [-0.5166991429281613, 1.8854814880444255, 1.212877254521942], "Sigma": [[0.01086188012603344, -0.006989235002987763, -0.014663123533980253], [-0.006989235002987763, 0.009645616804762959, 0.005619926886845305], [-0.014663123533980253, 0.005619926886845305, 0.02494488708505878]], "chi2_level": 0.95, "chi2_df": 3, "chi2_threshold": 7.814727903251179, "N_raw": 86, "N_roi": 86, "N_inlier": 82, "refit": true}
{"timestamp": "12:26:32.834845", "frame": 76, "mu": [-0.5687340021886947, 1.9748742675680082, -0.4226899351463533], "Sigma": [[0.021791014051867376, -0.009852585737590486, 0.006936566034848309], [-0.009852585737590486, 0.012607998429974973, -0.02015033726393659], [0.006936566034848309, -0.02015033726393659, 0.0726153001509465]], "chi2_level": 0.95, "chi2_df": 3, "chi2_threshold": 7.814727903251179, "N_raw": 110, "N_roi": 110, "N_inlier": 105, "refit": true}
{"timestamp": "12:26:32.869809", "frame": 77, "mu": [-0.4699743275989903, 1.6652271620443724, 1.0840449855459688], "Sigma": [[0.006119558729603237, 0.002228109549235745, -0.0010983314272868254], [0.0022281095492357452, 0.0021594700240191627, -0.0021810778365653994], [-0.0010983314272868254, -0.0021810778365653994, 0.00341364543208813]], "chi2_level": 0.95, "chi2_df": 3, "chi2_threshold": 7.814727903251179, "N_raw": 44, "N_roi": 44, "N_inlier": 39, "refit": true}
{"timestamp": "12:26:32.902723", "frame": 78, "mu": [-0.7379072287783268, 1.7134623638131292, 1.2685777579875763], "Sigma": [[0.00944672582802712, -0.0036987340633186827, -0.015171364922791652], [-0.0036987340633186827, 0.006288414907809414, 0.0032571285444795094], [-0.015171364922791652, 0.0032571285444795094, 0.034020309587914264]], "chi2_level": 0.95, "chi2_df": 3, "chi2_threshold": 7.814727903251179, "N_raw": 69, "N_roi": 69, "N_inlier": 65, "refit": true}
{"timestamp": "12:26:32.939853", "frame": 79, "mu": [-0.7514691460895759, 1.6159836756728188, 0.773203203482562], "Sigma": [[0.0011604972922018952, -0.0011084594687644854, -0.006481703868526095], [-0.0011084594687644856, 0.019121451859556996, -0.03534012531834063], [-0.006481703868526096, -0.035340125318340625, 0.3945646530583708]], "chi2_level": 0.95, "chi2_df": 3, "chi2_threshold": 7.814727903251179, "N_raw": 15, "N_roi": 14, "N_inlier": 13, "refit": true}
{"timestamp": "12:26:32.998219", "frame": 80, "mu": [-0.7703300848192858, 1.6263391631258408, 1.1879656912481722], "Sigma": [[0.004004493566190597, -0.0008426467010030161, -0.002665171691116938], [-0.0008426467010030159, 0.0048301160725411525, 0.0010903617611128255], [-0.002665171691116938, 0.0010903617611128255, 0.014975030727104545]], "chi2_level": 0.95, "chi2_df": 3, "chi2_threshold": 7.814727903251179, "N_raw": 45, "N_roi": 45, "N_inlier": 38, "refit": true}
{"timestamp": "12:26:33.056496", "frame": 81, "mu": [-0.8527194525578706, 1.6333691024429051, -0.6735430906632482], "Sigma": [[0.009663529703206164, -6.636596456783898e-05, 0.0029286204508775096], [-6.636596456783899e-05, 0.008130917951476893, 0.005510342621050248], [0.0029286204508775088, 0.005510342621050248, 0.01640851451816665]], "chi2_level": 0.95, "chi2_df": 3, "chi2_threshold": 7.814727903251179, "N_raw": 67, "N_roi": 67, "N_inlier": 65, "refit": true}
{"timestamp": "12:26:33.108270", "frame": 82, "mu": [-0.9564249745176384, 1.5546172683964525, 1.3233705721903122], "Sigma": [[0.006405677172741658, -0.002503709044065481, -0.004361870989986121], [-0.0025037090440654807, 0.004324789056901458, 0.0005353325240907913], [-0.004361870989986121, 0.0005353325240907913, 0.0070591018216495174]], "chi2_level": 0.95, "chi2_df": 3, "chi2_threshold": 7.814727903251179, "N_raw": 45, "N_roi": 44, "N_inlier": 40, "refit": true}
{"timestamp": "12:26:33.163953", "frame": 83, "mu": [-1.0163903435406376, 1.534812874453552, 1.4009998390073988], "Sigma": [[0.005732192763930928, -0.0006952397160878332, -0.0035180696808843623], [-0.0006952397160878333, 0.004536692014527552, -0.001952728818932849], [-0.0035180696808843623, -0.0019527288189328488, 0.003712161695630783]], "chi2_level": 0.95, "chi2_df": 3, "chi2_threshold": 7.814727903251179, "N_raw": 50, "N_roi": 49, "N_inlier": 47, "refit": true}
{"timestamp": "12:26:33.213779", "frame": 84, "mu": [-1.0587483885125837, 1.5092605773357373, 1.2165520835293673], "Sigma": [[0.02024736090273746, -0.0023413627281508777, 0.03034880645582459], [-0.0023413627281508777, 0.002592869807518912, 0.0007762114006171111], [0.030348806455824585, 0.0007762114006171114, 0.06345578531739872]], "chi2_level": 0.95, "chi2_df": 3, "chi2_threshold": 7.814727903251179, "N_raw": 13, "N_roi": 13, "N_inlier": 12, "refit": true}
{"timestamp": "12:26:33.276676", "frame": 85, "mu": [-1.343769107426153, 1.2917114040068516, 1.6565147282250487], "Sigma": [[0.03223942734177382, 0.021004033479302422, -0.021339816201394905], [0.021004033479302422, 0.01817307047464515, -0.01748554484050909], [-0.021339816201394905, -0.01748554484050909, 0.019340670263456292]], "chi2_level": 0.95, "chi2_df": 3, "chi2_threshold": 7.814727903251179, "N_raw": 77, "N_roi": 77, "N_inlier": 75, "refit": true}
{"timestamp": "12:26:33.329522", "frame": 86, "mu": [-1.5034991154143977, 1.1177970087676996, 1.749096964019661], "Sigma": [[0.026705210687494388, 0.013965435765022696, -0.020868355482220283], [0.013965435765022696, 0.0149620097292758, -0.015667349760389575], [-0.020868355482220283, -0.015667349760389575, 0.021657275821567686]], "chi2_level": 0.95, "chi2_df": 3, "chi2_threshold": 7.814727903251179, "N_raw": 50, "N_roi": 50, "N_inlier": 46, "refit": true}
{"timestamp": "12:26:33.386565", "frame": 87, "mu": [-1.5015914622839794, 1.1080210091601326, 1.6545497815970682], "Sigma": [[0.014421409828673742, 0.008612324375368127, -0.011896219779943179], [0.008612324375368127, 0.011061111727615246, -0.010050333028005926], [-0.011896219779943179, -0.010050333028005926, 0.012607157702726428]], "chi2_level": 0.95, "chi2_df": 3, "chi2_threshold": 7.814727903251179, "N_raw": 64, "N_roi": 64, "N_inlier": 58, "refit": true}
{"timestamp": "12:26:33.437235", "frame": 88, "mu": [-1.2742676004305786, 1.1497115649013558, 1.3953021097736014], "Sigma": [[0.03764699906687954, 0.011795016338349493, -0.03521814182794068], [0.011795016338349493, 0.005924719929889293, -0.012569545961789457], [-0.03521814182794068, -0.012569545961789457, 0.036397064875088495]], "chi2_level": 0.95, "chi2_df": 3, "chi2_threshold": 7.814727903251179, "N_raw": 42, "N_roi": 42, "N_inlier": 40, "refit": true}
{"timestamp": "12:26:33.497422", "frame": 89, "mu": [-1.475566470604585, 1.0612132027611256, 1.4402198580478822], "Sigma": [[0.048220572029038886, 0.0038743387217210455, 0.010130217075445282], [0.003874338721721045, 0.006484732941755586, -0.010941622971289401], [0.010130217075445284, -0.010941622971289401, 0.05810202468125017]], "chi2_level": 0.95, "chi2_df": 3, "chi2_threshold": 7.814727903251179, "N_raw": 70, "N_roi": 70, "N_inlier": 67, "refit": true}
{"timestamp": "12:26:33.553246", "frame": 90, "mu": [-1.425530823229417, 0.9863886960856707, 1.3485136255048062], "Sigma": [[0.03317178246682059, 0.0041847468904415795, 0.0031985739651320547], [0.0041847468904415795, 0.008628042409596953, -0.007631660967105794], [0.0031985739651320547, -0.007631660967105794, 0.022978231484223954]], "chi2_level": 0.95, "chi2_df": 3, "chi2_threshold": 7.814727903251179, "N_raw": 76, "N_roi": 76, "N_inlier": 68, "refit": true}
{"timestamp": "12:26:33.609199", "frame": 91, "mu": [-1.4606963971573603, 0.9122621122646499, 1.366630791997069], "Sigma": [[0.01349296154945505, 0.006125284878382988, -0.005861439539885367], [0.006125284878382988, 0.007863946490656712, -0.007201456915019787], [-0.005861439539885367, -0.007201456915019787, 0.011751960312932427]], "chi2_level": 0.95, "chi2_df": 3, "chi2_threshold": 7.814727903251179, "N_raw": 78, "N_roi": 77, "N_inlier": 74, "refit": true}
{"timestamp": "12:26:33.659685", "frame": 92, "mu": [-1.4773741218970506, 0.9041366715337457, 1.296920848250357], "Sigma": [[0.005813061940236642, 0.0047079345237029035, -0.009502160956817832], [0.004707934523702904, 0.005747427073836414, -0.008805388560621939], [-0.009502160956817832, -0.008805388560621939, 0.01950392681932458]], "chi2_level": 0.95, "chi2_df": 3, "chi2_threshold": 7.814727903251179, "N_raw": 18, "N_roi": 18, "N_inlier": 17, "refit": true}
{"timestamp": "12:26:33.714091", "frame": 93, "mu": [-1.4818535218678357, 0.7575934060235132, 1.340426073058136], "Sigma": [[0.009461012145070084, 0.0027571001890843603, -0.006233975304776545], [0.0027571001890843603, 0.008849012741028403, -0.0039512725790930864], [-0.006233975304776546, -0.0039512725790930864, 0.005078868567985448]], "chi2_level": 0.95, "chi2_df": 3, "chi2_threshold": 7.814727903251179, "N_raw": 54, "N_roi": 54, "N_inlier": 51, "refit": true}
{"timestamp": "12:26:33.768618", "frame": 94, "mu": [-1.582695756893286, 0.7841236971443257, 1.3751883387111656], "Sigma": [[0.005058652255709646, 0.0021928104947337786, -5.0936934826466143e-05], [0.0021928104947337786, 0.005284786219957008, -0.0037406647947340714], [-5.093693482646636e-05, -0.0037406647947340714, 0.010103691128036303]], "chi2_level": 0.95, "chi2_df": 3, "chi2_threshold": 7.814727903251179, "N_raw": 45, "N_roi": 45, "N_inlier": 41, "refit": true}
{"timestamp": "12:26:33.823254", "frame": 95, "mu": [-1.5692308123826224, 0.7211071125821826, 1.302320479916722], "Sigma": [[0.005319551878946921, 0.0017971113092429152, -0.00114997583395528], [0.0017971113092429152, 0.0061376222015600635, -0.0035479824455830348], [-0.00114997583395528, -0.003547982445583035, 0.005122323251227983]], "chi2_level": 0.95, "chi2_df": 3, "chi2_threshold": 7.814727903251179, "N_raw": 44, "N_roi": 44, "N_inlier": 39, "refit": true}
{"timestamp": "12:26:33.878867", "frame": 96, "mu": [-1.61495654038222, 0.6621272068740536, 1.2660285487383331], "Sigma": [[0.007173667902901452, 0.00459547302225197, 0.0020212557406855225], [0.00459547302225197, 0.006932113842407402, -0.0019622992538836617], [0.0020212557406855225, -0.0019622992538836617, 0.011412055983142303]], "chi2_level": 0.95, "chi2_df": 3, "chi2_threshold": 7.814727903251179, "N_raw": 50, "N_roi": 50, "N_inlier": 48, "refit": true}
{"timestamp": "12:26:33.987679", "frame": 98, "mu": [-1.649106358418815, 0.6620528768865664, 1.3351815478802813], "Sigma": [[0.006561224710897695, 0.002443555618141763, -0.002507865343880176], [0.002443555618141763, 0.011474041111878873, -0.005845847882763351], [-0.002507865343880176, -0.005845847882763351, 0.003849857589615165]], "chi2_level": 0.95, "chi2_df": 3, "chi2_threshold": 7.814727903251179, "N_raw": 44, "N_roi": 44, "N_inlier": 44, "refit": true}
