{"timestamp": "12:11:08.189547", "frame": 1, "mu": [1.209152818382035, 2.1184287177343744, -0.456576434963014], "Sigma": [[0.013523303164583644, 0.004134462234365406, 0.008610499367678028], [0.004134462234365406, 0.00637773202407644, -0.000646584643615533], [0.008610499367678028, -0.0006465846436155333, 0.04624029737976561]], "chi2_level": 0.95, "chi2_df": 3, "chi2_threshold": 7.814727903251179, "N_raw": 69, "N_roi": 69, "N_inlier": 66, "refit": true}
{"timestamp": "12:11:08.248468", "frame": 2, "mu": [1.2357400984282159, 2.0851564072933306, 1.3390131385635446], "Sigma": [[0.019613341582578166, -0.003067840684476921, -0.017722865233376045], [-0.003067840684476921, 0.0069521394765549435, -0.002630818034488418], [-0.01772286523337605, -0.002630818034488418, 0.023792814703570475]], "chi2_level": 0.95, "chi2_df": 3, "chi2_threshold": 7.814727903251179, "N_raw": 96, "N_roi": 95, "N_inlier": 93, "refit": true}
{"timestamp": "12:11:08.306850", "frame": 3, "mu": [1.2438710984531227, 2.085856673170988, 1.2507915609212015], "Sigma": [[0.014548486826147688, -0.0019503088160143431, -0.023215885610185855], [-0.0019503088160143431, 0.006995858635328631, -0.003867578899984423], [-0.023215885610185855, -0.0038675788999844233, 0.08682863336352946]], "chi2_level": 0.95, "chi2_df": 3, "chi2_threshold": 7.814727903251179, "N_raw": 103, "N_roi": 103, "N_inlier": 102, "refit": true}
{"timestamp": "12:11:08.363216", "frame": 4, "mu": [1.2488555800083747, 2.171825232613418, -0.24867778169169902], "Sigma": [[0.016124401183328037, 0.0008668390797019114, -0.02872430124575125], [0.0008668390797019114, 0.013349560411493723, -0.006087064670020324], [-0.028724301245751253, -0.006087064670020324, 0.1004501506454426]], "chi2_level": 0.95, "chi2_df": 3, "chi2_threshold": 7.814727903251179, "N_raw": 104, "N_roi": 104, "N_inlier": 100, "refit": true}
{"timestamp": "12:11:08.418404", "frame": 5, "mu": [1.2851043982823698, 2.0336984915022307, 1.2054251452275335], "Sigma": [[0.01764145895864578, -0.00566550266396189, -0.028754151151831872], [-0.00566550266396189, 0.0056102606370633, 0.007952301513896375], [-0.028754151151831872, 0.007952301513896375, 0.1002459669382568]], "chi2_level": 0.95, "chi2_df": 3, "chi2_threshold": 7.814727903251179, "N_raw": 104, "N_roi": 104, "N_inlier": 100, "refit": true}
{"timestamp": "12:11:08.472806", "frame": 6, "mu": [1.2443774227238593, 2.106566729148153, -0.2178290056253822], "Sigma": [[0.017437212113096796, -0.0009888335137991358, -0.02760337793120178], [-0.0009888335137991358, 0.012674555939254215, 0.006611388125646996], [-0.02760337793120178, 0.006611388125646996, 0.0856497355810805]], "chi2_level": 0.95, "chi2_df": 3, "chi2_threshold": 7.814727903251179, "N_raw": 102, "N_roi": 102, "N_inlier": 95, "refit": true}
{"timestamp": "12:11:08.517763", "frame": 7, "mu": [1.2792242102690892, 2.066561048094811, 0.8539067277287195], "Sigma": [[0.007318301508025189, -0.003524652412341303, -0.007686508150925245], [-0.0035246524123413035, 0.003759215129491392, -0.003067564158348264], [-0.007686508150925245, -0.0030675641583482634, 0.05279745340106513]], "chi2_level": 0.95, "chi2_df": 3, "chi2_threshold": 7.814727903251179, "N_raw": 33, "N_roi": 33, "N_inlier": 31, "refit": true}
{"timestamp": "12:11:08.572831", "frame": 8, "mu": [1.293599212069255, 2.0444677621252025, 1.2351433010398567], "Sigma": [[0.006874322236112821, -0.00290037252736552, -0.006317940044191707], [-0.00290037252736552, 0.003197344761135439, -0.0012993225248847404], [-0.006317940044191707, -0.0012993225248847406, 0.015608247012944346]], "chi2_level": 0.95, "chi2_df": 3, "chi2_threshold": 7.814727903251179, "N_raw": 42, "N_roi": 42, "N_inlier": 38, "refit": true}
{"timestamp": "12:11:08.637231", "frame": 9, "mu": [1.2159757570331486, 1.9944012414868308, 1.3563961717337474], "Sigma": [[0.014050819738499072, -0.003235441992718931, -0.013604179018625668], [-0.003235441992718931, 0.0056998936528539984, -0.002795906903192413], [-0.013604179018625668, -0.002795906903192413, 0.025686323938994438]], "chi2_level": 0.95, "chi2_df": 3, "chi2_threshold": 7.814727903251179, "N_raw": 85, "N_roi": 85, "N_inlier": 82, "refit": true}
{"timestamp": "12:11:08.688075", "frame": 10, "mu": [1.2682323098999466, 2.122884295681088, -0.1931414637208839], "Sigma": [[0.009248027482761038, -0.0013283479604870145, 0.00022207648870848577], [-0.0013283479604870143, 0.012373584240501766, -0.036726972888801744], [0.00022207648870848555, -0.03672697288880174, 0.16947034672761432]], "chi2_level": 0.95, "chi2_df": 3, "chi2_threshold": 7.814727903251179, "N_raw": 80, "N_roi": 80, "N_inlier": 73, "refit": true}
{"timestamp": "12:11:08.746289", "frame": 11, "mu": [1.2976952963758634, 1.930358422584814, 1.1196840558494017], "Sigma": [[0.01393164872121167, -0.006001018051087695, -0.020497896694814846], [-0.006001018051087695, 0.0062144831406188055, 0.0051918042698295185], [-0.020497896694814846, 0.0051918042698295185, 0.07532466736834867]], "chi2_level": 0.95, "chi2_df": 3, "chi2_threshold": 7.814727903251179, "N_raw": 96, "N_roi": 96, "N_inlier": 92, "refit": true}
{"timestamp": "12:11:08.794929", "frame": 12, "mu": [1.2692369892637403, 1.9517458786142718, 1.319247386359324], "Sigma": [[0.008966683687788397, -0.004599335004539519, -0.0029662167994499726], [-0.004599335004539519, 0.006803415968600824, -0.002123785356475348], [-0.002966216799449972, -0.002123785356475347, 0.004890993381348792]], "chi2_level": 0.95, "chi2_df": 3, "chi2_threshold": 7.814727903251179, "N_raw": 59, "N_roi": 59, "N_inlier": 53, "refit": true}
{"timestamp": "12:11:08.854765", "frame": 13, "mu": [1.3076461666617316, 1.9311206153523561, 1.1225189835320528], "Sigma": [[0.008969813471900961, -0.004859463965961525, -0.010672642507689999], [-0.004859463965961526, 0.008989085218273565, 0.008823379077123076], [-0.010672642507689999, 0.008823379077123076, 0.0808949416295047]], "chi2_level": 0.95, "chi2_df": 3, "chi2_threshold": 7.814727903251179, "N_raw": 71, "N_roi": 71, "N_inlier": 70, "refit": true}
{"timestamp": "12:11:08.907717", "frame": 14, "mu": [1.2690403509087962, 1.928457767022737, 1.2501713584659397], "Sigma": [[0.01051688133178096, -0.003720923170760909, -0.009037072371312927], [-0.00372092317076091, 0.00809865142373297, -2.6399839534766117e-05], [-0.009037072371312925, -2.6399839534766226e-05, 0.030389612957706938]], "chi2_level": 0.95, "chi2_df": 3, "chi2_threshold": 7.814727903251179, "N_raw": 75, "N_roi": 75, "N_inlier": 73, "refit": true}
{"timestamp": "12:11:08.960221", "frame": 15, "mu": [1.284292798845136, 1.9230157143412245, 1.2300182257827075], "Sigma": [[0.011726138110400445, -0.006830490724565454, -0.012023542545749246], [-0.006830490724565454, 0.008445849047032125, 0.007039043732838003], [-0.012023542545749246, 0.007039043732838004, 0.032620557860074756]], "chi2_level": 0.95, "chi2_df": 3, "chi2_threshold": 7.814727903251179, "N_raw": 63, "N_roi": 63, "N_inlier": 59, "refit": true}
{"timestamp": "12:11:09.018725", "frame": 16, "mu": [1.226161613697102, 1.8945403154526983, 1.2671505405995351], "Sigma": [[0.007254585735386204, -0.0025105498046588018, -0.0005888464473220017], [-0.002510549804658802, 0.007134094345345556, -0.007991967388721748], [-0.0005888464473220016, -0.007991967388721748, 0.07170391687460312]], "chi2_level": 0.95, "chi2_df": 3, "chi2_threshold": 7.814727903251179, "N_raw": 86, "N_roi": 86, "N_inlier": 82, "refit": true}
{"timestamp": "12:11:09.070826", "frame": 17, "mu": [1.3168008805302747, 1.8022315165893485, 1.1625136964261038], "Sigma": [[0.010166832457192515, -0.0036634419443753157, -0.01364312889062284], [-0.0036634419443753153, 0.005790283176086146, 0.0051569078078631935], [-0.01364312889062284, 0.0051569078078631935, 0.04698790002585613]], "chi2_level": 0.95, "chi2_df": 3, "chi2_threshold": 7.814727903251179, "N_raw": 58, "N_roi": 58, "N_inlier": 54, "refit": true}
{"timestamp": "12:11:09.126854", "frame": 18, "mu": [1.2545582960114445, 1.810212647959592, 1.3046833154574828], "Sigma": [[0.01152865063492471, -0.0015013941715504868, -0.011867110634858642], [-0.0015013941715504868, 0.005104089744575775, -0.0036495155554138537], [-0.011867110634858642, -0.0036495155554138537, 0.026319589206025396]], "chi2_level": 0.95, "chi2_df": 3, "chi2_threshold": 7.814727903251179, "N_raw": 73, "N_roi": 73, "N_inlier": 71, "refit": true}
{"timestamp": "12:11:09.179293", "frame": 19, "mu": [1.305489124463879, 1.7582168219356977, 1.0475111837618114], "Sigma": [[0.008966554736114707, -0.007168199974432597, 0.0026435697025095533], [-0.007168199974432597, 0.008337651443349798, -0.007958648780050906], [0.0026435697025095533, -0.007958648780050908, 0.05166505129699961]], "chi2_level": 0.95, "chi2_df": 3, "chi2_threshold": 7.814727903251179, "N_raw": 57, "N_roi": 57, "N_inlier": 52, "refit": true}
{"timestamp": "12:11:09.237781", "frame": 20, "mu": [1.2399428522886167, 1.7084784349537498, 1.1425115716904732], "Sigma": [[0.021387291284460992, -0.019486659202936303, -0.03144820945428461], [-0.019486659202936307, 0.027762231093916685, 0.008015778395299124], [-0.03144820945428461, 0.008015778395299124, 0.12586389133443052]], "chi2_level": 0.95, "chi2_df": 3, "chi2_threshold": 7.814727903251179, "N_raw": 78, "N_roi": 78, "N_inlier": 77, "refit": true}
{"timestamp": "12:11:09.295853", "frame": 21, "mu": [1.2837363210804442, 1.6286301576854385, 1.0519352343348434], "Sigma": [[0.02277348776700861, -0.022140542077261002, -0.03183577803652657], [-0.022140542077261002, 0.033891685701053276, 0.014487260005054783], [-0.03183577803652657, 0.014487260005054783, 0.09445406705604975]], "chi2_level": 0.95, "chi2_df": 3, "chi2_threshold": 7.814727903251179, "N_raw": 90, "N_roi": 90, "N_inlier": 88, "refit": true}
{"timestamp": "12:11:09.347935", "frame": 22, "mu": [1.186959586230348, 1.6842457140537035, 1.3102487871101292], "Sigma": [[0.01670346618912994, -0.0049061368607883505, -0.022159372575267185], [-0.0049061368607883505, 0.006102293750845395, 0.004678581838399495], [-0.022159372575267185, 0.004678581838399495, 0.03857357646549678]], "chi2_level": 0.95, "chi2_df": 3, "chi2_threshold": 7.814727903251179, "N_raw": 79, "N_roi": 79, "N_inlier": 73, "refit": true}
{"timestamp": "12:11:09.402288", "frame": 23, "mu": [1.1713261436478142, 1.673454468687041, 1.3427402435099756], "Sigma": [[0.013839446381653754, -0.0052413937856543935, -0.016200640328841134], [-0.0052413937856543935, 0.006812076778697037, 0.004952037534414079], [-0.016200640328841134, 0.004952037534414079, 0.023868425859341534]], "chi2_level": 0.95, "chi2_df": 3, "chi2_threshold": 7.814727903251179, "N_raw": 68, "N_roi": 68, "N_inlier": 63, "refit": true}
{"timestamp": "12:11:09.458951", "frame": 24, "mu": [1.1714448869519203, 1.620290595873682, 1.1078878152460607], "Sigma": [[0.011793811906769711, -0.00583006877095708, -0.00829182851248064], [-0.00583006877095708, 0.007402182888458395, 0.0008691602656522523], [-0.00829182851248064, 0.0008691602656522523, 0.08553354092914404]], "chi2_level": 0.95, "chi2_df": 3, "chi2_threshold": 7.814727903251179, "N_raw": 86, "N_roi": 86, "N_inlier": 86, "refit": true}
{"timestamp": "12:11:09.514674", "frame": 25, "mu": [1.160483006171497, 1.5501259042563744, 1.0113869035029448], "Sigma": [[0.017162336569246088, -0.009478864908785968, -0.034001000649893094], [-0.009478864908785968, 0.008749362941728633, 0.01904707768484325], [-0.034001000649893094, 0.019047077684843247, 0.09555184166136341]], "chi2_level": 0.95, "chi2_df": 3, "chi2_threshold": 7.814727903251179, "N_raw": 84, "N_roi": 83, "N_inlier": 82, "refit": true}
{"timestamp": "12:11:09.565590", "frame": 26, "mu": [1.2104720525228925, 1.642361778280867, -0.680326961849275], "Sigma": [[0.006345988914819053, 0.0006952560558873931, 0.002021807463479935], [0.0006952560558873932, 0.0070995469392892314, 0.004242824034005418], [0.002021807463479935, 0.0042428240340054175, 0.04596295377365908]], "chi2_level": 0.95, "chi2_df": 3, "chi2_threshold": 7.814727903251179, "N_raw": 55, "N_roi": 55, "N_inlier": 53, "refit": true}
{"timestamp": "12:11:09.626457", "frame": 27, "mu": [1.1319898673948816, 1.5001311874126435, 1.0120103685012076], "Sigma": [[0.009160453708555685, -0.00589926713762201, -0.006206067296380241], [-0.005899267137622011, 0.006927001100586983, -0.0002627679829995673], [-0.006206067296380241, -0.0002627679829995676, 0.055408504733502215]], "chi2_level": 0.95, "chi2_df": 3, "chi2_threshold": 7.814727903251179, "N_raw": 98, "N_roi": 98, "N_inlier": 97, "refit": true}
{"timestamp": "12:11:09.676078", "frame": 28, "mu": [1.0671752545750728, 1.5200088974395143, 1.1823273577127875], "Sigma": [[0.008893204972443792, -0.005138864132866436, -0.010323857151335675], [-0.005138864132866435, 0.0054100045620508064, 0.002663961383120762], [-0.010323857151335675, 0.002663961383120762, 0.021776406841101503]], "chi2_level": 0.95, "chi2_df": 3, "chi2_threshold": 7.814727903251179, "N_raw": 61, "N_roi": 61, "N_inlier": 58, "refit": true}
{"timestamp": "12:11:09.734953", "frame": 29, "mu": [1.0838028355509988, 1.4782830486687861, 1.0504315333424579], "Sigma": [[0.00878664844002981, -0.00711945114164438, -0.0155917427384327], [-0.00711945114164438, 0.0072489729626170766, 0.013555776986771266], [-0.0155917427384327, 0.013555776986771266, 0.0789099848139477]], "chi2_level": 0.95, "chi2_df": 3, "chi2_threshold": 7.814727903251179, "N_raw": 94, "N_roi": 94, "N_inlier": 88, "refit": true}
{"timestamp": "12:11:09.792278", "frame": 30, "mu": [0.9882400213584547, 1.696807417353201, 0.01824128913729631], "Sigma": [[0.011617294947295256, -0.021729486581315568, 0.0721357951535587], [-0.021729486581315564, 0.05640289628117992, -0.18485848192017565], [0.07213579515355868, -0.18485848192017565, 0.7076427363036081]], "chi2_level": 0.95, "chi2_df": 3, "chi2_threshold": 7.814727903251179, "N_raw": 105, "N_roi": 105, "N_inlier": 100, "refit": true}
{"timestamp": "12:11:09.850950", "frame": 31, "mu": [0.9201501453571221, 1.546033490880017, 1.1282573487368062], "Sigma": [[0.01628096151503422, -0.013604859551061206, -0.0024798738423370313], [-0.013604859551061207, 0.02181042396376321, -0.016641272413915532], [-0.0024798738423370313, -0.016641272413915532, 0.05899333219570509]], "chi2_level": 0.95, "chi2_df": 3, "chi2_threshold": 7.814727903251179, "N_raw": 126, "N_roi": 126, "N_inlier": 123, "refit": true}
{"timestamp": "12:11:09.904416", "frame": 32, "mu": [0.8666165822005827, 1.555542207031682, -0.1942394516730172], "Sigma": [[0.023346000624182954, -0.017626706988894354, 0.13206912982572042], [-0.017626706988894354, 0.017977631863234964, -0.13009409180341755], [0.13206912982572042, -0.13009409180341755, 1.205163545109065]], "chi2_level": 0.95, "chi2_df": 3, "chi2_threshold": 7.814727903251179, "N_raw": 110, "N_roi": 110, "N_inlier": 105, "refit": true}
{"timestamp": "12:11:09.960180", "frame": 33, "mu": [0.8242047098687767, 1.530516438349189, 1.2000218663381208], "Sigma": [[0.011767646950867005, -0.00531734472054979, 0.0019326079149896425], [-0.00531734472054979, 0.010188335595470334, -0.017272586495401924], [0.001932607914989642, -0.017272586495401924, 0.07498311821129851]], "chi2_level": 0.95, "chi2_df": 3, "chi2_threshold": 7.814727903251179, "N_raw": 118, "N_roi": 118, "N_inlier": 115, "refit": true}
{"timestamp": "12:11:10.010437", "frame": 34, "mu": [0.864021701189673, 1.4079153200389192, 1.2870005724525935], "Sigma": [[0.016697880829010508, -0.007207398748137399, -0.018238360704795113], [-0.0072073987481373995, 0.006441666198317523, 0.006812582066779706], [-0.018238360704795113, 0.006812582066779706, 0.026228995689616473]], "chi2_level": 0.95, "chi2_df": 3, "chi2_threshold": 7.814727903251179, "N_raw": 91, "N_roi": 91, "N_inlier": 89, "refit": true}
{"timestamp": "12:11:10.070881", "frame": 35, "mu": [0.783031249050245, 1.5196158738693464, 0.4328697310040601], "Sigma": [[0.015330186938996175, -0.017219773218534448, 0.06937014205049531], [-0.017219773218534448, 0.03925955657993184, -0.13767578331326819], [0.06937014205049533, -0.13767578331326819, 0.6331206473475461]], "chi2_level": 0.95, "chi2_df": 3, "chi2_threshold": 7.814727903251179, "N_raw": 126, "N_roi": 126, "N_inlier": 121, "refit": true}
{"timestamp": "12:11:10.125046", "frame": 36, "mu": [0.7239688327992251, 1.5010879056443307, 1.154820191809207], "Sigma": [[0.013262122980522434, -0.010360042228486504, 0.009073232275843137], [-0.010360042228486504, 0.01715811827469215, -0.02755258701345555], [0.009073232275843137, -0.027552587013455553, 0.07412573938249631]], "chi2_level": 0.95, "chi2_df": 3, "chi2_threshold": 7.814727903251179, "N_raw": 112, "N_roi": 112, "N_inlier": 109, "refit": true}
{"timestamp": "12:11:10.179395", "frame": 37, "mu": [0.7051876914786082, 1.4476467065917842, 1.0603408061292852], "Sigma": [[0.015942101740690627, -0.01477350920871464, 0.0105327120743447], [-0.01477350920871464, 0.023533680591039555, -0.030960807319671026], [0.0105327120743447, -0.030960807319671026, 0.06680886350100637]], "chi2_level": 0.95, "chi2_df": 3, "chi2_threshold": 7.814727903251179, "N_raw": 116, "N_roi": 116, "N_inlier": 112, "refit": true}
{"timestamp": "12:11:10.232465", "frame": 38, "mu": [0.6524982026254077, 1.4481993368399446, 1.1396063235196026], "Sigma": [[0.00915556048686648, -0.007813735655215663, 0.007474709353751979], [-0.007813735655215663, 0.01665621085814384, -0.027379965954465263], [0.007474709353751978, -0.027379965954465263, 0.07097798854988989]], "chi2_level": 0.95, "chi2_df": 3, "chi2_threshold": 7.814727903251179, "N_raw": 103, "N_roi": 103, "N_inlier": 97, "refit": true}
{"timestamp": "12:11:10.283984", "frame": 39, "mu": [0.623309854065071, 1.3111628642448518, 1.2575710498354222], "Sigma": [[0.006916779575045943, -0.0031677967013484295, -0.009219381113409239], [-0.0031677967013484295, 0.0034726190899074666, 0.0013954676748969947], [-0.009219381113409237, 0.0013954676748969947, 0.02132773668930494]], "chi2_level": 0.95, "chi2_df": 3, "chi2_threshold": 7.814727903251179, "N_raw": 79, "N_roi": 79, "N_inlier": 73, "refit": true}
{"timestamp": "12:11:10.334868", "frame": 40, "mu": [0.5189491316267836, 1.327778658219878, 1.2554756593628444], "Sigma": [[0.004679450653340112, -0.002239044459300732, -0.006631526709221432], [-0.002239044459300732, 0.002103426365685674, 0.001554267940590815], [-0.006631526709221432, 0.001554267940590815, 0.019997657530898223]], "chi2_level": 0.95, "chi2_df": 3, "chi2_threshold": 7.814727903251179, "N_raw": 53, "N_roi": 53, "N_inlier": 48, "refit": true}
{"timestamp": "12:11:10.389374", "frame": 41, "mu": [0.6061154209812875, 1.2661497401679973, 1.277113879301325], "Sigma": [[0.0063873938526442945, -0.0032046871536032654, -0.006114563603935283], [-0.003204687153603266, 0.003932223466690972, 0.0025146319607252153], [-0.006114563603935282, 0.0025146319607252153, 0.012688483956214894]], "chi2_level": 0.95, "chi2_df": 3, "chi2_threshold": 7.814727903251179, "N_raw": 52, "N_roi": 52, "N_inlier": 47, "refit": true}
{"timestamp": "12:11:10.448438", "frame": 42, "mu": [0.464863971150115, 1.3015720827440143, 1.3770464086707181], "Sigma": [[0.00611887673408656, -0.0007554271124272929, -0.006502425014093929], [-0.0007554271124272929, 0.004053542235590713, -0.0023882875605309374], [-0.006502425014093929, -0.0023882875605309374, 0.010419156106936379]], "chi2_level": 0.95, "chi2_df": 3, "chi2_threshold": 7.814727903251179, "N_raw": 79, "N_roi": 79, "N_inlier": 75, "refit": true}
{"timestamp": "12:11:10.508163", "frame": 43, "mu": [0.43662331064812054, 1.2453422232118478, 1.358572990548113], "Sigma": [[0.012128493922340952, -0.010141850361630237, -0.014230657899279055], [-0.010141850361630237, 0.012870310758612382, 0.009719600776909733], [-0.014230657899279055, 0.009719600776909733, 0.01853418602660193]], "chi2_level": 0.95, "chi2_df": 3, "chi2_threshold": 7.814727903251179, "N_raw": 106, "N_roi": 106, "N_inlier": 102, "refit": true}
{"timestamp": "12:11:10.561705", "frame": 44, "mu": [0.4666897785765914, 1.2286079662033378, 1.2656886995776533], "Sigma": [[0.006931811526973283, -0.005532313366284707, -0.007130674656563156], [-0.005532313366284708, 0.011221620522449351, 0.0038323080789091977], [-0.007130674656563156, 0.003832308078909198, 0.01198769114437783]], "chi2_level": 0.95, "chi2_df": 3, "chi2_threshold": 7.814727903251179, "N_raw": 96, "N_roi": 96, "N_inlier": 88, "refit": true}
{"timestamp": "12:11:10.618422", "frame": 45, "mu": [0.42861790128918303, 1.1951716786279716, 1.2676107676350514], "Sigma": [[0.006411314044947577, -0.004216746086588273, -0.012291506394810709], [-0.004216746086588273, 0.014886162639852788, 0.010612162055335815], [-0.01229150639481071, 0.010612162055335815, 0.039547064368032445]], "chi2_level": 0.95, "chi2_df": 3, "chi2_threshold": 7.814727903251179, "N_raw": 111, "N_roi": 111, "N_inlier": 105, "refit": true}
{"timestamp": "12:11:10.666319", "frame": 46, "mu": [0.3446735528002926, 1.1680229618999114, 1.1594468391579673], "Sigma": [[0.003892824828648579, -0.001170517450818921, -0.013690827891611511], [-0.001170517450818921, 0.0009355744730191576, 0.006651422377293984], [-0.01369082789161151, 0.006651422377293985, 0.12065366167937171]], "chi2_level": 0.95, "chi2_df": 3, "chi2_threshold": 7.814727903251179, "N_raw": 51, "N_roi": 51, "N_inlier": 46, "refit": true}
{"timestamp": "12:11:10.728182", "frame": 47, "mu": [0.2342375217785349, 1.1583175564239452, 1.2168743717644175], "Sigma": [[0.030970033270763725, 0.008549018823816795, 0.014170718115926902], [0.008549018823816796, 0.011999171404796716, 0.01772060401557558], [0.014170718115926902, 0.01772060401557558, 0.07048099902256254]], "chi2_level": 0.95, "chi2_df": 3, "chi2_threshold": 7.814727903251179, "N_raw": 110, "N_roi": 110, "N_inlier": 107, "refit": true}
{"timestamp": "12:11:10.775473", "frame": 48, "mu": [0.2856179299956253, 1.164878737139494, 1.3812143008251194], "Sigma": [[0.003995513677264808, -0.0009360336878504691, -0.004793844827486546], [-0.000936033687850469, 0.007252973964239142, 0.004405016775603008], [-0.004793844827486546, 0.004405016775603009, 0.007889627650833848]], "chi2_level": 0.95, "chi2_df": 3, "chi2_threshold": 7.814727903251179, "N_raw": 58, "N_roi": 58, "N_inlier": 51, "refit": true}
{"timestamp": "12:11:10.830109", "frame": 49, "mu": [0.252664909461626, 1.213348744552335, 1.0733102105785999], "Sigma": [[0.0031895912928071772, -0.0018839187734367127, -0.00876753059383181], [-0.0018839187734367123, 0.008091118014376458, 0.026277468016571732], [-0.00876753059383181, 0.026277468016571732, 0.12902419650884484]], "chi2_level": 0.95, "chi2_df": 3, "chi2_threshold": 7.814727903251179, "N_raw": 55, "N_roi": 55, "N_inlier": 53, "refit": true}
{"timestamp": "12:11:10.890660", "frame": 50, "mu": [0.11539829890861088, 1.2381044469505673, 1.2201512904049292], "Sigma": [[0.005079944549706848, -0.0046739697177176995, -0.01440388810276678], [-0.0046739697177176995, 0.015504613920430623, 0.0438051777578122], [-0.014403888102766781, 0.0438051777578122, 0.17681564122527557]], "chi2_level": 0.95, "chi2_df": 3, "chi2_threshold": 7.814727903251179, "N_raw": 94, "N_roi": 94, "N_inlier": 87, "refit": true}
{"timestamp": "12:11:10.943523", "frame": 51, "mu": [0.09503503983950441, 1.2562043766452986, 1.4095425170813867], "Sigma": [[0.0048306490107771815, -0.004575969388037811, -0.00806546282031676], [-0.004575969388037812, 0.011016636126241966, 0.0060832507984563775], [-0.00806546282031676, 0.0060832507984563775, 0.01569671971536945]], "chi2_level": 0.95, "chi2_df": 3, "chi2_threshold": 7.814727903251179, "N_raw": 86, "N_roi": 86, "N_inlier": 83, "refit": true}
{"timestamp": "12:11:10.993085", "frame": 52, "mu": [0.10457011350512402, 1.1288636969005588, 0.816639869413273], "Sigma": [[0.0038805554610812434, -0.0014411073290055646, -0.004444305411405374], [-0.0014411073290055646, 0.0026100604800344336, 0.00484894535085548], [-0.004444305411405372, 0.00484894535085548, 0.030859864952829157]], "chi2_level": 0.95, "chi2_df": 3, "chi2_threshold": 7.814727903251179, "N_raw": 43, "N_roi": 43, "N_inlier": 38, "refit": true}
{"timestamp": "12:11:11.050585", "frame": 53, "mu": [-0.06898575536607045, 1.394687615380884, -0.18553282608718014], "Sigma": [[0.004029728409957878, -0.0008699219340406858, 0.0031717510587615156], [-0.000869921934040686, 0.004392922289326112, 0.002669670777596562], [0.003171751058761516, 0.002669670777596562, 0.03134237995514144]], "chi2_level": 0.95, "chi2_df": 3, "chi2_threshold": 7.814727903251179, "N_raw": 60, "N_roi": 60, "N_inlier": 56, "refit": true}
{"timestamp": "12:11:11.108936", "frame": 54, "mu": [-0.090661519022342, 1.3315386976464942, 1.4401050308121732], "Sigma": [[0.0033683237951312233, -0.0023828397628707417, -0.004610038395662574], [-0.0023828397628707413, 0.013773168427209546, 0.023623356215308682], [-0.004610038395662574, 0.023623356215308686, 0.08233295985951321]], "chi2_level": 0.95, "chi2_df": 3, "chi2_threshold": 7.814727903251179, "N_raw": 86, "N_roi": 86, "N_inlier": 84, "refit": true}
{"timestamp": "12:11:11.163918", "frame": 55, "mu": [-0.1251890129050868, 1.3717605579880552, 1.5450231373061494], "Sigma": [[0.004773270484552962, -0.0008565607013618728, -0.0034260159808100175], [-0.0008565607013618728, 0.006305763957917738, -0.002415324156899588], [-0.0034260159808100175, -0.0024153241568995874, 0.004442414365318237]], "chi2_level": 0.95, "chi2_df": 3, "chi2_threshold": 7.814727903251179, "N_raw": 81, "N_roi": 81, "N_inlier": 78, "refit": true}
{"timestamp": "12:11:11.218324", "frame": 56, "mu": [-0.15166890626933685, 1.332066506394954, -0.40596525349889345], "Sigma": [[0.0035775020747578785, -0.0010833959513488957, 0.002226877744607002], [-0.0010833959513488955, 0.011279261240410234, 0.003917212974291244], [0.0022268777446070023, 0.003917212974291244, 0.01607791180796452]], "chi2_level": 0.95, "chi2_df": 3, "chi2_threshold": 7.814727903251179, "N_raw": 78, "N_roi": 78, "N_inlier": 69, "refit": true}
{"timestamp": "12:11:11.269423", "frame": 57, "mu": [-0.17245065166975893, 1.3110453995808473, 1.5017719532465628], "Sigma": [[0.002786873494153873, -0.0005462491842823683, -0.0037220949562161544], [-0.0005462491842823683, 0.00818473749793221, 0.002921569441703706], [-0.0037220949562161544, 0.002921569441703706, 0.007166823072274915]], "chi2_level": 0.95, "chi2_df": 3, "chi2_threshold": 7.814727903251179, "N_raw": 56, "N_roi": 56, "N_inlier": 50, "refit": true}
{"timestamp": "12:11:11.332083", "frame": 58, "mu": [-0.2200031096142742, 1.229755981458605, 1.3417587069863908], "Sigma": [[0.0053280737195368555, -0.004730967648231753, -0.006653302127292905], [-0.004730967648231752, 0.017115029817570515, 0.018179439830164013], [-0.006653302127292905, 0.018179439830164016, 0.0511515921739681]], "chi2_level": 0.95, "chi2_df": 3, "chi2_threshold": 7.814727903251179, "N_raw": 102, "N_roi": 102, "N_inlier": 99, "refit": true}
{"timestamp": "12:11:11.386477", "frame": 59, "mu": [-0.25782276436019447, 1.2613788348442458, 1.3847202198507182], "Sigma": [[0.00564469141544706, -0.0061229185152415, -0.00676037983866361], [-0.0061229185152415, 0.01785331024855364, 0.008922329873770167], [-0.00676037983866361, 0.008922329873770167, 0.009675732081627553]], "chi2_level": 0.95, "chi2_df": 3, "chi2_threshold": 7.814727903251179, "N_raw": 96, "N_roi": 93, "N_inlier": 90, "refit": true}
{"timestamp": "12:11:11.437031", "frame": 60, "mu": [-0.2627194043848202, 1.2266485348470035, 1.3472457635955515], "Sigma": [[0.004911959561507559, -0.006937418691293398, -0.013437829460393019], [-0.006937418691293397, 0.019041006358938198, 0.02516431716799215], [-0.013437829460393019, 0.02516431716799215, 0.046733079413801865]], "chi2_level": 0.95, "chi2_df": 3, "chi2_threshold": 7.814727903251179, "N_raw": 71, "N_roi": 70, "N_inlier": 67, "refit": true}
{"timestamp": "12:11:11.497694", "frame": 61, "mu": [-0.38198814530100433, 1.3527761099969486, 1.4652624018804208], "Sigma": [[0.009098609444070182, -0.003745231426500238, -0.00548947702702932], [-0.003745231426500238, 0.011355379768191365, 0.003664505261580139], [-0.005489477027029319, 0.0036645052615801397, 0.006223956435018176]], "chi2_level": 0.95, "chi2_df": 3, "chi2_threshold": 7.814727903251179, "N_raw": 108, "N_roi": 108, "N_inlier": 102, "refit": true}
{"timestamp": "12:11:11.549234", "frame": 62, "mu": [-0.38978745295303546, 1.3248528670659905, 1.4044639524708658], "Sigma": [[0.00641203147810607, -0.007908607124067475, -0.011147193061211562], [-0.007908607124067475, 0.02555316071661587, 0.02576397049400516], [-0.011147193061211563, 0.025763970494005164, 0.03565776554176288]], "chi2_level": 0.95, "chi2_df": 3, "chi2_threshold": 7.814727903251179, "N_raw": 78, "N_roi": 78, "N_inlier": 77, "refit": true}
{"timestamp": "12:11:11.603756", "frame": 63, "mu": [-0.47666393849711153, 1.3606827067522478, 1.3895679397044214], "Sigma": [[0.005074334912928204, -0.004032118652946639, -0.00682252370437496], [-0.004032118652946639, 0.009357715702410794, 0.004848290891473134], [-0.00682252370437496, 0.004848290891473134, 0.017834700756365673]], "chi2_level": 0.95, "chi2_df": 3, "chi2_threshold": 7.814727903251179, "N_raw": 76, "N_roi": 75, "N_inlier": 71, "refit": true}
{"timestamp": "12:11:11.656400", "frame": 64, "mu": [-0.5286454893612827, 1.3395434281642806, 1.449050796779854], "Sigma": [[0.005117804933132114, -0.0014119609615689602, -0.005183207012599185], [-0.00141196096156896, 0.014493156381660306, 0.0107276998901472], [-0.005183207012599184, 0.0107276998901472, 0.01289033777059521]], "chi2_level": 0.95, "chi2_df": 3, "chi2_threshold": 7.814727903251179, "N_raw": 65, "N_roi": 65, "N_inlier": 63, "refit": true}
{"timestamp": "12:11:11.712785", "frame": 65, "mu": [-0.6015360082882057, 1.3538616368209944, 1.4158390953814675], "Sigma": [[0.006309824627245747, 0.0003569520768450499, -0.004239526318197757], [0.0003569520768450501, 0.014892470298877762, 0.005623659378825096], [-0.004239526318197757, 0.005623659378825096, 0.007210031477429222]], "chi2_level": 0.95, "chi2_df": 3, "chi2_threshold": 7.814727903251179, "N_raw": 81, "N_roi": 81, "N_inlier": 79, "refit": true}
{"timestamp": "12:11:11.775126", "frame": 66, "mu": [-0.6066777275577828, 1.4379817699014619, 1.1807369872229765], "Sigma": [[0.011673421388091389, -0.0006973629611007929, -0.04616579832460022], [-0.0006973629611007929, 0.013775335514460708, 0.016871478765067775], [-0.04616579832460022, 0.016871478765067775, 0.26799826209619554]], "chi2_level": 0.95, "chi2_df": 3, "chi2_threshold": 7.814727903251179, "N_raw": 122, "N_roi": 122, "N_inlier": 120, "refit": true}
{"timestamp": "12:11:11.832540", "frame": 67, "mu": [-0.6548539416205645, 1.413840786824569, 1.1898774819738405], "Sigma": [[0.022590146073874252, 0.0020085235207188594, -0.06478986697051041], [0.0020085235207188594, 0.011898886832150407, -0.0043767801777064], [-0.06478986697051042, -0.004376780177706401, 0.2391882082517299]], "chi2_level": 0.95, "chi2_df": 3, "chi2_threshold": 7.814727903251179, "N_raw": 132, "N_roi": 132, "N_inlier": 129, "refit": true}
{"timestamp": "12:11:11.880724", "frame": 68, "mu": [-0.7318604346177711, 1.510558952536194, 0.1509795498720053], "Sigma": [[0.007624800539511788, -0.0009767004418674125, 0.022145457356400007], [-0.000976700441867412, 0.012156026412626584, -0.013741127244741186], [0.022145457356400007, -0.013741127244741186, 0.20552884513675165]], "chi2_level": 0.95, "chi2_df": 3, "chi2_threshold": 7.814727903251179, "N_raw": 94, "N_roi": 94, "N_inlier": 91, "refit": true}
{"timestamp": "12:11:11.936254", "frame": 69, "mu": [-0.7364059576610327, 1.543065340566526, -0.11287433211345195], "Sigma": [[0.010699956100601928, 0.004475564305415889, 0.015970355928794297], [0.004475564305415889, 0.014385352141251041, 0.0001726873169915755], [0.015970355928794297, 0.00017268731699157593, 0.05628118441084476]], "chi2_level": 0.95, "chi2_df": 3, "chi2_threshold": 7.814727903251179, "N_raw": 97, "N_roi": 97, "N_inlier": 92, "refit": true}
{"timestamp": "12:11:11.997399", "frame": 70, "mu": [-0.7815053004939547, 1.563292928251664, 0.1697586421655871], "Sigma": [[0.022074607016549872, 0.004076034235981312, 0.024635948277337946], [0.004076034235981312, 0.006288490611112381, 0.008915592767790637], [0.02463594827733795, 0.008915592767790637, 0.05639702761574587]], "chi2_level": 0.95, "chi2_df": 3, "chi2_threshold": 7.814727903251179, "N_raw": 134, "N_roi": 134, "N_inlier": 126, "refit": true}
{"timestamp": "12:11:12.036259", "frame": 71, "mu": [-0.8109058504092863, 1.5552398051020753, 1.5226890415876977], "Sigma": [[0.001797497075051646, 0.0009921242368691081, -0.0026517332769248657], [0.0009921242368691081, 0.004081568802016684, -0.0033792574591732525], [-0.0026517332769248657, -0.003379257459173252, 0.016634588488019922]], "chi2_level": 0.95, "chi2_df": 3, "chi2_threshold": 7.814727903251179, "N_raw": 20, "N_roi": 20, "N_inlier": 17, "refit": true}
{"timestamp": "12:11:12.091452", "frame": 72, "mu": [-0.8183102367395083, 1.5377531064374206, 1.3859806439006859], "Sigma": [[0.01254135507957222, 0.0029822298757676865, -0.04346239744620667], [0.002982229875767687, 0.0022583581702998352, -0.009875545181133875], [-0.04346239744620666, -0.009875545181133875, 0.18276387565582158]], "chi2_level": 0.95, "chi2_df": 3, "chi2_threshold": 7.814727903251179, "N_raw": 37, "N_roi": 37, "N_inlier": 32, "refit": true}
{"timestamp": "12:11:12.151705", "frame": 73, "mu": [-0.9322730592728669, 1.5216433455646508, 1.4766413232327122], "Sigma": [[0.010272697342580859, -0.0009333036240145581, -0.007376138453352828], [-0.0009333036240145581, 0.004539181485545091, -0.0006515752353610816], [-0.007376138453352828, -0.0006515752353610814, 0.006900231976248026]], "chi2_level": 0.95, "chi2_df": 3, "chi2_threshold": 7.814727903251179, "N_raw": 70, "N_roi": 70, "N_inlier": 62, "refit": true}
{"timestamp": "12:11:12.199732", "frame": 74, "mu": [-0.9223823495255031, 1.5759275054158004, 0.30918261895571647], "Sigma": [[0.010350484340812012, 0.04152990360032427, -0.08801088697808004], [0.04152990360032427, 0.21733107282590555, -0.4480351377121342], [-0.08801088697808004, -0.4480351377121342, 0.9535249787499698]], "chi2_level": 0.95, "chi2_df": 3, "chi2_threshold": 7.814727903251179, "N_raw": 20, "N_roi": 20, "N_inlier": 19, "refit": true}
{"timestamp": "12:11:12.261971", "frame": 75, "mu": [-0.875386983786237, 1.7484156032580762, -0.040981799401600356], "Sigma": [[0.009874349326900263, 0.0004440629504421261, -0.00953617011120558], [0.0004440629504421261, 0.006004098169061038, -0.0019816053046949815], [-0.00953617011120558, -0.0019816053046949815, 0.010557364705161207]], "chi2_level": 0.95, "chi2_df": 3, "chi2_threshold": 7.814727903251179, "N_raw": 74, "N_roi": 74, "N_inlier": 70, "refit": true}
{"timestamp": "12:11:12.326352", "frame": 76, "mu": [-0.9014877176467638, 1.6243118649087416, 1.1676871590515405], "Sigma": [[0.009299092578961896, -0.004399930794620572, -0.0223529737692471], [-0.004399930794620572, 0.03745671515746393, 0.07559564835563372], [-0.0223529737692471, 0.07559564835563372, 0.24138100026672646]], "chi2_level": 0.95, "chi2_df": 3, "chi2_threshold": 7.814727903251179, "N_raw": 132, "N_roi": 132, "N_inlier": 123, "refit": true}
{"timestamp": "12:11:12.377049", "frame": 77, "mu": [-0.9675200698967164, 1.698325105098316, 0.07504749064394692], "Sigma": [[0.010692381225951056, -0.00779495127747306, 0.0059607052245119535], [-0.00779495127747306, 0.03248937067674386, -0.026382241986193454], [0.005960705224511953, -0.026382241986193454, 0.03057852816540583]], "chi2_level": 0.95, "chi2_df": 3, "chi2_threshold": 7.814727903251179, "N_raw": 98, "N_roi": 98, "N_inlier": 92, "refit": true}
{"timestamp": "12:11:12.427643", "frame": 78, "mu": [-1.0416492547885294, 1.9255631252284942, -0.14800523466452878], "Sigma": [[0.006992127381405995, 0.004056970679001998, -0.007946402589158536], [0.004056970679001998, 0.04395794058831392, -0.10609819326713199], [-0.007946402589158534, -0.10609819326713199, 0.29308518698261676]], "chi2_level": 0.95, "chi2_df": 3, "chi2_threshold": 7.814727903251179, "N_raw": 69, "N_roi": 69, "N_inlier": 67, "refit": true}
{"timestamp": "12:11:12.479275", "frame": 79, "mu": [-1.0084000332029543, 1.898711141306602, 0.0037661733531879405], "Sigma": [[0.015106835550533536, 0.0014225391421804072, -0.011029344261534093], [0.001422539142180407, 0.002896480650365141, -0.0022349360950859056], [-0.011029344261534093, -0.0022349360950859056, 0.010054192770898618]], "chi2_level": 0.95, "chi2_df": 3, "chi2_threshold": 7.814727903251179, "N_raw": 50, "N_roi": 50, "N_inlier": 45, "refit": true}
{"timestamp": "12:11:12.539902", "frame": 80, "mu": [-1.0159373959682438, 1.8306813977349703, 1.258113626615023], "Sigma": [[0.01090741075986725, 0.0007768785494589134, 0.0002000751979400641], [0.0007768785494589133, 0.005717107715202524, -0.003070274603415265], [0.00020007519794006435, -0.0030702746034152652, 0.019048352178363166]], "chi2_level": 0.95, "chi2_df": 3, "chi2_threshold": 7.814727903251179, "N_raw": 89, "N_roi": 89, "N_inlier": 85, "refit": true}
{"timestamp": "12:11:12.593689", "frame": 81, "mu": [-1.0141894610054316, 1.8784871592073342, 1.3252154444461797], "Sigma": [[0.012529595931893097, 0.000873984742814716, 0.0003050386111523971], [0.0008739847428147158, 0.0059261400727587754, -0.0009617154347213529], [0.0003050386111523969, -0.0009617154347213529, 0.006846497391535326]], "chi2_level": 0.95, "chi2_df": 3, "chi2_threshold": 7.814727903251179, "N_raw": 77, "N_roi": 77, "N_inlier": 72, "refit": true}
{"timestamp": "12:11:12.654440", "frame": 82, "mu": [-1.0801219125360404, 1.9489223217225307, 1.1869903493676346], "Sigma": [[0.015408277688656933, 0.004523327792864273, 0.028715823794930456], [0.004523327792864273, 0.0076025109927124026, 0.013906468738668847], [0.028715823794930456, 0.013906468738668845, 0.1902286768460489]], "chi2_level": 0.95, "chi2_df": 3, "chi2_threshold": 7.814727903251179, "N_raw": 114, "N_roi": 114, "N_inlier": 112, "refit": true}
{"timestamp": "12:11:12.709216", "frame": 83, "mu": [-1.0265106031065447, 1.9658664746271943, 1.3519161099033128], "Sigma": [[0.014446931256129494, -0.0009349281396221194, -0.011807979803009868], [-0.0009349281396221197, 0.008545642227873029, -0.0023705630288863386], [-0.011807979803009868, -0.0023705630288863386, 0.0157798989655953]], "chi2_level": 0.95, "chi2_df": 3, "chi2_threshold": 7.814727903251179, "N_raw": 112, "N_roi": 112, "N_inlier": 95, "refit": true}
{"timestamp": "12:11:12.754289", "frame": 84, "mu": [-1.07708742880349, 2.237965611383203, -0.3574353119409942], "Sigma": [[0.007587767266458697, -0.0013933174554516116, 0.019135020433680844], [-0.0013933174554516114, 0.011065662587142672, -0.05136810495023483], [0.019135020433680844, -0.05136810495023484, 0.3255820075189915]], "chi2_level": 0.95, "chi2_df": 3, "chi2_threshold": 7.814727903251179, "N_raw": 43, "N_roi": 43, "N_inlier": 41, "refit": true}
{"timestamp": "12:11:12.814440", "frame": 85, "mu": [-1.072674334102959, 2.0647205610060877, 1.400268846927425], "Sigma": [[0.016388625721200416, 0.00018425484570409596, -0.004886615944039859], [0.00018425484570409623, 0.009994181407553617, 0.0051894150670400725], [-0.004886615944039859, 0.0051894150670400725, 0.015266640095468083]], "chi2_level": 0.95, "chi2_df": 3, "chi2_threshold": 7.814727903251179, "N_raw": 88, "N_roi": 88, "N_inlier": 81, "refit": true}
{"timestamp": "12:11:12.867931", "frame": 86, "mu": [-1.2864968670365664, 1.9880767611061765, 1.445760325785388], "Sigma": [[0.1459334518679368, 0.10896945868441163, -0.03796075295743764], [0.10896945868441163, 0.09440415731222973, -0.027683330594346973], [-0.03796075295743764, -0.027683330594346973, 0.017077963632304342]], "chi2_level": 0.95, "chi2_df": 3, "chi2_threshold": 7.814727903251179, "N_raw": 76, "N_roi": 75, "N_inlier": 72, "refit": true}
