{"timestamp": "11:57:19.699767", "frame": 30, "mu": [2.0182335228532007, 1.8780536824645646, 1.0819300622249393], "Sigma": [[0.009952501668738291, -0.003608296489191341, 0.008490226149374322], [-0.003608296489191341, 0.004141371199483345, -0.0052006265869287615], [0.008490226149374322, -0.005200626586928761, 0.010459846905635336]], "chi2_level": 0.95, "chi2_df": 3, "chi2_threshold": 7.814727903251179, "N_raw": 35, "N_roi": 35, "N_inlier": 33, "refit": true}
{"timestamp": "11:57:19.758570", "frame": 31, "mu": [1.9262638737582762, 1.8866915991261235, 0.9890090884805122], "Sigma": [[0.012292570579732688, -0.0019808554768224497, 0.010103885869736718], [-0.0019808554768224493, 0.004166630966080698, -0.003959958751126669], [0.010103885869736718, -0.003959958751126669, 0.016967713222492107]], "chi2_level": 0.95, "chi2_df": 3, "chi2_threshold": 7.814727903251179, "N_raw": 47, "N_roi": 46, "N_inlier": 45, "refit": true}
{"timestamp": "11:57:19.867496", "frame": 33, "mu": [1.8030501259367993, 1.9272697368401703, 0.9841026708885814], "Sigma": [[0.010944104647221264, -0.004656849308765924, 0.0024472304047903877], [-0.004656849308765923, 0.005824160522108391, -0.003025206005879362], [0.0024472304047903877, -0.003025206005879362, 0.0022184294085055714]], "chi2_level": 0.95, "chi2_df": 3, "chi2_threshold": 7.814727903251179, "N_raw": 41, "N_roi": 41, "N_inlier": 39, "refit": true}
{"timestamp": "11:57:19.921820", "frame": 34, "mu": [1.7334674328625703, 2.03823384214141, 1.1342729871063693], "Sigma": [[0.006959798035119264, -0.0019313640902758442, 0.0037441709639697376], [-0.0019313640902758446, 0.007879220036663312, -0.0011256004375497812], [0.0037441709639697376, -0.0011256004375497812, 0.0027404189494241093]], "chi2_level": 0.95, "chi2_df": 3, "chi2_threshold": 7.814727903251179, "N_raw": 36, "N_roi": 36, "N_inlier": 35, "refit": true}
{"timestamp": "11:57:19.972538", "frame": 35, "mu": [1.7199335559760627, 1.9843542237723573, 1.0859082913528497], "Sigma": [[0.003317404303495205, -0.002670256779938702, -0.00030996313391317397], [-0.0026702567799387024, 0.0023468453420038516, -0.0004850168783866964], [-0.00030996313391317397, -0.0004850168783866965, 0.0032668239515488227]], "chi2_level": 0.95, "chi2_df": 3, "chi2_threshold": 7.814727903251179, "N_raw": 12, "N_roi": 12, "N_inlier": 10, "refit": true}
{"timestamp": "11:57:20.083653", "frame": 37, "mu": [1.5666478289191348, 2.175417299230383, 1.3886251880713552], "Sigma": [[0.003333984119463375, -0.0008850380899419615, 0.00022531624912378067], [-0.0008850380899419616, 0.0024423850687066303, -0.0006705270097766897], [0.00022531624912378067, -0.0006705270097766898, 0.0001852651623218886]], "chi2_level": 0.95, "chi2_df": 3, "chi2_threshold": 7.814727903251179, "N_raw": 17, "N_roi": 17, "N_inlier": 16, "refit": true}
{"timestamp": "11:57:20.194945", "frame": 39, "mu": [1.5130581240210763, 2.177618130537673, 1.3864742071560747], "Sigma": [[0.006862154052090224, -0.0020700200052897496, -0.006217016988791565], [-0.002070020005289749, 0.00250551863437905, 0.0008821122410281507], [-0.006217016988791565, 0.0008821122410281508, 0.008196586750729186]], "chi2_level": 0.95, "chi2_df": 3, "chi2_threshold": 7.814727903251179, "N_raw": 25, "N_roi": 25, "N_inlier": 24, "refit": true}
{"timestamp": "11:57:20.248636", "frame": 40, "mu": [1.4823444442328855, 2.1088297780992917, 1.2616169448335248], "Sigma": [[0.0034040193250260537, -0.003090000700194129, -0.006103630063362945], [-0.003090000700194129, 0.004240112798140596, 0.004513615314653434], [-0.006103630063362946, 0.004513615314653432, 0.027140384556029476]], "chi2_level": 0.95, "chi2_df": 3, "chi2_threshold": 7.814727903251179, "N_raw": 15, "N_roi": 15, "N_inlier": 14, "refit": true}
{"timestamp": "11:57:20.362033", "frame": 42, "mu": [1.3964135726008085, 2.1491456056269778, 1.2660573156551853], "Sigma": [[0.010038881640869498, -0.008043242226454743, -0.015376544834384668], [-0.008043242226454743, 0.008865371608431656, 0.014722229912076624], [-0.01537654483438467, 0.014722229912076624, 0.058683328575501875]], "chi2_level": 0.95, "chi2_df": 3, "chi2_threshold": 7.814727903251179, "N_raw": 46, "N_roi": 46, "N_inlier": 45, "refit": true}
{"timestamp": "11:57:20.415468", "frame": 43, "mu": [1.4474967955459306, 2.216419515611322, 0.7872326389936081], "Sigma": [[0.007196685951305267, 0.00018409783675739843, -0.014471874082960468], [0.00018409783675739854, 0.012430290499166411, -0.019086242539845352], [-0.014471874082960468, -0.019086242539845352, 0.06383199657074323]], "chi2_level": 0.95, "chi2_df": 3, "chi2_threshold": 7.814727903251179, "N_raw": 30, "N_roi": 30, "N_inlier": 29, "refit": true}
{"timestamp": "11:57:20.477699", "frame": 44, "mu": [1.3940026946586621, 2.2344908390091685, -0.33897665924526776], "Sigma": [[0.01276539292985207, -0.004654364166600146, -0.013712472126487091], [-0.004654364166600146, 0.00661563441734628, -0.0024768469788171814], [-0.013712472126487091, -0.0024768469788171814, 0.027263285515314917]], "chi2_level": 0.95, "chi2_df": 3, "chi2_threshold": 7.814727903251179, "N_raw": 64, "N_roi": 64, "N_inlier": 60, "refit": true}
{"timestamp": "11:57:20.529006", "frame": 45, "mu": [1.3243364284510954, 2.1756318869648723, 0.9090404927129306], "Sigma": [[0.013169627789815721, -0.009653855238929157, -0.03192170600572627], [-0.009653855238929157, 0.022313005319282715, -0.009264610108086997], [-0.03192170600572627, -0.009264610108086997, 0.21371809375672784]], "chi2_level": 0.95, "chi2_df": 3, "chi2_threshold": 7.814727903251179, "N_raw": 49, "N_roi": 49, "N_inlier": 48, "refit": true}
{"timestamp": "11:57:20.584920", "frame": 46, "mu": [1.2436227174420371, 2.1332936426666844, 1.3172750614830828], "Sigma": [[0.00965627485192004, -0.004463928663942246, -0.005581549247719798], [-0.004463928663942245, 0.005557404438470992, 0.000579417771217999], [-0.005581549247719798, 0.0005794177712179992, 0.00959834447667777]], "chi2_level": 0.95, "chi2_df": 3, "chi2_threshold": 7.814727903251179, "N_raw": 54, "N_roi": 54, "N_inlier": 48, "refit": true}
{"timestamp": "11:57:20.635921", "frame": 47, "mu": [1.318031360697589, 2.0305724056974452, 0.7313588897177229], "Sigma": [[0.014438047812492442, -0.012483037573205145, 0.02133186708218411], [-0.012483037573205145, 0.011723387847813007, -0.021700531017400566], [0.02133186708218411, -0.021700531017400566, 0.05638930127590665]], "chi2_level": 0.95, "chi2_df": 3, "chi2_threshold": 7.814727903251179, "N_raw": 30, "N_roi": 30, "N_inlier": 25, "refit": true}
{"timestamp": "11:57:20.696649", "frame": 48, "mu": [1.1434477756668084, 2.183602891124654, 0.9351615345614133], "Sigma": [[0.008913131144442574, -0.009103078949257742, 0.006834987627818096], [-0.009103078949257742, 0.02987254365507299, -0.05765173907089093], [0.006834987627818094, -0.057651739070890926, 0.15564763507891125]], "chi2_level": 0.95, "chi2_df": 3, "chi2_threshold": 7.814727903251179, "N_raw": 73, "N_roi": 73, "N_inlier": 69, "refit": true}
{"timestamp": "11:57:20.749173", "frame": 49, "mu": [1.2157434907273859, 1.9366993427223578, 0.7660611676859939], "Sigma": [[0.01005412995719073, -0.0069121249279949, -0.005315038706532351], [-0.0069121249279949, 0.0070903060671097555, 0.002198879949191428], [-0.005315038706532351, 0.002198879949191428, 0.004909334580444401]], "chi2_level": 0.95, "chi2_df": 3, "chi2_threshold": 7.814727903251179, "N_raw": 47, "N_roi": 47, "N_inlier": 39, "refit": true}
{"timestamp": "11:57:20.808751", "frame": 50, "mu": [1.0670047065123323, 2.16944945749282, -0.29491038165774774], "Sigma": [[0.012123618815717453, -0.003850023019881516, -0.017678619029697737], [-0.003850023019881516, 0.004786238706017656, -0.0012923201955958204], [-0.017678619029697737, -0.0012923201955958202, 0.07237463789078973]], "chi2_level": 0.95, "chi2_df": 3, "chi2_threshold": 7.814727903251179, "N_raw": 80, "N_roi": 80, "N_inlier": 68, "refit": true}
{"timestamp": "11:57:20.859421", "frame": 51, "mu": [1.011151489256419, 1.984001530003127, 1.2841275783747594], "Sigma": [[0.009810410720714039, -0.006301681549458725, -0.009995168504560292], [-0.006301681549458725, 0.0077869503017994465, 0.006548845809025094], [-0.009995168504560292, 0.006548845809025095, 0.015479241341576465]], "chi2_level": 0.95, "chi2_df": 3, "chi2_threshold": 7.814727903251179, "N_raw": 48, "N_roi": 48, "N_inlier": 45, "refit": true}
{"timestamp": "11:57:20.913643", "frame": 52, "mu": [1.0037907177517829, 1.990277099314461, 1.2237005101504042], "Sigma": [[0.005047507064951297, -0.003338392466403782, -0.003921088967151551], [-0.003338392466403782, 0.008756226710774409, 0.0026412401616435735], [-0.003921088967151551, 0.0026412401616435735, 0.003725030856291878]], "chi2_level": 0.95, "chi2_df": 3, "chi2_threshold": 7.814727903251179, "N_raw": 46, "N_roi": 43, "N_inlier": 40, "refit": true}
{"timestamp": "11:57:20.967919", "frame": 53, "mu": [0.9370522698189245, 2.0780134619856008, -0.46798244521588805], "Sigma": [[0.006191584561866578, 0.0009302495567213779, 0.007511424766273897], [0.0009302495567213778, 0.0037479089670528856, 0.0036993663805727725], [0.007511424766273897, 0.003699366380572772, 0.0398840768741591]], "chi2_level": 0.95, "chi2_df": 3, "chi2_threshold": 7.814727903251179, "N_raw": 42, "N_roi": 42, "N_inlier": 37, "refit": true}
{"timestamp": "11:57:21.027315", "frame": 54, "mu": [0.8227300516459264, 2.148826687199143, -0.17574043681076404], "Sigma": [[0.009752458406243083, -0.003743645412658489, -0.013048560348132702], [-0.003743645412658489, 0.008365972921259728, 0.0020545144900795936], [-0.013048560348132702, 0.002054514490079593, 0.030709178028413858]], "chi2_level": 0.95, "chi2_df": 3, "chi2_threshold": 7.814727903251179, "N_raw": 71, "N_roi": 71, "N_inlier": 67, "refit": true}
{"timestamp": "11:57:21.074720", "frame": 55, "mu": [0.8263816802626742, 1.913275501396576, 0.5392080583625836], "Sigma": [[0.0048315464526387355, 0.0014098138810544167, -0.039629993099439514], [0.0014098138810544167, 0.0036072322345217477, -0.02259880299603459], [-0.039629993099439514, -0.02259880299603459, 0.403049524694081]], "chi2_level": 0.95, "chi2_df": 3, "chi2_threshold": 7.814727903251179, "N_raw": 12, "N_roi": 10, "N_inlier": 10, "refit": true}
{"timestamp": "11:57:21.136274", "frame": 56, "mu": [0.696053879963702, 1.9463855704722912, 1.035906562080422], "Sigma": [[0.013799646068763707, 0.0005483523338220258, -0.005244254486188707], [0.0005483523338220257, 0.0066505041384380854, 0.0006619667762549075], [-0.005244254486188707, 0.0006619667762549076, 0.003993615039173905]], "chi2_level": 0.95, "chi2_df": 3, "chi2_threshold": 7.814727903251179, "N_raw": 72, "N_roi": 72, "N_inlier": 69, "refit": true}
{"timestamp": "11:57:21.192592", "frame": 57, "mu": [0.6770673497861635, 2.095051232285551, -0.6191251973312862], "Sigma": [[0.006911823198847975, 0.006668624282659748, 0.009889763434638248], [0.006668624282659747, 0.014811768424235037, 0.013714700732747366], [0.009889763434638248, 0.013714700732747366, 0.049742611810615664]], "chi2_level": 0.95, "chi2_df": 3, "chi2_threshold": 7.814727903251179, "N_raw": 70, "N_roi": 70, "N_inlier": 64, "refit": true}
{"timestamp": "11:57:21.243456", "frame": 58, "mu": [0.5649070405438457, 2.078426405185229, 1.1805643476994423], "Sigma": [[0.01840414838425291, -0.007226904904578277, -0.04616082915262011], [-0.007226904904578276, 0.005825712721006707, 0.021412286127261648], [-0.04616082915262011, 0.021412286127261648, 0.16251540411379828]], "chi2_level": 0.95, "chi2_df": 3, "chi2_threshold": 7.814727903251179, "N_raw": 39, "N_roi": 36, "N_inlier": 32, "refit": true}
{"timestamp": "11:57:21.293678", "frame": 59, "mu": [0.5154794535553665, 1.9981543274108124, 0.571486608290552], "Sigma": [[0.009247163180747238, -0.0027449330210149677, 0.009843635606208939], [-0.0027449330210149677, 0.005947242495048604, -0.03382628154410698], [0.009843635606208937, -0.03382628154410698, 0.32721610913328136]], "chi2_level": 0.95, "chi2_df": 3, "chi2_threshold": 7.814727903251179, "N_raw": 10, "N_roi": 10, "N_inlier": 10, "refit": true}
{"timestamp": "11:57:21.357750", "frame": 60, "mu": [0.5071477154239558, 2.139260667022968, -0.37538001959372486], "Sigma": [[0.007658881725723371, 0.002750402080193436, 0.010554936156834265], [0.002750402080193436, 0.008017630186505776, 0.0058227194534706764], [0.010554936156834265, 0.0058227194534706764, 0.06369314807912277]], "chi2_level": 0.95, "chi2_df": 3, "chi2_threshold": 7.814727903251179, "N_raw": 75, "N_roi": 75, "N_inlier": 71, "refit": true}
{"timestamp": "11:57:21.411362", "frame": 61, "mu": [0.46813287540895054, 1.996664764142565, 1.2555796189908572], "Sigma": [[0.00901248528628879, -0.005322779278298756, -0.0072200723999483836], [-0.005322779278298755, 0.009668401321971347, 0.004992384267654436], [-0.0072200723999483836, 0.004992384267654436, 0.006544363861008679]], "chi2_level": 0.95, "chi2_df": 3, "chi2_threshold": 7.814727903251179, "N_raw": 65, "N_roi": 65, "N_inlier": 62, "refit": true}
{"timestamp": "11:57:21.468210", "frame": 62, "mu": [0.4326358176427542, 2.020837111614908, 1.1962165233792907], "Sigma": [[0.007731617511908473, -0.005122167586701105, -0.01701563730442035], [-0.005122167586701106, 0.00982205796019134, 0.009936509311816099], [-0.01701563730442035, 0.009936509311816099, 0.06524325801406079]], "chi2_level": 0.95, "chi2_df": 3, "chi2_threshold": 7.814727903251179, "N_raw": 78, "N_roi": 77, "N_inlier": 75, "refit": true}
{"timestamp": "11:57:21.524898", "frame": 63, "mu": [0.28416135376289675, 2.1631069955070252, 0.17023991450561782], "Sigma": [[0.009292362590723765, -0.00500518747045914, 0.016653691643208287], [-0.005005187470459139, 0.013959708581930632, -0.031681085165944325], [0.01665369164320829, -0.031681085165944325, 0.2107552394099009]], "chi2_level": 0.95, "chi2_df": 3, "chi2_threshold": 7.814727903251179, "N_raw": 84, "N_roi": 81, "N_inlier": 76, "refit": true}
{"timestamp": "11:57:21.577248", "frame": 64, "mu": [0.22233725823165848, 2.10943145538882, 1.3874381034481895], "Sigma": [[0.008336739816158277, -0.004129792547051484, -0.004863823602169141], [-0.004129792547051484, 0.008838998654203118, 0.0008531691880351593], [-0.004863823602169141, 0.000853169188035159, 0.007328577559320742]], "chi2_level": 0.95, "chi2_df": 3, "chi2_threshold": 7.814727903251179, "N_raw": 73, "N_roi": 69, "N_inlier": 68, "refit": true}
{"timestamp": "11:57:21.631148", "frame": 65, "mu": [0.15280546002552062, 2.1455857138675065, 1.4091820692959904], "Sigma": [[0.007746614520574755, -0.0021517236116120084, -0.009566166629427272], [-0.0021517236116120084, 0.004398081654147133, 0.0007515460863636368], [-0.009566166629427273, 0.000751546086363637, 0.020988270418234044]], "chi2_level": 0.95, "chi2_df": 3, "chi2_threshold": 7.814727903251179, "N_raw": 58, "N_roi": 56, "N_inlier": 51, "refit": true}
{"timestamp": "11:57:21.689107", "frame": 66, "mu": [0.2158397448874467, 2.0775834844265653, 1.2104501152733294], "Sigma": [[0.00845529486135937, -0.0013003852812430953, 0.009807939313768835], [-0.0013003852812430953, 0.008651230707002603, -0.0020187688983638635], [0.009807939313768835, -0.0020187688983638635, 0.09260138843940811]], "chi2_level": 0.95, "chi2_df": 3, "chi2_threshold": 7.814727903251179, "N_raw": 83, "N_roi": 80, "N_inlier": 74, "refit": true}
{"timestamp": "11:57:21.744490", "frame": 67, "mu": [0.14230636251284748, 2.145836129263392, -0.24199853899264195], "Sigma": [[0.0072774115726919435, -0.0029816210888092528, -0.005598835554511163], [-0.0029816210888092528, 0.008427262873906221, -0.002862588430611105], [-0.005598835554511163, -0.0028625884306111055, 0.040258560550868336]], "chi2_level": 0.95, "chi2_df": 3, "chi2_threshold": 7.814727903251179, "N_raw": 86, "N_roi": 86, "N_inlier": 77, "refit": true}
{"timestamp": "11:57:21.809234", "frame": 68, "mu": [-0.0369324962570971, 2.028729870724302, 0.8564692604076811], "Sigma": [[0.03253469403653645, 0.0038990257686004038, 0.08868356479860037], [0.0038990257686004038, 0.009829135816289795, 0.03642170378726003], [0.08868356479860037, 0.03642170378726003, 0.460581277644968]], "chi2_level": 0.95, "chi2_df": 3, "chi2_threshold": 7.814727903251179, "N_raw": 145, "N_roi": 145, "N_inlier": 143, "refit": true}
{"timestamp": "11:57:21.855629", "frame": 69, "mu": [-0.025643001334217472, 2.0554533748357176, 1.411232641471951], "Sigma": [[0.010653256421245946, -0.006391064832112826, -0.00975910113790985], [-0.006391064832112826, 0.011275309694062197, 0.00680327458722272], [-0.00975910113790985, 0.00680327458722272, 0.009892027652795342]], "chi2_level": 0.95, "chi2_df": 3, "chi2_threshold": 7.814727903251179, "N_raw": 82, "N_roi": 82, "N_inlier": 76, "refit": true}
{"timestamp": "11:57:21.907208", "frame": 70, "mu": [-0.06804945412195365, 2.018923313063884, 1.3650229565235414], "Sigma": [[0.00981434513137588, -0.00409058073973554, -0.005675522498696462], [-0.00409058073973554, 0.00834562212755538, 0.004676831253044808], [-0.005675522498696462, 0.004676831253044808, 0.004491388843469338]], "chi2_level": 0.95, "chi2_df": 3, "chi2_threshold": 7.814727903251179, "N_raw": 69, "N_roi": 68, "N_inlier": 63, "refit": true}
{"timestamp": "11:57:21.960832", "frame": 71, "mu": [-0.15042416424204766, 2.0331958574577587, 1.4138361325889195], "Sigma": [[0.00865294751347438, -0.003425684953745236, -0.005818471540715284], [-0.003425684953745236, 0.007598262485262207, 0.004650840992843486], [-0.005818471540715283, 0.004650840992843486, 0.005031494608629808]], "chi2_level": 0.95, "chi2_df": 3, "chi2_threshold": 7.814727903251179, "N_raw": 62, "N_roi": 61, "N_inlier": 57, "refit": true}
{"timestamp": "11:57:22.014928", "frame": 72, "mu": [-0.1930084516406025, 2.031561742895288, 1.4224305926603298], "Sigma": [[0.006563723289228846, -0.002652512782580224, -0.004795079840612742], [-0.002652512782580224, 0.007625689042735677, 0.003971052058961218], [-0.004795079840612742, 0.003971052058961218, 0.0048285735990977645]], "chi2_level": 0.95, "chi2_df": 3, "chi2_threshold": 7.814727903251179, "N_raw": 55, "N_roi": 55, "N_inlier": 50, "refit": true}
{"timestamp": "11:57:22.068845", "frame": 73, "mu": [-0.322065660202392, 2.1411856317435873, -0.4417320059179336], "Sigma": [[0.009615493219832938, 0.004848848782378244, 0.009484372713070514], [0.004848848782378244, 0.004761379286189713, 0.006847387755324676], [0.009484372713070514, 0.006847387755324676, 0.03735970251195339]], "chi2_level": 0.95, "chi2_df": 3, "chi2_threshold": 7.814727903251179, "N_raw": 47, "N_roi": 45, "N_inlier": 40, "refit": true}
{"timestamp": "11:57:22.119174", "frame": 74, "mu": [-0.2170945980777098, 2.011481552935797, 0.8063831441851368], "Sigma": [[0.011257707215556802, 0.004632185928752787, -0.04132532996608064], [0.004632185928752787, 0.004938256397074636, -0.023530461123498894], [-0.04132532996608064, -0.02353046112349889, 0.17551038346493583]], "chi2_level": 0.95, "chi2_df": 3, "chi2_threshold": 7.814727903251179, "N_raw": 17, "N_roi": 17, "N_inlier": 16, "refit": true}
{"timestamp": "11:57:22.182882", "frame": 75, "mu": [-0.33598347639991455, 1.9740413872431941, 1.208180324005758], "Sigma": [[0.005955357795226992, -0.0019920213319176215, -0.007517959503354459], [-0.001992021331917621, 0.00677283438552515, -0.007908219643250905], [-0.007517959503354459, -0.007908219643250905, 0.05124351670600945]], "chi2_level": 0.95, "chi2_df": 3, "chi2_threshold": 7.814727903251179, "N_raw": 73, "N_roi": 71, "N_inlier": 63, "refit": true}
{"timestamp": "11:57:22.240398", "frame": 76, "mu": [-0.43425481215105577, 2.0039592442626004, 1.2592043984923966], "Sigma": [[0.007738334187917172, -0.002110523788911647, -0.005434545308776101], [-0.002110523788911647, 0.003844246421973017, -0.004178110802436449], [-0.005434545308776101, -0.004178110802436449, 0.023273627734762967]], "chi2_level": 0.95, "chi2_df": 3, "chi2_threshold": 7.814727903251179, "N_raw": 83, "N_roi": 81, "N_inlier": 75, "refit": true}
{"timestamp": "11:57:22.385783", "frame": 77, "mu": [-0.4852956640193251, 2.026603099811194, 1.3582266561230223], "Sigma": [[0.008385213553620843, -9.430127533187693e-05, -0.005560148814906251], [-9.430127533187694e-05, 0.008720468449286081, -0.00203668009418931], [-0.005560148814906251, -0.00203668009418931, 0.02512673060947217]], "chi2_level": 0.95, "chi2_df": 3, "chi2_threshold": 7.814727903251179, "N_raw": 87, "N_roi": 87, "N_inlier": 83, "refit": true}
{"timestamp": "11:57:22.394139", "frame": 78, "mu": [-0.5250090609051737, 2.095850648832677, -0.3438030807338097], "Sigma": [[0.007683031637730721, -0.002704611689604665, 0.006080561137759236], [-0.002704611689604665, 0.017952497122538033, -0.06305714028679657], [0.0060805611377592345, -0.06305714028679657, 0.3180530391330119]], "chi2_level": 0.95, "chi2_df": 3, "chi2_threshold": 7.814727903251179, "N_raw": 70, "N_roi": 69, "N_inlier": 68, "refit": true}
{"timestamp": "11:57:22.429417", "frame": 79, "mu": [-0.5617562232744802, 2.0917939273546517, -0.8111364877911753], "Sigma": [[0.008240422928424189, 0.005184047541470687, -0.004691135747759217], [0.005184047541470687, 0.0353465178695634, -0.054617824791231936], [-0.004691135747759217, -0.05461782479123193, 0.1661547312102544]], "chi2_level": 0.95, "chi2_df": 3, "chi2_threshold": 7.814727903251179, "N_raw": 104, "N_roi": 101, "N_inlier": 97, "refit": true}
{"timestamp": "11:57:22.461390", "frame": 80, "mu": [-0.6049639923794039, 2.002956595679211, 1.0581095942580523], "Sigma": [[0.009989845274796487, 0.000790167744749324, 0.008231186266321218], [0.0007901677447493241, 0.005844571908048695, -0.000268522677099742], [0.00823118626632122, -0.00026852267709974177, 0.2689139228511737]], "chi2_level": 0.95, "chi2_df": 3, "chi2_threshold": 7.814727903251179, "N_raw": 98, "N_roi": 94, "N_inlier": 93, "refit": true}
{"timestamp": "11:57:22.511449", "frame": 81, "mu": [-0.626057790999293, 1.913387160442212, 0.9208287897588993], "Sigma": [[0.004806983374963252, 0.0006948030120902081, 0.002606040172037612], [0.000694803012090208, 0.0026339094353325233, -0.007628443624555984], [0.002606040172037612, -0.007628443624555983, 0.1649243007617256]], "chi2_level": 0.95, "chi2_df": 3, "chi2_threshold": 7.814727903251179, "N_raw": 60, "N_roi": 60, "N_inlier": 58, "refit": true}
{"timestamp": "11:57:22.562508", "frame": 82, "mu": [-0.7088464913718151, 1.9709231241026754, 1.2589520362668023], "Sigma": [[0.007007698623830219, -0.00264169157793292, -0.014637924656987173], [-0.00264169157793292, 0.010123740081253775, 0.005097717099215214], [-0.014637924656987173, 0.005097717099215214, 0.052787605706708624]], "chi2_level": 0.95, "chi2_df": 3, "chi2_threshold": 7.814727903251179, "N_raw": 33, "N_roi": 33, "N_inlier": 29, "refit": true}
{"timestamp": "11:57:22.621681", "frame": 83, "mu": [-0.755150088581663, 2.003988356519099, 1.2797948336522356], "Sigma": [[0.007652846157899395, 0.0009697595257224588, -0.00674557217700646], [0.000969759525722459, 0.008332773924580488, -0.0021340719801197904], [-0.00674557217700646, -0.00213407198011979, 0.00863711347604209]], "chi2_level": 0.95, "chi2_df": 3, "chi2_threshold": 7.814727903251179, "N_raw": 67, "N_roi": 67, "N_inlier": 63, "refit": true}
{"timestamp": "11:57:22.677873", "frame": 84, "mu": [-0.8611627809430386, 1.9958151318851736, 1.3802140793485547], "Sigma": [[0.011004360283354114, -0.003330471653246506, -0.011124464413636228], [-0.0033304716532465066, 0.010132459588975313, 0.005353698784297203], [-0.011124464413636228, 0.005353698784297202, 0.013014025066916108]], "chi2_level": 0.95, "chi2_df": 3, "chi2_threshold": 7.814727903251179, "N_raw": 73, "N_roi": 73, "N_inlier": 69, "refit": true}
{"timestamp": "11:57:22.736961", "frame": 85, "mu": [-0.8770113167072854, 1.9909181042355386, 1.1889950257033133], "Sigma": [[0.015766509205494043, -0.003786286841010124, -0.04363003516382362], [-0.003786286841010125, 0.011991094874440703, 0.013149686599765922], [-0.04363003516382362, 0.013149686599765922, 0.16276268967169935]], "chi2_level": 0.95, "chi2_df": 3, "chi2_threshold": 7.814727903251179, "N_raw": 105, "N_roi": 105, "N_inlier": 102, "refit": true}
{"timestamp": "11:57:22.793236", "frame": 86, "mu": [-0.9773619397990361, 2.0129621763908694, 1.2499295035027815], "Sigma": [[0.015011679728195192, -0.005785652414236452, -0.041266698158683016], [-0.005785652414236452, 0.010832809419862404, 0.019130425080796827], [-0.04126669815868301, 0.019130425080796827, 0.1768710109262516]], "chi2_level": 0.95, "chi2_df": 3, "chi2_threshold": 7.814727903251179, "N_raw": 101, "N_roi": 101, "N_inlier": 98, "refit": true}
{"timestamp": "11:57:22.845865", "frame": 87, "mu": [-1.0583563951663628, 2.0124463223602924, 1.4007572510224253], "Sigma": [[0.01631104893023752, -0.0067222655755883745, -0.027372491720782908], [-0.0067222655755883745, 0.012129918767044345, 0.01245462633014872], [-0.027372491720782908, 0.01245462633014872, 0.06796837367466224]], "chi2_level": 0.95, "chi2_df": 3, "chi2_threshold": 7.814727903251179, "N_raw": 91, "N_roi": 91, "N_inlier": 85, "refit": true}
{"timestamp": "11:57:22.896455", "frame": 88, "mu": [-1.0006899514701402, 1.9312983343484675, 1.1086738151555207], "Sigma": [[0.006922668881508126, 0.001217772554435244, -0.00646272319278887], [0.0012177725544352436, 0.006504749380185077, 0.0005334569467799409], [-0.006462723192788869, 0.000533456946779941, 0.13070706430018347]], "chi2_level": 0.95, "chi2_df": 3, "chi2_threshold": 7.814727903251179, "N_raw": 64, "N_roi": 64, "N_inlier": 61, "refit": true}
{"timestamp": "11:57:22.954784", "frame": 89, "mu": [-1.1280213216239225, 1.9622475893113123, 1.2426506957888015], "Sigma": [[0.014861962396671964, -0.005664469052315482, -0.010455973861711395], [-0.005664469052315482, 0.009438173674867956, 0.002871795278273733], [-0.010455973861711397, 0.002871795278273734, 0.07732327045576215]], "chi2_level": 0.95, "chi2_df": 3, "chi2_threshold": 7.814727903251179, "N_raw": 91, "N_roi": 91, "N_inlier": 86, "refit": true}
{"timestamp": "11:57:23.008106", "frame": 90, "mu": [-1.1906213244615287, 1.9908996147201778, 1.384178639606001], "Sigma": [[0.020656372587505904, -0.00847810894377038, -0.022978627832776752], [-0.00847810894377038, 0.009582421004229345, 0.010278007132155851], [-0.02297862783277676, 0.01027800713215585, 0.02743376085574866]], "chi2_level": 0.95, "chi2_df": 3, "chi2_threshold": 7.814727903251179, "N_raw": 73, "N_roi": 73, "N_inlier": 69, "refit": true}
{"timestamp": "11:57:23.060032", "frame": 91, "mu": [-1.2127610766165275, 1.9245252237031947, 1.3067362336184662], "Sigma": [[0.022431029951387065, -0.009100773613872556, -0.02509702498216651], [-0.009100773613872558, 0.008348679688649533, 0.011800436079019965], [-0.02509702498216651, 0.011800436079019965, 0.03244463901402944]], "chi2_level": 0.95, "chi2_df": 3, "chi2_threshold": 7.814727903251179, "N_raw": 54, "N_roi": 54, "N_inlier": 51, "refit": true}
{"timestamp": "11:57:23.118874", "frame": 92, "mu": [-1.2698125601949621, 1.9733029885768807, 1.3792413875477685], "Sigma": [[0.025740665717741702, -0.008201928100227247, -0.02926731039979017], [-0.008201928100227246, 0.008150734757288834, 0.008849961260857162], [-0.02926731039979017, 0.008849961260857162, 0.03895004795213996]], "chi2_level": 0.95, "chi2_df": 3, "chi2_threshold": 7.814727903251179, "N_raw": 81, "N_roi": 81, "N_inlier": 79, "refit": true}
{"timestamp": "11:57:23.172611", "frame": 93, "mu": [-1.371109505374959, 1.9685886936580457, 1.45240621130347], "Sigma": [[0.03076950460781802, -0.006419685164489748, -0.032627049345077944], [-0.006419685164489748, 0.006617225481161222, 0.006577681831693095], [-0.032627049345077944, 0.006577681831693095, 0.03660712306393889]], "chi2_level": 0.95, "chi2_df": 3, "chi2_threshold": 7.814727903251179, "N_raw": 73, "N_roi": 73, "N_inlier": 66, "refit": true}
{"timestamp": "11:57:23.224233", "frame": 94, "mu": [-1.4251743738653728, 2.0409871994772635, -0.07691633370397835], "Sigma": [[0.013848916026359988, 0.0005504257857531331, -0.014113426998910739], [0.000550425785753133, 0.005360702735112212, 0.0011999534890587708], [-0.014113426998910739, 0.0011999534890587708, 0.017107146758214085]], "chi2_level": 0.95, "chi2_df": 3, "chi2_threshold": 7.814727903251179, "N_raw": 48, "N_roi": 48, "N_inlier": 45, "refit": true}
{"timestamp": "11:57:23.278023", "frame": 95, "mu": [-1.4830399800763685, 1.9066865544044205, 1.362183486711518], "Sigma": [[0.005318090886806789, 0.0004509380671315854, -0.005004926552786805], [0.00045093806713158513, 0.008599721352157712, 0.0005282131050337783], [-0.005004926552786805, 0.0005282131050337781, 0.005329280161127067]], "chi2_level": 0.95, "chi2_df": 3, "chi2_threshold": 7.814727903251179, "N_raw": 42, "N_roi": 42, "N_inlier": 39, "refit": true}
{"timestamp": "11:57:23.338075", "frame": 96, "mu": [-1.674301300181058, 1.8910217595817307, 1.4807776522057252], "Sigma": [[0.017022892950720236, 0.0073972145917395446, -0.014074697813601978], [0.0073972145917395446, 0.0158838373255584, -0.00674491393482418], [-0.014074697813601978, -0.00674491393482418, 0.014284062612895781]], "chi2_level": 0.95, "chi2_df": 3, "chi2_threshold": 7.814727903251179, "N_raw": 78, "N_roi": 78, "N_inlier": 70, "refit": true}
{"timestamp": "11:57:23.388438", "frame": 97, "mu": [-1.7392926198255707, 1.7895282185138357, 1.3968628876626084], "Sigma": [[0.022668882369435067, 0.019557665191574387, -0.04309319221574247], [0.019557665191574387, 0.021950900621477525, -0.037305159200244645], [-0.04309319221574247, -0.037305159200244645, 0.12134106108327192]], "chi2_level": 0.95, "chi2_df": 3, "chi2_threshold": 7.814727903251179, "N_raw": 44, "N_roi": 44, "N_inlier": 41, "refit": true}
{"timestamp": "11:57:23.450923", "frame": 98, "mu": [-1.9021382690648116, 1.7599050496126805, 1.6731726519407035], "Sigma": [[0.027498840934668145, 0.014344856927579948, -0.026657616994462112], [0.014344856927579948, 0.022587324985367477, -0.009078961019230714], [-0.026657616994462112, -0.009078961019230714, 0.03053471213564434]], "chi2_level": 0.95, "chi2_df": 3, "chi2_threshold": 7.814727903251179, "N_raw": 100, "N_roi": 100, "N_inlier": 94, "refit": true}
{"timestamp": "11:57:23.500033", "frame": 99, "mu": [-2.0109873578328505, 1.74307010417759, 1.6634279007359267], "Sigma": [[0.01828130636867089, 0.014706779615981758, -0.030618330719532606], [0.014706779615981758, 0.02229874254567743, -0.028121350093425524], [-0.030618330719532606, -0.02812135009342552, 0.07199852242311987]], "chi2_level": 0.95, "chi2_df": 3, "chi2_threshold": 7.814727903251179, "N_raw": 59, "N_roi": 59, "N_inlier": 55, "refit": true}
{"timestamp": "11:57:23.659266", "frame": 100, "mu": [-2.038338659794563, 1.6904453822777004, 1.6902479568765436], "Sigma": [[0.020717065238379608, 0.011274456352686934, -0.025349201881760475], [0.011274456352686934, 0.01948484794374772, -0.014187185212593514], [-0.025349201881760475, -0.014187185212593514, 0.042680508186672184]], "chi2_level": 0.95, "chi2_df": 3, "chi2_threshold": 7.814727903251179, "N_raw": 74, "N_roi": 74, "N_inlier": 69, "refit": true}
{"timestamp": "11:57:23.688338", "frame": 101, "mu": [-2.015029660304945, 1.6627389385470253, 1.4628991906900402], "Sigma": [[0.026015784095113417, 0.017880003508691754, -0.015031770571195532], [0.017880003508691754, 0.019379271688935273, -0.012533435879022357], [-0.015031770571195532, -0.012533435879022359, 0.010433670036809351]], "chi2_level": 0.95, "chi2_df": 3, "chi2_threshold": 7.814727903251179, "N_raw": 74, "N_roi": 73, "N_inlier": 71, "refit": true}
{"timestamp": "11:57:23.719333", "frame": 102, "mu": [-2.140252014796408, 1.6554357393701173, 1.6898550360511966], "Sigma": [[0.01497801283285896, 0.006487957130159575, -0.016337466518389295], [0.006487957130159575, 0.016354166516248606, -0.003667537320281832], [-0.016337466518389295, -0.0036675373202818317, 0.02134406229061294]], "chi2_level": 0.95, "chi2_df": 3, "chi2_threshold": 7.814727903251179, "N_raw": 60, "N_roi": 60, "N_inlier": 59, "refit": true}
{"timestamp": "11:57:23.754451", "frame": 103, "mu": [-2.167850681639161, 1.693285673265487, 1.673221746247272], "Sigma": [[0.01732845527732167, 0.009760606424183884, -0.018817533914165796], [0.009760606424183884, 0.024789470350187335, -0.006697153197185187], [-0.018817533914165796, -0.006697153197185186, 0.025414643781928654]], "chi2_level": 0.95, "chi2_df": 3, "chi2_threshold": 7.814727903251179, "N_raw": 78, "N_roi": 78, "N_inlier": 77, "refit": true}
{"timestamp": "11:57:23.773661", "frame": 104, "mu": [-2.191599373250281, 1.7235439367989924, -0.021250027631765114], "Sigma": [[0.012828938656870724, 0.007407231160927987, -0.009376023890968891], [0.007407231160927988, 0.015989482587947176, -0.003988244871665101], [-0.009376023890968893, -0.003988244871665101, 0.010338534013418534]], "chi2_level": 0.95, "chi2_df": 3, "chi2_threshold": 7.814727903251179, "N_raw": 47, "N_roi": 47, "N_inlier": 46, "refit": true}
{"timestamp": "11:57:23.829536", "frame": 105, "mu": [-2.2364433393613976, 1.643173259323724, 1.6224739015084881], "Sigma": [[0.012249683040726735, 0.007976819893001325, -0.014006450333320508], [0.007976819893001325, 0.01583179298828409, -0.008313194479629037], [-0.01400645033332051, -0.008313194479629037, 0.017980962472039393]], "chi2_level": 0.95, "chi2_df": 3, "chi2_threshold": 7.814727903251179, "N_raw": 49, "N_roi": 49, "N_inlier": 46, "refit": true}
{"timestamp": "11:57:23.884738", "frame": 106, "mu": [-2.2527401999217878, 1.6258030101405174, 1.479959963557829], "Sigma": [[0.01089991574184945, 0.009341145413847207, -0.007930942537463298], [0.009341145413847205, 0.019191944696594136, -0.01166248657449747], [-0.007930942537463298, -0.01166248657449747, 0.009025786644928197]], "chi2_level": 0.95, "chi2_df": 3, "chi2_threshold": 7.814727903251179, "N_raw": 56, "N_roi": 56, "N_inlier": 51, "refit": true}
{"timestamp": "11:57:23.941106", "frame": 107, "mu": [-2.322648286370598, 1.6916913886594835, 1.5853263129281094], "Sigma": [[0.00948720404465755, 0.004587422839392183, -0.009708885899076071], [0.004587422839392183, 0.020734447876620456, -0.002033557704604341], [-0.009708885899076071, -0.002033557704604341, 0.012044502421909823]], "chi2_level": 0.95, "chi2_df": 3, "chi2_threshold": 7.814727903251179, "N_raw": 64, "N_roi": 54, "N_inlier": 51, "refit": true}
{"timestamp": "11:57:23.997289", "frame": 108, "mu": [-2.3399191718493575, 1.728682840461075, 1.4679741736198042], "Sigma": [[0.008719351387525087, 0.004183492315351412, -0.0076687641285461796], [0.004183492315351413, 0.022288575542856126, -0.0017198846992151286], [-0.0076687641285461796, -0.0017198846992151282, 0.010778368772532423]], "chi2_level": 0.95, "chi2_df": 3, "chi2_threshold": 7.814727903251179, "N_raw": 69, "N_roi": 55, "N_inlier": 50, "refit": true}
{"timestamp": "11:57:24.050211", "frame": 109, "mu": [-2.321705803028551, 1.741906103389105, 1.2975180861124074], "Sigma": [[0.00933268249306176, 0.005839269783835357, -0.007837296770772932], [0.005839269783835356, 0.017288380348360503, -0.007417749407339835], [-0.007837296770772932, -0.007417749407339835, 0.008218140686693553]], "chi2_level": 0.95, "chi2_df": 3, "chi2_threshold": 7.814727903251179, "N_raw": 56, "N_roi": 47, "N_inlier": 45, "refit": true}
{"timestamp": "11:57:24.102488", "frame": 110, "mu": [-2.388382254819601, 1.7075053215375058, 1.1940135631348143], "Sigma": [[0.006561669376047205, 0.00732328395017149, -0.011864795998570384], [0.00732328395017149, 0.011021625095566178, -0.01771704919511525], [-0.011864795998570384, -0.01771704919511525, 0.03269438749003771]], "chi2_level": 0.95, "chi2_df": 3, "chi2_threshold": 7.814727903251179, "N_raw": 38, "N_roi": 21, "N_inlier": 18, "refit": true}
{"timestamp": "11:57:24.153801", "frame": 111, "mu": [-2.384561820703004, 1.6641859892266622, 1.2809428078012024], "Sigma": [[0.004784070747584807, 0.004799274483905922, -0.003879282541884743], [0.004799274483905922, 0.00619291795453526, -0.005359530107109162], [-0.0038792825418847428, -0.005359530107109162, 0.005865811191782716]], "chi2_level": 0.95, "chi2_df": 3, "chi2_threshold": 7.814727903251179, "N_raw": 15, "N_roi": 15, "N_inlier": 14, "refit": true}
{"timestamp": "11:57:24.214374", "frame": 112, "mu": [-2.4062587029593283, 1.7313380740939206, 1.1961175896601068], "Sigma": [[0.003613929563371987, 0.0017240541186504823, -0.0019028435156888024], [0.0017240541186504827, 0.01073871400430749, -0.007515758132536416], [-0.0019028435156888024, -0.007515758132536415, 0.007902536329306084]], "chi2_level": 0.95, "chi2_df": 3, "chi2_threshold": 7.814727903251179, "N_raw": 57, "N_roi": 28, "N_inlier": 27, "refit": true}
{"timestamp": "11:57:24.267862", "frame": 113, "mu": [-2.4054707878877766, 1.6451723585940152, 1.107158932379121], "Sigma": [[0.003965481258527657, 0.003166419891790579, -0.0016943451518139814], [0.003166419891790579, 0.007282329625649513, -0.008456643356101193], [-0.0016943451518139812, -0.008456643356101193, 0.013031909676996035]], "chi2_level": 0.95, "chi2_df": 3, "chi2_threshold": 7.814727903251179, "N_raw": 43, "N_roi": 23, "N_inlier": 23, "refit": true}
{"timestamp": "11:57:24.321460", "frame": 114, "mu": [-2.3899122054556803, 1.641712212849793, 1.119013542909354], "Sigma": [[0.005134073595577579, 0.004295505012203127, -0.0021933588224042643], [0.004295505012203126, 0.007129297292207173, -0.005379308532863841], [-0.0021933588224042643, -0.005379308532863841, 0.006168769018571365]], "chi2_level": 0.95, "chi2_df": 3, "chi2_threshold": 7.814727903251179, "N_raw": 36, "N_roi": 22, "N_inlier": 20, "refit": true}
{"timestamp": "11:57:24.376678", "frame": 115, "mu": [-2.3895648097028523, 1.6282953422405175, 0.9510879243836274], "Sigma": [[0.004520400142352149, 0.003645677077212437, -0.0029045771441850547], [0.003645677077212437, 0.01008590514939069, -0.007473997196129284], [-0.0029045771441850547, -0.007473997196129284, 0.0067738647207996674]], "chi2_level": 0.95, "chi2_df": 3, "chi2_threshold": 7.814727903251179, "N_raw": 52, "N_roi": 30, "N_inlier": 29, "refit": true}
{"timestamp": "11:57:24.434021", "frame": 116, "mu": [-2.3987966005842454, 1.5961495780866772, 0.8830695021964368], "Sigma": [[0.0033721806311416127, 0.0022514510420286802, -0.0008441614503172069], [0.0022514510420286802, 0.005542150049741587, -0.0026836681776443044], [-0.0008441614503172069, -0.0026836681776443044, 0.0014276466761795963]], "chi2_level": 0.95, "chi2_df": 3, "chi2_threshold": 7.814727903251179, "N_raw": 52, "N_roi": 18, "N_inlier": 16, "refit": true}
{"timestamp": "11:57:24.489942", "frame": 117, "mu": [-2.444728627191701, 1.6594444598348157, 1.075471682023961], "Sigma": [[0.0015497955948414956, 0.0010973664428596504, -0.0003571787046224843], [0.0010973664428596504, 0.0034321106653884444, -0.0030347712431996678], [-0.0003571787046224843, -0.0030347712431996678, 0.004301320957867842]], "chi2_level": 0.95, "chi2_df": 3, "chi2_threshold": 7.814727903251179, "N_raw": 55, "N_roi": 12, "N_inlier": 12, "refit": true}
