{"timestamp": "11:59:53.166475", "frame": 50, "mu": [1.580983809114521, 0.8914206423575329, 1.4742926233975648], "Sigma": [[0.002778457444243778, -0.0016088221864294225, -0.0012247144819304886], [-0.0016088221864294225, 0.005841660553882592, -0.0009996216595612346], [-0.0012247144819304886, -0.0009996216595612349, 0.0013694149705083091]], "chi2_level": 0.95, "chi2_df": 3, "chi2_threshold": 7.814727903251179, "N_raw": 22, "N_roi": 22, "N_inlier": 21, "refit": true}
{"timestamp": "11:59:53.222969", "frame": 51, "mu": [1.5293306494353684, 0.9045588914673354, 1.3291608035157085], "Sigma": [[0.002985782574286314, -0.0023726896619915587, 0.010143058824394384], [-0.0023726896619915582, 0.008368233109762464, -0.011145741858928113], [0.010143058824394384, -0.011145741858928113, 0.16990663654000546]], "chi2_level": 0.95, "chi2_df": 3, "chi2_threshold": 7.814727903251179, "N_raw": 19, "N_roi": 19, "N_inlier": 18, "refit": true}
{"timestamp": "11:59:53.277301", "frame": 52, "mu": [1.4978253562025265, 0.9241218504624498, 1.4352603632495804], "Sigma": [[0.0022398343785538406, -0.0010595426458093063, -0.0005683832631229456], [-0.0010595426458093063, 0.00606306277636865, 0.0020875454903358463], [-0.0005683832631229456, 0.0020875454903358463, 0.0009935287670194584]], "chi2_level": 0.95, "chi2_df": 3, "chi2_threshold": 7.814727903251179, "N_raw": 17, "N_roi": 17, "N_inlier": 15, "refit": true}
{"timestamp": "11:59:53.391081", "frame": 54, "mu": [1.3628747726477393, 1.1495791960155435, -0.24573415180239164], "Sigma": [[0.00610263032733979, -0.0029463147259632845, -0.001172928738785428], [-0.0029463147259632836, 0.013730191419492792, 0.011493030812375538], [-0.0011729287387854282, 0.01149303081237554, 0.010509367166883752]], "chi2_level": 0.95, "chi2_df": 3, "chi2_threshold": 7.814727903251179, "N_raw": 40, "N_roi": 40, "N_inlier": 39, "refit": true}
{"timestamp": "11:59:53.442650", "frame": 55, "mu": [1.2657577735004883, 0.9467237664568458, 1.243944246159576], "Sigma": [[0.0037881858940968438, -0.003200313191626429, -0.0015775683040030622], [-0.003200313191626429, 0.004985249482092767, 0.0003078926677030716], [-0.0015775683040030624, 0.0003078926677030716, 0.001383985660786244]], "chi2_level": 0.95, "chi2_df": 3, "chi2_threshold": 7.814727903251179, "N_raw": 13, "N_roi": 13, "N_inlier": 12, "refit": true}
{"timestamp": "11:59:53.496655", "frame": 56, "mu": [1.1890768918097308, 1.048270351326237, 1.239238823524154], "Sigma": [[0.0026554171863005086, -0.00021787555762874783, -0.0017611036449876332], [-0.00021787555762874773, 0.001938111829333965, -0.0008244751810039918], [-0.0017611036449876332, -0.0008244751810039917, 0.0019368972407614396]], "chi2_level": 0.95, "chi2_df": 3, "chi2_threshold": 7.814727903251179, "N_raw": 12, "N_roi": 12, "N_inlier": 12, "refit": true}
{"timestamp": "11:59:53.552269", "frame": 57, "mu": [1.1701746504811377, 1.3022180343176328, 1.553369809968878], "Sigma": [[0.002323711020445509, -0.0008846721359788878, 5.8089992592281716e-05], [-0.0008846721359788876, 0.002317370961830772, -0.0009436778903961418], [5.808999259228174e-05, -0.0009436778903961418, 0.0006921563737648861]], "chi2_level": 0.95, "chi2_df": 3, "chi2_threshold": 7.814727903251179, "N_raw": 20, "N_roi": 20, "N_inlier": 19, "refit": true}
{"timestamp": "11:59:53.664742", "frame": 59, "mu": [1.0493336100205417, 1.256474314006582, 1.3265774705444517], "Sigma": [[0.0033167000283678715, 1.0457582835117285e-05, 0.000550760670190689], [1.0457582835117312e-05, 0.006741412466790838, 0.002259255350096073], [0.000550760670190689, 0.002259255350096073, 0.0012293728380320848]], "chi2_level": 0.95, "chi2_df": 3, "chi2_threshold": 7.814727903251179, "N_raw": 32, "N_roi": 32, "N_inlier": 30, "refit": true}
{"timestamp": "11:59:53.720393", "frame": 60, "mu": [1.0347113237158736, 1.1946502687234613, 1.216577493772126], "Sigma": [[0.0033596720240354244, -0.0017195715104080188, -0.0017296968429105475], [-0.0017195715104080193, 0.0025433117472670056, -0.0006440333698380793], [-0.0017296968429105473, -0.0006440333698380795, 0.0052520645229962686]], "chi2_level": 0.95, "chi2_df": 3, "chi2_threshold": 7.814727903251179, "N_raw": 34, "N_roi": 34, "N_inlier": 31, "refit": true}
{"timestamp": "11:59:53.771773", "frame": 61, "mu": [1.0206591314181275, 1.2406397403612965, 1.1832580102144794], "Sigma": [[0.002289528505267058, -0.0004466148755285666, -0.004577361492519412], [-0.00044661487552856666, 0.0015780846936536209, -0.000999129886183751], [-0.004577361492519412, -0.000999129886183751, 0.012537568521465205]], "chi2_level": 0.95, "chi2_df": 3, "chi2_threshold": 7.814727903251179, "N_raw": 13, "N_roi": 13, "N_inlier": 11, "refit": true}
{"timestamp": "11:59:53.829176", "frame": 62, "mu": [0.9728559076996747, 1.4651409212183422, 1.480144620516158], "Sigma": [[0.002713349503658016, -0.00042692367672496475, -0.002821413551351361], [-0.00042692367672496486, 0.008046083660053716, 0.00764680640985454], [-0.002821413551351361, 0.00764680640985454, 0.013689924889876965]], "chi2_level": 0.95, "chi2_df": 3, "chi2_threshold": 7.814727903251179, "N_raw": 29, "N_roi": 29, "N_inlier": 27, "refit": true}
{"timestamp": "11:59:53.886878", "frame": 63, "mu": [0.9251625160979938, 1.5111850684321881, 1.4355754413700206], "Sigma": [[0.003598851783891432, -0.0012685878714738057, -0.0020139221578393744], [-0.0012685878714738057, 0.015020300393654058, 0.010536543151311549], [-0.002013922157839374, 0.010536543151311549, 0.010138919711450166]], "chi2_level": 0.95, "chi2_df": 3, "chi2_threshold": 7.814727903251179, "N_raw": 46, "N_roi": 46, "N_inlier": 45, "refit": true}
{"timestamp": "11:59:53.942945", "frame": 64, "mu": [0.9288639957204254, 1.6069513129421062, -0.1542930000439959], "Sigma": [[0.0044846078106803985, -0.0010568676679581, -0.0018318446734390582], [-0.0010568676679581003, 0.009149862761812967, 0.010493860240603505], [-0.0018318446734390584, 0.010493860240603505, 0.013580276781767342]], "chi2_level": 0.95, "chi2_df": 3, "chi2_threshold": 7.814727903251179, "N_raw": 54, "N_roi": 54, "N_inlier": 50, "refit": true}
{"timestamp": "11:59:54.001861", "frame": 65, "mu": [0.9104999260071995, 1.6367352794425183, 1.4690145642384622], "Sigma": [[0.007609501481645156, -0.005000751385361423, -0.011464316706083444], [-0.005000751385361423, 0.01429000630468896, 0.018246560226740934], [-0.011464316706083444, 0.018246560226740934, 0.04867555129903811]], "chi2_level": 0.95, "chi2_df": 3, "chi2_threshold": 7.814727903251179, "N_raw": 73, "N_roi": 73, "N_inlier": 63, "refit": true}
{"timestamp": "11:59:54.057914", "frame": 66, "mu": [0.8770799058385454, 1.6558897783229427, 0.16860516205544132], "Sigma": [[0.0071205989814397035, -0.0032531827633382965, 0.02667187558233573], [-0.0032531827633382974, 0.024438206011199993, -0.048901465611736104], [0.026671875582335733, -0.048901465611736104, 0.34685122072766494]], "chi2_level": 0.95, "chi2_df": 3, "chi2_threshold": 7.814727903251179, "N_raw": 89, "N_roi": 89, "N_inlier": 86, "refit": true}
{"timestamp": "11:59:54.114773", "frame": 67, "mu": [0.8566713073947232, 1.6287899335741403, 1.4565652779416356], "Sigma": [[0.007810188713169928, 1.7414514825626242e-05, -0.0020262514411857257], [1.741451482562589e-05, 0.022964548551980848, 0.01592651739690798], [-0.0020262514411857257, 0.01592651739690798, 0.014337365469218625]], "chi2_level": 0.95, "chi2_df": 3, "chi2_threshold": 7.814727903251179, "N_raw": 89, "N_roi": 89, "N_inlier": 86, "refit": true}
{"timestamp": "11:59:54.167564", "frame": 68, "mu": [0.8258564096215296, 1.692875642112833, 1.4805492035833976], "Sigma": [[0.00883399768595813, -0.0005354932358195359, -0.0021545436799011567], [-0.0005354932358195359, 0.012626272322516056, 0.006653457723667074], [-0.0021545436799011567, 0.006653457723667072, 0.005496020626666259]], "chi2_level": 0.95, "chi2_df": 3, "chi2_threshold": 7.814727903251179, "N_raw": 78, "N_roi": 78, "N_inlier": 76, "refit": true}
{"timestamp": "11:59:54.223100", "frame": 69, "mu": [0.7879207422192223, 1.759134129117938, -0.4075026922962741], "Sigma": [[0.007087639214316574, 0.003498480299629601, 0.013219168769493552], [0.003498480299629601, 0.015091989717245234, 0.01395601573564707], [0.013219168769493552, 0.01395601573564707, 0.05582642898897083]], "chi2_level": 0.95, "chi2_df": 3, "chi2_threshold": 7.814727903251179, "N_raw": 83, "N_roi": 83, "N_inlier": 80, "refit": true}
{"timestamp": "11:59:54.275740", "frame": 70, "mu": [0.7415812245421647, 1.7546137471880907, 1.4214232536743643], "Sigma": [[0.006264224454361762, 0.00136625324232924, 0.00025082018331753554], [0.00136625324232924, 0.01337894300721511, 0.007004598582331549], [0.00025082018331753564, 0.007004598582331548, 0.006605597172382069]], "chi2_level": 0.95, "chi2_df": 3, "chi2_threshold": 7.814727903251179, "N_raw": 69, "N_roi": 69, "N_inlier": 66, "refit": true}
{"timestamp": "11:59:54.331834", "frame": 71, "mu": [0.6837513223782623, 1.8021310847449485, 1.423451189225596], "Sigma": [[0.01028848613007509, 0.0016610815580179014, -0.00028525628037065454], [0.001661081558017901, 0.010282627973526791, 0.00501744947917907], [-0.0002852562803706545, 0.005017449479179069, 0.004194410634259931]], "chi2_level": 0.95, "chi2_df": 3, "chi2_threshold": 7.814727903251179, "N_raw": 75, "N_roi": 75, "N_inlier": 72, "refit": true}
{"timestamp": "11:59:54.383804", "frame": 72, "mu": [0.6310859211505592, 1.9514216168165652, 0.003745697751269558], "Sigma": [[0.006955651259300701, 0.0002122734872843243, -0.0024775516816003306], [0.00021227348728432413, 0.0049797183286276235, 0.0026349641584602736], [-0.0024775516816003306, 0.0026349641584602736, 0.004211392320266868]], "chi2_level": 0.95, "chi2_df": 3, "chi2_threshold": 7.814727903251179, "N_raw": 55, "N_roi": 55, "N_inlier": 50, "refit": true}
{"timestamp": "11:59:54.439410", "frame": 73, "mu": [0.5446556297838856, 1.88978308980814, -0.4085511341496557], "Sigma": [[0.007107754239230741, 0.006536452939019556, 0.014565664513291922], [0.006536452939019556, 0.011489963010447852, 0.0169945154098059], [0.014565664513291922, 0.0169945154098059, 0.05901384913311063]], "chi2_level": 0.95, "chi2_df": 3, "chi2_threshold": 7.814727903251179, "N_raw": 60, "N_roi": 60, "N_inlier": 53, "refit": true}
{"timestamp": "11:59:54.492812", "frame": 74, "mu": [0.5485628794049098, 1.8092578031607516, 0.9655192369361444], "Sigma": [[0.026630118222050796, 0.0010152794482250808, -0.05820146236280717], [0.0010152794482250805, 0.0029955328389556736, -0.005520833337311624], [-0.05820146236280717, -0.005520833337311622, 0.14595616340953896]], "chi2_level": 0.95, "chi2_df": 3, "chi2_threshold": 7.814727903251179, "N_raw": 51, "N_roi": 51, "N_inlier": 47, "refit": true}
{"timestamp": "11:59:54.553171", "frame": 75, "mu": [0.4744099684339292, 1.893590366473241, 1.2034854184870354], "Sigma": [[0.014829296644924357, -0.0008020238616976683, -0.02485258853730083], [-0.0008020238616976685, 0.006837101588917396, 0.0035975645597896805], [-0.02485258853730083, 0.003597564559789679, 0.08238377792864604]], "chi2_level": 0.95, "chi2_df": 3, "chi2_threshold": 7.814727903251179, "N_raw": 83, "N_roi": 83, "N_inlier": 77, "refit": true}
{"timestamp": "11:59:54.605789", "frame": 76, "mu": [0.43635144222741834, 1.948309056530223, 1.3573747734022947], "Sigma": [[0.006878681773543597, 0.0008881116866134272, -0.0015624233287722614], [0.0008881116866134274, 0.007571105892452863, 0.0010709380415493408], [-0.0015624233287722614, 0.0010709380415493408, 0.004238622096195402]], "chi2_level": 0.95, "chi2_df": 3, "chi2_threshold": 7.814727903251179, "N_raw": 70, "N_roi": 70, "N_inlier": 63, "refit": true}
{"timestamp": "11:59:54.665740", "frame": 77, "mu": [0.42137919457646317, 2.139911038686315, -0.24680865077624964], "Sigma": [[0.013329606949828258, 0.01074895799713129, -0.030426932556564985], [0.01074895799713129, 0.024636343250930712, -0.04371815375062731], [-0.030426932556564985, -0.04371815375062731, 0.15489293404381127]], "chi2_level": 0.95, "chi2_df": 3, "chi2_threshold": 7.814727903251179, "N_raw": 106, "N_roi": 106, "N_inlier": 101, "refit": true}
{"timestamp": "11:59:54.718436", "frame": 78, "mu": [0.3231587990349657, 2.079220729477297, 1.485640555768357], "Sigma": [[0.0065596068425302296, 0.00011745885228732901, -0.0016965542412590866], [0.0001174588522873289, 0.01572579293048033, 0.008927822052307913], [-0.0016965542412590866, 0.008927822052307912, 0.008888104500417436]], "chi2_level": 0.95, "chi2_df": 3, "chi2_threshold": 7.814727903251179, "N_raw": 83, "N_roi": 83, "N_inlier": 77, "refit": true}
{"timestamp": "11:59:54.770746", "frame": 79, "mu": [0.2963852234465123, 2.1906907752044624, 0.08206149606239276], "Sigma": [[0.007097592685281691, 0.0012566846325541496, 0.0012234125249165266], [0.0012566846325541496, 0.00770426373635736, 0.0061484917759741815], [0.0012234125249165268, 0.0061484917759741815, 0.009969252451960047]], "chi2_level": 0.95, "chi2_df": 3, "chi2_threshold": 7.814727903251179, "N_raw": 70, "N_roi": 70, "N_inlier": 64, "refit": true}
{"timestamp": "11:59:54.824946", "frame": 80, "mu": [0.26452323471166633, 2.184386993764222, 1.5254580571048426], "Sigma": [[0.008374429355839255, 0.0005882561740641736, -0.005144658757483536], [0.0005882561740641736, 0.007075266133403504, 0.002058475188502573], [-0.005144658757483536, 0.0020584751885025726, 0.005298642622496125]], "chi2_level": 0.95, "chi2_df": 3, "chi2_threshold": 7.814727903251179, "N_raw": 66, "N_roi": 66, "N_inlier": 60, "refit": true}
{"timestamp": "11:59:54.884841", "frame": 81, "mu": [0.21285660822084324, 2.3671633047513434, -0.5355317533446926], "Sigma": [[0.0072199978405752775, 0.0019081717437909496, -0.011372891770737803], [0.0019081717437909498, 0.02996851620714004, -0.10895476497868566], [-0.011372891770737803, -0.10895476497868566, 0.6779600827039509]], "chi2_level": 0.95, "chi2_df": 3, "chi2_threshold": 7.814727903251179, "N_raw": 100, "N_roi": 93, "N_inlier": 93, "refit": true}
{"timestamp": "11:59:54.937008", "frame": 82, "mu": [0.1909137938001846, 2.256280463064214, 1.4447009331533218], "Sigma": [[0.007548192134547917, 0.0009908165837603203, -0.006612187742531786], [0.0009908165837603205, 0.005997582812608054, 0.005216638175293248], [-0.0066121877425317855, 0.005216638175293248, 0.06441650385244194]], "chi2_level": 0.95, "chi2_df": 3, "chi2_threshold": 7.814727903251179, "N_raw": 70, "N_roi": 70, "N_inlier": 59, "refit": true}
{"timestamp": "11:59:54.990986", "frame": 83, "mu": [0.09873092455756116, 2.282745667805692, 1.4913563839376576], "Sigma": [[0.007920364411952098, 0.00014363264256768505, -0.0014435057170512308], [0.00014363264256768464, 0.011049602341627251, 0.006609442897797961], [-0.0014435057170512308, 0.006609442897797961, 0.005053416990906263]], "chi2_level": 0.95, "chi2_df": 3, "chi2_threshold": 7.814727903251179, "N_raw": 72, "N_roi": 72, "N_inlier": 66, "refit": true}
{"timestamp": "11:59:55.051040", "frame": 84, "mu": [0.08564060650206809, 2.2794420792624197, 1.111704952569988], "Sigma": [[0.009986342726440745, -0.0008376044625851296, -0.01892640860560151], [-0.0008376044625851304, 0.07263893328993945, 0.1689746210103203], [-0.01892640860560151, 0.1689746210103203, 0.6759462649628691]], "chi2_level": 0.95, "chi2_df": 3, "chi2_threshold": 7.814727903251179, "N_raw": 105, "N_roi": 103, "N_inlier": 95, "refit": true}
{"timestamp": "11:59:55.104584", "frame": 85, "mu": [0.06435392241426735, 2.3653812830100347, 1.1172670308171155], "Sigma": [[0.01199823995061632, 0.003064237480893025, -0.006619997513441157], [0.003064237480893025, 0.0076952814464132735, 0.014478301967846254], [-0.006619997513441157, 0.014478301967846252, 0.25625023806488884]], "chi2_level": 0.95, "chi2_df": 3, "chi2_threshold": 7.814727903251179, "N_raw": 93, "N_roi": 92, "N_inlier": 88, "refit": true}
{"timestamp": "11:59:55.157259", "frame": 86, "mu": [-0.05021405911228153, 2.3876826857110616, 0.9678443257122594], "Sigma": [[0.01105067101770679, -0.0013146233816514145, 0.02937412749212191], [-0.0013146233816514145, 0.007286708227539124, -0.0044408084615543165], [0.029374127492121913, -0.004440808461554318, 0.5404346904672384]], "chi2_level": 0.95, "chi2_df": 3, "chi2_threshold": 7.814727903251179, "N_raw": 78, "N_roi": 78, "N_inlier": 78, "refit": true}
{"timestamp": "11:59:55.215685", "frame": 87, "mu": [-0.028755212033790604, 2.464565430064799, 1.176004225721399], "Sigma": [[0.010383036119384521, -0.0011245568479156252, -0.005973022220107572], [-0.0011245568479156252, 0.009948019999379007, 0.01733083694664742], [-0.005973022220107572, 0.017330836946647415, 0.42114936026231004]], "chi2_level": 0.95, "chi2_df": 3, "chi2_threshold": 7.814727903251179, "N_raw": 97, "N_roi": 95, "N_inlier": 94, "refit": true}
{"timestamp": "11:59:55.269054", "frame": 88, "mu": [-0.07800454349222241, 2.5108296047167715, 1.5059771740293497], "Sigma": [[0.011025972401827103, 0.00021987646441390017, -0.003939245394058389], [0.00021987646441390017, 0.015736669950921763, 0.01231011943717011], [-0.003939245394058389, 0.01231011943717011, 0.01247763445605892]], "chi2_level": 0.95, "chi2_df": 3, "chi2_threshold": 7.814727903251179, "N_raw": 88, "N_roi": 87, "N_inlier": 84, "refit": true}
{"timestamp": "11:59:55.322701", "frame": 89, "mu": [-0.12318964451980705, 2.537888055317477, 1.494723397518756], "Sigma": [[0.012251098627197426, 0.001667496746445451, -0.001603186830859145], [0.001667496746445451, 0.014500361701702562, 0.01578330105774044], [-0.0016031868308591449, 0.01578330105774044, 0.020206986576937466]], "chi2_level": 0.95, "chi2_df": 3, "chi2_threshold": 7.814727903251179, "N_raw": 79, "N_roi": 79, "N_inlier": 74, "refit": true}
{"timestamp": "11:59:55.379275", "frame": 90, "mu": [-0.1524011623928111, 2.536034254999626, -0.23237768959322372], "Sigma": [[0.01233793223832477, 0.0019816517850735063, 0.06702972583034382], [0.0019816517850735063, 0.017582642960678206, 0.03966412564613765], [0.06702972583034382, 0.03966412564613765, 0.9194392421193388]], "chi2_level": 0.95, "chi2_df": 3, "chi2_threshold": 7.814727903251179, "N_raw": 94, "N_roi": 94, "N_inlier": 93, "refit": true}
{"timestamp": "11:59:55.432359", "frame": 91, "mu": [-0.18585929602802714, 2.5655103705087527, 1.4389529617461227], "Sigma": [[0.012043782808550937, -0.0009423705148063073, -0.006892686516348741], [-0.0009423705148063066, 0.01762658326577947, 0.021302668195994738], [-0.00689268651634874, 0.021302668195994738, 0.032113252444044345]], "chi2_level": 0.95, "chi2_df": 3, "chi2_threshold": 7.814727903251179, "N_raw": 79, "N_roi": 79, "N_inlier": 74, "refit": true}
{"timestamp": "11:59:55.480952", "frame": 92, "mu": [-0.25488116007921835, 2.53769679816287, 1.3270136357321336], "Sigma": [[0.00974019567683364, -0.0003684235540735867, -0.006283291673631108], [-0.0003684235540735867, 0.0037771538671624643, 0.002355008877042471], [-0.006283291673631108, 0.002355008877042471, 0.006347828779050295]], "chi2_level": 0.95, "chi2_df": 3, "chi2_threshold": 7.814727903251179, "N_raw": 38, "N_roi": 38, "N_inlier": 35, "refit": true}
{"timestamp": "11:59:55.539684", "frame": 93, "mu": [-0.2959470696035337, 2.5800189355885306, 1.3333232009115419], "Sigma": [[0.012927482193219235, -0.0011764817302327597, -0.010399300077106976], [-0.0011764817302327593, 0.006220418217182192, 0.001677512154365982], [-0.010399300077106974, 0.001677512154365982, 0.009535474548248936]], "chi2_level": 0.95, "chi2_df": 3, "chi2_threshold": 7.814727903251179, "N_raw": 65, "N_roi": 64, "N_inlier": 57, "refit": true}
{"timestamp": "11:59:55.592996", "frame": 94, "mu": [-0.3262637883257941, 2.6117251946143796, 1.1873632371109544], "Sigma": [[0.039042269865349484, 0.0036210036244226787, -0.05833045023216748], [0.0036210036244226787, 0.003345593827230351, -0.008387489577032316], [-0.05833045023216748, -0.008387489577032316, 0.1052003783653209]], "chi2_level": 0.95, "chi2_df": 3, "chi2_threshold": 7.814727903251179, "N_raw": 55, "N_roi": 55, "N_inlier": 53, "refit": true}
{"timestamp": "11:59:55.653037", "frame": 95, "mu": [-0.3363776113445936, 2.688192008505735, 1.0724223762755642], "Sigma": [[0.050140771144246504, 0.0006129001250282638, -0.10138996233378389], [0.000612900125028264, 0.006919413122440969, 0.0022958129415730716], [-0.10138996233378389, 0.002295812941573071, 0.2700375268465996]], "chi2_level": 0.95, "chi2_df": 3, "chi2_threshold": 7.814727903251179, "N_raw": 84, "N_roi": 82, "N_inlier": 77, "refit": true}
{"timestamp": "11:59:55.711932", "frame": 96, "mu": [-0.401110979148487, 2.7603561820330453, 0.9089122340121942], "Sigma": [[0.036855436053740226, -0.004053670860817381, -0.053294128011768506], [-0.004053670860817381, 0.008722900066806111, 0.03205003223828975], [-0.0532941280117685, 0.03205003223828975, 0.4547616042887173]], "chi2_level": 0.95, "chi2_df": 3, "chi2_threshold": 7.814727903251179, "N_raw": 106, "N_roi": 105, "N_inlier": 105, "refit": true}
{"timestamp": "11:59:55.764029", "frame": 97, "mu": [-0.40946945003436397, 2.7454889065953725, 0.9743227308319707], "Sigma": [[0.0550484095831593, 0.007505595137195438, -0.09497013824741724], [0.007505595137195438, 0.004461895366242872, -0.020758495387468906], [-0.09497013824741724, -0.020758495387468906, 0.20193750525218127]], "chi2_level": 0.95, "chi2_df": 3, "chi2_threshold": 7.814727903251179, "N_raw": 89, "N_roi": 86, "N_inlier": 82, "refit": true}
{"timestamp": "11:59:55.815894", "frame": 98, "mu": [-0.5301486695841443, 2.8477812800104614, 1.3840212306354558], "Sigma": [[0.013442937654985483, 0.0014551615043803157, -0.00789078100813161], [0.0014551615043803157, 0.012498174160357858, 0.007076499089956677], [-0.00789078100813161, 0.0070764990899566775, 0.013086041613987957]], "chi2_level": 0.95, "chi2_df": 3, "chi2_threshold": 7.814727903251179, "N_raw": 66, "N_roi": 66, "N_inlier": 62, "refit": true}
{"timestamp": "11:59:55.876011", "frame": 99, "mu": [-0.589864110792615, 2.883252248207, 0.9423855269172434], "Sigma": [[0.013675275069944667, 0.001020469976390093, -0.008427967922977859], [0.001020469976390093, 0.008914290374143036, -0.013624905286970926], [-0.008427967922977859, -0.01362490528697093, 0.48622448810866925]], "chi2_level": 0.95, "chi2_df": 3, "chi2_threshold": 7.814727903251179, "N_raw": 107, "N_roi": 107, "N_inlier": 106, "refit": true}
{"timestamp": "11:59:56.006874", "frame": 100, "mu": [-0.5777743159498465, 2.9678634738307035, 1.0334707078492422], "Sigma": [[0.010253263771260625, 0.0063961777886027, -0.01523373962673929], [0.006396177788602702, 0.016917178066218827, -0.03530340596739564], [-0.015233739626739289, -0.03530340596739564, 0.22815234252094643]], "chi2_level": 0.95, "chi2_df": 3, "chi2_threshold": 7.814727903251179, "N_raw": 90, "N_roi": 87, "N_inlier": 85, "refit": true}
{"timestamp": "11:59:56.035543", "frame": 101, "mu": [-0.6605629558057307, 2.9799778024520864, 0.9143223647723865], "Sigma": [[0.012240097520933252, 0.0024361470716451803, -0.0256588550344519], [0.00243614707164518, 0.010024197456133857, -0.023188671009331478], [-0.0256588550344519, -0.023188671009331478, 0.37687419824720647]], "chi2_level": 0.95, "chi2_df": 3, "chi2_threshold": 7.814727903251179, "N_raw": 93, "N_roi": 93, "N_inlier": 92, "refit": true}
{"timestamp": "11:59:56.071164", "frame": 102, "mu": [-0.6090357938843272, 2.946833081870407, 0.8341273237355139], "Sigma": [[0.003914448235648148, -0.0005856763237951446, -0.011880016994631284], [-0.0005856763237951448, 0.0033637932707977908, 0.0029731977052570202], [-0.011880016994631284, 0.0029731977052570202, 0.08041839868838475]], "chi2_level": 0.95, "chi2_df": 3, "chi2_threshold": 7.814727903251179, "N_raw": 20, "N_roi": 20, "N_inlier": 18, "refit": true}
{"timestamp": "11:59:56.099522", "frame": 103, "mu": [-0.6523700273173291, 3.01879697233492, 1.0095964121920968], "Sigma": [[0.01466663816633869, -0.005909652919729443, -0.04336810197489467], [-0.005909652919729443, 0.005858316605965529, 0.024789443787181197], [-0.04336810197489467, 0.024789443787181197, 0.19704945602458285]], "chi2_level": 0.95, "chi2_df": 3, "chi2_threshold": 7.814727903251179, "N_raw": 62, "N_roi": 62, "N_inlier": 58, "refit": true}
{"timestamp": "11:59:56.148932", "frame": 104, "mu": [-0.7592327542696028, 3.0147521257970356, 1.1116577013117341], "Sigma": [[0.010560285170595577, 0.0007864578285333775, -0.017590613085012648], [0.0007864578285333774, 0.0015765168549642056, -0.004979987373673336], [-0.017590613085012648, -0.004979987373673336, 0.05079271928388405]], "chi2_level": 0.95, "chi2_df": 3, "chi2_threshold": 7.814727903251179, "N_raw": 49, "N_roi": 48, "N_inlier": 43, "refit": true}
{"timestamp": "11:59:56.198120", "frame": 105, "mu": [-0.758383353767651, 3.2211491555350666, -0.09139317515833804], "Sigma": [[0.01286939943685543, 0.006498900060295057, -0.02029983977958469], [0.006498900060295057, 0.007826467212769311, -0.01671991329406447], [-0.02029983977958469, -0.01671991329406447, 0.04383087729373606]], "chi2_level": 0.95, "chi2_df": 3, "chi2_threshold": 7.814727903251179, "N_raw": 48, "N_roi": 48, "N_inlier": 42, "refit": true}
{"timestamp": "11:59:56.322083", "frame": 106, "mu": [-0.7735940568364084, 3.329629914452693, -0.09808495253741523], "Sigma": [[0.009559373237413132, 0.009373904339995236, -0.01656701312598797], [0.009373904339995236, 0.024915304607053084, -0.044193042903109755], [-0.01656701312598797, -0.044193042903109755, 0.10043268249936396]], "chi2_level": 0.95, "chi2_df": 3, "chi2_threshold": 7.814727903251179, "N_raw": 18, "N_roi": 18, "N_inlier": 16, "refit": true}
{"timestamp": "11:59:56.335047", "frame": 107, "mu": [-0.8605752788423783, 3.2159243657099066, 1.1005331021432032], "Sigma": [[0.009944857697120132, 0.00032645490516269843, -0.010164493490576658], [0.0003264549051626985, 0.005085079980099384, -0.0014214128612999274], [-0.010164493490576658, -0.0014214128612999271, 0.014124972470152757]], "chi2_level": 0.95, "chi2_df": 3, "chi2_threshold": 7.814727903251179, "N_raw": 45, "N_roi": 44, "N_inlier": 42, "refit": true}
{"timestamp": "11:59:56.365999", "frame": 108, "mu": [-0.8141796268012281, 3.1671698770026664, 0.7277098544285904], "Sigma": [[0.019231470228421265, -0.004538918351684311, -0.03404294361817462], [-0.004538918351684311, 0.0026252954873253733, 0.011611856483112137], [-0.03404294361817463, 0.011611856483112137, 0.10934977078623506]], "chi2_level": 0.95, "chi2_df": 3, "chi2_threshold": 7.814727903251179, "N_raw": 49, "N_roi": 49, "N_inlier": 45, "refit": true}
{"timestamp": "11:59:56.413271", "frame": 109, "mu": [-0.9922275199815954, 3.2538431110454553, 1.1169147883476969], "Sigma": [[0.004895933834570345, -0.00028450372630382375, -0.006290380507450867], [-0.00028450372630382375, 0.002506474956512554, -0.003213116120486776], [-0.006290380507450868, -0.0032131161204867766, 0.01748737399035289]], "chi2_level": 0.95, "chi2_df": 3, "chi2_threshold": 7.814727903251179, "N_raw": 21, "N_roi": 21, "N_inlier": 17, "refit": true}
{"timestamp": "11:59:56.469048", "frame": 110, "mu": [-1.0036885635997015, 3.231774279781521, 1.2669895131363078], "Sigma": [[0.008091518861543549, 0.0014409983317907327, -0.00752756217749165], [0.0014409983317907327, 0.001685308482232124, -0.0035225731982415813], [-0.00752756217749165, -0.0035225731982415813, 0.015525015188612648]], "chi2_level": 0.95, "chi2_df": 3, "chi2_threshold": 7.814727903251179, "N_raw": 31, "N_roi": 31, "N_inlier": 27, "refit": true}
{"timestamp": "11:59:56.525376", "frame": 111, "mu": [-1.0933326294019468, 3.219557126584402, 1.311934701704293], "Sigma": [[0.01244455144653154, 0.002106449626346864, -0.006384958161548056], [0.002106449626346864, 0.0026693277238333413, -0.0025080352788043564], [-0.0063849581615480575, -0.002508035278804356, 0.00519420075250408]], "chi2_level": 0.95, "chi2_df": 3, "chi2_threshold": 7.814727903251179, "N_raw": 36, "N_roi": 36, "N_inlier": 34, "refit": true}
{"timestamp": "11:59:56.589841", "frame": 112, "mu": [-1.1567777666942167, 3.3575528007360567, 1.0248925225903422], "Sigma": [[0.02075090625302916, -0.0022540542109843057, 0.0015939984163350742], [-0.002254054210984306, 0.011138781034412236, -0.0071759302918514255], [0.001593998416335075, -0.0071759302918514255, 0.050210314002972406]], "chi2_level": 0.95, "chi2_df": 3, "chi2_threshold": 7.814727903251179, "N_raw": 97, "N_roi": 97, "N_inlier": 95, "refit": true}
{"timestamp": "11:59:56.640768", "frame": 113, "mu": [-1.112011697089678, 3.3393773005946086, 1.0552000183445538], "Sigma": [[0.015336987808484746, 0.005931924164377246, -0.012617231924920699], [0.005931924164377246, 0.009538455923270002, -0.007053765069797851], [-0.012617231924920699, -0.007053765069797851, 0.015112316916223402]], "chi2_level": 0.95, "chi2_df": 3, "chi2_threshold": 7.814727903251179, "N_raw": 64, "N_roi": 64, "N_inlier": 59, "refit": true}
{"timestamp": "11:59:56.691679", "frame": 114, "mu": [-1.2042902596807619, 3.366424990902864, 1.0855569660464963], "Sigma": [[0.010531180944038874, -0.0002396099151240617, -0.0038651283763621027], [-0.0002396099151240617, 0.005179582512992422, -0.008818739072689489], [-0.0038651283763621027, -0.008818739072689489, 0.04629628873126348]], "chi2_level": 0.95, "chi2_df": 3, "chi2_threshold": 7.814727903251179, "N_raw": 39, "N_roi": 39, "N_inlier": 35, "refit": true}
{"timestamp": "11:59:56.750519", "frame": 115, "mu": [-1.1543738678529964, 3.4284564227275247, 0.9245358739676999], "Sigma": [[0.021090139109933223, 0.008988599898797781, -0.03483404802923062], [0.008988599898797783, 0.011121551057828461, -0.02173606693954683], [-0.03483404802923062, -0.02173606693954683, 0.08552888702842074]], "chi2_level": 0.95, "chi2_df": 3, "chi2_threshold": 7.814727903251179, "N_raw": 67, "N_roi": 67, "N_inlier": 67, "refit": true}
{"timestamp": "11:59:56.798745", "frame": 116, "mu": [-1.2764760790211067, 3.406477849708745, 1.0668624544081913], "Sigma": [[0.02837227971865762, 0.014642746343354161, -0.049807278942163226], [0.014642746343354161, 0.008876378508243616, -0.028369839232729555], [-0.049807278942163226, -0.02836983923272956, 0.09909202891982369]], "chi2_level": 0.95, "chi2_df": 3, "chi2_threshold": 7.814727903251179, "N_raw": 25, "N_roi": 25, "N_inlier": 24, "refit": true}
{"timestamp": "11:59:56.856740", "frame": 117, "mu": [-1.287282854815154, 3.4921634041000003, 1.0436827605094035], "Sigma": [[0.028144259350329784, 0.013176603505159767, -0.040364265699667626], [0.013176603505159765, 0.008815386842953276, -0.020807701688669387], [-0.040364265699667626, -0.020807701688669387, 0.07101246505433181]], "chi2_level": 0.95, "chi2_df": 3, "chi2_threshold": 7.814727903251179, "N_raw": 49, "N_roi": 49, "N_inlier": 48, "refit": true}
{"timestamp": "11:59:56.912948", "frame": 118, "mu": [-1.3407597617886786, 3.52835537635877, 0.9668102198446721], "Sigma": [[0.0301663924708188, 0.01222920653217452, -0.04880027656699426], [0.012229206532174516, 0.006912234316009863, -0.022959799487519097], [-0.04880027656699426, -0.022959799487519097, 0.10072132240349954]], "chi2_level": 0.95, "chi2_df": 3, "chi2_threshold": 7.814727903251179, "N_raw": 54, "N_roi": 54, "N_inlier": 52, "refit": true}
{"timestamp": "11:59:56.967971", "frame": 119, "mu": [-1.3051331457646593, 3.6330668237567925, 0.834881586857579], "Sigma": [[0.032592435249879814, 0.011681512745957247, -0.04627240136010907], [0.011681512745957249, 0.007940854482319315, -0.02502888876241989], [-0.04627240136010907, -0.02502888876241989, 0.0919415139122122]], "chi2_level": 0.95, "chi2_df": 3, "chi2_threshold": 7.814727903251179, "N_raw": 50, "N_roi": 48, "N_inlier": 47, "refit": true}
{"timestamp": "11:59:57.184338", "frame": 123, "mu": [-1.6365480581332439, 3.6589762030935886, 1.266976184520815], "Sigma": [[0.015780482092240707, 0.0054709304893441136, -0.010415457641496489], [0.0054709304893441136, 0.003243144256295345, -0.005068488067897697], [-0.010415457641496489, -0.005068488067897697, 0.010031054900789054]], "chi2_level": 0.95, "chi2_df": 3, "chi2_threshold": 7.814727903251179, "N_raw": 28, "N_roi": 26, "N_inlier": 24, "refit": true}
{"timestamp": "11:59:57.244214", "frame": 124, "mu": [-1.6350637972473887, 3.8296164032062245, 0.8799669822479175], "Sigma": [[0.019824784534898138, 0.005125416692829043, -0.007124310808670053], [0.005125416692829044, 0.01394477445779208, -0.042294707735076154], [-0.007124310808670055, -0.042294707735076154, 0.1568052680636227]], "chi2_level": 0.95, "chi2_df": 3, "chi2_threshold": 7.814727903251179, "N_raw": 57, "N_roi": 57, "N_inlier": 56, "refit": true}
{"timestamp": "11:59:57.294973", "frame": 125, "mu": [-1.567549577931508, 3.8013117237690173, 0.5895942063855806], "Sigma": [[0.016821118331382966, 0.0023903350509360357, -0.012503184652385604], [0.0023903350509360353, 0.0016364111817758849, -0.0024885132980938815], [-0.012503184652385606, -0.0024885132980938815, 0.03445669603628014]], "chi2_level": 0.95, "chi2_df": 3, "chi2_threshold": 7.814727903251179, "N_raw": 34, "N_roi": 34, "N_inlier": 32, "refit": true}
{"timestamp": "11:59:57.460153", "frame": 128, "mu": [-1.8017535589433433, 3.8851735334371233, 1.1717041373876322], "Sigma": [[0.019411461756392988, 0.004820470872767607, -0.02160683702050558], [0.004820470872767607, 0.002889233134925741, -0.008723857470536667], [-0.02160683702050558, -0.008723857470536668, 0.03518398455880102]], "chi2_level": 0.95, "chi2_df": 3, "chi2_threshold": 7.814727903251179, "N_raw": 37, "N_roi": 35, "N_inlier": 34, "refit": true}
{"timestamp": "11:59:57.569293", "frame": 130, "mu": [-1.840211632101771, 3.9653616719059954, 1.04771520595764], "Sigma": [[0.01471456891139914, 0.002842154203862242, -0.022496309890045085], [0.002842154203862242, 0.002213745189227946, -0.00756492738935474], [-0.022496309890045085, -0.00756492738935474, 0.04721477052544835]], "chi2_level": 0.95, "chi2_df": 3, "chi2_threshold": 7.814727903251179, "N_raw": 30, "N_roi": 30, "N_inlier": 30, "refit": true}
{"timestamp": "11:59:57.897512", "frame": 136, "mu": [-2.2376252118055264, 4.0902524722772124, 1.155581045156139], "Sigma": [[0.01696540171550064, 0.009158684108840496, -0.015983119376977883], [0.009158684108840494, 0.006764366178329263, -0.01124236800481244], [-0.015983119376977883, -0.01124236800481244, 0.020605287725281796]], "chi2_level": 0.95, "chi2_df": 3, "chi2_threshold": 7.814727903251179, "N_raw": 19, "N_roi": 17, "N_inlier": 14, "refit": true}
{"timestamp": "11:59:58.119390", "frame": 140, "mu": [-2.331752213350186, 4.272960557042733, 1.2072256330285873], "Sigma": [[0.010070128501676457, 0.005466544760641031, -0.008758477555290328], [0.0054665447606410305, 0.006444632279684253, -0.007031773051488716], [-0.008758477555290328, -0.007031773051488716, 0.012674424188094462]], "chi2_level": 0.95, "chi2_df": 3, "chi2_threshold": 7.814727903251179, "N_raw": 31, "N_roi": 24, "N_inlier": 23, "refit": true}
