{"timestamp": "12:56:59.504806", "frame": 1, "mu": [1.1479305368737749, 2.166477218026734, -0.291415387950012], "Sigma": [[0.007314846470907338, -0.0034850913028159998, -0.00495096499793965], [-0.0034850913028159998, 0.007591122678457594, -0.008952764957837542], [-0.00495096499793965, -0.008952764957837544, 0.02591929940051566]], "chi2_level": 0.95, "chi2_df": 3, "chi2_threshold": 7.814727903251179, "N_raw": 57, "N_roi": 57, "N_inlier": 55, "refit": true}
{"timestamp": "12:56:59.552956", "frame": 2, "mu": [1.2048922499485188, 2.04292732677363, 1.1241713297353897], "Sigma": [[0.010594317315897309, 0.002603258460524874, -0.01481305454956653], [0.002603258460524874, 0.0012216591195548313, -0.004168449675243186], [-0.01481305454956653, -0.004168449675243187, 0.02777874924505818]], "chi2_level": 0.95, "chi2_df": 3, "chi2_threshold": 7.814727903251179, "N_raw": 15, "N_roi": 15, "N_inlier": 14, "refit": true}
{"timestamp": "12:56:59.772344", "frame": 6, "mu": [1.2141213497470698, 1.947295255897639, 1.014370066669535], "Sigma": [[0.004000360276113621, -0.0008228100734452579, -0.003649545995029874], [-0.0008228100734452579, 0.0010995734413963584, -0.0005323823970228267], [-0.003649545995029875, -0.0005323823970228267, 0.010941491697592667]], "chi2_level": 0.95, "chi2_df": 3, "chi2_threshold": 7.814727903251179, "N_raw": 17, "N_roi": 17, "N_inlier": 15, "refit": true}
{"timestamp": "12:56:59.830038", "frame": 7, "mu": [1.1326848523113686, 2.0321033470634315, 1.1782740360819113], "Sigma": [[0.004845806903211578, -0.0032053209256203414, -0.0005336137648872699], [-0.003205320925620341, 0.0034791619947492193, -0.0025237544658211967], [-0.0005336137648872698, -0.0025237544658211967, 0.007465869769907942]], "chi2_level": 0.95, "chi2_df": 3, "chi2_threshold": 7.814727903251179, "N_raw": 33, "N_roi": 33, "N_inlier": 31, "refit": true}
{"timestamp": "12:56:59.882365", "frame": 8, "mu": [1.253757536449764, 1.9862954522366267, 1.0396587615141903], "Sigma": [[0.01948214292472821, 0.001480700082710681, -0.019197302060633855], [0.001480700082710681, 0.0011627822852530115, -0.001991965606416294], [-0.019197302060633855, -0.001991965606416294, 0.026307828118732703]], "chi2_level": 0.95, "chi2_df": 3, "chi2_threshold": 7.814727903251179, "N_raw": 15, "N_roi": 15, "N_inlier": 14, "refit": true}
{"timestamp": "12:56:59.939236", "frame": 9, "mu": [1.1422152511744725, 2.008833913013118, 1.1933094931151458], "Sigma": [[0.006467164189461441, -0.0016857831966438032, -0.003787755496798273], [-0.0016857831966438034, 0.0021986814601149167, -0.0009883123052747236], [-0.003787755496798274, -0.0009883123052747238, 0.0071785596126655886]], "chi2_level": 0.95, "chi2_df": 3, "chi2_threshold": 7.814727903251179, "N_raw": 26, "N_roi": 26, "N_inlier": 24, "refit": true}
{"timestamp": "12:57:00.047152", "frame": 11, "mu": [1.0412763635446995, 2.0276889708060173, 0.8338222889554309], "Sigma": [[0.022915916684434913, 0.007740859524506098, 0.011154176174955887], [0.007740859524506098, 0.004389640125764814, 0.004737120220208219], [0.011154176174955887, 0.004737120220208219, 0.007889711957803828]], "chi2_level": 0.95, "chi2_df": 3, "chi2_threshold": 7.814727903251179, "N_raw": 12, "N_roi": 12, "N_inlier": 11, "refit": true}
{"timestamp": "12:57:00.106347", "frame": 12, "mu": [1.3897045853019951, 1.9979247370138857, 0.9169740863059391], "Sigma": [[0.030436909890394014, -0.005856938579513842, -0.02377115790273618], [-0.005856938579513842, 0.005104469369997964, 0.003130414126825182], [-0.02377115790273618, 0.003130414126825182, 0.024096227826855277]], "chi2_level": 0.95, "chi2_df": 3, "chi2_threshold": 7.814727903251179, "N_raw": 35, "N_roi": 35, "N_inlier": 34, "refit": true}
{"timestamp": "12:57:00.213846", "frame": 14, "mu": [1.1780365668795043, 1.9861392355553715, 0.9904261951201518], "Sigma": [[0.006538102159192841, -6.050011335782292e-05, -0.001645381687150841], [-6.05001133578227e-05, 0.002563898993539578, -0.0073787033163433095], [-0.0016453816871508417, -0.0073787033163433095, 0.05502591618814426]], "chi2_level": 0.95, "chi2_df": 3, "chi2_threshold": 7.814727903251179, "N_raw": 24, "N_roi": 24, "N_inlier": 22, "refit": true}
{"timestamp": "12:57:00.274124", "frame": 15, "mu": [1.1416131072721947, 2.020763854771125, 1.0318034334836892], "Sigma": [[0.006961139423628654, -0.003587246231264586, -0.002845439571443936], [-0.003587246231264586, 0.0023217250776518374, -0.0007869694960229565], [-0.0028454395714439355, -0.0007869694960229566, 0.038803812651403376]], "chi2_level": 0.95, "chi2_df": 3, "chi2_threshold": 7.814727903251179, "N_raw": 58, "N_roi": 58, "N_inlier": 55, "refit": true}
{"timestamp": "12:57:00.327030", "frame": 16, "mu": [1.198187042585142, 1.967438666396031, 1.1657994560245495], "Sigma": [[0.00818914828330482, -0.00404334220615348, 0.00015488911563358508], [-0.00404334220615348, 0.005153419228082026, -0.007093132943493421], [0.00015488911563358508, -0.007093132943493421, 0.0325951936749818]], "chi2_level": 0.95, "chi2_df": 3, "chi2_threshold": 7.814727903251179, "N_raw": 40, "N_roi": 40, "N_inlier": 38, "refit": true}
{"timestamp": "12:57:00.385032", "frame": 17, "mu": [1.187738527178958, 1.9652169996061013, 0.9945286815085974], "Sigma": [[0.00839670551629112, -0.003190616527100641, -0.008259458304309918], [-0.003190616527100641, 0.004599637347783147, -0.0021144187038535096], [-0.008259458304309917, -0.002114418703853509, 0.054665392680341554]], "chi2_level": 0.95, "chi2_df": 3, "chi2_threshold": 7.814727903251179, "N_raw": 60, "N_roi": 60, "N_inlier": 59, "refit": true}
{"timestamp": "12:57:00.437780", "frame": 18, "mu": [1.1743119037689767, 1.9723898326750788, 1.3339872626538742], "Sigma": [[0.005657138966696494, -0.0021286208567076704, -0.004796102057172412], [-0.0021286208567076704, 0.003929286493276408, -0.0039448465786755815], [-0.004796102057172412, -0.003944846578675582, 0.016428643779833017]], "chi2_level": 0.95, "chi2_df": 3, "chi2_threshold": 7.814727903251179, "N_raw": 48, "N_roi": 48, "N_inlier": 46, "refit": true}
{"timestamp": "12:57:00.497305", "frame": 19, "mu": [1.159260914809382, 1.919105861424234, 1.0621423133064583], "Sigma": [[0.00781394308125471, -0.004341030018332228, -0.005773494497125234], [-0.004341030018332227, 0.004828295569065374, 0.006743181157022984], [-0.005773494497125234, 0.006743181157022984, 0.05645626121947457]], "chi2_level": 0.95, "chi2_df": 3, "chi2_threshold": 7.814727903251179, "N_raw": 65, "N_roi": 65, "N_inlier": 61, "refit": true}
{"timestamp": "12:57:00.553137", "frame": 20, "mu": [1.1857537749337999, 1.8811464785552126, 0.9325345309380297], "Sigma": [[0.008760076617075414, -0.003220771987859144, -0.005641421214567269], [-0.003220771987859144, 0.0024473659259861245, 0.0010952785068597105], [-0.00564142121456727, 0.0010952785068597108, 0.04780522205159966]], "chi2_level": 0.95, "chi2_df": 3, "chi2_threshold": 7.814727903251179, "N_raw": 72, "N_roi": 72, "N_inlier": 71, "refit": true}
{"timestamp": "12:57:00.606417", "frame": 21, "mu": [1.22950553684979, 1.8729223232191787, 0.8633674157137357], "Sigma": [[0.01069400333729652, -0.004445129121354855, -0.007290578718723183], [-0.004445129121354856, 0.0027909819612524913, 0.0031432230361036597], [-0.007290578718723182, 0.0031432230361036605, 0.02513048697254163]], "chi2_level": 0.95, "chi2_df": 3, "chi2_threshold": 7.814727903251179, "N_raw": 53, "N_roi": 53, "N_inlier": 50, "refit": true}
{"timestamp": "12:57:00.665220", "frame": 22, "mu": [1.155114249672382, 1.853139388874842, 1.0236589642036629], "Sigma": [[0.009622140482327337, -0.003948268909792392, -0.004906337137943143], [-0.003948268909792392, 0.004844966085805358, 0.0007660245349860068], [-0.004906337137943143, 0.0007660245349860069, 0.05199261031571865]], "chi2_level": 0.95, "chi2_df": 3, "chi2_threshold": 7.814727903251179, "N_raw": 81, "N_roi": 81, "N_inlier": 78, "refit": true}
{"timestamp": "12:57:00.714396", "frame": 23, "mu": [1.1423499628178335, 1.8469566050423742, 1.2151624075442817], "Sigma": [[0.006658228585839649, -0.0022058757387825065, -0.0042851786743356435], [-0.0022058757387825065, 0.004072000081265083, -0.0014853183938895787], [-0.0042851786743356435, -0.0014853183938895787, 0.007391112948983573]], "chi2_level": 0.95, "chi2_df": 3, "chi2_threshold": 7.814727903251179, "N_raw": 43, "N_roi": 43, "N_inlier": 39, "refit": true}
{"timestamp": "12:57:00.770872", "frame": 24, "mu": [1.1400198696539865, 1.9698647317189735, -0.33088963665113363], "Sigma": [[0.007823616253408409, -0.002925005665139443, -0.0032216733768584195], [-0.002925005665139443, 0.006509682089086695, -0.004508402960870592], [-0.0032216733768584195, -0.004508402960870592, 0.009993740348809147]], "chi2_level": 0.95, "chi2_df": 3, "chi2_threshold": 7.814727903251179, "N_raw": 58, "N_roi": 58, "N_inlier": 55, "refit": true}
{"timestamp": "12:57:00.829991", "frame": 25, "mu": [1.1266279475117402, 1.7706431686263582, 1.1135811429164386], "Sigma": [[0.011771899716233722, -0.004520008050558507, -0.004994043626376664], [-0.004520008050558508, 0.007613665285020369, -0.0019264031654649626], [-0.004994043626376664, -0.0019264031654649624, 0.010279555382189772]], "chi2_level": 0.95, "chi2_df": 3, "chi2_threshold": 7.814727903251179, "N_raw": 80, "N_roi": 79, "N_inlier": 77, "refit": true}
{"timestamp": "12:57:00.887282", "frame": 26, "mu": [1.0882755299276143, 1.7324478009349218, 1.1555024908010483], "Sigma": [[0.010954632452485208, -0.0036054725102132763, -0.010769772428903953], [-0.0036054725102132763, 0.0031995628661757444, -0.0001644127584555935], [-0.010769772428903953, -0.0001644127584555935, 0.04379318700839001]], "chi2_level": 0.95, "chi2_df": 3, "chi2_threshold": 7.814727903251179, "N_raw": 86, "N_roi": 85, "N_inlier": 81, "refit": true}
{"timestamp": "12:57:00.942531", "frame": 27, "mu": [1.0463760267994338, 1.6964344024978912, 1.195779161023117], "Sigma": [[0.01030171667187904, -0.003489941860928049, -0.00907573399632632], [-0.003489941860928049, 0.00470161727483297, -0.00610595840970296], [-0.00907573399632632, -0.006105958409702959, 0.04149462086256397]], "chi2_level": 0.95, "chi2_df": 3, "chi2_threshold": 7.814727903251179, "N_raw": 98, "N_roi": 98, "N_inlier": 94, "refit": true}
{"timestamp": "12:57:00.999711", "frame": 28, "mu": [1.058600687186729, 1.6928707036592805, 1.117709838721472], "Sigma": [[0.01354622700506169, -0.006023730061302513, -0.008626288675782159], [-0.006023730061302513, 0.00573547537929501, -0.0022582098912103596], [-0.008626288675782157, -0.0022582098912103596, 0.03618335725755569]], "chi2_level": 0.95, "chi2_df": 3, "chi2_threshold": 7.814727903251179, "N_raw": 104, "N_roi": 104, "N_inlier": 99, "refit": true}
{"timestamp": "12:57:01.054971", "frame": 29, "mu": [0.950452785695166, 1.676910085259717, 1.0355894400622851], "Sigma": [[0.01400453394297044, -0.006360085264491912, 0.008267040555358296], [-0.006360085264491912, 0.0034893427819378347, -0.004205635401204414], [0.008267040555358297, -0.004205635401204414, 0.07714996076852391]], "chi2_level": 0.95, "chi2_df": 3, "chi2_threshold": 7.814727903251179, "N_raw": 101, "N_roi": 101, "N_inlier": 94, "refit": true}
{"timestamp": "12:57:01.103033", "frame": 30, "mu": [1.0641197031914345, 1.6303077060450695, 1.1387857401380153], "Sigma": [[0.010450826675402676, -0.0045952661811300664, -0.005640625087530923], [-0.0045952661811300664, 0.0034408099851932885, 0.0005566761695040806], [-0.005640625087530923, 0.0005566761695040806, 0.022739769165113374]], "chi2_level": 0.95, "chi2_df": 3, "chi2_threshold": 7.814727903251179, "N_raw": 62, "N_roi": 62, "N_inlier": 59, "refit": true}
{"timestamp": "12:57:01.158138", "frame": 31, "mu": [0.9500609600918485, 1.6454728918658326, 0.9958259020291386], "Sigma": [[0.013113099997503458, -0.006201924981050898, 0.01166411943979147], [-0.006201924981050897, 0.0033744610714834893, -0.007010829404307105], [0.01166411943979147, -0.007010829404307106, 0.0424249987709296]], "chi2_level": 0.95, "chi2_df": 3, "chi2_threshold": 7.814727903251179, "N_raw": 72, "N_roi": 72, "N_inlier": 67, "refit": true}
{"timestamp": "12:57:01.221356", "frame": 32, "mu": [0.9296510116272454, 1.7608501487389678, -0.5428737253231136], "Sigma": [[0.03038425400084287, -0.005962230335012153, 0.04106842256805421], [-0.005962230335012153, 0.009044655058120528, -0.011081285841189392], [0.04106842256805421, -0.011081285841189392, 0.1333670655884125]], "chi2_level": 0.95, "chi2_df": 3, "chi2_threshold": 7.814727903251179, "N_raw": 122, "N_roi": 122, "N_inlier": 119, "refit": true}
{"timestamp": "12:57:01.272022", "frame": 33, "mu": [0.9907242974341929, 1.639942158881344, -0.07329897000106292], "Sigma": [[0.01462151257887927, -0.000856049547275665, 0.06569113336748073], [-0.000856049547275665, 0.008207648770371195, -0.03713319153895708], [0.06569113336748073, -0.03713319153895708, 0.5854284580961499]], "chi2_level": 0.95, "chi2_df": 3, "chi2_threshold": 7.814727903251179, "N_raw": 92, "N_roi": 92, "N_inlier": 89, "refit": true}
{"timestamp": "12:57:01.324597", "frame": 34, "mu": [0.9203109734374851, 1.6150542173178821, 1.2079166821198495], "Sigma": [[0.01540565037252043, -0.011797859862262158, 0.006987094696131209], [-0.011797859862262158, 0.013953468708303848, -0.01794643501214032], [0.00698709469613121, -0.01794643501214032, 0.05420339630438902]], "chi2_level": 0.95, "chi2_df": 3, "chi2_threshold": 7.814727903251179, "N_raw": 78, "N_roi": 78, "N_inlier": 77, "refit": true}
{"timestamp": "12:57:01.380940", "frame": 35, "mu": [0.9926954670509395, 1.5149807184608564, 1.2543691338086886], "Sigma": [[0.01110224756637365, -0.004048809131529282, -0.008961777055627215], [-0.004048809131529282, 0.004335746746417196, -0.000870915497223453], [-0.008961777055627215, -0.000870915497223453, 0.017796120359708133]], "chi2_level": 0.95, "chi2_df": 3, "chi2_threshold": 7.814727903251179, "N_raw": 81, "N_roi": 81, "N_inlier": 76, "refit": true}
{"timestamp": "12:57:01.430636", "frame": 36, "mu": [0.8709994181793196, 1.503921158592128, 1.4069358231310283], "Sigma": [[0.0075571747154171654, -0.0025193521475380095, -0.0038512342361554206], [-0.0025193521475380095, 0.003918492572739775, 0.00014620790103064558], [-0.0038512342361554206, 0.0001462079010306457, 0.002760306379111162]], "chi2_level": 0.95, "chi2_df": 3, "chi2_threshold": 7.814727903251179, "N_raw": 51, "N_roi": 51, "N_inlier": 45, "refit": true}
{"timestamp": "12:57:01.488137", "frame": 37, "mu": [0.9082086568977117, 1.4486606045567605, 1.3725078445319925], "Sigma": [[0.01347259020585647, -0.004798132480162279, -0.017937905576895875], [-0.004798132480162279, 0.005548868939410859, 0.00812495036745789], [-0.017937905576895875, 0.00812495036745789, 0.03858427902251018]], "chi2_level": 0.95, "chi2_df": 3, "chi2_threshold": 7.814727903251179, "N_raw": 68, "N_roi": 67, "N_inlier": 63, "refit": true}
{"timestamp": "12:57:01.543195", "frame": 38, "mu": [0.9311869487676286, 1.3988601531047304, 1.2774299592933949], "Sigma": [[0.013440877125226403, -0.005446576603638143, -0.018876710799271803], [-0.005446576603638143, 0.004758995702073905, 0.008421897921387287], [-0.018876710799271803, 0.008421897921387287, 0.04716585245293552]], "chi2_level": 0.95, "chi2_df": 3, "chi2_threshold": 7.814727903251179, "N_raw": 69, "N_roi": 69, "N_inlier": 66, "refit": true}
{"timestamp": "12:57:01.601583", "frame": 39, "mu": [0.9300238080653811, 1.3478267904717247, 1.2812571870890692], "Sigma": [[0.013304575075768554, -0.004918873904609341, -0.013718078512849115], [-0.004918873904609341, 0.006477525124801065, 0.002310764713905162], [-0.013718078512849115, 0.002310764713905162, 0.017706228497291976]], "chi2_level": 0.95, "chi2_df": 3, "chi2_threshold": 7.814727903251179, "N_raw": 90, "N_roi": 90, "N_inlier": 86, "refit": true}
{"timestamp": "12:57:01.657639", "frame": 40, "mu": [0.9171448498569644, 1.3259508435176837, 1.198545074429043], "Sigma": [[0.013667136575167159, -0.006844775410961446, -0.023023700825083523], [-0.006844775410961446, 0.005106826300077484, 0.012219547943100584], [-0.023023700825083523, 0.012219547943100584, 0.06162184274564786]], "chi2_level": 0.95, "chi2_df": 3, "chi2_threshold": 7.814727903251179, "N_raw": 91, "N_roi": 91, "N_inlier": 87, "refit": true}
{"timestamp": "12:57:01.708909", "frame": 41, "mu": [0.8701450961956185, 1.299551229939755, 1.3265596232550076], "Sigma": [[0.011273667070288727, -0.004306767147577854, -0.01477326006611978], [-0.004306767147577854, 0.003798328529507386, 0.0057921279692501534], [-0.01477326006611978, 0.0057921279692501534, 0.03913104661383344]], "chi2_level": 0.95, "chi2_df": 3, "chi2_threshold": 7.814727903251179, "N_raw": 68, "N_roi": 68, "N_inlier": 63, "refit": true}
{"timestamp": "12:57:01.763407", "frame": 42, "mu": [0.8629131240997482, 1.287366429863097, 1.3202229108143788], "Sigma": [[0.010793303731677379, -0.0032974271383739906, -0.011082396419820846], [-0.0032974271383739906, 0.004844025174283349, 0.0025157473149156856], [-0.011082396419820846, 0.002515747314915685, 0.013735697631763733]], "chi2_level": 0.95, "chi2_df": 3, "chi2_threshold": 7.814727903251179, "N_raw": 69, "N_roi": 69, "N_inlier": 67, "refit": true}
{"timestamp": "12:57:01.820473", "frame": 43, "mu": [0.828147879077741, 1.2665105309144495, 1.3107629919707549], "Sigma": [[0.014087544072239408, -0.004862106410756344, -0.015153501335707423], [-0.004862106410756344, 0.004466337806995134, 0.0032775315370338785], [-0.015153501335707427, 0.0032775315370338785, 0.01898422793360903]], "chi2_level": 0.95, "chi2_df": 3, "chi2_threshold": 7.814727903251179, "N_raw": 80, "N_roi": 80, "N_inlier": 75, "refit": true}
{"timestamp": "12:57:01.872555", "frame": 44, "mu": [0.6972176209081964, 1.3132009512834892, 1.4393602388870326], "Sigma": [[0.008380367587959571, -0.00406646079160409, -0.007784792624925679], [-0.00406646079160409, 0.005468393334340081, 0.003593837683923325], [-0.00778479262492568, 0.0035938376839233254, 0.010667523641843169]], "chi2_level": 0.95, "chi2_df": 3, "chi2_threshold": 7.814727903251179, "N_raw": 60, "N_roi": 60, "N_inlier": 54, "refit": true}
{"timestamp": "12:57:01.929141", "frame": 45, "mu": [0.6790538636403881, 1.2978226314224657, 1.4492196681064327], "Sigma": [[0.007861964243088038, -0.0031856044987039287, -0.0072728082235460475], [-0.0031856044987039287, 0.006032420119620655, 0.002902091151641418], [-0.007272808223546048, 0.002902091151641419, 0.012878394461007693]], "chi2_level": 0.95, "chi2_df": 3, "chi2_threshold": 7.814727903251179, "N_raw": 69, "N_roi": 69, "N_inlier": 65, "refit": true}
{"timestamp": "12:57:01.979881", "frame": 46, "mu": [0.7068553153445684, 1.2678609550592803, 1.3427003502329944], "Sigma": [[0.011684993873182174, -0.003244581970227125, -0.01288074736772708], [-0.003244581970227125, 0.002725776503678689, 0.003191626648826988], [-0.01288074736772708, 0.003191626648826988, 0.014719222456055257]], "chi2_level": 0.95, "chi2_df": 3, "chi2_threshold": 7.814727903251179, "N_raw": 45, "N_roi": 45, "N_inlier": 41, "refit": true}
{"timestamp": "12:57:02.035068", "frame": 47, "mu": [0.7605796907073891, 1.1688563662702243, 1.2899568453856933], "Sigma": [[0.007589868321019567, -0.004904401536641697, -0.007340825918113676], [-0.004904401536641697, 0.0054250737172540755, 0.0034015573006786447], [-0.007340825918113675, 0.0034015573006786447, 0.008679976963549217]], "chi2_level": 0.95, "chi2_df": 3, "chi2_threshold": 7.814727903251179, "N_raw": 49, "N_roi": 49, "N_inlier": 44, "refit": true}
{"timestamp": "12:57:02.087954", "frame": 48, "mu": [0.6997507626838441, 1.1700035825075816, 1.3348730410708414], "Sigma": [[0.003985512728165345, -0.0007684312806701958, -0.004317551684745248], [-0.0007684312806701958, 0.0017586707097151204, 0.00016015907046918983], [-0.004317551684745247, 0.0001601590704691899, 0.0075167892600853286]], "chi2_level": 0.95, "chi2_df": 3, "chi2_threshold": 7.814727903251179, "N_raw": 32, "N_roi": 32, "N_inlier": 27, "refit": true}
{"timestamp": "12:57:02.200504", "frame": 50, "mu": [0.45982453524325767, 1.3162546523293281, 1.4547961235692957], "Sigma": [[0.0032499268676675, -0.0005444512045214627, -0.003454686485007801], [-0.0005444512045214627, 0.0040743734774664935, -0.000570581849436699], [-0.003454686485007801, -0.000570581849436699, 0.006453605145478883]], "chi2_level": 0.95, "chi2_df": 3, "chi2_threshold": 7.814727903251179, "N_raw": 46, "N_roi": 46, "N_inlier": 42, "refit": true}
{"timestamp": "12:57:02.252383", "frame": 51, "mu": [0.641400783723695, 1.0699181550703565, 1.1474304367005312], "Sigma": [[0.0033918749796793303, -0.0031611517322816373, -0.0055412767449570625], [-0.0031611517322816373, 0.003979471454142117, 0.005897705621922124], [-0.0055412767449570625, 0.0058977056219221245, 0.015777240545844947]], "chi2_level": 0.95, "chi2_df": 3, "chi2_threshold": 7.814727903251179, "N_raw": 29, "N_roi": 29, "N_inlier": 24, "refit": true}
{"timestamp": "12:57:02.313792", "frame": 52, "mu": [0.4772015635952449, 1.2395603904575907, 1.3655581708271216], "Sigma": [[0.011211869168285047, -0.0055996839739014224, -0.0115382633371247], [-0.0055996839739014224, 0.004924828173916423, 0.004823283225389533], [-0.0115382633371247, 0.004823283225389533, 0.012870028903448657]], "chi2_level": 0.95, "chi2_df": 3, "chi2_threshold": 7.814727903251179, "N_raw": 70, "N_roi": 70, "N_inlier": 65, "refit": true}
{"timestamp": "12:57:02.366315", "frame": 53, "mu": [0.4279722442941127, 1.2706216680121807, 1.3728685391512754], "Sigma": [[0.005633152899896459, -0.001499043913936003, -0.006437692066118667], [-0.0014990439139360026, 0.0036851992952884917, 0.0004807529526728834], [-0.006437692066118667, 0.0004807529526728834, 0.008120055682998135]], "chi2_level": 0.95, "chi2_df": 3, "chi2_threshold": 7.814727903251179, "N_raw": 60, "N_roi": 60, "N_inlier": 57, "refit": true}
{"timestamp": "12:57:02.422227", "frame": 54, "mu": [0.41197505129815204, 1.2658979119558231, 1.3080313737492895], "Sigma": [[0.003269770042320548, -0.0013720673753713976, -0.0037098750790989787], [-0.0013720673753713976, 0.0034079592486157342, -0.001509966297401747], [-0.0037098750790989787, -0.001509966297401747, 0.014298509187318302]], "chi2_level": 0.95, "chi2_df": 3, "chi2_threshold": 7.814727903251179, "N_raw": 65, "N_roi": 65, "N_inlier": 60, "refit": true}
{"timestamp": "12:57:02.481200", "frame": 55, "mu": [0.38877166345996783, 1.2277191931275793, -0.20225630114772136], "Sigma": [[0.004067187045592607, -0.0024909724794224134, 0.031723275970330415], [-0.0024909724794224134, 0.013420032065598593, -0.01736959249071439], [0.03172327597033042, -0.017369592490714392, 0.7492710261921924]], "chi2_level": 0.95, "chi2_df": 3, "chi2_threshold": 7.814727903251179, "N_raw": 90, "N_roi": 90, "N_inlier": 88, "refit": true}
{"timestamp": "12:57:02.532637", "frame": 56, "mu": [0.22394568833016554, 1.2956202667943726, 1.5097151393216357], "Sigma": [[0.0036550377640297534, -0.002327392938819405, -0.0024348676365022635], [-0.002327392938819405, 0.0061725908750002835, 0.0004981245624446559], [-0.0024348676365022635, 0.0004981245624446559, 0.002018830386024035]], "chi2_level": 0.95, "chi2_df": 3, "chi2_threshold": 7.814727903251179, "N_raw": 63, "N_roi": 63, "N_inlier": 60, "refit": true}
{"timestamp": "12:57:02.584619", "frame": 57, "mu": [0.15168143918846289, 1.3056284888109304, 1.464757406988558], "Sigma": [[0.0034966693735165692, -0.0003073819319971469, -0.0020940207684246722], [-0.000307381931997147, 0.001956004289605431, -0.0006613857015305041], [-0.0020940207684246722, -0.0006613857015305041, 0.0018117345737088874]], "chi2_level": 0.95, "chi2_df": 3, "chi2_threshold": 7.814727903251179, "N_raw": 43, "N_roi": 43, "N_inlier": 36, "refit": true}
{"timestamp": "12:57:02.646957", "frame": 58, "mu": [0.18561919469882743, 1.33165006766791, -0.32441966398986516], "Sigma": [[0.005671497744548836, 0.0015616407515676302, 0.0045609957692720575], [0.0015616407515676302, 0.006817507378103936, 0.002025204232560304], [0.0045609957692720575, 0.002025204232560304, 0.014192239910396769]], "chi2_level": 0.95, "chi2_df": 3, "chi2_threshold": 7.814727903251179, "N_raw": 93, "N_roi": 93, "N_inlier": 87, "refit": true}
{"timestamp": "12:57:02.701626", "frame": 59, "mu": [0.09982057676041164, 1.2728631784384856, 1.5028547222700852], "Sigma": [[0.005567999535652036, -0.0012559543398268653, -0.004329769199313771], [-0.0012559543398268655, 0.008263644822944711, 0.0004283151738469713], [-0.004329769199313771, 0.0004283151738469714, 0.00390597956631411]], "chi2_level": 0.95, "chi2_df": 3, "chi2_threshold": 7.814727903251179, "N_raw": 91, "N_roi": 91, "N_inlier": 85, "refit": true}
{"timestamp": "12:57:02.752122", "frame": 60, "mu": [0.04760537883548413, 1.3059374299141415, 1.5205572344885656], "Sigma": [[0.0036838354085331343, -0.0002398057264235656, -0.001504925254170737], [-0.00023980572642356559, 0.002104659643780869, -0.0013909766275407842], [-0.0015049252541707368, -0.0013909766275407842, 0.002043465450343282]], "chi2_level": 0.95, "chi2_df": 3, "chi2_threshold": 7.814727903251179, "N_raw": 53, "N_roi": 53, "N_inlier": 47, "refit": true}
{"timestamp": "12:57:02.800166", "frame": 61, "mu": [0.1147098144576621, 1.4138077881834155, -0.9034108864943835], "Sigma": [[0.0015835781299052695, -0.004330137791960881, 0.01551266958006603], [-0.004330137791960881, 0.03164790949549158, -0.1072313285853049], [0.015512669580066028, -0.1072313285853049, 0.5122784738503793]], "chi2_level": 0.95, "chi2_df": 3, "chi2_threshold": 7.814727903251179, "N_raw": 11, "N_roi": 11, "N_inlier": 11, "refit": true}
{"timestamp": "12:57:02.861053", "frame": 62, "mu": [0.019295184576621667, 1.1642715016495975, 1.4445377032925772], "Sigma": [[0.002391219562627604, -0.001903624343754357, -0.0018493123853881189], [-0.001903624343754357, 0.006638811143130418, 0.0008537085302376525], [-0.0018493123853881186, 0.0008537085302376526, 0.0016773179366113124]], "chi2_level": 0.95, "chi2_df": 3, "chi2_threshold": 7.814727903251179, "N_raw": 55, "N_roi": 55, "N_inlier": 52, "refit": true}
{"timestamp": "12:57:02.918171", "frame": 63, "mu": [-0.028869337573886298, 1.1874135168194924, 1.4868048564466152], "Sigma": [[0.003327894183822435, -0.0007112170108311314, -0.0022554457244460023], [-0.0007112170108311314, 0.005378608600738366, -0.000614925457025449], [-0.0022554457244460023, -0.0006149254570254488, 0.002333857261835516]], "chi2_level": 0.95, "chi2_df": 3, "chi2_threshold": 7.814727903251179, "N_raw": 69, "N_roi": 69, "N_inlier": 64, "refit": true}
{"timestamp": "12:57:02.974233", "frame": 64, "mu": [-0.03239931600869323, 1.1390158928776808, 1.3933016140076915], "Sigma": [[0.0043207797509528315, -0.0025034288431640952, -0.0039268942009438035], [-0.0025034288431640952, 0.007181094786501133, 0.0016860156616330733], [-0.003926894200943804, 0.0016860156616330733, 0.004540978859587666]], "chi2_level": 0.95, "chi2_df": 3, "chi2_threshold": 7.814727903251179, "N_raw": 70, "N_roi": 70, "N_inlier": 68, "refit": true}
{"timestamp": "12:57:03.029229", "frame": 65, "mu": [-0.017853727370002858, 1.1055177343247753, 1.1616194487174438], "Sigma": [[0.002268813417424785, -0.0011930199945161272, -0.0009022004134994269], [-0.0011930199945161272, 0.007214032132152622, 0.007154646313003533], [-0.000902200413499427, 0.007154646313003533, 0.03322280008274118]], "chi2_level": 0.95, "chi2_df": 3, "chi2_threshold": 7.814727903251179, "N_raw": 66, "N_roi": 66, "N_inlier": 62, "refit": true}
{"timestamp": "12:57:03.084205", "frame": 66, "mu": [-0.15769021968148875, 1.157771967761175, 1.469243288038289], "Sigma": [[0.003814709758496259, -0.00157919430141176, -0.002847792465412708], [-0.00157919430141176, 0.006169736926530651, 0.00015677946231891903], [-0.002847792465412708, 0.000156779462318919, 0.005860723680342267]], "chi2_level": 0.95, "chi2_df": 3, "chi2_threshold": 7.814727903251179, "N_raw": 74, "N_roi": 74, "N_inlier": 69, "refit": true}
{"timestamp": "12:57:03.136329", "frame": 67, "mu": [-0.2211727810368389, 1.1788088914365118, 1.5102920530530053], "Sigma": [[0.003017573813356625, -0.0007078859806820283, -0.001446084825227371], [-0.0007078859806820283, 0.0036748941582422845, -0.0021454463157023753], [-0.0014460848252273713, -0.0021454463157023753, 0.002653747798115126]], "chi2_level": 0.95, "chi2_df": 3, "chi2_threshold": 7.814727903251179, "N_raw": 60, "N_roi": 60, "N_inlier": 59, "refit": true}
{"timestamp": "12:57:03.188132", "frame": 68, "mu": [-0.22069318028746465, 1.1396873688135767, 1.5122871538044749], "Sigma": [[0.0014914318584674739, -0.0009192729495705479, -0.0012942475127304892], [-0.0009192729495705477, 0.0036191591213157754, 7.581522959394191e-05], [-0.0012942475127304892, 7.5815229593942e-05, 0.0016492153758262344]], "chi2_level": 0.95, "chi2_df": 3, "chi2_threshold": 7.814727903251179, "N_raw": 35, "N_roi": 35, "N_inlier": 32, "refit": true}
{"timestamp": "12:57:03.247483", "frame": 69, "mu": [-0.2940748568763683, 1.1652370731662518, 1.5278197910804976], "Sigma": [[0.0034407861290674255, -0.002517634394400722, -0.0016402035489784415], [-0.002517634394400722, 0.004670960843167001, -0.0006886456791527197], [-0.0016402035489784415, -0.0006886456791527198, 0.0026769671057453397]], "chi2_level": 0.95, "chi2_df": 3, "chi2_threshold": 7.814727903251179, "N_raw": 59, "N_roi": 59, "N_inlier": 55, "refit": true}
{"timestamp": "12:57:03.302198", "frame": 70, "mu": [-0.3109747843082341, 1.1542984921055215, 1.5123993106124574], "Sigma": [[0.0031306796290460964, -0.0013883202174752628, -0.001379489683846547], [-0.0013883202174752628, 0.0048572042010667695, -0.00029507469305746443], [-0.0013794896838465471, -0.0002950746930574644, 0.0010219206270526352]], "chi2_level": 0.95, "chi2_df": 3, "chi2_threshold": 7.814727903251179, "N_raw": 62, "N_roi": 62, "N_inlier": 56, "refit": true}
{"timestamp": "12:57:03.359145", "frame": 71, "mu": [-0.35331724042577695, 1.1524894361944835, 1.5129519189753364], "Sigma": [[0.004277797671343155, -0.0015179494274884817, -0.0013251823930671162], [-0.0015179494274884817, 0.004117737776024817, -0.0012749858467064866], [-0.0013251823930671162, -0.0012749858467064866, 0.0017637886836857019]], "chi2_level": 0.95, "chi2_df": 3, "chi2_threshold": 7.814727903251179, "N_raw": 70, "N_roi": 70, "N_inlier": 64, "refit": true}
{"timestamp": "12:57:03.417054", "frame": 72, "mu": [-0.34910291120020276, 1.1254801230290905, 1.359802762919643], "Sigma": [[0.004600893398816965, -0.004457584306543751, -0.008501142624041693], [-0.004457584306543753, 0.014995707026283209, 0.013355855686637122], [-0.008501142624041693, 0.01335585568663712, 0.043956705734069346]], "chi2_level": 0.95, "chi2_df": 3, "chi2_threshold": 7.814727903251179, "N_raw": 88, "N_roi": 88, "N_inlier": 85, "refit": true}
{"timestamp": "12:57:03.471560", "frame": 73, "mu": [-0.41493760940164026, 1.1935319169223009, 1.4279377278915837], "Sigma": [[0.005849038351248027, -0.0026965650268979957, -0.004087703839204958], [-0.0026965650268979957, 0.00880339214289945, 0.0011564740854880756], [-0.004087703839204958, 0.0011564740854880756, 0.007851222300282014]], "chi2_level": 0.95, "chi2_df": 3, "chi2_threshold": 7.814727903251179, "N_raw": 87, "N_roi": 87, "N_inlier": 83, "refit": true}
{"timestamp": "12:57:03.527583", "frame": 74, "mu": [-0.45727458915798874, 1.2085391144702855, 1.4237538375733632], "Sigma": [[0.004713839366724279, -0.002056259237822236, -0.001982293943672009], [-0.0020562592378222354, 0.00827800640603611, -0.0038642936623244206], [-0.0019822939436720094, -0.0038642936623244206, 0.005116368272495511]], "chi2_level": 0.95, "chi2_df": 3, "chi2_threshold": 7.814727903251179, "N_raw": 95, "N_roi": 95, "N_inlier": 90, "refit": true}
{"timestamp": "12:57:03.581080", "frame": 75, "mu": [-0.49049549952570587, 1.1838243850859915, 1.447107372258962], "Sigma": [[0.00489740843342274, -0.002224221090332333, -0.0052189688300341205], [-0.0022242210903323325, 0.010609321597758395, 0.0016172376060095046], [-0.0052189688300341205, 0.0016172376060095044, 0.007175090024528209]], "chi2_level": 0.95, "chi2_df": 3, "chi2_threshold": 7.814727903251179, "N_raw": 85, "N_roi": 85, "N_inlier": 84, "refit": true}
{"timestamp": "12:57:03.638202", "frame": 76, "mu": [-0.5271585015948115, 1.1791997235811675, 1.3999356863331944], "Sigma": [[0.005043554039828919, -0.0034368112568114347, -0.0037395610401821057], [-0.0034368112568114347, 0.015279486328146291, 0.0010890267390861194], [-0.0037395610401821057, 0.0010890267390861197, 0.004572037040898935]], "chi2_level": 0.95, "chi2_df": 3, "chi2_threshold": 7.814727903251179, "N_raw": 99, "N_roi": 99, "N_inlier": 96, "refit": true}
{"timestamp": "12:57:03.694556", "frame": 77, "mu": [-0.5746402834517854, 1.2035330580986574, 1.3821884834868357], "Sigma": [[0.007706790778337471, -0.0021992960102222695, -0.008709192533452294], [-0.0021992960102222695, 0.010876834804132153, 0.0012839287444260284], [-0.008709192533452294, 0.0012839287444260284, 0.01540662530277965]], "chi2_level": 0.95, "chi2_df": 3, "chi2_threshold": 7.814727903251179, "N_raw": 106, "N_roi": 106, "N_inlier": 98, "refit": true}
{"timestamp": "12:57:03.747669", "frame": 78, "mu": [-0.6182598824323288, 1.290552425705767, -0.3220708342190252], "Sigma": [[0.005397133023177954, -0.0013993769853863987, 0.00010497164113473849], [-0.001399376985386399, 0.017913209408791424, 0.013332006411990702], [0.00010497164113473827, 0.013332006411990704, 0.016259151409813422]], "chi2_level": 0.95, "chi2_df": 3, "chi2_threshold": 7.814727903251179, "N_raw": 95, "N_roi": 95, "N_inlier": 85, "refit": true}
{"timestamp": "12:57:03.803375", "frame": 79, "mu": [-0.6467542338691695, 1.2190904046449487, 1.4196731576986084], "Sigma": [[0.006907151943138577, -0.004125485230762879, -0.006862113231039208], [-0.004125485230762879, 0.018029600053537084, 0.0032433894236862503], [-0.006862113231039208, 0.0032433894236862494, 0.008661096265754164]], "chi2_level": 0.95, "chi2_df": 3, "chi2_threshold": 7.814727903251179, "N_raw": 106, "N_roi": 106, "N_inlier": 104, "refit": true}
{"timestamp": "12:57:03.857154", "frame": 80, "mu": [-0.6698986918348825, 1.2006651199113465, 1.4140096370304511], "Sigma": [[0.004144270868733879, -0.0009173913673039127, -0.0019925507359763355], [-0.0009173913673039127, 0.02041369316681258, 0.004730017862255079], [-0.001992550735976335, 0.004730017862255079, 0.0036266031551778367]], "chi2_level": 0.95, "chi2_df": 3, "chi2_threshold": 7.814727903251179, "N_raw": 83, "N_roi": 83, "N_inlier": 81, "refit": true}
{"timestamp": "12:57:03.910410", "frame": 81, "mu": [-0.751371361464344, 1.2032448055997185, 1.4343341485792012], "Sigma": [[0.006161703390407338, -0.0029214754473489714, -0.005455904734030442], [-0.002921475447348971, 0.01930178340620573, 0.007184478864413649], [-0.005455904734030442, 0.007184478864413649, 0.008122061148806767]], "chi2_level": 0.95, "chi2_df": 3, "chi2_threshold": 7.814727903251179, "N_raw": 86, "N_roi": 86, "N_inlier": 84, "refit": true}
{"timestamp": "12:57:03.961038", "frame": 82, "mu": [-0.7874873442317283, 1.2354108569138336, 1.523108575662675], "Sigma": [[0.003675842955529091, -0.001254207061294432, -0.003025293039874984], [-0.001254207061294432, 0.00997181164747837, 0.00462688144297518], [-0.003025293039874984, 0.00462688144297518, 0.00541063626894108]], "chi2_level": 0.95, "chi2_df": 3, "chi2_threshold": 7.814727903251179, "N_raw": 50, "N_roi": 50, "N_inlier": 48, "refit": true}
{"timestamp": "12:57:04.019511", "frame": 83, "mu": [-0.8396833239635829, 1.3007283503648412, -0.15151303652977974], "Sigma": [[0.019026099633297357, 0.014360946228562045, -0.006244901196695531], [0.014360946228562045, 0.020428195901850795, -5.2617200550406415e-05], [-0.006244901196695531, -5.26172005504062e-05, 0.007107489336420142]], "chi2_level": 0.95, "chi2_df": 3, "chi2_threshold": 7.814727903251179, "N_raw": 75, "N_roi": 75, "N_inlier": 66, "refit": true}
{"timestamp": "12:57:04.071269", "frame": 84, "mu": [-0.7927938868792517, 1.1830029181744126, 1.2809332667002997], "Sigma": [[0.010139430115199258, -0.006807540245669359, -0.03401364345795864], [-0.00680754024566936, 0.011955747259189605, 0.03540078419213693], [-0.03401364345795864, 0.03540078419213693, 0.16001599418140763]], "chi2_level": 0.95, "chi2_df": 3, "chi2_threshold": 7.814727903251179, "N_raw": 60, "N_roi": 60, "N_inlier": 58, "refit": true}
{"timestamp": "12:57:04.129186", "frame": 85, "mu": [-0.8684683459537207, 1.262894952562773, 1.429662394490446], "Sigma": [[0.013209447875733433, 0.0023955588075458027, -0.02885124662086703], [0.0023955588075458023, 0.013679572655763184, 0.006572738999510533], [-0.02885124662086702, 0.006572738999510533, 0.11198858860825489]], "chi2_level": 0.95, "chi2_df": 3, "chi2_threshold": 7.814727903251179, "N_raw": 78, "N_roi": 78, "N_inlier": 70, "refit": true}
{"timestamp": "12:57:04.186404", "frame": 86, "mu": [-1.0243693690737252, 1.247785573920854, 1.5540376453894065], "Sigma": [[0.05656793887779889, 0.04529296131190577, -0.04765757918949724], [0.04529296131190577, 0.044579316123421725, -0.03835538275434483], [-0.04765757918949724, -0.03835538275434483, 0.06442999075469485]], "chi2_level": 0.95, "chi2_df": 3, "chi2_threshold": 7.814727903251179, "N_raw": 89, "N_roi": 89, "N_inlier": 82, "refit": true}
{"timestamp": "12:57:04.238753", "frame": 87, "mu": [-1.098054792371184, 1.2583731067091102, 1.7088571575766258], "Sigma": [[0.04902119826032736, 0.03372195691144349, -0.03795493806154887], [0.03372195691144349, 0.028821498944079437, -0.026164094001423416], [-0.03795493806154887, -0.026164094001423416, 0.0393035715980691]], "chi2_level": 0.95, "chi2_df": 3, "chi2_threshold": 7.814727903251179, "N_raw": 70, "N_roi": 70, "N_inlier": 66, "refit": true}
{"timestamp": "12:57:04.296196", "frame": 88, "mu": [-0.9696474764497823, 1.3687930540232174, -0.0075090865652858085], "Sigma": [[0.06728322598405549, 0.039586568861265076, -0.017815340883257667], [0.039586568861265076, 0.04223696632334335, -0.055895784198958146], [-0.017815340883257664, -0.055895784198958146, 0.19238405055513008]], "chi2_level": 0.95, "chi2_df": 3, "chi2_threshold": 7.814727903251179, "N_raw": 90, "N_roi": 90, "N_inlier": 87, "refit": true}
{"timestamp": "12:57:04.360644", "frame": 89, "mu": [-1.0118550141471025, 1.316502921901686, 1.3980638179087224], "Sigma": [[0.08074692381018128, 0.03891615577195991, -0.11107157107051996], [0.03891615577195991, 0.026882442347693034, -0.042563944990590775], [-0.11107157107051996, -0.04256394499059077, 0.2512825811366554]], "chi2_level": 0.95, "chi2_df": 3, "chi2_threshold": 7.814727903251179, "N_raw": 147, "N_roi": 147, "N_inlier": 144, "refit": true}
{"timestamp": "12:57:04.410278", "frame": 90, "mu": [-1.0642355496643887, 1.2869944200395331, 1.1707926541553162], "Sigma": [[0.08420469316859483, 0.052081946996555245, -0.09273534149594173], [0.052081946996555245, 0.037891684094513864, -0.05125600816048311], [-0.09273534149594173, -0.051256008160483105, 0.23247888165584354]], "chi2_level": 0.95, "chi2_df": 3, "chi2_threshold": 7.814727903251179, "N_raw": 104, "N_roi": 104, "N_inlier": 101, "refit": true}
{"timestamp": "12:57:04.471080", "frame": 91, "mu": [-1.0191619848477975, 1.372511139041737, 1.0792954175220282], "Sigma": [[0.043906047094808574, 0.03094871702495742, -0.05176818507354299], [0.03094871702495742, 0.030377096264205476, -0.054745515391731545], [-0.05176818507354299, -0.05474551539173154, 0.2144882954715708]], "chi2_level": 0.95, "chi2_df": 3, "chi2_threshold": 7.814727903251179, "N_raw": 150, "N_roi": 150, "N_inlier": 140, "refit": true}
{"timestamp": "12:57:04.526403", "frame": 92, "mu": [-1.1560783520261693, 1.3294721451860148, 1.5040920153549093], "Sigma": [[0.08133065969889698, 0.05145728898502959, -0.050481537587633324], [0.05145728898502959, 0.0448708306946433, -0.028883201281475444], [-0.050481537587633324, -0.028883201281475444, 0.0331444048414497]], "chi2_level": 0.95, "chi2_df": 3, "chi2_threshold": 7.814727903251179, "N_raw": 150, "N_roi": 150, "N_inlier": 141, "refit": true}
