{"timestamp": "12:44:26.442955", "frame": 34, "mu": [-2.40415150052232, 3.250150070569175, -0.3505581110152174], "Sigma": [[0.0029858928702101327, 0.002086464880553353, -0.002644129173839894], [0.002086464880553353, 0.007835317372024099, -0.012556959745175428], [-0.002644129173839894, -0.012556959745175428, 0.02312543460681439]], "chi2_level": 0.95, "chi2_df": 3, "chi2_threshold": 7.814727903251179, "N_raw": 47, "N_roi": 17, "N_inlier": 17, "refit": true}
{"timestamp": "12:44:26.662535", "frame": 38, "mu": [-2.328501458655468, 3.0655259833025617, 0.009438421880681742], "Sigma": [[0.010382290996002254, 0.006419508461487148, -0.003688404931613219], [0.006419508461487148, 0.008082106278286892, -0.0010856104041173805], [-0.0036884049316132195, -0.0010856104041173805, 0.0034804704172804765]], "chi2_level": 0.95, "chi2_df": 3, "chi2_threshold": 7.814727903251179, "N_raw": 37, "N_roi": 29, "N_inlier": 28, "refit": true}
{"timestamp": "12:44:26.718372", "frame": 39, "mu": [-2.34986853339359, 3.0582796469806928, -0.013071964723685376], "Sigma": [[0.007792312135340193, 0.004414011433368684, -0.0033523236082640554], [0.004414011433368684, 0.006977143931216359, -0.006155371109606697], [-0.0033523236082640554, -0.006155371109606697, 0.007183704447159784]], "chi2_level": 0.95, "chi2_df": 3, "chi2_threshold": 7.814727903251179, "N_raw": 36, "N_roi": 28, "N_inlier": 25, "refit": true}
{"timestamp": "12:44:26.773024", "frame": 40, "mu": [-2.2674902212454966, 3.0307631367582695, -0.23168059086920093], "Sigma": [[0.012555633219876747, 0.006319640263377838, -0.006588717748728507], [0.006319640263377838, 0.007837306699880912, -0.0021295556396147197], [-0.006588717748728507, -0.0021295556396147197, 0.005312455021041555]], "chi2_level": 0.95, "chi2_df": 3, "chi2_threshold": 7.814727903251179, "N_raw": 32, "N_roi": 32, "N_inlier": 31, "refit": true}
{"timestamp": "12:44:26.830215", "frame": 41, "mu": [-2.233216534177275, 2.8742066982421823, 1.0338781481705188], "Sigma": [[0.018355753507350733, 0.003012774842885517, -0.017240546331243178], [0.0030127748428855176, 0.006715507094138723, -0.0027476749414807795], [-0.017240546331243174, -0.0027476749414807795, 0.017524038850176248]], "chi2_level": 0.95, "chi2_df": 3, "chi2_threshold": 7.814727903251179, "N_raw": 47, "N_roi": 43, "N_inlier": 43, "refit": true}
{"timestamp": "12:44:26.882483", "frame": 42, "mu": [-2.1597980211747925, 3.0407147327059496, -0.1777043012643323], "Sigma": [[0.01165773362679807, 0.005227720125164968, -0.007794427540042028], [0.005227720125164968, 0.006428079904584201, -0.0028057575621424843], [-0.00779442754004203, -0.0028057575621424843, 0.00643720662053905]], "chi2_level": 0.95, "chi2_df": 3, "chi2_threshold": 7.814727903251179, "N_raw": 30, "N_roi": 30, "N_inlier": 29, "refit": true}
{"timestamp": "12:44:26.939187", "frame": 43, "mu": [-2.217493886791888, 2.9078771796794958, 1.269829616503379], "Sigma": [[0.017813569747372096, 0.008490873390212653, -0.013819549115884969], [0.008490873390212653, 0.00862516526643932, -0.007581716104986952], [-0.013819549115884969, -0.007581716104986953, 0.0117658114115678]], "chi2_level": 0.95, "chi2_df": 3, "chi2_threshold": 7.814727903251179, "N_raw": 40, "N_roi": 40, "N_inlier": 39, "refit": true}
{"timestamp": "12:44:26.996415", "frame": 44, "mu": [-2.1828799577173856, 2.886701420856096, 1.207674016144753], "Sigma": [[0.018905446030544525, 0.004940086422853426, -0.017777296863610913], [0.004940086422853426, 0.006992528365484846, -0.006187742935909015], [-0.017777296863610917, -0.0061877429359090165, 0.01848809342422321]], "chi2_level": 0.95, "chi2_df": 3, "chi2_threshold": 7.814727903251179, "N_raw": 49, "N_roi": 49, "N_inlier": 47, "refit": true}
{"timestamp": "12:44:27.044206", "frame": 45, "mu": [-2.1451444480256763, 2.9364560547003657, 1.3003762208527134], "Sigma": [[0.005872360211926486, -0.0008902044981564691, -0.002753128504776182], [-0.0008902044981564689, 0.002572049265686664, -0.00058997708905855], [-0.0027531285047761823, -0.00058997708905855, 0.002246813392489028]], "chi2_level": 0.95, "chi2_df": 3, "chi2_threshold": 7.814727903251179, "N_raw": 10, "N_roi": 10, "N_inlier": 10, "refit": true}
{"timestamp": "12:44:27.102464", "frame": 46, "mu": [-2.056038301572688, 2.9545315884838295, 1.214944859345686], "Sigma": [[0.01776312354052883, 0.006709397935830773, -0.012039553969747905], [0.006709397935830771, 0.005129054280651563, -0.005294329299819298], [-0.012039553969747905, -0.005294329299819298, 0.009466146270433289]], "chi2_level": 0.95, "chi2_df": 3, "chi2_threshold": 7.814727903251179, "N_raw": 31, "N_roi": 31, "N_inlier": 30, "refit": true}
{"timestamp": "12:44:27.159477", "frame": 47, "mu": [-1.991176896802735, 3.016741968292976, 1.1902603506131082], "Sigma": [[0.01568112211462716, 0.0060324815794535365, -0.011211381830390225], [0.0060324815794535365, 0.008054092198090298, -0.0056772633029082385], [-0.011211381830390225, -0.005677263302908238, 0.009403112557403706]], "chi2_level": 0.95, "chi2_df": 3, "chi2_threshold": 7.814727903251179, "N_raw": 44, "N_roi": 44, "N_inlier": 44, "refit": true}
{"timestamp": "12:44:27.265738", "frame": 49, "mu": [-1.8361307529924873, 3.0936712646426936, 0.8984534508139044], "Sigma": [[0.00849385337596586, 0.003730647373090283, -0.015428928133978444], [0.0037306473730902836, 0.002901205998134001, -0.009271476270141089], [-0.015428928133978444, -0.009271476270141089, 0.043996026924666316]], "chi2_level": 0.95, "chi2_df": 3, "chi2_threshold": 7.814727903251179, "N_raw": 16, "N_roi": 16, "N_inlier": 13, "refit": true}
{"timestamp": "12:44:27.323785", "frame": 50, "mu": [-1.8347674405695458, 3.0461408157245935, 1.1577095967652098], "Sigma": [[0.013855225967525111, 0.006876665373342248, -0.008175986882783473], [0.006876665373342249, 0.006236668514240423, -0.005830767068656073], [-0.008175986882783473, -0.005830767068656073, 0.008062613691828766]], "chi2_level": 0.95, "chi2_df": 3, "chi2_threshold": 7.814727903251179, "N_raw": 39, "N_roi": 39, "N_inlier": 34, "refit": true}
{"timestamp": "12:44:27.436525", "frame": 52, "mu": [-1.71460960078824, 3.062984206833131, 0.8635884932061908], "Sigma": [[0.017659690813837163, 0.006190503867776291, -0.02213259290700543], [0.00619050386777629, 0.004945907803765063, -0.011578062182725918], [-0.02213259290700543, -0.011578062182725918, 0.03840855706060361]], "chi2_level": 0.95, "chi2_df": 3, "chi2_threshold": 7.814727903251179, "N_raw": 51, "N_roi": 51, "N_inlier": 48, "refit": true}
{"timestamp": "12:44:27.485887", "frame": 53, "mu": [-1.6432172915532173, 3.041386465136697, 0.8970344363280432], "Sigma": [[0.010317245753042053, 0.0023676992694436263, -0.015125310746296732], [0.0023676992694436263, 0.000978596952830441, -0.004508507954324911], [-0.015125310746296732, -0.004508507954324911, 0.029391212602037076]], "chi2_level": 0.95, "chi2_df": 3, "chi2_threshold": 7.814727903251179, "N_raw": 20, "N_roi": 20, "N_inlier": 19, "refit": true}
{"timestamp": "12:44:27.545904", "frame": 54, "mu": [-1.5829954508933268, 3.1171850737106492, 0.9017698901410515], "Sigma": [[0.019649764387315943, 0.0037196495801852985, -0.01629663039898447], [0.0037196495801852985, 0.001842586066456131, -0.005566034790644181], [-0.01629663039898447, -0.005566034790644181, 0.02332692853193572]], "chi2_level": 0.95, "chi2_df": 3, "chi2_threshold": 7.814727903251179, "N_raw": 49, "N_roi": 44, "N_inlier": 41, "refit": true}
{"timestamp": "12:44:27.600483", "frame": 55, "mu": [-1.5558917190246566, 3.0787139765784026, 0.910990422916669], "Sigma": [[0.014836317932667431, 0.0043423988855217, -0.009121440262089432], [0.0043423988855217, 0.004055206835239036, -0.005888247734651043], [-0.009121440262089432, -0.005888247734651043, 0.013519665201466894]], "chi2_level": 0.95, "chi2_df": 3, "chi2_threshold": 7.814727903251179, "N_raw": 48, "N_roi": 47, "N_inlier": 44, "refit": true}
{"timestamp": "12:44:27.656247", "frame": 56, "mu": [-1.4700446980633557, 3.139889946989642, 0.9407995240407312], "Sigma": [[0.015315179394570751, 0.0018882313843366291, -0.0161309405146036], [0.0018882313843366291, 0.0022907235617333948, -0.006375060941047751], [-0.0161309405146036, -0.006375060941047751, 0.03000948854846521]], "chi2_level": 0.95, "chi2_df": 3, "chi2_threshold": 7.814727903251179, "N_raw": 54, "N_roi": 51, "N_inlier": 49, "refit": true}
{"timestamp": "12:44:27.708128", "frame": 57, "mu": [-1.3947026579358548, 3.093918374157142, 0.8536790929654385], "Sigma": [[0.00902518797183652, 0.0004909478996570208, -0.009611918525569179], [0.0004909478996570208, 0.0004920707424674749, -0.002835216420859721], [-0.009611918525569179, -0.00283521642085972, 0.0305424216719643]], "chi2_level": 0.95, "chi2_df": 3, "chi2_threshold": 7.814727903251179, "N_raw": 30, "N_roi": 30, "N_inlier": 29, "refit": true}
{"timestamp": "12:44:27.764549", "frame": 58, "mu": [-1.3326071843611773, 3.0928932885118456, 0.8253748765208461], "Sigma": [[0.015969785422912098, 0.002594068608134204, -0.007241626617440459], [0.002594068608134204, 0.002531837278894598, -0.004311607815660857], [-0.007241626617440459, -0.004311607815660857, 0.010189979413121915]], "chi2_level": 0.95, "chi2_df": 3, "chi2_threshold": 7.814727903251179, "N_raw": 44, "N_roi": 44, "N_inlier": 43, "refit": true}
{"timestamp": "12:44:27.818969", "frame": 59, "mu": [-1.284297731722946, 3.0923717587042607, 0.9470206309301477], "Sigma": [[0.009933413759229999, 0.003205091300310478, -0.0030643573707588127], [0.0032050913003104785, 0.0029827173859867232, -0.005787586068692568], [-0.003064357370758813, -0.005787586068692568, 0.015415430514679801]], "chi2_level": 0.95, "chi2_df": 3, "chi2_threshold": 7.814727903251179, "N_raw": 42, "N_roi": 42, "N_inlier": 38, "refit": true}
{"timestamp": "12:44:27.872421", "frame": 60, "mu": [-1.1613328786241148, 3.124693452309941, 0.9036652383963637], "Sigma": [[0.005689771396830487, 0.000860905010398892, -0.004257595918717123], [0.000860905010398892, 0.0010584011040747061, -0.0018451409140542408], [-0.004257595918717123, -0.0018451409140542406, 0.007858587568093501]], "chi2_level": 0.95, "chi2_df": 3, "chi2_threshold": 7.814727903251179, "N_raw": 23, "N_roi": 20, "N_inlier": 17, "refit": true}
{"timestamp": "12:44:27.926944", "frame": 61, "mu": [-1.1739388454324429, 2.9946111177638866, 0.9268271496225096], "Sigma": [[0.011217775117971814, -0.00026372980891662377, -0.009492356685840232], [-0.00026372980891662355, 0.0021426014226409843, -0.0007291059356519752], [-0.009492356685840232, -0.0007291059356519752, 0.009887406535676664]], "chi2_level": 0.95, "chi2_df": 3, "chi2_threshold": 7.814727903251179, "N_raw": 24, "N_roi": 24, "N_inlier": 23, "refit": true}
{"timestamp": "12:44:27.985656", "frame": 62, "mu": [-1.1332957925558522, 3.212570843257578, -0.11097545083980036], "Sigma": [[0.018702285523533035, 0.004590841210381286, -0.01141846164953975], [0.004590841210381286, 0.004830005601049858, -0.0006643211391633614], [-0.01141846164953975, -0.0006643211391633613, 0.0095005757421517]], "chi2_level": 0.95, "chi2_df": 3, "chi2_threshold": 7.814727903251179, "N_raw": 45, "N_roi": 45, "N_inlier": 43, "refit": true}
{"timestamp": "12:44:28.038034", "frame": 63, "mu": [-1.0795116560541216, 3.020860987353101, 1.033224081787412], "Sigma": [[0.011198483473796315, 0.0016071218553169553, -0.010084606513601165], [0.001607121855316955, 0.0031894392692203, -0.002389400237356651], [-0.010084606513601165, -0.002389400237356651, 0.010479754980862907]], "chi2_level": 0.95, "chi2_df": 3, "chi2_threshold": 7.814727903251179, "N_raw": 36, "N_roi": 36, "N_inlier": 34, "refit": true}
{"timestamp": "12:44:28.095288", "frame": 64, "mu": [-1.0316235713801922, 3.02897477976883, 1.0242671975337252], "Sigma": [[0.01350196744156241, 0.0011944784186208174, -0.012256485296465277], [0.0011944784186208174, 0.0038233799611431625, -0.0019338928444970454], [-0.012256485296465277, -0.0019338928444970454, 0.013846444774767775]], "chi2_level": 0.95, "chi2_df": 3, "chi2_threshold": 7.814727903251179, "N_raw": 44, "N_roi": 43, "N_inlier": 40, "refit": true}
{"timestamp": "12:44:28.147948", "frame": 65, "mu": [-0.9165817283659616, 3.0186245209492792, 0.8856367353854854], "Sigma": [[0.007309403292323775, -0.0007592449415024342, -0.004416499061088557], [-0.0007592449415024343, 0.00458572494536517, 0.0019188358480183502], [-0.004416499061088557, 0.0019188358480183502, 0.003991938636848535]], "chi2_level": 0.95, "chi2_df": 3, "chi2_threshold": 7.814727903251179, "N_raw": 32, "N_roi": 32, "N_inlier": 28, "refit": true}
{"timestamp": "12:44:28.205412", "frame": 66, "mu": [-0.9801080278017913, 3.0388095955325887, 1.087793438063967], "Sigma": [[0.011447385377115161, 0.0003201435631335416, -0.008917073152976972], [0.0003201435631335417, 0.0035807397521848616, -0.0023331835191787377], [-0.008917073152976974, -0.0023331835191787377, 0.009032937096929849]], "chi2_level": 0.95, "chi2_df": 3, "chi2_threshold": 7.814727903251179, "N_raw": 46, "N_roi": 46, "N_inlier": 44, "refit": true}
{"timestamp": "12:44:28.372028", "frame": 69, "mu": [-0.792135241929063, 3.0742362205247744, 1.0170841377402717], "Sigma": [[0.0163505938157454, 0.0005835546040402688, -0.008503318586013837], [0.0005835546040402689, 0.005694511005844127, 0.0002527203073828554], [-0.008503318586013837, 0.00025272030738285556, 0.0050620348827254006]], "chi2_level": 0.95, "chi2_df": 3, "chi2_threshold": 7.814727903251179, "N_raw": 60, "N_roi": 57, "N_inlier": 54, "refit": true}
{"timestamp": "12:44:28.424038", "frame": 70, "mu": [-0.744506367578949, 3.098392134072235, 1.044217386196221], "Sigma": [[0.01116896404301371, 0.0018430058165080083, -0.006634134729592734], [0.0018430058165080083, 0.0026802576008477285, -0.002760547937351094], [-0.006634134729592735, -0.002760547937351094, 0.005831878917731452]], "chi2_level": 0.95, "chi2_df": 3, "chi2_threshold": 7.814727903251179, "N_raw": 39, "N_roi": 36, "N_inlier": 35, "refit": true}
{"timestamp": "12:44:28.480807", "frame": 71, "mu": [-0.7014745024719181, 3.120187890487865, 1.096205120676646], "Sigma": [[0.012770691681817511, 0.002695116689984107, -0.0042983365344141265], [0.002695116689984107, 0.004127187623963628, -0.002740435962032173], [-0.0042983365344141265, -0.002740435962032173, 0.003240916097549185]], "chi2_level": 0.95, "chi2_df": 3, "chi2_threshold": 7.814727903251179, "N_raw": 50, "N_roi": 46, "N_inlier": 45, "refit": true}
{"timestamp": "12:44:28.536451", "frame": 72, "mu": [-0.6941811119396608, 3.2263270506934614, 0.024547061716719415], "Sigma": [[0.013644885330454297, 0.0028834006559143696, -0.0058580161949322715], [0.00288340065591437, 0.005179939969685584, 0.0017950453844188176], [-0.0058580161949322715, 0.0017950453844188178, 0.007783168061449807]], "chi2_level": 0.95, "chi2_df": 3, "chi2_threshold": 7.814727903251179, "N_raw": 50, "N_roi": 48, "N_inlier": 46, "refit": true}
{"timestamp": "12:44:28.651826", "frame": 74, "mu": [-0.5666564905794859, 3.2106259812109945, 0.8125642961752492], "Sigma": [[0.01688787723590323, 0.004035025633527317, -0.006914874814477718], [0.004035025633527317, 0.019989549947088018, -0.019635984110733383], [-0.006914874814477717, -0.019635984110733383, 0.159305655340762]], "chi2_level": 0.95, "chi2_df": 3, "chi2_threshold": 7.814727903251179, "N_raw": 94, "N_roi": 91, "N_inlier": 86, "refit": true}
{"timestamp": "12:44:28.702177", "frame": 75, "mu": [-0.5891355436174747, 3.118902169827883, 1.1618566067287928], "Sigma": [[0.018521232355508933, 0.0027092151446946205, -0.00175484525090244], [0.002709215144694621, 0.0035873163817339215, -0.0005225262165245529], [-0.00175484525090244, -0.0005225262165245528, 0.003663928644721452]], "chi2_level": 0.95, "chi2_df": 3, "chi2_threshold": 7.814727903251179, "N_raw": 55, "N_roi": 47, "N_inlier": 43, "refit": true}
{"timestamp": "12:44:28.754419", "frame": 76, "mu": [-0.6053246804008918, 3.055366011760144, 0.9389111191250239], "Sigma": [[0.01065337375254039, -0.00040196416594142064, -0.0006465913666457952], [-0.0004019641659414207, 0.0005526659951069875, -0.0017974927596509584], [-0.0006465913666457952, -0.0017974927596509584, 0.010775067824091862]], "chi2_level": 0.95, "chi2_df": 3, "chi2_threshold": 7.814727903251179, "N_raw": 40, "N_roi": 37, "N_inlier": 32, "refit": true}
{"timestamp": "12:44:28.805687", "frame": 77, "mu": [-0.46301827199044676, 3.1452623219625133, 1.1068129748708448], "Sigma": [[0.010871665387182842, 0.0019892583041885414, -0.00048596661424532957], [0.0019892583041885414, 0.0036002661063898444, 0.00111613252848565], [-0.00048596661424532935, 0.0011161325284856495, 0.007106047452357918]], "chi2_level": 0.95, "chi2_df": 3, "chi2_threshold": 7.814727903251179, "N_raw": 17, "N_roi": 17, "N_inlier": 15, "refit": true}
{"timestamp": "12:44:28.863409", "frame": 78, "mu": [-0.4432613988754552, 3.179784496616978, 1.0873606430107774], "Sigma": [[0.011683566001864468, 0.0037227727549745786, -0.005750417697302259], [0.0037227727549745786, 0.00897277463691031, -0.004266996062016332], [-0.00575041769730226, -0.004266996062016332, 0.004863887180169726]], "chi2_level": 0.95, "chi2_df": 3, "chi2_threshold": 7.814727903251179, "N_raw": 31, "N_roi": 31, "N_inlier": 30, "refit": true}
{"timestamp": "12:44:28.923163", "frame": 79, "mu": [-0.36149938465310555, 3.17626678022747, 1.0427123275515655], "Sigma": [[0.01779810089770973, 0.0011885256450773743, -0.007084303740282249], [0.0011885256450773745, 0.0029474719046928555, -0.006610558258548294], [-0.007084303740282249, -0.006610558258548293, 0.02196952633050328]], "chi2_level": 0.95, "chi2_df": 3, "chi2_threshold": 7.814727903251179, "N_raw": 66, "N_roi": 66, "N_inlier": 64, "refit": true}
{"timestamp": "12:44:28.976230", "frame": 80, "mu": [-0.264617076574178, 3.203043863766052, 1.0095655488488597], "Sigma": [[0.015706686828509897, 0.001880272476328678, 0.003310214425668165], [0.0018802724763286784, 0.001951490677000232, -0.003046751054052884], [0.0033102144256681645, -0.003046751054052884, 0.019570023936541815]], "chi2_level": 0.95, "chi2_df": 3, "chi2_threshold": 7.814727903251179, "N_raw": 55, "N_roi": 53, "N_inlier": 50, "refit": true}
{"timestamp": "12:44:29.032258", "frame": 81, "mu": [-0.22238378426409822, 3.1414000687553596, 1.085722536946434], "Sigma": [[0.014685454825033011, 0.001411085936163457, -0.003557914196039284], [0.001411085936163457, 0.00413697205014289, -0.0034603427104134034], [-0.0035579141960392835, -0.0034603427104134034, 0.005524883641552947]], "chi2_level": 0.95, "chi2_df": 3, "chi2_threshold": 7.814727903251179, "N_raw": 58, "N_roi": 58, "N_inlier": 56, "refit": true}
{"timestamp": "12:44:29.085254", "frame": 82, "mu": [-0.16127089309313586, 3.194034748397202, -0.6354030119757514], "Sigma": [[0.010377917998508361, 0.002223137918161428, 0.00221745334993772], [0.002223137918161428, 0.006630048077269508, 0.006791268142300053], [0.0022174533499377193, 0.006791268142300053, 0.019647466826552808]], "chi2_level": 0.95, "chi2_df": 3, "chi2_threshold": 7.814727903251179, "N_raw": 46, "N_roi": 44, "N_inlier": 40, "refit": true}
{"timestamp": "12:44:29.137471", "frame": 83, "mu": [-0.1568172950843989, 3.186537282003238, -0.05098968921486822], "Sigma": [[0.009397930781897696, 0.00033318587245216526, -0.004213517315573871], [0.00033318587245216526, 0.0016259304786209, -0.00161484868490676], [-0.004213517315573872, -0.00161484868490676, 0.003886311944127344]], "chi2_level": 0.95, "chi2_df": 3, "chi2_threshold": 7.814727903251179, "N_raw": 26, "N_roi": 26, "N_inlier": 24, "refit": true}
{"timestamp": "12:44:29.193699", "frame": 84, "mu": [-0.11279485615258691, 3.142321909254402, 1.310781025978566], "Sigma": [[0.013661805110846305, -0.000670008509309101, -0.005116227634342852], [-0.0006700085093091011, 0.003347344268521558, 0.0012163897867208042], [-0.005116227634342852, 0.0012163897867208044, 0.0029104144398044924]], "chi2_level": 0.95, "chi2_df": 3, "chi2_threshold": 7.814727903251179, "N_raw": 40, "N_roi": 40, "N_inlier": 39, "refit": true}
{"timestamp": "12:44:29.303919", "frame": 86, "mu": [0.0142550995685787, 3.1093491769536405, 1.1815504689098821], "Sigma": [[0.013980515479059524, 0.0005585828779509733, -0.0006926231566703121], [0.0005585828779509734, 0.0031517523124327904, 0.0006744902033684725], [-0.000692623156670312, 0.0006744902033684724, 0.0031931973842657052]], "chi2_level": 0.95, "chi2_df": 3, "chi2_threshold": 7.814727903251179, "N_raw": 41, "N_roi": 41, "N_inlier": 39, "refit": true}
{"timestamp": "12:44:29.412825", "frame": 88, "mu": [0.05746905052854104, 3.142462220069058, 1.3335222882743774], "Sigma": [[0.006696515991886756, 0.0005158972929086563, -0.004766889115865487], [0.0005158972929086559, 0.003990580950623727, -0.006427813824233002], [-0.004766889115865487, -0.006427813824233002, 0.04236489991032895]], "chi2_level": 0.95, "chi2_df": 3, "chi2_threshold": 7.814727903251179, "N_raw": 30, "N_roi": 27, "N_inlier": 24, "refit": true}
{"timestamp": "12:44:29.471397", "frame": 89, "mu": [0.1606336934485409, 3.1604320010164524, 1.1715468042529193], "Sigma": [[0.013971833040717797, -0.003141420723004688, 0.002485798432690026], [-0.003141420723004688, 0.004971603960003501, -0.005540314565090715], [0.002485798432690026, -0.005540314565090715, 0.011760281795953526]], "chi2_level": 0.95, "chi2_df": 3, "chi2_threshold": 7.814727903251179, "N_raw": 63, "N_roi": 63, "N_inlier": 60, "refit": true}
{"timestamp": "12:44:29.526304", "frame": 90, "mu": [0.247483945463903, 3.149003485720692, 1.22023122179369], "Sigma": [[0.01247882652483743, -0.0014612276606620223, -0.00394009367385009], [-0.0014612276606620223, 0.005316828137119196, -0.0001901120567595016], [-0.00394009367385009, -0.0001901120567595017, 0.0023945533853749266]], "chi2_level": 0.95, "chi2_df": 3, "chi2_threshold": 7.814727903251179, "N_raw": 53, "N_roi": 50, "N_inlier": 49, "refit": true}
{"timestamp": "12:44:29.583731", "frame": 91, "mu": [0.24607288998310028, 3.199207319459726, 1.2951067264055305], "Sigma": [[0.015355213425381499, -0.0016369941953439243, -0.005760795322772875], [-0.0016369941953439245, 0.005989099015083048, 0.0011498802146612083], [-0.005760795322772875, 0.0011498802146612081, 0.02885070578646442]], "chi2_level": 0.95, "chi2_df": 3, "chi2_threshold": 7.814727903251179, "N_raw": 67, "N_roi": 67, "N_inlier": 64, "refit": true}
{"timestamp": "12:44:29.634308", "frame": 92, "mu": [0.29366710498261916, 3.2025136289218823, 1.3454490947148885], "Sigma": [[0.012985434979218459, -0.0020169441213082834, -0.00485304734893547], [-0.0020169441213082834, 0.004342317914049391, 0.002231222273210435], [-0.00485304734893547, 0.002231222273210435, 0.003159823593127154]], "chi2_level": 0.95, "chi2_df": 3, "chi2_threshold": 7.814727903251179, "N_raw": 41, "N_roi": 41, "N_inlier": 39, "refit": true}
{"timestamp": "12:44:29.690898", "frame": 93, "mu": [0.3504445337877873, 3.193499796179034, 1.2272122749226322], "Sigma": [[0.013513534244815375, -0.0012298908094872901, -0.0025615663964437254], [-0.0012298908094872901, 0.0031303929769718923, -0.0026021689481520644], [-0.0025615663964437254, -0.002602168948152065, 0.009259902812649988]], "chi2_level": 0.95, "chi2_df": 3, "chi2_threshold": 7.814727903251179, "N_raw": 52, "N_roi": 52, "N_inlier": 48, "refit": true}
{"timestamp": "12:44:29.744922", "frame": 94, "mu": [0.4049308223322284, 3.199766921449169, 1.240060997881789], "Sigma": [[0.010117070876228379, -0.0009270415054733755, -0.0003118991762917768], [-0.0009270415054733756, 0.00499929318744401, -0.0007393086170590763], [-0.00031189917629177683, -0.0007393086170590761, 0.0002198979683210089]], "chi2_level": 0.95, "chi2_df": 3, "chi2_threshold": 7.814727903251179, "N_raw": 48, "N_roi": 48, "N_inlier": 43, "refit": true}
{"timestamp": "12:44:29.798814", "frame": 95, "mu": [0.44156674325011197, 3.2253543258640804, 1.2312840780872178], "Sigma": [[0.008242697154148467, -0.0027986681004413027, -0.0022917835096677905], [-0.0027986681004413027, 0.003636078082462216, -0.0014132968408079993], [-0.0022917835096677905, -0.0014132968408079993, 0.005033432758397945]], "chi2_level": 0.95, "chi2_df": 3, "chi2_threshold": 7.814727903251179, "N_raw": 37, "N_roi": 37, "N_inlier": 31, "refit": true}
{"timestamp": "12:44:29.857309", "frame": 96, "mu": [0.4840286180447253, 3.2191789245661853, 1.3517445673259119], "Sigma": [[0.015442952609325933, -0.0018070450634717727, -0.0074175661871582095], [-0.0018070450634717723, 0.006268466057629716, 0.0032908890232761457], [-0.007417566187158209, 0.0032908890232761457, 0.006097281106019835]], "chi2_level": 0.95, "chi2_df": 3, "chi2_threshold": 7.814727903251179, "N_raw": 59, "N_roi": 59, "N_inlier": 53, "refit": true}
{"timestamp": "12:44:29.912817", "frame": 97, "mu": [0.5102226392350935, 3.2586286936777142, 1.2500705620987542], "Sigma": [[0.013955121723672496, -0.0021233321827055372, -0.004437824255127631], [-0.0021233321827055377, 0.004787793828243039, -0.0037037463220995605], [-0.004437824255127631, -0.003703746322099561, 0.0075332765395435914]], "chi2_level": 0.95, "chi2_df": 3, "chi2_threshold": 7.814727903251179, "N_raw": 57, "N_roi": 57, "N_inlier": 55, "refit": true}
{"timestamp": "12:44:29.967631", "frame": 98, "mu": [0.5465298403928162, 3.2120317572957715, 1.2473982531633165], "Sigma": [[0.013675025958594893, -0.001954621062456735, -0.004680520491801634], [-0.0019546210624567352, 0.00588789694862426, -0.0020612628911268567], [-0.004680520491801634, -0.0020612628911268567, 0.004239821127633937]], "chi2_level": 0.95, "chi2_df": 3, "chi2_threshold": 7.814727903251179, "N_raw": 59, "N_roi": 59, "N_inlier": 57, "refit": true}
{"timestamp": "12:44:30.017917", "frame": 99, "mu": [0.6376934232550018, 3.200409180357409, 1.2277086649304472], "Sigma": [[0.008767136494576751, -0.0004610815307741736, -0.0018037312441638903], [-0.00046108153077417365, 0.002759113489349661, -0.0006158676237375704], [-0.0018037312441638903, -0.0006158676237375703, 0.0009134906294263113]], "chi2_level": 0.95, "chi2_df": 3, "chi2_threshold": 7.814727903251179, "N_raw": 32, "N_roi": 32, "N_inlier": 30, "refit": true}
{"timestamp": "12:44:30.220217", "frame": 102, "mu": [0.7405388004476494, 3.1809775121448065, 1.172423428706079], "Sigma": [[0.009247608698575159, -0.0024935980591258107, -0.003406258950778958], [-0.0024935980591258107, 0.0024436540638150626, 4.596752199803161e-05], [-0.0034062589507789574, 4.596752199803155e-05, 0.0038240279888445694]], "chi2_level": 0.95, "chi2_df": 3, "chi2_threshold": 7.814727903251179, "N_raw": 27, "N_roi": 27, "N_inlier": 25, "refit": true}
{"timestamp": "12:44:30.248793", "frame": 103, "mu": [0.9129314005833595, 3.262454311382991, 0.9091962903896615], "Sigma": [[0.028423858359834266, -0.0040160992900382265, -0.09155930058206516], [-0.004016099290038225, 0.0049444478456186405, 0.013906786219366696], [-0.09155930058206518, 0.013906786219366696, 0.3961176648492997]], "chi2_level": 0.95, "chi2_df": 3, "chi2_threshold": 7.814727903251179, "N_raw": 42, "N_roi": 42, "N_inlier": 41, "refit": true}
{"timestamp": "12:44:30.292439", "frame": 104, "mu": [0.8784826651920816, 3.163558873133918, -0.8944807526370578], "Sigma": [[0.006411723052665053, -0.0002443856570020535, -0.011669196295416642], [-0.0002443856570020534, 0.0033812810235282777, -0.008744473381202525], [-0.011669196295416642, -0.008744473381202527, 0.06454808159014641]], "chi2_level": 0.95, "chi2_df": 3, "chi2_threshold": 7.814727903251179, "N_raw": 25, "N_roi": 23, "N_inlier": 19, "refit": true}
{"timestamp": "12:44:30.400474", "frame": 106, "mu": [0.798931416338539, 3.4101454372565527, 0.33313416397581236], "Sigma": [[0.013458709507202285, -0.00499333305165856, 0.02196420260620724], [-0.00499333305165856, 0.006843270574936291, -0.020003241636498543], [0.02196420260620724, -0.020003241636498543, 0.06760453568171823]], "chi2_level": 0.95, "chi2_df": 3, "chi2_threshold": 7.814727903251179, "N_raw": 20, "N_roi": 20, "N_inlier": 17, "refit": true}
{"timestamp": "12:44:30.458211", "frame": 107, "mu": [0.8850083155752689, 3.682159614351331, -0.7286376629035064], "Sigma": [[0.02137053958541182, -0.014465965092798402, 0.021418412623819903], [-0.014465965092798405, 0.03008934289207993, -0.05306812850784094], [0.0214184126238199, -0.05306812850784095, 0.0987460857649183]], "chi2_level": 0.95, "chi2_df": 3, "chi2_threshold": 7.814727903251179, "N_raw": 31, "N_roi": 31, "N_inlier": 30, "refit": true}
{"timestamp": "12:44:30.510795", "frame": 108, "mu": [1.0726459555092296, 3.3224045097301467, 0.4643769561489534], "Sigma": [[0.008115275153993894, -0.0069785544524766496, 0.014374132074758975], [-0.0069785544524766496, 0.019155040581508635, -0.04848827944552254], [0.014374132074758975, -0.04848827944552253, 0.12701612726605704]], "chi2_level": 0.95, "chi2_df": 3, "chi2_threshold": 7.814727903251179, "N_raw": 17, "N_roi": 17, "N_inlier": 16, "refit": true}
{"timestamp": "12:44:30.571153", "frame": 109, "mu": [1.1110224497918995, 3.480951784976214, -0.281537846220349], "Sigma": [[0.030299009004541327, -0.032018030783704646, 0.044029755909769666], [-0.032018030783704646, 0.05399090977709478, -0.09032939874617431], [0.044029755909769666, -0.09032939874617431, 0.17600440929955477]], "chi2_level": 0.95, "chi2_df": 3, "chi2_threshold": 7.814727903251179, "N_raw": 59, "N_roi": 59, "N_inlier": 59, "refit": true}
{"timestamp": "12:44:30.622106", "frame": 110, "mu": [1.2220430888374352, 3.224932147370278, 1.0843533027684715], "Sigma": [[0.012598178442100762, -0.00546516309164994, -0.006581777076339215], [-0.00546516309164994, 0.004334983157676403, 0.0029962735880397886], [-0.006581777076339215, 0.002996273588039789, 0.00482050967049863]], "chi2_level": 0.95, "chi2_df": 3, "chi2_threshold": 7.814727903251179, "N_raw": 27, "N_roi": 27, "N_inlier": 23, "refit": true}
{"timestamp": "12:44:30.675609", "frame": 111, "mu": [1.2499015211551658, 3.268484792618973, 0.8807511332570481], "Sigma": [[0.005382991929968943, -0.0016183587452690048, -0.0017262032024528487], [-0.0016183587452690048, 0.0015453252527366406, -0.006852380935189415], [-0.0017262032024528483, -0.006852380935189415, 0.21006715934436562]], "chi2_level": 0.95, "chi2_df": 3, "chi2_threshold": 7.814727903251179, "N_raw": 15, "N_roi": 15, "N_inlier": 13, "refit": true}
{"timestamp": "12:44:30.730812", "frame": 112, "mu": [1.3463015797556064, 3.1551132541954194, 0.8938996839065896], "Sigma": [[0.004372761443072036, 0.0007855655388304014, -0.009720939490341644], [0.000785565538830401, 0.0033805400208009847, -0.007400811639857038], [-0.009720939490341642, -0.007400811639857037, 0.09193845088566299]], "chi2_level": 0.95, "chi2_df": 3, "chi2_threshold": 7.814727903251179, "N_raw": 17, "N_roi": 17, "N_inlier": 15, "refit": true}
{"timestamp": "12:44:30.786286", "frame": 113, "mu": [1.3309943836927371, 3.167826087210262, 1.2948743754815084], "Sigma": [[0.006807172069211973, -0.0023537604978839596, -0.0018358824596354482], [-0.0023537604978839588, 0.003276910951788795, 0.0016680506076439659], [-0.0018358824596354487, 0.0016680506076439657, 0.0018082910781400698]], "chi2_level": 0.95, "chi2_df": 3, "chi2_threshold": 7.814727903251179, "N_raw": 23, "N_roi": 21, "N_inlier": 20, "refit": true}
{"timestamp": "12:44:30.897914", "frame": 115, "mu": [1.4349320020989547, 3.2020273374355757, 0.9407615144908414], "Sigma": [[0.011076091932522993, -0.005564072553866552, -0.004116355570332379], [-0.005564072553866553, 0.003539770375789171, -0.0001163779474843827], [-0.004116355570332379, -0.00011637794748438254, 0.01738695439165628]], "chi2_level": 0.95, "chi2_df": 3, "chi2_threshold": 7.814727903251179, "N_raw": 32, "N_roi": 32, "N_inlier": 31, "refit": true}
{"timestamp": "12:44:30.950117", "frame": 116, "mu": [1.4518699734557634, 3.2610878262386027, 0.8457185510365799], "Sigma": [[0.0037330145543317643, 0.002061595510582088, -0.017833221521042573], [0.002061595510582088, 0.004961088183286462, 0.013473580973906302], [-0.017833221521042573, 0.013473580973906302, 0.5105798001116066]], "chi2_level": 0.95, "chi2_df": 3, "chi2_threshold": 7.814727903251179, "N_raw": 10, "N_roi": 10, "N_inlier": 10, "refit": true}
{"timestamp": "12:44:31.007293", "frame": 117, "mu": [1.4916029226734, 3.3968501974982095, 0.03594284298274596], "Sigma": [[0.009139020946602985, -0.002412816417485241, 0.0056019048557655075], [-0.002412816417485241, 0.003926076602563085, -0.0035733359802895084], [0.005601904855765507, -0.003573335980289508, 0.054293065388985054]], "chi2_level": 0.95, "chi2_df": 3, "chi2_threshold": 7.814727903251179, "N_raw": 28, "N_roi": 28, "N_inlier": 25, "refit": true}
{"timestamp": "12:44:31.121677", "frame": 119, "mu": [1.6058302487066187, 3.3119369755290307, 1.2619162915772464], "Sigma": [[0.019636505899716328, -0.00686439770402518, 0.0003895774756665707], [-0.006864397704025181, 0.009981015426332156, 0.004168401585495895], [0.0003895774756665707, 0.004168401585495895, 0.012080934583883816]], "chi2_level": 0.95, "chi2_df": 3, "chi2_threshold": 7.814727903251179, "N_raw": 57, "N_roi": 55, "N_inlier": 51, "refit": true}
{"timestamp": "12:44:31.170228", "frame": 120, "mu": [1.618332068588147, 3.3214011625354036, 1.127501247098699], "Sigma": [[0.0017996197948474285, -0.0008769830442198481, 0.016854832880930017], [-0.000876983044219848, 0.01465086933590179, 0.0357184693740546], [0.01685483288093002, 0.0357184693740546, 0.40727619069167126]], "chi2_level": 0.95, "chi2_df": 3, "chi2_threshold": 7.814727903251179, "N_raw": 10, "N_roi": 10, "N_inlier": 10, "refit": true}
{"timestamp": "12:44:31.225373", "frame": 121, "mu": [1.6522067226883388, 3.2459752171018, 1.3574395579638467], "Sigma": [[0.008437745412285444, -0.0015952676433609824, 0.0011988949100604097], [-0.0015952676433609826, 0.006367090242665972, 0.009031946574730259], [0.0011988949100604099, 0.009031946574730259, 0.01623294996860203]], "chi2_level": 0.95, "chi2_df": 3, "chi2_threshold": 7.814727903251179, "N_raw": 19, "N_roi": 19, "N_inlier": 18, "refit": true}
{"timestamp": "12:44:31.288579", "frame": 122, "mu": [1.6584895190624396, 3.3259683275257657, 0.2782347852402796], "Sigma": [[0.016212312909804044, -0.005750275297746172, 0.002071631241572899], [-0.005750275297746172, 0.0052554276114423525, 0.0021733722139209294], [0.002071631241572899, 0.0021733722139209294, 0.007178359033343178]], "chi2_level": 0.95, "chi2_df": 3, "chi2_threshold": 7.814727903251179, "N_raw": 39, "N_roi": 39, "N_inlier": 36, "refit": true}
{"timestamp": "12:44:31.339057", "frame": 123, "mu": [1.7477338531395608, 3.3702988421987006, 1.4354010059985736], "Sigma": [[0.019130365548307136, -0.00806510701556495, -0.005598423458412242], [-0.00806510701556495, 0.008072984673163879, 0.002495059857070165], [-0.005598423458412243, 0.002495059857070165, 0.0030911120529625393]], "chi2_level": 0.95, "chi2_df": 3, "chi2_threshold": 7.814727903251179, "N_raw": 44, "N_roi": 44, "N_inlier": 42, "refit": true}
{"timestamp": "12:44:31.395841", "frame": 124, "mu": [1.7381757884306537, 3.3543392188487378, 1.439608906399284], "Sigma": [[0.018313492182610157, -0.006503192127972592, -0.0032840995280863728], [-0.006503192127972592, 0.010007314733600454, 0.007060031050544859], [-0.0032840995280863728, 0.007060031050544858, 0.006061911850552821]], "chi2_level": 0.95, "chi2_df": 3, "chi2_threshold": 7.814727903251179, "N_raw": 50, "N_roi": 48, "N_inlier": 47, "refit": true}
{"timestamp": "12:44:31.445357", "frame": 125, "mu": [1.8501333225390943, 3.3570890689979755, 1.5684415807471794], "Sigma": [[0.009859116737770563, 0.005693686868184018, 0.01613175940972196], [0.005693686868184018, 0.008418940831780526, 0.015998818969546903], [0.01613175940972196, 0.015998818969546903, 0.03933989906679232]], "chi2_level": 0.95, "chi2_df": 3, "chi2_threshold": 7.814727903251179, "N_raw": 13, "N_roi": 10, "N_inlier": 10, "refit": true}
{"timestamp": "12:44:31.502796", "frame": 126, "mu": [1.812462924007696, 3.4085360839041847, 1.5352555942675528], "Sigma": [[0.01139586830107934, -0.002960325090164458, 0.0038973551596847857], [-0.002960325090164458, 0.007790294539356029, 0.0052948235898448714], [0.0038973551596847857, 0.005294823589844872, 0.008146139655774782]], "chi2_level": 0.95, "chi2_df": 3, "chi2_threshold": 7.814727903251179, "N_raw": 34, "N_roi": 34, "N_inlier": 33, "refit": true}
