{"timestamp": "11:55:32.777200", "frame": 46, "mu": [1.847481168041964, 1.213712508804979, 1.4291144539211265], "Sigma": [[0.007989788958448955, 0.0029338637512111463, 0.0033119873388812587], [0.0029338637512111463, 0.0022673023079314426, 0.0010697101447321642], [0.0033119873388812587, 0.0010697101447321642, 0.0022391824986782035]], "chi2_level": 0.95, "chi2_df": 3, "chi2_threshold": 7.814727903251179, "N_raw": 12, "N_roi": 12, "N_inlier": 11, "refit": true}
{"timestamp": "11:55:32.996850", "frame": 50, "mu": [1.6204788462660442, 1.5334814795431329, 1.4061789420798467], "Sigma": [[0.004415877042741284, -0.0027198217633737105, -0.002900795042835769], [-0.00271982176337371, 0.004773483103754722, 0.001734961456627351], [-0.002900795042835769, 0.0017349614566273513, 0.0025765364521069837]], "chi2_level": 0.95, "chi2_df": 3, "chi2_threshold": 7.814727903251179, "N_raw": 13, "N_roi": 13, "N_inlier": 11, "refit": true}
{"timestamp": "11:55:33.218461", "frame": 54, "mu": [1.664675330726362, 1.7856897377770686, 1.60516176138496], "Sigma": [[0.003737909224782991, -0.0004336585834181102, 0.0019149916291733313], [-0.0004336585834181102, 0.006289871292424721, 0.0037066914170615396], [0.0019149916291733315, 0.0037066914170615396, 0.004416402063254455]], "chi2_level": 0.95, "chi2_df": 3, "chi2_threshold": 7.814727903251179, "N_raw": 22, "N_roi": 21, "N_inlier": 20, "refit": true}
{"timestamp": "11:55:33.385076", "frame": 57, "mu": [1.6690789420063357, 1.9367807593682076, 1.552538895179901], "Sigma": [[0.006969775449454946, -0.0023470728106669116, 0.001603659280736793], [-0.0023470728106669116, 0.007082729178380579, 0.004273342467028869], [0.001603659280736793, 0.004273342467028869, 0.004671299395136612]], "chi2_level": 0.95, "chi2_df": 3, "chi2_threshold": 7.814727903251179, "N_raw": 34, "N_roi": 34, "N_inlier": 30, "refit": true}
{"timestamp": "11:55:33.440233", "frame": 58, "mu": [1.6206132866162097, 1.9307153813448699, 1.2483389733928507], "Sigma": [[0.005557643170615033, -0.005042144681919009, -0.005153926079211264], [-0.005042144681919009, 0.004762029720502422, 0.0039023037089798806], [-0.005153926079211264, 0.0039023037089798806, 0.012125073519630923]], "chi2_level": 0.95, "chi2_df": 3, "chi2_threshold": 7.814727903251179, "N_raw": 20, "N_roi": 20, "N_inlier": 18, "refit": true}
{"timestamp": "11:55:33.880806", "frame": 66, "mu": [1.6791392902369298, 2.480167252385402, 1.496558039190154], "Sigma": [[0.0068959713271484644, 0.00026793666830518667, -0.0008081352451614378], [0.00026793666830518656, 0.003939818051540234, 0.001194125743014889], [-0.0008081352451614378, 0.0011941257430148893, 0.003088917114669922]], "chi2_level": 0.95, "chi2_df": 3, "chi2_threshold": 7.814727903251179, "N_raw": 19, "N_roi": 19, "N_inlier": 17, "refit": true}
{"timestamp": "11:55:34.156838", "frame": 71, "mu": [1.5610346886991053, 2.7412476391863483, 0.07612169928315136], "Sigma": [[0.012256339879584533, -0.0015537555304800045, 0.028106790909424518], [-0.0015537555304800045, 0.003991430056132284, -0.0012274407618289283], [0.028106790909424514, -0.0012274407618289283, 0.10698322382022646]], "chi2_level": 0.95, "chi2_df": 3, "chi2_threshold": 7.814727903251179, "N_raw": 39, "N_roi": 39, "N_inlier": 39, "refit": true}
{"timestamp": "11:55:34.266423", "frame": 73, "mu": [1.6094829143432368, 2.843079411390549, -0.14949742824528964], "Sigma": [[0.00832620100817703, -0.0024282592760211863, 0.021192990736672974], [-0.002428259276021186, 0.005322293529079913, -0.007707641006331013], [0.021192990736672974, -0.007707641006331012, 0.10335703425046505]], "chi2_level": 0.95, "chi2_df": 3, "chi2_threshold": 7.814727903251179, "N_raw": 31, "N_roi": 29, "N_inlier": 29, "refit": true}
{"timestamp": "11:55:34.652302", "frame": 80, "mu": [1.6457624750323256, 3.214369874928059, 1.4311011510608949], "Sigma": [[0.00817342860101809, -0.0029581391388100197, -0.0023044486855515072], [-0.00295813913881002, 0.004624441334817049, 0.0010584819808590112], [-0.0023044486855515072, 0.0010584819808590112, 0.002780109175140434]], "chi2_level": 0.95, "chi2_df": 3, "chi2_threshold": 7.814727903251179, "N_raw": 32, "N_roi": 28, "N_inlier": 26, "refit": true}
{"timestamp": "11:55:34.759773", "frame": 82, "mu": [1.7089097339780805, 3.3857715067883722, -0.3164617984799894], "Sigma": [[0.008113099494818672, -0.003937506124190112, -0.008730556451957845], [-0.003937506124190112, 0.0045353582209610496, -0.006106760949447573], [-0.008730556451957847, -0.006106760949447574, 0.062410267902541276]], "chi2_level": 0.95, "chi2_df": 3, "chi2_threshold": 7.814727903251179, "N_raw": 21, "N_roi": 21, "N_inlier": 20, "refit": true}
{"timestamp": "11:55:34.924910", "frame": 85, "mu": [1.6738871299412657, 3.4130020606956566, 0.30708226057393945], "Sigma": [[0.010858195159675623, -0.003010023222086268, -0.004006803426848397], [-0.0030100232220862675, 0.002747428389826281, 0.0015005332782848592], [-0.004006803426848397, 0.0015005332782848592, 0.003982194650059543]], "chi2_level": 0.95, "chi2_df": 3, "chi2_threshold": 7.814727903251179, "N_raw": 21, "N_roi": 19, "N_inlier": 17, "refit": true}
{"timestamp": "11:55:34.982455", "frame": 86, "mu": [1.6958057197216174, 3.416871071864452, 1.4197751386128263], "Sigma": [[0.012312295750105078, -0.005733568563228818, -0.004007034856712388], [-0.005733568563228817, 0.007356258909302129, 0.0038000951342642432], [-0.004007034856712387, 0.0038000951342642432, 0.003418288292039934]], "chi2_level": 0.95, "chi2_df": 3, "chi2_threshold": 7.814727903251179, "N_raw": 37, "N_roi": 33, "N_inlier": 31, "refit": true}
{"timestamp": "11:55:35.034302", "frame": 87, "mu": [1.6466048966441456, 3.5026993127586907, 0.20345781705053984], "Sigma": [[0.010377422325592196, -0.0022014757249349984, -0.004942580188451295], [-0.0022014757249349984, 0.0025013605718726276, -0.0006385012530679965], [-0.004942580188451295, -0.0006385012530679965, 0.005067592875905099]], "chi2_level": 0.95, "chi2_df": 3, "chi2_threshold": 7.814727903251179, "N_raw": 16, "N_roi": 16, "N_inlier": 15, "refit": true}
{"timestamp": "11:55:35.091209", "frame": 88, "mu": [1.8228872996040142, 3.6321687192592154, -0.07894082121497892], "Sigma": [[0.01859282399974709, 0.0010856571310404334, -0.03912302059532467], [0.0010856571310404334, 0.005058329356217646, -0.012544477919614555], [-0.03912302059532467, -0.012544477919614553, 0.14681377201211437]], "chi2_level": 0.95, "chi2_df": 3, "chi2_threshold": 7.814727903251179, "N_raw": 28, "N_roi": 28, "N_inlier": 27, "refit": true}
{"timestamp": "11:55:35.145914", "frame": 89, "mu": [1.6663972079764386, 3.5925569645778648, 0.351971867405124], "Sigma": [[0.015147310664626415, -0.00393150694658777, -0.004998371132433947], [-0.00393150694658777, 0.0037361614900999454, 0.005207382106808412], [-0.004998371132433947, 0.005207382106808412, 0.011019051663875916]], "chi2_level": 0.95, "chi2_df": 3, "chi2_threshold": 7.814727903251179, "N_raw": 32, "N_roi": 32, "N_inlier": 31, "refit": true}
{"timestamp": "11:55:35.258102", "frame": 91, "mu": [1.7034073122837523, 3.682695076122849, 1.2872201467200757], "Sigma": [[0.030124388702576513, -0.004457991820545889, -0.005647292035680056], [-0.004457991820545888, 0.004702419780034217, 0.0008725885081145132], [-0.005647292035680056, 0.0008725885081145132, 0.0027820678494554323]], "chi2_level": 0.95, "chi2_df": 3, "chi2_threshold": 7.814727903251179, "N_raw": 47, "N_roi": 47, "N_inlier": 46, "refit": true}
{"timestamp": "11:55:35.311406", "frame": 92, "mu": [1.826594094982436, 3.7340457486720413, 1.145154549525804], "Sigma": [[0.016138663406553344, -0.007357600932790949, -0.02186164162411988], [-0.007357600932790949, 0.004840307942819532, 0.008055728265097081], [-0.02186164162411988, 0.008055728265097081, 0.03909554961559756]], "chi2_level": 0.95, "chi2_df": 3, "chi2_threshold": 7.814727903251179, "N_raw": 28, "N_roi": 24, "N_inlier": 22, "refit": true}
{"timestamp": "11:55:35.365474", "frame": 93, "mu": [1.8845480325596438, 3.8559274887205732, -0.14957184745000582], "Sigma": [[0.03377876969534393, -0.002642325561820264, -0.052817870482763055], [-0.002642325561820264, 0.0038560622956899313, 0.0013513526629497447], [-0.052817870482763055, 0.0013513526629497443, 0.08755100625735882]], "chi2_level": 0.95, "chi2_df": 3, "chi2_threshold": 7.814727903251179, "N_raw": 21, "N_roi": 19, "N_inlier": 19, "refit": true}
{"timestamp": "11:55:35.474594", "frame": 95, "mu": [1.7786802079493804, 3.864945134411062, 1.2425518956656296], "Sigma": [[0.018799223239528578, -0.009667138426867412, -0.01117767000550017], [-0.009667138426867412, 0.006207356828351202, 0.004993778174914751], [-0.01117767000550017, 0.004993778174914751, 0.009966048635881013]], "chi2_level": 0.95, "chi2_df": 3, "chi2_threshold": 7.814727903251179, "N_raw": 24, "N_roi": 24, "N_inlier": 22, "refit": true}
{"timestamp": "11:55:35.582798", "frame": 97, "mu": [1.6828114195520552, 3.956500822944385, 1.4478551279604233], "Sigma": [[0.010867681322169353, -0.004499643411997465, -0.005263918386961957], [-0.004499643411997465, 0.0038578856607873464, 0.002575592138971723], [-0.005263918386961957, 0.002575592138971723, 0.004715708743588878]], "chi2_level": 0.95, "chi2_df": 3, "chi2_threshold": 7.814727903251179, "N_raw": 19, "N_roi": 19, "N_inlier": 18, "refit": true}
{"timestamp": "11:55:35.806338", "frame": 101, "mu": [1.6979835529771852, 4.168268895497727, 1.2255938704533227], "Sigma": [[0.014423497029765163, -0.00634726582987236, -0.009558359763672824], [-0.0063472658298723604, 0.004100190111799301, 0.0023525752519739933], [-0.009558359763672824, 0.0023525752519739933, 0.01149191330117071]], "chi2_level": 0.95, "chi2_df": 3, "chi2_threshold": 7.814727903251179, "N_raw": 25, "N_roi": 23, "N_inlier": 21, "refit": true}
{"timestamp": "11:55:35.860341", "frame": 102, "mu": [1.7383006328226063, 4.197280705325411, 1.0683011282614472], "Sigma": [[0.011661233757506191, -0.00618796330728884, -0.016917977104337158], [-0.00618796330728884, 0.0035955066591601475, 0.007781983890792078], [-0.016917977104337158, 0.007781983890792078, 0.04283206951235781]], "chi2_level": 0.95, "chi2_df": 3, "chi2_threshold": 7.814727903251179, "N_raw": 22, "N_roi": 19, "N_inlier": 18, "refit": true}
{"timestamp": "11:55:35.969443", "frame": 104, "mu": [1.7885553910729717, 4.297088337737554, 1.0191011534503933], "Sigma": [[0.007622329910286985, -0.003609999579662719, -0.008020460465800735], [-0.003609999579662719, 0.0023087742946621688, 0.001221815842197831], [-0.008020460465800733, 0.001221815842197831, 0.04891801913499302]], "chi2_level": 0.95, "chi2_df": 3, "chi2_threshold": 7.814727903251179, "N_raw": 16, "N_roi": 16, "N_inlier": 15, "refit": true}
