{"timestamp": "12:33:12.744052", "frame": 1, "mu": [1.1732477020975491, 1.9697417261983192, 1.169884127197311], "Sigma": [[0.008706251777999616, -0.0035680831463515113, -0.005192833826062847], [-0.0035680831463515113, 0.003591538617952377, 0.0018679162589306064], [-0.0051928338260628475, 0.0018679162589306064, 0.010552607577993884]], "chi2_level": 0.95, "chi2_df": 3, "chi2_threshold": 7.814727903251179, "N_raw": 32, "N_roi": 32, "N_inlier": 29, "refit": true}
{"timestamp": "12:33:12.807539", "frame": 2, "mu": [1.151080857124979, 1.9496759156442511, 1.2097012828401312], "Sigma": [[0.012511447853174663, -0.0036317021376901324, -0.006646087857579668], [-0.0036317021376901324, 0.006096632770655428, -0.0012205573713238082], [-0.006646087857579669, -0.0012205573713238082, 0.01802778445388183]], "chi2_level": 0.95, "chi2_df": 3, "chi2_threshold": 7.814727903251179, "N_raw": 74, "N_roi": 74, "N_inlier": 70, "refit": true}
{"timestamp": "12:33:12.861115", "frame": 3, "mu": [1.1498047354601502, 1.9518620095896124, 1.1457934708147361], "Sigma": [[0.011769404152641483, -0.004206299768511105, -0.005246170711340885], [-0.004206299768511105, 0.004621839901347659, -0.0015047007960644102], [-0.005246170711340885, -0.0015047007960644102, 0.008172903836390279]], "chi2_level": 0.95, "chi2_df": 3, "chi2_threshold": 7.814727903251179, "N_raw": 59, "N_roi": 59, "N_inlier": 57, "refit": true}
{"timestamp": "12:33:12.918620", "frame": 4, "mu": [1.1777303440418152, 1.9196159776771449, 0.9743275025711893], "Sigma": [[0.010618835816493427, -0.003930282431030951, -0.0023461249574871874], [-0.00393028243103095, 0.0034258534368519144, -0.003987055773236837], [-0.002346124957487188, -0.003987055773236837, 0.028182022633209736]], "chi2_level": 0.95, "chi2_df": 3, "chi2_threshold": 7.814727903251179, "N_raw": 80, "N_roi": 80, "N_inlier": 78, "refit": true}
{"timestamp": "12:33:12.971876", "frame": 5, "mu": [1.201664549346023, 1.9704096964530322, 1.1613074559675594], "Sigma": [[0.009179953627737767, -0.0036863009343656174, -0.0035488140910629956], [-0.003686300934365617, 0.0071830282753489625, -0.003620478012821001], [-0.0035488140910629956, -0.0036204780128210015, 0.01080561808593949]], "chi2_level": 0.95, "chi2_df": 3, "chi2_threshold": 7.814727903251179, "N_raw": 68, "N_roi": 68, "N_inlier": 65, "refit": true}
{"timestamp": "12:33:13.019578", "frame": 6, "mu": [1.2365674096424017, 1.8448488879427691, 0.7513058905661697], "Sigma": [[0.003964713978815224, -0.0014451722596555178, -0.0014552848163306852], [-0.0014451722596555178, 0.0026507195142646996, 0.0013652933817533209], [-0.001455284816330685, 0.0013652933817533209, 0.009948152821845165]], "chi2_level": 0.95, "chi2_df": 3, "chi2_threshold": 7.814727903251179, "N_raw": 21, "N_roi": 21, "N_inlier": 19, "refit": true}
{"timestamp": "12:33:13.075651", "frame": 7, "mu": [1.2233356151978572, 1.8983866488228418, 0.9688444379445348], "Sigma": [[0.003399978844756503, -0.0015521795558682597, 0.0010787501411143772], [-0.0015521795558682595, 0.001723945305927112, -0.003091135655746935], [0.0010787501411143772, -0.003091135655746935, 0.01576482264591869]], "chi2_level": 0.95, "chi2_df": 3, "chi2_threshold": 7.814727903251179, "N_raw": 33, "N_roi": 33, "N_inlier": 31, "refit": true}
{"timestamp": "12:33:13.132012", "frame": 8, "mu": [1.2044329284258883, 1.9219394036389221, 0.9644203072472379], "Sigma": [[0.005313030955215022, -0.002978348147779793, 0.002741009895926152], [-0.002978348147779793, 0.003827294842843102, -0.004220762960300309], [0.002741009895926152, -0.004220762960300309, 0.005924043956159405]], "chi2_level": 0.95, "chi2_df": 3, "chi2_threshold": 7.814727903251179, "N_raw": 38, "N_roi": 38, "N_inlier": 36, "refit": true}
{"timestamp": "12:33:13.240470", "frame": 10, "mu": [1.3042284236686146, 1.7937003248050676, 0.7326371762381618], "Sigma": [[0.006896476055407068, -0.0044045675145486015, -0.0003829251114766145], [-0.0044045675145486015, 0.0038364650886678403, -0.00024542442700454403], [-0.0003829251114766146, -0.00024542442700454403, 0.0017127664749739232]], "chi2_level": 0.95, "chi2_df": 3, "chi2_threshold": 7.814727903251179, "N_raw": 26, "N_roi": 26, "N_inlier": 23, "refit": true}
{"timestamp": "12:33:13.295198", "frame": 11, "mu": [1.2178725462978235, 1.8974926733259103, 1.3362327251471555], "Sigma": [[0.003711434396978024, -0.0014015965208189897, -0.0038454321973172756], [-0.0014015965208189897, 0.0028514985236947313, -0.002214317840897985], [-0.0038454321973172756, -0.002214317840897985, 0.01916494856967721]], "chi2_level": 0.95, "chi2_df": 3, "chi2_threshold": 7.814727903251179, "N_raw": 26, "N_roi": 26, "N_inlier": 22, "refit": true}
{"timestamp": "12:33:13.352545", "frame": 12, "mu": [1.2029974517036666, 1.910910361711538, 1.2889594572936705], "Sigma": [[0.007279899264482424, -0.0037135194506548275, -0.004210517602106251], [-0.003713519450654828, 0.0055297971769211795, -0.0024168143562681376], [-0.00421051760210625, -0.0024168143562681376, 0.010129789959574791]], "chi2_level": 0.95, "chi2_df": 3, "chi2_threshold": 7.814727903251179, "N_raw": 49, "N_roi": 49, "N_inlier": 46, "refit": true}
{"timestamp": "12:33:13.412255", "frame": 13, "mu": [1.2280008396210316, 1.8426177178864929, 1.262172929615773], "Sigma": [[0.011464838333354316, -0.002873981271253641, -0.004878106617866648], [-0.0028739812712536414, 0.009535807034878508, -0.0005860734205684553], [-0.004878106617866649, -0.0005860734205684555, 0.007952217868425369]], "chi2_level": 0.95, "chi2_df": 3, "chi2_threshold": 7.814727903251179, "N_raw": 75, "N_roi": 75, "N_inlier": 71, "refit": true}
{"timestamp": "12:33:13.467176", "frame": 14, "mu": [1.2304523792861177, 1.7836746764427136, 1.2784689956127664], "Sigma": [[0.008289411505536916, -0.0026706633092919646, -0.007257326818067232], [-0.0026706633092919646, 0.005479349928727736, -0.004585207326104027], [-0.007257326818067232, -0.004585207326104027, 0.02005901858126301]], "chi2_level": 0.95, "chi2_df": 3, "chi2_threshold": 7.814727903251179, "N_raw": 68, "N_roi": 68, "N_inlier": 64, "refit": true}
{"timestamp": "12:33:13.517473", "frame": 15, "mu": [1.277405013373404, 1.8971215204028051, -0.3041415022086936], "Sigma": [[0.009670302947240488, -0.0027030921971963793, -0.007687856577293816], [-0.0027030921971963793, 0.004724896295297521, 0.00012956335406472786], [-0.007687856577293817, 0.0001295633540647279, 0.009186083904263587]], "chi2_level": 0.95, "chi2_df": 3, "chi2_threshold": 7.814727903251179, "N_raw": 38, "N_roi": 38, "N_inlier": 34, "refit": true}
{"timestamp": "12:33:13.575971", "frame": 16, "mu": [1.227759575984137, 1.682338390537529, 0.9590124743093567], "Sigma": [[0.005700084455162252, -0.003108390452435656, -0.005217208817872853], [-0.0031083904524356566, 0.0031451588556505733, -0.0003396011752237612], [-0.005217208817872853, -0.00033960117522376126, 0.07722229329738237]], "chi2_level": 0.95, "chi2_df": 3, "chi2_threshold": 7.814727903251179, "N_raw": 65, "N_roi": 65, "N_inlier": 62, "refit": true}
{"timestamp": "12:33:13.632310", "frame": 17, "mu": [1.2619998680706095, 1.6074208789575508, 0.92632439728617], "Sigma": [[0.011312696622454625, -0.007220143110911371, -0.0206388846086307], [-0.007220143110911371, 0.007807177485274405, 0.012335037865015651], [-0.020638884608630705, 0.012335037865015651, 0.06838384859197943]], "chi2_level": 0.95, "chi2_df": 3, "chi2_threshold": 7.814727903251179, "N_raw": 76, "N_roi": 76, "N_inlier": 75, "refit": true}
{"timestamp": "12:33:13.680517", "frame": 18, "mu": [1.2988964287424916, 1.5145518977254704, 0.8466187623750919], "Sigma": [[0.014186226840684003, -0.0073155255029552805, -0.03268645586397228], [-0.007315525502955281, 0.005876259810711796, 0.017135425733155213], [-0.032686455863972286, 0.017135425733155213, 0.09938726372075787]], "chi2_level": 0.95, "chi2_df": 3, "chi2_threshold": 7.814727903251179, "N_raw": 20, "N_roi": 20, "N_inlier": 19, "refit": true}
{"timestamp": "12:33:13.740804", "frame": 19, "mu": [1.1887378919904579, 1.5611598529968085, 1.1485323276410044], "Sigma": [[0.009708719665317618, -0.004593033855622219, -0.007434510481265823], [-0.004593033855622218, 0.0063252200649943175, -0.0005776157237279291], [-0.007434510481265823, -0.000577615723727929, 0.012181256498188247]], "chi2_level": 0.95, "chi2_df": 3, "chi2_threshold": 7.814727903251179, "N_raw": 67, "N_roi": 67, "N_inlier": 63, "refit": true}
{"timestamp": "12:33:13.796467", "frame": 20, "mu": [1.2564028678605623, 1.4034812940957633, 0.9064898743368873], "Sigma": [[0.011707392531331457, -0.011583914496739836, -0.005416529261878604], [-0.011583914496739836, 0.014231150705846561, 0.0007109797055189515], [-0.005416529261878604, 0.000710979705518951, 0.03954582236699868]], "chi2_level": 0.95, "chi2_df": 3, "chi2_threshold": 7.814727903251179, "N_raw": 69, "N_roi": 69, "N_inlier": 66, "refit": true}
{"timestamp": "12:33:13.847461", "frame": 21, "mu": [1.165390469044654, 1.450565738472171, 1.0750794962888088], "Sigma": [[0.004650613505856279, -0.004059585602072042, -0.009705519999505183], [-0.004059585602072042, 0.004500876274353678, 0.006491294519846931], [-0.009705519999505183, 0.006491294519846931, 0.034901498420174724]], "chi2_level": 0.95, "chi2_df": 3, "chi2_threshold": 7.814727903251179, "N_raw": 28, "N_roi": 28, "N_inlier": 25, "refit": true}
{"timestamp": "12:33:13.912598", "frame": 22, "mu": [1.055949562392982, 1.4720345862124484, 1.208468256229052], "Sigma": [[0.016033986959404344, -0.006025204613581572, -0.022419986680202883], [-0.006025204613581572, 0.0049403243008811415, 0.0051863913378113425], [-0.022419986680202883, 0.0051863913378113425, 0.05121534777871063]], "chi2_level": 0.95, "chi2_df": 3, "chi2_threshold": 7.814727903251179, "N_raw": 106, "N_roi": 106, "N_inlier": 100, "refit": true}
{"timestamp": "12:33:13.966042", "frame": 23, "mu": [1.0345741503696748, 1.4362603669417802, 1.1285389109525403], "Sigma": [[0.015671832988196147, -0.005556711400375284, -0.022755196735136853], [-0.005556711400375284, 0.004156986935279071, 0.007158552161584638], [-0.022755196735136853, 0.007158552161584638, 0.07349316518828247]], "chi2_level": 0.95, "chi2_df": 3, "chi2_threshold": 7.814727903251179, "N_raw": 97, "N_roi": 97, "N_inlier": 95, "refit": true}
{"timestamp": "12:33:14.020187", "frame": 24, "mu": [1.0017224745646183, 1.4212371696305275, 1.1921758821440793], "Sigma": [[0.013811062658823212, -0.0055347636331196035, -0.015126873798335355], [-0.0055347636331196035, 0.005280494185582892, 0.003086857819603963], [-0.015126873798335355, 0.0030868578196039634, 0.037406348154519486]], "chi2_level": 0.95, "chi2_df": 3, "chi2_threshold": 7.814727903251179, "N_raw": 86, "N_roi": 86, "N_inlier": 80, "refit": true}
{"timestamp": "12:33:14.077584", "frame": 25, "mu": [0.9061357627595471, 1.46440433590963, 1.108018676526468], "Sigma": [[0.016885300677954178, -0.013997563237299959, 0.0037324265607031207], [-0.013997563237299959, 0.020501309955541204, -0.023687572168127728], [0.0037324265607031207, -0.023687572168127728, 0.05930486479635726]], "chi2_level": 0.95, "chi2_df": 3, "chi2_threshold": 7.814727903251179, "N_raw": 104, "N_roi": 104, "N_inlier": 99, "refit": true}
{"timestamp": "12:33:14.134745", "frame": 26, "mu": [0.8498752154200674, 1.470815492681789, 1.0841777832372708], "Sigma": [[0.02105804750514964, -0.01635119237387425, 0.012798127108610852], [-0.01635119237387425, 0.019108488601639204, -0.02277059767857241], [0.012798127108610852, -0.02277059767857241, 0.05392484624995288]], "chi2_level": 0.95, "chi2_df": 3, "chi2_threshold": 7.814727903251179, "N_raw": 121, "N_roi": 121, "N_inlier": 118, "refit": true}
{"timestamp": "12:33:14.190174", "frame": 27, "mu": [0.739086352059901, 1.501213676778808, 1.09298678204726], "Sigma": [[0.012801116408544776, -0.010158359138640948, 0.004897866496402684], [-0.01015835913864095, 0.020380621870264806, -0.027468097154562755], [0.004897866496402684, -0.027468097154562755, 0.05969119034617078]], "chi2_level": 0.95, "chi2_df": 3, "chi2_threshold": 7.814727903251179, "N_raw": 121, "N_roi": 119, "N_inlier": 115, "refit": true}
{"timestamp": "12:33:14.244098", "frame": 28, "mu": [0.7312368986359842, 1.421878758542064, 1.0911565523400046], "Sigma": [[0.014790461503487505, -0.013812906782393223, -0.0011115149094725234], [-0.013812906782393223, 0.026564822775025834, -0.022720767566712447], [-0.0011115149094725225, -0.022720767566712447, 0.06546769868961255]], "chi2_level": 0.95, "chi2_df": 3, "chi2_threshold": 7.814727903251179, "N_raw": 114, "N_roi": 114, "N_inlier": 111, "refit": true}
{"timestamp": "12:33:14.298090", "frame": 29, "mu": [0.7047460176062109, 1.4220900143762378, 1.1222143618731695], "Sigma": [[0.016464544813161938, -0.013824261932685725, -0.0006008476959269483], [-0.013824261932685725, 0.0255394695218056, -0.023516843491885736], [-0.0006008476959269479, -0.023516843491885736, 0.05361984436665931]], "chi2_level": 0.95, "chi2_df": 3, "chi2_threshold": 7.814727903251179, "N_raw": 109, "N_roi": 109, "N_inlier": 105, "refit": true}
{"timestamp": "12:33:14.342462", "frame": 30, "mu": [0.6104986650961489, 1.272817598408975, 1.2563763019718444], "Sigma": [[0.017742512156734842, -0.007544830960015613, -0.0436923780684388], [-0.007544830960015613, 0.005332419559198014, 0.02070629447348278], [-0.04369237806843879, 0.02070629447348278, 0.14258421147146952]], "chi2_level": 0.95, "chi2_df": 3, "chi2_threshold": 7.814727903251179, "N_raw": 26, "N_roi": 26, "N_inlier": 21, "refit": true}
{"timestamp": "12:33:14.401329", "frame": 31, "mu": [0.6067061532516245, 1.2725791599139422, 1.310908564396625], "Sigma": [[0.012458657537525083, -0.0025988594951215404, -0.013233965757271138], [-0.0025988594951215404, 0.0035104536107565952, 0.00182847033179339], [-0.013233965757271138, 0.00182847033179339, 0.015181041108376144]], "chi2_level": 0.95, "chi2_df": 3, "chi2_threshold": 7.814727903251179, "N_raw": 64, "N_roi": 64, "N_inlier": 58, "refit": true}
{"timestamp": "12:33:14.460559", "frame": 32, "mu": [0.522593031926701, 1.2690706069106772, 1.29061287240496], "Sigma": [[0.008117025074788746, -0.0014837268503865636, -0.008619884910193151], [-0.0014837268503865636, 0.0027792275947572842, -0.0014110814538410676], [-0.008619884910193151, -0.0014110814538410676, 0.014583068131092594]], "chi2_level": 0.95, "chi2_df": 3, "chi2_threshold": 7.814727903251179, "N_raw": 86, "N_roi": 86, "N_inlier": 82, "refit": true}
{"timestamp": "12:33:14.512575", "frame": 33, "mu": [0.49380792789118577, 1.25937058833546, 1.3101676851457744], "Sigma": [[0.009118429003383076, -0.0029410711787529868, -0.01253840110865467], [-0.002941071178752987, 0.003460806445274761, 0.003199568508255796], [-0.01253840110865467, 0.0031995685082557954, 0.023168816118240343]], "chi2_level": 0.95, "chi2_df": 3, "chi2_threshold": 7.814727903251179, "N_raw": 72, "N_roi": 72, "N_inlier": 67, "refit": true}
{"timestamp": "12:33:14.572006", "frame": 34, "mu": [0.37489491973809946, 1.2674961746617701, 1.405711715084785], "Sigma": [[0.009167642659587976, -0.0030686389804784864, -0.008223854498260299], [-0.003068638980478487, 0.007147526043670966, 0.0017324864842874369], [-0.008223854498260299, 0.0017324864842874366, 0.01013141585337133]], "chi2_level": 0.95, "chi2_df": 3, "chi2_threshold": 7.814727903251179, "N_raw": 103, "N_roi": 103, "N_inlier": 99, "refit": true}
{"timestamp": "12:33:14.624978", "frame": 35, "mu": [0.3561275230740008, 1.2475947101180875, 1.3525195732943391], "Sigma": [[0.006047933666956171, -0.0031970893514385295, -0.007225144036662935], [-0.00319708935143853, 0.008109358882894753, 0.002073194901084744], [-0.007225144036662935, 0.0020731949010847446, 0.009707768524304222]], "chi2_level": 0.95, "chi2_df": 3, "chi2_threshold": 7.814727903251179, "N_raw": 85, "N_roi": 85, "N_inlier": 82, "refit": true}
{"timestamp": "12:33:14.681832", "frame": 36, "mu": [0.31905969345567536, 1.181019213969499, 1.3356456483387011], "Sigma": [[0.00468012860541669, -0.004383498215657101, -0.0077010542653202655], [-0.004383498215657101, 0.009740498774820154, 0.005568364149257502], [-0.0077010542653202655, 0.005568364149257503, 0.014234925509846131]], "chi2_level": 0.95, "chi2_df": 3, "chi2_threshold": 7.814727903251179, "N_raw": 77, "N_roi": 75, "N_inlier": 70, "refit": true}
{"timestamp": "12:33:14.740503", "frame": 37, "mu": [0.22691205806722647, 1.191437552194012, 1.2682436831574941], "Sigma": [[0.013613638493970301, -0.007474093730191915, -0.029211022330108416], [-0.007474093730191915, 0.008507128111042083, 0.015314335493468124], [-0.029211022330108413, 0.015314335493468122, 0.07954601639911252]], "chi2_level": 0.95, "chi2_df": 3, "chi2_threshold": 7.814727903251179, "N_raw": 117, "N_roi": 117, "N_inlier": 112, "refit": true}
{"timestamp": "12:33:14.783977", "frame": 38, "mu": [0.2480799910664959, 1.2053896470978651, -0.516619330560071], "Sigma": [[0.006188625624283903, -0.0022087091713054274, 0.0008486126807249573], [-0.002208709171305427, 0.0033555229824095436, -0.0027462766769615087], [0.0008486126807249574, -0.002746276676961509, 0.005946527977521981]], "chi2_level": 0.95, "chi2_df": 3, "chi2_threshold": 7.814727903251179, "N_raw": 46, "N_roi": 46, "N_inlier": 40, "refit": true}
{"timestamp": "12:33:14.839216", "frame": 39, "mu": [0.13961250905980893, 1.0467675372213734, 1.1952309055149042], "Sigma": [[0.009126090414799042, 0.002200089534527697, 0.006488024643111065], [0.002200089534527697, 0.0026772350068970637, 0.002044964922235196], [0.0064880246431110655, 0.002044964922235196, 0.011356262382448312]], "chi2_level": 0.95, "chi2_df": 3, "chi2_threshold": 7.814727903251179, "N_raw": 49, "N_roi": 49, "N_inlier": 41, "refit": true}
{"timestamp": "12:33:14.949133", "frame": 41, "mu": [-0.06512679663836007, 1.2711047439626806, 1.4513345153177635], "Sigma": [[0.003307481097437711, -0.0018307702936850856, -0.004030514175508709], [-0.0018307702936850858, 0.004137183691154085, 0.0016178802325784937], [-0.004030514175508709, 0.0016178802325784937, 0.005658228148490863]], "chi2_level": 0.95, "chi2_df": 3, "chi2_threshold": 7.814727903251179, "N_raw": 49, "N_roi": 49, "N_inlier": 45, "refit": true}
{"timestamp": "12:33:15.009683", "frame": 42, "mu": [-0.15322049532699816, 1.280301876011228, 1.4782332259039157], "Sigma": [[0.006165596107082872, -0.0029259565149295378, -0.0042978053459795254], [-0.0029259565149295378, 0.006023988877931352, -0.0009149249483892387], [-0.0042978053459795254, -0.0009149249483892386, 0.005200846671225364]], "chi2_level": 0.95, "chi2_df": 3, "chi2_threshold": 7.814727903251179, "N_raw": 87, "N_roi": 87, "N_inlier": 83, "refit": true}
{"timestamp": "12:33:15.063216", "frame": 43, "mu": [-0.21670117189271237, 1.2802532833164457, 1.4831613295738004], "Sigma": [[0.0039123854835403345, -0.001406504785796878, -0.0017769596302742029], [-0.001406504785796878, 0.006007452824846773, -0.0026331884700443245], [-0.001776959630274203, -0.0026331884700443245, 0.0029897284740468405]], "chi2_level": 0.95, "chi2_df": 3, "chi2_threshold": 7.814727903251179, "N_raw": 77, "N_roi": 77, "N_inlier": 75, "refit": true}
{"timestamp": "12:33:15.120204", "frame": 44, "mu": [-0.204474043253657, 1.1709816801451032, 1.1138532020609047], "Sigma": [[0.007816622832907984, -0.008760000341790936, -0.02801578590579493], [-0.008760000341790936, 0.01810257044774781, 0.04606198990092662], [-0.02801578590579493, 0.04606198990092662, 0.1464562430883595]], "chi2_level": 0.95, "chi2_df": 3, "chi2_threshold": 7.814727903251179, "N_raw": 63, "N_roi": 63, "N_inlier": 61, "refit": true}
{"timestamp": "12:33:15.178112", "frame": 45, "mu": [-0.2610621392561152, 1.2711781279663135, 1.3817759873255344], "Sigma": [[0.00678760019049395, -0.002395616633373728, -0.010363391535791416], [-0.0023956166333737277, 0.010561859749884928, 0.008040130176884423], [-0.010363391535791416, 0.008040130176884425, 0.04058164439694724]], "chi2_level": 0.95, "chi2_df": 3, "chi2_threshold": 7.814727903251179, "N_raw": 115, "N_roi": 115, "N_inlier": 112, "refit": true}
{"timestamp": "12:33:15.235418", "frame": 46, "mu": [-0.3140314927433476, 1.2139536411514398, 1.3821389116483305], "Sigma": [[0.008709281951915395, -0.00942474067043005, -0.00831840718834832], [-0.00942474067043005, 0.020294360891207775, 0.008137846688392363], [-0.00831840718834832, 0.008137846688392361, 0.010743798177780798]], "chi2_level": 0.95, "chi2_df": 3, "chi2_threshold": 7.814727903251179, "N_raw": 120, "N_roi": 120, "N_inlier": 117, "refit": true}
{"timestamp": "12:33:15.287009", "frame": 47, "mu": [-0.3848665190821645, 1.202603917583787, 1.3975319147011735], "Sigma": [[0.00921951311871203, -0.009410740566481102, -0.009818856804524885], [-0.009410740566481104, 0.016952506850250813, 0.01109831502837649], [-0.009818856804524885, 0.01109831502837649, 0.013269171248641218]], "chi2_level": 0.95, "chi2_df": 3, "chi2_threshold": 7.814727903251179, "N_raw": 93, "N_roi": 93, "N_inlier": 91, "refit": true}
{"timestamp": "12:33:15.341687", "frame": 48, "mu": [-0.44146100442230474, 1.2981853401719068, 1.441015658506926], "Sigma": [[0.005926482654575469, -0.002487241904823602, -0.00368628537082377], [-0.002487241904823602, 0.008553244043203073, -0.0028357721516872178], [-0.00368628537082377, -0.0028357721516872178, 0.005945488371076272]], "chi2_level": 0.95, "chi2_df": 3, "chi2_threshold": 7.814727903251179, "N_raw": 98, "N_roi": 98, "N_inlier": 95, "refit": true}
{"timestamp": "12:33:15.398867", "frame": 49, "mu": [-0.5129655422968549, 1.2866034834297828, -0.5224651798210315], "Sigma": [[0.008912988342354095, -0.0019202676073977422, 0.0011233668312785198], [-0.0019202676073977426, 0.01886032952016122, 0.011234489100860237], [0.0011233668312785198, 0.011234489100860237, 0.014525591786155676]], "chi2_level": 0.95, "chi2_df": 3, "chi2_threshold": 7.814727903251179, "N_raw": 113, "N_roi": 113, "N_inlier": 112, "refit": true}
{"timestamp": "12:33:15.455279", "frame": 50, "mu": [-0.562488503798484, 1.2814974045583858, 1.411565995622326], "Sigma": [[0.007592769665149139, -0.0033343861512077633, -0.005678497791569493], [-0.0033343861512077633, 0.016476114370227682, 0.0009615199249725737], [-0.005678497791569493, 0.0009615199249725741, 0.007033122741650044]], "chi2_level": 0.95, "chi2_df": 3, "chi2_threshold": 7.814727903251179, "N_raw": 118, "N_roi": 118, "N_inlier": 115, "refit": true}
{"timestamp": "12:33:15.502645", "frame": 51, "mu": [-0.6114907405450025, 1.2710349658864737, 1.4186005117266107], "Sigma": [[0.004505105885065243, -0.0016316676666061568, -0.003780206164759912], [-0.0016316676666061573, 0.012605641457156593, 0.0029577049222165013], [-0.0037802061647599122, 0.0029577049222165013, 0.005963862432714992]], "chi2_level": 0.95, "chi2_df": 3, "chi2_threshold": 7.814727903251179, "N_raw": 75, "N_roi": 75, "N_inlier": 73, "refit": true}
{"timestamp": "12:33:15.560715", "frame": 52, "mu": [-0.6834124240752053, 1.3205478719244, 1.4252661030085187], "Sigma": [[0.0056540677123631715, 0.0021415553076681556, -0.005471356883149701], [0.002141555307668155, 0.016429193444979062, 0.00014695442785111405], [-0.005471356883149702, 0.00014695442785111427, 0.009992484815563986]], "chi2_level": 0.95, "chi2_df": 3, "chi2_threshold": 7.814727903251179, "N_raw": 92, "N_roi": 92, "N_inlier": 87, "refit": true}
{"timestamp": "12:33:15.614613", "frame": 53, "mu": [-0.7459770458765741, 1.3084843954295373, 1.3303542701668936], "Sigma": [[0.01572301618956125, 0.001313601622952949, -0.04793632766076367], [0.0013136016229529492, 0.009697116660509349, -0.0032056881879679996], [-0.04793632766076367, -0.003205688187968, 0.18730698559494102]], "chi2_level": 0.95, "chi2_df": 3, "chi2_threshold": 7.814727903251179, "N_raw": 88, "N_roi": 88, "N_inlier": 85, "refit": true}
{"timestamp": "12:33:15.672733", "frame": 54, "mu": [-0.7704463816644611, 1.3462100442637612, -0.10215091546292844], "Sigma": [[0.017508055590143824, 0.001985318966007314, 0.03553778457309591], [0.0019853189660073143, 0.013251302125889689, 0.020537543271734966], [0.035537784573095914, 0.020537543271734966, 0.13669289209059077]], "chi2_level": 0.95, "chi2_df": 3, "chi2_threshold": 7.814727903251179, "N_raw": 103, "N_roi": 103, "N_inlier": 89, "refit": true}
{"timestamp": "12:33:15.723100", "frame": 55, "mu": [-0.8288023465893264, 1.351273024314272, 1.3132325124579625], "Sigma": [[0.009850877030655817, 0.00187151607642681, -0.030466872281950642], [0.0018715160764268101, 0.00913335698748042, -0.006075334396116383], [-0.030466872281950642, -0.006075334396116382, 0.15445791580812104]], "chi2_level": 0.95, "chi2_df": 3, "chi2_threshold": 7.814727903251179, "N_raw": 73, "N_roi": 73, "N_inlier": 62, "refit": true}
{"timestamp": "12:33:15.783890", "frame": 56, "mu": [-0.8884379884891388, 1.3679307796044384, 1.2007203115685687], "Sigma": [[0.007866561013159476, 0.0036259490408657286, -0.025812034971687013], [0.0036259490408657286, 0.013568805047291804, -0.02288633588345567], [-0.025812034971687013, -0.02288633588345567, 0.3153282487091415]], "chi2_level": 0.95, "chi2_df": 3, "chi2_threshold": 7.814727903251179, "N_raw": 113, "N_roi": 113, "N_inlier": 102, "refit": true}
{"timestamp": "12:33:15.842684", "frame": 57, "mu": [-0.9748027593950318, 1.3940053720461227, 1.4030170288165942], "Sigma": [[0.034880702351242986, 0.020496709066385142, -0.03944623702596721], [0.020496709066385142, 0.02253151203221506, -0.038563630222214734], [-0.03944623702596721, -0.038563630222214734, 0.21471221607851187]], "chi2_level": 0.95, "chi2_df": 3, "chi2_threshold": 7.814727903251179, "N_raw": 137, "N_roi": 137, "N_inlier": 127, "refit": true}
{"timestamp": "12:33:15.893493", "frame": 58, "mu": [-0.9109744811931924, 1.4327937247420097, 1.4858022341141033], "Sigma": [[0.020752810162423807, 0.002871217753113819, -0.020533010152726898], [0.002871217753113819, 0.01246198505647416, -0.002924911666251232], [-0.020533010152726898, -0.002924911666251231, 0.02348463944189363]], "chi2_level": 0.95, "chi2_df": 3, "chi2_threshold": 7.814727903251179, "N_raw": 98, "N_roi": 98, "N_inlier": 85, "refit": true}
{"timestamp": "12:33:15.945980", "frame": 59, "mu": [-0.9853430815005363, 1.4955876239467132, -0.18113100940068735], "Sigma": [[0.04410793024327032, 0.029339788988310234, -0.01367050362796468], [0.02933978898831023, 0.028175477656698446, -0.002577255911112457], [-0.01367050362796468, -0.002577255911112457, 0.015306764188269489]], "chi2_level": 0.95, "chi2_df": 3, "chi2_threshold": 7.814727903251179, "N_raw": 89, "N_roi": 89, "N_inlier": 83, "refit": true}
{"timestamp": "12:33:15.997998", "frame": 60, "mu": [-1.0194715351766463, 1.4614890694680251, 1.4472795972348682], "Sigma": [[0.010921050348807181, -0.00043890155957678693, -0.009686015901851322], [-0.00043890155957678666, 0.007393078254035335, 0.0011564907290931685], [-0.009686015901851322, 0.0011564907290931687, 0.013005290861441908]], "chi2_level": 0.95, "chi2_df": 3, "chi2_threshold": 7.814727903251179, "N_raw": 74, "N_roi": 74, "N_inlier": 63, "refit": true}
{"timestamp": "12:33:16.058215", "frame": 61, "mu": [-0.9580919108498157, 1.5755735230561652, -0.7954465658910712], "Sigma": [[0.011930636875488412, 0.006964265316494992, -0.024805626268263874], [0.0069642653164949915, 0.018155872258324476, 0.006457909076749742], [-0.024805626268263874, 0.006457909076749745, 0.21818723031612106]], "chi2_level": 0.95, "chi2_df": 3, "chi2_threshold": 7.814727903251179, "N_raw": 99, "N_roi": 99, "N_inlier": 97, "refit": true}
{"timestamp": "12:33:16.105930", "frame": 62, "mu": [-0.9843165645081663, 1.6539433438858249, -0.5675857547426978], "Sigma": [[0.005224326379765948, 0.0007716755389484512, -0.003650075596646015], [0.0007716755389484511, 0.01056459050868381, 0.001536402922139408], [-0.003650075596646015, 0.0015364029221394083, 0.004793433659401638]], "chi2_level": 0.95, "chi2_df": 3, "chi2_threshold": 7.814727903251179, "N_raw": 61, "N_roi": 61, "N_inlier": 54, "refit": true}
{"timestamp": "12:33:16.160563", "frame": 63, "mu": [-0.986023432950067, 1.7615718497981134, -0.27895335964157136], "Sigma": [[0.0071118176797776425, 0.002827574184241982, -0.009593493445234778], [0.002827574184241982, 0.0060513676983837954, -0.010932814832836467], [-0.009593493445234778, -0.010932814832836467, 0.061644581654440096]], "chi2_level": 0.95, "chi2_df": 3, "chi2_threshold": 7.814727903251179, "N_raw": 62, "N_roi": 62, "N_inlier": 49, "refit": true}
{"timestamp": "12:33:16.219602", "frame": 64, "mu": [-1.0537446594173276, 1.742294323552942, 1.3716153420797497], "Sigma": [[0.015966994942149513, -0.0030008990875310332, -0.00975478881982431], [-0.0030008990875310332, 0.004013657485414616, 0.001056462631398509], [-0.009754788819824311, 0.0010564626313985092, 0.015978049950635006]], "chi2_level": 0.95, "chi2_df": 3, "chi2_threshold": 7.814727903251179, "N_raw": 82, "N_roi": 82, "N_inlier": 68, "refit": true}
{"timestamp": "12:33:16.273301", "frame": 65, "mu": [-1.0317756741520068, 1.7512129784805648, 1.337927411908734], "Sigma": [[0.010228947833872976, -0.0010249864093573033, -0.007429372126608295], [-0.0010249864093573033, 0.008195167007136184, -0.000750338652484709], [-0.007429372126608295, -0.0007503386524847089, 0.006499191201363799]], "chi2_level": 0.95, "chi2_df": 3, "chi2_threshold": 7.814727903251179, "N_raw": 75, "N_roi": 75, "N_inlier": 73, "refit": true}
{"timestamp": "12:33:16.328920", "frame": 66, "mu": [-1.1126248180077805, 1.8054016938641668, 1.2907764288366292], "Sigma": [[0.008072970468521734, -0.001173074316412062, -0.003446980935143009], [-0.001173074316412062, 0.005574099904118748, -0.004651817837985921], [-0.0034469809351430096, -0.004651817837985921, 0.023353007724778208]], "chi2_level": 0.95, "chi2_df": 3, "chi2_threshold": 7.814727903251179, "N_raw": 79, "N_roi": 79, "N_inlier": 75, "refit": true}
{"timestamp": "12:33:16.382586", "frame": 67, "mu": [-1.2240047866379622, 1.824164468210143, 1.3159061050708798], "Sigma": [[0.07610006657853322, 0.0477872552639407, -0.04080639234889189], [0.0477872552639407, 0.044417143024803735, -0.04035300778850235], [-0.04080639234889189, -0.04035300778850235, 0.1467637447321994]], "chi2_level": 0.95, "chi2_df": 3, "chi2_threshold": 7.814727903251179, "N_raw": 67, "N_roi": 67, "N_inlier": 66, "refit": true}
{"timestamp": "12:33:16.437684", "frame": 68, "mu": [-1.363849576144092, 1.8226426279311427, 1.408768009449012], "Sigma": [[0.07241072243576469, 0.052774593900311875, -0.05313409476969998], [0.052774593900311875, 0.05788174130467212, -0.0620024516322565], [-0.05313409476969998, -0.06200245163225649, 0.19523727654213174]], "chi2_level": 0.95, "chi2_df": 3, "chi2_threshold": 7.814727903251179, "N_raw": 76, "N_roi": 76, "N_inlier": 74, "refit": true}
{"timestamp": "12:33:16.486901", "frame": 69, "mu": [-1.3248618655926556, 1.7563989166599483, 1.5551221922459613], "Sigma": [[0.12127882934196232, 0.0671500117813043, -0.132565461817847], [0.0671500117813043, 0.04856325793446338, -0.0744441643771015], [-0.132565461817847, -0.0744441643771015, 0.19167741014662162]], "chi2_level": 0.95, "chi2_df": 3, "chi2_threshold": 7.814727903251179, "N_raw": 32, "N_roi": 32, "N_inlier": 28, "refit": true}
{"timestamp": "12:33:16.541363", "frame": 70, "mu": [-1.1113769467858479, 1.9323623446255702, 1.375208308126746], "Sigma": [[0.011596436421226855, 0.0003715553477165723, -0.008465583690280824], [0.0003715553477165725, 0.0038470737376984964, -0.00013316068223249674], [-0.008465583690280824, -0.00013316068223249663, 0.006816246899627511]], "chi2_level": 0.95, "chi2_df": 3, "chi2_threshold": 7.814727903251179, "N_raw": 34, "N_roi": 34, "N_inlier": 31, "refit": true}
{"timestamp": "12:33:16.600861", "frame": 71, "mu": [-1.2529057892002107, 2.0594496566051586, -0.1838904189617665], "Sigma": [[0.06830943066154277, 0.042630423496299884, 0.0030405112211849927], [0.042630423496299884, 0.03453356158087553, 0.008490393039776178], [0.0030405112211849923, 0.008490393039776178, 0.029417311625245506]], "chi2_level": 0.95, "chi2_df": 3, "chi2_threshold": 7.814727903251179, "N_raw": 56, "N_roi": 56, "N_inlier": 49, "refit": true}
{"timestamp": "12:33:16.653917", "frame": 72, "mu": [-1.1785856642577677, 2.0822684101812947, 1.4082368825399727], "Sigma": [[0.008451843095392188, -0.00023074991138557945, -0.0066127775062615165], [-0.00023074991138557935, 0.0054413343055511165, 0.002387582139621144], [-0.0066127775062615165, 0.002387582139621144, 0.006795934893702405]], "chi2_level": 0.95, "chi2_df": 3, "chi2_threshold": 7.814727903251179, "N_raw": 41, "N_roi": 40, "N_inlier": 36, "refit": true}
{"timestamp": "12:33:16.710209", "frame": 73, "mu": [-1.2145220042041964, 2.1908182944062515, 1.3971010625138158], "Sigma": [[0.008267979483375048, 0.0004926050006718835, -0.008760404100427659], [0.0004926050006718835, 0.007012042101568565, -0.004378507285184458], [-0.008760404100427659, -0.004378507285184458, 0.01729745565847396]], "chi2_level": 0.95, "chi2_df": 3, "chi2_threshold": 7.814727903251179, "N_raw": 61, "N_roi": 61, "N_inlier": 58, "refit": true}
{"timestamp": "12:33:16.765701", "frame": 74, "mu": [-1.2401013951849549, 2.2029168609656686, 1.2943666730710404], "Sigma": [[0.01291176259098164, -0.003624891371216901, -0.016682756128047756], [-0.003624891371216901, 0.011808201962114758, 0.03186318696424848], [-0.016682756128047756, 0.03186318696424848, 0.14491198020996274]], "chi2_level": 0.95, "chi2_df": 3, "chi2_threshold": 7.814727903251179, "N_raw": 59, "N_roi": 59, "N_inlier": 56, "refit": true}
{"timestamp": "12:33:16.820273", "frame": 75, "mu": [-1.3375469564202591, 2.271981360556887, 1.5120302047450456], "Sigma": [[0.015566675821823884, -0.0009504188339322841, -0.01662196035874943], [-0.0009504188339322835, 0.005087104248527166, 0.0006605142270641808], [-0.01662196035874943, 0.0006605142270641807, 0.019680872019328156]], "chi2_level": 0.95, "chi2_df": 3, "chi2_threshold": 7.814727903251179, "N_raw": 57, "N_roi": 57, "N_inlier": 53, "refit": true}
{"timestamp": "12:33:16.869274", "frame": 76, "mu": [-1.3132117918755604, 2.407889228618765, 1.5225138328956695], "Sigma": [[0.005297160431364206, -0.0024886044083817444, -0.004243471214447393], [-0.0024886044083817444, 0.004542335834331219, -3.689294243637846e-05], [-0.004243471214447393, -3.689294243637846e-05, 0.00883518353157685]], "chi2_level": 0.95, "chi2_df": 3, "chi2_threshold": 7.814727903251179, "N_raw": 18, "N_roi": 18, "N_inlier": 15, "refit": true}
{"timestamp": "12:33:16.931705", "frame": 77, "mu": [-1.3085628669922722, 2.387185208705449, 1.1242243104575984], "Sigma": [[0.013961388644936127, -0.00164021336216781, 0.015119890328993468], [-0.0016402133621678098, 0.003154696267702154, -0.006650634623473751], [0.015119890328993468, -0.0066506346234737525, 0.11787288048507058]], "chi2_level": 0.95, "chi2_df": 3, "chi2_threshold": 7.814727903251179, "N_raw": 73, "N_roi": 73, "N_inlier": 71, "refit": true}
{"timestamp": "12:33:16.987288", "frame": 78, "mu": [-1.3560990234294181, 2.639952190130958, -0.27658430901796766], "Sigma": [[0.01292502362206495, -0.0009399105724423203, 0.00716344578770624], [-0.0009399105724423209, 0.016333600206958957, -0.05551206092136131], [0.007163445787706239, -0.05551206092136131, 0.21779716191397827]], "chi2_level": 0.95, "chi2_df": 3, "chi2_threshold": 7.814727903251179, "N_raw": 74, "N_roi": 74, "N_inlier": 70, "refit": true}
{"timestamp": "12:33:17.036877", "frame": 79, "mu": [-1.32431919224268, 2.5110617261821644, 1.112227045271792], "Sigma": [[0.007842867958784732, 5.484123512019076e-05, 0.0008699882469108806], [5.484123512019087e-05, 0.0021052317036939013, 0.0037829516542650177], [0.0008699882469108801, 0.0037829516542650186, 0.16822601448717536]], "chi2_level": 0.95, "chi2_df": 3, "chi2_threshold": 7.814727903251179, "N_raw": 30, "N_roi": 30, "N_inlier": 28, "refit": true}
{"timestamp": "12:33:17.093272", "frame": 80, "mu": [-1.2520571893337415, 2.4624749134914854, 1.3430749502942516], "Sigma": [[0.010276738736215358, 0.0012053960256293238, -0.00998605228003018], [0.001205396025629324, 0.0029883023855136748, -0.0027529261607725235], [-0.00998605228003018, -0.002752926160772524, 0.013156974538395476]], "chi2_level": 0.95, "chi2_df": 3, "chi2_threshold": 7.814727903251179, "N_raw": 44, "N_roi": 44, "N_inlier": 39, "refit": true}
{"timestamp": "12:33:17.151272", "frame": 81, "mu": [-1.3173905144704952, 2.594373559518896, 1.4551216253239794], "Sigma": [[0.016445206187964738, -0.00170268266945564, -0.01357712896073251], [-0.0017026826694556403, 0.008074024694146928, 0.003039894152706491], [-0.013577128960732508, 0.0030398941527064907, 0.014399625340658988]], "chi2_level": 0.95, "chi2_df": 3, "chi2_threshold": 7.814727903251179, "N_raw": 64, "N_roi": 64, "N_inlier": 64, "refit": true}
{"timestamp": "12:33:17.206796", "frame": 82, "mu": [-1.31669648640662, 2.678486235437383, 1.396661050604511], "Sigma": [[0.01904982099971668, 0.0007511627059840118, -0.005362631387836825], [0.0007511627059840118, 0.005285337173991437, -0.0005954219653007294], [-0.005362631387836825, -0.0005954219653007294, 0.03322478736111664]], "chi2_level": 0.95, "chi2_df": 3, "chi2_threshold": 7.814727903251179, "N_raw": 74, "N_roi": 73, "N_inlier": 70, "refit": true}
{"timestamp": "12:33:17.261516", "frame": 83, "mu": [-1.3845888057518312, 2.6784679443626485, 1.1066694821055707], "Sigma": [[0.02234148527152586, 0.0064761071274060805, 0.02375757625260592], [0.0064761071274060805, 0.004074405636420368, 0.013554836589734234], [0.023757576252605925, 0.013554836589734233, 0.0964046583096279]], "chi2_level": 0.95, "chi2_df": 3, "chi2_threshold": 7.814727903251179, "N_raw": 64, "N_roi": 64, "N_inlier": 61, "refit": true}
{"timestamp": "12:33:17.311567", "frame": 84, "mu": [-1.4568621580826147, 2.5650191809444625, 0.557014253175149], "Sigma": [[0.01903154587019973, 0.017888470524763663, 0.053387840555409655], [0.017888470524763663, 0.022010571504841134, 0.06691230164826717], [0.05338784055540967, 0.06691230164826717, 0.23553329529862307]], "chi2_level": 0.95, "chi2_df": 3, "chi2_threshold": 7.814727903251179, "N_raw": 30, "N_roi": 30, "N_inlier": 27, "refit": true}
{"timestamp": "12:33:17.371031", "frame": 85, "mu": [-1.1863236029998272, 2.8326071214572344, 1.3326738831746572], "Sigma": [[0.014942648828869105, 0.0009551171624854604, -0.010501510971329698], [0.0009551171624854603, 0.005509844805191047, -0.0028981480366278897], [-0.010501510971329698, -0.0028981480366278897, 0.04206093511373968]], "chi2_level": 0.95, "chi2_df": 3, "chi2_threshold": 7.814727903251179, "N_raw": 67, "N_roi": 67, "N_inlier": 65, "refit": true}
{"timestamp": "12:33:17.424495", "frame": 86, "mu": [-1.17051042429543, 2.8100268589316375, 1.340037633822623], "Sigma": [[0.011588261981935443, 0.0014796865923477674, -0.01082429969826635], [0.0014796865923477674, 0.006683972628250808, 0.0012812153827524767], [-0.01082429969826635, 0.0012812153827524767, 0.02294123464662294]], "chi2_level": 0.95, "chi2_df": 3, "chi2_threshold": 7.814727903251179, "N_raw": 51, "N_roi": 51, "N_inlier": 47, "refit": true}
{"timestamp": "12:33:17.475873", "frame": 87, "mu": [-1.1204766663317416, 2.874094244372723, 1.2351248068458704], "Sigma": [[0.01213145995565165, -0.002142144427471968, 0.025186119259679663], [-0.002142144427471968, 0.005520648762186016, -0.010681945487107025], [0.025186119259679663, -0.010681945487107023, 0.12511279436336578]], "chi2_level": 0.95, "chi2_df": 3, "chi2_threshold": 7.814727903251179, "N_raw": 24, "N_roi": 24, "N_inlier": 23, "refit": true}
{"timestamp": "12:33:17.534250", "frame": 88, "mu": [-1.3477544278012048, 2.9755099733617505, 0.7159591463468234], "Sigma": [[0.04635290718499576, -0.002721858451348893, 0.041082055837067935], [-0.002721858451348893, 0.001977488744869873, -0.00884852214499696], [0.041082055837067935, -0.00884852214499696, 0.09865467952788805]], "chi2_level": 0.95, "chi2_df": 3, "chi2_threshold": 7.814727903251179, "N_raw": 53, "N_roi": 52, "N_inlier": 50, "refit": true}
