{"timestamp": "12:00:27.448221", "frame": 8, "mu": [-1.8890685184628349, 4.946019341375308, 1.2430379935994211], "Sigma": [[0.03588674867342129, 0.003988062789160489, -0.01112439866679064], [0.003988062789160489, 0.0016598413020024935, -0.0019496444224241585], [-0.01112439866679064, -0.0019496444224241585, 0.005267747943126893]], "chi2_level": 0.99, "chi2_df": 3, "chi2_threshold": 11.344866730144373, "N_raw": 53, "N_roi": 22, "N_inlier": 21, "refit": true}
{"timestamp": "12:00:27.504937", "frame": 9, "mu": [-2.019637566777363, 4.9413881656846526, 0.5202796853841418], "Sigma": [[0.01683943657026183, 0.0018162457297532832, -0.001926727705485987], [0.0018162457297532832, 0.0013523680785949702, -0.0012056565903311991], [-0.0019267277054859874, -0.0012056565903311991, 0.0025987971187301667]], "chi2_level": 0.99, "chi2_df": 3, "chi2_threshold": 11.344866730144373, "N_raw": 49, "N_roi": 15, "N_inlier": 14, "refit": true}
{"timestamp": "12:00:27.557835", "frame": 10, "mu": [-1.8848969992550926, 4.924746423507237, 1.112568879893515], "Sigma": [[0.02181629199481133, 0.002852069862214022, -0.008984438964213345], [0.002852069862214022, 0.001955920278657596, -0.0013581582642386548], [-0.008984438964213345, -0.0013581582642386548, 0.006200162070914691]], "chi2_level": 0.99, "chi2_df": 3, "chi2_threshold": 11.344866730144373, "N_raw": 35, "N_roi": 19, "N_inlier": 19, "refit": true}
{"timestamp": "12:00:27.612023", "frame": 11, "mu": [-1.8511517474292538, 4.9532971251020275, 0.9978235413499961], "Sigma": [[0.02324467565121409, 0.003186509325240435, -0.010317102269627423], [0.0031865093252404345, 0.0010976936012551436, -0.0019337368641025683], [-0.010317102269627423, -0.0019337368641025683, 0.006594217002984287]], "chi2_level": 0.99, "chi2_df": 3, "chi2_threshold": 11.344866730144373, "N_raw": 27, "N_roi": 12, "N_inlier": 12, "refit": true}
{"timestamp": "12:00:27.667326", "frame": 12, "mu": [-1.8267671950640174, 4.925569762521286, 0.7846015109652156], "Sigma": [[0.0339596982559227, 0.007461985858671132, -0.014142405035997448], [0.0074619858586711316, 0.0028476502124188904, -0.003372301160977735], [-0.014142405035997448, -0.0033723011609777353, 0.008458497779970809]], "chi2_level": 0.99, "chi2_df": 3, "chi2_threshold": 11.344866730144373, "N_raw": 36, "N_roi": 24, "N_inlier": 23, "refit": true}
{"timestamp": "12:00:27.726385", "frame": 13, "mu": [-1.7244975046280884, 4.946249812997025, 0.9288292592758826], "Sigma": [[0.021702105352605548, 0.002781193391655372, -0.012279677490874885], [0.0027811933916553717, 0.001488843062058155, -0.0037412016184924686], [-0.012279677490874885, -0.0037412016184924686, 0.016051513321275704]], "chi2_level": 0.99, "chi2_df": 3, "chi2_threshold": 11.344866730144373, "N_raw": 61, "N_roi": 23, "N_inlier": 23, "refit": true}
{"timestamp": "12:00:27.779745", "frame": 14, "mu": [-1.7296240158986405, 4.893809808930914, 0.8471903243160728], "Sigma": [[0.038245790960624686, 0.007267525708643984, -0.020898475032435058], [0.007267525708643984, 0.0028855559746443537, -0.005488988947268639], [-0.020898475032435054, -0.005488988947268639, 0.0165650500965904]], "chi2_level": 0.99, "chi2_df": 3, "chi2_threshold": 11.344866730144373, "N_raw": 40, "N_roi": 35, "N_inlier": 34, "refit": true}
{"timestamp": "12:00:27.833940", "frame": 15, "mu": [-1.7041063568100185, 4.917426567615545, 0.9253902064967477], "Sigma": [[0.026093302619180744, 0.004138420471983813, -0.01639539522106759], [0.004138420471983813, 0.002662820988150024, -0.003652274049243864], [-0.01639539522106759, -0.003652274049243864, 0.013840953233771937]], "chi2_level": 0.99, "chi2_df": 3, "chi2_threshold": 11.344866730144373, "N_raw": 39, "N_roi": 28, "N_inlier": 27, "refit": true}
{"timestamp": "12:00:27.890978", "frame": 16, "mu": [-1.5682956345251737, 4.875989177278489, 0.606998249414488], "Sigma": [[0.05312630503214304, 0.012808087645224155, -0.05640520116235874], [0.012808087645224155, 0.005477362892762142, -0.01441471081107467], [-0.05640520116235874, -0.014414710811074665, 0.07274612096673255]], "chi2_level": 0.99, "chi2_df": 3, "chi2_threshold": 11.344866730144373, "N_raw": 54, "N_roi": 50, "N_inlier": 50, "refit": true}
{"timestamp": "12:00:27.944087", "frame": 17, "mu": [-1.2438634097485928, 4.888017739162653, 0.15052092459531907], "Sigma": [[0.03825109171407126, 0.00044920070737089663, -0.02580851221445214], [0.0004492007073708964, 0.0022487809953097675, -0.000792614155186734], [-0.02580851221445214, -0.0007926141551867341, 0.019890348126862432]], "chi2_level": 0.99, "chi2_df": 3, "chi2_threshold": 11.344866730144373, "N_raw": 40, "N_roi": 39, "N_inlier": 38, "refit": true}
{"timestamp": "12:00:28.003681", "frame": 18, "mu": [-1.530843175970874, 4.852005034930208, 0.7792755896800292], "Sigma": [[0.044956291684683944, 0.009203391280136272, -0.03534387709328359], [0.009203391280136272, 0.005197154594759436, -0.013290144545465982], [-0.03534387709328359, -0.013290144545465982, 0.05468130725084269]], "chi2_level": 0.99, "chi2_df": 3, "chi2_threshold": 11.344866730144373, "N_raw": 72, "N_roi": 68, "N_inlier": 67, "refit": true}
{"timestamp": "12:00:28.055692", "frame": 19, "mu": [-1.4400972309955078, 4.825997562186346, 0.46918575057045836], "Sigma": [[0.0395464518177458, 0.009266675467327306, -0.038320921175815065], [0.009266675467327304, 0.004003051163920026, -0.011649398178386176], [-0.038320921175815065, -0.011649398178386176, 0.04942439063793236]], "chi2_level": 0.99, "chi2_df": 3, "chi2_threshold": 11.344866730144373, "N_raw": 53, "N_roi": 47, "N_inlier": 46, "refit": true}
{"timestamp": "12:00:28.111437", "frame": 20, "mu": [-1.3475468793067662, 4.810269320299757, 0.46929354988334826], "Sigma": [[0.04199356352346749, 0.008188413334059102, -0.05656747338113195], [0.008188413334059102, 0.003137439086552593, -0.01672050917407529], [-0.05656747338113195, -0.01672050917407529, 0.12890890655869694]], "chi2_level": 0.99, "chi2_df": 3, "chi2_threshold": 11.344866730144373, "N_raw": 51, "N_roi": 45, "N_inlier": 45, "refit": true}
{"timestamp": "12:00:28.162841", "frame": 21, "mu": [-1.413137112966211, 4.740180237026606, 0.7682178043348287], "Sigma": [[0.02078930667884057, 0.0036775233243625622, -0.005475425414608694], [0.0036775233243625622, 0.0014705519527929707, -0.005396800463782088], [-0.005475425414608693, -0.005396800463782088, 0.03204554784550178]], "chi2_level": 0.99, "chi2_df": 3, "chi2_threshold": 11.344866730144373, "N_raw": 32, "N_roi": 25, "N_inlier": 25, "refit": true}
{"timestamp": "12:00:28.218856", "frame": 22, "mu": [-1.3354966169360203, 4.761369655161919, 0.7185736347462655], "Sigma": [[0.026156617954630985, 0.002736840786234104, -0.007342618202978899], [0.002736840786234104, 0.0014484005873952243, -0.004243769861039], [-0.0073426182029789, -0.004243769861038999, 0.01817884635962322]], "chi2_level": 0.99, "chi2_df": 3, "chi2_threshold": 11.344866730144373, "N_raw": 43, "N_roi": 38, "N_inlier": 36, "refit": true}
{"timestamp": "12:00:28.328731", "frame": 24, "mu": [-1.2720057742570081, 4.7374258932884, 0.7296673137841688], "Sigma": [[0.012495223412864477, 0.0036933038121138868, -0.008403273922322922], [0.0036933038121138868, 0.0036247805785041094, -0.007041385884966604], [-0.008403273922322922, -0.007041385884966604, 0.01749328126621937]], "chi2_level": 0.99, "chi2_df": 3, "chi2_threshold": 11.344866730144373, "N_raw": 33, "N_roi": 29, "N_inlier": 27, "refit": true}
{"timestamp": "12:00:28.385433", "frame": 25, "mu": [-1.2068072936499696, 4.677143223746163, 0.6569559961718618], "Sigma": [[0.023573388818599425, 0.0037030293340102874, -0.0058210658722809405], [0.0037030293340102874, 0.003358041087762098, -0.007694858183881715], [-0.00582106587228094, -0.007694858183881716, 0.02605726901045438]], "chi2_level": 0.99, "chi2_df": 3, "chi2_threshold": 11.344866730144373, "N_raw": 46, "N_roi": 40, "N_inlier": 37, "refit": true}
{"timestamp": "12:00:28.440545", "frame": 26, "mu": [-1.1989070805326896, 4.6187649128521855, 0.7274024720635317], "Sigma": [[0.029477721931065765, 0.007002484544443933, -0.021352795898210136], [0.007002484544443933, 0.0034013827896066237, -0.009105057820890161], [-0.02135279589821014, -0.009105057820890161, 0.04569859444407652]], "chi2_level": 0.99, "chi2_df": 3, "chi2_threshold": 11.344866730144373, "N_raw": 44, "N_roi": 42, "N_inlier": 40, "refit": true}
{"timestamp": "12:00:28.544176", "frame": 28, "mu": [-1.0824541928892157, 4.614448303146928, 0.7347452067577144], "Sigma": [[0.004214316026213612, 0.0007541746224170102, 0.002330165524451079], [0.00075417462241701, 0.006947932857744513, -0.003631469441424606], [0.002330165524451079, -0.003631469441424606, 0.06167763614307886]], "chi2_level": 0.99, "chi2_df": 3, "chi2_threshold": 11.344866730144373, "N_raw": 14, "N_roi": 14, "N_inlier": 14, "refit": true}
{"timestamp": "12:00:28.602341", "frame": 29, "mu": [-0.8048365204101594, 4.73868236666877, 0.9000358972904481], "Sigma": [[0.03183344059185152, 0.012280648601633934, 0.011126206933901796], [0.012280648601633934, 0.01031239014565911, 0.007917323350443112], [0.011126206933901796, 0.007917323350443112, 0.00939845556882317]], "chi2_level": 0.99, "chi2_df": 3, "chi2_threshold": 11.344866730144373, "N_raw": 35, "N_roi": 35, "N_inlier": 33, "refit": true}
{"timestamp": "12:00:28.660661", "frame": 30, "mu": [-0.9415063975036362, 4.626854840203249, 0.8279652052019105], "Sigma": [[0.036644319094011814, 0.015845812450016053, 0.004624047998781065], [0.015845812450016053, 0.01804773259645468, 0.009508494000234917], [0.004624047998781066, 0.009508494000234916, 0.007705944530198676]], "chi2_level": 0.99, "chi2_df": 3, "chi2_threshold": 11.344866730144373, "N_raw": 63, "N_roi": 61, "N_inlier": 60, "refit": true}
{"timestamp": "12:00:28.713996", "frame": 31, "mu": [-1.0055823849854593, 4.450389322920907, 0.7473241907208014], "Sigma": [[0.022330642393340962, 0.0016775723168135164, -0.018983119006911138], [0.0016775723168135164, 0.0013238758458263, -0.0038374148466283706], [-0.018983119006911138, -0.0038374148466283706, 0.028454794798787264]], "chi2_level": 0.99, "chi2_df": 3, "chi2_threshold": 11.344866730144373, "N_raw": 38, "N_roi": 36, "N_inlier": 35, "refit": true}
{"timestamp": "12:00:28.773251", "frame": 32, "mu": [-1.0316752846582617, 4.401650275120094, 0.7770948450772799], "Sigma": [[0.028108068154425396, 0.002023094680800898, -0.015855628106510707], [0.0020230946808008983, 0.002815309463044581, -0.007471099912709703], [-0.015855628106510707, -0.007471099912709701, 0.03125187739895903]], "chi2_level": 0.99, "chi2_df": 3, "chi2_threshold": 11.344866730144373, "N_raw": 68, "N_roi": 62, "N_inlier": 60, "refit": true}
{"timestamp": "12:00:28.823783", "frame": 33, "mu": [-0.9563646241959819, 4.3643071427559095, 0.8571837687100968], "Sigma": [[0.026120901279150566, 0.0031574944367548582, -0.013212907266129887], [0.0031574944367548582, 0.0030668223107139783, -0.003091741148593374], [-0.013212907266129887, -0.003091741148593374, 0.009100993979343436]], "chi2_level": 0.99, "chi2_df": 3, "chi2_threshold": 11.344866730144373, "N_raw": 41, "N_roi": 41, "N_inlier": 39, "refit": true}
{"timestamp": "12:00:28.929688", "frame": 35, "mu": [-0.7672454020253495, 4.286102481429811, 0.6224786977084903], "Sigma": [[0.012800488481733046, 0.0006479375055306732, 0.00016754666257374432], [0.0006479375055306733, 0.0029032786087670056, -0.0007466360757790844], [0.00016754666257374432, -0.0007466360757790847, 0.024118203398563416]], "chi2_level": 0.99, "chi2_df": 3, "chi2_threshold": 11.344866730144373, "N_raw": 22, "N_roi": 22, "N_inlier": 20, "refit": true}
{"timestamp": "12:00:28.990830", "frame": 36, "mu": [-0.7977183963728224, 4.2341512108157, 0.717762736309607], "Sigma": [[0.034252334949057654, 0.00372604192083684, -0.0060569884841892956], [0.00372604192083684, 0.0023312500460074778, -0.003573442955146984], [-0.0060569884841892956, -0.003573442955146984, 0.008824804491397735]], "chi2_level": 0.99, "chi2_df": 3, "chi2_threshold": 11.344866730144373, "N_raw": 51, "N_roi": 47, "N_inlier": 46, "refit": true}
{"timestamp": "12:00:29.045650", "frame": 37, "mu": [-0.8051950155251668, 4.180759596732884, 0.8736366284369834], "Sigma": [[0.03488413538588056, 0.008637901282756601, -0.001896416918256298], [0.008637901282756601, 0.004913881540105118, -0.003634931319615004], [-0.0018964169182562973, -0.0036349313196150043, 0.006796564096487985]], "chi2_level": 0.99, "chi2_df": 3, "chi2_threshold": 11.344866730144373, "N_raw": 52, "N_roi": 52, "N_inlier": 52, "refit": true}
{"timestamp": "12:00:29.102911", "frame": 38, "mu": [-0.788874673897646, 4.154455884445973, 0.8176409111240094], "Sigma": [[0.029831009507886842, 0.0038643859440496285, -0.006460416091268356], [0.0038643859440496285, 0.003981022861409351, -0.004708005256845434], [-0.006460416091268356, -0.004708005256845434, 0.00904147489744068]], "chi2_level": 0.99, "chi2_df": 3, "chi2_threshold": 11.344866730144373, "N_raw": 57, "N_roi": 57, "N_inlier": 54, "refit": true}
{"timestamp": "12:00:29.154716", "frame": 39, "mu": [-0.8011451189726988, 4.052705802632935, 0.7781262639929603], "Sigma": [[0.02713289653681058, 0.003261106212955206, -0.015433563246568485], [0.0032611062129552057, 0.004193491039650379, -0.004173438754676212], [-0.015433563246568485, -0.004173438754676212, 0.01191754369288805]], "chi2_level": 0.99, "chi2_df": 3, "chi2_threshold": 11.344866730144373, "N_raw": 47, "N_roi": 43, "N_inlier": 42, "refit": true}
{"timestamp": "12:00:29.205948", "frame": 40, "mu": [-0.7668441090519873, 4.096412615085973, 0.8618483254493521], "Sigma": [[0.014473779598549398, 0.0005002619012431985, -0.005122135151856247], [0.000500261901243198, 0.002222605357069633, -0.0010534974175703906], [-0.005122135151856247, -0.0010534974175703906, 0.0036797120772993834]], "chi2_level": 0.99, "chi2_df": 3, "chi2_threshold": 11.344866730144373, "N_raw": 23, "N_roi": 23, "N_inlier": 21, "refit": true}
{"timestamp": "12:00:29.266512", "frame": 41, "mu": [-0.7163053734683094, 4.005686587493438, 0.9412592731553118], "Sigma": [[0.033011320528865885, 0.0038606015000334825, -0.011349619749242642], [0.0038606015000334833, 0.005192632291725264, -0.0017802033904668892], [-0.01134961974924264, -0.0017802033904668892, 0.005225028112660232]], "chi2_level": 0.99, "chi2_df": 3, "chi2_threshold": 11.344866730144373, "N_raw": 58, "N_roi": 56, "N_inlier": 54, "refit": true}
{"timestamp": "12:00:29.324835", "frame": 42, "mu": [-0.5011909741799807, 4.262945569390789, -0.2866943010703622], "Sigma": [[0.038303510353230125, 0.01146398509209868, -0.05110092165664858], [0.01146398509209868, 0.013023999977394797, -0.03551381170350702], [-0.05110092165664859, -0.03551381170350702, 0.11916306801095183]], "chi2_level": 0.99, "chi2_df": 3, "chi2_threshold": 11.344866730144373, "N_raw": 74, "N_roi": 70, "N_inlier": 68, "refit": true}
{"timestamp": "12:00:29.378202", "frame": 43, "mu": [-0.5410647832881462, 3.9817317193790402, 0.6417578579214344], "Sigma": [[0.06853189220553893, 0.006709402314955848, -0.07704812492810537], [0.006709402314955848, 0.004199736341892283, -0.010247567873608704], [-0.07704812492810537, -0.010247567873608704, 0.10215826370738953]], "chi2_level": 0.99, "chi2_df": 3, "chi2_threshold": 11.344866730144373, "N_raw": 65, "N_roi": 62, "N_inlier": 62, "refit": true}
{"timestamp": "12:00:29.432915", "frame": 44, "mu": [-0.4927878106390154, 3.944364187547451, 0.8060961720539007], "Sigma": [[0.03485704078771261, 0.005168992550355252, -0.023613868017271368], [0.005168992550355252, 0.0038588599934997565, -0.007398679343501579], [-0.023613868017271368, -0.007398679343501579, 0.040247813875166856]], "chi2_level": 0.99, "chi2_df": 3, "chi2_threshold": 11.344866730144373, "N_raw": 63, "N_roi": 61, "N_inlier": 60, "refit": true}
{"timestamp": "12:00:29.483902", "frame": 45, "mu": [-0.44650712352071015, 3.8963895516166613, 0.9690594391040753], "Sigma": [[0.018050739094607707, 0.0019834964443040245, 0.008252672776359823], [0.0019834964443040245, 0.0013845312421405826, -0.0033637401977330257], [0.008252672776359823, -0.003363740197733026, 0.027529794719499]], "chi2_level": 0.99, "chi2_df": 3, "chi2_threshold": 11.344866730144373, "N_raw": 39, "N_roi": 34, "N_inlier": 33, "refit": true}
{"timestamp": "12:00:29.540205", "frame": 46, "mu": [-0.5533332701836476, 3.8534416549966197, 0.8998237347897692], "Sigma": [[0.018320632150611173, 0.0014993863361724702, -0.00022592008559257936], [0.0014993863361724698, 0.0019008442117374443, -0.0021775655813045082], [-0.00022592008559257958, -0.0021775655813045087, 0.007739014973695249]], "chi2_level": 0.99, "chi2_df": 3, "chi2_threshold": 11.344866730144373, "N_raw": 42, "N_roi": 36, "N_inlier": 32, "refit": true}
{"timestamp": "12:00:29.599410", "frame": 47, "mu": [-0.38184960966561504, 3.855841128964774, 0.9900136174740032], "Sigma": [[0.03002008085590508, 0.004971119163163095, -0.0024177226151526], [0.004971119163163095, 0.005944870507128886, -0.010217708967480149], [-0.0024177226151525988, -0.010217708967480149, 0.025221357361615654]], "chi2_level": 0.99, "chi2_df": 3, "chi2_threshold": 11.344866730144373, "N_raw": 72, "N_roi": 71, "N_inlier": 70, "refit": true}
{"timestamp": "12:00:29.652947", "frame": 48, "mu": [-0.335528644162448, 3.825128275462235, 1.0075955197443098], "Sigma": [[0.02806166781727359, 0.002810313488380398, -0.00993383081427357], [0.002810313488380398, 0.0035479009958070302, -0.008689133742838664], [-0.00993383081427357, -0.008689133742838662, 0.03391793920724501]], "chi2_level": 0.99, "chi2_df": 3, "chi2_threshold": 11.344866730144373, "N_raw": 62, "N_roi": 59, "N_inlier": 55, "refit": true}
{"timestamp": "12:00:29.702560", "frame": 49, "mu": [-0.3259151045059383, 3.7749709604427943, 0.8738573645077248], "Sigma": [[0.025072541459705285, 0.001343377026726647, -0.013317937460512089], [0.001343377026726647, 0.002232774542807429, -0.0003708899486410885], [-0.013317937460512089, -0.0003708899486410882, 0.008688466189001726]], "chi2_level": 0.99, "chi2_df": 3, "chi2_threshold": 11.344866730144373, "N_raw": 33, "N_roi": 33, "N_inlier": 29, "refit": true}
{"timestamp": "12:00:29.758902", "frame": 50, "mu": [-0.25827114498005904, 3.7522746881459694, 1.1214131557477223], "Sigma": [[0.020247821291809243, -0.0016501206859907782, -0.003185794076006447], [-0.0016501206859907782, 0.0009307480617262707, -0.002951326592661842], [-0.0031857940760064473, -0.002951326592661842, 0.026200788462926946]], "chi2_level": 0.99, "chi2_df": 3, "chi2_threshold": 11.344866730144373, "N_raw": 40, "N_roi": 40, "N_inlier": 38, "refit": true}
{"timestamp": "12:00:29.814627", "frame": 51, "mu": [-0.26574675257833075, 3.7371641331406242, 0.9855794387548699], "Sigma": [[0.01973095985005508, -0.0007864601071029694, -0.0038584647267967927], [-0.0007864601071029694, 0.0019109048429613962, -0.0024564722070363008], [-0.0038584647267967923, -0.0024564722070363008, 0.014781831264855083]], "chi2_level": 0.99, "chi2_df": 3, "chi2_threshold": 11.344866730144373, "N_raw": 43, "N_roi": 43, "N_inlier": 41, "refit": true}
{"timestamp": "12:00:29.875622", "frame": 52, "mu": [-0.17825015070182823, 3.717676192028313, 0.8029288495369763], "Sigma": [[0.02349217001348071, 0.001047052664397559, -0.020201427746330963], [0.0010470526643975584, 0.00394144535925123, -0.0217923825737968], [-0.020201427746330963, -0.0217923825737968, 0.18072117233304294]], "chi2_level": 0.99, "chi2_df": 3, "chi2_threshold": 11.344866730144373, "N_raw": 83, "N_roi": 83, "N_inlier": 81, "refit": true}
{"timestamp": "12:00:29.920328", "frame": 53, "mu": [0.051532672330463256, 3.773974727726302, 0.7063914476190126], "Sigma": [[0.023192347497936753, 0.011737158803725709, 0.024201564745283823], [0.011737158803725707, 0.008623392420723295, -0.0026536750055904373], [0.024201564745283823, -0.002653675005590437, 0.19663823649100262]], "chi2_level": 0.99, "chi2_df": 3, "chi2_threshold": 11.344866730144373, "N_raw": 13, "N_roi": 13, "N_inlier": 13, "refit": true}
{"timestamp": "12:00:29.983704", "frame": 54, "mu": [0.06666486702523274, 3.680074245652576, 0.8361511999698962], "Sigma": [[0.028057590857670865, 0.009719482476202572, 0.00018441443571098914], [0.00971948247620257, 0.01323741358607476, 0.0008903141652609546], [0.0001844144357109891, 0.0008903141652609545, 0.005357197129278486]], "chi2_level": 0.99, "chi2_df": 3, "chi2_threshold": 11.344866730144373, "N_raw": 77, "N_roi": 77, "N_inlier": 74, "refit": true}
{"timestamp": "12:00:30.037867", "frame": 55, "mu": [0.054082297804510085, 3.5910552430229776, 0.8115667101646209], "Sigma": [[0.021948054061163482, 0.004587033214726775, -0.0020000966943946132], [0.004587033214726775, 0.006640463191938854, -0.001867902141037332], [-0.0020000966943946132, -0.001867902141037332, 0.0034315794529674905]], "chi2_level": 0.99, "chi2_df": 3, "chi2_threshold": 11.344866730144373, "N_raw": 65, "N_roi": 65, "N_inlier": 61, "refit": true}
{"timestamp": "12:00:30.089920", "frame": 56, "mu": [0.03524588532967929, 3.5212934117970973, 0.9938251233228327], "Sigma": [[0.013441018170363278, 0.0001175224186226526, -0.005898197972168236], [0.00011752241862265258, 0.001346121513639838, -0.004525850369911027], [-0.005898197972168236, -0.004525850369911027, 0.025501196154791177]], "chi2_level": 0.99, "chi2_df": 3, "chi2_threshold": 11.344866730144373, "N_raw": 43, "N_roi": 43, "N_inlier": 40, "refit": true}
{"timestamp": "12:00:30.148130", "frame": 57, "mu": [0.15220184083965607, 3.538028112498597, 0.8757554178247504], "Sigma": [[0.02728973605613091, 0.01296519576196081, -0.0007254442358163521], [0.01296519576196081, 0.01629425314476632, 0.0005716047138557721], [-0.0007254442358163521, 0.0005716047138557722, 0.002030465616188958]], "chi2_level": 0.99, "chi2_df": 3, "chi2_threshold": 11.344866730144373, "N_raw": 70, "N_roi": 70, "N_inlier": 68, "refit": true}
{"timestamp": "12:00:30.207480", "frame": 58, "mu": [0.18684758137935298, 3.4599913505252546, 0.9871965437140094], "Sigma": [[0.023196745667109695, 0.004696703815416753, -0.0065669939824216225], [0.004696703815416754, 0.017228899897358894, -0.014963029904487515], [-0.0065669939824216225, -0.014963029904487515, 0.028003654769399762]], "chi2_level": 0.99, "chi2_df": 3, "chi2_threshold": 11.344866730144373, "N_raw": 94, "N_roi": 94, "N_inlier": 94, "refit": true}
{"timestamp": "12:00:30.258624", "frame": 59, "mu": [0.158460679408027, 3.381935523175498, 0.9918280745727267], "Sigma": [[0.017363657202473154, -0.0004980949125201182, -0.002112874822538522], [-0.0004980949125201182, 0.003635975009020391, -0.0058678959401157315], [-0.0021128748225385224, -0.0058678959401157315, 0.014383074393071247]], "chi2_level": 0.99, "chi2_df": 3, "chi2_threshold": 11.344866730144373, "N_raw": 67, "N_roi": 67, "N_inlier": 65, "refit": true}
{"timestamp": "12:00:30.312768", "frame": 60, "mu": [0.14393410767270196, 3.333162742612217, 1.059937700593558], "Sigma": [[0.016118524758269775, -0.00240907396738446, -0.0031039413491003335], [-0.00240907396738446, 0.005287767945177868, -0.003275490698706766], [-0.0031039413491003344, -0.003275490698706766, 0.006829371069872573]], "chi2_level": 0.99, "chi2_df": 3, "chi2_threshold": 11.344866730144373, "N_raw": 67, "N_roi": 65, "N_inlier": 61, "refit": true}
{"timestamp": "12:00:30.368067", "frame": 61, "mu": [0.19020100836979256, 3.2450839264855698, 0.9220497183268662], "Sigma": [[0.01739641493451721, -0.004131304115588378, -0.008582283771790208], [-0.004131304115588378, 0.009399834940559517, 0.0032887933953799917], [-0.008582283771790208, 0.0032887933953799917, 0.00560157088008679]], "chi2_level": 0.99, "chi2_df": 3, "chi2_threshold": 11.344866730144373, "N_raw": 65, "N_roi": 64, "N_inlier": 64, "refit": true}
{"timestamp": "12:00:30.421109", "frame": 62, "mu": [0.21410434517610824, 3.1377720717666553, 0.9249529406435423], "Sigma": [[0.016925611465779332, -0.004906706196362289, -0.010861861223447716], [-0.004906706196362289, 0.006468728702203376, 0.0026552427265302265], [-0.010861861223447716, 0.002655242726530226, 0.008611416500239166]], "chi2_level": 0.99, "chi2_df": 3, "chi2_threshold": 11.344866730144373, "N_raw": 57, "N_roi": 56, "N_inlier": 55, "refit": true}
{"timestamp": "12:00:30.478163", "frame": 63, "mu": [0.24842729372671038, 3.1827647945728863, 1.0311293327058615], "Sigma": [[0.017207194992345506, 0.0010663145316646095, 0.0015254590959456553], [0.0010663145316646095, 0.0046398611900224365, -0.004412806962130859], [0.0015254590959456553, -0.004412806962130859, 0.008815170504523578]], "chi2_level": 0.99, "chi2_df": 3, "chi2_threshold": 11.344866730144373, "N_raw": 70, "N_roi": 70, "N_inlier": 67, "refit": true}
{"timestamp": "12:00:30.532765", "frame": 64, "mu": [0.22914893959966, 3.267086384376593, -0.14298329407762628], "Sigma": [[0.017617000438902058, 0.001205928095124232, -0.004897139932410068], [0.0012059280951242325, 0.007350086425009676, 0.0069543426284673256], [-0.004897139932410069, 0.006954342628467325, 0.009600515590977425]], "chi2_level": 0.99, "chi2_df": 3, "chi2_threshold": 11.344866730144373, "N_raw": 70, "N_roi": 69, "N_inlier": 66, "refit": true}
{"timestamp": "12:00:30.586393", "frame": 65, "mu": [0.35337594166165526, 3.221116346171291, -0.11782900016108372], "Sigma": [[0.014681637946847946, -0.00046380850205960327, 0.002928246782901684], [-0.0004638085020596032, 0.004976883979198516, 0.0012232646553033287], [0.002928246782901684, 0.0012232646553033285, 0.0046190417908950334]], "chi2_level": 0.99, "chi2_df": 3, "chi2_threshold": 11.344866730144373, "N_raw": 54, "N_roi": 53, "N_inlier": 51, "refit": true}
{"timestamp": "12:00:30.641798", "frame": 66, "mu": [0.4005842368526852, 3.027009489187159, 1.0677017139809064], "Sigma": [[0.014606497769600912, -0.00018001015994310822, 0.002670996290210019], [-0.00018001015994310843, 0.002947252411852368, -0.0037548750309568746], [0.0026709962902100185, -0.0037548750309568746, 0.007680387116888167]], "chi2_level": 0.99, "chi2_df": 3, "chi2_threshold": 11.344866730144373, "N_raw": 58, "N_roi": 58, "N_inlier": 55, "refit": true}
{"timestamp": "12:00:30.698479", "frame": 67, "mu": [0.47937122005430666, 3.1389711988554114, -0.15542718706324682], "Sigma": [[0.017274916869474168, -0.0009049377280826972, 0.008535906894320247], [-0.000904937728082697, 0.005285140600259987, -0.008128443994671428], [0.008535906894320247, -0.008128443994671428, 0.018289565502917104]], "chi2_level": 0.99, "chi2_df": 3, "chi2_threshold": 11.344866730144373, "N_raw": 65, "N_roi": 64, "N_inlier": 61, "refit": true}
{"timestamp": "12:00:30.753953", "frame": 68, "mu": [0.5472415355637625, 2.9661347060957626, 1.0268088001294682], "Sigma": [[0.016783855508568597, 0.0005063716399925334, 0.006276596371630789], [0.0005063716399925334, 0.0036393649562540395, -0.006679494897650153], [0.006276596371630789, -0.006679494897650153, 0.02144030790240039]], "chi2_level": 0.99, "chi2_df": 3, "chi2_threshold": 11.344866730144373, "N_raw": 79, "N_roi": 79, "N_inlier": 78, "refit": true}
{"timestamp": "12:00:30.802984", "frame": 69, "mu": [0.4944327014832878, 2.926438808940314, 0.8474672118140506], "Sigma": [[0.009606296389157203, 0.00038655963809938374, -0.012081215258962486], [0.00038655963809938374, 0.00213744731273006, -0.004148844764325472], [-0.012081215258962483, -0.004148844764325472, 0.10061005456589459]], "chi2_level": 0.99, "chi2_df": 3, "chi2_threshold": 11.344866730144373, "N_raw": 29, "N_roi": 29, "N_inlier": 28, "refit": true}
{"timestamp": "12:00:30.862325", "frame": 70, "mu": [0.5957458258157051, 2.9189251417952824, 0.973867843220907], "Sigma": [[0.013670320116999002, -0.0021114172392872233, -0.0031514469859814033], [-0.0021114172392872233, 0.0029700414179303514, -0.005248866091491741], [-0.0031514469859814033, -0.005248866091491741, 0.019836288288541518]], "chi2_level": 0.99, "chi2_df": 3, "chi2_threshold": 11.344866730144373, "N_raw": 67, "N_roi": 67, "N_inlier": 65, "refit": true}
{"timestamp": "12:00:30.917413", "frame": 71, "mu": [0.6956669766390237, 2.9035090609510292, 0.7819833723907316], "Sigma": [[0.03448263519306356, 0.0028257432363121785, -0.008851714991392305], [0.0028257432363121776, 0.003923471316791383, -0.0033720759205983658], [-0.008851714991392305, -0.0033720759205983653, 0.006357621441544371]], "chi2_level": 0.99, "chi2_df": 3, "chi2_threshold": 11.344866730144373, "N_raw": 60, "N_roi": 60, "N_inlier": 57, "refit": true}
{"timestamp": "12:00:30.973677", "frame": 72, "mu": [0.8571657999594822, 2.8748250548860894, 0.8792173601838028], "Sigma": [[0.054051035670398526, 0.004486463082383835, -0.021308107140199116], [0.004486463082383836, 0.002707995902682044, -0.003982536043692333], [-0.021308107140199116, -0.003982536043692333, 0.02589503581956956]], "chi2_level": 0.99, "chi2_df": 3, "chi2_threshold": 11.344866730144373, "N_raw": 70, "N_roi": 70, "N_inlier": 65, "refit": true}
{"timestamp": "12:00:31.026677", "frame": 73, "mu": [1.1007244535626475, 2.8412178760687428, 0.8325433052449623], "Sigma": [[0.0659441774436145, -0.0015087581525610534, -0.03455072676271238], [-0.0015087581525610534, 0.005336550114638821, 0.0008478143535847983], [-0.03455072676271238, 0.0008478143535847983, 0.034046962900708855]], "chi2_level": 0.99, "chi2_df": 3, "chi2_threshold": 11.344866730144373, "N_raw": 56, "N_roi": 56, "N_inlier": 52, "refit": true}
{"timestamp": "12:00:31.075709", "frame": 74, "mu": [0.9386608829565449, 2.7787368136127726, 0.5706420267788167], "Sigma": [[0.034172703743974506, 0.0013133156889207145, 0.013644359667836585], [0.0013133156889207145, 0.007088955273601756, 0.01314778076735976], [0.013644359667836585, 0.01314778076735976, 0.3019474892592134]], "chi2_level": 0.99, "chi2_df": 3, "chi2_threshold": 11.344866730144373, "N_raw": 12, "N_roi": 12, "N_inlier": 11, "refit": true}
{"timestamp": "12:00:31.135868", "frame": 75, "mu": [0.8354633430070374, 2.7572411031271664, 0.8878229716401085], "Sigma": [[0.04351562072585414, 0.007376001942424271, 0.0024518985597526553], [0.007376001942424272, 0.003822923834076614, -0.002972510114805789], [0.0024518985597526553, -0.002972510114805789, 0.0456122027222197]], "chi2_level": 0.99, "chi2_df": 3, "chi2_threshold": 11.344866730144373, "N_raw": 56, "N_roi": 56, "N_inlier": 53, "refit": true}
{"timestamp": "12:00:31.184677", "frame": 76, "mu": [1.177932687527096, 2.7137670701330876, 0.9554728297980873], "Sigma": [[0.06204558626318261, 0.008920159877775133, -0.004850650265599473], [0.008920159877775133, 0.003291618568082695, -0.0015861698133521182], [-0.004850650265599472, -0.0015861698133521188, 0.01312322646482463]], "chi2_level": 0.99, "chi2_df": 3, "chi2_threshold": 11.344866730144373, "N_raw": 14, "N_roi": 14, "N_inlier": 14, "refit": true}
{"timestamp": "12:00:31.240412", "frame": 77, "mu": [0.8079540118489988, 2.60600289309738, 0.7850505429026475], "Sigma": [[0.0070186909277361155, -0.0020619348479448845, 0.0038960285270349827], [-0.0020619348479448845, 0.002033798247469849, -0.002903003305964019], [0.0038960285270349827, -0.002903003305964019, 0.018660602432037356]], "chi2_level": 0.99, "chi2_df": 3, "chi2_threshold": 11.344866730144373, "N_raw": 25, "N_roi": 25, "N_inlier": 22, "refit": true}
{"timestamp": "12:00:31.360284", "frame": 79, "mu": [1.1123256984644374, 2.5599688386746076, 0.9356951590150278], "Sigma": [[0.034803754375342943, 0.006312276625602457, -0.0024256290481179266], [0.006312276625602457, 0.005933095401182358, -0.006015989795464017], [-0.002425629048117927, -0.006015989795464017, 0.022182602993165452]], "chi2_level": 0.99, "chi2_df": 3, "chi2_threshold": 11.344866730144373, "N_raw": 87, "N_roi": 87, "N_inlier": 83, "refit": true}
{"timestamp": "12:00:31.412411", "frame": 80, "mu": [1.0961306090462788, 2.4566626688700457, 1.1668632727404173], "Sigma": [[0.019620397461495263, 0.006518012650397784, -0.009448965639599904], [0.006518012650397784, 0.008110817854750565, -0.011633803356752877], [-0.009448965639599904, -0.011633803356752875, 0.023216193148842913]], "chi2_level": 0.99, "chi2_df": 3, "chi2_threshold": 11.344866730144373, "N_raw": 60, "N_roi": 59, "N_inlier": 57, "refit": true}
{"timestamp": "12:00:31.469222", "frame": 81, "mu": [1.0912406417033, 2.54202313263032, -0.15506606733141098], "Sigma": [[0.011895748155149684, -0.0070303346448248654, 0.0303831244511722], [-0.0070303346448248654, 0.011950735662702178, -0.04547982719330861], [0.0303831244511722, -0.04547982719330861, 0.2509607836595105]], "chi2_level": 0.99, "chi2_df": 3, "chi2_threshold": 11.344866730144373, "N_raw": 77, "N_roi": 77, "N_inlier": 74, "refit": true}
{"timestamp": "12:00:31.521203", "frame": 82, "mu": [1.0624392727603424, 2.3922331256900553, 1.138235571771016], "Sigma": [[0.007009577582903988, -0.0022152789467317266, 0.005114239373512262], [-0.0022152789467317266, 0.002674575084950168, -0.007153312217820844], [0.005114239373512262, -0.007153312217820843, 0.026634573300851217]], "chi2_level": 0.99, "chi2_df": 3, "chi2_threshold": 11.344866730144373, "N_raw": 52, "N_roi": 52, "N_inlier": 49, "refit": true}
{"timestamp": "12:00:31.578211", "frame": 83, "mu": [1.1556662843705667, 2.2695794514978997, -1.3994289320486755], "Sigma": [[0.012689246714921571, -0.003077801285027462, -0.018980525111067615], [-0.0030778012850274624, 0.006793895619234718, 0.032633655582742956], [-0.018980525111067615, 0.03263365558274295, 0.6088454883392443]], "chi2_level": 0.99, "chi2_df": 3, "chi2_threshold": 11.344866730144373, "N_raw": 70, "N_roi": 70, "N_inlier": 70, "refit": true}
{"timestamp": "12:00:31.629322", "frame": 84, "mu": [1.1111831856521217, 2.1312337415759277, 0.8702598160734354], "Sigma": [[0.008581053916335126, -0.003331476030511264, -0.002124634169568494], [-0.003331476030511264, 0.002485056197766018, -0.00035306989218001505], [-0.002124634169568495, -0.00035306989218001505, 0.007255681329088067]], "chi2_level": 0.99, "chi2_df": 3, "chi2_threshold": 11.344866730144373, "N_raw": 39, "N_roi": 39, "N_inlier": 36, "refit": true}
{"timestamp": "12:00:31.684977", "frame": 85, "mu": [1.13327066549227, 2.3623872778083514, -0.4823239527547025], "Sigma": [[0.011463533294298894, -0.0021157579240791867, -0.0062486132285607425], [-0.0021157579240791867, 0.00700032386202378, -0.008919384084499585], [-0.0062486132285607425, -0.008919384084499585, 0.02798356056432292]], "chi2_level": 0.99, "chi2_df": 3, "chi2_threshold": 11.344866730144373, "N_raw": 46, "N_roi": 46, "N_inlier": 42, "refit": true}
{"timestamp": "12:00:31.740387", "frame": 86, "mu": [1.124953061314192, 2.169378964256649, 1.0637951021752299], "Sigma": [[0.01057019168242636, -0.002035249470845517, -0.0007050795523527399], [-0.0020352494708455165, 0.0044426744390913915, -0.0015410732678590182], [-0.0007050795523527398, -0.001541073267859018, 0.0013262145497458075]], "chi2_level": 0.99, "chi2_df": 3, "chi2_threshold": 11.344866730144373, "N_raw": 50, "N_roi": 50, "N_inlier": 48, "refit": true}
{"timestamp": "12:00:31.794940", "frame": 87, "mu": [1.1750312270992151, 2.1006899777277037, 1.035520086374671], "Sigma": [[0.010000777306396058, -0.0023449759306114265, 0.0020520300090328255], [-0.0023449759306114265, 0.0033153203991654477, -0.0026783012161337855], [0.0020520300090328255, -0.0026783012161337855, 0.00349162548624871]], "chi2_level": 0.99, "chi2_df": 3, "chi2_threshold": 11.344866730144373, "N_raw": 45, "N_roi": 45, "N_inlier": 42, "refit": true}
{"timestamp": "12:00:31.847397", "frame": 88, "mu": [1.206014466944032, 2.1453707032192466, 0.987397809396811], "Sigma": [[0.010014714701043438, 0.001833440531410709, -0.006218726398486558], [0.001833440531410709, 0.003996258577435789, -0.0035909747216070474], [-0.006218726398486558, -0.0035909747216070474, 0.007206404837177923]], "chi2_level": 0.99, "chi2_df": 3, "chi2_threshold": 11.344866730144373, "N_raw": 27, "N_roi": 27, "N_inlier": 25, "refit": true}
{"timestamp": "12:00:31.904308", "frame": 89, "mu": [1.2949851609252505, 2.1648157088189186, 0.7765439852449303], "Sigma": [[0.008071133265110214, -0.003639658265895557, -0.01062478543989218], [-0.003639658265895557, 0.004776895196682625, -0.004815639948788886], [-0.01062478543989218, -0.004815639948788886, 0.09599559009164269]], "chi2_level": 0.99, "chi2_df": 3, "chi2_threshold": 11.344866730144373, "N_raw": 45, "N_roi": 45, "N_inlier": 44, "refit": true}
{"timestamp": "12:00:31.958789", "frame": 90, "mu": [1.2434250049291924, 2.090337186759639, 1.0292431038254597], "Sigma": [[0.008123602741411048, -0.0031047791986779285, -0.007133674968730963], [-0.0031047791986779285, 0.003934723869186479, -0.0034653318563135716], [-0.007133674968730963, -0.003465331856313572, 0.025531795761693836]], "chi2_level": 0.99, "chi2_df": 3, "chi2_threshold": 11.344866730144373, "N_raw": 43, "N_roi": 43, "N_inlier": 40, "refit": true}
{"timestamp": "12:00:32.065957", "frame": 92, "mu": [1.434732412209317, 2.207736688969259, -0.13721841359995784], "Sigma": [[0.003949356626409218, -0.0016365294010398288, 0.0016036729215840031], [-0.0016365294010398288, 0.0038471968939662385, -0.00295339276363589], [0.0016036729215840031, -0.00295339276363589, 0.0037948324303399518]], "chi2_level": 0.99, "chi2_df": 3, "chi2_threshold": 11.344866730144373, "N_raw": 24, "N_roi": 23, "N_inlier": 22, "refit": true}
{"timestamp": "12:00:32.122860", "frame": 93, "mu": [1.3896521468879777, 2.0821147956786774, 1.3752297918802667], "Sigma": [[0.009417321013299913, -0.002182553667839068, 0.0016539645015087772], [-0.0021825536678390673, 0.004179031288458447, 0.0009791052152936766], [0.001653964501508777, 0.0009791052152936768, 0.0011323821489469727]], "chi2_level": 0.99, "chi2_df": 3, "chi2_threshold": 11.344866730144373, "N_raw": 33, "N_roi": 33, "N_inlier": 32, "refit": true}
{"timestamp": "12:00:32.231805", "frame": 95, "mu": [1.515180569156962, 1.9922560022833102, 1.3851346133411613], "Sigma": [[0.007502509915930356, -0.0026143175971529856, -0.00031198428264967316], [-0.0026143175971529856, 0.0041316960421214615, 0.006966603995588209], [-0.0003119842826496736, 0.00696660399558821, 0.04385534262182444]], "chi2_level": 0.99, "chi2_df": 3, "chi2_threshold": 11.344866730144373, "N_raw": 32, "N_roi": 32, "N_inlier": 32, "refit": true}
{"timestamp": "12:00:32.394162", "frame": 98, "mu": [1.6212821917308182, 1.9111435937520094, 1.1632424615665138], "Sigma": [[0.01689102320262112, -0.011581693014473739, -0.05468095033498931], [-0.011581693014473739, 0.011846307422134153, 0.044674479167078215], [-0.054680950334989306, 0.044674479167078215, 0.20140730558279754]], "chi2_level": 0.99, "chi2_df": 3, "chi2_threshold": 11.344866730144373, "N_raw": 10, "N_roi": 10, "N_inlier": 10, "refit": true}
