{"timestamp": "14:13:06.725629", "frame": 1, "mu": [0.9565573133090988, 1.4092114553214519, 1.5374931359944732], "Sigma": [[0.004596275597458181, -0.0012323315602140081, -0.0019006847980408983], [-0.0012323315602140081, 0.0035682914133078284, 6.638852470910128e-05], [-0.0019006847980408985, 6.638852470910128e-05, 0.001259928923979321]], "chi2_level": 0.99, "chi2_df": 3, "chi2_threshold": 11.344866730144373, "N_raw": 38, "N_roi": 38, "N_inlier": 35, "refit": true}
{"timestamp": "14:13:06.783380", "frame": 2, "mu": [0.9540666495374804, 1.4041498817504126, 1.4549151412163748], "Sigma": [[0.010347397446943166, -0.004936837165442805, -0.015623600883599783], [-0.004936837165442805, 0.0045943724870544855, 0.006756426653972081], [-0.015623600883599783, 0.006756426653972081, 0.02875538467798798]], "chi2_level": 0.99, "chi2_df": 3, "chi2_threshold": 11.344866730144373, "N_raw": 42, "N_roi": 42, "N_inlier": 40, "refit": true}
{"timestamp": "14:13:06.836981", "frame": 3, "mu": [0.9348264680037094, 1.4862374048618174, -0.17188299565932957], "Sigma": [[0.007303488294673773, 0.000718465017192683, -0.00964218020244062], [0.000718465017192683, 0.0018049486414768812, -0.0014770680302499779], [-0.009642180202440618, -0.0014770680302499779, 0.017573333205783918]], "chi2_level": 0.99, "chi2_df": 3, "chi2_threshold": 11.344866730144373, "N_raw": 25, "N_roi": 25, "N_inlier": 23, "refit": true}
{"timestamp": "14:13:06.892084", "frame": 4, "mu": [1.02025181025766, 1.3536994608760458, 1.3222517406120458], "Sigma": [[0.007922180737622082, -0.00637658799431203, -0.011487882578056656], [-0.00637658799431203, 0.008680849979504612, 0.009390266496731917], [-0.011487882578056654, 0.009390266496731917, 0.01729646151749113]], "chi2_level": 0.99, "chi2_df": 3, "chi2_threshold": 11.344866730144373, "N_raw": 37, "N_roi": 37, "N_inlier": 37, "refit": true}
{"timestamp": "14:13:06.951270", "frame": 5, "mu": [0.9578628927701606, 1.3558720463239173, 1.3246451495362146], "Sigma": [[0.008943780977909021, -0.006317644848671446, -0.01394212977996196], [-0.006317644848671446, 0.007232614732722663, 0.008790255242516426], [-0.01394212977996196, 0.008790255242516426, 0.026582795335127727]], "chi2_level": 0.99, "chi2_df": 3, "chi2_threshold": 11.344866730144373, "N_raw": 54, "N_roi": 54, "N_inlier": 53, "refit": true}
{"timestamp": "14:13:07.006742", "frame": 6, "mu": [0.9348556977208426, 1.4018689235112525, -0.6582730031909112], "Sigma": [[0.005785234257006381, -0.0010405382731612355, -0.0039267532513448215], [-0.0010405382731612357, 0.0022551420213936264, 0.003305806358499132], [-0.0039267532513448215, 0.003305806358499132, 0.046729767965274664]], "chi2_level": 0.99, "chi2_df": 3, "chi2_threshold": 11.344866730144373, "N_raw": 63, "N_roi": 63, "N_inlier": 60, "refit": true}
{"timestamp": "14:13:07.061242", "frame": 7, "mu": [0.8811767252025576, 1.4282847668080798, 1.395883563541818], "Sigma": [[0.005152691535115003, -0.0035002825875977556, -0.008496716763228097], [-0.0035002825875977556, 0.005092588941389969, 0.006453293383026016], [-0.008496716763228095, 0.006453293383026016, 0.03043749689790249]], "chi2_level": 0.99, "chi2_df": 3, "chi2_threshold": 11.344866730144373, "N_raw": 53, "N_roi": 53, "N_inlier": 49, "refit": true}
{"timestamp": "14:13:07.111048", "frame": 8, "mu": [0.9730504910257488, 1.2904176538791845, 0.9886652990437236], "Sigma": [[0.025229746810192574, -0.02170941990910304, -0.08690341445573302], [-0.02170941990910304, 0.021966316439688768, 0.07242615516390573], [-0.08690341445573302, 0.07242615516390573, 0.3066202129405253]], "chi2_level": 0.99, "chi2_df": 3, "chi2_threshold": 11.344866730144373, "N_raw": 15, "N_roi": 15, "N_inlier": 14, "refit": true}
{"timestamp": "14:13:07.173333", "frame": 9, "mu": [0.8669839720577652, 1.3715653163363857, 1.2764469262739206], "Sigma": [[0.004927131219240779, -0.00208514625669946, -0.005059455298582025], [-0.00208514625669946, 0.004045338539348363, 0.0006108662497882049], [-0.005059455298582024, 0.0006108662497882047, 0.03944213794688228]], "chi2_level": 0.99, "chi2_df": 3, "chi2_threshold": 11.344866730144373, "N_raw": 78, "N_roi": 78, "N_inlier": 73, "refit": true}
{"timestamp": "14:13:07.234946", "frame": 10, "mu": [0.9190440508313362, 1.2280599054033658, 0.7939962324943233], "Sigma": [[0.013926115653546838, -0.019172623604586367, -0.0590163944385373], [-0.019172623604586367, 0.032519900039852306, 0.09963022495296854], [-0.0590163944385373, 0.09963022495296854, 0.40408244190362846]], "chi2_level": 0.99, "chi2_df": 3, "chi2_threshold": 11.344866730144373, "N_raw": 110, "N_roi": 110, "N_inlier": 107, "refit": true}
{"timestamp": "14:13:07.286458", "frame": 11, "mu": [0.8356427419610478, 1.3395530077677882, 1.2068002256579087], "Sigma": [[0.006660356646846431, -0.0034481935590956244, -0.007097372688928063], [-0.0034481935590956244, 0.0032703638142934288, 0.0040162944529913034], [-0.007097372688928063, 0.0040162944529913034, 0.048715929087192626]], "chi2_level": 0.99, "chi2_df": 3, "chi2_threshold": 11.344866730144373, "N_raw": 91, "N_roi": 91, "N_inlier": 85, "refit": true}
{"timestamp": "14:13:07.341108", "frame": 12, "mu": [0.7856806424175572, 1.3484660952182983, 1.3369532501188757], "Sigma": [[0.006900674841833794, -0.003767867005685749, -0.009030167889881776], [-0.0037678670056857486, 0.006115082560764882, 0.002878298532187789], [-0.009030167889881775, 0.0028782985321877896, 0.0202856175392348]], "chi2_level": 0.99, "chi2_df": 3, "chi2_threshold": 11.344866730144373, "N_raw": 79, "N_roi": 79, "N_inlier": 72, "refit": true}
{"timestamp": "14:13:07.400112", "frame": 13, "mu": [0.6838117767129059, 1.2953035116116827, 0.8396594438974444], "Sigma": [[0.016148971340433478, 0.004176708858048025, 0.05483946098404447], [0.004176708858048025, 0.010092085009087098, 0.04735697756357327], [0.05483946098404448, 0.04735697756357327, 0.4311726840364585]], "chi2_level": 0.99, "chi2_df": 3, "chi2_threshold": 11.344866730144373, "N_raw": 111, "N_roi": 111, "N_inlier": 109, "refit": true}
{"timestamp": "14:13:07.448820", "frame": 14, "mu": [0.6850848110807329, 1.3138771198066408, 1.107972128583989], "Sigma": [[0.009656096740451736, -0.0005307059752044908, 0.016456012082126072], [-0.0005307059752044905, 0.00645663727753185, 0.026584792473204062], [0.016456012082126072, 0.026584792473204062, 0.23907092013290115]], "chi2_level": 0.99, "chi2_df": 3, "chi2_threshold": 11.344866730144373, "N_raw": 70, "N_roi": 70, "N_inlier": 68, "refit": true}
{"timestamp": "14:13:07.508748", "frame": 15, "mu": [0.6062900802980791, 1.4674654828125517, -0.1344189979022271], "Sigma": [[0.010377341119238567, -0.014434926236220884, 0.07776066553369618], [-0.014434926236220887, 0.032489939339969395, -0.16046708859330394], [0.07776066553369618, -0.16046708859330394, 1.1041643276082664]], "chi2_level": 0.99, "chi2_df": 3, "chi2_threshold": 11.344866730144373, "N_raw": 100, "N_roi": 100, "N_inlier": 96, "refit": true}
{"timestamp": "14:13:07.554079", "frame": 16, "mu": [0.6032355199032667, 1.149160956965881, 0.7460049010047869], "Sigma": [[0.013477503825551415, -0.01092410586665437, 0.015805915814997795], [-0.01092410586665437, 0.01592164723207052, -1.761684132291566e-05], [0.015805915814997795, -1.761684132291566e-05, 0.16004445921466498]], "chi2_level": 0.99, "chi2_df": 3, "chi2_threshold": 11.344866730144373, "N_raw": 34, "N_roi": 34, "N_inlier": 33, "refit": true}
{"timestamp": "14:13:07.612543", "frame": 17, "mu": [0.5224653720306658, 1.2724718669785386, 1.083424007118386], "Sigma": [[0.01380711670027051, -0.008505167272530378, 0.0019075238395592704], [-0.008505167272530378, 0.011655992387855677, 0.027982770627449374], [0.0019075238395592723, 0.027982770627449374, 0.2988536096394594]], "chi2_level": 0.99, "chi2_df": 3, "chi2_threshold": 11.344866730144373, "N_raw": 70, "N_roi": 70, "N_inlier": 69, "refit": true}
{"timestamp": "14:13:07.664550", "frame": 18, "mu": [0.46777651235851037, 1.263433719183735, 1.049120241910586], "Sigma": [[0.002760619943017558, -0.0005480662061442362, 0.0028581149736283044], [-0.0005480662061442362, 0.0017862022341673404, 0.004122784624798367], [0.002858114973628305, 0.004122784624798367, 0.09372455691699395]], "chi2_level": 0.99, "chi2_df": 3, "chi2_threshold": 11.344866730144373, "N_raw": 46, "N_roi": 46, "N_inlier": 42, "refit": true}
{"timestamp": "14:13:07.726882", "frame": 19, "mu": [0.459706324462526, 1.2931876366963868, 1.190728096664229], "Sigma": [[0.005049582942306083, -0.003433475339161128, -0.00955441414368828], [-0.0034334753391611276, 0.0054307987989298985, 0.005027124433541939], [-0.009554414143688282, 0.005027124433541939, 0.043576311935890254]], "chi2_level": 0.99, "chi2_df": 3, "chi2_threshold": 11.344866730144373, "N_raw": 93, "N_roi": 93, "N_inlier": 90, "refit": true}
{"timestamp": "14:13:07.781632", "frame": 20, "mu": [0.3788145335003805, 1.3144580454678843, 1.2824535978361555], "Sigma": [[0.0040722755602354815, -0.0004896000140302766, -0.0013417391230634928], [-0.0004896000140302766, 0.0037720870269907373, -0.003642077993351125], [-0.0013417391230634928, -0.003642077993351125, 0.023710893860142006]], "chi2_level": 0.99, "chi2_df": 3, "chi2_threshold": 11.344866730144373, "N_raw": 91, "N_roi": 91, "N_inlier": 87, "refit": true}
{"timestamp": "14:13:07.838905", "frame": 21, "mu": [0.30515278392098577, 1.3157650543437283, 1.0750350801703783], "Sigma": [[0.004642307671244965, -0.0022717424347241943, 0.008703492051910315], [-0.002271742434724194, 0.011115153696379406, 0.01622817416210559], [0.008703492051910316, 0.01622817416210559, 0.2691532722872961]], "chi2_level": 0.99, "chi2_df": 3, "chi2_threshold": 11.344866730144373, "N_raw": 101, "N_roi": 101, "N_inlier": 100, "refit": true}
{"timestamp": "14:13:07.886603", "frame": 22, "mu": [0.26667263569848143, 1.3544592766485088, 1.4500682475089972], "Sigma": [[0.003872795449203691, -0.0014503671888137818, -0.0026387414902836435], [-0.0014503671888137818, 0.004054877352858323, -0.0019103996580341074], [-0.0026387414902836435, -0.0019103996580341074, 0.005934323135918744]], "chi2_level": 0.99, "chi2_df": 3, "chi2_threshold": 11.344866730144373, "N_raw": 65, "N_roi": 65, "N_inlier": 62, "refit": true}
{"timestamp": "14:13:07.940422", "frame": 23, "mu": [0.27027055753322143, 1.3227880748041334, 1.2738217101877236], "Sigma": [[0.007855642992935718, -0.0009181594885686338, -0.014298061842770753], [-0.0009181594885686338, 0.0024585059032878704, -0.0017276374233631657], [-0.014298061842770755, -0.0017276374233631655, 0.08667913773847351]], "chi2_level": 0.99, "chi2_df": 3, "chi2_threshold": 11.344866730144373, "N_raw": 50, "N_roi": 50, "N_inlier": 47, "refit": true}
{"timestamp": "14:13:07.994866", "frame": 24, "mu": [0.13310948282703502, 1.2886752761521145, 0.5975273512507817], "Sigma": [[0.006502055077783178, -0.006156599130695973, 0.032897038299668384], [-0.006156599130695973, 0.010225580245988594, -0.05363632736247881], [0.03289703829966839, -0.05363632736247881, 0.448648724939135]], "chi2_level": 0.99, "chi2_df": 3, "chi2_threshold": 11.344866730144373, "N_raw": 50, "N_roi": 50, "N_inlier": 49, "refit": true}
{"timestamp": "14:13:08.053143", "frame": 25, "mu": [0.08410341606907382, 1.3842138061855311, 1.4994240841231037], "Sigma": [[0.00351061681402962, -0.0008176811715815673, -0.0006161529487315911], [-0.0008176811715815673, 0.006257025722390674, 0.0040029326980404725], [-0.0006161529487315911, 0.0040029326980404725, 0.024991200263913153]], "chi2_level": 0.99, "chi2_df": 3, "chi2_threshold": 11.344866730144373, "N_raw": 69, "N_roi": 69, "N_inlier": 65, "refit": true}
{"timestamp": "14:13:08.107253", "frame": 26, "mu": [0.047656073049577544, 1.3422395250181511, 1.4692317309437084], "Sigma": [[0.002914684362728215, -0.0007758685371414104, -0.0017869524280440972], [-0.0007758685371414104, 0.006403097912731443, -0.0003521916312052677], [-0.001786952428044097, -0.0003521916312052677, 0.00442369052311873]], "chi2_level": 0.99, "chi2_df": 3, "chi2_threshold": 11.344866730144373, "N_raw": 63, "N_roi": 63, "N_inlier": 58, "refit": true}
{"timestamp": "14:13:08.168748", "frame": 27, "mu": [-0.000414156946751744, 1.3308133127645723, 1.322324632950165], "Sigma": [[0.006693423178828843, -0.0010468561954663047, -0.006764628795199843], [-0.0010468561954663047, 0.006801078808516342, 0.0016409965480630709], [-0.006764628795199843, 0.001640996548063071, 0.0270133828066451]], "chi2_level": 0.99, "chi2_df": 3, "chi2_threshold": 11.344866730144373, "N_raw": 110, "N_roi": 110, "N_inlier": 105, "refit": true}
{"timestamp": "14:13:08.223824", "frame": 28, "mu": [-0.0510375017302467, 1.325154901468307, 1.1970178909599283], "Sigma": [[0.0052698985417912484, -0.0011797323830077516, -0.0018201463145143923], [-0.0011797323830077513, 0.003335638040839521, 0.004539567330368974], [-0.0018201463145143917, 0.004539567330368974, 0.05016657216172285]], "chi2_level": 0.99, "chi2_df": 3, "chi2_threshold": 11.344866730144373, "N_raw": 108, "N_roi": 108, "N_inlier": 103, "refit": true}
{"timestamp": "14:13:08.279298", "frame": 29, "mu": [-0.10568633612260277, 1.3450026881235553, 1.2950578724602535], "Sigma": [[0.005334519146926326, 0.001134173859021786, 0.0007855862336033111], [0.001134173859021786, 0.009736115064474986, 0.020754542421930484], [0.000785586233603311, 0.020754542421930484, 0.08858956066071212]], "chi2_level": 0.99, "chi2_df": 3, "chi2_threshold": 11.344866730144373, "N_raw": 106, "N_roi": 106, "N_inlier": 101, "refit": true}
{"timestamp": "14:13:08.333530", "frame": 30, "mu": [-0.15273118711554678, 1.4093006724950436, 1.3440396354949342], "Sigma": [[0.00475752788130266, 0.00038103886074457706, -0.0024325717071173782], [0.00038103886074457706, 0.007451555418967054, 0.0001209819177119965], [-0.0024325717071173782, 0.00012098191771199671, 0.044656976752689675]], "chi2_level": 0.99, "chi2_df": 3, "chi2_threshold": 11.344866730144373, "N_raw": 102, "N_roi": 102, "N_inlier": 99, "refit": true}
{"timestamp": "14:13:08.380328", "frame": 31, "mu": [-0.2360021255552658, 1.269317848929367, 1.001143496702877], "Sigma": [[0.0029826042639540936, -0.000435484412328638, 0.0067012408065280395], [-0.0004354844123286378, 0.00820499057309178, -0.005189507119167781], [0.0067012408065280395, -0.005189507119167782, 0.34039179542012404]], "chi2_level": 0.99, "chi2_df": 3, "chi2_threshold": 11.344866730144373, "N_raw": 52, "N_roi": 52, "N_inlier": 52, "refit": true}
{"timestamp": "14:13:08.445741", "frame": 32, "mu": [-0.2693003570709292, 1.4000203635551696, 1.2244306310822328], "Sigma": [[0.003664522724899762, -0.0015206504238809628, -0.004221021167849781], [-0.0015206504238809628, 0.013115460595526523, 0.013085700395693225], [-0.004221021167849782, 0.013085700395693223, 0.22635280186955073]], "chi2_level": 0.99, "chi2_df": 3, "chi2_threshold": 11.344866730144373, "N_raw": 99, "N_roi": 99, "N_inlier": 99, "refit": true}
{"timestamp": "14:13:08.497552", "frame": 33, "mu": [-0.31260406231947147, 1.4116386492240771, -0.17238483791681497], "Sigma": [[0.005013847509523596, -0.00013391283621074103, 0.03658531134487904], [-0.00013391283621074114, 0.010719321415793213, 0.008829831576697134], [0.03658531134487904, 0.008829831576697136, 0.5825234674853551]], "chi2_level": 0.99, "chi2_df": 3, "chi2_threshold": 11.344866730144373, "N_raw": 97, "N_roi": 97, "N_inlier": 96, "refit": true}
{"timestamp": "14:13:08.555562", "frame": 34, "mu": [-0.3772947925762306, 1.3691998351186696, 1.3301021084760682], "Sigma": [[0.0069181149399145875, 0.0029059959964192086, 0.0018733693399308124], [0.002905995996419208, 0.019567435280667213, 0.0039013121313639784], [0.0018733693399308124, 0.0039013121313639784, 0.003394263491997604]], "chi2_level": 0.99, "chi2_df": 3, "chi2_threshold": 11.344866730144373, "N_raw": 115, "N_roi": 115, "N_inlier": 111, "refit": true}
{"timestamp": "14:13:08.609113", "frame": 35, "mu": [-0.4324888021225363, 1.4090528759690812, 1.2764296246457438], "Sigma": [[0.004608196181172549, 0.00030758764838494, -0.0025023471308282226], [0.0003075876483849399, 0.011214029131052563, 0.007909397184902196], [-0.0025023471308282226, 0.007909397184902196, 0.06800228203530263]], "chi2_level": 0.99, "chi2_df": 3, "chi2_threshold": 11.344866730144373, "N_raw": 113, "N_roi": 113, "N_inlier": 109, "refit": true}
{"timestamp": "14:13:08.663124", "frame": 36, "mu": [-0.4809844151530851, 1.3320422709384396, 1.2078377950007289], "Sigma": [[0.005641197842379298, 0.0005650250652579471, -0.0029341769225962374], [0.0005650250652579471, 0.0062120370649502875, -0.0010796072721546346], [-0.0029341769225962374, -0.0010796072721546346, 0.024375417632356015]], "chi2_level": 0.99, "chi2_df": 3, "chi2_threshold": 11.344866730144373, "N_raw": 97, "N_roi": 97, "N_inlier": 93, "refit": true}
{"timestamp": "14:13:08.716168", "frame": 37, "mu": [-0.5034325363218514, 1.4564274475925347, 1.228128122243922], "Sigma": [[0.005912997616556061, 0.0037108336983470106, -0.005552465497122344], [0.0037108336983470106, 0.008951710177852143, 0.004502341045658397], [-0.005552465497122344, 0.004502341045658397, 0.05477763877252151]], "chi2_level": 0.99, "chi2_df": 3, "chi2_threshold": 11.344866730144373, "N_raw": 86, "N_roi": 85, "N_inlier": 82, "refit": true}
{"timestamp": "14:13:08.773956", "frame": 38, "mu": [-0.5415484365548451, 1.4898824368140655, 1.251588679820471], "Sigma": [[0.005511847384897228, 0.003459693569585397, -0.004344785752092599], [0.003459693569585397, 0.01554894801080119, -0.00244515402603992], [-0.004344785752092599, -0.00244515402603992, 0.02160688551283913]], "chi2_level": 0.99, "chi2_df": 3, "chi2_threshold": 11.344866730144373, "N_raw": 100, "N_roi": 99, "N_inlier": 93, "refit": true}
{"timestamp": "14:13:08.831340", "frame": 39, "mu": [-0.5833360327632001, 1.4569669094865787, 1.076973633212526], "Sigma": [[0.01298727969451217, 0.0027423950362769917, -0.03281909492906379], [0.0027423950362769917, 0.01176629511259149, -0.00807822428130104], [-0.032819094929063784, -0.008078224281301038, 0.14214896989536754]], "chi2_level": 0.99, "chi2_df": 3, "chi2_threshold": 11.344866730144373, "N_raw": 127, "N_roi": 127, "N_inlier": 124, "refit": true}
{"timestamp": "14:13:08.883478", "frame": 40, "mu": [-0.5690199625304904, 1.5437925930957077, 0.9256055909746954], "Sigma": [[0.010456598111789972, -0.003197078608692243, -0.04037366978788243], [-0.003197078608692243, 0.0070865243331812555, 0.01894643883197635], [-0.04037366978788243, 0.01894643883197635, 0.2854674988741337]], "chi2_level": 0.99, "chi2_df": 3, "chi2_threshold": 11.344866730144373, "N_raw": 105, "N_roi": 105, "N_inlier": 103, "refit": true}
{"timestamp": "14:13:08.944173", "frame": 41, "mu": [-0.687065965986811, 1.531667644353417, 0.9095425315058728], "Sigma": [[0.01823493875305558, 0.0033876481775514484, -0.051053163304005854], [0.003387648177551449, 0.0066399774395379104, -0.019107396550936476], [-0.051053163304005854, -0.019107396550936476, 0.2497053733301431]], "chi2_level": 0.99, "chi2_df": 3, "chi2_threshold": 11.344866730144373, "N_raw": 136, "N_roi": 136, "N_inlier": 133, "refit": true}
{"timestamp": "14:13:08.997662", "frame": 42, "mu": [-0.7392117786041151, 1.5613142589098659, 0.8435470718960179], "Sigma": [[0.015593719722319148, 0.002084992961757542, -0.04485482928970949], [0.0020849929617575425, 0.003935297894846088, -0.009636114888540704], [-0.04485482928970949, -0.009636114888540702, 0.2643416980501457]], "chi2_level": 0.99, "chi2_df": 3, "chi2_threshold": 11.344866730144373, "N_raw": 128, "N_roi": 128, "N_inlier": 125, "refit": true}
{"timestamp": "14:13:09.052055", "frame": 43, "mu": [-0.8196142732214403, 1.5948207021731486, 1.1097703904786773], "Sigma": [[0.011414318808030488, 0.003831898057599861, -0.025950588642964907], [0.003831898057599861, 0.006254642343387709, -0.026258790748809477], [-0.025950588642964907, -0.026258790748809477, 0.17048785740826286]], "chi2_level": 0.99, "chi2_df": 3, "chi2_threshold": 11.344866730144373, "N_raw": 124, "N_roi": 124, "N_inlier": 119, "refit": true}
{"timestamp": "14:13:09.104689", "frame": 44, "mu": [-0.8052373756534299, 1.6524531960985447, 1.1233749227048757], "Sigma": [[0.00870912028916911, 0.0016280554015543824, -0.003609636866382488], [0.0016280554015543824, 0.0035354408476492554, -0.01722204644585725], [-0.0036096368663824877, -0.01722204644585725, 0.17938664428508425]], "chi2_level": 0.99, "chi2_df": 3, "chi2_threshold": 11.344866730144373, "N_raw": 107, "N_roi": 107, "N_inlier": 105, "refit": true}
{"timestamp": "14:13:09.160376", "frame": 45, "mu": [-0.828000030236647, 1.676584167654173, 1.0761725256280832], "Sigma": [[0.00907084658879758, 0.0024879977557420736, 0.0037563670303584896], [0.002487997755742074, 0.0055579276814534135, -0.019016226771980484], [0.00375636703035849, -0.019016226771980484, 0.19120012741934955]], "chi2_level": 0.99, "chi2_df": 3, "chi2_threshold": 11.344866730144373, "N_raw": 114, "N_roi": 114, "N_inlier": 112, "refit": true}
{"timestamp": "14:13:09.205483", "frame": 46, "mu": [-0.8574627046153126, 1.6995004634682553, 1.1461414068170184], "Sigma": [[0.009288880431186837, 0.0025739577820395867, 0.007997153031977525], [0.0025739577820395867, 0.0026203874595531213, 0.003347870641974877], [0.007997153031977525, 0.003347870641974877, 0.10248031916439133]], "chi2_level": 0.99, "chi2_df": 3, "chi2_threshold": 11.344866730144373, "N_raw": 48, "N_roi": 48, "N_inlier": 45, "refit": true}
{"timestamp": "14:13:09.255382", "frame": 47, "mu": [-0.8436368036942344, 1.7593052293049223, 1.306669457673474], "Sigma": [[0.003470563351986175, -0.0016324248956840256, 0.018834603514572806], [-0.0016324248956840256, 0.004207174310129449, -0.01605994775834895], [0.018834603514572806, -0.01605994775834895, 0.1666280498660601]], "chi2_level": 0.99, "chi2_df": 3, "chi2_threshold": 11.344866730144373, "N_raw": 14, "N_roi": 14, "N_inlier": 12, "refit": true}
{"timestamp": "14:13:09.315019", "frame": 48, "mu": [-0.8246298082514408, 1.577609338803639, 0.47416956244190833], "Sigma": [[0.007712755794245242, -0.004758636425684365, -0.014563750957281848], [-0.004758636425684365, 0.01215597854975692, 0.02938054584529089], [-0.014563750957281848, 0.02938054584529089, 0.10886941014460104]], "chi2_level": 0.99, "chi2_df": 3, "chi2_threshold": 11.344866730144373, "N_raw": 46, "N_roi": 45, "N_inlier": 43, "refit": true}
{"timestamp": "14:13:09.373436", "frame": 49, "mu": [-0.9598005736697688, 1.844051450103475, 1.27801750574501], "Sigma": [[0.015070278982657552, 0.0026678001522725085, 0.00660437452360685], [0.0026678001522725085, 0.0053546853730503064, 0.01935115016191521], [0.006604374523606852, 0.01935115016191521, 0.11699377377576671]], "chi2_level": 0.99, "chi2_df": 3, "chi2_threshold": 11.344866730144373, "N_raw": 76, "N_roi": 76, "N_inlier": 75, "refit": true}
{"timestamp": "14:13:09.436137", "frame": 50, "mu": [-0.9506326902112197, 1.8762176128919092, 0.9919302041913067], "Sigma": [[0.01188059654933363, 0.0025505472710606377, 0.0007216657859582589], [0.0025505472710606377, 0.003805759273796382, 0.007597315341856792], [0.0007216657859582591, 0.007597315341856792, 0.10944372698300253]], "chi2_level": 0.99, "chi2_df": 3, "chi2_threshold": 11.344866730144373, "N_raw": 115, "N_roi": 115, "N_inlier": 114, "refit": true}
{"timestamp": "14:13:09.492609", "frame": 51, "mu": [-0.9038820688317187, 2.082925675919153, -0.3510407071132132], "Sigma": [[0.012663378857482725, 0.004343525293822411, 0.013635597888161285], [0.00434352529382241, 0.013310397871767838, -0.007396386386951434], [0.013635597888161285, -0.007396386386951434, 0.07364121522513425]], "chi2_level": 0.99, "chi2_df": 3, "chi2_threshold": 11.344866730144373, "N_raw": 120, "N_roi": 120, "N_inlier": 116, "refit": true}
{"timestamp": "14:13:09.544690", "frame": 52, "mu": [-0.9073494347844439, 2.003146666033434, 1.1752055648925148], "Sigma": [[0.014141410141539277, 0.0018403925185285705, -0.004287430502157405], [0.001840392518528571, 0.002867376239769406, -0.005818433529203775], [-0.004287430502157404, -0.005818433529203775, 0.058979289844726564]], "chi2_level": 0.99, "chi2_df": 3, "chi2_threshold": 11.344866730144373, "N_raw": 113, "N_roi": 113, "N_inlier": 109, "refit": true}
{"timestamp": "14:13:09.599895", "frame": 53, "mu": [-0.9163499848172579, 2.0305874417823833, 0.953053009282016], "Sigma": [[0.017073204368396655, 0.001830136132369032, 0.009065353459617884], [0.0018301361323690315, 0.0023973622362935087, -0.006431753153594785], [0.009065353459617884, -0.006431753153594785, 0.08127786179434299]], "chi2_level": 0.99, "chi2_df": 3, "chi2_threshold": 11.344866730144373, "N_raw": 110, "N_roi": 110, "N_inlier": 107, "refit": true}
{"timestamp": "14:13:09.657423", "frame": 54, "mu": [-1.0419754508922312, 2.0847698623706328, 0.8301114338349773], "Sigma": [[0.037232733771463467, 0.00022993494662624326, 0.040849324906685386], [0.00022993494662624326, 0.0018959433416276328, -0.0024974089042711905], [0.040849324906685386, -0.0024974089042711905, 0.12158712857146463]], "chi2_level": 0.99, "chi2_df": 3, "chi2_threshold": 11.344866730144373, "N_raw": 123, "N_roi": 123, "N_inlier": 122, "refit": true}
{"timestamp": "14:13:09.706693", "frame": 55, "mu": [-0.915488616721237, 2.151628235171087, 1.2507670432327966], "Sigma": [[0.011751416103351934, -0.0007457619566696525, -0.010684850689217554], [-0.0007457619566696527, 0.004549670247707838, -0.0048587545716222095], [-0.010684850689217552, -0.0048587545716222095, 0.02108923621087227]], "chi2_level": 0.99, "chi2_df": 3, "chi2_threshold": 11.344866730144373, "N_raw": 81, "N_roi": 81, "N_inlier": 74, "refit": true}
{"timestamp": "14:13:09.759542", "frame": 56, "mu": [-0.9003946836211187, 2.1636273891942177, 1.2598604059611926], "Sigma": [[0.01070993523228749, 0.002343637515436375, -0.0020513590131333802], [0.002343637515436375, 0.0054589329753690465, -0.003695168419674394], [-0.0020513590131333794, -0.003695168419674394, 0.01777224714693302]], "chi2_level": 0.99, "chi2_df": 3, "chi2_threshold": 11.344866730144373, "N_raw": 74, "N_roi": 74, "N_inlier": 70, "refit": true}
{"timestamp": "14:13:09.815779", "frame": 57, "mu": [-1.0010769210974413, 2.2169279513179028, 1.2706281876777221], "Sigma": [[0.015033872928892012, -0.0010279505372240243, 0.0016858450269150768], [-0.001027950537224024, 0.003026528022554762, -0.0035229358138995515], [0.0016858450269150768, -0.0035229358138995515, 0.0329301116121663]], "chi2_level": 0.99, "chi2_df": 3, "chi2_threshold": 11.344866730144373, "N_raw": 79, "N_roi": 79, "N_inlier": 74, "refit": true}
{"timestamp": "14:13:09.873202", "frame": 58, "mu": [-0.9981801841721448, 2.193475550104246, 0.8345178156389867], "Sigma": [[0.012653218438551299, -0.004373603323893113, -0.013499977339444809], [-0.004373603323893112, 0.007323368619289464, 0.030769378360800213], [-0.013499977339444809, 0.030769378360800216, 0.20866532447990038]], "chi2_level": 0.99, "chi2_df": 3, "chi2_threshold": 11.344866730144373, "N_raw": 100, "N_roi": 99, "N_inlier": 96, "refit": true}
{"timestamp": "14:13:09.925876", "frame": 59, "mu": [-0.936106481107689, 2.357148863310085, 1.1505662361696019], "Sigma": [[0.010428042941268834, 0.00036413370010043524, -0.011008957489468715], [0.0003641337001004353, 0.0028797673655367685, 0.0007829735177738927], [-0.011008957489468715, 0.000782973517773893, 0.1359829705233915]], "chi2_level": 0.99, "chi2_df": 3, "chi2_threshold": 11.344866730144373, "N_raw": 81, "N_roi": 81, "N_inlier": 78, "refit": true}
{"timestamp": "14:13:09.980781", "frame": 60, "mu": [-0.9952968613105381, 2.4397877645033867, 1.2202647094443584], "Sigma": [[0.014082468534826044, 0.0002311472892111337, -0.006329517939706732], [0.00023114728921113355, 0.001475791034365268, -0.001391559629585128], [-0.0063295179397067315, -0.0013915596295851279, 0.08680605917249995]], "chi2_level": 0.99, "chi2_df": 3, "chi2_threshold": 11.344866730144373, "N_raw": 84, "N_roi": 82, "N_inlier": 78, "refit": true}
{"timestamp": "14:13:10.038310", "frame": 61, "mu": [-0.9732719597875723, 2.4282634746247633, 1.0409887369849666], "Sigma": [[0.012211422061351508, 0.0009608389941940415, 0.001404174516848884], [0.0009608389941940416, 0.009429373666326131, 0.029476217102201684], [0.0014041745168488844, 0.029476217102201684, 0.2277651114044291]], "chi2_level": 0.99, "chi2_df": 3, "chi2_threshold": 11.344866730144373, "N_raw": 103, "N_roi": 103, "N_inlier": 102, "refit": true}
{"timestamp": "14:13:10.090448", "frame": 62, "mu": [-0.9718253782447083, 2.5070634416032296, 1.2117906251647066], "Sigma": [[0.00954788267417585, 6.800459663269348e-05, -0.005837281393199077], [6.800459663269343e-05, 0.008980599435641787, 0.015400253522418673], [-0.005837281393199077, 0.015400253522418673, 0.21643850011301197]], "chi2_level": 0.99, "chi2_df": 3, "chi2_threshold": 11.344866730144373, "N_raw": 83, "N_roi": 83, "N_inlier": 82, "refit": true}
{"timestamp": "14:13:10.138384", "frame": 63, "mu": [-1.0233251583593876, 2.5977767410263763, 0.9116355416886646], "Sigma": [[0.014198420104523048, -0.002796623261464219, 0.0196509074424875], [-0.002796623261464219, 0.0019711653731574953, -0.013339438095092502], [0.0196509074424875, -0.013339438095092502, 0.12355054477302493]], "chi2_level": 0.99, "chi2_df": 3, "chi2_threshold": 11.344866730144373, "N_raw": 34, "N_roi": 34, "N_inlier": 33, "refit": true}
{"timestamp": "14:13:10.196241", "frame": 64, "mu": [-1.0073747448568138, 2.6180530725337836, 0.9049871665612426], "Sigma": [[0.016224122787187413, -0.0030134254284373708, 0.03369336939221908], [-0.0030134254284373708, 0.003778045525671209, -0.019430726342386854], [0.03369336939221908, -0.01943072634238685, 0.17934038943467004]], "chi2_level": 0.99, "chi2_df": 3, "chi2_threshold": 11.344866730144373, "N_raw": 62, "N_roi": 60, "N_inlier": 59, "refit": true}
{"timestamp": "14:13:10.247661", "frame": 65, "mu": [-1.0654408402093294, 2.6354666407840597, 0.46607471064165484], "Sigma": [[0.015093943758460253, 0.0005520482891931185, 0.023736715751728456], [0.0005520482891931186, 0.0021081183793825904, -0.0020151460748732857], [0.023736715751728456, -0.0020151460748732857, 0.10683148923981581]], "chi2_level": 0.99, "chi2_df": 3, "chi2_threshold": 11.344866730144373, "N_raw": 28, "N_roi": 28, "N_inlier": 28, "refit": true}
{"timestamp": "14:13:10.306481", "frame": 66, "mu": [-1.0165280738823053, 2.746778521044983, 0.7561606532278614], "Sigma": [[0.016891731771562626, -0.002518637951229567, 0.03575715691485063], [-0.0025186379512295676, 0.00627104763124432, -0.01129242186364361], [0.03575715691485064, -0.01129242186364361, 0.18527567871792702]], "chi2_level": 0.99, "chi2_df": 3, "chi2_threshold": 11.344866730144373, "N_raw": 61, "N_roi": 61, "N_inlier": 61, "refit": true}
{"timestamp": "14:13:10.468671", "frame": 69, "mu": [-1.0844848570130168, 2.7754852635713987, 0.5894328582817115], "Sigma": [[0.015865196476052935, 0.0028444011843906207, 0.019604389943121216], [0.0028444011843906203, 0.00223748715347309, 0.008576295922618538], [0.019604389943121216, 0.008576295922618538, 0.11855238264592835]], "chi2_level": 0.99, "chi2_df": 3, "chi2_threshold": 11.344866730144373, "N_raw": 43, "N_roi": 43, "N_inlier": 41, "refit": true}
{"timestamp": "14:13:10.526794", "frame": 70, "mu": [-0.8736450683558418, 2.855751997241519, 1.1500632676311833], "Sigma": [[0.02224656700141517, -0.0008996312165859921, 0.023877295257004015], [-0.000899631216585992, 0.0033129074869075606, -0.004099109729820808], [0.02387729525700402, -0.004099109729820808, 0.10652472482493981]], "chi2_level": 0.99, "chi2_df": 3, "chi2_threshold": 11.344866730144373, "N_raw": 63, "N_roi": 63, "N_inlier": 62, "refit": true}
{"timestamp": "14:13:10.582398", "frame": 71, "mu": [-0.8552612972801992, 2.944148772878519, 1.1062399974918287], "Sigma": [[0.03260878934050137, -0.0015344779187393865, 0.042764360194125856], [-0.0015344779187393862, 0.001968233498179096, -0.002982016267189692], [0.042764360194125856, -0.002982016267189692, 0.1346877434398411]], "chi2_level": 0.99, "chi2_df": 3, "chi2_threshold": 11.344866730144373, "N_raw": 65, "N_roi": 65, "N_inlier": 64, "refit": true}
{"timestamp": "14:13:10.630907", "frame": 72, "mu": [-0.7574992919472694, 3.03364457285159, 1.318916251995569], "Sigma": [[0.008323070331922757, -0.0017654178534398466, 0.00011885342309435852], [-0.0017654178534398466, 0.0013499302440376623, -0.005221256139634213], [0.00011885342309435852, -0.005221256139634213, 0.04322227849297534]], "chi2_level": 0.99, "chi2_df": 3, "chi2_threshold": 11.344866730144373, "N_raw": 24, "N_roi": 24, "N_inlier": 22, "refit": true}
{"timestamp": "14:13:10.685947", "frame": 73, "mu": [-0.8421169965617041, 3.0637671904739174, 0.9603701452233286], "Sigma": [[0.007931371309377828, -0.005533116187142202, 0.01970997007662239], [-0.005533116187142202, 0.007921000944556307, -0.02866310660428345], [0.01970997007662239, -0.02866310660428345, 0.127594133932164]], "chi2_level": 0.99, "chi2_df": 3, "chi2_threshold": 11.344866730144373, "N_raw": 18, "N_roi": 18, "N_inlier": 17, "refit": true}
{"timestamp": "14:13:10.742725", "frame": 74, "mu": [-0.7098773776637026, 3.075453836509234, 1.2440506485317118], "Sigma": [[0.013502656268819552, -0.0019148073512739502, 0.015516293911407816], [-0.0019148073512739502, 0.00304797434444074, -0.011408438994752919], [0.015516293911407818, -0.011408438994752917, 0.08570689739300978]], "chi2_level": 0.99, "chi2_df": 3, "chi2_threshold": 11.344866730144373, "N_raw": 36, "N_roi": 36, "N_inlier": 35, "refit": true}
{"timestamp": "14:13:10.794686", "frame": 75, "mu": [-0.6879762175234507, 3.0662333539322852, 1.0955584605096425], "Sigma": [[0.00862151401643539, -0.0015923467628844164, 0.024821244424620366], [-0.0015923467628844164, 0.001655312459719884, -0.0031767922730684735], [0.024821244424620362, -0.003176792273068473, 0.18765023685592117]], "chi2_level": 0.99, "chi2_df": 3, "chi2_threshold": 11.344866730144373, "N_raw": 15, "N_roi": 15, "N_inlier": 15, "refit": true}
{"timestamp": "14:13:10.850422", "frame": 76, "mu": [-0.6673930364026037, 3.312501238571023, -0.2196677191803827], "Sigma": [[0.003905942626054559, -0.002435417978162469, 0.004460553722579984], [-0.00243541797816247, 0.026437237116314197, -0.06264228428736224], [0.004460553722579984, -0.06264228428736224, 0.16449250500876597]], "chi2_level": 0.99, "chi2_df": 3, "chi2_threshold": 11.344866730144373, "N_raw": 18, "N_roi": 16, "N_inlier": 16, "refit": true}
{"timestamp": "14:13:10.906139", "frame": 77, "mu": [-0.6049319480185654, 3.1533266062520275, 0.9896168825476895], "Sigma": [[0.006936484417718959, -0.0010895847964470856, 0.012744994997078419], [-0.0010895847964470856, 0.0024730881033281134, -0.014011842686757191], [0.012744994997078417, -0.014011842686757191, 0.18794343444693998]], "chi2_level": 0.99, "chi2_df": 3, "chi2_threshold": 11.344866730144373, "N_raw": 27, "N_roi": 27, "N_inlier": 26, "refit": true}
{"timestamp": "14:13:10.963476", "frame": 78, "mu": [-0.5881209716394311, 3.1785676528294395, 1.408631099650775], "Sigma": [[0.0138278138568356, 0.0006277161937880447, -0.00456145771271982], [0.0006277161937880446, 0.004618528815206485, -0.0037506264201889322], [-0.00456145771271982, -0.0037506264201889322, 0.04732969598155427]], "chi2_level": 0.99, "chi2_df": 3, "chi2_threshold": 11.344866730144373, "N_raw": 42, "N_roi": 42, "N_inlier": 38, "refit": true}
{"timestamp": "14:13:11.079901", "frame": 80, "mu": [-0.46399516118696943, 3.2943841475064155, -0.7656693141681912], "Sigma": [[0.020475290712417205, 0.015884926133517656, 0.033023571741879816], [0.015884926133517656, 0.04131275305484905, -0.022411367210713448], [0.03302357174187982, -0.022411367210713448, 0.5797529687551545]], "chi2_level": 0.99, "chi2_df": 3, "chi2_threshold": 11.344866730144373, "N_raw": 80, "N_roi": 76, "N_inlier": 74, "refit": true}
{"timestamp": "14:13:11.133325", "frame": 81, "mu": [-0.4589155505981642, 3.2784874948182594, -0.5521830859933626], "Sigma": [[0.015839320279692655, 0.004851991795733615, 0.032268920557396594], [0.004851991795733615, 0.010418722395051665, 0.013227799260006053], [0.032268920557396594, 0.013227799260006053, 0.14284858641633844]], "chi2_level": 0.99, "chi2_df": 3, "chi2_threshold": 11.344866730144373, "N_raw": 70, "N_roi": 70, "N_inlier": 67, "refit": true}
{"timestamp": "14:13:11.183177", "frame": 82, "mu": [-0.37286393909967364, 3.3490727523600357, 1.4126752930536366], "Sigma": [[0.013803021929503622, 0.0011075007590250607, -0.002517814736920711], [0.0011075007590250607, 0.0022535418414680267, -0.0021900466097416176], [-0.0025178147369207112, -0.0021900466097416176, 0.009497462716854617]], "chi2_level": 0.99, "chi2_df": 3, "chi2_threshold": 11.344866730144373, "N_raw": 37, "N_roi": 34, "N_inlier": 33, "refit": true}
{"timestamp": "14:13:11.238095", "frame": 83, "mu": [-0.27641754884938446, 3.2660259627697994, 1.2783748087794253], "Sigma": [[0.011998479555133414, -0.00043301864465048227, -0.00510864630600426], [-0.00043301864465048205, 0.0034001672436715473, -0.0010807775090871461], [-0.00510864630600426, -0.0010807775090871461, 0.00365283429675053]], "chi2_level": 0.99, "chi2_df": 3, "chi2_threshold": 11.344866730144373, "N_raw": 39, "N_roi": 39, "N_inlier": 37, "refit": true}
{"timestamp": "14:13:11.291456", "frame": 84, "mu": [-0.19324668820278645, 3.323853120854118, 1.16866265677655], "Sigma": [[0.012238394880912105, 0.0014264291137569068, -0.013057105928025826], [0.0014264291137569068, 0.007562307617137511, -0.029354971203694565], [-0.013057105928025824, -0.029354971203694565, 0.15528789464956874]], "chi2_level": 0.99, "chi2_df": 3, "chi2_threshold": 11.344866730144373, "N_raw": 30, "N_roi": 30, "N_inlier": 29, "refit": true}
{"timestamp": "14:13:11.344885", "frame": 85, "mu": [-0.2298446648008356, 3.366933619158925, 0.521709748465606], "Sigma": [[0.009336739855397558, 0.00012967769593272, 0.029793875818514975], [0.0001296776959327199, 0.009255481337135782, -0.04476513867169488], [0.02979387581851497, -0.04476513867169488, 0.44191529568044063]], "chi2_level": 0.99, "chi2_df": 3, "chi2_threshold": 11.344866730144373, "N_raw": 13, "N_roi": 11, "N_inlier": 10, "refit": true}
{"timestamp": "14:13:11.401381", "frame": 86, "mu": [-0.17673564361923333, 3.294861467176825, 1.2905871760496888], "Sigma": [[0.01197891944553199, -0.0004694701216989322, -0.005932323319260363], [-0.0004694701216989322, 0.00157490996442256, 0.0007538483579631205], [-0.005932323319260363, 0.0007538483579631205, 0.0036630301273705415]], "chi2_level": 0.99, "chi2_df": 3, "chi2_threshold": 11.344866730144373, "N_raw": 28, "N_roi": 28, "N_inlier": 24, "refit": true}
{"timestamp": "14:13:11.460134", "frame": 87, "mu": [-0.11485575820483504, 3.2828811098266546, 1.2121486895516946], "Sigma": [[0.014160663798382612, -0.0009336385831501707, -0.004030470930703248], [-0.0009336385831501707, 0.003942270294586305, -0.00029335762752239484], [-0.004030470930703248, -0.0002933576275223949, 0.002602514444201874]], "chi2_level": 0.99, "chi2_df": 3, "chi2_threshold": 11.344866730144373, "N_raw": 49, "N_roi": 49, "N_inlier": 45, "refit": true}
{"timestamp": "14:13:11.514084", "frame": 88, "mu": [-0.04413046255106835, 3.3145584279749527, 1.1000404909269546], "Sigma": [[0.012041319486738212, -0.0005806038873775431, -0.009564944885429333], [-0.0005806038873775433, 0.0035930610442581248, -0.0016442561736912497], [-0.009564944885429333, -0.0016442561736912495, 0.01053774666530879]], "chi2_level": 0.99, "chi2_df": 3, "chi2_threshold": 11.344866730144373, "N_raw": 45, "N_roi": 45, "N_inlier": 43, "refit": true}
{"timestamp": "14:13:11.568909", "frame": 89, "mu": [-0.0005444405484049323, 3.326735640723421, 1.2511602379385598], "Sigma": [[0.016464769493611132, 0.0008670370615708818, 0.0005743509918843347], [0.0008670370615708818, 0.004629900193843898, 0.004011441278375193], [0.0005743509918843348, 0.004011441278375192, 0.00411045696446343]], "chi2_level": 0.99, "chi2_df": 3, "chi2_threshold": 11.344866730144373, "N_raw": 42, "N_roi": 42, "N_inlier": 41, "refit": true}
