{"timestamp": "14:27:27.110915", "frame": 25, "mu": [-2.249244650633522, 0.782989062233194, 1.0166612857217552], "Sigma": [[0.0037059014217737723, 0.0029032078859668594, -0.0017718297274663308], [0.0029032078859668594, 0.006808168227373488, -0.002639876848372182], [-0.001771829727466331, -0.0026398768483721817, 0.002067734065096382]], "chi2_level": 0.99, "chi2_df": 3, "chi2_threshold": 11.344866730144373, "N_raw": 14, "N_roi": 14, "N_inlier": 14, "refit": true}
{"timestamp": "14:27:27.167233", "frame": 26, "mu": [-1.8098781191836861, 0.9130909957434262, -1.0340889239947084], "Sigma": [[2.0525878454664275, -0.06063080278253402, 0.03614733656571892], [-0.06063080278253402, 0.019614393824263283, -0.0043079773352473205], [0.036147336565718925, -0.0043079773352473205, 0.003562869065399558]], "chi2_level": 0.99, "chi2_df": 3, "chi2_threshold": 11.344866730144373, "N_raw": 20, "N_roi": 20, "N_inlier": 20, "refit": true}
{"timestamp": "14:27:27.224785", "frame": 27, "mu": [-2.2073808105554407, 0.9088838285472834, 1.0330651225253948], "Sigma": [[0.007673137658116694, 0.00596347344965572, 0.002639291765187188], [0.00596347344965572, 0.009274185272338071, 0.0010618508655070532], [0.002639291765187188, 0.0010618508655070532, 0.03226594888231407]], "chi2_level": 0.99, "chi2_df": 3, "chi2_threshold": 11.344866730144373, "N_raw": 31, "N_roi": 31, "N_inlier": 31, "refit": true}
{"timestamp": "14:27:27.282059", "frame": 28, "mu": [-2.241465201741682, 0.8445117959873881, 1.0485299015104166], "Sigma": [[0.010370602065621752, 0.012206684502447239, 0.00013687498029106657], [0.012206684502447239, 0.019589258960691754, -0.0063572279990827315], [0.00013687498029106674, -0.0063572279990827315, 0.019918643570478255]], "chi2_level": 0.99, "chi2_df": 3, "chi2_threshold": 11.344866730144373, "N_raw": 57, "N_roi": 57, "N_inlier": 56, "refit": true}
{"timestamp": "14:27:27.341833", "frame": 29, "mu": [-2.1888632828875667, 0.9082856222159498, 1.0393470686293034], "Sigma": [[0.015295022902175846, 0.0046345051229362945, 0.008682392950264893], [0.0046345051229362945, 0.026352085946581904, -0.024992371642192406], [0.008682392950264895, -0.024992371642192406, 0.046633355881108965]], "chi2_level": 0.99, "chi2_df": 3, "chi2_threshold": 11.344866730144373, "N_raw": 66, "N_roi": 66, "N_inlier": 64, "refit": true}
{"timestamp": "14:27:27.392868", "frame": 30, "mu": [-2.1079818770190113, 0.9832221138890836, 1.1759647093236671], "Sigma": [[0.006383397270042521, 0.002557303337795863, -0.005425769405835074], [0.002557303337795863, 0.018668201751979516, -0.0009530297971934265], [-0.005425769405835074, -0.0009530297971934261, 0.005613973188247194]], "chi2_level": 0.99, "chi2_df": 3, "chi2_threshold": 11.344866730144373, "N_raw": 38, "N_roi": 38, "N_inlier": 34, "refit": true}
{"timestamp": "14:27:27.447615", "frame": 31, "mu": [-2.166865772926868, 1.2283449340843082, -0.5195799194418255], "Sigma": [[0.008341828633940309, 0.01060910341553451, 8.278237535784354e-05], [0.010609103415534511, 0.019398496330347754, -0.008461939742528252], [8.278237535784333e-05, -0.008461939742528252, 0.014161058395021568]], "chi2_level": 0.99, "chi2_df": 3, "chi2_threshold": 11.344866730144373, "N_raw": 44, "N_roi": 44, "N_inlier": 43, "refit": true}
{"timestamp": "14:27:27.504791", "frame": 32, "mu": [-2.069298703693757, 1.0517960763225633, 1.2166577718025513], "Sigma": [[0.011636935692250808, 0.006190276205072764, -0.005906255100214943], [0.006190276205072763, 0.015450624165621216, -0.008858233205671816], [-0.005906255100214943, -0.008858233205671816, 0.006603253819061621]], "chi2_level": 0.99, "chi2_df": 3, "chi2_threshold": 11.344866730144373, "N_raw": 56, "N_roi": 56, "N_inlier": 56, "refit": true}
{"timestamp": "14:27:27.559571", "frame": 33, "mu": [-2.0053765196269016, 1.073374473376664, 1.0823580878915144], "Sigma": [[0.008545988707963326, 0.004246303791741429, -9.081406657103432e-05], [0.004246303791741429, 0.008170491256366898, -0.006172008531902844], [-9.081406657103448e-05, -0.0061720085319028435, 0.008191803124345138]], "chi2_level": 0.99, "chi2_df": 3, "chi2_threshold": 11.344866730144373, "N_raw": 54, "N_roi": 54, "N_inlier": 50, "refit": true}
{"timestamp": "14:27:27.616890", "frame": 34, "mu": [-1.9366576157548692, 1.1986258312496867, 1.2676014276814689], "Sigma": [[0.018341064202241485, 0.006833923774247935, -0.012900896718923057], [0.006833923774247935, 0.015668577529918126, -0.005592136321940026], [-0.012900896718923057, -0.005592136321940026, 0.009721445968561258]], "chi2_level": 0.99, "chi2_df": 3, "chi2_threshold": 11.344866730144373, "N_raw": 70, "N_roi": 70, "N_inlier": 68, "refit": true}
{"timestamp": "14:27:27.671181", "frame": 35, "mu": [-1.8762048850101112, 1.2407276052352438, 1.2482195197976353], "Sigma": [[0.012094706285335455, 0.007766537312440133, -0.009298748332828455], [0.007766537312440133, 0.016894016070042553, -0.007903495880770075], [-0.009298748332828455, -0.007903495880770075, 0.00793514832288057]], "chi2_level": 0.99, "chi2_df": 3, "chi2_threshold": 11.344866730144373, "N_raw": 62, "N_roi": 62, "N_inlier": 60, "refit": true}
{"timestamp": "14:27:27.719295", "frame": 36, "mu": [-1.8218921943190758, 1.2475377524555573, 1.199258186557272], "Sigma": [[0.0075454335225499285, 0.008600281255902294, -0.002968760476076129], [0.008600281255902292, 0.012481495990845758, -0.0071333427820024], [-0.002968760476076129, -0.0071333427820024, 0.007638694679790941]], "chi2_level": 0.99, "chi2_df": 3, "chi2_threshold": 11.344866730144373, "N_raw": 18, "N_roi": 18, "N_inlier": 17, "refit": true}
{"timestamp": "14:27:27.776312", "frame": 37, "mu": [-1.8560826215501687, 1.361360879243847, 1.3979704103420985], "Sigma": [[0.009647632778969321, 0.00675108159655312, -0.009275756012738584], [0.00675108159655312, 0.01427978220196706, -0.006056097619471757], [-0.009275756012738584, -0.006056097619471757, 0.009371226819062191]], "chi2_level": 0.99, "chi2_df": 3, "chi2_threshold": 11.344866730144373, "N_raw": 31, "N_roi": 31, "N_inlier": 30, "refit": true}
{"timestamp": "14:27:27.828037", "frame": 38, "mu": [-1.794634099719227, 1.4795907625938989, 1.5002602505703546], "Sigma": [[0.011074304466990975, 0.009397656723519197, -0.013883592828004852], [0.009397656723519198, 0.018394833665009915, -0.010292106449388468], [-0.013883592828004854, -0.010292106449388468, 0.018582850873398973]], "chi2_level": 0.99, "chi2_df": 3, "chi2_threshold": 11.344866730144373, "N_raw": 15, "N_roi": 15, "N_inlier": 15, "refit": true}
{"timestamp": "14:27:27.888022", "frame": 39, "mu": [-1.9064182584682128, 1.4595901888203984, 1.7248468231936145], "Sigma": [[0.01152186436386539, 0.00835362869647408, -0.0072753718928266296], [0.00835362869647408, 0.011071872900593987, -0.010271165786820387], [-0.0072753718928266296, -0.010271165786820385, 0.021128673764457612]], "chi2_level": 0.99, "chi2_df": 3, "chi2_threshold": 11.344866730144373, "N_raw": 49, "N_roi": 49, "N_inlier": 46, "refit": true}
{"timestamp": "14:27:27.947381", "frame": 40, "mu": [-1.7472282567993977, 1.564254128952695, 1.4938035381313493], "Sigma": [[0.024786104938629917, 0.014512018573584064, -0.018871458361779364], [0.014512018573584064, 0.016016907488279317, -0.010346749866617433], [-0.018871458361779364, -0.010346749866617435, 0.015084555600016834]], "chi2_level": 0.99, "chi2_df": 3, "chi2_threshold": 11.344866730144373, "N_raw": 73, "N_roi": 73, "N_inlier": 72, "refit": true}
{"timestamp": "14:27:27.999208", "frame": 41, "mu": [-1.5651210547309804, 1.7294932469936588, 1.3231467074366072], "Sigma": [[0.00792473424138077, 0.003691603330245331, -0.004464632462061189], [0.00369160333024533, 0.00579222475671426, -0.004828530968292813], [-0.004464632462061189, -0.004828530968292812, 0.031312683468841154]], "chi2_level": 0.99, "chi2_df": 3, "chi2_threshold": 11.344866730144373, "N_raw": 46, "N_roi": 46, "N_inlier": 42, "refit": true}
{"timestamp": "14:27:28.055686", "frame": 42, "mu": [-1.4859720691469822, 1.798307205839492, 1.3224904798650412], "Sigma": [[0.009914741742018717, 0.002520497259470007, -0.0045244613444440284], [0.0025204972594700067, 0.005898958535494305, -0.004435242582727346], [-0.0045244613444440284, -0.004435242582727346, 0.005063226862048486]], "chi2_level": 0.99, "chi2_df": 3, "chi2_threshold": 11.344866730144373, "N_raw": 59, "N_roi": 59, "N_inlier": 53, "refit": true}
{"timestamp": "14:27:28.114813", "frame": 43, "mu": [-1.5237296513384124, 1.88692559165683, 1.4395353914272049], "Sigma": [[0.03083276928701838, 0.012021738274845338, -0.031459158337052096], [0.01202173827484534, 0.014523806392354423, -0.019032187460178138], [-0.031459158337052096, -0.019032187460178138, 0.053301321019829144]], "chi2_level": 0.99, "chi2_df": 3, "chi2_threshold": 11.344866730144373, "N_raw": 86, "N_roi": 85, "N_inlier": 80, "refit": true}
{"timestamp": "14:27:28.160775", "frame": 44, "mu": [-1.40780893605547, 2.0249909937508175, 0.029251004595878278], "Sigma": [[0.012878665728709255, -0.0005420911737635822, -0.019910897370340113], [-0.0005420911737635819, 0.0025154932123558887, -0.00012578635321826293], [-0.019910897370340113, -0.00012578635321826282, 0.03613186332472846]], "chi2_level": 0.99, "chi2_df": 3, "chi2_threshold": 11.344866730144373, "N_raw": 26, "N_roi": 26, "N_inlier": 22, "refit": true}
{"timestamp": "14:27:28.218096", "frame": 45, "mu": [-1.2728416316059943, 2.0287157025563434, 1.0894665597902167], "Sigma": [[0.004900766594879276, 0.0003368906168960665, 0.0060178369458480235], [0.0003368906168960665, 0.0072462724263105864, 0.025099772631742744], [0.0060178369458480235, 0.025099772631742744, 0.22631933133753182]], "chi2_level": 0.99, "chi2_df": 3, "chi2_threshold": 11.344866730144373, "N_raw": 33, "N_roi": 33, "N_inlier": 32, "refit": true}
{"timestamp": "14:27:28.276177", "frame": 46, "mu": [-1.3480381180221075, 2.1390178104818784, 1.3202497378392999], "Sigma": [[0.009635913475952879, -0.001464604844162139, -0.012119373141936254], [-0.001464604844162139, 0.0065011591653846915, 0.018440565728907635], [-0.012119373141936254, 0.018440565728907635, 0.2506937183843726]], "chi2_level": 0.99, "chi2_df": 3, "chi2_threshold": 11.344866730144373, "N_raw": 63, "N_roi": 63, "N_inlier": 62, "refit": true}
{"timestamp": "14:27:28.334290", "frame": 47, "mu": [-1.1733384217573155, 2.1502213933050704, 1.1716774977535815], "Sigma": [[0.010180551530815197, 0.0005890117635005915, -0.0036351811970438356], [0.0005890117635005915, 0.004836778643943191, -0.007983696602883113], [-0.003635181197043836, -0.007983696602883113, 0.04735049908572243]], "chi2_level": 0.99, "chi2_df": 3, "chi2_threshold": 11.344866730144373, "N_raw": 74, "N_roi": 72, "N_inlier": 68, "refit": true}
{"timestamp": "14:27:28.388449", "frame": 48, "mu": [-1.2109913727177781, 2.3156209118999582, 1.0664230487952573], "Sigma": [[0.013762268352492548, 0.00504341301608314, -0.03713855411299574], [0.00504341301608314, 0.004397460413456951, -0.016479076674199893], [-0.03713855411299574, -0.016479076674199893, 0.3205363939685585]], "chi2_level": 0.99, "chi2_df": 3, "chi2_threshold": 11.344866730144373, "N_raw": 74, "N_roi": 73, "N_inlier": 71, "refit": true}
{"timestamp": "14:27:28.435958", "frame": 49, "mu": [-1.1372834875090638, 2.3027939734949014, 1.125464072194846], "Sigma": [[0.003895800343929965, -0.0010798197652648607, 0.009072239352420738], [-0.0010798197652648607, 0.0029652963208969744, -0.0026336603547065717], [0.009072239352420738, -0.0026336603547065717, 0.3625127556579864]], "chi2_level": 0.99, "chi2_df": 3, "chi2_threshold": 11.344866730144373, "N_raw": 22, "N_roi": 22, "N_inlier": 22, "refit": true}
{"timestamp": "14:27:28.491380", "frame": 50, "mu": [-1.0582402608649075, 2.352561461021528, 1.295100729876681], "Sigma": [[0.006628396975852391, 0.0018426477922166846, -0.013875074373941303], [0.0018426477922166848, 0.007960596836543954, -0.027166393533115063], [-0.013875074373941303, -0.027166393533115063, 0.1523835038074998]], "chi2_level": 0.99, "chi2_df": 3, "chi2_threshold": 11.344866730144373, "N_raw": 29, "N_roi": 29, "N_inlier": 27, "refit": true}
{"timestamp": "14:27:28.552544", "frame": 51, "mu": [-1.0406189597921003, 2.390009849039322, 1.1401684410181796], "Sigma": [[0.016533629140350975, -0.0006348281486424275, 0.016271255398617984], [-0.0006348281486424274, 0.006559035677338267, 0.009971010998602469], [0.016271255398617984, 0.009971010998602467, 0.2389764945747697]], "chi2_level": 0.99, "chi2_df": 3, "chi2_threshold": 11.344866730144373, "N_raw": 71, "N_roi": 69, "N_inlier": 67, "refit": true}
{"timestamp": "14:27:28.602984", "frame": 52, "mu": [-0.8514576303011008, 2.337768629531518, 0.7646462002848022], "Sigma": [[0.023439700408230568, 0.0003730532267860174, 0.015076960551988428], [0.0003730532267860175, 0.007599131190384154, -0.019315241972932305], [0.015076960551988428, -0.019315241972932305, 0.09200036548126911]], "chi2_level": 0.99, "chi2_df": 3, "chi2_threshold": 11.344866730144373, "N_raw": 35, "N_roi": 35, "N_inlier": 34, "refit": true}
{"timestamp": "14:27:28.663023", "frame": 53, "mu": [-0.9717650168816375, 2.6859704428874327, -0.5831195169807735], "Sigma": [[0.03821997260847597, -0.008737387715874456, 0.056108689391115005], [-0.008737387715874456, 0.006996064759034522, -0.024981949788953323], [0.056108689391115005, -0.024981949788953326, 0.16802900909242965]], "chi2_level": 0.99, "chi2_df": 3, "chi2_threshold": 11.344866730144373, "N_raw": 75, "N_roi": 75, "N_inlier": 73, "refit": true}
{"timestamp": "14:27:28.722171", "frame": 54, "mu": [-0.9591859667194615, 2.541214133465939, 0.8465034782853534], "Sigma": [[0.03694170345774468, 0.008436335086682066, 0.06391100789790194], [0.008436335086682067, 0.006761125100982591, 0.027290557099005637], [0.06391100789790194, 0.027290557099005637, 0.2708034604296612]], "chi2_level": 0.99, "chi2_df": 3, "chi2_threshold": 11.344866730144373, "N_raw": 102, "N_roi": 102, "N_inlier": 101, "refit": true}
{"timestamp": "14:27:28.773065", "frame": 55, "mu": [-0.8001642695416806, 2.6735273375289847, 0.9374109445436868], "Sigma": [[0.014950898412737763, -0.0037683670000074167, 0.02187226382472522], [-0.0037683670000074167, 0.002336535910847823, -0.009406869872640505], [0.02187226382472522, -0.009406869872640507, 0.19498592720249205]], "chi2_level": 0.99, "chi2_df": 3, "chi2_threshold": 11.344866730144373, "N_raw": 70, "N_roi": 70, "N_inlier": 68, "refit": true}
{"timestamp": "14:27:28.823637", "frame": 56, "mu": [-0.9399239265034516, 2.7764458142014785, 0.4811057511173914], "Sigma": [[0.015581888440828319, 3.397827072655407e-05, 0.01202995191840395], [3.3978270726553635e-05, 0.0009500114019890658, -0.0014298916507349648], [0.012029951918403954, -0.001429891650734965, 0.09340802519477]], "chi2_level": 0.99, "chi2_df": 3, "chi2_threshold": 11.344866730144373, "N_raw": 44, "N_roi": 44, "N_inlier": 42, "refit": true}
{"timestamp": "14:27:28.880143", "frame": 57, "mu": [-0.737775089273318, 2.765897003607416, 1.3734952589517473], "Sigma": [[0.010762997886809665, -0.0012046153664882413, -0.007270948046874023], [-0.0012046153664882413, 0.0040560192521769955, -0.001881997313790442], [-0.007270948046874022, -0.001881997313790442, 0.008398755047437796]], "chi2_level": 0.99, "chi2_df": 3, "chi2_threshold": 11.344866730144373, "N_raw": 58, "N_roi": 52, "N_inlier": 50, "refit": true}
{"timestamp": "14:27:28.937140", "frame": 58, "mu": [-0.6897347280872832, 2.8562891017189918, 1.5167133293696768], "Sigma": [[0.011343106963977218, -0.0014019751167504914, -0.007169944535532005], [-0.001401975116750491, 0.00637699316650227, -0.0004049100068654563], [-0.007169944535532005, -0.0004049100068654563, 0.006980307287673964]], "chi2_level": 0.99, "chi2_df": 3, "chi2_threshold": 11.344866730144373, "N_raw": 65, "N_roi": 62, "N_inlier": 58, "refit": true}
{"timestamp": "14:27:28.993076", "frame": 59, "mu": [-0.6329018506348798, 3.01753459976014, -0.07012109447628417], "Sigma": [[0.009245535948260981, 0.0016388772340728201, -0.0049528970364213], [0.0016388772340728201, 0.014253374585441386, -0.052868002377798415], [-0.0049528970364213, -0.052868002377798415, 0.26434433649872563]], "chi2_level": 0.99, "chi2_df": 3, "chi2_threshold": 11.344866730144373, "N_raw": 69, "N_roi": 64, "N_inlier": 62, "refit": true}
{"timestamp": "14:27:29.048757", "frame": 60, "mu": [-0.6281692495684691, 2.9927023934476638, 1.2366369983507115], "Sigma": [[0.015237660604484091, 0.0013644543071106695, -0.008460520731352856], [0.0013644543071106698, 0.004170532598883533, 0.005276023006710222], [-0.008460520731352856, 0.005276023006710222, 0.17141425880901281]], "chi2_level": 0.99, "chi2_df": 3, "chi2_threshold": 11.344866730144373, "N_raw": 80, "N_roi": 79, "N_inlier": 78, "refit": true}
{"timestamp": "14:27:29.201641", "frame": 61, "mu": [-0.6140757179045044, 3.0395970386911033, 1.5519152027070304], "Sigma": [[0.01561309370701048, -0.001421210208727583, -0.006163669702346526], [-0.001421210208727583, 0.006076965155806537, -0.005684249614944727], [-0.006163669702346526, -0.005684249614944727, 0.05473657001573527]], "chi2_level": 0.99, "chi2_df": 3, "chi2_threshold": 11.344866730144373, "N_raw": 64, "N_roi": 61, "N_inlier": 58, "refit": true}
{"timestamp": "14:27:29.213899", "frame": 62, "mu": [-0.5389296135995152, 3.156648178607541, 0.028362198949215628], "Sigma": [[0.013557751056586754, 0.0009820677265735274, 0.012035038953191957], [0.0009820677265735278, 0.007755814163702198, -0.008246061334948922], [0.012035038953191957, -0.008246061334948922, 0.36600430916599824]], "chi2_level": 0.99, "chi2_df": 3, "chi2_threshold": 11.344866730144373, "N_raw": 81, "N_roi": 80, "N_inlier": 80, "refit": true}
{"timestamp": "14:27:29.241440", "frame": 63, "mu": [-0.5406611650011438, 3.1892786759581786, 1.2571947831961936], "Sigma": [[0.015669405265794373, 0.0018312031290775837, 0.0031855832506166495], [0.0018312031290775835, 0.01101259990824934, 0.03135999973217231], [0.0031855832506166503, 0.03135999973217231, 0.24735449433403894]], "chi2_level": 0.99, "chi2_df": 3, "chi2_threshold": 11.344866730144373, "N_raw": 70, "N_roi": 68, "N_inlier": 66, "refit": true}
{"timestamp": "14:27:29.278044", "frame": 64, "mu": [-0.4626386218035001, 3.234597095733301, 1.3109157346269233], "Sigma": [[0.01806820072641859, 0.0030293307423802217, 0.018989685604226453], [0.003029330742380222, 0.006867486494220189, 0.017369685822467257], [0.018989685604226453, 0.017369685822467257, 0.2638327685526169]], "chi2_level": 0.99, "chi2_df": 3, "chi2_threshold": 11.344866730144373, "N_raw": 78, "N_roi": 76, "N_inlier": 75, "refit": true}
{"timestamp": "14:27:29.314364", "frame": 65, "mu": [-0.43667550359787566, 3.3322698145884395, 1.0462309940428884], "Sigma": [[0.004195672871396068, -0.0029402519364585956, 0.004325452929458378], [-0.0029402519364585956, 0.004000730380233727, -0.013825714117031193], [0.004325452929458378, -0.013825714117031191, 0.35499765077264483]], "chi2_level": 0.99, "chi2_df": 3, "chi2_threshold": 11.344866730144373, "N_raw": 17, "N_roi": 16, "N_inlier": 16, "refit": true}
{"timestamp": "14:27:29.373882", "frame": 66, "mu": [-0.31722361529239684, 3.3620708341959555, 1.0640015049552067], "Sigma": [[0.010830258312319508, -0.00017100460337893342, -0.006272813500368179], [-0.00017100460337893337, 0.0028929861041740077, -0.011356613112611014], [-0.006272813500368178, -0.011356613112611016, 0.2977469357857882]], "chi2_level": 0.99, "chi2_df": 3, "chi2_threshold": 11.344866730144373, "N_raw": 52, "N_roi": 52, "N_inlier": 51, "refit": true}
{"timestamp": "14:27:29.430547", "frame": 67, "mu": [-0.28381544293850597, 3.4248042446054834, -0.9971445121198345], "Sigma": [[0.012770197262798344, 0.0022189593678501986, 0.042421309197382434], [0.0022189593678501986, 0.0060947160318633896, 0.009594456354364612], [0.04242130919738244, 0.009594456354364612, 0.41945793547146343]], "chi2_level": 0.99, "chi2_df": 3, "chi2_threshold": 11.344866730144373, "N_raw": 56, "N_roi": 56, "N_inlier": 55, "refit": true}
{"timestamp": "14:27:29.484011", "frame": 68, "mu": [-0.1975051034411977, 3.517520200321984, 1.3897732060460375], "Sigma": [[0.0119086140100981, -0.002848270951319871, -0.006994896159970011], [-0.002848270951319871, 0.005520907800124669, -0.015560767811874671], [-0.006994896159970011, -0.015560767811874671, 0.1525475015046967]], "chi2_level": 0.99, "chi2_df": 3, "chi2_threshold": 11.344866730144373, "N_raw": 41, "N_roi": 41, "N_inlier": 39, "refit": true}
{"timestamp": "14:27:29.544052", "frame": 69, "mu": [-0.1234351292516754, 3.4840853277669663, 1.29092991542041], "Sigma": [[0.021550146125165145, -0.008086464385878811, -0.003540979704070443], [-0.00808646438587881, 0.008346545267179874, -0.001598741946544183], [-0.003540979704070443, -0.001598741946544183, 0.03921576330461336]], "chi2_level": 0.99, "chi2_df": 3, "chi2_threshold": 11.344866730144373, "N_raw": 78, "N_roi": 78, "N_inlier": 75, "refit": true}
{"timestamp": "14:27:29.600816", "frame": 70, "mu": [-0.15068807026727205, 3.5263597123391732, 1.0616781352700486], "Sigma": [[0.024647081629539637, -0.0024356988918859644, 0.034400925193495406], [-0.0024356988918859636, 0.00657254589269471, 0.0003658707259154496], [0.03440092519349541, 0.00036587072591544995, 0.16989337674419197]], "chi2_level": 0.99, "chi2_df": 3, "chi2_threshold": 11.344866730144373, "N_raw": 90, "N_roi": 88, "N_inlier": 88, "refit": true}
{"timestamp": "14:27:29.651716", "frame": 71, "mu": [-0.0700765392217837, 3.5798521526622693, 1.2713386801489792], "Sigma": [[0.019677305251650304, -0.00018073033372386466, 0.01905816522492247], [-0.00018073033372386488, 0.006437001289615216, 0.01405827561242281], [0.01905816522492247, 0.01405827561242281, 0.17568640443228548]], "chi2_level": 0.99, "chi2_df": 3, "chi2_threshold": 11.344866730144373, "N_raw": 68, "N_roi": 68, "N_inlier": 68, "refit": true}
{"timestamp": "14:27:29.708541", "frame": 72, "mu": [-0.10784508066539167, 3.6755256658173563, 1.187354635743279], "Sigma": [[0.024028496581414097, -0.002256706255964921, 0.03961179169591121], [-0.002256706255964921, 0.0038719319663558655, -0.0071322747998695535], [0.03961179169591121, -0.0071322747998695535, 0.15966846449045216]], "chi2_level": 0.99, "chi2_df": 3, "chi2_threshold": 11.344866730144373, "N_raw": 74, "N_roi": 74, "N_inlier": 73, "refit": true}
{"timestamp": "14:27:29.758715", "frame": 73, "mu": [0.07887662283844876, 3.734572472284662, 1.5117786522745449], "Sigma": [[0.013012893964102547, -0.0033493172411867894, -0.00824923441817256], [-0.0033493172411867903, 0.004909617979684914, -0.0011877628362977532], [-0.00824923441817256, -0.001187762836297753, 0.016075362723624483]], "chi2_level": 0.99, "chi2_df": 3, "chi2_threshold": 11.344866730144373, "N_raw": 45, "N_roi": 44, "N_inlier": 42, "refit": true}
{"timestamp": "14:27:29.811131", "frame": 74, "mu": [0.14285419908904706, 3.78641431852926, 1.3261356736708212], "Sigma": [[0.008561922560320514, -0.0020136743237400352, 0.0004241362268223658], [-0.0020136743237400357, 0.0038431345993402448, -0.011750868000966221], [0.00042413622682236534, -0.011750868000966221, 0.05668266543146574]], "chi2_level": 0.99, "chi2_df": 3, "chi2_threshold": 11.344866730144373, "N_raw": 26, "N_roi": 24, "N_inlier": 23, "refit": true}
{"timestamp": "14:27:29.868388", "frame": 75, "mu": [0.11029107678819283, 3.8766247815223145, 0.36724536615658554], "Sigma": [[0.017212917455574742, 0.0002591319838121381, 0.019726804960547482], [0.00025913198381213805, 0.005717981977868536, -0.007411851843475303], [0.019726804960547482, -0.007411851843475303, 0.1170414088512457]], "chi2_level": 0.99, "chi2_df": 3, "chi2_threshold": 11.344866730144373, "N_raw": 45, "N_roi": 45, "N_inlier": 43, "refit": true}
{"timestamp": "14:27:29.923700", "frame": 76, "mu": [0.23020369501602103, 3.960210310709111, 0.25213229138577964], "Sigma": [[0.019653372560854098, 0.0004953577295453446, -0.009534155841485183], [0.0004953577295453444, 0.004784971911976106, -0.003511137915917345], [-0.009534155841485183, -0.003511137915917345, 0.012847112553210817]], "chi2_level": 0.99, "chi2_df": 3, "chi2_threshold": 11.344866730144373, "N_raw": 46, "N_roi": 46, "N_inlier": 43, "refit": true}
{"timestamp": "14:27:29.984952", "frame": 77, "mu": [0.25081397629627666, 3.9508954891931563, 1.1474636644750735], "Sigma": [[0.025458772509200582, -0.005319380325568004, -0.04080044364348549], [-0.005319380325568005, 0.004596141021753515, 0.012887388895886637], [-0.04080044364348549, 0.012887388895886639, 0.22919863653215342]], "chi2_level": 0.99, "chi2_df": 3, "chi2_threshold": 11.344866730144373, "N_raw": 84, "N_roi": 84, "N_inlier": 82, "refit": true}
{"timestamp": "14:27:30.032436", "frame": 78, "mu": [0.3197924979141578, 3.986797886936385, 1.0946785975854483], "Sigma": [[0.017557477195725243, -0.0018618738671497405, -0.007092605739789639], [-0.0018618738671497405, 0.0008244652875646566, -0.002190774616904898], [-0.007092605739789639, -0.002190774616904898, 0.029687639074403617]], "chi2_level": 0.99, "chi2_df": 3, "chi2_threshold": 11.344866730144373, "N_raw": 37, "N_roi": 37, "N_inlier": 36, "refit": true}
{"timestamp": "14:27:30.089669", "frame": 79, "mu": [0.30201612372319825, 4.081624136468753, 0.5788518122354428], "Sigma": [[0.02287658223000355, -0.0009875822991797574, -0.009329155572817407], [-0.0009875822991797574, 0.006950361185863573, -0.00759426604435502], [-0.009329155572817407, -0.007594266044355022, 0.02023101282099983]], "chi2_level": 0.99, "chi2_df": 3, "chi2_threshold": 11.344866730144373, "N_raw": 54, "N_roi": 53, "N_inlier": 52, "refit": true}
{"timestamp": "14:27:30.141438", "frame": 80, "mu": [0.32227294597631745, 4.154115398349403, 1.1698849502941338], "Sigma": [[0.012864044709660726, -6.167824909610362e-05, -0.002832034060620936], [-6.167824909610373e-05, 0.0012193542552587737, 0.0008288813773931083], [-0.002832034060620936, 0.0008288813773931083, 0.05824428149524577]], "chi2_level": 0.99, "chi2_df": 3, "chi2_threshold": 11.344866730144373, "N_raw": 29, "N_roi": 26, "N_inlier": 26, "refit": true}
{"timestamp": "14:27:30.197382", "frame": 81, "mu": [0.35098144088736616, 4.266746032225355, 0.44221946851207594], "Sigma": [[0.016170578801010804, -0.0007220588795362836, -0.008849544839039776], [-0.0007220588795362835, 0.004436451715971279, -0.0007696581514926758], [-0.008849544839039776, -0.0007696581514926761, 0.009321711543610169]], "chi2_level": 0.99, "chi2_df": 3, "chi2_threshold": 11.344866730144373, "N_raw": 38, "N_roi": 35, "N_inlier": 34, "refit": true}
{"timestamp": "14:27:30.303191", "frame": 83, "mu": [0.5272591640649769, 4.347722089145788, 1.3927167384031243], "Sigma": [[0.004366986874933928, -0.001489183194102422, -0.0018912723055628307], [-0.001489183194102422, 0.003209123390704173, -0.0026013530356236722], [-0.0018912723055628305, -0.0026013530356236727, 0.007299325243970354]], "chi2_level": 0.99, "chi2_df": 3, "chi2_threshold": 11.344866730144373, "N_raw": 10, "N_roi": 10, "N_inlier": 10, "refit": true}
{"timestamp": "14:27:30.415393", "frame": 85, "mu": [0.5907644422800171, 4.47633238087463, 1.0595999663109257], "Sigma": [[0.008444589980735849, 0.0004551276534415594, -0.012389722096825997], [0.00045512765344155943, 0.004721130771658264, -0.006453111022753427], [-0.012389722096825997, -0.006453111022753427, 0.06265403180051751]], "chi2_level": 0.99, "chi2_df": 3, "chi2_threshold": 11.344866730144373, "N_raw": 24, "N_roi": 21, "N_inlier": 21, "refit": true}
{"timestamp": "14:27:30.525567", "frame": 87, "mu": [0.6455055841536065, 4.574159200978269, 0.8687343562638352], "Sigma": [[0.010930230647251871, -0.004901035842779202, -0.001688123489463991], [-0.004901035842779203, 0.005680776803156711, -0.004561249406600734], [-0.0016881234894639912, -0.004561249406600734, 0.061745283865621045]], "chi2_level": 0.99, "chi2_df": 3, "chi2_threshold": 11.344866730144373, "N_raw": 24, "N_roi": 22, "N_inlier": 21, "refit": true}
{"timestamp": "14:27:30.636900", "frame": 89, "mu": [0.6999268981956297, 4.641234897859369, 1.103047189937604], "Sigma": [[0.019441553913716554, -0.003707298142180814, 0.011605869524287413], [-0.0037072981421808135, 0.0017318783594848757, -0.0038139983841050658], [0.011605869524287413, -0.0038139983841050658, 0.059058102044072906]], "chi2_level": 0.99, "chi2_df": 3, "chi2_threshold": 11.344866730144373, "N_raw": 37, "N_roi": 30, "N_inlier": 29, "refit": true}
{"timestamp": "14:27:30.689569", "frame": 90, "mu": [0.799716662198436, 4.609271544376541, 0.524861430359512], "Sigma": [[0.009237902232099887, -0.002556149289786171, -3.4652222887113178e-06], [-0.002556149289786171, 0.0028463884067875278, 0.0011802195664416145], [-3.4652222887113788e-06, 0.0011802195664416147, 0.0017014329316698963]], "chi2_level": 0.99, "chi2_df": 3, "chi2_threshold": 11.344866730144373, "N_raw": 18, "N_roi": 17, "N_inlier": 15, "refit": true}
{"timestamp": "14:27:30.800170", "frame": 92, "mu": [0.9317892904984786, 4.883970528762789, 1.2627941092384547], "Sigma": [[0.01646187775646881, -0.0030315761352235006, 0.0008094150202208838], [-0.0030315761352235006, 0.002327254213603425, -0.000422604056081202], [0.0008094150202208838, -0.000422604056081202, 8.31581979458264e-05]], "chi2_level": 0.99, "chi2_df": 3, "chi2_threshold": 11.344866730144373, "N_raw": 26, "N_roi": 23, "N_inlier": 21, "refit": true}
{"timestamp": "14:27:30.964649", "frame": 95, "mu": [1.1822524743878544, 4.937933264743672, 1.130307676530623], "Sigma": [[0.010526905050638599, -0.0011613493540128474, -0.024703165146969106], [-0.0011613493540128474, 0.0007977242842266147, 0.00028548741274980077], [-0.024703165146969106, 0.00028548741274980077, 0.07776546406397529]], "chi2_level": 0.99, "chi2_df": 3, "chi2_threshold": 11.344866730144373, "N_raw": 22, "N_roi": 12, "N_inlier": 12, "refit": true}
