{"timestamp": "14:12:06.609177", "frame": 1, "mu": [1.5556498356275754, 0.7482518270536144, 1.2902233160639935], "Sigma": [[0.004935462264318535, -0.003384399278147966, -0.003476353655462885], [-0.0033843992781479653, 0.008012804721930557, -0.000676963620076529], [-0.003476353655462885, -0.0006769636200765292, 0.0048695598823568125]], "chi2_level": 0.99, "chi2_df": 3, "chi2_threshold": 11.344866730144373, "N_raw": 35, "N_roi": 35, "N_inlier": 34, "refit": true}
{"timestamp": "14:12:06.663851", "frame": 2, "mu": [1.5471213933550607, 0.6964865304367067, 1.2637648283433591], "Sigma": [[0.004385871418228254, -0.0026951074331485942, -0.002137366339353462], [-0.0026951074331485947, 0.005017919016314191, -0.0005764112768385376], [-0.002137366339353462, -0.0005764112768385376, 0.0029801374364294567]], "chi2_level": 0.99, "chi2_df": 3, "chi2_threshold": 11.344866730144373, "N_raw": 24, "N_roi": 24, "N_inlier": 23, "refit": true}
{"timestamp": "14:12:06.717075", "frame": 3, "mu": [1.5299379284777945, 0.6202304620017673, 1.238415422366531], "Sigma": [[0.0037248306587110433, -0.0033574499091539264, -0.007305389211037445], [-0.0033574499091539264, 0.009935589137529545, 0.0027324056579131543], [-0.007305389211037445, 0.0027324056579131548, 0.019643281333171097]], "chi2_level": 0.99, "chi2_df": 3, "chi2_threshold": 11.344866730144373, "N_raw": 10, "N_roi": 10, "N_inlier": 10, "refit": true}
{"timestamp": "14:12:07.046882", "frame": 9, "mu": [1.2539804813916506, 0.7426215323505707, 1.3180299686557513], "Sigma": [[0.004942755438038196, -0.004428519207667966, -0.006040737683490903], [-0.004428519207667966, 0.006186780937520285, 0.0041669288104239305], [-0.006040737683490903, 0.00416692881042393, 0.009455172671266958]], "chi2_level": 0.99, "chi2_df": 3, "chi2_threshold": 11.344866730144373, "N_raw": 15, "N_roi": 15, "N_inlier": 13, "refit": true}
{"timestamp": "14:12:07.103887", "frame": 10, "mu": [1.1295695646159305, 0.9533881342587127, -0.4294067807947872], "Sigma": [[0.005317954797680502, -0.002438127647417749, -0.0025240868586497555], [-0.0024381276474177488, 0.0031036407280593085, 0.002653294030369167], [-0.002524086858649755, 0.0026532940303691664, 0.020893852349565728]], "chi2_level": 0.99, "chi2_df": 3, "chi2_threshold": 11.344866730144373, "N_raw": 27, "N_roi": 27, "N_inlier": 25, "refit": true}
{"timestamp": "14:12:07.160985", "frame": 11, "mu": [1.0742446265420844, 0.9329713313145012, 1.4805914458236125], "Sigma": [[0.004320485244793276, -0.0027078977902023297, -0.0024028372668109038], [-0.0027078977902023297, 0.0054125459405510645, 6.162997123795256e-05], [-0.0024028372668109033, 6.162997123795267e-05, 0.0021366818408865224]], "chi2_level": 0.99, "chi2_df": 3, "chi2_threshold": 11.344866730144373, "N_raw": 40, "N_roi": 40, "N_inlier": 39, "refit": true}
{"timestamp": "14:12:07.215576", "frame": 12, "mu": [1.025391640207393, 0.953918736698471, 1.4967371092486805], "Sigma": [[0.004705723806923028, -0.001382805645640295, -0.002352567279465871], [-0.001382805645640295, 0.0021218341198975775, -0.0004026717980078808], [-0.0023525672794658704, -0.0004026717980078808, 0.006424117936530222]], "chi2_level": 0.99, "chi2_df": 3, "chi2_threshold": 11.344866730144373, "N_raw": 40, "N_roi": 40, "N_inlier": 38, "refit": true}
{"timestamp": "14:12:07.272883", "frame": 13, "mu": [0.9841381958356066, 0.9505891776444678, 1.438378774612787], "Sigma": [[0.005959602230920531, -0.0022175850961892772, -0.004538587519747772], [-0.002217585096189277, 0.003344161824618475, -0.0002943984226581419], [-0.004538587519747772, -0.00029439842265814185, 0.005839861753036082]], "chi2_level": 0.99, "chi2_df": 3, "chi2_threshold": 11.344866730144373, "N_raw": 54, "N_roi": 54, "N_inlier": 50, "refit": true}
{"timestamp": "14:12:07.325796", "frame": 14, "mu": [0.9028849329491809, 0.9284919130731215, 1.492342792526729], "Sigma": [[0.003267211074568853, -0.00042282180422014267, -0.0014243965874616124], [-0.00042282180422014267, 0.00283285781544939, 0.0002159315316289836], [-0.0014243965874616129, 0.00021593153162898372, 0.003625944961688687]], "chi2_level": 0.99, "chi2_df": 3, "chi2_threshold": 11.344866730144373, "N_raw": 37, "N_roi": 36, "N_inlier": 34, "refit": true}
{"timestamp": "14:12:07.380328", "frame": 15, "mu": [0.86616467337759, 0.9521188250925238, 1.4870586643182977], "Sigma": [[0.0040486937675882585, -0.0014806910852134493, -0.0022462463606152967], [-0.0014806910852134493, 0.0029874868146034413, -0.000343888946792832], [-0.0022462463606152967, -0.00034388894679283205, 0.002226536476261071]], "chi2_level": 0.99, "chi2_df": 3, "chi2_threshold": 11.344866730144373, "N_raw": 41, "N_roi": 41, "N_inlier": 39, "refit": true}
{"timestamp": "14:12:07.438877", "frame": 16, "mu": [0.8404340490025369, 0.9411735891037795, 1.316722381227513], "Sigma": [[0.007244085108126497, -0.0010811537838249083, -0.01715316597491319], [-0.0010811537838249083, 0.0027067228208464598, 0.0010471828104324848], [-0.01715316597491319, 0.001047182810432485, 0.059672833885469095]], "chi2_level": 0.99, "chi2_df": 3, "chi2_threshold": 11.344866730144373, "N_raw": 61, "N_roi": 61, "N_inlier": 60, "refit": true}
{"timestamp": "14:12:07.492657", "frame": 17, "mu": [0.7698413749251423, 1.0670952435551986, -0.2642138984028491], "Sigma": [[0.0034097719155434473, 0.0011970627984852853, -0.0027178503427462506], [0.001197062798485285, 0.004533919274750214, -0.0008791727214579816], [-0.0027178503427462506, -0.0008791727214579817, 0.004185721493042377]], "chi2_level": 0.99, "chi2_df": 3, "chi2_threshold": 11.344866730144373, "N_raw": 45, "N_roi": 45, "N_inlier": 43, "refit": true}
{"timestamp": "14:12:07.549255", "frame": 18, "mu": [0.7669023626842679, 0.9193354817591038, 1.4416377531249325], "Sigma": [[0.006259852681959619, -0.0003497728038498758, -0.005399001319350073], [-0.00034977280384987586, 0.0028768002119353136, -0.000232683324968997], [-0.005399001319350073, -0.00023268332496899688, 0.007177178782400052]], "chi2_level": 0.99, "chi2_df": 3, "chi2_threshold": 11.344866730144373, "N_raw": 57, "N_roi": 57, "N_inlier": 55, "refit": true}
{"timestamp": "14:12:07.601277", "frame": 19, "mu": [0.7643662964922078, 0.8002691290630536, 1.05762359278289], "Sigma": [[0.007985141031011729, -0.0025181988307851925, 0.019470768788062878], [-0.002518198830785192, 0.0024753709321605304, 0.0029033592724820563], [0.019470768788062878, 0.0029033592724820563, 0.17351461557466116]], "chi2_level": 0.99, "chi2_df": 3, "chi2_threshold": 11.344866730144373, "N_raw": 35, "N_roi": 35, "N_inlier": 35, "refit": true}
{"timestamp": "14:12:07.659831", "frame": 20, "mu": [0.6620579323386978, 0.8660717878676535, 1.4052475944962122], "Sigma": [[0.003873367221832861, -0.0012038107973801337, -0.002868297256398769], [-0.0012038107973801337, 0.004524797189272535, -0.002062009775724985], [-0.002868297256398769, -0.002062009775724985, 0.005032600331060649]], "chi2_level": 0.99, "chi2_df": 3, "chi2_threshold": 11.344866730144373, "N_raw": 66, "N_roi": 66, "N_inlier": 62, "refit": true}
{"timestamp": "14:12:07.714322", "frame": 21, "mu": [0.58656732052802, 0.8631348387820682, 1.428680632702752], "Sigma": [[0.003510473167633468, -0.0009207093445680792, -0.005654774552088711], [-0.0009207093445680792, 0.0035415041694990363, 0.0015259771647544275], [-0.005654774552088711, 0.0015259771647544275, 0.020631724964781387]], "chi2_level": 0.99, "chi2_df": 3, "chi2_threshold": 11.344866730144373, "N_raw": 58, "N_roi": 58, "N_inlier": 54, "refit": true}
{"timestamp": "14:12:07.771023", "frame": 22, "mu": [0.5598019901833386, 0.8612645675004456, 1.3078289738132232], "Sigma": [[0.0041479962118732405, -0.0014025042231204925, -0.009630467764887652], [-0.0014025042231204923, 0.003971681565382439, -0.0002768674758950104], [-0.00963046776488765, -0.0002768674758950104, 0.05028701032687549]], "chi2_level": 0.99, "chi2_df": 3, "chi2_threshold": 11.344866730144373, "N_raw": 73, "N_roi": 73, "N_inlier": 72, "refit": true}
{"timestamp": "14:12:07.826356", "frame": 23, "mu": [0.5050588686601231, 0.8530005912908974, 1.432502844016993], "Sigma": [[0.00494664170915215, 0.000888194335950237, -0.0034999494027766302], [0.000888194335950237, 0.001907779987074245, -0.0026541665563622908], [-0.0034999494027766302, -0.0026541665563622908, 0.010004592421628591]], "chi2_level": 0.99, "chi2_df": 3, "chi2_threshold": 11.344866730144373, "N_raw": 73, "N_roi": 73, "N_inlier": 71, "refit": true}
{"timestamp": "14:12:07.879382", "frame": 24, "mu": [0.3984529316799012, 0.8830631413097703, 1.4586656908305056], "Sigma": [[0.001785987929156973, 0.0001877478616078335, -0.0011544190846536192], [0.0001877478616078335, 0.0033873579228047334, -0.003914404755287223], [-0.0011544190846536192, -0.003914404755287223, 0.009000164100562202]], "chi2_level": 0.99, "chi2_df": 3, "chi2_threshold": 11.344866730144373, "N_raw": 55, "N_roi": 55, "N_inlier": 51, "refit": true}
{"timestamp": "14:12:07.934432", "frame": 25, "mu": [0.3634742424565513, 0.9875248637857834, -0.29413869086415223], "Sigma": [[0.003780970296157134, -0.0002746848596859954, -0.0007731643049119639], [-0.00027468485968599527, 0.0021459291562082976, -0.002715086837566447], [-0.0007731643049119639, -0.002715086837566447, 0.0055091286376007485]], "chi2_level": 0.99, "chi2_df": 3, "chi2_threshold": 11.344866730144373, "N_raw": 59, "N_roi": 59, "N_inlier": 54, "refit": true}
{"timestamp": "14:12:07.991998", "frame": 26, "mu": [0.3282375875328397, 0.8691630021269156, 1.3560594153445695], "Sigma": [[0.0052821237172061145, -0.0022332035736311938, -0.0054713433376583406], [-0.0022332035736311938, 0.0031576844186497156, 0.0017592758098114115], [-0.0054713433376583406, 0.0017592758098114115, 0.01613097828840656]], "chi2_level": 0.99, "chi2_df": 3, "chi2_threshold": 11.344866730144373, "N_raw": 82, "N_roi": 82, "N_inlier": 78, "refit": true}
{"timestamp": "14:12:08.037433", "frame": 27, "mu": [0.2520954346826626, 0.8795605369098829, 0.8015504035809177], "Sigma": [[0.0034926352501811544, 0.0017522879962506368, 0.008997967950714277], [0.0017522879962506368, 0.0031077744630338446, 0.009337776343937846], [0.008997967950714274, 0.009337776343937844, 0.4442539973365169]], "chi2_level": 0.99, "chi2_df": 3, "chi2_threshold": 11.344866730144373, "N_raw": 10, "N_roi": 10, "N_inlier": 10, "refit": true}
{"timestamp": "14:12:08.097234", "frame": 28, "mu": [0.19320439190367142, 0.9142189193747055, 1.3898135891046408], "Sigma": [[0.003296266092948775, 0.0007768984393970195, 0.013030046307382888], [0.0007768984393970195, 0.002998537839469653, 0.009068880087568941], [0.013030046307382888, 0.009068880087568943, 0.13265778625102]], "chi2_level": 0.99, "chi2_df": 3, "chi2_threshold": 11.344866730144373, "N_raw": 43, "N_roi": 43, "N_inlier": 40, "refit": true}
{"timestamp": "14:12:08.149992", "frame": 29, "mu": [0.14190068503592645, 0.8921661829059824, 1.3622425025077822], "Sigma": [[0.002505737680955299, -0.00016544646882831973, -0.02054187964931789], [-0.00016544646882831978, 0.0031894855071450193, 0.005690420264408209], [-0.02054187964931789, 0.005690420264408209, 0.21746000931121134]], "chi2_level": 0.99, "chi2_df": 3, "chi2_threshold": 11.344866730144373, "N_raw": 29, "N_roi": 26, "N_inlier": 24, "refit": true}
{"timestamp": "14:12:08.210194", "frame": 30, "mu": [0.06363019639694384, 0.9188197339043342, 1.4019796760853742], "Sigma": [[0.002287357016478594, -8.212606924263584e-05, -0.0009672223154995494], [-8.212606924263595e-05, 0.00259587899732649, -0.00021692030261277843], [-0.0009672223154995496, -0.00021692030261277832, 0.012333773511745272]], "chi2_level": 0.99, "chi2_df": 3, "chi2_threshold": 11.344866730144373, "N_raw": 74, "N_roi": 73, "N_inlier": 69, "refit": true}
{"timestamp": "14:12:08.263032", "frame": 31, "mu": [0.03360585446555863, 0.7881822147662065, 1.2619124610901862], "Sigma": [[0.002778188907544477, -0.0019102903549848681, -0.001994343355344981], [-0.0019102903549848681, 0.0036062573426035582, -8.11900445586148e-05], [-0.001994343355344981, -8.119004455861475e-05, 0.002972818906294829]], "chi2_level": 0.99, "chi2_df": 3, "chi2_threshold": 11.344866730144373, "N_raw": 52, "N_roi": 52, "N_inlier": 50, "refit": true}
{"timestamp": "14:12:08.312940", "frame": 32, "mu": [-0.02711185608744648, 0.7848360054218478, 1.2995237667173722], "Sigma": [[0.0009272305551680063, -0.001115658042332855, -0.00011767841164665895], [-0.0011156580423328547, 0.007877959648058168, -0.001353572903260128], [-0.00011767841164665895, -0.0013535729032601283, 0.0006358251803169481]], "chi2_level": 0.99, "chi2_df": 3, "chi2_threshold": 11.344866730144373, "N_raw": 17, "N_roi": 17, "N_inlier": 15, "refit": true}
{"timestamp": "14:12:08.376300", "frame": 33, "mu": [-0.11660457956281182, 0.9060231193321021, 1.4092953275896662], "Sigma": [[0.0033054249535458555, -0.0020879077396485906, 0.0006954726163955114], [-0.0020879077396485906, 0.003941929543143412, -0.0027585920377739353], [0.0006954726163955114, -0.002758592037773935, 0.0024822614120489418]], "chi2_level": 0.99, "chi2_df": 3, "chi2_threshold": 11.344866730144373, "N_raw": 74, "N_roi": 74, "N_inlier": 71, "refit": true}
{"timestamp": "14:12:08.428007", "frame": 34, "mu": [-0.09467851773734416, 1.0375053215938634, -0.4303495286079493], "Sigma": [[0.0027056543122353375, -0.0007795359180889011, -0.0013767448235269726], [-0.000779535918088901, 0.0018930157287491004, -0.001296043625778663], [-0.0013767448235269726, -0.0012960436257786632, 0.002768323143973671]], "chi2_level": 0.99, "chi2_df": 3, "chi2_threshold": 11.344866730144373, "N_raw": 44, "N_roi": 44, "N_inlier": 43, "refit": true}
{"timestamp": "14:12:08.486343", "frame": 35, "mu": [-0.2226420404286048, 0.9930463766859021, -0.3183618965550338], "Sigma": [[0.002990695439313231, -0.0008248739910915533, 0.0001403227207551267], [-0.0008248739910915533, 0.0050891186493453805, -0.006269129560307387], [0.0001403227207551267, -0.006269129560307387, 0.015892603523458306]], "chi2_level": 0.99, "chi2_df": 3, "chi2_threshold": 11.344866730144373, "N_raw": 73, "N_roi": 71, "N_inlier": 65, "refit": true}
{"timestamp": "14:12:08.541162", "frame": 36, "mu": [-0.3294417232429335, 0.9245000674944339, 1.4907556361726575], "Sigma": [[0.0030230752351402385, -0.0019089014464599833, -0.0004918562864411731], [-0.0019089014464599833, 0.002903145806967383, -0.0014401535092529684], [-0.0004918562864411731, -0.0014401535092529684, 0.0031978366682344737]], "chi2_level": 0.99, "chi2_df": 3, "chi2_threshold": 11.344866730144373, "N_raw": 64, "N_roi": 60, "N_inlier": 56, "refit": true}
{"timestamp": "14:12:08.594568", "frame": 37, "mu": [-0.3542638263969543, 0.898045522925746, 1.50167424317247], "Sigma": [[0.0032504660474891927, -0.0004896298304437064, -0.0018026314230523612], [-0.0004896298304437064, 0.0019130269462324435, -0.0016857499756367097], [-0.0018026314230523614, -0.0016857499756367097, 0.0051197910933630094]], "chi2_level": 0.99, "chi2_df": 3, "chi2_threshold": 11.344866730144373, "N_raw": 60, "N_roi": 57, "N_inlier": 54, "refit": true}
{"timestamp": "14:12:08.644338", "frame": 38, "mu": [-0.4485186392758474, 0.8700267809275729, 1.4143405057013545], "Sigma": [[0.013723931989222386, -0.00390738093998374, 0.03919844440862165], [-0.00390738093998374, 0.003362365863357033, -0.015837925666465656], [0.03919844440862165, -0.015837925666465656, 0.14347443921941147]], "chi2_level": 0.99, "chi2_df": 3, "chi2_threshold": 11.344866730144373, "N_raw": 22, "N_roi": 22, "N_inlier": 21, "refit": true}
{"timestamp": "14:12:08.711201", "frame": 39, "mu": [-0.45949192347764617, 0.8357344289733029, 1.3999085189543599], "Sigma": [[0.004946877301105823, -0.001954433061007055, -0.004296400143187203], [-0.001954433061007055, 0.0017595318712388898, -0.0009344394625037336], [-0.004296400143187203, -0.0009344394625037336, 0.016418592208752733]], "chi2_level": 0.99, "chi2_df": 3, "chi2_threshold": 11.344866730144373, "N_raw": 103, "N_roi": 100, "N_inlier": 97, "refit": true}
{"timestamp": "14:12:08.761602", "frame": 40, "mu": [-0.49849857817780624, 0.8105158556636153, 1.3856597619619633], "Sigma": [[0.007707754733475272, 0.0008430844007199902, -0.007186558031441576], [0.0008430844007199901, 0.002833480718494398, -0.003317409961032729], [-0.007186558031441576, -0.003317409961032729, 0.015070230692617313]], "chi2_level": 0.99, "chi2_df": 3, "chi2_threshold": 11.344866730144373, "N_raw": 78, "N_roi": 78, "N_inlier": 71, "refit": true}
{"timestamp": "14:12:08.809917", "frame": 41, "mu": [-0.67446501469801, 0.7654659505723119, 1.2962419295425758], "Sigma": [[0.044233706835637404, 0.02146078851058284, -0.07273499017154854], [0.02146078851058284, 0.013513861750509946, -0.04924280757239202], [-0.07273499017154855, -0.04924280757239202, 0.23743318383226544]], "chi2_level": 0.99, "chi2_df": 3, "chi2_threshold": 11.344866730144373, "N_raw": 19, "N_roi": 18, "N_inlier": 18, "refit": true}
{"timestamp": "14:12:08.866547", "frame": 42, "mu": [-0.7583053292163936, 0.7939311031132109, 1.5041795391081247], "Sigma": [[0.030179569537007185, 0.0107256801506895, -0.028005168156086037], [0.0107256801506895, 0.00745553807410292, -0.017405383308039136], [-0.028005168156086037, -0.01740538330803914, 0.057417421036984564]], "chi2_level": 0.99, "chi2_df": 3, "chi2_threshold": 11.344866730144373, "N_raw": 41, "N_roi": 41, "N_inlier": 38, "refit": true}
{"timestamp": "14:12:08.918758", "frame": 43, "mu": [-0.8167912270039354, 0.7088360426112481, 1.5126273549564564], "Sigma": [[0.028656509263057798, 0.010100703826889056, -0.042575747470294814], [0.010100703826889056, 0.008831495378779813, -0.019504095798369023], [-0.042575747470294814, -0.019504095798369023, 0.0705945131137361]], "chi2_level": 0.99, "chi2_df": 3, "chi2_threshold": 11.344866730144373, "N_raw": 19, "N_roi": 18, "N_inlier": 16, "refit": true}
{"timestamp": "14:12:08.976580", "frame": 44, "mu": [-0.957256959430003, 0.705271594715154, 1.5145045103948602], "Sigma": [[0.02055782614736779, 0.003672682480740668, -0.030831199802842265], [0.0036726824807406687, 0.0034888481769170176, -0.010142760643577192], [-0.03083119980284227, -0.010142760643577192, 0.06280141144584175]], "chi2_level": 0.99, "chi2_df": 3, "chi2_threshold": 11.344866730144373, "N_raw": 41, "N_roi": 41, "N_inlier": 38, "refit": true}
{"timestamp": "14:12:09.032123", "frame": 45, "mu": [-1.0518779910914915, 0.7362189109568988, 1.6631820293352315], "Sigma": [[0.010003808726604908, 0.002501129631665993, -0.005966990956713172], [0.002501129631665993, 0.005306892048949015, -0.002877610537129458], [-0.005966990956713172, -0.002877610537129458, 0.005601867079605073]], "chi2_level": 0.99, "chi2_df": 3, "chi2_threshold": 11.344866730144373, "N_raw": 46, "N_roi": 46, "N_inlier": 42, "refit": true}
{"timestamp": "14:12:09.089085", "frame": 46, "mu": [-0.9386730035876476, 0.781757304991468, 1.3922902307781486], "Sigma": [[0.02234063409122205, 0.006334687157941802, -0.031719424819778075], [0.006334687157941802, 0.007075604931944362, -0.008606962416091213], [-0.03171942481977808, -0.008606962416091211, 0.07071625764147504]], "chi2_level": 0.99, "chi2_df": 3, "chi2_threshold": 11.344866730144373, "N_raw": 58, "N_roi": 58, "N_inlier": 52, "refit": true}
{"timestamp": "14:12:09.146499", "frame": 47, "mu": [-1.0756037582266709, 0.8090695331903974, -0.3532268445752792], "Sigma": [[0.016117299161397487, 0.006327328648745228, -0.012731195774566446], [0.006327328648745228, 0.0139634536817859, -0.004143650901685399], [-0.012731195774566446, -0.004143650901685398, 0.013128678651566972]], "chi2_level": 0.99, "chi2_df": 3, "chi2_threshold": 11.344866730144373, "N_raw": 73, "N_roi": 73, "N_inlier": 70, "refit": true}
{"timestamp": "14:12:09.202195", "frame": 48, "mu": [-1.0868725743645091, 0.6904592095644391, 1.4041231228613904], "Sigma": [[0.010500139063267867, 0.003203650766271202, -0.006509509898031646], [0.003203650766271202, 0.010001782152274229, -0.003917548583946145], [-0.006509509898031645, -0.003917548583946145, 0.005807612420686139]], "chi2_level": 0.99, "chi2_df": 3, "chi2_threshold": 11.344866730144373, "N_raw": 82, "N_roi": 82, "N_inlier": 77, "refit": true}
{"timestamp": "14:12:09.258354", "frame": 49, "mu": [-1.119568629914218, 0.7205576044249604, 1.4238745230870833], "Sigma": [[0.010779246055257848, 0.008860597976256823, 0.0008458356319912383], [0.008860597976256825, 0.012556330672079197, -0.003798124387016874], [0.0008458356319912385, -0.0037981243870168734, 0.00879810007284102]], "chi2_level": 0.99, "chi2_df": 3, "chi2_threshold": 11.344866730144373, "N_raw": 79, "N_roi": 79, "N_inlier": 74, "refit": true}
{"timestamp": "14:12:09.308718", "frame": 50, "mu": [-1.2044566154239154, 0.8051925047882083, 1.4531700209889358], "Sigma": [[0.01417992877264039, 0.009914829363577543, -0.015517163560542252], [0.009914829363577543, 0.010687879100551382, -0.01952429405922002], [-0.015517163560542252, -0.019524294059220022, 0.05292560130291908]], "chi2_level": 0.99, "chi2_df": 3, "chi2_threshold": 11.344866730144373, "N_raw": 51, "N_roi": 51, "N_inlier": 49, "refit": true}
{"timestamp": "14:12:09.366771", "frame": 51, "mu": [-1.2430456846396047, 0.7764965397679986, 1.4190700314058886], "Sigma": [[0.01175986191264985, 0.008510248954842769, -0.0013699934655794013], [0.008510248954842769, 0.012459902785075196, -0.005141388107709666], [-0.0013699934655794011, -0.005141388107709666, 0.010030556605290534]], "chi2_level": 0.99, "chi2_df": 3, "chi2_threshold": 11.344866730144373, "N_raw": 81, "N_roi": 81, "N_inlier": 79, "refit": true}
{"timestamp": "14:12:09.420719", "frame": 52, "mu": [-1.268029691918614, 0.8240584185916833, 1.2524438082159954], "Sigma": [[0.010764874403743624, 0.010388899383953733, -0.028243726021051935], [0.010388899383953733, 0.014989632097024823, -0.0351743303295083], [-0.028243726021051935, -0.0351743303295083, 0.16508314564555904]], "chi2_level": 0.99, "chi2_df": 3, "chi2_threshold": 11.344866730144373, "N_raw": 67, "N_roi": 67, "N_inlier": 61, "refit": true}
{"timestamp": "14:12:09.480077", "frame": 53, "mu": [-1.3001903673088815, 0.7592343937928985, 1.3242484835420325], "Sigma": [[0.01311024144390644, 0.011464000400480928, -5.2878037733377096e-05], [0.011464000400480928, 0.01544301432449627, -0.004284572201377399], [-5.287803773337699e-05, -0.004284572201377399, 0.019523001616179855]], "chi2_level": 0.99, "chi2_df": 3, "chi2_threshold": 11.344866730144373, "N_raw": 96, "N_roi": 96, "N_inlier": 93, "refit": true}
{"timestamp": "14:12:09.531013", "frame": 54, "mu": [-1.4262183451621413, 0.8060741417173074, 1.3972406871715128], "Sigma": [[0.009650887522650154, 0.009192169500325052, 0.0011112311402314908], [0.009192169500325052, 0.019540241812234845, -0.00022546169549385038], [0.0011112311402314912, -0.0002254616954938506, 0.018209480901057905]], "chi2_level": 0.99, "chi2_df": 3, "chi2_threshold": 11.344866730144373, "N_raw": 68, "N_roi": 68, "N_inlier": 65, "refit": true}
{"timestamp": "14:12:09.589334", "frame": 55, "mu": [-1.4592411441625623, 0.8682735182838511, 1.1832232337620696], "Sigma": [[0.0162832110040323, 0.011975702301622822, 0.02593104213934755], [0.011975702301622822, 0.038589448416719116, -0.014926868307794139], [0.02593104213934755, -0.01492686830779414, 0.16466025092098405]], "chi2_level": 0.99, "chi2_df": 3, "chi2_threshold": 11.344866730144373, "N_raw": 91, "N_roi": 91, "N_inlier": 90, "refit": true}
{"timestamp": "14:12:09.641730", "frame": 56, "mu": [-1.448064299940126, 0.9603108585765389, 1.4750149077700334], "Sigma": [[0.012283837220126098, 0.009203167952281512, 0.0011902421361940805], [0.009203167952281512, 0.00912383672355027, -0.004455209619401622], [0.0011902421361940805, -0.004455209619401622, 0.02190065711246624]], "chi2_level": 0.99, "chi2_df": 3, "chi2_threshold": 11.344866730144373, "N_raw": 74, "N_roi": 74, "N_inlier": 70, "refit": true}
{"timestamp": "14:12:09.700165", "frame": 57, "mu": [-1.5284822975347845, 0.9427055810830602, 1.3454752573423436], "Sigma": [[0.02032884171237363, 0.020064554033275016, 0.01323014626569688], [0.020064554033275013, 0.029237626470311584, 0.017995911825217557], [0.013230146265696881, 0.017995911825217557, 0.04422425431275366]], "chi2_level": 0.99, "chi2_df": 3, "chi2_threshold": 11.344866730144373, "N_raw": 95, "N_roi": 95, "N_inlier": 93, "refit": true}
{"timestamp": "14:12:09.754200", "frame": 58, "mu": [-1.5501788118638762, 1.0386401248054133, 1.4214065463272192], "Sigma": [[0.01814171576826208, 0.01028300619650269, 0.0026886111091756603], [0.01028300619650269, 0.011587045129254975, 0.002022115638598169], [0.00268861110917566, 0.0020221156385981684, 0.04305013983703776]], "chi2_level": 0.99, "chi2_df": 3, "chi2_threshold": 11.344866730144373, "N_raw": 91, "N_roi": 91, "N_inlier": 89, "refit": true}
{"timestamp": "14:12:09.808866", "frame": 59, "mu": [-1.589379702804957, 1.101055532235455, 1.4255014874191891], "Sigma": [[0.025952913111542464, 0.011859452134660975, -0.030805292668468022], [0.011859452134660973, 0.010308839070669021, -0.013549551914403005], [-0.030805292668468022, -0.013549551914403006, 0.10864464860670059]], "chi2_level": 0.99, "chi2_df": 3, "chi2_threshold": 11.344866730144373, "N_raw": 89, "N_roi": 89, "N_inlier": 88, "refit": true}
{"timestamp": "14:12:09.863791", "frame": 60, "mu": [-1.5794641537914098, 1.1942030498822707, 1.3909679020915695], "Sigma": [[0.012960811762962599, 0.007587262831251728, -0.008099292777991953], [0.007587262831251728, 0.010093351135718732, -0.011078532811907769], [-0.008099292777991955, -0.011078532811907769, 0.03339682379498241]], "chi2_level": 0.99, "chi2_df": 3, "chi2_threshold": 11.344866730144373, "N_raw": 92, "N_roi": 92, "N_inlier": 90, "refit": true}
{"timestamp": "14:12:09.919283", "frame": 61, "mu": [-1.647369805451617, 1.2492441509773848, 1.394778612169189], "Sigma": [[0.021706602577318976, 0.014208511291781304, -0.02285741122232703], [0.014208511291781304, 0.013302720577331995, -0.016667656190720574], [-0.02285741122232703, -0.016667656190720574, 0.11292623656937006]], "chi2_level": 0.99, "chi2_df": 3, "chi2_threshold": 11.344866730144373, "N_raw": 92, "N_roi": 92, "N_inlier": 91, "refit": true}
{"timestamp": "14:12:09.970519", "frame": 62, "mu": [-1.7009717351934455, 1.2670356379933472, 1.552278723203001], "Sigma": [[0.009735319272711053, 0.00542020344162278, -0.009589856987980207], [0.00542020344162278, 0.010207016252652128, -0.018788400799609997], [-0.009589856987980207, -0.018788400799609997, 0.07221272916878912]], "chi2_level": 0.99, "chi2_df": 3, "chi2_threshold": 11.344866730144373, "N_raw": 63, "N_roi": 63, "N_inlier": 61, "refit": true}
{"timestamp": "14:12:10.026893", "frame": 63, "mu": [-1.695622157479106, 1.309759015086859, 1.491128492547941], "Sigma": [[0.01718409635156662, 0.011976788422869533, -0.0063907867017473415], [0.011976788422869533, 0.011802581362068491, -0.008254565289071635], [-0.0063907867017473415, -0.008254565289071635, 0.02670658587149643]], "chi2_level": 0.99, "chi2_df": 3, "chi2_threshold": 11.344866730144373, "N_raw": 72, "N_roi": 72, "N_inlier": 68, "refit": true}
{"timestamp": "14:12:10.083582", "frame": 64, "mu": [-1.7361300000909634, 1.3661399543715784, 1.5260611674474596], "Sigma": [[0.014351563127459126, 0.010836348430382213, -0.007688682126554654], [0.010836348430382213, 0.013778543688965842, -0.014992558367731676], [-0.007688682126554653, -0.014992558367731676, 0.031692740418959926]], "chi2_level": 0.99, "chi2_df": 3, "chi2_threshold": 11.344866730144373, "N_raw": 86, "N_roi": 86, "N_inlier": 82, "refit": true}
{"timestamp": "14:12:10.135858", "frame": 65, "mu": [-1.7103330101467065, 1.4108134285166392, 1.3376426025658423], "Sigma": [[0.01268574349138996, 0.006212690799351826, -0.010082694684584049], [0.006212690799351827, 0.008567103457483053, -0.01019769707046042], [-0.010082694684584049, -0.01019769707046042, 0.1775679539657614]], "chi2_level": 0.99, "chi2_df": 3, "chi2_threshold": 11.344866730144373, "N_raw": 65, "N_roi": 65, "N_inlier": 64, "refit": true}
{"timestamp": "14:12:10.191965", "frame": 66, "mu": [-1.8548200859446689, 1.4622735715428372, 1.6243863012817379], "Sigma": [[0.013478810989352318, 0.011808409900219108, -0.014602720679668325], [0.011808409900219108, 0.017152019410246994, -0.02812460251493277], [-0.014602720679668325, -0.02812460251493277, 0.07219772443401826]], "chi2_level": 0.99, "chi2_df": 3, "chi2_threshold": 11.344866730144373, "N_raw": 72, "N_roi": 72, "N_inlier": 67, "refit": true}
{"timestamp": "14:12:10.242310", "frame": 67, "mu": [-1.9045339765420723, 1.4516182438923881, 1.7263257930313674], "Sigma": [[0.018559878141607727, 0.01152538360760065, -0.015667797850497246], [0.011525383607600649, 0.01520717158807461, -0.0124844283377262], [-0.015667797850497246, -0.012484428337726198, 0.01572492217637053]], "chi2_level": 0.99, "chi2_df": 3, "chi2_threshold": 11.344866730144373, "N_raw": 48, "N_roi": 48, "N_inlier": 47, "refit": true}
{"timestamp": "14:12:10.297373", "frame": 68, "mu": [-1.929889571610034, 1.4751805572085992, 1.6491442648928358], "Sigma": [[0.02109865247113952, 0.013465150792630286, -0.01747063852618875], [0.01346515079263029, 0.01543328849381088, -0.01738854939733305], [-0.01747063852618875, -0.01738854939733305, 0.025916693237510433]], "chi2_level": 0.99, "chi2_df": 3, "chi2_threshold": 11.344866730144373, "N_raw": 50, "N_roi": 50, "N_inlier": 50, "refit": true}
{"timestamp": "14:12:10.351621", "frame": 69, "mu": [-2.0121454816786426, 1.5455785388346936, 1.5101749052207072], "Sigma": [[0.03877558761755426, 0.022198679544992148, -0.03535495006747748], [0.022198679544992148, 0.022211780981248676, -0.027746070223034294], [-0.03535495006747748, -0.027746070223034294, 0.06164093098240225]], "chi2_level": 0.99, "chi2_df": 3, "chi2_threshold": 11.344866730144373, "N_raw": 44, "N_roi": 44, "N_inlier": 42, "refit": true}
{"timestamp": "14:12:10.404790", "frame": 70, "mu": [-1.960178429108599, 1.6226627170409342, 1.7686139427317653], "Sigma": [[0.05701853422313603, 0.047544892333139535, -0.07583006122316492], [0.047544892333139535, 0.04501432621401957, -0.07449774581603966], [-0.07583006122316491, -0.07449774581603967, 0.2040407599756945]], "chi2_level": 0.99, "chi2_df": 3, "chi2_threshold": 11.344866730144373, "N_raw": 29, "N_roi": 29, "N_inlier": 28, "refit": true}
{"timestamp": "14:12:10.462730", "frame": 71, "mu": [-1.7940250084907046, 1.8143578235519087, 1.6325746294242176], "Sigma": [[0.0677707116289069, 0.05734670203754425, -0.05909731649275858], [0.057346702037544245, 0.05347065079560462, -0.05368692935026115], [-0.05909731649275858, -0.05368692935026115, 0.059280577971907375]], "chi2_level": 0.99, "chi2_df": 3, "chi2_threshold": 11.344866730144373, "N_raw": 57, "N_roi": 57, "N_inlier": 54, "refit": true}
{"timestamp": "14:12:10.512284", "frame": 72, "mu": [-1.9416197126115202, 1.8444153643968713, 1.4943868572321595], "Sigma": [[0.06270392105031142, 0.04140178659770923, -0.035134324562724896], [0.041401786597709225, 0.0424589902567154, -0.06574251974635517], [-0.0351343245627249, -0.0657425197463552, 0.19662120957384363]], "chi2_level": 0.99, "chi2_df": 3, "chi2_threshold": 11.344866730144373, "N_raw": 17, "N_roi": 17, "N_inlier": 17, "refit": true}
{"timestamp": "14:12:10.572403", "frame": 73, "mu": [-1.7885306747016645, 2.0411703097035963, 1.5413185466471717], "Sigma": [[0.0366829825969396, 0.031691128896030415, -0.03859559335379867], [0.03169112889603042, 0.032194618459411725, -0.03798533214233976], [-0.03859559335379867, -0.03798533214233976, 0.0543999857688762]], "chi2_level": 0.99, "chi2_df": 3, "chi2_threshold": 11.344866730144373, "N_raw": 46, "N_roi": 46, "N_inlier": 46, "refit": true}
{"timestamp": "14:12:10.627006", "frame": 74, "mu": [-1.7650204012492998, 2.1540576642734335, 1.3133619791398132], "Sigma": [[0.02926656997158565, 0.016875168818073973, 0.003122345539341191], [0.016875168818073973, 0.015612847514802597, -0.023175494781521915], [0.003122345539341191, -0.023175494781521915, 0.1675406467051223]], "chi2_level": 0.99, "chi2_df": 3, "chi2_threshold": 11.344866730144373, "N_raw": 43, "N_roi": 43, "N_inlier": 41, "refit": true}
{"timestamp": "14:12:10.680685", "frame": 75, "mu": [-1.7595172121804674, 2.198882445181235, 1.630741794981987], "Sigma": [[0.009937429768702209, 0.004873184360683676, -0.008583925667342375], [0.004873184360683676, 0.00627256058500402, -0.007213259520622333], [-0.008583925667342375, -0.007213259520622333, 0.015273786570391346]], "chi2_level": 0.99, "chi2_df": 3, "chi2_threshold": 11.344866730144373, "N_raw": 40, "N_roi": 40, "N_inlier": 38, "refit": true}
{"timestamp": "14:12:10.738152", "frame": 76, "mu": [-1.7505219571994735, 2.2803144406995175, 1.4678392329286354], "Sigma": [[0.010972481273255884, 0.004641107640695627, -0.009060518211112914], [0.004641107640695627, 0.003979074796777567, -0.010499566051281547], [-0.009060518211112914, -0.010499566051281547, 0.04812286527652772]], "chi2_level": 0.99, "chi2_df": 3, "chi2_threshold": 11.344866730144373, "N_raw": 52, "N_roi": 52, "N_inlier": 48, "refit": true}
{"timestamp": "14:12:10.795808", "frame": 77, "mu": [-1.753005144636056, 2.321175014932031, 1.2756511389903684], "Sigma": [[0.011288502164677935, 0.0048373984681395225, -0.00864927244141274], [0.0048373984681395225, 0.012197949391758502, 0.03344435543746863], [-0.00864927244141274, 0.03344435543746863, 0.2587339113340028]], "chi2_level": 0.99, "chi2_df": 3, "chi2_threshold": 11.344866730144373, "N_raw": 71, "N_roi": 71, "N_inlier": 65, "refit": true}
{"timestamp": "14:12:10.848914", "frame": 78, "mu": [-1.7617210636716067, 2.3963747910210826, 1.5845129688257553], "Sigma": [[0.01339900556317806, 0.005424554382614848, -0.018128920729389333], [0.0054245543826148485, 0.008007943711480474, -0.010147425094384467], [-0.018128920729389333, -0.010147425094384467, 0.12835319749925705]], "chi2_level": 0.99, "chi2_df": 3, "chi2_threshold": 11.344866730144373, "N_raw": 63, "N_roi": 63, "N_inlier": 62, "refit": true}
{"timestamp": "14:12:10.902767", "frame": 79, "mu": [-1.753884020841468, 2.472506568115701, 1.660467990820063], "Sigma": [[0.01113644131910834, 0.006273579490478368, -0.010652780260451298], [0.006273579490478368, 0.009228939104699633, -0.010706210952824445], [-0.010652780260451298, -0.010706210952824445, 0.02163174197882618]], "chi2_level": 0.99, "chi2_df": 3, "chi2_threshold": 11.344866730144373, "N_raw": 51, "N_roi": 50, "N_inlier": 47, "refit": true}
{"timestamp": "14:12:10.957678", "frame": 80, "mu": [-1.7890169927328308, 2.5518327260546103, 0.2517139863853458], "Sigma": [[0.0105348960752826, 0.008867957746633817, -0.009613296672538834], [0.008867957746633818, 0.019300326392327392, -0.021858238329147538], [-0.009613296672538834, -0.021858238329147538, 0.03944279084942394]], "chi2_level": 0.99, "chi2_df": 3, "chi2_threshold": 11.344866730144373, "N_raw": 53, "N_roi": 53, "N_inlier": 51, "refit": true}
{"timestamp": "14:12:11.010754", "frame": 81, "mu": [-1.7796686140759457, 2.6029422211863245, -0.15213852131387187], "Sigma": [[0.011160275931387515, 0.0057783967136511025, 0.018187777115297222], [0.0057783967136511025, 0.010014290494557071, 0.01096131518855667], [0.018187777115297222, 0.01096131518855667, 0.0855209077962884]], "chi2_level": 0.99, "chi2_df": 3, "chi2_threshold": 11.344866730144373, "N_raw": 39, "N_roi": 39, "N_inlier": 37, "refit": true}
{"timestamp": "14:12:11.064604", "frame": 82, "mu": [-1.888536941849679, 2.6548080099315032, 0.4723673296253783], "Sigma": [[0.01348702246147154, 0.004841371986374102, -0.001344296029414173], [0.004841371986374102, 0.003785627940477613, 0.003920303587421375], [-0.0013442960294141736, 0.003920303587421375, 0.09424716113921576]], "chi2_level": 0.99, "chi2_df": 3, "chi2_threshold": 11.344866730144373, "N_raw": 32, "N_roi": 31, "N_inlier": 30, "refit": true}
{"timestamp": "14:12:11.119511", "frame": 83, "mu": [-1.8322442181497045, 2.73630669512894, 0.6748670463864544], "Sigma": [[0.006177864675259537, 0.00181197072374983, 0.010273477539185965], [0.00181197072374983, 0.0030410083905690467, -0.0060171187615289876], [0.010273477539185966, -0.0060171187615289876, 0.18617907172455447]], "chi2_level": 0.99, "chi2_df": 3, "chi2_threshold": 11.344866730144373, "N_raw": 27, "N_roi": 26, "N_inlier": 26, "refit": true}
{"timestamp": "14:12:11.182098", "frame": 84, "mu": [-1.81139306258305, 2.8732614983822797, 0.015953895450064846], "Sigma": [[0.015434456783961483, -0.0035820978131822275, 0.02848095289236074], [-0.0035820978131822275, 0.025370119725348604, -0.06572444332333283], [0.02848095289236074, -0.06572444332333283, 0.23809345031064197]], "chi2_level": 0.99, "chi2_df": 3, "chi2_threshold": 11.344866730144373, "N_raw": 79, "N_roi": 79, "N_inlier": 78, "refit": true}
{"timestamp": "14:12:11.231145", "frame": 85, "mu": [-1.8099452689161064, 2.8874006409821957, 1.3058274179654223], "Sigma": [[0.011472453034214796, 0.0016655120829148565, 0.0059652893990479175], [0.0016655120829148565, 0.008932704812089508, -0.039426956569310855], [0.005965289399047916, -0.03942695656931085, 0.22430510127821585]], "chi2_level": 0.99, "chi2_df": 3, "chi2_threshold": 11.344866730144373, "N_raw": 37, "N_roi": 37, "N_inlier": 37, "refit": true}
{"timestamp": "14:12:11.338439", "frame": 87, "mu": [-1.831877712423296, 2.950381420516089, 0.8579229112819715], "Sigma": [[0.010838509006798124, 0.002301127874518747, 0.001321502541415534], [0.0023011278745187474, 0.001211849252925798, 0.002732423856129226], [0.0013215025414155335, 0.0027324238561292264, 0.08608096504919871]], "chi2_level": 0.99, "chi2_df": 3, "chi2_threshold": 11.344866730144373, "N_raw": 26, "N_roi": 26, "N_inlier": 25, "refit": true}
{"timestamp": "14:12:11.395173", "frame": 88, "mu": [-1.8511659978665436, 3.0386872841336388, 1.2027775751555176], "Sigma": [[0.018656749045814353, 0.004895786122366743, -0.004720488677384812], [0.004895786122366743, 0.002668927409284188, -0.004130664236856363], [-0.004720488677384812, -0.004130664236856363, 0.015310259695892073]], "chi2_level": 0.99, "chi2_df": 3, "chi2_threshold": 11.344866730144373, "N_raw": 35, "N_roi": 35, "N_inlier": 33, "refit": true}
{"timestamp": "14:12:11.451317", "frame": 89, "mu": [-1.8471609200125392, 3.1296197825406264, 0.9789274022662621], "Sigma": [[0.01816243523625546, 0.003720852261426256, 0.0014839788153194595], [0.003720852261426256, 0.002597203020525864, 0.004572034348826514], [0.0014839788153194597, 0.004572034348826514, 0.08616346571089856]], "chi2_level": 0.99, "chi2_df": 3, "chi2_threshold": 11.344866730144373, "N_raw": 45, "N_roi": 45, "N_inlier": 43, "refit": true}
{"timestamp": "14:12:11.507315", "frame": 90, "mu": [-1.4655709803472494, 3.1149623089225247, 1.0712795570458225], "Sigma": [[0.017754784657393236, 0.0017903401046584467, -0.013816935732341608], [0.0017903401046584471, 0.0030255547322986546, -0.004710872806205297], [-0.013816935732341608, -0.004710872806205297, 0.01827222132145544]], "chi2_level": 0.99, "chi2_df": 3, "chi2_threshold": 11.344866730144373, "N_raw": 52, "N_roi": 52, "N_inlier": 49, "refit": true}
{"timestamp": "14:12:11.556708", "frame": 91, "mu": [-1.6300263167358462, 3.2304996586048684, 1.1418243943424513], "Sigma": [[0.016944785785368344, -0.008599602911737964, 0.03392174226752967], [-0.008599602911737964, 0.006170476769299278, -0.022090487727550328], [0.03392174226752967, -0.022090487727550328, 0.09956440713571885]], "chi2_level": 0.99, "chi2_df": 3, "chi2_threshold": 11.344866730144373, "N_raw": 12, "N_roi": 12, "N_inlier": 12, "refit": true}
{"timestamp": "14:12:11.611921", "frame": 92, "mu": [-1.5572233221191885, 3.270979631420701, 1.2942823868062763], "Sigma": [[0.0029884722829195878, -0.00010653684987976431, 0.0005322723988420224], [-0.00010653684987976431, 0.0007033581511938389, -0.002493602005323175], [0.0005322723988420224, -0.002493602005323175, 0.010759516291067694]], "chi2_level": 0.99, "chi2_df": 3, "chi2_threshold": 11.344866730144373, "N_raw": 11, "N_roi": 11, "N_inlier": 10, "refit": true}
