{"timestamp": "13:57:48.678533", "frame": 44, "mu": [1.4657685231613249, 0.8242546214448756, 1.3069465859539313], "Sigma": [[0.001419511925292635, -0.00037232337183747485, -0.00029764786720669144], [-0.00037232337183747474, 0.009631035273670053, -0.0013439829542724246], [-0.00029764786720669144, -0.0013439829542724246, 0.0004429972220414048]], "chi2_level": 0.99, "chi2_df": 3, "chi2_threshold": 11.344866730144373, "N_raw": 10, "N_roi": 10, "N_inlier": 10, "refit": true}
{"timestamp": "13:57:48.901225", "frame": 48, "mu": [1.2979936546820963, 1.1094169386367727, 1.4412161919998017], "Sigma": [[0.004779819309116682, -0.0029724834511017065, 0.00039641357209265176], [-0.0029724834511017065, 0.00588530545463908, 0.0007279353425927275], [0.00039641357209265176, 0.0007279353425927275, 0.00042840135904433253]], "chi2_level": 0.99, "chi2_df": 3, "chi2_threshold": 11.344866730144373, "N_raw": 27, "N_roi": 27, "N_inlier": 24, "refit": true}
{"timestamp": "13:57:48.956194", "frame": 49, "mu": [1.2057272202919658, 1.1238905260737782, 1.1681148877368448], "Sigma": [[0.003228377864233827, -0.002497134195506868, 0.010832522953468548], [-0.002497134195506868, 0.00861664066140048, -0.018963671891802453], [0.010832522953468548, -0.018963671891802453, 0.1441871881949728]], "chi2_level": 0.99, "chi2_df": 3, "chi2_threshold": 11.344866730144373, "N_raw": 25, "N_roi": 25, "N_inlier": 24, "refit": true}
{"timestamp": "13:57:49.010991", "frame": 50, "mu": [1.1810473091073284, 1.1933880809130877, 1.17376347733252], "Sigma": [[0.006643144700642566, -0.00693211592427783, 0.022812329033928228], [-0.00693211592427783, 0.012043470258298368, -0.037065220665018855], [0.02281232903392823, -0.037065220665018855, 0.1694548515354804]], "chi2_level": 0.99, "chi2_df": 3, "chi2_threshold": 11.344866730144373, "N_raw": 26, "N_roi": 26, "N_inlier": 25, "refit": true}
{"timestamp": "13:57:49.068286", "frame": 51, "mu": [1.1676720846387134, 1.2990956806812246, -0.5007625853725504], "Sigma": [[0.004729501848368678, 0.00018902961247585598, -0.002894353166896934], [0.00018902961247585596, 0.006735977736571234, -0.0022705058165429374], [-0.0028943531668969343, -0.0022705058165429374, 0.003200557121134086]], "chi2_level": 0.99, "chi2_df": 3, "chi2_threshold": 11.344866730144373, "N_raw": 50, "N_roi": 50, "N_inlier": 47, "refit": true}
{"timestamp": "13:57:49.120305", "frame": 52, "mu": [1.0593667149293244, 1.1629965555985604, 1.2626803628286771], "Sigma": [[0.0015245337150585603, -0.0011874769777296503, -0.0008139448866727698], [-0.0011874769777296505, 0.0040198259229042655, 0.00014171771116807384], [-0.0008139448866727698, 0.00014171771116807384, 0.0007515636384840043]], "chi2_level": 0.99, "chi2_df": 3, "chi2_threshold": 11.344866730144373, "N_raw": 22, "N_roi": 20, "N_inlier": 18, "refit": true}
{"timestamp": "13:57:49.234174", "frame": 54, "mu": [1.031319819715301, 1.2208430372975883, 1.2471706035883312], "Sigma": [[0.004317575292076221, -0.001509732549475568, -0.0012554055131180132], [-0.001509732549475568, 0.004925239737782311, 5.2547338512546224e-05], [-0.0012554055131180132, 5.254733851254623e-05, 0.0006551989443946575]], "chi2_level": 0.99, "chi2_df": 3, "chi2_threshold": 11.344866730144373, "N_raw": 36, "N_roi": 36, "N_inlier": 35, "refit": true}
{"timestamp": "13:57:49.289893", "frame": 55, "mu": [0.9793561869251318, 1.2483826601228984, 1.20353800584568], "Sigma": [[0.005459652051747689, -0.0018729367446603618, -0.002910752592731003], [-0.001872936744660362, 0.003154839579027457, -0.0006130982820718954], [-0.002910752592731003, -0.0006130982820718954, 0.003293590568705317]], "chi2_level": 0.99, "chi2_df": 3, "chi2_threshold": 11.344866730144373, "N_raw": 43, "N_roi": 43, "N_inlier": 41, "refit": true}
{"timestamp": "13:57:49.346236", "frame": 56, "mu": [0.9629957873120039, 1.3364768280743404, 1.3041705128855914], "Sigma": [[0.006514573646644558, 0.0009623342080737919, 0.002598755953009333], [0.0009623342080737917, 0.014423237342621477, 0.012907085531648942], [0.002598755953009333, 0.012907085531648946, 0.015051327697059509]], "chi2_level": 0.99, "chi2_df": 3, "chi2_threshold": 11.344866730144373, "N_raw": 51, "N_roi": 51, "N_inlier": 50, "refit": true}
{"timestamp": "13:57:49.401454", "frame": 57, "mu": [0.9338318723407729, 1.3939292829395526, 1.2072567886524759], "Sigma": [[0.004859208613957162, -7.924654435608476e-05, 0.0003180756967737429], [-7.924654435608476e-05, 0.005282996335093017, -0.0010900427945334118], [0.00031807569677374294, -0.0010900427945334118, 0.0026760338884859215]], "chi2_level": 0.99, "chi2_df": 3, "chi2_threshold": 11.344866730144373, "N_raw": 48, "N_roi": 48, "N_inlier": 47, "refit": true}
{"timestamp": "13:57:49.514521", "frame": 59, "mu": [0.8915955827739801, 1.546378192925519, 0.9173078222373643], "Sigma": [[0.0075683270894331195, -0.00036559906436468836, -0.035139497449088744], [-0.00036559906436468826, 0.009688285511137746, -0.002899798225651516], [-0.035139497449088744, -0.0028997982256515147, 0.5011066688981425]], "chi2_level": 0.99, "chi2_df": 3, "chi2_threshold": 11.344866730144373, "N_raw": 72, "N_roi": 72, "N_inlier": 72, "refit": true}
{"timestamp": "13:57:49.569359", "frame": 60, "mu": [0.8750442907861997, 1.7663561767054932, -0.7720314247755156], "Sigma": [[0.00754658027996316, -0.001774591677217139, -0.017488660721707575], [-0.001774591677217139, 0.006944464000885547, -0.01072695914669183], [-0.017488660721707575, -0.01072695914669183, 0.21218464629466707]], "chi2_level": 0.99, "chi2_df": 3, "chi2_threshold": 11.344866730144373, "N_raw": 64, "N_roi": 64, "N_inlier": 62, "refit": true}
{"timestamp": "13:57:49.621401", "frame": 61, "mu": [0.8032121093167405, 1.5464890041440968, 1.086873999960619], "Sigma": [[0.004998683756213444, -0.0007307839029372596, -0.007849543078592668], [-0.0007307839029372597, 0.003136102982480341, 0.0004476156205785183], [-0.007849543078592668, 0.00044761562057851886, 0.10401667749213622]], "chi2_level": 0.99, "chi2_df": 3, "chi2_threshold": 11.344866730144373, "N_raw": 50, "N_roi": 50, "N_inlier": 47, "refit": true}
{"timestamp": "13:57:49.681582", "frame": 62, "mu": [0.7623503922604614, 1.6529163030945127, 1.186367001291627], "Sigma": [[0.0067077012184147975, -0.000584824366809173, -0.0018572756882291037], [-0.000584824366809173, 0.005979032658492439, -0.004903514956311394], [-0.0018572756882291037, -0.004903514956311393, 0.011924412882800729]], "chi2_level": 0.99, "chi2_df": 3, "chi2_threshold": 11.344866730144373, "N_raw": 82, "N_roi": 82, "N_inlier": 77, "refit": true}
{"timestamp": "13:57:49.733925", "frame": 63, "mu": [0.7558476215408934, 1.6410120745119663, 1.162389991243068], "Sigma": [[0.005436536316197795, 3.660233173212511e-05, -0.0014408795438378861], [3.660233173212522e-05, 0.0034486408697079777, -0.0031445923591956835], [-0.0014408795438378861, -0.0031445923591956835, 0.01891030493018194]], "chi2_level": 0.99, "chi2_df": 3, "chi2_threshold": 11.344866730144373, "N_raw": 63, "N_roi": 63, "N_inlier": 57, "refit": true}
{"timestamp": "13:57:49.790901", "frame": 64, "mu": [0.7006285587504433, 1.6847735014433844, 0.985712780638652], "Sigma": [[0.007632520629683853, 0.0007793808711976699, -0.01979114995927013], [0.0007793808711976695, 0.006435534961988264, 0.012212140956403281], [-0.019791149959270133, 0.01221214095640328, 0.35090217446742583]], "chi2_level": 0.99, "chi2_df": 3, "chi2_threshold": 11.344866730144373, "N_raw": 75, "N_roi": 75, "N_inlier": 75, "refit": true}
{"timestamp": "13:57:49.845026", "frame": 65, "mu": [0.6995266442598361, 1.776766440365474, 1.3207054626880392], "Sigma": [[0.00695432615914358, 0.0015990824268695026, 0.0006928174725233725], [0.0015990824268695026, 0.005289443451530331, -0.0003348199716326262], [0.0006928174725233725, -0.0003348199716326262, 0.02031509624335789]], "chi2_level": 0.99, "chi2_df": 3, "chi2_threshold": 11.344866730144373, "N_raw": 67, "N_roi": 67, "N_inlier": 63, "refit": true}
{"timestamp": "13:57:49.897863", "frame": 66, "mu": [0.6409040741036612, 1.8236836958298723, 1.0304503237539935], "Sigma": [[0.007584275520137895, 0.001182886081271677, -0.012422220480887518], [0.0011828860812716769, 0.0018859906609162127, 5.504542451072311e-05], [-0.012422220480887517, 5.504542451072311e-05, 0.12691720222768574]], "chi2_level": 0.99, "chi2_df": 3, "chi2_threshold": 11.344866730144373, "N_raw": 55, "N_roi": 55, "N_inlier": 53, "refit": true}
{"timestamp": "13:57:49.958203", "frame": 67, "mu": [0.5898147593341538, 1.834286704368022, 1.0664872869389836], "Sigma": [[0.006654899982189436, -0.0011198906148867866, 0.0009068043901476362], [-0.0011198906148867866, 0.003633050883103739, -0.00719796709806517], [0.0009068043901476362, -0.007197967098065169, 0.04467560639624875]], "chi2_level": 0.99, "chi2_df": 3, "chi2_threshold": 11.344866730144373, "N_raw": 90, "N_roi": 90, "N_inlier": 85, "refit": true}
{"timestamp": "13:57:50.007166", "frame": 68, "mu": [0.5078887547867834, 1.9063852343104224, 0.9768284600025242], "Sigma": [[0.004463800335487205, -0.002360889159598923, 0.002152932710270962], [-0.0023608891595989227, 0.014626389880069044, -0.039330282017975456], [0.002152932710270962, -0.03933028201797546, 0.13924802317733284]], "chi2_level": 0.99, "chi2_df": 3, "chi2_threshold": 11.344866730144373, "N_raw": 45, "N_roi": 41, "N_inlier": 39, "refit": true}
{"timestamp": "13:57:50.059270", "frame": 69, "mu": [0.5066524344327243, 1.9320688365247631, 1.0704478674918068], "Sigma": [[0.005027913204660583, -0.0024068951158500557, -0.009441754878432676], [-0.002406895115850056, 0.0031626674521050965, 0.00681656253954326], [-0.009441754878432674, 0.00681656253954326, 0.2880519309077507]], "chi2_level": 0.99, "chi2_df": 3, "chi2_threshold": 11.344866730144373, "N_raw": 31, "N_roi": 28, "N_inlier": 26, "refit": true}
{"timestamp": "13:57:50.113309", "frame": 70, "mu": [0.5406873819021685, 2.0618665841136874, 1.3755694218256946], "Sigma": [[0.009520405876472038, -0.0035322129529831697, 0.030332203088318306], [-0.0035322129529831697, 0.0036610718538405565, -0.018824649081852256], [0.03033220308831831, -0.01882464908185226, 0.1717748584091325]], "chi2_level": 0.99, "chi2_df": 3, "chi2_threshold": 11.344866730144373, "N_raw": 27, "N_roi": 27, "N_inlier": 25, "refit": true}
{"timestamp": "13:57:50.170283", "frame": 71, "mu": [0.5344021419574323, 2.0955853271076705, 0.9615813320409038], "Sigma": [[0.02389269827320631, -0.015123758711562917, -0.015281148546792358], [-0.01512375871156292, 0.01227025292416106, 0.0140457769555472], [-0.015281148546792358, 0.0140457769555472, 0.2857480624009043]], "chi2_level": 0.99, "chi2_df": 3, "chi2_threshold": 11.344866730144373, "N_raw": 39, "N_roi": 39, "N_inlier": 37, "refit": true}
{"timestamp": "13:57:50.228210", "frame": 72, "mu": [0.5328350726416472, 2.087134648382932, 0.8322331282164002], "Sigma": [[0.027611494354295017, -0.009501347505874008, -0.04575275957687623], [-0.00950134750587401, 0.005595004859693484, 0.015581252350869051], [-0.04575275957687623, 0.015581252350869048, 0.31263478054962346]], "chi2_level": 0.99, "chi2_df": 3, "chi2_threshold": 11.344866730144373, "N_raw": 61, "N_roi": 61, "N_inlier": 60, "refit": true}
{"timestamp": "13:57:50.284192", "frame": 73, "mu": [0.39211065321990834, 2.3152883353894804, -0.3729035199435678], "Sigma": [[0.03145518956104857, 0.014629909898671125, -0.0633043369889715], [0.014629909898671124, 0.012969361897349417, -0.04002360317091977], [-0.0633043369889715, -0.04002360317091977, 0.19305614484040584]], "chi2_level": 0.99, "chi2_df": 3, "chi2_threshold": 11.344866730144373, "N_raw": 71, "N_roi": 71, "N_inlier": 68, "refit": true}
{"timestamp": "13:57:50.334196", "frame": 74, "mu": [0.5080144137193674, 2.1410676607915256, 0.4850220944671827], "Sigma": [[0.023859202773628838, -0.006925296960269658, -0.06374681613263608], [-0.006925296960269658, 0.003176068972100539, 0.017345134405286886], [-0.0637468161326361, 0.017345134405286886, 0.19147246585130015]], "chi2_level": 0.99, "chi2_df": 3, "chi2_threshold": 11.344866730144373, "N_raw": 34, "N_roi": 32, "N_inlier": 31, "refit": true}
{"timestamp": "13:57:50.391420", "frame": 75, "mu": [0.38791526727391246, 2.249533613118408, 0.7729310925775211], "Sigma": [[0.01600574381414597, 0.0012792441315149041, -0.04451875223009665], [0.0012792441315149037, 0.002856992580744659, -0.011507749374736923], [-0.04451875223009665, -0.011507749374736923, 0.2131258246216239]], "chi2_level": 0.99, "chi2_df": 3, "chi2_threshold": 11.344866730144373, "N_raw": 50, "N_roi": 50, "N_inlier": 48, "refit": true}
{"timestamp": "13:57:50.453184", "frame": 76, "mu": [0.2627024867808038, 2.3147770328749284, 1.0114949110028053], "Sigma": [[0.029849654474433884, 0.004131653053019062, -0.07654331583234777], [0.004131653053019063, 0.005502863956645879, -0.014004467439980437], [-0.07654331583234777, -0.014004467439980437, 0.2749767349020729]], "chi2_level": 0.99, "chi2_df": 3, "chi2_threshold": 11.344866730144373, "N_raw": 91, "N_roi": 87, "N_inlier": 83, "refit": true}
{"timestamp": "13:57:50.504437", "frame": 77, "mu": [0.13624545068248897, 2.328128976737641, 1.320658564564856], "Sigma": [[0.008503598809992572, 0.0008151888710687715, 0.0017036018901873545], [0.0008151888710687719, 0.006516825104521632, -0.004342063269305997], [0.0017036018901873547, -0.004342063269305997, 0.015721705522594005]], "chi2_level": 0.99, "chi2_df": 3, "chi2_threshold": 11.344866730144373, "N_raw": 72, "N_roi": 72, "N_inlier": 68, "refit": true}
{"timestamp": "13:57:50.562243", "frame": 78, "mu": [0.13548916575684103, 2.3986624289504643, 1.321948193279969], "Sigma": [[0.009581208806036898, 0.002531960045947708, 0.0017796347078075003], [0.002531960045947707, 0.005138020345210125, -0.005160180174035432], [0.0017796347078075003, -0.005160180174035432, 0.0233755451506149]], "chi2_level": 0.99, "chi2_df": 3, "chi2_threshold": 11.344866730144373, "N_raw": 81, "N_roi": 79, "N_inlier": 75, "refit": true}
{"timestamp": "13:57:50.612781", "frame": 79, "mu": [0.14479452567196188, 2.481881871535841, 1.4414455811602007], "Sigma": [[0.008652400671468321, 0.00025243832651166147, -0.007630991738368524], [0.00025243832651166136, 0.002781309516556199, -0.001227499425020346], [-0.007630991738368524, -0.0012274994250203461, 0.028182149761391495]], "chi2_level": 0.99, "chi2_df": 3, "chi2_threshold": 11.344866730144373, "N_raw": 54, "N_roi": 54, "N_inlier": 49, "refit": true}
{"timestamp": "13:57:50.669719", "frame": 80, "mu": [0.0872018689451276, 2.515448987090551, 1.4319038892407863], "Sigma": [[0.010719892288302656, 0.00023353464914669568, -0.007427169095703847], [0.00023353464914669568, 0.0050988841154154495, -0.004663422373313605], [-0.007427169095703847, -0.004663422373313605, 0.013730189495493256]], "chi2_level": 0.99, "chi2_df": 3, "chi2_threshold": 11.344866730144373, "N_raw": 73, "N_roi": 73, "N_inlier": 68, "refit": true}
{"timestamp": "13:57:50.724328", "frame": 81, "mu": [0.02008672838827213, 2.562335159113867, 1.1996235302919933], "Sigma": [[0.010290802873497163, -0.0006753756199830341, 0.022990209775501584], [-0.0006753756199830341, 0.00544098462333823, 0.00851170500801952], [0.022990209775501588, 0.008511705008019522, 0.5043514667774743]], "chi2_level": 0.99, "chi2_df": 3, "chi2_threshold": 11.344866730144373, "N_raw": 65, "N_roi": 65, "N_inlier": 63, "refit": true}
{"timestamp": "13:57:50.775336", "frame": 82, "mu": [0.005107868818677142, 2.5436119108118453, 1.2758158337444365], "Sigma": [[0.014114515061112243, -0.004730250675184266, -0.04157661475143754], [-0.004730250675184266, 0.004166496072526275, 0.019391691511598332], [-0.04157661475143754, 0.019391691511598332, 0.2069513888035151]], "chi2_level": 0.99, "chi2_df": 3, "chi2_threshold": 11.344866730144373, "N_raw": 43, "N_roi": 43, "N_inlier": 39, "refit": true}
{"timestamp": "13:57:50.840627", "frame": 83, "mu": [-0.10185104221898121, 2.586224617011233, 0.92037732205072], "Sigma": [[0.01236190284117501, 0.0013404606766623853, -0.004190896254752526], [0.0013404606766623851, 0.015900999633611565, 0.007096095124289858], [-0.004190896254752528, 0.007096095124289856, 0.4196599052159268]], "chi2_level": 0.99, "chi2_df": 3, "chi2_threshold": 11.344866730144373, "N_raw": 113, "N_roi": 113, "N_inlier": 110, "refit": true}
{"timestamp": "13:57:50.892859", "frame": 84, "mu": [-0.14369250748193255, 2.645197426401273, 0.8063311392380477], "Sigma": [[0.011994023042824124, 0.0014479314525300301, 0.0410240639205976], [0.0014479314525300301, 0.0027135753574219234, 0.007173929289189405], [0.0410240639205976, 0.007173929289189405, 0.4303992440816576]], "chi2_level": 0.99, "chi2_df": 3, "chi2_threshold": 11.344866730144373, "N_raw": 81, "N_roi": 81, "N_inlier": 79, "refit": true}
{"timestamp": "13:57:50.952068", "frame": 85, "mu": [-0.155156250056724, 2.7133430268593672, 0.6554869589145822], "Sigma": [[0.01642954829207758, -0.0026235804870941744, 0.013407234506305207], [-0.0026235804870941744, 0.0036281503850770598, 0.0046218796965164476], [0.013407234506305207, 0.004621879696516446, 0.38126109565476257]], "chi2_level": 0.99, "chi2_df": 3, "chi2_threshold": 11.344866730144373, "N_raw": 116, "N_roi": 116, "N_inlier": 116, "refit": true}
{"timestamp": "13:57:51.004286", "frame": 86, "mu": [-0.14635710034745253, 2.811855727640502, 1.2409199158316866], "Sigma": [[0.011744132960871522, 0.0007650425070304425, 0.004886541400521917], [0.0007650425070304425, 0.0028308222424317884, -0.0029423566544776814], [0.004886541400521917, -0.0029423566544776814, 0.1830767635809592]], "chi2_level": 0.99, "chi2_df": 3, "chi2_threshold": 11.344866730144373, "N_raw": 97, "N_roi": 97, "N_inlier": 95, "refit": true}
{"timestamp": "13:57:51.056290", "frame": 87, "mu": [-0.2700778542484129, 2.80807966109547, 1.0859595093409327], "Sigma": [[0.014693672878252096, 0.005788610399632112, 0.04284329587640151], [0.005788610399632112, 0.008166068719881495, 0.0361938400133198], [0.0428432958764015, 0.0361938400133198, 0.5944151801992791]], "chi2_level": 0.99, "chi2_df": 3, "chi2_threshold": 11.344866730144373, "N_raw": 77, "N_roi": 77, "N_inlier": 77, "refit": true}
{"timestamp": "13:57:51.112465", "frame": 88, "mu": [-0.30893916859996456, 2.8668492945671287, 1.2003593244838169], "Sigma": [[0.016203652967363466, 0.0003117321362639648, 0.027545278249365215], [0.0003117321362639648, 0.008110247127362432, -0.015776789225400135], [0.027545278249365212, -0.015776789225400132, 0.18580040989705682]], "chi2_level": 0.99, "chi2_df": 3, "chi2_threshold": 11.344866730144373, "N_raw": 89, "N_roi": 89, "N_inlier": 88, "refit": true}
{"timestamp": "13:57:51.163747", "frame": 89, "mu": [-0.3109785235460257, 2.9189027692830516, 1.3418529827763384], "Sigma": [[0.017782984845279518, 0.001149250665970526, -0.007367365082481912], [0.001149250665970526, 0.005524085530029982, -0.009218260620088044], [-0.007367365082481913, -0.009218260620088042, 0.2999986295938502]], "chi2_level": 0.99, "chi2_df": 3, "chi2_threshold": 11.344866730144373, "N_raw": 58, "N_roi": 58, "N_inlier": 57, "refit": true}
{"timestamp": "13:57:51.221955", "frame": 90, "mu": [-0.23307299578328242, 2.946911579055427, 0.7241294871225151], "Sigma": [[0.025574163061372217, -0.00336778408736182, -0.009995693322115603], [-0.0033677840873618204, 0.0037771504469797084, -0.008236219958440037], [-0.009995693322115601, -0.008236219958440035, 0.09611658415693589]], "chi2_level": 0.99, "chi2_df": 3, "chi2_threshold": 11.344866730144373, "N_raw": 83, "N_roi": 83, "N_inlier": 81, "refit": true}
{"timestamp": "13:57:51.278944", "frame": 91, "mu": [-0.2537878566607371, 2.9582039016462254, 0.9654370211565991], "Sigma": [[0.031703826208803604, 0.0022947816692241102, -0.05563375396362945], [0.0022947816692241102, 0.002383906804879852, -0.008654514229009504], [-0.05563375396362945, -0.008654514229009504, 0.1552241880930472]], "chi2_level": 0.99, "chi2_df": 3, "chi2_threshold": 11.344866730144373, "N_raw": 101, "N_roi": 99, "N_inlier": 98, "refit": true}
{"timestamp": "13:57:51.327129", "frame": 92, "mu": [-0.30096103448977446, 3.0429698980528332, 0.8507606906350792], "Sigma": [[0.02991093014500528, 0.0008012896911780853, -0.042596545162865], [0.0008012896911780854, 0.002567996698334335, 0.0011915260081519039], [-0.042596545162865, 0.0011915260081519037, 0.12891006291152288]], "chi2_level": 0.99, "chi2_df": 3, "chi2_threshold": 11.344866730144373, "N_raw": 48, "N_roi": 48, "N_inlier": 45, "refit": true}
{"timestamp": "13:57:51.388280", "frame": 93, "mu": [-0.4472761960471013, 3.0432802351141826, 1.1361393042406247], "Sigma": [[0.02955855651675899, 0.005206321879845238, -0.037070109992825756], [0.005206321879845238, 0.004934714572353977, -0.011624198479102652], [-0.037070109992825756, -0.011624198479102652, 0.0720849981284008]], "chi2_level": 0.99, "chi2_df": 3, "chi2_threshold": 11.344866730144373, "N_raw": 94, "N_roi": 92, "N_inlier": 87, "refit": true}
{"timestamp": "13:57:51.440933", "frame": 94, "mu": [-0.4439237266512364, 3.0780448037431367, 0.9335977392394491], "Sigma": [[0.037436154894496476, -0.0021312861807997415, -0.06317220981740013], [-0.0021312861807997415, 0.002309288290718758, 0.0028197057285614746], [-0.06317220981740013, 0.0028197057285614738, 0.14857104059514492]], "chi2_level": 0.99, "chi2_df": 3, "chi2_threshold": 11.344866730144373, "N_raw": 75, "N_roi": 74, "N_inlier": 73, "refit": true}
{"timestamp": "13:57:51.494431", "frame": 95, "mu": [-0.5067639848225534, 3.1743180936162565, 1.0912691873971434], "Sigma": [[0.020677629412749338, 0.005823322931927864, -0.014730716563061876], [0.005823322931927864, 0.005069539668440611, -0.007302209973895431], [-0.014730716563061876, -0.007302209973895431, 0.04584472271364276]], "chi2_level": 0.99, "chi2_df": 3, "chi2_threshold": 11.344866730144373, "N_raw": 63, "N_roi": 63, "N_inlier": 60, "refit": true}
{"timestamp": "13:57:51.547287", "frame": 96, "mu": [-0.6817169542073599, 3.1411239492371346, 1.1427469552280254], "Sigma": [[0.011288462795138331, 0.0011739799745061807, -0.012667052357298895], [0.001173979974506181, 0.00248034912977586, -0.00896434126386246], [-0.012667052357298897, -0.00896434126386246, 0.046955073281885945]], "chi2_level": 0.99, "chi2_df": 3, "chi2_threshold": 11.344866730144373, "N_raw": 48, "N_roi": 48, "N_inlier": 45, "refit": true}
{"timestamp": "13:57:51.602156", "frame": 97, "mu": [-0.6266119884478702, 3.231871554164787, 1.3247215800160366], "Sigma": [[0.013918330881122964, 0.0014529089740557815, -0.015186772280602825], [0.0014529089740557815, 0.003012471956861762, -0.008835150024212157], [-0.015186772280602823, -0.008835150024212157, 0.04919037273533379]], "chi2_level": 0.99, "chi2_df": 3, "chi2_threshold": 11.344866730144373, "N_raw": 46, "N_roi": 43, "N_inlier": 40, "refit": true}
{"timestamp": "13:57:51.655912", "frame": 98, "mu": [-0.6051453137181602, 3.388659797737378, 0.5807733618704111], "Sigma": [[0.011226849412702444, 0.00040089103082289253, -0.002645005590060672], [0.00040089103082289253, 0.003943054904108191, -0.01377990037769378], [-0.0026450055900606715, -0.013779900377693778, 0.08017097455554195]], "chi2_level": 0.99, "chi2_df": 3, "chi2_threshold": 11.344866730144373, "N_raw": 43, "N_roi": 40, "N_inlier": 39, "refit": true}
{"timestamp": "13:57:51.709604", "frame": 99, "mu": [-0.7444546627180767, 3.2757147521394607, 0.9366128156014819], "Sigma": [[0.007839067988417185, 0.0002706809792390872, -0.0005483999092650007], [0.0002706809792390872, 0.0041058512690164955, -0.016916603882793195], [-0.000548399909265002, -0.016916603882793195, 0.2011523278895212]], "chi2_level": 0.99, "chi2_df": 3, "chi2_threshold": 11.344866730144373, "N_raw": 35, "N_roi": 35, "N_inlier": 33, "refit": true}
{"timestamp": "13:57:51.833517", "frame": 100, "mu": [-0.7685898763794079, 3.27801309064718, 1.1307451383848168], "Sigma": [[0.015398992152787184, 0.0001286743212553902, -0.012841517429476878], [0.0001286743212553903, 0.0027547083370800802, -0.0016242864833724917], [-0.012841517429476878, -0.0016242864833724917, 0.016454199225038157]], "chi2_level": 0.99, "chi2_df": 3, "chi2_threshold": 11.344866730144373, "N_raw": 46, "N_roi": 46, "N_inlier": 42, "refit": true}
{"timestamp": "13:57:51.861634", "frame": 101, "mu": [-0.6981433047963587, 3.5460633041953074, -0.22609902192560508], "Sigma": [[0.009992998087686692, 0.004600467986122927, -0.01667384631560318], [0.0046004679861229286, 0.008177106502236136, -0.025868772358872645], [-0.01667384631560318, -0.025868772358872645, 0.14363313693966787]], "chi2_level": 0.99, "chi2_df": 3, "chi2_threshold": 11.344866730144373, "N_raw": 40, "N_roi": 40, "N_inlier": 39, "refit": true}
{"timestamp": "13:57:51.893900", "frame": 102, "mu": [-0.742340373144963, 3.5448337837040347, 1.3164993509905152], "Sigma": [[0.00921338756526993, 0.0031577865491411007, -0.005841045663153439], [0.003157786549141101, 0.006179754525499917, -0.0032573014289878294], [-0.005841045663153438, -0.003257301428987829, 0.008917420472469325]], "chi2_level": 0.99, "chi2_df": 3, "chi2_threshold": 11.344866730144373, "N_raw": 38, "N_roi": 38, "N_inlier": 36, "refit": true}
{"timestamp": "13:57:51.930112", "frame": 103, "mu": [-0.8551341344341421, 3.521132258109094, 1.443544636655894], "Sigma": [[0.014844854471073634, 0.00508276454076422, -0.013790706996503853], [0.00508276454076422, 0.006060381287341422, -0.00448059289294135], [-0.013790706996503853, -0.00448059289294135, 0.015378518188353634]], "chi2_level": 0.99, "chi2_df": 3, "chi2_threshold": 11.344866730144373, "N_raw": 41, "N_roi": 41, "N_inlier": 40, "refit": true}
{"timestamp": "13:57:51.983626", "frame": 104, "mu": [-0.8974698513236643, 3.548662755294577, 1.5010633077565028], "Sigma": [[0.013487998204459095, 0.0018597500625200198, -0.009000789855033112], [0.0018597500625200196, 0.0031084382686110113, -0.004703743622800744], [-0.009000789855033112, -0.004703743622800744, 0.014262573754876745]], "chi2_level": 0.99, "chi2_df": 3, "chi2_threshold": 11.344866730144373, "N_raw": 37, "N_roi": 37, "N_inlier": 37, "refit": true}
{"timestamp": "13:57:52.042153", "frame": 105, "mu": [-0.9330896667161638, 3.5762605636259277, 1.2244981198276501], "Sigma": [[0.014066842016216448, 0.0026065333589921067, -0.018919547942840398], [0.0026065333589921063, 0.0037268258317736244, -0.010875223685861218], [-0.018919547942840398, -0.010875223685861218, 0.0716079657111208]], "chi2_level": 0.99, "chi2_df": 3, "chi2_threshold": 11.344866730144373, "N_raw": 59, "N_roi": 56, "N_inlier": 56, "refit": true}
{"timestamp": "13:57:52.097849", "frame": 106, "mu": [-0.9315920451482452, 3.6520056359610145, 1.2827784716940733], "Sigma": [[0.014049799899958531, 0.00159978978949338, -0.006538774463138244], [0.00159978978949338, 0.005473962318416879, -0.007403635907723083], [-0.006538774463138244, -0.007403635907723083, 0.029327247055676776]], "chi2_level": 0.99, "chi2_df": 3, "chi2_threshold": 11.344866730144373, "N_raw": 57, "N_roi": 57, "N_inlier": 54, "refit": true}
{"timestamp": "13:57:52.152526", "frame": 107, "mu": [-0.980958243560224, 3.6815339960646143, 0.9456485520402191], "Sigma": [[0.014385860259752145, 0.004243574075870521, -0.02561894194867948], [0.004243574075870521, 0.009010474023255022, -0.04320218297826392], [-0.02561894194867948, -0.04320218297826392, 0.2552803363360349]], "chi2_level": 0.99, "chi2_df": 3, "chi2_threshold": 11.344866730144373, "N_raw": 56, "N_roi": 56, "N_inlier": 56, "refit": true}
{"timestamp": "13:57:52.203493", "frame": 108, "mu": [-0.9905503691477539, 3.709994496698182, 0.8309835653870937], "Sigma": [[0.008311466774136713, 0.003084185898484942, -0.014445451163829455], [0.0030841858984849424, 0.005885298072930709, -0.02550179936286863], [-0.014445451163829453, -0.02550179936286863, 0.12051498193834932]], "chi2_level": 0.99, "chi2_df": 3, "chi2_threshold": 11.344866730144373, "N_raw": 31, "N_roi": 31, "N_inlier": 28, "refit": true}
{"timestamp": "13:57:52.255271", "frame": 109, "mu": [-1.1719073287189663, 3.89814524421139, -0.13840975228880864], "Sigma": [[0.005597854240629417, -0.011276902934825628, 0.022228270869047363], [-0.011276902934825628, 0.029244113346787677, -0.05966966035022958], [0.022228270869047363, -0.05966966035022958, 0.13546263549799129]], "chi2_level": 0.99, "chi2_df": 3, "chi2_threshold": 11.344866730144373, "N_raw": 10, "N_roi": 10, "N_inlier": 10, "refit": true}
{"timestamp": "13:57:52.310990", "frame": 110, "mu": [-1.1587502590347127, 3.8269082976356303, 0.9300254162315029], "Sigma": [[0.009028788541135051, -0.004511215461400245, 0.023377087830496142], [-0.004511215461400245, 0.006074036101350088, -0.023372823841579224], [0.023377087830496142, -0.023372823841579224, 0.1287410704210866]], "chi2_level": 0.99, "chi2_df": 3, "chi2_threshold": 11.344866730144373, "N_raw": 19, "N_roi": 19, "N_inlier": 19, "refit": true}
{"timestamp": "13:57:52.371496", "frame": 111, "mu": [-1.1360854953729813, 3.7866715655479166, 1.1482806267069798], "Sigma": [[0.016598525077127203, 0.0008218120100676535, -0.01736215038313925], [0.0008218120100676536, 0.005007937221545981, -0.01977642274527018], [-0.01736215038313925, -0.01977642274527018, 0.15200142622688137]], "chi2_level": 0.99, "chi2_df": 3, "chi2_threshold": 11.344866730144373, "N_raw": 49, "N_roi": 49, "N_inlier": 48, "refit": true}
{"timestamp": "13:57:52.423049", "frame": 112, "mu": [-1.1465800831228927, 3.8667559707330774, 1.317390418084238], "Sigma": [[0.01206869319703977, 0.002140363148409011, -0.009907190386696452], [0.002140363148409011, 0.0012979973816569458, -0.0034588104632636966], [-0.00990719038669645, -0.0034588104632636966, 0.02297428206556945]], "chi2_level": 0.99, "chi2_df": 3, "chi2_threshold": 11.344866730144373, "N_raw": 24, "N_roi": 23, "N_inlier": 21, "refit": true}
{"timestamp": "13:57:52.479681", "frame": 113, "mu": [-1.2394040777782958, 3.896563906784925, -0.40704469895352624], "Sigma": [[0.012042461306353468, 0.008792487810784302, 0.03711819429829479], [0.008792487810784302, 0.012557605823420291, 0.03745624438611562], [0.037118194298294785, 0.037456244386115625, 0.19101778292091734]], "chi2_level": 0.99, "chi2_df": 3, "chi2_threshold": 11.344866730144373, "N_raw": 38, "N_roi": 38, "N_inlier": 38, "refit": true}
{"timestamp": "13:57:52.588330", "frame": 115, "mu": [-1.3294487906107322, 3.9325164585424615, 1.0516014769551938], "Sigma": [[0.015592676591094841, 0.0038467670261350226, -0.014333543578822475], [0.003846767026135022, 0.003893995025273406, -0.005504958053038456], [-0.014333543578822475, -0.005504958053038456, 0.016831725053275313]], "chi2_level": 0.99, "chi2_df": 3, "chi2_threshold": 11.344866730144373, "N_raw": 33, "N_roi": 33, "N_inlier": 32, "refit": true}
{"timestamp": "13:57:52.640982", "frame": 116, "mu": [-1.2997830814150544, 4.057634865081514, 1.0146582771440547], "Sigma": [[0.014268486394858119, 0.00761178648426071, -0.023119686654969475], [0.007611786484260712, 0.006335081836087204, -0.016005762787673353], [-0.023119686654969475, -0.016005762787673353, 0.05072032493633553]], "chi2_level": 0.99, "chi2_df": 3, "chi2_threshold": 11.344866730144373, "N_raw": 15, "N_roi": 13, "N_inlier": 13, "refit": true}
{"timestamp": "13:57:52.864064", "frame": 120, "mu": [-1.6152099338699446, 4.0713788114237035, 1.2294759189134485], "Sigma": [[0.014551305174070588, 0.004773707893129519, -0.008337174334749006], [0.004773707893129519, 0.009489306489168943, -0.026247298517113382], [-0.008337174334749006, -0.026247298517113382, 0.09064730097646617]], "chi2_level": 0.99, "chi2_df": 3, "chi2_threshold": 11.344866730144373, "N_raw": 33, "N_roi": 30, "N_inlier": 29, "refit": true}
{"timestamp": "13:57:52.972381", "frame": 122, "mu": [-1.636737906807942, 4.1069731282040625, 1.0822895366373626], "Sigma": [[0.0190421281751825, 0.004352577780174926, -0.01573536516864292], [0.004352577780174926, 0.0026139448250755877, -0.004374340378222507], [-0.01573536516864292, -0.004374340378222507, 0.015331683861377149]], "chi2_level": 0.99, "chi2_df": 3, "chi2_threshold": 11.344866730144373, "N_raw": 24, "N_roi": 24, "N_inlier": 23, "refit": true}
{"timestamp": "13:57:53.030749", "frame": 123, "mu": [-1.6921522984867037, 4.152672252941669, 1.2316848226684556], "Sigma": [[0.03015938044663915, 0.009387892160154855, -0.008354995184080168], [0.009387892160154853, 0.005998545594534533, -0.0041239549623610545], [-0.008354995184080168, -0.0041239549623610545, 0.005717974978395195]], "chi2_level": 0.99, "chi2_df": 3, "chi2_threshold": 11.344866730144373, "N_raw": 45, "N_roi": 43, "N_inlier": 41, "refit": true}
{"timestamp": "13:57:53.138265", "frame": 125, "mu": [-1.7895240458756536, 4.253848722216163, 1.3134713268547618], "Sigma": [[0.02137528724425465, 0.0056435450945892095, -0.020034051678342796], [0.00564354509458921, 0.0038629046356239535, -0.008268826418031755], [-0.020034051678342796, -0.008268826418031755, 0.025539249563182962]], "chi2_level": 0.99, "chi2_df": 3, "chi2_threshold": 11.344866730144373, "N_raw": 34, "N_roi": 33, "N_inlier": 32, "refit": true}
{"timestamp": "13:57:53.190477", "frame": 126, "mu": [-1.6748488600419735, 4.286760276919002, 0.8260496684661247], "Sigma": [[0.02000764890062908, 0.006626364396656696, -0.04772808788469367], [0.006626364396656696, 0.004132896193775841, -0.019141405485532198], [-0.04772808788469367, -0.019141405485532198, 0.12740898190221295]], "chi2_level": 0.99, "chi2_df": 3, "chi2_threshold": 11.344866730144373, "N_raw": 12, "N_roi": 12, "N_inlier": 12, "refit": true}
{"timestamp": "13:57:53.412625", "frame": 130, "mu": [-1.900893026659413, 4.4755278767135165, 1.0310727441924317], "Sigma": [[0.02242791087639577, 0.006576773716434309, -0.013046777038050811], [0.006576773716434309, 0.0038347995523606796, -0.003966225016951069], [-0.01304677703805081, -0.003966225016951069, 0.009605386498877337]], "chi2_level": 0.99, "chi2_df": 3, "chi2_threshold": 11.344866730144373, "N_raw": 24, "N_roi": 24, "N_inlier": 23, "refit": true}
{"timestamp": "13:57:54.015807", "frame": 141, "mu": [-2.285434168327855, 4.80238026189984, 1.0417028514551299], "Sigma": [[0.010021949468588394, 0.0030867625461754133, -0.007635523811642017], [0.0030867625461754138, 0.003177734227024893, -0.0029069498806765055], [-0.007635523811642017, -0.002906949880676506, 0.00789194689328664]], "chi2_level": 0.99, "chi2_df": 3, "chi2_threshold": 11.344866730144373, "N_raw": 20, "N_roi": 17, "N_inlier": 16, "refit": true}
{"timestamp": "13:57:54.128244", "frame": 143, "mu": [-2.3404697978023847, 4.89298531686354, 1.1921678376206934], "Sigma": [[0.008506645390351704, 0.003909589766651228, -0.0086631309169301], [0.003909589766651228, 0.004872083483221416, -0.005745174217886298], [-0.0086631309169301, -0.005745174217886298, 0.012747079720582121]], "chi2_level": 0.99, "chi2_df": 3, "chi2_threshold": 11.344866730144373, "N_raw": 31, "N_roi": 19, "N_inlier": 17, "refit": true}
