{"timestamp": "13:59:09.174047", "frame": 30, "mu": [-1.1194688073714443, 0.4299212100621394, 1.3167879458077234], "Sigma": [[0.26977891568221957, -0.017260389882321012, 0.02877383405622316], [-0.01726038988232101, 0.009504859487520815, -0.02906769763618926], [0.02877383405622316, -0.029067697636189258, 0.1677396031815926]], "chi2_level": 0.99, "chi2_df": 3, "chi2_threshold": 11.344866730144373, "N_raw": 34, "N_roi": 34, "N_inlier": 32, "refit": true}
{"timestamp": "13:59:09.230469", "frame": 31, "mu": [-1.0067539626168978, 0.38306403024731767, 1.3860336310514216], "Sigma": [[0.6510006944034725, -0.01942053487766941, 0.014738721415186382], [-0.019420534877669406, 0.005087684300334833, -0.001559053039154879], [0.014738721415186382, -0.001559053039154879, 0.0063295257155428835]], "chi2_level": 0.99, "chi2_df": 3, "chi2_threshold": 11.344866730144373, "N_raw": 45, "N_roi": 45, "N_inlier": 42, "refit": true}
{"timestamp": "13:59:09.283554", "frame": 32, "mu": [-0.9758175170972648, 0.3730316361789611, 1.3733762551223851], "Sigma": [[0.6627058537045895, -0.015115621858152566, 0.01887279618967818], [-0.015115621858152569, 0.004314298105929528, -0.00199150989540945], [0.01887279618967818, -0.0019915098954094504, 0.006478248030047818]], "chi2_level": 0.99, "chi2_df": 3, "chi2_threshold": 11.344866730144373, "N_raw": 39, "N_roi": 39, "N_inlier": 39, "refit": true}
{"timestamp": "13:59:09.340247", "frame": 33, "mu": [-1.255629530572984, 0.438587758345835, 1.3573347996710006], "Sigma": [[0.0030975746452743653, 0.0014592977417421738, 0.001960247395688533], [0.0014592977417421738, 0.0039939911005965325, -0.002677574846785374], [0.001960247395688533, -0.002677574846785374, 0.00904046556046124]], "chi2_level": 0.99, "chi2_df": 3, "chi2_threshold": 11.344866730144373, "N_raw": 40, "N_roi": 40, "N_inlier": 38, "refit": true}
{"timestamp": "13:59:09.393280", "frame": 34, "mu": [-1.1961205871302634, 0.39093632117642696, 1.3851796927784004], "Sigma": [[0.0039168153339907185, 0.003287140712752712, -8.671394060127139e-05], [0.003287140712752712, 0.00391879538014051, -0.001681516553075661], [-8.671394060127144e-05, -0.001681516553075661, 0.00397100057469993]], "chi2_level": 0.99, "chi2_df": 3, "chi2_threshold": 11.344866730144373, "N_raw": 32, "N_roi": 32, "N_inlier": 30, "refit": true}
{"timestamp": "13:59:09.453379", "frame": 35, "mu": [-1.2192086989866548, 0.4536854422369633, 1.4098631442206517], "Sigma": [[0.005404490952388706, 0.0022382077393126756, 0.0010983081995991242], [0.0022382077393126756, 0.005049024838305472, -0.003067490794417682], [0.001098308199599124, -0.0030674907944176814, 0.011515278371566386]], "chi2_level": 0.99, "chi2_df": 3, "chi2_threshold": 11.344866730144373, "N_raw": 60, "N_roi": 60, "N_inlier": 56, "refit": true}
{"timestamp": "13:59:09.503774", "frame": 36, "mu": [-0.7667526784693937, 0.3798785014310158, 1.3053784911239092], "Sigma": [[0.8217261065776426, -0.06863539572409752, -0.019353997478421914], [-0.06863539572409752, 0.02327659926589213, 0.004792995838069875], [-0.019353997478421914, 0.004792995838069874, 0.002495366542800328]], "chi2_level": 0.99, "chi2_df": 3, "chi2_threshold": 11.344866730144373, "N_raw": 32, "N_roi": 32, "N_inlier": 30, "refit": true}
{"timestamp": "13:59:09.560495", "frame": 37, "mu": [-1.2190755549290944, 0.5141081034092801, 1.4126018772370617], "Sigma": [[0.0056610519986684165, 0.003332761109630556, 0.000985104986847962], [0.003332761109630556, 0.004118726928922061, -0.0020451637544525894], [0.0009851049868479622, -0.0020451637544525894, 0.008290382702018933]], "chi2_level": 0.99, "chi2_df": 3, "chi2_threshold": 11.344866730144373, "N_raw": 49, "N_roi": 49, "N_inlier": 49, "refit": true}
{"timestamp": "13:59:09.619001", "frame": 38, "mu": [-1.1260189172855595, 0.515334592862392, 1.393546593889197], "Sigma": [[0.006361293406301469, 0.0006216152239227597, -0.001430456962554486], [0.0006216152239227598, 0.007249844667995521, -0.002650394012491097], [-0.001430456962554486, -0.002650394012491097, 0.0018543931364756788]], "chi2_level": 0.99, "chi2_df": 3, "chi2_threshold": 11.344866730144373, "N_raw": 54, "N_roi": 54, "N_inlier": 54, "refit": true}
{"timestamp": "13:59:09.672254", "frame": 39, "mu": [-1.1672711048579028, 0.5209731121743504, 1.3819101887139458], "Sigma": [[0.006521153747705969, 0.0023041127547302133, -0.00017657709291055837], [0.0023041127547302133, 0.00380009095670065, -0.0017193582862558416], [-0.0001765770929105584, -0.0017193582862558413, 0.0018786673000408375]], "chi2_level": 0.99, "chi2_df": 3, "chi2_threshold": 11.344866730144373, "N_raw": 40, "N_roi": 40, "N_inlier": 40, "refit": true}
{"timestamp": "13:59:09.727281", "frame": 40, "mu": [-1.1671641150088032, 0.6007998302664241, 1.4440154908269136], "Sigma": [[0.004672193003681042, 0.0008162454865939133, 0.0007578217792345847], [0.0008162454865939131, 0.0034518114048824582, -0.002061786054650273], [0.0007578217792345847, -0.0020617860546502734, 0.0029856058212267642]], "chi2_level": 0.99, "chi2_df": 3, "chi2_threshold": 11.344866730144373, "N_raw": 38, "N_roi": 38, "N_inlier": 37, "refit": true}
{"timestamp": "13:59:09.788455", "frame": 41, "mu": [-1.0728107855529911, 0.8050795911087603, -0.30660965620597325], "Sigma": [[0.014224683073387189, 0.007357946116473529, 0.015836058964003842], [0.007357946116473529, 0.008733581865172138, 0.007255574631007841], [0.015836058964003842, 0.007255574631007841, 0.04259251958474326]], "chi2_level": 0.99, "chi2_df": 3, "chi2_threshold": 11.344866730144373, "N_raw": 80, "N_roi": 75, "N_inlier": 72, "refit": true}
{"timestamp": "13:59:09.843347", "frame": 42, "mu": [-1.0418723456875856, 0.7753586047255101, 1.2504157846231208], "Sigma": [[0.03653354227063632, 0.03153992622855793, -0.09324586212500356], [0.03153992622855793, 0.031844254098266536, -0.09491915522547908], [-0.09324586212500356, -0.09491915522547907, 0.31712423145155233]], "chi2_level": 0.99, "chi2_df": 3, "chi2_threshold": 11.344866730144373, "N_raw": 76, "N_roi": 76, "N_inlier": 75, "refit": true}
{"timestamp": "13:59:09.893756", "frame": 43, "mu": [-0.9835334518416231, 0.8361630916513201, 1.1564031075107346], "Sigma": [[0.038973179076514736, 0.035685951152283936, -0.11101862760783623], [0.035685951152283936, 0.0380581890077146, -0.12095171951487377], [-0.11101862760783623, -0.12095171951487378, 0.432981711950169]], "chi2_level": 0.99, "chi2_df": 3, "chi2_threshold": 11.344866730144373, "N_raw": 50, "N_roi": 50, "N_inlier": 50, "refit": true}
{"timestamp": "13:59:09.947560", "frame": 44, "mu": [-1.07479764987502, 0.747755151319611, 1.5907794564094468], "Sigma": [[0.009456936884427438, 0.005024646937620529, -0.004311332755671052], [0.005024646937620529, 0.006316025763419515, -0.00721793274943771], [-0.004311332755671053, -0.007217932749437709, 0.010864270848390858]], "chi2_level": 0.99, "chi2_df": 3, "chi2_threshold": 11.344866730144373, "N_raw": 48, "N_roi": 48, "N_inlier": 46, "refit": true}
{"timestamp": "13:59:10.004900", "frame": 45, "mu": [-0.8924444341055704, 0.9318469054044283, 1.4920722355624803], "Sigma": [[0.01473920620969693, 0.010894174739860818, -0.0018276801374281781], [0.01089417473986082, 0.011910630771895867, -0.0033046933920581625], [-0.0018276801374281781, -0.003304693392058162, 0.002751562854953501]], "chi2_level": 0.99, "chi2_df": 3, "chi2_threshold": 11.344866730144373, "N_raw": 54, "N_roi": 54, "N_inlier": 53, "refit": true}
{"timestamp": "13:59:10.055556", "frame": 46, "mu": [-1.0401344073959924, 0.8534945981087588, 1.5631368614751384], "Sigma": [[0.04290142800344279, 0.02144162427030552, -0.023388281215806522], [0.02144162427030552, 0.018531449192975762, -0.013934344681382708], [-0.023388281215806522, -0.013934344681382708, 0.017851039526917953]], "chi2_level": 0.99, "chi2_df": 3, "chi2_threshold": 11.344866730144373, "N_raw": 25, "N_roi": 25, "N_inlier": 24, "refit": true}
{"timestamp": "13:59:10.117691", "frame": 47, "mu": [-0.7822114240373607, 1.0032604637083904, 1.4282841534235824], "Sigma": [[0.025340859923811652, 0.011255536276444603, -0.01627068056861622], [0.011255536276444603, 0.01006071877348996, -0.012479243616924807], [-0.01627068056861622, -0.012479243616924806, 0.018502687082861888]], "chi2_level": 0.99, "chi2_df": 3, "chi2_threshold": 11.344866730144373, "N_raw": 83, "N_roi": 83, "N_inlier": 82, "refit": true}
{"timestamp": "13:59:10.164987", "frame": 48, "mu": [-0.7629871330279124, 0.9296598303288679, 1.210883976505729], "Sigma": [[0.07189879062664514, 0.017556943174515574, -0.07923612372533774], [0.017556943174515574, 0.015496891332619651, -0.009336352537049881], [-0.07923612372533773, -0.009336352537049881, 0.1307043604671972]], "chi2_level": 0.99, "chi2_df": 3, "chi2_threshold": 11.344866730144373, "N_raw": 19, "N_roi": 19, "N_inlier": 19, "refit": true}
{"timestamp": "13:59:10.226491", "frame": 49, "mu": [-0.5645757752888535, 1.0964911227387866, 1.275427067514373], "Sigma": [[0.003108251810511901, -0.0025126130302526514, -0.0019752039424468567], [-0.0025126130302526514, 0.006769489107253015, 0.006601942262673826], [-0.001975203942446857, 0.006601942262673827, 0.054452665560567166]], "chi2_level": 0.99, "chi2_df": 3, "chi2_threshold": 11.344866730144373, "N_raw": 74, "N_roi": 74, "N_inlier": 71, "refit": true}
{"timestamp": "13:59:10.274028", "frame": 50, "mu": [-0.5435957120070329, 1.1644712676671936, 1.0766440360959488], "Sigma": [[0.003365019978508004, -0.0031114108552218285, -0.0008149925664148667], [-0.0031114108552218293, 0.005647319368798145, -0.01507806769759198], [-0.0008149925664148671, -0.015078067697591974, 0.3314808914202622]], "chi2_level": 0.99, "chi2_df": 3, "chi2_threshold": 11.344866730144373, "N_raw": 13, "N_roi": 13, "N_inlier": 13, "refit": true}
{"timestamp": "13:59:10.335737", "frame": 51, "mu": [-0.5444426864411676, 1.2096972328154358, 1.4827716255245391], "Sigma": [[0.004143321141565289, -0.0020383722877284393, -0.002789151212070021], [-0.0020383722877284393, 0.004269616873992621, 0.0003463378439075962], [-0.0027891512120700205, 0.0003463378439075961, 0.012839727878791332]], "chi2_level": 0.99, "chi2_df": 3, "chi2_threshold": 11.344866730144373, "N_raw": 64, "N_roi": 64, "N_inlier": 61, "refit": true}
{"timestamp": "13:59:10.399548", "frame": 52, "mu": [-0.48998882183141407, 1.204982172130666, 1.2555789333481706], "Sigma": [[0.006498486659649438, -0.0027611943613409097, 0.0014130411296807003], [-0.0027611943613409097, 0.0032467274573025565, 0.000597062151836553], [0.0014130411296807003, 0.0005970621518365526, 0.03207446515504144]], "chi2_level": 0.99, "chi2_df": 3, "chi2_threshold": 11.344866730144373, "N_raw": 101, "N_roi": 100, "N_inlier": 95, "refit": true}
{"timestamp": "13:59:10.453642", "frame": 53, "mu": [-0.4413657961639952, 1.21723310470464, 1.1276079567546236], "Sigma": [[0.006221010743051173, -0.0007204087784889584, 0.0038648151366550356], [-0.0007204087784889584, 0.003206986793586087, -0.0034344150408389274], [0.003864815136655036, -0.0034344150408389274, 0.023786673733274533]], "chi2_level": 0.99, "chi2_df": 3, "chi2_threshold": 11.344866730144373, "N_raw": 111, "N_roi": 111, "N_inlier": 107, "refit": true}
{"timestamp": "13:59:10.500404", "frame": 54, "mu": [-0.4020646191200414, 1.2365357064058071, 1.2689972121037898], "Sigma": [[0.006414508145418929, -0.0022890096259201424, 0.0015112460148346673], [-0.0022890096259201424, 0.0028623060595243093, -0.0029591883757433953], [0.0015112460148346675, -0.0029591883757433958, 0.010281803679821963]], "chi2_level": 0.99, "chi2_df": 3, "chi2_threshold": 11.344866730144373, "N_raw": 60, "N_roi": 60, "N_inlier": 55, "refit": true}
{"timestamp": "13:59:10.550230", "frame": 55, "mu": [-0.3136348884006227, 1.348332237175593, 0.6534395149193027], "Sigma": [[0.003914613876376625, -0.002619445393308989, 0.005811218810990757], [-0.002619445393308989, 0.006170003098259302, -0.03371280423302908], [0.005811218810990759, -0.03371280423302908, 0.3947420457744872]], "chi2_level": 0.99, "chi2_df": 3, "chi2_threshold": 11.344866730144373, "N_raw": 20, "N_roi": 20, "N_inlier": 19, "refit": true}
{"timestamp": "13:59:10.617980", "frame": 56, "mu": [-0.34234919223749777, 1.4714696706922714, 0.14481254073366803], "Sigma": [[0.008297345694589276, -0.006836753087136488, 0.04706095671739982], [-0.006836753087136488, 0.012907053005023659, -0.05823844757203443], [0.04706095671739982, -0.05823844757203443, 0.5111415788767038]], "chi2_level": 0.99, "chi2_df": 3, "chi2_threshold": 11.344866730144373, "N_raw": 111, "N_roi": 111, "N_inlier": 110, "refit": true}
{"timestamp": "13:59:10.673513", "frame": 57, "mu": [-0.32828772896336533, 1.4166560284089837, 0.9161091979626483], "Sigma": [[0.0067209489278079295, -0.0007513761209704173, -0.002813630501448827], [-0.0007513761209704172, 0.00404363972142653, 0.007874756229710681], [-0.002813630501448827, 0.007874756229710681, 0.3106199028930336]], "chi2_level": 0.99, "chi2_df": 3, "chi2_threshold": 11.344866730144373, "N_raw": 110, "N_roi": 110, "N_inlier": 110, "refit": true}
{"timestamp": "13:59:10.725414", "frame": 58, "mu": [-0.27621674595299267, 1.4772178288634588, 1.1240339536469395], "Sigma": [[0.004917429481781501, -0.00032109334026647856, 0.011678535288292512], [-0.0003210933402664787, 0.003938762837703563, 0.0027155732679662063], [0.011678535288292512, 0.0027155732679662063, 0.22844038497430488]], "chi2_level": 0.99, "chi2_df": 3, "chi2_threshold": 11.344866730144373, "N_raw": 85, "N_roi": 85, "N_inlier": 85, "refit": true}
{"timestamp": "13:59:10.787156", "frame": 59, "mu": [-0.2430511381793306, 1.55196824980171, 1.1316977116768052], "Sigma": [[0.006864170762356052, -0.0011015850525175866, -0.005991142945889737], [-0.0011015850525175866, 0.004894490634740734, -0.008357795756457984], [-0.005991142945889736, -0.008357795756457984, 0.23103448015968467]], "chi2_level": 0.99, "chi2_df": 3, "chi2_threshold": 11.344866730144373, "N_raw": 134, "N_roi": 134, "N_inlier": 132, "refit": true}
{"timestamp": "13:59:10.843652", "frame": 60, "mu": [-0.23855547660800902, 1.5987518705863577, 0.8127557428404584], "Sigma": [[0.0064928082301263694, -0.000778570074756722, 4.124607642578713e-05], [-0.0007785700747567219, 0.005594870032488911, 0.008343895373219206], [4.124607642578713e-05, 0.008343895373219203, 0.37001072420045905]], "chi2_level": 0.99, "chi2_df": 3, "chi2_threshold": 11.344866730144373, "N_raw": 140, "N_roi": 140, "N_inlier": 140, "refit": true}
{"timestamp": "13:59:10.885464", "frame": 61, "mu": [-0.15291927433532135, 1.625742797842154, 0.9928584269855052], "Sigma": [[0.006288720373781664, -0.003178925627606729, 0.00023207703321038997], [-0.003178925627606729, 0.0022787870194065766, 0.0015336528779064025], [0.0002320770332103904, 0.0015336528779064025, 0.08375512138790928]], "chi2_level": 0.99, "chi2_df": 3, "chi2_threshold": 11.344866730144373, "N_raw": 49, "N_roi": 49, "N_inlier": 47, "refit": true}
{"timestamp": "13:59:10.942852", "frame": 62, "mu": [-0.1581354783229929, 1.678961445571577, 0.8427354327631155], "Sigma": [[0.004705657033861012, -0.000213190265731058, 0.0011396588551427142], [-0.00021319026573105802, 0.004038627231640395, -0.008753929825403066], [0.0011396588551427144, -0.008753929825403066, 0.4036384652441352]], "chi2_level": 0.99, "chi2_df": 3, "chi2_threshold": 11.344866730144373, "N_raw": 77, "N_roi": 77, "N_inlier": 76, "refit": true}
{"timestamp": "13:59:10.999415", "frame": 63, "mu": [-0.19838883107212701, 1.7351248579497922, 1.5181572199004185], "Sigma": [[0.007955036541389165, -0.001958282011763716, -0.006509418139015236], [-0.001958282011763716, 0.0035845415226832553, -0.0026165967443332236], [-0.006509418139015236, -0.0026165967443332236, 0.025995744088888696]], "chi2_level": 0.99, "chi2_df": 3, "chi2_threshold": 11.344866730144373, "N_raw": 79, "N_roi": 79, "N_inlier": 75, "refit": true}
{"timestamp": "13:59:11.059463", "frame": 64, "mu": [-0.12377261601112341, 1.7488652126926532, 1.0914918118373513], "Sigma": [[0.017409107212975623, -0.0007329666125611916, 0.04811461729372831], [-0.0007329666125611916, 0.007034524016506652, 0.008025535613067297], [0.04811461729372832, 0.008025535613067295, 0.226447046762597]], "chi2_level": 0.99, "chi2_df": 3, "chi2_threshold": 11.344866730144373, "N_raw": 123, "N_roi": 123, "N_inlier": 118, "refit": true}
{"timestamp": "13:59:11.112077", "frame": 65, "mu": [-0.09082205807107543, 1.7847939230541443, 1.0184706079743755], "Sigma": [[0.014212168522674148, 0.0008710875215212053, 0.0307664348616639], [0.0008710875215212054, 0.0036022640545383677, 0.006947055734005225], [0.0307664348616639, 0.006947055734005227, 0.17342744506283758]], "chi2_level": 0.99, "chi2_df": 3, "chi2_threshold": 11.344866730144373, "N_raw": 100, "N_roi": 99, "N_inlier": 97, "refit": true}
{"timestamp": "13:59:11.170381", "frame": 66, "mu": [-0.042559202194241946, 1.780514541749515, 0.98915381478925], "Sigma": [[0.027705691199122875, 1.2970313504318567e-05, 0.06512807501130341], [1.297031350431854e-05, 0.0021815863965360905, -0.0029256523207700537], [0.06512807501130341, -0.0029256523207700537, 0.21325792038442204]], "chi2_level": 0.99, "chi2_df": 3, "chi2_threshold": 11.344866730144373, "N_raw": 118, "N_roi": 115, "N_inlier": 112, "refit": true}
{"timestamp": "13:59:11.220017", "frame": 67, "mu": [0.004258267080230422, 1.8392227024524523, 1.1639845289565849], "Sigma": [[0.023775917237944318, 0.004591587105711719, 0.06248994679580898], [0.004591587105711719, 0.005107626959164154, 0.01594638406345939], [0.06248994679580898, 0.01594638406345939, 0.2786294640115537]], "chi2_level": 0.99, "chi2_df": 3, "chi2_threshold": 11.344866730144373, "N_raw": 89, "N_roi": 88, "N_inlier": 86, "refit": true}
{"timestamp": "13:59:11.282606", "frame": 68, "mu": [-0.030982764167727654, 1.9385213704507973, 0.7532184259987508], "Sigma": [[0.027099503343273563, -0.0015727526778415229, 0.05692372471458394], [-0.001572752677841523, 0.003414656860378634, -0.015514974752109254], [0.05692372471458394, -0.015514974752109254, 0.3376955645199137]], "chi2_level": 0.99, "chi2_df": 3, "chi2_threshold": 11.344866730144373, "N_raw": 119, "N_roi": 119, "N_inlier": 118, "refit": true}
{"timestamp": "13:59:11.335206", "frame": 69, "mu": [0.07779082820431192, 1.9590186799275555, 0.823387876638972], "Sigma": [[0.025135278499634484, -0.005879783830635495, 0.05768089893778038], [-0.005879783830635495, 0.004984087652484114, -0.026200995148416083], [0.05768089893778039, -0.026200995148416083, 0.32086667250396733]], "chi2_level": 0.99, "chi2_df": 3, "chi2_threshold": 11.344866730144373, "N_raw": 121, "N_roi": 121, "N_inlier": 119, "refit": true}
{"timestamp": "13:59:11.377514", "frame": 70, "mu": [0.1157401732079783, 2.033532902074058, 1.374578405993707], "Sigma": [[0.0039260968452984, -0.0005701769095736895, 0.012189341045709338], [-0.0005701769095736894, 0.0023841589964870968, 0.00881283526878729], [0.012189341045709338, 0.00881283526878729, 0.2853738621057111]], "chi2_level": 0.99, "chi2_df": 3, "chi2_threshold": 11.344866730144373, "N_raw": 36, "N_roi": 30, "N_inlier": 29, "refit": true}
{"timestamp": "13:59:11.435524", "frame": 71, "mu": [0.2382156478665826, 2.008619322187248, 1.4955004206062872], "Sigma": [[0.006110040276705188, -0.0009149311104327056, -0.002824415180293334], [-0.0009149311104327059, 0.005338935997400087, -0.004728625881250504], [-0.002824415180293334, -0.004728625881250505, 0.00839448433713784]], "chi2_level": 0.99, "chi2_df": 3, "chi2_threshold": 11.344866730144373, "N_raw": 68, "N_roi": 68, "N_inlier": 64, "refit": true}
{"timestamp": "13:59:11.489305", "frame": 72, "mu": [0.3155749055389588, 2.0250866062770476, 1.424374272739904], "Sigma": [[0.005735070690749442, -0.0025469453967663378, -0.007233814079913853], [-0.0025469453967663373, 0.004388197712271791, 0.0031602356868441696], [-0.007233814079913855, 0.0031602356868441705, 0.05047509936509788]], "chi2_level": 0.99, "chi2_df": 3, "chi2_threshold": 11.344866730144373, "N_raw": 53, "N_roi": 53, "N_inlier": 49, "refit": true}
{"timestamp": "13:59:11.546189", "frame": 73, "mu": [0.3451817761323716, 2.0663580674462505, 1.2727487136368099], "Sigma": [[0.007159855518127325, -0.0006550665763716611, 0.00808019988988888], [-0.0006550665763716611, 0.009160012210481096, 0.010191358613224157], [0.00808019988988888, 0.01019135861322416, 0.2574519818608026]], "chi2_level": 0.99, "chi2_df": 3, "chi2_threshold": 11.344866730144373, "N_raw": 63, "N_roi": 63, "N_inlier": 62, "refit": true}
{"timestamp": "13:59:11.600832", "frame": 74, "mu": [0.3477493426557975, 2.1176269018903415, 1.3280612686977287], "Sigma": [[0.006686185011688997, -0.002337520104268343, 0.00038101188450966506], [-0.002337520104268343, 0.004161723538829011, -0.004126109542763733], [0.00038101188450966506, -0.004126109542763733, 0.011681734017816815]], "chi2_level": 0.99, "chi2_df": 3, "chi2_threshold": 11.344866730144373, "N_raw": 63, "N_roi": 63, "N_inlier": 58, "refit": true}
{"timestamp": "13:59:11.658482", "frame": 75, "mu": [0.3517578319274327, 2.166441951333464, 1.1563794547722606], "Sigma": [[0.005059813133205676, 0.0008064225400933558, 0.001474895389314709], [0.0008064225400933559, 0.01120162910621224, 0.037517668692909775], [0.0014748953893147102, 0.037517668692909775, 0.22178640113826106]], "chi2_level": 0.99, "chi2_df": 3, "chi2_threshold": 11.344866730144373, "N_raw": 78, "N_roi": 78, "N_inlier": 74, "refit": true}
{"timestamp": "13:59:11.710317", "frame": 76, "mu": [0.3767241080734153, 2.300299362020166, 1.192466984222355], "Sigma": [[0.007615939769883478, -0.0018783922482323249, -0.005919259270230925], [-0.001878392248232325, 0.0016873802107420634, 0.004513976514188013], [-0.005919259270230925, 0.004513976514188013, 0.04596729994442224]], "chi2_level": 0.99, "chi2_df": 3, "chi2_threshold": 11.344866730144373, "N_raw": 50, "N_roi": 47, "N_inlier": 43, "refit": true}
{"timestamp": "13:59:11.763676", "frame": 77, "mu": [0.5218261590635161, 2.254347716785795, 1.351705561102613], "Sigma": [[0.004422317259888511, -0.002534698167525502, -0.0003999063773574293], [-0.002534698167525502, 0.00615558996728649, -0.004733535822093696], [-0.00039990637735742916, -0.004733535822093697, 0.014112361366410303]], "chi2_level": 0.99, "chi2_df": 3, "chi2_threshold": 11.344866730144373, "N_raw": 54, "N_roi": 52, "N_inlier": 49, "refit": true}
{"timestamp": "13:59:11.817523", "frame": 78, "mu": [0.5820802884467944, 2.605674308881869, -0.817801043701401], "Sigma": [[0.00431238826885083, 0.002764937926547149, -0.01629148425941644], [0.002764937926547149, 0.027299409111754068, -0.09559570484976872], [-0.01629148425941644, -0.09559570484976872, 0.3702764898288227]], "chi2_level": 0.99, "chi2_df": 3, "chi2_threshold": 11.344866730144373, "N_raw": 35, "N_roi": 35, "N_inlier": 32, "refit": true}
{"timestamp": "13:59:11.873497", "frame": 79, "mu": [0.6230872776901725, 2.2975929761578144, 1.134646078510864], "Sigma": [[0.007944225809211137, -0.0058347531393092775, 0.007760538285557355], [-0.0058347531393092775, 0.0068712882102780985, -0.011506356348832798], [0.007760538285557355, -0.011506356348832798, 0.04055722914466998]], "chi2_level": 0.99, "chi2_df": 3, "chi2_threshold": 11.344866730144373, "N_raw": 41, "N_roi": 41, "N_inlier": 37, "refit": true}
{"timestamp": "13:59:11.933287", "frame": 80, "mu": [0.6467145407584158, 2.505161523289941, -0.19527578279954128], "Sigma": [[0.007230802721038762, -0.0032976898693459693, -0.0024238198308107442], [-0.0032976898693459684, 0.019815713861509675, -0.04520334927103793], [-0.0024238198308107447, -0.04520334927103793, 0.143016383282649]], "chi2_level": 0.99, "chi2_df": 3, "chi2_threshold": 11.344866730144373, "N_raw": 80, "N_roi": 80, "N_inlier": 78, "refit": true}
{"timestamp": "13:59:11.989051", "frame": 81, "mu": [0.6733405110983023, 2.3779052278701216, 0.6547722675541048], "Sigma": [[0.01030242961046184, -0.006294214139764779, -0.01920187011242955], [-0.006294214139764779, 0.008724767620989832, 0.015233390687840052], [-0.019201870112429555, 0.015233390687840052, 0.29147264831363295]], "chi2_level": 0.99, "chi2_df": 3, "chi2_threshold": 11.344866730144373, "N_raw": 89, "N_roi": 89, "N_inlier": 88, "refit": true}
{"timestamp": "13:59:12.038483", "frame": 82, "mu": [0.7318738620848224, 2.3955438319907527, 1.0931037368459564], "Sigma": [[0.0049545229186160585, -0.001368797050382085, -0.004151048994940424], [-0.0013687970503820847, 0.00502146904718436, -0.0166538857481627], [-0.004151048994940424, -0.0166538857481627, 0.18738008818067248]], "chi2_level": 0.99, "chi2_df": 3, "chi2_threshold": 11.344866730144373, "N_raw": 38, "N_roi": 38, "N_inlier": 37, "refit": true}
{"timestamp": "13:59:12.090356", "frame": 83, "mu": [0.7077099936356314, 2.5025951805187456, 0.5001474834493772], "Sigma": [[0.00931454502050397, 0.0010229664017535251, -0.007300570539355199], [0.0010229664017535251, 0.0059921617317167, -0.01732429742486044], [-0.007300570539355197, -0.01732429742486044, 0.139235975352047]], "chi2_level": 0.99, "chi2_df": 3, "chi2_threshold": 11.344866730144373, "N_raw": 22, "N_roi": 22, "N_inlier": 21, "refit": true}
{"timestamp": "13:59:12.202900", "frame": 85, "mu": [0.6863817685312144, 2.5529814172224223, 0.49174057137091176], "Sigma": [[0.013266336253378216, -0.005290385506652461, 0.00025265333970260267], [-0.005290385506652461, 0.004793523869321617, -0.004459839916868882], [0.0002526533397026018, -0.004459839916868882, 0.063841293273627]], "chi2_level": 0.99, "chi2_df": 3, "chi2_threshold": 11.344866730144373, "N_raw": 42, "N_roi": 40, "N_inlier": 39, "refit": true}
{"timestamp": "13:59:12.255131", "frame": 86, "mu": [0.7427222564572595, 2.5672307108894117, 0.516789621658391], "Sigma": [[0.0064913657722612235, -0.0005908074164958214, 0.01279163682220578], [-0.0005908074164958212, 0.0013608304086382271, 0.003312224034599926], [0.01279163682220578, 0.003312224034599926, 0.08341188794803142]], "chi2_level": 0.99, "chi2_df": 3, "chi2_threshold": 11.344866730144373, "N_raw": 27, "N_roi": 27, "N_inlier": 24, "refit": true}
{"timestamp": "13:59:12.311402", "frame": 87, "mu": [0.9291887818911488, 2.6706962877954155, 1.2957029196973848], "Sigma": [[0.009650600947096116, -0.0023585927799127807, 0.004578675782841305], [-0.0023585927799127807, 0.0035971503528079794, 0.0022147760153363285], [0.004578675782841305, 0.0022147760153363285, 0.03889433446290637]], "chi2_level": 0.99, "chi2_df": 3, "chi2_threshold": 11.344866730144373, "N_raw": 34, "N_roi": 34, "N_inlier": 32, "refit": true}
{"timestamp": "13:59:12.366311", "frame": 88, "mu": [1.0171286693654125, 2.6614772901404984, 1.1744722092189597], "Sigma": [[0.008556893195866585, -0.004170068033537573, -0.005234601946675091], [-0.004170068033537573, 0.0034279721548512087, -0.0004387001377930777], [-0.005234601946675091, -0.0004387001377930774, 0.011643343849790194]], "chi2_level": 0.99, "chi2_df": 3, "chi2_threshold": 11.344866730144373, "N_raw": 36, "N_roi": 36, "N_inlier": 33, "refit": true}
{"timestamp": "13:59:12.419051", "frame": 89, "mu": [1.0455401990059088, 2.7694962917517487, 0.5824665794002409], "Sigma": [[0.008008300088170309, -0.005249700154805667, -0.008805563849399938], [-0.005249700154805666, 0.008472882987496428, -0.01567685786140227], [-0.008805563849399938, -0.01567685786140227, 0.2329674864690781]], "chi2_level": 0.99, "chi2_df": 3, "chi2_threshold": 11.344866730144373, "N_raw": 18, "N_roi": 18, "N_inlier": 18, "refit": true}
{"timestamp": "13:59:12.476551", "frame": 90, "mu": [1.1094086500377358, 2.7337783879428392, 1.055682161117637], "Sigma": [[0.006482527020518142, -0.0035240542895299577, -0.001913830979380929], [-0.0035240542895299577, 0.004264449954971856, -0.006810635733664943], [-0.001913830979380929, -0.006810635733664943, 0.040496906291565306]], "chi2_level": 0.99, "chi2_df": 3, "chi2_threshold": 11.344866730144373, "N_raw": 31, "N_roi": 31, "N_inlier": 29, "refit": true}
{"timestamp": "13:59:12.532693", "frame": 91, "mu": [1.1712370132123844, 2.725416345998263, 1.059300504241782], "Sigma": [[0.008825862591231701, -0.003135961306843609, -0.004502864954974098], [-0.003135961306843609, 0.0018237525245537705, -0.0019044099197232192], [-0.004502864954974098, -0.0019044099197232192, 0.14667784690995353]], "chi2_level": 0.99, "chi2_df": 3, "chi2_threshold": 11.344866730144373, "N_raw": 38, "N_roi": 38, "N_inlier": 35, "refit": true}
{"timestamp": "13:59:12.591292", "frame": 92, "mu": [1.1530366077080403, 2.8182265481430084, 1.135807783647433], "Sigma": [[0.013952711584379782, -0.004703264421506249, -0.004989387706748996], [-0.004703264421506249, 0.005581283914809808, -0.0037051287821444627], [-0.004989387706748996, -0.0037051287821444627, 0.018660480795385473]], "chi2_level": 0.99, "chi2_df": 3, "chi2_threshold": 11.344866730144373, "N_raw": 64, "N_roi": 61, "N_inlier": 56, "refit": true}
{"timestamp": "13:59:12.642978", "frame": 93, "mu": [1.2119563280928174, 2.8517234197666013, 1.3068709425789053], "Sigma": [[0.008407834937648037, -0.00426995843056703, -0.01090548688043355], [-0.004269958430567031, 0.0067421399314477925, 0.01697248759295358], [-0.01090548688043355, 0.016972487592953577, 0.1510610510455063]], "chi2_level": 0.99, "chi2_df": 3, "chi2_threshold": 11.344866730144373, "N_raw": 40, "N_roi": 40, "N_inlier": 38, "refit": true}
{"timestamp": "13:59:12.699483", "frame": 94, "mu": [1.2200075094029992, 2.8182230222950153, 0.6544671034028253], "Sigma": [[0.012590018725486636, -0.0034564211321621496, 0.012890166980329897], [-0.0034564211321621496, 0.006922173995090022, 0.01355927209537981], [0.012890166980329899, 0.01355927209537981, 0.10630531492888115]], "chi2_level": 0.99, "chi2_df": 3, "chi2_threshold": 11.344866730144373, "N_raw": 50, "N_roi": 50, "N_inlier": 50, "refit": true}
{"timestamp": "13:59:12.751711", "frame": 95, "mu": [1.3067860223200558, 2.9361595710516983, 1.3658905892728919], "Sigma": [[0.011710642454402608, -0.0060297590311585575, -0.004437262361841771], [-0.0060297590311585575, 0.00566631427047374, 0.00047225193167984615], [-0.004437262361841771, 0.0004722519316798462, 0.00455285300530103]], "chi2_level": 0.99, "chi2_df": 3, "chi2_threshold": 11.344866730144373, "N_raw": 37, "N_roi": 37, "N_inlier": 35, "refit": true}
{"timestamp": "13:59:12.807395", "frame": 96, "mu": [1.3155808517742071, 3.015870403840616, 1.409051931723777], "Sigma": [[0.016147027318763888, -0.00644840846016, -0.004963379934337685], [-0.00644840846016, 0.005938205574032916, 0.002070150172193627], [-0.004963379934337685, 0.0020701501721936267, 0.002780736675363285]], "chi2_level": 0.99, "chi2_df": 3, "chi2_threshold": 11.344866730144373, "N_raw": 43, "N_roi": 43, "N_inlier": 40, "refit": true}
{"timestamp": "13:59:12.916436", "frame": 98, "mu": [1.376792835959276, 3.1161990960704036, 1.3087730048230117], "Sigma": [[0.010171267231231641, -0.00351702475880333, 0.001267768289740423], [-0.00351702475880333, 0.004438700566883701, 0.0036073691203850995], [0.001267768289740423, 0.0036073691203850995, 0.05115124050555245]], "chi2_level": 0.99, "chi2_df": 3, "chi2_threshold": 11.344866730144373, "N_raw": 36, "N_roi": 36, "N_inlier": 33, "refit": true}
{"timestamp": "13:59:12.974259", "frame": 99, "mu": [1.46073959723654, 3.1551561478081696, 1.1846231073653266], "Sigma": [[0.01614544205714055, -0.007146889179600829, -0.009617255665362116], [-0.007146889179600828, 0.007559175048986835, -0.005002763146669722], [-0.009617255665362116, -0.005002763146669722, 0.03822880309561549]], "chi2_level": 0.99, "chi2_df": 3, "chi2_threshold": 11.344866730144373, "N_raw": 54, "N_roi": 54, "N_inlier": 52, "refit": true}
{"timestamp": "13:59:13.165585", "frame": 101, "mu": [1.501070012426118, 3.2237940786620074, 1.2905524423561827], "Sigma": [[0.0060995899377143505, -0.0009146432649495845, -0.006606375224999456], [-0.0009146432649495845, 0.0025414626850240466, -0.00566537880272747], [-0.006606375224999456, -0.00566537880272747, 0.0774707851071278]], "chi2_level": 0.99, "chi2_df": 3, "chi2_threshold": 11.344866730144373, "N_raw": 14, "N_roi": 14, "N_inlier": 14, "refit": true}
{"timestamp": "13:59:13.189585", "frame": 102, "mu": [1.5492919554428821, 3.302403415447465, 0.9797476176056146], "Sigma": [[0.015581392740814154, -0.008879145788741747, -0.0007195528766363395], [-0.008879145788741747, 0.008183381032160793, -0.008723577521482666], [-0.0007195528766363395, -0.008723577521482666, 0.08703954292114452]], "chi2_level": 0.99, "chi2_df": 3, "chi2_threshold": 11.344866730144373, "N_raw": 36, "N_roi": 36, "N_inlier": 36, "refit": true}
{"timestamp": "13:59:13.205926", "frame": 103, "mu": [1.5675734228131821, 3.301892961957926, 1.083501366414862], "Sigma": [[0.020299990046980763, -0.008244675799793195, -0.009301518160921781], [-0.008244675799793195, 0.006552020921003264, -0.00402462007890489], [-0.009301518160921781, -0.004024620078904889, 0.041100640256087645]], "chi2_level": 0.99, "chi2_df": 3, "chi2_threshold": 11.344866730144373, "N_raw": 57, "N_roi": 57, "N_inlier": 56, "refit": true}
{"timestamp": "13:59:13.251676", "frame": 104, "mu": [1.5683003236947994, 3.33634318856272, 1.1219314158333438], "Sigma": [[0.018216548833549492, -0.006749362102582979, 0.001075833333350058], [-0.006749362102582979, 0.004253746193703814, -0.0037213177484277356], [0.0010758333333500583, -0.0037213177484277356, 0.009749633899159374]], "chi2_level": 0.99, "chi2_df": 3, "chi2_threshold": 11.344866730144373, "N_raw": 41, "N_roi": 41, "N_inlier": 39, "refit": true}
{"timestamp": "13:59:13.303878", "frame": 105, "mu": [1.6058734417221217, 3.3913247758731115, 1.2175500687888696], "Sigma": [[0.014620225673756827, -0.0067662795187064615, -0.0036887656473525315], [-0.006766279518706461, 0.004926805883882388, -0.0034106108261865355], [-0.0036887656473525315, -0.0034106108261865355, 0.05133227238666521]], "chi2_level": 0.99, "chi2_df": 3, "chi2_threshold": 11.344866730144373, "N_raw": 47, "N_roi": 47, "N_inlier": 46, "refit": true}
{"timestamp": "13:59:13.353791", "frame": 106, "mu": [1.5682497720948534, 3.493008442019315, 1.2851285304762772], "Sigma": [[0.005386213761370187, -0.002486446659882325, -0.008814589184538264], [-0.002486446659882325, 0.0027900535020324306, 0.009631988629180242], [-0.008814589184538264, 0.009631988629180242, 0.08412644912600972]], "chi2_level": 0.99, "chi2_df": 3, "chi2_threshold": 11.344866730144373, "N_raw": 14, "N_roi": 14, "N_inlier": 14, "refit": true}
{"timestamp": "13:59:13.407817", "frame": 107, "mu": [1.7323695296302133, 3.561579548697899, 0.05896164695408017], "Sigma": [[0.005911042816233375, -0.003587635654466856, 0.00799461181704205], [-0.003587635654466856, 0.00611940327567785, -0.017988953340182422], [0.00799461181704205, -0.017988953340182422, 0.060565350261643815]], "chi2_level": 0.99, "chi2_df": 3, "chi2_threshold": 11.344866730144373, "N_raw": 15, "N_roi": 15, "N_inlier": 14, "refit": true}
{"timestamp": "13:59:13.464537", "frame": 108, "mu": [1.6633304665808863, 3.585526941687961, -0.8523125777341369], "Sigma": [[0.00964030229884313, 0.0030397922873085566, 0.0460319540411914], [0.0030397922873085566, 0.004449351340934021, 0.030647416441740023], [0.0460319540411914, 0.03064741644174002, 0.375636767761696]], "chi2_level": 0.99, "chi2_df": 3, "chi2_threshold": 11.344866730144373, "N_raw": 24, "N_roi": 24, "N_inlier": 24, "refit": true}
{"timestamp": "13:59:13.519042", "frame": 109, "mu": [1.7606188364705324, 3.6006364928933237, 1.1239483828904877], "Sigma": [[0.013371885462288584, -0.0060759386287460825, -0.009489766098848131], [-0.0060759386287460825, 0.004527365335051387, 0.00032079535518417723], [-0.009489766098848131, 0.00032079535518417745, 0.025419404540123307]], "chi2_level": 0.99, "chi2_df": 3, "chi2_threshold": 11.344866730144373, "N_raw": 23, "N_roi": 23, "N_inlier": 23, "refit": true}
{"timestamp": "13:59:13.575360", "frame": 110, "mu": [1.7867057079443065, 3.7029698540352443, 0.21382249320280633], "Sigma": [[0.0112481235345078, -0.004618017315162039, -0.0031539280412279562], [-0.00461801731516204, 0.006455537863770215, -0.0036343117780157416], [-0.003153928041227957, -0.003634311778015742, 0.0077377940868820945]], "chi2_level": 0.99, "chi2_df": 3, "chi2_threshold": 11.344866730144373, "N_raw": 26, "N_roi": 26, "N_inlier": 26, "refit": true}
{"timestamp": "13:59:13.630401", "frame": 111, "mu": [1.8400915650399583, 3.6867909489057267, 1.3879058071349561], "Sigma": [[0.0136811505123751, -0.006362116900892167, -0.011301617115529834], [-0.006362116900892167, 0.004943923356616162, 0.0009742953729044411], [-0.011301617115529834, 0.0009742953729044414, 0.022638131845027776]], "chi2_level": 0.99, "chi2_df": 3, "chi2_threshold": 11.344866730144373, "N_raw": 30, "N_roi": 30, "N_inlier": 30, "refit": true}
{"timestamp": "13:59:13.796644", "frame": 114, "mu": [1.9111589704051366, 3.7878537441154068, 1.554084705033199], "Sigma": [[0.01943506660057577, -0.006737743723393488, -0.008806228257929854], [-0.0067377437233934875, 0.006945931487755341, 0.0017865538574520436], [-0.008806228257929854, 0.0017865538574520438, 0.006649832458782606]], "chi2_level": 0.99, "chi2_df": 3, "chi2_threshold": 11.344866730144373, "N_raw": 43, "N_roi": 43, "N_inlier": 42, "refit": true}
{"timestamp": "13:59:13.850818", "frame": 115, "mu": [1.9071788620898407, 3.8288618317179397, 0.5245023415377286], "Sigma": [[0.014021609205666202, -0.0041460088815541965, -0.009665121063594781], [-0.004146008881554197, 0.004889043762457765, 0.0015284723592901036], [-0.009665121063594781, 0.0015284723592901036, 0.00966441377783071]], "chi2_level": 0.99, "chi2_df": 3, "chi2_threshold": 11.344866730144373, "N_raw": 32, "N_roi": 30, "N_inlier": 29, "refit": true}
{"timestamp": "13:59:13.906688", "frame": 116, "mu": [1.941919757375648, 3.9072594561332874, 1.5090284157307041], "Sigma": [[0.016014783143890196, -0.004665562951149349, -0.005964718981390524], [-0.004665562951149349, 0.005945251657717017, 0.003078964706961222], [-0.005964718981390524, 0.003078964706961222, 0.004972688452621664]], "chi2_level": 0.99, "chi2_df": 3, "chi2_threshold": 11.344866730144373, "N_raw": 38, "N_roi": 36, "N_inlier": 35, "refit": true}
{"timestamp": "13:59:13.960949", "frame": 117, "mu": [1.9985779798861036, 3.962182048165168, 1.6596597159908058], "Sigma": [[0.015561725196762521, -0.007622780813080935, -0.0033016979396004315], [-0.007622780813080935, 0.0066762271006608215, 0.0022422346497039452], [-0.0033016979396004315, 0.0022422346497039452, 0.0034342079931009694]], "chi2_level": 0.99, "chi2_df": 3, "chi2_threshold": 11.344866730144373, "N_raw": 29, "N_roi": 24, "N_inlier": 23, "refit": true}
{"timestamp": "13:59:14.233514", "frame": 122, "mu": [2.2269879308270695, 4.096538083074994, 1.1198960092793435], "Sigma": [[0.011672791081029346, -0.006469960420163351, -0.00624586198556449], [-0.006469960420163349, 0.006021975663209242, 0.0023095358517112845], [-0.00624586198556449, 0.0023095358517112845, 0.00662731276011303]], "chi2_level": 0.99, "chi2_df": 3, "chi2_threshold": 11.344866730144373, "N_raw": 21, "N_roi": 21, "N_inlier": 19, "refit": true}
{"timestamp": "13:59:14.288612", "frame": 123, "mu": [2.2092144298426604, 4.157794531251006, 1.0486960442791489], "Sigma": [[0.012804888206259076, -0.006558312461225122, -0.0010737340581665647], [-0.006558312461225121, 0.004287280242566216, 0.0006081207339773903], [-0.0010737340581665642, 0.0006081207339773903, 0.0012049852934506303]], "chi2_level": 0.99, "chi2_df": 3, "chi2_threshold": 11.344866730144373, "N_raw": 14, "N_roi": 11, "N_inlier": 11, "refit": true}
{"timestamp": "13:59:14.342535", "frame": 124, "mu": [2.2800058334027313, 4.180448851630576, 1.3553625119068902], "Sigma": [[0.010758857984040726, -0.004801308510032555, -0.005769432474638046], [-0.004801308510032555, 0.004688667060871733, 0.0005963365839077423], [-0.005769432474638046, 0.0005963365839077427, 0.008755394250046566]], "chi2_level": 0.99, "chi2_df": 3, "chi2_threshold": 11.344866730144373, "N_raw": 14, "N_roi": 12, "N_inlier": 12, "refit": true}
