{"timestamp": "12:59:29.946740", "frame": 33, "mu": [-2.4230392634199704, 4.275126339639625, 0.9327659324972266], "Sigma": [[0.0020263918190248104, 0.0029612819337337657, -0.0028142729501172588], [0.0029612819337337657, 0.0162728208053017, -0.009081962889426172], [-0.0028142729501172588, -0.00908196288942617, 0.008015182126385766]], "chi2_level": 0.99, "chi2_df": 3, "chi2_threshold": 11.344866730144373, "N_raw": 36, "N_roi": 12, "N_inlier": 12, "refit": true}
{"timestamp": "12:59:29.999906", "frame": 34, "mu": [-2.4188144308932227, 4.157725504042385, 0.8519754010682488], "Sigma": [[0.0026767293874761, 0.00073091064190724, -0.0012707425886311259], [0.00073091064190724, 0.002545817047825906, 0.00023685985052503166], [-0.0012707425886311259, 0.00023685985052503177, 0.002050742065361543]], "chi2_level": 0.99, "chi2_df": 3, "chi2_threshold": 11.344866730144373, "N_raw": 30, "N_roi": 9, "N_inlier": 9, "refit": true}
{"timestamp": "12:59:30.054198", "frame": 35, "mu": [-2.4035306608129834, 4.208675288152362, 1.0258288804631945], "Sigma": [[0.005786507423668954, 0.0024560696891074802, -0.001984081231236159], [0.0024560696891074802, 0.002820783430785339, -0.0012914480708416697], [-0.001984081231236159, -0.00129144807084167, 0.001012905414926626]], "chi2_level": 0.99, "chi2_df": 3, "chi2_threshold": 11.344866730144373, "N_raw": 21, "N_roi": 10, "N_inlier": 10, "refit": true}
{"timestamp": "12:59:30.111854", "frame": 36, "mu": [-2.309144197450472, 4.2047920102333824, 0.9075814096811444], "Sigma": [[0.015804345576632524, 0.0039148640530145065, -0.009565569527820231], [0.0039148640530145065, 0.005963852256191737, -0.0006582276910854992], [-0.009565569527820233, -0.0006582276910854993, 0.007233049560726827]], "chi2_level": 0.99, "chi2_df": 3, "chi2_threshold": 11.344866730144373, "N_raw": 40, "N_roi": 26, "N_inlier": 26, "refit": true}
{"timestamp": "12:59:30.165580", "frame": 37, "mu": [-2.2411075481433285, 3.905011894097446, 1.0738003312881856], "Sigma": [[0.46771773862682314, -0.7724144663726616, 0.14706043418843057], [-0.7724144663726616, 1.279457179286581, -0.24462901799434508], [0.14706043418843057, -0.24462901799434505, 0.04723064126662589]], "chi2_level": 0.99, "chi2_df": 3, "chi2_threshold": 11.344866730144373, "N_raw": 14, "N_roi": 7, "N_inlier": 7, "refit": true}
{"timestamp": "12:59:30.220358", "frame": 38, "mu": [-2.1527672477514326, 4.218958086996135, 0.88654816030371], "Sigma": [[0.016819921147417635, 0.005319775783571382, -0.011334702047120122], [0.005319775783571382, 0.0030547364264252377, -0.002421096194257507], [-0.011334702047120122, -0.002421096194257507, 0.00930044235516215]], "chi2_level": 0.99, "chi2_df": 3, "chi2_threshold": 11.344866730144373, "N_raw": 15, "N_roi": 14, "N_inlier": 12, "refit": true}
{"timestamp": "12:59:30.274070", "frame": 39, "mu": [-2.217517569635553, 4.329283258702986, 0.17086193787061865], "Sigma": [[0.0063791932408235365, 0.0018248512691507548, -0.003589662771140499], [0.0018248512691507552, 0.0015861818557136697, 0.0007636768514220423], [-0.0035896627711404995, 0.0007636768514220424, 0.006394139911346256]], "chi2_level": 0.99, "chi2_df": 3, "chi2_threshold": 11.344866730144373, "N_raw": 7, "N_roi": 6, "N_inlier": 6, "refit": true}
{"timestamp": "12:59:30.329589", "frame": 40, "mu": [-1.8747844197823937, 3.735294248305429, 1.1784439114117582], "Sigma": [[0.5839463944800538, -1.0967433407946365, 0.3070655956484242], [-1.0967433407946365, 2.06083541809826, -0.5764060731882502], [0.3070655956484243, -0.5764060731882501, 0.16704075033100954]], "chi2_level": 0.99, "chi2_df": 3, "chi2_threshold": 11.344866730144373, "N_raw": 6, "N_roi": 6, "N_inlier": 6, "refit": true}
{"timestamp": "12:59:30.492980", "frame": 43, "mu": [-2.094959107269563, 4.342565277796238, 1.0133109658445372], "Sigma": [[0.0010996373035109667, -0.003475025796604378, -0.003952438706627239], [-0.0034750257966043785, 0.011106382192949743, 0.012926257649087843], [-0.003952438706627239, 0.012926257649087843, 0.015804721889400717]], "chi2_level": 0.99, "chi2_df": 3, "chi2_threshold": 11.344866730144373, "N_raw": 5, "N_roi": 5, "N_inlier": 5, "refit": true}
{"timestamp": "12:59:30.659280", "frame": 46, "mu": [-2.0130195668734086, 4.398086766798896, 0.9750827019069317], "Sigma": [[0.002939890142768715, -0.00010849022639625194, -1.071206640232048e-05], [-0.00010849022639625188, 0.0023787455794147356, -0.000566374809270549], [-1.0712066402320466e-05, -0.0005663748092705491, 0.00013636496769384003]], "chi2_level": 0.99, "chi2_df": 3, "chi2_threshold": 11.344866730144373, "N_raw": 9, "N_roi": 9, "N_inlier": 7, "refit": true}
{"timestamp": "12:59:30.712674", "frame": 47, "mu": [-1.9880157247863015, 4.389744813414738, 0.6952263159312365], "Sigma": [[0.0002728050525406974, -0.0006566665588751059, 0.00013148669257284344], [-0.0006566665588751059, 0.002813375766461575, -0.006802163899666907], [0.00013148669257284344, -0.006802163899666907, 0.10632803968410076]], "chi2_level": 0.99, "chi2_df": 3, "chi2_threshold": 11.344866730144373, "N_raw": 5, "N_roi": 5, "N_inlier": 5, "refit": true}
{"timestamp": "12:59:30.773148", "frame": 48, "mu": [-2.0047285575285136, 4.437362149469749, 1.24808320689006], "Sigma": [[0.030668917861325494, 0.011878797460838652, -0.010916535831546965], [0.011878797460838652, 0.009551106093187883, -0.001124709718862463], [-0.010916535831546965, -0.0011247097188624626, 0.007877032662604299]], "chi2_level": 0.99, "chi2_df": 3, "chi2_threshold": 11.344866730144373, "N_raw": 40, "N_roi": 40, "N_inlier": 39, "refit": true}
{"timestamp": "12:59:30.835284", "frame": 49, "mu": [-1.8890274847804447, 4.4459458702007195, 1.215240382419927], "Sigma": [[0.03514407290814597, 0.010769982676294119, -0.02177795498736137], [0.010769982676294119, 0.009687808259411434, -0.006286488124659024], [-0.021777954987361365, -0.006286488124659026, 0.015383209292322715]], "chi2_level": 0.99, "chi2_df": 3, "chi2_threshold": 11.344866730144373, "N_raw": 56, "N_roi": 56, "N_inlier": 54, "refit": true}
{"timestamp": "12:59:30.882564", "frame": 50, "mu": [-1.9198081941239376, 4.402970472941856, 1.2551380171443136], "Sigma": [[0.018049004240790464, 0.01306509188967031, 0.013469343480558218], [0.01306509188967031, 0.015788354035638788, 0.01825592841272481], [0.013469343480558218, 0.01825592841272481, 0.02544602035530746]], "chi2_level": 0.99, "chi2_df": 3, "chi2_threshold": 11.344866730144373, "N_raw": 33, "N_roi": 33, "N_inlier": 31, "refit": true}
{"timestamp": "12:59:30.941324", "frame": 51, "mu": [-1.8355525755190187, 4.510710801637472, 0.350165475078543], "Sigma": [[0.029237114090041948, 0.014596820530385883, 0.0015120374003488564], [0.014596820530385883, 0.01277472411182686, -0.000778793828536264], [0.001512037400348856, -0.000778793828536264, 0.004888634280618876]], "chi2_level": 0.99, "chi2_df": 3, "chi2_threshold": 11.344866730144373, "N_raw": 49, "N_roi": 45, "N_inlier": 45, "refit": true}
{"timestamp": "12:59:30.996195", "frame": 52, "mu": [-1.7722990899369073, 4.472492189643284, 1.1310920630440284], "Sigma": [[0.03416942116047728, 0.00945180862439703, -0.0193585003614508], [0.00945180862439703, 0.009243329858899562, -0.0037321112066042213], [-0.019358500361450797, -0.0037321112066042213, 0.014138175802385666]], "chi2_level": 0.99, "chi2_df": 3, "chi2_threshold": 11.344866730144373, "N_raw": 56, "N_roi": 53, "N_inlier": 52, "refit": true}
{"timestamp": "12:59:31.052471", "frame": 53, "mu": [-1.7224805216516514, 4.489143390784358, -0.685528234753589], "Sigma": [[0.02351938698375549, 0.019546299374369157, 0.05334053649571115], [0.019546299374369157, 0.02756854337232094, 0.06987762088314174], [0.053340536495711154, 0.06987762088314174, 0.24815210600303153]], "chi2_level": 0.99, "chi2_df": 3, "chi2_threshold": 11.344866730144373, "N_raw": 35, "N_roi": 35, "N_inlier": 34, "refit": true}
{"timestamp": "12:59:31.099124", "frame": 54, "mu": [-1.5514918662903845, 4.485346309797357, 1.1473491906507256], "Sigma": [[0.0025238718055398085, 0.0013115400322588873, -0.000317867897165107], [0.0013115400322588873, 0.0037530037992642186, -0.0007742716554004441], [-0.000317867897165107, -0.0007742716554004441, 0.00016186073867454964]], "chi2_level": 0.99, "chi2_df": 3, "chi2_threshold": 11.344866730144373, "N_raw": 10, "N_roi": 7, "N_inlier": 7, "refit": true}
{"timestamp": "12:59:31.154761", "frame": 55, "mu": [-1.559013446034352, 4.57334046865017, 1.4225868932151058], "Sigma": [[0.012309542812617114, 0.0025256070361917332, -0.008402481112168512], [0.0025256070361917332, 0.001019172097840718, -0.002948160349545925], [-0.008402481112168512, -0.002948160349545925, 0.010397036261794232]], "chi2_level": 0.99, "chi2_df": 3, "chi2_threshold": 11.344866730144373, "N_raw": 18, "N_roi": 11, "N_inlier": 10, "refit": true}
{"timestamp": "12:59:31.209355", "frame": 56, "mu": [-1.328006175846483, 3.901317858101721, 1.0961801214407396], "Sigma": [[0.2080246860848421, -0.6214841000541762, 0.15073419048817085], [-0.6214841000541762, 1.909825166626002, -0.4105773779747098], [0.15073419048817085, -0.4105773779747098, 0.13898047544888004]], "chi2_level": 0.99, "chi2_df": 3, "chi2_threshold": 11.344866730144373, "N_raw": 7, "N_roi": 5, "N_inlier": 5, "refit": true}
{"timestamp": "12:59:31.324198", "frame": 58, "mu": [-1.4454160660727433, 4.339275227568171, 0.8932404319682307], "Sigma": [[0.024531843754484875, 0.00403718992911027, -0.01261660309819176], [0.0040371899291102705, 0.002166988166920775, -0.0025887323831534767], [-0.01261660309819176, -0.0025887323831534767, 0.008043396406972549]], "chi2_level": 0.99, "chi2_df": 3, "chi2_threshold": 11.344866730144373, "N_raw": 50, "N_roi": 29, "N_inlier": 27, "refit": true}
{"timestamp": "12:59:31.430021", "frame": 60, "mu": [-1.2743589682480019, 4.371552548355812, 0.9303539277170163], "Sigma": [[0.008626502860376967, 0.0011724442357853746, -0.004327606227394345], [0.0011724442357853746, 0.0009998534845361813, -0.0005965538011866163], [-0.004327606227394346, -0.0005965538011866163, 0.0032752152915373972]], "chi2_level": 0.99, "chi2_df": 3, "chi2_threshold": 11.344866730144373, "N_raw": 13, "N_roi": 11, "N_inlier": 10, "refit": true}
{"timestamp": "12:59:31.486015", "frame": 61, "mu": [-1.3037189698147602, 4.449172656488228, 0.8016533147260476], "Sigma": [[0.013491053248660338, 0.002113238436254089, -0.006006101313005327], [0.002113238436254089, 0.0031246791904457395, -0.0033344244474302967], [-0.006006101313005327, -0.0033344244474302967, 0.006685978943872534]], "chi2_level": 0.99, "chi2_df": 3, "chi2_threshold": 11.344866730144373, "N_raw": 26, "N_roi": 26, "N_inlier": 26, "refit": true}
{"timestamp": "12:59:31.543026", "frame": 62, "mu": [-1.2765213079177538, 4.374721580261436, 0.9967294432879865], "Sigma": [[0.020415359135372624, 0.004039676706671462, -0.011266139809015283], [0.004039676706671461, 0.003515335164526036, -0.0031440581580405354], [-0.011266139809015283, -0.003144058158040535, 0.008431654420984381]], "chi2_level": 0.99, "chi2_df": 3, "chi2_threshold": 11.344866730144373, "N_raw": 36, "N_roi": 35, "N_inlier": 34, "refit": true}
{"timestamp": "12:59:31.594536", "frame": 63, "mu": [-1.2834063190102678, 4.3961311392068225, 1.036607964698793], "Sigma": [[0.013626818935945011, -0.006377549975199039, -0.005120507734525041], [-0.006377549975199039, 0.004334910462666306, 0.001000088569017396], [-0.005120507734525042, 0.0010000885690173962, 0.006585897670184498]], "chi2_level": 0.99, "chi2_df": 3, "chi2_threshold": 11.344866730144373, "N_raw": 5, "N_roi": 5, "N_inlier": 5, "refit": true}
{"timestamp": "12:59:31.654044", "frame": 64, "mu": [-1.1869630169208616, 4.468921485651531, 0.9682529592982617], "Sigma": [[0.021064871741129025, 0.0017637462167377637, -0.009839204421363962], [0.0017637462167377637, 0.0029377189178004795, -0.003373624182091819], [-0.009839204421363962, -0.003373624182091819, 0.010454654408497853]], "chi2_level": 0.99, "chi2_df": 3, "chi2_threshold": 11.344866730144373, "N_raw": 43, "N_roi": 39, "N_inlier": 36, "refit": true}
{"timestamp": "12:59:31.761309", "frame": 66, "mu": [-1.0809220485252604, 4.431162895558918, 0.9381787174654537], "Sigma": [[0.013617600746701366, 0.0016606789873791468, -0.0025939730136682283], [0.0016606789873791466, 0.003053308700975682, -0.0013140852761581484], [-0.0025939730136682283, -0.0013140852761581484, 0.0010462915013637246]], "chi2_level": 0.99, "chi2_df": 3, "chi2_threshold": 11.344866730144373, "N_raw": 29, "N_roi": 27, "N_inlier": 27, "refit": true}
{"timestamp": "12:59:31.818231", "frame": 67, "mu": [-1.025467739382266, 4.407618083306663, 0.9490396173596363], "Sigma": [[0.0033229624790450055, 0.0015242469122336761, -0.0022111627214597114], [0.0015242469122336763, 0.001796737840099982, -0.0027622749106112655], [-0.0022111627214597123, -0.0027622749106112655, 0.006627447742567954]], "chi2_level": 0.99, "chi2_df": 3, "chi2_threshold": 11.344866730144373, "N_raw": 10, "N_roi": 10, "N_inlier": 10, "refit": true}
{"timestamp": "12:59:31.868846", "frame": 68, "mu": [-1.024228369174239, 4.569144848468008, 1.2600359767434108], "Sigma": [[0.006550931590598691, 0.0008701300262500504, -0.004305654437420276], [0.0008701300262500505, 0.0006887285519498848, -0.0013715345261741405], [-0.004305654437420276, -0.0013715345261741405, 0.00654333571799915]], "chi2_level": 0.99, "chi2_df": 3, "chi2_threshold": 11.344866730144373, "N_raw": 12, "N_roi": 9, "N_inlier": 9, "refit": true}
{"timestamp": "12:59:31.984229", "frame": 70, "mu": [-0.9478783709830141, 4.49519658983455, 1.0849002049299616], "Sigma": [[0.021967514069733962, 0.0022318377728311103, -0.008495335153887836], [0.0022318377728311103, 0.0030588343038516486, -0.0017699927769094664], [-0.008495335153887836, -0.0017699927769094662, 0.005640912380448462]], "chi2_level": 0.99, "chi2_df": 3, "chi2_threshold": 11.344866730144373, "N_raw": 41, "N_roi": 37, "N_inlier": 34, "refit": true}
{"timestamp": "12:59:32.037750", "frame": 71, "mu": [-0.930685694052961, 4.54028366235901, 0.2159919233788215], "Sigma": [[0.019189291669145445, 0.004635899438041293, -0.008819753162235834], [0.004635899438041293, 0.0029788249313260507, -0.003220679775837025], [-0.008819753162235834, -0.0032206797758370246, 0.005422388108166342]], "chi2_level": 0.99, "chi2_df": 3, "chi2_threshold": 11.344866730144373, "N_raw": 27, "N_roi": 24, "N_inlier": 23, "refit": true}
{"timestamp": "12:59:32.149948", "frame": 73, "mu": [-0.7825483852843435, 4.5755147237076175, 0.607972234706229], "Sigma": [[0.025113433359101305, 0.0053841537863110545, -0.011604848906550856], [0.005384153786311054, 0.0027285379574914716, 0.002554811350445262], [-0.011604848906550853, 0.002554811350445261, 0.024063703456024557]], "chi2_level": 0.99, "chi2_df": 3, "chi2_threshold": 11.344866730144373, "N_raw": 41, "N_roi": 37, "N_inlier": 37, "refit": true}
{"timestamp": "12:59:32.204197", "frame": 74, "mu": [-0.705482396123793, 4.6508041745270265, 1.4557674149897981], "Sigma": [[0.024110112779251687, 0.0023290544053870457, -0.005062643840919797], [0.0023290544053870457, 0.0029983159171808396, -0.0016549033278605001], [-0.005062643840919797, -0.0016549033278605, 0.005255502448630807]], "chi2_level": 0.99, "chi2_df": 3, "chi2_threshold": 11.344866730144373, "N_raw": 44, "N_roi": 39, "N_inlier": 36, "refit": true}
{"timestamp": "12:59:32.313973", "frame": 76, "mu": [-0.5837802165009031, 4.588336279561976, 1.3343739908177406], "Sigma": [[0.02942559559234411, 0.004202573139210455, -0.00702041706951729], [0.004202573139210455, 0.006375766952829996, 0.008349954499827433], [-0.0070204170695172905, 0.008349954499827433, 0.018609366644090176]], "chi2_level": 0.99, "chi2_df": 3, "chi2_threshold": 11.344866730144373, "N_raw": 42, "N_roi": 38, "N_inlier": 37, "refit": true}
{"timestamp": "12:59:32.369339", "frame": 77, "mu": [-0.6406817756624592, 4.459898384075725, 0.9615747787678496], "Sigma": [[0.026803188208337568, 0.0022884172994014117, -0.005088541040913049], [0.0022884172994014117, 0.002637398090872529, -0.0013237485487134107], [-0.005088541040913049, -0.0013237485487134107, 0.0029770236833188157]], "chi2_level": 0.99, "chi2_df": 3, "chi2_threshold": 11.344866730144373, "N_raw": 38, "N_roi": 34, "N_inlier": 33, "refit": true}
{"timestamp": "12:59:32.419660", "frame": 78, "mu": [-0.5800605543500363, 4.545273633270884, 1.125173720333456], "Sigma": [[0.00863753000947745, 0.001013692273880969, -0.0006092648752465879], [0.0010136922738809692, 0.0030349668893402903, 0.0016514657600001986], [-0.0006092648752465878, 0.0016514657600001982, 0.001758428969959948]], "chi2_level": 0.99, "chi2_df": 3, "chi2_threshold": 11.344866730144373, "N_raw": 14, "N_roi": 11, "N_inlier": 10, "refit": true}
{"timestamp": "12:59:32.478119", "frame": 79, "mu": [-0.5523479517323739, 4.5044244263477795, 1.110440958982636], "Sigma": [[0.019726064970138353, 0.003443853461133167, -0.002266593835190242], [0.0034438534611331666, 0.0033590688514310504, -0.0001397120668415116], [-0.002266593835190242, -0.00013971206684151158, 0.0004667083275212896]], "chi2_level": 0.99, "chi2_df": 3, "chi2_threshold": 11.344866730144373, "N_raw": 33, "N_roi": 29, "N_inlier": 27, "refit": true}
{"timestamp": "12:59:32.584292", "frame": 81, "mu": [-0.4156673605512744, 4.540287783420536, 1.253349678071802], "Sigma": [[0.007793160316566363, 0.0017123096509861577, -0.0002555451671208872], [0.0017123096509861582, 0.004641653687315113, 0.0027204632855880916], [-0.00025554516712088726, 0.0027204632855880916, 0.002720680050028174]], "chi2_level": 0.99, "chi2_df": 3, "chi2_threshold": 11.344866730144373, "N_raw": 10, "N_roi": 10, "N_inlier": 10, "refit": true}
{"timestamp": "12:59:32.640994", "frame": 82, "mu": [-0.3799779122396589, 4.491208770871069, 1.022726778149798], "Sigma": [[0.0015343456500203794, 0.0019749682524672144, -0.003067140997929094], [0.0019749682524672144, 0.0031262969491923547, -0.0061816685944861656], [-0.003067140997929094, -0.0061816685944861656, 0.01892586927457819]], "chi2_level": 0.99, "chi2_df": 3, "chi2_threshold": 11.344866730144373, "N_raw": 13, "N_roi": 5, "N_inlier": 5, "refit": true}
{"timestamp": "12:59:32.694045", "frame": 83, "mu": [-0.2917141653178633, 4.578496747249772, 0.9949966788493664], "Sigma": [[0.021233968631427028, -0.004230016661157535, 0.055267855584510486], [-0.004230016661157535, 0.0034832991404183025, -0.023378826006920896], [0.05526785558451048, -0.023378826006920896, 0.20676078043663712]], "chi2_level": 0.99, "chi2_df": 3, "chi2_threshold": 11.344866730144373, "N_raw": 8, "N_roi": 5, "N_inlier": 5, "refit": true}
{"timestamp": "12:59:32.806238", "frame": 85, "mu": [-0.27246006461209826, 4.50517704301678, 1.25584627698581], "Sigma": [[0.01691557714698847, -0.0008962550381626953, -0.00647053540473272], [-0.0008962550381626952, 0.002633082975962853, 0.0009977432567544534], [-0.00647053540473272, 0.0009977432567544534, 0.003781086897946483]], "chi2_level": 0.99, "chi2_df": 3, "chi2_threshold": 11.344866730144373, "N_raw": 23, "N_roi": 23, "N_inlier": 23, "refit": true}
{"timestamp": "12:59:32.861390", "frame": 86, "mu": [-0.17760029258451285, 4.53608543995787, 0.007440039347445748], "Sigma": [[0.017102087345084865, 0.0027880271373307963, 0.035008437254175157], [0.002788027137330796, 0.0035353539788949345, 0.01774331601974243], [0.035008437254175157, 0.017743316019742425, 0.22793090538693128]], "chi2_level": 0.99, "chi2_df": 3, "chi2_threshold": 11.344866730144373, "N_raw": 27, "N_roi": 27, "N_inlier": 27, "refit": true}
{"timestamp": "12:59:32.916164", "frame": 87, "mu": [-0.08967546694697104, 4.441721543916142, 1.1664604453484082], "Sigma": [[0.01992278846304637, -0.0006200344725664328, -0.011602916568308846], [-0.0006200344725664329, 0.0017685110393274855, 0.000818774265577911], [-0.011602916568308847, 0.000818774265577911, 0.008138244613009696]], "chi2_level": 0.99, "chi2_df": 3, "chi2_threshold": 11.344866730144373, "N_raw": 25, "N_roi": 25, "N_inlier": 24, "refit": true}
{"timestamp": "12:59:33.076676", "frame": 90, "mu": [-0.00471393522778764, 3.9704393267899127, 1.3184368039430838], "Sigma": [[0.0015578228076799144, -0.02797038534311433, 0.0011418342741741283], [-0.02797038534311433, 2.1123961982995696, -0.25555925544389446], [0.001141834274174128, -0.25555925544389446, 0.03549815636884819]], "chi2_level": 0.99, "chi2_df": 3, "chi2_threshold": 11.344866730144373, "N_raw": 5, "N_roi": 5, "N_inlier": 5, "refit": true}
{"timestamp": "12:59:33.139086", "frame": 91, "mu": [0.022937802330924097, 4.496990765532143, 1.3213167808220392], "Sigma": [[0.026280639536271883, -0.0018941113361158853, -0.012561811670482054], [-0.001894111336115885, 0.004573400520691829, 0.005203251058581167], [-0.012561811670482054, 0.005203251058581166, 0.011268441272706924]], "chi2_level": 0.99, "chi2_df": 3, "chi2_threshold": 11.344866730144373, "N_raw": 43, "N_roi": 41, "N_inlier": 40, "refit": true}
{"timestamp": "12:59:33.190513", "frame": 92, "mu": [-0.010168694423222399, 4.5489510686600765, 1.1411781314977372], "Sigma": [[0.009962046569085439, -0.0010164295755986743, -0.002865208795526976], [-0.0010164295755986743, 0.00100545180629458, -0.001431034704730974], [-0.002865208795526976, -0.0014310347047309742, 0.007220011854135487]], "chi2_level": 0.99, "chi2_df": 3, "chi2_threshold": 11.344866730144373, "N_raw": 16, "N_roi": 16, "N_inlier": 14, "refit": true}
{"timestamp": "12:59:33.248274", "frame": 93, "mu": [0.11159202815147781, 4.5221792229978925, 1.204924168748362], "Sigma": [[0.018688143559156295, -0.004255970921560965, -0.009271160882513403], [-0.004255970921560964, 0.004511037097078872, 0.0019174192491105747], [-0.009271160882513403, 0.001917419249110575, 0.006433473877764686]], "chi2_level": 0.99, "chi2_df": 3, "chi2_threshold": 11.344866730144373, "N_raw": 37, "N_roi": 37, "N_inlier": 35, "refit": true}
{"timestamp": "12:59:33.303513", "frame": 94, "mu": [0.16234285866071138, 4.48393905296789, 1.2885959794445117], "Sigma": [[0.01708771841474122, -0.0014775313450310977, -0.007930425662371246], [-0.0014775313450310977, 0.004343634123754449, 0.004826105744368524], [-0.007930425662371246, 0.004826105744368524, 0.009995786129024265]], "chi2_level": 0.99, "chi2_df": 3, "chi2_threshold": 11.344866730144373, "N_raw": 34, "N_roi": 32, "N_inlier": 31, "refit": true}
{"timestamp": "12:59:33.411028", "frame": 96, "mu": [0.26261337979438987, 4.650715051880537, 0.6089213530463707], "Sigma": [[0.01830853471225516, 0.0007457354228679954, -0.01003609739328679], [0.0007457354228679954, 0.0017026324001012565, -0.0009708457763989637], [-0.01003609739328679, -0.0009708457763989637, 0.007590107219092305]], "chi2_level": 0.99, "chi2_df": 3, "chi2_threshold": 11.344866730144373, "N_raw": 22, "N_roi": 22, "N_inlier": 21, "refit": true}
{"timestamp": "12:59:33.467429", "frame": 97, "mu": [0.28162428494450975, 4.630337049070894, 1.5333745597213628], "Sigma": [[0.017466079937454523, -0.00013527942464488342, -0.010659096761998369], [-0.00013527942464488358, 0.0023851479691823865, -0.00021572557857873158], [-0.010659096761998369, -0.00021572557857873153, 0.009812674936184776]], "chi2_level": 0.99, "chi2_df": 3, "chi2_threshold": 11.344866730144373, "N_raw": 30, "N_roi": 30, "N_inlier": 28, "refit": true}
{"timestamp": "12:59:33.577853", "frame": 99, "mu": [0.317315588131937, 4.500484188233248, 1.1913216485044194], "Sigma": [[0.01818151242789707, -0.0021120869899791646, -0.009392489886954482], [-0.0021120869899791646, 0.001883827725936967, -0.00034921050318553585], [-0.009392489886954482, -0.00034921050318553564, 0.008226857323025407]], "chi2_level": 0.99, "chi2_df": 3, "chi2_threshold": 11.344866730144373, "N_raw": 26, "N_roi": 25, "N_inlier": 24, "refit": true}
{"timestamp": "12:59:33.710882", "frame": 100, "mu": [0.40218824208977993, 4.464014513024311, 1.0631858191629628], "Sigma": [[0.02186275732294523, -0.0036695756372840923, -0.01339134923496597], [-0.0036695756372840923, 0.0016930650546199048, 0.001152757837263638], [-0.01339134923496597, 0.0011527578372636379, 0.011600451215129462]], "chi2_level": 0.99, "chi2_df": 3, "chi2_threshold": 11.344866730144373, "N_raw": 28, "N_roi": 25, "N_inlier": 25, "refit": true}
{"timestamp": "12:59:33.734156", "frame": 101, "mu": [0.4352755010304049, 4.467983066541471, 0.9773131846241399], "Sigma": [[0.023189543649625236, -0.003143069834277274, -0.010835945237743522], [-0.0031430698342772736, 0.0019866585463562407, -0.0014817914690200187], [-0.010835945237743522, -0.0014817914690200189, 0.01359961730904472]], "chi2_level": 0.99, "chi2_df": 3, "chi2_threshold": 11.344866730144373, "N_raw": 40, "N_roi": 36, "N_inlier": 36, "refit": true}
{"timestamp": "12:59:33.793308", "frame": 103, "mu": [0.5855999287121061, 4.5429051449168645, 0.830794243802718], "Sigma": [[0.01399649989616333, 0.007847280903451935, -0.04748941606875672], [0.007847280903451936, 0.004663538318771439, -0.026961479911583233], [-0.04748941606875672, -0.026961479911583233, 0.17028441068649325]], "chi2_level": 0.99, "chi2_df": 3, "chi2_threshold": 11.344866730144373, "N_raw": 9, "N_roi": 6, "N_inlier": 6, "refit": true}
{"timestamp": "12:59:33.850233", "frame": 104, "mu": [0.5324501053480779, 4.550208691784244, 0.24049774862625484], "Sigma": [[0.02205838549572836, -0.0010526280996090629, -0.009628144363348263], [-0.0010526280996090629, 0.002268419133000838, -0.0007743490506091556], [-0.009628144363348263, -0.0007743490506091555, 0.006117828270514727]], "chi2_level": 0.99, "chi2_df": 3, "chi2_threshold": 11.344866730144373, "N_raw": 28, "N_roi": 28, "N_inlier": 28, "refit": true}
{"timestamp": "12:59:34.070322", "frame": 108, "mu": [0.6193613203042236, 4.726850351916207, 0.24092914946573385], "Sigma": [[0.018890645758384967, -0.0020223235431830987, -0.0003186940289325358], [-0.0020223235431830982, 0.0011807433191761668, -0.00091577588771226], [-0.00031869402893253595, -0.00091577588771226, 0.0012270197172239649]], "chi2_level": 0.99, "chi2_df": 3, "chi2_threshold": 11.344866730144373, "N_raw": 21, "N_roi": 21, "N_inlier": 21, "refit": true}
{"timestamp": "12:59:34.125127", "frame": 109, "mu": [0.6333912425974912, 4.734301522062116, 0.3377782418823559], "Sigma": [[0.010657861342748862, -0.003255106384887718, -0.005583650113242589], [-0.003255106384887718, 0.0013778526910636767, 0.0014599960429871814], [-0.005583650113242589, 0.0014599960429871814, 0.00540482209774618]], "chi2_level": 0.99, "chi2_df": 3, "chi2_threshold": 11.344866730144373, "N_raw": 15, "N_roi": 11, "N_inlier": 10, "refit": true}
{"timestamp": "12:59:34.182144", "frame": 110, "mu": [0.7976740306949772, 4.670321685398537, 0.5737707382597546], "Sigma": [[0.013408806032066331, -0.009820260002423902, 0.01514253852968389], [-0.009820260002423902, 0.01912625250044804, -0.04490684351858493], [0.015142538529683893, -0.04490684351858493, 0.12162035479174665]], "chi2_level": 0.99, "chi2_df": 3, "chi2_threshold": 11.344866730144373, "N_raw": 24, "N_roi": 19, "N_inlier": 19, "refit": true}
{"timestamp": "12:59:34.233923", "frame": 111, "mu": [0.7974472612381467, 4.665029962546306, 0.3168146195518639], "Sigma": [[0.003676729811299193, -0.0016368834759607986, 0.0024890687141013237], [-0.0016368834759607986, 0.042162673676803104, -0.0793398620808323], [0.0024890687141013237, -0.07933986208083228, 0.1511234105627791]], "chi2_level": 0.99, "chi2_df": 3, "chi2_threshold": 11.344866730144373, "N_raw": 10, "N_roi": 5, "N_inlier": 5, "refit": true}
{"timestamp": "12:59:34.290971", "frame": 112, "mu": [0.8572136543695139, 4.707721984250107, 0.5012096854389909], "Sigma": [[0.01652623492047959, -0.012735336903145576, 0.01047445474054233], [-0.012735336903145576, 0.023530437246500533, -0.04370264479850909], [0.01047445474054233, -0.04370264479850909, 0.1383197185102645]], "chi2_level": 0.99, "chi2_df": 3, "chi2_threshold": 11.344866730144373, "N_raw": 18, "N_roi": 16, "N_inlier": 16, "refit": true}
{"timestamp": "12:59:34.348643", "frame": 113, "mu": [1.0472289241039077, 4.478943892053076, 0.29622780959452605], "Sigma": [[0.015809405288693373, -0.0026041294403409995, -0.0038584288702011], [-0.0026041294403409995, 0.003517202095030964, -1.3103866829224488e-05], [-0.0038584288702010992, -1.3103866829224529e-05, 0.00215063587402541]], "chi2_level": 0.99, "chi2_df": 3, "chi2_threshold": 11.344866730144373, "N_raw": 34, "N_roi": 31, "N_inlier": 30, "refit": true}
{"timestamp": "12:59:34.399082", "frame": 114, "mu": [1.1007050576236834, 4.52499129114935, 1.0360403341415592], "Sigma": [[0.0030072242428422344, 0.0005986103067175285, -0.004559593882946548], [0.0005986103067175286, 0.021904733639315173, -0.04990671667228618], [-0.004559593882946548, -0.04990671667228618, 0.1260776447211455]], "chi2_level": 0.99, "chi2_df": 3, "chi2_threshold": 11.344866730144373, "N_raw": 10, "N_roi": 9, "N_inlier": 9, "refit": true}
{"timestamp": "12:59:34.452957", "frame": 115, "mu": [1.1175113910435026, 4.460813666275519, 1.2300835787509594], "Sigma": [[0.003954646052165052, -0.0009796901507248168, -0.0019484153705456415], [-0.0009796901507248166, 0.01018669059054167, 0.01004878946539006], [-0.0019484153705456415, 0.010048789465390059, 0.01639763087659883]], "chi2_level": 0.99, "chi2_df": 3, "chi2_threshold": 11.344866730144373, "N_raw": 5, "N_roi": 5, "N_inlier": 5, "refit": true}
{"timestamp": "12:59:34.511103", "frame": 116, "mu": [1.179654271112148, 4.463808959387818, 1.046648924483848], "Sigma": [[0.010657472046712569, -0.004910821638439253, -0.001795064641014549], [-0.004910821638439254, 0.004207901588433176, -0.005374569588103668], [-0.0017950646410145495, -0.005374569588103668, 0.06222780293439324]], "chi2_level": 0.99, "chi2_df": 3, "chi2_threshold": 11.344866730144373, "N_raw": 21, "N_roi": 21, "N_inlier": 20, "refit": true}
{"timestamp": "12:59:34.564389", "frame": 117, "mu": [1.0782597093563981, 4.71526048386458, -0.07443454837083704], "Sigma": [[0.00555922075010373, -0.011539950743962914, 0.028775085212838107], [-0.011539950743962914, 0.028041146768787606, -0.0671418633684952], [0.028775085212838107, -0.0671418633684952, 0.16706415459386464]], "chi2_level": 0.99, "chi2_df": 3, "chi2_threshold": 11.344866730144373, "N_raw": 9, "N_roi": 9, "N_inlier": 9, "refit": true}
{"timestamp": "12:59:34.619187", "frame": 118, "mu": [1.245684458896692, 4.5293177942416545, 1.094132601020158], "Sigma": [[0.008282070614041352, -0.0024418808823799807, -0.004822753092108092], [-0.0024418808823799807, 0.004085942826810479, 0.000961368526482195], [-0.004822753092108093, 0.000961368526482195, 0.004657560572555037]], "chi2_level": 0.99, "chi2_df": 3, "chi2_threshold": 11.344866730144373, "N_raw": 12, "N_roi": 12, "N_inlier": 12, "refit": true}
{"timestamp": "12:59:34.675297", "frame": 119, "mu": [1.2450206041931833, 4.620847475021789, 0.16110231018830734], "Sigma": [[0.00018048001144812934, -0.0006111223411725805, 0.001645950124730911], [-0.0006111223411725804, 0.0083371873540818, -0.014388451433777807], [0.001645950124730911, -0.014388451433777807, 0.029300842717833786]], "chi2_level": 0.99, "chi2_df": 3, "chi2_threshold": 11.344866730144373, "N_raw": 8, "N_roi": 5, "N_inlier": 5, "refit": true}
{"timestamp": "12:59:34.728989", "frame": 120, "mu": [1.3183835682959832, 4.506245042871042, 1.125358083600606], "Sigma": [[0.0006610765978811753, -0.0003465964981991568, -0.0008087663042234154], [-0.00034659649819915653, 0.007168934822518567, -0.009169152886164024], [-0.0008087663042234154, -0.009169152886164024, 0.023202642315840957]], "chi2_level": 0.99, "chi2_df": 3, "chi2_threshold": 11.344866730144373, "N_raw": 6, "N_roi": 6, "N_inlier": 6, "refit": true}
{"timestamp": "12:59:34.784032", "frame": 121, "mu": [1.3450254918952975, 4.535785804237538, 0.7797588439270742], "Sigma": [[0.0023349368052225945, -0.001356314270664068, 0.004544661003479855], [-0.001356314270664068, 0.00676878616689757, -0.020528382766003394], [0.004544661003479854, -0.020528382766003394, 0.10545177093618738]], "chi2_level": 0.99, "chi2_df": 3, "chi2_threshold": 11.344866730144373, "N_raw": 8, "N_roi": 8, "N_inlier": 8, "refit": true}
{"timestamp": "12:59:34.838557", "frame": 122, "mu": [1.2652888470994774, 4.604886981993431, 0.49273491490303845], "Sigma": [[0.0013546326450554049, -0.001134493454027508, 0.0073426365290599205], [-0.001134493454027508, 0.0012054574347334622, -0.0058040822377790225], [0.0073426365290599205, -0.0058040822377790225, 0.05279494756609257]], "chi2_level": 0.99, "chi2_df": 3, "chi2_threshold": 11.344866730144373, "N_raw": 5, "N_roi": 5, "N_inlier": 5, "refit": true}
{"timestamp": "12:59:34.952147", "frame": 124, "mu": [1.3954733242352877, 4.4920446282186175, 1.160295650761201], "Sigma": [[0.024925984344211193, -0.007928241044346397, -0.007389065508353079], [-0.007928241044346399, 0.005069835752897009, -0.0012405988936113215], [-0.007389065508353079, -0.0012405988936113213, 0.019187558876877907]], "chi2_level": 0.99, "chi2_df": 3, "chi2_threshold": 11.344866730144373, "N_raw": 27, "N_roi": 27, "N_inlier": 25, "refit": true}
{"timestamp": "12:59:35.058335", "frame": 126, "mu": [1.2286062610750268, 3.913919615800575, 0.24168549518594973], "Sigma": [[0.2429480586979604, 0.768526855071858, 0.09424063091283685], [0.768526855071858, 2.4425437213343644, 0.30079579931056394], [0.09424063091283685, 0.30079579931056394, 0.037458755637820265]], "chi2_level": 0.99, "chi2_df": 3, "chi2_threshold": 11.344866730144373, "N_raw": 5, "N_roi": 5, "N_inlier": 5, "refit": true}
{"timestamp": "12:59:35.279105", "frame": 130, "mu": [1.737971538292962, 4.468570228601687, 0.8283258267397872], "Sigma": [[0.006249192907044856, -0.006108310469439329, 0.020250723978916696], [-0.00610831046943933, 0.016775315340358907, -0.05802372156019846], [0.020250723978916696, -0.05802372156019845, 0.2322817845264141]], "chi2_level": 0.99, "chi2_df": 3, "chi2_threshold": 11.344866730144373, "N_raw": 6, "N_roi": 6, "N_inlier": 6, "refit": true}
{"timestamp": "12:59:35.941725", "frame": 142, "mu": [2.0674775522928934, 4.176690660295095, 0.9723002356760639], "Sigma": [[0.018798704092186338, -0.008802817289684699, -0.005564507429652284], [-0.008802817289684699, 0.005577298812061833, 0.0016693670256941317], [-0.005564507429652284, 0.0016693670256941317, 0.0038895537240041956]], "chi2_level": 0.99, "chi2_df": 3, "chi2_threshold": 11.344866730144373, "N_raw": 25, "N_roi": 22, "N_inlier": 21, "refit": true}
{"timestamp": "12:59:35.995042", "frame": 143, "mu": [2.071187476553137, 4.166674920158156, 0.9385466671835968], "Sigma": [[0.011233267456859172, -0.005408728757646049, -0.00656727233639629], [-0.005408728757646049, 0.004011906712677812, -0.00029110397348234196], [-0.00656727233639629, -0.0002911039734823423, 0.0256848884075129]], "chi2_level": 0.99, "chi2_df": 3, "chi2_threshold": 11.344866730144373, "N_raw": 16, "N_roi": 14, "N_inlier": 14, "refit": true}
{"timestamp": "12:59:36.049024", "frame": 144, "mu": [1.935826318495914, 3.6120273125071343, 1.0933207489872185], "Sigma": [[0.41677966387101056, 0.8408410776065476, -0.178886388375151], [0.8408410776065476, 1.7119278414570407, -0.34934895254854026], [-0.178886388375151, -0.34934895254854026, 0.08699849859358263]], "chi2_level": 0.99, "chi2_df": 3, "chi2_threshold": 11.344866730144373, "N_raw": 8, "N_roi": 6, "N_inlier": 6, "refit": true}
{"timestamp": "12:59:36.108881", "frame": 145, "mu": [2.1280633440378307, 4.1456178810173085, -0.7135508435996125], "Sigma": [[0.026036565620411137, -0.0034361153475497854, 0.06014328095617925], [-0.0034361153475497854, 0.005826495563614211, 0.00619995708875685], [0.060143280956179254, 0.006199957088756851, 0.2477172990930213]], "chi2_level": 0.99, "chi2_df": 3, "chi2_threshold": 11.344866730144373, "N_raw": 40, "N_roi": 36, "N_inlier": 36, "refit": true}
{"timestamp": "12:59:36.162271", "frame": 146, "mu": [2.1187129604605524, 4.085848114333248, 1.0651242607691707], "Sigma": [[0.019915110559509473, -0.010765024444215902, -0.007149009975722819], [-0.010765024444215902, 0.007607448583177697, 0.0014360733474317895], [-0.007149009975722819, 0.0014360733474317899, 0.009500129723983166]], "chi2_level": 0.99, "chi2_df": 3, "chi2_threshold": 11.344866730144373, "N_raw": 29, "N_roi": 27, "N_inlier": 27, "refit": true}
{"timestamp": "12:59:36.271276", "frame": 148, "mu": [2.1014098027326247, 4.064504215459364, 1.2028320514948907], "Sigma": [[0.023321782334753613, -0.012140447927694496, -0.007173043422143231], [-0.012140447927694493, 0.007697063572201258, 0.0025173305389793255], [-0.007173043422143229, 0.0025173305389793264, 0.006560014720783238]], "chi2_level": 0.99, "chi2_df": 3, "chi2_threshold": 11.344866730144373, "N_raw": 29, "N_roi": 26, "N_inlier": 25, "refit": true}
{"timestamp": "12:59:36.379711", "frame": 150, "mu": [2.1768150818816374, 3.976222909777529, 0.8949300034156253], "Sigma": [[0.008232572641302133, -0.004244381503475885, -0.002329313071141756], [-0.004244381503475885, 0.0025690693535580025, -0.001048170006434078], [-0.002329313071141756, -0.0010481700064340778, 0.015350969571786575]], "chi2_level": 0.99, "chi2_df": 3, "chi2_threshold": 11.344866730144373, "N_raw": 17, "N_roi": 12, "N_inlier": 11, "refit": true}
{"timestamp": "12:59:36.434811", "frame": 151, "mu": [2.219850177477093, 3.9275672747165777, 0.9430124214624265], "Sigma": [[0.01343172857986877, -0.004482367695970916, -0.008601025035239466], [-0.004482367695970916, 0.0038492022306899965, 0.00299804215625074], [-0.008601025035239466, 0.00299804215625074, 0.008369419205469226]], "chi2_level": 0.99, "chi2_df": 3, "chi2_threshold": 11.344866730144373, "N_raw": 16, "N_roi": 13, "N_inlier": 12, "refit": true}
{"timestamp": "12:59:36.492351", "frame": 152, "mu": [2.30077930698791, 3.860137070662419, 1.0180672685081977], "Sigma": [[0.01590776655356373, -0.006405765809670153, -0.0084380050922843], [-0.006405765809670152, 0.0045629092595612635, 0.0022152208777575246], [-0.0084380050922843, 0.0022152208777575246, 0.006989907539809455]], "chi2_level": 0.99, "chi2_df": 3, "chi2_threshold": 11.344866730144373, "N_raw": 27, "N_roi": 22, "N_inlier": 21, "refit": true}
{"timestamp": "12:59:36.547147", "frame": 153, "mu": [2.302358961225019, 3.978742123576015, -0.02274449518082508], "Sigma": [[0.013819808059172916, -0.007103014439777069, -0.0024528876530558125], [-0.00710301443977707, 0.007284488048122067, -0.00657134455886783], [-0.0024528876530558125, -0.00657134455886783, 0.018318240348389976]], "chi2_level": 0.99, "chi2_df": 3, "chi2_threshold": 11.344866730144373, "N_raw": 29, "N_roi": 28, "N_inlier": 26, "refit": true}
{"timestamp": "12:59:36.600167", "frame": 154, "mu": [2.242301332856949, 3.962263913824227, -0.02975726916962078], "Sigma": [[0.006309783854157184, -0.0014363368743333653, -0.004708429309639496], [-0.0014363368743333651, 0.0044453234213532805, -0.013127745456827874], [-0.004708429309639496, -0.013127745456827874, 0.0891762785558865]], "chi2_level": 0.99, "chi2_df": 3, "chi2_threshold": 11.344866730144373, "N_raw": 12, "N_roi": 11, "N_inlier": 11, "refit": true}
{"timestamp": "12:59:36.654026", "frame": 155, "mu": [2.1365456031100143, 3.839294583140481, 1.0946304838323346], "Sigma": [[0.0020756775042141593, 0.0014535016829210258, -0.006164364083693263], [0.0014535016829210258, 0.001133494061789481, -0.004951778356366323], [-0.006164364083693263, -0.004951778356366324, 0.036780511662699855]], "chi2_level": 0.99, "chi2_df": 3, "chi2_threshold": 11.344866730144373, "N_raw": 5, "N_roi": 5, "N_inlier": 5, "refit": true}
{"timestamp": "12:59:36.714863", "frame": 156, "mu": [2.157391737700723, 3.7757161862960156, 1.0068329036244326], "Sigma": [[0.02517230418299535, -0.014473996196194529, -0.013686500714363664], [-0.014473996196194529, 0.010998158650960465, 0.004339718549373067], [-0.013686500714363663, 0.004339718549373067, 0.016783686093757067]], "chi2_level": 0.99, "chi2_df": 3, "chi2_threshold": 11.344866730144373, "N_raw": 48, "N_roi": 45, "N_inlier": 44, "refit": true}
