{"timestamp": "12:09:58.083859", "frame": 1, "mu": [2.032055925622288, 1.3775454161274694, 1.125930301507055], "Sigma": [[0.003987596885837282, -0.007984769996021964, 0.012088965236568348], [-0.007984769996021964, 0.021712788704692808, -0.03573289637376768], [0.012088965236568348, -0.03573289637376768, 0.06342964181530003]], "chi2_level": 0.99, "chi2_df": 3, "chi2_threshold": 11.344866730144373, "N_raw": 7, "N_roi": 7, "N_inlier": 7, "refit": true}
{"timestamp": "12:09:58.139013", "frame": 2, "mu": [2.003699781015214, 1.4598007564126585, 1.0795615285457856], "Sigma": [[0.005505381778726734, -0.007218423967170198, 0.007183954075596122], [-0.0072184239671702, 0.02738179982436799, -0.031465500259994145], [0.0071839540755961225, -0.031465500259994145, 0.03702316817813412]], "chi2_level": 0.99, "chi2_df": 3, "chi2_threshold": 11.344866730144373, "N_raw": 5, "N_roi": 5, "N_inlier": 5, "refit": true}
{"timestamp": "12:09:58.358360", "frame": 6, "mu": [2.1217902594241815, 1.2899803375765213, 1.0724002869169083], "Sigma": [[0.0005787657482005095, 0.0003259604367915372, -0.0033850400228232903], [0.0003259604367915372, 0.0014804449858714615, -0.003205085734985712], [-0.0033850400228232908, -0.0032050857349857124, 0.02125779119775115]], "chi2_level": 0.99, "chi2_df": 3, "chi2_threshold": 11.344866730144373, "N_raw": 6, "N_roi": 5, "N_inlier": 5, "refit": true}
{"timestamp": "12:09:58.413978", "frame": 7, "mu": [2.029501695537753, 1.3384308304782728, 1.2596940656942959], "Sigma": [[0.003925836767515356, -0.0014189551378193548, -0.010790214061539193], [-0.0014189551378193548, 0.007041336325784498, -0.006819265681455585], [-0.010790214061539195, -0.006819265681455585, 0.056215206420475394]], "chi2_level": 0.99, "chi2_df": 3, "chi2_threshold": 11.344866730144373, "N_raw": 7, "N_roi": 7, "N_inlier": 7, "refit": true}
{"timestamp": "12:09:58.468811", "frame": 8, "mu": [2.1225553811909963, 1.2095722065841152, 1.0860763230709822], "Sigma": [[0.003506854973206102, -0.002350635702839344, -0.009541363842950186], [-0.002350635702839344, 0.009537125956176272, 0.005651663329731393], [-0.009541363842950186, 0.0056516633297313944, 0.04212311821841148]], "chi2_level": 0.99, "chi2_df": 3, "chi2_threshold": 11.344866730144373, "N_raw": 9, "N_roi": 9, "N_inlier": 9, "refit": true}
{"timestamp": "12:09:58.523781", "frame": 9, "mu": [1.9543686475543505, 1.5099372228597798, 1.0174019878852958], "Sigma": [[0.0015494635490084622, -0.0035571643783979465, -0.00033876817791610457], [-0.0035571643783979465, 0.021246328483298646, -0.005715221380998386], [-0.00033876817791610457, -0.005715221380998386, 0.0039486972056865625]], "chi2_level": 0.99, "chi2_df": 3, "chi2_threshold": 11.344866730144373, "N_raw": 5, "N_roi": 5, "N_inlier": 5, "refit": true}
{"timestamp": "12:09:58.580617", "frame": 10, "mu": [2.0329177630737343, 1.3372915886924366, 1.1501233933081343], "Sigma": [[0.0027559960562934757, -0.0039151315811516135, 0.0002767079940671843], [-0.0039151315811516135, 0.01548088292928677, -0.006527732661258775], [0.0002767079940671843, -0.006527732661258775, 0.006148156737569933]], "chi2_level": 0.99, "chi2_df": 3, "chi2_threshold": 11.344866730144373, "N_raw": 18, "N_roi": 18, "N_inlier": 17, "refit": true}
{"timestamp": "12:09:58.634889", "frame": 11, "mu": [2.0469435663357296, 1.2717701318914485, 1.1487145175947353], "Sigma": [[0.004850652001375817, -0.008458139370278155, -0.0041921066778325905], [-0.008458139370278155, 0.022604423827054288, -0.005639491207407508], [-0.0041921066778325905, -0.005639491207407508, 0.03452486751184032]], "chi2_level": 0.99, "chi2_df": 3, "chi2_threshold": 11.344866730144373, "N_raw": 13, "N_roi": 13, "N_inlier": 13, "refit": true}
{"timestamp": "12:09:58.691234", "frame": 12, "mu": [2.0544149053171834, 1.281369256835855, 1.1187205163328873], "Sigma": [[0.004412450276294368, -0.004077137815909373, -0.0027414267420876283], [-0.004077137815909373, 0.007342807754465824, 0.0012981050752577591], [-0.002741426742087628, 0.0012981050752577594, 0.0027392050160431796]], "chi2_level": 0.99, "chi2_df": 3, "chi2_threshold": 11.344866730144373, "N_raw": 20, "N_roi": 20, "N_inlier": 19, "refit": true}
{"timestamp": "12:09:58.747424", "frame": 13, "mu": [2.066570963831498, 1.237103122136429, 1.164479841722551], "Sigma": [[0.006045936256156696, -0.004566510512584035, -0.006651851991716397], [-0.004566510512584035, 0.008512006347136279, 0.0005957382485393512], [-0.006651851991716395, 0.0005957382485393512, 0.013731374434737587]], "chi2_level": 0.99, "chi2_df": 3, "chi2_threshold": 11.344866730144373, "N_raw": 32, "N_roi": 32, "N_inlier": 31, "refit": true}
{"timestamp": "12:09:58.858029", "frame": 15, "mu": [2.025810210569459, 1.2009431069885577, 0.9848526173871238], "Sigma": [[0.008535750299120399, -0.009451264433232166, -0.016964762667560397], [-0.009451264433232166, 0.015338993038538843, 0.012595888730096339], [-0.016964762667560394, 0.012595888730096339, 0.054267202188750197]], "chi2_level": 0.99, "chi2_df": 3, "chi2_threshold": 11.344866730144373, "N_raw": 20, "N_roi": 20, "N_inlier": 20, "refit": true}
{"timestamp": "12:09:58.913069", "frame": 16, "mu": [2.0787299535943413, 1.1685807247316615, 1.012240268059453], "Sigma": [[0.0049495383989777856, -0.0052043220096692575, -0.007189241399953763], [-0.0052043220096692575, 0.008775679540616232, 0.0036951843898961117], [-0.007189241399953763, 0.0036951843898961117, 0.02772385801019459]], "chi2_level": 0.99, "chi2_df": 3, "chi2_threshold": 11.344866730144373, "N_raw": 22, "N_roi": 22, "N_inlier": 22, "refit": true}
{"timestamp": "12:09:58.970295", "frame": 17, "mu": [1.978544525380029, 1.2249864957348104, 1.2217937763185054], "Sigma": [[0.007239349818769822, -0.004539870140131669, -0.005994119375430974], [-0.004539870140131669, 0.007739075087194505, 0.0019296671545004796], [-0.005994119375430973, 0.00192966715450048, 0.023151932300803837]], "chi2_level": 0.99, "chi2_df": 3, "chi2_threshold": 11.344866730144373, "N_raw": 30, "N_roi": 30, "N_inlier": 30, "refit": true}
{"timestamp": "12:09:59.024746", "frame": 18, "mu": [1.995224666692598, 1.1309181657167535, 1.2167052968611516], "Sigma": [[0.007417697394114828, -0.004572364783571125, -0.007080744276404011], [-0.004572364783571125, 0.006781325070706519, 0.0026874000290997577], [-0.00708074427640401, 0.002687400029099758, 0.019074259273626066]], "chi2_level": 0.99, "chi2_df": 3, "chi2_threshold": 11.344866730144373, "N_raw": 30, "N_roi": 30, "N_inlier": 30, "refit": true}
{"timestamp": "12:09:59.076294", "frame": 19, "mu": [1.9486578756645265, 1.1270089483787922, 1.1526347152530487], "Sigma": [[0.0023158058653676298, -0.0007504164020799147, -0.001834063546907409], [-0.0007504164020799147, 0.0034900341086413047, 0.005390476893866021], [-0.001834063546907409, 0.005390476893866022, 0.0454039848284046]], "chi2_level": 0.99, "chi2_df": 3, "chi2_threshold": 11.344866730144373, "N_raw": 14, "N_roi": 14, "N_inlier": 14, "refit": true}
{"timestamp": "12:09:59.131872", "frame": 20, "mu": [1.939011712489596, 1.107467080637659, 1.1858245679149924], "Sigma": [[0.004209722399300409, -0.00423217181670634, 0.0014937784664300641], [-0.00423217181670634, 0.010502562031772241, -0.011548113905753703], [0.0014937784664300635, -0.011548113905753703, 0.023986248766032465]], "chi2_level": 0.99, "chi2_df": 3, "chi2_threshold": 11.344866730144373, "N_raw": 14, "N_roi": 14, "N_inlier": 14, "refit": true}
{"timestamp": "12:09:59.186357", "frame": 21, "mu": [1.8823039948131353, 1.0243324977477954, 1.1112487297361215], "Sigma": [[0.005030421589685195, -0.00306878094425574, -0.007102308444558423], [-0.0030687809442557397, 0.007308887318690568, -0.010833204252136753], [-0.007102308444558422, -0.010833204252136752, 0.09760259971611526]], "chi2_level": 0.99, "chi2_df": 3, "chi2_threshold": 11.344866730144373, "N_raw": 9, "N_roi": 9, "N_inlier": 9, "refit": true}
{"timestamp": "12:09:59.246493", "frame": 22, "mu": [1.8511725457391222, 0.9765428746508705, 1.2011685005609651], "Sigma": [[0.007097480809159894, -0.005432199202785455, -0.0024234663365277193], [-0.005432199202785455, 0.011261724080788023, -0.0013231583288759923], [-0.0024234663365277193, -0.0013231583288759923, 0.002866097485557411]], "chi2_level": 0.99, "chi2_df": 3, "chi2_threshold": 11.344866730144373, "N_raw": 39, "N_roi": 39, "N_inlier": 37, "refit": true}
{"timestamp": "12:09:59.299725", "frame": 23, "mu": [1.7940841374249643, 0.9732320751440339, 1.2613807120594323], "Sigma": [[0.004771455675216678, -0.0021808497132330346, -0.004290688948784127], [-0.0021808497132330346, 0.005005559591701693, -0.0018316016332739654], [-0.004290688948784127, -0.0018316016332739654, 0.009443167852651894]], "chi2_level": 0.99, "chi2_df": 3, "chi2_threshold": 11.344866730144373, "N_raw": 28, "N_roi": 28, "N_inlier": 27, "refit": true}
{"timestamp": "12:09:59.355492", "frame": 24, "mu": [1.7649887816318153, 0.9154539351058343, 1.2770279511314633], "Sigma": [[0.008600515721995931, -0.005668072224956189, -0.005465326101230473], [-0.005668072224956188, 0.008144045497284142, 0.001910088940847299], [-0.005465326101230472, 0.0019100889408472993, 0.005000132938082594]], "chi2_level": 0.99, "chi2_df": 3, "chi2_threshold": 11.344866730144373, "N_raw": 33, "N_roi": 33, "N_inlier": 31, "refit": true}
{"timestamp": "12:09:59.409518", "frame": 25, "mu": [1.7302364802665653, 0.9144936476120321, 1.2921068778733122], "Sigma": [[0.006173972261202912, -0.003875569929999917, -0.001987035674151802], [-0.0038755699299999166, 0.007111719432176019, -0.000618544234646585], [-0.001987035674151802, -0.0006185442346465851, 0.0029234277545135325]], "chi2_level": 0.99, "chi2_df": 3, "chi2_threshold": 11.344866730144373, "N_raw": 29, "N_roi": 29, "N_inlier": 27, "refit": true}
{"timestamp": "12:09:59.464814", "frame": 26, "mu": [1.74374007725705, 0.8282544385505854, 1.2061300545864257], "Sigma": [[0.008132734922162108, -0.005639383164683372, -0.0033748782134200637], [-0.005639383164683372, 0.01516578932725481, 4.0592127677721796e-05], [-0.0033748782134200633, 4.059212767772147e-05, 0.014042116003152362]], "chi2_level": 0.99, "chi2_df": 3, "chi2_threshold": 11.344866730144373, "N_raw": 31, "N_roi": 31, "N_inlier": 30, "refit": true}
{"timestamp": "12:09:59.517914", "frame": 27, "mu": [1.7232488369764256, 0.7803828959492918, 1.0971940299726601], "Sigma": [[0.005654670181430174, -0.01220631747898334, 0.0015160392834798594], [-0.01220631747898334, 0.036492904200375306, -0.002379694608393147], [0.0015160392834798588, -0.002379694608393147, 0.03292201467800431]], "chi2_level": 0.99, "chi2_df": 3, "chi2_threshold": 11.344866730144373, "N_raw": 21, "N_roi": 21, "N_inlier": 21, "refit": true}
{"timestamp": "12:09:59.574962", "frame": 28, "mu": [1.66397125663733, 0.857594880787269, 1.0899438861157313], "Sigma": [[0.007504459837300361, -0.017338413673051778, 0.00972787172493246], [-0.017338413673051778, 0.051993550714330095, -0.03943579979164688], [0.00972787172493246, -0.03943579979164688, 0.039664931996095984]], "chi2_level": 0.99, "chi2_df": 3, "chi2_threshold": 11.344866730144373, "N_raw": 33, "N_roi": 33, "N_inlier": 31, "refit": true}
{"timestamp": "12:09:59.628968", "frame": 29, "mu": [1.64903973052485, 0.9503266309092339, -0.7040509034164153], "Sigma": [[0.0049868035039385165, -0.00955434237081747, 0.003490232543144519], [-0.00955434237081747, 0.03312413604824564, -0.015989140833078282], [0.003490232543144519, -0.015989140833078282, 0.010017883789729301]], "chi2_level": 0.99, "chi2_df": 3, "chi2_threshold": 11.344866730144373, "N_raw": 25, "N_roi": 25, "N_inlier": 23, "refit": true}
{"timestamp": "12:09:59.682871", "frame": 30, "mu": [1.5882887881049386, 0.8169359639742143, 1.2120298221664643], "Sigma": [[0.006587670835855295, -0.004333497438292605, -0.009498734542469113], [-0.004333497438292605, 0.006298970221184175, 0.0019994872101606487], [-0.009498734542469113, 0.0019994872101606505, 0.03178865952582122]], "chi2_level": 0.99, "chi2_df": 3, "chi2_threshold": 11.344866730144373, "N_raw": 19, "N_roi": 19, "N_inlier": 18, "refit": true}
{"timestamp": "12:09:59.740548", "frame": 31, "mu": [1.5207293319816917, 0.8478702592998941, 1.30663736633048], "Sigma": [[0.007496796925096658, -0.00458068512299108, -0.00916643516070956], [-0.00458068512299108, 0.006599038352380771, -0.00020359103366362607], [-0.00916643516070956, -0.0002035910336636265, 0.03560886654948786]], "chi2_level": 0.99, "chi2_df": 3, "chi2_threshold": 11.344866730144373, "N_raw": 35, "N_roi": 35, "N_inlier": 34, "refit": true}
{"timestamp": "12:09:59.791867", "frame": 32, "mu": [1.4572336368990786, 0.8958364692339471, 1.1196929570584166], "Sigma": [[0.0038132192628635704, 0.0006811378692911608, -0.01882398913571154], [0.0006811378692911607, 0.005686957396516147, 8.978129408385898e-05], [-0.018823989135711535, 8.978129408385898e-05, 0.11524037822594127]], "chi2_level": 0.99, "chi2_df": 3, "chi2_threshold": 11.344866730144373, "N_raw": 11, "N_roi": 10, "N_inlier": 10, "refit": true}
{"timestamp": "12:09:59.852309", "frame": 33, "mu": [1.4484662713071583, 0.7944887235148368, 1.186964341455346], "Sigma": [[0.006929523662074224, -0.006572742358651915, -0.0015428756849560194], [-0.006572742358651915, 0.012271583020755778, -0.009610674456879693], [-0.00154287568495602, -0.009610674456879693, 0.05301734476195214]], "chi2_level": 0.99, "chi2_df": 3, "chi2_threshold": 11.344866730144373, "N_raw": 43, "N_roi": 43, "N_inlier": 43, "refit": true}
{"timestamp": "12:09:59.903957", "frame": 34, "mu": [1.3980536596311426, 0.7591606586577588, 1.3268384851902186], "Sigma": [[0.013724149433466675, -0.014807247070050229, -0.013185368122851295], [-0.014807247070050229, 0.018116788344806754, 0.014281468570863782], [-0.013185368122851295, 0.014281468570863782, 0.014894281120377722]], "chi2_level": 0.99, "chi2_df": 3, "chi2_threshold": 11.344866730144373, "N_raw": 24, "N_roi": 24, "N_inlier": 24, "refit": true}
{"timestamp": "12:09:59.957133", "frame": 35, "mu": [1.3616594877634884, 0.9570463254708229, -0.6668920122873998], "Sigma": [[0.006164343801334778, -0.003079333045279994, -0.005979388520761478], [-0.003079333045279994, 0.008038734068049709, -0.010288861760000496], [-0.005979388520761478, -0.010288861760000496, 0.0392720367618145]], "chi2_level": 0.99, "chi2_df": 3, "chi2_threshold": 11.344866730144373, "N_raw": 12, "N_roi": 12, "N_inlier": 12, "refit": true}
{"timestamp": "12:10:00.017065", "frame": 36, "mu": [1.2212865710705734, 0.8503283459978239, 1.2725787105447306], "Sigma": [[0.008884062681354726, -0.009280123100277378, -0.013818110161444843], [-0.009280123100277378, 0.0114731466716528, 0.012809294718128183], [-0.013818110161444843, 0.012809294718128183, 0.06706020499592677]], "chi2_level": 0.99, "chi2_df": 3, "chi2_threshold": 11.344866730144373, "N_raw": 48, "N_roi": 48, "N_inlier": 47, "refit": true}
{"timestamp": "12:10:00.068974", "frame": 37, "mu": [1.250301869976111, 0.7483646191740319, 1.3461122386316475], "Sigma": [[0.005954349008787461, -0.005045742539067283, -0.0041462911435552795], [-0.005045742539067284, 0.005629458642105149, -9.377951007158306e-06], [-0.0041462911435552795, -9.377951007158631e-06, 0.018641812618864065]], "chi2_level": 0.99, "chi2_df": 3, "chi2_threshold": 11.344866730144373, "N_raw": 24, "N_roi": 24, "N_inlier": 22, "refit": true}
{"timestamp": "12:10:00.127540", "frame": 38, "mu": [1.2489598772886357, 0.6873732637217714, 1.23155256453285], "Sigma": [[0.005338995804494315, -0.003828579793918724, -0.002225207404904395], [-0.0038285797939187237, 0.012180351218503312, -0.0036265627067783076], [-0.002225207404904395, -0.0036265627067783076, 0.013655391756161645]], "chi2_level": 0.99, "chi2_df": 3, "chi2_threshold": 11.344866730144373, "N_raw": 45, "N_roi": 45, "N_inlier": 42, "refit": true}
{"timestamp": "12:10:00.185272", "frame": 39, "mu": [1.0691189558495444, 0.8807189021960611, 1.3949291102427932], "Sigma": [[0.011606796007892755, -0.005829971655741664, -0.008684964791576925], [-0.005829971655741665, 0.005710537945298188, 0.00226388699320274], [-0.008684964791576925, 0.00226388699320274, 0.008938050752541749]], "chi2_level": 0.99, "chi2_df": 3, "chi2_threshold": 11.344866730144373, "N_raw": 67, "N_roi": 67, "N_inlier": 64, "refit": true}
{"timestamp": "12:10:00.236417", "frame": 40, "mu": [0.957432821078513, 0.9109752528774306, 1.4510989439125148], "Sigma": [[0.011912476381259912, -0.00803403850525405, -0.013723233743684294], [-0.00803403850525405, 0.009029715461465134, 0.009730493226572004], [-0.013723233743684293, 0.009730493226572004, 0.018071974638509833]], "chi2_level": 0.99, "chi2_df": 3, "chi2_threshold": 11.344866730144373, "N_raw": 41, "N_roi": 41, "N_inlier": 38, "refit": true}
{"timestamp": "12:10:00.289604", "frame": 41, "mu": [0.9327352551738217, 0.8925588200688359, 1.3531093670911998], "Sigma": [[0.01140773210857183, -0.004632201834511402, -0.018978271436915127], [-0.004632201834511402, 0.008293504001034189, -0.0017186381604898243], [-0.018978271436915127, -0.0017186381604898243, 0.04840027293094455]], "chi2_level": 0.99, "chi2_df": 3, "chi2_threshold": 11.344866730144373, "N_raw": 23, "N_roi": 23, "N_inlier": 22, "refit": true}
{"timestamp": "12:10:00.341984", "frame": 42, "mu": [0.941800540409368, 0.845215508100138, 1.1304485371060695], "Sigma": [[0.011177494683766371, -0.00921383922373166, -0.001745959951365189], [-0.00921383922373166, 0.015873870040590505, -0.014802904155382223], [-0.001745959951365189, -0.014802904155382225, 0.09805772405765793]], "chi2_level": 0.99, "chi2_df": 3, "chi2_threshold": 11.344866730144373, "N_raw": 11, "N_roi": 11, "N_inlier": 10, "refit": true}
{"timestamp": "12:10:00.398922", "frame": 43, "mu": [0.831462048894488, 0.7750838229246828, 1.0719163197722241], "Sigma": [[0.008801763430545418, -0.003692069879937298, -0.009229803435310617], [-0.0036920698799372985, 0.04371632827460389, 0.07914079506508635], [-0.009229803435310617, 0.07914079506508635, 0.27382025997171505]], "chi2_level": 0.99, "chi2_df": 3, "chi2_threshold": 11.344866730144373, "N_raw": 20, "N_roi": 20, "N_inlier": 20, "refit": true}
{"timestamp": "12:10:00.460552", "frame": 44, "mu": [0.7895215463097183, 0.8775365537348968, 1.343882370526159], "Sigma": [[0.006432750544371916, -0.0032948414638649783, -0.0001870673390438431], [-0.003294841463864978, 0.006527900689300643, -0.011332985956356397], [-0.0001870673390438433, -0.011332985956356394, 0.05776501453683919]], "chi2_level": 0.99, "chi2_df": 3, "chi2_threshold": 11.344866730144373, "N_raw": 68, "N_roi": 68, "N_inlier": 66, "refit": true}
{"timestamp": "12:10:00.512796", "frame": 45, "mu": [0.7212992921287525, 0.8210631304725189, 1.4427335985753424], "Sigma": [[0.004721984876626559, 0.00020371535764398237, -0.002682785248508953], [0.00020371535764398237, 0.0031077110003831536, -0.001376781464522798], [-0.0026827852485089526, -0.001376781464522798, 0.0024119997646408226]], "chi2_level": 0.99, "chi2_df": 3, "chi2_threshold": 11.344866730144373, "N_raw": 54, "N_roi": 54, "N_inlier": 52, "refit": true}
{"timestamp": "12:10:00.566559", "frame": 46, "mu": [0.6680472964186973, 0.7710981062907194, 1.4775979360395555], "Sigma": [[0.00308081587927696, -0.0004067106867651953, -0.0014806957433450515], [-0.0004067106867651953, 0.002378639882958152, -0.0010022887688068676], [-0.0014806957433450515, -0.0010022887688068676, 0.0016443311997175376]], "chi2_level": 0.99, "chi2_df": 3, "chi2_threshold": 11.344866730144373, "N_raw": 40, "N_roi": 40, "N_inlier": 39, "refit": true}
{"timestamp": "12:10:00.626490", "frame": 47, "mu": [0.6549209214654015, 0.7382618262284192, 1.4176877230870222], "Sigma": [[0.005901645556861961, -0.000626722629631283, -0.0044041565913768305], [-0.0006267226296312828, 0.0021646992230412313, -0.0016640633981616268], [-0.0044041565913768305, -0.0016640633981616268, 0.006528385960152001]], "chi2_level": 0.99, "chi2_df": 3, "chi2_threshold": 11.344866730144373, "N_raw": 74, "N_roi": 74, "N_inlier": 73, "refit": true}
{"timestamp": "12:10:00.680816", "frame": 48, "mu": [0.6281065456949206, 0.7177031173235192, 1.4372919559711652], "Sigma": [[0.006707841072102629, -0.002179858943170417, -0.004166687750460873], [-0.002179858943170417, 0.002875361853740769, -9.114986258893897e-05], [-0.004166687750460872, -9.114986258893897e-05, 0.00408974504078121]], "chi2_level": 0.99, "chi2_df": 3, "chi2_threshold": 11.344866730144373, "N_raw": 71, "N_roi": 71, "N_inlier": 67, "refit": true}
{"timestamp": "12:10:00.734696", "frame": 49, "mu": [0.5915325480401115, 0.7428415104219163, 1.4326780683159255], "Sigma": [[0.004279297666591428, -0.0005833235567201563, -0.0018609143860868192], [-0.0005833235567201564, 0.002542422873406918, -0.001905202604147232], [-0.0018609143860868192, -0.001905202604147232, 0.0031023431780132244]], "chi2_level": 0.99, "chi2_df": 3, "chi2_threshold": 11.344866730144373, "N_raw": 65, "N_roi": 65, "N_inlier": 63, "refit": true}
{"timestamp": "12:10:00.786670", "frame": 50, "mu": [0.45739438147917516, 0.7294072236230271, 1.441559719956319], "Sigma": [[0.0013303083662635099, -0.0006944453011551447, -0.0005882369249815071], [-0.0006944453011551447, 0.0026487239131418156, -0.001556780783849175], [-0.000588236924981507, -0.0015567807838491748, 0.002878447690598566]], "chi2_level": 0.99, "chi2_df": 3, "chi2_threshold": 11.344866730144373, "N_raw": 42, "N_roi": 42, "N_inlier": 41, "refit": true}
{"timestamp": "12:10:00.840049", "frame": 51, "mu": [0.38951388121025204, 0.7600056000885186, 1.4842249644030745], "Sigma": [[0.001458615492865884, -0.0007741989356958904, 0.0011597792877042173], [-0.0007741989356958902, 0.0015049277403236894, -0.002069617039738166], [0.0011597792877042173, -0.002069617039738166, 0.003286663344144703]], "chi2_level": 0.99, "chi2_df": 3, "chi2_threshold": 11.344866730144373, "N_raw": 34, "N_roi": 33, "N_inlier": 31, "refit": true}
{"timestamp": "12:10:00.899388", "frame": 52, "mu": [0.39058665462482395, 0.7564973635290602, 1.4608922977421621], "Sigma": [[0.010939322440637082, -0.005050609366426848, -0.0021330163223933587], [-0.005050609366426848, 0.004414392052479796, -0.0009373147443383848], [-0.0021330163223933583, -0.0009373147443383848, 0.003719065974853157]], "chi2_level": 0.99, "chi2_df": 3, "chi2_threshold": 11.344866730144373, "N_raw": 62, "N_roi": 62, "N_inlier": 61, "refit": true}
{"timestamp": "12:10:00.956681", "frame": 53, "mu": [0.3481092722790809, 0.8545200072462126, -0.3373813431964407], "Sigma": [[0.0033178092075107747, -0.0007069862926897203, -0.002920267488095849], [-0.0007069862926897205, 0.003350175321421948, -0.0014705830535088698], [-0.0029202674880958487, -0.0014705830535088698, 0.007505763104949329]], "chi2_level": 0.99, "chi2_df": 3, "chi2_threshold": 11.344866730144373, "N_raw": 78, "N_roi": 78, "N_inlier": 74, "refit": true}
{"timestamp": "12:10:01.007395", "frame": 54, "mu": [0.32906218579300867, 0.70352200267482, 1.3369976510412247], "Sigma": [[0.004835787731398507, -0.0019117540806697104, -0.024354621499270104], [-0.0019117540806697104, 0.0018518439609555713, 0.006198564512263593], [-0.024354621499270104, 0.006198564512263593, 0.19109002890997656]], "chi2_level": 0.99, "chi2_df": 3, "chi2_threshold": 11.344866730144373, "N_raw": 42, "N_roi": 42, "N_inlier": 41, "refit": true}
{"timestamp": "12:10:01.060882", "frame": 55, "mu": [0.24283467195849923, 0.7398138549635798, 1.3589826102827485], "Sigma": [[0.0011613022447072895, -0.00012966549520501978, -0.001361746433396991], [-0.00012966549520501978, 0.0019258965494776306, 0.00044552013410727555], [-0.0013617464333969913, 0.00044552013410727534, 0.23084805978572648]], "chi2_level": 0.99, "chi2_df": 3, "chi2_threshold": 11.344866730144373, "N_raw": 41, "N_roi": 41, "N_inlier": 40, "refit": true}
{"timestamp": "12:10:01.117354", "frame": 56, "mu": [0.24638057002462407, 0.725315356648427, 1.3542204993869587], "Sigma": [[0.0015388941104179708, -0.0008033479680234084, -0.004353717349225772], [-0.0008033479680234084, 0.0029247014903536293, 0.0128938639124245], [-0.004353717349225772, 0.012893863912424499, 0.09504650101464283]], "chi2_level": 0.99, "chi2_df": 3, "chi2_threshold": 11.344866730144373, "N_raw": 47, "N_roi": 47, "N_inlier": 44, "refit": true}
{"timestamp": "12:10:01.172910", "frame": 57, "mu": [0.18689273388616573, 0.7621902326575487, 1.4189769395737553], "Sigma": [[0.0015776871678410396, 0.00024159431844223426, -0.0005747790210123523], [0.00024159431844223426, 0.0009445902061505643, -0.0010080531474093645], [-0.0005747790210123523, -0.0010080531474093645, 0.008064829994014653]], "chi2_level": 0.99, "chi2_df": 3, "chi2_threshold": 11.344866730144373, "N_raw": 54, "N_roi": 53, "N_inlier": 48, "refit": true}
{"timestamp": "12:10:01.226303", "frame": 58, "mu": [0.14308717312459698, 0.7557810715055857, 1.3390466004870474], "Sigma": [[0.0014104977171713684, -0.0003883055194433157, -0.0004157570465764363], [-0.00038830551944331576, 0.00047133047521786533, 0.0011752989930467043], [-0.0004157570465764362, 0.0011752989930467043, 0.00976513137610296]], "chi2_level": 0.99, "chi2_df": 3, "chi2_threshold": 11.344866730144373, "N_raw": 43, "N_roi": 43, "N_inlier": 38, "refit": true}
{"timestamp": "12:10:01.280648", "frame": 59, "mu": [0.1181152676515027, 0.7144161249240568, 1.172953520974596], "Sigma": [[0.0007604993910296142, -0.0001806509685226125, -0.00047998029259487516], [-0.0001806509685226125, 0.004554365752467052, 0.0171148394729985], [-0.00047998029259487495, 0.0171148394729985, 0.1966588884451613]], "chi2_level": 0.99, "chi2_df": 3, "chi2_threshold": 11.344866730144373, "N_raw": 32, "N_roi": 32, "N_inlier": 32, "refit": true}
{"timestamp": "12:10:01.336477", "frame": 60, "mu": [-0.03762052981685003, 0.788371734347129, 1.4620655357581471], "Sigma": [[0.0019639657090132004, -6.143318140236422e-05, -0.007090591370724887], [-6.143318140236422e-05, 0.0016383051854922883, -0.004854469782623868], [-0.007090591370724887, -0.004854469782623869, 0.06167969194549199]], "chi2_level": 0.99, "chi2_df": 3, "chi2_threshold": 11.344866730144373, "N_raw": 32, "N_roi": 32, "N_inlier": 28, "refit": true}
{"timestamp": "12:10:01.389934", "frame": 61, "mu": [-0.05654858337196721, 0.7790379772336206, 1.4705016249534073], "Sigma": [[0.0010588505221670464, -0.00017220083716082624, -0.0008048684906045366], [-0.00017220083716082627, 0.000950733454644521, -0.0011494586749793332], [-0.0008048684906045366, -0.0011494586749793332, 0.0028281533041963096]], "chi2_level": 0.99, "chi2_df": 3, "chi2_threshold": 11.344866730144373, "N_raw": 35, "N_roi": 35, "N_inlier": 34, "refit": true}
{"timestamp": "12:10:01.451173", "frame": 62, "mu": [-0.08384261531666413, 0.7647763978785053, 1.4377594811409296], "Sigma": [[0.002183488872883206, -0.0013067121437758881, -0.002283624407124399], [-0.0013067121437758881, 0.002619252574832061, -0.001561709269591889], [-0.002283624407124399, -0.001561709269591889, 0.008945629075278334]], "chi2_level": 0.99, "chi2_df": 3, "chi2_threshold": 11.344866730144373, "N_raw": 80, "N_roi": 80, "N_inlier": 79, "refit": true}
{"timestamp": "12:10:01.504237", "frame": 63, "mu": [-0.17436961626012415, 0.7805493000601929, 1.5284594212307223], "Sigma": [[0.0022325220779248053, -0.00168576811610477, -0.0015478864163661547], [-0.0016857681161047701, 0.003785616210284756, 0.0017176765659896855], [-0.0015478864163661547, 0.0017176765659896855, 0.013867575060947096]], "chi2_level": 0.99, "chi2_df": 3, "chi2_threshold": 11.344866730144373, "N_raw": 57, "N_roi": 57, "N_inlier": 54, "refit": true}
{"timestamp": "12:10:01.560265", "frame": 64, "mu": [-0.19955033057124844, 0.7823518827990893, 1.4836301585818252], "Sigma": [[0.0017213332858987851, -9.913012796949818e-05, -0.0009400631514823218], [-9.913012796949815e-05, 0.0028159392950570907, -0.002992889089487853], [-0.0009400631514823218, -0.002992889089487853, 0.004118092437522919]], "chi2_level": 0.99, "chi2_df": 3, "chi2_threshold": 11.344866730144373, "N_raw": 68, "N_roi": 68, "N_inlier": 65, "refit": true}
{"timestamp": "12:10:01.610213", "frame": 65, "mu": [-0.2766696948770139, 0.77516349426323, 1.4492320321671348], "Sigma": [[0.0034678798630218112, -0.001862159934933506, 0.01503006036159274], [-0.001862159934933506, 0.002719089156062157, -0.007126110523355598], [0.01503006036159274, -0.007126110523355599, 0.14244250511972126]], "chi2_level": 0.99, "chi2_df": 3, "chi2_threshold": 11.344866730144373, "N_raw": 31, "N_roi": 31, "N_inlier": 28, "refit": true}
{"timestamp": "12:10:01.668675", "frame": 66, "mu": [-0.2759952226216215, 0.7052457436654856, 1.3853237573944206], "Sigma": [[0.0017803720349588536, -0.0011329465235795965, -0.0004738301089157335], [-0.0011329465235795965, 0.003202344284789214, -0.0016772197029267058], [-0.0004738301089157335, -0.0016772197029267058, 0.0036514689215759785]], "chi2_level": 0.99, "chi2_df": 3, "chi2_threshold": 11.344866730144373, "N_raw": 59, "N_roi": 59, "N_inlier": 57, "refit": true}
{"timestamp": "12:10:01.727459", "frame": 67, "mu": [-0.3430357980344365, 0.8722272535104715, -0.39185854359906447], "Sigma": [[0.00206578440254243, -0.0015104384629513958, -0.0005841741724648174], [-0.0015104384629513958, 0.0038252790528158958, -0.0037905385965131422], [-0.0005841741724648175, -0.0037905385965131422, 0.007621554855294002]], "chi2_level": 0.99, "chi2_df": 3, "chi2_threshold": 11.344866730144373, "N_raw": 74, "N_roi": 71, "N_inlier": 68, "refit": true}
{"timestamp": "12:10:01.781388", "frame": 68, "mu": [-0.4087228727900472, 0.7265975758744421, 1.4141754650864728], "Sigma": [[0.003579701875647011, -0.003615822859198422, -0.003489198016858743], [-0.003615822859198422, 0.004373837812256126, 0.002462398454085798], [-0.0034891980168587433, 0.0024623984540857982, 0.010703648720804754]], "chi2_level": 0.99, "chi2_df": 3, "chi2_threshold": 11.344866730144373, "N_raw": 72, "N_roi": 71, "N_inlier": 67, "refit": true}
{"timestamp": "12:10:01.842661", "frame": 69, "mu": [-0.4773681358200841, 0.7203742400471526, 1.4425889323681493], "Sigma": [[0.011455642357240127, -0.00017589866578588507, -0.010833747157701443], [-0.0001758986657858855, 0.007317733470976198, 0.0017333571226393987], [-0.010833747157701443, 0.0017333571226393987, 0.019747323968970974]], "chi2_level": 0.99, "chi2_df": 3, "chi2_threshold": 11.344866730144373, "N_raw": 89, "N_roi": 89, "N_inlier": 81, "refit": true}
{"timestamp": "12:10:01.890942", "frame": 70, "mu": [-0.4958910467862957, 0.614418984572371, 1.269336089823677], "Sigma": [[0.008527875730491317, -0.002538758991487218, -0.008428830597444403], [-0.002538758991487219, 0.005447972267566322, -0.0015066408205867614], [-0.008428830597444403, -0.0015066408205867614, 0.013007208215701607]], "chi2_level": 0.99, "chi2_df": 3, "chi2_threshold": 11.344866730144373, "N_raw": 73, "N_roi": 73, "N_inlier": 66, "refit": true}
{"timestamp": "12:10:01.946546", "frame": 71, "mu": [-0.80891753366213, 0.6611167338692217, 1.7046671777625306], "Sigma": [[0.018574424402630914, 0.00789624832734525, -0.01606073300374156], [0.00789624832734525, 0.007175862244429457, -0.009524529261526209], [-0.01606073300374156, -0.009524529261526209, 0.018048217404435053]], "chi2_level": 0.99, "chi2_df": 3, "chi2_threshold": 11.344866730144373, "N_raw": 77, "N_roi": 75, "N_inlier": 69, "refit": true}
{"timestamp": "12:10:01.996601", "frame": 72, "mu": [-0.8858022604394609, 0.6244708871065822, 1.6983125979703089], "Sigma": [[0.012615643151041288, 0.005402777274805085, -0.01427905518454127], [0.005402777274805084, 0.007773256534205174, -0.012325076857437871], [-0.01427905518454127, -0.012325076857437871, 0.04059446925644073]], "chi2_level": 0.99, "chi2_df": 3, "chi2_threshold": 11.344866730144373, "N_raw": 42, "N_roi": 42, "N_inlier": 39, "refit": true}
{"timestamp": "12:10:02.051952", "frame": 73, "mu": [-0.9112616842115933, 0.6812989276251911, -0.13616841109209707], "Sigma": [[0.009204830853276764, 0.003396495390307463, -0.0027007951759694896], [0.003396495390307463, 0.0082468608041818, -0.006499395657538473], [-0.0027007951759694896, -0.006499395657538475, 0.0060393625897558695]], "chi2_level": 0.99, "chi2_df": 3, "chi2_threshold": 11.344866730144373, "N_raw": 49, "N_roi": 49, "N_inlier": 47, "refit": true}
{"timestamp": "12:10:02.116812", "frame": 74, "mu": [-0.8585639962356267, 0.6558072511926651, 1.5491777153348476], "Sigma": [[0.01705572540605284, 0.0005483664289402912, -0.019215009981290575], [0.0005483664289402911, 0.003655559199127382, -0.002988393558504719], [-0.019215009981290575, -0.002988393558504719, 0.03709756302702777]], "chi2_level": 0.99, "chi2_df": 3, "chi2_threshold": 11.344866730144373, "N_raw": 109, "N_roi": 109, "N_inlier": 105, "refit": true}
{"timestamp": "12:10:02.172352", "frame": 75, "mu": [-0.8981609948691842, 0.7266411467038301, 0.411502001954827], "Sigma": [[0.011052896577961121, -0.00021155849468717253, 0.05640309490739344], [-0.00021155849468717245, 0.006377026525288887, -0.0003702538239142004], [0.05640309490739343, -0.0003702538239142017, 0.6129825586537343]], "chi2_level": 0.99, "chi2_df": 3, "chi2_threshold": 11.344866730144373, "N_raw": 114, "N_roi": 114, "N_inlier": 112, "refit": true}
{"timestamp": "12:10:02.231134", "frame": 76, "mu": [-0.8785054495728354, 0.8407086462769997, -0.49685493101245976], "Sigma": [[0.02622261176928398, 0.03211933047088802, -0.03266721784130633], [0.03211933047088802, 0.05694136879626999, -0.060311450789814314], [-0.03266721784130632, -0.060311450789814314, 0.08472182119370666]], "chi2_level": 0.99, "chi2_df": 3, "chi2_threshold": 11.344866730144373, "N_raw": 132, "N_roi": 132, "N_inlier": 132, "refit": true}
{"timestamp": "12:10:02.287376", "frame": 77, "mu": [-1.0823602165868227, 0.6822277915015982, 1.5050822592652917], "Sigma": [[0.04327402793961423, 0.02616936834529863, 0.026375979123553828], [0.02616936834529862, 0.024617462517970836, 0.01696575010733086], [0.026375979123553828, 0.01696575010733086, 0.046537891208124516]], "chi2_level": 0.99, "chi2_df": 3, "chi2_threshold": 11.344866730144373, "N_raw": 148, "N_roi": 148, "N_inlier": 131, "refit": true}
{"timestamp": "12:10:02.343368", "frame": 78, "mu": [-1.016125401077055, 0.6477453461870155, 1.4280031669143405], "Sigma": [[0.4504149485069927, 6.338359564782552e-05, -0.006060089981599643], [6.338359564782856e-05, 0.026092490210252988, 0.025085669749481728], [-0.0060600899815996465, 0.025085669749481728, 0.059106410236905896]], "chi2_level": 0.99, "chi2_df": 3, "chi2_threshold": 11.344866730144373, "N_raw": 143, "N_roi": 143, "N_inlier": 137, "refit": true}
{"timestamp": "12:10:02.391817", "frame": 79, "mu": [-1.0967531703126767, 0.7580606582183721, 1.5670142156779978], "Sigma": [[0.019457677746954925, 0.007439682365057391, 0.006036801924235819], [0.007439682365057391, 0.01701495373890822, 0.007067226224687048], [0.0060368019242358194, 0.007067226224687048, 0.021139316336537064]], "chi2_level": 0.99, "chi2_df": 3, "chi2_threshold": 11.344866730144373, "N_raw": 102, "N_roi": 102, "N_inlier": 95, "refit": true}
{"timestamp": "12:10:02.443335", "frame": 80, "mu": [-1.134860404793122, 0.6109835508692981, 1.3486914003000952], "Sigma": [[0.00996067319089442, 0.0033831832892965126, -0.004414559166042701], [0.0033831832892965126, 0.009466256678944254, -0.0017874303899267064], [-0.004414559166042701, -0.0017874303899267064, 0.018954117947771975]], "chi2_level": 0.99, "chi2_df": 3, "chi2_threshold": 11.344866730144373, "N_raw": 87, "N_roi": 87, "N_inlier": 83, "refit": true}
{"timestamp": "12:10:02.497745", "frame": 81, "mu": [-1.1808338048498053, 0.7892822937523677, 1.5282591521978237], "Sigma": [[0.011006491616358948, 0.0013870312021019918, -0.008403532540276835], [0.0013870312021019913, 0.010520570830184319, -0.002715908847664006], [-0.008403532540276835, -0.002715908847664006, 0.013885717563094384]], "chi2_level": 0.99, "chi2_df": 3, "chi2_threshold": 11.344866730144373, "N_raw": 87, "N_roi": 87, "N_inlier": 83, "refit": true}
{"timestamp": "12:10:02.550454", "frame": 82, "mu": [-1.2673648446607633, 0.7753325888394202, 1.4937752998617366], "Sigma": [[0.00856204036150192, 0.0021719540827676606, -0.005097796062889912], [0.0021719540827676606, 0.011209056828419167, -0.0054703966848412494], [-0.005097796062889912, -0.0054703966848412494, 0.00826982301928567]], "chi2_level": 0.99, "chi2_df": 3, "chi2_threshold": 11.344866730144373, "N_raw": 71, "N_roi": 71, "N_inlier": 69, "refit": true}
{"timestamp": "12:10:02.604292", "frame": 83, "mu": [-1.337036000099524, 0.8171105016340786, 1.512045260401514], "Sigma": [[0.007781599057472056, 0.004004734142330396, 0.004031564456100869], [0.004004734142330396, 0.006848444889047432, -0.0015904701099653767], [0.004031564456100869, -0.001590470109965377, 0.012568919759674344]], "chi2_level": 0.99, "chi2_df": 3, "chi2_threshold": 11.344866730144373, "N_raw": 62, "N_roi": 62, "N_inlier": 60, "refit": true}
{"timestamp": "12:10:02.662447", "frame": 84, "mu": [-1.3190451424252048, 0.8284921062026777, 1.5310378305714676], "Sigma": [[0.011531457969231315, 0.002590209856000844, -0.00703625540761035], [0.002590209856000844, 0.021782405075407442, 0.001848414868607683], [-0.007036255407610349, 0.0018484148686076828, 0.010623396918588794]], "chi2_level": 0.99, "chi2_df": 3, "chi2_threshold": 11.344866730144373, "N_raw": 86, "N_roi": 86, "N_inlier": 84, "refit": true}
{"timestamp": "12:10:02.716324", "frame": 85, "mu": [-1.344473446414206, 0.6274647658416903, 1.342272602098126], "Sigma": [[0.009166352506179054, 0.011409149866926684, 0.002844550679336547], [0.011409149866926684, 0.04236469684059911, 0.012223585580510912], [0.002844550679336547, 0.012223585580510912, 0.008506994818438371]], "chi2_level": 0.99, "chi2_df": 3, "chi2_threshold": 11.344866730144373, "N_raw": 76, "N_roi": 76, "N_inlier": 68, "refit": true}
{"timestamp": "12:10:02.774904", "frame": 86, "mu": [-1.4388014586960616, 0.8515441003598725, 1.4639264569826598], "Sigma": [[0.009200427592068162, 0.00046563412542306417, -0.0032072362240368893], [0.00046563412542306417, 0.01103685253545957, -0.00400084235438131], [-0.0032072362240368885, -0.00400084235438131, 0.003163130112676951]], "chi2_level": 0.99, "chi2_df": 3, "chi2_threshold": 11.344866730144373, "N_raw": 69, "N_roi": 69, "N_inlier": 67, "refit": true}
{"timestamp": "12:10:02.824873", "frame": 87, "mu": [-1.4636590425198583, 0.7787196268850781, 1.4029207545264621], "Sigma": [[0.006587444067504933, -0.0012467427449698323, -0.006023006094911727], [-0.0012467427449698325, 0.04794475506206485, 0.012851897657406432], [-0.006023006094911727, 0.012851897657406432, 0.010939330096410156]], "chi2_level": 0.99, "chi2_df": 3, "chi2_threshold": 11.344866730144373, "N_raw": 63, "N_roi": 63, "N_inlier": 62, "refit": true}
{"timestamp": "12:10:02.881437", "frame": 88, "mu": [-1.4917096649329071, 0.9033297647955576, 1.4880985868588175], "Sigma": [[0.01019560290341949, 0.0009960376256314136, -0.00508080323068282], [0.0009960376256314136, 0.024925419502466774, 0.0037607335745920055], [-0.005080803230682819, 0.0037607335745920055, 0.004669435826511264]], "chi2_level": 0.99, "chi2_df": 3, "chi2_threshold": 11.344866730144373, "N_raw": 79, "N_roi": 79, "N_inlier": 77, "refit": true}
{"timestamp": "12:10:02.937429", "frame": 89, "mu": [-1.535039377110224, 0.8549580349610664, 1.3939552254190208], "Sigma": [[0.0102115393133795, 0.0020831088966498973, -0.004218319628973755], [0.0020831088966498973, 0.02015936821548429, -0.00464331829964455], [-0.004218319628973755, -0.00464331829964455, 0.007029574439050653]], "chi2_level": 0.99, "chi2_df": 3, "chi2_threshold": 11.344866730144373, "N_raw": 83, "N_roi": 83, "N_inlier": 81, "refit": true}
{"timestamp": "12:10:02.994318", "frame": 90, "mu": [-1.5598399100635705, 0.8579258524443559, 1.321644641003662], "Sigma": [[0.016765887760117743, 0.010414240052267303, -0.003449027198898714], [0.010414240052267303, 0.019516866032088277, -0.00637610580855877], [-0.003449027198898714, -0.006376105808558771, 0.010178096619411726]], "chi2_level": 0.99, "chi2_df": 3, "chi2_threshold": 11.344866730144373, "N_raw": 101, "N_roi": 101, "N_inlier": 99, "refit": true}
