{"timestamp": "12:03:49.363319", "frame": 10, "mu": [1.6005831843807228, 0.47964622221244463, 1.4581860488300986], "Sigma": [[0.3996262522363859, 0.12721817674501226, -0.09975526735199086], [0.12721817674501226, 0.04416305754546891, -0.027239384061045615], [-0.09975526735199086, -0.02723938406104562, 0.030474686280982367]], "chi2_level": 0.99, "chi2_df": 3, "chi2_threshold": 11.344866730144373, "N_raw": 5, "N_roi": 5, "N_inlier": 5, "refit": true}
{"timestamp": "12:03:49.474653", "frame": 12, "mu": [1.8593349403128596, 0.6381530786082568, -0.5954195822692543], "Sigma": [[0.0027551178079303585, -0.0007842454296000583, -0.0015632379346668464], [-0.0007842454296000583, 0.002417094896533103, -8.240115074011295e-05], [-0.0015632379346668464, -8.24011507401129e-05, 0.0014526252414474561]], "chi2_level": 0.99, "chi2_df": 3, "chi2_threshold": 11.344866730144373, "N_raw": 9, "N_roi": 9, "N_inlier": 8, "refit": true}
{"timestamp": "12:03:49.529161", "frame": 13, "mu": [1.7683367872832647, 0.49748185661363986, 1.348530431488221], "Sigma": [[0.0031283896775575774, -0.0025768526736528194, -0.0036082085662895], [-0.0025768526736528194, 0.0034597568952322113, 0.002376717583029758], [-0.0036082085662895, 0.002376717583029758, 0.004679988258259909]], "chi2_level": 0.99, "chi2_df": 3, "chi2_threshold": 11.344866730144373, "N_raw": 8, "N_roi": 8, "N_inlier": 7, "refit": true}
{"timestamp": "12:03:49.639613", "frame": 15, "mu": [1.5288244699916105, 0.3987719745002193, 1.3416327304626101], "Sigma": [[0.2872147776951311, 0.055159491426579374, -0.09663035763081676], [0.055159491426579374, 0.012238359893645422, -0.019785578773814382], [-0.09663035763081676, -0.019785578773814382, 0.034584200993523787]], "chi2_level": 0.99, "chi2_df": 3, "chi2_threshold": 11.344866730144373, "N_raw": 5, "N_roi": 5, "N_inlier": 5, "refit": true}
{"timestamp": "12:03:49.694502", "frame": 16, "mu": [1.493583219607423, 0.57721873916759, -0.5223962209418002], "Sigma": [[0.25813578641083235, 0.0752360742362592, -0.06964483231638206], [0.0752360742362592, 0.024625953101826886, -0.022732937805730435], [-0.06964483231638208, -0.02273293780573044, 0.028212376972007167]], "chi2_level": 0.99, "chi2_df": 3, "chi2_threshold": 11.344866730144373, "N_raw": 6, "N_roi": 6, "N_inlier": 6, "refit": true}
{"timestamp": "12:03:49.750252", "frame": 17, "mu": [1.6192922557884648, 0.5555884533300826, 1.2666812784500254], "Sigma": [[0.0023752732064354688, -0.0023552434196266675, -0.0002529594530746404], [-0.0023552434196266675, 0.008596739741910634, -0.001236068871868878], [-0.0002529594530746405, -0.001236068871868878, 0.0011805780684681683]], "chi2_level": 0.99, "chi2_df": 3, "chi2_threshold": 11.344866730144373, "N_raw": 18, "N_roi": 18, "N_inlier": 16, "refit": true}
{"timestamp": "12:03:49.804285", "frame": 18, "mu": [1.3209251678106644, 0.41651803623628675, 1.3573640850778321], "Sigma": [[0.27929404800354246, 0.04845781915661543, -0.17467701526085852], [0.04845781915661543, 0.009505221720307242, -0.02922385428845084], [-0.17467701526085852, -0.02922385428845084, 0.11432587152933878]], "chi2_level": 0.99, "chi2_df": 3, "chi2_threshold": 11.344866730144373, "N_raw": 5, "N_roi": 5, "N_inlier": 5, "refit": true}
{"timestamp": "12:03:49.859457", "frame": 19, "mu": [1.5200973519990115, 0.5013325668665358, 1.1386235564192937], "Sigma": [[0.000189665054194357, 0.001626294900201705, -0.0009057986368256158], [0.0016262949002017048, 0.017257952773567998, -0.010622072118610637], [-0.0009057986368256159, -0.010622072118610637, 0.00724664217369314]], "chi2_level": 0.99, "chi2_df": 3, "chi2_threshold": 11.344866730144373, "N_raw": 5, "N_roi": 5, "N_inlier": 5, "refit": true}
{"timestamp": "12:03:49.920816", "frame": 20, "mu": [1.4834439437670732, 0.579123645562421, 1.1304753534279743], "Sigma": [[0.0032996983085833735, 0.000714615766387755, -0.0015826373231467613], [0.0007146157663877547, 0.037419983732163015, -0.03968850157369304], [-0.001582637323146761, -0.03968850157369304, 0.06307876953416319]], "chi2_level": 0.99, "chi2_df": 3, "chi2_threshold": 11.344866730144373, "N_raw": 43, "N_roi": 43, "N_inlier": 41, "refit": true}
{"timestamp": "12:03:49.973500", "frame": 21, "mu": [1.3660511697985531, 0.782377168931804, -0.8406085930509175], "Sigma": [[0.002906567980257162, 0.012364739372560895, -0.003663669976140337], [0.012364739372560897, 0.08224420268054847, -0.022417814627241198], [-0.003663669976140337, -0.022417814627241198, 0.0077032979405293805]], "chi2_level": 0.99, "chi2_df": 3, "chi2_threshold": 11.344866730144373, "N_raw": 15, "N_roi": 15, "N_inlier": 14, "refit": true}
{"timestamp": "12:03:50.025918", "frame": 22, "mu": [1.2407839763397348, 0.5455056267307817, 1.2145667251632588], "Sigma": [[0.0026157777492763538, 0.0034228415186183395, 0.0009900182423117885], [0.0034228415186183395, 0.02491154181923129, 0.036637853078641286], [0.0009900182423117877, 0.036637853078641286, 0.06857886174873623]], "chi2_level": 0.99, "chi2_df": 3, "chi2_threshold": 11.344866730144373, "N_raw": 5, "N_roi": 5, "N_inlier": 5, "refit": true}
{"timestamp": "12:03:50.083600", "frame": 23, "mu": [1.294647886321223, 0.5233963726671699, 1.2755341110876564], "Sigma": [[0.003520837254830709, -0.0038554519128539385, -0.0036221809517500434], [-0.0038554519128539385, 0.005664606478241904, 0.005329202769963688], [-0.003622180951750043, 0.005329202769963688, 0.008440231791875955]], "chi2_level": 0.99, "chi2_df": 3, "chi2_threshold": 11.344866730144373, "N_raw": 21, "N_roi": 21, "N_inlier": 20, "refit": true}
{"timestamp": "12:03:50.137863", "frame": 24, "mu": [1.256176784412297, 0.460197288201158, 1.1480537836868798], "Sigma": [[0.005729549138622416, 0.0004172433547220166, 0.00029806259815935043], [0.0004172433547220165, 0.0018904575034681711, -0.001606825780698122], [0.0002980625981593505, -0.001606825780698122, 0.002592838095497468]], "chi2_level": 0.99, "chi2_df": 3, "chi2_threshold": 11.344866730144373, "N_raw": 10, "N_roi": 10, "N_inlier": 9, "refit": true}
{"timestamp": "12:03:50.192662", "frame": 25, "mu": [1.160282959351239, 0.6563004789402915, 1.2902080617244724], "Sigma": [[0.0012257684809685089, 0.0010239025124336486, 0.0051017760023473625], [0.0010239025124336486, 0.006407547030445061, -0.0009052034239189093], [0.0051017760023473625, -0.0009052034239189085, 0.048774946451067724]], "chi2_level": 0.99, "chi2_df": 3, "chi2_threshold": 11.344866730144373, "N_raw": 9, "N_roi": 9, "N_inlier": 8, "refit": true}
{"timestamp": "12:03:50.247677", "frame": 26, "mu": [1.1875999570474995, 0.5369558228119511, 1.2117878109918325], "Sigma": [[0.00710062788251064, -0.007927085370261952, 0.012342728591873941], [-0.00792708537026195, 0.010436291311828801, -0.013126901735244816], [0.012342728591873941, -0.013126901735244816, 0.04652495359019625]], "chi2_level": 0.99, "chi2_df": 3, "chi2_threshold": 11.344866730144373, "N_raw": 15, "N_roi": 15, "N_inlier": 14, "refit": true}
{"timestamp": "12:03:50.303753", "frame": 27, "mu": [1.0595531115136574, 0.7523858769521562, 1.37340321269072], "Sigma": [[0.0027284511344702997, -0.0008712440909891951, -0.002263413058913961], [-0.0008712440909891951, 0.001705265614294961, -0.0011140160996375673], [-0.002263413058913961, -0.0011140160996375675, 0.04883795860917077]], "chi2_level": 0.99, "chi2_df": 3, "chi2_threshold": 11.344866730144373, "N_raw": 18, "N_roi": 18, "N_inlier": 17, "refit": true}
{"timestamp": "12:03:50.357907", "frame": 28, "mu": [0.9969366605770726, 0.7886832393173224, 1.5013301688697673], "Sigma": [[0.004152810566881083, -0.0014626593180420634, -0.0032390464648709284], [-0.0014626593180420637, 0.0017283560455576003, 0.001431173509241981], [-0.0032390464648709284, 0.0014311735092419808, 0.005870378073707384]], "chi2_level": 0.99, "chi2_df": 3, "chi2_threshold": 11.344866730144373, "N_raw": 14, "N_roi": 14, "N_inlier": 14, "refit": true}
{"timestamp": "12:03:50.414466", "frame": 29, "mu": [0.915518995191288, 0.7693303173460981, 1.4291756033165486], "Sigma": [[0.00401598956145396, -0.0013078678345360647, -0.002827552059888587], [-0.0013078678345360647, 0.0020706620801542105, -0.00017347921440336505], [-0.002827552059888587, -0.00017347921440336505, 0.0031366217208150505]], "chi2_level": 0.99, "chi2_df": 3, "chi2_threshold": 11.344866730144373, "N_raw": 31, "N_roi": 31, "N_inlier": 30, "refit": true}
{"timestamp": "12:03:50.471862", "frame": 30, "mu": [0.828000114621051, 0.7825401802729842, 1.44295812863443], "Sigma": [[0.005221817616410094, -0.0019076420827599046, -0.005220071570570392], [-0.0019076420827599046, 0.002889182485265677, 0.0021289088529691303], [-0.005220071570570392, 0.00212890885296913, 0.010943030855765508]], "chi2_level": 0.99, "chi2_df": 3, "chi2_threshold": 11.344866730144373, "N_raw": 40, "N_roi": 40, "N_inlier": 37, "refit": true}
{"timestamp": "12:03:50.532286", "frame": 31, "mu": [0.8519247174090473, 0.6752461839634851, 1.2351554952285912], "Sigma": [[0.012507630140793462, -0.015462769541788733, -0.0323429418333947], [-0.015462769541788735, 0.027526324873617787, 0.04931623163832581], [-0.0323429418333947, 0.04931623163832581, 0.1141353521852975]], "chi2_level": 0.99, "chi2_df": 3, "chi2_threshold": 11.344866730144373, "N_raw": 73, "N_roi": 73, "N_inlier": 73, "refit": true}
{"timestamp": "12:03:50.581299", "frame": 32, "mu": [0.7082498998522494, 0.7539149582082174, 1.4985066939041598], "Sigma": [[0.004494828400550246, -0.0004177292222656124, -0.003422751069867765], [-0.0004177292222656125, 0.0015649441266984726, -0.0005487849396246241], [-0.003422751069867765, -0.000548784939624624, 0.0035309114727894537]], "chi2_level": 0.99, "chi2_df": 3, "chi2_threshold": 11.344866730144373, "N_raw": 36, "N_roi": 36, "N_inlier": 35, "refit": true}
{"timestamp": "12:03:50.637119", "frame": 33, "mu": [0.6620360693579427, 0.754863982757591, 1.4370405528556827], "Sigma": [[0.002483737709623349, -0.0002353840623375463, -0.0029977748326033295], [-0.0002353840623375463, 0.001708686493966665, -0.00039564283076198815], [-0.0029977748326033295, -0.00039564283076198837, 0.010832733656194754]], "chi2_level": 0.99, "chi2_df": 3, "chi2_threshold": 11.344866730144373, "N_raw": 41, "N_roi": 41, "N_inlier": 36, "refit": true}
{"timestamp": "12:03:50.692834", "frame": 34, "mu": [0.6122517869712947, 0.7443723164178602, 1.4489718035656916], "Sigma": [[0.0020980467792548457, 5.179452073493267e-05, -0.0011404856365060548], [5.179452073493259e-05, 0.002241860212605898, -0.002532688715893095], [-0.0011404856365060548, -0.002532688715893095, 0.0039234993291321916]], "chi2_level": 0.99, "chi2_df": 3, "chi2_threshold": 11.344866730144373, "N_raw": 50, "N_roi": 50, "N_inlier": 48, "refit": true}
{"timestamp": "12:03:50.746905", "frame": 35, "mu": [0.576141403450037, 0.7290894623024812, 1.4486773200836092], "Sigma": [[0.003955637078171375, -0.0004731138683663671, -0.003991926162592578], [-0.00047311386836636714, 0.0014394318454485826, -0.0010911660369559593], [-0.003991926162592578, -0.0010911660369559593, 0.007171076507108894]], "chi2_level": 0.99, "chi2_df": 3, "chi2_threshold": 11.344866730144373, "N_raw": 40, "N_roi": 40, "N_inlier": 38, "refit": true}
{"timestamp": "12:03:50.811553", "frame": 36, "mu": [0.516166843337368, 0.741991302091566, 1.3303237055780026], "Sigma": [[0.004002170611730566, -0.004425237302073583, -0.010243195229448998], [-0.004425237302073583, 0.011501676707474963, 0.015360519899471993], [-0.010243195229448998, 0.015360519899471991, 0.06385235143970712]], "chi2_level": 0.99, "chi2_df": 3, "chi2_threshold": 11.344866730144373, "N_raw": 99, "N_roi": 97, "N_inlier": 92, "refit": true}
{"timestamp": "12:03:50.858059", "frame": 37, "mu": [0.3973914923807953, 0.7495472997335886, 1.4457286010456976], "Sigma": [[0.0029548072029048377, -0.002949823113233595, -0.006713190745772478], [-0.002949823113233595, 0.005324924498417303, 0.0059775199945112404], [-0.006713190745772476, 0.0059775199945112404, 0.0250042237532655]], "chi2_level": 0.99, "chi2_df": 3, "chi2_threshold": 11.344866730144373, "N_raw": 39, "N_roi": 39, "N_inlier": 34, "refit": true}
{"timestamp": "12:03:50.916922", "frame": 38, "mu": [0.41909927663048235, 0.7075396540527473, 1.3927743532186956], "Sigma": [[0.004044410667925119, -0.001345873397839024, -0.0032884731539044904], [-0.001345873397839024, 0.001987166608763924, 0.0015414459794823021], [-0.0032884731539044904, 0.0015414459794823021, 0.01591291950635086]], "chi2_level": 0.99, "chi2_df": 3, "chi2_threshold": 11.344866730144373, "N_raw": 77, "N_roi": 77, "N_inlier": 75, "refit": true}
{"timestamp": "12:03:50.971014", "frame": 39, "mu": [0.38817125184452217, 0.8209510921265516, -0.377223977541681], "Sigma": [[0.0052364949998199494, 0.00023072716232182874, -0.0050196184298195974], [0.00023072716232182882, 0.002040257736815862, -0.0019010876230077505], [-0.005019618429819598, -0.0019010876230077505, 0.007735007051096942]], "chi2_level": 0.99, "chi2_df": 3, "chi2_threshold": 11.344866730144373, "N_raw": 72, "N_roi": 72, "N_inlier": 69, "refit": true}
{"timestamp": "12:03:51.028085", "frame": 40, "mu": [0.2992496766498675, 0.7259459151544486, 1.5078378207258447], "Sigma": [[0.0034345338076935995, -0.0006271358423369296, -0.0013799584743048885], [-0.0006271358423369295, 0.003259637507945598, -0.0016157304649542814], [-0.0013799584743048883, -0.0016157304649542814, 0.0019048150858676405]], "chi2_level": 0.99, "chi2_df": 3, "chi2_threshold": 11.344866730144373, "N_raw": 79, "N_roi": 79, "N_inlier": 78, "refit": true}
{"timestamp": "12:03:51.080068", "frame": 41, "mu": [0.24585949914997987, 0.7121450854928097, 1.520481109504355], "Sigma": [[0.002429929234552851, -0.0006839608013611306, -0.0015100191121186456], [-0.0006839608013611306, 0.0025551498397740416, -8.051414015231234e-05], [-0.0015100191121186458, -8.051414015231234e-05, 0.004091693517192764]], "chi2_level": 0.99, "chi2_df": 3, "chi2_threshold": 11.344866730144373, "N_raw": 61, "N_roi": 60, "N_inlier": 57, "refit": true}
{"timestamp": "12:03:51.131713", "frame": 42, "mu": [0.1979176243906388, 0.735237603279719, 1.5263786699445214], "Sigma": [[0.0010623065276895614, -0.0006441665841109506, -0.000516328819451092], [-0.0006441665841109506, 0.003111636510523329, -0.0005495353296932392], [-0.000516328819451092, -0.0005495353296932394, 0.002515803247020653]], "chi2_level": 0.99, "chi2_df": 3, "chi2_threshold": 11.344866730144373, "N_raw": 42, "N_roi": 42, "N_inlier": 40, "refit": true}
{"timestamp": "12:03:51.186149", "frame": 43, "mu": [0.19968508317420702, 0.6663988787994931, 1.4314083768464425], "Sigma": [[0.002769734802447671, -0.0005304843604847209, -0.006671951001185009], [-0.0005304843604847208, 0.0017149495822794826, 0.0006140885620208575], [-0.00667195100118501, 0.0006140885620208572, 0.017600917632052304]], "chi2_level": 0.99, "chi2_df": 3, "chi2_threshold": 11.344866730144373, "N_raw": 37, "N_roi": 37, "N_inlier": 35, "refit": true}
{"timestamp": "12:03:51.240186", "frame": 44, "mu": [0.09016983614963578, 0.7095794238217195, 1.3074158160918632], "Sigma": [[0.0018784052080138864, 0.0002008369225586375, -0.015021951928790418], [0.00020083692255863748, 0.0006693209788186221, -0.006497813135490931], [-0.015021951928790418, -0.00649781313549093, 0.26222089150748906]], "chi2_level": 0.99, "chi2_df": 3, "chi2_threshold": 11.344866730144373, "N_raw": 30, "N_roi": 30, "N_inlier": 30, "refit": true}
{"timestamp": "12:03:51.301316", "frame": 45, "mu": [0.047691547373968086, 0.7466121598950175, 1.468162808344608], "Sigma": [[0.00173977326254487, -0.0002554046148845657, -0.0017019401850839268], [-0.0002554046148845657, 0.00242162207747885, -0.0016213838267485352], [-0.0017019401850839268, -0.0016213838267485354, 0.0054879750547189975]], "chi2_level": 0.99, "chi2_df": 3, "chi2_threshold": 11.344866730144373, "N_raw": 72, "N_roi": 72, "N_inlier": 64, "refit": true}
{"timestamp": "12:03:51.353534", "frame": 46, "mu": [-0.024222210742591076, 0.7028596886375393, 1.393040686101655], "Sigma": [[0.001367060647212272, -0.0001324459016262806, -0.0002236708969174904], [-0.00013244590162628063, 0.0045151036916677495, 0.00951958854473571], [-0.00022367089691749023, 0.00951958854473571, 0.06738978665830861]], "chi2_level": 0.99, "chi2_df": 3, "chi2_threshold": 11.344866730144373, "N_raw": 46, "N_roi": 46, "N_inlier": 41, "refit": true}
{"timestamp": "12:03:51.412774", "frame": 47, "mu": [-0.09486264837143298, 0.730445205549949, 1.4427664757967078], "Sigma": [[0.002563397613801839, -0.0009683346859011013, -0.0026455742020763287], [-0.0009683346859011013, 0.0019775763499142378, -0.00018461625601495042], [-0.002645574202076329, -0.00018461625601495042, 0.01140278975740974]], "chi2_level": 0.99, "chi2_df": 3, "chi2_threshold": 11.344866730144373, "N_raw": 80, "N_roi": 80, "N_inlier": 76, "refit": true}
{"timestamp": "12:03:51.468078", "frame": 48, "mu": [-0.14802744085595881, 0.7762473934155248, 1.4755065014263664], "Sigma": [[0.0028886309679400186, -0.00017126735198621297, -0.0029488012949692435], [-0.00017126735198621295, 0.002575543511436158, -0.0026977653778713713], [-0.0029488012949692435, -0.0026977653778713713, 0.007014382241431232]], "chi2_level": 0.99, "chi2_df": 3, "chi2_threshold": 11.344866730144373, "N_raw": 85, "N_roi": 85, "N_inlier": 82, "refit": true}
{"timestamp": "12:03:51.519898", "frame": 49, "mu": [-0.24383038884448616, 0.7433952660766662, 1.5104539366176535], "Sigma": [[0.0027143988952295153, -0.0009601718584278939, -0.0015824820850612513], [-0.000960171858427894, 0.00226400098527564, -0.001082902989952259], [-0.0015824820850612513, -0.0010829029899522588, 0.0026548182467504224]], "chi2_level": 0.99, "chi2_df": 3, "chi2_threshold": 11.344866730144373, "N_raw": 59, "N_roi": 59, "N_inlier": 57, "refit": true}
{"timestamp": "12:03:51.581054", "frame": 50, "mu": [-0.30445802054806803, 0.7618573274529771, 1.5155832158925395], "Sigma": [[0.004129495958351061, -0.0010090416429703437, -0.0008294583905284812], [-0.0010090416429703437, 0.00420140052017645, -0.002906935865251383], [-0.0008294583905284812, -0.002906935865251383, 0.0028849761698189454]], "chi2_level": 0.99, "chi2_df": 3, "chi2_threshold": 11.344866730144373, "N_raw": 102, "N_roi": 102, "N_inlier": 101, "refit": true}
{"timestamp": "12:03:51.640266", "frame": 51, "mu": [-0.2983801250835625, 0.7507777690187324, 1.4313283890306567], "Sigma": [[0.006176288804653633, -0.003136492252135471, -0.008523401904606502], [-0.003136492252135471, 0.004148765232254566, 0.0012326646531369695], [-0.008523401904606502, 0.0012326646531369695, 0.018117488381742604]], "chi2_level": 0.99, "chi2_df": 3, "chi2_threshold": 11.344866730144373, "N_raw": 125, "N_roi": 123, "N_inlier": 121, "refit": true}
{"timestamp": "12:03:51.685830", "frame": 52, "mu": [-0.30289107608217464, 0.6912874902076153, 1.3006470565947315], "Sigma": [[0.002492519637311428, -0.002671870407901348, -0.0011922090284151622], [-0.0026718704079013483, 0.005244216077846915, -0.0004282884615628968], [-0.0011922090284151622, -0.00042828846156289677, 0.002209979190618153]], "chi2_level": 0.99, "chi2_df": 3, "chi2_threshold": 11.344866730144373, "N_raw": 59, "N_roi": 57, "N_inlier": 54, "refit": true}
{"timestamp": "12:03:51.750869", "frame": 53, "mu": [-0.4363377456699263, 0.8298615203531361, -0.3381218429671766], "Sigma": [[0.009531725229771035, -0.002034776636202216, -0.01036458547113945], [-0.002034776636202216, 0.005238066644695898, -0.0008494139031563525], [-0.01036458547113945, -0.0008494139031563525, 0.015784050176310585]], "chi2_level": 0.99, "chi2_df": 3, "chi2_threshold": 11.344866730144373, "N_raw": 139, "N_roi": 139, "N_inlier": 126, "refit": true}
{"timestamp": "12:03:51.803901", "frame": 54, "mu": [-0.534051389728775, 0.6590279998809956, 1.4980127425725354], "Sigma": [[0.033899787495364334, 7.805790321215695e-05, -0.036171628714765355], [7.805790321215722e-05, 0.004762286401429419, -0.0020688129855859906], [-0.036171628714765355, -0.0020688129855859906, 0.0425468335139251]], "chi2_level": 0.99, "chi2_df": 3, "chi2_threshold": 11.344866730144373, "N_raw": 114, "N_roi": 114, "N_inlier": 109, "refit": true}
{"timestamp": "12:03:51.856838", "frame": 55, "mu": [-0.6951537801375669, 0.6201973128871999, 1.594125826786171], "Sigma": [[0.04067175964555867, -0.0024760969812419025, -0.03627755822907685], [-0.0024760969812419025, 0.004540372435625026, 0.0009541442698321653], [-0.03627755822907685, 0.0009541442698321657, 0.03598471048235985]], "chi2_level": 0.99, "chi2_df": 3, "chi2_threshold": 11.344866730144373, "N_raw": 107, "N_roi": 107, "N_inlier": 105, "refit": true}
{"timestamp": "12:03:51.908754", "frame": 56, "mu": [-0.8214288319818552, 0.6173196586684819, 1.6850605050585121], "Sigma": [[0.011606324176966186, 0.0042324694157770916, -0.006229474403459098], [0.004232469415777092, 0.005188323191421935, -0.005205072625882172], [-0.006229474403459099, -0.005205072625882172, 0.006506081984235059]], "chi2_level": 0.99, "chi2_df": 3, "chi2_threshold": 11.344866730144373, "N_raw": 81, "N_roi": 79, "N_inlier": 76, "refit": true}
{"timestamp": "12:03:51.961750", "frame": 57, "mu": [-0.8516305948581093, 0.589067597395969, 1.6049732973423785], "Sigma": [[0.024130685927946788, 0.004842686825178511, -0.009323088093838213], [0.004842686825178511, 0.0035752904390394117, -0.004829800168248319], [-0.009323088093838215, -0.00482980016824832, 0.011455006265591811]], "chi2_level": 0.99, "chi2_df": 3, "chi2_threshold": 11.344866730144373, "N_raw": 73, "N_roi": 71, "N_inlier": 69, "refit": true}
{"timestamp": "12:03:52.016220", "frame": 58, "mu": [-0.8772645574917847, 0.6097496213294864, 1.583360840226524], "Sigma": [[0.018890163283686486, 0.0023109295697536225, -0.011967422529377873], [0.0023109295697536225, 0.004754632976929774, -0.004809016418665321], [-0.01196742252937787, -0.004809016418665321, 0.012164555410988738]], "chi2_level": 0.99, "chi2_df": 3, "chi2_threshold": 11.344866730144373, "N_raw": 69, "N_roi": 68, "N_inlier": 66, "refit": true}
{"timestamp": "12:03:52.065761", "frame": 59, "mu": [-0.8475412881393406, 0.5889333399080408, 1.441107671864458], "Sigma": [[0.014985184444153412, 0.00235013453255085, -0.02820337908609094], [0.00235013453255085, 0.0017267897453383163, -0.008353217258356043], [-0.02820337908609094, -0.008353217258356044, 0.07198861379780384]], "chi2_level": 0.99, "chi2_df": 3, "chi2_threshold": 11.344866730144373, "N_raw": 25, "N_roi": 25, "N_inlier": 24, "refit": true}
{"timestamp": "12:03:52.126269", "frame": 60, "mu": [-0.9808958730658929, 0.5872923857433975, 1.6115461310785337], "Sigma": [[0.007629423537715384, 0.0011185200603475469, -0.0017426460489025413], [0.0011185200603475466, 0.006757685269020367, -0.0057319249159619445], [-0.0017426460489025416, -0.0057319249159619445, 0.005576773790510915]], "chi2_level": 0.99, "chi2_df": 3, "chi2_threshold": 11.344866730144373, "N_raw": 80, "N_roi": 80, "N_inlier": 75, "refit": true}
{"timestamp": "12:03:52.183120", "frame": 61, "mu": [-1.0006357460745678, 0.5649016804708608, 1.5508030233361108], "Sigma": [[0.012070068796776209, 0.0015580999155905132, -0.009738332938559663], [0.0015580999155905132, 0.006561480215498111, -0.007243168292516537], [-0.009738332938559663, -0.007243168292516537, 0.024775538711683177]], "chi2_level": 0.99, "chi2_df": 3, "chi2_threshold": 11.344866730144373, "N_raw": 79, "N_roi": 79, "N_inlier": 77, "refit": true}
{"timestamp": "12:03:52.233640", "frame": 62, "mu": [-1.0242903624630424, 0.5630387487008844, 1.5319746573623763], "Sigma": [[0.007743721770703502, -0.001357021883187972, -0.0043454855750995934], [-0.001357021883187972, 0.008178175021987628, -0.0028414529457743247], [-0.0043454855750995934, -0.0028414529457743243, 0.00709392043642715]], "chi2_level": 0.99, "chi2_df": 3, "chi2_threshold": 11.344866730144373, "N_raw": 53, "N_roi": 53, "N_inlier": 51, "refit": true}
{"timestamp": "12:03:52.291738", "frame": 63, "mu": [-1.0554674747631414, 0.4807057990106556, 1.4707526831985673], "Sigma": [[0.009724093633768527, 0.0028457728802132177, -0.0019245922457560485], [0.0028457728802132177, 0.008956965321175967, -0.004605135597996808], [-0.0019245922457560485, -0.004605135597996808, 0.0031830382571200327]], "chi2_level": 0.99, "chi2_df": 3, "chi2_threshold": 11.344866730144373, "N_raw": 79, "N_roi": 79, "N_inlier": 77, "refit": true}
{"timestamp": "12:03:52.348389", "frame": 64, "mu": [-1.0946926232608518, 0.4914466769879205, 1.4539346799577892], "Sigma": [[0.010622795018972881, 0.001619028790771031, -0.0034926773335242725], [0.001619028790771031, 0.012844765235880597, -0.005730056774205097], [-0.0034926773335242725, -0.005730056774205097, 0.0037991304213968284]], "chi2_level": 0.99, "chi2_df": 3, "chi2_threshold": 11.344866730144373, "N_raw": 88, "N_roi": 88, "N_inlier": 86, "refit": true}
{"timestamp": "12:03:52.405656", "frame": 65, "mu": [-1.1143169537646782, 0.5559161253262596, 1.2997706735790149], "Sigma": [[0.013444572719439244, 0.012889861392663002, -0.01988740949904544], [0.012889861392663002, 0.05402063367964773, -0.0698038703249955], [-0.01988740949904544, -0.0698038703249955, 0.09793289166473768]], "chi2_level": 0.99, "chi2_df": 3, "chi2_threshold": 11.344866730144373, "N_raw": 102, "N_roi": 102, "N_inlier": 101, "refit": true}
{"timestamp": "12:03:52.457885", "frame": 66, "mu": [-1.1890607157177846, 0.6166791425468038, -0.37238205047672035], "Sigma": [[0.008824260440922728, -0.00297095698123526, -0.006558012181340597], [-0.00297095698123526, 0.018364648761328598, 0.002348827068195937], [-0.006558012181340597, 0.0023488270681959363, 0.006614253688866627]], "chi2_level": 0.99, "chi2_df": 3, "chi2_threshold": 11.344866730144373, "N_raw": 70, "N_roi": 70, "N_inlier": 69, "refit": true}
{"timestamp": "12:03:52.512857", "frame": 67, "mu": [-1.2202837633980725, 0.5926127148445184, 1.4082967802457074], "Sigma": [[0.0066928684823782504, -0.00011953165013071573, -0.007488890346672249], [-0.00011953165013071562, 0.00818050207549416, -0.006174810115252657], [-0.00748889034667225, -0.0061748101152526574, 0.04175597074337908]], "chi2_level": 0.99, "chi2_df": 3, "chi2_threshold": 11.344866730144373, "N_raw": 79, "N_roi": 79, "N_inlier": 79, "refit": true}
{"timestamp": "12:03:52.568482", "frame": 68, "mu": [-1.2506277932711822, 0.5139749887434397, 1.4533116330105285], "Sigma": [[0.009552446203060007, -0.0035290361696206102, -0.00626555769224488], [-0.0035290361696206102, 0.014974703932359208, -0.002897151793364707], [-0.00626555769224488, -0.002897151793364707, 0.008135034186701664]], "chi2_level": 0.99, "chi2_df": 3, "chi2_threshold": 11.344866730144373, "N_raw": 74, "N_roi": 74, "N_inlier": 69, "refit": true}
{"timestamp": "12:03:52.620533", "frame": 69, "mu": [-1.311500991051728, 0.5193488366051588, 1.429982997813603], "Sigma": [[0.00813565774956873, -0.0023790888463121516, -0.0032137106179387707], [-0.0023790888463121516, 0.012705840957955348, -0.0034858668352494415], [-0.0032137106179387707, -0.0034858668352494415, 0.005055146145426004]], "chi2_level": 0.99, "chi2_df": 3, "chi2_threshold": 11.344866730144373, "N_raw": 64, "N_roi": 64, "N_inlier": 61, "refit": true}
{"timestamp": "12:03:52.677887", "frame": 70, "mu": [-1.3284380728324954, 0.6334957358717737, 1.2374355947576021], "Sigma": [[0.014737736939213203, 0.006313243404866294, -0.03341798319340193], [0.006313243404866295, 0.023456639668676844, -0.04369375900330888], [-0.03341798319340193, -0.04369375900330888, 0.14177763923052572]], "chi2_level": 0.99, "chi2_df": 3, "chi2_threshold": 11.344866730144373, "N_raw": 87, "N_roi": 87, "N_inlier": 87, "refit": true}
{"timestamp": "12:03:52.731118", "frame": 71, "mu": [-1.4077291417515039, 0.5480585395992583, 1.4035691358419864], "Sigma": [[0.009321268533638032, -0.0035624971001577983, -0.004915406745426367], [-0.0035624971001577983, 0.014695554178568099, -0.0013421885303214445], [-0.004915406745426367, -0.0013421885303214445, 0.004571226589861616]], "chi2_level": 0.99, "chi2_df": 3, "chi2_threshold": 11.344866730144373, "N_raw": 63, "N_roi": 63, "N_inlier": 59, "refit": true}
{"timestamp": "12:03:52.786664", "frame": 72, "mu": [-1.449030913929352, 0.5627146207061675, 1.3317347667260537], "Sigma": [[0.009799830613648905, -0.0034846091552564362, -0.0025092530987124743], [-0.0034846091552564362, 0.020953460605997686, 0.011012856848876923], [-0.0025092530987124747, 0.011012856848876925, 0.030036366447233967]], "chi2_level": 0.99, "chi2_df": 3, "chi2_threshold": 11.344866730144373, "N_raw": 72, "N_roi": 72, "N_inlier": 68, "refit": true}
{"timestamp": "12:03:52.840267", "frame": 73, "mu": [-1.4836187639158447, 0.5740909870156554, 1.351410953040205], "Sigma": [[0.008565248563859562, -0.0011660900432311015, 0.00047542005268593986], [-0.0011660900432311017, 0.012239279027561147, -0.006778385801897362], [0.00047542005268593965, -0.0067783858018973615, 0.023610978088734018]], "chi2_level": 0.99, "chi2_df": 3, "chi2_threshold": 11.344866730144373, "N_raw": 64, "N_roi": 64, "N_inlier": 59, "refit": true}
{"timestamp": "12:03:52.895712", "frame": 74, "mu": [-1.5059392861723806, 0.5459509603907216, 1.2261119631477742], "Sigma": [[0.008632375734412662, -0.0029871161769059133, -0.0007094282640742671], [-0.0029871161769059133, 0.01409975983240422, -0.003582104481371166], [-0.000709428264074267, -0.003582104481371166, 0.008829488829785372]], "chi2_level": 0.99, "chi2_df": 3, "chi2_threshold": 11.344866730144373, "N_raw": 65, "N_roi": 65, "N_inlier": 60, "refit": true}
{"timestamp": "12:03:52.951166", "frame": 75, "mu": [-1.5566777331761048, 0.575956726795255, 1.2467386994780443], "Sigma": [[0.009959194315112775, 0.00015188684368768872, 0.009650169423015439], [0.0001518868436876889, 0.01634402855848658, -0.00195992332038147], [0.009650169423015439, -0.0019599233203814706, 0.04887905442002602]], "chi2_level": 0.99, "chi2_df": 3, "chi2_threshold": 11.344866730144373, "N_raw": 73, "N_roi": 73, "N_inlier": 71, "refit": true}
{"timestamp": "12:03:53.004758", "frame": 76, "mu": [-1.5780489452784103, 0.5667052528626262, 1.2986042594239864], "Sigma": [[0.008896829033346742, 0.0008242214750296808, -0.0016525468873924767], [0.0008242214750296807, 0.010099600820642245, -0.004790521853420918], [-0.0016525468873924767, -0.004790521853420918, 0.0048068745069225075]], "chi2_level": 0.99, "chi2_df": 3, "chi2_threshold": 11.344866730144373, "N_raw": 57, "N_roi": 57, "N_inlier": 55, "refit": true}
{"timestamp": "12:03:53.059928", "frame": 77, "mu": [-1.5955087921379698, 0.5593685890996629, 1.2680629019945768], "Sigma": [[0.009406384371787943, 0.004599552207989944, 0.0013465349400609106], [0.004599552207989944, 0.01087929502051407, -0.004603989942024909], [0.0013465349400609108, -0.004603989942024909, 0.008119486283581624]], "chi2_level": 0.99, "chi2_df": 3, "chi2_threshold": 11.344866730144373, "N_raw": 62, "N_roi": 62, "N_inlier": 57, "refit": true}
{"timestamp": "12:03:53.115099", "frame": 78, "mu": [-1.606658865727039, 0.5792082202990312, 1.294523864703389], "Sigma": [[0.01078998904505992, 0.0026015663775572407, 4.5272621264959626e-05], [0.002601566377557241, 0.01195238113634053, -0.0059496967347554865], [4.527262126495965e-05, -0.005949696734755486, 0.004348679500437337]], "chi2_level": 0.99, "chi2_df": 3, "chi2_threshold": 11.344866730144373, "N_raw": 65, "N_roi": 65, "N_inlier": 63, "refit": true}
{"timestamp": "12:03:53.170226", "frame": 79, "mu": [-1.6549356293908397, 0.6109434621472045, 1.262042426788424], "Sigma": [[0.009175467637817082, 0.004007550395157542, 0.0017528020918986702], [0.004007550395157542, 0.01070991610068736, -0.002600986553279738], [0.0017528020918986705, -0.002600986553279738, 0.017499362903662368]], "chi2_level": 0.99, "chi2_df": 3, "chi2_threshold": 11.344866730144373, "N_raw": 67, "N_roi": 67, "N_inlier": 65, "refit": true}
{"timestamp": "12:03:53.226110", "frame": 80, "mu": [-1.6961227728782582, 0.7996386586496571, -0.5779413497778481], "Sigma": [[0.008602917338581718, 0.004910124375312332, 0.0026676663570208035], [0.0049101243753123325, 0.013952153198951213, -0.004162800447250583], [0.0026676663570208035, -0.004162800447250583, 0.015019502421756465]], "chi2_level": 0.99, "chi2_df": 3, "chi2_threshold": 11.344866730144373, "N_raw": 70, "N_roi": 70, "N_inlier": 64, "refit": true}
{"timestamp": "12:03:53.279952", "frame": 81, "mu": [-1.7199008963747038, 0.600083095929355, 1.2351399226253243], "Sigma": [[0.011797284624728026, 0.00518072571494526, 0.0013561803259116753], [0.00518072571494526, 0.009942189832117922, -0.006631984868808763], [0.0013561803259116755, -0.006631984868808763, 0.009589554096577973]], "chi2_level": 0.99, "chi2_df": 3, "chi2_threshold": 11.344866730144373, "N_raw": 67, "N_roi": 67, "N_inlier": 67, "refit": true}
{"timestamp": "12:03:53.334908", "frame": 82, "mu": [-1.7367192948330932, 0.8485893240708562, -0.4840297707961093], "Sigma": [[0.01244050523824076, 0.000922058568642243, -0.0033395326942140618], [0.0009220585686422429, 0.01647372079903168, -0.0027041706476618743], [-0.0033395326942140613, -0.0027041706476618743, 0.002164119722947248]], "chi2_level": 0.99, "chi2_df": 3, "chi2_threshold": 11.344866730144373, "N_raw": 66, "N_roi": 66, "N_inlier": 65, "refit": true}
{"timestamp": "12:03:53.389378", "frame": 83, "mu": [-1.7574171481640115, 0.8162122987851972, -0.5651539679065525], "Sigma": [[0.010082250188924547, 0.004529709470020387, -0.0003826652607026968], [0.004529709470020387, 0.014284368951610829, -0.0051628106054877896], [-0.00038266526070269676, -0.005162810605487789, 0.003061901195215104]], "chi2_level": 0.99, "chi2_df": 3, "chi2_threshold": 11.344866730144373, "N_raw": 56, "N_roi": 56, "N_inlier": 55, "refit": true}
{"timestamp": "12:03:53.442905", "frame": 84, "mu": [-1.777038218765635, 0.6877260410950492, 1.2344350316903894], "Sigma": [[0.007846806501029426, 0.0036332322740894405, -0.0024024351037358347], [0.00363323227408944, 0.011806347480013366, -0.007054471565956979], [-0.0024024351037358347, -0.007054471565956978, 0.006500025578907256]], "chi2_level": 0.99, "chi2_df": 3, "chi2_threshold": 11.344866730144373, "N_raw": 51, "N_roi": 51, "N_inlier": 50, "refit": true}
{"timestamp": "12:03:53.498106", "frame": 85, "mu": [-1.7759074495531273, 0.6895322013908474, 1.2132737335383066], "Sigma": [[0.0072993426106069915, 0.005649155138258502, -0.0008759531406404113], [0.005649155138258502, 0.009358486607495024, -0.00487635861275364], [-0.0008759531406404117, -0.00487635861275364, 0.011343365057377945]], "chi2_level": 0.99, "chi2_df": 3, "chi2_threshold": 11.344866730144373, "N_raw": 49, "N_roi": 49, "N_inlier": 47, "refit": true}
{"timestamp": "12:03:53.550755", "frame": 86, "mu": [-1.87716431741257, 0.6973830637123344, 1.0786923604645724], "Sigma": [[0.007690357926923543, 0.006723293594835963, -0.0028280922061056117], [0.0067232935948359634, 0.008566450969416632, -0.004843655199689054], [-0.0028280922061056117, -0.004843655199689054, 0.008273669484689388]], "chi2_level": 0.99, "chi2_df": 3, "chi2_threshold": 11.344866730144373, "N_raw": 36, "N_roi": 36, "N_inlier": 36, "refit": true}
{"timestamp": "12:03:53.606221", "frame": 87, "mu": [-1.8197797064261936, 0.7190560657647734, 1.1382322173325259], "Sigma": [[0.009068629665283674, 0.007912983483254879, 0.005359364287082561], [0.007912983483254879, 0.010474485203448748, 0.003369881425712912], [0.005359364287082561, 0.003369881425712912, 0.01681328458175111]], "chi2_level": 0.99, "chi2_df": 3, "chi2_threshold": 11.344866730144373, "N_raw": 42, "N_roi": 42, "N_inlier": 42, "refit": true}
{"timestamp": "12:03:53.664050", "frame": 88, "mu": [-1.8618491966158734, 0.7600793113408486, 1.2633982295148158], "Sigma": [[0.011740432024728608, 0.004589556984082492, -0.0038338957649909087], [0.0045895569840824916, 0.011547150124844106, -0.00813686839467822], [-0.0038338957649909087, -0.008136868394678217, 0.007470600554745243]], "chi2_level": 0.99, "chi2_df": 3, "chi2_threshold": 11.344866730144373, "N_raw": 57, "N_roi": 57, "N_inlier": 57, "refit": true}
{"timestamp": "12:03:53.719642", "frame": 89, "mu": [-1.922155122386639, 0.7952652180848945, 1.2378390658679452], "Sigma": [[0.012018755669943855, 0.005961798359157177, -0.0034238210368222636], [0.005961798359157177, 0.011653937570456964, -0.007810025718513603], [-0.0034238210368222636, -0.007810025718513602, 0.006955689205605632]], "chi2_level": 0.99, "chi2_df": 3, "chi2_threshold": 11.344866730144373, "N_raw": 59, "N_roi": 59, "N_inlier": 54, "refit": true}
{"timestamp": "12:03:53.765728", "frame": 90, "mu": [-1.8243770057387043, 0.7782318109183978, 1.2459627907359931], "Sigma": [[0.004212403626727542, 0.00486827743637557, -0.0032594444319687817], [0.00486827743637557, 0.008902789919890587, -0.004765352988326451], [-0.0032594444319687817, -0.004765352988326451, 0.0030603040016638347]], "chi2_level": 0.99, "chi2_df": 3, "chi2_threshold": 11.344866730144373, "N_raw": 5, "N_roi": 5, "N_inlier": 5, "refit": true}
{"timestamp": "12:03:53.825970", "frame": 91, "mu": [-1.9071360528718804, 0.8840837769327775, 1.2288226575636942], "Sigma": [[0.0059774142889496866, 0.0010549807324803043, -0.004553283594984156], [0.0010549807324803046, 0.007801457572779146, -0.004168450687304145], [-0.004553283594984156, -0.004168450687304145, 0.00819011367697016]], "chi2_level": 0.99, "chi2_df": 3, "chi2_threshold": 11.344866730144373, "N_raw": 36, "N_roi": 36, "N_inlier": 36, "refit": true}
{"timestamp": "12:03:53.884960", "frame": 92, "mu": [-1.994743309724749, 0.8231326807984957, 1.1755648563473309], "Sigma": [[0.009182157916450988, 0.007699138392762062, -0.004082351797548494], [0.007699138392762062, 0.011104608664641557, -0.008545230627394276], [-0.004082351797548494, -0.008545230627394276, 0.009600007015658543]], "chi2_level": 0.99, "chi2_df": 3, "chi2_threshold": 11.344866730144373, "N_raw": 45, "N_roi": 45, "N_inlier": 45, "refit": true}
{"timestamp": "12:03:53.937082", "frame": 93, "mu": [-1.9692717180200459, 0.9253074247716184, 1.2391495511438528], "Sigma": [[0.01324717527530172, 0.0068191313084341185, -0.0041490774222763226], [0.0068191313084341185, 0.010530753899763627, -0.006008404477249803], [-0.0041490774222763226, -0.006008404477249804, 0.004566054503297115]], "chi2_level": 0.99, "chi2_df": 3, "chi2_threshold": 11.344866730144373, "N_raw": 45, "N_roi": 45, "N_inlier": 45, "refit": true}
{"timestamp": "12:03:53.992268", "frame": 94, "mu": [-2.0587646903296166, 0.9812945987430307, 1.3452098307329858], "Sigma": [[0.009351443202118627, 0.006510853236018004, -0.006032804283403495], [0.006510853236018004, 0.01228729163204526, -0.010102027816164722], [-0.006032804283403495, -0.010102027816164722, 0.009684885299065275]], "chi2_level": 0.99, "chi2_df": 3, "chi2_threshold": 11.344866730144373, "N_raw": 45, "N_roi": 45, "N_inlier": 45, "refit": true}
{"timestamp": "12:03:54.049183", "frame": 95, "mu": [-2.0125788187690334, 0.9774612627810829, -0.6472255317189202], "Sigma": [[0.015077855423655808, 0.012093470609817965, 0.0008012115123209639], [0.012093470609817965, 0.041397749507111996, 0.01580990708836015], [0.0008012115123209636, 0.01580990708836015, 0.011951893482164926]], "chi2_level": 0.99, "chi2_df": 3, "chi2_threshold": 11.344866730144373, "N_raw": 58, "N_roi": 58, "N_inlier": 57, "refit": true}
{"timestamp": "12:03:54.106354", "frame": 96, "mu": [-2.0587905722714046, 0.9967611693490988, 1.3270212874405127], "Sigma": [[0.017451442600652674, 0.0070159224892235505, -0.005706437069588708], [0.00701592248922355, 0.01649541949356694, -0.009188910920501964], [-0.005706437069588708, -0.009188910920501964, 0.007248065234883433]], "chi2_level": 0.99, "chi2_df": 3, "chi2_threshold": 11.344866730144373, "N_raw": 75, "N_roi": 75, "N_inlier": 72, "refit": true}
{"timestamp": "12:03:54.164253", "frame": 97, "mu": [-2.1350038863394483, 1.04986566263794, -0.3226342632712283], "Sigma": [[0.02723941707975769, 0.01886497908947627, 0.04917502269131359], [0.01886497908947627, 0.03964213640581297, 0.03717673369704342], [0.04917502269131359, 0.03717673369704342, 0.4335108417312293]], "chi2_level": 0.99, "chi2_df": 3, "chi2_threshold": 11.344866730144373, "N_raw": 87, "N_roi": 86, "N_inlier": 83, "refit": true}
