{"timestamp": "12:23:29.226207", "frame": 16, "mu": [-2.4368029925517587, 0.6534120147355773, 0.7143740023040978], "Sigma": [[0.003032272789217836, 0.005242220240957002, -0.0004680870166616009], [0.0052422202409570014, 0.009774784177083662, -0.0012707856799689628], [-0.00046808701666160103, -0.0012707856799689628, 0.00037507071925369303]], "chi2_level": 0.99, "chi2_df": 3, "chi2_threshold": 11.344866730144373, "N_raw": 5, "N_roi": 5, "N_inlier": 5, "refit": true}
{"timestamp": "12:23:29.336325", "frame": 18, "mu": [-0.7269403581332632, 0.49249928204711374, 0.6001620241115865], "Sigma": [[4.993318340300455, 0.12031770136762804, -0.0071131567441810525], [0.12031770136762805, 0.013586917638844941, -0.0011173304646905635], [-0.007113156744181063, -0.0011173304646905635, 0.0020782914353932205]], "chi2_level": 0.99, "chi2_df": 3, "chi2_threshold": 11.344866730144373, "N_raw": 6, "N_roi": 6, "N_inlier": 6, "refit": true}
{"timestamp": "12:23:29.396378", "frame": 19, "mu": [-0.9020414868800045, 0.6381764542306033, 0.7149621162726543], "Sigma": [[4.687800332930241, -0.03949323702501049, 0.08744676266784504], [-0.03949323702501049, 0.010744151893212687, -0.004846546210345765], [0.08744676266784504, -0.004846546210345765, 0.0049591371766621204]], "chi2_level": 0.99, "chi2_df": 3, "chi2_threshold": 11.344866730144373, "N_raw": 34, "N_roi": 33, "N_inlier": 33, "refit": true}
{"timestamp": "12:23:29.447941", "frame": 20, "mu": [-1.5885343131378142, 0.5487003057579435, 0.6791184177305423], "Sigma": [[2.761508278736783, -0.05694857064046818, 0.021647124338195416], [-0.05694857064046818, 0.014720284884066856, -0.0023948120152298353], [0.02164712433819542, -0.0023948120152298353, 0.00226087419424284]], "chi2_level": 0.99, "chi2_df": 3, "chi2_threshold": 11.344866730144373, "N_raw": 14, "N_roi": 14, "N_inlier": 14, "refit": true}
{"timestamp": "12:23:29.505162", "frame": 21, "mu": [-1.5525331259120256, 0.6435231350036774, 0.9463059171002697], "Sigma": [[2.4118727256920316, -0.06492868771140958, 0.039397348514000216], [-0.06492868771140958, 0.018548717627375564, -0.00530952188487655], [0.039397348514000216, -0.00530952188487655, 0.0075530733427731376]], "chi2_level": 0.99, "chi2_df": 3, "chi2_threshold": 11.344866730144373, "N_raw": 32, "N_roi": 32, "N_inlier": 32, "refit": true}
{"timestamp": "12:23:29.615013", "frame": 23, "mu": [-0.4162639949656145, 0.5668182282918987, 0.8554192011256612], "Sigma": [[3.9299140799429777, 0.044658060750007625, -0.09887940478250223], [0.04465806075000765, 0.030117879741126764, 0.010283956898194467], [-0.09887940478250225, 0.010283956898194467, 0.01848612538106685]], "chi2_level": 0.99, "chi2_df": 3, "chi2_threshold": 11.344866730144373, "N_raw": 32, "N_roi": 32, "N_inlier": 32, "refit": true}
{"timestamp": "12:23:29.669586", "frame": 24, "mu": [-1.0179812946684414, 0.5472556297227456, 0.983382296107811], "Sigma": [[3.388927656481882, -0.021688873583833944, 0.049178418095272736], [-0.02168887358383394, 0.0077523869295164525, -0.0039929718628725665], [0.049178418095272736, -0.0039929718628725665, 0.004469032174226242]], "chi2_level": 0.99, "chi2_df": 3, "chi2_threshold": 11.344866730144373, "N_raw": 29, "N_roi": 29, "N_inlier": 29, "refit": true}
{"timestamp": "12:23:29.721940", "frame": 25, "mu": [1.3330009896191748, 0.6889599005105435, 0.722789792069456], "Sigma": [[2.102348575567853, -0.08827097284043699, -0.2505481159275834], [-0.08827097284043699, 0.018453711196055666, 0.006318010984818836], [-0.25054811592758347, 0.006318010984818836, 0.03127646760664845]], "chi2_level": 0.99, "chi2_df": 3, "chi2_threshold": 11.344866730144373, "N_raw": 6, "N_roi": 6, "N_inlier": 6, "refit": true}
{"timestamp": "12:23:29.786580", "frame": 26, "mu": [-1.3698156738473053, 0.5525445848368645, 0.9934944571283195], "Sigma": [[1.9918191392176272, -0.028737611528170025, 0.0033440235380131945], [-0.028737611528170025, 0.012995479600813783, 0.0029649969103992704], [0.003344023538013198, 0.002964996910399271, 0.030788796121659]], "chi2_level": 0.99, "chi2_df": 3, "chi2_threshold": 11.344866730144373, "N_raw": 68, "N_roi": 68, "N_inlier": 67, "refit": true}
{"timestamp": "12:23:29.832516", "frame": 27, "mu": [-1.9115758640339244, 0.6380391826648406, 0.884705833608575], "Sigma": [[0.021406387675619972, 0.020442133330074316, 0.03447344936368674], [0.020442133330074316, 0.02230804991501146, 0.032057965499092234], [0.03447344936368673, 0.032057965499092234, 0.06133888067699976]], "chi2_level": 0.99, "chi2_df": 3, "chi2_threshold": 11.344866730144373, "N_raw": 8, "N_roi": 8, "N_inlier": 8, "refit": true}
{"timestamp": "12:23:29.898395", "frame": 28, "mu": [-0.9921450108219287, 0.478994226572268, 0.8886095030567859], "Sigma": [[2.5134540105011283, -0.009063889576301734, 0.003220806289300486], [-0.009063889576301738, 0.012115478990993828, 0.006777007055005078], [0.0032208062893004895, 0.006777007055005078, 0.03592430648258001]], "chi2_level": 0.99, "chi2_df": 3, "chi2_threshold": 11.344866730144373, "N_raw": 81, "N_roi": 81, "N_inlier": 80, "refit": true}
{"timestamp": "12:23:29.951623", "frame": 29, "mu": [-0.9413583235846676, 0.48756441194829386, 0.8848543262379105], "Sigma": [[2.516621776812592, -0.01230461370780548, 0.10675967316808961], [-0.012304613707805482, 0.009060869042421572, -0.004111050906762694], [0.10675967316808961, -0.004111050906762694, 0.025827376233676792]], "chi2_level": 0.99, "chi2_df": 3, "chi2_threshold": 11.344866730144373, "N_raw": 72, "N_roi": 72, "N_inlier": 72, "refit": true}
{"timestamp": "12:23:30.003959", "frame": 30, "mu": [-0.649073673512438, 0.48199885048009833, 1.0266315393960888], "Sigma": [[2.7130746989721386, -0.023684885361143482, -0.00301235404056041], [-0.023684885361143482, 0.008081377343165361, 0.0011946457461693128], [-0.0030123540405604067, 0.0011946457461693121, 0.012158979739345956]], "chi2_level": 0.99, "chi2_df": 3, "chi2_threshold": 11.344866730144373, "N_raw": 57, "N_roi": 57, "N_inlier": 57, "refit": true}
{"timestamp": "12:23:30.061002", "frame": 31, "mu": [-1.1937653096786798, 0.5093328443934229, 1.088126044372458], "Sigma": [[1.5383637392023173, -0.03725378192762071, 0.012087780755903742], [-0.037253781927620716, 0.012809503885496586, 0.003956165809040919], [0.012087780755903738, 0.003956165809040919, 0.019935197105725846]], "chi2_level": 0.99, "chi2_df": 3, "chi2_threshold": 11.344866730144373, "N_raw": 69, "N_roi": 69, "N_inlier": 69, "refit": true}
{"timestamp": "12:23:30.115010", "frame": 32, "mu": [-1.2703120115407058, 0.5389289777552809, 1.1866752572858097], "Sigma": [[1.0595985613913712, -0.033070300541623174, 0.009962363455857501], [-0.033070300541623174, 0.011292974888861084, -0.0026048982477044555], [0.009962363455857501, -0.0026048982477044555, 0.008629832556683011]], "chi2_level": 0.99, "chi2_df": 3, "chi2_threshold": 11.344866730144373, "N_raw": 63, "N_roi": 63, "N_inlier": 58, "refit": true}
{"timestamp": "12:23:30.174989", "frame": 33, "mu": [-1.5730265453706143, 0.7664713572629318, -0.5864438026745203], "Sigma": [[0.00787306291113579, 0.005538443312797442, 0.010244601923891575], [0.005538443312797442, 0.01375926256968575, -0.0027978277762057994], [0.010244601923891573, -0.002797827776205799, 0.03492946637819158]], "chi2_level": 0.99, "chi2_df": 3, "chi2_threshold": 11.344866730144373, "N_raw": 75, "N_roi": 75, "N_inlier": 69, "refit": true}
{"timestamp": "12:23:30.230118", "frame": 34, "mu": [-1.2275228132715599, 0.5528867992843292, 1.1679188333172796], "Sigma": [[0.9629983482279464, -0.04606136987234741, 0.02754941793741464], [-0.046061369872347394, 0.015772959675889958, -0.001684156680811731], [0.027549417937414642, -0.0016841566808117304, 0.030034835852546293]], "chi2_level": 0.99, "chi2_df": 3, "chi2_threshold": 11.344866730144373, "N_raw": 86, "N_roi": 86, "N_inlier": 85, "refit": true}
{"timestamp": "12:23:30.288815", "frame": 35, "mu": [-1.5230451623970753, 0.5705911455130221, 1.2180559704400784], "Sigma": [[0.013579342381403623, 0.009853152942886616, 0.011028482740975868], [0.009853152942886616, 0.012795757522269123, -0.0024432136833260902], [0.011028482740975868, -0.002443213683326091, 0.0315855425257372]], "chi2_level": 0.99, "chi2_df": 3, "chi2_threshold": 11.344866730144373, "N_raw": 107, "N_roi": 107, "N_inlier": 102, "refit": true}
{"timestamp": "12:23:30.344942", "frame": 36, "mu": [-1.4763274342597823, 0.7302691576272307, 0.06398971288903899], "Sigma": [[0.0141833569135571, 0.002591787047420172, 0.03073429110463726], [0.002591787047420172, 0.006574035451359689, -0.0004402579022789936], [0.03073429110463726, -0.00044025790227899316, 0.6436865154773984]], "chi2_level": 0.99, "chi2_df": 3, "chi2_threshold": 11.344866730144373, "N_raw": 108, "N_roi": 108, "N_inlier": 104, "refit": true}
{"timestamp": "12:23:30.397864", "frame": 37, "mu": [-1.416164860254933, 0.6473028573885962, 1.2528783108263397], "Sigma": [[0.016661272129180674, 0.005429385631953717, 0.014870601362199967], [0.005429385631953717, 0.013932573669270847, -0.004325112109917803], [0.014870601362199967, -0.004325112109917803, 0.03474632605892933]], "chi2_level": 0.99, "chi2_df": 3, "chi2_threshold": 11.344866730144373, "N_raw": 96, "N_roi": 96, "N_inlier": 95, "refit": true}
{"timestamp": "12:23:30.448275", "frame": 38, "mu": [-1.3181549712588179, 0.5955758668813409, 1.3408983573414361], "Sigma": [[0.009104110285496897, 0.008217747116724416, 0.004639106034355847], [0.008217747116724416, 0.012841678614114808, 0.0005703453571605892], [0.004639106034355847, 0.0005703453571605889, 0.014972706280918919]], "chi2_level": 0.99, "chi2_df": 3, "chi2_threshold": 11.344866730144373, "N_raw": 62, "N_roi": 62, "N_inlier": 60, "refit": true}
{"timestamp": "12:23:30.508332", "frame": 39, "mu": [-1.19349265581381, 0.6573071369362785, 1.3206482679040297], "Sigma": [[0.012193972731429603, 0.008431728299149673, 0.0013282094895220291], [0.008431728299149673, 0.011407219284285177, -0.005794594107921378], [0.0013282094895220291, -0.005794594107921377, 0.010159204959955351]], "chi2_level": 0.99, "chi2_df": 3, "chi2_threshold": 11.344866730144373, "N_raw": 95, "N_roi": 95, "N_inlier": 93, "refit": true}
{"timestamp": "12:23:30.560969", "frame": 40, "mu": [-1.1679817434051285, 0.60923060500754, 1.3594877529471379], "Sigma": [[0.010282460586474211, 0.008391347799575666, 0.002721498467491977], [0.008391347799575668, 0.010548938401532752, -0.0024230337539557236], [0.002721498467491977, -0.0024230337539557236, 0.012596977190070593]], "chi2_level": 0.99, "chi2_df": 3, "chi2_threshold": 11.344866730144373, "N_raw": 83, "N_roi": 83, "N_inlier": 80, "refit": true}
{"timestamp": "12:23:30.619994", "frame": 41, "mu": [-1.107121871327214, 0.6087556919522242, 1.370072654226112], "Sigma": [[0.016031174944606014, 0.014489064096256794, 0.005892280607682465], [0.014489064096256794, 0.01759578624396258, 0.0017696908116420656], [0.005892280607682465, 0.0017696908116420656, 0.01257440824680225]], "chi2_level": 0.99, "chi2_df": 3, "chi2_threshold": 11.344866730144373, "N_raw": 102, "N_roi": 102, "N_inlier": 98, "refit": true}
{"timestamp": "12:23:30.668378", "frame": 42, "mu": [-1.0855933609467323, 0.557870222891091, 1.363541230132588], "Sigma": [[0.009870396098122037, 0.012661174886202267, 0.0013365850028214609], [0.012661174886202265, 0.019358696260575233, -0.003405727848964461], [0.0013365850028214605, -0.003405727848964461, 0.026858324761895355]], "chi2_level": 0.99, "chi2_df": 3, "chi2_threshold": 11.344866730144373, "N_raw": 62, "N_roi": 62, "N_inlier": 58, "refit": true}
{"timestamp": "12:23:30.729345", "frame": 43, "mu": [-0.9805006403163884, 0.5626619167206058, 1.3767504229285663], "Sigma": [[0.01399489704868301, 0.018975462362110496, 0.010669271803490383], [0.018975462362110496, 0.03601785872328709, 0.019012864679946447], [0.010669271803490383, 0.019012864679946447, 0.024845565731791634]], "chi2_level": 0.99, "chi2_df": 3, "chi2_threshold": 11.344866730144373, "N_raw": 101, "N_roi": 101, "N_inlier": 90, "refit": true}
{"timestamp": "12:23:30.782664", "frame": 44, "mu": [-0.9254585836417295, 0.6712657626595456, 1.4997898549570214], "Sigma": [[0.012421746392712733, 0.008069786670713792, -0.0017434133126333056], [0.008069786670713792, 0.008531514862043446, -0.004919019264100233], [-0.0017434133126333056, -0.004919019264100233, 0.0054232873777712645]], "chi2_level": 0.99, "chi2_df": 3, "chi2_threshold": 11.344866730144373, "N_raw": 88, "N_roi": 88, "N_inlier": 82, "refit": true}
{"timestamp": "12:23:30.830919", "frame": 45, "mu": [-0.9157260331846023, 0.6435079239704616, 1.4948112953436086], "Sigma": [[0.016330494086824424, 0.01206562766481646, -0.005612998559015925], [0.012065627664816458, 0.01514396847882656, -0.0102465344090748], [-0.005612998559015925, -0.0102465344090748, 0.008669438784665124]], "chi2_level": 0.99, "chi2_df": 3, "chi2_threshold": 11.344866730144373, "N_raw": 51, "N_roi": 51, "N_inlier": 51, "refit": true}
{"timestamp": "12:23:30.892419", "frame": 46, "mu": [-0.6538882659192479, 0.777267598178796, 1.0791226084445642], "Sigma": [[0.08882902624399501, -0.014017204118708024, -0.016749402583992122], [-0.014017204118708024, 0.026673700437720108, -0.024046519211615394], [-0.016749402583992122, -0.024046519211615394, 0.16876262321991192]], "chi2_level": 0.99, "chi2_df": 3, "chi2_threshold": 11.344866730144373, "N_raw": 92, "N_roi": 92, "N_inlier": 84, "refit": true}
{"timestamp": "12:23:30.943692", "frame": 47, "mu": [-0.7655782770046289, 0.7316787620656867, 1.50628457961644], "Sigma": [[0.032008645506124284, 0.01291808150511864, -0.03792558847518443], [0.012918081505118638, 0.007433451374411162, -0.02165592222703178], [-0.03792558847518443, -0.02165592222703178, 0.1039227830380458]], "chi2_level": 0.99, "chi2_df": 3, "chi2_threshold": 11.344866730144373, "N_raw": 64, "N_roi": 63, "N_inlier": 61, "refit": true}
{"timestamp": "12:23:31.001352", "frame": 48, "mu": [-0.5833599820569921, 0.7962867769139774, 1.4492872603109062], "Sigma": [[0.009594617653185032, 0.0058074539610727385, -0.0033875647903501725], [0.0058074539610727385, 0.008144199896375782, -0.006938951037311486], [-0.0033875647903501725, -0.006938951037311486, 0.006994897649861327]], "chi2_level": 0.99, "chi2_df": 3, "chi2_threshold": 11.344866730144373, "N_raw": 79, "N_roi": 76, "N_inlier": 72, "refit": true}
{"timestamp": "12:23:31.053031", "frame": 49, "mu": [-0.4639045065385224, 0.8247190701219371, 1.4285962455755992], "Sigma": [[0.0024559793659236972, 3.870945957213005e-05, 0.0002340720619842631], [3.870945957213008e-05, 0.0022949698215270426, -0.002551123754836059], [0.0002340720619842631, -0.002551123754836059, 0.005173089780010216]], "chi2_level": 0.99, "chi2_df": 3, "chi2_threshold": 11.344866730144373, "N_raw": 63, "N_roi": 63, "N_inlier": 60, "refit": true}
{"timestamp": "12:23:31.102810", "frame": 50, "mu": [-0.40347419963968956, 0.7672921927156988, 1.467604305636843], "Sigma": [[0.0011725235095611966, 0.0004914365664533065, 0.001634881426297562], [0.0004914365664533067, 0.002672458352259257, -0.0007289890092910395], [0.0016348814262975623, -0.0007289890092910393, 0.009405830759343108]], "chi2_level": 0.99, "chi2_df": 3, "chi2_threshold": 11.344866730144373, "N_raw": 29, "N_roi": 29, "N_inlier": 24, "refit": true}
{"timestamp": "12:23:31.165267", "frame": 51, "mu": [-0.3207495102189259, 0.8528517940668564, 1.4281787969717672], "Sigma": [[0.00342266106990611, 0.0008190398224749409, 0.000981057184744127], [0.0008190398224749409, 0.003164293390069457, -0.002439556017147788], [0.000981057184744127, -0.002439556017147788, 0.003041912635760786]], "chi2_level": 0.99, "chi2_df": 3, "chi2_threshold": 11.344866730144373, "N_raw": 76, "N_roi": 76, "N_inlier": 75, "refit": true}
{"timestamp": "12:23:31.213673", "frame": 52, "mu": [-0.318573199767017, 0.8033313847487468, 1.4817634691166186], "Sigma": [[0.0017637227139376012, -0.0008241999003953945, 0.0002045008076309161], [-0.0008241999003953946, 0.0026228102098486135, -0.0015526162123119577], [0.00020450080763091607, -0.0015526162123119577, 0.0013161687548123504]], "chi2_level": 0.99, "chi2_df": 3, "chi2_threshold": 11.344866730144373, "N_raw": 33, "N_roi": 33, "N_inlier": 30, "refit": true}
{"timestamp": "12:23:31.273579", "frame": 53, "mu": [-0.19127959335692715, 0.8641829739990999, 1.4130108288181487], "Sigma": [[0.0031296709402652946, 0.0003732638823102705, 0.0004756888820777738], [0.0003732638823102706, 0.002480089065923106, -0.000941930709021495], [0.0004756888820777737, -0.000941930709021495, 0.015771216581636202]], "chi2_level": 0.99, "chi2_df": 3, "chi2_threshold": 11.344866730144373, "N_raw": 78, "N_roi": 78, "N_inlier": 78, "refit": true}
{"timestamp": "12:23:31.327323", "frame": 54, "mu": [-0.12330605047035055, 0.8892895837784794, 1.47802266605425], "Sigma": [[0.011553362298957823, 0.0024754725548324485, -0.0022578634071116293], [0.0024754725548324485, 0.002066381194164379, -0.0016017101744674883], [-0.0022578634071116293, -0.0016017101744674883, 0.0016275730111419975]], "chi2_level": 0.99, "chi2_df": 3, "chi2_threshold": 11.344866730144373, "N_raw": 57, "N_roi": 57, "N_inlier": 56, "refit": true}
{"timestamp": "12:23:31.386894", "frame": 55, "mu": [-0.07123207362956412, 0.9051149017425726, 1.3496332888871643], "Sigma": [[0.014423927375426502, 0.008585058766265297, -0.03289375696232682], [0.008585058766265297, 0.010633908659408655, -0.027663886689738], [-0.03289375696232682, -0.027663886689738, 0.09064892797350199]], "chi2_level": 0.99, "chi2_df": 3, "chi2_threshold": 11.344866730144373, "N_raw": 87, "N_roi": 87, "N_inlier": 86, "refit": true}
{"timestamp": "12:23:31.438530", "frame": 56, "mu": [0.048085803959184506, 0.9696007654584037, 1.2036020971524968], "Sigma": [[0.03585353764154547, 0.01565774351895676, -0.0575503688295044], [0.01565774351895676, 0.00789123117250776, -0.02645158452570954], [-0.0575503688295044, -0.02645158452570954, 0.10473091306167423]], "chi2_level": 0.99, "chi2_df": 3, "chi2_threshold": 11.344866730144373, "N_raw": 64, "N_roi": 64, "N_inlier": 62, "refit": true}
{"timestamp": "12:23:31.496476", "frame": 57, "mu": [-0.027510933392226235, 0.8020467451282959, 1.4101976964246885], "Sigma": [[0.004055741561160785, 0.0003617342915718823, 0.0042423858259802135], [0.0003617342915718823, 0.0008416163838949848, -0.0011883295109972674], [0.0042423858259802135, -0.0011883295109972672, 0.010573209417615895]], "chi2_level": 0.99, "chi2_df": 3, "chi2_threshold": 11.344866730144373, "N_raw": 87, "N_roi": 87, "N_inlier": 81, "refit": true}
{"timestamp": "12:23:31.540421", "frame": 58, "mu": [0.11225099226394285, 0.8215734735028226, 0.9022300967138404], "Sigma": [[0.008404510070955554, -0.0030063451076038045, -0.06114955675584366], [-0.0030063451076038036, 0.0020859819733566286, 0.02388775276175832], [-0.06114955675584366, 0.023887752761758325, 0.4837924018835157]], "chi2_level": 0.99, "chi2_df": 3, "chi2_threshold": 11.344866730144373, "N_raw": 8, "N_roi": 8, "N_inlier": 7, "refit": true}
{"timestamp": "12:23:31.599620", "frame": 59, "mu": [0.12967418073260537, 0.8220839020308283, 1.418972765915192], "Sigma": [[0.007215001266752138, 0.0024090466597411083, -0.006174118841419358], [0.0024090466597411083, 0.0031787706860493823, -0.004545829463331987], [-0.006174118841419359, -0.004545829463331987, 0.011397539825229218]], "chi2_level": 0.99, "chi2_df": 3, "chi2_threshold": 11.344866730144373, "N_raw": 46, "N_roi": 46, "N_inlier": 41, "refit": true}
{"timestamp": "12:23:31.657751", "frame": 60, "mu": [0.2309155875913998, 0.8176227403922779, 1.4209376305551253], "Sigma": [[0.0018006331490215213, -0.00018939580698868253, 0.0003962166151993663], [-0.00018939580698868253, 0.0008857159907956647, -0.0018503780897600203], [0.0003962166151993662, -0.0018503780897600203, 0.00992213535239035]], "chi2_level": 0.99, "chi2_df": 3, "chi2_threshold": 11.344866730144373, "N_raw": 61, "N_roi": 61, "N_inlier": 61, "refit": true}
{"timestamp": "12:23:31.714951", "frame": 61, "mu": [0.27442288685188176, 0.8511878411986513, 1.445746587349513], "Sigma": [[0.002689600161325933, -0.00047440923722174904, -0.002202668886831461], [-0.00047440923722174904, 0.003297361283715102, -0.0021254144144396605], [-0.0022026688868314616, -0.0021254144144396605, 0.005845818403280053]], "chi2_level": 0.99, "chi2_df": 3, "chi2_threshold": 11.344866730144373, "N_raw": 78, "N_roi": 78, "N_inlier": 73, "refit": true}
{"timestamp": "12:23:31.767275", "frame": 62, "mu": [0.39200906980872874, 0.7836255217398609, 1.3006861684258488], "Sigma": [[0.0027612459111133235, 0.0010715042898263522, -0.0015283713327331255], [0.001071504289826352, 0.0025621664175799553, -0.0024395193887452337], [-0.0015283713327331255, -0.0024395193887452337, 0.005069820469603939]], "chi2_level": 0.99, "chi2_df": 3, "chi2_threshold": 11.344866730144373, "N_raw": 61, "N_roi": 61, "N_inlier": 60, "refit": true}
{"timestamp": "12:23:31.821579", "frame": 63, "mu": [0.44577755799516217, 0.7410565445695001, 1.1858107693059121], "Sigma": [[0.0027391184715948756, 0.001875050402203009, -0.002132178956828693], [0.0018750504022030092, 0.004616179326329043, -0.0007213467688311094], [-0.002132178956828693, -0.0007213467688311094, 0.03383980504871879]], "chi2_level": 0.99, "chi2_df": 3, "chi2_threshold": 11.344866730144373, "N_raw": 49, "N_roi": 48, "N_inlier": 44, "refit": true}
{"timestamp": "12:23:31.873557", "frame": 64, "mu": [0.5197671077846768, 0.8176346897607397, 1.3404399409662573], "Sigma": [[0.0024109004082891873, 0.0012570042135159657, -0.0027308625751528083], [0.0012570042135159657, 0.0015973346464545873, -0.0002751288141379243], [-0.0027308625751528083, -0.00027512881413792453, 0.15594840505680668]], "chi2_level": 0.99, "chi2_df": 3, "chi2_threshold": 11.344866730144373, "N_raw": 31, "N_roi": 30, "N_inlier": 28, "refit": true}
{"timestamp": "12:23:31.927428", "frame": 65, "mu": [0.506779011684187, 0.7333416137576904, 1.4256541585435165], "Sigma": [[0.0020306705976402854, -0.0002663097934009412, -0.0018211008702595977], [-0.0002663097934009411, 0.00364222199528439, 0.004094431020193249], [-0.0018211008702595977, 0.004094431020193249, 0.015075207309756752]], "chi2_level": 0.99, "chi2_df": 3, "chi2_threshold": 11.344866730144373, "N_raw": 30, "N_roi": 30, "N_inlier": 29, "refit": true}
{"timestamp": "12:23:31.983380", "frame": 66, "mu": [0.6079699260386998, 0.6886692517288817, 1.2976853631368561], "Sigma": [[0.0025221242045570507, 0.0015822879204967144, -0.0002640780859570176], [0.0015822879204967144, 0.005321032613924275, -0.0017756054349811034], [-0.0002640780859570176, -0.0017756054349811034, 0.001052758901118265]], "chi2_level": 0.99, "chi2_df": 3, "chi2_threshold": 11.344866730144373, "N_raw": 35, "N_roi": 35, "N_inlier": 32, "refit": true}
{"timestamp": "12:23:32.038382", "frame": 67, "mu": [0.676724780923987, 0.7179186209537957, 1.3033905969441375], "Sigma": [[0.0027191566044282123, 0.0017434696434081248, -0.0008129670306443707], [0.0017434696434081246, 0.0029524783668432386, -0.0011068693086343138], [-0.0008129670306443707, -0.0011068693086343138, 0.0010083621205780981]], "chi2_level": 0.99, "chi2_df": 3, "chi2_threshold": 11.344866730144373, "N_raw": 29, "N_roi": 29, "N_inlier": 26, "refit": true}
{"timestamp": "12:23:32.090301", "frame": 68, "mu": [0.7283719590180715, 0.8246663420808344, 1.1576355064153525], "Sigma": [[0.0026550733595605666, -0.0031478052592652807, 0.0025827966022043862], [-0.0031478052592652803, 0.028385470514597565, -0.00744298223028314], [0.0025827966022043862, -0.007442982230283142, 0.03780418236390727]], "chi2_level": 0.99, "chi2_df": 3, "chi2_threshold": 11.344866730144373, "N_raw": 10, "N_roi": 10, "N_inlier": 10, "refit": true}
{"timestamp": "12:23:32.146068", "frame": 69, "mu": [0.8101093785205011, 0.8085251186133201, 1.2534621667880794], "Sigma": [[0.004313418869708896, -0.004098108426443982, 0.00584761150700619], [-0.004098108426443983, 0.02370602261767977, -0.016369306155043103], [0.00584761150700619, -0.016369306155043103, 0.021459563679316722]], "chi2_level": 0.99, "chi2_df": 3, "chi2_threshold": 11.344866730144373, "N_raw": 20, "N_roi": 20, "N_inlier": 19, "refit": true}
{"timestamp": "12:23:32.202752", "frame": 70, "mu": [0.8247963660694755, 0.8766599845596851, 0.9214447884838466], "Sigma": [[0.00984342337118553, 0.003336877639724659, 0.0430579272486101], [0.003336877639724659, 0.02956695498249784, 0.024484571224111133], [0.0430579272486101, 0.02448457122411113, 0.26762072583731933]], "chi2_level": 0.99, "chi2_df": 3, "chi2_threshold": 11.344866730144373, "N_raw": 14, "N_roi": 14, "N_inlier": 13, "refit": true}
{"timestamp": "12:23:32.255168", "frame": 71, "mu": [0.9157692124013848, 1.0927594576991624, -0.5865227213942825], "Sigma": [[0.0021670395757143277, -0.00040772432489370736, 0.010155620017126853], [-0.0004077243248937069, 0.027467715288752963, -0.008859738271193152], [0.010155620017126853, -0.008859738271193154, 0.10276695012501787]], "chi2_level": 0.99, "chi2_df": 3, "chi2_threshold": 11.344866730144373, "N_raw": 12, "N_roi": 12, "N_inlier": 11, "refit": true}
{"timestamp": "12:23:32.309930", "frame": 72, "mu": [1.0211536717235008, 0.7918358267906735, 1.014687074086192], "Sigma": [[0.002648347179633858, 0.0014817501903614276, 0.012965736248875322], [0.0014817501903614276, 0.004465274404292005, 0.006501414005785869], [0.012965736248875322, 0.006501414005785869, 0.15632388759116525]], "chi2_level": 0.99, "chi2_df": 3, "chi2_threshold": 11.344866730144373, "N_raw": 8, "N_roi": 8, "N_inlier": 8, "refit": true}
{"timestamp": "12:23:32.364828", "frame": 73, "mu": [1.068671995298507, 1.0762193856882656, -0.6940626456142241], "Sigma": [[0.0030393875383365513, 0.0004021298288941276, 0.015063883912660198], [0.0004021298288941276, 0.015847778773217934, -0.02961976375161927], [0.015063883912660198, -0.029619763751619267, 0.1767947010645742]], "chi2_level": 0.99, "chi2_df": 3, "chi2_threshold": 11.344866730144373, "N_raw": 10, "N_roi": 10, "N_inlier": 10, "refit": true}
{"timestamp": "12:23:32.421372", "frame": 74, "mu": [1.2320317941898196, 0.9024314497462883, 1.5779522951407676], "Sigma": [[0.004313380234145151, 0.00379114390729986, 0.007652084829524997], [0.00379114390729986, 0.010149465756104018, 0.01194370123220611], [0.007652084829524998, 0.01194370123220611, 0.028751907168692407]], "chi2_level": 0.99, "chi2_df": 3, "chi2_threshold": 11.344866730144373, "N_raw": 20, "N_roi": 20, "N_inlier": 19, "refit": true}
{"timestamp": "12:23:32.476142", "frame": 75, "mu": [1.231553664029427, 0.7324039454607585, 1.3293939105325439], "Sigma": [[0.003540907637072595, -0.0011836630982150005, -0.001830312450759636], [-0.0011836630982150005, 0.0024925242876739397, -0.000592338758171787], [-0.001830312450759636, -0.000592338758171787, 0.0021975762603140218]], "chi2_level": 0.99, "chi2_df": 3, "chi2_threshold": 11.344866730144373, "N_raw": 24, "N_roi": 24, "N_inlier": 23, "refit": true}
{"timestamp": "12:23:32.528369", "frame": 76, "mu": [1.3003445237694087, 0.988398697991622, 1.276072220661967], "Sigma": [[0.006115182007037528, 0.0053214028526997505, -0.01228652896359382], [0.005321402852699752, 0.006696157039819646, -0.005432680431276468], [-0.01228652896359382, -0.005432680431276467, 0.13648566666744383]], "chi2_level": 0.99, "chi2_df": 3, "chi2_threshold": 11.344866730144373, "N_raw": 8, "N_roi": 8, "N_inlier": 8, "refit": true}
{"timestamp": "12:23:32.586881", "frame": 77, "mu": [1.3797529857529687, 0.9195056154102283, 1.5857323947391995], "Sigma": [[0.004153877844277375, 0.0020219671745953438, 0.004630887313590033], [0.0020219671745953438, 0.005975467957822964, 0.0036025319741054378], [0.004630887313590033, 0.003602531974105437, 0.006386508268992472]], "chi2_level": 0.99, "chi2_df": 3, "chi2_threshold": 11.344866730144373, "N_raw": 23, "N_roi": 23, "N_inlier": 22, "refit": true}
{"timestamp": "12:23:32.639952", "frame": 78, "mu": [1.402430671953269, 0.8608243409416955, 1.4101398128745026], "Sigma": [[0.0019096465717151677, 0.0022894678102939, 0.0012133801706092418], [0.0022894678102939, 0.009146229420834786, 0.004247452734299486], [0.0012133801706092416, 0.004247452734299486, 0.002168530876670797]], "chi2_level": 0.99, "chi2_df": 3, "chi2_threshold": 11.344866730144373, "N_raw": 12, "N_roi": 12, "N_inlier": 12, "refit": true}
{"timestamp": "12:23:32.695411", "frame": 79, "mu": [1.438544894938821, 0.8739422777884112, 1.3022651931525508], "Sigma": [[0.0016319030392461084, -0.0001645195143348024, 0.001166452594509163], [-0.0001645195143348024, 0.002346749558449303, -0.0050500881453932585], [0.001166452594509163, -0.005050088145393259, 0.018524858768051263]], "chi2_level": 0.99, "chi2_df": 3, "chi2_threshold": 11.344866730144373, "N_raw": 12, "N_roi": 12, "N_inlier": 12, "refit": true}
{"timestamp": "12:23:32.748536", "frame": 80, "mu": [1.5365923775703174, 0.9231489172554375, 1.1774234976843978], "Sigma": [[0.0020638168099268296, -0.004968573123122739, 0.0014900422537656769], [-0.004968573123122739, 0.02002101501936049, -0.009931285176325987], [0.0014900422537656765, -0.009931285176325987, 0.014475002755036949]], "chi2_level": 0.99, "chi2_df": 3, "chi2_threshold": 11.344866730144373, "N_raw": 5, "N_roi": 5, "N_inlier": 5, "refit": true}
{"timestamp": "12:23:32.804806", "frame": 81, "mu": [1.5072847350695726, 1.0745343208859521, 0.921182232500332], "Sigma": [[0.011705116631465404, -0.011548395773024227, 0.03930391575109327], [-0.011548395773024227, 0.015592270537907795, -0.04327030491888603], [0.03930391575109327, -0.043270304918886025, 0.1645421711430982]], "chi2_level": 0.99, "chi2_df": 3, "chi2_threshold": 11.344866730144373, "N_raw": 9, "N_roi": 9, "N_inlier": 9, "refit": true}
{"timestamp": "12:23:32.859535", "frame": 82, "mu": [1.6231929239557599, 1.0110249609581579, 0.9892132585226101], "Sigma": [[0.010851163521648588, -0.011609018051061912, 0.037432978067314084], [-0.011609018051061912, 0.02044875166858966, -0.045653986767666875], [0.037432978067314084, -0.04565398676766687, 0.14051952169342444]], "chi2_level": 0.99, "chi2_df": 3, "chi2_threshold": 11.344866730144373, "N_raw": 8, "N_roi": 8, "N_inlier": 8, "refit": true}
{"timestamp": "12:23:32.913355", "frame": 83, "mu": [1.7282964173873432, 0.9941424319166154, 1.1592252040903126], "Sigma": [[0.012142326764951193, -0.011727510272426567, 0.031270666077353584], [-0.011727510272426567, 0.018536508049678317, -0.04814980317191557], [0.03127066607735358, -0.04814980317191557, 0.13244333841521774]], "chi2_level": 0.99, "chi2_df": 3, "chi2_threshold": 11.344866730144373, "N_raw": 8, "N_roi": 8, "N_inlier": 8, "refit": true}
