{"timestamp": "12:29:27.052785", "frame": 1, "mu": [1.2013864456285843, 1.3806431385918843, 1.29812708019284], "Sigma": [[0.029185153289371456, -0.00781873150046544, -0.05820661388987715], [-0.007818731500465439, 0.005195469439904719, 0.012664618824724416], [-0.05820661388987715, 0.012664618824724416, 0.12857800492155627]], "chi2_level": 0.99, "chi2_df": 3, "chi2_threshold": 11.344866730144373, "N_raw": 36, "N_roi": 36, "N_inlier": 36, "refit": true}
{"timestamp": "12:29:27.106461", "frame": 2, "mu": [1.0858122077817953, 1.2722642658686576, 1.3761940014419975], "Sigma": [[0.10190756024815242, 0.11295500029573553, -0.06880243252046553], [0.11295500029573552, 0.14119098598050928, -0.05900245534727157], [-0.06880243252046553, -0.05900245534727157, 0.09336245103905486]], "chi2_level": 0.99, "chi2_df": 3, "chi2_threshold": 11.344866730144373, "N_raw": 8, "N_roi": 8, "N_inlier": 8, "refit": true}
{"timestamp": "12:29:27.164378", "frame": 3, "mu": [1.1114851207355336, 1.4426898667459618, -0.13578367980385606], "Sigma": [[0.0060783068788218585, -0.0014402563445203285, -0.00259487326334831], [-0.0014402563445203285, 0.0036933436146920984, 0.0005541272646910726], [-0.00259487326334831, 0.0005541272646910726, 0.0013095435773264896]], "chi2_level": 0.99, "chi2_df": 3, "chi2_threshold": 11.344866730144373, "N_raw": 37, "N_roi": 37, "N_inlier": 37, "refit": true}
{"timestamp": "12:29:27.217037", "frame": 4, "mu": [1.2744690990445915, 1.3353513422636074, -0.8599473492724063], "Sigma": [[0.011934616651772674, 0.00012405241741772553, -0.01626623198923382], [0.00012405241741772553, 0.006934956357799174, 0.015970009934905827], [-0.01626623198923382, 0.015970009934905827, 0.08676889098151142]], "chi2_level": 0.99, "chi2_df": 3, "chi2_threshold": 11.344866730144373, "N_raw": 22, "N_roi": 22, "N_inlier": 21, "refit": true}
{"timestamp": "12:29:27.272280", "frame": 5, "mu": [1.068891411674801, 1.343264827236275, 1.46802147194148], "Sigma": [[0.004011330358996111, -0.002468074533065703, -0.004057400507416667], [-0.002468074533065703, 0.004088309116554484, 0.0023319471058074717], [-0.004057400507416667, 0.0023319471058074713, 0.008430793123760104]], "chi2_level": 0.99, "chi2_df": 3, "chi2_threshold": 11.344866730144373, "N_raw": 25, "N_roi": 25, "N_inlier": 23, "refit": true}
{"timestamp": "12:29:27.327009", "frame": 6, "mu": [1.0305934372722956, 1.3255979126775328, 1.5419318256633898], "Sigma": [[0.005396827606393074, -0.0025733823417724176, -0.003641734883474152], [-0.0025733823417724167, 0.0033879405654270315, 0.0019478140290644114], [-0.003641734883474152, 0.0019478140290644114, 0.0043648902169356]], "chi2_level": 0.99, "chi2_df": 3, "chi2_threshold": 11.344866730144373, "N_raw": 27, "N_roi": 27, "N_inlier": 26, "refit": true}
{"timestamp": "12:29:27.381165", "frame": 7, "mu": [1.0077283320905503, 1.3413511811960717, 1.556083590173655], "Sigma": [[0.004349671389952933, -0.0014941101071087157, -0.004573223692297497], [-0.0014941101071087154, 0.002572644583427656, 0.002039130663999078], [-0.004573223692297497, 0.002039130663999078, 0.007365039148516451]], "chi2_level": 0.99, "chi2_df": 3, "chi2_threshold": 11.344866730144373, "N_raw": 19, "N_roi": 19, "N_inlier": 18, "refit": true}
{"timestamp": "12:29:27.437261", "frame": 8, "mu": [0.9756875903067249, 1.280062022571578, 1.5158548629569146], "Sigma": [[0.003716702028112173, -0.0008161545827025849, -0.0022576477649746086], [-0.0008161545827025849, 0.0023183001720307873, 0.00028411810148932257], [-0.0022576477649746086, 0.00028411810148932257, 0.001823804335613633]], "chi2_level": 0.99, "chi2_df": 3, "chi2_threshold": 11.344866730144373, "N_raw": 24, "N_roi": 24, "N_inlier": 22, "refit": true}
{"timestamp": "12:29:27.490173", "frame": 9, "mu": [1.079216352363277, 1.148868509237131, 0.9825270554229178], "Sigma": [[0.014651201762440015, -0.015481276259234646, -0.06985089710836634], [-0.015481276259234646, 0.020754398196625806, 0.09236368498871592], [-0.06985089710836632, 0.09236368498871593, 0.4561278733480247]], "chi2_level": 0.99, "chi2_df": 3, "chi2_threshold": 11.344866730144373, "N_raw": 9, "N_roi": 9, "N_inlier": 9, "refit": true}
{"timestamp": "12:29:27.544671", "frame": 10, "mu": [0.9298491341622682, 1.3133257009238353, 1.461739202993344], "Sigma": [[0.006738785884231909, -0.0014186353158391707, -0.010379250364495052], [-0.001418635315839171, 0.0022830094051752283, 0.0035158084739412955], [-0.010379250364495052, 0.003515808473941295, 0.016912209966839557]], "chi2_level": 0.99, "chi2_df": 3, "chi2_threshold": 11.344866730144373, "N_raw": 5, "N_roi": 5, "N_inlier": 5, "refit": true}
{"timestamp": "12:29:27.602050", "frame": 11, "mu": [1.0027262010417748, 1.2016723310225337, 1.355681515882476], "Sigma": [[0.006892308479142293, -0.002808586939068603, -0.010866557564123181], [-0.002808586939068603, 0.0018072147565700175, 0.005425054044090726], [-0.010866557564123181, 0.005425054044090726, 0.020999322445329906]], "chi2_level": 0.99, "chi2_df": 3, "chi2_threshold": 11.344866730144373, "N_raw": 13, "N_roi": 13, "N_inlier": 12, "refit": true}
{"timestamp": "12:29:27.655477", "frame": 12, "mu": [0.9235054768617472, 1.1861352637414349, 1.3631099820944652], "Sigma": [[0.01903969366067596, -0.009200400180840725, -0.020327745845594842], [-0.009200400180840725, 0.005246286226947855, 0.00950913662791229], [-0.020327745845594842, 0.009509136627912291, 0.022529243444610818]], "chi2_level": 0.99, "chi2_df": 3, "chi2_threshold": 11.344866730144373, "N_raw": 10, "N_roi": 10, "N_inlier": 9, "refit": true}
{"timestamp": "12:29:27.714475", "frame": 13, "mu": [0.8172131011584547, 1.2575326602265506, 1.483812757235687], "Sigma": [[0.005333945952131799, -0.002309566103235695, -0.00408032552300874], [-0.002309566103235695, 0.004870057581029724, 0.0019290386644605431], [-0.00408032552300874, 0.0019290386644605431, 0.003654488465668849]], "chi2_level": 0.99, "chi2_df": 3, "chi2_threshold": 11.344866730144373, "N_raw": 39, "N_roi": 39, "N_inlier": 37, "refit": true}
{"timestamp": "12:29:27.770726", "frame": 14, "mu": [0.7702832463021189, 1.2686161044217705, 1.4637825873722958], "Sigma": [[0.004538045743821671, -0.0025975197407306213, -0.0025493878775661666], [-0.0025975197407306213, 0.0053006371851536905, 0.0006846784617974902], [-0.0025493878775661666, 0.0006846784617974902, 0.0018643856509535717]], "chi2_level": 0.99, "chi2_df": 3, "chi2_threshold": 11.344866730144373, "N_raw": 47, "N_roi": 47, "N_inlier": 45, "refit": true}
{"timestamp": "12:29:27.824773", "frame": 15, "mu": [0.8785147117461172, 1.2065421844769437, 1.3187440756735025], "Sigma": [[0.003615705768916535, -0.0022731129657927868, -0.004550538573775393], [-0.0022731129657927868, 0.003234594628740467, 0.001677746008963319], [-0.0045505385737753925, 0.0016777460089633192, 0.007229910993793549]], "chi2_level": 0.99, "chi2_df": 3, "chi2_threshold": 11.344866730144373, "N_raw": 35, "N_roi": 35, "N_inlier": 32, "refit": true}
{"timestamp": "12:29:27.884582", "frame": 16, "mu": [0.830215161797165, 1.1978532092726417, 1.2908601479090318], "Sigma": [[0.006405272113759655, -0.004078974792048921, -0.010124012438612232], [-0.004078974792048921, 0.004945777772109559, 0.005876926237086861], [-0.010124012438612232, 0.005876926237086861, 0.03339167655824202]], "chi2_level": 0.99, "chi2_df": 3, "chi2_threshold": 11.344866730144373, "N_raw": 70, "N_roi": 70, "N_inlier": 66, "refit": true}
{"timestamp": "12:29:27.934874", "frame": 17, "mu": [0.7300826655027571, 1.2191091220935737, 1.4711082292379152], "Sigma": [[0.005005635925663954, -0.0006902011397080694, -0.0022737317545944006], [-0.0006902011397080694, 0.0023934996746086596, -0.00017868147152797788], [-0.002273731754594401, -0.0001786814715279779, 0.0014013795317376046]], "chi2_level": 0.99, "chi2_df": 3, "chi2_threshold": 11.344866730144373, "N_raw": 42, "N_roi": 42, "N_inlier": 39, "refit": true}
{"timestamp": "12:29:27.995974", "frame": 18, "mu": [0.6958760753034522, 1.2468214806964504, 1.3622876987766623], "Sigma": [[0.0063930665001982545, 0.002247388282021461, -0.014275651290496169], [0.002247388282021461, 0.008551296402397565, -0.015171918317898317], [-0.014275651290496169, -0.015171918317898317, 0.06847352344671835]], "chi2_level": 0.99, "chi2_df": 3, "chi2_threshold": 11.344866730144373, "N_raw": 79, "N_roi": 79, "N_inlier": 76, "refit": true}
{"timestamp": "12:29:28.054375", "frame": 19, "mu": [0.7375193925764637, 1.1671199030249548, 1.0325814665722233], "Sigma": [[0.00813277142556015, -0.010736672929097264, -0.006501642477861634], [-0.010736672929097267, 0.03323868774705515, -0.01625273861640674], [-0.006501642477861634, -0.01625273861640674, 0.08749168277399716]], "chi2_level": 0.99, "chi2_df": 3, "chi2_threshold": 11.344866730144373, "N_raw": 100, "N_roi": 100, "N_inlier": 100, "refit": true}
{"timestamp": "12:29:28.099912", "frame": 20, "mu": [0.74549061023968, 1.0978912837626282, 1.0292090554492113], "Sigma": [[0.0020277668150911927, 0.00032080266620511405, 0.004512067638068917], [0.00032080266620511405, 0.005437828708766871, 0.0211778223032587], [0.004512067638068917, 0.021177822303258695, 0.1506489777120185]], "chi2_level": 0.99, "chi2_df": 3, "chi2_threshold": 11.344866730144373, "N_raw": 33, "N_roi": 33, "N_inlier": 30, "refit": true}
{"timestamp": "12:29:28.152586", "frame": 21, "mu": [0.6610161433783386, 1.098458957826282, 0.9494671421178886], "Sigma": [[0.010319489580249502, -0.0003237468547044412, 0.018981136867508182], [-0.00032374685470444136, 0.0032705652167852465, 0.017752513512725433], [0.018981136867508182, 0.017752513512725433, 0.23406627954993264]], "chi2_level": 0.99, "chi2_df": 3, "chi2_threshold": 11.344866730144373, "N_raw": 24, "N_roi": 24, "N_inlier": 22, "refit": true}
{"timestamp": "12:29:28.210383", "frame": 22, "mu": [0.45994064856404265, 1.1730623328317524, 1.2219701226039072], "Sigma": [[0.012105952964290434, -0.0034613801096040203, -0.019631819437336825], [-0.0034613801096040203, 0.00784835158410875, 0.03901721986007841], [-0.01963181943733682, 0.03901721986007842, 0.2729401212862694]], "chi2_level": 0.99, "chi2_df": 3, "chi2_threshold": 11.344866730144373, "N_raw": 42, "N_roi": 42, "N_inlier": 41, "refit": true}
{"timestamp": "12:29:28.267645", "frame": 23, "mu": [0.42082375209926093, 1.2169610691804973, 1.4232438709534134], "Sigma": [[0.004771430521609941, -0.0009950313927646526, -0.005986586173327574], [-0.0009950313927646524, 0.0042524224001342405, 0.0019735429362394198], [-0.005986586173327574, 0.0019735429362394198, 0.015077404238978164]], "chi2_level": 0.99, "chi2_df": 3, "chi2_threshold": 11.344866730144373, "N_raw": 57, "N_roi": 57, "N_inlier": 51, "refit": true}
{"timestamp": "12:29:28.326773", "frame": 24, "mu": [0.41739220330201177, 1.2906483579465229, -0.12661287046804154], "Sigma": [[0.0159380827760228, -0.01061966510165007, 0.029900601044460413], [-0.01061966510165007, 0.02037454036512272, -0.08087359657025142], [0.02990060104446041, -0.08087359657025142, 0.4181924242434715]], "chi2_level": 0.99, "chi2_df": 3, "chi2_threshold": 11.344866730144373, "N_raw": 83, "N_roi": 83, "N_inlier": 80, "refit": true}
{"timestamp": "12:29:28.373667", "frame": 25, "mu": [0.3989857899346687, 1.1591103201397381, 1.0418581621629082], "Sigma": [[0.006911665753117766, -0.0021312094766931756, 0.0282089075784476], [-0.0021312094766931756, 0.0025779751839563624, -0.010790194488015886], [0.0282089075784476, -0.010790194488015886, 0.19516870211242024]], "chi2_level": 0.99, "chi2_df": 3, "chi2_threshold": 11.344866730144373, "N_raw": 24, "N_roi": 24, "N_inlier": 22, "refit": true}
{"timestamp": "12:29:28.434727", "frame": 26, "mu": [0.2447078725917876, 1.2031901525607778, 1.375187432815959], "Sigma": [[0.009308608689428876, -0.0068167729253279605, -0.011152361389621931], [-0.0068167729253279605, 0.008555829597035556, 0.008302793226556783], [-0.011152361389621931, 0.008302793226556783, 0.016909473913397102]], "chi2_level": 0.99, "chi2_df": 3, "chi2_threshold": 11.344866730144373, "N_raw": 73, "N_roi": 73, "N_inlier": 69, "refit": true}
{"timestamp": "12:29:28.492561", "frame": 27, "mu": [0.19037896233358997, 1.1878357818902447, 1.3478249431707594], "Sigma": [[0.007898328124263049, -0.004929906997618227, -0.010748769834314817], [-0.004929906997618228, 0.006146513747160332, 0.004614408923299385], [-0.010748769834314817, 0.004614408923299386, 0.01833239849182065]], "chi2_level": 0.99, "chi2_df": 3, "chi2_threshold": 11.344866730144373, "N_raw": 87, "N_roi": 87, "N_inlier": 86, "refit": true}
{"timestamp": "12:29:28.544409", "frame": 28, "mu": [0.05847924053239088, 1.342130385460184, -0.15517340482005545], "Sigma": [[0.005349280310173339, 0.0010666586117592668, -0.004686710151172174], [0.0010666586117592668, 0.003772911139355648, -0.002058501655065534], [-0.004686710151172174, -0.002058501655065534, 0.004643806512833582]], "chi2_level": 0.99, "chi2_df": 3, "chi2_threshold": 11.344866730144373, "N_raw": 63, "N_roi": 63, "N_inlier": 61, "refit": true}
{"timestamp": "12:29:28.594260", "frame": 29, "mu": [0.1549941672404943, 1.1047001926292148, 1.2196627805497553], "Sigma": [[0.003979187059408901, -0.0017093369854436912, -0.016147040941083886], [-0.0017093369854436912, 0.004806703976763088, 0.0013863460172397189], [-0.016147040941083886, 0.0013863460172397189, 0.09180950741185295]], "chi2_level": 0.99, "chi2_df": 3, "chi2_threshold": 11.344866730144373, "N_raw": 26, "N_roi": 26, "N_inlier": 23, "refit": true}
{"timestamp": "12:29:28.648445", "frame": 30, "mu": [0.04543956087981165, 1.1505952507025416, 1.0420627995549507], "Sigma": [[0.002297136316542713, -0.002313340738489958, -0.005564196893004373], [-0.0023133407384899577, 0.006741787118378245, 0.020113467188083645], [-0.005564196893004374, 0.020113467188083645, 0.07904865818133859]], "chi2_level": 0.99, "chi2_df": 3, "chi2_threshold": 11.344866730144373, "N_raw": 36, "N_roi": 36, "N_inlier": 35, "refit": true}
{"timestamp": "12:29:28.705856", "frame": 31, "mu": [-0.08738638009440731, 1.2459762266036154, 1.2681827798297651], "Sigma": [[0.002682843368139967, -0.000537148331070378, -0.0168930160193813], [-0.000537148331070378, 0.002253263125087252, 0.0031402261689547277], [-0.0168930160193813, 0.0031402261689547277, 0.3940166139763122]], "chi2_level": 0.99, "chi2_df": 3, "chi2_threshold": 11.344866730144373, "N_raw": 45, "N_roi": 45, "N_inlier": 44, "refit": true}
{"timestamp": "12:29:28.769834", "frame": 32, "mu": [-0.11088291332077317, 1.190736662832214, 1.2620580524261644], "Sigma": [[0.004978248899174579, -0.0024763940838145137, -0.0105974373241717], [-0.0024763940838145137, 0.009052744267955107, 0.022460673256155576], [-0.0105974373241717, 0.022460673256155576, 0.09924338946808986]], "chi2_level": 0.99, "chi2_df": 3, "chi2_threshold": 11.344866730144373, "N_raw": 108, "N_roi": 108, "N_inlier": 105, "refit": true}
{"timestamp": "12:29:28.823112", "frame": 33, "mu": [-0.14397936042476445, 1.1756585813509774, 1.1949932683241518], "Sigma": [[0.004765927701870116, -0.0037554431714763273, -0.012886631374845204], [-0.0037554431714763277, 0.010380624125864319, 0.025457948368309724], [-0.012886631374845203, 0.025457948368309728, 0.10208699747081396]], "chi2_level": 0.99, "chi2_df": 3, "chi2_threshold": 11.344866730144373, "N_raw": 94, "N_roi": 94, "N_inlier": 91, "refit": true}
{"timestamp": "12:29:28.885264", "frame": 34, "mu": [-0.20086276876845974, 1.1987205492573176, 1.3226486438036287], "Sigma": [[0.005729798592709677, -0.0034129808115652954, -0.011952711534779423], [-0.003412980811565296, 0.01267405101990464, 0.013585168042511994], [-0.011952711534779423, 0.013585168042511994, 0.06612893633914663]], "chi2_level": 0.99, "chi2_df": 3, "chi2_threshold": 11.344866730144373, "N_raw": 130, "N_roi": 126, "N_inlier": 121, "refit": true}
{"timestamp": "12:29:28.932142", "frame": 35, "mu": [-0.340865891212877, 1.2836818060934745, -0.45468961448357603], "Sigma": [[0.005686855145422159, 0.0008492066470925498, 0.005492288577922946], [0.0008492066470925498, 0.006033237514083279, 0.0019676623375375494], [0.005492288577922947, 0.0019676623375375494, 0.05502121346023153]], "chi2_level": 0.99, "chi2_df": 3, "chi2_threshold": 11.344866730144373, "N_raw": 79, "N_roi": 79, "N_inlier": 74, "refit": true}
{"timestamp": "12:29:28.989007", "frame": 36, "mu": [-0.3661998621138279, 1.2607109045970388, 1.449971921969757], "Sigma": [[0.006928960414508357, -0.0017728837569961865, -0.008312744662180849], [-0.0017728837569961867, 0.005231347458728718, 0.0011364572117900395], [-0.008312744662180849, 0.0011364572117900393, 0.020541298619061815]], "chi2_level": 0.99, "chi2_df": 3, "chi2_threshold": 11.344866730144373, "N_raw": 95, "N_roi": 95, "N_inlier": 90, "refit": true}
{"timestamp": "12:29:29.047171", "frame": 37, "mu": [-0.3351664977350836, 1.1446722075258273, 1.1369118034278018], "Sigma": [[0.004442500419380286, -0.0015722433352165065, -0.007903196112567944], [-0.0015722433352165065, 0.003647118617382556, 0.0028555240453771447], [-0.007903196112567942, 0.0028555240453771455, 0.05114210458909772]], "chi2_level": 0.99, "chi2_df": 3, "chi2_threshold": 11.344866730144373, "N_raw": 112, "N_roi": 111, "N_inlier": 107, "refit": true}
{"timestamp": "12:29:29.096863", "frame": 38, "mu": [-0.4492317951869926, 1.2259201162474784, 1.4255219113283797], "Sigma": [[0.0066046146737890835, -0.0025131608868432104, -0.005072754407572979], [-0.0025131608868432104, 0.00862008717580435, 0.0024708368228406417], [-0.005072754407572979, 0.0024708368228406417, 0.005418881243159118]], "chi2_level": 0.99, "chi2_df": 3, "chi2_threshold": 11.344866730144373, "N_raw": 76, "N_roi": 76, "N_inlier": 73, "refit": true}
{"timestamp": "12:29:29.152347", "frame": 39, "mu": [-0.48873119824973726, 1.2470145058172668, 1.4242947733107971], "Sigma": [[0.006077964550367036, -0.002738101751326081, -0.0037378660941129035], [-0.002738101751326081, 0.008688112235820084, -0.0002615988638555905], [-0.0037378660941129035, -0.0002615988638555905, 0.0049909937179569075]], "chi2_level": 0.99, "chi2_df": 3, "chi2_threshold": 11.344866730144373, "N_raw": 85, "N_roi": 85, "N_inlier": 82, "refit": true}
{"timestamp": "12:29:29.209668", "frame": 40, "mu": [-0.5091436442168481, 1.3116094387657893, -0.5223753972078627], "Sigma": [[0.005724011956038618, 0.0025393303259795023, 0.0002490064225847738], [0.0025393303259795014, 0.019728111992416864, 0.004363858407144769], [0.0002490064225847738, 0.004363858407144769, 0.02427524100201616]], "chi2_level": 0.99, "chi2_df": 3, "chi2_threshold": 11.344866730144373, "N_raw": 108, "N_roi": 108, "N_inlier": 105, "refit": true}
{"timestamp": "12:29:29.262156", "frame": 41, "mu": [-0.6219235160390489, 1.2720188818634057, 1.4560789441765092], "Sigma": [[0.007388574417589325, -0.0039485264401531335, -0.004728485701145315], [-0.0039485264401531335, 0.0069557686165666755, 4.20903647622516e-05], [-0.004728485701145315, 4.20903647622516e-05, 0.00691006347602383]], "chi2_level": 0.99, "chi2_df": 3, "chi2_threshold": 11.344866730144373, "N_raw": 83, "N_roi": 82, "N_inlier": 79, "refit": true}
{"timestamp": "12:29:29.318706", "frame": 42, "mu": [-0.6834571753132063, 1.3349336186330096, 0.1251717671309415], "Sigma": [[0.008671769245137819, -0.0025950169662763353, 0.03666895990269864], [-0.0025950169662763353, 0.012734399803977567, -0.013253963570247556], [0.03666895990269864, -0.013253963570247556, 0.39062692331916943]], "chi2_level": 0.99, "chi2_df": 3, "chi2_threshold": 11.344866730144373, "N_raw": 101, "N_roi": 99, "N_inlier": 99, "refit": true}
{"timestamp": "12:29:29.369824", "frame": 43, "mu": [-0.7535575436627769, 1.388033611466388, -0.0915616308452799], "Sigma": [[0.007051062601327137, -0.0013135907972087722, -0.004268089959866701], [-0.001313590797208772, 0.006679022787914916, 0.0001825004794947326], [-0.004268089959866701, 0.0001825004794947327, 0.0037853596910155853]], "chi2_level": 0.99, "chi2_df": 3, "chi2_threshold": 11.344866730144373, "N_raw": 74, "N_roi": 72, "N_inlier": 70, "refit": true}
{"timestamp": "12:29:29.428650", "frame": 44, "mu": [-0.7753076659294867, 1.3306296183347288, 1.4880685027262488], "Sigma": [[0.005444384373654691, -0.0023345555878024945, -0.0032018045718062616], [-0.0023345555878024945, 0.012865787505264037, 0.0018640837455059095], [-0.0032018045718062616, 0.001864083745505909, 0.008166993280083305]], "chi2_level": 0.99, "chi2_df": 3, "chi2_threshold": 11.344866730144373, "N_raw": 77, "N_roi": 77, "N_inlier": 75, "refit": true}
{"timestamp": "12:29:29.478343", "frame": 45, "mu": [-0.923092465968066, 1.188738524209316, 1.5519239390214414], "Sigma": [[0.029594170334289797, 0.012421437804909407, -0.02411752001169217], [0.012421437804909407, 0.015072938332975383, -0.003970683128026436], [-0.02411752001169217, -0.003970683128026436, 0.024141169828278054]], "chi2_level": 0.99, "chi2_df": 3, "chi2_threshold": 11.344866730144373, "N_raw": 60, "N_roi": 60, "N_inlier": 58, "refit": true}
{"timestamp": "12:29:29.537791", "frame": 46, "mu": [-0.9999285984642393, 1.2011921231964942, 1.6051257269212176], "Sigma": [[0.039132696675413914, 0.016879524610042204, -0.03676632082177823], [0.016879524610042204, 0.020740282743920348, -0.008199522239729636], [-0.03676632082177822, -0.008199522239729636, 0.04552008885267346]], "chi2_level": 0.99, "chi2_df": 3, "chi2_threshold": 11.344866730144373, "N_raw": 93, "N_roi": 93, "N_inlier": 89, "refit": true}
{"timestamp": "12:29:29.591097", "frame": 47, "mu": [-0.9863105549397339, 1.2335158493196874, 1.4331912662209203], "Sigma": [[0.049119219546019624, 0.020015685145606057, -0.07956073253580342], [0.020015685145606057, 0.018602021563641907, -0.02185963166120003], [-0.07956073253580342, -0.021859631661200033, 0.2211199541622761]], "chi2_level": 0.99, "chi2_df": 3, "chi2_threshold": 11.344866730144373, "N_raw": 77, "N_roi": 77, "N_inlier": 74, "refit": true}
{"timestamp": "12:29:29.649692", "frame": 48, "mu": [-1.038151739350725, 1.2596191031894908, 1.2538571584849558], "Sigma": [[0.08533473206106895, 0.037569324831906906, -0.1695019773725806], [0.037569324831906906, 0.022868879352004903, -0.06875384202859836], [-0.1695019773725806, -0.06875384202859836, 0.47282485147199477]], "chi2_level": 0.99, "chi2_df": 3, "chi2_threshold": 11.344866730144373, "N_raw": 99, "N_roi": 99, "N_inlier": 98, "refit": true}
{"timestamp": "12:29:29.711287", "frame": 49, "mu": [-1.2013403745128803, 1.212425853504816, 1.6518702735914597], "Sigma": [[0.05378869746887459, 0.033197400641062226, -0.0354539343312235], [0.033197400641062226, 0.03465775643624729, -0.015471422967630315], [-0.0354539343312235, -0.015471422967630315, 0.02818779458466626]], "chi2_level": 0.99, "chi2_df": 3, "chi2_threshold": 11.344866730144373, "N_raw": 150, "N_roi": 150, "N_inlier": 142, "refit": true}
{"timestamp": "12:29:29.767374", "frame": 50, "mu": [-1.0966221554046307, 1.3166476287787257, 0.44809492206729984], "Sigma": [[0.0760203200236044, 0.046909932376222374, 0.11672562196329586], [0.04690993237622236, 0.03715664261419995, 0.07221771897661566], [0.11672562196329586, 0.07221771897661566, 0.41325417177413964]], "chi2_level": 0.99, "chi2_df": 3, "chi2_threshold": 11.344866730144373, "N_raw": 146, "N_roi": 146, "N_inlier": 145, "refit": true}
{"timestamp": "12:29:29.821930", "frame": 51, "mu": [-1.2292286910626293, 1.274140519327829, 1.4816396358197732], "Sigma": [[0.06847120188850758, 0.04117868183598093, -0.0754904245454574], [0.04117868183598093, 0.03591762816559607, -0.049491132892736794], [-0.0754904245454574, -0.049491132892736794, 0.19336639587777207]], "chi2_level": 0.99, "chi2_df": 3, "chi2_threshold": 11.344866730144373, "N_raw": 146, "N_roi": 146, "N_inlier": 143, "refit": true}
{"timestamp": "12:29:29.872825", "frame": 52, "mu": [-1.244616196398577, 1.2504913566896065, 1.4509565752477762], "Sigma": [[0.06524852919285387, 0.04341339866911162, -0.027428588932654756], [0.04341339866911162, 0.04204384397974438, -0.015493189076033892], [-0.027428588932654756, -0.015493189076033892, 0.016144620872741232]], "chi2_level": 0.99, "chi2_df": 3, "chi2_threshold": 11.344866730144373, "N_raw": 125, "N_roi": 125, "N_inlier": 121, "refit": true}
{"timestamp": "12:29:29.920374", "frame": 53, "mu": [-0.9599236937719536, 1.4905178840901512, 1.3691680123900707], "Sigma": [[0.012628449481190107, 0.0035086340641199256, -0.009524089285785983], [0.003508634064119926, 0.010532409129167237, -0.0030558833565446876], [-0.009524089285785983, -0.0030558833565446876, 0.008045383249999078]], "chi2_level": 0.99, "chi2_df": 3, "chi2_threshold": 11.344866730144373, "N_raw": 69, "N_roi": 69, "N_inlier": 60, "refit": true}
{"timestamp": "12:29:29.976028", "frame": 54, "mu": [-1.1325906108041324, 1.431113459442403, 1.468959453567077], "Sigma": [[0.09239417625223817, 0.044468525439846036, -0.09024420344274252], [0.044468525439846036, 0.027194940108940177, -0.04615528314554046], [-0.09024420344274252, -0.04615528314554047, 0.09380892728409232]], "chi2_level": 0.99, "chi2_df": 3, "chi2_threshold": 11.344866730144373, "N_raw": 77, "N_roi": 77, "N_inlier": 75, "refit": true}
{"timestamp": "12:29:30.027217", "frame": 55, "mu": [-1.3318828371400153, 1.4105565523259225, 0.06427277758942186], "Sigma": [[0.12165789346555723, 0.07984211495817253, -0.09572183068884493], [0.07984211495817253, 0.06003463149642446, -0.06225910334476485], [-0.09572183068884493, -0.06225910334476485, 0.07736620930162372]], "chi2_level": 0.99, "chi2_df": 3, "chi2_threshold": 11.344866730144373, "N_raw": 50, "N_roi": 50, "N_inlier": 47, "refit": true}
{"timestamp": "12:29:30.075283", "frame": 56, "mu": [-1.0244108160466292, 1.650809418231204, 1.3341453588761059], "Sigma": [[0.0006889632578582755, -0.0010358322778746473, -0.00026411045057530983], [-0.0010358322778746478, 0.011565217082361027, -0.005417974481437636], [-0.00026411045057530983, -0.005417974481437636, 0.003977136340570645]], "chi2_level": 0.99, "chi2_df": 3, "chi2_threshold": 11.344866730144373, "N_raw": 9, "N_roi": 9, "N_inlier": 6, "refit": true}
{"timestamp": "12:29:30.138329", "frame": 57, "mu": [-1.052100056887873, 1.6014001819995094, 1.0185436184561443], "Sigma": [[0.007823686126569748, 0.00023221725115664242, 0.021249932510480282], [0.00023221725115664274, 0.00750083536368062, 0.015678941348553507], [0.02124993251048029, 0.015678941348553507, 0.20277583240954158]], "chi2_level": 0.99, "chi2_df": 3, "chi2_threshold": 11.344866730144373, "N_raw": 61, "N_roi": 61, "N_inlier": 60, "refit": true}
{"timestamp": "12:29:30.193809", "frame": 58, "mu": [-1.0359246264980029, 1.7568389546992076, 1.2161715750031485], "Sigma": [[0.00573442468735367, -0.0008907739962537458, -0.0044596272471139516], [-0.0008907739962537458, 0.0072946467640394785, -0.00945013999890599], [-0.0044596272471139516, -0.00945013999890599, 0.028552123601659467]], "chi2_level": 0.99, "chi2_df": 3, "chi2_threshold": 11.344866730144373, "N_raw": 62, "N_roi": 62, "N_inlier": 57, "refit": true}
{"timestamp": "12:29:30.247877", "frame": 59, "mu": [-1.225072625464628, 1.5770235521603482, 0.6712976312736035], "Sigma": [[0.050266844533513044, 0.016522300394906014, -0.09130136994597493], [0.016522300394906014, 0.020957449726846968, -0.0013396746809690155], [-0.09130136994597492, -0.0013396746809690102, 0.3800217839666985]], "chi2_level": 0.99, "chi2_df": 3, "chi2_threshold": 11.344866730144373, "N_raw": 56, "N_roi": 56, "N_inlier": 55, "refit": true}
{"timestamp": "12:29:30.302872", "frame": 60, "mu": [-1.2049422661137592, 1.7943660419753444, 0.9200203132386167], "Sigma": [[0.02757745040518602, 0.016642371332903486, -0.017416839401328696], [0.016642371332903486, 0.022656961457661405, 0.02742699424869807], [-0.017416839401328696, 0.02742699424869807, 0.2862880589540678]], "chi2_level": 0.99, "chi2_df": 3, "chi2_threshold": 11.344866730144373, "N_raw": 58, "N_roi": 58, "N_inlier": 54, "refit": true}
{"timestamp": "12:29:30.359378", "frame": 61, "mu": [-1.1048981641789872, 1.856612635032446, 1.1633794208881958], "Sigma": [[0.015771950440451946, 0.0011201083568870306, 0.03378509730428033], [0.0011201083568870304, 0.008817597924241147, 0.013771005014770389], [0.03378509730428034, 0.013771005014770387, 0.17456669023556795]], "chi2_level": 0.99, "chi2_df": 3, "chi2_threshold": 11.344866730144373, "N_raw": 65, "N_roi": 65, "N_inlier": 63, "refit": true}
{"timestamp": "12:29:30.411973", "frame": 62, "mu": [-1.1210286285504543, 1.9265701076305852, 1.3864263374935555], "Sigma": [[0.010932256240125655, -0.002342436304937501, 0.004536485568409024], [-0.0023424363049375004, 0.00601395698029697, 0.0023062695049105527], [0.004536485568409025, 0.002306269504910553, 0.07336510086769642]], "chi2_level": 0.99, "chi2_df": 3, "chi2_threshold": 11.344866730144373, "N_raw": 51, "N_roi": 51, "N_inlier": 48, "refit": true}
{"timestamp": "12:29:30.469575", "frame": 63, "mu": [-1.1134953961628749, 1.9414439656513691, 1.4058028357586236], "Sigma": [[0.009268806319147902, -0.0011847180474505892, -0.006477644311160554], [-0.0011847180474505894, 0.0053785186546314945, 0.0006211292133717295], [-0.006477644311160555, 0.0006211292133717295, 0.005519951404372825]], "chi2_level": 0.99, "chi2_df": 3, "chi2_threshold": 11.344866730144373, "N_raw": 52, "N_roi": 52, "N_inlier": 48, "refit": true}
{"timestamp": "12:29:30.523651", "frame": 64, "mu": [-1.1266499585306924, 2.050897008218391, 1.4864055771150313], "Sigma": [[0.008491955112617097, -0.00020935688063378248, -0.0071259177608132], [-0.00020935688063378243, 0.012348583714488652, 0.007646186784469952], [-0.0071259177608132, 0.007646186784469952, 0.011340353378624412]], "chi2_level": 0.99, "chi2_df": 3, "chi2_threshold": 11.344866730144373, "N_raw": 66, "N_roi": 66, "N_inlier": 61, "refit": true}
{"timestamp": "12:29:30.576753", "frame": 65, "mu": [-1.1133732838879653, 2.0661116827071346, 1.3481851788009411], "Sigma": [[0.014596798872234454, -0.003405097492964637, -0.006184431894079313], [-0.0034050974929646367, 0.0078123892263273305, 0.0009095368337836067], [-0.006184431894079313, 0.0009095368337836067, 0.004366014582579634]], "chi2_level": 0.99, "chi2_df": 3, "chi2_threshold": 11.344866730144373, "N_raw": 47, "N_roi": 47, "N_inlier": 46, "refit": true}
{"timestamp": "12:29:30.627306", "frame": 66, "mu": [-1.2041926252767752, 2.1244544900615114, 1.3295064857743488], "Sigma": [[0.015078554140864885, -0.007064571010619709, -0.028436543457167812], [-0.007064571010619709, 0.011039466841798446, 0.025549387527197806], [-0.028436543457167812, 0.02554938752719781, 0.19366601021285204]], "chi2_level": 0.99, "chi2_df": 3, "chi2_threshold": 11.344866730144373, "N_raw": 21, "N_roi": 21, "N_inlier": 21, "refit": true}
{"timestamp": "12:29:30.688193", "frame": 67, "mu": [-1.2315230779166055, 2.2425022720572887, -0.2737435543959982], "Sigma": [[0.01131431995498093, 0.004870634125771236, 0.0186940626288942], [0.004870634125771236, 0.010199755957860187, 0.008443298368723744], [0.018694062628894198, 0.008443298368723744, 0.09093710738928877]], "chi2_level": 0.99, "chi2_df": 3, "chi2_threshold": 11.344866730144373, "N_raw": 68, "N_roi": 68, "N_inlier": 66, "refit": true}
{"timestamp": "12:29:30.742538", "frame": 68, "mu": [-1.248147913658333, 2.2968882588219475, 0.07812220367589724], "Sigma": [[0.012768248690150008, 0.0023432248068628357, 0.0028954909551215896], [0.0023432248068628357, 0.005016100547464131, 0.007325508693351597], [0.0028954909551215896, 0.007325508693351597, 0.035914389251013853]], "chi2_level": 0.99, "chi2_df": 3, "chi2_threshold": 11.344866730144373, "N_raw": 55, "N_roi": 55, "N_inlier": 51, "refit": true}
{"timestamp": "12:29:30.805114", "frame": 69, "mu": [-1.218559948137533, 2.2979353114787564, -0.12322579905289503], "Sigma": [[0.013608608956262789, -0.0027964578407421487, 0.046667748050307066], [-0.002796457840742149, 0.019970122141446327, 0.0026147611654185575], [0.046667748050307066, 0.0026147611654185592, 0.3984490049692365]], "chi2_level": 0.99, "chi2_df": 3, "chi2_threshold": 11.344866730144373, "N_raw": 104, "N_roi": 104, "N_inlier": 104, "refit": true}
{"timestamp": "12:29:30.850661", "frame": 70, "mu": [-1.3366387147270793, 2.391582271830132, 1.5805537187128524], "Sigma": [[0.010070164781398943, 0.002872599531435374, -0.009037530780194838], [0.002872599531435375, 0.005076189728241348, -0.004590833904968989], [-0.009037530780194838, -0.004590833904968989, 0.010061972374957562]], "chi2_level": 0.99, "chi2_df": 3, "chi2_threshold": 11.344866730144373, "N_raw": 42, "N_roi": 42, "N_inlier": 38, "refit": true}
{"timestamp": "12:29:30.907766", "frame": 71, "mu": [-1.2694135890096385, 2.425640070227795, 1.4222404498674939], "Sigma": [[0.010880475535813285, -0.0009569413167069853, -0.016200944350455097], [-0.0009569413167069853, 0.00468257681155764, -0.0022177991525376656], [-0.016200944350455097, -0.0022177991525376656, 0.030478190168481047]], "chi2_level": 0.99, "chi2_df": 3, "chi2_threshold": 11.344866730144373, "N_raw": 55, "N_roi": 54, "N_inlier": 50, "refit": true}
{"timestamp": "12:29:30.967463", "frame": 72, "mu": [-1.298978663747111, 2.5082972753668633, 1.1369030067874912], "Sigma": [[0.01385080931946522, 0.0007243892553240986, -0.0024221335676993146], [0.0007243892553240986, 0.004066731159422634, 0.005530281903413016], [-0.0024221335676993146, 0.005530281903413016, 0.26740681833175245]], "chi2_level": 0.99, "chi2_df": 3, "chi2_threshold": 11.344866730144373, "N_raw": 89, "N_roi": 89, "N_inlier": 88, "refit": true}
{"timestamp": "12:29:31.016649", "frame": 73, "mu": [-1.2886182399659873, 2.519815391723847, 1.093972254957215], "Sigma": [[0.016738906956414917, -0.005242225176755852, 0.0028839218116300854], [-0.005242225176755852, 0.014451793628878095, 0.014465169881414473], [0.002883921811630088, 0.014465169881414471, 0.4176252896018184]], "chi2_level": 0.99, "chi2_df": 3, "chi2_threshold": 11.344866730144373, "N_raw": 48, "N_roi": 47, "N_inlier": 47, "refit": true}
{"timestamp": "12:29:31.068913", "frame": 74, "mu": [-1.300645170718299, 2.6338921404013935, 1.2471009045529446], "Sigma": [[0.00820200748139494, 0.0034951435959557357, -0.023295373858298336], [0.003495143595955736, 0.005042264667930174, -0.02914386389743862], [-0.023295373858298336, -0.02914386389743862, 0.3308682205057102]], "chi2_level": 0.99, "chi2_df": 3, "chi2_threshold": 11.344866730144373, "N_raw": 36, "N_roi": 34, "N_inlier": 32, "refit": true}
{"timestamp": "12:29:31.125134", "frame": 75, "mu": [-1.320117649638457, 2.7122642850915324, 0.15943133631980805], "Sigma": [[0.014551688095349683, 0.006022271013259504, -0.016635982755406252], [0.006022271013259504, 0.0065433263797381866, -0.005004966634558437], [-0.016635982755406252, -0.005004966634558437, 0.024144707904617674]], "chi2_level": 0.99, "chi2_df": 3, "chi2_threshold": 11.344866730144373, "N_raw": 46, "N_roi": 45, "N_inlier": 43, "refit": true}
{"timestamp": "12:29:31.184391", "frame": 76, "mu": [-1.3001234701955062, 2.686062023790137, 1.1545839299372604], "Sigma": [[0.016334421470519687, 3.300882163732692e-05, 0.011124461010610067], [3.300882163732692e-05, 0.006538082437230214, 0.010844998512705886], [0.011124461010610069, 0.010844998512705888, 0.3489295534806979]], "chi2_level": 0.99, "chi2_df": 3, "chi2_threshold": 11.344866730144373, "N_raw": 76, "N_roi": 76, "N_inlier": 74, "refit": true}
{"timestamp": "12:29:31.238664", "frame": 77, "mu": [-1.3308521021460187, 2.7447782664615907, 1.3094129152091636], "Sigma": [[0.011935208641892849, 0.0033494509948419, -0.00301610181222662], [0.0033494509948419, 0.01118973489511089, 0.031207788292648503], [-0.0030161018122266212, 0.031207788292648503, 0.19904875061108773]], "chi2_level": 0.99, "chi2_df": 3, "chi2_threshold": 11.344866730144373, "N_raw": 69, "N_roi": 69, "N_inlier": 68, "refit": true}
{"timestamp": "12:29:31.293663", "frame": 78, "mu": [-1.3166263489982657, 2.757133107260718, 1.0566148714040082], "Sigma": [[0.015740201574721065, 0.007311803202072175, 0.01873326809047978], [0.007311803202072175, 0.019311860674565244, 0.05815229994415253], [0.01873326809047978, 0.05815229994415253, 0.2328845116508127]], "chi2_level": 0.99, "chi2_df": 3, "chi2_threshold": 11.344866730144373, "N_raw": 66, "N_roi": 64, "N_inlier": 63, "refit": true}
{"timestamp": "12:29:31.341664", "frame": 79, "mu": [-1.2188469598304534, 2.9328932960203487, 1.4370052351367717], "Sigma": [[0.0054011655565217144, 0.0002784536677957581, -0.0072517246032854565], [0.0002784536677957585, 0.006225285691579183, 0.0024216135655331017], [-0.007251724603285457, 0.0024216135655331017, 0.02177763902080492]], "chi2_level": 0.99, "chi2_df": 3, "chi2_threshold": 11.344866730144373, "N_raw": 20, "N_roi": 20, "N_inlier": 19, "refit": true}
{"timestamp": "12:29:31.398411", "frame": 80, "mu": [-1.2590641923815118, 2.957275001526761, 1.4375139300334783], "Sigma": [[0.015150847938959438, -6.896005950950016e-05, 0.006047484558420311], [-6.896005950949994e-05, 0.003731199976395866, 0.0005690529639540832], [0.006047484558420311, 0.0005690529639540835, 0.08180774022943063]], "chi2_level": 0.99, "chi2_df": 3, "chi2_threshold": 11.344866730144373, "N_raw": 35, "N_roi": 35, "N_inlier": 33, "refit": true}
{"timestamp": "12:29:31.452972", "frame": 81, "mu": [-1.2732180458522726, 3.056607664432699, -0.3503465796677974], "Sigma": [[0.00889308437611462, -0.0004795209495065747, 0.028313898185842463], [-0.000479520949506575, 0.015399209650933566, -0.003830504879873202], [0.028313898185842463, -0.0038305048798732023, 0.18877392839215218]], "chi2_level": 0.99, "chi2_df": 3, "chi2_threshold": 11.344866730144373, "N_raw": 31, "N_roi": 31, "N_inlier": 30, "refit": true}
{"timestamp": "12:29:31.507293", "frame": 82, "mu": [-1.263719877295566, 3.136675448102876, 0.04504108168582261], "Sigma": [[0.012143520482756248, -0.0054659684623162685, 0.02005669710559686], [-0.0054659684623162685, 0.01932723300009255, -0.05005489538107412], [0.02005669710559686, -0.05005489538107412, 0.14209797550416195]], "chi2_level": 0.99, "chi2_df": 3, "chi2_threshold": 11.344866730144373, "N_raw": 25, "N_roi": 25, "N_inlier": 25, "refit": true}
{"timestamp": "12:29:31.567509", "frame": 83, "mu": [-1.313448651212061, 3.0961044552440526, 0.9078856517929937], "Sigma": [[0.03381192833429554, -0.006457741630780825, 0.04605838943833366], [-0.006457741630780825, 0.004022473842675586, -0.017759719422011953], [0.04605838943833366, -0.017759719422011953, 0.20116889190336168]], "chi2_level": 0.99, "chi2_df": 3, "chi2_threshold": 11.344866730144373, "N_raw": 61, "N_roi": 61, "N_inlier": 60, "refit": true}
{"timestamp": "12:29:31.617611", "frame": 84, "mu": [-1.2615381553960514, 3.1259346634908907, 1.0801055188946405], "Sigma": [[0.019790934032431935, -0.005723782748987728, 0.033307279549286306], [-0.005723782748987728, 0.003388180745748635, -0.0055612336395432175], [0.033307279549286306, -0.005561233639543218, 0.1955793538590068]], "chi2_level": 0.99, "chi2_df": 3, "chi2_threshold": 11.344866730144373, "N_raw": 23, "N_roi": 23, "N_inlier": 23, "refit": true}
{"timestamp": "12:29:31.681288", "frame": 85, "mu": [-1.1929206698530581, 3.1092205763291094, 0.9092091108261808], "Sigma": [[0.01669561959085719, -0.0023699859703766027, -0.03433958312272552], [-0.0023699859703766027, 0.00495239717370429, 0.007884476207864245], [-0.03433958312272552, 0.007884476207864245, 0.20038942736412038]], "chi2_level": 0.99, "chi2_df": 3, "chi2_threshold": 11.344866730144373, "N_raw": 85, "N_roi": 84, "N_inlier": 84, "refit": true}
{"timestamp": "12:29:31.737866", "frame": 86, "mu": [-1.1938427589036509, 3.1098070746570015, 0.9575340239118592], "Sigma": [[0.013900528967990171, -6.740739894404741e-05, -0.01618705903018504], [-6.740739894404741e-05, 0.004297051889316586, 0.0011494726998342653], [-0.01618705903018504, 0.0011494726998342657, 0.17919813203400883]], "chi2_level": 0.99, "chi2_df": 3, "chi2_threshold": 11.344866730144373, "N_raw": 91, "N_roi": 91, "N_inlier": 90, "refit": true}
