{"timestamp": "16:48:33.664941", "frame": 1, "mu": [0.7442102970918563, 1.5113621923415606, 1.012307019581073], "Sigma": [[0.008063850701614283, 0.006262622365417053, -0.027416792937793037], [0.006262622365417053, 0.015982451994610753, -0.04781860968121036], [-0.02741679293779304, -0.04781860968121036, 0.1630685670320813]], "chi2_level": 0.95, "chi2_df": 3, "chi2_threshold": 7.814727903251179, "N_raw": 44, "N_roi": 44, "N_inlier": 40, "refit": true}
{"timestamp": "16:48:33.773627", "frame": 3, "mu": [0.711880271276586, 1.5056983518782912, -0.2593674061358482], "Sigma": [[0.00870342138247259, 0.00017300028590391678, -0.007155950811235146], [0.00017300028590391678, 0.00121691018371814, -0.0007711054830748813], [-0.007155950811235146, -0.0007711054830748813, 0.007584218923406025]], "chi2_level": 0.95, "chi2_df": 3, "chi2_threshold": 7.814727903251179, "N_raw": 38, "N_roi": 38, "N_inlier": 36, "refit": true}
{"timestamp": "16:48:33.884799", "frame": 5, "mu": [0.7884679615681209, 1.3801977544961426, 1.1865482908113014], "Sigma": [[0.00422712714840045, -0.0008106504738433298, -0.003339890465609641], [-0.0008106504738433296, 0.0024135847392690465, -0.0008678491777399273], [-0.003339890465609641, -0.0008678491777399273, 0.0043258353279480065]], "chi2_level": 0.95, "chi2_df": 3, "chi2_threshold": 7.814727903251179, "N_raw": 25, "N_roi": 25, "N_inlier": 23, "refit": true}
{"timestamp": "16:48:34.053173", "frame": 8, "mu": [0.7330970492777084, 1.3837783848256942, 1.2764965575235616], "Sigma": [[0.0038623400468619016, -0.0013704036954639146, -0.0018747665676954732], [-0.0013704036954639146, 0.004326112635786655, -0.0019142781006396084], [-0.0018747665676954732, -0.0019142781006396088, 0.003069042872013]], "chi2_level": 0.95, "chi2_df": 3, "chi2_threshold": 7.814727903251179, "N_raw": 50, "N_roi": 50, "N_inlier": 48, "refit": true}
{"timestamp": "16:48:34.109562", "frame": 9, "mu": [0.7834063705350675, 1.5330234764624087, -0.3766683111655798], "Sigma": [[0.0047107653223444805, -0.0006317155222744359, -0.0025802684663755646], [-0.0006317155222744359, 0.007038007461526691, -0.001661206819994868], [-0.0025802684663755646, -0.001661206819994868, 0.003055495163181079]], "chi2_level": 0.95, "chi2_df": 3, "chi2_threshold": 7.814727903251179, "N_raw": 63, "N_roi": 63, "N_inlier": 60, "refit": true}
{"timestamp": "16:48:34.218340", "frame": 11, "mu": [0.7263943352086007, 1.5106715387454412, 1.3586865747708465], "Sigma": [[0.006271269398425342, -0.0014540997290370106, -0.005215901994466294], [-0.0014540997290370106, 0.0020757062385522718, 0.00012254985465360107], [-0.005215901994466294, 0.00012254985465360107, 0.01597417110134005]], "chi2_level": 0.95, "chi2_df": 3, "chi2_threshold": 7.814727903251179, "N_raw": 58, "N_roi": 58, "N_inlier": 53, "refit": true}
{"timestamp": "16:48:34.269882", "frame": 12, "mu": [0.7265022537255692, 1.5515853087529736, -0.46893839171662527], "Sigma": [[0.004931708190529233, 0.0034886918224782955, -0.023914037178334582], [0.0034886918224782955, 0.010104591357101829, -0.050388563936243996], [-0.023914037178334582, -0.05038856393624401, 0.32281422891558087]], "chi2_level": 0.95, "chi2_df": 3, "chi2_threshold": 7.814727903251179, "N_raw": 30, "N_roi": 30, "N_inlier": 29, "refit": true}
{"timestamp": "16:48:34.325973", "frame": 13, "mu": [0.7546069689163225, 1.3082547398728126, 0.15978342578978721], "Sigma": [[0.005252572124334111, -0.0013059100099103546, 0.010593238400389792], [-0.0013059100099103548, 0.0034743361442107715, 0.01978840593905163], [0.010593238400389792, 0.01978840593905163, 0.29025943992804065]], "chi2_level": 0.95, "chi2_df": 3, "chi2_threshold": 7.814727903251179, "N_raw": 38, "N_roi": 38, "N_inlier": 36, "refit": true}
{"timestamp": "16:48:34.383532", "frame": 14, "mu": [0.6387574143828659, 1.473177888359322, 1.4168616411473993], "Sigma": [[0.004300956040722497, -0.0011266772186155124, -0.0012719316943519505], [-0.0011266772186155124, 0.0037100586399850385, -7.376591221725499e-05], [-0.0012719316943519503, -7.3765912217255e-05, 0.0005754756457111648]], "chi2_level": 0.95, "chi2_df": 3, "chi2_threshold": 7.814727903251179, "N_raw": 47, "N_roi": 47, "N_inlier": 41, "refit": true}
{"timestamp": "16:48:34.439624", "frame": 15, "mu": [0.6748386165690602, 1.5692727813723872, -0.2851613164015254], "Sigma": [[0.005428515940045452, -4.500787248491232e-05, -0.0044019003107592], [-4.500787248491236e-05, 0.0032454418360585015, -0.0014750885152733499], [-0.004401900310759198, -0.0014750885152733499, 0.008651851443909191]], "chi2_level": 0.95, "chi2_df": 3, "chi2_threshold": 7.814727903251179, "N_raw": 54, "N_roi": 54, "N_inlier": 50, "refit": true}
{"timestamp": "16:48:34.487892", "frame": 16, "mu": [0.6497801798356856, 1.403206149730893, 0.5701620180505235], "Sigma": [[0.006622582648307289, 0.0038502031007353263, -0.006734554432581249], [0.0038502031007353263, 0.010302641258047264, 0.028343911378510826], [-0.006734554432581249, 0.028343911378510833, 0.5088221804349417]], "chi2_level": 0.95, "chi2_df": 3, "chi2_threshold": 7.814727903251179, "N_raw": 12, "N_roi": 12, "N_inlier": 11, "refit": true}
{"timestamp": "16:48:34.547194", "frame": 17, "mu": [0.6647948338181818, 1.385812237358275, 1.2669903406672252], "Sigma": [[0.003204137544701773, -0.0009792143999744088, -0.0014011185348035667], [-0.0009792143999744088, 0.004323635146445595, -0.0004941138449202043], [-0.0014011185348035667, -0.0004941138449202043, 0.0012269347837519041]], "chi2_level": 0.95, "chi2_df": 3, "chi2_threshold": 7.814727903251179, "N_raw": 40, "N_roi": 40, "N_inlier": 34, "refit": true}
{"timestamp": "16:48:34.599618", "frame": 18, "mu": [0.7536466721855466, 1.2999239957590505, 0.8109690041508498], "Sigma": [[0.003540233440292002, -0.00048031402106225017, -0.007882801849260119], [-0.0004803140210622503, 0.0025147209769684504, -0.0024235244365093953], [-0.007882801849260119, -0.0024235244365093957, 0.03378530329766163]], "chi2_level": 0.95, "chi2_df": 3, "chi2_threshold": 7.814727903251179, "N_raw": 26, "N_roi": 26, "N_inlier": 23, "refit": true}
{"timestamp": "16:48:34.662647", "frame": 19, "mu": [0.5462969678827949, 1.4168414443290354, 1.240492350669016], "Sigma": [[0.009105187289007837, -0.005248738948811019, -0.015090169409556814], [-0.005248738948811019, 0.007371648597082053, 0.008185197138023338], [-0.015090169409556813, 0.008185197138023338, 0.03667420909473007]], "chi2_level": 0.95, "chi2_df": 3, "chi2_threshold": 7.814727903251179, "N_raw": 75, "N_roi": 75, "N_inlier": 67, "refit": true}
{"timestamp": "16:48:34.717125", "frame": 20, "mu": [0.6174102655849159, 1.3554373755083227, 0.9326939831589788], "Sigma": [[0.00762931314374027, -0.005235329277827594, -0.012698833977722365], [-0.005235329277827594, 0.004561427596826169, 0.009549068192803606], [-0.012698833977722365, 0.009549068192803606, 0.035821419459448785]], "chi2_level": 0.95, "chi2_df": 3, "chi2_threshold": 7.814727903251179, "N_raw": 67, "N_roi": 67, "N_inlier": 59, "refit": true}
{"timestamp": "16:48:34.772399", "frame": 21, "mu": [0.4994445500370008, 1.370897400663804, 0.9792632883197913], "Sigma": [[0.01898301030205838, -0.015418720858061829, -0.03581714331508068], [-0.015418720858061827, 0.01566688490832233, 0.0384387057310797], [-0.03581714331508068, 0.0384387057310797, 0.15658487260466844]], "chi2_level": 0.95, "chi2_df": 3, "chi2_threshold": 7.814727903251179, "N_raw": 71, "N_roi": 71, "N_inlier": 68, "refit": true}
{"timestamp": "16:48:34.824686", "frame": 22, "mu": [0.413074977847308, 1.4325862962826268, 1.3563572974829663], "Sigma": [[0.0040674702781141395, -0.001310835424387181, -0.0047222430571872785], [-0.001310835424387181, 0.003884476827168721, -0.0009678196661954231], [-0.0047222430571872785, -0.000967819666195423, 0.007952506416392977]], "chi2_level": 0.95, "chi2_df": 3, "chi2_threshold": 7.814727903251179, "N_raw": 54, "N_roi": 54, "N_inlier": 49, "refit": true}
{"timestamp": "16:48:34.877113", "frame": 23, "mu": [0.3517059520360407, 1.445553475247282, 1.2038598201216235], "Sigma": [[0.002813401224421132, -0.0007128708165857537, 0.0009094824617970763], [-0.0007128708165857535, 0.0055330091553312, 0.018710820318893713], [0.0009094824617970764, 0.018710820318893713, 0.1822799987884602]], "chi2_level": 0.95, "chi2_df": 3, "chi2_threshold": 7.814727903251179, "N_raw": 41, "N_roi": 40, "N_inlier": 37, "refit": true}
{"timestamp": "16:48:34.933516", "frame": 24, "mu": [0.3280243233940293, 1.3673760582634866, 1.3422588922213636], "Sigma": [[0.0028192708892491674, 0.0006334074750635175, -0.004405568108885526], [0.0006334074750635175, 0.006303128085020146, -0.0027123475878522043], [-0.004405568108885526, -0.0027123475878522043, 0.009122592782984393]], "chi2_level": 0.95, "chi2_df": 3, "chi2_threshold": 7.814727903251179, "N_raw": 47, "N_roi": 45, "N_inlier": 41, "refit": true}
{"timestamp": "16:48:34.988304", "frame": 25, "mu": [0.2797675195137604, 1.2695088777026802, 0.8719557508803215], "Sigma": [[0.0030122681680488147, 0.0034183040825602217, 0.013779265797057273], [0.0034183040825602217, 0.0461221518644931, 0.12871125700255498], [0.013779265797057273, 0.12871125700255498, 0.3971217545480051]], "chi2_level": 0.95, "chi2_df": 3, "chi2_threshold": 7.814727903251179, "N_raw": 47, "N_roi": 43, "N_inlier": 39, "refit": true}
{"timestamp": "16:48:35.045070", "frame": 26, "mu": [0.11877318736022491, 1.4652474469700756, 1.4138816598431816], "Sigma": [[0.0072502891327658825, -0.0007438896782000909, -0.012300800189962654], [-0.0007438896782000908, 0.0019575739961994873, -0.00071838982930989], [-0.012300800189962654, -0.0007183898293098902, 0.028699437603812036]], "chi2_level": 0.95, "chi2_df": 3, "chi2_threshold": 7.814727903251179, "N_raw": 61, "N_roi": 61, "N_inlier": 58, "refit": true}
{"timestamp": "16:48:35.101370", "frame": 27, "mu": [0.07419336581076055, 1.4663998302371208, 1.5015084906520433], "Sigma": [[0.006400014092086283, -0.00048644786156643813, -0.0074518961407667676], [-0.0004864478615664381, 0.004012707868978618, 0.00038340616215486027], [-0.007451896140766766, 0.0003834061621548604, 0.012665734865533802]], "chi2_level": 0.95, "chi2_df": 3, "chi2_threshold": 7.814727903251179, "N_raw": 70, "N_roi": 67, "N_inlier": 63, "refit": true}
{"timestamp": "16:48:35.161084", "frame": 28, "mu": [0.0018872958872279233, 1.426897580045942, 1.3377179772327774], "Sigma": [[0.02478643330276877, -0.010992563241881328, -0.0532745061629922], [-0.010992563241881328, 0.010075608642994881, 0.028470310867430033], [-0.0532745061629922, 0.02847031086743003, 0.13498331906529107]], "chi2_level": 0.95, "chi2_df": 3, "chi2_threshold": 7.814727903251179, "N_raw": 96, "N_roi": 94, "N_inlier": 90, "refit": true}
{"timestamp": "16:48:35.213809", "frame": 29, "mu": [-0.018179904925674662, 1.445616937990996, 1.437589005253569], "Sigma": [[0.006869091264246266, -0.0026816420749918813, -0.007348584857767122], [-0.0026816420749918813, 0.0057890607794529115, 0.005869316973579898], [-0.007348584857767122, 0.005869316973579898, 0.030017974877731324]], "chi2_level": 0.95, "chi2_df": 3, "chi2_threshold": 7.814727903251179, "N_raw": 85, "N_roi": 85, "N_inlier": 82, "refit": true}
{"timestamp": "16:48:35.270553", "frame": 30, "mu": [-0.0792661351008643, 1.4276910030845884, 1.3047420909147838], "Sigma": [[0.016059654858742972, -0.00783141641156455, -0.0383227317184389], [-0.00783141641156455, 0.008627117025194224, 0.022135425359035663], [-0.038322731718438904, 0.022135425359035663, 0.11284248187588947]], "chi2_level": 0.95, "chi2_df": 3, "chi2_threshold": 7.814727903251179, "N_raw": 92, "N_roi": 92, "N_inlier": 89, "refit": true}
{"timestamp": "16:48:35.320465", "frame": 31, "mu": [-0.1633306414301869, 1.5046896271960624, 1.463504605687958], "Sigma": [[0.005538735637088825, -5.734742569810813e-06, -0.006045439863202333], [-5.734742569810813e-06, 0.002767351949635596, -0.00245621376889261], [-0.006045439863202333, -0.00245621376889261, 0.011293428775782995]], "chi2_level": 0.95, "chi2_df": 3, "chi2_threshold": 7.814727903251179, "N_raw": 61, "N_roi": 61, "N_inlier": 58, "refit": true}
{"timestamp": "16:48:35.380110", "frame": 32, "mu": [-0.23903617629210544, 1.5176328781486639, 0.027131527593990425], "Sigma": [[0.007101755575901768, -0.002473323972171468, 0.036986728188235715], [-0.002473323972171468, 0.010649235584403274, -0.02283611739130139], [0.036986728188235715, -0.02283611739130139, 0.41847191932369915]], "chi2_level": 0.95, "chi2_df": 3, "chi2_threshold": 7.814727903251179, "N_raw": 94, "N_roi": 94, "N_inlier": 93, "refit": true}
{"timestamp": "16:48:35.429626", "frame": 33, "mu": [-0.23194651037761715, 1.5104131845073494, 1.3353278987554107], "Sigma": [[0.0049465401941127625, -0.0008726801112539649, -0.004323489285723636], [-0.0008726801112539649, 0.0011388990706661841, -0.0009598862183169226], [-0.004323489285723636, -0.0009598862183169223, 0.017441857824240237]], "chi2_level": 0.95, "chi2_df": 3, "chi2_threshold": 7.814727903251179, "N_raw": 59, "N_roi": 59, "N_inlier": 54, "refit": true}
{"timestamp": "16:48:35.497533", "frame": 34, "mu": [-0.296407366748626, 1.4226461921179023, 1.377323807646449], "Sigma": [[0.009244978482762506, -0.00652939696367041, -0.012079787130077435], [-0.00652939696367041, 0.015074333626170376, 0.00946295146934666], [-0.012079787130077433, 0.00946295146934666, 0.04085073267398696]], "chi2_level": 0.95, "chi2_df": 3, "chi2_threshold": 7.814727903251179, "N_raw": 141, "N_roi": 141, "N_inlier": 133, "refit": true}
{"timestamp": "16:48:35.548950", "frame": 35, "mu": [-0.30541989856390916, 1.3598125362963034, 1.1672914756606698], "Sigma": [[0.005125185796528716, -0.003732482948637394, -0.009065685472067295], [-0.003732482948637394, 0.012668339360486464, 0.016801276807754215], [-0.009065685472067297, 0.016801276807754215, 0.18402154614620087]], "chi2_level": 0.95, "chi2_df": 3, "chi2_threshold": 7.814727903251179, "N_raw": 110, "N_roi": 110, "N_inlier": 105, "refit": true}
{"timestamp": "16:48:35.597890", "frame": 36, "mu": [-0.388532445170915, 1.3779623442708409, 1.3450036141123731], "Sigma": [[0.004874338733571802, -0.002596132149855525, -0.0038033530589488213], [-0.002596132149855525, 0.014274464249028332, 0.007339738239087374], [-0.0038033530589488213, 0.007339738239087374, 0.006185603377395771]], "chi2_level": 0.95, "chi2_df": 3, "chi2_threshold": 7.814727903251179, "N_raw": 77, "N_roi": 75, "N_inlier": 71, "refit": true}
{"timestamp": "16:48:35.656091", "frame": 37, "mu": [-0.4583778747961597, 1.433955076017893, 1.09897871912204], "Sigma": [[0.00517382828447611, -0.002217079775440714, 0.004260500398741925], [-0.002217079775440714, 0.01103227826385403, 0.014617205636022933], [0.004260500398741924, 0.014617205636022933, 0.42707073121587963]], "chi2_level": 0.95, "chi2_df": 3, "chi2_threshold": 7.814727903251179, "N_raw": 101, "N_roi": 101, "N_inlier": 100, "refit": true}
{"timestamp": "16:48:35.709678", "frame": 38, "mu": [-0.5318967978887269, 1.4508952915479851, 1.4025341978888053], "Sigma": [[0.005716550153028956, -0.0003378585489004433, -0.003325539064891733], [-0.00033785854890044334, 0.013629979090352743, 0.0012850241041012338], [-0.003325539064891733, 0.0012850241041012338, 0.006355225926299143]], "chi2_level": 0.95, "chi2_df": 3, "chi2_threshold": 7.814727903251179, "N_raw": 90, "N_roi": 90, "N_inlier": 86, "refit": true}
{"timestamp": "16:48:35.764980", "frame": 39, "mu": [-0.5829104793973354, 1.403819478850573, 1.3388912114251443], "Sigma": [[0.005400104563758049, -0.0008283777598951644, -0.0059351827706922815], [-0.0008283777598951644, 0.01469831280363, 0.0024558817233496233], [-0.0059351827706922815, 0.0024558817233496233, 0.014261441513977792]], "chi2_level": 0.95, "chi2_df": 3, "chi2_threshold": 7.814727903251179, "N_raw": 90, "N_roi": 90, "N_inlier": 86, "refit": true}
{"timestamp": "16:48:35.821474", "frame": 40, "mu": [-0.6041920894526621, 1.4626320466820477, 1.1446510369827585], "Sigma": [[0.00704699849711466, -0.0006277939014423198, -0.02558255949201694], [-0.0006277939014423201, 0.007983714222824751, 0.002402336914166038], [-0.02558255949201694, 0.0024023369141660386, 0.20204745153126188]], "chi2_level": 0.95, "chi2_df": 3, "chi2_threshold": 7.814727903251179, "N_raw": 104, "N_roi": 104, "N_inlier": 101, "refit": true}
{"timestamp": "16:48:35.883532", "frame": 41, "mu": [-0.6743972845809407, 1.4860143551920881, 1.169831568691376], "Sigma": [[0.01305546769722782, 0.0036348570406441244, -0.033177339220010066], [0.0036348570406441244, 0.012727133822977745, -0.004691445042176133], [-0.033177339220010066, -0.004691445042176133, 0.24765620084496942]], "chi2_level": 0.95, "chi2_df": 3, "chi2_threshold": 7.814727903251179, "N_raw": 150, "N_roi": 150, "N_inlier": 147, "refit": true}
{"timestamp": "16:48:35.935937", "frame": 42, "mu": [-0.7340215087451546, 1.5435033957197197, 1.3243482710386552], "Sigma": [[0.009604573522795581, 0.0035970267167995803, -0.016599382694844306], [0.003597026716799581, 0.012431285397572954, -0.006752117643791661], [-0.016599382694844303, -0.006752117643791661, 0.16704391104490054]], "chi2_level": 0.95, "chi2_df": 3, "chi2_threshold": 7.814727903251179, "N_raw": 131, "N_roi": 131, "N_inlier": 127, "refit": true}
{"timestamp": "16:48:35.986597", "frame": 43, "mu": [-0.7841690959852509, 1.535882595251618, 1.3748842887039348], "Sigma": [[0.006531131382358946, 0.0013312636675164387, -0.009963135569553333], [0.0013312636675164389, 0.013172371171654979, -0.0056096059012236054], [-0.009963135569553335, -0.0056096059012236054, 0.11893554013768004]], "chi2_level": 0.95, "chi2_df": 3, "chi2_threshold": 7.814727903251179, "N_raw": 102, "N_roi": 102, "N_inlier": 97, "refit": true}
{"timestamp": "16:48:36.042360", "frame": 44, "mu": [-0.7496650953309769, 1.5523998757372524, 1.382214248191855], "Sigma": [[0.00955261034216863, -0.0009547527505042345, -0.007692264613226311], [-0.0009547527505042345, 0.009207805875540036, -0.00027684997614706755], [-0.00769226461322631, -0.0002768499761470678, 0.007210710643428378]], "chi2_level": 0.95, "chi2_df": 3, "chi2_threshold": 7.814727903251179, "N_raw": 106, "N_roi": 106, "N_inlier": 91, "refit": true}
{"timestamp": "16:48:36.101592", "frame": 45, "mu": [-0.785369843464077, 1.570428704143638, 1.3635822941048261], "Sigma": [[0.016353819666471436, -0.0027070587046623485, -0.011049499781129419], [-0.0027070587046623485, 0.009175906708549538, -4.713299779207831e-05], [-0.011049499781129419, -4.713299779207842e-05, 0.0093030943042969]], "chi2_level": 0.95, "chi2_df": 3, "chi2_threshold": 7.814727903251179, "N_raw": 135, "N_roi": 135, "N_inlier": 118, "refit": true}
{"timestamp": "16:48:36.152920", "frame": 46, "mu": [-0.8418078327107323, 1.6306004405194463, 1.3984880224939589], "Sigma": [[0.011365097872038767, -0.002956656756319294, -0.006599914488260256], [-0.002956656756319294, 0.012082757850163614, 0.001592877328881833], [-0.006599914488260255, 0.0015928773288818327, 0.004130796816020149]], "chi2_level": 0.95, "chi2_df": 3, "chi2_threshold": 7.814727903251179, "N_raw": 107, "N_roi": 107, "N_inlier": 98, "refit": true}
{"timestamp": "16:48:36.204909", "frame": 47, "mu": [-0.8733236099942926, 1.707460867464898, 0.09860466415811249], "Sigma": [[0.012229852406837913, -0.002626830003547217, 0.023002457671625877], [-0.002626830003547217, 0.006366416199688747, -0.006192403790393929], [0.023002457671625877, -0.006192403790393928, 0.2573589615151484]], "chi2_level": 0.95, "chi2_df": 3, "chi2_threshold": 7.814727903251179, "N_raw": 85, "N_roi": 85, "N_inlier": 77, "refit": true}
{"timestamp": "16:48:36.256133", "frame": 48, "mu": [-0.9488174473592189, 1.7635624572115778, -0.18546019689470447], "Sigma": [[0.0089982413510708, 0.001313375035745051, 0.00020284566317700853], [0.001313375035745051, 0.008474099632572963, 0.008265776281341092], [0.000202845663177008, 0.008265776281341092, 0.02149590695344772]], "chi2_level": 0.95, "chi2_df": 3, "chi2_threshold": 7.814727903251179, "N_raw": 68, "N_roi": 68, "N_inlier": 63, "refit": true}
{"timestamp": "16:48:36.315786", "frame": 49, "mu": [-0.885145455981224, 1.765004735377837, 1.3378719577180693], "Sigma": [[0.01461033137553611, -0.0022479739427193756, -0.010141931923327383], [-0.002247973942719376, 0.006932494336590222, -0.0006369940559409186], [-0.010141931923327383, -0.0006369940559409186, 0.008647611870862113]], "chi2_level": 0.95, "chi2_df": 3, "chi2_threshold": 7.814727903251179, "N_raw": 99, "N_roi": 99, "N_inlier": 89, "refit": true}
{"timestamp": "16:48:36.367386", "frame": 50, "mu": [-0.9106518535256205, 1.899315448789515, -0.203096852691451], "Sigma": [[0.010388781517801567, 0.0016922401482510245, -0.005565640307679272], [0.0016922401482510245, 0.005842672968760646, -0.002094342020788332], [-0.005565640307679273, -0.002094342020788332, 0.0037829188818438095]], "chi2_level": 0.95, "chi2_df": 3, "chi2_threshold": 7.814727903251179, "N_raw": 68, "N_roi": 68, "N_inlier": 65, "refit": true}
{"timestamp": "16:48:36.427516", "frame": 51, "mu": [-0.9964370822889098, 1.813900562803803, 1.1473629856574648], "Sigma": [[0.012346038345670331, 0.004130199189859459, 0.02019553981506602], [0.004130199189859459, 0.01587932578391027, 0.033049602617132134], [0.020195539815066017, 0.033049602617132134, 0.18881930196200175]], "chi2_level": 0.95, "chi2_df": 3, "chi2_threshold": 7.814727903251179, "N_raw": 113, "N_roi": 113, "N_inlier": 111, "refit": true}
{"timestamp": "16:48:36.479502", "frame": 52, "mu": [-0.9656867295290863, 1.9622936317883124, 1.286313546530584], "Sigma": [[0.013571665472310177, 0.004403999302696176, 0.012651372167154005], [0.004403999302696176, 0.008871969890011076, 0.009647192314824733], [0.012651372167154005, 0.009647192314824733, 0.08630043881848978]], "chi2_level": 0.95, "chi2_df": 3, "chi2_threshold": 7.814727903251179, "N_raw": 85, "N_roi": 85, "N_inlier": 80, "refit": true}
{"timestamp": "16:48:36.542745", "frame": 53, "mu": [-0.9738726554750075, 1.9434407536640594, 1.2365415223966298], "Sigma": [[0.042078142071350064, 0.006970852428897174, 0.013696143214260992], [0.006970852428897174, 0.0081202571933127, -0.006809262834874827], [0.01369614321426099, -0.006809262834874828, 0.06519663271172785]], "chi2_level": 0.95, "chi2_df": 3, "chi2_threshold": 7.814727903251179, "N_raw": 140, "N_roi": 140, "N_inlier": 130, "refit": true}
{"timestamp": "16:48:36.598375", "frame": 54, "mu": [-0.9407892360153552, 2.010961463917471, 1.3949698586737524], "Sigma": [[0.03537277764652057, 0.003966698317681785, -0.02138032686890257], [0.003966698317681785, 0.010233737584464378, -0.0019193731444170788], [-0.02138032686890257, -0.0019193731444170788, 0.014696994743131466]], "chi2_level": 0.95, "chi2_df": 3, "chi2_threshold": 7.814727903251179, "N_raw": 142, "N_roi": 141, "N_inlier": 127, "refit": true}
{"timestamp": "16:48:36.641245", "frame": 55, "mu": [-1.0485675930038187, 2.092545271789204, 1.3777516875289402], "Sigma": [[0.010468315553870773, 0.0019686087802312535, -0.009941822814680463], [0.0019686087802312535, 0.005599403177134977, -0.004600305510754187], [-0.009941822814680463, -0.004600305510754187, 0.013744133553726093]], "chi2_level": 0.95, "chi2_df": 3, "chi2_threshold": 7.814727903251179, "N_raw": 60, "N_roi": 60, "N_inlier": 56, "refit": true}
{"timestamp": "16:48:36.698032", "frame": 56, "mu": [-0.9970125602855647, 2.1188361621296723, 1.4215669083885802], "Sigma": [[0.015628869404543916, -0.0005017077939329648, -0.007503729544256604], [-0.0005017077939329647, 0.010625811491715752, 0.004446611097465171], [-0.007503729544256604, 0.004446611097465171, 0.006035408524306474]], "chi2_level": 0.95, "chi2_df": 3, "chi2_threshold": 7.814727903251179, "N_raw": 85, "N_roi": 83, "N_inlier": 82, "refit": true}
{"timestamp": "16:48:36.752875", "frame": 57, "mu": [-1.033958092935984, 2.252442209384131, 1.5000602359559756], "Sigma": [[0.010812295691206097, -0.0007206373215123379, -0.010376833867461646], [-0.0007206373215123381, 0.010992968679002797, 0.003961477509222574], [-0.010376833867461646, 0.003961477509222575, 0.016593745610299193]], "chi2_level": 0.95, "chi2_df": 3, "chi2_threshold": 7.814727903251179, "N_raw": 77, "N_roi": 77, "N_inlier": 68, "refit": true}
{"timestamp": "16:48:36.805107", "frame": 58, "mu": [-1.0905712467843505, 2.2966314939627295, 1.5268641685212676], "Sigma": [[0.012733593422784866, -0.0020319866596706735, -0.01045481778853664], [-0.002031986659670673, 0.008255886322526785, 0.002358974459484516], [-0.010454817788536642, 0.002358974459484516, 0.011808850290679974]], "chi2_level": 0.95, "chi2_df": 3, "chi2_threshold": 7.814727903251179, "N_raw": 65, "N_roi": 65, "N_inlier": 63, "refit": true}
{"timestamp": "16:48:36.861050", "frame": 59, "mu": [-1.1149946804350428, 2.348725619527011, 1.5186324727266307], "Sigma": [[0.011219770278121188, 0.000248192993844968, -0.006723414849286027], [0.0002481929938449684, 0.006145850002922352, -0.0025022750447258593], [-0.006723414849286027, -0.0025022750447258593, 0.022513302720958486]], "chi2_level": 0.95, "chi2_df": 3, "chi2_threshold": 7.814727903251179, "N_raw": 65, "N_roi": 65, "N_inlier": 62, "refit": true}
{"timestamp": "16:48:36.914157", "frame": 60, "mu": [-1.0951839355981923, 2.3420997632536324, 0.8247566953409001], "Sigma": [[0.008343255111512777, -0.003428090981798253, -0.036645514605898294], [-0.003428090981798253, 0.005265959852777819, 0.02544798197127749], [-0.03664551460589829, 0.02544798197127749, 0.5037907722210864]], "chi2_level": 0.95, "chi2_df": 3, "chi2_threshold": 7.814727903251179, "N_raw": 54, "N_roi": 54, "N_inlier": 53, "refit": true}
{"timestamp": "16:48:36.965862", "frame": 61, "mu": [-1.13346652803316, 2.476138860441699, -0.05895825857956717], "Sigma": [[0.006719125260203888, 0.0003987917482753433, -0.0014353810913013971], [0.0003987917482753433, 0.004467325752141448, -0.0051023587515753675], [-0.0014353810913013971, -0.0051023587515753675, 0.01111709908025531]], "chi2_level": 0.95, "chi2_df": 3, "chi2_threshold": 7.814727903251179, "N_raw": 35, "N_roi": 35, "N_inlier": 32, "refit": true}
{"timestamp": "16:48:37.025244", "frame": 62, "mu": [-1.1698029993812253, 2.519139131502376, 0.9160928593665134], "Sigma": [[0.007228437155370717, 0.0008309222062994634, 0.000912108140266986], [0.0008309222062994634, 0.0028898023207344662, -0.015866874031653717], [0.000912108140266986, -0.015866874031653717, 0.22064661313526338]], "chi2_level": 0.95, "chi2_df": 3, "chi2_threshold": 7.814727903251179, "N_raw": 63, "N_roi": 63, "N_inlier": 60, "refit": true}
{"timestamp": "16:48:37.079113", "frame": 63, "mu": [-1.0932783701870423, 2.534008221159141, 0.8962417682005147], "Sigma": [[0.01292940250242986, -0.004152677338597246, 0.017278819715629633], [-0.004152677338597245, 0.005844104203600518, -0.0225444972248368], [0.017278819715629633, -0.022544497224836795, 0.10551261688214429]], "chi2_level": 0.95, "chi2_df": 3, "chi2_threshold": 7.814727903251179, "N_raw": 54, "N_roi": 54, "N_inlier": 52, "refit": true}
{"timestamp": "16:48:37.131009", "frame": 64, "mu": [-1.166078942117726, 2.733915300156508, 0.5165220259728792], "Sigma": [[0.013207032407531382, 0.0010974009174348081, 0.007304231895153472], [0.0010974009174348084, 0.0028529010064555663, -0.0059378745359610135], [0.007304231895153472, -0.0059378745359610135, 0.035195022765217174]], "chi2_level": 0.95, "chi2_df": 3, "chi2_threshold": 7.814727903251179, "N_raw": 31, "N_roi": 31, "N_inlier": 27, "refit": true}
{"timestamp": "16:48:37.184373", "frame": 65, "mu": [-1.1222311872550543, 2.624253831195895, 0.1078810097666906], "Sigma": [[0.006318578196215784, 0.0007444126375953694, -0.0057010353968452296], [0.0007444126375953691, 0.002508885853872596, -0.000480213659573134], [-0.0057010353968452296, -0.0004802136595731339, 0.00629765549586138]], "chi2_level": 0.95, "chi2_df": 3, "chi2_threshold": 7.814727903251179, "N_raw": 22, "N_roi": 22, "N_inlier": 19, "refit": true}
{"timestamp": "16:48:37.242688", "frame": 66, "mu": [-1.1246126393851847, 2.598334941219088, 0.849455693638049], "Sigma": [[0.020436417588085384, 0.008024946734825393, 0.05181543248529167], [0.008024946734825395, 0.0062216668456682575, 0.028608046930507704], [0.05181543248529167, 0.028608046930507704, 0.21180750828276837]], "chi2_level": 0.95, "chi2_df": 3, "chi2_threshold": 7.814727903251179, "N_raw": 42, "N_roi": 42, "N_inlier": 39, "refit": true}
{"timestamp": "16:48:37.296685", "frame": 67, "mu": [-1.0369638074663354, 2.7550913380145627, 1.2533298112605689], "Sigma": [[0.009518570796555997, 0.0011746105183948665, -0.01342496526599931], [0.0011746105183948665, 0.0031548708382316917, -0.0022021885119771732], [-0.01342496526599931, -0.0022021885119771732, 0.02099706731523944]], "chi2_level": 0.95, "chi2_df": 3, "chi2_threshold": 7.814727903251179, "N_raw": 39, "N_roi": 37, "N_inlier": 32, "refit": true}
{"timestamp": "16:48:37.354488", "frame": 68, "mu": [-1.1808637682423468, 2.784768277928303, 1.0029121324670494], "Sigma": [[0.02077987328119812, 0.011258010323284377, 0.032475107327397564], [0.011258010323284377, 0.011155437096640667, 0.039163754908181636], [0.03247510732739757, 0.039163754908181636, 0.17505376911275639]], "chi2_level": 0.95, "chi2_df": 3, "chi2_threshold": 7.814727903251179, "N_raw": 62, "N_roi": 62, "N_inlier": 61, "refit": true}
{"timestamp": "16:48:37.414216", "frame": 69, "mu": [-1.1285218766904572, 2.769397622084175, 0.9308971263243978], "Sigma": [[0.05570503456968239, 0.013451661800538367, 0.07406551569121406], [0.013451661800538368, 0.009636389616932401, 0.030137279905117026], [0.07406551569121406, 0.030137279905117026, 0.20177968574929836]], "chi2_level": 0.95, "chi2_df": 3, "chi2_threshold": 7.814727903251179, "N_raw": 93, "N_roi": 93, "N_inlier": 91, "refit": true}
{"timestamp": "16:48:37.461243", "frame": 70, "mu": [-1.04225526591092, 2.9367336942901274, 1.4148810824160845], "Sigma": [[0.009661526840573689, 0.002592515103116671, -0.006260265544508198], [0.0025925151031166707, 0.0032392546021772, -0.002072600075734052], [-0.006260265544508198, -0.002072600075734052, 0.00711736069674792]], "chi2_level": 0.95, "chi2_df": 3, "chi2_threshold": 7.814727903251179, "N_raw": 28, "N_roi": 28, "N_inlier": 26, "refit": true}
{"timestamp": "16:48:37.516580", "frame": 71, "mu": [-0.9554675244991362, 2.9019364201487923, 1.2413827866920797], "Sigma": [[0.011409907536771605, -0.004344267466467428, -0.0016646615418649613], [-0.004344267466467429, 0.005150485204844653, -0.0006928901350852562], [-0.0016646615418649613, -0.0006928901350852562, 0.03273245109850965]], "chi2_level": 0.95, "chi2_df": 3, "chi2_threshold": 7.814727903251179, "N_raw": 39, "N_roi": 39, "N_inlier": 35, "refit": true}
{"timestamp": "16:48:37.579048", "frame": 72, "mu": [-1.0225100940697773, 3.002548544235876, 1.0264602813166444], "Sigma": [[0.0336750341707009, -0.0043804307362555524, 0.05816006403964877], [-0.0043804307362555524, 0.008154671799656546, -0.020615862370877393], [0.05816006403964877, -0.02061586237087739, 0.29631627362182084]], "chi2_level": 0.95, "chi2_df": 3, "chi2_threshold": 7.814727903251179, "N_raw": 98, "N_roi": 98, "N_inlier": 97, "refit": true}
{"timestamp": "16:48:37.630851", "frame": 73, "mu": [-0.8800710350535572, 2.996716320227776, 1.306947038290205], "Sigma": [[0.016090399934492138, -0.00021312844496028404, -0.003834064857809837], [-0.00021312844496028412, 0.005435544077394663, -0.0015406467738602622], [-0.003834064857809837, -0.0015406467738602622, 0.030872831058095865]], "chi2_level": 0.95, "chi2_df": 3, "chi2_threshold": 7.814727903251179, "N_raw": 63, "N_roi": 63, "N_inlier": 57, "refit": true}
{"timestamp": "16:48:37.686236", "frame": 74, "mu": [-0.8855693510535868, 3.016982309363957, 1.2731953966786378], "Sigma": [[0.01552052183727658, -0.0002936186451383954, -0.011072962329192521], [-0.00029361864513839555, 0.008363164817949771, -4.100655419255833e-06], [-0.011072962329192521, -4.100655419255833e-06, 0.008696867101491786]], "chi2_level": 0.95, "chi2_df": 3, "chi2_threshold": 7.814727903251179, "N_raw": 69, "N_roi": 69, "N_inlier": 68, "refit": true}
{"timestamp": "16:48:37.739359", "frame": 75, "mu": [-0.8763874886805761, 3.058985369789983, -0.6934341074529836], "Sigma": [[0.013779646306676295, 0.0031617388009525984, -0.004093058000137804], [0.0031617388009525984, 0.005898076915929242, -0.0018877900848751753], [-0.004093058000137804, -0.0018877900848751753, 0.0027571121568263036]], "chi2_level": 0.95, "chi2_df": 3, "chi2_threshold": 7.814727903251179, "N_raw": 56, "N_roi": 56, "N_inlier": 53, "refit": true}
{"timestamp": "16:48:37.791626", "frame": 76, "mu": [-0.8346387704360365, 3.132727916438953, 1.4267220064943706], "Sigma": [[0.011905274887646271, 0.0007132791589431687, 0.005974697692012499], [0.0007132791589431689, 0.00245745101299099, -2.6933286814139422e-05], [0.0059746976920124996, -2.6933286814139422e-05, 0.019331141441425996]], "chi2_level": 0.95, "chi2_df": 3, "chi2_threshold": 7.814727903251179, "N_raw": 39, "N_roi": 39, "N_inlier": 35, "refit": true}
{"timestamp": "16:48:37.846520", "frame": 77, "mu": [-0.8102645231543023, 3.1830490169467436, 1.3502616832677203], "Sigma": [[0.013637474913880787, 0.003420682890455019, -0.003954112430879952], [0.003420682890455019, 0.0033547390073613986, -0.0030084702976633064], [-0.003954112430879951, -0.0030084702976633064, 0.004148538525072183]], "chi2_level": 0.95, "chi2_df": 3, "chi2_threshold": 7.814727903251179, "N_raw": 44, "N_roi": 44, "N_inlier": 40, "refit": true}
{"timestamp": "16:48:37.904060", "frame": 78, "mu": [-0.7628451639267034, 3.155187018032546, 1.3529077293159948], "Sigma": [[0.010105955419856046, 0.0016595659301852157, -0.005135785395341881], [0.0016595659301852157, 0.007310100533146562, 0.002887923268769476], [-0.005135785395341881, 0.002887923268769476, 0.00824942173596317]], "chi2_level": 0.95, "chi2_df": 3, "chi2_threshold": 7.814727903251179, "N_raw": 53, "N_roi": 50, "N_inlier": 45, "refit": true}
{"timestamp": "16:48:38.008075", "frame": 80, "mu": [-0.6395714131961696, 3.2107343206869556, 1.090517437873252], "Sigma": [[0.003134089700489436, 0.001931729893377318, 0.0193139582143625], [0.0019317298933773182, 0.007105564689490493, 0.01821388899092908], [0.0193139582143625, 0.01821388899092908, 0.21837792503890938]], "chi2_level": 0.95, "chi2_df": 3, "chi2_threshold": 7.814727903251179, "N_raw": 11, "N_roi": 11, "N_inlier": 11, "refit": true}
{"timestamp": "16:48:38.066618", "frame": 81, "mu": [-0.6500739309421162, 3.2008545657156735, 1.2929405395193339], "Sigma": [[0.011693389198287418, 0.0018622624029452446, -0.004688902063488888], [0.001862262402945244, 0.005367126161252743, 0.0033777081545254294], [-0.004688902063488888, 0.00337770815452543, 0.006903689009251252]], "chi2_level": 0.95, "chi2_df": 3, "chi2_threshold": 7.814727903251179, "N_raw": 42, "N_roi": 36, "N_inlier": 35, "refit": true}
{"timestamp": "16:48:38.122636", "frame": 82, "mu": [-0.6059041644930427, 3.2768670077020117, -0.04596839364982666], "Sigma": [[0.0170512428258056, 0.0069365060450600445, 0.023276172414731996], [0.0069365060450600445, 0.0067302809880027525, 0.019582481413140403], [0.023276172414731996, 0.019582481413140403, 0.10153365727584324]], "chi2_level": 0.95, "chi2_df": 3, "chi2_threshold": 7.814727903251179, "N_raw": 49, "N_roi": 42, "N_inlier": 40, "refit": true}
{"timestamp": "16:48:38.178860", "frame": 83, "mu": [-0.5633074371427191, 3.263337852378292, 1.3418745427275978], "Sigma": [[0.020342061739053147, 0.004540309284731989, -0.001954183537783414], [0.004540309284731989, 0.007731833044916209, 0.0035450123688397167], [-0.001954183537783414, 0.0035450123688397163, 0.0034162353290262057]], "chi2_level": 0.95, "chi2_df": 3, "chi2_threshold": 7.814727903251179, "N_raw": 59, "N_roi": 57, "N_inlier": 54, "refit": true}
{"timestamp": "16:48:38.231818", "frame": 84, "mu": [-0.5974189076860628, 3.2881273536113427, -0.007592290682426792], "Sigma": [[0.01624291528088881, 0.0014183778668408992, -0.005673184148244267], [0.0014183778668408992, 0.0030068839528094287, -0.0013775195483766533], [-0.005673184148244267, -0.0013775195483766536, 0.004562198168942581]], "chi2_level": 0.95, "chi2_df": 3, "chi2_threshold": 7.814727903251179, "N_raw": 43, "N_roi": 40, "N_inlier": 37, "refit": true}
{"timestamp": "16:48:38.289692", "frame": 85, "mu": [-0.47672744549984997, 3.2162063176636906, 0.8835111915868856], "Sigma": [[0.02222001090454237, -0.0012394206866536421, -0.020630403837222637], [-0.0012394206866536421, 0.0020635893949807194, -0.0025883311362164593], [-0.020630403837222644, -0.0025883311362164593, 0.02905223949418851]], "chi2_level": 0.95, "chi2_df": 3, "chi2_threshold": 7.814727903251179, "N_raw": 61, "N_roi": 58, "N_inlier": 54, "refit": true}
{"timestamp": "16:48:38.343286", "frame": 86, "mu": [-0.41600181268725894, 3.258729299762638, 0.9951524292838134], "Sigma": [[0.015216915598012928, 0.0022676698394782846, -0.005311207702345879], [0.002267669839478285, 0.002080732396403026, -0.0034429879540224333], [-0.0053112077023458795, -0.0034429879540224333, 0.017963805316362776]], "chi2_level": 0.95, "chi2_df": 3, "chi2_threshold": 7.814727903251179, "N_raw": 47, "N_roi": 45, "N_inlier": 42, "refit": true}
{"timestamp": "16:48:38.396957", "frame": 87, "mu": [-0.31281255153554066, 3.3420251559816543, 1.3408532440560366], "Sigma": [[0.011452568660216192, 0.0013302259905324009, 9.036750341523479e-06], [0.0013302259905324009, 0.003612958154277548, 0.00047538619585489703], [9.03675034152352e-06, 0.00047538619585489703, 0.0003173797596563499]], "chi2_level": 0.95, "chi2_df": 3, "chi2_threshold": 7.814727903251179, "N_raw": 38, "N_roi": 36, "N_inlier": 32, "refit": true}
{"timestamp": "16:48:38.448628", "frame": 88, "mu": [-0.1444730597148739, 3.373294417996066, 1.3381651564981172], "Sigma": [[0.006216339126028747, 0.0002598268920581036, 0.0004108294067756002], [0.00025982689205810355, 0.001539167028357094, -0.0007707436656092235], [0.0004108294067756002, -0.0007707436656092235, 0.0012094925352959646]], "chi2_level": 0.95, "chi2_df": 3, "chi2_threshold": 7.814727903251179, "N_raw": 22, "N_roi": 22, "N_inlier": 18, "refit": true}
{"timestamp": "16:48:38.506220", "frame": 89, "mu": [-0.17748465169627156, 3.34370966353816, 1.33612468674308], "Sigma": [[0.013420093289747243, 2.8758321977704357e-05, -0.0007906141440742437], [2.8758321977704465e-05, 0.002635368272773053, -0.00135660158379075], [-0.0007906141440742437, -0.00135660158379075, 0.0030556378428083075]], "chi2_level": 0.95, "chi2_df": 3, "chi2_threshold": 7.814727903251179, "N_raw": 42, "N_roi": 42, "N_inlier": 38, "refit": true}
{"timestamp": "16:48:38.561656", "frame": 90, "mu": [-0.1394262021497573, 3.3170174519748534, 1.1966068133016934], "Sigma": [[0.012014204266484113, 0.000440792551829171, 0.001432614721223365], [0.00044079255182917097, 0.0011695190468716198, -0.0028956536351878305], [0.001432614721223365, -0.0028956536351878305, 0.013208527661540174]], "chi2_level": 0.95, "chi2_df": 3, "chi2_threshold": 7.814727903251179, "N_raw": 41, "N_roi": 41, "N_inlier": 35, "refit": true}
{"timestamp": "16:48:38.615464", "frame": 91, "mu": [-0.10311762746546377, 3.264422536436601, 1.337299650002114], "Sigma": [[0.009976983740828152, -3.6937576518639376e-05, 0.0014718138254311538], [-3.693757651863932e-05, 0.001593298001359326, -0.0022429212120344487], [0.0014718138254311533, -0.0022429212120344487, 0.01236444549388648]], "chi2_level": 0.95, "chi2_df": 3, "chi2_threshold": 7.814727903251179, "N_raw": 28, "N_roi": 28, "N_inlier": 25, "refit": true}
{"timestamp": "16:48:38.667849", "frame": 92, "mu": [-0.03184220989452065, 3.3375259725443582, 0.8562099984551516], "Sigma": [[0.0007652534045562033, -8.56890676109613e-05, 0.00850391419755891], [-8.568906761096128e-05, 0.006386685009723483, -0.04145465351310596], [0.00850391419755891, -0.04145465351310596, 0.4689612426903568]], "chi2_level": 0.95, "chi2_df": 3, "chi2_threshold": 7.814727903251179, "N_raw": 11, "N_roi": 10, "N_inlier": 10, "refit": true}
