{"timestamp": "16:22:27.188599", "frame": 34, "mu": [-1.5340501673724836, 0.7141507684045365, 0.8637802341571925], "Sigma": [[3.380255440247777, -0.1044999359032596, 0.048630340102835595], [-0.1044999359032596, 0.01616673286739991, -0.008447907933648345], [0.04863034010283559, -0.008447907933648345, 0.00741867566669173]], "chi2_level": 0.95, "chi2_df": 3, "chi2_threshold": 7.814727903251179, "N_raw": 23, "N_roi": 22, "N_inlier": 21, "refit": true}
{"timestamp": "16:22:27.243647", "frame": 35, "mu": [-2.3506811196709707, 0.826388337310365, 0.8409409878152582], "Sigma": [[0.0032097200883408968, 0.004588079361089979, -0.0022195289867373556], [0.004588079361089979, 0.00896420146958059, -0.004996145395071046], [-0.0022195289867373556, -0.004996145395071046, 0.003566252808820091]], "chi2_level": 0.95, "chi2_df": 3, "chi2_threshold": 7.814727903251179, "N_raw": 12, "N_roi": 11, "N_inlier": 10, "refit": true}
{"timestamp": "16:22:27.356152", "frame": 37, "mu": [-2.2507260121377257, 0.8285861696296053, 1.027901342137871], "Sigma": [[0.007147655916493359, 0.008973594885347793, -0.004875682278230618], [0.008973594885347793, 0.020074757897277074, -0.012860336152818938], [-0.004875682278230618, -0.012860336152818938, 0.010394811939767644]], "chi2_level": 0.95, "chi2_df": 3, "chi2_threshold": 7.814727903251179, "N_raw": 33, "N_roi": 33, "N_inlier": 32, "refit": true}
{"timestamp": "16:22:27.462933", "frame": 39, "mu": [-2.2027981758258934, 0.8798751088479165, 1.1461196097645117], "Sigma": [[0.0064861270061564655, 0.00818992938561287, -0.005380881452916113], [0.008189929385612868, 0.01194342321917932, -0.0076076116429220405], [-0.005380881452916113, -0.0076076116429220405, 0.005569428127452927]], "chi2_level": 0.95, "chi2_df": 3, "chi2_threshold": 7.814727903251179, "N_raw": 14, "N_roi": 14, "N_inlier": 13, "refit": true}
{"timestamp": "16:22:27.682286", "frame": 43, "mu": [-2.261253682620618, 1.1399433593406123, 1.107448402129591], "Sigma": [[0.004319467889691433, 0.005060176080002014, -0.0027881195213969824], [0.005060176080002015, 0.0067123387900033795, -0.003950092463762926], [-0.0027881195213969824, -0.003950092463762926, 0.007641651609007351]], "chi2_level": 0.95, "chi2_df": 3, "chi2_threshold": 7.814727903251179, "N_raw": 14, "N_roi": 14, "N_inlier": 14, "refit": true}
{"timestamp": "16:22:27.743865", "frame": 44, "mu": [-2.2350904897718977, 1.2553305217678554, -0.45437732949060045], "Sigma": [[0.010621497478508707, 0.010228868495156718, -0.001638213665631254], [0.010228868495156716, 0.021462171439908348, -0.008523900845255374], [-0.001638213665631254, -0.008523900845255374, 0.007570905764602569]], "chi2_level": 0.95, "chi2_df": 3, "chi2_threshold": 7.814727903251179, "N_raw": 53, "N_roi": 53, "N_inlier": 49, "refit": true}
{"timestamp": "16:22:27.799535", "frame": 45, "mu": [-2.219473734524229, 1.2324948724269977, -0.36151917167829095], "Sigma": [[0.012691109676507871, 0.010823951154319139, -0.007781067324960129], [0.010823951154319137, 0.01993500756052472, -0.005835703259465599], [-0.00778106732496013, -0.005835703259465599, 0.005253927895587316]], "chi2_level": 0.95, "chi2_df": 3, "chi2_threshold": 7.814727903251179, "N_raw": 44, "N_roi": 44, "N_inlier": 43, "refit": true}
{"timestamp": "16:22:27.856380", "frame": 46, "mu": [-2.1938295835139145, 1.1771264252060702, 1.2828113509290455], "Sigma": [[0.012306644426229063, 0.006120670603765177, -0.00800635186891922], [0.006120670603765177, 0.015993009525927443, -0.009239881659146555], [-0.00800635186891922, -0.009239881659146555, 0.009480507621251527]], "chi2_level": 0.95, "chi2_df": 3, "chi2_threshold": 7.814727903251179, "N_raw": 58, "N_roi": 58, "N_inlier": 57, "refit": true}
{"timestamp": "16:22:27.907381", "frame": 47, "mu": [-2.056584042236809, 1.1647674671895045, 1.0867128570007425], "Sigma": [[0.005912798503468055, 0.005105671381245947, -0.002704045258722563], [0.005105671381245948, 0.0071864113784414685, -0.0046664987179499615], [-0.002704045258722563, -0.0046664987179499615, 0.004795400291080238]], "chi2_level": 0.95, "chi2_df": 3, "chi2_threshold": 7.814727903251179, "N_raw": 29, "N_roi": 29, "N_inlier": 29, "refit": true}
{"timestamp": "16:22:27.960739", "frame": 48, "mu": [-2.103309456299262, 1.1591185029771656, 1.129443737672533], "Sigma": [[0.002502467525144494, 0.0024556454150342025, -0.0019330435365246062], [0.0024556454150342025, 0.0028275408767202506, -0.0024792971966173475], [-0.0019330435365246062, -0.002479297196617347, 0.007299522562453603]], "chi2_level": 0.95, "chi2_df": 3, "chi2_threshold": 7.814727903251179, "N_raw": 14, "N_roi": 14, "N_inlier": 14, "refit": true}
{"timestamp": "16:22:28.014921", "frame": 49, "mu": [-2.1005000790004638, 1.195162776300764, 1.162044583375632], "Sigma": [[0.004428949347592053, 0.005195712333517554, -0.002593175201812896], [0.005195712333517554, 0.007051228929142829, -0.004364720258723115], [-0.002593175201812896, -0.004364720258723115, 0.00494530013722533]], "chi2_level": 0.95, "chi2_df": 3, "chi2_threshold": 7.814727903251179, "N_raw": 18, "N_roi": 18, "N_inlier": 18, "refit": true}
{"timestamp": "16:22:28.069925", "frame": 50, "mu": [-2.12462687416601, 1.427559853381648, 1.476900702242803], "Sigma": [[0.002201408337005236, 0.0026119838653489275, -0.0010423052435022597], [0.002611983865348928, 0.005725606454855929, -0.0018482940890993899], [-0.0010423052435022597, -0.0018482940890993899, 0.0006852744718140029]], "chi2_level": 0.95, "chi2_df": 3, "chi2_threshold": 7.814727903251179, "N_raw": 12, "N_roi": 12, "N_inlier": 11, "refit": true}
{"timestamp": "16:22:28.291143", "frame": 54, "mu": [-2.0697590620620296, 1.6270985410097034, -0.018818337743973953], "Sigma": [[0.009508223080922107, 0.009870945933532929, -0.005623734201690538], [0.009870945933532929, 0.01376183419193211, -0.00846602583698813], [-0.005623734201690539, -0.00846602583698813, 0.007564603839185015]], "chi2_level": 0.95, "chi2_df": 3, "chi2_threshold": 7.814727903251179, "N_raw": 19, "N_roi": 19, "N_inlier": 16, "refit": true}
{"timestamp": "16:22:28.345668", "frame": 55, "mu": [-2.0025064914481194, 1.6205503210251928, 1.5707991913365793], "Sigma": [[0.011394158668590884, 0.008194287610116738, -0.008356188277581937], [0.00819428761011674, 0.007555119156046052, -0.007725914006996088], [-0.008356188277581935, -0.007725914006996088, 0.009049393176106264]], "chi2_level": 0.95, "chi2_df": 3, "chi2_threshold": 7.814727903251179, "N_raw": 15, "N_roi": 15, "N_inlier": 13, "refit": true}
{"timestamp": "16:22:28.401321", "frame": 56, "mu": [-1.8899431674183353, 1.8873549574780546, -0.23487478545297724], "Sigma": [[0.04339762376032921, 0.05576448958421691, -0.1107873916918628], [0.05576448958421691, 0.07553039456551797, -0.1508955379697684], [-0.11078739169186282, -0.1508955379697684, 0.341252402803306]], "chi2_level": 0.95, "chi2_df": 3, "chi2_threshold": 7.814727903251179, "N_raw": 21, "N_roi": 21, "N_inlier": 20, "refit": true}
{"timestamp": "16:22:28.461748", "frame": 57, "mu": [-1.8646457377621686, 1.7191963822965006, 1.5237046387838953], "Sigma": [[0.017041896228167028, 0.010565746952914595, -0.014465146712325192], [0.010565746952914595, 0.010602925326797618, -0.01066561382773429], [-0.014465146712325194, -0.01066561382773429, 0.014130958244950071]], "chi2_level": 0.95, "chi2_df": 3, "chi2_threshold": 7.814727903251179, "N_raw": 54, "N_roi": 54, "N_inlier": 49, "refit": true}
{"timestamp": "16:22:28.513946", "frame": 58, "mu": [-1.9744619433871724, 1.6636707469581558, 1.4760823382298485], "Sigma": [[0.011976410654104522, 0.011137533511519065, -0.01233648248241961], [0.011137533511519065, 0.020711479669738908, -0.049383078884846277], [-0.01233648248241961, -0.049383078884846277, 0.23063888077933262]], "chi2_level": 0.95, "chi2_df": 3, "chi2_threshold": 7.814727903251179, "N_raw": 22, "N_roi": 22, "N_inlier": 22, "refit": true}
{"timestamp": "16:22:28.571560", "frame": 59, "mu": [-1.7354109638195447, 1.8390728797263607, 1.4689750656939016], "Sigma": [[0.02013423951865853, 0.013009003306757342, -0.01482481521556321], [0.013009003306757343, 0.014670958091230748, -0.009523361415376715], [-0.014824815215563211, -0.009523361415376717, 0.011554426028171735]], "chi2_level": 0.95, "chi2_df": 3, "chi2_threshold": 7.814727903251179, "N_raw": 55, "N_roi": 55, "N_inlier": 51, "refit": true}
{"timestamp": "16:22:28.625450", "frame": 60, "mu": [-1.6710084085819759, 1.9089689394029998, 1.5188426888842392], "Sigma": [[0.018656859520569745, 0.009858876050034486, -0.02275787399196107], [0.009858876050034486, 0.01259760621464823, -0.009727811856319851], [-0.02275787399196107, -0.009727811856319851, 0.029332473241822667]], "chi2_level": 0.95, "chi2_df": 3, "chi2_threshold": 7.814727903251179, "N_raw": 46, "N_roi": 46, "N_inlier": 39, "refit": true}
{"timestamp": "16:22:28.680213", "frame": 61, "mu": [-1.6085887211902052, 2.01950142495753, 1.3338796666658388], "Sigma": [[0.007588838968681114, 0.0017541075937273715, -0.005654120301044751], [0.0017541075937273715, 0.0026540849528736326, -0.005516156633333556], [-0.005654120301044751, -0.005516156633333556, 0.016125084770053793]], "chi2_level": 0.95, "chi2_df": 3, "chi2_threshold": 7.814727903251179, "N_raw": 45, "N_roi": 42, "N_inlier": 38, "refit": true}
{"timestamp": "16:22:28.736087", "frame": 62, "mu": [-1.5835778871819497, 1.9950911356952692, 1.2817700597945136], "Sigma": [[0.010390430004644399, 0.0006039668009198008, -0.005068352789777822], [0.0006039668009198009, 0.006104216499101517, -0.005058109394711827], [-0.005068352789777822, -0.005058109394711827, 0.008056395481793347]], "chi2_level": 0.95, "chi2_df": 3, "chi2_threshold": 7.814727903251179, "N_raw": 57, "N_roi": 57, "N_inlier": 56, "refit": true}
{"timestamp": "16:22:28.794098", "frame": 63, "mu": [-1.543239173709917, 2.0607048538876995, 1.4519905740951844], "Sigma": [[0.01268254975130363, 0.0007887868727972118, -0.010699228074403145], [0.0007887868727972115, 0.0078117479639404274, -0.0023920209652160537], [-0.010699228074403145, -0.0023920209652160537, 0.011004779794279246]], "chi2_level": 0.95, "chi2_df": 3, "chi2_threshold": 7.814727903251179, "N_raw": 65, "N_roi": 65, "N_inlier": 61, "refit": true}
{"timestamp": "16:22:28.842764", "frame": 64, "mu": [-1.4330040925488068, 2.1106716339516574, 1.2470172270583977], "Sigma": [[0.004073718530941753, 0.000306283969217563, -0.003626471927064473], [0.0003062839692175631, 0.0028295396507220603, -0.0023968234221741318], [-0.0036264719270644725, -0.0023968234221741318, 0.0061546582099645955]], "chi2_level": 0.95, "chi2_df": 3, "chi2_threshold": 7.814727903251179, "N_raw": 23, "N_roi": 23, "N_inlier": 20, "refit": true}
{"timestamp": "16:22:28.951555", "frame": 66, "mu": [-1.394809140699588, 2.1905997878296444, 0.8290298226524673], "Sigma": [[0.002786493783329531, 0.0001985541373031773, -0.009101515063679505], [0.0001985541373031774, 0.015873982714948488, 0.04761335033623623], [-0.009101515063679505, 0.04761335033623623, 0.33007910583167327]], "chi2_level": 0.95, "chi2_df": 3, "chi2_threshold": 7.814727903251179, "N_raw": 16, "N_roi": 16, "N_inlier": 16, "refit": true}
{"timestamp": "16:22:29.010361", "frame": 67, "mu": [-1.3301164015959148, 2.2643523031251824, 1.0478976749860525], "Sigma": [[0.0066752952507764885, 0.0011271307529348152, -0.004855650129796338], [0.0011271307529348155, 0.0026616197031817143, -0.008246478043889255], [-0.004855650129796338, -0.008246478043889255, 0.03749816923762457]], "chi2_level": 0.95, "chi2_df": 3, "chi2_threshold": 7.814727903251179, "N_raw": 48, "N_roi": 48, "N_inlier": 43, "refit": true}
{"timestamp": "16:22:29.064313", "frame": 68, "mu": [-1.3179910134078419, 2.320279398006044, 1.0152475181983418], "Sigma": [[0.007611609981830253, -0.00018244087464903277, -0.006299314984761134], [-0.00018244087464903286, 0.0018674066617679582, -0.0025438134825063836], [-0.006299314984761134, -0.0025438134825063836, 0.012503603058740756]], "chi2_level": 0.95, "chi2_df": 3, "chi2_threshold": 7.814727903251179, "N_raw": 40, "N_roi": 40, "N_inlier": 35, "refit": true}
{"timestamp": "16:22:29.114958", "frame": 69, "mu": [-1.2643236406146197, 2.4052755316897017, 0.4106245254456576], "Sigma": [[0.006858839589315214, -0.004702699913905569, 0.016499786043801513], [-0.004702699913905569, 0.006011379056329301, -0.027335612462855124], [0.016499786043801513, -0.027335612462855124, 0.1813025039141242]], "chi2_level": 0.95, "chi2_df": 3, "chi2_threshold": 7.814727903251179, "N_raw": 10, "N_roi": 10, "N_inlier": 10, "refit": true}
{"timestamp": "16:22:29.178042", "frame": 70, "mu": [-1.2083688313166154, 2.401363327435409, 1.0819111586839276], "Sigma": [[0.007691472851508525, 0.0023647675892643867, -0.007615209234427328], [0.0023647675892643867, 0.003084791137619132, -0.008026986956229913], [-0.007615209234427328, -0.008026986956229913, 0.044565845954428265]], "chi2_level": 0.95, "chi2_df": 3, "chi2_threshold": 7.814727903251179, "N_raw": 63, "N_roi": 63, "N_inlier": 58, "refit": true}
{"timestamp": "16:22:29.234976", "frame": 71, "mu": [-1.20227520608312, 2.4707376142007074, 0.6820043861476313], "Sigma": [[0.01635151810064455, 0.0013169901912898337, 0.030383224459387355], [0.0013169901912898335, 0.0034168745186176986, -0.008048109622913897], [0.030383224459387355, -0.008048109622913897, 0.225799899017386]], "chi2_level": 0.95, "chi2_df": 3, "chi2_threshold": 7.814727903251179, "N_raw": 76, "N_roi": 75, "N_inlier": 72, "refit": true}
{"timestamp": "16:22:29.289368", "frame": 72, "mu": [-1.2458986640222824, 2.547362616633283, 0.6511367200863556], "Sigma": [[0.013591933724976276, -0.0019375295405463931, 0.024252471019214596], [-0.0019375295405463931, 0.0038182322440220426, -0.01605341555528504], [0.024252471019214596, -0.01605341555528504, 0.4218770124842593]], "chi2_level": 0.95, "chi2_df": 3, "chi2_threshold": 7.814727903251179, "N_raw": 69, "N_roi": 69, "N_inlier": 67, "refit": true}
{"timestamp": "16:22:29.339979", "frame": 73, "mu": [-1.1029727425047169, 2.530538014617473, 0.9071898528379149], "Sigma": [[0.005248356400124744, 0.00151255270104988, -0.001872634872290929], [0.00151255270104988, 0.006411617077267585, -0.028364260332516447], [-0.0018726348722909307, -0.028364260332516447, 0.17164649976277327]], "chi2_level": 0.95, "chi2_df": 3, "chi2_threshold": 7.814727903251179, "N_raw": 33, "N_roi": 33, "N_inlier": 30, "refit": true}
{"timestamp": "16:22:29.389948", "frame": 74, "mu": [-1.1324122396601586, 2.619135293853272, 0.7464386836649655], "Sigma": [[0.005752495854913193, 0.00045167331982936404, 0.014379191810817345], [0.00045167331982936404, 0.005988657375479199, -0.012059426573915118], [0.014379191810817345, -0.012059426573915115, 0.3858365256225408]], "chi2_level": 0.95, "chi2_df": 3, "chi2_threshold": 7.814727903251179, "N_raw": 11, "N_roi": 11, "N_inlier": 11, "refit": true}
{"timestamp": "16:22:29.504928", "frame": 76, "mu": [-1.0487016342656852, 2.6810613695382224, 1.2278986575441952], "Sigma": [[0.010899059424525672, 0.0012268834025032994, -0.011666875802321678], [0.0012268834025032991, 0.0025766456301943123, -0.0045487516750197625], [-0.01166687580232168, -0.004548751675019761, 0.023775051159289726]], "chi2_level": 0.95, "chi2_df": 3, "chi2_threshold": 7.814727903251179, "N_raw": 48, "N_roi": 48, "N_inlier": 44, "refit": true}
{"timestamp": "16:22:29.558599", "frame": 77, "mu": [-0.9876835136634272, 2.7212578638814175, 1.0301932316559188], "Sigma": [[0.008121350547023136, 0.0005318772331103727, -0.007574706633081279], [0.0005318772331103727, 0.0004288577463647992, -0.002039959196967608], [-0.007574706633081279, -0.002039959196967608, 0.02451677063357888]], "chi2_level": 0.95, "chi2_df": 3, "chi2_threshold": 7.814727903251179, "N_raw": 28, "N_roi": 28, "N_inlier": 24, "refit": true}
{"timestamp": "16:22:29.613989", "frame": 78, "mu": [-1.0172963252927816, 2.785467774701043, 1.3749212610646375], "Sigma": [[0.012597537799204089, 0.00014011315243936108, -0.01140071888901395], [0.00014011315243936108, 0.002373347761822949, -0.0024124569970771226], [-0.01140071888901395, -0.0024124569970771226, 0.014577370255910405]], "chi2_level": 0.95, "chi2_df": 3, "chi2_threshold": 7.814727903251179, "N_raw": 43, "N_roi": 43, "N_inlier": 39, "refit": true}
{"timestamp": "16:22:29.672357", "frame": 79, "mu": [-0.967385450056419, 2.817615739721792, 1.328745465702612], "Sigma": [[0.012960885524756867, -0.0014100763989867997, -0.013808641812703552], [-0.0014100763989867999, 0.0026376862568829778, -0.002114927108182103], [-0.013808641812703554, -0.002114927108182103, 0.02867651526311167]], "chi2_level": 0.95, "chi2_df": 3, "chi2_threshold": 7.814727903251179, "N_raw": 57, "N_roi": 56, "N_inlier": 50, "refit": true}
{"timestamp": "16:22:29.732335", "frame": 80, "mu": [-1.0135893512134104, 2.8160149673121784, 0.8535345894993238], "Sigma": [[0.03535378067722675, 0.009723979222393767, 0.06373776334478971], [0.009723979222393767, 0.004454433211150471, 0.024491800299178364], [0.06373776334478971, 0.024491800299178364, 0.27658609695866193]], "chi2_level": 0.95, "chi2_df": 3, "chi2_threshold": 7.814727903251179, "N_raw": 94, "N_roi": 94, "N_inlier": 91, "refit": true}
{"timestamp": "16:22:29.782729", "frame": 81, "mu": [-0.8157924952161563, 2.872083852975005, 1.0818350771525307], "Sigma": [[0.014258348966205503, -0.0007637105200867957, -0.014016436006889463], [-0.0007637105200867957, 0.002555595907573962, -0.00324227876813925], [-0.014016436006889463, -0.00324227876813925, 0.022165210959804376]], "chi2_level": 0.95, "chi2_df": 3, "chi2_threshold": 7.814727903251179, "N_raw": 62, "N_roi": 62, "N_inlier": 55, "refit": true}
{"timestamp": "16:22:29.835253", "frame": 82, "mu": [-0.9681463857130912, 2.8684986526935483, 0.5630817246519244], "Sigma": [[0.03443346525737674, 0.0019974554938681265, 0.06314181106345175], [0.001997455493868127, 0.0018897881838707412, -0.006646735032306922], [0.06314181106345175, -0.006646735032306922, 0.21527566878589438]], "chi2_level": 0.95, "chi2_df": 3, "chi2_threshold": 7.814727903251179, "N_raw": 46, "N_roi": 46, "N_inlier": 43, "refit": true}
{"timestamp": "16:22:29.896025", "frame": 83, "mu": [-0.7597615885769425, 3.125260219817512, -0.37359511325347283], "Sigma": [[0.0143310440918315, -0.012920876025572766, 0.06125607699218772], [-0.012920876025572766, 0.04454945697836043, -0.11058256325129351], [0.06125607699218772, -0.11058256325129351, 0.454912654845762]], "chi2_level": 0.95, "chi2_df": 3, "chi2_threshold": 7.814727903251179, "N_raw": 88, "N_roi": 88, "N_inlier": 87, "refit": true}
{"timestamp": "16:22:29.955674", "frame": 84, "mu": [-0.7841887600848741, 3.134028365170715, -0.029265623710529976], "Sigma": [[0.017957681541285755, -0.014390311779058728, 0.07475995008901462], [-0.014390311779058728, 0.02863385089908911, -0.09656019291855943], [0.07475995008901462, -0.09656019291855943, 0.5161463571520537]], "chi2_level": 0.95, "chi2_df": 3, "chi2_threshold": 7.814727903251179, "N_raw": 115, "N_roi": 115, "N_inlier": 106, "refit": true}
{"timestamp": "16:22:30.005764", "frame": 85, "mu": [-0.7530612615935247, 3.076990865405139, 0.8657200253154023], "Sigma": [[0.013990915233495537, 0.00043219086803476564, -0.010701346210325072], [0.00043219086803476564, 0.0049954930659407175, -0.03716809062356083], [-0.01070134621032507, -0.03716809062356083, 0.35043036056366694]], "chi2_level": 0.95, "chi2_df": 3, "chi2_threshold": 7.814727903251179, "N_raw": 83, "N_roi": 82, "N_inlier": 80, "refit": true}
{"timestamp": "16:22:30.055305", "frame": 86, "mu": [-0.6095957360428124, 3.0381215140089637, 1.3524948884150196], "Sigma": [[0.010553546868945432, -0.000705935395811266, -0.010547214565057248], [-0.0007059353958112661, 0.002783288205972739, -0.00032728603859276016], [-0.01054721456505725, -0.0003272860385927601, 0.012846593709864075]], "chi2_level": 0.95, "chi2_df": 3, "chi2_threshold": 7.814727903251179, "N_raw": 39, "N_roi": 39, "N_inlier": 34, "refit": true}
{"timestamp": "16:22:30.111847", "frame": 87, "mu": [-0.6593452329568645, 3.085630695372336, 1.2091951692445055], "Sigma": [[0.016302928428765726, -0.0009621967895321495, -0.012341947126763585], [-0.0009621967895321494, 0.0026788702407448545, -0.004141941892763454], [-0.012341947126763585, -0.004141941892763454, 0.02380811970246231]], "chi2_level": 0.95, "chi2_df": 3, "chi2_threshold": 7.814727903251179, "N_raw": 60, "N_roi": 60, "N_inlier": 56, "refit": true}
{"timestamp": "16:22:30.173616", "frame": 88, "mu": [-0.5990454335101827, 3.290398295465886, -0.08752492023351764], "Sigma": [[0.017614317046476615, -0.011315826830226132, 0.05666162053568673], [-0.011315826830226132, 0.04218256945196358, -0.08991874578903858], [0.05666162053568672, -0.08991874578903858, 0.48356530459042407]], "chi2_level": 0.95, "chi2_df": 3, "chi2_threshold": 7.814727903251179, "N_raw": 102, "N_roi": 102, "N_inlier": 101, "refit": true}
{"timestamp": "16:22:30.223699", "frame": 89, "mu": [-0.5442209325542433, 2.6490534845449467, -0.20510025142313576], "Sigma": [[0.017869286797643394, -0.03573444989302143, -0.056111581274171644], [-0.03573444989302143, 0.6567442546516652, 0.6470926091747187], [-0.056111581274171644, 0.6470926091747187, 0.7746882307317667]], "chi2_level": 0.95, "chi2_df": 3, "chi2_threshold": 7.814727903251179, "N_raw": 65, "N_roi": 65, "N_inlier": 62, "refit": true}
{"timestamp": "16:22:30.275276", "frame": 90, "mu": [-0.5358867525844776, 3.2351716784556475, 1.3479340300296887], "Sigma": [[0.011430040957199553, 8.578182420438525e-05, -0.0026192101959603012], [8.578182420438528e-05, 0.0016427383684290554, -0.0031737817043312492], [-0.0026192101959603017, -0.0031737817043312492, 0.014438503773491105]], "chi2_level": 0.95, "chi2_df": 3, "chi2_threshold": 7.814727903251179, "N_raw": 41, "N_roi": 37, "N_inlier": 32, "refit": true}
{"timestamp": "16:22:30.329436", "frame": 91, "mu": [-0.5050680261453124, 3.331451606769371, -0.019395914439458897], "Sigma": [[0.017150733112439667, -0.0016678093127143398, -0.005716204365873805], [-0.0016678093127143398, 0.0040359748124639055, -0.0034010796341676394], [-0.005716204365873806, -0.003401079634167639, 0.028962170534343287]], "chi2_level": 0.95, "chi2_df": 3, "chi2_threshold": 7.814727903251179, "N_raw": 37, "N_roi": 37, "N_inlier": 34, "refit": true}
{"timestamp": "16:22:30.394069", "frame": 92, "mu": [-0.5043939411867484, 3.405557819143161, 0.8894822679264179], "Sigma": [[0.02041691352582082, -0.0005711295583746255, -0.03736503336831039], [-0.0005711295583746254, 0.006240749558765492, 0.008686897963599147], [-0.03736503336831039, 0.008686897963599147, 0.5419896663056026]], "chi2_level": 0.95, "chi2_df": 3, "chi2_threshold": 7.814727903251179, "N_raw": 103, "N_roi": 103, "N_inlier": 97, "refit": true}
{"timestamp": "16:22:30.447385", "frame": 93, "mu": [-0.4736637987468199, 3.4489195852088916, 0.7333412927507296], "Sigma": [[0.02035025813061015, -0.003779255064743159, 0.019929622137177087], [-0.0037792550647431588, 0.006689626847508207, -0.02802268759629548], [0.019929622137177087, -0.028022687596295483, 0.36575121148606665]], "chi2_level": 0.95, "chi2_df": 3, "chi2_threshold": 7.814727903251179, "N_raw": 85, "N_roi": 85, "N_inlier": 84, "refit": true}
{"timestamp": "16:22:30.499608", "frame": 94, "mu": [-0.4592755158513186, 3.5093056045655224, 0.7221205357647669], "Sigma": [[0.01467600135607366, -0.001608363126491044, -0.00139223213983524], [-0.001608363126491044, 0.002591470260895461, 0.008315126340395067], [-0.0013922321398352408, 0.008315126340395067, 0.5016093244526465]], "chi2_level": 0.95, "chi2_df": 3, "chi2_threshold": 7.814727903251179, "N_raw": 73, "N_roi": 73, "N_inlier": 72, "refit": true}
{"timestamp": "16:22:30.557491", "frame": 95, "mu": [-0.4137598973637581, 3.5123906310761273, 0.6935944471443799], "Sigma": [[0.024565717011531787, -0.0038211480124164714, 0.032816828308575616], [-0.0038211480124164714, 0.003732575101551146, -0.008597897759634812], [0.032816828308575616, -0.008597897759634815, 0.3975726329420735]], "chi2_level": 0.95, "chi2_df": 3, "chi2_threshold": 7.814727903251179, "N_raw": 96, "N_roi": 96, "N_inlier": 95, "refit": true}
{"timestamp": "16:22:30.610061", "frame": 96, "mu": [-0.3806033195321865, 3.14952451770153, 0.20710478050914938], "Sigma": [[0.019822593626062694, 0.009114902994800994, 0.04739793434696812], [0.009114902994800991, 0.8555666502479683, 0.9078356817026607], [0.04739793434696812, 0.9078356817026607, 1.317738649132761]], "chi2_level": 0.95, "chi2_df": 3, "chi2_threshold": 7.814727903251179, "N_raw": 60, "N_roi": 60, "N_inlier": 59, "refit": true}
{"timestamp": "16:22:30.662173", "frame": 97, "mu": [-0.3705628223486085, 3.590194761761589, 0.6342587758403171], "Sigma": [[0.021472665056810517, 0.0027823745575688676, 0.023817665896082613], [0.0027823745575688676, 0.003980333618938782, 0.040988624473101073], [0.023817665896082613, 0.040988624473101073, 0.6788498419563254]], "chi2_level": 0.95, "chi2_df": 3, "chi2_threshold": 7.814727903251179, "N_raw": 60, "N_roi": 60, "N_inlier": 57, "refit": true}
{"timestamp": "16:22:30.720961", "frame": 98, "mu": [-0.3053951009477852, 3.644420633293043, 0.6146733780160725], "Sigma": [[0.022385295081769785, -0.0055015417122841505, 0.027674193656680002], [-0.0055015417122841505, 0.010109362172980025, -0.04728953532322753], [0.027674193656680002, -0.04728953532322753, 0.282393748829413]], "chi2_level": 0.95, "chi2_df": 3, "chi2_threshold": 7.814727903251179, "N_raw": 81, "N_roi": 81, "N_inlier": 80, "refit": true}
{"timestamp": "16:22:30.773926", "frame": 99, "mu": [-0.23620718985303749, 3.6519243571699254, 1.3394124674217869], "Sigma": [[0.021329680737344196, -0.00456535324831366, -0.010192881849645386], [-0.004565353248313661, 0.008826660879818071, 0.004972573984685311], [-0.010192881849645386, 0.004972573984685311, 0.007118937181593776]], "chi2_level": 0.95, "chi2_df": 3, "chi2_threshold": 7.814727903251179, "N_raw": 65, "N_roi": 65, "N_inlier": 61, "refit": true}
{"timestamp": "16:22:30.892763", "frame": 100, "mu": [-0.26122874253606165, 4.039855563642098, -0.6523793910449516], "Sigma": [[0.008976804040349543, -0.005800877244035644, 0.016697103883351928], [-0.005800877244035645, 0.042455753752902205, -0.12112636122348945], [0.016697103883351928, -0.12112636122348944, 0.4298444874747842]], "chi2_level": 0.95, "chi2_df": 3, "chi2_threshold": 7.814727903251179, "N_raw": 21, "N_roi": 21, "N_inlier": 21, "refit": true}
{"timestamp": "16:22:30.915034", "frame": 101, "mu": [-0.20853148261767052, 3.7495785364598517, 0.9559292011479937], "Sigma": [[0.016450701273713682, -0.0026820968044347837, 0.016847997030549216], [-0.0026820968044347837, 0.00279267906562189, -0.011986102009300146], [0.016847997030549216, -0.011986102009300146, 0.14535058683131236]], "chi2_level": 0.95, "chi2_df": 3, "chi2_threshold": 7.814727903251179, "N_raw": 56, "N_roi": 55, "N_inlier": 53, "refit": true}
{"timestamp": "16:22:30.948067", "frame": 102, "mu": [-0.15949520814389703, 3.773729616988016, 1.2078292156639976], "Sigma": [[0.010990090803268173, -0.0021247185396475877, 0.006095728277224085], [-0.002124718539647588, 0.0011546766981891938, -0.003096239297883617], [0.006095728277224085, -0.003096239297883617, 0.07412285672186815]], "chi2_level": 0.95, "chi2_df": 3, "chi2_threshold": 7.814727903251179, "N_raw": 25, "N_roi": 25, "N_inlier": 23, "refit": true}
{"timestamp": "16:22:30.991455", "frame": 103, "mu": [-0.0734671286272921, 3.8343761864871304, 1.3744462050634358], "Sigma": [[0.018793199093201013, -0.0030138489631689838, -0.009949740411420046], [-0.0030138489631689838, 0.004537410827565989, -0.001710869559026656], [-0.009949740411420046, -0.001710869559026656, 0.01369380395772957]], "chi2_level": 0.95, "chi2_df": 3, "chi2_threshold": 7.814727903251179, "N_raw": 52, "N_roi": 52, "N_inlier": 51, "refit": true}
{"timestamp": "16:22:31.044524", "frame": 104, "mu": [-0.18104731086429093, 4.032390665393135, -0.08841388257906381], "Sigma": [[0.024819188280012817, -0.011416742400436483, 0.03275705903351418], [-0.011416742400436483, 0.009377358471693088, -0.027773918639107345], [0.03275705903351418, -0.027773918639107345, 0.08745207692170207]], "chi2_level": 0.95, "chi2_df": 3, "chi2_threshold": 7.814727903251179, "N_raw": 41, "N_roi": 38, "N_inlier": 37, "refit": true}
{"timestamp": "16:22:31.101517", "frame": 105, "mu": [0.034677555828380294, 3.910230483234123, 1.2250958540121866], "Sigma": [[0.019040613906414205, -0.0020070629431953643, -0.004315649851048696], [-0.0020070629431953643, 0.003126617996376248, -0.006838942523364802], [-0.004315649851048697, -0.006838942523364802, 0.027235056834935826]], "chi2_level": 0.95, "chi2_df": 3, "chi2_threshold": 7.814727903251179, "N_raw": 57, "N_roi": 57, "N_inlier": 56, "refit": true}
{"timestamp": "16:22:31.154107", "frame": 106, "mu": [0.06334649119506777, 3.9617369344481825, 1.5378941471630976], "Sigma": [[0.014242465071914893, -0.0010714150632840241, -0.013471555345503974], [-0.001071415063284024, 0.0035993948993087587, 0.003641013605801149], [-0.013471555345503974, 0.003641013605801149, 0.016378990556587085]], "chi2_level": 0.95, "chi2_df": 3, "chi2_threshold": 7.814727903251179, "N_raw": 35, "N_roi": 35, "N_inlier": 32, "refit": true}
{"timestamp": "16:22:31.211168", "frame": 107, "mu": [0.0519695814193386, 3.978628324111801, 1.1515619942745854], "Sigma": [[0.022448720352311678, -0.0015123958084638268, -0.009725704521174773], [-0.0015123958084638266, 0.00475405220950045, 7.825360763854968e-05], [-0.009725704521174773, 7.825360763854966e-05, 0.006517493366235254]], "chi2_level": 0.95, "chi2_df": 3, "chi2_threshold": 7.814727903251179, "N_raw": 53, "N_roi": 53, "N_inlier": 51, "refit": true}
{"timestamp": "16:22:31.265604", "frame": 108, "mu": [0.16681325222146048, 4.000061672845973, 1.3566013188797212], "Sigma": [[0.0191248073584996, -0.001928595768959617, -0.013681743704280982], [-0.0019285957689596169, 0.004556363360657475, 0.0028793608634668268], [-0.013681743704280982, 0.0028793608634668263, 0.01350037181350878]], "chi2_level": 0.95, "chi2_df": 3, "chi2_threshold": 7.814727903251179, "N_raw": 45, "N_roi": 45, "N_inlier": 42, "refit": true}
{"timestamp": "16:22:31.314727", "frame": 109, "mu": [0.13692174238446025, 4.136602775346783, 0.9613142388105631], "Sigma": [[0.007213173726202037, -0.008803385379549961, 0.021603978035812633], [-0.008803385379549961, 0.01576878295683387, -0.03762230080174396], [0.021603978035812633, -0.03762230080174396, 0.15985892431297302]], "chi2_level": 0.95, "chi2_df": 3, "chi2_threshold": 7.814727903251179, "N_raw": 11, "N_roi": 11, "N_inlier": 11, "refit": true}
{"timestamp": "16:22:31.373790", "frame": 110, "mu": [0.15474906076145678, 4.0664850514944435, 1.368997413468181], "Sigma": [[0.014822358450075375, -0.0027192911384308046, -0.00440547634282192], [-0.0027192911384308046, 0.003939568449105703, -0.002761415863650381], [-0.00440547634282192, -0.002761415863650381, 0.025783766350527596]], "chi2_level": 0.95, "chi2_df": 3, "chi2_threshold": 7.814727903251179, "N_raw": 40, "N_roi": 40, "N_inlier": 36, "refit": true}
{"timestamp": "16:22:31.428241", "frame": 111, "mu": [0.27281289933252667, 4.2904093939731, -0.20468328725704563], "Sigma": [[0.007857638749816296, 0.006890557451755288, -0.03500833321674367], [0.006890557451755288, 0.0268038429238842, -0.11206666543993671], [-0.03500833321674367, -0.11206666543993671, 0.5150246939324886]], "chi2_level": 0.95, "chi2_df": 3, "chi2_threshold": 7.814727903251179, "N_raw": 31, "N_roi": 31, "N_inlier": 30, "refit": true}
{"timestamp": "16:22:31.480014", "frame": 112, "mu": [0.22623538717368824, 3.53322795227314, 0.00830953761450201], "Sigma": [[0.001226955026949175, 0.018737756657170472, 0.03189110023017108], [0.018737756657170472, 0.8368161689783539, 1.355221823364575], [0.03189110023017108, 1.355221823364575, 2.3759342674632062]], "chi2_level": 0.95, "chi2_df": 3, "chi2_threshold": 7.814727903251179, "N_raw": 11, "N_roi": 11, "N_inlier": 10, "refit": true}
{"timestamp": "16:22:31.590831", "frame": 114, "mu": [0.2566934183589619, 4.27336917137799, 1.4100060676800117], "Sigma": [[0.00874495242012715, -0.002305178621171982, -0.0063141170324199445], [-0.002305178621171982, 0.002418727777119029, -0.0011038287801140028], [-0.0063141170324199445, -0.0011038287801140028, 0.013821655795229528]], "chi2_level": 0.95, "chi2_df": 3, "chi2_threshold": 7.814727903251179, "N_raw": 22, "N_roi": 22, "N_inlier": 19, "refit": true}
{"timestamp": "16:22:31.755199", "frame": 117, "mu": [0.38356854376276023, 4.4308854482903755, 1.2261402943365884], "Sigma": [[0.010853955567169027, -0.0017651660244364857, -0.010487736329006448], [-0.001765166024436486, 0.00600032872119718, -0.004132493130287197], [-0.010487736329006448, -0.004132493130287198, 0.02771348716574902]], "chi2_level": 0.95, "chi2_df": 3, "chi2_threshold": 7.814727903251179, "N_raw": 18, "N_roi": 18, "N_inlier": 17, "refit": true}
{"timestamp": "16:22:31.811555", "frame": 118, "mu": [0.4287607808322032, 4.431374301188087, 1.2114451092114973], "Sigma": [[0.01393016325467246, -0.002104037105501605, -0.008560094138025644], [-0.002104037105501605, 0.0031612297991613727, 0.0008795369511609791], [-0.008560094138025644, 0.0008795369511609795, 0.007512748069255421]], "chi2_level": 0.95, "chi2_df": 3, "chi2_threshold": 7.814727903251179, "N_raw": 26, "N_roi": 26, "N_inlier": 25, "refit": true}
{"timestamp": "16:22:31.868062", "frame": 119, "mu": [0.4440511647551383, 4.458661711068437, 1.2240583490057708], "Sigma": [[0.016515249237238322, -0.002431419421778216, -0.009951011650971519], [-0.002431419421778216, 0.003421626423381878, 0.0005219739405575745], [-0.009951011650971519, 0.0005219739405575744, 0.007720701258831657]], "chi2_level": 0.95, "chi2_df": 3, "chi2_threshold": 7.814727903251179, "N_raw": 33, "N_roi": 33, "N_inlier": 32, "refit": true}
{"timestamp": "16:22:31.919873", "frame": 120, "mu": [0.4108504287510015, 4.562195823698886, 1.3336250942645393], "Sigma": [[0.01100676513887341, -0.0030362274422670796, -0.011750528880039303], [-0.0030362274422670796, 0.0034646059613971936, 0.0021903986777281025], [-0.011750528880039303, 0.002190398677728103, 0.03651494508766]], "chi2_level": 0.95, "chi2_df": 3, "chi2_threshold": 7.814727903251179, "N_raw": 14, "N_roi": 14, "N_inlier": 13, "refit": true}
{"timestamp": "16:22:32.088310", "frame": 123, "mu": [0.5584654906752403, 4.610838680233838, 1.0886310390849403], "Sigma": [[0.02171166759635651, -0.004065992780670888, -0.006378612437285257], [-0.004065992780670888, 0.0038641982678222957, 0.0014829476515404263], [-0.006378612437285257, 0.0014829476515404263, 0.008930672226476444]], "chi2_level": 0.95, "chi2_df": 3, "chi2_threshold": 7.814727903251179, "N_raw": 36, "N_roi": 36, "N_inlier": 34, "refit": true}
{"timestamp": "16:22:32.141767", "frame": 124, "mu": [0.5558335638000095, 4.631046293844576, 1.0286835834273542], "Sigma": [[0.00974734363995074, -0.0027637860267125274, 0.001110987901955937], [-0.0027637860267125274, 0.002823963257684421, -0.003511435829329998], [0.0011109879019559358, -0.0035114358293299973, 0.07596027460727618]], "chi2_level": 0.95, "chi2_df": 3, "chi2_threshold": 7.814727903251179, "N_raw": 16, "N_roi": 16, "N_inlier": 15, "refit": true}
{"timestamp": "16:22:32.252185", "frame": 126, "mu": [0.571508568113168, 4.688999949104252, 1.183930283870512], "Sigma": [[0.00973201412362931, -0.0027541641000189045, -0.005489829050230849], [-0.0027541641000189045, 0.0028664440994728025, 0.00023226073834218706], [-0.005489829050230849, 0.00023226073834218706, 0.012010288466152456]], "chi2_level": 0.95, "chi2_df": 3, "chi2_threshold": 7.814727903251179, "N_raw": 20, "N_roi": 18, "N_inlier": 16, "refit": true}
{"timestamp": "16:22:32.305108", "frame": 127, "mu": [0.5648772130257114, 4.769568756063128, 1.1949470013138381], "Sigma": [[0.009334848030092956, -0.002985730883548589, -0.0034357490567160937], [-0.002985730883548589, 0.0028868498593723458, -0.00017852722319612613], [-0.0034357490567160937, -0.0001785272231961259, 0.013835546200968407]], "chi2_level": 0.95, "chi2_df": 3, "chi2_threshold": 7.814727903251179, "N_raw": 17, "N_roi": 14, "N_inlier": 12, "refit": true}
{"timestamp": "16:22:32.363927", "frame": 128, "mu": [0.635206670682179, 4.802799439918769, 0.9172156780880899], "Sigma": [[0.015091992632069217, -0.0035074490178886126, 0.0020428326083443936], [-0.0035074490178886126, 0.002476939488147616, -0.007217586775213425], [0.0020428326083443953, -0.007217586775213425, 0.03912358631619387]], "chi2_level": 0.95, "chi2_df": 3, "chi2_threshold": 7.814727903251179, "N_raw": 38, "N_roi": 33, "N_inlier": 33, "refit": true}
{"timestamp": "16:22:33.142368", "frame": 141, "mu": [0.9887821471045022, 4.951827970424484, 0.4553698402315334], "Sigma": [[0.019255501279144997, 0.0007593268080872697, -0.011714111490708851], [0.0007593268080872698, 0.0007942892973320812, -0.0008510910779778089], [-0.011714111490708851, -0.0008510910779778089, 0.008609407815695493]], "chi2_level": 0.95, "chi2_df": 3, "chi2_threshold": 7.814727903251179, "N_raw": 30, "N_roi": 13, "N_inlier": 13, "refit": true}
