{"timestamp": "16:18:15.513163", "frame": 19, "mu": [2.3867962875055024, 2.315817904629213, 1.314740508502905], "Sigma": [[0.006804594443551412, -0.006642672877760308, -0.0037326587549392637], [-0.006642672877760306, 0.008227913375100322, -0.0005155423833302115], [-0.0037326587549392637, -0.0005155423833302117, 0.026446679846269545]], "chi2_level": 0.95, "chi2_df": 3, "chi2_threshold": 7.814727903251179, "N_raw": 26, "N_roi": 18, "N_inlier": 18, "refit": true}
{"timestamp": "16:18:15.621276", "frame": 21, "mu": [2.378913721811975, 2.4281010396238303, -0.4006489117904553], "Sigma": [[0.003710156707641097, -0.003506496761289125, -0.0019904855324152037], [-0.003506496761289125, 0.010112800334754793, -0.01036613255670008], [-0.0019904855324152032, -0.01036613255670008, 0.051498323545003666]], "chi2_level": 0.95, "chi2_df": 3, "chi2_threshold": 7.814727903251179, "N_raw": 18, "N_roi": 14, "N_inlier": 13, "refit": true}
{"timestamp": "16:18:15.785524", "frame": 24, "mu": [2.3636784847287724, 2.14399316947267, 0.9323206727430275], "Sigma": [[0.0062064095670353835, -0.007935272376233853, -0.001249961230691197], [-0.007935272376233853, 0.011792842413465123, 0.0005326599381929128], [-0.0012499612306911972, 0.0005326599381929128, 0.005011927622689524]], "chi2_level": 0.95, "chi2_df": 3, "chi2_threshold": 7.814727903251179, "N_raw": 17, "N_roi": 12, "N_inlier": 11, "refit": true}
{"timestamp": "16:18:15.842798", "frame": 25, "mu": [2.2828261029726913, 2.2251895759215925, 1.1746231664103286], "Sigma": [[0.011356827666074739, -0.01165744399456697, -0.008969691754619105], [-0.01165744399456697, 0.012363282915658148, 0.007373476218152977], [-0.008969691754619105, 0.007373476218152977, 0.02386226210597653]], "chi2_level": 0.95, "chi2_df": 3, "chi2_threshold": 7.814727903251179, "N_raw": 32, "N_roi": 28, "N_inlier": 26, "refit": true}
{"timestamp": "16:18:16.174194", "frame": 31, "mu": [2.0740784865247632, 2.0649452695258628, 1.3296554780883558], "Sigma": [[0.006975786349769214, -0.0051908288813115495, -0.0025597407931866314], [-0.00519082888131155, 0.005246589425361844, 0.00032843991855491706], [-0.0025597407931866314, 0.00032843991855491695, 0.004639472392510108]], "chi2_level": 0.95, "chi2_df": 3, "chi2_threshold": 7.814727903251179, "N_raw": 20, "N_roi": 20, "N_inlier": 19, "refit": true}
{"timestamp": "16:18:16.231549", "frame": 32, "mu": [1.9687849645084632, 1.806372111981211, 0.7275302159854743], "Sigma": [[0.01004099091859737, -0.007398988653725991, 0.0015894171410321168], [-0.007398988653725991, 0.009456026422789688, -0.00310690239146177], [0.0015894171410321168, -0.00310690239146177, 0.0011893840986978426]], "chi2_level": 0.95, "chi2_df": 3, "chi2_threshold": 7.814727903251179, "N_raw": 39, "N_roi": 35, "N_inlier": 34, "refit": true}
{"timestamp": "16:18:16.286108", "frame": 33, "mu": [1.964065339821083, 1.9993005509579487, 1.1427096332823343], "Sigma": [[0.00954519454038159, -0.0034150293975329644, 0.004180131269693677], [-0.0034150293975329644, 0.00453698502525163, -0.003925955383763775], [0.004180131269693677, -0.003925955383763775, 0.004775034022023659]], "chi2_level": 0.95, "chi2_df": 3, "chi2_threshold": 7.814727903251179, "N_raw": 37, "N_roi": 35, "N_inlier": 33, "refit": true}
{"timestamp": "16:18:16.506867", "frame": 37, "mu": [1.756378687581078, 2.1470793416808447, 1.1935855348956483], "Sigma": [[0.010033487558924662, -0.006126380273785387, -0.0010367130850073565], [-0.006126380273785387, 0.008808234812382316, -0.0010605186782789728], [-0.0010367130850073565, -0.0010605186782789728, 0.0035296842463312097]], "chi2_level": 0.95, "chi2_df": 3, "chi2_threshold": 7.814727903251179, "N_raw": 44, "N_roi": 44, "N_inlier": 42, "refit": true}
{"timestamp": "16:18:16.558111", "frame": 38, "mu": [1.6481866463703367, 2.1567639414896154, 1.2693507982186127], "Sigma": [[0.003906044753574287, -0.00406419112295075, -0.0022306015635876917], [-0.00406419112295075, 0.00885568603508233, 0.004786291608100939], [-0.002230601563587692, 0.0047862916081009375, 0.0036186399076791856]], "chi2_level": 0.95, "chi2_df": 3, "chi2_threshold": 7.814727903251179, "N_raw": 19, "N_roi": 19, "N_inlier": 18, "refit": true}
{"timestamp": "16:18:16.616912", "frame": 39, "mu": [1.6489474530313868, 2.007598738910971, 0.9849848871970934], "Sigma": [[0.010732751826969696, 0.003257475150821948, 0.011708432753522697], [0.003257475150821948, 0.0053019237088159634, 0.002896606219571534], [0.011708432753522697, 0.0028966062195715336, 0.016027068437105094]], "chi2_level": 0.95, "chi2_df": 3, "chi2_threshold": 7.814727903251179, "N_raw": 41, "N_roi": 41, "N_inlier": 38, "refit": true}
{"timestamp": "16:18:16.887761", "frame": 44, "mu": [1.3903992485336294, 2.176966685533785, 1.2813839336426869], "Sigma": [[0.003912454105273245, -0.002572653315439987, -0.004220817124198626], [-0.002572653315439987, 0.003264882760744067, 0.004162738598981082], [-0.004220817124198626, 0.004162738598981081, 0.01660780663015729]], "chi2_level": 0.95, "chi2_df": 3, "chi2_threshold": 7.814727903251179, "N_raw": 18, "N_roi": 18, "N_inlier": 17, "refit": true}
{"timestamp": "16:18:16.951337", "frame": 45, "mu": [1.3745346763780333, 2.1080946900382043, 0.9987178906365471], "Sigma": [[0.01724316051357567, -0.017287073832253533, -0.03143591816164266], [-0.017287073832253533, 0.018845565803101615, 0.03608913445110185], [-0.03143591816164266, 0.03608913445110186, 0.10957078739708209]], "chi2_level": 0.95, "chi2_df": 3, "chi2_threshold": 7.814727903251179, "N_raw": 70, "N_roi": 69, "N_inlier": 67, "refit": true}
{"timestamp": "16:18:17.004604", "frame": 46, "mu": [1.352980803583727, 2.0759069372143646, 0.875534105432119], "Sigma": [[0.009483602633206334, -0.005887488182658381, -0.008756666353538924], [-0.005887488182658382, 0.0055493001576478575, 0.005223232734797933], [-0.008756666353538924, 0.005223232734797934, 0.044150270434388614]], "chi2_level": 0.95, "chi2_df": 3, "chi2_threshold": 7.814727903251179, "N_raw": 57, "N_roi": 57, "N_inlier": 53, "refit": true}
{"timestamp": "16:18:17.057832", "frame": 47, "mu": [1.2921983796447465, 2.1653175276616046, 1.2073130728564707], "Sigma": [[0.008734194492469002, -0.006434621977935791, -0.01027114127674112], [-0.006434621977935791, 0.005932857540288969, 0.010152718694767197], [-0.01027114127674112, 0.010152718694767197, 0.04456053832321919]], "chi2_level": 0.95, "chi2_df": 3, "chi2_threshold": 7.814727903251179, "N_raw": 41, "N_roi": 39, "N_inlier": 37, "refit": true}
{"timestamp": "16:18:17.112468", "frame": 48, "mu": [1.2410426221872601, 2.1396063212893344, 1.0711211919386945], "Sigma": [[0.008533430636525516, -0.006084361607474249, -0.01928393798001718], [-0.006084361607474249, 0.005557572529864315, 0.015447145296250376], [-0.01928393798001718, 0.015447145296250374, 0.08227235444387025]], "chi2_level": 0.95, "chi2_df": 3, "chi2_threshold": 7.814727903251179, "N_raw": 44, "N_roi": 44, "N_inlier": 40, "refit": true}
{"timestamp": "16:18:17.169236", "frame": 49, "mu": [1.2713395592837415, 2.0374795440462146, 0.8693361591242953], "Sigma": [[0.008442443053527657, -0.004602314638227955, -0.0022353968529444726], [-0.004602314638227955, 0.0034560118959389464, -0.0007050969959713746], [-0.0022353968529444726, -0.0007050969959713746, 0.03204754884105199]], "chi2_level": 0.95, "chi2_df": 3, "chi2_threshold": 7.814727903251179, "N_raw": 57, "N_roi": 57, "N_inlier": 54, "refit": true}
{"timestamp": "16:18:17.224398", "frame": 50, "mu": [1.2428101819190918, 1.986477169132354, 0.9868474636594738], "Sigma": [[0.009139536544009412, -0.007029041300218083, -0.009006713411430986], [-0.007029041300218083, 0.006820603138606343, 0.0034761553611981563], [-0.009006713411430986, 0.0034761553611981568, 0.021303451791399343]], "chi2_level": 0.95, "chi2_df": 3, "chi2_threshold": 7.814727903251179, "N_raw": 57, "N_roi": 56, "N_inlier": 51, "refit": true}
{"timestamp": "16:18:17.273152", "frame": 51, "mu": [1.1606735143136944, 2.3743466226486896, -0.7502053357614665], "Sigma": [[0.007664820032500255, 0.007338349683842109, -0.020899358245922404], [0.007338349683842111, 0.04414036871544326, -0.08174940930501137], [-0.020899358245922404, -0.08174940930501137, 0.20170292017635136]], "chi2_level": 0.95, "chi2_df": 3, "chi2_threshold": 7.814727903251179, "N_raw": 12, "N_roi": 12, "N_inlier": 11, "refit": true}
{"timestamp": "16:18:17.336904", "frame": 52, "mu": [1.0594701263730328, 2.2106416309777113, -0.30155939132002835], "Sigma": [[0.010578763631628565, -0.0029850269080581573, -0.017738765152584268], [-0.0029850269080581573, 0.00450957791196479, -0.0003437545136541801], [-0.017738765152584268, -0.00034375451365418076, 0.0533396892869184]], "chi2_level": 0.95, "chi2_df": 3, "chi2_threshold": 7.814727903251179, "N_raw": 62, "N_roi": 62, "N_inlier": 57, "refit": true}
{"timestamp": "16:18:17.441064", "frame": 54, "mu": [0.9597741590229182, 1.9744065649396374, 1.0524373330841645], "Sigma": [[0.006521190929431012, -0.005302238612831009, 0.004471029692211359], [-0.005302238612831009, 0.006681319619727006, -0.005496228556197373], [0.004471029692211359, -0.005496228556197372, 0.06571149327111264]], "chi2_level": 0.95, "chi2_df": 3, "chi2_threshold": 7.814727903251179, "N_raw": 42, "N_roi": 42, "N_inlier": 42, "refit": true}
{"timestamp": "16:18:17.497551", "frame": 55, "mu": [0.9095531800861927, 1.986061628951488, 1.2120508700609502], "Sigma": [[0.006159992542392229, -0.0034137111756816245, -0.006124229944284312], [-0.0034137111756816245, 0.005080560697279818, 0.001600338259086126], [-0.006124229944284312, 0.001600338259086126, 0.010147272397367162]], "chi2_level": 0.95, "chi2_df": 3, "chi2_threshold": 7.814727903251179, "N_raw": 43, "N_roi": 43, "N_inlier": 42, "refit": true}
{"timestamp": "16:18:17.557583", "frame": 56, "mu": [0.8398494874476541, 2.011823458509915, 1.1695905189427656], "Sigma": [[0.00954250535115786, -0.004449140772035448, -0.0013457808968556557], [-0.004449140772035448, 0.006496893904100656, -0.0035681549089830776], [-0.0013457808968556557, -0.0035681549089830776, 0.022369045691065723]], "chi2_level": 0.95, "chi2_df": 3, "chi2_threshold": 7.814727903251179, "N_raw": 81, "N_roi": 81, "N_inlier": 76, "refit": true}
{"timestamp": "16:18:17.607885", "frame": 57, "mu": [0.7796415063596632, 1.9746903437651206, 1.265843088077915], "Sigma": [[0.005479720826415543, -0.00242931273761183, -0.005390527190671968], [-0.0024293127376118304, 0.006355959043987912, 0.002706602410387787], [-0.005390527190671968, 0.002706602410387787, 0.0059464539134156105]], "chi2_level": 0.95, "chi2_df": 3, "chi2_threshold": 7.814727903251179, "N_raw": 43, "N_roi": 43, "N_inlier": 40, "refit": true}
{"timestamp": "16:18:17.661562", "frame": 58, "mu": [0.6440845143443439, 2.10087017929953, 1.3552024597279275], "Sigma": [[0.005870608966491856, -0.004695341771594011, -0.01066112591246461], [-0.004695341771594013, 0.009949269470380573, 0.010134177984619852], [-0.010661125912464611, 0.010134177984619852, 0.02675916593338576]], "chi2_level": 0.95, "chi2_df": 3, "chi2_threshold": 7.814727903251179, "N_raw": 45, "N_roi": 45, "N_inlier": 43, "refit": true}
{"timestamp": "16:18:17.720109", "frame": 59, "mu": [0.5982446465909018, 2.022168337973105, 1.1808265545190182], "Sigma": [[0.0075082689718591125, -0.002772389397516229, 0.002358202539902555], [-0.0027723893975162284, 0.006340117000083385, 0.0034767973430772235], [0.0023582025399025556, 0.0034767973430772235, 0.06140060676255421]], "chi2_level": 0.95, "chi2_df": 3, "chi2_threshold": 7.814727903251179, "N_raw": 62, "N_roi": 59, "N_inlier": 55, "refit": true}
{"timestamp": "16:18:17.776416", "frame": 60, "mu": [0.5156882884530197, 1.9467855403818404, 1.0200808770018475], "Sigma": [[0.010019643640105378, -0.00229298585515533, 0.0014676930003665939], [-0.00229298585515533, 0.004284080687722908, -0.0026304137575009364], [0.0014676930003665939, -0.0026304137575009364, 0.0036534600751511885]], "chi2_level": 0.95, "chi2_df": 3, "chi2_threshold": 7.814727903251179, "N_raw": 69, "N_roi": 67, "N_inlier": 61, "refit": true}
{"timestamp": "16:18:17.831128", "frame": 61, "mu": [0.49359097170655136, 2.022614340479607, 1.0633242152542282], "Sigma": [[0.005546912017446199, -0.0018694160912624592, 0.002983822641786828], [-0.0018694160912624594, 0.00234421516626831, -0.004912229912011724], [0.002983822641786828, -0.004912229912011724, 0.019918044331200906]], "chi2_level": 0.95, "chi2_df": 3, "chi2_threshold": 7.814727903251179, "N_raw": 59, "N_roi": 55, "N_inlier": 51, "refit": true}
{"timestamp": "16:18:17.881486", "frame": 62, "mu": [0.3933622537217052, 2.0843129095977746, 1.3256075200728603], "Sigma": [[0.0046731239113809156, -0.003289925771017525, -0.005795244357627046], [-0.003289925771017525, 0.004682518398937165, 0.003417119211262875], [-0.005795244357627046, 0.003417119211262875, 0.014430104883529138]], "chi2_level": 0.95, "chi2_df": 3, "chi2_threshold": 7.814727903251179, "N_raw": 37, "N_roi": 37, "N_inlier": 33, "refit": true}
{"timestamp": "16:18:17.939961", "frame": 63, "mu": [0.32006041338143676, 2.143497691564139, 1.2724290484671916], "Sigma": [[0.008508383698659656, -0.005640528287850936, -0.021518734933383864], [-0.005640528287850936, 0.007080301099352232, 0.01946039669747627], [-0.021518734933383864, 0.01946039669747627, 0.08988340243543837]], "chi2_level": 0.95, "chi2_df": 3, "chi2_threshold": 7.814727903251179, "N_raw": 60, "N_roi": 57, "N_inlier": 52, "refit": true}
{"timestamp": "16:18:17.997641", "frame": 64, "mu": [0.33227971856985605, 2.0611346673606774, 1.222298063233961], "Sigma": [[0.007111518521446384, -0.002443330282023432, -0.001219334799939712], [-0.002443330282023432, 0.007578891207240159, -0.002607422152676087], [-0.001219334799939712, -0.002607422152676087, 0.010585152760029205]], "chi2_level": 0.95, "chi2_df": 3, "chi2_threshold": 7.814727903251179, "N_raw": 78, "N_roi": 77, "N_inlier": 76, "refit": true}
{"timestamp": "16:18:18.050826", "frame": 65, "mu": [0.28290077567650723, 2.1008153759096513, 1.3755461356567007], "Sigma": [[0.0070774676042574996, -0.0024109998815362464, -0.0034176115477690086], [-0.0024109998815362464, 0.011404292981425057, 0.007849936008512125], [-0.0034176115477690086, 0.007849936008512125, 0.006522263691125116]], "chi2_level": 0.95, "chi2_df": 3, "chi2_threshold": 7.814727903251179, "N_raw": 65, "N_roi": 65, "N_inlier": 62, "refit": true}
{"timestamp": "16:18:18.107654", "frame": 66, "mu": [0.18842411128504927, 2.12456850572647, 1.4451607360430778], "Sigma": [[0.00819099108159933, -0.00466647422574958, -0.005562679535177192], [-0.00466647422574958, 0.013071521611669709, 0.010378645504298133], [-0.005562679535177192, 0.010378645504298133, 0.009275778211015726]], "chi2_level": 0.95, "chi2_df": 3, "chi2_threshold": 7.814727903251179, "N_raw": 70, "N_roi": 67, "N_inlier": 66, "refit": true}
{"timestamp": "16:18:18.160527", "frame": 67, "mu": [0.08261687685227137, 2.1970280549441132, 1.420822500534827], "Sigma": [[0.012931306739168447, -0.008034350186221421, -0.013606805316727411], [-0.008034350186221421, 0.014666787210565363, 0.008391016270902028], [-0.01360680531672741, 0.008391016270902028, 0.038308261278320446]], "chi2_level": 0.95, "chi2_df": 3, "chi2_threshold": 7.814727903251179, "N_raw": 59, "N_roi": 56, "N_inlier": 53, "refit": true}
{"timestamp": "16:18:18.213327", "frame": 68, "mu": [0.08479294612391715, 2.1488808048089565, 1.3908455300645968], "Sigma": [[0.007122502358320629, -0.003407439113699149, -0.006909052246738977], [-0.0034074391136991494, 0.007240619380516497, 0.004469314520833495], [-0.006909052246738977, 0.004469314520833495, 0.0077454201605949066]], "chi2_level": 0.95, "chi2_df": 3, "chi2_threshold": 7.814727903251179, "N_raw": 53, "N_roi": 53, "N_inlier": 51, "refit": true}
{"timestamp": "16:18:18.274097", "frame": 69, "mu": [0.01733312824697021, 2.136937278726023, 1.444626469273157], "Sigma": [[0.009073317550304836, -0.0033951172851441696, -0.005917733524531519], [-0.0033951172851441687, 0.010155123988948576, 0.003743832384805897], [-0.005917733524531519, 0.003743832384805897, 0.0045570611215453895]], "chi2_level": 0.95, "chi2_df": 3, "chi2_threshold": 7.814727903251179, "N_raw": 81, "N_roi": 79, "N_inlier": 74, "refit": true}
{"timestamp": "16:18:18.329309", "frame": 70, "mu": [-0.05743363093546148, 2.0781286601662523, 1.13159697740653], "Sigma": [[0.019216961274160234, 0.004620167112746479, 0.05337241159151922], [0.004620167112746479, 0.012836529738028074, 0.04124547894348538], [0.05337241159151922, 0.04124547894348538, 0.3005039754042868]], "chi2_level": 0.95, "chi2_df": 3, "chi2_threshold": 7.814727903251179, "N_raw": 86, "N_roi": 86, "N_inlier": 84, "refit": true}
{"timestamp": "16:18:18.384437", "frame": 71, "mu": [-0.06784768527224644, 2.0939767301793624, 1.3186165193901471], "Sigma": [[0.009616139877811255, -0.004425755499660686, -0.006771279699003383], [-0.004425755499660686, 0.009226284302121626, 0.0018522702845614378], [-0.006771279699003382, 0.0018522702845614378, 0.006038038418180188]], "chi2_level": 0.95, "chi2_df": 3, "chi2_threshold": 7.814727903251179, "N_raw": 81, "N_roi": 81, "N_inlier": 75, "refit": true}
{"timestamp": "16:18:18.436808", "frame": 72, "mu": [-0.10747459032391679, 2.050606784772602, 1.3380958216662402], "Sigma": [[0.0085162237402939, -0.003854307156888245, -0.007257483165949209], [-0.0038543071568882445, 0.009554632837988492, 0.005254129761940183], [-0.007257483165949209, 0.005254129761940183, 0.007575753371317842]], "chi2_level": 0.95, "chi2_df": 3, "chi2_threshold": 7.814727903251179, "N_raw": 72, "N_roi": 72, "N_inlier": 67, "refit": true}
{"timestamp": "16:18:18.495569", "frame": 73, "mu": [-0.1468616746743951, 2.030637937169087, 1.2035940872059472], "Sigma": [[0.008471323920856274, -0.003929986550976364, -0.004996291501697302], [-0.003929986550976364, 0.007302745311064485, -0.0022585590382642466], [-0.004996291501697302, -0.0022585590382642466, 0.02086818621691561]], "chi2_level": 0.95, "chi2_df": 3, "chi2_threshold": 7.814727903251179, "N_raw": 92, "N_roi": 88, "N_inlier": 83, "refit": true}
{"timestamp": "16:18:18.547622", "frame": 74, "mu": [-0.22339461533403326, 1.9779510390554627, 1.2108438081336335], "Sigma": [[0.010339026421131834, -0.0027518063396401666, -0.003131848903774085], [-0.0027518063396401666, 0.006843382658891333, -0.00034042524417679645], [-0.003131848903774085, -0.0003404252441767962, 0.0017369177221748348]], "chi2_level": 0.95, "chi2_df": 3, "chi2_threshold": 7.814727903251179, "N_raw": 74, "N_roi": 71, "N_inlier": 67, "refit": true}
{"timestamp": "16:18:18.596235", "frame": 75, "mu": [-0.2870404334226193, 1.9492144321539298, 1.3053589201905476], "Sigma": [[0.006053458141455289, -0.0026119793999932997, -0.007539943879523073], [-0.0026119793999932997, 0.0045858360820427305, 0.004048279223745477], [-0.007539943879523073, 0.004048279223745477, 0.010707241505445877]], "chi2_level": 0.95, "chi2_df": 3, "chi2_threshold": 7.814727903251179, "N_raw": 37, "N_roi": 37, "N_inlier": 36, "refit": true}
{"timestamp": "16:18:18.653099", "frame": 76, "mu": [-0.37559684740183896, 2.0785502899212718, -0.14212960942595354], "Sigma": [[0.005763177928263678, -0.0012069652565264914, -0.007356578506551371], [-0.0012069652565264914, 0.004727811891806298, 0.0030880198699970943], [-0.007356578506551372, 0.0030880198699970943, 0.010623343783038747]], "chi2_level": 0.95, "chi2_df": 3, "chi2_threshold": 7.814727903251179, "N_raw": 48, "N_roi": 48, "N_inlier": 46, "refit": true}
{"timestamp": "16:18:18.734376", "frame": 77, "mu": [-0.47521080021842677, 2.0988809489935614, -0.045024820629391914], "Sigma": [[0.007923694831617615, -0.00040628188099188674, -0.009717544435081951], [-0.00040628188099188663, 0.006483990062879356, 0.0032461359497756685], [-0.009717544435081951, 0.0032461359497756677, 0.014235861646340367]], "chi2_level": 0.95, "chi2_df": 3, "chi2_threshold": 7.814727903251179, "N_raw": 68, "N_roi": 68, "N_inlier": 64, "refit": true}
{"timestamp": "16:18:18.767832", "frame": 78, "mu": [-0.5027659101878426, 1.9565874562117318, 1.2877641610186803], "Sigma": [[0.009401389866052127, -0.0035855882264554826, -0.008087325356330152], [-0.0035855882264554826, 0.007783655075179251, 0.0016028422070907768], [-0.008087325356330152, 0.0016028422070907768, 0.008837483880437116]], "chi2_level": 0.95, "chi2_df": 3, "chi2_threshold": 7.814727903251179, "N_raw": 75, "N_roi": 75, "N_inlier": 74, "refit": true}
{"timestamp": "16:18:18.823994", "frame": 79, "mu": [-0.5831674860919891, 2.102442363573071, -0.14919050789763127], "Sigma": [[0.007692656232806091, -0.00038169997216532035, -0.00630794935043039], [-0.00038169997216532035, 0.009962326665526116, 0.0005138058120745862], [-0.00630794935043039, 0.0005138058120745864, 0.00832246833976905]], "chi2_level": 0.95, "chi2_df": 3, "chi2_threshold": 7.814727903251179, "N_raw": 83, "N_roi": 83, "N_inlier": 79, "refit": true}
{"timestamp": "16:18:18.875305", "frame": 80, "mu": [-0.6922551813964827, 2.0390380288198777, 1.3893640902256132], "Sigma": [[0.00827301683311511, -0.0003406918221538712, -0.004400444619325366], [-0.00034069182215387114, 0.004105691889227187, -0.00403714550984694], [-0.004400444619325366, -0.00403714550984694, 0.04476034814711589]], "chi2_level": 0.95, "chi2_df": 3, "chi2_threshold": 7.814727903251179, "N_raw": 62, "N_roi": 62, "N_inlier": 58, "refit": true}
{"timestamp": "16:18:18.930879", "frame": 81, "mu": [-0.718404384856369, 2.0267332055933363, -1.2302641857817835], "Sigma": [[0.021743123125998243, 0.0012498776914955578, 0.08897268034491965], [0.001249877691495558, 0.013150850488830761, 0.006487067296164451], [0.08897268034491965, 0.006487067296164448, 0.4560825144888369]], "chi2_level": 0.95, "chi2_df": 3, "chi2_threshold": 7.814727903251179, "N_raw": 71, "N_roi": 69, "N_inlier": 65, "refit": true}
{"timestamp": "16:18:18.990359", "frame": 82, "mu": [-0.7539226847538606, 1.9869459168635744, 1.0867759134144401], "Sigma": [[0.008640981550473895, -0.002279154155993135, 0.002950880433526577], [-0.002279154155993135, 0.00866965097976176, 0.01378391830890148], [0.002950880433526578, 0.01378391830890148, 0.2914353704712263]], "chi2_level": 0.95, "chi2_df": 3, "chi2_threshold": 7.814727903251179, "N_raw": 95, "N_roi": 95, "N_inlier": 93, "refit": true}
{"timestamp": "16:18:19.045216", "frame": 83, "mu": [-0.7952965057732799, 2.02523712914882, 1.3102914957079084], "Sigma": [[0.009914237449848899, -0.002238118700397809, -0.017354231342592473], [-0.002238118700397809, 0.008231705107087449, 0.0004334742076690752], [-0.017354231342592473, 0.0004334742076690753, 0.046277726490418856]], "chi2_level": 0.95, "chi2_df": 3, "chi2_threshold": 7.814727903251179, "N_raw": 87, "N_roi": 87, "N_inlier": 82, "refit": true}
{"timestamp": "16:18:19.098729", "frame": 84, "mu": [-0.8888479855525856, 2.0200619720520567, -0.6348734033359346], "Sigma": [[0.007661954997603506, -0.0032180268877154473, -0.01096604847378356], [-0.003218026887715447, 0.009918213589192133, 0.0009012231301501472], [-0.01096604847378356, 0.0009012231301501475, 0.030080103976299663]], "chi2_level": 0.95, "chi2_df": 3, "chi2_threshold": 7.814727903251179, "N_raw": 77, "N_roi": 77, "N_inlier": 75, "refit": true}
{"timestamp": "16:18:19.157912", "frame": 85, "mu": [-0.9046089432310146, 2.1743218726290903, -0.38507944964347646], "Sigma": [[0.016262473053917717, 0.006073330488520212, -0.042551951895659655], [0.006073330488520214, 0.013095877629725193, -0.03291204574454727], [-0.042551951895659655, -0.03291204574454727, 0.17472332892017867]], "chi2_level": 0.95, "chi2_df": 3, "chi2_threshold": 7.814727903251179, "N_raw": 107, "N_roi": 107, "N_inlier": 105, "refit": true}
{"timestamp": "16:18:19.210594", "frame": 86, "mu": [-1.0291735256225047, 2.071395038034213, -0.2237754078045697], "Sigma": [[0.010896297491834914, -0.000892357611471906, 0.027796482686643843], [-0.0008923576114719058, 0.015457625900007875, 0.021374669842548863], [0.027796482686643843, 0.02137466984254886, 0.30090569854635524]], "chi2_level": 0.95, "chi2_df": 3, "chi2_threshold": 7.814727903251179, "N_raw": 87, "N_roi": 86, "N_inlier": 84, "refit": true}
{"timestamp": "16:18:19.259029", "frame": 87, "mu": [-1.1089629731160704, 2.01212043537487, 1.4500874241950445], "Sigma": [[0.012520314924122842, -0.003710734616724935, -0.013800669365777521], [-0.003710734616724935, 0.005712077583993289, 0.00563348565782866], [-0.013800669365777521, 0.00563348565782866, 0.01655063306100537]], "chi2_level": 0.95, "chi2_df": 3, "chi2_threshold": 7.814727903251179, "N_raw": 52, "N_roi": 52, "N_inlier": 48, "refit": true}
{"timestamp": "16:18:19.313965", "frame": 88, "mu": [-1.1146623648776255, 1.9622711883242672, 1.3488746919812666], "Sigma": [[0.009711530602449503, 0.0004410237009435979, -0.006942749074320568], [0.0004410237009435979, 0.004814874414576045, 0.0003541032884476935], [-0.006942749074320567, 0.0003541032884476933, 0.03478618191382654]], "chi2_level": 0.95, "chi2_df": 3, "chi2_threshold": 7.814727903251179, "N_raw": 52, "N_roi": 50, "N_inlier": 45, "refit": true}
{"timestamp": "16:18:19.364939", "frame": 89, "mu": [-1.0966848965047677, 2.0333922161576354, -0.242337204033656], "Sigma": [[0.005375730142534092, 0.0013337809878257564, -0.0024539194772739336], [0.0013337809878257564, 0.0026295441715133185, -0.000484792847647132], [-0.0024539194772739336, -0.000484792847647132, 0.004122198053681316]], "chi2_level": 0.95, "chi2_df": 3, "chi2_threshold": 7.814727903251179, "N_raw": 31, "N_roi": 31, "N_inlier": 22, "refit": true}
{"timestamp": "16:18:19.420630", "frame": 90, "mu": [-1.2095693094306614, 1.9308285566186396, 1.2538071073958752], "Sigma": [[0.006296424714082968, -0.0007901891091233577, -0.006468389274304964], [-0.0007901891091233575, 0.004045136492216565, 0.0009825140851347641], [-0.006468389274304964, 0.0009825140851347646, 0.008160115900816046]], "chi2_level": 0.95, "chi2_df": 3, "chi2_threshold": 7.814727903251179, "N_raw": 36, "N_roi": 36, "N_inlier": 33, "refit": true}
{"timestamp": "16:18:19.473390", "frame": 91, "mu": [-1.3305312779473517, 1.9975875834088004, 1.5573736970121146], "Sigma": [[0.005894225946093322, -0.0006777728425522774, -0.006041050572958799], [-0.0006777728425522774, 0.002315538112533212, 0.0013724683534273568], [-0.006041050572958799, 0.0013724683534273566, 0.006829207764052268]], "chi2_level": 0.95, "chi2_df": 3, "chi2_threshold": 7.814727903251179, "N_raw": 22, "N_roi": 22, "N_inlier": 19, "refit": true}
{"timestamp": "16:18:19.528021", "frame": 92, "mu": [-1.4573316252553867, 2.017137537766812, 1.5450914557883022], "Sigma": [[0.006501474727847977, -0.001407026346377613, -0.005455198606206807], [-0.0014070263463776132, 0.002106755506491019, 0.0007967126739726527], [-0.0054551986062068075, 0.0007967126739726527, 0.00623546076588576]], "chi2_level": 0.95, "chi2_df": 3, "chi2_threshold": 7.814727903251179, "N_raw": 21, "N_roi": 19, "N_inlier": 17, "refit": true}
{"timestamp": "16:18:19.588876", "frame": 93, "mu": [-1.5157034479074685, 1.9587691214855525, 1.5596693705814917], "Sigma": [[0.013383985399433468, -0.0007247996972487008, -0.01283283068694465], [-0.0007247996972487003, 0.006822000578627922, 6.647329924219054e-05], [-0.01283283068694465, 6.647329924219092e-05, 0.014657117306904601]], "chi2_level": 0.95, "chi2_df": 3, "chi2_threshold": 7.814727903251179, "N_raw": 58, "N_roi": 58, "N_inlier": 57, "refit": true}
{"timestamp": "16:18:19.641005", "frame": 94, "mu": [-1.538633233051199, 1.9934655215784782, 1.4174818266682072], "Sigma": [[0.00828572037154318, 0.004142301320725309, -0.02192832886742941], [0.004142301320725309, 0.004690448039133822, -0.01731789550438889], [-0.02192832886742941, -0.01731789550438889, 0.13491975452658828]], "chi2_level": 0.95, "chi2_df": 3, "chi2_threshold": 7.814727903251179, "N_raw": 32, "N_roi": 32, "N_inlier": 28, "refit": true}
{"timestamp": "16:18:19.698461", "frame": 95, "mu": [-1.6830483683185011, 1.8952778496963403, 1.595366540446848], "Sigma": [[0.021814175339483634, 0.01688606741207254, -0.02219613085541664], [0.01688606741207254, 0.01947529879797298, -0.019810221641323143], [-0.02219613085541664, -0.019810221641323143, 0.026191350453294078]], "chi2_level": 0.95, "chi2_df": 3, "chi2_threshold": 7.814727903251179, "N_raw": 52, "N_roi": 52, "N_inlier": 47, "refit": true}
{"timestamp": "16:18:19.749614", "frame": 96, "mu": [-1.6977988141087983, 1.7885750015709923, 1.2490391096618296], "Sigma": [[0.03407992306916412, 0.024499043018428156, -0.06134289326615748], [0.02449904301842816, 0.031520837718736344, -0.0800857566247792], [-0.06134289326615748, -0.08008575662477921, 0.21344670172914307]], "chi2_level": 0.95, "chi2_df": 3, "chi2_threshold": 7.814727903251179, "N_raw": 27, "N_roi": 27, "N_inlier": 26, "refit": true}
{"timestamp": "16:18:19.809267", "frame": 97, "mu": [-1.796994568384756, 1.761255290934136, 1.5236507682541613], "Sigma": [[0.017865599202609335, 0.015925321268665273, -0.01745369297609343], [0.015925321268665273, 0.02222167554532842, -0.015330924694086496], [-0.01745369297609343, -0.015330924694086496, 0.022812460902121575]], "chi2_level": 0.95, "chi2_df": 3, "chi2_threshold": 7.814727903251179, "N_raw": 58, "N_roi": 58, "N_inlier": 53, "refit": true}
{"timestamp": "16:18:19.868527", "frame": 98, "mu": [-1.9944972378682486, 1.6342939631473912, 1.7378418169567544], "Sigma": [[0.02414768454819663, 0.016646801191134215, -0.023916245345020296], [0.016646801191134215, 0.023399571286501615, -0.015961707752039547], [-0.023916245345020296, -0.015961707752039547, 0.029385365108561417]], "chi2_level": 0.95, "chi2_df": 3, "chi2_threshold": 7.814727903251179, "N_raw": 87, "N_roi": 87, "N_inlier": 82, "refit": true}
{"timestamp": "16:18:19.924245", "frame": 99, "mu": [-1.9665376065811682, 1.6567185172454924, 1.6789480736317608], "Sigma": [[0.02369055480776503, 0.014503090632412723, -0.024406503108259352], [0.014503090632412723, 0.023304892190321363, -0.011240912248667407], [-0.024406503108259352, -0.011240912248667405, 0.032649740430083105]], "chi2_level": 0.95, "chi2_df": 3, "chi2_threshold": 7.814727903251179, "N_raw": 85, "N_roi": 85, "N_inlier": 84, "refit": true}
{"timestamp": "16:18:20.058549", "frame": 100, "mu": [-2.093789935221527, 1.596444307847781, 1.7181367173238986], "Sigma": [[0.012557992601036464, 0.005371704965218539, -0.01684489877554319], [0.005371704965218539, 0.01762453462855557, 0.0005488646369272545], [-0.01684489877554319, 0.0005488646369272536, 0.034160418352773794]], "chi2_level": 0.95, "chi2_df": 3, "chi2_threshold": 7.814727903251179, "N_raw": 45, "N_roi": 45, "N_inlier": 44, "refit": true}
{"timestamp": "16:18:20.065245", "frame": 101, "mu": [-2.0398878685590542, 1.7020689847033865, -0.059433220866870584], "Sigma": [[0.014705364951572404, 0.011736356633231648, -0.012910305538037865], [0.011736356633231648, 0.02131511760098378, -0.008793871216319773], [-0.012910305538037865, -0.008793871216319773, 0.01410715776549262]], "chi2_level": 0.95, "chi2_df": 3, "chi2_threshold": 7.814727903251179, "N_raw": 66, "N_roi": 66, "N_inlier": 64, "refit": true}
{"timestamp": "16:18:20.107604", "frame": 102, "mu": [-2.1233625048289317, 1.552335741927529, 1.6167522066348805], "Sigma": [[0.0242839669931795, 0.011427323527857691, -0.028396249826384626], [0.011427323527857693, 0.022134052982713807, -0.010863355973435785], [-0.028396249826384622, -0.010863355973435785, 0.03662869467559599]], "chi2_level": 0.95, "chi2_df": 3, "chi2_threshold": 7.814727903251179, "N_raw": 86, "N_roi": 86, "N_inlier": 84, "refit": true}
{"timestamp": "16:18:20.143123", "frame": 103, "mu": [-2.227441210151459, 1.5937511086126321, 1.7286283037587884], "Sigma": [[0.017804253321562078, 0.01153456388120206, -0.01696155939976947], [0.01153456388120206, 0.02290183965512786, -0.013227242017513442], [-0.01696155939976947, -0.013227242017513442, 0.019428347535137842]], "chi2_level": 0.95, "chi2_df": 3, "chi2_threshold": 7.814727903251179, "N_raw": 77, "N_roi": 75, "N_inlier": 72, "refit": true}
{"timestamp": "16:18:20.196314", "frame": 104, "mu": [-2.171165000840198, 1.651624504822974, -0.5561320832775818], "Sigma": [[0.014099869733706232, 0.008932077994356045, -0.008919353258971344], [0.008932077994356045, 0.0206046606844719, -0.0054913867545090915], [-0.008919353258971346, -0.0054913867545090915, 0.016444275445743405]], "chi2_level": 0.95, "chi2_df": 3, "chi2_threshold": 7.814727903251179, "N_raw": 71, "N_roi": 71, "N_inlier": 66, "refit": true}
{"timestamp": "16:18:20.252377", "frame": 105, "mu": [-2.2443100038429953, 1.5924155254151904, 1.4328451556540114], "Sigma": [[0.013442794946497921, 0.005525069549361241, -0.012633491667572914], [0.005525069549361242, 0.020139787531235617, -0.008643532628906408], [-0.012633491667572914, -0.00864353262890641, 0.015349979449573725]], "chi2_level": 0.95, "chi2_df": 3, "chi2_threshold": 7.814727903251179, "N_raw": 76, "N_roi": 72, "N_inlier": 69, "refit": true}
{"timestamp": "16:18:20.305409", "frame": 106, "mu": [-2.272027873288098, 1.6562920289332377, 1.481876422421622], "Sigma": [[0.011100987900147555, 0.00412844439068476, -0.01261238580134736], [0.00412844439068476, 0.020221466656304907, -0.002431798377424627], [-0.01261238580134736, -0.002431798377424627, 0.016108523175233775]], "chi2_level": 0.95, "chi2_df": 3, "chi2_threshold": 7.814727903251179, "N_raw": 59, "N_roi": 55, "N_inlier": 52, "refit": true}
{"timestamp": "16:18:20.359624", "frame": 107, "mu": [-2.3330449885092506, 1.6426967514801536, 1.4200419243639681], "Sigma": [[0.00807016050969779, 0.003444859669680085, -0.0064644047673594225], [0.003444859669680085, 0.015026745935402217, -0.00554209343937054], [-0.0064644047673594225, -0.00554209343937054, 0.008112366687009799]], "chi2_level": 0.95, "chi2_df": 3, "chi2_threshold": 7.814727903251179, "N_raw": 57, "N_roi": 46, "N_inlier": 43, "refit": true}
{"timestamp": "16:18:20.412533", "frame": 108, "mu": [-2.3619881680865484, 1.6872925739035418, 1.3783859404086531], "Sigma": [[0.005899529386803387, -0.00043339779653588496, -0.00660257029714726], [-0.00043339779653588507, 0.015923258516367868, 0.0025275670645355727], [-0.00660257029714726, 0.0025275670645355727, 0.009909703263405824]], "chi2_level": 0.95, "chi2_df": 3, "chi2_threshold": 7.814727903251179, "N_raw": 52, "N_roi": 37, "N_inlier": 33, "refit": true}
{"timestamp": "16:18:20.469069", "frame": 109, "mu": [-2.3845990375784716, 1.6469986816320408, 1.4293826503691687], "Sigma": [[0.004676786222741517, 0.0009377290303051545, -0.004052446133064727], [0.0009377290303051545, 0.01597172813265628, -0.0031451847588043367], [-0.004052446133064727, -0.0031451847588043367, 0.00592433450925466]], "chi2_level": 0.95, "chi2_df": 3, "chi2_threshold": 7.814727903251179, "N_raw": 62, "N_roi": 34, "N_inlier": 32, "refit": true}
{"timestamp": "16:18:20.524210", "frame": 110, "mu": [-2.4029552013796183, 1.6533543279158909, 1.3345504528953174], "Sigma": [[0.004719811647198532, 0.00011560061308029046, -0.005553175387220019], [0.00011560061308029052, 0.016851357916825887, 0.0012055006084936216], [-0.005553175387220019, 0.001205500608493622, 0.007867578789151617]], "chi2_level": 0.95, "chi2_df": 3, "chi2_threshold": 7.814727903251179, "N_raw": 60, "N_roi": 29, "N_inlier": 27, "refit": true}
{"timestamp": "16:18:20.578632", "frame": 111, "mu": [-2.4176284726807804, 1.6820154546440402, 1.1953390150149352], "Sigma": [[0.0030358757610009874, 0.0009324487961386158, -0.003757371291757643], [0.000932448796138616, 0.015475396133086244, 0.0016812594826840575], [-0.003757371291757643, 0.0016812594826840573, 0.007138253335253166]], "chi2_level": 0.95, "chi2_df": 3, "chi2_threshold": 7.814727903251179, "N_raw": 59, "N_roi": 23, "N_inlier": 22, "refit": true}
{"timestamp": "16:18:20.631673", "frame": 112, "mu": [-2.4258188582221987, 1.534778980853915, 1.1739555278279787], "Sigma": [[0.0026612566207924416, 0.0007681389873810799, -0.0007017361051729775], [0.0007681389873810799, 0.00786766077814138, -0.004281904110272379], [-0.0007017361051729774, -0.004281904110272379, 0.004549423254459517]], "chi2_level": 0.95, "chi2_df": 3, "chi2_threshold": 7.814727903251179, "N_raw": 42, "N_roi": 21, "N_inlier": 19, "refit": true}
{"timestamp": "16:18:20.687693", "frame": 113, "mu": [-2.4274246669750634, 1.6687821594975318, 0.963119725136104], "Sigma": [[0.0020198733113268945, 0.0007851875394433945, -0.0010973377543162443], [0.0007851875394433944, 0.007423573696993237, -0.003429514570503507], [-0.0010973377543162443, -0.0034295145705035075, 0.002606832105230418]], "chi2_level": 0.95, "chi2_df": 3, "chi2_threshold": 7.814727903251179, "N_raw": 43, "N_roi": 17, "N_inlier": 17, "refit": true}
{"timestamp": "16:18:20.739729", "frame": 114, "mu": [-2.438669306010397, 1.7070237393524053, 0.9637080979596756], "Sigma": [[0.0020069215201446596, 0.0002929623438829021, -0.00010807885670708971], [0.0002929623438829021, 0.004889554151043589, -0.002368433124245399], [-0.00010807885670708969, -0.0023684331242453988, 0.0012225260976529923]], "chi2_level": 0.95, "chi2_df": 3, "chi2_threshold": 7.814727903251179, "N_raw": 44, "N_roi": 12, "N_inlier": 12, "refit": true}
