{"timestamp": "16:15:52.929147", "frame": 48, "mu": [1.7342265135380535, 1.1206175283520377, 1.5376909051953531], "Sigma": [[0.0053616471054840345, 0.0004744038652534573, 0.003513965769924471], [0.0004744038652534571, 0.0032857536607450244, 0.0007426478625299604], [0.003513965769924471, 0.0007426478625299604, 0.002723954649035394]], "chi2_level": 0.95, "chi2_df": 3, "chi2_threshold": 7.814727903251179, "N_raw": 17, "N_roi": 17, "N_inlier": 16, "refit": true}
{"timestamp": "16:15:52.982905", "frame": 49, "mu": [1.7036723211349618, 1.2350705692306265, -0.1894992063006951], "Sigma": [[0.004278023468804916, -0.0012062133084332356, 0.004303670948211043], [-0.0012062133084332356, 0.003309014420448224, 0.0018893984494814525], [0.004303670948211043, 0.0018893984494814525, 0.008196795511973515]], "chi2_level": 0.95, "chi2_df": 3, "chi2_threshold": 7.814727903251179, "N_raw": 16, "N_roi": 16, "N_inlier": 15, "refit": true}
{"timestamp": "16:15:53.040757", "frame": 50, "mu": [1.776634718050998, 1.2877554547738268, 1.5949873405772848], "Sigma": [[0.00393690557896166, -0.000756291906888884, 0.0007253512963821438], [-0.000756291906888884, 0.0053975662256986546, -0.0011181826786235145], [0.0007253512963821437, -0.0011181826786235147, 0.0030005403486451643]], "chi2_level": 0.95, "chi2_df": 3, "chi2_threshold": 7.814727903251179, "N_raw": 27, "N_roi": 27, "N_inlier": 25, "refit": true}
{"timestamp": "16:15:53.152194", "frame": 52, "mu": [1.7678740570704863, 1.3737850285977238, 1.618373334343596], "Sigma": [[0.006794792028331266, -0.0002966738606193681, 0.007390260636237635], [-0.0002966738606193681, 0.005398087349767442, 0.0042164235987668785], [0.007390260636237635, 0.0042164235987668785, 0.013952652215237308]], "chi2_level": 0.95, "chi2_df": 3, "chi2_threshold": 7.814727903251179, "N_raw": 24, "N_roi": 24, "N_inlier": 23, "refit": true}
{"timestamp": "16:15:53.261028", "frame": 54, "mu": [1.8817812554877096, 1.4909590675509847, 1.612278726885191], "Sigma": [[0.002831024520271794, -0.002263765609692967, 0.0006630993722480233], [-0.0022637656096929676, 0.00463173809498524, -0.0034230297860334217], [0.0006630993722480233, -0.0034230297860334217, 0.005191282523082172]], "chi2_level": 0.95, "chi2_df": 3, "chi2_threshold": 7.814727903251179, "N_raw": 20, "N_roi": 18, "N_inlier": 16, "refit": true}
{"timestamp": "16:15:53.318007", "frame": 55, "mu": [1.8746140000668803, 1.533562587636786, 1.6527143894594307], "Sigma": [[0.005083964312353197, -0.0025449866581252287, 0.001055512286517936], [-0.0025449866581252287, 0.005634738019922616, -0.0007298771525540972], [0.0010555122865179359, -0.000729877152554097, 0.0005030678084483035]], "chi2_level": 0.95, "chi2_df": 3, "chi2_threshold": 7.814727903251179, "N_raw": 26, "N_roi": 23, "N_inlier": 22, "refit": true}
{"timestamp": "16:15:53.371871", "frame": 56, "mu": [1.8307274273846985, 1.660193579916845, 1.6399173505807194], "Sigma": [[0.0061084020833351614, -0.0054001762711326255, -0.00032336786904610566], [-0.005400176271132625, 0.008194344740614567, -0.0020004245083008656], [-0.00032336786904610577, -0.002000424508300866, 0.0031137936435339875]], "chi2_level": 0.95, "chi2_df": 3, "chi2_threshold": 7.814727903251179, "N_raw": 21, "N_roi": 21, "N_inlier": 20, "refit": true}
{"timestamp": "16:15:54.472657", "frame": 76, "mu": [1.6439488473703916, 2.7137706267792425, 1.438349786181803], "Sigma": [[0.008821344141392429, -0.00343419063507623, -0.0002218138103840086], [-0.00343419063507623, 0.0067339987016332, 0.003022546302909242], [-0.00022181381038400853, 0.003022546302909241, 0.0026344154367648467]], "chi2_level": 0.95, "chi2_df": 3, "chi2_threshold": 7.814727903251179, "N_raw": 31, "N_roi": 31, "N_inlier": 31, "refit": true}
{"timestamp": "16:15:54.580984", "frame": 78, "mu": [1.6324703828709972, 2.6956995619092035, 0.9684326464272655], "Sigma": [[0.005228552480868877, -0.002723734352190541, -0.0013969715945448932], [-0.002723734352190541, 0.002586227479869442, -0.0006079501925835469], [-0.0013969715945448932, -0.0006079501925835469, 0.004144194241593167]], "chi2_level": 0.95, "chi2_df": 3, "chi2_threshold": 7.814727903251179, "N_raw": 21, "N_roi": 18, "N_inlier": 17, "refit": true}
{"timestamp": "16:15:54.635544", "frame": 79, "mu": [1.6161825596849493, 2.8153040651697028, 1.2762268111127815], "Sigma": [[0.006884026459030415, -0.0027711158902828962, -0.0037618286595657406], [-0.0027711158902828962, 0.003549499085645321, 0.0017900108868831865], [-0.0037618286595657415, 0.0017900108868831865, 0.0035038421842140447]], "chi2_level": 0.95, "chi2_df": 3, "chi2_threshold": 7.814727903251179, "N_raw": 23, "N_roi": 20, "N_inlier": 19, "refit": true}
{"timestamp": "16:15:54.690276", "frame": 80, "mu": [1.5990370830736056, 2.8738169056021183, 1.2638048189702773], "Sigma": [[0.001963574234182447, 0.00016159427450167894, 0.0012700806104141143], [0.00016159427450167889, 0.003765771899699054, 0.0032692908094049955], [0.0012700806104141143, 0.0032692908094049955, 0.005425595986532419]], "chi2_level": 0.95, "chi2_df": 3, "chi2_threshold": 7.814727903251179, "N_raw": 15, "N_roi": 12, "N_inlier": 11, "refit": true}
{"timestamp": "16:15:54.800987", "frame": 82, "mu": [1.5905887387477788, 2.9338689051428197, 1.4553467627744532], "Sigma": [[0.0065002042569308706, -0.0025054383628714664, 0.0003850321735289702], [-0.002505438362871467, 0.0031273446447154163, -0.00039662554179900915], [0.0003850321735289702, -0.00039662554179900915, 0.00012224474902295602]], "chi2_level": 0.95, "chi2_df": 3, "chi2_threshold": 7.814727903251179, "N_raw": 22, "N_roi": 22, "N_inlier": 20, "refit": true}
{"timestamp": "16:15:54.909696", "frame": 84, "mu": [1.6617792026979412, 3.1218006840529906, 0.01132634370676261], "Sigma": [[0.007429391194564882, -0.0019426833527108963, -0.00702140442136686], [-0.0019426833527108963, 0.0031050576293540624, -0.0016130648476315624], [-0.00702140442136686, -0.001613064847631562, 0.013532748243092627]], "chi2_level": 0.95, "chi2_df": 3, "chi2_threshold": 7.814727903251179, "N_raw": 16, "N_roi": 14, "N_inlier": 13, "refit": true}
{"timestamp": "16:15:54.965613", "frame": 85, "mu": [1.5498329729317932, 3.1343846295551536, 1.2710793728545806], "Sigma": [[0.004360547981109007, -0.00022233684150006552, 0.00011136743011599037], [-0.00022233684150006555, 0.0022980397822204056, -0.0005523674393403525], [0.00011136743011599037, -0.0005523674393403525, 0.0001346003871394969]], "chi2_level": 0.95, "chi2_df": 3, "chi2_threshold": 7.814727903251179, "N_raw": 11, "N_roi": 11, "N_inlier": 10, "refit": true}
{"timestamp": "16:15:55.077067", "frame": 87, "mu": [1.6364271506755825, 3.2074605876250386, 1.2001203579646609], "Sigma": [[0.014566815042102697, -0.0058269898773576, -0.0038886463834266072], [-0.005826989877357601, 0.0037369759297394534, 0.00020625383650358167], [-0.0038886463834266064, 0.0002062538365035819, 0.005251749223976401]], "chi2_level": 0.95, "chi2_df": 3, "chi2_threshold": 7.814727903251179, "N_raw": 30, "N_roi": 27, "N_inlier": 26, "refit": true}
{"timestamp": "16:15:55.131926", "frame": 88, "mu": [1.6472965725860174, 3.227162442980055, 1.0921846944033293], "Sigma": [[0.013345610008616221, -0.005389888207165269, -0.00584263400622172], [-0.00538988820716527, 0.0043801080479296825, 0.0015840407475268053], [-0.00584263400622172, 0.0015840407475268053, 0.0058500239667189325]], "chi2_level": 0.95, "chi2_df": 3, "chi2_threshold": 7.814727903251179, "N_raw": 30, "N_roi": 30, "N_inlier": 28, "refit": true}
{"timestamp": "16:15:55.187436", "frame": 89, "mu": [1.6243639746551646, 3.24828746039372, 1.166724480776277], "Sigma": [[0.011351470704909338, -0.006343956886776298, -0.009932225382508552], [-0.006343956886776298, 0.005393161435277661, 0.002782895868074353], [-0.009932225382508552, 0.0027828958680743534, 0.017478443116883582]], "chi2_level": 0.95, "chi2_df": 3, "chi2_threshold": 7.814727903251179, "N_raw": 30, "N_roi": 29, "N_inlier": 28, "refit": true}
{"timestamp": "16:15:55.297494", "frame": 91, "mu": [1.555658569425631, 3.491154923908407, 0.0775302823311966], "Sigma": [[0.013732426917664247, -0.004498607225049784, -0.01143797372477217], [-0.004498607225049784, 0.0034972077028917387, 0.0022537887107987676], [-0.011437973724772172, 0.0022537887107987676, 0.01232377442853171]], "chi2_level": 0.95, "chi2_df": 3, "chi2_threshold": 7.814727903251179, "N_raw": 27, "N_roi": 26, "N_inlier": 23, "refit": true}
{"timestamp": "16:15:55.353039", "frame": 92, "mu": [1.625767092817333, 3.498038310905231, 0.11359536562101413], "Sigma": [[0.012253936214187437, -0.003473280700329504, -0.009501023494612324], [-0.003473280700329503, 0.003954333674108365, 0.001678769244576721], [-0.009501023494612324, 0.001678769244576721, 0.009345752573971524]], "chi2_level": 0.95, "chi2_df": 3, "chi2_threshold": 7.814727903251179, "N_raw": 25, "N_roi": 25, "N_inlier": 24, "refit": true}
{"timestamp": "16:15:55.462552", "frame": 94, "mu": [1.594458679893477, 3.527048759896783, 1.2424461019138897], "Sigma": [[0.017914883799643195, -0.009346092139793854, -0.010775150867615307], [-0.009346092139793854, 0.007816728424388337, 0.007067127360538694], [-0.010775150867615307, 0.007067127360538694, 0.010199001067371398]], "chi2_level": 0.95, "chi2_df": 3, "chi2_threshold": 7.814727903251179, "N_raw": 30, "N_roi": 30, "N_inlier": 27, "refit": true}
{"timestamp": "16:15:55.571281", "frame": 96, "mu": [1.5036551470800654, 3.681992595363531, -0.13191292395584092], "Sigma": [[0.007526516027784816, -0.0028639988838640978, 0.026337349892056588], [-0.0028639988838640978, 0.0038364567513333087, -0.008618076952416589], [0.026337349892056584, -0.008618076952416589, 0.16572488909736943]], "chi2_level": 0.95, "chi2_df": 3, "chi2_threshold": 7.814727903251179, "N_raw": 17, "N_roi": 15, "N_inlier": 14, "refit": true}
{"timestamp": "16:15:55.627441", "frame": 97, "mu": [1.5563287052619124, 3.7564794847346175, 1.4186967781351576], "Sigma": [[0.010579670447509527, -0.004719669689376876, -0.004391533060940338], [-0.004719669689376876, 0.006761761637272206, 0.004408264309187228], [-0.004391533060940338, 0.004408264309187228, 0.004808451736978782]], "chi2_level": 0.95, "chi2_df": 3, "chi2_threshold": 7.814727903251179, "N_raw": 31, "N_roi": 29, "N_inlier": 29, "refit": true}
{"timestamp": "16:15:55.681184", "frame": 98, "mu": [1.5915980107543872, 3.889201777347099, -0.549159128171356], "Sigma": [[0.00403104078488621, -0.0018488388228052848, -0.0020464686533325526], [-0.0018488388228052848, 0.004583647044556877, -0.0022443741512503403], [-0.0020464686533325526, -0.0022443741512503403, 0.044314302169292476]], "chi2_level": 0.95, "chi2_df": 3, "chi2_threshold": 7.814727903251179, "N_raw": 14, "N_roi": 14, "N_inlier": 12, "refit": true}
{"timestamp": "16:15:55.945485", "frame": 102, "mu": [1.5657306068950618, 3.9449160061134085, 1.2377346703632652], "Sigma": [[0.00585502848434333, -0.0007215320302962166, -0.003544263558641109], [-0.0007215320302962165, 0.0016243042523166878, -0.0022235286630033777], [-0.003544263558641109, -0.0022235286630033777, 0.008432674869462175]], "chi2_level": 0.95, "chi2_df": 3, "chi2_threshold": 7.814727903251179, "N_raw": 16, "N_roi": 14, "N_inlier": 13, "refit": true}
{"timestamp": "16:15:56.123756", "frame": 106, "mu": [1.530404280803657, 4.145332421188734, -0.7348121161810115], "Sigma": [[0.01803271656742847, -0.0057694306570295496, -0.0021700213958011916], [-0.005769430657029551, 0.005173977363228812, 0.0013947967273272737], [-0.002170021395801192, 0.001394796727327274, 0.031097076813126547]], "chi2_level": 0.95, "chi2_df": 3, "chi2_threshold": 7.814727903251179, "N_raw": 37, "N_roi": 37, "N_inlier": 33, "refit": true}
{"timestamp": "16:15:56.176642", "frame": 107, "mu": [1.4615705647691482, 4.251553896192299, 0.4345168689768503], "Sigma": [[0.01316784987105271, -0.002541702603001646, -0.007129034029784752], [-0.002541702603001646, 0.0022858246925846312, 0.0020882725060286512], [-0.007129034029784752, 0.0020882725060286512, 0.006691140284193434]], "chi2_level": 0.95, "chi2_df": 3, "chi2_threshold": 7.814727903251179, "N_raw": 21, "N_roi": 20, "N_inlier": 19, "refit": true}
{"timestamp": "16:15:56.450309", "frame": 112, "mu": [1.4577479212286368, 4.447039301978593, 1.4406941656386032], "Sigma": [[0.007799010247962998, -0.001977146175393164, -0.006943803802742765], [-0.001977146175393164, 0.0024673373728151832, 0.0013022747876529474], [-0.006943803802742763, 0.0013022747876529476, 0.008065594581338103]], "chi2_level": 0.95, "chi2_df": 3, "chi2_threshold": 7.814727903251179, "N_raw": 16, "N_roi": 15, "N_inlier": 14, "refit": true}
{"timestamp": "16:15:56.614639", "frame": 115, "mu": [1.408929363989078, 4.5778644156073405, 1.3199779162593324], "Sigma": [[0.010645113780711845, -0.0023756568303222323, 0.00019292612762442215], [-0.0023756568303222327, 0.002636081205022005, -0.00040919118649168304], [0.00019292612762442215, -0.00040919118649168315, 0.00019164731551424492]], "chi2_level": 0.95, "chi2_df": 3, "chi2_threshold": 7.814727903251179, "N_raw": 16, "N_roi": 16, "N_inlier": 15, "refit": true}
