{"timestamp": "17:01:35.854765", "frame": 5, "mu": [1.5995462299038163, 0.8889319654525492, 1.3306855606406018], "Sigma": [[0.0016674978297383704, -0.0012891510907802753, -0.0018200199274367953], [-0.0012891510907802753, 0.003569712485441294, -0.003796680116379893], [-0.001820019927436795, -0.003796680116379893, 0.023646140586203766]], "chi2_level": 0.95, "chi2_df": 3, "chi2_threshold": 7.814727903251179, "N_raw": 17, "N_roi": 17, "N_inlier": 15, "refit": true}
{"timestamp": "17:01:36.680172", "frame": 20, "mu": [1.4647390100691533, 1.0370030698122177, 1.4370303667772382], "Sigma": [[0.0033566954017883286, -0.0016995455482115471, -0.0028334148530810444], [-0.0016995455482115471, 0.002580825444850706, 0.0002983466312750597], [-0.0028334148530810444, 0.00029834663127505963, 0.0037476349048065475]], "chi2_level": 0.95, "chi2_df": 3, "chi2_threshold": 7.814727903251179, "N_raw": 19, "N_roi": 19, "N_inlier": 18, "refit": true}
{"timestamp": "17:01:36.847921", "frame": 23, "mu": [1.4564862034126664, 1.0472988832594012, 1.264803777154357], "Sigma": [[0.004253585920115657, -0.004247603935539902, 0.00037485962816834125], [-0.004247603935539902, 0.009302959782719718, -0.004695438048115729], [0.0003748596281683411, -0.004695438048115729, 0.004919162637101356]], "chi2_level": 0.95, "chi2_df": 3, "chi2_threshold": 7.814727903251179, "N_raw": 38, "N_roi": 38, "N_inlier": 36, "refit": true}
{"timestamp": "17:01:36.902128", "frame": 24, "mu": [1.4285890654711535, 0.9887738949330842, 1.4018926081873468], "Sigma": [[0.004252856529278771, -0.0016494622645673992, -0.0016424090224482044], [-0.0016494622645673992, 0.0024912796940129095, -0.0012144979009628724], [-0.0016424090224482044, -0.0012144979009628726, 0.00729269899182107]], "chi2_level": 0.95, "chi2_df": 3, "chi2_threshold": 7.814727903251179, "N_raw": 22, "N_roi": 22, "N_inlier": 19, "refit": true}
{"timestamp": "17:01:37.012824", "frame": 26, "mu": [1.2701049732840728, 1.0985106813202068, 1.4959231871559406], "Sigma": [[0.004830251816039174, -0.002703338341724114, -0.0007284231040093341], [-0.002703338341724114, 0.005772750672281535, 0.00039473453639094424], [-0.0007284231040093341, 0.00039473453639094424, 0.0003231101603450227]], "chi2_level": 0.95, "chi2_df": 3, "chi2_threshold": 7.814727903251179, "N_raw": 28, "N_roi": 28, "N_inlier": 26, "refit": true}
{"timestamp": "17:01:37.069260", "frame": 27, "mu": [1.2530150542532847, 1.0504250731411935, 1.450749085442313], "Sigma": [[0.005135450020889099, -0.003975832093052182, -0.0018001217491837454], [-0.003975832093052182, 0.005053157290833449, -0.0001409454916592421], [-0.0018001217491837459, -0.00014094549165924214, 0.003463028160702911]], "chi2_level": 0.95, "chi2_df": 3, "chi2_threshold": 7.814727903251179, "N_raw": 30, "N_roi": 30, "N_inlier": 27, "refit": true}
{"timestamp": "17:01:37.121021", "frame": 28, "mu": [1.1464431316928214, 1.132799340312344, 1.5436113755850591], "Sigma": [[0.0017177573673499917, 0.0004918900083872471, -0.0003262369599719361], [0.0004918900083872471, 0.0018704763542725037, -0.00018434496780002151], [-0.0003262369599719361, -0.00018434496780002154, 0.00018164248154704077]], "chi2_level": 0.95, "chi2_df": 3, "chi2_threshold": 7.814727903251179, "N_raw": 13, "N_roi": 13, "N_inlier": 12, "refit": true}
{"timestamp": "17:01:37.232473", "frame": 30, "mu": [1.081499834210674, 1.082187198017589, 1.5367590714142954], "Sigma": [[0.003578688433890519, -0.001465927116376592, -0.0015059258925772727], [-0.001465927116376592, 0.0033018896265185607, 0.0002802059780260021], [-0.0015059258925772727, 0.00028020597802600215, 0.0007944917584488579]], "chi2_level": 0.95, "chi2_df": 3, "chi2_threshold": 7.814727903251179, "N_raw": 27, "N_roi": 27, "N_inlier": 26, "refit": true}
{"timestamp": "17:01:37.288972", "frame": 31, "mu": [0.9983138512585404, 1.1450078331176698, 1.5727486467800706], "Sigma": [[0.0027258566719290697, -0.0020092537488609137, -0.0012357207074227255], [-0.0020092537488609137, 0.006394593557547522, 7.120574415971172e-05], [-0.0012357207074227255, 7.120574415971172e-05, 0.0013688500023441887]], "chi2_level": 0.95, "chi2_df": 3, "chi2_threshold": 7.814727903251179, "N_raw": 33, "N_roi": 33, "N_inlier": 32, "refit": true}
{"timestamp": "17:01:37.341781", "frame": 32, "mu": [1.0795670334726633, 1.0309291322632803, 1.365203136564515], "Sigma": [[0.0036241203525425206, -0.002486122555259603, -0.014072426117704736], [-0.002486122555259603, 0.0042352423139464844, 0.014578768686283695], [-0.014072426117704736, 0.014578768686283695, 0.07461580155221699]], "chi2_level": 0.95, "chi2_df": 3, "chi2_threshold": 7.814727903251179, "N_raw": 14, "N_roi": 14, "N_inlier": 14, "refit": true}
{"timestamp": "17:01:37.397862", "frame": 33, "mu": [1.1020417747171252, 1.0123051940718157, 1.0963908308254062], "Sigma": [[0.0032603866003718313, 1.0859577621249875e-06, -0.005004629125133348], [1.085957762124879e-06, 0.0031847973428839656, -0.0056812850171813895], [-0.005004629125133348, -0.0056812850171813895, 0.026162700980225585]], "chi2_level": 0.95, "chi2_df": 3, "chi2_threshold": 7.814727903251179, "N_raw": 21, "N_roi": 21, "N_inlier": 19, "refit": true}
{"timestamp": "17:01:37.453706", "frame": 34, "mu": [1.0378599518811764, 1.0786998013081397, 1.1813956277481832], "Sigma": [[0.005671273262318252, 0.001138222451322907, -0.01329323847613333], [0.0011382224513229065, 0.004116372175213803, -0.009577360277541112], [-0.01329323847613333, -0.009577360277541112, 0.04584328862727367]], "chi2_level": 0.95, "chi2_df": 3, "chi2_threshold": 7.814727903251179, "N_raw": 32, "N_roi": 32, "N_inlier": 29, "refit": true}
{"timestamp": "17:01:37.562064", "frame": 36, "mu": [0.9292892201567435, 1.2283131825923312, -0.4572888109406403], "Sigma": [[0.011875222842727929, 0.005374006934044899, -0.02508558334944174], [0.005374006934044899, 0.005583694875650311, -0.014252191550449132], [-0.02508558334944174, -0.014252191550449132, 0.06073591394839885]], "chi2_level": 0.95, "chi2_df": 3, "chi2_threshold": 7.814727903251179, "N_raw": 13, "N_roi": 13, "N_inlier": 12, "refit": true}
{"timestamp": "17:01:37.618993", "frame": 37, "mu": [0.8232884827611026, 1.051356149976051, 1.4478570701021183], "Sigma": [[0.002850725347737176, -0.0006512890798169095, -0.0036939231975298796], [-0.0006512890798169095, 0.0024008290501856253, -0.0023493672817494673], [-0.0036939231975298796, -0.0023493672817494673, 0.01986041652754035]], "chi2_level": 0.95, "chi2_df": 3, "chi2_threshold": 7.814727903251179, "N_raw": 32, "N_roi": 32, "N_inlier": 28, "refit": true}
{"timestamp": "17:01:37.673030", "frame": 38, "mu": [0.7905088035940957, 1.029033663327367, 1.4234879650444228], "Sigma": [[0.006149986002184391, 0.0009251452809084528, -0.010386413566256348], [0.0009251452809084528, 0.0019943972666274495, -0.002177979935989007], [-0.010386413566256348, -0.002177979935989007, 0.0368145488434633]], "chi2_level": 0.95, "chi2_df": 3, "chi2_threshold": 7.814727903251179, "N_raw": 19, "N_roi": 19, "N_inlier": 16, "refit": true}
{"timestamp": "17:01:37.726695", "frame": 39, "mu": [0.8019668598950891, 0.9708365763474355, 1.2875285278749469], "Sigma": [[0.01667003179129631, -0.008305306304285224, -0.0535630256081331], [-0.008305306304285224, 0.0063634032286977804, 0.03401792302056518], [-0.053563025608133086, 0.03401792302056518, 0.2512723373426748]], "chi2_level": 0.95, "chi2_df": 3, "chi2_threshold": 7.814727903251179, "N_raw": 15, "N_roi": 15, "N_inlier": 13, "refit": true}
{"timestamp": "17:01:37.780852", "frame": 40, "mu": [0.8630280712066476, 0.9016571044056505, 0.9044556584787693], "Sigma": [[0.007612480785317068, -0.010446620951522202, -0.03392169436974554], [-0.010446620951522202, 0.025786847686361733, 0.06536461855611939], [-0.03392169436974554, 0.06536461855611939, 0.38680815161123455]], "chi2_level": 0.95, "chi2_df": 3, "chi2_threshold": 7.814727903251179, "N_raw": 12, "N_roi": 12, "N_inlier": 11, "refit": true}
{"timestamp": "17:01:37.837125", "frame": 41, "mu": [0.8004998788911465, 1.2035913947374632, -0.8818455578699684], "Sigma": [[0.004195843434385958, 0.0011283582860985117, -0.021697631663486355], [0.001128358286098512, 0.011502261658531444, -0.026238511628205785], [-0.021697631663486355, -0.026238511628205778, 0.5128116287761882]], "chi2_level": 0.95, "chi2_df": 3, "chi2_threshold": 7.814727903251179, "N_raw": 13, "N_roi": 13, "N_inlier": 13, "refit": true}
{"timestamp": "17:01:37.896017", "frame": 42, "mu": [0.6623790203362329, 1.0339337636735895, 1.324141138315776], "Sigma": [[0.006599808520155386, -0.0030492659370055346, -0.030078247986558525], [-0.0030492659370055346, 0.006911117415265523, 0.023450187760735264], [-0.030078247986558525, 0.023450187760735264, 0.20788642734370585]], "chi2_level": 0.95, "chi2_df": 3, "chi2_threshold": 7.814727903251179, "N_raw": 38, "N_roi": 38, "N_inlier": 36, "refit": true}
{"timestamp": "17:01:37.955582", "frame": 43, "mu": [0.5978510663110526, 1.0961155599291346, 1.4052440372949455], "Sigma": [[0.0038264773144859633, -0.0012712138278389222, -0.0077903139937439605], [-0.0012712138278389222, 0.005194907538436767, -0.004800403933945168], [-0.00779031399374396, -0.004800403933945167, 0.05177295165396006]], "chi2_level": 0.95, "chi2_df": 3, "chi2_threshold": 7.814727903251179, "N_raw": 68, "N_roi": 67, "N_inlier": 64, "refit": true}
{"timestamp": "17:01:38.012639", "frame": 44, "mu": [0.6410695556737411, 0.979675102625448, 1.305909494551851], "Sigma": [[0.017499394993042868, -0.023234781224456845, -0.005262575500102186], [-0.023234781224456845, 0.04181347964452281, -0.008464416084095363], [-0.005262575500102186, -0.008464416084095363, 0.0483439012703514]], "chi2_level": 0.95, "chi2_df": 3, "chi2_threshold": 7.814727903251179, "N_raw": 81, "N_roi": 80, "N_inlier": 78, "refit": true}
{"timestamp": "17:01:38.065056", "frame": 45, "mu": [0.704596526501535, 1.0732940504771977, -0.506548413017573], "Sigma": [[0.01401515695388861, -0.02435172593669601, 0.0001557306540498468], [-0.02435172593669601, 0.06431236563790113, -0.005769024410215278], [0.0001557306540498466, -0.005769024410215278, 0.0026882157287571994]], "chi2_level": 0.95, "chi2_df": 3, "chi2_threshold": 7.814727903251179, "N_raw": 65, "N_roi": 65, "N_inlier": 65, "refit": true}
{"timestamp": "17:01:38.121542", "frame": 46, "mu": [0.6678461457880716, 0.8576610339150836, 1.3668285198949455], "Sigma": [[0.007741432283555875, 9.936180747651313e-05, -0.004128786990747505], [9.93618074765131e-05, 0.004397829472622647, -0.0005583074416808969], [-0.004128786990747505, -0.000558307441680897, 0.0024381961408817335]], "chi2_level": 0.95, "chi2_df": 3, "chi2_threshold": 7.814727903251179, "N_raw": 75, "N_roi": 75, "N_inlier": 68, "refit": true}
{"timestamp": "17:01:38.222865", "frame": 48, "mu": [0.487716170573122, 1.2577887214842929, -0.576065118985643], "Sigma": [[0.001440233583264381, -0.00391160738610527, 0.0031425589279464776], [-0.00391160738610527, 0.026467724388926243, -0.022432808061893836], [0.003142558927946478, -0.022432808061893836, 0.022659561464875883]], "chi2_level": 0.95, "chi2_df": 3, "chi2_threshold": 7.814727903251179, "N_raw": 28, "N_roi": 27, "N_inlier": 24, "refit": true}
{"timestamp": "17:01:38.283432", "frame": 49, "mu": [0.39762101810077916, 1.0420963802745848, 1.3610362356934258], "Sigma": [[0.003770843148245436, 0.00031333238046074693, -0.0020074081520846014], [0.00031333238046074693, 0.0018054624825840943, -0.0036326359941241835], [-0.0020074081520846014, -0.003632635994124183, 0.012479501437919075]], "chi2_level": 0.95, "chi2_df": 3, "chi2_threshold": 7.814727903251179, "N_raw": 63, "N_roi": 63, "N_inlier": 60, "refit": true}
{"timestamp": "17:01:38.338830", "frame": 50, "mu": [0.28395620891762224, 1.0940418980086302, 1.4942788048260738], "Sigma": [[0.0033888984499771185, 0.00012936842183955752, -0.0024877386230414073], [0.00012936842183955763, 0.0033568891766410356, -0.0021339079136237747], [-0.0024877386230414073, -0.0021339079136237747, 0.003202157054398705]], "chi2_level": 0.95, "chi2_df": 3, "chi2_threshold": 7.814727903251179, "N_raw": 63, "N_roi": 63, "N_inlier": 57, "refit": true}
{"timestamp": "17:01:38.392197", "frame": 51, "mu": [0.5022814525251245, 0.8111720681636461, 1.015808925557791], "Sigma": [[0.008460415853522653, -0.009691166283785052, 0.021049728177108214], [-0.009691166283785052, 0.017578370817612578, -0.01744990986846167], [0.021049728177108214, -0.017449909868461667, 0.23098080613413954]], "chi2_level": 0.95, "chi2_df": 3, "chi2_threshold": 7.814727903251179, "N_raw": 50, "N_roi": 50, "N_inlier": 45, "refit": true}
{"timestamp": "17:01:38.448088", "frame": 52, "mu": [0.28649520906471637, 0.9011308910868725, -1.1240420545423309], "Sigma": [[0.025465674774699895, -0.02799737297183285, -0.1181431737629818], [-0.02799737297183285, 0.06759844483668176, 0.17887736209949487], [-0.11814317376298178, 0.17887736209949484, 0.7173166395107239]], "chi2_level": 0.95, "chi2_df": 3, "chi2_threshold": 7.814727903251179, "N_raw": 55, "N_roi": 55, "N_inlier": 48, "refit": true}
{"timestamp": "17:01:38.503664", "frame": 53, "mu": [0.1525351694129282, 1.0308726945876894, 1.3080966303440305], "Sigma": [[0.003977623446902684, -0.0018886338829354468, -0.010330735667863735], [-0.0018886338829354466, 0.003742104721176387, 0.004729973834237743], [-0.010330735667863737, 0.004729973834237743, 0.04208446538336494]], "chi2_level": 0.95, "chi2_df": 3, "chi2_threshold": 7.814727903251179, "N_raw": 53, "N_roi": 53, "N_inlier": 45, "refit": true}
{"timestamp": "17:01:38.564425", "frame": 54, "mu": [0.06479110314012806, 1.175237321973293, -0.47406081529064964], "Sigma": [[0.0023539017688516926, 0.0017455152913347326, 0.0049698515194696565], [0.0017455152913347326, 0.014330178135467157, -0.011989834080654089], [0.0049698515194696565, -0.011989834080654089, 0.05999939568756288]], "chi2_level": 0.95, "chi2_df": 3, "chi2_threshold": 7.814727903251179, "N_raw": 93, "N_roi": 93, "N_inlier": 86, "refit": true}
{"timestamp": "17:01:38.614372", "frame": 55, "mu": [0.25325645456836754, 0.7306709589615411, 1.238073800615809], "Sigma": [[0.015013285657805226, -0.019880295025148625, -0.006055045712416773], [-0.019880295025148625, 0.031186059892866175, 0.0059343217847475154], [-0.006055045712416773, 0.005934321784747515, 0.009219765034652837]], "chi2_level": 0.95, "chi2_df": 3, "chi2_threshold": 7.814727903251179, "N_raw": 65, "N_roi": 65, "N_inlier": 60, "refit": true}
{"timestamp": "17:01:38.671231", "frame": 56, "mu": [0.19855512294835206, 0.7212151307254657, 1.2460241383144293], "Sigma": [[0.014376559158864054, -0.018948190636080352, -0.008080935095114199], [-0.018948190636080352, 0.03055754604431643, 0.00832496649819136], [-0.008080935095114199, 0.00832496649819136, 0.005984527879408826]], "chi2_level": 0.95, "chi2_df": 3, "chi2_threshold": 7.814727903251179, "N_raw": 81, "N_roi": 81, "N_inlier": 77, "refit": true}
{"timestamp": "17:01:38.726571", "frame": 57, "mu": [0.11743827107930108, 0.7802630105279176, 1.245446730537209], "Sigma": [[0.01252358057461755, -0.021378222350972666, 0.001344137501391023], [-0.021378222350972666, 0.04834037554087678, 0.004539025572211623], [0.0013441375013910227, 0.004539025572211623, 0.01826258824296236]], "chi2_level": 0.95, "chi2_df": 3, "chi2_threshold": 7.814727903251179, "N_raw": 82, "N_roi": 82, "N_inlier": 82, "refit": true}
{"timestamp": "17:01:38.785711", "frame": 58, "mu": [0.008297333760931476, 0.8735591083188287, 1.212953043364852], "Sigma": [[0.021152883496126713, -0.026272087485351026, 0.01141017540857617], [-0.026272087485351026, 0.04130893978972975, -0.01325661187785314], [0.01141017540857617, -0.01325661187785314, 0.011620301470286011]], "chi2_level": 0.95, "chi2_df": 3, "chi2_threshold": 7.814727903251179, "N_raw": 110, "N_roi": 108, "N_inlier": 108, "refit": true}
{"timestamp": "17:01:38.836230", "frame": 59, "mu": [0.04184026927597684, 0.6789044991898048, 1.2734632807200352], "Sigma": [[0.007340503128082502, -0.010321415581036298, -0.0063778561146011345], [-0.010321415581036298, 0.017285847960076935, 0.007429674753265758], [-0.006377856114601134, 0.007429674753265758, 0.007867431665683095]], "chi2_level": 0.95, "chi2_df": 3, "chi2_threshold": 7.814727903251179, "N_raw": 70, "N_roi": 70, "N_inlier": 64, "refit": true}
{"timestamp": "17:01:38.887217", "frame": 60, "mu": [-0.23157520314579152, 1.054416280756798, 1.2501750854686693], "Sigma": [[0.005495075394272963, -0.0064945537559611055, 0.008588861526886333], [-0.0064945537559611055, 0.00999957531595877, -0.012053674388782814], [0.008588861526886333, -0.012053674388782814, 0.039180120150531544]], "chi2_level": 0.95, "chi2_df": 3, "chi2_threshold": 7.814727903251179, "N_raw": 50, "N_roi": 50, "N_inlier": 45, "refit": true}
{"timestamp": "17:01:38.948546", "frame": 61, "mu": [-0.07185124081258397, 0.774819697810491, 1.3362723727332508], "Sigma": [[0.017024703766293198, -0.020664684693391746, -0.015136297921602652], [-0.020664684693391746, 0.0277444686070497, 0.01689634399295794], [-0.015136297921602652, 0.01689634399295794, 0.019565618580379862]], "chi2_level": 0.95, "chi2_df": 3, "chi2_threshold": 7.814727903251179, "N_raw": 94, "N_roi": 94, "N_inlier": 89, "refit": true}
{"timestamp": "17:01:39.001144", "frame": 62, "mu": [-0.18288525461921737, 0.9836548100328537, -0.6655297083588201], "Sigma": [[0.039868264625011404, -0.035691766750575456, 0.021766795538020387], [-0.035691766750575456, 0.040506025295018316, -0.02097721772154522], [0.021766795538020387, -0.02097721772154522, 0.04370250512442033]], "chi2_level": 0.95, "chi2_df": 3, "chi2_threshold": 7.814727903251179, "N_raw": 75, "N_roi": 75, "N_inlier": 69, "refit": true}
{"timestamp": "17:01:39.050005", "frame": 63, "mu": [-0.1266324817020109, 0.8997790135737792, -0.6380252266374254], "Sigma": [[0.013131627224173695, -0.02201314315045811, 0.015238339016043755], [-0.02201314315045811, 0.04233435042510322, -0.044211383859076525], [0.015238339016043758, -0.04421138385907652, 0.10266534889193146]], "chi2_level": 0.95, "chi2_df": 3, "chi2_threshold": 7.814727903251179, "N_raw": 27, "N_roi": 27, "N_inlier": 23, "refit": true}
{"timestamp": "17:01:39.107580", "frame": 64, "mu": [-0.2664032163047764, 0.8433333224276207, 1.2307088945074691], "Sigma": [[0.026649890686972925, -0.0392350865247941, 0.009009816296864544], [-0.0392350865247941, 0.059905817872416986, -0.014759268029851084], [0.009009816296864544, -0.014759268029851084, 0.029021928316971028]], "chi2_level": 0.95, "chi2_df": 3, "chi2_threshold": 7.814727903251179, "N_raw": 51, "N_roi": 51, "N_inlier": 50, "refit": true}
{"timestamp": "17:01:39.164856", "frame": 65, "mu": [-0.35459594697946145, 0.9452856585185965, 1.1898616928435], "Sigma": [[0.012755511539692302, -0.01698425755567484, -0.0025725004470051795], [-0.01698425755567484, 0.027609325861925813, 0.002041637339310668], [-0.0025725004470051795, 0.002041637339310667, 0.052148894475389826]], "chi2_level": 0.95, "chi2_df": 3, "chi2_threshold": 7.814727903251179, "N_raw": 66, "N_roi": 66, "N_inlier": 63, "refit": true}
{"timestamp": "17:01:39.225795", "frame": 66, "mu": [-0.47397698558322116, 1.0048477583134243, 1.2854377845756204], "Sigma": [[0.011810610374506121, -0.010799187403424147, 0.01113930773571644], [-0.010799187403424147, 0.014915866519332318, -0.01129656954173895], [0.01113930773571644, -0.01129656954173895, 0.06635593963106687]], "chi2_level": 0.95, "chi2_df": 3, "chi2_threshold": 7.814727903251179, "N_raw": 103, "N_roi": 103, "N_inlier": 98, "refit": true}
{"timestamp": "17:01:39.273955", "frame": 67, "mu": [-0.33458624124927566, 0.7738397067958767, 1.1796932234272743], "Sigma": [[0.03772866068007469, -0.04273542351970063, 0.013146575843676763], [-0.04273542351970063, 0.051605819035813544, -0.017499226429827302], [0.013146575843676764, -0.017499226429827302, 0.007892721049363383]], "chi2_level": 0.95, "chi2_df": 3, "chi2_threshold": 7.814727903251179, "N_raw": 59, "N_roi": 57, "N_inlier": 54, "refit": true}
{"timestamp": "17:01:39.332410", "frame": 68, "mu": [-0.3741590546627813, 0.797039089540694, 1.3345136486874873], "Sigma": [[0.011449850049793696, -0.01609663796109262, -0.008637591964207814], [-0.01609663796109262, 0.026600972141369854, 0.012439958978673882], [-0.008637591964207814, 0.012439958978673882, 0.00806030098394503]], "chi2_level": 0.95, "chi2_df": 3, "chi2_threshold": 7.814727903251179, "N_raw": 85, "N_roi": 84, "N_inlier": 79, "refit": true}
{"timestamp": "17:01:39.383261", "frame": 69, "mu": [-0.4182422689937562, 0.7683376749238862, 1.3703439828368134], "Sigma": [[0.026053314413627834, -0.027346438306102828, -0.026589135593408395], [-0.02734643830610283, 0.032387167682003545, 0.027348805431212736], [-0.0265891355934084, 0.027348805431212736, 0.02860919763860909]], "chi2_level": 0.95, "chi2_df": 3, "chi2_threshold": 7.814727903251179, "N_raw": 53, "N_roi": 53, "N_inlier": 48, "refit": true}
{"timestamp": "17:01:39.440315", "frame": 70, "mu": [-0.521579018915797, 0.8301157754738407, 1.2590976586635256], "Sigma": [[0.05600342622579595, -0.04912086959139904, 0.001208076969451614], [-0.049120869591399045, 0.04695449114490876, 0.002765775426835088], [0.0012080769694516136, 0.002765775426835089, 0.012945176058815509]], "chi2_level": 0.95, "chi2_df": 3, "chi2_threshold": 7.814727903251179, "N_raw": 74, "N_roi": 74, "N_inlier": 74, "refit": true}
{"timestamp": "17:01:39.490686", "frame": 71, "mu": [-0.3879012492992506, 0.645756800238, 1.260929862485976], "Sigma": [[0.011890947174607522, -0.010253900107074287, -0.009117328028293918], [-0.010253900107074287, 0.010194814916834117, 0.00782868014392054], [-0.009117328028293918, 0.00782868014392054, 0.009270013770275235]], "chi2_level": 0.95, "chi2_df": 3, "chi2_threshold": 7.814727903251179, "N_raw": 39, "N_roi": 39, "N_inlier": 30, "refit": true}
{"timestamp": "17:01:39.552619", "frame": 72, "mu": [-0.7308810603512171, 0.693213209263933, 1.5318234485261897], "Sigma": [[0.09369385400416588, -0.010608636342925214, -0.07722459961863165], [-0.010608636342925214, 0.006652577190463787, 0.008169712056128122], [-0.07722459961863165, 0.008169712056128122, 0.0666061885415497]], "chi2_level": 0.95, "chi2_df": 3, "chi2_threshold": 7.814727903251179, "N_raw": 87, "N_roi": 86, "N_inlier": 82, "refit": true}
{"timestamp": "17:01:39.604236", "frame": 73, "mu": [-0.726325304858014, 0.6642392600406803, 1.5221643927985724], "Sigma": [[0.09630837893147984, -0.016356402375017044, -0.08325603036695932], [-0.016356402375017044, 0.005267308086441393, 0.013300822104243139], [-0.0832560303669593, 0.013300822104243139, 0.073210786643325]], "chi2_level": 0.95, "chi2_df": 3, "chi2_threshold": 7.814727903251179, "N_raw": 57, "N_roi": 57, "N_inlier": 54, "refit": true}
{"timestamp": "17:01:39.663270", "frame": 74, "mu": [-0.8136192554359444, 0.7067221374633403, 1.5317322952456482], "Sigma": [[0.06900969151720968, -0.016953669161445625, -0.05632221124721161], [-0.016953669161445625, 0.010897409840901163, 0.012849687265776759], [-0.05632221124721161, 0.01284968726577676, 0.04925072403326823]], "chi2_level": 0.95, "chi2_df": 3, "chi2_threshold": 7.814727903251179, "N_raw": 95, "N_roi": 94, "N_inlier": 93, "refit": true}
{"timestamp": "17:01:39.716065", "frame": 75, "mu": [-0.8607689007529902, 0.6736167203049706, 1.5185026872893452], "Sigma": [[0.068247571052823, -0.014363990577376617, -0.0570216163776502], [-0.014363990577376619, 0.007067998749176379, 0.011599791301808684], [-0.0570216163776502, 0.011599791301808684, 0.05035393615984233]], "chi2_level": 0.95, "chi2_df": 3, "chi2_threshold": 7.814727903251179, "N_raw": 75, "N_roi": 75, "N_inlier": 72, "refit": true}
{"timestamp": "17:01:39.769555", "frame": 76, "mu": [-1.0392452468697355, 0.7182658081746855, 1.6841677388023235], "Sigma": [[0.0073050851016509535, 0.001805435889868254, -0.002201416924497277], [0.001805435889868254, 0.006520304149624485, -0.004919983583067376], [-0.002201416924497277, -0.004919983583067375, 0.005005130081357652]], "chi2_level": 0.95, "chi2_df": 3, "chi2_threshold": 7.814727903251179, "N_raw": 69, "N_roi": 69, "N_inlier": 66, "refit": true}
{"timestamp": "17:01:39.826314", "frame": 77, "mu": [-1.0496726941185233, 0.7425722955742255, 1.6299900215571643], "Sigma": [[0.00990793068205832, 0.002468129094879053, -0.005632052869361323], [0.002468129094879053, 0.006131038796671294, -0.005440043803451625], [-0.005632052869361323, -0.005440043803451624, 0.006851309523410757]], "chi2_level": 0.95, "chi2_df": 3, "chi2_threshold": 7.814727903251179, "N_raw": 75, "N_roi": 75, "N_inlier": 72, "refit": true}
{"timestamp": "17:01:39.884999", "frame": 78, "mu": [-1.0080081544778212, 0.8085525063284614, 1.138109221299313], "Sigma": [[0.015899196954220988, 0.014523348318627389, -0.050667857455897414], [0.014523348318627387, 0.02446489363383974, -0.08313836090785884], [-0.050667857455897414, -0.08313836090785884, 0.3099045093651341]], "chi2_level": 0.95, "chi2_df": 3, "chi2_threshold": 7.814727903251179, "N_raw": 104, "N_roi": 104, "N_inlier": 100, "refit": true}
{"timestamp": "17:01:39.937121", "frame": 79, "mu": [-1.0518794628459613, 0.7361345558727485, 1.3440980472748862], "Sigma": [[0.012913246374946065, 0.00889079200034013, -0.02883133606874464], [0.00889079200034013, 0.021753841089398165, -0.05507423991746151], [-0.02883133606874464, -0.05507423991746151, 0.1777894791897847]], "chi2_level": 0.95, "chi2_df": 3, "chi2_threshold": 7.814727903251179, "N_raw": 81, "N_roi": 81, "N_inlier": 74, "refit": true}
{"timestamp": "17:01:39.989516", "frame": 80, "mu": [-1.118389694769945, 0.6492512243975339, 1.5353221137031892], "Sigma": [[0.00729009184041924, 0.0005570826365687936, -0.0024825373553020013], [0.0005570826365687937, 0.004626891401343934, -0.0024889143174741716], [-0.0024825373553020013, -0.0024889143174741716, 0.0026504995825707986]], "chi2_level": 0.95, "chi2_df": 3, "chi2_threshold": 7.814727903251179, "N_raw": 62, "N_roi": 62, "N_inlier": 53, "refit": true}
{"timestamp": "17:01:40.044904", "frame": 81, "mu": [-1.145335359290718, 0.6383170694013217, 1.539485408552859], "Sigma": [[0.008522084944738635, 0.00015910620900966386, -0.004439491381690969], [0.00015910620900966396, 0.007753332299635623, -0.0034592234736107834], [-0.004439491381690969, -0.0034592234736107834, 0.005562344210511781]], "chi2_level": 0.95, "chi2_df": 3, "chi2_threshold": 7.814727903251179, "N_raw": 64, "N_roi": 64, "N_inlier": 60, "refit": true}
{"timestamp": "17:01:40.100891", "frame": 82, "mu": [-1.191886416291695, 0.6965267484096981, -0.32519660282919205], "Sigma": [[0.007898983103296476, -0.0029161825315413927, -0.006796325171529133], [-0.0029161825315413923, 0.018335607323857243, 0.005809451764248794], [-0.006796325171529133, 0.005809451764248795, 0.008415587436150061]], "chi2_level": 0.95, "chi2_df": 3, "chi2_threshold": 7.814727903251179, "N_raw": 75, "N_roi": 75, "N_inlier": 69, "refit": true}
{"timestamp": "17:01:40.154334", "frame": 83, "mu": [-1.2212929587808063, 0.6433218698573472, 1.5351108189342237], "Sigma": [[0.009828242791449586, -0.00012422000096678503, -0.0055329556686837846], [-0.0001242200009667847, 0.010045882882234824, -0.0014529888162679548], [-0.0055329556686837846, -0.0014529888162679548, 0.003748261237356794]], "chi2_level": 0.95, "chi2_df": 3, "chi2_threshold": 7.814727903251179, "N_raw": 64, "N_roi": 64, "N_inlier": 61, "refit": true}
{"timestamp": "17:01:40.210805", "frame": 84, "mu": [-1.2566656744293716, 0.7007204814468029, 1.5177223309926167], "Sigma": [[0.00975594619202737, 0.0016355546602531451, -0.004860235531699624], [0.0016355546602531447, 0.011572101586078647, -0.004192978647047115], [-0.004860235531699624, -0.004192978647047115, 0.0046273883343284595]], "chi2_level": 0.95, "chi2_df": 3, "chi2_threshold": 7.814727903251179, "N_raw": 75, "N_roi": 75, "N_inlier": 71, "refit": true}
{"timestamp": "17:01:40.265695", "frame": 85, "mu": [-1.291198723108867, 0.6871117662947062, 1.4963058288687834], "Sigma": [[0.00944531842242434, 1.223856998275525e-06, -0.003907913681054239], [1.2238569982754707e-06, 0.017758237369112424, -0.0025725101413429543], [-0.003907913681054238, -0.0025725101413429543, 0.0034070748402869125]], "chi2_level": 0.95, "chi2_df": 3, "chi2_threshold": 7.814727903251179, "N_raw": 81, "N_roi": 81, "N_inlier": 80, "refit": true}
{"timestamp": "17:01:40.318659", "frame": 86, "mu": [-1.2991325267157514, 0.641713768950313, -0.4571556621196639], "Sigma": [[0.008483888723993981, 0.0060463937557106015, 0.0021214370901867], [0.0060463937557106015, 0.0262172721625065, 0.007164130174949717], [0.0021214370901867004, 0.007164130174949718, 0.003711378771976479]], "chi2_level": 0.95, "chi2_df": 3, "chi2_threshold": 7.814727903251179, "N_raw": 62, "N_roi": 62, "N_inlier": 61, "refit": true}
{"timestamp": "17:01:40.379538", "frame": 87, "mu": [-1.3536224536600079, 0.6312915689911822, 1.3977045909333798], "Sigma": [[0.012168354502990352, 0.0033607425574720363, -0.0029509620951544855], [0.003360742557472036, 0.02263441141712523, -0.0063073797025311506], [-0.0029509620951544855, -0.006307379702531151, 0.002561845362536131]], "chi2_level": 0.95, "chi2_df": 3, "chi2_threshold": 7.814727903251179, "N_raw": 100, "N_roi": 100, "N_inlier": 95, "refit": true}
{"timestamp": "17:01:40.432791", "frame": 88, "mu": [-1.4203893172391262, 0.6972005549050959, 1.470180670358688], "Sigma": [[0.013104221822058197, -0.0006764128041127891, -0.006127005781770164], [-0.0006764128041127891, 0.02117829429193579, -0.0012646075629221864], [-0.006127005781770162, -0.0012646075629221866, 0.004327944591422817]], "chi2_level": 0.95, "chi2_df": 3, "chi2_threshold": 7.814727903251179, "N_raw": 86, "N_roi": 86, "N_inlier": 83, "refit": true}
{"timestamp": "17:01:40.490640", "frame": 89, "mu": [-1.3819994463142942, 0.7149682384300217, 1.3972187747652827], "Sigma": [[0.017201900410356227, 0.008871842661752147, -0.005779002952212927], [0.008871842661752147, 0.02292815498874398, -0.007908561638428522], [-0.005779002952212927, -0.007908561638428522, 0.0038971339267533205]], "chi2_level": 0.95, "chi2_df": 3, "chi2_threshold": 7.814727903251179, "N_raw": 107, "N_roi": 107, "N_inlier": 105, "refit": true}
{"timestamp": "17:01:40.541762", "frame": 90, "mu": [-1.4306258822427353, 0.7263195475543849, 1.3890243165588059], "Sigma": [[0.010582041850578695, 0.007333450749215055, 0.00017207854008774448], [0.007333450749215055, 0.018553985195525848, -0.006293277422711496], [0.00017207854008774453, -0.006293277422711496, 0.004716434589437587]], "chi2_level": 0.95, "chi2_df": 3, "chi2_threshold": 7.814727903251179, "N_raw": 85, "N_roi": 85, "N_inlier": 84, "refit": true}
{"timestamp": "17:01:40.595055", "frame": 91, "mu": [-1.441632098983549, 0.7315286216414709, 1.3471538529449436], "Sigma": [[0.010153039509393636, 0.007241630071659757, -0.0001585250082746009], [0.007241630071659757, 0.013883433540403584, -0.00472887812822886], [-0.00015852500827460097, -0.00472887812822886, 0.0029339974760216325]], "chi2_level": 0.95, "chi2_df": 3, "chi2_threshold": 7.814727903251179, "N_raw": 69, "N_roi": 69, "N_inlier": 64, "refit": true}
{"timestamp": "17:01:40.650515", "frame": 92, "mu": [-1.4826002281481472, 0.7336999189942561, 1.4003256037129508], "Sigma": [[0.01563498035520896, 0.011345818878348825, -0.002175262530678334], [0.011345818878348825, 0.01866661829880574, -0.0056281142204145426], [-0.002175262530678334, -0.0056281142204145426, 0.0022472397791823487]], "chi2_level": 0.95, "chi2_df": 3, "chi2_threshold": 7.814727903251179, "N_raw": 77, "N_roi": 77, "N_inlier": 76, "refit": true}
{"timestamp": "17:01:40.706553", "frame": 93, "mu": [-1.5385947787945558, 0.7432122695897606, 1.3963058857113975], "Sigma": [[0.016412197972686688, 0.009269512223352466, -0.0008489375554660069], [0.009269512223352466, 0.014705121103737286, -0.005074391091193498], [-0.000848937555466007, -0.0050743910911935, 0.0030366340408931013]], "chi2_level": 0.95, "chi2_df": 3, "chi2_threshold": 7.814727903251179, "N_raw": 79, "N_roi": 79, "N_inlier": 77, "refit": true}
{"timestamp": "17:01:40.764758", "frame": 94, "mu": [-1.4606116091652908, 0.9005711587562406, 1.393845333371079], "Sigma": [[0.022267975536104993, 0.00983990638489209, -0.01150843995173517], [0.00983990638489209, 0.013657156258866151, -0.008105458266417842], [-0.011508439951735169, -0.008105458266417842, 0.0077155618046002485]], "chi2_level": 0.95, "chi2_df": 3, "chi2_threshold": 7.814727903251179, "N_raw": 104, "N_roi": 104, "N_inlier": 95, "refit": true}
{"timestamp": "17:01:40.816913", "frame": 95, "mu": [-1.533558191271842, 0.8683086343564904, -0.5944231801873646], "Sigma": [[0.017144922599484635, 0.006898708339495359, 0.0006263491395590726], [0.006898708339495358, 0.012376352207796251, -0.0014528479227290756], [0.0006263491395590725, -0.0014528479227290752, 0.006123363400701864]], "chi2_level": 0.95, "chi2_df": 3, "chi2_threshold": 7.814727903251179, "N_raw": 82, "N_roi": 82, "N_inlier": 78, "refit": true}
{"timestamp": "17:01:40.872782", "frame": 96, "mu": [-1.5624788101198768, 0.9052258291053665, -0.29777951125317936], "Sigma": [[0.016790809896379308, 0.008155890041914582, 0.05472831370736571], [0.00815589004191458, 0.009885299492553989, 0.04316682634064081], [0.05472831370736571, 0.04316682634064081, 0.568861581220416]], "chi2_level": 0.95, "chi2_df": 3, "chi2_threshold": 7.814727903251179, "N_raw": 87, "N_roi": 87, "N_inlier": 87, "refit": true}
{"timestamp": "17:01:40.923699", "frame": 97, "mu": [-1.6554746073890123, 0.9023876700186325, 1.329009229321237], "Sigma": [[0.009726229743633618, 0.005079506531726064, 0.0041535972837275035], [0.0050795065317260635, 0.00696018611138785, 7.27320307552177e-05], [0.0041535972837275035, 7.273203075521749e-05, 0.021358105181684645]], "chi2_level": 0.95, "chi2_df": 3, "chi2_threshold": 7.814727903251179, "N_raw": 62, "N_roi": 62, "N_inlier": 61, "refit": true}
{"timestamp": "17:01:40.981159", "frame": 98, "mu": [-1.6541083321652366, 0.9763361129144184, 1.376654576243884], "Sigma": [[0.015257202431442763, 0.007752850046162331, 0.0029817531711589735], [0.007752850046162331, 0.011856192680440846, -0.003990015948942432], [0.0029817531711589735, -0.003990015948942432, 0.008831200850881122]], "chi2_level": 0.95, "chi2_df": 3, "chi2_threshold": 7.814727903251179, "N_raw": 83, "N_roi": 83, "N_inlier": 80, "refit": true}
{"timestamp": "17:01:41.035000", "frame": 99, "mu": [-1.778029511305754, 0.9577096166924257, 1.422069397008261], "Sigma": [[0.016161114894195895, 0.010013922151764713, 0.005874976076364248], [0.010013922151764713, 0.01150322470531097, -0.0012302809488541012], [0.005874976076364248, -0.0012302809488541015, 0.015923059981781527]], "chi2_level": 0.95, "chi2_df": 3, "chi2_threshold": 7.814727903251179, "N_raw": 73, "N_roi": 73, "N_inlier": 70, "refit": true}
{"timestamp": "17:01:41.198582", "frame": 100, "mu": [-1.7994799573148272, 0.9678289665113567, 1.3949568549715377], "Sigma": [[0.030643449176154317, 0.01414300116566149, 0.00564263927457033], [0.01414300116566149, 0.01362435433823033, -0.003279901366532042], [0.00564263927457033, -0.0032799013665320417, 0.013243110001678483]], "chi2_level": 0.95, "chi2_df": 3, "chi2_threshold": 7.814727903251179, "N_raw": 96, "N_roi": 96, "N_inlier": 94, "refit": true}
{"timestamp": "17:01:41.221738", "frame": 101, "mu": [-1.7460224567902054, 1.0511302900821107, 1.3688101921225817], "Sigma": [[0.026138402931769306, 0.007900181955450425, -0.00045988360520029105], [0.007900181955450425, 0.009536124571107597, -0.00515791106343412], [-0.00045988360520029126, -0.005157911063434121, 0.016292010240826712]], "chi2_level": 0.95, "chi2_df": 3, "chi2_threshold": 7.814727903251179, "N_raw": 100, "N_roi": 100, "N_inlier": 96, "refit": true}
{"timestamp": "17:01:41.252912", "frame": 102, "mu": [-1.7930894935466783, 1.0535751982627417, 1.3781766167800633], "Sigma": [[0.029094417864939704, 0.007915030481014919, 0.007180879948655388], [0.00791503048101492, 0.009653986074647783, -0.0017660928843872218], [0.007180879948655388, -0.001766092884387222, 0.015854483867177374]], "chi2_level": 0.95, "chi2_df": 3, "chi2_threshold": 7.814727903251179, "N_raw": 100, "N_roi": 100, "N_inlier": 96, "refit": true}
{"timestamp": "17:01:41.283912", "frame": 103, "mu": [-1.763745731311678, 1.1139023345307761, 1.4607205810001063], "Sigma": [[0.013736947521551494, 0.0010715296197503178, -0.008789035324964344], [0.0010715296197503176, 0.01142437747224709, -0.00536453948208686], [-0.008789035324964342, -0.005364539482086859, 0.012485011404808304]], "chi2_level": 0.95, "chi2_df": 3, "chi2_threshold": 7.814727903251179, "N_raw": 69, "N_roi": 69, "N_inlier": 67, "refit": true}
{"timestamp": "17:01:41.315475", "frame": 104, "mu": [-1.7701437270610065, 1.1469137142400596, 1.4810591733872152], "Sigma": [[0.023168490740293462, 0.002549898961402025, -0.017950969462776373], [0.002549898961402025, 0.01215606153534317, -0.004516547896935701], [-0.01795096946277637, -0.004516547896935701, 0.016584256475736917]], "chi2_level": 0.95, "chi2_df": 3, "chi2_threshold": 7.814727903251179, "N_raw": 86, "N_roi": 86, "N_inlier": 83, "refit": true}
{"timestamp": "17:01:41.365155", "frame": 105, "mu": [-1.7345520368958445, 1.2334893979301291, 1.4498781605832196], "Sigma": [[0.015192324662328777, 0.000844346384365053, -0.014691058408232479], [0.0008443463843650527, 0.013784198237537825, 0.0003745986005356008], [-0.014691058408232479, 0.0003745986005356006, 0.015809397193913048]], "chi2_level": 0.95, "chi2_df": 3, "chi2_threshold": 7.814727903251179, "N_raw": 74, "N_roi": 74, "N_inlier": 71, "refit": true}
{"timestamp": "17:01:41.420113", "frame": 106, "mu": [-1.785591129895966, 1.169828658328799, 1.339732712205365], "Sigma": [[0.02077326853377178, 0.008127206127548938, -0.003064513755704414], [0.00812720612754894, 0.0070518246492528485, -0.005331742946319402], [-0.0030645137557044136, -0.005331742946319402, 0.01137676887055488]], "chi2_level": 0.95, "chi2_df": 3, "chi2_threshold": 7.814727903251179, "N_raw": 75, "N_roi": 75, "N_inlier": 73, "refit": true}
{"timestamp": "17:01:41.473916", "frame": 107, "mu": [-1.792540550306768, 1.2507298747080149, 1.4225734546434277], "Sigma": [[0.015915097428316368, -8.013188416070092e-05, -0.014078150680731096], [-8.013188416070092e-05, 0.010073745526735447, -0.002022560790092271], [-0.014078150680731098, -0.002022560790092271, 0.014919184952962185]], "chi2_level": 0.95, "chi2_df": 3, "chi2_threshold": 7.814727903251179, "N_raw": 65, "N_roi": 65, "N_inlier": 62, "refit": true}
{"timestamp": "17:01:41.532034", "frame": 108, "mu": [-1.8406668281432041, 1.2945491710912633, 1.4669542372114852], "Sigma": [[0.023860498224307483, 0.0012071775184669422, -0.014964749378511366], [0.0012071775184669424, 0.011569632459305037, -0.004773614967449483], [-0.014964749378511366, -0.004773614967449484, 0.014670518139693115]], "chi2_level": 0.95, "chi2_df": 3, "chi2_threshold": 7.814727903251179, "N_raw": 90, "N_roi": 90, "N_inlier": 89, "refit": true}
{"timestamp": "17:01:41.585999", "frame": 109, "mu": [-1.8253914931563942, 1.3413358656662733, -0.4421115016343414], "Sigma": [[0.020934231703509464, 0.012626776747805695, 0.007131769953079728], [0.012626776747805695, 0.019221100407179705, 0.007595976501152021], [0.007131769953079727, 0.007595976501152021, 0.013336337803628308]], "chi2_level": 0.95, "chi2_df": 3, "chi2_threshold": 7.814727903251179, "N_raw": 74, "N_roi": 74, "N_inlier": 73, "refit": true}
{"timestamp": "17:01:41.643643", "frame": 110, "mu": [-1.781049774502435, 1.3561188114605356, 1.279555093014662], "Sigma": [[0.016757560173500198, 0.011096340758941493, -0.0013123445929236561], [0.011096340758941493, 0.013326650140706721, -0.009553903889854344], [-0.0013123445929236557, -0.009553903889854344, 0.015740862523479685]], "chi2_level": 0.95, "chi2_df": 3, "chi2_threshold": 7.814727903251179, "N_raw": 96, "N_roi": 96, "N_inlier": 93, "refit": true}
