{"timestamp": "16:31:58.881400", "frame": 1, "mu": [1.1892363137560387, 1.194934152176303, 1.3570203038804936], "Sigma": [[0.0020841441641114063, -0.0004933353247138055, -0.000398562760458673], [-0.0004933353247138055, 0.0019608769592835465, -0.000567358602984054], [-0.000398562760458673, -0.000567358602984054, 0.0003442763199380186]], "chi2_level": 0.95, "chi2_df": 3, "chi2_threshold": 7.814727903251179, "N_raw": 19, "N_roi": 19, "N_inlier": 17, "refit": true}
{"timestamp": "16:31:58.941197", "frame": 2, "mu": [1.212569958625097, 1.2316995576500724, 1.2707210642593427], "Sigma": [[0.004327243392972978, -0.0010588728993878702, -0.0047249910234463], [-0.00105887289938787, 0.0030961682532161233, -0.002040834422037255], [-0.0047249910234463, -0.002040834422037255, 0.02223293460116449]], "chi2_level": 0.95, "chi2_df": 3, "chi2_threshold": 7.814727903251179, "N_raw": 54, "N_roi": 54, "N_inlier": 50, "refit": true}
{"timestamp": "16:31:58.994700", "frame": 3, "mu": [1.1766754279186156, 1.2157401478197534, 1.3914577425275396], "Sigma": [[0.011678765630377045, 0.001150797089103762, -0.005006834357339764], [0.001150797089103762, 0.004754988243923507, -0.0012013885088360528], [-0.005006834357339764, -0.0012013885088360526, 0.002560665618247495]], "chi2_level": 0.95, "chi2_df": 3, "chi2_threshold": 7.814727903251179, "N_raw": 40, "N_roi": 39, "N_inlier": 35, "refit": true}
{"timestamp": "16:31:59.052783", "frame": 4, "mu": [1.2321929516425953, 1.1952251161686875, 1.3663387727263083], "Sigma": [[0.006013121950670431, -0.0029205665458743235, -0.001272687753815135], [-0.0029205665458743235, 0.005417900445111705, -0.0004612692413761195], [-0.001272687753815135, -0.0004612692413761195, 0.0007756563578045986]], "chi2_level": 0.95, "chi2_df": 3, "chi2_threshold": 7.814727903251179, "N_raw": 43, "N_roi": 43, "N_inlier": 37, "refit": true}
{"timestamp": "16:31:59.108508", "frame": 5, "mu": [1.1411918059199966, 1.213121751166761, 1.370069733384372], "Sigma": [[0.009878335159479992, -0.0008091888116081383, -0.004217526594584277], [-0.0008091888116081383, 0.002526003910966146, -0.0009729773012294209], [-0.004217526594584277, -0.0009729773012294209, 0.0028455281248100936]], "chi2_level": 0.95, "chi2_df": 3, "chi2_threshold": 7.814727903251179, "N_raw": 50, "N_roi": 50, "N_inlier": 45, "refit": true}
{"timestamp": "16:31:59.161724", "frame": 6, "mu": [1.198041766086539, 1.263042629707969, 1.142922774879274], "Sigma": [[0.0027363969550268357, -0.0024580495114208487, 0.00044975650982665035], [-0.0024580495114208487, 0.01613483205612979, -0.017737335143108553], [0.0004497565098266504, -0.017737335143108553, 0.025246774054802766]], "chi2_level": 0.95, "chi2_df": 3, "chi2_threshold": 7.814727903251179, "N_raw": 39, "N_roi": 39, "N_inlier": 39, "refit": true}
{"timestamp": "16:31:59.216315", "frame": 7, "mu": [1.2218310268600183, 1.1893470406666729, 1.260681572108457], "Sigma": [[0.005209707336061578, -0.0028220491682865068, -0.0009982355735325282], [-0.0028220491682865063, 0.004615157786045584, -0.0020492485598344714], [-0.0009982355735325282, -0.002049248559834472, 0.010321121458387069]], "chi2_level": 0.95, "chi2_df": 3, "chi2_threshold": 7.814727903251179, "N_raw": 39, "N_roi": 39, "N_inlier": 35, "refit": true}
{"timestamp": "16:31:59.272912", "frame": 8, "mu": [1.0396497283300175, 1.2377994437012683, 1.3918920665534769], "Sigma": [[0.019367015629316565, -0.0018107796167434389, -0.02206853098978981], [-0.001810779616743439, 0.003925497117241622, -0.0025280605382197365], [-0.022068530989789812, -0.0025280605382197365, 0.03669338192765979]], "chi2_level": 0.95, "chi2_df": 3, "chi2_threshold": 7.814727903251179, "N_raw": 44, "N_roi": 44, "N_inlier": 42, "refit": true}
{"timestamp": "16:31:59.331947", "frame": 9, "mu": [1.1477028634018067, 1.3347136853579973, -0.3079810979677767], "Sigma": [[0.014453105283626639, 0.0016489571289821162, -0.011942168459055375], [0.0016489571289821162, 0.005221729316255985, -0.002956995804749965], [-0.011942168459055377, -0.002956995804749965, 0.011617231095109629]], "chi2_level": 0.95, "chi2_df": 3, "chi2_threshold": 7.814727903251179, "N_raw": 74, "N_roi": 74, "N_inlier": 71, "refit": true}
{"timestamp": "16:31:59.387195", "frame": 10, "mu": [1.1328574479380091, 1.2240658725252471, 1.31619748702425], "Sigma": [[0.011312278345907497, -0.0031043305567275596, -0.010979474591434807], [-0.0031043305567275596, 0.004804827383305843, -4.979114880798613e-05], [-0.010979474591434807, -4.97911488079861e-05, 0.01596434961322102]], "chi2_level": 0.95, "chi2_df": 3, "chi2_threshold": 7.814727903251179, "N_raw": 75, "N_roi": 75, "N_inlier": 72, "refit": true}
{"timestamp": "16:31:59.443029", "frame": 11, "mu": [1.1158508084957568, 1.1959302040579267, 1.2975298104581277], "Sigma": [[0.01572025675347221, -0.006050662133270603, -0.023676239370512886], [-0.006050662133270603, 0.005258308639053151, 0.011302954223725953], [-0.023676239370512886, 0.011302954223725953, 0.053866630076336]], "chi2_level": 0.95, "chi2_df": 3, "chi2_threshold": 7.814727903251179, "N_raw": 79, "N_roi": 79, "N_inlier": 75, "refit": true}
{"timestamp": "16:31:59.489293", "frame": 12, "mu": [1.1306843386823304, 1.4069124211925441, -0.39663009586939685], "Sigma": [[0.014446617391125918, -0.004389799704173392, -0.010195831875026772], [-0.004389799704173392, 0.025680806408173527, -0.023706029032886006], [-0.010195831875026772, -0.023706029032886006, 0.04206423747079076]], "chi2_level": 0.95, "chi2_df": 3, "chi2_threshold": 7.814727903251179, "N_raw": 19, "N_roi": 19, "N_inlier": 17, "refit": true}
{"timestamp": "16:31:59.601469", "frame": 14, "mu": [1.0439486664466557, 1.297746508171771, 1.4175777499812796], "Sigma": [[0.013367243648468743, -0.0021418741366780554, -0.012317880197634731], [-0.0021418741366780554, 0.002890928947692914, 0.0002647978222798914], [-0.012317880197634728, 0.00026479782227989147, 0.013431128889298084]], "chi2_level": 0.95, "chi2_df": 3, "chi2_threshold": 7.814727903251179, "N_raw": 45, "N_roi": 45, "N_inlier": 41, "refit": true}
{"timestamp": "16:31:59.655976", "frame": 15, "mu": [0.9674966149932949, 1.3035018079778462, 1.428769567928225], "Sigma": [[0.009470139852323816, -0.0036709357314382114, -0.033896423911768794], [-0.0036709357314382114, 0.003430253339647319, 0.016331588291956307], [-0.033896423911768794, 0.016331588291956314, 0.18133863220854587]], "chi2_level": 0.95, "chi2_df": 3, "chi2_threshold": 7.814727903251179, "N_raw": 29, "N_roi": 29, "N_inlier": 24, "refit": true}
{"timestamp": "16:31:59.712771", "frame": 16, "mu": [1.1623775394556624, 1.2483522616316935, 1.1573216141524407], "Sigma": [[0.004968770415757275, -0.003188992048933823, -0.0031139200388401525], [-0.003188992048933823, 0.004540991341051023, -0.00045520460924913147], [-0.0031139200388401525, -0.00045520460924913147, 0.005611770144980348]], "chi2_level": 0.95, "chi2_df": 3, "chi2_threshold": 7.814727903251179, "N_raw": 45, "N_roi": 45, "N_inlier": 42, "refit": true}
{"timestamp": "16:31:59.767097", "frame": 17, "mu": [1.1739743971790475, 1.2259633966990862, 1.2951994449245219], "Sigma": [[0.004178410352792561, -0.0024793826931845363, -0.002552902979154966], [-0.0024793826931845363, 0.005479244419391312, 0.00015631726372221442], [-0.002552902979154966, 0.00015631726372221445, 0.004661506972522546]], "chi2_level": 0.95, "chi2_df": 3, "chi2_threshold": 7.814727903251179, "N_raw": 38, "N_roi": 38, "N_inlier": 35, "refit": true}
{"timestamp": "16:31:59.822085", "frame": 18, "mu": [1.1377435897514157, 1.252469078375404, 1.1851561298615159], "Sigma": [[0.004832848841988265, -0.0020986606905709893, -0.008637842259255117], [-0.0020986606905709897, 0.003040098069852505, 0.002196311290075406], [-0.008637842259255117, 0.002196311290075406, 0.024075776480348293]], "chi2_level": 0.95, "chi2_df": 3, "chi2_threshold": 7.814727903251179, "N_raw": 41, "N_roi": 41, "N_inlier": 37, "refit": true}
{"timestamp": "16:31:59.878107", "frame": 19, "mu": [1.1958179307801204, 1.1565135372453685, 0.9998978183481153], "Sigma": [[0.004410963878907065, -0.005559168239034776, 0.0002244297408227256], [-0.005559168239034776, 0.011195015664088986, -0.0036029942748364643], [0.00022442974082272554, -0.0036029942748364643, 0.003462575121990235]], "chi2_level": 0.95, "chi2_df": 3, "chi2_threshold": 7.814727903251179, "N_raw": 45, "N_roi": 45, "N_inlier": 42, "refit": true}
{"timestamp": "16:31:59.989499", "frame": 21, "mu": [1.1641605771378543, 1.1570139597222862, 1.1994658627390102], "Sigma": [[0.011193542500102922, -0.006127016317030969, -0.009876017868249784], [-0.006127016317030969, 0.005623861155342883, 0.0034769100092121963], [-0.009876017868249785, 0.0034769100092121963, 0.013697643845872099]], "chi2_level": 0.95, "chi2_df": 3, "chi2_threshold": 7.814727903251179, "N_raw": 62, "N_roi": 62, "N_inlier": 57, "refit": true}
{"timestamp": "16:32:00.048982", "frame": 22, "mu": [1.1053061173258791, 1.2127609505991521, 1.1461126640990604], "Sigma": [[0.007137161711465158, -0.0033296831850520518, -0.007428820669442616], [-0.0033296831850520518, 0.006375556219590176, -0.0053627385352228675], [-0.007428820669442616, -0.0053627385352228675, 0.027839051559438065]], "chi2_level": 0.95, "chi2_df": 3, "chi2_threshold": 7.814727903251179, "N_raw": 81, "N_roi": 81, "N_inlier": 79, "refit": true}
{"timestamp": "16:32:00.094597", "frame": 23, "mu": [1.0092061048737702, 1.254714848072897, 1.0077296439043983], "Sigma": [[0.011343237583591546, -0.005611974776435252, -0.014307651697899581], [-0.005611974776435252, 0.011873357863132664, -0.02133263403317604], [-0.014307651697899583, -0.021332634033176045, 0.13207778512455234]], "chi2_level": 0.95, "chi2_df": 3, "chi2_threshold": 7.814727903251179, "N_raw": 16, "N_roi": 15, "N_inlier": 15, "refit": true}
{"timestamp": "16:32:00.149777", "frame": 24, "mu": [0.8902579853208116, 1.2008060900326427, 1.4275299487232638], "Sigma": [[0.01665780615949977, -0.006919652014267916, -0.0218517033409593], [-0.006919652014267916, 0.005046999068331562, 0.00649338492236835], [-0.0218517033409593, 0.00649338492236835, 0.04209757722404397]], "chi2_level": 0.95, "chi2_df": 3, "chi2_threshold": 7.814727903251179, "N_raw": 25, "N_roi": 25, "N_inlier": 22, "refit": true}
{"timestamp": "16:32:00.215999", "frame": 25, "mu": [1.0199604057068625, 1.1307873470518435, 1.2087636772720995], "Sigma": [[0.017801795285946283, -0.006926550488000864, -0.024252970818679352], [-0.006926550488000864, 0.005104414956957091, 0.008585564114310391], [-0.024252970818679352, 0.008585564114310393, 0.047956408629105524]], "chi2_level": 0.95, "chi2_df": 3, "chi2_threshold": 7.814727903251179, "N_raw": 103, "N_roi": 103, "N_inlier": 101, "refit": true}
{"timestamp": "16:32:00.269592", "frame": 26, "mu": [0.9762094963484418, 1.097753718467377, 1.2653902646657924], "Sigma": [[0.016222590217139756, -0.004920133831645286, -0.01944309907008153], [-0.004920133831645286, 0.004053914537199807, 0.0044529228667321286], [-0.019443099070081533, 0.0044529228667321286, 0.028482857567020528]], "chi2_level": 0.95, "chi2_df": 3, "chi2_threshold": 7.814727903251179, "N_raw": 87, "N_roi": 87, "N_inlier": 81, "refit": true}
{"timestamp": "16:32:00.323023", "frame": 27, "mu": [0.9365257455125592, 1.1042520055992213, 1.2130649673402738], "Sigma": [[0.011778469221333902, -0.005724979076379483, -0.008567380943169667], [-0.005724979076379484, 0.009062129337739441, -0.015763539345500305], [-0.008567380943169667, -0.015763539345500305, 0.09243826928958841]], "chi2_level": 0.95, "chi2_df": 3, "chi2_threshold": 7.814727903251179, "N_raw": 77, "N_roi": 77, "N_inlier": 75, "refit": true}
{"timestamp": "16:32:00.371179", "frame": 28, "mu": [0.8935920977284934, 1.01765173562773, 1.3262552132056569], "Sigma": [[0.017706884852154686, -0.005498386326360851, -0.015218855987462372], [-0.005498386326360852, 0.004309127280164539, 0.00395228450752684], [-0.015218855987462372, 0.00395228450752684, 0.013653975819565008]], "chi2_level": 0.95, "chi2_df": 3, "chi2_threshold": 7.814727903251179, "N_raw": 30, "N_roi": 30, "N_inlier": 27, "refit": true}
{"timestamp": "16:32:00.433555", "frame": 29, "mu": [0.9328908619262719, 1.023834627545846, 1.1675353675313669], "Sigma": [[0.012782280354393357, -0.005831637537223476, -0.009020464750965866], [-0.005831637537223476, 0.010118273911751246, -0.012624735513728889], [-0.009020464750965866, -0.012624735513728889, 0.06802477318406452]], "chi2_level": 0.95, "chi2_df": 3, "chi2_threshold": 7.814727903251179, "N_raw": 86, "N_roi": 86, "N_inlier": 84, "refit": true}
{"timestamp": "16:32:00.481288", "frame": 30, "mu": [0.9003458423331098, 1.0138667726176962, 1.2267784898677747], "Sigma": [[0.008528406803330004, -0.0034281335910628184, 0.00041678179293747064], [-0.0034281335910628192, 0.00705759854040243, -0.014004898851355384], [0.00041678179293747064, -0.014004898851355384, 0.041434949304798005]], "chi2_level": 0.95, "chi2_df": 3, "chi2_threshold": 7.814727903251179, "N_raw": 30, "N_roi": 30, "N_inlier": 28, "refit": true}
{"timestamp": "16:32:00.544296", "frame": 31, "mu": [0.8636557902672264, 0.9083256079071003, 1.2306927435426767], "Sigma": [[0.01898858082167859, -0.006615756326301427, -0.021625370273534453], [-0.006615756326301429, 0.006675499553246295, 0.011686238515961261], [-0.021625370273534453, 0.011686238515961261, 0.057999481756849686]], "chi2_level": 0.95, "chi2_df": 3, "chi2_threshold": 7.814727903251179, "N_raw": 89, "N_roi": 89, "N_inlier": 88, "refit": true}
{"timestamp": "16:32:00.599469", "frame": 32, "mu": [0.7787529113407208, 0.9462135104722007, 1.3929699230731099], "Sigma": [[0.012798139941682751, -0.0017652717173857455, -0.009680448787812379], [-0.0017652717173857455, 0.003509254308653667, -0.0003010600786141995], [-0.009680448787812379, -0.00030106007861419916, 0.008954888888269013]], "chi2_level": 0.95, "chi2_df": 3, "chi2_threshold": 7.814727903251179, "N_raw": 86, "N_roi": 86, "N_inlier": 80, "refit": true}
{"timestamp": "16:32:00.649722", "frame": 33, "mu": [0.655318589666357, 1.0544648290212306, -0.2761269338680367], "Sigma": [[0.005339122448464275, -0.0002539778307117295, -0.004216175460924872], [-0.0002539778307117295, 0.003587769030089389, -0.0008509447733740802], [-0.004216175460924872, -0.0008509447733740802, 0.004972984208020811]], "chi2_level": 0.95, "chi2_df": 3, "chi2_threshold": 7.814727903251179, "N_raw": 51, "N_roi": 51, "N_inlier": 47, "refit": true}
{"timestamp": "16:32:00.709447", "frame": 34, "mu": [0.7035493963597776, 0.9011272605090912, 1.369596168993492], "Sigma": [[0.012149786191228567, -0.0016616852752190784, -0.012335788872340922], [-0.0016616852752190782, 0.0028416868277685793, -0.00012020846423472565], [-0.012335788872340922, -0.00012020846423472565, 0.030001607610353694]], "chi2_level": 0.95, "chi2_df": 3, "chi2_threshold": 7.814727903251179, "N_raw": 92, "N_roi": 92, "N_inlier": 89, "refit": true}
{"timestamp": "16:32:00.760355", "frame": 35, "mu": [0.6039792673657408, 0.9161838084531738, 1.427461676073988], "Sigma": [[0.00384669362134169, 0.00016042713121767888, -0.002649267143633357], [0.0001604271312176789, 0.004020208042356169, -0.002415628671657027], [-0.0026492671436333564, -0.002415628671657027, 0.0036488914108936486]], "chi2_level": 0.95, "chi2_df": 3, "chi2_threshold": 7.814727903251179, "N_raw": 63, "N_roi": 63, "N_inlier": 60, "refit": true}
{"timestamp": "16:32:00.812813", "frame": 36, "mu": [0.6230605777041621, 0.845309793541487, 1.3459891899290952], "Sigma": [[0.010198923230964378, -0.00551278931170536, -0.01891911582549349], [-0.005512789311705358, 0.004859959535167717, 0.011314139829170717], [-0.018919115825493486, 0.011314139829170717, 0.05305432083169387]], "chi2_level": 0.95, "chi2_df": 3, "chi2_threshold": 7.814727903251179, "N_raw": 37, "N_roi": 37, "N_inlier": 35, "refit": true}
{"timestamp": "16:32:00.863592", "frame": 37, "mu": [0.5541991320648504, 0.8828041640363555, 1.430151251672898], "Sigma": [[0.011944179267065907, -0.0007128357336295542, -0.011140189300734155], [-0.0007128357336295544, 0.0006918109042538523, 0.00030250352972957], [-0.011140189300734155, 0.0003025035297295699, 0.011168023905799377]], "chi2_level": 0.95, "chi2_df": 3, "chi2_threshold": 7.814727903251179, "N_raw": 17, "N_roi": 17, "N_inlier": 16, "refit": true}
{"timestamp": "16:32:00.925055", "frame": 38, "mu": [0.46581263061565265, 0.9290056961996199, -0.38291025379852206], "Sigma": [[0.003223730250600523, 0.0024589300157217527, 0.0021149524276232582], [0.0024589300157217527, 0.004422756687440829, 0.0012457370069894175], [0.0021149524276232582, 0.001245737006989417, 0.013974009629309359]], "chi2_level": 0.95, "chi2_df": 3, "chi2_threshold": 7.814727903251179, "N_raw": 65, "N_roi": 64, "N_inlier": 57, "refit": true}
{"timestamp": "16:32:00.984461", "frame": 39, "mu": [0.5033943716098949, 0.8702001697389217, 1.3731339302046777], "Sigma": [[0.011480860135719953, 0.0004480367719119524, -0.012329349681277841], [0.00044803677191195234, 0.0041930196080837406, -0.0028879861023534204], [-0.012329349681277843, -0.0028879861023534204, 0.015613970551313234]], "chi2_level": 0.95, "chi2_df": 3, "chi2_threshold": 7.814727903251179, "N_raw": 89, "N_roi": 89, "N_inlier": 86, "refit": true}
{"timestamp": "16:32:01.041799", "frame": 40, "mu": [0.4556482468520567, 1.0161864367462652, -0.4865096108647872], "Sigma": [[0.008865264417377222, 0.0008934971830294733, -0.011209400936496536], [0.0008934971830294733, 0.00561355519341911, -0.0119171640765191], [-0.011209400936496534, -0.011917164076519098, 0.054736000965194424]], "chi2_level": 0.95, "chi2_df": 3, "chi2_threshold": 7.814727903251179, "N_raw": 93, "N_roi": 93, "N_inlier": 91, "refit": true}
{"timestamp": "16:32:01.095061", "frame": 41, "mu": [0.42609110532562755, 0.8579458793617871, 1.2999089713086365], "Sigma": [[0.008940049885651166, -0.002270169724020375, -0.014150987153264044], [-0.002270169724020375, 0.0031074354233792227, 0.0013869377474192985], [-0.014150987153264044, 0.0013869377474192979, 0.029385457227020958]], "chi2_level": 0.95, "chi2_df": 3, "chi2_threshold": 7.814727903251179, "N_raw": 93, "N_roi": 92, "N_inlier": 88, "refit": true}
{"timestamp": "16:32:01.149355", "frame": 42, "mu": [0.31028325188038025, 0.8868550993446802, 1.308172353681624], "Sigma": [[0.007024808854795493, -0.002356966498917589, -0.015084754764048238], [-0.002356966498917589, 0.0028269641133021927, 0.004298504182589911], [-0.01508475476404824, 0.004298504182589911, 0.043650150547495895]], "chi2_level": 0.95, "chi2_df": 3, "chi2_threshold": 7.814727903251179, "N_raw": 84, "N_roi": 84, "N_inlier": 82, "refit": true}
{"timestamp": "16:32:01.208119", "frame": 43, "mu": [0.319523880454872, 0.835747006842304, 1.2510057821649123], "Sigma": [[0.007277169539598301, -0.0008204867437083551, -0.007748358782375489], [-0.0008204867437083551, 0.004105355461438204, 0.009112456922973189], [-0.007748358782375489, 0.009112456922973189, 0.06907268209139664]], "chi2_level": 0.95, "chi2_df": 3, "chi2_threshold": 7.814727903251179, "N_raw": 119, "N_roi": 119, "N_inlier": 116, "refit": true}
{"timestamp": "16:32:01.258373", "frame": 44, "mu": [0.31055999202271956, 0.8637686334188956, 1.397835999367945], "Sigma": [[0.00812189488579254, -6.514076780722347e-05, -0.009715190546022295], [-6.514076780722358e-05, 0.001241007703033545, -0.001652286187149746], [-0.009715190546022295, -0.001652286187149746, 0.014570638967947374]], "chi2_level": 0.95, "chi2_df": 3, "chi2_threshold": 7.814727903251179, "N_raw": 82, "N_roi": 82, "N_inlier": 80, "refit": true}
{"timestamp": "16:32:01.303002", "frame": 45, "mu": [0.27816904014172134, 0.7438736268842868, 1.004533684944056], "Sigma": [[0.0017658399708273948, -0.000615261761677489, 0.007451676249865103], [-0.0006152617616774889, 0.0027897341046479235, 0.001409895351503421], [0.007451676249865103, 0.0014098953515034208, 0.051927915014569226]], "chi2_level": 0.95, "chi2_df": 3, "chi2_threshold": 7.814727903251179, "N_raw": 11, "N_roi": 11, "N_inlier": 10, "refit": true}
{"timestamp": "16:32:01.360126", "frame": 46, "mu": [0.24305643682933262, 0.8420900455658663, 1.2680521526019861], "Sigma": [[0.010698427051917545, -0.0013545234480953233, -0.005748902514586124], [-0.0013545234480953233, 0.002816283692360577, -0.010682517867051053], [-0.005748902514586124, -0.010682517867051053, 0.0704247418604895]], "chi2_level": 0.95, "chi2_df": 3, "chi2_threshold": 7.814727903251179, "N_raw": 33, "N_roi": 33, "N_inlier": 30, "refit": true}
{"timestamp": "16:32:01.418170", "frame": 47, "mu": [0.07384171145830258, 0.8409788100171472, 1.5301111809486483], "Sigma": [[0.0038044333067785256, -0.0017776092706122775, -0.0042723687130756735], [-0.0017776092706122768, 0.09927058965676569, 0.3151413057792517], [-0.004272368713075673, 0.31514130577925176, 1.0217090698386848]], "chi2_level": 0.95, "chi2_df": 3, "chi2_threshold": 7.814727903251179, "N_raw": 55, "N_roi": 55, "N_inlier": 53, "refit": true}
{"timestamp": "16:32:01.474713", "frame": 48, "mu": [0.09841782420829086, 0.8577906844060308, -0.5181696275689988], "Sigma": [[0.016032843288711372, 0.004221488927872709, -0.00507453658222822], [0.004221488927872709, 0.0039173024288674824, -0.0020518487723756927], [-0.00507453658222822, -0.0020518487723756927, 0.013742689463852617]], "chi2_level": 0.95, "chi2_df": 3, "chi2_threshold": 7.814727903251179, "N_raw": 61, "N_roi": 61, "N_inlier": 57, "refit": true}
{"timestamp": "16:32:01.534238", "frame": 49, "mu": [0.11010640962195689, 0.7848911653945359, 1.3786007629672685], "Sigma": [[0.004260076765404072, -0.0011315855524725734, -0.0061224620742731176], [-0.0011315855524725734, 0.002758461806419605, -0.0004073990707274465], [-0.0061224620742731176, -0.00040739907072744654, 0.01166647879712362]], "chi2_level": 0.95, "chi2_df": 3, "chi2_threshold": 7.814727903251179, "N_raw": 88, "N_roi": 88, "N_inlier": 84, "refit": true}
{"timestamp": "16:32:01.583131", "frame": 50, "mu": [-0.05189756896124112, 0.7885703649821586, 1.457633048696142], "Sigma": [[0.0023096538878703736, -0.00045953745822946, -0.0014521709493743166], [-0.00045953745822946, 0.0009451887102344281, -0.0012009928900564063], [-0.0014521709493743166, -0.0012009928900564063, 0.006196554542422674]], "chi2_level": 0.95, "chi2_df": 3, "chi2_threshold": 7.814727903251179, "N_raw": 49, "N_roi": 49, "N_inlier": 47, "refit": true}
{"timestamp": "16:32:01.646341", "frame": 51, "mu": [0.013768759853167232, 0.7714300379468039, 1.3726414916281022], "Sigma": [[0.005107359400479169, -0.001448804926807276, -0.0053567891443543425], [-0.001448804926807276, 0.003560779231164087, -0.0012797080882279866], [-0.0053567891443543425, -0.0012797080882279866, 0.010240802629213829]], "chi2_level": 0.95, "chi2_df": 3, "chi2_threshold": 7.814727903251179, "N_raw": 102, "N_roi": 102, "N_inlier": 98, "refit": true}
{"timestamp": "16:32:01.702904", "frame": 52, "mu": [-0.08997177162805238, 0.7806187452547201, 1.4886847066222215], "Sigma": [[0.004532524592420313, -0.0007098797126139146, -0.0028450102342447207], [-0.0007098797126139146, 0.0033494780078423885, -0.0024627719175291333], [-0.0028450102342447202, -0.0024627719175291333, 0.004897184177613837]], "chi2_level": 0.95, "chi2_df": 3, "chi2_threshold": 7.814727903251179, "N_raw": 111, "N_roi": 111, "N_inlier": 108, "refit": true}
{"timestamp": "16:32:01.755153", "frame": 53, "mu": [-0.12832517733141652, 0.7632455704298416, 0.07256987733649811], "Sigma": [[0.006370007934907171, -0.006413146117411162, 0.03455509171418891], [-0.006413146117411162, 0.012701114525645135, -0.06657240202678052], [0.03455509171418891, -0.06657240202678052, 0.45130890278879315]], "chi2_level": 0.95, "chi2_df": 3, "chi2_threshold": 7.814727903251179, "N_raw": 96, "N_roi": 96, "N_inlier": 95, "refit": true}
{"timestamp": "16:32:01.801197", "frame": 54, "mu": [-0.2834115816652636, 0.7426966769465366, 1.1447922514950386], "Sigma": [[0.006404739417121369, 0.0003903432748602951, -0.04103375636387018], [0.00039034327486029476, 0.03044690713210919, -0.09826784174737609], [-0.041033756363870175, -0.09826784174737609, 0.7710663310617328]], "chi2_level": 0.95, "chi2_df": 3, "chi2_threshold": 7.814727903251179, "N_raw": 30, "N_roi": 27, "N_inlier": 23, "refit": true}
{"timestamp": "16:32:01.862052", "frame": 55, "mu": [-0.31332277604700204, 0.7223371541712396, 1.5434489631905322], "Sigma": [[0.0055129950054818065, -0.0031721720357233037, -0.004513034147310251], [-0.0031721720357233037, 0.004080567341674589, 0.0007967364591124885], [-0.004513034147310251, 0.0007967364591124883, 0.007445780516841419]], "chi2_level": 0.95, "chi2_df": 3, "chi2_threshold": 7.814727903251179, "N_raw": 73, "N_roi": 73, "N_inlier": 68, "refit": true}
{"timestamp": "16:32:01.922960", "frame": 56, "mu": [-0.25891483858176856, 0.6784096796683567, 1.4220231440591533], "Sigma": [[0.007756060436296979, -0.0032997508669093947, -0.010667370430832582], [-0.0032997508669093947, 0.0033277487319115498, 0.002779122871268683], [-0.010667370430832582, 0.002779122871268683, 0.023648730072772215]], "chi2_level": 0.95, "chi2_df": 3, "chi2_threshold": 7.814727903251179, "N_raw": 113, "N_roi": 110, "N_inlier": 106, "refit": true}
{"timestamp": "16:32:01.969324", "frame": 57, "mu": [-0.34910726155238203, 0.7429492194470173, 1.4789233948332121], "Sigma": [[0.011733168197067568, 0.0017249490611859586, -0.01369774426472983], [0.0017249490611859584, 0.0017405122176751963, -0.003497108227108534], [-0.01369774426472983, -0.003497108227108534, 0.018764547505111084]], "chi2_level": 0.95, "chi2_df": 3, "chi2_threshold": 7.814727903251179, "N_raw": 54, "N_roi": 54, "N_inlier": 50, "refit": true}
{"timestamp": "16:32:02.031201", "frame": 58, "mu": [-0.35188804670355156, 0.676182486343795, 1.4385131549165808], "Sigma": [[0.015320332692139947, -0.005997772461516706, -0.01867723216823764], [-0.005997772461516706, 0.003635658336546598, 0.005716647181340365], [-0.01867723216823764, 0.005716647181340364, 0.02727505080320129]], "chi2_level": 0.95, "chi2_df": 3, "chi2_threshold": 7.814727903251179, "N_raw": 106, "N_roi": 106, "N_inlier": 95, "refit": true}
{"timestamp": "16:32:02.087674", "frame": 59, "mu": [-0.40403016108104933, 0.6989794863313509, 1.4648367160729876], "Sigma": [[0.009591848118986595, -0.007865511839015774, -0.011648540630450791], [-0.007865511839015774, 0.00864621076257875, 0.008203433181030218], [-0.011648540630450791, 0.008203433181030218, 0.019275777147303923]], "chi2_level": 0.95, "chi2_df": 3, "chi2_threshold": 7.814727903251179, "N_raw": 115, "N_roi": 115, "N_inlier": 109, "refit": true}
{"timestamp": "16:32:02.145042", "frame": 60, "mu": [-0.5392639844399737, 0.6753219697384641, 1.5099640645565222], "Sigma": [[0.028525053234020367, 0.00335108652770476, -0.02408098505202772], [0.0033510865277047597, 0.00606066926739729, -0.005792654200628779], [-0.02408098505202772, -0.005792654200628779, 0.025273865196439718]], "chi2_level": 0.95, "chi2_df": 3, "chi2_threshold": 7.814727903251179, "N_raw": 124, "N_roi": 124, "N_inlier": 120, "refit": true}
{"timestamp": "16:32:02.202139", "frame": 61, "mu": [-0.529788830768894, 0.6453178729453999, 1.446527086843031], "Sigma": [[0.02720557188706501, -0.004537772664175158, -0.024273841903557795], [-0.00453777266417516, 0.010222175938197655, 0.004219377839537465], [-0.024273841903557795, 0.004219377839537465, 0.028159309644632508]], "chi2_level": 0.95, "chi2_df": 3, "chi2_threshold": 7.814727903251179, "N_raw": 140, "N_roi": 140, "N_inlier": 133, "refit": true}
{"timestamp": "16:32:02.248113", "frame": 62, "mu": [-0.6104871054452017, 0.7369744958029563, 1.4904093678060968], "Sigma": [[0.026722475059971808, 0.013309397880568698, -0.021472702345511557], [0.013309397880568698, 0.012670186348052623, -0.013768044771552935], [-0.021472702345511557, -0.013768044771552935, 0.022593520359785402]], "chi2_level": 0.95, "chi2_df": 3, "chi2_threshold": 7.814727903251179, "N_raw": 75, "N_roi": 74, "N_inlier": 68, "refit": true}
{"timestamp": "16:32:02.304059", "frame": 63, "mu": [-0.8805798995883575, 0.6508322603927511, 1.746414112347693], "Sigma": [[0.008726964408040482, 0.0034791709390432995, -0.0039632557486758], [0.0034791709390432995, 0.007024435817054429, -0.005716790135827446], [-0.0039632557486758, -0.005716790135827446, 0.005328125381255295]], "chi2_level": 0.95, "chi2_df": 3, "chi2_threshold": 7.814727903251179, "N_raw": 90, "N_roi": 90, "N_inlier": 81, "refit": true}
{"timestamp": "16:32:02.357999", "frame": 64, "mu": [-0.9235809649943593, 0.646855006633229, 1.7419904729139823], "Sigma": [[0.007691065846131161, 0.0027791123471653245, -0.0032460044728149784], [0.0027791123471653245, 0.006835458002713742, -0.00506776519823054], [-0.0032460044728149784, -0.00506776519823054, 0.00429850911383479]], "chi2_level": 0.95, "chi2_df": 3, "chi2_threshold": 7.814727903251179, "N_raw": 78, "N_roi": 78, "N_inlier": 74, "refit": true}
{"timestamp": "16:32:02.409723", "frame": 65, "mu": [-0.9313129146534889, 0.672771511481123, 1.7386013309203565], "Sigma": [[0.013166219726018261, 0.0026931227373202587, -0.00794703384238668], [0.0026931227373202583, 0.00514311460369491, -0.004921901260177363], [-0.00794703384238668, -0.004921901260177363, 0.008412549958396173]], "chi2_level": 0.95, "chi2_df": 3, "chi2_threshold": 7.814727903251179, "N_raw": 64, "N_roi": 64, "N_inlier": 60, "refit": true}
{"timestamp": "16:32:02.460680", "frame": 66, "mu": [-0.9163716973724237, 0.7813551073182835, 1.6218773271620917], "Sigma": [[0.03862496863071736, -0.002685160161657159, -0.05314840873632304], [-0.0026851601616571584, 0.013401625821817883, 0.005859019175451282], [-0.05314840873632304, 0.005859019175451283, 0.09828595076772612]], "chi2_level": 0.95, "chi2_df": 3, "chi2_threshold": 7.814727903251179, "N_raw": 28, "N_roi": 28, "N_inlier": 25, "refit": true}
{"timestamp": "16:32:02.520343", "frame": 67, "mu": [-0.9356272903861985, 0.7634987177764244, 1.6604577000226781], "Sigma": [[0.016423912642089117, 0.005173578883745504, -0.015354771492179682], [0.0051735788837455055, 0.0076552275388871585, -0.007625766735424729], [-0.015354771492179682, -0.007625766735424729, 0.016912573026796066]], "chi2_level": 0.95, "chi2_df": 3, "chi2_threshold": 7.814727903251179, "N_raw": 65, "N_roi": 65, "N_inlier": 61, "refit": true}
{"timestamp": "16:32:02.570995", "frame": 68, "mu": [-1.0058761422060691, 0.765324720457439, -0.16734144976784648], "Sigma": [[0.0079540814749648, 0.005864204815593241, 0.0006796951167630031], [0.00586420481559324, 0.010379212784979379, 0.0007779388317197859], [0.000679695116763003, 0.000777938831719786, 0.003843042252772267]], "chi2_level": 0.95, "chi2_df": 3, "chi2_threshold": 7.814727903251179, "N_raw": 37, "N_roi": 37, "N_inlier": 34, "refit": true}
{"timestamp": "16:32:02.627777", "frame": 69, "mu": [-1.0955859592088122, 0.7415508468944013, 1.6992073049708205], "Sigma": [[0.007042488008499589, 0.0014805495343940224, -0.0036124724882574894], [0.0014805495343940224, 0.005539506098935672, -0.002224897413491212], [-0.0036124724882574894, -0.002224897413491212, 0.0043259189273235]], "chi2_level": 0.95, "chi2_df": 3, "chi2_threshold": 7.814727903251179, "N_raw": 45, "N_roi": 45, "N_inlier": 42, "refit": true}
{"timestamp": "16:32:02.687242", "frame": 70, "mu": [-1.0360895934721714, 0.7443606147706795, -0.3735405942336096], "Sigma": [[0.01115467205658522, -0.0001773776392958353, -0.0074724397742824125], [-0.00017737763929583534, 0.008021586545314593, 0.004548804591219631], [-0.0074724397742824125, 0.00454880459121963, 0.022002366043627514]], "chi2_level": 0.95, "chi2_df": 3, "chi2_threshold": 7.814727903251179, "N_raw": 78, "N_roi": 78, "N_inlier": 72, "refit": true}
{"timestamp": "16:32:02.746708", "frame": 71, "mu": [-1.0318683404335856, 0.7850685371558028, 1.5733052097114246], "Sigma": [[0.014613442848700592, -0.00038856937075155995, -0.012051949472152585], [-0.0003885693707515599, 0.013779008778431445, 0.0026946132687336133], [-0.012051949472152585, 0.002694613268733613, 0.016637001955622066]], "chi2_level": 0.95, "chi2_df": 3, "chi2_threshold": 7.814727903251179, "N_raw": 109, "N_roi": 109, "N_inlier": 102, "refit": true}
{"timestamp": "16:32:02.805329", "frame": 72, "mu": [-1.0727483589700655, 0.7232828812532437, 1.3996036120649065], "Sigma": [[0.02647321133839066, 0.006043998095649997, -0.03573679211426933], [0.006043998095649997, 0.01915838092349452, -0.0127004189340474], [-0.03573679211426933, -0.0127004189340474, 0.06859725594614836]], "chi2_level": 0.95, "chi2_df": 3, "chi2_threshold": 7.814727903251179, "N_raw": 131, "N_roi": 131, "N_inlier": 129, "refit": true}
{"timestamp": "16:32:02.855251", "frame": 73, "mu": [-1.159250242594901, 0.8154584380571221, 1.645507634147367], "Sigma": [[0.016168373208607582, 0.0007634291493793842, -0.011000967478088377], [0.000763429149379384, 0.010451117085992582, -0.00016542502687136806], [-0.011000967478088377, -0.00016542502687136762, 0.008958717168095922]], "chi2_level": 0.95, "chi2_df": 3, "chi2_threshold": 7.814727903251179, "N_raw": 93, "N_roi": 93, "N_inlier": 88, "refit": true}
{"timestamp": "16:32:02.910245", "frame": 74, "mu": [-1.1730347404491026, 0.8802315208024873, -0.2877961131561657], "Sigma": [[0.013556321354299678, 0.006728459570930871, 0.0007906236443676736], [0.006728459570930871, 0.0162833872217125, 0.005893842273761496], [0.0007906236443676736, 0.005893842273761496, 0.0056750233762494565]], "chi2_level": 0.95, "chi2_df": 3, "chi2_threshold": 7.814727903251179, "N_raw": 94, "N_roi": 94, "N_inlier": 88, "refit": true}
{"timestamp": "16:32:02.958199", "frame": 75, "mu": [-1.2342700769304067, 0.9032410105902611, -0.1471842002250853], "Sigma": [[0.00808566978866764, 0.0036293516590694356, -0.006032769653326825], [0.0036293516590694356, 0.009500092211388648, -0.002097632826187917], [-0.006032769653326825, -0.002097632826187917, 0.00546186564833316]], "chi2_level": 0.95, "chi2_df": 3, "chi2_threshold": 7.814727903251179, "N_raw": 50, "N_roi": 50, "N_inlier": 48, "refit": true}
{"timestamp": "16:32:03.017626", "frame": 76, "mu": [-1.2560527355400388, 0.7607179899582852, 1.4326894959002718], "Sigma": [[0.012109580718111851, 0.005019007366609592, -0.004155755296902776], [0.005019007366609593, 0.027331619211805814, 0.006443880952874556], [-0.004155755296902776, 0.006443880952874554, 0.00828354696538216]], "chi2_level": 0.95, "chi2_df": 3, "chi2_threshold": 7.814727903251179, "N_raw": 82, "N_roi": 82, "N_inlier": 79, "refit": true}
{"timestamp": "16:32:03.079502", "frame": 77, "mu": [-1.2652638830723035, 0.750170631234689, 1.3627002081243669], "Sigma": [[0.01703385667771637, 0.011819041033165917, -0.0017401191924256436], [0.011819041033165917, 0.03580047623554697, 0.004441178491499718], [-0.001740119192425644, 0.004441178491499717, 0.013605105400217294]], "chi2_level": 0.95, "chi2_df": 3, "chi2_threshold": 7.814727903251179, "N_raw": 123, "N_roi": 123, "N_inlier": 118, "refit": true}
{"timestamp": "16:32:03.130144", "frame": 78, "mu": [-1.3055892210282558, 0.7835156911911968, 1.3803449940373218], "Sigma": [[0.014580759489733046, 0.009814935431700384, -0.004008032347599078], [0.009814935431700382, 0.01984666161985539, -0.005429637868738613], [-0.004008032347599078, -0.005429637868738613, 0.003979020658888111]], "chi2_level": 0.95, "chi2_df": 3, "chi2_threshold": 7.814727903251179, "N_raw": 97, "N_roi": 97, "N_inlier": 95, "refit": true}
{"timestamp": "16:32:03.181286", "frame": 79, "mu": [-1.3654109430541308, 0.9029597843427493, 1.514087304821006], "Sigma": [[0.010766296078320277, 0.0022517698182020853, -0.007114563102139444], [0.0022517698182020853, 0.01272156561252999, -0.002098829453257151], [-0.007114563102139444, -0.0020988294532571505, 0.005603578429689633]], "chi2_level": 0.95, "chi2_df": 3, "chi2_threshold": 7.814727903251179, "N_raw": 72, "N_roi": 72, "N_inlier": 69, "refit": true}
{"timestamp": "16:32:03.233611", "frame": 80, "mu": [-1.4196947419597092, 0.9421280328101527, 1.5297120077191737], "Sigma": [[0.010352892042939791, 0.003261955589982035, -0.007540836677981812], [0.003261955589982035, 0.007857142440241051, -0.005806226962533934], [-0.007540836677981812, -0.005806226962533934, 0.009409382582527276]], "chi2_level": 0.95, "chi2_df": 3, "chi2_threshold": 7.814727903251179, "N_raw": 56, "N_roi": 56, "N_inlier": 50, "refit": true}
{"timestamp": "16:32:03.297065", "frame": 81, "mu": [-1.3443956744021826, 0.9639360980042049, -0.6226246413914271], "Sigma": [[0.017318840878181523, 0.010817971568546508, -0.008319492349935677], [0.010817971568546508, 0.023576505963211883, -0.016932878317339355], [-0.008319492349935677, -0.016932878317339355, 0.013119853805225687]], "chi2_level": 0.95, "chi2_df": 3, "chi2_threshold": 7.814727903251179, "N_raw": 114, "N_roi": 114, "N_inlier": 103, "refit": true}
{"timestamp": "16:32:03.350348", "frame": 82, "mu": [-1.3884917776661303, 1.0381482566332274, 1.4820210969619039], "Sigma": [[0.017298302788601283, 0.006476937581312184, -0.01164511571475748], [0.0064769375813121845, 0.012601541153595385, -0.006408865342220913], [-0.01164511571475748, -0.006408865342220912, 0.009060877977507703]], "chi2_level": 0.95, "chi2_df": 3, "chi2_threshold": 7.814727903251179, "N_raw": 95, "N_roi": 95, "N_inlier": 90, "refit": true}
{"timestamp": "16:32:03.401519", "frame": 83, "mu": [-1.5712803969247549, 1.0317491072207525, -0.3893756266768407], "Sigma": [[0.011500331507388465, 0.002684612598401721, -0.002817521078009146], [0.002684612598401721, 0.00997699510597275, -0.00040971266867802507], [-0.002817521078009146, -0.0004097126686780251, 0.007236027869957416]], "chi2_level": 0.95, "chi2_df": 3, "chi2_threshold": 7.814727903251179, "N_raw": 68, "N_roi": 68, "N_inlier": 62, "refit": true}
{"timestamp": "16:32:03.458964", "frame": 84, "mu": [-1.4707310009122327, 1.067313510458651, 1.4653025104800792], "Sigma": [[0.01649452861850567, 0.006961607056721398, -0.012443217828284106], [0.006961607056721398, 0.012801813660620982, -0.008893205602183926], [-0.012443217828284107, -0.008893205602183924, 0.011417216116886928]], "chi2_level": 0.95, "chi2_df": 3, "chi2_threshold": 7.814727903251179, "N_raw": 89, "N_roi": 89, "N_inlier": 87, "refit": true}
{"timestamp": "16:32:03.510801", "frame": 85, "mu": [-1.4813878772862226, 1.1166930982147356, 1.4861488347979366], "Sigma": [[0.014418121065370543, 0.008541309383771631, -0.012295633221270372], [0.008541309383771631, 0.014097623055374481, -0.0076584662129271135], [-0.012295633221270372, -0.007658466212927114, 0.01118026469014055]], "chi2_level": 0.95, "chi2_df": 3, "chi2_threshold": 7.814727903251179, "N_raw": 65, "N_roi": 65, "N_inlier": 64, "refit": true}
{"timestamp": "16:32:03.566472", "frame": 86, "mu": [-1.4618655844662898, 1.114750954824123, 1.3473878041229104], "Sigma": [[0.015002757971518394, 0.013191008488807828, -0.004940933993772037], [0.013191008488807828, 0.013309060546265152, -0.007217388558105609], [-0.004940933993772037, -0.00721738855810561, 0.011359597007955807]], "chi2_level": 0.95, "chi2_df": 3, "chi2_threshold": 7.814727903251179, "N_raw": 76, "N_roi": 76, "N_inlier": 68, "refit": true}
{"timestamp": "16:32:03.624832", "frame": 87, "mu": [-1.5451557546072134, 1.1839260544617267, 1.4895643514845611], "Sigma": [[0.019502736403519565, 0.00796913233028107, -0.013357159300163485], [0.00796913233028107, 0.013390812093122642, -0.008138719360926387], [-0.013357159300163485, -0.008138719360926387, 0.010532723962097125]], "chi2_level": 0.95, "chi2_df": 3, "chi2_threshold": 7.814727903251179, "N_raw": 96, "N_roi": 96, "N_inlier": 93, "refit": true}
{"timestamp": "16:32:03.681976", "frame": 88, "mu": [-1.5833475101064316, 1.2780085176544946, 0.3766944881459347], "Sigma": [[0.022806176830110422, 0.006813423049332758, 0.09126730809140345], [0.006813423049332757, 0.012414748242436392, 0.042313356039883766], [0.09126730809140346, 0.042313356039883766, 0.6340390320075195]], "chi2_level": 0.95, "chi2_df": 3, "chi2_threshold": 7.814727903251179, "N_raw": 109, "N_roi": 109, "N_inlier": 106, "refit": true}
