{"timestamp": "16:44:33.282911", "frame": 31, "mu": [-2.303902825475705, 0.9199815886609023, 1.0968256143091224], "Sigma": [[0.008834792509399978, 0.006585924636178321, -0.007671140569698028], [0.006585924636178321, 0.014924435003238546, -0.00881607952618908], [-0.007671140569698028, -0.00881607952618908, 0.008828938157416208]], "chi2_level": 0.95, "chi2_df": 3, "chi2_threshold": 7.814727903251179, "N_raw": 37, "N_roi": 36, "N_inlier": 34, "refit": true}
{"timestamp": "16:44:33.339237", "frame": 32, "mu": [-2.290796905511303, 1.0628946574683915, 1.2651634455155365], "Sigma": [[0.009129507057477022, 0.006449891481304266, -0.0067571948726014], [0.006449891481304266, 0.017216811228727077, -0.007861739683690683], [-0.0067571948726013985, -0.007861739683690683, 0.007640900549082259]], "chi2_level": 0.95, "chi2_df": 3, "chi2_threshold": 7.814727903251179, "N_raw": 41, "N_roi": 40, "N_inlier": 39, "refit": true}
{"timestamp": "16:44:33.391946", "frame": 33, "mu": [-2.2884824402208594, 1.1026048306711973, 1.3594327766349044], "Sigma": [[0.007714284373260819, 0.00886434647341297, -0.0044665942323139935], [0.00886434647341297, 0.015488147702843099, -0.009867412541727683], [-0.0044665942323139935, -0.009867412541727683, 0.00803960986911329]], "chi2_level": 0.95, "chi2_df": 3, "chi2_threshold": 7.814727903251179, "N_raw": 31, "N_roi": 31, "N_inlier": 31, "refit": true}
{"timestamp": "16:44:33.449346", "frame": 34, "mu": [-2.2482956369726046, 1.1300534215183695, 1.2766807155788615], "Sigma": [[0.009577082989967777, 0.00916891121560862, -0.005785081727175375], [0.00916891121560862, 0.018240878995121043, -0.010572800261034684], [-0.005785081727175375, -0.010572800261034684, 0.0069404262172917145]], "chi2_level": 0.95, "chi2_df": 3, "chi2_threshold": 7.814727903251179, "N_raw": 42, "N_roi": 42, "N_inlier": 42, "refit": true}
{"timestamp": "16:44:33.558536", "frame": 36, "mu": [-2.168469555439684, 1.1237323052723696, 1.2408962852139052], "Sigma": [[0.0069835906057324915, 0.005275647932329352, -0.003825228148082724], [0.005275647932329352, 0.009240535763044065, -0.007129949691041453], [-0.003825228148082724, -0.007129949691041452, 0.009566294386002027]], "chi2_level": 0.95, "chi2_df": 3, "chi2_threshold": 7.814727903251179, "N_raw": 34, "N_roi": 34, "N_inlier": 34, "refit": true}
{"timestamp": "16:44:33.614391", "frame": 37, "mu": [-2.190919625479173, 1.1829479706742039, 1.2467272060163153], "Sigma": [[0.0072724274926713765, 0.008104480528803176, -0.0005234155872092687], [0.008104480528803176, 0.010300275326845203, -0.0022039210034163095], [-0.0005234155872092689, -0.002203921003416309, 0.03125465398634378]], "chi2_level": 0.95, "chi2_df": 3, "chi2_threshold": 7.814727903251179, "N_raw": 43, "N_roi": 43, "N_inlier": 41, "refit": true}
{"timestamp": "16:44:33.671557", "frame": 38, "mu": [-2.161056942871483, 1.2516022678304586, 1.46488173895247], "Sigma": [[0.010983641066080458, 0.008899844402251719, -0.00713852500479998], [0.00889984440225172, 0.01840257139579564, -0.011552125535442985], [-0.00713852500479998, -0.011552125535442985, 0.008728636282968405]], "chi2_level": 0.95, "chi2_df": 3, "chi2_threshold": 7.814727903251179, "N_raw": 54, "N_roi": 54, "N_inlier": 50, "refit": true}
{"timestamp": "16:44:33.726632", "frame": 39, "mu": [-2.05315197261495, 1.256859332359615, 1.3261638616969007], "Sigma": [[0.007526123732258905, 0.0016670814065177456, -0.005518481230867129], [0.0016670814065177456, 0.00638534850221064, -0.002789024359024349], [-0.00551848123086713, -0.0027890243590243486, 0.005104966523434991]], "chi2_level": 0.95, "chi2_df": 3, "chi2_threshold": 7.814727903251179, "N_raw": 33, "N_roi": 33, "N_inlier": 32, "refit": true}
{"timestamp": "16:44:33.784007", "frame": 40, "mu": [-2.0010567761010205, 1.3093727464816916, 1.3850374171582576], "Sigma": [[0.01074445032339506, 0.0006446049989553016, -0.013703006018621296], [0.0006446049989553015, 0.013314663632286, -0.0005384547553811156], [-0.013703006018621296, -0.0005384547553811156, 0.019003781240820944]], "chi2_level": 0.95, "chi2_df": 3, "chi2_threshold": 7.814727903251179, "N_raw": 56, "N_roi": 56, "N_inlier": 53, "refit": true}
{"timestamp": "16:44:33.838274", "frame": 41, "mu": [-2.0217293860633956, 1.3756639810616533, 1.526414792786932], "Sigma": [[0.010130937808825609, 0.0034337453913933853, -0.010388620136500796], [0.003433745391393386, 0.009265440661520479, -0.005054959357702362], [-0.010388620136500796, -0.005054959357702362, 0.014330704744190336]], "chi2_level": 0.95, "chi2_df": 3, "chi2_threshold": 7.814727903251179, "N_raw": 45, "N_roi": 45, "N_inlier": 43, "refit": true}
{"timestamp": "16:44:33.899928", "frame": 42, "mu": [-1.911383865338719, 1.487912211195811, 1.4766440705769102], "Sigma": [[0.024355819515703522, 0.00914754740596141, -0.026377900723329593], [0.00914754740596141, 0.018836481929188208, -0.008184915571951324], [-0.026377900723329593, -0.008184915571951324, 0.03002479769026675]], "chi2_level": 0.95, "chi2_df": 3, "chi2_threshold": 7.814727903251179, "N_raw": 95, "N_roi": 95, "N_inlier": 89, "refit": true}
{"timestamp": "16:44:33.953026", "frame": 43, "mu": [-1.8660505292077758, 1.5716841929219207, -0.22864913451860525], "Sigma": [[0.0169139600260486, 0.013343585893055183, -0.00954118765356729], [0.013343585893055183, 0.02074184666900375, -0.007898954281643897], [-0.00954118765356729, -0.007898954281643895, 0.008959873969302475]], "chi2_level": 0.95, "chi2_df": 3, "chi2_threshold": 7.814727903251179, "N_raw": 73, "N_roi": 73, "N_inlier": 69, "refit": true}
{"timestamp": "16:44:34.009362", "frame": 44, "mu": [-1.8649831926881526, 1.58199799793429, 1.5270087232125658], "Sigma": [[0.01667978299955385, 0.01095148813366179, -0.01827175504624878], [0.01095148813366179, 0.024738220371990957, -0.00201042850787447], [-0.01827175504624878, -0.00201042850787447, 0.02764923706630419]], "chi2_level": 0.95, "chi2_df": 3, "chi2_threshold": 7.814727903251179, "N_raw": 79, "N_roi": 79, "N_inlier": 75, "refit": true}
{"timestamp": "16:44:34.065024", "frame": 45, "mu": [-1.8633551462269191, 1.657631532108307, 1.5805392177248154], "Sigma": [[0.024506919090520496, 0.012530915125023625, -0.030654467226174553], [0.012530915125023625, 0.024342749336309533, -0.0038289309239006915], [-0.030654467226174553, -0.003828930923900692, 0.04914536356666456]], "chi2_level": 0.95, "chi2_df": 3, "chi2_threshold": 7.814727903251179, "N_raw": 97, "N_roi": 97, "N_inlier": 90, "refit": true}
{"timestamp": "16:44:34.119554", "frame": 46, "mu": [-1.7917598634112333, 1.8132148728706536, 1.6103134943122972], "Sigma": [[0.020244658277555262, 0.011952975400056368, -0.021037865201791593], [0.011952975400056368, 0.02627903761649728, 0.0015722268673093725], [-0.021037865201791593, 0.0015722268673093722, 0.036055199327980125]], "chi2_level": 0.95, "chi2_df": 3, "chi2_threshold": 7.814727903251179, "N_raw": 89, "N_roi": 88, "N_inlier": 87, "refit": true}
{"timestamp": "16:44:34.162640", "frame": 47, "mu": [-1.884340385748544, 1.8415793266529088, 1.7962829760534471], "Sigma": [[0.05724493169686274, 0.03766106360498961, -0.062219590836831415], [0.03766106360498961, 0.03509733534199056, -0.04172888756821495], [-0.062219590836831415, -0.04172888756821495, 0.07148992180395364]], "chi2_level": 0.95, "chi2_df": 3, "chi2_threshold": 7.814727903251179, "N_raw": 12, "N_roi": 12, "N_inlier": 12, "refit": true}
{"timestamp": "16:44:34.223398", "frame": 48, "mu": [-1.6654863489654117, 2.043068524611256, 1.4914355382230697], "Sigma": [[0.009869660872329865, 0.003432606243627629, -0.0027317110177381837], [0.003432606243627629, 0.005818004147996968, -0.004005705781700907], [-0.0027317110177381837, -0.004005705781700907, 0.006856103137714541]], "chi2_level": 0.95, "chi2_df": 3, "chi2_threshold": 7.814727903251179, "N_raw": 55, "N_roi": 47, "N_inlier": 45, "refit": true}
{"timestamp": "16:44:34.278868", "frame": 49, "mu": [-1.5897888930182968, 2.1204624513080743, 1.5970334655741065], "Sigma": [[0.010940921166989793, 0.0015524182900853395, -0.011459436670680199], [0.00155241829008534, 0.0070528907435137445, 0.002044023022698861], [-0.0114594366706802, 0.0020440230226988613, 0.016875755400348684]], "chi2_level": 0.95, "chi2_df": 3, "chi2_threshold": 7.814727903251179, "N_raw": 48, "N_roi": 45, "N_inlier": 43, "refit": true}
{"timestamp": "16:44:34.329112", "frame": 50, "mu": [-1.555930156769941, 2.318485700601289, 0.15199877300669556], "Sigma": [[0.009068124210481164, 0.004885757342258946, -0.008406515543211285], [0.004885757342258946, 0.005776145429805215, -0.007880213462175455], [-0.008406515543211285, -0.007880213462175455, 0.014548197457191792]], "chi2_level": 0.95, "chi2_df": 3, "chi2_threshold": 7.814727903251179, "N_raw": 28, "N_roi": 28, "N_inlier": 24, "refit": true}
{"timestamp": "16:44:34.382881", "frame": 51, "mu": [-1.359673771215531, 2.1365877295305804, 1.1680828873586626], "Sigma": [[0.0032925783941638066, -0.0001593354078894249, -0.0025755445447302495], [-0.0001593354078894249, 0.0013998020197999977, -0.001354166289024141], [-0.0025755445447302495, -0.001354166289024141, 0.004525016233417453]], "chi2_level": 0.95, "chi2_df": 3, "chi2_threshold": 7.814727903251179, "N_raw": 10, "N_roi": 10, "N_inlier": 10, "refit": true}
{"timestamp": "16:44:34.443961", "frame": 52, "mu": [-1.3298442674468927, 2.357667565577492, -0.055552452626035476], "Sigma": [[0.017686008724765924, 0.0014353811858257488, -0.021542848610389118], [0.001435381185825749, 0.0049351046875972795, -0.0025004978119088253], [-0.021542848610389114, -0.002500497811908825, 0.0275795327283775]], "chi2_level": 0.95, "chi2_df": 3, "chi2_threshold": 7.814727903251179, "N_raw": 62, "N_roi": 62, "N_inlier": 58, "refit": true}
{"timestamp": "16:44:34.499100", "frame": 53, "mu": [-1.2768026153766658, 2.325883506378152, 1.3557281659481228], "Sigma": [[0.0122386225485296, -0.0014145592950720026, -0.016094196541276213], [-0.0014145592950720026, 0.006435683424603744, 0.003982746950157077], [-0.016094196541276213, 0.003982746950157077, 0.02303032854793537]], "chi2_level": 0.95, "chi2_df": 3, "chi2_threshold": 7.814727903251179, "N_raw": 51, "N_roi": 51, "N_inlier": 48, "refit": true}
{"timestamp": "16:44:34.553379", "frame": 54, "mu": [-1.2196434668281362, 2.3668667402875925, 1.3402047731165512], "Sigma": [[0.012791457689823281, -0.0017132231491898467, -0.012564687947002698], [-0.0017132231491898467, 0.0065579733018419125, 0.003440892043184267], [-0.012564687947002696, 0.003440892043184267, 0.014274655055031943]], "chi2_level": 0.95, "chi2_df": 3, "chi2_threshold": 7.814727903251179, "N_raw": 55, "N_roi": 55, "N_inlier": 52, "refit": true}
{"timestamp": "16:44:34.613732", "frame": 55, "mu": [-1.2516951712796973, 2.399525758357742, 0.9591529287684742], "Sigma": [[0.04713418060629615, 0.0025769365857542985, 0.06779743945103578], [0.002576936585754298, 0.004852489446554318, 0.006554135525495892], [0.06779743945103578, 0.006554135525495892, 0.17857819421190532]], "chi2_level": 0.95, "chi2_df": 3, "chi2_threshold": 7.814727903251179, "N_raw": 86, "N_roi": 84, "N_inlier": 81, "refit": true}
{"timestamp": "16:44:34.665091", "frame": 56, "mu": [-1.0327776049004882, 2.5075272169871172, 1.2651629007195455], "Sigma": [[0.013195273421228464, -0.002159116545954051, -0.015286345253357819], [-0.002159116545954051, 0.00431054113507839, -0.000466866953643841], [-0.015286345253357819, -0.0004668669536438408, 0.022797784534369293]], "chi2_level": 0.95, "chi2_df": 3, "chi2_threshold": 7.814727903251179, "N_raw": 57, "N_roi": 57, "N_inlier": 53, "refit": true}
{"timestamp": "16:44:34.720619", "frame": 57, "mu": [-1.0533700289400774, 2.5571503760411445, 1.1977431019190365], "Sigma": [[0.023341617403843787, -0.00015877869920438996, 0.0349466076934569], [-0.00015877869920438996, 0.00453879065195501, 0.0034912666516543622], [0.034946607693456894, 0.0034912666516543627, 0.1493166948575097]], "chi2_level": 0.95, "chi2_df": 3, "chi2_threshold": 7.814727903251179, "N_raw": 64, "N_roi": 64, "N_inlier": 62, "refit": true}
{"timestamp": "16:44:34.776596", "frame": 58, "mu": [-0.9290099650187492, 2.580328730174706, 1.0834855025135548], "Sigma": [[0.011163602506158823, -0.0008030990234919628, -0.011835665639161795], [-0.0008030990234919625, 0.0016380268780308478, -0.00456116747369407], [-0.011835665639161793, -0.0045611674736940715, 0.040433174308434794]], "chi2_level": 0.95, "chi2_df": 3, "chi2_threshold": 7.814727903251179, "N_raw": 65, "N_roi": 65, "N_inlier": 60, "refit": true}
{"timestamp": "16:44:34.836599", "frame": 59, "mu": [-1.0198686656849847, 2.8817602706526912, -0.38030820256395187], "Sigma": [[0.018511750536122695, -0.015487827262476207, 0.05520378878254596], [-0.015487827262476207, 0.030301052306901534, -0.09591957117591232], [0.05520378878254596, -0.09591957117591232, 0.3401511417134193]], "chi2_level": 0.95, "chi2_df": 3, "chi2_threshold": 7.814727903251179, "N_raw": 99, "N_roi": 99, "N_inlier": 96, "refit": true}
{"timestamp": "16:44:34.889869", "frame": 60, "mu": [-0.9125996709852356, 2.7173180404980086, 0.782533287557155], "Sigma": [[0.013618176610800286, 2.2074055919528467e-05, 0.02048129863472572], [2.207405591952852e-05, 0.0030229847874072226, 0.002219427967017854], [0.020481298634725715, 0.002219427967017853, 0.48193641759744926]], "chi2_level": 0.95, "chi2_df": 3, "chi2_threshold": 7.814727903251179, "N_raw": 88, "N_roi": 88, "N_inlier": 87, "refit": true}
{"timestamp": "16:44:34.944307", "frame": 61, "mu": [-0.8607093455950445, 2.956997474199344, -0.2681558278311996], "Sigma": [[0.013367953284214697, -0.007097704763797025, 0.02662068645101473], [-0.007097704763797024, 0.034636683028233056, -0.10806593418738647], [0.026620686451014734, -0.10806593418738648, 0.4071965077290102]], "chi2_level": 0.95, "chi2_df": 3, "chi2_threshold": 7.814727903251179, "N_raw": 85, "N_roi": 85, "N_inlier": 83, "refit": true}
{"timestamp": "16:44:34.995864", "frame": 62, "mu": [-0.8163946273995961, 2.794092997447457, 1.2062069630147623], "Sigma": [[0.012411238970265014, -0.0005625750555922912, -0.004281917081798571], [-0.0005625750555922913, 0.003336952949595645, -0.004443151618638134], [-0.004281917081798571, -0.004443151618638133, 0.01500480567364105]], "chi2_level": 0.95, "chi2_df": 3, "chi2_threshold": 7.814727903251179, "N_raw": 65, "N_roi": 65, "N_inlier": 59, "refit": true}
{"timestamp": "16:44:35.055838", "frame": 63, "mu": [-0.799509791369857, 2.8435186185518524, 0.9527305223416487], "Sigma": [[0.014948068064814956, 0.0011433726961476635, 0.00793232679644623], [0.0011433726961476635, 0.004270850140322466, 0.007952081531192494], [0.007932326796446228, 0.007952081531192496, 0.12504252737284857]], "chi2_level": 0.95, "chi2_df": 3, "chi2_threshold": 7.814727903251179, "N_raw": 97, "N_roi": 97, "N_inlier": 94, "refit": true}
{"timestamp": "16:44:35.106981", "frame": 64, "mu": [-0.7325749356425857, 2.9881745462344678, 1.4879149013106057], "Sigma": [[0.013131230260744397, -0.0041622807462328975, -0.012488463666003605], [-0.0041622807462328975, 0.008774148545458807, 0.0013775868920487316], [-0.012488463666003605, 0.0013775868920487318, 0.016455859387298336]], "chi2_level": 0.95, "chi2_df": 3, "chi2_threshold": 7.814727903251179, "N_raw": 70, "N_roi": 70, "N_inlier": 64, "refit": true}
{"timestamp": "16:44:35.163323", "frame": 65, "mu": [-0.6900894906163486, 2.9972607236614754, 1.2870853669074047], "Sigma": [[0.014417953169811733, 0.0031541692754199608, 0.014231866673518714], [0.0031541692754199603, 0.011413544719319739, 0.028207057812454552], [0.014231866673518714, 0.028207057812454552, 0.17478993827050435]], "chi2_level": 0.95, "chi2_df": 3, "chi2_threshold": 7.814727903251179, "N_raw": 81, "N_roi": 81, "N_inlier": 80, "refit": true}
{"timestamp": "16:44:35.217537", "frame": 66, "mu": [-0.6361380196390297, 3.0947619591901896, 1.2851212178658387], "Sigma": [[0.013118704351249002, -0.00011448899234714157, -0.005990987063878461], [-0.00011448899234714168, 0.005539475452401412, -0.00013381627734536784], [-0.005990987063878461, -0.00013381627734536795, 0.03586304615229556]], "chi2_level": 0.95, "chi2_df": 3, "chi2_threshold": 7.814727903251179, "N_raw": 69, "N_roi": 66, "N_inlier": 61, "refit": true}
{"timestamp": "16:44:35.271432", "frame": 67, "mu": [-0.5574409625667281, 3.2992579897145595, -0.03651875178396903], "Sigma": [[0.014271933430835288, 0.001839862872839547, -0.005040734877066797], [0.001839862872839547, 0.006735417100738442, -0.012211839072049896], [-0.005040734877066797, -0.012211839072049896, 0.03553691917614742]], "chi2_level": 0.95, "chi2_df": 3, "chi2_threshold": 7.814727903251179, "N_raw": 66, "N_roi": 42, "N_inlier": 38, "refit": true}
{"timestamp": "16:44:35.329947", "frame": 68, "mu": [-0.5165177265956327, 3.2274792998582305, 1.0476198643227286], "Sigma": [[0.015382310061249975, 0.0006683745326022158, -0.026037934896344136], [0.000668374532602216, 0.006684584026247035, 0.015128428574356503], [-0.026037934896344136, 0.015128428574356501, 0.5199147279348536]], "chi2_level": 0.95, "chi2_df": 3, "chi2_threshold": 7.814727903251179, "N_raw": 87, "N_roi": 80, "N_inlier": 80, "refit": true}
{"timestamp": "16:44:35.381528", "frame": 69, "mu": [-0.44933669255975206, 3.3364026391131025, 0.20373617603763017], "Sigma": [[0.019716298015299876, -0.00011164511146803755, -0.010510417776237756], [-0.00011164511146803723, 0.00560221825198036, -5.943914657460629e-05], [-0.010510417776237756, -5.943914657460629e-05, 0.013935026580983825]], "chi2_level": 0.95, "chi2_df": 3, "chi2_threshold": 7.814727903251179, "N_raw": 64, "N_roi": 58, "N_inlier": 53, "refit": true}
{"timestamp": "16:44:35.429653", "frame": 70, "mu": [-0.4083330375567108, 3.310381161993629, 1.0251027974709912], "Sigma": [[0.007702174024312259, -0.0037276276658378947, 0.022356689047913835], [-0.0037276276658378947, 0.005662857537059608, -0.024146659957297457], [0.02235668904791384, -0.02414665995729745, 0.16842632631566887]], "chi2_level": 0.95, "chi2_df": 3, "chi2_threshold": 7.814727903251179, "N_raw": 19, "N_roi": 19, "N_inlier": 17, "refit": true}
{"timestamp": "16:44:35.486227", "frame": 71, "mu": [-0.28090623148542915, 3.4113314818837916, 0.12458157001224604], "Sigma": [[0.00855468787140634, 0.000632886154843883, -0.009052081815725446], [0.000632886154843883, 0.004132537232635164, -0.003071367750423041], [-0.009052081815725446, -0.003071367750423041, 0.012123214585646209]], "chi2_level": 0.95, "chi2_df": 3, "chi2_threshold": 7.814727903251179, "N_raw": 35, "N_roi": 35, "N_inlier": 32, "refit": true}
{"timestamp": "16:44:35.539917", "frame": 72, "mu": [-0.21002568704780344, 3.3676825097644714, 1.297081315171837], "Sigma": [[0.011450150950648176, -0.002181052725277836, -0.01245076253917638], [-0.0021810527252778362, 0.0029732988797590244, 0.0027229127525769453], [-0.01245076253917638, 0.0027229127525769453, 0.01615148752021716]], "chi2_level": 0.95, "chi2_df": 3, "chi2_threshold": 7.814727903251179, "N_raw": 28, "N_roi": 28, "N_inlier": 25, "refit": true}
{"timestamp": "16:44:35.599929", "frame": 73, "mu": [-0.3406539826980084, 3.452901258700954, 1.0021809396009478], "Sigma": [[0.026342841288523954, 0.001604548403117596, 0.05200775011201006], [0.001604548403117596, 0.004031927851361508, 0.011426280142493937], [0.05200775011201006, 0.011426280142493937, 0.20489567663984365]], "chi2_level": 0.95, "chi2_df": 3, "chi2_threshold": 7.814727903251179, "N_raw": 58, "N_roi": 58, "N_inlier": 55, "refit": true}
{"timestamp": "16:44:35.655836", "frame": 74, "mu": [-0.20734628460439486, 3.5371515937821965, 1.1209119604989024], "Sigma": [[0.021895162295206324, -0.0010815547272948723, 0.033656522522833444], [-0.0010815547272948723, 0.006750943533911233, -0.014475798179096779], [0.03365652252283345, -0.01447579817909678, 0.3056452928132209]], "chi2_level": 0.95, "chi2_df": 3, "chi2_threshold": 7.814727903251179, "N_raw": 65, "N_roi": 65, "N_inlier": 64, "refit": true}
{"timestamp": "16:44:35.709994", "frame": 75, "mu": [-0.12857576064300583, 3.601847431375632, 1.5064560220640073], "Sigma": [[0.02120979963240879, -0.0030807358611697404, -0.013565362234340966], [-0.00308073586116974, 0.004904701318654293, 0.0004867174547713778], [-0.013565362234340966, 0.0004867174547713776, 0.018387084239337964]], "chi2_level": 0.95, "chi2_df": 3, "chi2_threshold": 7.814727903251179, "N_raw": 57, "N_roi": 57, "N_inlier": 52, "refit": true}
{"timestamp": "16:44:35.767663", "frame": 76, "mu": [-0.052483559409406425, 3.6499986959524713, 0.933891671013555], "Sigma": [[0.01736689087390093, -0.0015777261410251009, -0.0033004003702862368], [-0.001577726141025101, 0.004147376079478611, -0.022727477910849097], [-0.0033004003702862368, -0.022727477910849097, 0.34914141431393925]], "chi2_level": 0.95, "chi2_df": 3, "chi2_threshold": 7.814727903251179, "N_raw": 77, "N_roi": 73, "N_inlier": 73, "refit": true}
{"timestamp": "16:44:35.819030", "frame": 77, "mu": [-0.010356532347877105, 3.65612612516453, 1.2343723772961812], "Sigma": [[0.01609242876872157, -0.0022467797988206767, -0.0022369973580624288], [-0.0022467797988206767, 0.004921562099870073, -0.00352248990685651], [-0.0022369973580624288, -0.00352248990685651, 0.010985308545323928]], "chi2_level": 0.95, "chi2_df": 3, "chi2_threshold": 7.814727903251179, "N_raw": 54, "N_roi": 54, "N_inlier": 53, "refit": true}
{"timestamp": "16:44:35.869519", "frame": 78, "mu": [0.04016621451647581, 3.7279765418567425, 1.3065487587719606], "Sigma": [[0.013597676392405141, -0.0047421912092258985, 0.012348890811170988], [-0.004742191209225898, 0.004743342512583641, -0.013129413105902921], [0.012348890811170986, -0.01312941310590292, 0.060590944492985827]], "chi2_level": 0.95, "chi2_df": 3, "chi2_threshold": 7.814727903251179, "N_raw": 26, "N_roi": 26, "N_inlier": 24, "refit": true}
{"timestamp": "16:44:35.925146", "frame": 79, "mu": [0.0224359233411662, 3.7771859825711847, 1.0871094456111385], "Sigma": [[0.011970115724985037, -0.0047112630434260495, 0.0025327512508060398], [-0.00471126304342605, 0.007059701352081051, -0.015131847803113191], [0.002532751250806039, -0.01513184780311319, 0.07455043848002457]], "chi2_level": 0.95, "chi2_df": 3, "chi2_threshold": 7.814727903251179, "N_raw": 29, "N_roi": 29, "N_inlier": 28, "refit": true}
{"timestamp": "16:44:35.981498", "frame": 80, "mu": [0.07370374881908417, 3.8490922828233365, 1.3146528541343119], "Sigma": [[0.014867294301891385, -0.003953119567303635, -0.014048095575491987], [-0.003953119567303635, 0.004397614641510985, 3.46261292726521e-05], [-0.014048095575491987, 3.46261292726521e-05, 0.04168649620230239]], "chi2_level": 0.95, "chi2_df": 3, "chi2_threshold": 7.814727903251179, "N_raw": 36, "N_roi": 36, "N_inlier": 33, "refit": true}
{"timestamp": "16:44:36.034023", "frame": 81, "mu": [0.13898492959377157, 3.919868597150447, 1.4565573282952873], "Sigma": [[0.004506645038848982, -0.001425640109682788, -0.002461773738323632], [-0.0014256401096827877, 0.002022100765202528, 0.006407215614532658], [-0.002461773738323632, 0.006407215614532657, 0.0933283316224585]], "chi2_level": 0.95, "chi2_df": 3, "chi2_threshold": 7.814727903251179, "N_raw": 16, "N_roi": 16, "N_inlier": 14, "refit": true}
{"timestamp": "16:44:36.092199", "frame": 82, "mu": [0.12234042939858955, 3.9882467512835276, 1.3813340684591366], "Sigma": [[0.018230804125213662, -0.004111824956845725, -0.016301488424021304], [-0.004111824956845726, 0.004002767699869284, 0.00244985988355893], [-0.016301488424021304, 0.00244985988355893, 0.024854848533117903]], "chi2_level": 0.95, "chi2_df": 3, "chi2_threshold": 7.814727903251179, "N_raw": 43, "N_roi": 41, "N_inlier": 38, "refit": true}
{"timestamp": "16:44:36.199074", "frame": 84, "mu": [0.28486212020393015, 3.9820851116416667, 1.1663262560999144], "Sigma": [[0.012833309707507515, -0.0015606094692845272, -0.0036285051822692815], [-0.0015606094692845272, 0.0009180872603072834, -0.0012655158315547723], [-0.0036285051822692815, -0.0012655158315547726, 0.009373260138899619]], "chi2_level": 0.95, "chi2_df": 3, "chi2_threshold": 7.814727903251179, "N_raw": 25, "N_roi": 23, "N_inlier": 22, "refit": true}
{"timestamp": "16:44:36.253072", "frame": 85, "mu": [0.30244733472747476, 4.055259315452601, 1.2225453289872488], "Sigma": [[0.008455075253721758, -0.0009443745420631318, 3.5159742090797144e-05], [-0.000944374542063132, 0.001668025507825556, -0.0009222833443213662], [3.5159742090797144e-05, -0.0009222833443213662, 0.0017193024830437435]], "chi2_level": 0.95, "chi2_df": 3, "chi2_threshold": 7.814727903251179, "N_raw": 20, "N_roi": 20, "N_inlier": 18, "refit": true}
{"timestamp": "16:44:36.311325", "frame": 86, "mu": [0.35173428939914186, 4.161119991011693, 1.288178662730163], "Sigma": [[0.01731901572110145, -0.0027460335541969897, -0.0072806487572546355], [-0.0027460335541969892, 0.004411953210124054, 0.003311886911273272], [-0.0072806487572546355, 0.003311886911273272, 0.005927076839643709]], "chi2_level": 0.95, "chi2_df": 3, "chi2_threshold": 7.814727903251179, "N_raw": 39, "N_roi": 39, "N_inlier": 35, "refit": true}
{"timestamp": "16:44:36.362772", "frame": 87, "mu": [0.34962877348776805, 4.177071217514232, 1.407003273287238], "Sigma": [[0.003865577141014003, -0.000856090371332664, 0.0019917945680188827], [-0.000856090371332664, 0.008227063352578655, -0.022369662813880573], [0.0019917945680188835, -0.022369662813880573, 0.06854134127418232]], "chi2_level": 0.95, "chi2_df": 3, "chi2_threshold": 7.814727903251179, "N_raw": 13, "N_roi": 13, "N_inlier": 12, "refit": true}
{"timestamp": "16:44:36.417209", "frame": 88, "mu": [0.39319527554083167, 4.345966083098845, 1.0647441146368102], "Sigma": [[0.004026004118895924, -0.0004864743957715612, -0.020573866498162507], [-0.0004864743957715612, 0.007761048597537213, -0.020662928584623583], [-0.020573866498162507, -0.020662928584623583, 0.23139772969552136]], "chi2_level": 0.95, "chi2_df": 3, "chi2_threshold": 7.814727903251179, "N_raw": 11, "N_roi": 10, "N_inlier": 10, "refit": true}
{"timestamp": "16:44:36.474052", "frame": 89, "mu": [0.4474182573559385, 4.330457609728266, 1.4168952634181446], "Sigma": [[0.014514749404948131, -0.004545575558103591, -0.011545982114291971], [-0.004545575558103591, 0.0030330271982159443, 0.003706315722959672], [-0.011545982114291971, 0.003706315722959672, 0.012348562390202539]], "chi2_level": 0.95, "chi2_df": 3, "chi2_threshold": 7.814727903251179, "N_raw": 26, "N_roi": 23, "N_inlier": 21, "refit": true}
{"timestamp": "16:44:36.529788", "frame": 90, "mu": [0.6548412035273701, 4.259091024381063, 1.0408498868406335], "Sigma": [[0.00872171763246484, -0.0014591042512438455, -0.005343460304805241], [-0.0014591042512438455, 0.004532177364590536, -0.008369168260101962], [-0.005343460304805241, -0.008369168260101962, 0.02772215709499328]], "chi2_level": 0.95, "chi2_df": 3, "chi2_threshold": 7.814727903251179, "N_raw": 23, "N_roi": 22, "N_inlier": 20, "refit": true}
{"timestamp": "16:44:36.584601", "frame": 91, "mu": [0.5430972056159616, 4.071728022611048, 0.4022118099403597], "Sigma": [[0.010087477933482995, -0.017427667274567273, 0.004122403594201364], [-0.017427667274567273, 0.6316013406139803, 0.8266572453954836], [0.004122403594201365, 0.8266572453954836, 1.2333680892827437]], "chi2_level": 0.95, "chi2_df": 3, "chi2_threshold": 7.814727903251179, "N_raw": 20, "N_roi": 20, "N_inlier": 19, "refit": true}
{"timestamp": "16:44:36.693468", "frame": 93, "mu": [0.6841493333361174, 4.406988295524867, 1.2539504402198476], "Sigma": [[0.011320068306555934, -0.004087820987325445, -0.0019005281595733609], [-0.004087820987325445, 0.0027991014657830385, -0.0008658820901113056], [-0.0019005281595733605, -0.0008658820901113056, 0.02310372694727131]], "chi2_level": 0.95, "chi2_df": 3, "chi2_threshold": 7.814727903251179, "N_raw": 21, "N_roi": 21, "N_inlier": 19, "refit": true}
{"timestamp": "16:44:36.806095", "frame": 95, "mu": [0.7130003510880892, 4.583749644458331, 1.4211804000307902], "Sigma": [[0.02194503821973972, -0.005425874832012052, -0.011570444056173097], [-0.005425874832012052, 0.004540172819381418, 0.0022352118895875295], [-0.011570444056173097, 0.002235211889587529, 0.009257649531604616]], "chi2_level": 0.95, "chi2_df": 3, "chi2_threshold": 7.814727903251179, "N_raw": 38, "N_roi": 38, "N_inlier": 36, "refit": true}
{"timestamp": "16:44:36.858405", "frame": 96, "mu": [0.758336086275085, 4.655811749639463, 1.5035237352721453], "Sigma": [[0.01419819744679106, -0.005440301910865187, -0.0132528275958857], [-0.005440301910865187, 0.004755531507987062, 0.006285075963725241], [-0.0132528275958857, 0.006285075963725241, 0.015581294484707863]], "chi2_level": 0.95, "chi2_df": 3, "chi2_threshold": 7.814727903251179, "N_raw": 17, "N_roi": 17, "N_inlier": 16, "refit": true}
{"timestamp": "16:44:36.968144", "frame": 98, "mu": [0.8461281658063785, 4.707759651680671, 1.3164924088659378], "Sigma": [[0.016025304063786376, -0.004640036481956977, -0.014661401654698966], [-0.004640036481956977, 0.003572684142514518, 0.005853103988256589], [-0.014661401654698966, 0.0058531039882565895, 0.016844506223322495]], "chi2_level": 0.95, "chi2_df": 3, "chi2_threshold": 7.814727903251179, "N_raw": 21, "N_roi": 21, "N_inlier": 21, "refit": true}
{"timestamp": "16:44:37.023977", "frame": 99, "mu": [0.8996184337227642, 4.791302897586228, 0.8254137712398528], "Sigma": [[0.007545856214618418, -0.008699154638415495, 0.007872044639972552], [-0.008699154638415495, 0.01665860063030942, -0.03188909027936738], [0.007872044639972554, -0.03188909027936738, 0.13221118497705542]], "chi2_level": 0.95, "chi2_df": 3, "chi2_threshold": 7.814727903251179, "N_raw": 20, "N_roi": 10, "N_inlier": 10, "refit": true}
