{"timestamp": "16:26:31.261227", "frame": 1, "mu": [1.1260836539031946, 1.1928024000461859, 1.2904576852219645], "Sigma": [[0.0017110986088444814, -0.001065230214474241, -0.0006883447342761251], [-0.001065230214474241, 0.0031576411283314345, -0.0005571390517778942], [-0.0006883447342761251, -0.0005571390517778942, 0.0008952977182441278]], "chi2_level": 0.95, "chi2_df": 3, "chi2_threshold": 7.814727903251179, "N_raw": 15, "N_roi": 15, "N_inlier": 14, "refit": true}
{"timestamp": "16:26:31.702057", "frame": 9, "mu": [1.1078872545534708, 1.1650734091673451, 1.379693011855379], "Sigma": [[0.00493324196877245, -0.0023937848267932956, -0.002617468994663096], [-0.0023937848267932956, 0.002492443219565217, 0.0008814604841858707], [-0.0026174689946630966, 0.0008814604841858707, 0.0018541615958000376]], "chi2_level": 0.95, "chi2_df": 3, "chi2_threshold": 7.814727903251179, "N_raw": 23, "N_roi": 23, "N_inlier": 20, "refit": true}
{"timestamp": "16:26:32.031892", "frame": 15, "mu": [1.0158433134593352, 1.2949309355637544, 1.4051515399387957], "Sigma": [[0.0038318139142381595, -0.001693688266600642, -0.003442195086224192], [-0.0016936882666006424, 0.0027116730025153165, -0.00018157672977291001], [-0.003442195086224192, -0.00018157672977290993, 0.012556481752465208]], "chi2_level": 0.95, "chi2_df": 3, "chi2_threshold": 7.814727903251179, "N_raw": 29, "N_roi": 29, "N_inlier": 26, "refit": true}
{"timestamp": "16:26:32.199272", "frame": 18, "mu": [1.1650872881906993, 1.1488175746003784, 1.0996298292866156], "Sigma": [[0.0026557207986810565, -0.0024797470485314168, -0.00017671432306432325], [-0.0024797470485314168, 0.0029908100166584754, -0.0015820824952396547], [-0.00017671432306432346, -0.001582082495239655, 0.017908662448201128]], "chi2_level": 0.95, "chi2_df": 3, "chi2_threshold": 7.814727903251179, "N_raw": 40, "N_roi": 40, "N_inlier": 39, "refit": true}
{"timestamp": "16:26:32.253690", "frame": 19, "mu": [1.08360503900307, 1.2320619603964762, 1.2813934371394906], "Sigma": [[0.002599697312836064, -0.0014128548099442322, -0.001437996976185781], [-0.0014128548099442322, 0.002127151560324409, -0.0001649136486310153], [-0.001437996976185781, -0.0001649136486310153, 0.0018792999979822978]], "chi2_level": 0.95, "chi2_df": 3, "chi2_threshold": 7.814727903251179, "N_raw": 21, "N_roi": 21, "N_inlier": 17, "refit": true}
{"timestamp": "16:26:32.473876", "frame": 23, "mu": [0.8935287075031404, 1.3458451117995374, 1.565729893483059], "Sigma": [[0.0035566124196991563, -0.0009336586819381135, -0.0007228029039736042], [-0.0009336586819381135, 0.0022039904312039778, 0.0004379525810155252], [-0.0007228029039736042, 0.0004379525810155251, 0.00035698400774346057]], "chi2_level": 0.95, "chi2_df": 3, "chi2_threshold": 7.814727903251179, "N_raw": 25, "N_roi": 25, "N_inlier": 23, "refit": true}
{"timestamp": "16:26:32.531298", "frame": 24, "mu": [0.8490818448954797, 1.3506213054438259, 1.5478807814053506], "Sigma": [[0.004483997861993323, -0.0003167309696726155, -0.0010403394623095356], [-0.0003167309696726155, 0.004570738484806747, 0.0003554960307861262], [-0.0010403394623095356, 0.0003554960307861262, 0.00048609812385613994]], "chi2_level": 0.95, "chi2_df": 3, "chi2_threshold": 7.814727903251179, "N_raw": 44, "N_roi": 44, "N_inlier": 43, "refit": true}
{"timestamp": "16:26:32.588053", "frame": 25, "mu": [0.8589523431299647, 1.3287587059471817, 1.4556074821627367], "Sigma": [[0.0035124108292463345, -0.0010495212657879668, -0.0025590625977906815], [-0.0010495212657879666, 0.0028474529802727396, -0.0015816645805480573], [-0.0025590625977906815, -0.0015816645805480573, 0.0053679883912190005]], "chi2_level": 0.95, "chi2_df": 3, "chi2_threshold": 7.814727903251179, "N_raw": 44, "N_roi": 44, "N_inlier": 40, "refit": true}
{"timestamp": "16:26:32.642120", "frame": 26, "mu": [0.8547239100227643, 1.3154787658065628, 1.493041041509105], "Sigma": [[0.005727805994459753, -0.0014318482151572023, -0.002638221486342905], [-0.0014318482151572023, 0.0039469197178249125, 0.0010001120450809009], [-0.002638221486342905, 0.0010001120450809009, 0.011570613620698712]], "chi2_level": 0.95, "chi2_df": 3, "chi2_threshold": 7.814727903251179, "N_raw": 46, "N_roi": 46, "N_inlier": 44, "refit": true}
{"timestamp": "16:26:32.697417", "frame": 27, "mu": [0.8349490535566351, 1.318575639219464, 1.4772414995940426], "Sigma": [[0.00433724596240764, -0.0008893590484727678, -0.0017509244196361974], [-0.0008893590484727678, 0.0043961438147125005, -0.0007230569558226488], [-0.0017509244196361974, -0.0007230569558226488, 0.001351272713868067]], "chi2_level": 0.95, "chi2_df": 3, "chi2_threshold": 7.814727903251179, "N_raw": 46, "N_roi": 46, "N_inlier": 43, "refit": true}
{"timestamp": "16:26:32.751182", "frame": 28, "mu": [0.8063237726885487, 1.322463701065189, -0.34252279909111727], "Sigma": [[0.004234410142607386, 0.00284170616259894, 0.0025598994428937707], [0.0028417061625989402, 0.003961904749912517, 0.00022295938059720057], [0.002559899442893771, 0.00022295938059720062, 0.0319698227588653]], "chi2_level": 0.95, "chi2_df": 3, "chi2_threshold": 7.814727903251179, "N_raw": 36, "N_roi": 36, "N_inlier": 34, "refit": true}
{"timestamp": "16:26:32.809168", "frame": 29, "mu": [0.8282968835453367, 1.267418781260269, 1.361682971854917], "Sigma": [[0.014285015640236038, -0.005737992529206537, -0.027663480321381023], [-0.005737992529206537, 0.0055239653020902535, 0.01098361633704711], [-0.027663480321381027, 0.01098361633704711, 0.06300901665817857]], "chi2_level": 0.95, "chi2_df": 3, "chi2_threshold": 7.814727903251179, "N_raw": 60, "N_roi": 60, "N_inlier": 58, "refit": true}
{"timestamp": "16:26:32.867134", "frame": 30, "mu": [0.8592424080251778, 1.230864385241206, 1.3595178185967267], "Sigma": [[0.009447589924924204, -0.0026458607767271946, -0.01161785594083942], [-0.0026458607767271946, 0.003984632832704757, 0.0026771598405999214], [-0.01161785594083942, 0.0026771598405999214, 0.020483656202339447]], "chi2_level": 0.95, "chi2_df": 3, "chi2_threshold": 7.814727903251179, "N_raw": 69, "N_roi": 69, "N_inlier": 64, "refit": true}
{"timestamp": "16:26:32.921310", "frame": 31, "mu": [0.7860258605764255, 1.202112968393348, 1.4012291196425153], "Sigma": [[0.006538233063509791, -0.002891759016338834, -0.008559177837972883], [-0.002891759016338834, 0.006420957265535289, 0.0046566294297756975], [-0.008559177837972883, 0.004656629429775698, 0.018810479513707352]], "chi2_level": 0.95, "chi2_df": 3, "chi2_threshold": 7.814727903251179, "N_raw": 63, "N_roi": 63, "N_inlier": 60, "refit": true}
{"timestamp": "16:26:32.976160", "frame": 32, "mu": [0.7949783444682561, 1.1359066561876163, 1.3453797606207996], "Sigma": [[0.012085378773194816, -0.008564863493122885, -0.015705258009456522], [-0.008564863493122885, 0.00804298797500874, 0.011265731065862409], [-0.015705258009456522, 0.011265731065862409, 0.03356817001106415]], "chi2_level": 0.95, "chi2_df": 3, "chi2_threshold": 7.814727903251179, "N_raw": 64, "N_roi": 64, "N_inlier": 58, "refit": true}
{"timestamp": "16:26:33.030731", "frame": 33, "mu": [0.72188105201476, 1.2077101254501146, 1.4145043632128955], "Sigma": [[0.00582907550831329, -0.0005504569575895056, -0.005119728423799484], [-0.0005504569575895056, 0.003928827963559362, -0.0023359010392513266], [-0.0051197284237994856, -0.002335901039251327, 0.007644036636866476]], "chi2_level": 0.95, "chi2_df": 3, "chi2_threshold": 7.814727903251179, "N_raw": 70, "N_roi": 70, "N_inlier": 66, "refit": true}
{"timestamp": "16:26:33.090875", "frame": 34, "mu": [0.749881936834084, 1.1568977962184612, 1.308345772813905], "Sigma": [[0.00678076514086401, -0.0013397342020497263, -0.006957868955615394], [-0.0013397342020497263, 0.005136951797007425, -0.00032438079441388107], [-0.006957868955615394, -0.00032438079441388096, 0.026915922156161537]], "chi2_level": 0.95, "chi2_df": 3, "chi2_threshold": 7.814727903251179, "N_raw": 98, "N_roi": 98, "N_inlier": 94, "refit": true}
{"timestamp": "16:26:33.137495", "frame": 35, "mu": [0.6212197821967235, 1.180068427632318, 1.2391422556104523], "Sigma": [[0.0043193044533954205, -0.002196596985655182, -0.019424963319710976], [-0.002196596985655182, 0.002869320552824428, 0.004137478119305737], [-0.019424963319710976, 0.004137478119305738, 0.25546912191819743]], "chi2_level": 0.95, "chi2_df": 3, "chi2_threshold": 7.814727903251179, "N_raw": 37, "N_roi": 37, "N_inlier": 34, "refit": true}
{"timestamp": "16:26:33.190659", "frame": 36, "mu": [0.6127806992843366, 1.2045124478731586, 1.335558112662911], "Sigma": [[0.0037794394560351314, -0.004276921044423864, 0.004035296181899584], [-0.004276921044423864, 0.009844632906536718, -0.01340240189536585], [0.004035296181899584, -0.01340240189536585, 0.060342045727729686]], "chi2_level": 0.95, "chi2_df": 3, "chi2_threshold": 7.814727903251179, "N_raw": 33, "N_roi": 33, "N_inlier": 30, "refit": true}
{"timestamp": "16:26:33.242725", "frame": 37, "mu": [0.6250591806793949, 1.1158745853136245, 0.7157022046029452], "Sigma": [[0.0022907525705584105, 0.0004296969740453037, 0.009399501987794724], [0.00042969697404530353, 0.0053522540092517685, -0.0029297595307326493], [0.009399501987794726, -0.0029297595307326424, 0.4873717777966862]], "chi2_level": 0.95, "chi2_df": 3, "chi2_threshold": 7.814727903251179, "N_raw": 10, "N_roi": 10, "N_inlier": 10, "refit": true}
{"timestamp": "16:26:33.306028", "frame": 38, "mu": [0.5408265332579644, 1.2438467755881566, 1.089794044913364], "Sigma": [[0.007392610134981458, -0.005548561858014565, 0.01725893422301873], [-0.005548561858014565, 0.007757043613907152, -0.008688993372091627], [0.01725893422301873, -0.008688993372091627, 0.11077939807341389]], "chi2_level": 0.95, "chi2_df": 3, "chi2_threshold": 7.814727903251179, "N_raw": 64, "N_roi": 64, "N_inlier": 60, "refit": true}
{"timestamp": "16:26:33.353847", "frame": 39, "mu": [0.45604473652197297, 1.1600260647426133, 1.1443796329675346], "Sigma": [[0.007743368238503933, -0.0025498520943383713, 0.02087800942709737], [-0.0025498520943383713, 0.0017901296818710266, -0.018822397114812088], [0.020878009427097367, -0.018822397114812088, 0.41116025245376575]], "chi2_level": 0.95, "chi2_df": 3, "chi2_threshold": 7.814727903251179, "N_raw": 16, "N_roi": 16, "N_inlier": 14, "refit": true}
{"timestamp": "16:26:33.412525", "frame": 40, "mu": [0.48844334514272997, 1.1702176758025624, 1.2505591793926756], "Sigma": [[0.01075071541849684, -0.0007741455202752238, -0.013948907409186447], [-0.0007741455202752237, 0.0011235554627433975, -0.0013684877756003759], [-0.013948907409186447, -0.0013684877756003759, 0.046675004026920736]], "chi2_level": 0.95, "chi2_df": 3, "chi2_threshold": 7.814727903251179, "N_raw": 43, "N_roi": 43, "N_inlier": 38, "refit": true}
{"timestamp": "16:26:33.469998", "frame": 41, "mu": [0.4279431551765385, 1.1977994501470162, 1.3016064907689056], "Sigma": [[0.004390398017678676, -0.0019413913370882167, 0.0003865632807727149], [-0.0019413913370882165, 0.004585539460028493, -0.0013973184142763338], [0.0003865632807727149, -0.0013973184142763338, 0.007845357582015282]], "chi2_level": 0.95, "chi2_df": 3, "chi2_threshold": 7.814727903251179, "N_raw": 59, "N_roi": 59, "N_inlier": 54, "refit": true}
{"timestamp": "16:26:33.524813", "frame": 42, "mu": [0.4189949367189648, 1.2949227760530877, -0.416176272489964], "Sigma": [[0.0034324734841019253, -0.0024192236133519056, -0.001172281467141269], [-0.0024192236133519056, 0.008371827332110095, 0.00020770165876418125], [-0.001172281467141269, 0.00020770165876418103, 0.003801167776838659]], "chi2_level": 0.95, "chi2_df": 3, "chi2_threshold": 7.814727903251179, "N_raw": 62, "N_roi": 62, "N_inlier": 58, "refit": true}
{"timestamp": "16:26:33.576718", "frame": 43, "mu": [0.36552529913573656, 1.1654458621357273, 1.3372457503396507], "Sigma": [[0.002793623502132906, -0.0014468462134948578, -0.0034808207315621545], [-0.0014468462134948575, 0.0040160164755808, 0.0013356596232732844], [-0.0034808207315621545, 0.0013356596232732847, 0.007417535755581112]], "chi2_level": 0.95, "chi2_df": 3, "chi2_threshold": 7.814727903251179, "N_raw": 40, "N_roi": 40, "N_inlier": 39, "refit": true}
{"timestamp": "16:26:33.628468", "frame": 44, "mu": [0.3103298709566923, 1.3234886159336319, -0.5815037809222556], "Sigma": [[0.002703010732649075, -0.0038272450626578797, -0.0028795712460187015], [-0.0038272450626578806, 0.032036065790704386, -0.06602366718676672], [-0.002879571246018702, -0.06602366718676672, 0.21879988215891774]], "chi2_level": 0.95, "chi2_df": 3, "chi2_threshold": 7.814727903251179, "N_raw": 16, "N_roi": 16, "N_inlier": 16, "refit": true}
{"timestamp": "16:26:33.693427", "frame": 45, "mu": [0.2087008661932847, 1.235877579252825, 1.1915174334242797], "Sigma": [[0.011249117533493029, -0.007580065793011081, 0.011733506262666504], [-0.007580065793011081, 0.009151085405656402, -0.005031800797421177], [0.011733506262666504, -0.005031800797421177, 0.04291024381632022]], "chi2_level": 0.95, "chi2_df": 3, "chi2_threshold": 7.814727903251179, "N_raw": 90, "N_roi": 88, "N_inlier": 85, "refit": true}
{"timestamp": "16:26:33.744560", "frame": 46, "mu": [0.19698014740957592, 1.2251922382773188, 1.1994411897069528], "Sigma": [[0.0032472510319765053, -0.0018465366286088318, -0.0007122137840140213], [-0.0018465366286088318, 0.0031596069380596596, -0.0015386280316029943], [-0.0007122137840140213, -0.0015386280316029945, 0.005280978877315907]], "chi2_level": 0.95, "chi2_df": 3, "chi2_threshold": 7.814727903251179, "N_raw": 58, "N_roi": 58, "N_inlier": 51, "refit": true}
{"timestamp": "16:26:33.796355", "frame": 47, "mu": [0.1344452979596146, 1.394431396917963, -0.33536674882567696], "Sigma": [[0.0020587605089241222, 0.002180574582076844, 0.005254227132556575], [0.002180574582076844, 0.0067066905304606775, 0.007496038078750152], [0.005254227132556575, 0.007496038078750151, 0.02583492770920961]], "chi2_level": 0.95, "chi2_df": 3, "chi2_threshold": 7.814727903251179, "N_raw": 42, "N_roi": 42, "N_inlier": 38, "refit": true}
{"timestamp": "16:26:33.907894", "frame": 49, "mu": [0.03500902321803982, 1.368937430982172, -0.511865651541658], "Sigma": [[0.003965271809939361, -0.0004791363164253201, -0.013419491556097667], [-0.0004791363164253201, 0.0008569121597424004, -0.002869496182384274], [-0.013419491556097667, -0.002869496182384274, 0.13376234333242987]], "chi2_level": 0.95, "chi2_df": 3, "chi2_threshold": 7.814727903251179, "N_raw": 58, "N_roi": 58, "N_inlier": 55, "refit": true}
{"timestamp": "16:26:33.959911", "frame": 50, "mu": [-0.17736752938849115, 1.4195636320581484, 1.0437420830020008], "Sigma": [[0.008845481346550405, -0.004385721645142662, 0.015677592070462966], [-0.004385721645142662, 0.0037981487843756177, -0.00916784638961049], [0.015677592070462966, -0.00916784638961049, 0.04611435664908682]], "chi2_level": 0.95, "chi2_df": 3, "chi2_threshold": 7.814727903251179, "N_raw": 29, "N_roi": 29, "N_inlier": 26, "refit": true}
{"timestamp": "16:26:34.013522", "frame": 51, "mu": [-0.06506169442802279, 1.2688483477149606, 1.0388820883177465], "Sigma": [[0.016784728402669792, -0.005887103872363385, 0.03083632588725957], [-0.005887103872363385, 0.006128818398283592, -0.011222476698204836], [0.03083632588725957, -0.011222476698204835, 0.060999772438949204]], "chi2_level": 0.95, "chi2_df": 3, "chi2_threshold": 7.814727903251179, "N_raw": 18, "N_roi": 18, "N_inlier": 16, "refit": true}
{"timestamp": "16:26:34.071285", "frame": 52, "mu": [-0.0591683884696503, 1.0919011830611511, 0.8485873741896656], "Sigma": [[0.0037070004859137066, -0.00014997295274996232, -0.0008547462357348357], [-0.00014997295274996237, 0.001124253755590903, -0.0002772545408749026], [-0.0008547462357348357, -0.0002772545408749026, 0.01590295845159005]], "chi2_level": 0.95, "chi2_df": 3, "chi2_threshold": 7.814727903251179, "N_raw": 38, "N_roi": 38, "N_inlier": 31, "refit": true}
{"timestamp": "16:26:34.132320", "frame": 53, "mu": [-0.16880467002249971, 1.2143643411112257, 0.8647990725550403], "Sigma": [[0.010020548676718756, -0.010910629681217403, 0.0011816257483325578], [-0.010910629681217403, 0.015549324061404907, -0.0018240015357307616], [0.0011816257483325578, -0.0018240015357307616, 0.008352129191709945]], "chi2_level": 0.95, "chi2_df": 3, "chi2_threshold": 7.814727903251179, "N_raw": 80, "N_roi": 76, "N_inlier": 72, "refit": true}
{"timestamp": "16:26:34.186081", "frame": 54, "mu": [-0.1745786156315679, 1.2249009886364979, 1.3440958965622305], "Sigma": [[0.008342746738809236, -0.00513248052132053, 0.009226431258816323], [-0.00513248052132053, 0.009399781468252223, -0.006231561008133012], [0.009226431258816323, -0.006231561008133012, 0.02353066307767455]], "chi2_level": 0.95, "chi2_df": 3, "chi2_threshold": 7.814727903251179, "N_raw": 69, "N_roi": 69, "N_inlier": 64, "refit": true}
{"timestamp": "16:26:34.297177", "frame": 56, "mu": [-0.3382251238836391, 1.2288959273022115, 1.243824411824662], "Sigma": [[0.011528613439994742, -0.012445052341770154, 0.006781551276217658], [-0.012445052341770154, 0.017050296228878062, -0.013185430594054467], [0.006781551276217658, -0.013185430594054469, 0.07858451519878563]], "chi2_level": 0.95, "chi2_df": 3, "chi2_threshold": 7.814727903251179, "N_raw": 77, "N_roi": 77, "N_inlier": 75, "refit": true}
{"timestamp": "16:26:34.349855", "frame": 57, "mu": [-0.27210015479517535, 1.1732126306698754, 1.3538083465470536], "Sigma": [[0.004054541808227966, -0.002944932935091554, -0.004016015902047806], [-0.002944932935091554, 0.005176890056695544, 0.001367562986265646], [-0.004016015902047806, 0.001367562986265646, 0.0057786181081112805]], "chi2_level": 0.95, "chi2_df": 3, "chi2_threshold": 7.814727903251179, "N_raw": 62, "N_roi": 62, "N_inlier": 56, "refit": true}
{"timestamp": "16:26:34.401108", "frame": 58, "mu": [-0.35268257864106717, 1.129814918269718, 1.3280076582374034], "Sigma": [[0.004287732498836649, -0.0022741617914533224, -0.0016486705750359838], [-0.0022741617914533224, 0.0036321003470002715, 0.0006690089855345452], [-0.0016486705750359838, 0.0006690089855345452, 0.0008880250449530054]], "chi2_level": 0.95, "chi2_df": 3, "chi2_threshold": 7.814727903251179, "N_raw": 43, "N_roi": 43, "N_inlier": 38, "refit": true}
{"timestamp": "16:26:34.453519", "frame": 59, "mu": [-0.516624343685413, 1.1404333046391602, 1.5656192894428285], "Sigma": [[0.0011421311215510778, -0.0011136211199443313, 0.00016451535613413353], [-0.0011136211199443313, 0.002168294414974056, -0.0013777278399136888], [0.00016451535613413353, -0.0013777278399136888, 0.0016209543189574882]], "chi2_level": 0.95, "chi2_df": 3, "chi2_threshold": 7.814727903251179, "N_raw": 19, "N_roi": 19, "N_inlier": 16, "refit": true}
{"timestamp": "16:26:34.513859", "frame": 60, "mu": [-0.4427974901031772, 1.145620449758172, 1.4185277758861226], "Sigma": [[0.0024632109992631197, -0.00043435197982368885, -0.003174505847102639], [-0.0004343519798236889, 0.004360295792231253, -0.0022097700561432296], [-0.003174505847102639, -0.0022097700561432296, 0.00653046966197121]], "chi2_level": 0.95, "chi2_df": 3, "chi2_threshold": 7.814727903251179, "N_raw": 59, "N_roi": 59, "N_inlier": 52, "refit": true}
{"timestamp": "16:26:34.572265", "frame": 61, "mu": [-0.5225246223886089, 1.1666470780044833, 1.368090534869981], "Sigma": [[0.006099937127211617, -0.0030732208639795994, -0.015646555647988232], [-0.0030732208639795994, 0.005446982932537517, 0.0074565763212655544], [-0.015646555647988232, 0.0074565763212655544, 0.06399578456678612]], "chi2_level": 0.95, "chi2_df": 3, "chi2_threshold": 7.814727903251179, "N_raw": 82, "N_roi": 82, "N_inlier": 78, "refit": true}
{"timestamp": "16:26:34.625517", "frame": 62, "mu": [-0.5863680573176651, 1.150459178639093, 1.4712932866216601], "Sigma": [[0.003646630958512454, -0.0016772117745696012, -0.0027899664051114514], [-0.0016772117745696012, 0.003898218233831646, -0.0030206076135536886], [-0.0027899664051114514, -0.0030206076135536886, 0.009648517360124436]], "chi2_level": 0.95, "chi2_df": 3, "chi2_threshold": 7.814727903251179, "N_raw": 69, "N_roi": 67, "N_inlier": 63, "refit": true}
{"timestamp": "16:26:34.680281", "frame": 63, "mu": [-0.6874496804423311, 1.1524206216665618, 1.5467056082078088], "Sigma": [[0.0036448998829443392, -0.0005549601360162811, -0.0025143175921308993], [-0.0005549601360162811, 0.0035078328118477104, -0.002916452666056939], [-0.0025143175921308993, -0.0029164526660569396, 0.005579002463054815]], "chi2_level": 0.95, "chi2_df": 3, "chi2_threshold": 7.814727903251179, "N_raw": 62, "N_roi": 61, "N_inlier": 54, "refit": true}
{"timestamp": "16:26:34.740645", "frame": 64, "mu": [-0.6357476160584975, 1.1027640028971881, 1.3726118552670223], "Sigma": [[0.008984105023413373, -0.004199880863542938, -0.015470103974599242], [-0.004199880863542938, 0.0071902439086928, 0.004162386498609146], [-0.015470103974599244, 0.004162386498609146, 0.04541447270730419]], "chi2_level": 0.95, "chi2_df": 3, "chi2_threshold": 7.814727903251179, "N_raw": 98, "N_roi": 98, "N_inlier": 91, "refit": true}
{"timestamp": "16:26:34.799270", "frame": 65, "mu": [-0.8489537692452849, 1.0759936324362371, 1.642630382885903], "Sigma": [[0.043571594980800266, 0.020281891174161907, -0.037487371810611], [0.02028189117416191, 0.020565203372105552, -0.021009292650803747], [-0.037487371810611, -0.021009292650803747, 0.035200334046384896]], "chi2_level": 0.95, "chi2_df": 3, "chi2_threshold": 7.814727903251179, "N_raw": 126, "N_roi": 126, "N_inlier": 119, "refit": true}
{"timestamp": "16:26:34.851065", "frame": 66, "mu": [-0.9095485308954533, 0.9889664441127864, 1.5431064437015996], "Sigma": [[0.07201030515470763, 0.031471673073097235, -0.10264628152753032], [0.031471673073097235, 0.020449604279927463, -0.04134205743072482], [-0.10264628152753032, -0.04134205743072482, 0.19238573983992327]], "chi2_level": 0.95, "chi2_df": 3, "chi2_threshold": 7.814727903251179, "N_raw": 105, "N_roi": 104, "N_inlier": 103, "refit": true}
{"timestamp": "16:26:34.905249", "frame": 67, "mu": [-0.9211436612899967, 1.0369654230038183, 0.029003798017446507], "Sigma": [[0.046537390837109414, 0.019145850838507887, 0.029929166856356403], [0.01914585083850789, 0.02068758452731815, 0.01148268827799699], [0.029929166856356403, 0.011482688277996984, 0.4423102819828227]], "chi2_level": 0.95, "chi2_df": 3, "chi2_threshold": 7.814727903251179, "N_raw": 93, "N_roi": 92, "N_inlier": 92, "refit": true}
{"timestamp": "16:26:34.958600", "frame": 68, "mu": [-0.9354125385216103, 1.0758479511103884, 1.5005535358158868], "Sigma": [[0.019158499833039806, 0.004329449104648707, -0.017833225508205333], [0.004329449104648707, 0.012796474606510014, -0.003933355265714283], [-0.017833225508205333, -0.003933355265714284, 0.024570191896752046]], "chi2_level": 0.95, "chi2_df": 3, "chi2_threshold": 7.814727903251179, "N_raw": 87, "N_roi": 87, "N_inlier": 79, "refit": true}
{"timestamp": "16:26:35.014848", "frame": 69, "mu": [-0.9881921364180393, 1.1531027921530705, -0.24450785164455455], "Sigma": [[0.03839017665462052, 0.022460114720092173, -0.01732803585222824], [0.02246011472009217, 0.026687784767912854, -0.00276878824042649], [-0.017328035852228245, -0.0027687882404264894, 0.03769939567868236]], "chi2_level": 0.95, "chi2_df": 3, "chi2_threshold": 7.814727903251179, "N_raw": 97, "N_roi": 97, "N_inlier": 94, "refit": true}
{"timestamp": "16:26:35.072327", "frame": 70, "mu": [-1.160691557757918, 1.01215187364643, 1.7128544416440339], "Sigma": [[0.0428590260400646, 0.011970488271318558, -0.04026240628378633], [0.011970488271318556, 0.012684032934957077, -0.011747885349951725], [-0.04026240628378633, -0.011747885349951727, 0.041579575501963534]], "chi2_level": 0.95, "chi2_df": 3, "chi2_threshold": 7.814727903251179, "N_raw": 108, "N_roi": 108, "N_inlier": 106, "refit": true}
{"timestamp": "16:26:35.127844", "frame": 71, "mu": [-1.1490631197570385, 1.0676566916660417, 1.6606568108499424], "Sigma": [[0.028119066216873007, 0.007697917861336586, -0.028114236161473107], [0.007697917861336586, 0.016367906418652413, -0.007154324937100857], [-0.028114236161473107, -0.007154324937100855, 0.035095955895449664]], "chi2_level": 0.95, "chi2_df": 3, "chi2_threshold": 7.814727903251179, "N_raw": 117, "N_roi": 117, "N_inlier": 113, "refit": true}
{"timestamp": "16:26:35.177067", "frame": 72, "mu": [-1.2253577560972289, 0.9742340188475155, 1.591214114360901], "Sigma": [[0.02742922931440111, 0.005118326637589683, -0.023722345539559507], [0.005118326637589683, 0.006168660141914074, -0.004516493087715255], [-0.023722345539559507, -0.004516493087715255, 0.021423698072767516]], "chi2_level": 0.95, "chi2_df": 3, "chi2_threshold": 7.814727903251179, "N_raw": 71, "N_roi": 71, "N_inlier": 68, "refit": true}
{"timestamp": "16:26:35.237653", "frame": 73, "mu": [-1.1941091041941734, 1.0075030666897424, 1.5569116768004019], "Sigma": [[0.021917696138651875, 0.005435082507074376, -0.01970761094946177], [0.005435082507074376, 0.014771790751141198, -0.0031536480613522555], [-0.019707610949461773, -0.003153648061352255, 0.018667189721491232]], "chi2_level": 0.95, "chi2_df": 3, "chi2_threshold": 7.814727903251179, "N_raw": 121, "N_roi": 121, "N_inlier": 119, "refit": true}
{"timestamp": "16:26:35.294629", "frame": 74, "mu": [-1.2665802987586015, 1.0529299662380571, 1.675815150301544], "Sigma": [[0.020689522208539333, 0.006928541772527283, -0.01678055841556251], [0.006928541772527283, 0.016167197073816954, -0.0032410308231075836], [-0.01678055841556251, -0.0032410308231075836, 0.018141327332629704]], "chi2_level": 0.95, "chi2_df": 3, "chi2_threshold": 7.814727903251179, "N_raw": 112, "N_roi": 112, "N_inlier": 109, "refit": true}
{"timestamp": "16:26:35.348929", "frame": 75, "mu": [-1.3120166217645117, 1.0073191314306347, 1.624568451034104], "Sigma": [[0.023770406017253935, 0.005866127860801651, -0.01861543876422038], [0.005866127860801651, 0.01556241625065466, 3.351516734441265e-05], [-0.018615438764220373, 3.351516734441265e-05, 0.01845526470163076]], "chi2_level": 0.95, "chi2_df": 3, "chi2_threshold": 7.814727903251179, "N_raw": 114, "N_roi": 114, "N_inlier": 110, "refit": true}
{"timestamp": "16:26:35.401613", "frame": 76, "mu": [-1.3240100359762461, 1.060626285316877, 1.621947804635921], "Sigma": [[0.03631528404248453, 0.015769225662442737, -0.029530260389250516], [0.015769225662442737, 0.019381279809850827, -0.010162502278055634], [-0.029530260389250516, -0.010162502278055633, 0.025949946183104432]], "chi2_level": 0.95, "chi2_df": 3, "chi2_threshold": 7.814727903251179, "N_raw": 110, "N_roi": 110, "N_inlier": 109, "refit": true}
{"timestamp": "16:26:35.458499", "frame": 77, "mu": [-1.3387634180087002, 1.058996696150363, 1.6278742606052965], "Sigma": [[0.026205322649383578, 0.008911479178720717, -0.02388176262118792], [0.008911479178720717, 0.01516815266979331, -0.005426322968096236], [-0.023881762621187914, -0.005426322968096236, 0.023615849776036233]], "chi2_level": 0.95, "chi2_df": 3, "chi2_threshold": 7.814727903251179, "N_raw": 117, "N_roi": 117, "N_inlier": 108, "refit": true}
{"timestamp": "16:26:35.511887", "frame": 78, "mu": [-1.3813204611218464, 1.017223105907447, 1.525969966693439], "Sigma": [[0.021283396566611955, 0.009657774918261211, -0.012582441926771284], [0.009657774918261211, 0.01769946739336049, -0.00589109081919679], [-0.012582441926771284, -0.00589109081919679, 0.01062006042501565]], "chi2_level": 0.95, "chi2_df": 3, "chi2_threshold": 7.814727903251179, "N_raw": 107, "N_roi": 107, "N_inlier": 103, "refit": true}
{"timestamp": "16:26:35.565876", "frame": 79, "mu": [-1.2760358086491312, 1.1553012812260575, 1.5602423124618463], "Sigma": [[0.049492904511903295, 0.021048185727575722, -0.03842974972207837], [0.021048185727575722, 0.019334044884809234, -0.015094720753385391], [-0.03842974972207837, -0.015094720753385391, 0.032543523427464]], "chi2_level": 0.95, "chi2_df": 3, "chi2_threshold": 7.814727903251179, "N_raw": 100, "N_roi": 100, "N_inlier": 97, "refit": true}
{"timestamp": "16:26:35.618807", "frame": 80, "mu": [-1.3374260398248647, 1.1447510563424514, 1.5374208318978755], "Sigma": [[0.0583850152960711, 0.026661660903174178, -0.03357963089988085], [0.026661660903174178, 0.018493323708895126, -0.01730820384663633], [-0.03357963089988085, -0.01730820384663633, 0.02420179659871974]], "chi2_level": 0.95, "chi2_df": 3, "chi2_threshold": 7.814727903251179, "N_raw": 88, "N_roi": 88, "N_inlier": 85, "refit": true}
{"timestamp": "16:26:35.672556", "frame": 81, "mu": [-1.2092202326552894, 1.2490369115652167, 1.4088611356658733], "Sigma": [[0.05935347005783235, 0.024322813174519665, -0.04416666116766305], [0.024322813174519665, 0.01460383623799673, -0.018469949061198615], [-0.04416666116766306, -0.018469949061198615, 0.03830325934969907]], "chi2_level": 0.95, "chi2_df": 3, "chi2_threshold": 7.814727903251179, "N_raw": 80, "N_roi": 80, "N_inlier": 73, "refit": true}
{"timestamp": "16:26:35.725530", "frame": 82, "mu": [-1.2395868358226514, 1.2465466760533792, 1.4637507282227802], "Sigma": [[0.052872771888121464, 0.02221465036228126, -0.041064292082792865], [0.02221465036228126, 0.014282157179366277, -0.0183647179301948], [-0.041064292082792865, -0.018364717930194802, 0.032769431890295485]], "chi2_level": 0.95, "chi2_df": 3, "chi2_threshold": 7.814727903251179, "N_raw": 70, "N_roi": 70, "N_inlier": 68, "refit": true}
{"timestamp": "16:26:35.777443", "frame": 83, "mu": [-1.2267552190983029, 1.2938189735033545, 1.4479703557131032], "Sigma": [[0.0428376392540075, 0.024979754830126863, -0.03487123662325428], [0.024979754830126863, 0.021120012929222602, -0.01984131093116536], [-0.03487123662325428, -0.01984131093116536, 0.02986455203454377]], "chi2_level": 0.95, "chi2_df": 3, "chi2_threshold": 7.814727903251179, "N_raw": 50, "N_roi": 50, "N_inlier": 47, "refit": true}
{"timestamp": "16:26:35.837783", "frame": 84, "mu": [-1.5304690951909412, 1.2062058451216944, 1.7296931334733137], "Sigma": [[0.018504270405620395, 0.013921766359443182, -0.014228875578251511], [0.013921766359443182, 0.019844004835706648, -0.012020628504582392], [-0.014228875578251511, -0.012020628504582392, 0.014131291107702362]], "chi2_level": 0.95, "chi2_df": 3, "chi2_threshold": 7.814727903251179, "N_raw": 80, "N_roi": 80, "N_inlier": 75, "refit": true}
{"timestamp": "16:26:35.894512", "frame": 85, "mu": [-1.4062111287338537, 1.284794148857435, 1.5711135349483987], "Sigma": [[0.05727715242144164, 0.02278374738543589, -0.04652254198673343], [0.022783747385435895, 0.01603336467471092, -0.019431221565336162], [-0.04652254198673343, -0.019431221565336162, 0.03875971474634586]], "chi2_level": 0.95, "chi2_df": 3, "chi2_threshold": 7.814727903251179, "N_raw": 101, "N_roi": 101, "N_inlier": 100, "refit": true}
{"timestamp": "16:26:35.949679", "frame": 86, "mu": [-1.4191809059927596, 1.3628113403644007, 1.632820282739152], "Sigma": [[0.039590085736665906, 0.014515505486753812, -0.03881770939838591], [0.014515505486753812, 0.01367015576547544, -0.01285573683710157], [-0.03881770939838591, -0.012855736837101572, 0.03986244455658901]], "chi2_level": 0.95, "chi2_df": 3, "chi2_threshold": 7.814727903251179, "N_raw": 97, "N_roi": 97, "N_inlier": 93, "refit": true}
{"timestamp": "16:26:35.993881", "frame": 87, "mu": [-1.1725058846362915, 1.4915668061480825, 1.187538267135606], "Sigma": [[0.00523352424382278, -0.0023301794604950595, 0.0037024436285457447], [-0.0023301794604950595, 0.005132968575646668, -0.0193619729483749], [0.0037024436285457455, -0.019361972948374905, 0.12556588511372271]], "chi2_level": 0.95, "chi2_df": 3, "chi2_threshold": 7.814727903251179, "N_raw": 16, "N_roi": 16, "N_inlier": 16, "refit": true}
{"timestamp": "16:26:36.048855", "frame": 88, "mu": [-1.2981417928867511, 1.4075089760334574, 1.5340675020412606], "Sigma": [[0.07982174811230752, 0.027230829774278757, -0.08777946314711994], [0.027230829774278757, 0.012379973807676617, -0.029483676724098386], [-0.08777946314711994, -0.029483676724098386, 0.0983158874249325]], "chi2_level": 0.95, "chi2_df": 3, "chi2_threshold": 7.814727903251179, "N_raw": 27, "N_roi": 27, "N_inlier": 25, "refit": true}
{"timestamp": "16:26:36.108952", "frame": 89, "mu": [-1.3722092595630453, 1.4879229773739844, 1.5937160793398917], "Sigma": [[0.05467871969399858, 0.01671122838618943, -0.05103399234536686], [0.01671122838618943, 0.01679380614203217, -0.015005781090324685], [-0.05103399234536686, -0.015005781090324685, 0.04860460618331459]], "chi2_level": 0.95, "chi2_df": 3, "chi2_threshold": 7.814727903251179, "N_raw": 66, "N_roi": 66, "N_inlier": 62, "refit": true}
{"timestamp": "16:26:36.164177", "frame": 90, "mu": [-1.6550669942606757, 1.3980855464003126, 1.880495520920813], "Sigma": [[0.022680147301359366, 0.018105570803613733, -0.017158486066546068], [0.018105570803613733, 0.019238928958374393, -0.016653725298710207], [-0.017158486066546068, -0.016653725298710204, 0.015694195052382537]], "chi2_level": 0.95, "chi2_df": 3, "chi2_threshold": 7.814727903251179, "N_raw": 60, "N_roi": 60, "N_inlier": 54, "refit": true}
{"timestamp": "16:26:36.221831", "frame": 91, "mu": [-1.3393475410372966, 1.5400484661099447, 1.5192701414087002], "Sigma": [[0.08094256762372949, 0.040891411231505984, -0.07503607019789586], [0.040891411231506, 0.028466913607685163, -0.039606333777797084], [-0.07503607019789585, -0.03960633377779709, 0.07352787230140806]], "chi2_level": 0.95, "chi2_df": 3, "chi2_threshold": 7.814727903251179, "N_raw": 79, "N_roi": 79, "N_inlier": 77, "refit": true}
{"timestamp": "16:26:36.273240", "frame": 92, "mu": [-1.2046297517701798, 1.6130996796842745, 1.2862892985902266], "Sigma": [[0.009707182239047662, 4.933314561569838e-05, 0.005238949356270609], [4.9333145615698275e-05, 0.0026779702934824887, -0.0027702429696191576], [0.005238949356270608, -0.0027702429696191576, 0.014306923619725657]], "chi2_level": 0.95, "chi2_df": 3, "chi2_threshold": 7.814727903251179, "N_raw": 47, "N_roi": 47, "N_inlier": 45, "refit": true}
{"timestamp": "16:26:36.327321", "frame": 93, "mu": [-1.203766616394905, 1.6663683908746951, 1.3864952839075266], "Sigma": [[0.007654318685112208, 0.0010856275961915796, -0.005057411253473956], [0.0010856275961915796, 0.004275189659168472, -0.0010602085844438928], [-0.005057411253473956, -0.0010602085844438928, 0.0038604750174462787]], "chi2_level": 0.95, "chi2_df": 3, "chi2_threshold": 7.814727903251179, "N_raw": 48, "N_roi": 48, "N_inlier": 41, "refit": true}
{"timestamp": "16:26:36.381691", "frame": 94, "mu": [-1.177856333320908, 1.7940141966619176, 1.4169630726969538], "Sigma": [[0.008773420616640883, -0.003317681749621014, -0.007823371055722502], [-0.003317681749621014, 0.007747200976455859, 0.004107483548204524], [-0.007823371055722502, 0.004107483548204524, 0.007693532385170633]], "chi2_level": 0.95, "chi2_df": 3, "chi2_threshold": 7.814727903251179, "N_raw": 41, "N_roi": 41, "N_inlier": 38, "refit": true}
{"timestamp": "16:26:36.438161", "frame": 95, "mu": [-1.4865198227771472, 1.6128961219506182, 1.6776000785551144], "Sigma": [[0.11039177459976368, 0.06314779941877958, -0.09701453813845454], [0.0631477994187796, 0.05300192105840579, -0.05792238187840017], [-0.09701453813845455, -0.05792238187840017, 0.08667966491688928]], "chi2_level": 0.95, "chi2_df": 3, "chi2_threshold": 7.814727903251179, "N_raw": 51, "N_roi": 51, "N_inlier": 49, "refit": true}
{"timestamp": "16:26:36.492230", "frame": 96, "mu": [-1.1402902361748328, 1.8408850628203544, 1.2625478045275875], "Sigma": [[0.006983183802999659, 0.0016605404355871615, 0.0023926731534865933], [0.0016605404355871615, 0.004947319915528345, -0.003263717284813441], [0.0023926731534865938, -0.0032637172848134412, 0.007591617487314705]], "chi2_level": 0.95, "chi2_df": 3, "chi2_threshold": 7.814727903251179, "N_raw": 45, "N_roi": 45, "N_inlier": 40, "refit": true}
{"timestamp": "16:26:36.545022", "frame": 97, "mu": [-1.3010307529391223, 1.9499695425940058, 1.6189813646558402], "Sigma": [[0.0063631774790467175, 0.0021304163238027177, -0.005068284042352295], [0.0021304163238027177, 0.003334274184459573, -0.003105680921660007], [-0.005068284042352295, -0.003105680921660007, 0.0059540441426938215]], "chi2_level": 0.95, "chi2_df": 3, "chi2_threshold": 7.814727903251179, "N_raw": 28, "N_roi": 28, "N_inlier": 26, "refit": true}
{"timestamp": "16:26:36.602096", "frame": 98, "mu": [-1.2137557833936514, 1.9925177322709047, 1.3211775581703122], "Sigma": [[0.006970886598431488, -0.004629840683747717, -0.004615798070278279], [-0.004629840683747717, 0.008103498374715211, -0.00032905223315023765], [-0.004615798070278279, -0.00032905223315023765, 0.03074245809009319]], "chi2_level": 0.95, "chi2_df": 3, "chi2_threshold": 7.814727903251179, "N_raw": 43, "N_roi": 43, "N_inlier": 38, "refit": true}
{"timestamp": "16:26:36.660448", "frame": 99, "mu": [-1.196497124119886, 2.050026967270616, 1.377706029295708], "Sigma": [[0.014092971871785119, -0.00215478871087167, -0.008407722632122257], [-0.00215478871087167, 0.004492892566965761, 0.00010463818811219409], [-0.008407722632122257, 0.00010463818811219409, 0.022659218457876457]], "chi2_level": 0.95, "chi2_df": 3, "chi2_threshold": 7.814727903251179, "N_raw": 66, "N_roi": 66, "N_inlier": 64, "refit": true}
{"timestamp": "16:26:36.826830", "frame": 100, "mu": [-1.1775583816593524, 2.1161161609248462, -0.11681294351795339], "Sigma": [[0.013721772708794377, -0.002024706142604519, 0.0019151713126051226], [-0.0020247061426045196, 0.005942550322259472, -0.007553933419161321], [0.0019151713126051234, -0.00755393341916132, 0.037894593258356764]], "chi2_level": 0.95, "chi2_df": 3, "chi2_threshold": 7.814727903251179, "N_raw": 47, "N_roi": 47, "N_inlier": 43, "refit": true}
{"timestamp": "16:26:36.860292", "frame": 101, "mu": [-1.4698540222575645, 2.1293162609443375, 0.6451736654123165], "Sigma": [[0.012297885069235062, 0.0017255096842692943, 0.021351503528057453], [0.0017255096842692943, 0.0035345293806781364, 0.0006163932444623182], [0.021351503528057453, 0.0006163932444623165, 0.3722237215153467]], "chi2_level": 0.95, "chi2_df": 3, "chi2_threshold": 7.814727903251179, "N_raw": 20, "N_roi": 20, "N_inlier": 19, "refit": true}
{"timestamp": "16:26:36.891401", "frame": 102, "mu": [-1.3421681889099855, 2.226682912322565, 1.281521868119374], "Sigma": [[0.006004122182335275, -0.0016565929567136102, 0.012489941132043103], [-0.0016565929567136102, 0.0036136669533014996, -0.00010555742271078482], [0.012489941132043103, -0.00010555742271078482, 0.19365491807192478]], "chi2_level": 0.95, "chi2_df": 3, "chi2_threshold": 7.814727903251179, "N_raw": 24, "N_roi": 24, "N_inlier": 22, "refit": true}
{"timestamp": "16:26:36.911008", "frame": 103, "mu": [-1.157290927745175, 2.144736790677328, 1.3296360953258255], "Sigma": [[0.00846816011038687, 0.0002157164098435473, -0.005478151590425744], [0.0002157164098435472, 0.002771305140766268, -0.0009283995677857715], [-0.005478151590425744, -0.0009283995677857715, 0.004620689611161918]], "chi2_level": 0.95, "chi2_df": 3, "chi2_threshold": 7.814727903251179, "N_raw": 38, "N_roi": 38, "N_inlier": 35, "refit": true}
{"timestamp": "16:26:36.955190", "frame": 104, "mu": [-1.2371068556145708, 2.219894893993941, 1.3910324104365637], "Sigma": [[0.011649716515852495, 0.0005058557980450356, -0.010247031928340289], [0.0005058557980450356, 0.006908780033116437, 0.0004424139838442924], [-0.010247031928340289, 0.0004424139838442922, 0.010116001898117573]], "chi2_level": 0.95, "chi2_df": 3, "chi2_threshold": 7.814727903251179, "N_raw": 57, "N_roi": 57, "N_inlier": 55, "refit": true}
{"timestamp": "16:26:36.989802", "frame": 105, "mu": [-1.346543127912598, 2.2753844827118304, 1.5291626909570661], "Sigma": [[0.010003060974063619, -6.97510109907149e-05, -0.009461496138927005], [-6.97510109907148e-05, 0.009956748400937234, -0.0004837463426320568], [-0.009461496138927003, -0.0004837463426320568, 0.012431086738421061]], "chi2_level": 0.95, "chi2_df": 3, "chi2_threshold": 7.814727903251179, "N_raw": 58, "N_roi": 58, "N_inlier": 56, "refit": true}
