{"timestamp": "16:30:40.714287", "frame": 20, "mu": [1.6358695024610441, 1.0056147729766156, 1.1522744642623115], "Sigma": [[0.0024525534667150187, -0.0015839833737639102, -0.0023151552023474432], [-0.0015839833737639102, 0.0028856421616289775, -0.0009278682262087415], [-0.0023151552023474432, -0.0009278682262087415, 0.006203201352966251]], "chi2_level": 0.95, "chi2_df": 3, "chi2_threshold": 7.814727903251179, "N_raw": 14, "N_roi": 14, "N_inlier": 13, "refit": true}
{"timestamp": "16:30:40.772176", "frame": 21, "mu": [1.5001638500353116, 1.2557954374089648, 1.161445069439678], "Sigma": [[0.003809357974937783, -0.003663763893818694, -0.00037361623244027635], [-0.0036637638938186935, 0.006026105486507289, -0.0020514346818493855], [-0.0003736162324402763, -0.0020514346818493855, 0.0032924663552371843]], "chi2_level": 0.95, "chi2_df": 3, "chi2_threshold": 7.814727903251179, "N_raw": 29, "N_roi": 29, "N_inlier": 27, "refit": true}
{"timestamp": "16:30:40.884309", "frame": 23, "mu": [1.5980932551521105, 1.0791654271653546, 1.1988991327841314], "Sigma": [[0.006356613881561505, -0.0039356259998038915, 0.0024793389970316805], [-0.0039356259998038915, 0.0050573562465066, -0.003529706733999387], [0.0024793389970316805, -0.003529706733999387, 0.009319421071409354]], "chi2_level": 0.95, "chi2_df": 3, "chi2_threshold": 7.814727903251179, "N_raw": 37, "N_roi": 37, "N_inlier": 33, "refit": true}
{"timestamp": "16:30:40.938009", "frame": 24, "mu": [1.6088204253587612, 1.1028095152345434, 1.2804666519987788], "Sigma": [[0.008246410700231754, -0.006001352119471811, -0.0015585686988893166], [-0.006001352119471811, 0.008116186855933072, -0.0003334947964194709], [-0.0015585686988893166, -0.0003334947964194708, 0.001229616099960793]], "chi2_level": 0.95, "chi2_df": 3, "chi2_threshold": 7.814727903251179, "N_raw": 33, "N_roi": 33, "N_inlier": 31, "refit": true}
{"timestamp": "16:30:40.994207", "frame": 25, "mu": [1.5616591245140523, 1.0804849774519056, 1.160337679165408], "Sigma": [[0.005247438471059361, -0.003970986394591892, 0.0002570047187619481], [-0.003970986394591892, 0.006728546873446863, -0.002150262064935051], [0.00025700471876194804, -0.002150262064935051, 0.0012971672569830129]], "chi2_level": 0.95, "chi2_df": 3, "chi2_threshold": 7.814727903251179, "N_raw": 27, "N_roi": 27, "N_inlier": 25, "refit": true}
{"timestamp": "16:30:41.050639", "frame": 26, "mu": [1.6379852681809368, 1.1493475037427314, -0.5368017284750101], "Sigma": [[0.005642478645000095, 0.0007254864037960381, 0.0046926189979499796], [0.0007254864037960381, 0.0034746017412744267, 0.0014105693320935536], [0.0046926189979499796, 0.0014105693320935536, 0.022582802665725016]], "chi2_level": 0.95, "chi2_df": 3, "chi2_threshold": 7.814727903251179, "N_raw": 31, "N_roi": 31, "N_inlier": 29, "refit": true}
{"timestamp": "16:30:41.105710", "frame": 27, "mu": [1.5886388521467882, 1.0440127224380444, 1.1751126484249006], "Sigma": [[0.008209395199866444, -0.005612592188422421, 0.0010824598667427943], [-0.005612592188422421, 0.0076617110062760715, -0.002235565578926244], [0.001082459866742794, -0.002235565578926244, 0.0008291179221643212]], "chi2_level": 0.95, "chi2_df": 3, "chi2_threshold": 7.814727903251179, "N_raw": 33, "N_roi": 33, "N_inlier": 29, "refit": true}
{"timestamp": "16:30:41.160967", "frame": 28, "mu": [1.6195698291165583, 1.0295917675572963, 1.2664783459747992], "Sigma": [[0.004574969664845085, -0.002141819815426006, -0.0019115736944320528], [-0.002141819815426006, 0.004368849332566697, -0.0022117750212291075], [-0.001911573694432053, -0.002211775021229108, 0.0053250385402844975]], "chi2_level": 0.95, "chi2_df": 3, "chi2_threshold": 7.814727903251179, "N_raw": 35, "N_roi": 35, "N_inlier": 32, "refit": true}
{"timestamp": "16:30:41.267742", "frame": 30, "mu": [1.4886430124362962, 1.1468988931256696, 1.3137217006503616], "Sigma": [[0.004479681110607546, -0.0015800183759747165, -0.004158472503984059], [-0.0015800183759747165, 0.010303185896785768, -0.009452923830148688], [-0.004158472503984059, -0.00945292383014869, 0.019813408420157205]], "chi2_level": 0.95, "chi2_df": 3, "chi2_threshold": 7.814727903251179, "N_raw": 18, "N_roi": 18, "N_inlier": 17, "refit": true}
{"timestamp": "16:30:41.329982", "frame": 31, "mu": [1.5403326640756223, 1.0696439666557096, 1.2643227221066158], "Sigma": [[0.013918936395790543, -0.007779219276763002, -0.003093820242405682], [-0.0077792192767630036, 0.0106626696481678, -0.0021951562224325864], [-0.003093820242405682, -0.0021951562224325864, 0.0042520720147914024]], "chi2_level": 0.95, "chi2_df": 3, "chi2_threshold": 7.814727903251179, "N_raw": 67, "N_roi": 67, "N_inlier": 64, "refit": true}
{"timestamp": "16:30:41.383059", "frame": 32, "mu": [1.4751599270629714, 1.1052487654914054, 1.3060606804112431], "Sigma": [[0.008165591104408764, -0.006052612785140637, -0.002277724109105491], [-0.006052612785140637, 0.010049111801518322, -0.0013093713311329866], [-0.002277724109105491, -0.0013093713311329866, 0.003567407475022864]], "chi2_level": 0.95, "chi2_df": 3, "chi2_threshold": 7.814727903251179, "N_raw": 45, "N_roi": 45, "N_inlier": 41, "refit": true}
{"timestamp": "16:30:41.435335", "frame": 33, "mu": [1.5285389095252877, 1.0435134923076843, 1.3370983758806494], "Sigma": [[0.006084158138932813, -0.00417958593456233, 0.001663887521460685], [-0.00417958593456233, 0.009909659492231236, -0.005089870454586816], [0.0016638875214606847, -0.005089870454586816, 0.006005027750082417]], "chi2_level": 0.95, "chi2_df": 3, "chi2_threshold": 7.814727903251179, "N_raw": 34, "N_roi": 34, "N_inlier": 29, "refit": true}
{"timestamp": "16:30:41.487816", "frame": 34, "mu": [1.3908326071815775, 1.1701127027754266, 1.1484043672157127], "Sigma": [[0.0021002485590530177, -0.0008087169193809891, -0.0032630429699099014], [-0.0008087169193809893, 0.01620823452069696, -0.029496030811196658], [-0.0032630429699099014, -0.029496030811196654, 0.07323127540445251]], "chi2_level": 0.95, "chi2_df": 3, "chi2_threshold": 7.814727903251179, "N_raw": 12, "N_roi": 12, "N_inlier": 12, "refit": true}
{"timestamp": "16:30:41.547986", "frame": 35, "mu": [1.4360047270764165, 1.086592561812618, 1.3602118302606006], "Sigma": [[0.010344523254521789, -0.00550263002877009, -0.0047215187599626935], [-0.005502630028770092, 0.01014117531069521, -0.0009867966656196018], [-0.0047215187599626935, -0.000986796665619602, 0.005642806619739764]], "chi2_level": 0.95, "chi2_df": 3, "chi2_threshold": 7.814727903251179, "N_raw": 56, "N_roi": 56, "N_inlier": 53, "refit": true}
{"timestamp": "16:30:41.604680", "frame": 36, "mu": [1.4232572246824986, 1.0960707787098392, 1.2434687983080512], "Sigma": [[0.012251237591454326, -0.011389843993886085, 0.00012614614537500256], [-0.011389843993886083, 0.030377099591829743, -0.019572152651726016], [0.0001261461453750024, -0.019572152651726016, 0.023656289931155317]], "chi2_level": 0.95, "chi2_df": 3, "chi2_threshold": 7.814727903251179, "N_raw": 58, "N_roi": 58, "N_inlier": 57, "refit": true}
{"timestamp": "16:30:41.653146", "frame": 37, "mu": [1.3110143163076384, 1.1113418734288438, 1.446020509832493], "Sigma": [[0.007330409071694963, 0.0030044934704853083, -0.005452906426687339], [0.0030044934704853083, 0.012839879425982172, -0.02071521190604757], [-0.0054529064266873395, -0.020715211906047575, 0.03929769980036554]], "chi2_level": 0.95, "chi2_df": 3, "chi2_threshold": 7.814727903251179, "N_raw": 13, "N_roi": 13, "N_inlier": 12, "refit": true}
{"timestamp": "16:30:41.708535", "frame": 38, "mu": [1.4448671403255937, 1.0060515476753817, 1.4119132955699565], "Sigma": [[0.0071370728801528295, -0.00043651831811863603, 0.0012149322718961308], [-0.0004365183181186359, 0.0029350045170543665, -0.00814460804133577], [0.0012149322718961308, -0.00814460804133577, 0.03376791473515421]], "chi2_level": 0.95, "chi2_df": 3, "chi2_threshold": 7.814727903251179, "N_raw": 18, "N_roi": 18, "N_inlier": 16, "refit": true}
{"timestamp": "16:30:41.770863", "frame": 39, "mu": [1.3866979606869887, 0.9272866514498413, 1.2348981215637056], "Sigma": [[0.011640670360148715, -0.007820261334415176, -0.004505872705808175], [-0.007820261334415178, 0.011990778473532726, -8.761662277318848e-06], [-0.004505872705808175, -8.761662277318523e-06, 0.003816990682597946]], "chi2_level": 0.95, "chi2_df": 3, "chi2_threshold": 7.814727903251179, "N_raw": 66, "N_roi": 66, "N_inlier": 61, "refit": true}
{"timestamp": "16:30:41.818305", "frame": 40, "mu": [1.257539731083832, 1.119107787930423, 1.00011103361323], "Sigma": [[0.0012878760220821899, -0.0003361622123607146, -0.0015408883975225104], [-0.00033616221236071456, 0.008796659951447293, -0.015863221119892374], [-0.0015408883975225104, -0.015863221119892378, 0.03587342207435947]], "chi2_level": 0.95, "chi2_df": 3, "chi2_threshold": 7.814727903251179, "N_raw": 19, "N_roi": 19, "N_inlier": 17, "refit": true}
{"timestamp": "16:30:41.876922", "frame": 41, "mu": [1.2878172285514318, 0.8942275942480452, 1.181824410721499], "Sigma": [[0.005769676780456148, -0.005785750727576635, -0.002053666836654908], [-0.0057857507275766345, 0.009943455227084626, -0.0008530201397825765], [-0.0020536668366549077, -0.0008530201397825763, 0.005410593906847871]], "chi2_level": 0.95, "chi2_df": 3, "chi2_threshold": 7.814727903251179, "N_raw": 45, "N_roi": 45, "N_inlier": 41, "refit": true}
{"timestamp": "16:30:41.932945", "frame": 42, "mu": [1.2529158676918308, 0.8577142344755082, 1.3277808302016822], "Sigma": [[0.007772555125418921, -0.005448357531398234, -0.006394023110818343], [-0.005448357531398234, 0.008387908508151914, 0.00033364209979783817], [-0.006394023110818343, 0.0003336420997978384, 0.012141625458643971]], "chi2_level": 0.95, "chi2_df": 3, "chi2_threshold": 7.814727903251179, "N_raw": 54, "N_roi": 54, "N_inlier": 50, "refit": true}
{"timestamp": "16:30:41.986403", "frame": 43, "mu": [1.2863941509343815, 0.7555012468248204, 1.2602335363948511], "Sigma": [[0.007957578860232207, -0.004406851947481967, -0.001810344611098083], [-0.004406851947481968, 0.009313721741024324, 0.00010333626600903488], [-0.001810344611098083, 0.00010333626600903486, 0.0009969186656281735]], "chi2_level": 0.95, "chi2_df": 3, "chi2_threshold": 7.814727903251179, "N_raw": 43, "N_roi": 43, "N_inlier": 40, "refit": true}
{"timestamp": "16:30:42.036696", "frame": 44, "mu": [1.1556502228059986, 0.8349283213774832, 1.150131266709808], "Sigma": [[0.006987473661711117, -0.0006069504756961155, -0.01588192394433176], [-0.0006069504756961153, 0.006150808504384558, -0.004739497182488805], [-0.01588192394433176, -0.004739497182488805, 0.04835292919996513]], "chi2_level": 0.95, "chi2_df": 3, "chi2_threshold": 7.814727903251179, "N_raw": 10, "N_roi": 10, "N_inlier": 10, "refit": true}
{"timestamp": "16:30:42.094354", "frame": 45, "mu": [1.1186094757284692, 0.8582920582047907, 0.9083475978917825], "Sigma": [[0.003495390037875447, -0.0029680242778320136, -0.0013531517099222732], [-0.002968024277832014, 0.005702838634275381, -0.005951971701713277], [-0.0013531517099222732, -0.005951971701713276, 0.06187801530768816]], "chi2_level": 0.95, "chi2_df": 3, "chi2_threshold": 7.814727903251179, "N_raw": 28, "N_roi": 28, "N_inlier": 26, "refit": true}
{"timestamp": "16:30:42.150756", "frame": 46, "mu": [0.9992529937481397, 0.9004410239010483, 1.3368425446219112], "Sigma": [[0.007035651281759816, -0.002645341242344714, -0.01847637117710042], [-0.002645341242344714, 0.0026910085025423887, 0.0040638779348253235], [-0.01847637117710042, 0.004063877934825323, 0.07407803238666533]], "chi2_level": 0.95, "chi2_df": 3, "chi2_threshold": 7.814727903251179, "N_raw": 37, "N_roi": 37, "N_inlier": 36, "refit": true}
{"timestamp": "16:30:42.257692", "frame": 48, "mu": [0.9793522434584818, 0.7996187223940174, 1.0906927964553952], "Sigma": [[0.0055343918669733564, -0.0038006763261407336, -0.02405632701760021], [-0.003800676326140734, 0.00454507533150771, 0.01230772442058667], [-0.02405632701760021, 0.012307724420586672, 0.15353130745772692]], "chi2_level": 0.95, "chi2_df": 3, "chi2_threshold": 7.814727903251179, "N_raw": 20, "N_roi": 20, "N_inlier": 18, "refit": true}
{"timestamp": "16:30:42.368056", "frame": 50, "mu": [0.8940776776737226, 0.7683694721408443, 1.135397020642786], "Sigma": [[0.005629165587747506, -0.0017139508071050433, -0.01651586472633259], [-0.0017139508071050435, 0.0008220478419533396, 0.00565555378030083], [-0.016515864726332593, 0.00565555378030083, 0.062422111555153315]], "chi2_level": 0.95, "chi2_df": 3, "chi2_threshold": 7.814727903251179, "N_raw": 14, "N_roi": 14, "N_inlier": 12, "refit": true}
{"timestamp": "16:30:42.478751", "frame": 52, "mu": [0.7283724832051506, 0.8235843781174784, 1.4241306647401433], "Sigma": [[0.003282885564276222, -0.0009756589382761184, -0.0037279315515814397], [-0.0009756589382761184, 0.0013625056068602326, 0.0005160000561676094], [-0.0037279315515814397, 0.0005160000561676094, 0.0048890053146182595]], "chi2_level": 0.95, "chi2_df": 3, "chi2_threshold": 7.814727903251179, "N_raw": 26, "N_roi": 26, "N_inlier": 24, "refit": true}
{"timestamp": "16:30:42.536305", "frame": 53, "mu": [0.743525616610692, 0.7511952618359581, 1.361289226552827], "Sigma": [[0.00490969035705821, -0.0032483863802948163, -0.006340498011804795], [-0.0032483863802948163, 0.0029693437199062216, 0.003248655977297418], [-0.006340498011804796, 0.003248655977297418, 0.010786478634581188]], "chi2_level": 0.95, "chi2_df": 3, "chi2_threshold": 7.814727903251179, "N_raw": 44, "N_roi": 44, "N_inlier": 42, "refit": true}
{"timestamp": "16:30:42.591637", "frame": 54, "mu": [0.6238397486685219, 0.8031014503197497, 1.5002315419805887], "Sigma": [[0.0034399055834893806, -0.0006275147780832925, -0.0017320039712910087], [-0.0006275147780832925, 0.0029711079962426003, -0.00012343956005880959], [-0.0017320039712910085, -0.00012343956005880959, 0.0011151244567415692]], "chi2_level": 0.95, "chi2_df": 3, "chi2_threshold": 7.814727903251179, "N_raw": 44, "N_roi": 44, "N_inlier": 42, "refit": true}
{"timestamp": "16:30:42.652146", "frame": 55, "mu": [0.6308296458006013, 0.7677543772888026, 1.4009320013094], "Sigma": [[0.00841425382950558, -0.0017698914149806818, -0.010140409129249246], [-0.0017698914149806818, 0.002455430728745346, 0.00038780300488875264], [-0.010140409129249246, 0.00038780300488875264, 0.01587705914524412]], "chi2_level": 0.95, "chi2_df": 3, "chi2_threshold": 7.814727903251179, "N_raw": 83, "N_roi": 82, "N_inlier": 81, "refit": true}
{"timestamp": "16:30:42.704308", "frame": 56, "mu": [0.5052656245290131, 0.8138540536317226, 1.4962502605927241], "Sigma": [[0.002482245845023508, -0.0015944429209686535, -0.003799238274202789], [-0.0015944429209686535, 0.006356715107974369, 0.0042189858852537225], [-0.003799238274202789, 0.004218985885253723, 0.015879442176910168]], "chi2_level": 0.95, "chi2_df": 3, "chi2_threshold": 7.814727903251179, "N_raw": 50, "N_roi": 50, "N_inlier": 46, "refit": true}
{"timestamp": "16:30:42.760079", "frame": 57, "mu": [0.5084705302551442, 0.7850408073122681, 1.4624483057275879], "Sigma": [[0.004878601955683467, 0.0004151962729741695, -0.0038613385382352044], [0.0004151962729741695, 0.002823390764596835, -0.0015846630310703076], [-0.0038613385382352044, -0.0015846630310703076, 0.0038887574394295297]], "chi2_level": 0.95, "chi2_df": 3, "chi2_threshold": 7.814727903251179, "N_raw": 69, "N_roi": 69, "N_inlier": 66, "refit": true}
{"timestamp": "16:30:42.815148", "frame": 58, "mu": [0.44265317511435864, 0.7984830676018984, 1.4397557022404355], "Sigma": [[0.004953278104097756, -0.00111534060130411, -0.006570606821601398], [-0.00111534060130411, 0.0025313230122061365, -0.0014068946000550123], [-0.006570606821601398, -0.0014068946000550119, 0.023538407831426772]], "chi2_level": 0.95, "chi2_df": 3, "chi2_threshold": 7.814727903251179, "N_raw": 64, "N_roi": 64, "N_inlier": 56, "refit": true}
{"timestamp": "16:30:42.868527", "frame": 59, "mu": [0.41282457076166934, 0.7155331272922285, 1.3010074567296877], "Sigma": [[0.0060290132187132235, -0.002109740109238296, -0.02131710326984878], [-0.002109740109238296, 0.0022266977796413174, 0.009254519393240124], [-0.021317103269848776, 0.009254519393240124, 0.10144622255103874]], "chi2_level": 0.95, "chi2_df": 3, "chi2_threshold": 7.814727903251179, "N_raw": 59, "N_roi": 59, "N_inlier": 56, "refit": true}
{"timestamp": "16:30:42.921623", "frame": 60, "mu": [0.2672524236347098, 0.8056696274585803, 1.3044179134280152], "Sigma": [[0.007359530874739694, -0.007942484689162175, 0.018773594373724663], [-0.007942484689162175, 0.011493057647798439, -0.03223281876273656], [0.018773594373724667, -0.03223281876273656, 0.14176315321143076]], "chi2_level": 0.95, "chi2_df": 3, "chi2_threshold": 7.814727903251179, "N_raw": 47, "N_roi": 47, "N_inlier": 43, "refit": true}
{"timestamp": "16:30:42.982836", "frame": 61, "mu": [0.3123736180431443, 0.7592114544628601, 1.2988659695701035], "Sigma": [[0.014583735616004215, -0.009905993639061892, 0.01663982362676747], [-0.009905993639061892, 0.00914434237352207, -0.02165049727328897], [0.01663982362676747, -0.02165049727328897, 0.07629020248932109]], "chi2_level": 0.95, "chi2_df": 3, "chi2_threshold": 7.814727903251179, "N_raw": 83, "N_roi": 83, "N_inlier": 79, "refit": true}
{"timestamp": "16:30:43.032787", "frame": 62, "mu": [0.2955543533343397, 0.878794096308314, -0.36803824868294516], "Sigma": [[0.004399874508248193, 0.002322006341044843, -0.0031238786605769136], [0.002322006341044843, 0.0030072874523723045, -0.0019035760652035372], [-0.0031238786605769136, -0.0019035760652035372, 0.0036585395468291446]], "chi2_level": 0.95, "chi2_df": 3, "chi2_threshold": 7.814727903251179, "N_raw": 53, "N_roi": 53, "N_inlier": 51, "refit": true}
{"timestamp": "16:30:43.084021", "frame": 63, "mu": [0.22667524204966846, 0.6906880261186383, 1.4157352595025037], "Sigma": [[0.004455382779756096, -0.001694119022418214, -0.01262290042839333], [-0.0016941190224182142, 0.0024047008905947204, 0.010665993744720353], [-0.01262290042839333, 0.010665993744720353, 0.09647369033140428]], "chi2_level": 0.95, "chi2_df": 3, "chi2_threshold": 7.814727903251179, "N_raw": 25, "N_roi": 25, "N_inlier": 22, "refit": true}
{"timestamp": "16:30:43.145609", "frame": 64, "mu": [0.19995852132031017, 0.7040258539180293, 1.3933806168833751], "Sigma": [[0.00721633467072172, -0.0015354735432145956, -0.0011977921789299692], [-0.0015354735432145956, 0.0010150341546628142, -0.0014356431794965733], [-0.0011977921789299692, -0.0014356431794965733, 0.005297537439224307]], "chi2_level": 0.95, "chi2_df": 3, "chi2_threshold": 7.814727903251179, "N_raw": 69, "N_roi": 67, "N_inlier": 63, "refit": true}
{"timestamp": "16:30:43.197858", "frame": 65, "mu": [0.2694337483351963, 0.6716399553487511, 1.3872420417133056], "Sigma": [[0.0017926879458963023, -0.00013163455143124525, -0.0005869787342278009], [-0.00013163455143124522, 0.0006088652621651114, -0.0006665673560190865], [-0.0005869787342278009, -0.0006665673560190865, 0.0036199941098275026]], "chi2_level": 0.95, "chi2_df": 3, "chi2_threshold": 7.814727903251179, "N_raw": 51, "N_roi": 51, "N_inlier": 44, "refit": true}
{"timestamp": "16:30:43.259180", "frame": 66, "mu": [0.18202747068148506, 0.6441916153546587, 1.4081857415553374], "Sigma": [[0.004301784136819011, -0.0004015843319593334, -0.0034849507081978663], [-0.00040158433195933347, 0.0009997955333284675, -0.0015564847382541905], [-0.0034849507081978668, -0.0015564847382541903, 0.007951565031881437]], "chi2_level": 0.95, "chi2_df": 3, "chi2_threshold": 7.814727903251179, "N_raw": 93, "N_roi": 93, "N_inlier": 79, "refit": true}
{"timestamp": "16:30:43.315746", "frame": 67, "mu": [0.03512306828909445, 0.7167699899054661, 0.1748693190605038], "Sigma": [[0.003426291683716396, -0.0025155828097471683, 0.03522078917207099], [-0.0025155828097471683, 0.005565006719827947, -0.043054986709296784], [0.035220789172070985, -0.043054986709296784, 0.6137569122504895]], "chi2_level": 0.95, "chi2_df": 3, "chi2_threshold": 7.814727903251179, "N_raw": 97, "N_roi": 97, "N_inlier": 93, "refit": true}
{"timestamp": "16:30:43.364211", "frame": 68, "mu": [0.027027496990356246, 0.6436874778906875, 1.4934712740757217], "Sigma": [[0.0026026029219868843, 0.0008705392692175695, -0.002452157437614196], [0.0008705392692175695, 0.0011253479487140982, -0.002045733222136489], [-0.002452157437614196, -0.002045733222136489, 0.005605792838913202]], "chi2_level": 0.95, "chi2_df": 3, "chi2_threshold": 7.814727903251179, "N_raw": 58, "N_roi": 58, "N_inlier": 56, "refit": true}
{"timestamp": "16:30:43.420298", "frame": 69, "mu": [-0.0011002909205948272, 0.6199101133995683, 1.3830617684835251], "Sigma": [[0.0012495438566292886, -0.0005600294438920026, -0.0005579345497948298], [-0.0005600294438920026, 0.0032295343755562207, -0.0030675508632712436], [-0.0005579345497948298, -0.0030675508632712436, 0.004620735235547609]], "chi2_level": 0.95, "chi2_df": 3, "chi2_threshold": 7.814727903251179, "N_raw": 71, "N_roi": 71, "N_inlier": 67, "refit": true}
{"timestamp": "16:30:43.478039", "frame": 70, "mu": [-0.06612231936159624, 0.5890016287665736, 1.4274590137892949], "Sigma": [[0.0030876233524885664, -0.001737667503358803, -0.003933619681593279], [-0.001737667503358803, 0.0019469205937517494, 0.00047069313801721577], [-0.003933619681593279, 0.0004706931380172157, 0.010141017980408389]], "chi2_level": 0.95, "chi2_df": 3, "chi2_threshold": 7.814727903251179, "N_raw": 87, "N_roi": 87, "N_inlier": 85, "refit": true}
{"timestamp": "16:30:43.537946", "frame": 71, "mu": [-0.15792033584878493, 0.6243782129535915, 1.48387911082355], "Sigma": [[0.005195739194226544, -0.0012450406587221365, -0.00517489440049151], [-0.001245040658722136, 0.00231326058482836, -0.001349711184313467], [-0.00517489440049151, -0.001349711184313467, 0.009615981068783265]], "chi2_level": 0.95, "chi2_df": 3, "chi2_threshold": 7.814727903251179, "N_raw": 121, "N_roi": 121, "N_inlier": 119, "refit": true}
{"timestamp": "16:30:43.591756", "frame": 72, "mu": [-0.20419053814708485, 0.6475504916847368, 1.51530477192191], "Sigma": [[0.0035807361155271063, 0.0002956062245314173, -0.003113063696606835], [0.00029560622453141724, 0.0025516787825280557, -0.003103534883164322], [-0.003113063696606835, -0.003103534883164322, 0.00862209449879428]], "chi2_level": 0.95, "chi2_df": 3, "chi2_threshold": 7.814727903251179, "N_raw": 109, "N_roi": 109, "N_inlier": 108, "refit": true}
{"timestamp": "16:30:43.636344", "frame": 73, "mu": [-0.1960297857356657, 0.6729847476407562, 1.4578301683865111], "Sigma": [[0.0010092989007700471, 0.000406929858299022, -0.0006024294751173626], [0.0004069298582990219, 0.0013761331232056127, -0.0017456143085013097], [-0.0006024294751173626, -0.00174561430850131, 0.0026258751447173637]], "chi2_level": 0.95, "chi2_df": 3, "chi2_threshold": 7.814727903251179, "N_raw": 33, "N_roi": 33, "N_inlier": 32, "refit": true}
{"timestamp": "16:30:43.750376", "frame": 75, "mu": [-0.2742015894461293, 0.6825835725559491, 1.4461700944119489], "Sigma": [[0.0019183789886313503, 0.00017400860500259492, -0.0010603467973293488], [0.00017400860500259492, 0.0025970489053617684, -0.0031744012115905076], [-0.0010603467973293488, -0.0031744012115905076, 0.004995588497257569]], "chi2_level": 0.95, "chi2_df": 3, "chi2_threshold": 7.814727903251179, "N_raw": 71, "N_roi": 71, "N_inlier": 68, "refit": true}
{"timestamp": "16:30:43.806657", "frame": 76, "mu": [-0.37039990710124554, 0.6493404694724524, 1.4552279721923729], "Sigma": [[0.004634612887131493, -0.001452989927768141, -0.004233610976126133], [-0.001452989927768141, 0.0012184776927503785, 0.0003084822643702324], [-0.004233610976126133, 0.0003084822643702324, 0.009618716528498784]], "chi2_level": 0.95, "chi2_df": 3, "chi2_threshold": 7.814727903251179, "N_raw": 79, "N_roi": 77, "N_inlier": 71, "refit": true}
{"timestamp": "16:30:43.861196", "frame": 77, "mu": [-0.3857118816365336, 0.6049090837993695, 1.3596385470691414], "Sigma": [[0.012656603944583, -0.00047372297919516244, -0.011023521146529464], [-0.0004737229791951624, 0.003238628624546394, -0.002876974747466258], [-0.011023521146529464, -0.0028769747474662578, 0.01398066571558215]], "chi2_level": 0.95, "chi2_df": 3, "chi2_threshold": 7.814727903251179, "N_raw": 71, "N_roi": 71, "N_inlier": 63, "refit": true}
{"timestamp": "16:30:43.911428", "frame": 78, "mu": [-0.436319544164421, 0.5857255027476628, 1.4534630018756343], "Sigma": [[0.005190754695387086, -0.006182954818207737, -0.009084366706876061], [-0.006182954818207737, 0.012606561562743692, 0.014931660584186601], [-0.009084366706876061, 0.014931660584186603, 0.02093229856046558]], "chi2_level": 0.95, "chi2_df": 3, "chi2_threshold": 7.814727903251179, "N_raw": 38, "N_roi": 38, "N_inlier": 36, "refit": true}
{"timestamp": "16:30:43.973241", "frame": 79, "mu": [-0.6396442656785641, 0.5978308760980071, 1.5670395996511879], "Sigma": [[0.03909707700878272, 0.004684131862197798, -0.041621250116588376], [0.004684131862197799, 0.004719215175720248, -0.006916323061511998], [-0.041621250116588376, -0.006916323061511998, 0.04834084533604846]], "chi2_level": 0.95, "chi2_df": 3, "chi2_threshold": 7.814727903251179, "N_raw": 90, "N_roi": 89, "N_inlier": 85, "refit": true}
{"timestamp": "16:30:44.022893", "frame": 80, "mu": [-0.7728900564334793, 0.609174981206527, 1.6361853840761995], "Sigma": [[0.028782118463296084, 0.004198172790233939, -0.034393178870856786], [0.004198172790233939, 0.002942880954962098, -0.007963886409456833], [-0.034393178870856786, -0.007963886409456835, 0.05133183484728367]], "chi2_level": 0.95, "chi2_df": 3, "chi2_threshold": 7.814727903251179, "N_raw": 50, "N_roi": 50, "N_inlier": 48, "refit": true}
{"timestamp": "16:30:44.077142", "frame": 81, "mu": [-0.8856328602429596, 0.6174109115105844, 1.7665725047121899], "Sigma": [[0.006051461669062778, 0.0009897756417466502, -0.0036581266594971048], [0.0009897756417466502, 0.004780843372822938, -0.0027464002967337716], [-0.0036581266594971048, -0.002746400296733772, 0.0034903857380138765]], "chi2_level": 0.95, "chi2_df": 3, "chi2_threshold": 7.814727903251179, "N_raw": 53, "N_roi": 53, "N_inlier": 50, "refit": true}
{"timestamp": "16:30:44.131418", "frame": 82, "mu": [-0.8994730728807123, 0.6182363062045617, 1.7549276073760303], "Sigma": [[0.004162718638537811, -7.981307095673683e-05, -0.002059939316901823], [-7.981307095673688e-05, 0.004555242912907323, -0.001884176692509599], [-0.002059939316901823, -0.001884176692509599, 0.0021058690625430244]], "chi2_level": 0.95, "chi2_df": 3, "chi2_threshold": 7.814727903251179, "N_raw": 42, "N_roi": 42, "N_inlier": 37, "refit": true}
{"timestamp": "16:30:44.192174", "frame": 83, "mu": [-0.7849349330621676, 0.7205952563907877, 1.5570841412351821], "Sigma": [[0.010459916006863341, 0.003089367846885706, -0.005716151694617814], [0.003089367846885706, 0.007223804321208429, -0.005329652363484134], [-0.005716151694617814, -0.005329652363484134, 0.005669441482014081]], "chi2_level": 0.95, "chi2_df": 3, "chi2_threshold": 7.814727903251179, "N_raw": 80, "N_roi": 80, "N_inlier": 75, "refit": true}
{"timestamp": "16:30:44.242764", "frame": 84, "mu": [-0.9584224252075391, 0.5692032854152212, 1.495679990893905], "Sigma": [[0.016730945801811396, 0.01022134908257594, -0.011641548412121835], [0.01022134908257594, 0.010934247283993516, -0.006821122402835016], [-0.011641548412121835, -0.006821122402835016, 0.025559703894223282]], "chi2_level": 0.95, "chi2_df": 3, "chi2_threshold": 7.814727903251179, "N_raw": 46, "N_roi": 46, "N_inlier": 41, "refit": true}
{"timestamp": "16:30:44.303142", "frame": 85, "mu": [-0.92839379052934, 0.70619134725462, 1.6517455948139859], "Sigma": [[0.009229732612279794, 0.002205387557230072, -0.003451752083848886], [0.002205387557230072, 0.005904743186501644, -0.0037420460853733652], [-0.0034517520838488864, -0.0037420460853733652, 0.0031434742872808764]], "chi2_level": 0.95, "chi2_df": 3, "chi2_threshold": 7.814727903251179, "N_raw": 89, "N_roi": 89, "N_inlier": 85, "refit": true}
{"timestamp": "16:30:44.363285", "frame": 86, "mu": [-0.9138927986877681, 0.7396338126521369, 1.5975843035832697], "Sigma": [[0.010344108170006408, 0.0031834908218644864, -0.004199363931592889], [0.0031834908218644864, 0.00797598017658518, -0.0041684985705610945], [-0.004199363931592888, -0.0041684985705610945, 0.003485589884981737]], "chi2_level": 0.95, "chi2_df": 3, "chi2_threshold": 7.814727903251179, "N_raw": 103, "N_roi": 103, "N_inlier": 100, "refit": true}
{"timestamp": "16:30:44.412808", "frame": 87, "mu": [-1.0086766838569052, 0.7045376760533272, 1.582719193045198], "Sigma": [[0.011282978126564636, 0.005420392134078492, 0.001059989375269318], [0.005420392134078493, 0.00598389452496972, -0.0018281578313155081], [0.001059989375269318, -0.0018281578313155086, 0.006658220414555436]], "chi2_level": 0.95, "chi2_df": 3, "chi2_threshold": 7.814727903251179, "N_raw": 86, "N_roi": 86, "N_inlier": 81, "refit": true}
{"timestamp": "16:30:44.470469", "frame": 88, "mu": [-1.0354898081103525, 0.6613791902069769, 1.5193646002461085], "Sigma": [[0.011284768160572108, 0.005090975486989011, -0.0012495253118975245], [0.005090975486989013, 0.02160937166182926, 0.0006870863108317421], [-0.0012495253118975248, 0.0006870863108317425, 0.0024268144984256512]], "chi2_level": 0.95, "chi2_df": 3, "chi2_threshold": 7.814727903251179, "N_raw": 104, "N_roi": 104, "N_inlier": 98, "refit": true}
{"timestamp": "16:30:44.527022", "frame": 89, "mu": [-1.0793473238038942, 0.6692267905229782, 0.24287041886908542], "Sigma": [[0.013675257781634172, 0.004864731271259321, 0.0669355391395175], [0.004864731271259321, 0.009956253919610343, 0.06359081792717125], [0.0669355391395175, 0.06359081792717125, 0.8404390344125902]], "chi2_level": 0.95, "chi2_df": 3, "chi2_threshold": 7.814727903251179, "N_raw": 113, "N_roi": 113, "N_inlier": 108, "refit": true}
{"timestamp": "16:30:44.581180", "frame": 90, "mu": [-1.0922407409861756, 0.7097848020867995, 1.5298018671749631], "Sigma": [[0.011715798432137872, 0.0019525480976583963, -0.005398895987933777], [0.0019525480976583967, 0.010677649981210362, -0.0048043393239432415], [-0.005398895987933777, -0.004804339323943242, 0.004825946107255159]], "chi2_level": 0.95, "chi2_df": 3, "chi2_threshold": 7.814727903251179, "N_raw": 103, "N_roi": 103, "N_inlier": 100, "refit": true}
{"timestamp": "16:30:44.637525", "frame": 91, "mu": [-1.1269866110247886, 0.7410767069668831, 1.51295185496178], "Sigma": [[0.013306956902692959, 0.001215418522904744, -0.009241719499112018], [0.001215418522904744, 0.01735395236587284, -0.0001659856046825651], [-0.009241719499112018, -0.00016598560468256563, 0.008896756302481374]], "chi2_level": 0.95, "chi2_df": 3, "chi2_threshold": 7.814727903251179, "N_raw": 116, "N_roi": 116, "N_inlier": 98, "refit": true}
{"timestamp": "16:30:44.694269", "frame": 92, "mu": [-1.189949247419285, 0.7720421215921291, -0.39607709727427814], "Sigma": [[0.016785144005267073, 0.006651853268628487, -0.002253217023801513], [0.006651853268628487, 0.018591589776499755, -0.004003137471549837], [-0.002253217023801513, -0.004003137471549838, 0.0029011956386403633]], "chi2_level": 0.95, "chi2_df": 3, "chi2_threshold": 7.814727903251179, "N_raw": 126, "N_roi": 126, "N_inlier": 120, "refit": true}
{"timestamp": "16:30:44.746208", "frame": 93, "mu": [-1.1980319980389647, 0.7234782852877619, 1.4627516965599108], "Sigma": [[0.01422810858604212, 0.0019787623491338466, -0.007288838625973945], [0.001978762349133847, 0.010945400208993422, -0.005196974650389333], [-0.007288838625973944, -0.005196974650389333, 0.006507763614854959]], "chi2_level": 0.95, "chi2_df": 3, "chi2_threshold": 7.814727903251179, "N_raw": 103, "N_roi": 103, "N_inlier": 97, "refit": true}
{"timestamp": "16:30:44.799914", "frame": 94, "mu": [-1.2509583396373354, 0.7486659377600532, 1.468391167908006], "Sigma": [[0.017224405030830316, 0.002230143135642222, -0.011640439694355648], [0.002230143135642222, 0.012383225465347406, -0.002507683897570665], [-0.011640439694355648, -0.002507683897570665, 0.009513514024479756]], "chi2_level": 0.95, "chi2_df": 3, "chi2_threshold": 7.814727903251179, "N_raw": 97, "N_roi": 97, "N_inlier": 94, "refit": true}
{"timestamp": "16:30:44.852961", "frame": 95, "mu": [-1.2715872670763202, 0.7016606871349824, 1.3911618678275177], "Sigma": [[0.011394924970510792, 0.006170159586520711, -0.0013386955860763558], [0.006170159586520711, 0.008341772756619353, -0.005574859361603879], [-0.0013386955860763558, -0.0055748593616038785, 0.005824185593465033]], "chi2_level": 0.95, "chi2_df": 3, "chi2_threshold": 7.814727903251179, "N_raw": 83, "N_roi": 83, "N_inlier": 79, "refit": true}
{"timestamp": "16:30:44.905083", "frame": 96, "mu": [-1.2529413643434273, 0.8947746724722804, -0.4858049188840206], "Sigma": [[0.019045024182344224, 0.022364410137521155, -0.017061855221487024], [0.022364410137521155, 0.04419881622112887, -0.017003843196240914], [-0.01706185522148702, -0.017003843196240914, 0.028417333172393578]], "chi2_level": 0.95, "chi2_df": 3, "chi2_threshold": 7.814727903251179, "N_raw": 67, "N_roi": 67, "N_inlier": 65, "refit": true}
{"timestamp": "16:30:44.960923", "frame": 97, "mu": [-1.3189243327234494, 0.9040332268630051, -0.4702598426745574], "Sigma": [[0.010738455604905618, 0.008056982300520281, -0.0008840955913316513], [0.008056982300520281, 0.013866324377470552, -0.0035726118128686416], [-0.0008840955913316515, -0.0035726118128686416, 0.0032537094825114345]], "chi2_level": 0.95, "chi2_df": 3, "chi2_threshold": 7.814727903251179, "N_raw": 74, "N_roi": 74, "N_inlier": 69, "refit": true}
{"timestamp": "16:30:45.016670", "frame": 98, "mu": [-1.3696547261336742, 0.7768305758838153, 1.3604894793210192], "Sigma": [[0.011226331814769584, 0.006795892703886622, -0.0020811775884575956], [0.006795892703886622, 0.01296645795076755, -0.005230098859939423], [-0.0020811775884575956, -0.005230098859939423, 0.004831221930022594]], "chi2_level": 0.95, "chi2_df": 3, "chi2_threshold": 7.814727903251179, "N_raw": 79, "N_roi": 79, "N_inlier": 76, "refit": true}
{"timestamp": "16:30:45.070664", "frame": 99, "mu": [-1.4427331013742417, 0.8531286276626365, 1.4519513793873335], "Sigma": [[0.011155131350278456, 0.002728217592166853, -0.007616732652509606], [0.0027282175921668535, 0.01502096460817035, -0.002517312702570759], [-0.007616732652509606, -0.0025173127025707584, 0.0071343829003923985]], "chi2_level": 0.95, "chi2_df": 3, "chi2_threshold": 7.814727903251179, "N_raw": 74, "N_roi": 74, "N_inlier": 70, "refit": true}
{"timestamp": "16:30:45.227343", "frame": 100, "mu": [-1.499958149830127, 0.8830435316579597, 1.44515677320753], "Sigma": [[0.008683868217779406, 0.0014028103705092112, -0.008625398849938935], [0.001402810370509211, 0.014630299503957282, -0.003781994379376397], [-0.008625398849938935, -0.0037819943793763974, 0.013194822990620478]], "chi2_level": 0.95, "chi2_df": 3, "chi2_threshold": 7.814727903251179, "N_raw": 66, "N_roi": 66, "N_inlier": 62, "refit": true}
{"timestamp": "16:30:45.253048", "frame": 101, "mu": [-1.477045797523965, 0.9849194901066274, 1.4518278000534885], "Sigma": [[0.014185330034546013, 0.005133557393261447, -0.008159102370148167], [0.005133557393261446, 0.01707436733733888, -0.006561117389354229], [-0.008159102370148167, -0.0065611173893542285, 0.00715394396660982]], "chi2_level": 0.95, "chi2_df": 3, "chi2_threshold": 7.814727903251179, "N_raw": 100, "N_roi": 100, "N_inlier": 96, "refit": true}
{"timestamp": "16:30:45.282897", "frame": 102, "mu": [-1.4517990917383534, 0.9383463145213553, 1.3099621745938053], "Sigma": [[0.012249818004253963, 0.014844131008436436, 0.0015246180394062545], [0.014844131008436436, 0.024124341280418432, -0.002772758461311928], [0.0015246180394062545, -0.002772758461311928, 0.0071716372984699135]], "chi2_level": 0.95, "chi2_df": 3, "chi2_threshold": 7.814727903251179, "N_raw": 84, "N_roi": 84, "N_inlier": 76, "refit": true}
{"timestamp": "16:30:45.316220", "frame": 103, "mu": [-1.4847940513533628, 1.1136080118302378, 0.11332656353055902], "Sigma": [[0.016659957920255736, 0.0060787063320982436, 0.0670156749832509], [0.006078706332098244, 0.022414268642062106, 0.06837341234066392], [0.0670156749832509, 0.06837341234066392, 0.665041655444616]], "chi2_level": 0.95, "chi2_df": 3, "chi2_threshold": 7.814727903251179, "N_raw": 100, "N_roi": 100, "N_inlier": 99, "refit": true}
{"timestamp": "16:30:45.347562", "frame": 104, "mu": [-1.4986103944287201, 1.2083805574846584, 0.013696420138417742], "Sigma": [[0.015881836353053506, 0.007468871516422594, 0.03976600645649925], [0.007468871516422594, 0.014267511476672557, 0.02420806290452611], [0.03976600645649925, 0.02420806290452611, 0.3462432130035689]], "chi2_level": 0.95, "chi2_df": 3, "chi2_threshold": 7.814727903251179, "N_raw": 85, "N_roi": 85, "N_inlier": 85, "refit": true}
{"timestamp": "16:30:45.403554", "frame": 105, "mu": [-1.5175648440743272, 1.2598595008801003, 0.04943401162483766], "Sigma": [[0.013384847950583463, 0.00717909592401779, 0.0242319215403963], [0.00717909592401779, 0.015519618404438102, 0.025130299457833825], [0.024231921540396294, 0.025130299457833828, 0.32367649361765327]], "chi2_level": 0.95, "chi2_df": 3, "chi2_threshold": 7.814727903251179, "N_raw": 84, "N_roi": 84, "N_inlier": 84, "refit": true}
{"timestamp": "16:30:45.460958", "frame": 106, "mu": [-1.5513088854524582, 1.2085732934481885, 1.3782706560471123], "Sigma": [[0.012816794397000253, 0.0067921712328855785, -0.015873736017059555], [0.0067921712328855785, 0.015560573658946766, -0.015475754921872486], [-0.015873736017059555, -0.015475754921872486, 0.03284693507372814]], "chi2_level": 0.95, "chi2_df": 3, "chi2_threshold": 7.814727903251179, "N_raw": 103, "N_roi": 103, "N_inlier": 102, "refit": true}
{"timestamp": "16:30:45.508239", "frame": 107, "mu": [-1.7051403867584265, 1.2297597178090367, 1.6050897351687374], "Sigma": [[0.01928249645479248, 0.0021550895842537636, -0.022814353818305023], [0.002155089584253764, 0.013037017935156494, -0.000447375607336402], [-0.022814353818305023, -0.00044737560733640265, 0.03456499312160352]], "chi2_level": 0.95, "chi2_df": 3, "chi2_threshold": 7.814727903251179, "N_raw": 48, "N_roi": 48, "N_inlier": 46, "refit": true}
{"timestamp": "16:30:45.567383", "frame": 108, "mu": [-1.6840547433708464, 1.2887944593208696, 1.3612036042766626], "Sigma": [[0.013719810961534358, 0.004746066606349212, -0.021809767271343053], [0.004746066606349212, 0.006617675576694141, -0.007652292287902313], [-0.02180976727134306, -0.007652292287902313, 0.10778550433427798]], "chi2_level": 0.95, "chi2_df": 3, "chi2_threshold": 7.814727903251179, "N_raw": 74, "N_roi": 74, "N_inlier": 70, "refit": true}
{"timestamp": "16:30:45.620785", "frame": 109, "mu": [-1.6839180503047528, 1.3002755621494737, 1.5316252623376534], "Sigma": [[0.013564913071333071, 0.005967351679004532, -0.014748608404108333], [0.005967351679004532, 0.012363523889595267, -0.00811960604838275], [-0.014748608404108333, -0.00811960604838275, 0.018403625298248787]], "chi2_level": 0.95, "chi2_df": 3, "chi2_threshold": 7.814727903251179, "N_raw": 70, "N_roi": 70, "N_inlier": 67, "refit": true}
{"timestamp": "16:30:45.675112", "frame": 110, "mu": [-1.7190425418494584, 1.2826496190289327, 1.4125188453242579], "Sigma": [[0.016939383892111894, 0.008146105631533956, -0.008865799038295579], [0.008146105631533956, 0.0098721908094221, -0.005460694437450376], [-0.008865799038295579, -0.005460694437450376, 0.007717891541175143]], "chi2_level": 0.95, "chi2_df": 3, "chi2_threshold": 7.814727903251179, "N_raw": 69, "N_roi": 69, "N_inlier": 61, "refit": true}
{"timestamp": "16:30:45.730195", "frame": 111, "mu": [-1.8485144846363561, 1.3430756154659227, 1.7007058048919825], "Sigma": [[0.01694434965223133, 0.0064041950617210516, -0.017044728329897153], [0.0064041950617210516, 0.013497613626756057, -0.008747988962824086], [-0.017044728329897153, -0.008747988962824086, 0.02245582820245152]], "chi2_level": 0.95, "chi2_df": 3, "chi2_threshold": 7.814727903251179, "N_raw": 69, "N_roi": 69, "N_inlier": 65, "refit": true}
