{"timestamp": "20:15:37.505944", "frame": 36, "mu": [1.8999450301101786, 1.132952750452445, -0.4121574803894362], "Sigma": [[0.0027508245258131645, -0.0005133841844660268, -0.0012559559522592153], [-0.000513384184466027, 0.0022113020760358435, 3.175129355739217e-05], [-0.0012559559522592155, 3.175129355739221e-05, 0.0011307766191584181]], "chi2_level": 0.95, "chi2_df": 3, "chi2_threshold": 7.814727903251179, "N_raw": 11, "N_roi": 11, "N_inlier": 10, "refit": true}
{"timestamp": "20:15:38.105676", "frame": 47, "mu": [1.8364477413291627, 1.7276172431257535, 1.1744104998063385], "Sigma": [[0.0014124198612146881, 0.0008910554550980587, -0.004026050475742057], [0.0008910554550980588, 0.0014753039545956355, -0.0035002322759838207], [-0.004026050475742057, -0.0035002322759838203, 0.014162236941235785]], "chi2_level": 0.95, "chi2_df": 3, "chi2_threshold": 7.814727903251179, "N_raw": 5, "N_roi": 5, "N_inlier": 5, "refit": true}
{"timestamp": "20:15:38.160736", "frame": 48, "mu": [1.9040085954251957, 1.7326129992397776, 1.158830669098749], "Sigma": [[0.004996102149298341, 0.00042680263544010483, -0.004356723669829872], [0.0004268026354401048, 0.000701608103459723, -0.0004640303780636812], [-0.004356723669829872, -0.0004640303780636812, 0.004986340390780495]], "chi2_level": 0.95, "chi2_df": 3, "chi2_threshold": 7.814727903251179, "N_raw": 6, "N_roi": 6, "N_inlier": 6, "refit": true}
{"timestamp": "20:15:38.216235", "frame": 49, "mu": [1.8148936280843837, 1.8750596105833859, 1.4932776912205041], "Sigma": [[0.004736289264082851, 0.0021886996484423438, 0.002688405419995217], [0.0021886996484423438, 0.0025103614738519577, 0.0012913007560804539], [0.002688405419995217, 0.0012913007560804539, 0.002019595201460797]], "chi2_level": 0.95, "chi2_df": 3, "chi2_threshold": 7.814727903251179, "N_raw": 8, "N_roi": 8, "N_inlier": 8, "refit": true}
{"timestamp": "20:15:38.272006", "frame": 50, "mu": [1.8124010923349236, 1.9008920681354584, 1.4390415558279535], "Sigma": [[0.003260511508549259, -0.001199949956533045, -0.0024933326776218493], [-0.001199949956533045, 0.0024911245206306163, 0.001061709075123042], [-0.002493332677621849, 0.0010617090751230418, 0.00436372691385812]], "chi2_level": 0.95, "chi2_df": 3, "chi2_threshold": 7.814727903251179, "N_raw": 13, "N_roi": 13, "N_inlier": 12, "refit": true}
{"timestamp": "20:15:38.325672", "frame": 51, "mu": [1.8252309172839885, 1.919108291101613, 1.2352500059869818], "Sigma": [[0.001412376187981644, -0.00013413788927253093, -0.004995885851015253], [-0.00013413788927253082, 0.0058636442791463175, 0.01781361331035557], [-0.004995885851015253, 0.01781361331035557, 0.10913421146816998]], "chi2_level": 0.95, "chi2_df": 3, "chi2_threshold": 7.814727903251179, "N_raw": 5, "N_roi": 5, "N_inlier": 5, "refit": true}
{"timestamp": "20:15:38.381931", "frame": 52, "mu": [1.8069562542226407, 2.0206696455001514, 1.3026866974775426], "Sigma": [[0.003601981931839264, -0.003440598617479006, -0.0018846477018900334], [-0.003440598617479006, 0.003784720116553123, 0.0009359706888941964], [-0.0018846477018900334, 0.0009359706888941967, 0.03175119188491622]], "chi2_level": 0.95, "chi2_df": 3, "chi2_threshold": 7.814727903251179, "N_raw": 17, "N_roi": 17, "N_inlier": 14, "refit": true}
{"timestamp": "20:15:38.435773", "frame": 53, "mu": [1.8774108456721936, 2.0624254961334128, 1.2376706986874333], "Sigma": [[0.00054984564837055, 0.0003231210620718498, -0.003976776786198687], [0.0003231210620718498, 0.00042374600625478425, 0.00014374483009214185], [-0.0039767767861986865, 0.00014374483009214185, 0.06687056941761535]], "chi2_level": 0.95, "chi2_df": 3, "chi2_threshold": 7.814727903251179, "N_raw": 5, "N_roi": 5, "N_inlier": 5, "refit": true}
{"timestamp": "20:15:38.490898", "frame": 54, "mu": [1.8976517393317724, 2.1331844472657817, -0.13326649446769745], "Sigma": [[0.0056883116505719155, -0.0005645145515761579, -0.006674824671745143], [-0.0005645145515761575, 0.008149964165970747, 0.04783792188058195], [-0.0066748246717451415, 0.04783792188058196, 0.2874212056871882]], "chi2_level": 0.95, "chi2_df": 3, "chi2_threshold": 7.814727903251179, "N_raw": 5, "N_roi": 5, "N_inlier": 5, "refit": true}
{"timestamp": "20:15:38.545637", "frame": 55, "mu": [1.839764516085206, 2.233132248957874, 1.3887994538852428], "Sigma": [[0.0009529559877946881, 0.0014434425282708393, -0.0027181463268925172], [0.0014434425282708393, 0.0024295521140452712, -0.00612312725827152], [-0.0027181463268925172, -0.00612312725827152, 0.024464985200041478]], "chi2_level": 0.95, "chi2_df": 3, "chi2_threshold": 7.814727903251179, "N_raw": 5, "N_roi": 5, "N_inlier": 5, "refit": true}
{"timestamp": "20:15:38.601566", "frame": 56, "mu": [1.872222848053729, 1.805033676962512, 0.9119220568725099], "Sigma": [[0.0004302046497039028, -0.004454070896853855, -0.008014808775197], [-0.004454070896853855, 0.7165274967184885, 0.8329267164627479], [-0.008014808775197, 0.832926716462748, 1.0025960119039237]], "chi2_level": 0.95, "chi2_df": 3, "chi2_threshold": 7.814727903251179, "N_raw": 7, "N_roi": 7, "N_inlier": 7, "refit": true}
{"timestamp": "20:15:38.655866", "frame": 57, "mu": [1.873310419167967, 2.273208554733697, 1.3848715063124701], "Sigma": [[0.0016989548315684937, 0.0015682831447889748, -0.0007802723133557872], [0.0015682831447889748, 0.0033984273781739356, 0.0006939697198806261], [-0.0007802723133557871, 0.0006939697198806263, 0.0018992175206943266]], "chi2_level": 0.95, "chi2_df": 3, "chi2_threshold": 7.814727903251179, "N_raw": 6, "N_roi": 6, "N_inlier": 5, "refit": true}
{"timestamp": "20:15:38.711068", "frame": 58, "mu": [1.8648525768203248, 2.547454359764111, -0.24356948285332045], "Sigma": [[0.005595040882461902, 0.013541760921979784, -0.027937753701204826], [0.013541760921979784, 0.03717221063885402, -0.07299352511813899], [-0.027937753701204826, -0.07299352511813899, 0.15218348942066334]], "chi2_level": 0.95, "chi2_df": 3, "chi2_threshold": 7.814727903251179, "N_raw": 8, "N_roi": 8, "N_inlier": 8, "refit": true}
{"timestamp": "20:15:38.765692", "frame": 59, "mu": [1.8333880468411943, 2.362659715457054, 1.4272576471719143], "Sigma": [[0.004082496849726389, -0.0029491131603891652, -0.0020220034671597953], [-0.0029491131603891652, 0.005605678711675332, 0.0019042581408395625], [-0.0020220034671597953, 0.001904258140839562, 0.0017368444738447215]], "chi2_level": 0.95, "chi2_df": 3, "chi2_threshold": 7.814727903251179, "N_raw": 11, "N_roi": 11, "N_inlier": 11, "refit": true}
{"timestamp": "20:15:38.820674", "frame": 60, "mu": [1.8252764171446372, 2.479410062209554, 1.3566288232162844], "Sigma": [[0.00400605654218827, 0.0005727038928869607, -0.008041943551007203], [0.000572703892886961, 0.0027976698447871482, -0.0007916075973650305], [-0.008041943551007203, -0.0007916075973650301, 0.0170098821637576]], "chi2_level": 0.95, "chi2_df": 3, "chi2_threshold": 7.814727903251179, "N_raw": 5, "N_roi": 5, "N_inlier": 5, "refit": true}
{"timestamp": "20:15:38.875543", "frame": 61, "mu": [1.79839833702503, 2.513780851805477, 1.3575346732224056], "Sigma": [[0.00275419704559226, 0.0018758301436993471, -0.004826517281307579], [0.0018758301436993471, 0.001814176905493895, -0.002887620623530914], [-0.004826517281307579, -0.002887620623530914, 0.010318619213325867]], "chi2_level": 0.95, "chi2_df": 3, "chi2_threshold": 7.814727903251179, "N_raw": 5, "N_roi": 5, "N_inlier": 5, "refit": true}
{"timestamp": "20:15:38.930606", "frame": 62, "mu": [1.8570611506272463, 2.5484931398807014, 1.3345492918371185], "Sigma": [[0.003943343014817432, 0.002338168696592439, -0.006758371885718094], [0.002338168696592439, 0.0017795668811414114, -0.0032959069550114357], [-0.006758371885718094, -0.003295906955011436, 0.013364407378058355]], "chi2_level": 0.95, "chi2_df": 3, "chi2_threshold": 7.814727903251179, "N_raw": 7, "N_roi": 7, "N_inlier": 5, "refit": true}
{"timestamp": "20:15:39.040872", "frame": 64, "mu": [1.88941736972409, 2.6681912358988478, 1.2384439545527286], "Sigma": [[0.0024684632202302, 0.0017560996701641263, -0.006154629807876698], [0.0017560996701641261, 0.0016218609450273512, -0.004483457337827369], [-0.006154629807876699, -0.004483457337827369, 0.017610172674009196]], "chi2_level": 0.95, "chi2_df": 3, "chi2_threshold": 7.814727903251179, "N_raw": 5, "N_roi": 5, "N_inlier": 5, "refit": true}
{"timestamp": "20:15:39.096018", "frame": 65, "mu": [1.8730437844751402, 2.7001540257595797, 1.0485687531955739], "Sigma": [[0.01604588577961697, -0.009434850959590258, -0.03475926411663851], [-0.009434850959590258, 0.006930449323704936, 0.01950936733609142], [-0.03475926411663851, 0.01950936733609142, 0.08287362944360736]], "chi2_level": 0.95, "chi2_df": 3, "chi2_threshold": 7.814727903251179, "N_raw": 7, "N_roi": 6, "N_inlier": 6, "refit": true}
{"timestamp": "20:15:39.205684", "frame": 67, "mu": [1.7859551452228608, 2.9240009080399756, 1.4602162874926083], "Sigma": [[0.001780021093346334, 0.00122452667073152, -0.007617873201034774], [0.00122452667073152, 0.00168511646619878, -0.003531252583907004], [-0.007617873201034774, -0.003531252583907004, 0.04499968964751716]], "chi2_level": 0.95, "chi2_df": 3, "chi2_threshold": 7.814727903251179, "N_raw": 5, "N_roi": 5, "N_inlier": 5, "refit": true}
{"timestamp": "20:15:39.426035", "frame": 71, "mu": [1.8953464574654577, 3.016957982531175, 0.9825093286826828], "Sigma": [[0.0048227759666523385, -0.0060633975816252825, -0.021115161557785707], [-0.0060633975816252825, 0.008740218027677866, 0.026344659753841176], [-0.021115161557785707, 0.026344659753841176, 0.132757841901537]], "chi2_level": 0.95, "chi2_df": 3, "chi2_threshold": 7.814727903251179, "N_raw": 5, "N_roi": 5, "N_inlier": 5, "refit": true}
{"timestamp": "20:15:39.480882", "frame": 72, "mu": [1.9191394513949986, 3.0507990159286282, 1.1139231049747407], "Sigma": [[0.005556404939056256, -0.003684115572369865, -0.02418482848637217], [-0.003684115572369865, 0.004677191522433074, 0.018506875268344526], [-0.02418482848637217, 0.018506875268344533, 0.11347560294715951]], "chi2_level": 0.95, "chi2_df": 3, "chi2_threshold": 7.814727903251179, "N_raw": 7, "N_roi": 5, "N_inlier": 5, "refit": true}
{"timestamp": "20:15:39.646035", "frame": 75, "mu": [1.962409897680157, 3.2471106959922396, 1.2204977569931375], "Sigma": [[0.004150016540765748, -0.0015414484042692888, -0.0236456211280513], [-0.0015414484042692888, 0.0027749025986538475, 0.011256131777665662], [-0.023645621128051297, 0.011256131777665662, 0.14590667335039695]], "chi2_level": 0.95, "chi2_df": 3, "chi2_threshold": 7.814727903251179, "N_raw": 8, "N_roi": 6, "N_inlier": 6, "refit": true}
{"timestamp": "20:15:39.700631", "frame": 76, "mu": [1.8803972165792444, 3.4420441083205637, 0.03370658380643277], "Sigma": [[0.0016507574634717175, 0.0030198608609041154, -0.008884980380297806], [0.0030198608609041154, 0.0055288183739987595, -0.016263847925802905], [-0.008884980380297804, -0.0162638479258029, 0.056120145709928744]], "chi2_level": 0.95, "chi2_df": 3, "chi2_threshold": 7.814727903251179, "N_raw": 6, "N_roi": 6, "N_inlier": 5, "refit": true}
{"timestamp": "20:15:39.755592", "frame": 77, "mu": [1.946725553375482, 3.398609182207036, 1.3684699522608288], "Sigma": [[0.0009628264027216863, 0.000761492714390422, -0.0029519140722241107], [0.0007614927143904222, 0.002925090780680222, -0.009089856812514755], [-0.002951914072224111, -0.009089856812514755, 0.03424719567155268]], "chi2_level": 0.95, "chi2_df": 3, "chi2_threshold": 7.814727903251179, "N_raw": 6, "N_roi": 6, "N_inlier": 5, "refit": true}
{"timestamp": "20:15:39.920797", "frame": 80, "mu": [1.9219166089275104, 3.5589028299031975, 1.3938514734860732], "Sigma": [[0.005009395878614109, 0.0022156720102910164, -0.010672119171577218], [0.0022156720102910164, 0.0014482797365344376, -0.0034383380901928454], [-0.010672119171577218, -0.0034383380901928454, 0.028219198002638064]], "chi2_level": 0.95, "chi2_df": 3, "chi2_threshold": 7.814727903251179, "N_raw": 5, "N_roi": 5, "N_inlier": 5, "refit": true}
{"timestamp": "20:15:39.975581", "frame": 81, "mu": [2.0961642310890287, 3.5276615010042507, 0.991943458823219], "Sigma": [[0.01078651858598077, -0.005841101672007392, -0.04613056037048678], [-0.005841101672007392, 0.0038926732657690415, 0.025678193942047414], [-0.04613056037048678, 0.025678193942047414, 0.20088587291308768]], "chi2_level": 0.95, "chi2_df": 3, "chi2_threshold": 7.814727903251179, "N_raw": 6, "N_roi": 5, "N_inlier": 5, "refit": true}
{"timestamp": "20:15:40.032526", "frame": 82, "mu": [1.9536240183469888, 3.6308392032259205, 1.3752279673554555], "Sigma": [[0.004334320524641669, 0.0006680305886039813, -0.005841579128937961], [0.0006680305886039814, 0.0016364131928348323, -0.0017063981517941383], [-0.0058415791289379605, -0.0017063981517941383, 0.011623068023562723]], "chi2_level": 0.95, "chi2_df": 3, "chi2_threshold": 7.814727903251179, "N_raw": 11, "N_roi": 8, "N_inlier": 8, "refit": true}
{"timestamp": "20:15:40.195822", "frame": 85, "mu": [1.8026528047341033, 3.233630048105058, 1.1229663318346492], "Sigma": [[0.6112647039240143, 0.9343875477336205, -0.26794010687028263], [0.9343875477336203, 1.4886075847273672, -0.31585322741926786], [-0.26794010687028263, -0.31585322741926786, 0.27136067639093037]], "chi2_level": 0.95, "chi2_df": 3, "chi2_threshold": 7.814727903251179, "N_raw": 5, "N_roi": 5, "N_inlier": 5, "refit": true}
{"timestamp": "20:15:40.253192", "frame": 86, "mu": [1.9245374887040816, 3.863094660958317, 0.35514758183924455], "Sigma": [[0.012516814327147652, -0.0035406341642606775, -0.007022206965569046], [-0.003540634164260677, 0.002905853533580407, 0.0023345548852364752], [-0.007022206965569046, 0.0023345548852364752, 0.005895152518672226]], "chi2_level": 0.95, "chi2_df": 3, "chi2_threshold": 7.814727903251179, "N_raw": 23, "N_roi": 21, "N_inlier": 19, "refit": true}
{"timestamp": "20:15:40.308888", "frame": 87, "mu": [2.008140979744549, 3.918314012903814, 1.3055013612146047], "Sigma": [[0.010315360771770489, -0.0047576048366491114, -0.002874174801748554], [-0.0047576048366491114, 0.004215978477482004, 0.0020624908133943794], [-0.002874174801748554, 0.0020624908133943794, 0.003577034965201779]], "chi2_level": 0.95, "chi2_df": 3, "chi2_threshold": 7.814727903251179, "N_raw": 18, "N_roi": 18, "N_inlier": 17, "refit": true}
{"timestamp": "20:15:40.362186", "frame": 88, "mu": [1.9330685989265386, 3.9402057227615654, 1.0357130319009777], "Sigma": [[0.008395696611494198, 0.0004078547347903309, -0.011438684292707117], [0.0004078547347903307, 0.0008659755671074229, -0.0020363354858924715], [-0.011438684292707117, -0.002036335485892472, 0.047240321502295186]], "chi2_level": 0.95, "chi2_df": 3, "chi2_threshold": 7.814727903251179, "N_raw": 5, "N_roi": 5, "N_inlier": 5, "refit": true}
{"timestamp": "20:15:40.418203", "frame": 89, "mu": [1.946353063995925, 3.968652427241304, 1.2581445017892612], "Sigma": [[0.0016605549450313013, 0.0009849511984606886, -0.004816091923940965], [0.0009849511984606888, 0.0021396195714295236, -0.0070470791626537025], [-0.004816091923940965, -0.0070470791626537025, 0.03043549817651918]], "chi2_level": 0.95, "chi2_df": 3, "chi2_threshold": 7.814727903251179, "N_raw": 7, "N_roi": 5, "N_inlier": 5, "refit": true}
{"timestamp": "20:15:40.473997", "frame": 90, "mu": [2.046990085414184, 3.997087396822091, 1.2450424370750053], "Sigma": [[0.008336491133957855, -0.0032526213543715016, -0.0031981574284388513], [-0.0032526213543715016, 0.0017865209969392872, -0.0015279533076478363], [-0.003198157428438851, -0.0015279533076478365, 0.016282604166047165]], "chi2_level": 0.95, "chi2_df": 3, "chi2_threshold": 7.814727903251179, "N_raw": 17, "N_roi": 17, "N_inlier": 15, "refit": true}
{"timestamp": "20:15:40.636522", "frame": 93, "mu": [2.044971974707124, 4.272317546819039, -0.10736993196340816], "Sigma": [[0.004396333057452397, 0.0037391985084184406, -0.022049702600844], [0.003739198508418441, 0.003945555966588879, -0.021304204567465217], [-0.022049702600844, -0.021304204567465217, 0.12495124258129835]], "chi2_level": 0.95, "chi2_df": 3, "chi2_threshold": 7.814727903251179, "N_raw": 5, "N_roi": 5, "N_inlier": 5, "refit": true}
{"timestamp": "20:15:40.802557", "frame": 96, "mu": [2.0470964450491422, 4.225081986126998, 1.1554315262834125], "Sigma": [[0.010125064263744777, -0.005041341205310509, -0.04317552447186612], [-0.005041341205310509, 0.0038826365142766803, 0.025738541467596448], [-0.04317552447186612, 0.025738541467596448, 0.20024499018220693]], "chi2_level": 0.95, "chi2_df": 3, "chi2_threshold": 7.814727903251179, "N_raw": 5, "N_roi": 5, "N_inlier": 5, "refit": true}
{"timestamp": "20:15:40.912839", "frame": 98, "mu": [2.110066967706376, 4.242004397845461, 0.672821840161169], "Sigma": [[0.007114294376897325, -0.005752343934166553, -0.025607010952510355], [-0.005752343934166554, 0.007333820854911104, 0.021449067194666056], [-0.025607010952510355, 0.021449067194666056, 0.1162433473074339]], "chi2_level": 0.95, "chi2_df": 3, "chi2_threshold": 7.814727903251179, "N_raw": 9, "N_roi": 8, "N_inlier": 8, "refit": true}
{"timestamp": "20:15:40.968223", "frame": 99, "mu": [2.0262093224307653, 4.415361636749321, 1.195941686482965], "Sigma": [[0.014276709659773032, -0.0021145851537932095, -0.02526323677717489], [-0.0021145851537932095, 0.001592923480645586, 0.004654989638535859], [-0.02526323677717489, 0.004654989638535859, 0.052848769170022895]], "chi2_level": 0.95, "chi2_df": 3, "chi2_threshold": 7.814727903251179, "N_raw": 5, "N_roi": 5, "N_inlier": 5, "refit": true}
{"timestamp": "20:15:41.052559", "frame": 100, "mu": [2.0198187456179033, 4.538498409213444, 0.4676289308367157], "Sigma": [[0.024244088471419227, -0.008562643068162776, -0.009812333750389498], [-0.008562643068162776, 0.007010521738720933, -0.0005856932383997916], [-0.009812333750389498, -0.0005856932383997917, 0.009572603416107371]], "chi2_level": 0.95, "chi2_df": 3, "chi2_threshold": 7.814727903251179, "N_raw": 33, "N_roi": 32, "N_inlier": 31, "refit": true}
{"timestamp": "20:15:41.078630", "frame": 101, "mu": [2.0170886390711567, 4.521281894503641, 1.2910979908021956], "Sigma": [[0.012341864249757835, -0.00528391471427829, -0.004488684672637902], [-0.00528391471427829, 0.0035405346021458407, 3.0219811865493836e-05], [-0.004488684672637902, 3.021981186549362e-05, 0.007940367201028616]], "chi2_level": 0.95, "chi2_df": 3, "chi2_threshold": 7.814727903251179, "N_raw": 15, "N_roi": 12, "N_inlier": 11, "refit": true}
{"timestamp": "20:15:41.242936", "frame": 104, "mu": [1.6858127181583504, 4.114500427902843, 0.3208229687710316], "Sigma": [[0.4974037891228897, 1.1005122039212063, 0.01624600400883007], [1.1005122039212063, 2.4471261245965654, 0.062096970845672644], [0.01624600400883007, 0.06209697084567263, 0.0760654786875122]], "chi2_level": 0.95, "chi2_df": 3, "chi2_threshold": 7.814727903251179, "N_raw": 8, "N_roi": 6, "N_inlier": 6, "refit": true}
{"timestamp": "20:15:41.297823", "frame": 105, "mu": [2.032987942975265, 4.651651767995858, 1.3641453573927664], "Sigma": [[0.012739604963564891, 0.00027467144388944775, -0.023946773757622636], [0.00027467144388944754, 0.0019171277157156213, 0.0020789967132864517], [-0.02394677375762263, 0.0020789967132864512, 0.049188727152928685]], "chi2_level": 0.95, "chi2_df": 3, "chi2_threshold": 7.814727903251179, "N_raw": 6, "N_roi": 6, "N_inlier": 5, "refit": true}
{"timestamp": "20:15:41.354852", "frame": 106, "mu": [2.0052119370490114, 4.700791022089135, 1.370129625502142], "Sigma": [[0.026580285750987948, -0.01151632367927318, -0.00839288163753403], [-0.011516323679273178, 0.006995184441148448, 0.003920277785239587], [-0.008392881637534029, 0.003920277785239587, 0.005275262053409068]], "chi2_level": 0.95, "chi2_df": 3, "chi2_threshold": 7.814727903251179, "N_raw": 24, "N_roi": 24, "N_inlier": 24, "refit": true}
{"timestamp": "20:15:41.407118", "frame": 107, "mu": [2.0577027520746993, 4.72199159444093, 1.0921253882185225], "Sigma": [[0.016146238340095036, -0.0008813417542824279, -0.026645093268517932], [-0.0008813417542824276, 0.0004251311571268513, 0.001590100115297023], [-0.026645093268517932, 0.001590100115297023, 0.046841675407607544]], "chi2_level": 0.95, "chi2_df": 3, "chi2_threshold": 7.814727903251179, "N_raw": 7, "N_roi": 6, "N_inlier": 5, "refit": true}
{"timestamp": "20:15:41.462375", "frame": 108, "mu": [2.2062646341142487, 4.71306772911798, 0.7293310172322115], "Sigma": [[0.0085349458513413, -0.00316956444209814, -0.007404572094843562], [-0.00316956444209814, 0.0012982868997731645, 0.0012241002080160557], [-0.007404572094843562, 0.0012241002080160557, 0.029115743354352755]], "chi2_level": 0.95, "chi2_df": 3, "chi2_threshold": 7.814727903251179, "N_raw": 10, "N_roi": 10, "N_inlier": 9, "refit": true}
{"timestamp": "20:15:41.517618", "frame": 109, "mu": [2.0209344610974194, 4.816915413231413, 1.0286298368155606], "Sigma": [[0.009656046187618979, -0.00020934973002928036, -0.024190337122840723], [-0.00020934973002928047, 0.0006135221915067044, 8.130140033482582e-05], [-0.024190337122840723, 8.130140033482582e-05, 0.06294156540577828]], "chi2_level": 0.95, "chi2_df": 3, "chi2_threshold": 7.814727903251179, "N_raw": 5, "N_roi": 5, "N_inlier": 5, "refit": true}
{"timestamp": "20:15:41.628169", "frame": 111, "mu": [2.1833061025036993, 4.859526366509387, 0.7277774813631769], "Sigma": [[0.013687112846202647, -0.007073137227341407, -0.0076956942316928], [-0.007073137227341407, 0.005319282263675118, 0.0032669176265970705], [-0.0076956942316928, 0.0032669176265970705, 0.00932988483710532]], "chi2_level": 0.95, "chi2_df": 3, "chi2_threshold": 7.814727903251179, "N_raw": 16, "N_roi": 16, "N_inlier": 15, "refit": true}
{"timestamp": "20:15:41.852061", "frame": 115, "mu": [2.2556247327116896, 4.937454611698188, 1.2992080676222264], "Sigma": [[0.014621052017452108, -0.0018710758155784208, 0.0009764653161231571], [-0.0018710758155784202, 0.0019267546173469077, -0.0004005402733974002], [0.0009764653161231571, -0.0004005402733974002, 0.00011126371880789983]], "chi2_level": 0.95, "chi2_df": 3, "chi2_threshold": 7.814727903251179, "N_raw": 37, "N_roi": 15, "N_inlier": 14, "refit": true}
