{"timestamp": "19:23:15.232262", "frame": 46, "mu": [1.8334735816977248, 1.899683550820558, 0.932025730098003], "Sigma": [[0.005837219884102876, -0.0020818473716872803, -0.003859631424942597], [-0.0020818473716872807, 0.005530632584807475, 0.0036556053589329], [-0.0038596314249425977, 0.0036556053589329, 0.017972619939117886]], "chi2_level": 0.99, "chi2_df": 3, "chi2_threshold": 11.344866730144373, "N_raw": 18, "N_roi": 18, "N_inlier": 18, "refit": true}
{"timestamp": "19:23:15.287059", "frame": 47, "mu": [1.7447848410668563, 2.0317925600326827, 1.3182455682699796], "Sigma": [[0.005682144844394149, -0.0034978359274059332, -0.0067678208433356], [-0.0034978359274059332, 0.0040032093063958165, 0.0027509767244736664], [-0.006767820843335601, 0.0027509767244736664, 0.019414290649094952]], "chi2_level": 0.99, "chi2_df": 3, "chi2_threshold": 11.344866730144373, "N_raw": 20, "N_roi": 20, "N_inlier": 20, "refit": true}
{"timestamp": "19:23:15.345478", "frame": 48, "mu": [1.7345529915896563, 2.144008521549824, 1.3528350920356997], "Sigma": [[0.00866903390703984, -0.0029373270361310513, -0.005604386390308699], [-0.0029373270361310513, 0.0035464280726530376, 0.0023932834963844496], [-0.0056043863903087, 0.0023932834963844496, 0.01438777872409336]], "chi2_level": 0.99, "chi2_df": 3, "chi2_threshold": 11.344866730144373, "N_raw": 26, "N_roi": 26, "N_inlier": 24, "refit": true}
{"timestamp": "19:23:16.224722", "frame": 64, "mu": [1.7775388858963563, 3.2383007345376327, 1.513478872065051], "Sigma": [[0.009664017289389681, -0.004647639783089702, -0.003496562746140246], [-0.004647639783089702, 0.0065204686801235215, 0.001425519056493826], [-0.0034965627461402454, 0.001425519056493826, 0.0034542765265452744]], "chi2_level": 0.99, "chi2_df": 3, "chi2_threshold": 11.344866730144373, "N_raw": 30, "N_roi": 30, "N_inlier": 29, "refit": true}
{"timestamp": "19:23:16.554661", "frame": 70, "mu": [1.8819634442198248, 3.61242886936978, 1.271454872531031], "Sigma": [[0.006649477484865774, -0.003515011411835479, -0.014697423306536547], [-0.003515011411835479, 0.002448703326830837, 0.006131166972803276], [-0.014697423306536547, 0.006131166972803276, 0.0528346225460516]], "chi2_level": 0.99, "chi2_df": 3, "chi2_threshold": 11.344866730144373, "N_raw": 19, "N_roi": 16, "N_inlier": 15, "refit": true}
{"timestamp": "19:23:16.883704", "frame": 76, "mu": [1.92968157493292, 3.920447045561917, 1.4571166724674463], "Sigma": [[0.008737459055527818, -0.0026252942888728794, -0.0023985976599365487], [-0.00262529428887288, 0.0036267513927221834, -0.001025176016107297], [-0.002398597659936549, -0.001025176016107297, 0.004510016271533132]], "chi2_level": 0.99, "chi2_df": 3, "chi2_threshold": 11.344866730144373, "N_raw": 21, "N_roi": 19, "N_inlier": 18, "refit": true}
{"timestamp": "19:23:16.997154", "frame": 78, "mu": [1.9401134269013283, 4.05575746109882, 1.4039879537682094], "Sigma": [[0.023060970610985835, -0.008931168337656448, -0.0015256003425648795], [-0.008931168337656448, 0.007907301765692274, 0.001815325356855846], [-0.0015256003425648795, 0.001815325356855846, 0.002743698844590474]], "chi2_level": 0.99, "chi2_df": 3, "chi2_threshold": 11.344866730144373, "N_raw": 39, "N_roi": 39, "N_inlier": 37, "refit": true}
{"timestamp": "19:23:17.049102", "frame": 79, "mu": [1.9263774440273367, 4.13101506085347, 1.1365618856704607], "Sigma": [[0.012712074464611253, -0.0033587232819508334, -0.0052250172207805486], [-0.0033587232819508334, 0.0038274204263129786, 0.0031257354420331056], [-0.0052250172207805486, 0.0031257354420331056, 0.007207176775665834]], "chi2_level": 0.99, "chi2_df": 3, "chi2_threshold": 11.344866730144373, "N_raw": 18, "N_roi": 18, "N_inlier": 17, "refit": true}
{"timestamp": "19:23:17.214198", "frame": 82, "mu": [1.9811896922203274, 4.379228809301337, 0.14207230160503986], "Sigma": [[0.01358201669692781, -0.0012558749182180293, 0.02898866827632199], [-0.001255874918218029, 0.0037324881394786005, 0.006725524450739975], [0.02898866827632199, 0.006725524450739975, 0.18547464039711906]], "chi2_level": 0.99, "chi2_df": 3, "chi2_threshold": 11.344866730144373, "N_raw": 19, "N_roi": 19, "N_inlier": 18, "refit": true}
{"timestamp": "19:23:17.322691", "frame": 84, "mu": [1.9330491969755716, 4.404972651559059, 1.2432982544397135], "Sigma": [[0.011212326804704619, -0.0031515285303385892, -0.010432144871106577], [-0.0031515285303385897, 0.0025913600357610612, 0.0017477631050350098], [-0.010432144871106577, 0.0017477631050350098, 0.014000026265218134]], "chi2_level": 0.99, "chi2_df": 3, "chi2_threshold": 11.344866730144373, "N_raw": 11, "N_roi": 11, "N_inlier": 11, "refit": true}
{"timestamp": "19:23:17.487352", "frame": 87, "mu": [2.0300453329047747, 4.550624162749417, 1.4205170723336251], "Sigma": [[0.007332386963740486, -0.0026431316091608437, -0.004945490890806834], [-0.0026431316091608437, 0.003116884783474577, -0.00010973400460287407], [-0.004945490890806832, -0.00010973400460287418, 0.007902593740118568]], "chi2_level": 0.99, "chi2_df": 3, "chi2_threshold": 11.344866730144373, "N_raw": 12, "N_roi": 12, "N_inlier": 11, "refit": true}
{"timestamp": "19:23:18.093406", "frame": 98, "mu": [2.2137826727349896, 4.8461745946774135, 1.0929117352741802], "Sigma": [[0.012553274830901675, -0.00429743124327865, 0.001232031002168643], [-0.004297431243278649, 0.0036755653639111182, -0.0008640121796628074], [0.0012320310021686428, -0.0008640121796628074, 0.00021068874715372756]], "chi2_level": 0.99, "chi2_df": 3, "chi2_threshold": 11.344866730144373, "N_raw": 20, "N_roi": 17, "N_inlier": 16, "refit": true}
{"timestamp": "19:23:18.257199", "frame": 101, "mu": [2.2342337626634343, 4.868700434087937, 1.128531537927243], "Sigma": [[0.01483245219528729, -0.006835614040704711, -0.004061270147282061], [-0.006835614040704711, 0.004444033165342559, 5.994555966155413e-05], [-0.00406127014728206, 5.994555966155402e-05, 0.0062885933489819044]], "chi2_level": 0.99, "chi2_df": 3, "chi2_threshold": 11.344866730144373, "N_raw": 11, "N_roi": 11, "N_inlier": 11, "refit": true}
{"timestamp": "19:23:18.430043", "frame": 104, "mu": [2.2143882296795883, 4.855871228654012, 0.9117333266054061], "Sigma": [[0.025489981454296744, -0.008057701089292857, -0.007095250412548928], [-0.008057701089292857, 0.007813200012459326, 0.002093322962055891], [-0.007095250412548928, 0.002093322962055891, 0.004754269387045719]], "chi2_level": 0.99, "chi2_df": 3, "chi2_threshold": 11.344866730144373, "N_raw": 52, "N_roi": 37, "N_inlier": 36, "refit": true}
{"timestamp": "19:23:18.536514", "frame": 105, "mu": [2.3387547279770926, 4.936711251315146, 0.14071311890084193], "Sigma": [[0.013064118897076612, -0.002412939322462497, -0.0019008569486708752], [-0.002412939322462497, 0.0020646514884966856, 0.0010241293522008494], [-0.0019008569486708752, 0.0010241293522008494, 0.0007358752244887443]], "chi2_level": 0.99, "chi2_df": 3, "chi2_threshold": 11.344866730144373, "N_raw": 37, "N_roi": 12, "N_inlier": 12, "refit": true}
