{"timestamp": "20:18:56.058713", "frame": 44, "mu": [1.6047477606448661, 0.7425238017264729, 1.03352737807782], "Sigma": [[0.004682623118732072, -0.006414651571563153, 0.022975898890228556], [-0.006414651571563153, 0.012609330496882756, -0.045106899160148345], [0.022975898890228556, -0.045106899160148345, 0.16301947411378073]], "chi2_level": 0.95, "chi2_df": 3, "chi2_threshold": 7.814727903251179, "N_raw": 6, "N_roi": 6, "N_inlier": 6, "refit": true}
{"timestamp": "20:18:56.113411", "frame": 45, "mu": [1.565450843700082, 0.8344742490909707, 1.3319194222609179], "Sigma": [[0.0017244942645508402, -0.0001158821007100296, -0.004866042305267148], [-0.00011588210071002971, 0.0018663499075164075, 0.005753224520888887], [-0.004866042305267148, 0.005753224520888886, 0.03264154787492991]], "chi2_level": 0.95, "chi2_df": 3, "chi2_threshold": 7.814727903251179, "N_raw": 5, "N_roi": 5, "N_inlier": 5, "refit": true}
{"timestamp": "20:18:56.168061", "frame": 46, "mu": [1.5165275217029242, 0.9817351814481848, -0.5226856928833361], "Sigma": [[0.0024990405050473946, -0.0005585541943799455, -0.0028234539318067716], [-0.0005585541943799455, 0.0035828375199616876, 0.006347848962777009], [-0.0028234539318067716, 0.00634784896277701, 0.05620081351788903]], "chi2_level": 0.95, "chi2_df": 3, "chi2_threshold": 7.814727903251179, "N_raw": 5, "N_roi": 5, "N_inlier": 5, "refit": true}
{"timestamp": "20:18:56.278314", "frame": 48, "mu": [1.4467169991154383, 0.8396137786451747, 1.1225006420806165], "Sigma": [[0.000981729288815546, 0.00252523468560238, -0.0015742556992443383], [0.00252523468560238, 0.007813911467077132, -0.004709655119518158], [-0.0015742556992443383, -0.004709655119518158, 0.0028565271192237517]], "chi2_level": 0.95, "chi2_df": 3, "chi2_threshold": 7.814727903251179, "N_raw": 5, "N_roi": 5, "N_inlier": 5, "refit": true}
{"timestamp": "20:18:56.336122", "frame": 49, "mu": [1.3331983767579134, 1.0475304181728917, 1.3432521000943833], "Sigma": [[0.0052575254617752065, -0.0006158468566923019, 0.0036530439015078717], [-0.0006158468566923018, 0.00830823848055949, 0.0031854719086370845], [0.0036530439015078713, 0.003185471908637084, 0.004202233985644979]], "chi2_level": 0.95, "chi2_df": 3, "chi2_threshold": 7.814727903251179, "N_raw": 25, "N_roi": 25, "N_inlier": 23, "refit": true}
{"timestamp": "20:18:56.392154", "frame": 50, "mu": [1.2558769258421407, 1.1488933432042803, -0.5268829900607361], "Sigma": [[0.002092529627248622, -0.0012730391754884193, -0.00021362025499677514], [-0.0012730391754884193, 0.003168156786625679, -0.0003685095646512567], [-0.00021362025499677516, -0.00036850956465125673, 0.0001267760485291648]], "chi2_level": 0.95, "chi2_df": 3, "chi2_threshold": 7.814727903251179, "N_raw": 11, "N_roi": 11, "N_inlier": 10, "refit": true}
{"timestamp": "20:18:56.447486", "frame": 51, "mu": [1.2852327568110535, 1.338349116290448, -0.3577041476871144], "Sigma": [[0.0015833277361143171, -0.0011043151565288969, -0.004058035711020364], [-0.0011043151565288969, 0.002401056457807038, -0.0028688693602906337], [-0.004058035711020364, -0.0028688693602906337, 0.04084028222833498]], "chi2_level": 0.95, "chi2_df": 3, "chi2_threshold": 7.814727903251179, "N_raw": 18, "N_roi": 18, "N_inlier": 17, "refit": true}
{"timestamp": "20:18:56.504112", "frame": 52, "mu": [1.2135878867618595, 1.193312699495101, 1.266567191630277], "Sigma": [[0.0028140451276777658, 0.0024217736827433925, 0.002123810854733269], [0.0024217736827433925, 0.006727819418153503, 0.001006434514946056], [0.002123810854733269, 0.001006434514946056, 0.006153523045303029]], "chi2_level": 0.95, "chi2_df": 3, "chi2_threshold": 7.814727903251179, "N_raw": 30, "N_roi": 30, "N_inlier": 29, "refit": true}
{"timestamp": "20:18:56.557931", "frame": 53, "mu": [1.1912600110398028, 1.319361289435487, -0.6403173603599511], "Sigma": [[0.006968362122570002, 0.0014547362764498516, -0.012594530506443397], [0.0014547362764498516, 0.0036542307526190804, -0.0031228683295126355], [-0.012594530506443397, -0.003122868329512635, 0.02674529782731425]], "chi2_level": 0.95, "chi2_df": 3, "chi2_threshold": 7.814727903251179, "N_raw": 20, "N_roi": 20, "N_inlier": 18, "refit": true}
{"timestamp": "20:18:56.610212", "frame": 54, "mu": [1.1749701102667476, 1.2250259753086676, 0.98071491269073], "Sigma": [[0.00528432723872439, 0.002503813388555521, -0.01415242545602239], [0.002503813388555521, 0.007040934441379283, 0.0027101753629669417], [-0.014152425456022386, 0.0027101753629669456, 0.31514275043406365]], "chi2_level": 0.95, "chi2_df": 3, "chi2_threshold": 7.814727903251179, "N_raw": 8, "N_roi": 8, "N_inlier": 8, "refit": true}
{"timestamp": "20:18:56.665919", "frame": 55, "mu": [1.1421480369083419, 1.2448506911893595, 0.905995086609263], "Sigma": [[0.0062080957594066325, 0.003788083599684814, -0.017783909157671703], [0.003788083599684815, 0.0045154498280406755, -0.017816171314758253], [-0.017783909157671703, -0.017816171314758253, 0.2791454436348078]], "chi2_level": 0.95, "chi2_df": 3, "chi2_threshold": 7.814727903251179, "N_raw": 9, "N_roi": 9, "N_inlier": 8, "refit": true}
{"timestamp": "20:18:56.720268", "frame": 56, "mu": [1.0717038585607688, 1.335027400595523, 1.182017886016363], "Sigma": [[0.00293328673870322, -0.0015153405171386234, -0.009363702601379068], [-0.0015153405171386234, 0.010154734583173855, 0.01871498345302116], [-0.009363702601379066, 0.018714983453021156, 0.0620986930469679]], "chi2_level": 0.95, "chi2_df": 3, "chi2_threshold": 7.814727903251179, "N_raw": 6, "N_roi": 6, "N_inlier": 6, "refit": true}
{"timestamp": "20:18:56.776657", "frame": 57, "mu": [1.0713074175609925, 1.4954451825352446, -0.7255923443932513], "Sigma": [[0.005947127666894664, 0.004559531329116078, -0.02854208015476678], [0.0045595313291160785, 0.006293473430642567, -0.03483011896169202], [-0.02854208015476678, -0.03483011896169202, 0.20188783483377368]], "chi2_level": 0.95, "chi2_df": 3, "chi2_threshold": 7.814727903251179, "N_raw": 10, "N_roi": 10, "N_inlier": 9, "refit": true}
{"timestamp": "20:18:56.834791", "frame": 58, "mu": [0.9853850045734422, 1.539603792433999, -0.3359749355674647], "Sigma": [[0.0042287671045018295, 3.678102385813525e-05, -0.00040842881818554597], [3.6781023858135464e-05, 0.007509182056030397, 0.00500381322988411], [-0.00040842881818554597, 0.00500381322988411, 0.004898309655402641]], "chi2_level": 0.95, "chi2_df": 3, "chi2_threshold": 7.814727903251179, "N_raw": 45, "N_roi": 45, "N_inlier": 43, "refit": true}
{"timestamp": "20:18:56.889629", "frame": 59, "mu": [0.9835089391507758, 1.4942440012480822, 1.4222167544636244], "Sigma": [[0.003919178630353685, 0.000955762522582435, 0.00302226484229582], [0.0009557625225824349, 0.011251773021334475, 0.01015144553921718], [0.00302226484229582, 0.01015144553921718, 0.01158698732749829]], "chi2_level": 0.95, "chi2_df": 3, "chi2_threshold": 7.814727903251179, "N_raw": 37, "N_roi": 37, "N_inlier": 35, "refit": true}
{"timestamp": "20:18:56.943328", "frame": 60, "mu": [0.9681240814900726, 1.418066441498124, 1.213063004056336], "Sigma": [[0.004302292100956389, -0.0013026301343956315, -0.0018190737349470984], [-0.0013026301343956317, 0.004438212666848102, 0.0011114818430173843], [-0.0018190737349470984, 0.0011114818430173843, 0.0012251604638510915]], "chi2_level": 0.95, "chi2_df": 3, "chi2_threshold": 7.814727903251179, "N_raw": 32, "N_roi": 32, "N_inlier": 31, "refit": true}
{"timestamp": "20:18:57.000141", "frame": 61, "mu": [0.9444539290001511, 1.4807204783443997, 1.293516410905558], "Sigma": [[0.006388540088226611, -0.001976800759347137, -0.001937456322187209], [-0.001976800759347137, 0.003163799007938084, -0.0006281947300761542], [-0.001937456322187209, -0.0006281947300761542, 0.0017681364422971661]], "chi2_level": 0.95, "chi2_df": 3, "chi2_threshold": 7.814727903251179, "N_raw": 43, "N_roi": 41, "N_inlier": 40, "refit": true}
{"timestamp": "20:18:57.054163", "frame": 62, "mu": [0.9075596904223329, 1.5269465265927133, 1.3498036217310738], "Sigma": [[0.0032399967649032113, 0.0005615222627513766, 0.000927250296420083], [0.0005615222627513766, 0.006164363007924326, 0.002009892156139672], [0.000927250296420083, 0.002009892156139672, 0.0034099980441212384]], "chi2_level": 0.95, "chi2_df": 3, "chi2_threshold": 7.814727903251179, "N_raw": 31, "N_roi": 31, "N_inlier": 28, "refit": true}
{"timestamp": "20:18:57.105763", "frame": 63, "mu": [0.8500493702732822, 1.6188377470306894, 0.910231326924548], "Sigma": [[0.0036370344981207794, 0.002638148107754505, 0.024970400802954953], [0.002638148107754505, 0.014135240700687871, -0.005962520944552385], [0.024970400802954953, -0.005962520944552383, 0.31244078434183686]], "chi2_level": 0.95, "chi2_df": 3, "chi2_threshold": 7.814727903251179, "N_raw": 10, "N_roi": 10, "N_inlier": 9, "refit": true}
{"timestamp": "20:18:57.165276", "frame": 64, "mu": [0.8149203393201605, 1.6249300432635168, 1.3161484328907285], "Sigma": [[0.004306083453762756, -0.0011366585327288858, 0.0012585225201173986], [-0.0011366585327288858, 0.009291809221195187, 0.009444721902563534], [0.0012585225201173984, 0.009444721902563536, 0.014438027585903521]], "chi2_level": 0.95, "chi2_df": 3, "chi2_threshold": 7.814727903251179, "N_raw": 37, "N_roi": 37, "N_inlier": 34, "refit": true}
{"timestamp": "20:18:57.218500", "frame": 65, "mu": [0.7369564744094439, 1.5902138126482046, 1.1765245821237538], "Sigma": [[0.0034083261907387353, -0.0005597778411239088, -0.0003904655243185473], [-0.0005597778411239088, 0.0007384904674699986, -0.0009744796006938456], [-0.0003904655243185473, -0.0009744796006938456, 0.00566624501450469]], "chi2_level": 0.95, "chi2_df": 3, "chi2_threshold": 7.814727903251179, "N_raw": 27, "N_roi": 27, "N_inlier": 23, "refit": true}
{"timestamp": "20:18:57.277359", "frame": 66, "mu": [0.7534295303782496, 1.6809321123942351, 1.2156892227775955], "Sigma": [[0.0053641375681721245, 0.0006922098557210531, -8.408313388383471e-05], [0.0006922098557210531, 0.008695537467125437, 0.001961030892429924], [-8.408313388383467e-05, 0.001961030892429924, 0.0016557391809997604]], "chi2_level": 0.95, "chi2_df": 3, "chi2_threshold": 7.814727903251179, "N_raw": 56, "N_roi": 56, "N_inlier": 51, "refit": true}
{"timestamp": "20:18:57.327841", "frame": 67, "mu": [0.6814634640638291, 1.7222262869371527, 1.0837775103074059], "Sigma": [[0.005841713699285392, 0.005826573458730814, 0.014463848123845003], [0.005826573458730814, 0.015374506999437395, 0.0017183731559157677], [0.014463848123845003, 0.0017183731559157686, 0.18140339863833416]], "chi2_level": 0.95, "chi2_df": 3, "chi2_threshold": 7.814727903251179, "N_raw": 19, "N_roi": 19, "N_inlier": 18, "refit": true}
{"timestamp": "20:18:57.389152", "frame": 68, "mu": [0.7270683941589611, 1.791529898975055, 1.2054450053348125], "Sigma": [[0.012742502391598317, 0.0016099740218652736, -0.015295909053951739], [0.0016099740218652736, 0.004707700432584874, 0.0022378850278723917], [-0.015295909053951739, 0.0022378850278723912, 0.09352128625387847]], "chi2_level": 0.95, "chi2_df": 3, "chi2_threshold": 7.814727903251179, "N_raw": 66, "N_roi": 66, "N_inlier": 63, "refit": true}
{"timestamp": "20:18:57.444600", "frame": 69, "mu": [0.6271800276400591, 1.8139911127530328, 0.9391769832941159], "Sigma": [[0.010146715078488659, -0.0003513017715429351, -0.018148549135667436], [-0.00035130177154293516, 0.004639046716082606, -0.005632672918628881], [-0.018148549135667436, -0.0056326729186288805, 0.05898041281083797]], "chi2_level": 0.95, "chi2_df": 3, "chi2_threshold": 7.814727903251179, "N_raw": 67, "N_roi": 67, "N_inlier": 63, "refit": true}
{"timestamp": "20:18:57.494481", "frame": 70, "mu": [0.6288685090352383, 1.8394170652280664, 0.8114253966848972], "Sigma": [[0.013901364746622069, 0.0031672599461181733, -0.05362085602045019], [0.0031672599461181738, 0.003190225597599654, -0.007621391796011221], [-0.053620856020450185, -0.00762139179601122, 0.2919436508218491]], "chi2_level": 0.95, "chi2_df": 3, "chi2_threshold": 7.814727903251179, "N_raw": 28, "N_roi": 28, "N_inlier": 27, "refit": true}
{"timestamp": "20:18:57.547101", "frame": 71, "mu": [0.634767217327178, 1.941636703495512, 0.46024683365150565], "Sigma": [[0.010002110481771647, 0.004126736745750422, -0.029257017948177522], [0.004126736745750422, 0.0046194910983360085, -0.01990046866129462], [-0.029257017948177522, -0.019900468661294617, 0.11677411533787906]], "chi2_level": 0.95, "chi2_df": 3, "chi2_threshold": 7.814727903251179, "N_raw": 23, "N_roi": 21, "N_inlier": 20, "refit": true}
{"timestamp": "20:18:57.606250", "frame": 72, "mu": [0.45549886245319543, 1.9760031981982331, 1.285973881710323], "Sigma": [[0.007144564495202063, 0.0008872111622297905, -0.0007467082086653477], [0.0008872111622297905, 0.0038200955179587552, 0.0034174398073949707], [-0.0007467082086653474, 0.0034174398073949703, 0.028644897215525676]], "chi2_level": 0.95, "chi2_df": 3, "chi2_threshold": 7.814727903251179, "N_raw": 44, "N_roi": 44, "N_inlier": 41, "refit": true}
{"timestamp": "20:18:57.665460", "frame": 73, "mu": [0.4509885747099323, 2.006743762937701, 1.1091316078546878], "Sigma": [[0.006336919034597281, 0.0003736225942927597, -0.0012956725097429918], [0.00037362259429275964, 0.0011232639051540884, -0.002738980429094492], [-0.0012956725097429916, -0.002738980429094492, 0.02365207536084823]], "chi2_level": 0.95, "chi2_df": 3, "chi2_threshold": 7.814727903251179, "N_raw": 51, "N_roi": 51, "N_inlier": 47, "refit": true}
{"timestamp": "20:18:57.723244", "frame": 74, "mu": [0.36038185170939074, 2.0167541362387587, 1.2040499246441028], "Sigma": [[0.008750964962589092, 0.00025135096118189624, -0.0045840759048742475], [0.0002513509611818963, 0.005301238835953921, -0.0057178640458847695], [-0.0045840759048742475, -0.00571786404588477, 0.015546742282697012]], "chi2_level": 0.95, "chi2_df": 3, "chi2_threshold": 7.814727903251179, "N_raw": 93, "N_roi": 93, "N_inlier": 89, "refit": true}
{"timestamp": "20:18:57.774133", "frame": 75, "mu": [0.2949859943974563, 2.0444773057674293, 1.2788752228134697], "Sigma": [[0.00789114682432534, 0.00012719796460765242, -0.004207994837874726], [0.00012719796460765228, 0.004806163151719004, -0.0019292782264632268], [-0.004207994837874726, -0.001929278226463227, 0.004459527911024458]], "chi2_level": 0.95, "chi2_df": 3, "chi2_threshold": 7.814727903251179, "N_raw": 63, "N_roi": 63, "N_inlier": 59, "refit": true}
{"timestamp": "20:18:57.830501", "frame": 76, "mu": [0.2894726490248022, 2.2864792434887553, -0.19641844051229362], "Sigma": [[0.008642905867862172, 0.0034240586732590733, -0.002559985129700744], [0.003424058673259074, 0.006676237495407837, -0.006114486902760046], [-0.0025599851297007444, -0.006114486902760046, 0.01232630847374438]], "chi2_level": 0.95, "chi2_df": 3, "chi2_threshold": 7.814727903251179, "N_raw": 71, "N_roi": 69, "N_inlier": 64, "refit": true}
{"timestamp": "20:18:57.886624", "frame": 77, "mu": [0.24991164200359633, 2.160235422797693, 1.1049030166569482], "Sigma": [[0.00799662910323415, -0.0005132323687786994, -0.006441884665624091], [-0.0005132323687786993, 0.002114150138635226, -0.005391697701275094], [-0.00644188466562409, -0.005391697701275094, 0.12342345677878366]], "chi2_level": 0.95, "chi2_df": 3, "chi2_threshold": 7.814727903251179, "N_raw": 74, "N_roi": 74, "N_inlier": 69, "refit": true}
{"timestamp": "20:18:57.944848", "frame": 78, "mu": [0.21108594025418084, 2.2036168480421594, 0.827221465958083], "Sigma": [[0.011529847685474347, -0.0038463934535060973, 0.0009494992262545484], [-0.003846393453506098, 0.004832676542853342, 0.014300260234274125], [0.0009494992262545493, 0.014300260234274125, 0.33842207740618374]], "chi2_level": 0.95, "chi2_df": 3, "chi2_threshold": 7.814727903251179, "N_raw": 82, "N_roi": 82, "N_inlier": 78, "refit": true}
{"timestamp": "20:18:57.993978", "frame": 79, "mu": [0.16433460610751094, 2.2588039450536606, 1.237842518189415], "Sigma": [[0.006270775790896479, 0.00016138595723920506, -0.00021418160350755158], [0.000161385957239205, 0.004589131516663403, -0.0010533401739939892], [-0.00021418160350755136, -0.001053340173993989, 0.03187325032195201]], "chi2_level": 0.95, "chi2_df": 3, "chi2_threshold": 7.814727903251179, "N_raw": 59, "N_roi": 59, "N_inlier": 54, "refit": true}
{"timestamp": "20:18:58.054146", "frame": 80, "mu": [0.16199988831666368, 2.3254068457491104, 0.8245256282563652], "Sigma": [[0.009091064941602616, -0.0009753495571072203, 0.0032986299508915504], [-0.0009753495571072204, 0.00299567211003111, 0.009032675140374837], [0.0032986299508915517, 0.009032675140374837, 0.4521218309980609]], "chi2_level": 0.95, "chi2_df": 3, "chi2_threshold": 7.814727903251179, "N_raw": 93, "N_roi": 93, "N_inlier": 89, "refit": true}
{"timestamp": "20:18:58.109052", "frame": 81, "mu": [0.11804227167377292, 2.3263670344979643, 0.803023968579828], "Sigma": [[0.013173846311906086, 0.0010793633036809257, 0.01655236060537489], [0.0010793633036809257, 0.006223420056889609, 0.036394631813310395], [0.016552360605374895, 0.03639463181331039, 0.5597933715184815]], "chi2_level": 0.95, "chi2_df": 3, "chi2_threshold": 7.814727903251179, "N_raw": 86, "N_roi": 86, "N_inlier": 84, "refit": true}
{"timestamp": "20:18:58.163826", "frame": 82, "mu": [0.07672767523121424, 2.4014422832043145, 1.0601360956164312], "Sigma": [[0.008201520768829318, 0.0009895687392514414, -0.0038461620697088092], [0.0009895687392514414, 0.007115356567522833, -0.02071813974948134], [-0.0038461620697088084, -0.02071813974948134, 0.18439268571152817]], "chi2_level": 0.95, "chi2_df": 3, "chi2_threshold": 7.814727903251179, "N_raw": 91, "N_roi": 91, "N_inlier": 89, "refit": true}
{"timestamp": "20:18:58.219649", "frame": 83, "mu": [0.045305073312864014, 2.447370823255442, 1.1476343056918608], "Sigma": [[0.010107883488188122, 0.0016023454349100264, -0.003893619166475253], [0.0016023454349100262, 0.00873458041216846, -0.013673101870449596], [-0.003893619166475253, -0.013673101870449596, 0.16361973185581988]], "chi2_level": 0.95, "chi2_df": 3, "chi2_threshold": 7.814727903251179, "N_raw": 94, "N_roi": 94, "N_inlier": 92, "refit": true}
{"timestamp": "20:18:58.270899", "frame": 84, "mu": [0.04627798367522799, 2.583614482710799, 1.3149450798661004], "Sigma": [[0.010428999591956218, -0.0018951490398693668, 0.017257761355070123], [-0.0018951490398693668, 0.0029239877383716523, -0.006560715720327764], [0.01725776135507012, -0.006560715720327764, 0.11544371169780453]], "chi2_level": 0.95, "chi2_df": 3, "chi2_threshold": 7.814727903251179, "N_raw": 54, "N_roi": 54, "N_inlier": 48, "refit": true}
{"timestamp": "20:18:58.316296", "frame": 85, "mu": [-0.012611925624459272, 2.8005738405019565, -0.7668630990010369], "Sigma": [[0.004067695629768254, -0.004062700069765366, 0.005607058940669013], [-0.004062700069765365, 0.03419298361578228, -0.116908012687857], [0.005607058940669015, -0.11690801268785703, 0.46923212180571705]], "chi2_level": 0.95, "chi2_df": 3, "chi2_threshold": 7.814727903251179, "N_raw": 9, "N_roi": 9, "N_inlier": 9, "refit": true}
{"timestamp": "20:18:58.370926", "frame": 86, "mu": [-0.10072846577413654, 2.5187909742447228, 0.870874999066919], "Sigma": [[0.003296345167936199, -0.0011893194269360443, 0.017624027605397684], [-0.0011893194269360446, 0.0019135332824857844, 0.00108719299907126], [0.017624027605397684, 0.0010871929990712618, 0.4673168540469101]], "chi2_level": 0.95, "chi2_df": 3, "chi2_threshold": 7.814727903251179, "N_raw": 14, "N_roi": 14, "N_inlier": 13, "refit": true}
{"timestamp": "20:18:58.432882", "frame": 87, "mu": [-0.06067053614938115, 2.7443816336249753, -0.1253986356782306], "Sigma": [[0.009932915566460063, 0.00037967134494883045, -0.006058793768452006], [0.0003796713449488304, 0.004716667902370772, -0.00727223139503839], [-0.006058793768452005, -0.007272231395038389, 0.015630598743826944]], "chi2_level": 0.95, "chi2_df": 3, "chi2_threshold": 7.814727903251179, "N_raw": 56, "N_roi": 56, "N_inlier": 52, "refit": true}
{"timestamp": "20:18:58.487781", "frame": 88, "mu": [-0.07631601271767405, 2.674246701984628, 1.279317654460207], "Sigma": [[0.0106953818843462, 0.0017648892983703095, -0.023108974906406322], [0.0017648892983703095, 0.002644815881802374, -0.002973758874954909], [-0.023108974906406322, -0.0029737588749549084, 0.11045106468874225]], "chi2_level": 0.95, "chi2_df": 3, "chi2_threshold": 7.814727903251179, "N_raw": 54, "N_roi": 53, "N_inlier": 48, "refit": true}
{"timestamp": "20:18:58.543757", "frame": 89, "mu": [-0.08125450818569327, 2.9030052203706616, -0.45039738836414783], "Sigma": [[0.02031009357758052, 0.004345834900974244, -0.03546720698898036], [0.004345834900974244, 0.00418714850480376, -0.011818046236412697], [-0.03546720698898036, -0.011818046236412697, 0.09544409595006997]], "chi2_level": 0.95, "chi2_df": 3, "chi2_threshold": 7.814727903251179, "N_raw": 57, "N_roi": 57, "N_inlier": 53, "refit": true}
{"timestamp": "20:18:58.601383", "frame": 90, "mu": [-0.13419747625138775, 3.100963161613261, -1.1267072158631852], "Sigma": [[0.0306766394026129, -0.011484000071662729, 0.0326243931322923], [-0.011484000071662729, 0.008459211284205145, -0.021892680889942104], [0.03262439313229229, -0.021892680889942104, 0.10363395501422018]], "chi2_level": 0.95, "chi2_df": 3, "chi2_threshold": 7.814727903251179, "N_raw": 72, "N_roi": 72, "N_inlier": 69, "refit": true}
{"timestamp": "20:18:58.654752", "frame": 91, "mu": [-0.2310436631162134, 2.8004946274350715, 1.1218517459756299], "Sigma": [[0.01299836473492499, 0.001415725983246469, -0.010127005140283465], [0.0014157259832464691, 0.0019195428866688139, -0.005842365798369212], [-0.010127005140283465, -0.005842365798369212, 0.03426313168688278]], "chi2_level": 0.95, "chi2_df": 3, "chi2_threshold": 7.814727903251179, "N_raw": 63, "N_roi": 63, "N_inlier": 58, "refit": true}
{"timestamp": "20:18:58.706577", "frame": 92, "mu": [-0.3721853475452346, 2.809755777920776, 1.231478170450993], "Sigma": [[0.01047683743845247, 0.0009757125415438309, -0.008523387478761173], [0.0009757125415438308, 0.0031666177251157054, -0.004971546336376805], [-0.008523387478761172, -0.004971546336376805, 0.029905525663962457]], "chi2_level": 0.95, "chi2_df": 3, "chi2_threshold": 7.814727903251179, "N_raw": 48, "N_roi": 48, "N_inlier": 45, "refit": true}
{"timestamp": "20:18:58.764484", "frame": 93, "mu": [-0.3530919169101755, 2.819338854320085, 1.1826333193712322], "Sigma": [[0.020132678235689316, 0.005387377134549782, -0.018550090676200164], [0.005387377134549783, 0.0037016507370524476, -0.008427823557425693], [-0.018550090676200164, -0.008427823557425693, 0.032805586836702656]], "chi2_level": 0.95, "chi2_df": 3, "chi2_threshold": 7.814727903251179, "N_raw": 66, "N_roi": 66, "N_inlier": 62, "refit": true}
{"timestamp": "20:18:58.823019", "frame": 94, "mu": [-0.4555140552407429, 3.0205925866218255, -0.06081311839317137], "Sigma": [[0.013569691950222881, -0.0029547138590753355, 0.026136774566321706], [-0.002954713859075336, 0.026773572479183737, -0.08283264896330148], [0.026136774566321706, -0.08283264896330148, 0.3451912159183337]], "chi2_level": 0.95, "chi2_df": 3, "chi2_threshold": 7.814727903251179, "N_raw": 90, "N_roi": 90, "N_inlier": 89, "refit": true}
{"timestamp": "20:18:58.876125", "frame": 95, "mu": [-0.4615041794446063, 2.884004355984684, 1.2033153833554082], "Sigma": [[0.019563212837228318, 0.0017831773329674877, -0.016192489937761366], [0.0017831773329674882, 0.004494150715023582, -0.006680066303914796], [-0.016192489937761366, -0.0066800663039147945, 0.02665993597100512]], "chi2_level": 0.95, "chi2_df": 3, "chi2_threshold": 7.814727903251179, "N_raw": 78, "N_roi": 78, "N_inlier": 73, "refit": true}
{"timestamp": "20:18:58.928538", "frame": 96, "mu": [-0.48827573472091, 3.016279723629012, -0.13531959539760002], "Sigma": [[0.016612494681145874, 0.006331895820831696, 0.02948445037609292], [0.006331895820831696, 0.010133733420667946, 0.010079661118300751], [0.02948445037609292, 0.010079661118300751, 0.11670707887447387]], "chi2_level": 0.95, "chi2_df": 3, "chi2_threshold": 7.814727903251179, "N_raw": 64, "N_roi": 64, "N_inlier": 62, "refit": true}
{"timestamp": "20:18:58.983401", "frame": 97, "mu": [-0.5438582049106058, 2.962365866176176, 1.3232759804788112], "Sigma": [[0.014064167443091502, 0.0003773556352899794, -0.008028889144833818], [0.00037735563528997943, 0.003951980104471264, 0.0016406628216619446], [-0.008028889144833818, 0.0016406628216619446, 0.057620991020279205]], "chi2_level": 0.95, "chi2_df": 3, "chi2_threshold": 7.814727903251179, "N_raw": 63, "N_roi": 63, "N_inlier": 60, "refit": true}
{"timestamp": "20:18:59.035962", "frame": 98, "mu": [-0.5620599595440203, 3.098452181284799, 0.032293408874089394], "Sigma": [[0.013526473504411681, 0.006617677661680931, 0.01261169515215637], [0.006617677661680931, 0.00691970490216517, 0.005630625267283938], [0.01261169515215637, 0.005630625267283938, 0.07019529932116572]], "chi2_level": 0.95, "chi2_df": 3, "chi2_threshold": 7.814727903251179, "N_raw": 41, "N_roi": 41, "N_inlier": 37, "refit": true}
{"timestamp": "20:18:59.092961", "frame": 99, "mu": [-0.5870232691402675, 3.078515757016743, 1.0747358523080788], "Sigma": [[0.014584154733789436, 0.002587699244315227, -0.0005707332752487439], [0.002587699244315227, 0.002261172453641844, -0.005197318391365606], [-0.0005707332752487439, -0.005197318391365606, 0.025403562303877077]], "chi2_level": 0.95, "chi2_df": 3, "chi2_threshold": 7.814727903251179, "N_raw": 59, "N_roi": 59, "N_inlier": 55, "refit": true}
{"timestamp": "20:18:59.201554", "frame": 100, "mu": [-0.6029088107253471, 2.5665689456106806, 0.34255624053157274], "Sigma": [[0.014345725309539316, 0.012784522210283006, -0.03193894726992742], [0.012784522210283006, 0.8961175117285086, 1.0779839948860699], [-0.03193894726992742, 1.0779839948860697, 1.4750024843367533]], "chi2_level": 0.95, "chi2_df": 3, "chi2_threshold": 7.814727903251179, "N_raw": 10, "N_roi": 10, "N_inlier": 9, "refit": true}
{"timestamp": "20:18:59.233030", "frame": 101, "mu": [-0.6097117127038747, 3.166818748560042, 1.0984811988437457], "Sigma": [[0.02152795495861165, 0.007639598096805554, -0.03443096651896427], [0.007639598096805554, 0.007908329995882368, -0.014567597630660534], [-0.03443096651896427, -0.014567597630660532, 0.07931042214835712]], "chi2_level": 0.95, "chi2_df": 3, "chi2_threshold": 7.814727903251179, "N_raw": 49, "N_roi": 48, "N_inlier": 43, "refit": true}
{"timestamp": "20:18:59.264113", "frame": 102, "mu": [-0.723763150065774, 3.207805041815317, 1.405182908903111], "Sigma": [[0.012678473023352158, 0.0011603303862093794, -0.005431033313355694], [0.0011603303862093791, 0.003786111350076494, -0.00026065993105139885], [-0.005431033313355694, -0.00026065993105139874, 0.006297179358269715]], "chi2_level": 0.95, "chi2_df": 3, "chi2_threshold": 7.814727903251179, "N_raw": 42, "N_roi": 42, "N_inlier": 40, "refit": true}
{"timestamp": "20:18:59.317108", "frame": 103, "mu": [-0.7356521861566867, 3.29927115266517, 1.2684071416432618], "Sigma": [[0.01510673414911935, 0.004036203542329709, -0.009133931737483161], [0.004036203542329709, 0.011231299344495916, -0.014532252039424164], [-0.009133931737483161, -0.014532252039424164, 0.03165480529283312]], "chi2_level": 0.95, "chi2_df": 3, "chi2_threshold": 7.814727903251179, "N_raw": 90, "N_roi": 86, "N_inlier": 86, "refit": true}
{"timestamp": "20:18:59.370881", "frame": 104, "mu": [-0.7861122798814114, 3.3679576885211895, 0.1397220844994621], "Sigma": [[0.017801513315882506, 0.003912174881971154, -0.009953821145355566], [0.003912174881971154, 0.009295645893854716, -0.008790800927073829], [-0.009953821145355566, -0.008790800927073829, 0.013908454261925876]], "chi2_level": 0.95, "chi2_df": 3, "chi2_threshold": 7.814727903251179, "N_raw": 73, "N_roi": 73, "N_inlier": 69, "refit": true}
{"timestamp": "20:18:59.425999", "frame": 105, "mu": [-0.7889678674202272, 3.319768638826542, 1.2732443675956246], "Sigma": [[0.016176264376258923, 0.0017997011149646334, -0.007247967003222375], [0.0017997011149646334, 0.008095926097211192, -0.008556948810633963], [-0.007247967003222375, -0.008556948810633963, 0.029222070312712026]], "chi2_level": 0.95, "chi2_df": 3, "chi2_threshold": 7.814727903251179, "N_raw": 77, "N_roi": 77, "N_inlier": 72, "refit": true}
{"timestamp": "20:18:59.474907", "frame": 106, "mu": [-0.8292812776898698, 3.489799100784514, 0.06823382325232832], "Sigma": [[0.007509073772562408, -0.0015887666555611524, 0.0020345339597258633], [-0.0015887666555611522, 0.02901056051234792, -0.06350845300067416], [0.0020345339597258624, -0.06350845300067416, 0.1630568570080706]], "chi2_level": 0.95, "chi2_df": 3, "chi2_threshold": 7.814727903251179, "N_raw": 38, "N_roi": 38, "N_inlier": 38, "refit": true}
{"timestamp": "20:18:59.530438", "frame": 107, "mu": [-0.8779634247995476, 3.4142644708189196, 1.1033527139439003], "Sigma": [[0.010301574416269908, -0.003012262286195523, 0.018929223339670252], [-0.003012262286195523, 0.0077223606287992195, -0.031168937069631523], [0.018929223339670252, -0.031168937069631523, 0.17685461217339418]], "chi2_level": 0.95, "chi2_df": 3, "chi2_threshold": 7.814727903251179, "N_raw": 30, "N_roi": 30, "N_inlier": 28, "refit": true}
{"timestamp": "20:18:59.586337", "frame": 108, "mu": [-0.8150152864089412, 3.4962892441365723, 0.5565614996854967], "Sigma": [[0.01459219888564363, -0.00017640286775814733, -0.008967366051134393], [-0.000176402867758147, 0.001592724126509148, -0.009694900593404256], [-0.008967366051134396, -0.009694900593404256, 0.19861396666371958]], "chi2_level": 0.95, "chi2_df": 3, "chi2_threshold": 7.814727903251179, "N_raw": 41, "N_roi": 21, "N_inlier": 20, "refit": true}
{"timestamp": "20:18:59.636437", "frame": 109, "mu": [-0.9342427432959095, 3.7661072705523044, -0.44390658696779894], "Sigma": [[0.006700630580556611, -0.0048307228784687, 0.009313208275109942], [-0.0048307228784687, 0.042214566161293314, -0.068333599180521], [0.009313208275109942, -0.068333599180521, 0.12561107341988326]], "chi2_level": 0.95, "chi2_df": 3, "chi2_threshold": 7.814727903251179, "N_raw": 12, "N_roi": 12, "N_inlier": 12, "refit": true}
{"timestamp": "20:18:59.697968", "frame": 110, "mu": [-0.9311378312102018, 3.526513909071086, 1.102767022253774], "Sigma": [[0.013233719173475418, 0.0032820557096913134, -0.018916674183520926], [0.0032820557096913125, 0.003188525110458049, -0.012190175156353969], [-0.018916674183520922, -0.012190175156353969, 0.07507157956168937]], "chi2_level": 0.95, "chi2_df": 3, "chi2_threshold": 7.814727903251179, "N_raw": 55, "N_roi": 55, "N_inlier": 52, "refit": true}
{"timestamp": "20:18:59.755794", "frame": 111, "mu": [-0.9391569928777872, 3.721588752265446, -0.04621612513411227], "Sigma": [[0.02108632813145071, 0.013511483217005812, -0.037785861300606204], [0.013511483217005812, 0.018498870929927518, -0.042012570069333635], [-0.037785861300606204, -0.042012570069333635, 0.1113923632611086]], "chi2_level": 0.95, "chi2_df": 3, "chi2_threshold": 7.814727903251179, "N_raw": 76, "N_roi": 76, "N_inlier": 75, "refit": true}
{"timestamp": "20:18:59.806710", "frame": 112, "mu": [-0.9599216702160821, 3.663505459494802, 1.0212714457301812], "Sigma": [[0.01765051758171901, 0.002389073176740363, -0.020021178027395718], [0.0023890731767403635, 0.0011340442319117403, -0.004528422137106854], [-0.020021178027395718, -0.004528422137106854, 0.04498009584673144]], "chi2_level": 0.95, "chi2_df": 3, "chi2_threshold": 7.814727903251179, "N_raw": 40, "N_roi": 39, "N_inlier": 37, "refit": true}
{"timestamp": "20:18:59.860030", "frame": 113, "mu": [-1.0098142538667199, 3.6960048728400823, 0.8702796644806241], "Sigma": [[0.0116242792121235, 3.1368832635278205e-05, -0.010511380947225923], [3.136883263527811e-05, 0.0013487549857800973, -0.002928230512679033], [-0.010511380947225923, -0.0029282305126790333, 0.023141955323161094]], "chi2_level": 0.95, "chi2_df": 3, "chi2_threshold": 7.814727903251179, "N_raw": 35, "N_roi": 35, "N_inlier": 33, "refit": true}
{"timestamp": "20:18:59.910673", "frame": 114, "mu": [-1.006025374288188, 3.7333710474504116, 1.0077406589948326], "Sigma": [[0.0020399628400393976, 0.00221771365941027, -0.011583843991201959], [0.00221771365941027, 0.0025289099617494893, -0.012241289412518935], [-0.01158384399120196, -0.012241289412518933, 0.08552021518011307]], "chi2_level": 0.95, "chi2_df": 3, "chi2_threshold": 7.814727903251179, "N_raw": 10, "N_roi": 6, "N_inlier": 6, "refit": true}
{"timestamp": "20:18:59.966912", "frame": 115, "mu": [-1.0614209443771008, 3.774723469570885, 0.9787257193637307], "Sigma": [[0.014297743807140523, 0.008483262507486196, -0.015613725074371785], [0.008483262507486196, 0.0066742602407307925, -0.010184771066038127], [-0.015613725074371785, -0.010184771066038127, 0.019360292909508317]], "chi2_level": 0.95, "chi2_df": 3, "chi2_threshold": 7.814727903251179, "N_raw": 15, "N_roi": 15, "N_inlier": 14, "refit": true}
{"timestamp": "20:19:00.024830", "frame": 116, "mu": [-1.2339633834262045, 3.779400187267068, 0.23776489335731266], "Sigma": [[0.01482868220247834, 0.0064729515879571355, -0.010390220225472306], [0.0064729515879571355, 0.006479320227087246, -0.009235105664703154], [-0.010390220225472306, -0.009235105664703154, 0.015361268798443302]], "chi2_level": 0.95, "chi2_df": 3, "chi2_threshold": 7.814727903251179, "N_raw": 36, "N_roi": 36, "N_inlier": 33, "refit": true}
{"timestamp": "20:19:00.076723", "frame": 117, "mu": [-1.2036092994171015, 3.7977478314909856, 1.1379883315822532], "Sigma": [[0.009065143364126225, 0.0016093404831582295, -0.004841482556360034], [0.0016093404831582297, 0.0013164070382775592, -0.002504784931037883], [-0.004841482556360034, -0.002504784931037883, 0.007898744661066713]], "chi2_level": 0.95, "chi2_df": 3, "chi2_threshold": 7.814727903251179, "N_raw": 22, "N_roi": 22, "N_inlier": 20, "refit": true}
{"timestamp": "20:19:00.132071", "frame": 118, "mu": [-1.3300627564846357, 3.8271917746642448, 1.216825715144449], "Sigma": [[0.007590579993688493, 0.0008267946901164039, 0.0015197904537374986], [0.000826794690116404, 0.006823739424487538, -0.020896180770147574], [0.0015197904537374986, -0.020896180770147574, 0.0858254469864917]], "chi2_level": 0.95, "chi2_df": 3, "chi2_threshold": 7.814727903251179, "N_raw": 23, "N_roi": 23, "N_inlier": 22, "refit": true}
{"timestamp": "20:19:00.184737", "frame": 119, "mu": [-1.2934755416836543, 3.882914421722585, 1.2820383097632497], "Sigma": [[0.0032305650034722164, 0.0036373761605035374, -0.007606114701256026], [0.0036373761605035374, 0.005512157398026736, -0.009826971960800244], [-0.007606114701256026, -0.009826971960800245, 0.04166034970205559]], "chi2_level": 0.95, "chi2_df": 3, "chi2_threshold": 7.814727903251179, "N_raw": 7, "N_roi": 5, "N_inlier": 5, "refit": true}
{"timestamp": "20:19:00.244063", "frame": 120, "mu": [-1.36103507206812, 3.8758757475499284, 1.2692898790291], "Sigma": [[0.014057158958653991, 0.0058924000738465755, -0.013154829435036389], [0.0058924000738465755, 0.005252564083711195, -0.008486088857174647], [-0.013154829435036389, -0.008486088857174647, 0.03410999719569349]], "chi2_level": 0.95, "chi2_df": 3, "chi2_threshold": 7.814727903251179, "N_raw": 34, "N_roi": 34, "N_inlier": 31, "refit": true}
{"timestamp": "20:19:00.296423", "frame": 121, "mu": [-1.3910219826597658, 3.897779830109435, 1.2136665869212402], "Sigma": [[0.008098816746577373, 0.0026532660814797956, -0.02235820409140692], [0.0026532660814797956, 0.001916027869265597, -0.01203997989148862], [-0.02235820409140692, -0.012039979891488618, 0.13862144471205803]], "chi2_level": 0.95, "chi2_df": 3, "chi2_threshold": 7.814727903251179, "N_raw": 12, "N_roi": 12, "N_inlier": 12, "refit": true}
{"timestamp": "20:19:00.355166", "frame": 122, "mu": [-1.4521780729334075, 3.963652715861286, 1.3170472117105751], "Sigma": [[0.01753133005670886, 0.004257312774900084, -0.011005542363302655], [0.004257312774900084, 0.004627442798964676, -0.006196310803027873], [-0.011005542363302655, -0.006196310803027873, 0.015274957273145163]], "chi2_level": 0.95, "chi2_df": 3, "chi2_threshold": 7.814727903251179, "N_raw": 41, "N_roi": 40, "N_inlier": 39, "refit": true}
{"timestamp": "20:19:00.407381", "frame": 123, "mu": [-1.5155321516865032, 3.990719602983696, 1.3083571049258331], "Sigma": [[0.01635683080789639, 0.004930299182621915, -0.01308843602291273], [0.004930299182621915, 0.002745746772276024, -0.005423297436562842], [-0.01308843602291273, -0.005423297436562842, 0.015218379874011834]], "chi2_level": 0.95, "chi2_df": 3, "chi2_threshold": 7.814727903251179, "N_raw": 24, "N_roi": 24, "N_inlier": 22, "refit": true}
{"timestamp": "20:19:00.461091", "frame": 124, "mu": [-1.446698098874171, 4.062199155289894, 1.0346774466328854], "Sigma": [[0.001616280481301593, 0.0016124128421190788, -0.009033092359146053], [0.0016124128421190788, 0.0023000657686387464, -0.012208096809309198], [-0.009033092359146053, -0.012208096809309198, 0.06597390421226765]], "chi2_level": 0.95, "chi2_df": 3, "chi2_threshold": 7.814727903251179, "N_raw": 6, "N_roi": 5, "N_inlier": 5, "refit": true}
{"timestamp": "20:19:00.520598", "frame": 125, "mu": [-1.5882982208685297, 4.14036151237174, 0.39631422082090045], "Sigma": [[0.02012522878585448, 0.011838251459464894, -0.014340187174933041], [0.011838251459464898, 0.012948580270031398, -0.012408896444167823], [-0.014340187174933043, -0.012408896444167823, 0.01654411537383642]], "chi2_level": 0.95, "chi2_df": 3, "chi2_threshold": 7.814727903251179, "N_raw": 44, "N_roi": 44, "N_inlier": 42, "refit": true}
{"timestamp": "20:19:00.654868", "frame": 126, "mu": [-1.6777956433212562, 4.177145452965208, 0.4169552100360683], "Sigma": [[0.0042449481301305644, 0.006047626203492608, -0.02117834817808232], [0.006047626203492608, 0.01638243051341354, -0.04584292919045812], [-0.02117834817808232, -0.04584292919045812, 0.13929781158995733]], "chi2_level": 0.95, "chi2_df": 3, "chi2_threshold": 7.814727903251179, "N_raw": 8, "N_roi": 6, "N_inlier": 5, "refit": true}
{"timestamp": "20:19:00.659469", "frame": 127, "mu": [-1.6322558669979046, 4.27112602086955, 0.3779448513108091], "Sigma": [[0.011104451209628366, 0.00575132933328987, -0.0010776778205946796], [0.005751329333289869, 0.024616099363253978, -0.040705106265595495], [-0.0010776778205946799, -0.0407051062655955, 0.08390208057713858]], "chi2_level": 0.95, "chi2_df": 3, "chi2_threshold": 7.814727903251179, "N_raw": 27, "N_roi": 25, "N_inlier": 23, "refit": true}
{"timestamp": "20:19:00.697442", "frame": 128, "mu": [-1.6725775021254907, 4.227858765295545, 1.3475599808010754], "Sigma": [[0.014109325284806094, 0.005331508433258622, -0.00627483586443082], [0.005331508433258622, 0.004832823706819905, -0.006245219598977867], [-0.00627483586443082, -0.006245219598977867, 0.019482682539612706]], "chi2_level": 0.95, "chi2_df": 3, "chi2_threshold": 7.814727903251179, "N_raw": 27, "N_roi": 24, "N_inlier": 22, "refit": true}
{"timestamp": "20:19:00.736232", "frame": 129, "mu": [-1.6573844712452914, 4.419682315437067, 0.10282651764886519], "Sigma": [[0.0045865099175184665, 0.007590767245944222, -0.016028134340416746], [0.007590767245944221, 0.029563142173939107, -0.059405004418801144], [-0.016028134340416746, -0.059405004418801144, 0.12355906356777337]], "chi2_level": 0.95, "chi2_df": 3, "chi2_threshold": 7.814727903251179, "N_raw": 11, "N_roi": 10, "N_inlier": 10, "refit": true}
{"timestamp": "20:19:00.790116", "frame": 130, "mu": [-1.70861486006474, 4.356299036095236, 0.7779011059860143], "Sigma": [[0.01488297214529857, 0.0020182580325183853, -0.021445102810195345], [0.0020182580325183853, 0.005745858760256566, -0.03172658304039616], [-0.021445102810195345, -0.03172658304039616, 0.211371908665235]], "chi2_level": 0.95, "chi2_df": 3, "chi2_threshold": 7.814727903251179, "N_raw": 9, "N_roi": 9, "N_inlier": 9, "refit": true}
