{"timestamp": "20:23:48.005525", "frame": 9, "mu": [1.724804839525053, 0.6936201904880593, 1.2181420451579117], "Sigma": [[0.0021931408971378914, -0.0015601825306799952, -0.002039122685381972], [-0.001560182530679995, 0.006412504135205701, -0.0011303371651518407], [-0.002039122685381972, -0.0011303371651518407, 0.004490355806286778]], "chi2_level": 0.99, "chi2_df": 3, "chi2_threshold": 11.344866730144373, "N_raw": 18, "N_roi": 18, "N_inlier": 18, "refit": true}
{"timestamp": "20:23:48.115864", "frame": 11, "mu": [1.674197077424954, 0.7282369650469774, 1.311043166056227], "Sigma": [[0.0032126313199331976, -0.002355230818350706, -0.0019927272993099203], [-0.0023552308183507065, 0.004754431695887966, -0.0011918570639098377], [-0.0019927272993099203, -0.001191857063909838, 0.00451635579617025]], "chi2_level": 0.99, "chi2_df": 3, "chi2_threshold": 11.344866730144373, "N_raw": 20, "N_roi": 20, "N_inlier": 20, "refit": true}
{"timestamp": "20:23:48.175013", "frame": 12, "mu": [1.655828343079302, 0.923247301207046, -0.4748685063628799], "Sigma": [[0.003603571995782765, -0.0026456131125218857, -0.002403719088373046], [-0.0026456131125218857, 0.013181589015918645, -0.0026474372439429126], [-0.002403719088373046, -0.0026474372439429126, 0.012494251932593573]], "chi2_level": 0.99, "chi2_df": 3, "chi2_threshold": 11.344866730144373, "N_raw": 31, "N_roi": 31, "N_inlier": 29, "refit": true}
{"timestamp": "20:23:48.449662", "frame": 17, "mu": [1.5738858547434982, 0.6604982309310051, 1.1361851653841102], "Sigma": [[0.0019771420135259263, -0.0030674401447186176, -0.003119598946320865], [-0.0030674401447186176, 0.008404612567883394, 0.002874186006834264], [-0.003119598946320864, 0.002874186006834265, 0.0175414922722769]], "chi2_level": 0.99, "chi2_df": 3, "chi2_threshold": 11.344866730144373, "N_raw": 29, "N_roi": 29, "N_inlier": 27, "refit": true}
{"timestamp": "20:23:48.505235", "frame": 18, "mu": [1.481029563899956, 0.7603808200975097, 1.3403991455230488], "Sigma": [[0.005461473609080055, -0.0032485421955882323, -0.0039131458591576025], [-0.0032485421955882323, 0.004367769895424466, 0.0006099405847674255], [-0.0039131458591576025, 0.0006099405847674255, 0.005129910425094002]], "chi2_level": 0.99, "chi2_df": 3, "chi2_threshold": 11.344866730144373, "N_raw": 31, "N_roi": 31, "N_inlier": 30, "refit": true}
{"timestamp": "20:23:48.558812", "frame": 19, "mu": [1.4512150413295606, 0.7131247796665093, 1.2853892597040142], "Sigma": [[0.0029158990862926696, -0.00359052038855175, -0.004870747356736066], [-0.0035905203885517505, 0.005932466498979695, 0.004673842922415879], [-0.004870747356736066, 0.004673842922415879, 0.02210390417521075]], "chi2_level": 0.99, "chi2_df": 3, "chi2_threshold": 11.344866730144373, "N_raw": 24, "N_roi": 24, "N_inlier": 24, "refit": true}
{"timestamp": "20:23:48.613187", "frame": 20, "mu": [1.4242605930837908, 0.6746242197190512, 1.2197736854565255], "Sigma": [[0.0024381275074221915, -0.002454408965258225, -0.003839033950879123], [-0.002454408965258225, 0.003000350632298647, 0.002325130401225382], [-0.003839033950879123, 0.002325130401225382, 0.011847403824366734]], "chi2_level": 0.99, "chi2_df": 3, "chi2_threshold": 11.344866730144373, "N_raw": 18, "N_roi": 18, "N_inlier": 16, "refit": true}
{"timestamp": "20:23:48.667854", "frame": 21, "mu": [1.3720993186106631, 0.7048244288701835, 1.3224975707120428], "Sigma": [[0.00187965026583853, -0.0018634539107943472, -0.0027860189961424774], [-0.0018634539107943472, 0.004021155365442035, -0.00041012936497166527], [-0.0027860189961424774, -0.00041012936497166527, 0.0125302082707325]], "chi2_level": 0.99, "chi2_df": 3, "chi2_threshold": 11.344866730144373, "N_raw": 17, "N_roi": 17, "N_inlier": 16, "refit": true}
{"timestamp": "20:23:48.779147", "frame": 23, "mu": [1.2759992109086717, 0.7334135125005314, 1.3613360047768963], "Sigma": [[0.004284908783756113, -0.0034545478114049906, -0.005843010367443018], [-0.0034545478114049906, 0.005050154479715141, 0.003497100439188715], [-0.005843010367443018, 0.003497100439188715, 0.01230125908143792]], "chi2_level": 0.99, "chi2_df": 3, "chi2_threshold": 11.344866730144373, "N_raw": 32, "N_roi": 32, "N_inlier": 31, "refit": true}
{"timestamp": "20:23:48.835549", "frame": 24, "mu": [1.272762732593663, 0.8426390179000844, -0.49278454777690306], "Sigma": [[0.004645605452790591, -0.0028491354892667894, -0.006358853835553175], [-0.0028491354892667894, 0.0049207425372247236, 0.0011015686558441332], [-0.006358853835553175, 0.0011015686558441332, 0.012897377132117815]], "chi2_level": 0.99, "chi2_df": 3, "chi2_threshold": 11.344866730144373, "N_raw": 37, "N_roi": 37, "N_inlier": 35, "refit": true}
{"timestamp": "20:23:48.889854", "frame": 25, "mu": [1.1715173555723877, 0.7838451924778246, 1.3329262881229602], "Sigma": [[0.002299380793964243, -0.000899647078194089, -0.003552935991775633], [-0.0008996470781940892, 0.0055312551523644385, 0.010994095645565527], [-0.0035529359917756322, 0.010994095645565527, 0.06492094150902497]], "chi2_level": 0.99, "chi2_df": 3, "chi2_threshold": 11.344866730144373, "N_raw": 31, "N_roi": 31, "N_inlier": 31, "refit": true}
{"timestamp": "20:23:48.947893", "frame": 26, "mu": [1.0747910097722504, 0.9022906303077919, 1.470997119097631], "Sigma": [[0.0038298027305315556, -0.0016533837255264926, -0.0008437078373357049], [-0.0016533837255264926, 0.003179428181080638, -0.0014759909039736155], [-0.000843707837335705, -0.0014759909039736155, 0.0019116088928138606]], "chi2_level": 0.99, "chi2_df": 3, "chi2_threshold": 11.344866730144373, "N_raw": 33, "N_roi": 33, "N_inlier": 32, "refit": true}
{"timestamp": "20:23:49.003654", "frame": 27, "mu": [1.0567531385136837, 0.9755825925277808, -0.3661830078311013], "Sigma": [[0.005653247975406266, -0.0022591001477317626, -0.005684111286571002], [-0.002259100147731763, 0.002892565867152562, 0.0008465306335574669], [-0.005684111286571001, 0.000846530633557467, 0.02069008316815761]], "chi2_level": 0.99, "chi2_df": 3, "chi2_threshold": 11.344866730144373, "N_raw": 48, "N_roi": 48, "N_inlier": 45, "refit": true}
{"timestamp": "20:23:49.112175", "frame": 29, "mu": [0.9338368201174119, 0.9181501293898767, 1.4501701480124765], "Sigma": [[0.004512027262336485, -0.0007522183997820639, -0.00446679241178269], [-0.0007522183997820638, 0.003575154340697185, 0.0007830785194093947], [-0.004466792411782691, 0.0007830785194093949, 0.007515500671193655]], "chi2_level": 0.99, "chi2_df": 3, "chi2_threshold": 11.344866730144373, "N_raw": 44, "N_roi": 44, "N_inlier": 40, "refit": true}
{"timestamp": "20:23:49.163686", "frame": 30, "mu": [0.83965598423979, 0.9959385994251818, -0.4643314967155469], "Sigma": [[0.006995447280434489, -0.007195255644163309, 0.020632859828955522], [-0.007195255644163309, 0.013532578827577852, -0.04739448683230994], [0.020632859828955522, -0.04739448683230994, 0.22392141112120406]], "chi2_level": 0.99, "chi2_df": 3, "chi2_threshold": 11.344866730144373, "N_raw": 26, "N_roi": 26, "N_inlier": 25, "refit": true}
{"timestamp": "20:23:49.221106", "frame": 31, "mu": [0.8214775215068059, 1.0159529100618865, -0.28696594467607844], "Sigma": [[0.0031736141032494, 0.00063118604997371, -0.002194842370543018], [0.0006311860499737099, 0.0035538569395086525, -0.0012266894926157242], [-0.002194842370543018, -0.0012266894926157242, 0.0020337567895920535]], "chi2_level": 0.99, "chi2_df": 3, "chi2_threshold": 11.344866730144373, "N_raw": 41, "N_roi": 41, "N_inlier": 39, "refit": true}
{"timestamp": "20:23:49.276914", "frame": 32, "mu": [0.7917541503100343, 0.8826870892292371, 1.262546994713445], "Sigma": [[0.005759691872134861, -0.0016173859547815744, 0.004217372451786888], [-0.0016173859547815744, 0.002835986377956112, 0.0013094846730194298], [0.004217372451786887, 0.001309484673019429, 0.1831026401300435]], "chi2_level": 0.99, "chi2_df": 3, "chi2_threshold": 11.344866730144373, "N_raw": 43, "N_roi": 43, "N_inlier": 40, "refit": true}
{"timestamp": "20:23:49.329096", "frame": 33, "mu": [0.728780566073958, 0.893735393621361, 1.460951775206155], "Sigma": [[0.0032814318087519435, -0.0003490159175850854, -0.0028766478713447706], [-0.0003490159175850854, 0.0021163825438133815, -0.00023997277249258696], [-0.0028766478713447706, -0.0002399727724925869, 0.0029089759516202685]], "chi2_level": 0.99, "chi2_df": 3, "chi2_threshold": 11.344866730144373, "N_raw": 32, "N_roi": 32, "N_inlier": 31, "refit": true}
{"timestamp": "20:23:49.384665", "frame": 34, "mu": [0.7150451306396036, 0.8942228516884986, 1.3806974989386973], "Sigma": [[0.006635924479265563, -0.0014774541420232786, -0.019609047229539024], [-0.0014774541420232781, 0.005676399332278196, 0.016058801149529664], [-0.019609047229539024, 0.016058801149529664, 0.10184562367971942]], "chi2_level": 0.99, "chi2_df": 3, "chi2_threshold": 11.344866730144373, "N_raw": 29, "N_roi": 29, "N_inlier": 27, "refit": true}
{"timestamp": "20:23:49.438762", "frame": 35, "mu": [0.6246306191570498, 0.944678300625971, 1.4940333843403513], "Sigma": [[0.004549161763338128, -0.00323495309047805, -0.008711500447470382], [-0.00323495309047805, 0.005205308092797174, 0.008411736156415984], [-0.008711500447470382, 0.008411736156415982, 0.023709968325245925]], "chi2_level": 0.99, "chi2_df": 3, "chi2_threshold": 11.344866730144373, "N_raw": 24, "N_roi": 24, "N_inlier": 22, "refit": true}
{"timestamp": "20:23:49.498681", "frame": 36, "mu": [0.6236089061227699, 1.0459488513460053, -0.3179374246412482], "Sigma": [[0.0038220715347803014, 0.0011268516764940074, -0.00426208904009168], [0.0011268516764940074, 0.005137543712523041, -0.0017692822375934866], [-0.00426208904009168, -0.0017692822375934862, 0.005097199526570237]], "chi2_level": 0.99, "chi2_df": 3, "chi2_threshold": 11.344866730144373, "N_raw": 57, "N_roi": 57, "N_inlier": 56, "refit": true}
{"timestamp": "20:23:49.557072", "frame": 37, "mu": [0.6054329998098086, 0.940900425734922, 1.3682304574239288], "Sigma": [[0.004225305772597997, -7.424622216857344e-05, -0.005111630563129252], [-7.424622216857342e-05, 0.003227936822713643, -0.0026676471890905618], [-0.005111630563129252, -0.0026676471890905618, 0.01810007144971614]], "chi2_level": 0.99, "chi2_df": 3, "chi2_threshold": 11.344866730144373, "N_raw": 81, "N_roi": 81, "N_inlier": 81, "refit": true}
{"timestamp": "20:23:49.606570", "frame": 38, "mu": [0.5212345018407705, 1.0003514103815274, -0.23261686225272077], "Sigma": [[0.002403735859055686, 0.00038322169428320547, -0.0007602988189718138], [0.00038322169428320547, 0.003518626243663374, 0.00044836222302859744], [-0.0007602988189718138, 0.00044836222302859744, 0.00040561730866221616]], "chi2_level": 0.99, "chi2_df": 3, "chi2_threshold": 11.344866730144373, "N_raw": 41, "N_roi": 41, "N_inlier": 38, "refit": true}
{"timestamp": "20:23:49.661465", "frame": 39, "mu": [0.5546796868703305, 0.9275601502982628, 1.4075995127987138], "Sigma": [[0.0024861790017918265, 0.00023848308814924745, -0.0022332421973051742], [0.00023848308814924745, 0.0022453174424022972, -0.002395745332845072], [-0.0022332421973051747, -0.002395745332845072, 0.005537486444619544]], "chi2_level": 0.99, "chi2_df": 3, "chi2_threshold": 11.344866730144373, "N_raw": 48, "N_roi": 48, "N_inlier": 46, "refit": true}
{"timestamp": "20:23:49.715054", "frame": 40, "mu": [0.435981753066852, 0.9492777173851686, 1.493134407377934], "Sigma": [[0.0016790482462497884, -0.0018963638566289612, 0.0003418299215277541], [-0.0018963638566289614, 0.0063087123912151126, -0.003009456291146345], [0.0003418299215277541, -0.003009456291146345, 0.0019223768136071829]], "chi2_level": 0.99, "chi2_df": 3, "chi2_threshold": 11.344866730144373, "N_raw": 30, "N_roi": 30, "N_inlier": 28, "refit": true}
{"timestamp": "20:23:49.771481", "frame": 41, "mu": [0.4462859942952778, 0.9215420928082594, 1.4785678924993029], "Sigma": [[0.003289317521202671, 0.0005315281777384539, -0.003360809764939675], [0.0005315281777384538, 0.0017989892592473957, -0.0015872882617751112], [-0.003360809764939675, -0.0015872882617751112, 0.00510966782904304]], "chi2_level": 0.99, "chi2_df": 3, "chi2_threshold": 11.344866730144373, "N_raw": 43, "N_roi": 43, "N_inlier": 40, "refit": true}
{"timestamp": "20:23:49.826643", "frame": 42, "mu": [0.4035166816258751, 1.0621963110772952, -0.3962764578811786], "Sigma": [[0.002575585553033423, 0.0021643074467753644, -0.010651723262233702], [0.0021643074467753644, 0.006339153849789327, -0.024336171904140187], [-0.010651723262233702, -0.024336171904140187, 0.1444781558903356]], "chi2_level": 0.99, "chi2_df": 3, "chi2_threshold": 11.344866730144373, "N_raw": 38, "N_roi": 38, "N_inlier": 34, "refit": true}
{"timestamp": "20:23:49.877972", "frame": 43, "mu": [0.3399599922745518, 1.16017738616794, -0.9797160067171172], "Sigma": [[0.042102084272772705, -0.011099532569462717, -0.05644107434421197], [-0.011099532569462717, 0.01949763792966043, -0.008220227104075717], [-0.05644107434421197, -0.008220227104075717, 0.42767664317918663]], "chi2_level": 0.99, "chi2_df": 3, "chi2_threshold": 11.344866730144373, "N_raw": 17, "N_roi": 17, "N_inlier": 16, "refit": true}
{"timestamp": "20:23:49.935563", "frame": 44, "mu": [0.3979083724780627, 0.9355192182135107, 1.213764284162655], "Sigma": [[0.006504110038866885, -0.0038470659656355535, 0.0054857525844824884], [-0.003847065965635553, 0.005370740574865702, -0.006377078981008989], [0.0054857525844824884, -0.006377078981008989, 0.01505272967171327]], "chi2_level": 0.99, "chi2_df": 3, "chi2_threshold": 11.344866730144373, "N_raw": 37, "N_roi": 37, "N_inlier": 33, "refit": true}
{"timestamp": "20:23:49.997465", "frame": 45, "mu": [0.31043674666973387, 1.068642989363693, -0.45486909495768796], "Sigma": [[0.004834522460131098, 0.0008209349959585632, -0.006010654720684863], [0.0008209349959585632, 0.004038349895675666, -0.003811185909849538], [-0.006010654720684862, -0.0038111859098495385, 0.022186699416504738]], "chi2_level": 0.99, "chi2_df": 3, "chi2_threshold": 11.344866730144373, "N_raw": 76, "N_roi": 76, "N_inlier": 73, "refit": true}
{"timestamp": "20:23:50.051693", "frame": 46, "mu": [0.22448613792233166, 0.882244486147265, 1.0540915498769146], "Sigma": [[0.003329261292787396, 0.0019194799716229826, 0.006087135305573038], [0.0019194799716229826, 0.0031607605074348523, 0.006752613842568839], [0.006087135305573038, 0.006752613842568839, 0.030505671134172723]], "chi2_level": 0.99, "chi2_df": 3, "chi2_threshold": 11.344866730144373, "N_raw": 70, "N_roi": 70, "N_inlier": 67, "refit": true}
{"timestamp": "20:23:50.104036", "frame": 47, "mu": [0.1917591044502252, 0.8645353685480455, 1.1205832074456723], "Sigma": [[0.005091392576266447, -7.816390942267764e-05, 0.009000640363190484], [-7.816390942267764e-05, 0.002339892406155787, -4.604685904793413e-05], [0.009000640363190482, -4.604685904793413e-05, 0.034081177999427614]], "chi2_level": 0.99, "chi2_df": 3, "chi2_threshold": 11.344866730144373, "N_raw": 58, "N_roi": 58, "N_inlier": 56, "refit": true}
{"timestamp": "20:23:50.163210", "frame": 48, "mu": [0.07867276119493344, 1.0574876293378248, -0.5036857746245892], "Sigma": [[0.0024371635076192895, -0.0006554547552322956, 0.00010707593966128257], [-0.0006554547552322957, 0.0037504590731330164, -0.007763184024292055], [0.00010707593966128269, -0.007763184024292054, 0.07882659492769514]], "chi2_level": 0.99, "chi2_df": 3, "chi2_threshold": 11.344866730144373, "N_raw": 77, "N_roi": 77, "N_inlier": 74, "refit": true}
{"timestamp": "20:23:50.219566", "frame": 49, "mu": [0.038336129410313106, 0.9072716943853919, 1.2528202007988054], "Sigma": [[0.0037917804998496094, 0.0009871634789011309, 0.00730216995349696], [0.0009871634789011307, 0.004886030571631857, 0.011001571339116431], [0.00730216995349696, 0.011001571339116431, 0.06685306297046006]], "chi2_level": 0.99, "chi2_df": 3, "chi2_threshold": 11.344866730144373, "N_raw": 96, "N_roi": 96, "N_inlier": 92, "refit": true}
{"timestamp": "20:23:50.272716", "frame": 50, "mu": [0.03617633187762503, 0.8938258216298238, -0.7547271227283767], "Sigma": [[0.0022880975062864782, 0.0015984946990019533, 0.002055933993442706], [0.001598494699001953, 0.008706832816333573, 0.0021833069031936526], [0.002055933993442706, 0.002183306903193653, 0.014507479092551545]], "chi2_level": 0.99, "chi2_df": 3, "chi2_threshold": 11.344866730144373, "N_raw": 76, "N_roi": 76, "N_inlier": 74, "refit": true}
{"timestamp": "20:23:50.325994", "frame": 51, "mu": [-0.03727325629373992, 0.9624790428307987, 1.4462603574751074], "Sigma": [[0.002912045218832834, -0.0010918741097665746, -0.0011134404580508705], [-0.0010918741097665744, 0.0037875958994213173, -0.0013655280202390938], [-0.0011134404580508705, -0.0013655280202390936, 0.007429787505492173]], "chi2_level": 0.99, "chi2_df": 3, "chi2_threshold": 11.344866730144373, "N_raw": 70, "N_roi": 70, "N_inlier": 67, "refit": true}
{"timestamp": "20:23:50.381118", "frame": 52, "mu": [-0.07572387639251052, 0.962100825029995, 1.4250420840706508], "Sigma": [[0.0032076667175396927, 0.0002887430337050884, -0.0035255755065736237], [0.0002887430337050884, 0.0018991781062374252, -0.0026619755243023364], [-0.0035255755065736237, -0.0026619755243023364, 0.01190710731493289]], "chi2_level": 0.99, "chi2_df": 3, "chi2_threshold": 11.344866730144373, "N_raw": 72, "N_roi": 72, "N_inlier": 69, "refit": true}
{"timestamp": "20:23:50.434318", "frame": 53, "mu": [-0.12103483455452271, 1.0226435228299338, -0.4197403349090603], "Sigma": [[0.0023291379171410135, -0.0018350609214063459, -0.0014255020047781318], [-0.0018350609214063459, 0.0030190869545321354, -4.725313060311478e-05], [-0.0014255020047781318, -4.725313060311467e-05, 0.01752046170839345]], "chi2_level": 0.99, "chi2_df": 3, "chi2_threshold": 11.344866730144373, "N_raw": 59, "N_roi": 59, "N_inlier": 55, "refit": true}
{"timestamp": "20:23:50.489602", "frame": 54, "mu": [-0.14464673810132608, 1.080163127103185, -0.33344107112958665], "Sigma": [[0.002323961448108122, -0.0010223719708218545, -0.0005289613805062302], [-0.0010223719708218545, 0.003632343571636199, -0.00219110794038318], [-0.0005289613805062302, -0.0021911079403831805, 0.006354016534634755]], "chi2_level": 0.99, "chi2_df": 3, "chi2_threshold": 11.344866730144373, "N_raw": 58, "N_roi": 58, "N_inlier": 54, "refit": true}
{"timestamp": "20:23:50.548214", "frame": 55, "mu": [-0.19754237221379037, 0.8947293036291672, 1.200223757057713], "Sigma": [[0.0025132803206960996, -0.0007841700787105366, -0.005369521722196141], [-0.0007841700787105368, 0.0032464825900738294, 0.007283284018252952], [-0.005369521722196141, 0.007283284018252952, 0.08491071093553126]], "chi2_level": 0.99, "chi2_df": 3, "chi2_threshold": 11.344866730144373, "N_raw": 87, "N_roi": 87, "N_inlier": 84, "refit": true}
{"timestamp": "20:23:50.611591", "frame": 56, "mu": [-0.2078731496292856, 0.9818816409120701, -0.6387006287577364], "Sigma": [[0.003095867953375609, 0.0016981614692142817, 0.001237014246722434], [0.0016981614692142817, 0.0064113364482989875, 0.0023634028302125616], [0.001237014246722434, 0.002363402830212561, 0.031098465123536784]], "chi2_level": 0.99, "chi2_df": 3, "chi2_threshold": 11.344866730144373, "N_raw": 103, "N_roi": 103, "N_inlier": 100, "refit": true}
{"timestamp": "20:23:50.659485", "frame": 57, "mu": [-0.2702527361940648, 1.0379309013505889, -0.24338924151611854], "Sigma": [[0.0029145189083923592, -0.0033526608024023324, 0.0211219669683564], [-0.0033526608024023324, 0.012219689118875903, -0.05770545050988099], [0.021121966968356398, -0.05770545050988099, 0.35747028005860704]], "chi2_level": 0.99, "chi2_df": 3, "chi2_threshold": 11.344866730144373, "N_raw": 87, "N_roi": 85, "N_inlier": 83, "refit": true}
{"timestamp": "20:23:50.711229", "frame": 58, "mu": [-0.30971508118876057, 0.9633088043242222, 1.3169928752458384], "Sigma": [[0.0037878537564910017, -0.0030994467224948587, -0.0026040707473676573], [-0.0030994467224948587, 0.004234514269804562, 0.001616371003105332], [-0.0026040707473676573, 0.001616371003105332, 0.013282581009795113]], "chi2_level": 0.99, "chi2_df": 3, "chi2_threshold": 11.344866730144373, "N_raw": 70, "N_roi": 66, "N_inlier": 65, "refit": true}
{"timestamp": "20:23:50.771228", "frame": 59, "mu": [-0.35478603264069714, 0.9849568635394775, 1.3407571998404417], "Sigma": [[0.003624590206953625, -0.0012783955980692114, -0.0025853040802175007], [-0.0012783955980692117, 0.004503275374311924, -0.00020095491456660386], [-0.0025853040802175007, -0.0002009549145666037, 0.024433083554408305]], "chi2_level": 0.99, "chi2_df": 3, "chi2_threshold": 11.344866730144373, "N_raw": 108, "N_roi": 105, "N_inlier": 101, "refit": true}
{"timestamp": "20:23:50.819071", "frame": 60, "mu": [-0.40573673295717627, 0.9671187444722624, 1.3538370377145], "Sigma": [[0.001725409135153827, -0.0010657157973821578, -0.0020342065658750033], [-0.0010657157973821578, 0.003988805232747625, 0.00856745663403056], [-0.002034206565875003, 0.008567456634030562, 0.048183920351891216]], "chi2_level": 0.99, "chi2_df": 3, "chi2_threshold": 11.344866730144373, "N_raw": 55, "N_roi": 52, "N_inlier": 49, "refit": true}
{"timestamp": "20:23:50.875978", "frame": 61, "mu": [-0.4686614641989045, 1.0135412291462909, 1.4706863971306814], "Sigma": [[0.003669963981731841, -0.0006657940824750246, -0.0019491291378866467], [-0.0006657940824750246, 0.0031517778611711822, -0.0014655820715606834], [-0.0019491291378866467, -0.0014655820715606832, 0.011762144119100863]], "chi2_level": 0.99, "chi2_df": 3, "chi2_threshold": 11.344866730144373, "N_raw": 74, "N_roi": 73, "N_inlier": 68, "refit": true}
{"timestamp": "20:23:50.931659", "frame": 62, "mu": [-0.47742163156967743, 1.0597487785600426, -0.30019821725636153], "Sigma": [[0.0029981614746756005, 0.0007254703820451345, 0.009970134555477673], [0.0007254703820451345, 0.011101277566169814, -0.0017305043578137108], [0.009970134555477673, -0.00173050435781371, 0.1951123079494489]], "chi2_level": 0.99, "chi2_df": 3, "chi2_threshold": 11.344866730144373, "N_raw": 81, "N_roi": 81, "N_inlier": 80, "refit": true}
{"timestamp": "20:23:50.980071", "frame": 63, "mu": [-0.5614195427334215, 1.0034273433847871, 1.4935631857176137], "Sigma": [[0.0018675895182411605, -0.0013915325376310254, -0.0020524081736779], [-0.0013915325376310254, 0.002591364799524519, 0.0024805307986454023], [-0.0020524081736779, 0.0024805307986454023, 0.027117393720758356]], "chi2_level": 0.99, "chi2_df": 3, "chi2_threshold": 11.344866730144373, "N_raw": 30, "N_roi": 30, "N_inlier": 27, "refit": true}
{"timestamp": "20:23:51.038371", "frame": 64, "mu": [-0.5601057985093669, 1.0638770795031918, -0.45161275082062197], "Sigma": [[0.0025805223117469746, -0.0020533239059482102, -0.0024085156154555233], [-0.0020533239059482102, 0.005474388849904049, -0.0008641263313961322], [-0.0024085156154555233, -0.0008641263313961322, 0.010996096645783519]], "chi2_level": 0.99, "chi2_df": 3, "chi2_threshold": 11.344866730144373, "N_raw": 37, "N_roi": 37, "N_inlier": 35, "refit": true}
{"timestamp": "20:23:51.094958", "frame": 65, "mu": [-0.5918649863717821, 0.9899496951117122, 1.3942620660520988], "Sigma": [[0.003798273101845071, -0.0019298720888038185, -0.0022425504555047544], [-0.0019298720888038185, 0.00276191385476265, -0.0003737039660960555], [-0.002242550455504755, -0.0003737039660960554, 0.012707498195762779]], "chi2_level": 0.99, "chi2_df": 3, "chi2_threshold": 11.344866730144373, "N_raw": 63, "N_roi": 63, "N_inlier": 58, "refit": true}
{"timestamp": "20:23:51.198435", "frame": 67, "mu": [-0.6543007153451773, 1.0457716661273755, 1.33028468802376], "Sigma": [[0.0007627678816424782, -0.0007703798773547185, 0.0005469001557999396], [-0.0007703798773547182, 0.008358694885668719, -0.003708324990446793], [0.0005469001557999396, -0.003708324990446793, 0.008873739372826333]], "chi2_level": 0.99, "chi2_df": 3, "chi2_threshold": 11.344866730144373, "N_raw": 22, "N_roi": 22, "N_inlier": 21, "refit": true}
{"timestamp": "20:23:51.257796", "frame": 68, "mu": [-0.6916089323185163, 0.9638568574084524, 1.171798078462716], "Sigma": [[0.004127430157884306, -0.0008943505869389986, -0.011148447874979404], [-0.0008943505869389986, 0.0045038720968343755, -0.0009576982289943096], [-0.011148447874979404, -0.0009576982289943096, 0.0748775609458881]], "chi2_level": 0.99, "chi2_df": 3, "chi2_threshold": 11.344866730144373, "N_raw": 55, "N_roi": 55, "N_inlier": 51, "refit": true}
{"timestamp": "20:23:51.306964", "frame": 69, "mu": [-0.8074038735196984, 1.0675032983854211, 1.354058890169255], "Sigma": [[0.009195452055976668, -0.005430254601051538, -0.023854760587827692], [-0.005430254601051538, 0.009558601961405877, 0.005687260356580671], [-0.023854760587827692, 0.005687260356580671, 0.09736677076278852]], "chi2_level": 0.99, "chi2_df": 3, "chi2_threshold": 11.344866730144373, "N_raw": 11, "N_roi": 11, "N_inlier": 11, "refit": true}
{"timestamp": "20:23:51.372661", "frame": 70, "mu": [-0.8937421220755507, 1.022109458692394, 1.4685348850804434], "Sigma": [[0.02327633163104027, 0.010090072454998563, -0.0345463942563395], [0.010090072454998565, 0.008854722208511316, -0.016469602216585742], [-0.0345463942563395, -0.016469602216585742, 0.09725437229953993]], "chi2_level": 0.99, "chi2_df": 3, "chi2_threshold": 11.344866730144373, "N_raw": 79, "N_roi": 79, "N_inlier": 78, "refit": true}
{"timestamp": "20:23:51.426267", "frame": 71, "mu": [-0.981448988515765, 1.011199204275393, 1.5512011069510452], "Sigma": [[0.023500380884207667, 0.013617216828913679, -0.03522981825797954], [0.013617216828913679, 0.013457841304505913, -0.020821785360739177], [-0.03522981825797953, -0.020821785360739177, 0.08480773049996687]], "chi2_level": 0.99, "chi2_df": 3, "chi2_threshold": 11.344866730144373, "N_raw": 67, "N_roi": 67, "N_inlier": 66, "refit": true}
{"timestamp": "20:23:51.483264", "frame": 72, "mu": [-1.0628565993799726, 1.0491887495911514, 0.16279817596514023], "Sigma": [[0.019580438517561315, 0.009572934501195639, 0.04095558994913253], [0.009572934501195639, 0.010702630959846705, 0.01765687516940448], [0.04095558994913253, 0.01765687516940448, 0.2966130362144048]], "chi2_level": 0.99, "chi2_df": 3, "chi2_threshold": 11.344866730144373, "N_raw": 87, "N_roi": 87, "N_inlier": 86, "refit": true}
{"timestamp": "20:23:51.540117", "frame": 73, "mu": [-1.090520643097765, 0.9791182017497542, 1.5420954122990156], "Sigma": [[0.016880585454120932, 0.00726168101624102, -0.00826573656209959], [0.00726168101624102, 0.00610863467884159, -0.005359495495842231], [-0.00826573656209959, -0.005359495495842231, 0.00936410302607714]], "chi2_level": 0.99, "chi2_df": 3, "chi2_threshold": 11.344866730144373, "N_raw": 76, "N_roi": 76, "N_inlier": 71, "refit": true}
{"timestamp": "20:23:51.595598", "frame": 74, "mu": [-1.1318383264256042, 1.089766463166104, -0.4469760326047636], "Sigma": [[0.027663991714650175, 0.028061294639043815, -0.06851375262961995], [0.02806129463904381, 0.04597965140077549, -0.08548924816630545], [-0.06851375262961995, -0.08548924816630543, 0.3133933949156889]], "chi2_level": 0.99, "chi2_df": 3, "chi2_threshold": 11.344866730144373, "N_raw": 101, "N_roi": 101, "N_inlier": 99, "refit": true}
{"timestamp": "20:23:51.649603", "frame": 75, "mu": [-1.1751313676528108, 1.0284908714534244, 1.4791300136759093], "Sigma": [[0.020641624574710166, 0.012841836417846676, -0.045739746143071476], [0.012841836417846676, 0.012726705307851896, -0.035041989886793815], [-0.04573974614307147, -0.035041989886793815, 0.21422387078010607]], "chi2_level": 0.99, "chi2_df": 3, "chi2_threshold": 11.344866730144373, "N_raw": 92, "N_roi": 92, "N_inlier": 90, "refit": true}
{"timestamp": "20:23:51.707937", "frame": 76, "mu": [-1.163135191950955, 1.20586566870479, -0.47802232222874075], "Sigma": [[0.01913334717860822, 0.028328570404252323, -0.036348111721572374], [0.028328570404252323, 0.07068107515567577, -0.11012257721163757], [-0.03634811172157237, -0.11012257721163757, 0.2318064262587489]], "chi2_level": 0.99, "chi2_df": 3, "chi2_threshold": 11.344866730144373, "N_raw": 119, "N_roi": 119, "N_inlier": 119, "refit": true}
{"timestamp": "20:23:51.757281", "frame": 77, "mu": [-1.1800349046155718, 1.0655281854775396, 1.2070438283361602], "Sigma": [[0.0319080221332218, 0.021268649621804407, -0.06123412032614641], [0.021268649621804407, 0.027848873597655387, -0.07958594213205544], [-0.06123412032614641, -0.07958594213205544, 0.26261628621596483]], "chi2_level": 0.99, "chi2_df": 3, "chi2_threshold": 11.344866730144373, "N_raw": 75, "N_roi": 75, "N_inlier": 75, "refit": true}
{"timestamp": "20:23:51.816463", "frame": 78, "mu": [-1.2374732550735181, 1.1302444829963154, -0.24573327427585118], "Sigma": [[0.02786380113706978, 0.017812169870542918, -0.0076734162983982165], [0.017812169870542925, 0.022749044412875143, -0.01030828155971334], [-0.0076734162983982165, -0.01030828155971334, 0.02149038305286142]], "chi2_level": 0.99, "chi2_df": 3, "chi2_threshold": 11.344866730144373, "N_raw": 111, "N_roi": 111, "N_inlier": 109, "refit": true}
{"timestamp": "20:23:51.865252", "frame": 79, "mu": [-1.2843823758101087, 1.0422059915554982, 1.4927174213868266], "Sigma": [[0.03174939502832652, 0.012014834778041618, -0.025586859144786582], [0.012014834778041618, 0.010022613841097967, -0.020490001141749373], [-0.025586859144786582, -0.020490001141749377, 0.048848570348628384]], "chi2_level": 0.99, "chi2_df": 3, "chi2_threshold": 11.344866730144373, "N_raw": 61, "N_roi": 59, "N_inlier": 58, "refit": true}
{"timestamp": "20:23:51.923273", "frame": 80, "mu": [-1.342324096611167, 1.0384667883673784, 1.5600298305473552], "Sigma": [[0.026055468387034843, 0.013593917073235987, -0.014229336167722657], [0.013593917073235987, 0.01181776008815447, -0.010840009010662132], [-0.014229336167722657, -0.01084000901066213, 0.011559196231891186]], "chi2_level": 0.99, "chi2_df": 3, "chi2_threshold": 11.344866730144373, "N_raw": 87, "N_roi": 87, "N_inlier": 86, "refit": true}
{"timestamp": "20:23:51.972516", "frame": 81, "mu": [-1.4441030114044207, 1.0852323944473872, -0.3222864893796342], "Sigma": [[0.016161659435089504, 0.013192396357370455, -0.0040154166910264695], [0.013192396357370458, 0.01599690895504668, -0.012249090285614763], [-0.00401541669102647, -0.012249090285614763, 0.0193146138498829]], "chi2_level": 0.99, "chi2_df": 3, "chi2_threshold": 11.344866730144373, "N_raw": 48, "N_roi": 48, "N_inlier": 45, "refit": true}
{"timestamp": "20:23:52.032038", "frame": 82, "mu": [-1.3732979175180295, 1.0516958845722888, 1.3486554936629296], "Sigma": [[0.034946480002491065, 0.020363307467866375, -0.01625639878151973], [0.020363307467866378, 0.019364199275797637, -0.008621898412461599], [-0.01625639878151973, -0.008621898412461599, 0.013568296330856527]], "chi2_level": 0.99, "chi2_df": 3, "chi2_threshold": 11.344866730144373, "N_raw": 78, "N_roi": 78, "N_inlier": 74, "refit": true}
{"timestamp": "20:23:52.085147", "frame": 83, "mu": [-1.2713507458140947, 1.3124670226730708, -0.1390834827291657], "Sigma": [[0.04704726722930663, 0.03262485927340324, -0.030101830368090072], [0.03262485927340324, 0.028122560396988405, -0.020048287475664388], [-0.030101830368090072, -0.020048287475664388, 0.02769268767069335]], "chi2_level": 0.99, "chi2_df": 3, "chi2_threshold": 11.344866730144373, "N_raw": 59, "N_roi": 59, "N_inlier": 56, "refit": true}
{"timestamp": "20:23:52.149427", "frame": 84, "mu": [-1.172840425533129, 1.2680385028572192, 1.0177166915240814], "Sigma": [[0.026478389748650098, 0.01193264517875342, -0.030393727249700915], [0.011932645178753422, 0.010500881423280562, -0.007089243021691728], [-0.030393727249700915, -0.007089243021691728, 0.20813462211814035]], "chi2_level": 0.99, "chi2_df": 3, "chi2_threshold": 11.344866730144373, "N_raw": 121, "N_roi": 121, "N_inlier": 119, "refit": true}
{"timestamp": "20:23:52.195968", "frame": 85, "mu": [-1.3332857731657464, 1.482048977878826, -0.6279093406477951], "Sigma": [[0.04269857998133894, 0.054035008892304615, -0.08803372690735949], [0.054035008892304615, 0.08352671893775479, -0.14671592800311378], [-0.08803372690735949, -0.14671592800311378, 0.30936915620479705]], "chi2_level": 0.99, "chi2_df": 3, "chi2_threshold": 11.344866730144373, "N_raw": 67, "N_roi": 67, "N_inlier": 67, "refit": true}
{"timestamp": "20:23:52.248456", "frame": 86, "mu": [-1.3372228774706498, 1.396331721285489, -0.06624334873396402], "Sigma": [[0.051723382672928184, 0.042122682290905836, -0.038839843171515204], [0.042122682290905836, 0.03836047894877169, -0.03625092702730422], [-0.038839843171515204, -0.03625092702730421, 0.04324019222506356]], "chi2_level": 0.99, "chi2_df": 3, "chi2_threshold": 11.344866730144373, "N_raw": 54, "N_roi": 54, "N_inlier": 51, "refit": true}
{"timestamp": "20:23:52.302646", "frame": 87, "mu": [-1.2629793878783928, 1.6041299986341364, -0.4111919148823936], "Sigma": [[0.035733937363957385, 0.03412964645630275, -0.044331060544190844], [0.03412964645630275, 0.04857380933595984, -0.10351729427553581], [-0.044331060544190844, -0.10351729427553581, 0.33673892140716694]], "chi2_level": 0.99, "chi2_df": 3, "chi2_threshold": 11.344866730144373, "N_raw": 46, "N_roi": 46, "N_inlier": 45, "refit": true}
{"timestamp": "20:23:52.359193", "frame": 88, "mu": [-1.4143914691544421, 1.5379238391025285, -0.39004727182800036], "Sigma": [[0.05520588827149284, 0.06747001790208983, -0.09113059326624398], [0.06747001790208983, 0.09626795420653117, -0.14129642360561662], [-0.09113059326624398, -0.1412964236056166, 0.2585430762124606]], "chi2_level": 0.99, "chi2_df": 3, "chi2_threshold": 11.344866730144373, "N_raw": 55, "N_roi": 55, "N_inlier": 55, "refit": true}
{"timestamp": "20:23:52.415352", "frame": 89, "mu": [-1.1511890955910782, 1.6860256383149925, -0.1787047826715026], "Sigma": [[0.007353898221798925, 0.002697971923597957, -0.004792934080693997], [0.002697971923597957, 0.00827388113692634, -0.0028010392281870855], [-0.004792934080693997, -0.0028010392281870855, 0.0038768107046514063]], "chi2_level": 0.99, "chi2_df": 3, "chi2_threshold": 11.344866730144373, "N_raw": 63, "N_roi": 63, "N_inlier": 59, "refit": true}
{"timestamp": "20:23:52.472815", "frame": 90, "mu": [-1.205776934877516, 1.688718382712589, -0.18129992249974802], "Sigma": [[0.01978677906288598, 0.00791024561300151, -0.008566305537957314], [0.00791024561300151, 0.011882557393069171, -0.006421400590685425], [-0.008566305537957314, -0.006421400590685425, 0.005966393612792952]], "chi2_level": 0.99, "chi2_df": 3, "chi2_threshold": 11.344866730144373, "N_raw": 79, "N_roi": 79, "N_inlier": 72, "refit": true}
{"timestamp": "20:23:52.526461", "frame": 91, "mu": [-1.186230673237478, 1.674371759761025, 1.4068210873496638], "Sigma": [[0.008863506475114566, -0.0007741310200332705, -0.00513851307654122], [-0.0007741310200332708, 0.005283021198290339, -0.004197597082075202], [-0.00513851307654122, -0.004197597082075202, 0.010797336646186545]], "chi2_level": 0.99, "chi2_df": 3, "chi2_threshold": 11.344866730144373, "N_raw": 68, "N_roi": 68, "N_inlier": 65, "refit": true}
{"timestamp": "20:23:52.579214", "frame": 92, "mu": [-1.1509097179638343, 1.7834070126506147, -0.19991872737862681], "Sigma": [[0.008492470604244047, -0.001737921323219141, 0.0010951222781715097], [-0.0017379213232191415, 0.009449823962685707, -0.014992891647042287], [0.0010951222781715106, -0.014992891647042287, 0.040236588967757635]], "chi2_level": 0.99, "chi2_df": 3, "chi2_threshold": 11.344866730144373, "N_raw": 51, "N_roi": 51, "N_inlier": 47, "refit": true}
{"timestamp": "20:23:52.629508", "frame": 93, "mu": [-1.267554121066895, 1.8556299309674225, -0.4966628582823593], "Sigma": [[0.05055626971355233, 0.04803349259682757, -0.05970666194972219], [0.04803349259682757, 0.07726907050520296, -0.13441809840790858], [-0.059706661949722184, -0.13441809840790858, 0.326066897306081]], "chi2_level": 0.99, "chi2_df": 3, "chi2_threshold": 11.344866730144373, "N_raw": 23, "N_roi": 23, "N_inlier": 23, "refit": true}
{"timestamp": "20:23:52.687282", "frame": 94, "mu": [-1.2026046785770808, 1.8709724009979187, -0.1612440313669171], "Sigma": [[0.006740787079733391, 0.0018049155125738276, -0.0029313550784076207], [0.0018049155125738276, 0.006579222421046594, -0.0019187018741014163], [-0.0029313550784076207, -0.0019187018741014163, 0.0029765393955919293]], "chi2_level": 0.99, "chi2_df": 3, "chi2_threshold": 11.344866730144373, "N_raw": 49, "N_roi": 49, "N_inlier": 47, "refit": true}
{"timestamp": "20:23:52.744177", "frame": 95, "mu": [-1.2160982376427119, 1.956531747900815, -0.25629688736409983], "Sigma": [[0.005865786353130877, 0.0012497559535430245, -0.005434012572956148], [0.0012497559535430247, 0.005313309256892774, -0.012688043100505062], [-0.005434012572956148, -0.012688043100505062, 0.05327502333157823]], "chi2_level": 0.99, "chi2_df": 3, "chi2_threshold": 11.344866730144373, "N_raw": 50, "N_roi": 50, "N_inlier": 47, "refit": true}
{"timestamp": "20:23:52.803247", "frame": 96, "mu": [-1.2318049003536784, 2.0049342989124805, -0.19255019761666037], "Sigma": [[0.010037229820811042, 0.0022813341062989006, -0.003601245612661689], [0.0022813341062989006, 0.009046522187740663, -0.017454460176570125], [-0.0036012456126616895, -0.017454460176570125, 0.06548194960508757]], "chi2_level": 0.99, "chi2_df": 3, "chi2_threshold": 11.344866730144373, "N_raw": 85, "N_roi": 85, "N_inlier": 82, "refit": true}
{"timestamp": "20:23:52.857723", "frame": 97, "mu": [-1.264555333175713, 1.941947102315717, 1.3410968867058726], "Sigma": [[0.008322396552911704, 0.0009956041586001137, -0.007957840355495086], [0.0009956041586001133, 0.006907069355443115, -0.002322228354311695], [-0.007957840355495089, -0.002322228354311695, 0.06115410366880851]], "chi2_level": 0.99, "chi2_df": 3, "chi2_threshold": 11.344866730144373, "N_raw": 77, "N_roi": 77, "N_inlier": 75, "refit": true}
{"timestamp": "20:23:52.904777", "frame": 98, "mu": [-1.215381837340954, 2.1438112293968983, -0.5666548436053155], "Sigma": [[0.00345371326174295, -0.0017991815668489057, 0.000321933767462982], [-0.0017991815668489054, 0.012001398796187187, -0.04038469415281592], [0.00032193376746298243, -0.04038469415281592, 0.20427318602117714]], "chi2_level": 0.99, "chi2_df": 3, "chi2_threshold": 11.344866730144373, "N_raw": 25, "N_roi": 25, "N_inlier": 25, "refit": true}
{"timestamp": "20:23:52.965843", "frame": 99, "mu": [-1.225852233534697, 2.165859145070735, -0.3260753781923257], "Sigma": [[0.006248875060505476, 0.00046437487345912836, -0.001039784777683917], [0.00046437487345912847, 0.015226482104367204, -0.038606943360998784], [-0.0010397847776839172, -0.038606943360998784, 0.1405826129720156]], "chi2_level": 0.99, "chi2_df": 3, "chi2_threshold": 11.344866730144373, "N_raw": 73, "N_roi": 73, "N_inlier": 72, "refit": true}
{"timestamp": "20:23:53.375107", "frame": 100, "mu": [-1.2715789374943636, 2.1743368290060765, -0.11387424026663204], "Sigma": [[0.012795672848202879, -0.0002645569158475666, -0.0013739761813657942], [-0.00026455691584756683, 0.011268986133356489, -0.022890656298567], [-0.0013739761813657946, -0.022890656298567, 0.06931183032829913]], "chi2_level": 0.99, "chi2_df": 3, "chi2_threshold": 11.344866730144373, "N_raw": 70, "N_roi": 70, "N_inlier": 67, "refit": true}
{"timestamp": "20:23:53.388364", "frame": 101, "mu": [-1.1949787109379724, 2.2632223978257695, -0.28431349332152944], "Sigma": [[0.008564370625754053, 0.000874355937911046, 7.455796862568676e-05], [0.0008743559379110459, 0.01547581642550335, -0.03664615712666081], [7.455796862568633e-05, -0.03664615712666082, 0.1120314587382705]], "chi2_level": 0.99, "chi2_df": 3, "chi2_threshold": 11.344866730144373, "N_raw": 55, "N_roi": 55, "N_inlier": 55, "refit": true}
{"timestamp": "20:23:53.419952", "frame": 102, "mu": [-1.2704810766118302, 2.2211837914330084, -0.11776795459995829], "Sigma": [[0.011028756965773375, 0.0013773462541039547, 0.002517119995849119], [0.0013773462541039545, 0.009438122751178824, -0.0040051948166041846], [0.0025171199958491184, -0.0040051948166041846, 0.03807384090811204]], "chi2_level": 0.99, "chi2_df": 3, "chi2_threshold": 11.344866730144373, "N_raw": 55, "N_roi": 55, "N_inlier": 53, "refit": true}
