{"timestamp": "20:07:52.219743", "frame": 10, "mu": [1.087115545479956, 1.297734338562583, 0.9066579476157994], "Sigma": [[0.001531045152950631, -0.0007794656851530756, -0.007270782859321194], [-0.0007794656851530756, 0.0038987464713672055, 0.016310700155136408], [-0.007270782859321194, 0.016310700155136408, 0.15826535689823612]], "chi2_level": 0.99, "chi2_df": 3, "chi2_threshold": 11.344866730144373, "N_raw": 12, "N_roi": 12, "N_inlier": 12, "refit": true}
{"timestamp": "20:07:52.281823", "frame": 11, "mu": [0.9961345897961851, 1.5879606826550041, -0.7095678226587366], "Sigma": [[0.006351243855994765, 0.00010768686419137642, -0.025312154756026252], [0.00010768686419137628, 0.00938318002662083, -0.051592411323181105], [-0.025312154756026252, -0.051592411323181105, 0.5155778591623926]], "chi2_level": 0.99, "chi2_df": 3, "chi2_threshold": 11.344866730144373, "N_raw": 60, "N_roi": 60, "N_inlier": 60, "refit": true}
{"timestamp": "20:07:52.336982", "frame": 12, "mu": [1.01718733550697, 1.3130604952706126, 0.8164153098007084], "Sigma": [[0.0059458528447024345, -0.007026813164635028, -0.01608945336549429], [-0.007026813164635028, 0.021377351747099343, 0.0769766882285329], [-0.01608945336549429, 0.0769766882285329, 0.3360891769384874]], "chi2_level": 0.99, "chi2_df": 3, "chi2_threshold": 11.344866730144373, "N_raw": 57, "N_roi": 57, "N_inlier": 56, "refit": true}
{"timestamp": "20:07:52.387136", "frame": 13, "mu": [1.023924861265615, 1.3797325224518704, 1.1714674648032746], "Sigma": [[0.009686492641755494, -0.01578293187078735, -0.022870680019825878], [-0.01578293187078735, 0.0481221523951896, 0.0678923192582136], [-0.022870680019825878, 0.0678923192582136, 0.10131039938734482]], "chi2_level": 0.99, "chi2_df": 3, "chi2_threshold": 11.344866730144373, "N_raw": 23, "N_roi": 23, "N_inlier": 20, "refit": true}
{"timestamp": "20:07:52.443432", "frame": 14, "mu": [0.9489107599893408, 1.379630279417521, 1.2864230175863147], "Sigma": [[0.0057807688174369145, -0.004599936493471326, -0.013346305895438924], [-0.004599936493471326, 0.007584441416625916, 0.0199698481588547], [-0.01334630589543892, 0.0199698481588547, 0.08780876546706003]], "chi2_level": 0.99, "chi2_df": 3, "chi2_threshold": 11.344866730144373, "N_raw": 31, "N_roi": 29, "N_inlier": 26, "refit": true}
{"timestamp": "20:07:52.505908", "frame": 15, "mu": [0.8555494133837217, 1.3416207170789594, 0.8330883922745529], "Sigma": [[0.020640275713922164, 0.003538752274346615, 0.08077426977048123], [0.003538752274346615, 0.005695122146405039, 0.027640854613400337], [0.08077426977048123, 0.02764085461340034, 0.44090560084775826]], "chi2_level": 0.99, "chi2_df": 3, "chi2_threshold": 11.344866730144373, "N_raw": 63, "N_roi": 63, "N_inlier": 60, "refit": true}
{"timestamp": "20:07:52.558569", "frame": 16, "mu": [0.8568917516347836, 1.343484443932013, 0.6376866019195141], "Sigma": [[0.02345936876508427, 0.007884152425324954, 0.058325090611610605], [0.007884152425324956, 0.012552073725168547, 0.058862506882620576], [0.058325090611610605, 0.058862506882620576, 0.3487678455456916]], "chi2_level": 0.99, "chi2_df": 3, "chi2_threshold": 11.344866730144373, "N_raw": 44, "N_roi": 44, "N_inlier": 43, "refit": true}
{"timestamp": "20:07:52.611028", "frame": 17, "mu": [0.8494069530597143, 1.3765060264483262, 1.0949872835100276], "Sigma": [[0.016486625682764537, 0.003434830156204158, 0.05386222935525442], [0.003434830156204158, 0.007032494639460106, 0.030176114296261648], [0.05386222935525442, 0.030176114296261648, 0.25798080876548185]], "chi2_level": 0.99, "chi2_df": 3, "chi2_threshold": 11.344866730144373, "N_raw": 29, "N_roi": 28, "N_inlier": 26, "refit": true}
{"timestamp": "20:07:52.666827", "frame": 18, "mu": [0.859671566738776, 1.3539041352121395, 1.2441724712127984], "Sigma": [[0.010106382934033301, -0.002861970163058128, 0.007237207917691365], [-0.002861970163058128, 0.003286556149561393, -8.039854239094143e-05], [0.007237207917691365, -8.039854239094127e-05, 0.035126053398642366]], "chi2_level": 0.99, "chi2_df": 3, "chi2_threshold": 11.344866730144373, "N_raw": 46, "N_roi": 46, "N_inlier": 41, "refit": true}
{"timestamp": "20:07:52.724773", "frame": 19, "mu": [0.8194369307355025, 1.494343272637429, -0.5417996171891564], "Sigma": [[0.004940207087538618, 0.0013984822879628159, 0.010152760232419178], [0.0013984822879628159, 0.00901490160773683, 0.026639137086724468], [0.010152760232419178, 0.026639137086724468, 0.17368913686723714]], "chi2_level": 0.99, "chi2_df": 3, "chi2_threshold": 11.344866730144373, "N_raw": 57, "N_roi": 57, "N_inlier": 52, "refit": true}
{"timestamp": "20:07:52.784787", "frame": 20, "mu": [0.6403110264793787, 1.598647333760768, -0.6288573737332835], "Sigma": [[0.01318417905521599, -0.011650300463535943, 0.047764199593067394], [-0.011650300463535943, 0.01852843003646029, -0.06569359936891794], [0.047764199593067394, -0.06569359936891794, 0.36244975706085064]], "chi2_level": 0.99, "chi2_df": 3, "chi2_threshold": 11.344866730144373, "N_raw": 89, "N_roi": 89, "N_inlier": 85, "refit": true}
{"timestamp": "20:07:52.837269", "frame": 21, "mu": [0.6955143090832616, 1.3348762740859446, 1.2211587448564742], "Sigma": [[0.0053723628556842555, -0.0030779197778581452, -0.009380170256482122], [-0.0030779197778581444, 0.007437867814846245, 0.012840807673462592], [-0.00938017025648212, 0.012840807673462592, 0.05564204197282261]], "chi2_level": 0.99, "chi2_df": 3, "chi2_threshold": 11.344866730144373, "N_raw": 69, "N_roi": 69, "N_inlier": 64, "refit": true}
{"timestamp": "20:07:52.893980", "frame": 22, "mu": [0.6268391111764993, 1.3422610918701856, 1.1545101010293108], "Sigma": [[0.003984726655404031, -0.0032314453571607245, -0.008645674734960921], [-0.0032314453571607245, 0.005900782170638605, 0.014069830237027847], [-0.008645674734960921, 0.014069830237027847, 0.06672642500235378]], "chi2_level": 0.99, "chi2_df": 3, "chi2_threshold": 11.344866730144373, "N_raw": 68, "N_roi": 68, "N_inlier": 68, "refit": true}
{"timestamp": "20:07:52.945053", "frame": 23, "mu": [0.5468179023095296, 1.4876913029932803, -0.31460327798508625], "Sigma": [[0.004280749388991246, -0.0007074937423594432, -0.0034438463607066178], [-0.0007074937423594432, 0.006391892359402619, 0.0009592006087522217], [-0.0034438463607066178, 0.0009592006087522215, 0.0038516584210798238]], "chi2_level": 0.99, "chi2_df": 3, "chi2_threshold": 11.344866730144373, "N_raw": 57, "N_roi": 57, "N_inlier": 55, "refit": true}
{"timestamp": "20:07:53.000229", "frame": 24, "mu": [0.49459749490020527, 1.4825177530035438, -0.3930336882171963], "Sigma": [[0.004425196207807946, -1.863624212363523e-05, -0.001434636273750272], [-1.863624212363523e-05, 0.004392885342833716, -0.0014027139244965224], [-0.0014346362737502718, -0.0014027139244965226, 0.009055694370898705]], "chi2_level": 0.99, "chi2_df": 3, "chi2_threshold": 11.344866730144373, "N_raw": 59, "N_roi": 59, "N_inlier": 57, "refit": true}
{"timestamp": "20:07:53.055014", "frame": 25, "mu": [0.43182294597557824, 1.4014004397407454, 1.3430063968214279], "Sigma": [[0.004771142822921909, -0.0024698261600740647, -0.005763199497465468], [-0.0024698261600740647, 0.009667594142014228, 0.005030001410213649], [-0.005763199497465468, 0.005030001410213649, 0.008490784155805306]], "chi2_level": 0.99, "chi2_df": 3, "chi2_threshold": 11.344866730144373, "N_raw": 61, "N_roi": 61, "N_inlier": 58, "refit": true}
{"timestamp": "20:07:53.112794", "frame": 26, "mu": [0.37853361218116627, 1.3702354251995423, 1.1819031206409591], "Sigma": [[0.004456960972170209, -0.0009358381615567327, -0.0021638886433245855], [-0.0009358381615567327, 0.006694800678624955, 0.0010686772161190114], [-0.0021638886433245855, 0.0010686772161190114, 0.017221903608799695]], "chi2_level": 0.99, "chi2_df": 3, "chi2_threshold": 11.344866730144373, "N_raw": 77, "N_roi": 77, "N_inlier": 73, "refit": true}
{"timestamp": "20:07:53.164685", "frame": 27, "mu": [0.2885593962868197, 1.5044309172401402, 1.510966867095229], "Sigma": [[0.003701760268474124, 0.0004290773312736806, -0.002198483155233514], [0.0004290773312736805, 0.004033392618713552, -0.0016685982080202244], [-0.002198483155233514, -0.0016685982080202246, 0.0020993198245462053]], "chi2_level": 0.99, "chi2_df": 3, "chi2_threshold": 11.344866730144373, "N_raw": 54, "N_roi": 54, "N_inlier": 51, "refit": true}
{"timestamp": "20:07:53.221365", "frame": 28, "mu": [0.21227899203923123, 1.4926592927799789, -1.0728386222724486], "Sigma": [[0.007795626350782935, 0.0017591507257162292, 0.04151028117710695], [0.0017591507257162292, 0.006370630968576656, 0.03326495783818102], [0.04151028117710695, 0.03326495783818102, 0.7163961815515897]], "chi2_level": 0.99, "chi2_df": 3, "chi2_threshold": 11.344866730144373, "N_raw": 63, "N_roi": 63, "N_inlier": 62, "refit": true}
{"timestamp": "20:07:53.271495", "frame": 29, "mu": [0.10229919953264406, 1.693347760732208, -0.3860349178346579], "Sigma": [[0.0037664615552717527, 0.00015039827247913514, -0.011352991243222426], [0.00015039827247913492, 0.013669229662716624, -0.037612267800942296], [-0.011352991243222425, -0.037612267800942296, 0.2409185529304148]], "chi2_level": 0.99, "chi2_df": 3, "chi2_threshold": 11.344866730144373, "N_raw": 33, "N_roi": 33, "N_inlier": 32, "refit": true}
{"timestamp": "20:07:53.333058", "frame": 30, "mu": [0.10935037435432624, 1.4894448198930175, 1.3623614873622303], "Sigma": [[0.005228850184508001, -0.002270511475121341, -0.005520623305108453], [-0.002270511475121341, 0.010640642574807293, 0.020999631335417834], [-0.005520623305108453, 0.02099963133541783, 0.07875479782596881]], "chi2_level": 0.99, "chi2_df": 3, "chi2_threshold": 11.344866730144373, "N_raw": 80, "N_roi": 80, "N_inlier": 77, "refit": true}
{"timestamp": "20:07:53.392218", "frame": 31, "mu": [0.05237305448553984, 1.5476032964335549, 1.3859709272168592], "Sigma": [[0.005136254450071164, -0.0019187004834457964, -0.0025354926392582213], [-0.0019187004834457966, 0.009867077660519658, 0.012360107584655364], [-0.0025354926392582213, 0.012360107584655368, 0.0704909630859456]], "chi2_level": 0.99, "chi2_df": 3, "chi2_threshold": 11.344866730144373, "N_raw": 104, "N_roi": 104, "N_inlier": 100, "refit": true}
{"timestamp": "20:07:53.443254", "frame": 32, "mu": [0.006195819821958247, 1.6670423954772813, -0.12892774661877887], "Sigma": [[0.004777545586715931, 0.0006967016928638687, -0.004702855305786713], [0.0006967016928638686, 0.006360780544226619, -0.004095538590246444], [-0.004702855305786713, -0.004095538590246444, 0.022946923832703862]], "chi2_level": 0.99, "chi2_df": 3, "chi2_threshold": 11.344866730144373, "N_raw": 79, "N_roi": 77, "N_inlier": 73, "refit": true}
{"timestamp": "20:07:53.497177", "frame": 33, "mu": [-0.09313900654200244, 1.647759500778738, -0.5184645355762495], "Sigma": [[0.005735401778002154, 0.00200311430691666, 0.02959302693198569], [0.00200311430691666, 0.013130053529361868, -0.0031076261238679593], [0.02959302693198569, -0.0031076261238679598, 0.3093895571781578]], "chi2_level": 0.99, "chi2_df": 3, "chi2_threshold": 11.344866730144373, "N_raw": 71, "N_roi": 68, "N_inlier": 66, "refit": true}
{"timestamp": "20:07:53.551175", "frame": 34, "mu": [-0.06720412364880496, 1.5991911527544853, 1.4378283996408303], "Sigma": [[0.0036933182126571203, 0.00023700678169643978, 0.0008604088156035223], [0.00023700678169643978, 0.013071228229272333, 0.006963981576132521], [0.0008604088156035224, 0.00696398157613252, 0.012281930471920803]], "chi2_level": 0.99, "chi2_df": 3, "chi2_threshold": 11.344866730144373, "N_raw": 66, "N_roi": 66, "N_inlier": 62, "refit": true}
{"timestamp": "20:07:53.606032", "frame": 35, "mu": [-0.1489938749209041, 1.5355553979365608, 1.3664137909145668], "Sigma": [[0.005067466331541456, 0.00042379030428875306, -0.0006746757562221059], [0.00042379030428875295, 0.01245829251364188, 0.008805485470615975], [-0.000674675756222106, 0.008805485470615975, 0.00860244945654875]], "chi2_level": 0.99, "chi2_df": 3, "chi2_threshold": 11.344866730144373, "N_raw": 62, "N_roi": 62, "N_inlier": 59, "refit": true}
{"timestamp": "20:07:53.659234", "frame": 36, "mu": [-0.2483484347120211, 1.772564110815602, -0.09554355693689813], "Sigma": [[0.0058519422802698244, -0.0008810746792647628, -0.00463398337606408], [-0.0008810746792647628, 0.005153229750972202, -0.00043719344605724626], [-0.0046339833760640796, -0.00043719344605724653, 0.010320389857836001]], "chi2_level": 0.99, "chi2_df": 3, "chi2_threshold": 11.344866730144373, "N_raw": 59, "N_roi": 59, "N_inlier": 54, "refit": true}
{"timestamp": "20:07:53.719626", "frame": 37, "mu": [-0.260074255629275, 1.6781567217416975, 1.0658319711675674], "Sigma": [[0.006492913752786686, -0.0019485116526436557, -0.0050871421213896685], [-0.0019485116526436561, 0.011041184326574994, 0.059103308210371755], [-0.0050871421213896685, 0.05910330821037175, 0.5237438866271659]], "chi2_level": 0.99, "chi2_df": 3, "chi2_threshold": 11.344866730144373, "N_raw": 94, "N_roi": 91, "N_inlier": 91, "refit": true}
{"timestamp": "20:07:53.771983", "frame": 38, "mu": [-0.29525486718173116, 1.7237139572595943, 1.3169347437945444], "Sigma": [[0.004942364620670453, 0.0024383245937154062, -0.0011439136824780273], [0.0024383245937154062, 0.00744684776374305, 0.00020334164688446895], [-0.0011439136824780275, 0.0002033416468844694, 0.0199684330992547]], "chi2_level": 0.99, "chi2_df": 3, "chi2_threshold": 11.344866730144373, "N_raw": 66, "N_roi": 66, "N_inlier": 62, "refit": true}
{"timestamp": "20:07:53.831527", "frame": 39, "mu": [-0.422441860211976, 1.6575377291907187, 0.9706713901376085], "Sigma": [[0.007372465952174423, 0.0005281567357431445, 0.01351059017325528], [0.0005281567357431445, 0.010283468846734341, 0.030569219413665076], [0.013510590173255281, 0.030569219413665076, 0.4958401775842424]], "chi2_level": 0.99, "chi2_df": 3, "chi2_threshold": 11.344866730144373, "N_raw": 103, "N_roi": 103, "N_inlier": 103, "refit": true}
{"timestamp": "20:07:53.891343", "frame": 40, "mu": [-0.4383395178332316, 1.7085582113952174, -0.18127572759281624], "Sigma": [[0.013078364999991082, 7.585686401747152e-05, 0.06895955725259342], [7.585686401747128e-05, 0.00870977940433892, 0.02778969190680037], [0.06895955725259342, 0.02778969190680037, 0.8122027062574866]], "chi2_level": 0.99, "chi2_df": 3, "chi2_threshold": 11.344866730144373, "N_raw": 133, "N_roi": 133, "N_inlier": 133, "refit": true}
{"timestamp": "20:07:53.942096", "frame": 41, "mu": [-0.4910810913341461, 1.7563520752514787, 1.2256007034346734], "Sigma": [[0.007910089366564803, 0.0016699676355377401, -0.006654139592648552], [0.0016699676355377401, 0.005909488876969292, 0.010565366548311543], [-0.006654139592648552, 0.010565366548311545, 0.1491497066960771]], "chi2_level": 0.99, "chi2_df": 3, "chi2_threshold": 11.344866730144373, "N_raw": 103, "N_roi": 101, "N_inlier": 99, "refit": true}
{"timestamp": "20:07:54.002690", "frame": 42, "mu": [-0.5036030659014755, 1.7792905069691802, 1.0235173405289106], "Sigma": [[0.00940605801195402, 0.0014520644201863912, -0.010134803051983022], [0.0014520644201863912, 0.005408142645592644, -0.00013690678292309572], [-0.01013480305198302, -0.00013690678292309529, 0.21864564804117878]], "chi2_level": 0.99, "chi2_df": 3, "chi2_threshold": 11.344866730144373, "N_raw": 139, "N_roi": 139, "N_inlier": 136, "refit": true}
{"timestamp": "20:07:54.052289", "frame": 43, "mu": [-0.5861560457357842, 1.9328494491308839, 0.027373375769139972], "Sigma": [[0.006201053971467038, -0.0029357931461686387, 0.02508129298804672], [-0.0029357931461686383, 0.015680899277765847, -0.039330329470893204], [0.02508129298804672, -0.03933032947089321, 0.3182533899396152]], "chi2_level": 0.99, "chi2_df": 3, "chi2_threshold": 11.344866730144373, "N_raw": 103, "N_roi": 103, "N_inlier": 103, "refit": true}
{"timestamp": "20:07:54.106516", "frame": 44, "mu": [-0.6119458070830015, 1.8659626566722045, 1.0857619052539917], "Sigma": [[0.008386320393307172, 0.0012153426554068134, 0.011350567919355565], [0.0012153426554068134, 0.007371016082654025, 0.00814317573309498], [0.011350567919355563, 0.008143175733094978, 0.21501311324569983]], "chi2_level": 0.99, "chi2_df": 3, "chi2_threshold": 11.344866730144373, "N_raw": 95, "N_roi": 95, "N_inlier": 94, "refit": true}
{"timestamp": "20:07:54.164300", "frame": 45, "mu": [-0.6404916411804482, 1.9327621931739714, 0.8531872988173017], "Sigma": [[0.010524394817951864, -0.00023673248614439804, -0.012828232802901123], [-0.0002367324861443981, 0.007812863893731814, -0.0006841993526349832], [-0.012828232802901123, -0.0006841993526349823, 0.48928963931279373]], "chi2_level": 0.99, "chi2_df": 3, "chi2_threshold": 11.344866730144373, "N_raw": 120, "N_roi": 120, "N_inlier": 120, "refit": true}
{"timestamp": "20:07:54.216687", "frame": 46, "mu": [-0.5803223935311181, 1.9567649359370518, 0.9741616354513216], "Sigma": [[0.017130246616482034, 0.0036173466879888543, 0.008796447601674487], [0.0036173466879888547, 0.004926969910499528, 0.012055195402269386], [0.008796447601674489, 0.012055195402269389, 0.34964477270049066]], "chi2_level": 0.99, "chi2_df": 3, "chi2_threshold": 11.344866730144373, "N_raw": 108, "N_roi": 108, "N_inlier": 108, "refit": true}
{"timestamp": "20:07:54.270174", "frame": 47, "mu": [-0.7114890746369159, 2.127305548333565, -0.43676104053856885], "Sigma": [[0.010997172998867023, 0.004598278291236525, 0.02061401335327065], [0.004598278291236525, 0.028940245825301657, -0.031869879799743484], [0.02061401335327065, -0.031869879799743484, 0.19803560074548268]], "chi2_level": 0.99, "chi2_df": 3, "chi2_threshold": 11.344866730144373, "N_raw": 88, "N_roi": 88, "N_inlier": 86, "refit": true}
{"timestamp": "20:07:54.329126", "frame": 48, "mu": [-0.7206277895887002, 1.9693600250652046, 0.9392668048079468], "Sigma": [[0.012579002796272259, -0.0026963806213819, -0.013492351590204666], [-0.0026963806213819, 0.01313074738672151, 0.04655126827190176], [-0.01349235159020467, 0.04655126827190176, 0.2585269283453265]], "chi2_level": 0.99, "chi2_df": 3, "chi2_threshold": 11.344866730144373, "N_raw": 119, "N_roi": 119, "N_inlier": 116, "refit": true}
{"timestamp": "20:07:54.385749", "frame": 49, "mu": [-0.7029655383118256, 2.1070685705426433, 0.98206859569503], "Sigma": [[0.011092546781972508, 0.0014512029118808468, 0.008599085900827436], [0.0014512029118808473, 0.006706567139497295, 0.006229353521546979], [0.00859908590082744, 0.00622935352154698, 0.23050946070074924]], "chi2_level": 0.99, "chi2_df": 3, "chi2_threshold": 11.344866730144373, "N_raw": 124, "N_roi": 124, "N_inlier": 123, "refit": true}
{"timestamp": "20:07:54.440574", "frame": 50, "mu": [-0.7534634193959538, 2.318715054385472, 0.07519143652218667], "Sigma": [[0.018789006058260338, -0.017247854154436713, 0.10524672330266056], [-0.017247854154436713, 0.02823881359807444, -0.10549464707560857], [0.10524672330266056, -0.10549464707560857, 0.7411254293684448]], "chi2_level": 0.99, "chi2_df": 3, "chi2_threshold": 11.344866730144373, "N_raw": 125, "N_roi": 125, "N_inlier": 125, "refit": true}
{"timestamp": "20:07:54.495968", "frame": 51, "mu": [-0.7414243199339323, 2.2234690699732536, 0.7679715808944987], "Sigma": [[0.02596436178119784, -0.0002005045208673371, 0.07337615437608418], [-0.00020050452086733733, 0.004711722514580214, -0.000965830863504303], [0.07337615437608418, -0.000965830863504302, 0.4270746844581273]], "chi2_level": 0.99, "chi2_df": 3, "chi2_threshold": 11.344866730144373, "N_raw": 133, "N_roi": 133, "N_inlier": 131, "refit": true}
{"timestamp": "20:07:54.546359", "frame": 52, "mu": [-0.6915400056581376, 2.276061268793576, 1.1970360777829419], "Sigma": [[0.012992427117811362, 0.0018552935280148582, 0.007977876320717434], [0.0018552935280148584, 0.0071256986992491896, 0.004658924792872078], [0.00797787632071743, 0.004658924792872077, 0.12466055521080546]], "chi2_level": 0.99, "chi2_df": 3, "chi2_threshold": 11.344866730144373, "N_raw": 101, "N_roi": 100, "N_inlier": 97, "refit": true}
{"timestamp": "20:07:54.606381", "frame": 53, "mu": [-0.7689304233800781, 2.337618593797484, 0.9867614350961458], "Sigma": [[0.02177669385271811, -0.0036280003891518016, 0.018417171617274984], [-0.003628000389151802, 0.004711898118721263, -0.017190030418712515], [0.018417171617274984, -0.017190030418712515, 0.10029487412079321]], "chi2_level": 0.99, "chi2_df": 3, "chi2_threshold": 11.344866730144373, "N_raw": 130, "N_roi": 130, "N_inlier": 126, "refit": true}
{"timestamp": "20:07:54.657384", "frame": 54, "mu": [-0.7568968802713216, 2.396026363924981, 1.1333752975564078], "Sigma": [[0.016487529306353377, -0.002073179148023031, 0.01349263020088044], [-0.002073179148023031, 0.005879793067412085, -0.015321984588681687], [0.01349263020088044, -0.015321984588681687, 0.12662283216675277]], "chi2_level": 0.99, "chi2_df": 3, "chi2_threshold": 11.344866730144373, "N_raw": 106, "N_roi": 106, "N_inlier": 103, "refit": true}
{"timestamp": "20:07:54.715311", "frame": 55, "mu": [-0.7689760636005606, 2.4479264958656968, 0.7321701952149008], "Sigma": [[0.015864915341988545, -0.0012443055557071541, 0.019310878862473225], [-0.0012443055557071544, 0.00582893286835181, -0.012833018748472352], [0.019310878862473225, -0.012833018748472352, 0.4497690553108895]], "chi2_level": 0.99, "chi2_df": 3, "chi2_threshold": 11.344866730144373, "N_raw": 127, "N_roi": 127, "N_inlier": 127, "refit": true}
{"timestamp": "20:07:54.760963", "frame": 56, "mu": [-0.7802900386233799, 2.4671977823867177, 1.1640658311901568], "Sigma": [[0.008119010283449577, 0.0015128105955690735, -0.007080331719441665], [0.0015128105955690735, 0.004949717651027748, -0.01300378229841707], [-0.007080331719441664, -0.01300378229841707, 0.16284601289493858]], "chi2_level": 0.99, "chi2_df": 3, "chi2_threshold": 11.344866730144373, "N_raw": 57, "N_roi": 57, "N_inlier": 55, "refit": true}
{"timestamp": "20:07:54.816451", "frame": 57, "mu": [-0.7439526285329735, 2.5499655435034203, 1.1905889555704612], "Sigma": [[0.009840181509953813, 0.0019500245427432105, -0.01254584941884962], [0.0019500245427432105, 0.0040305514699553015, -0.004605060771289635], [-0.012545849418849623, -0.004605060771289635, 0.07458414207310629]], "chi2_level": 0.99, "chi2_df": 3, "chi2_threshold": 11.344866730144373, "N_raw": 73, "N_roi": 73, "N_inlier": 71, "refit": true}
{"timestamp": "20:07:54.871663", "frame": 58, "mu": [-0.8135221096939649, 2.682954061324643, -0.5898230767500373], "Sigma": [[0.01622791007070825, 0.004759095472316172, 0.04441920787133334], [0.004759095472316172, 0.009824033290610995, 0.015502835905323071], [0.04441920787133334, 0.015502835905323071, 0.16641540013683634]], "chi2_level": 0.99, "chi2_df": 3, "chi2_threshold": 11.344866730144373, "N_raw": 64, "N_roi": 64, "N_inlier": 61, "refit": true}
{"timestamp": "20:07:54.924622", "frame": 59, "mu": [-0.743924365778539, 2.8440571772044527, -0.5075501863062691], "Sigma": [[0.00816953202021292, -0.003020377878204023, 0.0038243928161534042], [-0.003020377878204023, 0.009772744772959014, -0.03340496605147014], [0.003824392816153404, -0.03340496605147014, 0.15085116407105317]], "chi2_level": 0.99, "chi2_df": 3, "chi2_threshold": 11.344866730144373, "N_raw": 56, "N_roi": 56, "N_inlier": 55, "refit": true}
{"timestamp": "20:07:54.978153", "frame": 60, "mu": [-0.7779265337796651, 2.685451011887294, 0.8435822298500373], "Sigma": [[0.009117659370733354, 0.0002384201228355842, -0.005268594537006899], [0.00023842012283558416, 0.005845776156769059, 0.01544851767527572], [-0.005268594537006899, 0.01544851767527572, 0.08797431770546109]], "chi2_level": 0.99, "chi2_df": 3, "chi2_threshold": 11.344866730144373, "N_raw": 52, "N_roi": 52, "N_inlier": 48, "refit": true}
{"timestamp": "20:07:55.038767", "frame": 61, "mu": [-0.7246986543616896, 2.7286941021038005, 1.266373538422632], "Sigma": [[0.01579865983221025, -0.0020593671287317747, -0.0040644583812681715], [-0.0020593671287317747, 0.005779417275752904, -0.0032122872826179354], [-0.0040644583812681715, -0.0032122872826179354, 0.01140249039653525]], "chi2_level": 0.99, "chi2_df": 3, "chi2_threshold": 11.344866730144373, "N_raw": 82, "N_roi": 82, "N_inlier": 77, "refit": true}
{"timestamp": "20:07:55.092600", "frame": 62, "mu": [-0.7650072663616844, 2.9214293935494995, -0.27473575315970056], "Sigma": [[0.017070406784020976, -0.005047360446136705, 0.03382463653770626], [-0.005047360446136705, 0.021370786802714113, -0.03637041632186781], [0.03382463653770626, -0.03637041632186781, 0.1779771279413013]], "chi2_level": 0.99, "chi2_df": 3, "chi2_threshold": 11.344866730144373, "N_raw": 77, "N_roi": 77, "N_inlier": 74, "refit": true}
{"timestamp": "20:07:55.145941", "frame": 63, "mu": [-0.7384015027969776, 2.835145522304724, 1.194319241489561], "Sigma": [[0.012827045401479635, -0.00338706703931126, -0.0013550382840965295], [-0.0033870670393112605, 0.0034791997265983116, -0.006099719572345222], [-0.0013550382840965295, -0.006099719572345223, 0.03472212725775853]], "chi2_level": 0.99, "chi2_df": 3, "chi2_threshold": 11.344866730144373, "N_raw": 62, "N_roi": 62, "N_inlier": 59, "refit": true}
{"timestamp": "20:07:55.199071", "frame": 64, "mu": [-0.7244184002841343, 2.900244507942401, 1.175399287729795], "Sigma": [[0.01111481276091752, -0.0032067408467672297, 0.0140178365915481], [-0.0032067408467672297, 0.0037086934297965012, -0.008023044235115474], [0.014017836591548101, -0.008023044235115472, 0.11068159605857336]], "chi2_level": 0.99, "chi2_df": 3, "chi2_threshold": 11.344866730144373, "N_raw": 49, "N_roi": 49, "N_inlier": 47, "refit": true}
{"timestamp": "20:07:55.254170", "frame": 65, "mu": [-0.7243912135800809, 3.0551787792925658, -0.14276755412265207], "Sigma": [[0.012688767974856295, -0.007845704361229439, 0.020511867667416014], [-0.007845704361229437, 0.026193865786034484, -0.07804464091531182], [0.020511867667416014, -0.07804464091531182, 0.28791899803232884]], "chi2_level": 0.99, "chi2_df": 3, "chi2_threshold": 11.344866730144373, "N_raw": 58, "N_roi": 58, "N_inlier": 58, "refit": true}
{"timestamp": "20:07:55.311419", "frame": 66, "mu": [-0.6661504263434693, 2.8986650220958845, 0.9212492972219986], "Sigma": [[0.014716304455045867, 9.212582461753969e-05, 0.02715998952974486], [9.21258246175396e-05, 0.0034585241822925536, 0.0030312074599665962], [0.027159989529744858, 0.003031207459966596, 0.26765773830741374]], "chi2_level": 0.99, "chi2_df": 3, "chi2_threshold": 11.344866730144373, "N_raw": 69, "N_roi": 69, "N_inlier": 68, "refit": true}
{"timestamp": "20:07:55.363628", "frame": 67, "mu": [-0.6852646171336864, 2.9814474065655827, 0.9078292633519288], "Sigma": [[0.016109013694695452, 9.202134601291819e-05, 0.031084427011174115], [9.202134601291826e-05, 0.0012590277462185791, 6.736623325887399e-05], [0.031084427011174115, 6.736623325887431e-05, 0.17053045425259847]], "chi2_level": 0.99, "chi2_df": 3, "chi2_threshold": 11.344866730144373, "N_raw": 50, "N_roi": 50, "N_inlier": 48, "refit": true}
{"timestamp": "20:07:55.421226", "frame": 68, "mu": [-0.7011269080995782, 3.0741932075305693, 0.8149309500880395], "Sigma": [[0.028256706334868795, 0.012235900584889313, -0.021498127366412975], [0.012235900584889312, 0.008201649743382769, -0.009230428092736324], [-0.02149812736641297, -0.009230428092736323, 0.3992536272826608]], "chi2_level": 0.99, "chi2_df": 3, "chi2_threshold": 11.344866730144373, "N_raw": 62, "N_roi": 62, "N_inlier": 62, "refit": true}
{"timestamp": "20:07:55.477153", "frame": 69, "mu": [-0.5817222528207453, 3.054797430418336, 1.272993412375773], "Sigma": [[0.017752242347801355, -0.0006214423419398393, -0.02353557056059314], [-0.0006214423419398391, 0.00869111288925412, -0.002138448637299021], [-0.02353557056059314, -0.0021384486372990215, 0.1554618563496125]], "chi2_level": 0.99, "chi2_df": 3, "chi2_threshold": 11.344866730144373, "N_raw": 75, "N_roi": 73, "N_inlier": 70, "refit": true}
{"timestamp": "20:07:55.532279", "frame": 70, "mu": [-0.5935538531916846, 3.0804689296244523, 1.272841153887164], "Sigma": [[0.019801409886951345, 0.0005735465927177618, 0.01579011621001003], [0.0005735465927177618, 0.0056222384606922264, 0.0037373045288316537], [0.015790116210010023, 0.0037373045288316533, 0.19440502686732128]], "chi2_level": 0.99, "chi2_df": 3, "chi2_threshold": 11.344866730144373, "N_raw": 67, "N_roi": 64, "N_inlier": 63, "refit": true}
{"timestamp": "20:07:55.581712", "frame": 71, "mu": [-0.6705586276727663, 3.0849794095949283, 0.7788557963113689], "Sigma": [[0.026558818194867974, -0.0015966782080087064, 0.07383806188623762], [-0.0015966782080087062, 0.0025171354276584683, -0.011079821573594842], [0.07383806188623762, -0.011079821573594844, 0.31377173822917304]], "chi2_level": 0.99, "chi2_df": 3, "chi2_threshold": 11.344866730144373, "N_raw": 36, "N_roi": 34, "N_inlier": 32, "refit": true}
{"timestamp": "20:07:55.639273", "frame": 72, "mu": [-0.5073508633785782, 3.1127195686196836, 0.96864970083753], "Sigma": [[0.02894478893303578, -0.007068531837266842, 0.035749476144865754], [-0.007068531837266842, 0.004888867479848284, -0.01916478194943899], [0.03574947614486575, -0.01916478194943899, 0.16526663673556266]], "chi2_level": 0.99, "chi2_df": 3, "chi2_threshold": 11.344866730144373, "N_raw": 59, "N_roi": 59, "N_inlier": 58, "refit": true}
{"timestamp": "20:07:55.688405", "frame": 73, "mu": [-0.45439325535660857, 3.284727886360416, 0.005160543242872188], "Sigma": [[0.007645732367199176, -0.007526073665297243, 0.02359951421056359], [-0.007526073665297244, 0.021373677964362372, -0.06457387747914439], [0.02359951421056359, -0.06457387747914439, 0.20180204994069098]], "chi2_level": 0.99, "chi2_df": 3, "chi2_threshold": 11.344866730144373, "N_raw": 18, "N_roi": 17, "N_inlier": 17, "refit": true}
{"timestamp": "20:07:55.750977", "frame": 74, "mu": [-0.3966990644826803, 3.144206595450011, 1.208753509512591], "Sigma": [[0.020099093840260412, 0.0003419879692600479, -0.005175143318911795], [0.00034198796926004785, 0.0035960086715594317, -0.006147041849432391], [-0.005175143318911794, -0.006147041849432391, 0.017158105140051783]], "chi2_level": 0.99, "chi2_df": 3, "chi2_threshold": 11.344866730144373, "N_raw": 70, "N_roi": 70, "N_inlier": 67, "refit": true}
{"timestamp": "20:07:55.803325", "frame": 75, "mu": [-0.3426263982273448, 3.152989819007257, 1.2660806743194903], "Sigma": [[0.014354228626500555, -0.0022602200562165603, -0.006323172386645066], [-0.0022602200562165608, 0.004408536005625259, 2.371390425467474e-05], [-0.006323172386645065, 2.3713904254674633e-05, 0.004255622395671386]], "chi2_level": 0.99, "chi2_df": 3, "chi2_threshold": 11.344866730144373, "N_raw": 48, "N_roi": 47, "N_inlier": 45, "refit": true}
{"timestamp": "20:07:55.852265", "frame": 76, "mu": [-0.2855350357942157, 3.0556773541396334, -0.47878707531447184], "Sigma": [[0.02073998411690386, -0.13149005006013692, 0.01732218763538719], [-0.13149005006013692, 1.0602518055671954, -0.2423768743237402], [0.01732218763538719, -0.2423768743237402, 0.44520453755844425]], "chi2_level": 0.99, "chi2_df": 3, "chi2_threshold": 11.344866730144373, "N_raw": 11, "N_roi": 11, "N_inlier": 11, "refit": true}
{"timestamp": "20:07:55.913957", "frame": 77, "mu": [-0.2884248683638731, 3.214089925224609, 1.255135153963936], "Sigma": [[0.015055415359021699, -0.0002659963786300428, -0.002267285059625896], [-0.0002659963786300427, 0.002696013256065379, -0.003944539350453401], [-0.0022672850596258958, -0.0039445393504534, 0.011923062662537039]], "chi2_level": 0.99, "chi2_df": 3, "chi2_threshold": 11.344866730144373, "N_raw": 57, "N_roi": 53, "N_inlier": 50, "refit": true}
{"timestamp": "20:07:55.968383", "frame": 78, "mu": [-0.20035622098240086, 3.193870411583105, 1.2267348550534798], "Sigma": [[0.014136678352283216, 0.0008327108385784188, -0.007669745354077108], [0.0008327108385784189, 0.0016053597769546363, -0.0032323780316372134], [-0.0076697453540771066, -0.0032323780316372134, 0.023724034041248662]], "chi2_level": 0.99, "chi2_df": 3, "chi2_threshold": 11.344866730144373, "N_raw": 49, "N_roi": 48, "N_inlier": 45, "refit": true}
{"timestamp": "20:07:56.026434", "frame": 79, "mu": [-0.17661868508447787, 3.153961528514944, 0.6084442874876784], "Sigma": [[0.015493000045054531, 0.0028084955221054386, 0.03326926957425569], [0.0028084955221054386, 0.003291132897500911, 0.022556410050636314], [0.03326926957425569, 0.022556410050636314, 0.5128936677909223]], "chi2_level": 0.99, "chi2_df": 3, "chi2_threshold": 11.344866730144373, "N_raw": 66, "N_roi": 66, "N_inlier": 65, "refit": true}
{"timestamp": "20:07:56.079202", "frame": 80, "mu": [-0.16927165851650483, 3.241687354058414, 0.8146288559382654], "Sigma": [[0.01068710016076563, 0.0010212995962445316, 0.004222469243503358], [0.0010212995962445319, 0.004751138093229569, 0.0338902224914287], [0.004222469243503357, 0.0338902224914287, 0.440533657271411]], "chi2_level": 0.99, "chi2_df": 3, "chi2_threshold": 11.344866730144373, "N_raw": 59, "N_roi": 59, "N_inlier": 57, "refit": true}
{"timestamp": "20:07:56.132058", "frame": 81, "mu": [-0.04577263411743197, 3.308722156082698, 0.09319771870630027], "Sigma": [[0.01048301017921023, 0.0015485462160797136, -0.005701613059402212], [0.0015485462160797136, 0.015553841126496553, -0.044408212243480114], [-0.005701613059402213, -0.04440821224348011, 0.1679968323431553]], "chi2_level": 0.99, "chi2_df": 3, "chi2_threshold": 11.344866730144373, "N_raw": 40, "N_roi": 40, "N_inlier": 39, "refit": true}
{"timestamp": "20:07:56.189297", "frame": 82, "mu": [-0.08827735826686588, 3.2551690040801855, -0.7851147471657621], "Sigma": [[0.015454306027446353, 0.004757787435954694, 0.05422796532926264], [0.004757787435954693, 0.007870644388796947, 0.04437035469453259], [0.05422796532926264, 0.04437035469453259, 0.4812724417972969]], "chi2_level": 0.99, "chi2_df": 3, "chi2_threshold": 11.344866730144373, "N_raw": 55, "N_roi": 52, "N_inlier": 52, "refit": true}
{"timestamp": "20:07:56.242520", "frame": 83, "mu": [0.010437464124323146, 3.3091432828270357, 1.393764038025693], "Sigma": [[0.015275960002874291, -0.0010009290474890659, -0.005770261502764699], [-0.0010009290474890659, 0.0035095441778606727, -0.002094290336706435], [-0.005770261502764699, -0.002094290336706435, 0.009639992241082326]], "chi2_level": 0.99, "chi2_df": 3, "chi2_threshold": 11.344866730144373, "N_raw": 49, "N_roi": 49, "N_inlier": 49, "refit": true}
{"timestamp": "20:07:56.349140", "frame": 85, "mu": [0.14013374307658352, 3.200174204649549, 1.084272178344953], "Sigma": [[0.008104224469404326, -0.00038440871545167017, -0.004132787265224439], [-0.00038440871545167, 0.0026228436689446533, -0.000508254962664906], [-0.004132787265224439, -0.000508254962664906, 0.003836190715718925]], "chi2_level": 0.99, "chi2_df": 3, "chi2_threshold": 11.344866730144373, "N_raw": 27, "N_roi": 27, "N_inlier": 25, "refit": true}
{"timestamp": "20:07:56.403207", "frame": 86, "mu": [0.14433614892364138, 3.252839789423548, 1.1754521839295544], "Sigma": [[0.00629156231183577, 0.0024530251660367175, -0.017780684367049458], [0.0024530251660367175, 0.00705567779942315, -0.037797029898230104], [-0.017780684367049458, -0.03779702989823011, 0.2711721605309249]], "chi2_level": 0.99, "chi2_df": 3, "chi2_threshold": 11.344866730144373, "N_raw": 14, "N_roi": 14, "N_inlier": 13, "refit": true}
{"timestamp": "20:07:56.458906", "frame": 87, "mu": [0.1929125848422167, 3.297234626389321, 1.3703607267363798], "Sigma": [[0.009956607528182062, -0.0001789470409011499, -0.0023128245994346484], [-0.00017894704090114992, 0.0022990559852226, -0.00038348814876777417], [-0.0023128245994346493, -0.00038348814876777417, 0.001864247589305749]], "chi2_level": 0.99, "chi2_df": 3, "chi2_threshold": 11.344866730144373, "N_raw": 28, "N_roi": 28, "N_inlier": 27, "refit": true}
{"timestamp": "20:07:56.520553", "frame": 88, "mu": [0.28861551648737693, 3.2497883179032527, 1.2502436636903527], "Sigma": [[0.015617963547506232, 0.0006515305330855965, -0.0034116418836330864], [0.0006515305330855961, 0.0074158346780540734, 0.00047095463164078237], [-0.003411641883633087, 0.0004709546316407823, 0.002373223994502506]], "chi2_level": 0.99, "chi2_df": 3, "chi2_threshold": 11.344866730144373, "N_raw": 64, "N_roi": 64, "N_inlier": 62, "refit": true}
{"timestamp": "20:07:56.572300", "frame": 89, "mu": [0.32604147207889245, 3.321368608365696, -0.01741821403108562], "Sigma": [[0.01219503774494809, -0.0003011359925204189, -0.005444322125294526], [-0.00030113599252041883, 0.003966977292835583, -0.0032587182157126325], [-0.005444322125294527, -0.0032587182157126325, 0.006769461930508238]], "chi2_level": 0.99, "chi2_df": 3, "chi2_threshold": 11.344866730144373, "N_raw": 43, "N_roi": 43, "N_inlier": 41, "refit": true}
{"timestamp": "20:07:56.626881", "frame": 90, "mu": [0.3284935908712492, 3.273248951325632, 1.0718009395263226], "Sigma": [[0.015182540184958635, -0.0017660676034468468, -0.006821721531808944], [-0.0017660676034468468, 0.0018455784643856405, -0.0041597093909982955], [-0.0068217215318089434, -0.0041597093909982955, 0.02470766906538799]], "chi2_level": 0.99, "chi2_df": 3, "chi2_threshold": 11.344866730144373, "N_raw": 45, "N_roi": 44, "N_inlier": 41, "refit": true}
{"timestamp": "20:07:56.681393", "frame": 91, "mu": [0.45766015946193067, 3.2078462483953842, 1.212850448216659], "Sigma": [[0.011410941668946569, -0.0004579019070165, -0.004059074872686095], [-0.0004579019070165, 0.0012482125548224192, -0.002081780187739174], [-0.004059074872686095, -0.002081780187739174, 0.007238012166663165]], "chi2_level": 0.99, "chi2_df": 3, "chi2_threshold": 11.344866730144373, "N_raw": 34, "N_roi": 34, "N_inlier": 30, "refit": true}
{"timestamp": "20:07:56.738535", "frame": 92, "mu": [0.4677857048355543, 3.174785430057079, 1.1578783214064974], "Sigma": [[0.012129898437130736, -0.001777575836130835, -0.0044543229998942925], [-0.0017775758361308347, 0.002265974080948418, -0.002857350529233803], [-0.0044543229998942925, -0.0028573505292338024, 0.018802443835815565]], "chi2_level": 0.99, "chi2_df": 3, "chi2_threshold": 11.344866730144373, "N_raw": 52, "N_roi": 51, "N_inlier": 47, "refit": true}
{"timestamp": "20:07:56.788048", "frame": 93, "mu": [0.5099770932413834, 3.1867789268357556, 1.2468070896560406], "Sigma": [[0.0031547758644981895, -0.0002858892280332719, -0.0014547167645176818], [-0.000285889228033272, 0.005743339558367237, -0.025756712953053887], [-0.0014547167645176816, -0.02575671295305389, 0.20351032342437267]], "chi2_level": 0.99, "chi2_df": 3, "chi2_threshold": 11.344866730144373, "N_raw": 17, "N_roi": 17, "N_inlier": 17, "refit": true}
{"timestamp": "20:07:56.849791", "frame": 94, "mu": [0.5402364808671876, 3.1114872697671743, 1.016754307867838], "Sigma": [[0.014039888858903334, -0.002513342466620338, -0.010896321676396658], [-0.002513342466620338, 0.002118018874803515, -0.0014150617619516906], [-0.010896321676396656, -0.0014150617619516906, 0.017894190112254668]], "chi2_level": 0.99, "chi2_df": 3, "chi2_threshold": 11.344866730144373, "N_raw": 47, "N_roi": 47, "N_inlier": 47, "refit": true}
{"timestamp": "20:07:56.898027", "frame": 95, "mu": [0.6167582452705664, 3.0670238020924883, 1.144606898755079], "Sigma": [[0.006720148179863632, 5.497358478484711e-05, -2.8130405525566818e-05], [5.497358478484689e-05, 0.0015580135272495095, -0.0004336945526525762], [-2.813040552556683e-05, -0.00043369455265257625, 0.00012182697721912537]], "chi2_level": 0.99, "chi2_df": 3, "chi2_threshold": 11.344866730144373, "N_raw": 17, "N_roi": 17, "N_inlier": 16, "refit": true}
{"timestamp": "20:07:56.956647", "frame": 96, "mu": [0.644186190212612, 3.012211052334259, 1.0627040218136525], "Sigma": [[0.011615059641341458, -0.0009966807609807856, 0.002675509233030576], [-0.0009966807609807853, 0.0017052002808729083, -0.0023089560710579018], [0.0026755092330305757, -0.0023089560710579018, 0.009698380864953336]], "chi2_level": 0.99, "chi2_df": 3, "chi2_threshold": 11.344866730144373, "N_raw": 41, "N_roi": 41, "N_inlier": 38, "refit": true}
