{"timestamp": "20:29:20.012400", "frame": 1, "mu": [0.9737269566386362, 1.371159101832778, 1.447776654376362], "Sigma": [[0.005546393260337894, -0.0024163584815145253, -0.005570500757445313], [-0.002416358481514525, 0.004507035875754089, 0.0028076891218346547], [-0.005570500757445313, 0.0028076891218346547, 0.007206097885800835]], "chi2_level": 0.95, "chi2_df": 3, "chi2_threshold": 7.814727903251179, "N_raw": 35, "N_roi": 35, "N_inlier": 33, "refit": true}
{"timestamp": "20:29:20.069142", "frame": 2, "mu": [0.9371970693105182, 1.4404374224792516, -0.4448549504448035], "Sigma": [[0.00509769134669291, 0.0008196282515623259, 0.0007253817880582495], [0.0008196282515623259, 0.0024803822590419022, 0.0010103911367146156], [0.0007253817880582493, 0.001010391136714616, 0.014427382362975883]], "chi2_level": 0.95, "chi2_df": 3, "chi2_threshold": 7.814727903251179, "N_raw": 31, "N_roi": 31, "N_inlier": 30, "refit": true}
{"timestamp": "20:29:20.120145", "frame": 3, "mu": [0.9813217822120655, 1.392328662767101, 1.1394502024373154], "Sigma": [[0.00782845973926417, -0.004080833643584229, -0.04658177057630428], [-0.004080833643584229, 0.009226200521195658, 0.052828292129156434], [-0.04658177057630428, 0.052828292129156434, 0.42570621377908263]], "chi2_level": 0.95, "chi2_df": 3, "chi2_threshold": 7.814727903251179, "N_raw": 8, "N_roi": 8, "N_inlier": 8, "refit": true}
{"timestamp": "20:29:20.177337", "frame": 4, "mu": [1.0180958647711615, 1.5367046706541247, -0.46498027756200233], "Sigma": [[0.005419259503293875, 0.005299579272452104, -0.02958387228116481], [0.005299579272452104, 0.01710606936212495, -0.07938429946164076], [-0.02958387228116481, -0.07938429946164077, 0.3908983224796303]], "chi2_level": 0.95, "chi2_df": 3, "chi2_threshold": 7.814727903251179, "N_raw": 16, "N_roi": 16, "N_inlier": 14, "refit": true}
{"timestamp": "20:29:20.341655", "frame": 7, "mu": [1.1477975543515522, 1.2311974916422261, 0.6991484982836162], "Sigma": [[0.01569870987363245, -0.014177310340637912, -0.08171573923459322], [-0.014177310340637912, 0.01692580286081012, 0.08338151447983813], [-0.08171573923459322, 0.08338151447983813, 0.5229962509517669]], "chi2_level": 0.95, "chi2_df": 3, "chi2_threshold": 7.814727903251179, "N_raw": 11, "N_roi": 11, "N_inlier": 11, "refit": true}
{"timestamp": "20:29:20.395657", "frame": 8, "mu": [1.0376261660142485, 1.3121654750382163, 1.2645959074109732], "Sigma": [[0.0104408350661781, -0.010665585173947376, -0.028798801094932068], [-0.010665585173947376, 0.01470591357034091, 0.03516164912594971], [-0.028798801094932068, 0.03516164912594971, 0.08933723550520847]], "chi2_level": 0.95, "chi2_df": 3, "chi2_threshold": 7.814727903251179, "N_raw": 7, "N_roi": 7, "N_inlier": 6, "refit": true}
{"timestamp": "20:29:20.449914", "frame": 9, "mu": [1.072553557832912, 1.4505270838192608, -0.40636821863826283], "Sigma": [[0.007446169850173539, -0.0005656699355373565, -0.022990280814026404], [-0.0005656699355373567, 0.0006601377505647827, 0.004218991734274195], [-0.022990280814026404, 0.004218991734274195, 0.08286409426152969]], "chi2_level": 0.95, "chi2_df": 3, "chi2_threshold": 7.814727903251179, "N_raw": 6, "N_roi": 6, "N_inlier": 6, "refit": true}
{"timestamp": "20:29:20.505123", "frame": 10, "mu": [0.9913901161099603, 1.4343245982836115, 1.3124841612724891], "Sigma": [[0.017536552155013416, -0.011263747714977049, -0.02676187839513832], [-0.011263747714977049, 0.009576216563768837, 0.01993620034186353], [-0.02676187839513832, 0.01993620034186353, 0.04511837336435888]], "chi2_level": 0.95, "chi2_df": 3, "chi2_threshold": 7.814727903251179, "N_raw": 6, "N_roi": 6, "N_inlier": 5, "refit": true}
{"timestamp": "20:29:20.562661", "frame": 11, "mu": [1.0097442572485864, 1.4322760445970462, 1.4159702625388175], "Sigma": [[0.005370158507620459, 0.0015635058957182188, -0.009337989310014266], [0.0015635058957182188, 0.0010452041107756754, -0.001147366327700561], [-0.009337989310014266, -0.001147366327700561, 0.02318700371411434]], "chi2_level": 0.95, "chi2_df": 3, "chi2_threshold": 7.814727903251179, "N_raw": 6, "N_roi": 6, "N_inlier": 6, "refit": true}
{"timestamp": "20:29:20.615295", "frame": 12, "mu": [1.0047011397647387, 1.5188680863810364, -0.17272681776416376], "Sigma": [[0.003255636596011052, 0.003069878901650239, -0.005923038591926373], [0.003069878901650239, 0.0029815596550822913, -0.004952234695093582], [-0.005923038591926373, -0.004952234695093582, 0.01727029909837004]], "chi2_level": 0.95, "chi2_df": 3, "chi2_threshold": 7.814727903251179, "N_raw": 6, "N_roi": 6, "N_inlier": 5, "refit": true}
{"timestamp": "20:29:20.672819", "frame": 13, "mu": [0.9214570142956677, 1.5023036192801122, -0.05277277530852499], "Sigma": [[0.0030468445902852295, -0.0002186782515907691, -0.001612161508555767], [-0.00021867825159076914, 0.0035535057394401495, 0.00012355237869153936], [-0.001612161508555767, 0.00012355237869153936, 0.0010814567156932407]], "chi2_level": 0.95, "chi2_df": 3, "chi2_threshold": 7.814727903251179, "N_raw": 31, "N_roi": 31, "N_inlier": 30, "refit": true}
{"timestamp": "20:29:20.727019", "frame": 14, "mu": [0.9484055701077879, 1.3863999262650724, 1.546731687439581], "Sigma": [[0.0022736488765248922, -8.368730867145367e-06, -0.0006848134922602834], [-8.368730867145394e-06, 0.0014259476155686177, -0.00030587162360367856], [-0.0006848134922602834, -0.0003058716236036785, 0.0005490443915518665]], "chi2_level": 0.95, "chi2_df": 3, "chi2_threshold": 7.814727903251179, "N_raw": 18, "N_roi": 18, "N_inlier": 17, "refit": true}
{"timestamp": "20:29:20.784851", "frame": 15, "mu": [0.961594254653734, 1.5091923935702636, -0.0741789548431476], "Sigma": [[0.004412758832468427, 0.0004815546534157133, -0.001208244072436043], [0.00048155465341571333, 0.004518656242683568, 0.0008989093991505028], [-0.001208244072436043, 0.0008989093991505028, 0.0008283709062572834]], "chi2_level": 0.95, "chi2_df": 3, "chi2_threshold": 7.814727903251179, "N_raw": 43, "N_roi": 43, "N_inlier": 40, "refit": true}
{"timestamp": "20:29:20.837196", "frame": 16, "mu": [0.9446449473102911, 1.3958087168696565, 1.485084829874698], "Sigma": [[0.0011850465038492277, -0.0005899573807236192, -0.0004859282557951554], [-0.0005899573807236194, 0.005193092024223267, 0.00039351365103681524], [-0.00048592825579515546, 0.0003935136510368152, 0.00039276206746799604]], "chi2_level": 0.95, "chi2_df": 3, "chi2_threshold": 7.814727903251179, "N_raw": 15, "N_roi": 15, "N_inlier": 14, "refit": true}
{"timestamp": "20:29:20.894084", "frame": 17, "mu": [0.9327789023268676, 1.41386672359718, 1.4934806429877052], "Sigma": [[0.004074755353701672, -0.0008123604119840841, -0.001432998245516254], [-0.0008123604119840841, 0.0036037029736021133, 0.0001812734482529027], [-0.001432998245516254, 0.00018127344825290265, 0.0007288819373311625]], "chi2_level": 0.95, "chi2_df": 3, "chi2_threshold": 7.814727903251179, "N_raw": 35, "N_roi": 35, "N_inlier": 33, "refit": true}
{"timestamp": "20:29:20.946240", "frame": 18, "mu": [1.0803742881610345, 1.547871206646933, -1.0378554521231393], "Sigma": [[0.002742070115015512, 0.0033043554140202826, -0.02883462150149557], [0.0033043554140202826, 0.006640135053824635, -0.0411619105275729], [-0.02883462150149557, -0.0411619105275729, 0.4158338036578156]], "chi2_level": 0.95, "chi2_df": 3, "chi2_threshold": 7.814727903251179, "N_raw": 9, "N_roi": 9, "N_inlier": 9, "refit": true}
{"timestamp": "20:29:21.001252", "frame": 19, "mu": [1.0285013628217596, 1.252067260442634, 0.6769098051501014], "Sigma": [[0.0016061743514904562, 0.0005532070073611418, -0.006903259235790811], [0.0005532070073611416, 0.003159439369029689, 0.027082852340241464], [-0.006903259235790811, 0.027082852340241464, 0.3877728342446319]], "chi2_level": 0.95, "chi2_df": 3, "chi2_threshold": 7.814727903251179, "N_raw": 10, "N_roi": 10, "N_inlier": 9, "refit": true}
{"timestamp": "20:29:21.058270", "frame": 20, "mu": [0.978101991638438, 1.3575709630166972, 1.303642266852822], "Sigma": [[0.0038823248238811815, -0.0007200604406631709, -0.0032601402806155004], [-0.0007200604406631709, 0.0012689840476395227, -0.000313103851517539], [-0.0032601402806155004, -0.000313103851517539, 0.007179605012168841]], "chi2_level": 0.95, "chi2_df": 3, "chi2_threshold": 7.814727903251179, "N_raw": 24, "N_roi": 24, "N_inlier": 21, "refit": true}
{"timestamp": "20:29:21.113630", "frame": 21, "mu": [1.037602954943496, 1.3294740115098964, 1.2007431189857352], "Sigma": [[0.004679241035900294, -0.0022066475457925457, -0.001615987820442029], [-0.002206647545792546, 0.002303054125039132, 0.0005958703424569041], [-0.001615987820442029, 0.0005958703424569041, 0.004132144943350162]], "chi2_level": 0.95, "chi2_df": 3, "chi2_threshold": 7.814727903251179, "N_raw": 28, "N_roi": 28, "N_inlier": 23, "refit": true}
{"timestamp": "20:29:21.166130", "frame": 22, "mu": [0.9784222921831255, 1.4431027024600553, -0.47728959119941217], "Sigma": [[0.0035318311071022577, 0.000608809291373996, -0.005671989507824681], [0.0006088092913739959, 0.002099913656162077, -0.002983546843451776], [-0.005671989507824682, -0.0029835468434517764, 0.012230797355635639]], "chi2_level": 0.95, "chi2_df": 3, "chi2_threshold": 7.814727903251179, "N_raw": 15, "N_roi": 15, "N_inlier": 13, "refit": true}
{"timestamp": "20:29:21.224677", "frame": 23, "mu": [0.8654609774764985, 1.2873066742183576, 0.48425447079824374], "Sigma": [[0.03850780708500838, 0.004042687832758915, 0.09634522996011108], [0.004042687832758915, 0.005100174298251564, 0.022038150449049616], [0.09634522996011108, 0.022038150449049616, 0.2851617646659688]], "chi2_level": 0.95, "chi2_df": 3, "chi2_threshold": 7.814727903251179, "N_raw": 35, "N_roi": 35, "N_inlier": 33, "refit": true}
{"timestamp": "20:29:21.279327", "frame": 24, "mu": [0.9361786671084856, 1.3512941997154955, 1.039259443695339], "Sigma": [[0.005315003850945465, -0.0028799434474954724, -0.008380177267323544], [-0.0028799434474954724, 0.0029202917581645383, 0.005507499465344211], [-0.008380177267323544, 0.005507499465344212, 0.029770985759741443]], "chi2_level": 0.95, "chi2_df": 3, "chi2_threshold": 7.814727903251179, "N_raw": 33, "N_roi": 33, "N_inlier": 28, "refit": true}
{"timestamp": "20:29:21.336828", "frame": 25, "mu": [0.934781120593817, 1.4937327265431666, -0.517738258639615], "Sigma": [[0.003770019918929333, -0.0012643912051181361, -0.0031840233948804628], [-0.0012643912051181364, 0.006397667425684821, -0.00044064270985923], [-0.0031840233948804628, -0.0004406427098592298, 0.005174184566313935]], "chi2_level": 0.95, "chi2_df": 3, "chi2_threshold": 7.814727903251179, "N_raw": 49, "N_roi": 49, "N_inlier": 44, "refit": true}
{"timestamp": "20:29:21.398023", "frame": 26, "mu": [0.8049901908306969, 1.4084685097971383, 1.2227055110517926], "Sigma": [[0.010817493575280087, -0.003676246415598712, 0.004118640481265164], [-0.0036762464155987128, 0.009621649121888462, 0.013894928361855345], [0.004118640481265165, 0.013894928361855345, 0.11934241011769689]], "chi2_level": 0.95, "chi2_df": 3, "chi2_threshold": 7.814727903251179, "N_raw": 87, "N_roi": 87, "N_inlier": 81, "refit": true}
{"timestamp": "20:29:21.450937", "frame": 27, "mu": [0.705671089025988, 1.3054183775425254, 0.5954161899742945], "Sigma": [[0.022208436486063216, -0.006298388569013904, 0.06272426057616962], [-0.006298388569013904, 0.003930165578790983, -0.004699762284876065], [0.06272426057616962, -0.004699762284876065, 0.3139387922196665]], "chi2_level": 0.95, "chi2_df": 3, "chi2_threshold": 7.814727903251179, "N_raw": 69, "N_roi": 69, "N_inlier": 66, "refit": true}
{"timestamp": "20:29:21.505137", "frame": 28, "mu": [0.7976785430876913, 1.3509955939958838, 1.2425287516765005], "Sigma": [[0.00642013837262699, -0.0028375795758152048, -0.004774691785021844], [-0.0028375795758152043, 0.005838448363684314, 0.0005033915480360505], [-0.004774691785021844, 0.0005033915480360505, 0.007370086450001902]], "chi2_level": 0.95, "chi2_df": 3, "chi2_threshold": 7.814727903251179, "N_raw": 67, "N_roi": 67, "N_inlier": 60, "refit": true}
{"timestamp": "20:29:21.555769", "frame": 29, "mu": [0.6943275425460679, 1.5990351119424373, -0.6878295045462101], "Sigma": [[0.0031450541698984143, -0.0028814940139289934, -0.0008462987123076736], [-0.002881494013928994, 0.012717202808854343, -0.007088676967899922], [-0.0008462987123076736, -0.007088676967899922, 0.013317894002303515]], "chi2_level": 0.95, "chi2_df": 3, "chi2_threshold": 7.814727903251179, "N_raw": 37, "N_roi": 37, "N_inlier": 33, "refit": true}
{"timestamp": "20:29:21.619326", "frame": 30, "mu": [0.6907210710321402, 1.422210209590212, -0.13792416537577118], "Sigma": [[0.006631961900342231, -0.0063592569910299775, 0.05610108509449126], [-0.0063592569910299775, 0.01859543193343721, -0.08828178097420414], [0.05610108509449126, -0.08828178097420414, 1.0449746946060003]], "chi2_level": 0.95, "chi2_df": 3, "chi2_threshold": 7.814727903251179, "N_raw": 102, "N_roi": 102, "N_inlier": 98, "refit": true}
{"timestamp": "20:29:21.667195", "frame": 31, "mu": [0.6482093865721729, 1.3476236859727433, 1.2142634720968064], "Sigma": [[0.0027913253862899873, -0.001713610621519307, -0.0007362187459242866], [-0.001713610621519307, 0.008259164947869, 1.539677143428623e-05], [-0.0007362187459242865, 1.539677143428623e-05, 0.0028787072560966837]], "chi2_level": 0.95, "chi2_df": 3, "chi2_threshold": 7.814727903251179, "N_raw": 47, "N_roi": 47, "N_inlier": 41, "refit": true}
{"timestamp": "20:29:21.726284", "frame": 32, "mu": [0.615171629288875, 1.2737806508434675, 1.0938500454524545], "Sigma": [[0.0036827884494758023, -0.0007525168075684154, -0.00025225967963168753], [-0.0007525168075684154, 0.0009578958811077024, 0.0002409536546311567], [-0.00025225967963168785, 0.0002409536546311567, 0.03856498663687055]], "chi2_level": 0.95, "chi2_df": 3, "chi2_threshold": 7.814727903251179, "N_raw": 75, "N_roi": 75, "N_inlier": 71, "refit": true}
{"timestamp": "20:29:21.777769", "frame": 33, "mu": [0.5557641079722496, 1.4721784133080307, -0.4765103661287443], "Sigma": [[0.009520303905472342, -0.0034153056741910324, 0.03141225339099985], [-0.0034153056741910324, 0.00998883474542332, -0.022226393862651198], [0.03141225339099986, -0.022226393862651194, 0.14591797767916684]], "chi2_level": 0.95, "chi2_df": 3, "chi2_threshold": 7.814727903251179, "N_raw": 57, "N_roi": 57, "N_inlier": 54, "refit": true}
{"timestamp": "20:29:21.833281", "frame": 34, "mu": [0.528936238613822, 1.505028749889502, -0.21653842955054398], "Sigma": [[0.004994959732872407, 0.0009500614617742569, -0.0010073979609440825], [0.0009500614617742569, 0.004490672758155981, 0.0009840746475059206], [-0.0010073979609440825, 0.0009840746475059206, 0.0023408136089015843]], "chi2_level": 0.95, "chi2_df": 3, "chi2_threshold": 7.814727903251179, "N_raw": 54, "N_roi": 54, "N_inlier": 51, "refit": true}
{"timestamp": "20:29:21.888680", "frame": 35, "mu": [0.45650679944665057, 1.5364363630595421, -0.13888119070241972], "Sigma": [[0.0036184673249118463, 5.226852742536045e-05, -0.002973028434483934], [5.226852742536045e-05, 0.005093087473701972, 0.0015611716529440795], [-0.002973028434483934, 0.00156117165294408, 0.004033743976690412]], "chi2_level": 0.95, "chi2_df": 3, "chi2_threshold": 7.814727903251179, "N_raw": 58, "N_roi": 58, "N_inlier": 48, "refit": true}
{"timestamp": "20:29:21.940507", "frame": 36, "mu": [0.45801211915290985, 1.358475444392445, 1.3101872268459727], "Sigma": [[0.0032087925153413193, -0.00016426475955526348, -0.000564433337893604], [-0.00016426475955526348, 0.003211230677088343, -0.0003703532320390177], [-0.000564433337893604, -0.0003703532320390177, 0.0028499995148404617]], "chi2_level": 0.95, "chi2_df": 3, "chi2_threshold": 7.814727903251179, "N_raw": 40, "N_roi": 40, "N_inlier": 37, "refit": true}
{"timestamp": "20:29:21.991162", "frame": 37, "mu": [0.2845733053128403, 1.4554410738268264, 0.5891395129019111], "Sigma": [[0.03395734929814105, -0.012498779862610793, 0.10841453532811729], [-0.012498779862610793, 0.01049606539692258, -0.030810071341975463], [0.10841453532811729, -0.030810071341975463, 0.42759170124358464]], "chi2_level": 0.95, "chi2_df": 3, "chi2_threshold": 7.814727903251179, "N_raw": 9, "N_roi": 9, "N_inlier": 9, "refit": true}
{"timestamp": "20:29:22.056374", "frame": 38, "mu": [0.27035564988741334, 1.4533871440120159, 0.8885518745855783], "Sigma": [[0.012101163368162507, -0.0027529958778062394, 0.0533537315750764], [-0.0027529958778062394, 0.004294030432181783, 0.00030232212043621205], [0.0533537315750764, 0.0003023221204362116, 0.45979287714012246]], "chi2_level": 0.95, "chi2_df": 3, "chi2_threshold": 7.814727903251179, "N_raw": 82, "N_roi": 82, "N_inlier": 80, "refit": true}
{"timestamp": "20:29:22.106793", "frame": 39, "mu": [0.24761525350679853, 1.4910774799270692, 1.4738098626119311], "Sigma": [[0.003032409587917727, -0.001621220785314557, -0.0028725893954845427], [-0.001621220785314557, 0.004559067715618099, 0.0021632007152223623], [-0.002872589395484543, 0.002163200715222362, 0.012285141362210867]], "chi2_level": 0.95, "chi2_df": 3, "chi2_threshold": 7.814727903251179, "N_raw": 45, "N_roi": 45, "N_inlier": 42, "refit": true}
{"timestamp": "20:29:22.161867", "frame": 40, "mu": [0.20199779653045763, 1.518609779583214, 1.5073255239793493], "Sigma": [[0.003290560026467119, -0.0017615929092343718, -0.002837242274510556], [-0.0017615929092343716, 0.004125758983381398, -0.0005015393705788459], [-0.002837242274510556, -0.000501539370578846, 0.004592820535045075]], "chi2_level": 0.95, "chi2_df": 3, "chi2_threshold": 7.814727903251179, "N_raw": 50, "N_roi": 50, "N_inlier": 45, "refit": true}
{"timestamp": "20:29:22.218757", "frame": 41, "mu": [0.20813748411151956, 1.6107579004347718, -0.30718089578769897], "Sigma": [[0.0036555932100247905, -0.001027361517827833, -0.012077210289955464], [-0.0010273615178278328, 0.0031914437968151043, 0.003586448314827094], [-0.012077210289955466, 0.003586448314827093, 0.09462392735714611]], "chi2_level": 0.95, "chi2_df": 3, "chi2_threshold": 7.814727903251179, "N_raw": 58, "N_roi": 56, "N_inlier": 52, "refit": true}
{"timestamp": "20:29:22.274793", "frame": 42, "mu": [0.1503087724485571, 1.4914519188280293, 1.3840396305678195], "Sigma": [[0.0036321821687164153, 0.0011686755591336863, 0.002345252891314272], [0.0011686755591336863, 0.008158042340226141, 0.014380947345664658], [0.002345252891314272, 0.014380947345664658, 0.06179132273126289]], "chi2_level": 0.95, "chi2_df": 3, "chi2_threshold": 7.814727903251179, "N_raw": 65, "N_roi": 62, "N_inlier": 57, "refit": true}
{"timestamp": "20:29:22.330744", "frame": 43, "mu": [0.12666420083244795, 1.515580709128848, 1.397735291804027], "Sigma": [[0.004213007828996574, -0.000498069356112963, -0.0023292744622303045], [-0.0004980693561129628, 0.012673245076121368, 0.004617833965092978], [-0.0023292744622303045, 0.004617833965092978, 0.00319857950512615]], "chi2_level": 0.95, "chi2_df": 3, "chi2_threshold": 7.814727903251179, "N_raw": 74, "N_roi": 74, "N_inlier": 70, "refit": true}
{"timestamp": "20:29:22.386836", "frame": 44, "mu": [0.06596665101005272, 1.5305074231337732, 1.4040515739636985], "Sigma": [[0.0051232395977592075, -0.001816098866653253, -0.001481132054022359], [-0.0018160988666532526, 0.010323601772204316, 0.002186741770234065], [-0.001481132054022359, 0.0021867417702340656, 0.0009269212451938728]], "chi2_level": 0.95, "chi2_df": 3, "chi2_threshold": 7.814727903251179, "N_raw": 76, "N_roi": 76, "N_inlier": 74, "refit": true}
{"timestamp": "20:29:22.439421", "frame": 45, "mu": [0.007890298299776484, 1.667971769693665, -0.10250736134643758], "Sigma": [[0.005014738787350357, -0.0007404809362529879, -0.002173930230101751], [-0.0007404809362529879, 0.004504018187898106, -0.0019270537184832316], [-0.002173930230101751, -0.0019270537184832314, 0.0025002670862064843]], "chi2_level": 0.95, "chi2_df": 3, "chi2_threshold": 7.814727903251179, "N_raw": 60, "N_roi": 60, "N_inlier": 58, "refit": true}
{"timestamp": "20:29:22.495451", "frame": 46, "mu": [0.023847219286664296, 1.597951372145843, 1.528309993064501], "Sigma": [[0.005503579843170961, -0.0010535642826571504, -0.00461794305311602], [-0.0010535642826571506, 0.005624026975563996, 0.0012226136674108599], [-0.0046179430531160205, 0.0012226136674108599, 0.005366260461726713]], "chi2_level": 0.95, "chi2_df": 3, "chi2_threshold": 7.814727903251179, "N_raw": 65, "N_roi": 65, "N_inlier": 61, "refit": true}
{"timestamp": "20:29:22.549827", "frame": 47, "mu": [-0.04254049790134003, 1.6544297418637255, 1.501633023996325], "Sigma": [[0.006147202583325006, -0.0014695050288255473, -0.004452820266177586], [-0.0014695050288255473, 0.003812753570886917, -0.0018193567103239768], [-0.004452820266177586, -0.0018193567103239768, 0.006817822309044142]], "chi2_level": 0.95, "chi2_df": 3, "chi2_threshold": 7.814727903251179, "N_raw": 68, "N_roi": 68, "N_inlier": 64, "refit": true}
{"timestamp": "20:29:22.604937", "frame": 48, "mu": [-0.05934745203551225, 1.64349188437384, -0.2670179327196611], "Sigma": [[0.004681375291913338, -0.0003194459248753695, 0.0038542747323623235], [-0.0003194459248753696, 0.004518887105151029, 0.004301714421371593], [0.0038542747323623235, 0.004301714421371593, 0.07739105046715618]], "chi2_level": 0.95, "chi2_df": 3, "chi2_threshold": 7.814727903251179, "N_raw": 60, "N_roi": 60, "N_inlier": 57, "refit": true}
{"timestamp": "20:29:22.659455", "frame": 49, "mu": [-0.13666693133311478, 1.658103929511312, 1.4629880168775717], "Sigma": [[0.004834897365602406, -0.0007622576991818317, -0.0017104718460770898], [-0.0007622576991818316, 0.005940924685403814, 0.007847918337247614], [-0.00171047184607709, 0.007847918337247614, 0.04215270879436334]], "chi2_level": 0.95, "chi2_df": 3, "chi2_threshold": 7.814727903251179, "N_raw": 68, "N_roi": 68, "N_inlier": 63, "refit": true}
{"timestamp": "20:29:22.715720", "frame": 50, "mu": [-0.16439448116149322, 1.6458185784986832, 1.4727099724441886], "Sigma": [[0.005465326269752572, -0.0014093338697890659, -0.00341644549637188], [-0.0014093338697890659, 0.0061627361303615335, 0.005250673839340193], [-0.0034164454963718795, 0.005250673839340193, 0.026888247568875374]], "chi2_level": 0.95, "chi2_df": 3, "chi2_threshold": 7.814727903251179, "N_raw": 67, "N_roi": 67, "N_inlier": 63, "refit": true}
{"timestamp": "20:29:22.771080", "frame": 51, "mu": [-0.1637144445458735, 1.5906257529161336, 1.4058889178124145], "Sigma": [[0.005437984964787294, -0.0010039723089133048, -0.0027204802484695357], [-0.001003972308913305, 0.015261145529866014, 0.010959604447679521], [-0.002720480248469536, 0.010959604447679521, 0.009820609956528293]], "chi2_level": 0.95, "chi2_df": 3, "chi2_threshold": 7.814727903251179, "N_raw": 71, "N_roi": 71, "N_inlier": 68, "refit": true}
{"timestamp": "20:29:22.827050", "frame": 52, "mu": [-0.22420558174997868, 1.5823519323462287, 1.2523208018237317], "Sigma": [[0.00583428692579368, -0.0022013252100937324, -0.002998694322573986], [-0.0022013252100937324, 0.011010499753940849, 0.0023565281912255346], [-0.0029986943225739854, 0.0023565281912255346, 0.003064589099214871]], "chi2_level": 0.95, "chi2_df": 3, "chi2_threshold": 7.814727903251179, "N_raw": 76, "N_roi": 76, "N_inlier": 74, "refit": true}
{"timestamp": "20:29:22.884724", "frame": 53, "mu": [-0.284772164076247, 1.6223695432255305, 1.030448993318734], "Sigma": [[0.005684947520293328, -0.001326821016051232, -0.006094160093448512], [-0.0013268210160512321, 0.00970783226422275, -0.028837662415299246], [-0.006094160093448512, -0.028837662415299246, 0.22313239256030568]], "chi2_level": 0.95, "chi2_df": 3, "chi2_threshold": 7.814727903251179, "N_raw": 105, "N_roi": 104, "N_inlier": 102, "refit": true}
{"timestamp": "20:29:22.934795", "frame": 54, "mu": [-0.33127572500881397, 1.6751587511933559, 1.3351918020307445], "Sigma": [[0.004035516826499723, -0.0016105531517655557, -0.0015285012845719038], [-0.0016105531517655557, 0.011701087271704356, 0.01021259058327709], [-0.0015285012845719038, 0.01021259058327709, 0.03754260240643919]], "chi2_level": 0.95, "chi2_df": 3, "chi2_threshold": 7.814727903251179, "N_raw": 69, "N_roi": 69, "N_inlier": 65, "refit": true}
{"timestamp": "20:29:22.992973", "frame": 55, "mu": [-0.31027059384781325, 1.6942383286254117, 0.8524825511423998], "Sigma": [[0.009105391522499005, -0.0017371605722457206, -0.035657464396730294], [-0.0017371605722457202, 0.0026359881893229177, 0.0002854077495410851], [-0.03565746439673029, 0.0002854077495410851, 0.30251802486307994]], "chi2_level": 0.95, "chi2_df": 3, "chi2_threshold": 7.814727903251179, "N_raw": 85, "N_roi": 85, "N_inlier": 82, "refit": true}
{"timestamp": "20:29:23.054298", "frame": 56, "mu": [-0.3880436847834452, 1.7055148968062757, -0.19931642688623485], "Sigma": [[0.006873469080551865, 0.000519337371127792, 0.03867322060538785], [0.000519337371127792, 0.007775026624413462, 0.009254071586858075], [0.03867322060538785, 0.009254071586858075, 0.4925329900215313]], "chi2_level": 0.95, "chi2_df": 3, "chi2_threshold": 7.814727903251179, "N_raw": 128, "N_roi": 128, "N_inlier": 124, "refit": true}
{"timestamp": "20:29:23.109600", "frame": 57, "mu": [-0.4397060770770851, 1.7642795270512703, -0.06173485353806966], "Sigma": [[0.007847271273300146, 0.0006978999578115239, 0.031467041156721595], [0.000697899957811524, 0.010097675789872815, 0.005606186935883525], [0.03146704115672159, 0.005606186935883525, 0.25737731903324806]], "chi2_level": 0.95, "chi2_df": 3, "chi2_threshold": 7.814727903251179, "N_raw": 119, "N_roi": 117, "N_inlier": 112, "refit": true}
{"timestamp": "20:29:23.163701", "frame": 58, "mu": [-0.47702706156528313, 1.9851115390582206, -0.4828355280660582], "Sigma": [[0.007208166179728528, 0.00372733978416224, -0.008292921511426113], [0.00372733978416224, 0.026322489080333442, -0.06285338088267373], [-0.008292921511426113, -0.06285338088267373, 0.18094844077855723]], "chi2_level": 0.95, "chi2_df": 3, "chi2_threshold": 7.814727903251179, "N_raw": 126, "N_roi": 126, "N_inlier": 122, "refit": true}
{"timestamp": "20:29:23.220566", "frame": 59, "mu": [-0.5046804069272663, 1.8330105896736453, 0.9903593315973318], "Sigma": [[0.007495221322380326, 0.0008313488908260477, -0.0036929081271785827], [0.0008313488908260476, 0.003998951223404979, -0.0014779678892490934], [-0.0036929081271785823, -0.0014779678892490934, 0.24514904338499754]], "chi2_level": 0.95, "chi2_df": 3, "chi2_threshold": 7.814727903251179, "N_raw": 131, "N_roi": 131, "N_inlier": 128, "refit": true}
{"timestamp": "20:29:23.271506", "frame": 60, "mu": [-0.5223364235750654, 1.8113786491238355, 1.2158733647875162], "Sigma": [[0.008788178327954569, 0.002577178709763578, -0.005487850633919036], [0.002577178709763578, 0.005659631294535159, -0.005855929108430572], [-0.005487850633919036, -0.005855929108430572, 0.020174447796370995]], "chi2_level": 0.95, "chi2_df": 3, "chi2_threshold": 7.814727903251179, "N_raw": 96, "N_roi": 96, "N_inlier": 90, "refit": true}
{"timestamp": "20:29:23.314086", "frame": 61, "mu": [-0.5721454992540922, 2.006023670793205, -0.4393231042319051], "Sigma": [[0.005401890774429198, -0.0013660455425569696, 0.005311509121819289], [-0.0013660455425569696, 0.018566178234456526, -0.06630627321306602], [0.00531150912181929, -0.06630627321306602, 0.27432113636505856]], "chi2_level": 0.95, "chi2_df": 3, "chi2_threshold": 7.814727903251179, "N_raw": 21, "N_roi": 21, "N_inlier": 19, "refit": true}
{"timestamp": "20:29:23.381601", "frame": 62, "mu": [-0.5684638924380919, 1.8831569081561093, -0.19782506170312336], "Sigma": [[0.009050083920704492, 0.002131469974528434, 0.05819062272938062], [0.002131469974528434, 0.008164468535980851, 0.018694478306667033], [0.05819062272938062, 0.018694478306667033, 0.6817572455421731]], "chi2_level": 0.95, "chi2_df": 3, "chi2_threshold": 7.814727903251179, "N_raw": 105, "N_roi": 105, "N_inlier": 103, "refit": true}
{"timestamp": "20:29:23.429728", "frame": 63, "mu": [-0.607423260844333, 1.971636818015443, 0.7140038928235333], "Sigma": [[0.006912888688421113, -0.0007561730599158103, -0.0008882987908528858], [-0.0007561730599158103, 0.004707763631547941, -0.018691540978602223], [-0.000888298790852886, -0.018691540978602223, 0.36145065985576846]], "chi2_level": 0.95, "chi2_df": 3, "chi2_threshold": 7.814727903251179, "N_raw": 65, "N_roi": 65, "N_inlier": 63, "refit": true}
{"timestamp": "20:29:23.488596", "frame": 64, "mu": [-0.6067536820278671, 1.9493527129369002, 0.9326758943273626], "Sigma": [[0.011633482188029983, 0.002023406649562802, 0.029857600514170433], [0.002023406649562802, 0.004614179335524728, 0.00249374266094516], [0.029857600514170433, 0.00249374266094516, 0.30943941172960693]], "chi2_level": 0.95, "chi2_df": 3, "chi2_threshold": 7.814727903251179, "N_raw": 86, "N_roi": 86, "N_inlier": 82, "refit": true}
{"timestamp": "20:29:23.552392", "frame": 65, "mu": [-0.608469355381478, 2.1618755243463124, -0.5740550758701962], "Sigma": [[0.010854234762519205, 0.004687948443083768, -0.006667958109135322], [0.004687948443083768, 0.00981889576894776, -0.020941077021790717], [-0.006667958109135323, -0.020941077021790717, 0.14798206531955624]], "chi2_level": 0.95, "chi2_df": 3, "chi2_threshold": 7.814727903251179, "N_raw": 141, "N_roi": 141, "N_inlier": 137, "refit": true}
{"timestamp": "20:29:23.602077", "frame": 66, "mu": [-0.6635744169104626, 2.358097301940364, -0.9262012343813236], "Sigma": [[0.01335808975648205, -0.007303147244639235, 0.022534597745722456], [-0.007303147244639234, 0.029599956829905627, -0.10154426747686104], [0.022534597745722456, -0.10154426747686104, 0.40174055955622745]], "chi2_level": 0.95, "chi2_df": 3, "chi2_threshold": 7.814727903251179, "N_raw": 104, "N_roi": 104, "N_inlier": 103, "refit": true}
{"timestamp": "20:29:23.657477", "frame": 67, "mu": [-0.6609299483715855, 2.0825748728681344, 0.9365536475600048], "Sigma": [[0.01235510653210504, 0.004068130526714331, 0.03201055488348625], [0.0040681305267143315, 0.006843690363216987, 0.02838877067678308], [0.03201055488348625, 0.02838877067678308, 0.36047197589941093]], "chi2_level": 0.95, "chi2_df": 3, "chi2_threshold": 7.814727903251179, "N_raw": 111, "N_roi": 111, "N_inlier": 105, "refit": true}
{"timestamp": "20:29:23.711679", "frame": 68, "mu": [-0.6535352656755229, 2.0512563842806077, 0.9780800125878278], "Sigma": [[0.008950063259153047, 0.0029566386545907142, 0.006612675371611635], [0.0029566386545907142, 0.022067593556690926, 0.06776653793369197], [0.006612675371611637, 0.06776653793369197, 0.30211645762734646]], "chi2_level": 0.95, "chi2_df": 3, "chi2_threshold": 7.814727903251179, "N_raw": 99, "N_roi": 99, "N_inlier": 97, "refit": true}
{"timestamp": "20:29:23.769352", "frame": 69, "mu": [-0.6557769184894151, 2.2594667096196837, -1.1200109345312155], "Sigma": [[0.013132683724254288, 0.004186262117807705, 0.024820096121118067], [0.004186262117807706, 0.034162882604113015, 0.005952672099126425], [0.024820096121118067, 0.0059526720991264276, 0.5510561789857807]], "chi2_level": 0.95, "chi2_df": 3, "chi2_threshold": 7.814727903251179, "N_raw": 124, "N_roi": 124, "N_inlier": 122, "refit": true}
{"timestamp": "20:29:23.824109", "frame": 70, "mu": [-0.6322179039132565, 2.2669289793739096, 0.030825726618986436], "Sigma": [[0.013212352474690481, -0.003999494715132357, 0.07832212957381687], [-0.003999494715132357, 0.014811380033638142, -0.03249326431141674], [0.07832212957381689, -0.03249326431141675, 0.6102593545582489]], "chi2_level": 0.95, "chi2_df": 3, "chi2_threshold": 7.814727903251179, "N_raw": 123, "N_roi": 123, "N_inlier": 118, "refit": true}
{"timestamp": "20:29:23.878800", "frame": 71, "mu": [-0.6093747275049273, 2.260255730714678, 0.8981136807443796], "Sigma": [[0.018686478045958792, -2.9871610825600657e-05, 0.030312546957658615], [-2.9871610825600602e-05, 0.00543450653298282, 0.002726460258165666], [0.030312546957658615, 0.002726460258165666, 0.2847415811646925]], "chi2_level": 0.95, "chi2_df": 3, "chi2_threshold": 7.814727903251179, "N_raw": 123, "N_roi": 123, "N_inlier": 117, "refit": true}
{"timestamp": "20:29:23.930296", "frame": 72, "mu": [-0.6182377897936931, 2.3379151304375743, 0.6788052099018587], "Sigma": [[0.013472401913477637, -0.002795212754661863, 0.06356043078353435], [-0.0027952127546618634, 0.005788849621532915, -0.0066417928560959915], [0.06356043078353435, -0.00664179285609599, 0.6048519946821714]], "chi2_level": 0.95, "chi2_df": 3, "chi2_threshold": 7.814727903251179, "N_raw": 91, "N_roi": 91, "N_inlier": 89, "refit": true}
{"timestamp": "20:29:23.977893", "frame": 73, "mu": [-0.5809118889914358, 2.493000277737304, -0.2843697430424042], "Sigma": [[0.009007330261684517, -0.0027483225203790576, 0.01920788679417597], [-0.0027483225203790585, 0.01158222055354992, -0.046005818715236964], [0.019207886794175965, -0.04600581871523697, 0.2461451207655392]], "chi2_level": 0.95, "chi2_df": 3, "chi2_threshold": 7.814727903251179, "N_raw": 48, "N_roi": 48, "N_inlier": 46, "refit": true}
{"timestamp": "20:29:24.034702", "frame": 74, "mu": [-0.5694072604549795, 2.560383355736633, -0.39841162701035876], "Sigma": [[0.00982345242574337, 0.004106047200130499, -0.0029142273424137477], [0.004106047200130499, 0.008496168217605621, -0.004802621668134403], [-0.0029142273424137477, -0.004802621668134403, 0.035493934257578685]], "chi2_level": 0.95, "chi2_df": 3, "chi2_threshold": 7.814727903251179, "N_raw": 67, "N_roi": 67, "N_inlier": 61, "refit": true}
{"timestamp": "20:29:24.089313", "frame": 75, "mu": [-0.5725351007694685, 2.414591288089302, 1.1084757191955592], "Sigma": [[0.00794078058470152, 0.0005952169797659645, -0.0034657878738634457], [0.0005952169797659645, 0.001506218613365248, -0.004497448211654266], [-0.003465787873863446, -0.004497448211654266, 0.04156801808335474]], "chi2_level": 0.95, "chi2_df": 3, "chi2_threshold": 7.814727903251179, "N_raw": 64, "N_roi": 64, "N_inlier": 60, "refit": true}
{"timestamp": "20:29:24.143956", "frame": 76, "mu": [-0.5564581835349606, 2.4595670431005487, 1.1506204231552497], "Sigma": [[0.005339482798805799, 0.000245568533846139, -0.004886944250680356], [0.000245568533846139, 0.006150289214270959, -0.022987498144245593], [-0.004886944250680356, -0.02298749814424559, 0.2240821094339066]], "chi2_level": 0.95, "chi2_df": 3, "chi2_threshold": 7.814727903251179, "N_raw": 42, "N_roi": 42, "N_inlier": 38, "refit": true}
{"timestamp": "20:29:24.199347", "frame": 77, "mu": [-0.5626772507771759, 2.5122202685544823, 0.8114661047398223], "Sigma": [[0.006666591053852983, 0.002103655865604676, -0.021930661620969544], [0.002103655865604676, 0.00784584519329045, -0.020386734673605085], [-0.021930661620969544, -0.020386734673605085, 0.32189481621831184]], "chi2_level": 0.95, "chi2_df": 3, "chi2_threshold": 7.814727903251179, "N_raw": 66, "N_roi": 66, "N_inlier": 64, "refit": true}
{"timestamp": "20:29:24.258828", "frame": 78, "mu": [-0.5812346973145956, 2.531094462309353, 1.1100665961659664], "Sigma": [[0.010599992089557244, 0.0009627090173091875, 0.0028724261313452485], [0.0009627090173091875, 0.004247288459282185, 0.0016425457661367383], [0.0028724261313452485, 0.0016425457661367387, 0.1312341149687639]], "chi2_level": 0.95, "chi2_df": 3, "chi2_threshold": 7.814727903251179, "N_raw": 89, "N_roi": 89, "N_inlier": 86, "refit": true}
{"timestamp": "20:29:24.308713", "frame": 79, "mu": [-0.549380802259634, 2.636579471715686, -0.01940424857977268], "Sigma": [[0.01091445246445554, 0.0009007288764662047, -0.003597203655484456], [0.0009007288764662047, 0.005021744170864011, 1.7211862805284882e-05], [-0.003597203655484456, 1.721186280528495e-05, 0.0017204996545674915]], "chi2_level": 0.95, "chi2_df": 3, "chi2_threshold": 7.814727903251179, "N_raw": 56, "N_roi": 56, "N_inlier": 52, "refit": true}
{"timestamp": "20:29:24.370785", "frame": 80, "mu": [-0.5259725205158121, 2.741516985050697, -0.15713703508157073], "Sigma": [[0.011085385454219193, -0.007860250653409534, 0.02880473636684691], [-0.007860250653409534, 0.02163775606071501, -0.07024517476317217], [0.02880473636684691, -0.07024517476317217, 0.33990948193170706]], "chi2_level": 0.95, "chi2_df": 3, "chi2_threshold": 7.814727903251179, "N_raw": 99, "N_roi": 99, "N_inlier": 98, "refit": true}
{"timestamp": "20:29:24.430171", "frame": 81, "mu": [-0.5339448031760186, 2.881756804826403, -0.6878491891986689], "Sigma": [[0.018579109970897262, 0.011408666275073955, -0.009789137411278463], [0.011408666275073955, 0.046875192593254386, -0.1103973588511064], [-0.009789137411278463, -0.1103973588511064, 0.4228038127725176]], "chi2_level": 0.95, "chi2_df": 3, "chi2_threshold": 7.814727903251179, "N_raw": 127, "N_roi": 127, "N_inlier": 118, "refit": true}
{"timestamp": "20:29:24.484181", "frame": 82, "mu": [-0.5943125015889463, 2.8899675772876643, -0.26219215442110677], "Sigma": [[0.013081090440684544, -0.004312586897098463, 0.005620471639029173], [-0.004312586897098464, 0.024603250654566033, -0.06230910734648336], [0.005620471639029172, -0.06230910734648336, 0.18698831949054182]], "chi2_level": 0.95, "chi2_df": 3, "chi2_threshold": 7.814727903251179, "N_raw": 112, "N_roi": 112, "N_inlier": 108, "refit": true}
{"timestamp": "20:29:24.534514", "frame": 83, "mu": [-0.5016338194604033, 2.8098121839204118, 0.07827417722235877], "Sigma": [[0.013396625117631416, -0.0071588482912341425, 0.05118925578974502], [-0.0071588482912341425, 0.01970203677169196, -0.07162916084797412], [0.05118925578974502, -0.07162916084797412, 0.42142004760787494]], "chi2_level": 0.95, "chi2_df": 3, "chi2_threshold": 7.814727903251179, "N_raw": 90, "N_roi": 90, "N_inlier": 88, "refit": true}
{"timestamp": "20:29:24.590789", "frame": 84, "mu": [-0.5447583955767442, 2.772711828712066, 0.807503958508535], "Sigma": [[0.012143178782147218, -0.0033866986072204177, -0.0034446366265614018], [-0.0033866986072204177, 0.007977482816864409, -0.008664542090514711], [-0.0034446366265614026, -0.008664542090514713, 0.4237366382522872]], "chi2_level": 0.95, "chi2_df": 3, "chi2_threshold": 7.814727903251179, "N_raw": 100, "N_roi": 100, "N_inlier": 99, "refit": true}
{"timestamp": "20:29:24.640773", "frame": 85, "mu": [-0.4831208294364146, 2.7829113020501848, 1.3226789020077578], "Sigma": [[0.014372348880806286, -0.0023334695392931287, -0.010617439249791676], [-0.0023334695392931287, 0.008945519410422922, 0.000777827729182779], [-0.010617439249791676, 0.0007778277291827798, 0.022380886296892718]], "chi2_level": 0.95, "chi2_df": 3, "chi2_threshold": 7.814727903251179, "N_raw": 70, "N_roi": 70, "N_inlier": 66, "refit": true}
{"timestamp": "20:29:24.697956", "frame": 86, "mu": [-0.4738240340795781, 3.005053474889631, -0.26639534712151525], "Sigma": [[0.013379840871223587, -0.00849866871676893, 0.028686888781417036], [-0.00849866871676893, 0.03256603884384049, -0.10398022204785537], [0.028686888781417036, -0.10398022204785537, 0.39009936905086234]], "chi2_level": 0.95, "chi2_df": 3, "chi2_threshold": 7.814727903251179, "N_raw": 83, "N_roi": 83, "N_inlier": 80, "refit": true}
{"timestamp": "20:29:24.750027", "frame": 87, "mu": [-0.3851887783784476, 3.0275443031438813, -0.6358638476013425], "Sigma": [[0.01013762193114708, 0.006235868829098217, 0.011235142089853064], [0.006235868829098216, 0.0664911590087306, -0.10116086392734853], [0.011235142089853063, -0.10116086392734853, 0.2955816709746483]], "chi2_level": 0.95, "chi2_df": 3, "chi2_threshold": 7.814727903251179, "N_raw": 62, "N_roi": 62, "N_inlier": 61, "refit": true}
{"timestamp": "20:29:24.803920", "frame": 88, "mu": [-0.3714126631221793, 2.9233805605106546, 0.7990092135703335], "Sigma": [[0.013131746369841798, -0.0009713925025330849, 0.014865495354821307], [-0.0009713925025330848, 0.008193525444899553, -0.04283626783098648], [0.014865495354821307, -0.042836267830986485, 0.4047204749886869]], "chi2_level": 0.95, "chi2_df": 3, "chi2_threshold": 7.814727903251179, "N_raw": 62, "N_roi": 62, "N_inlier": 59, "refit": true}
