{"timestamp": "19:28:56.588557", "frame": 6, "mu": [2.3668106636440203, 4.7479381870955, 1.2413378278232023], "Sigma": [[0.007386791403113138, -0.004974793454790151, -0.005264323605067753], [-0.004974793454790152, 0.006510054207409472, 0.001975057510302594], [-0.005264323605067754, 0.001975057510302594, 0.007575024851121443]], "chi2_level": 0.99, "chi2_df": 3, "chi2_threshold": 11.344866730144373, "N_raw": 39, "N_roi": 17, "N_inlier": 17, "refit": true}
{"timestamp": "19:28:56.699280", "frame": 8, "mu": [2.3608947125175455, 4.727781957698326, 1.1015348920863066], "Sigma": [[0.008593378648282168, -0.004697111496988865, -0.0005650512989117562], [-0.004697111496988865, 0.006083747549901335, -0.000230806305368024], [-0.0005650512989117562, -0.00023080630536802404, 0.0004301524549355565]], "chi2_level": 0.99, "chi2_df": 3, "chi2_threshold": 11.344866730144373, "N_raw": 41, "N_roi": 17, "N_inlier": 17, "refit": true}
{"timestamp": "19:28:57.084543", "frame": 15, "mu": [2.39600834984479, 4.684902262124902, 0.9115741806975597], "Sigma": [[0.00529669814520188, -0.00398790479130815, 0.001026710178848404], [-0.003987904791308148, 0.005746013696201264, -0.0014294789870427827], [0.001026710178848404, -0.001429478987042783, 0.0003571539573390825]], "chi2_level": 0.99, "chi2_df": 3, "chi2_threshold": 11.344866730144373, "N_raw": 39, "N_roi": 12, "N_inlier": 12, "refit": true}
{"timestamp": "19:28:57.251113", "frame": 18, "mu": [2.3815750000735996, 4.5440395704964365, 0.8402296731598028], "Sigma": [[0.006191837811114866, -0.003162439880599658, -0.0032716320804123135], [-0.003162439880599658, 0.00486806258713603, -0.004052692946235568], [-0.0032716320804123135, -0.004052692946235569, 0.026526307901001397]], "chi2_level": 0.99, "chi2_df": 3, "chi2_threshold": 11.344866730144373, "N_raw": 54, "N_roi": 22, "N_inlier": 21, "refit": true}
{"timestamp": "19:28:57.306058", "frame": 19, "mu": [2.3680298453214044, 4.646650616706985, -0.22683996745347326], "Sigma": [[0.009333535098009512, -0.003931982443365777, -0.0009145895194677874], [-0.003931982443365778, 0.00469197348440964, -0.003139905459228629], [-0.0009145895194677876, -0.00313990545922863, 0.01214077213606544]], "chi2_level": 0.99, "chi2_df": 3, "chi2_threshold": 11.344866730144373, "N_raw": 35, "N_roi": 16, "N_inlier": 15, "refit": true}
{"timestamp": "19:28:57.413551", "frame": 21, "mu": [2.3910921925077346, 4.409765029678532, 0.6227487013697667], "Sigma": [[0.006040850420035602, -0.004263827421107185, -0.0031545559255633654], [-0.004263827421107185, 0.0057216345994715685, 0.0007624527438363498], [-0.0031545559255633654, 0.0007624527438363496, 0.009081232365598976]], "chi2_level": 0.99, "chi2_df": 3, "chi2_threshold": 11.344866730144373, "N_raw": 21, "N_roi": 13, "N_inlier": 13, "refit": true}
{"timestamp": "19:28:57.525649", "frame": 23, "mu": [2.3238651730417104, 4.303339802046867, 0.7410546292822078], "Sigma": [[0.012425369796886963, -0.006769652185859228, -0.0034548141193773097], [-0.006769652185859228, 0.0062011627305878, 0.00016718566190588728], [-0.0034548141193773097, 0.00016718566190588728, 0.005173936963771947]], "chi2_level": 0.99, "chi2_df": 3, "chi2_threshold": 11.344866730144373, "N_raw": 37, "N_roi": 25, "N_inlier": 24, "refit": true}
{"timestamp": "19:28:57.634154", "frame": 25, "mu": [2.312613929729814, 4.219212973100319, 0.8919014850422404], "Sigma": [[0.00997854153991979, -0.00628077089870702, -0.005522468723681178], [-0.00628077089870702, 0.007799631273548256, 0.0023980728440226354], [-0.005522468723681178, 0.002398072844022635, 0.005370498938998065]], "chi2_level": 0.99, "chi2_df": 3, "chi2_threshold": 11.344866730144373, "N_raw": 33, "N_roi": 25, "N_inlier": 24, "refit": true}
{"timestamp": "19:28:57.743809", "frame": 27, "mu": [2.313781743952956, 4.102324913131399, 0.4759787619264861], "Sigma": [[0.007381199287278114, -0.0064812431666274265, -0.002981142790523681], [-0.0064812431666274265, 0.00810824035327942, 0.003428339014934003], [-0.0029811427905236804, 0.003428339014934003, 0.028704841994989343]], "chi2_level": 0.99, "chi2_df": 3, "chi2_threshold": 11.344866730144373, "N_raw": 23, "N_roi": 17, "N_inlier": 16, "refit": true}
{"timestamp": "19:28:57.801028", "frame": 28, "mu": [2.2218836021623556, 4.083542051096425, 0.6433631408663963], "Sigma": [[0.0171549519771447, -0.01182610024156334, -0.0034165173534851105], [-0.011826100241563341, 0.010291879664546167, 0.002044059486963695], [-0.0034165173534851105, 0.002044059486963695, 0.0580006956733613]], "chi2_level": 0.99, "chi2_df": 3, "chi2_threshold": 11.344866730144373, "N_raw": 40, "N_roi": 34, "N_inlier": 34, "refit": true}
{"timestamp": "19:28:57.911010", "frame": 30, "mu": [2.1120812959314232, 4.221860135020435, -0.15745350206308306], "Sigma": [[0.03238340680376192, -0.014231394362074138, -0.019737473960900323], [-0.014231394362074138, 0.010988883416917583, -0.0012700185993094763], [-0.019737473960900323, -0.0012700185993094763, 0.03487792238452432]], "chi2_level": 0.99, "chi2_df": 3, "chi2_threshold": 11.344866730144373, "N_raw": 47, "N_roi": 47, "N_inlier": 46, "refit": true}
{"timestamp": "19:28:57.965976", "frame": 31, "mu": [2.0796893376154624, 4.010278710673381, 0.7112097912452535], "Sigma": [[0.0186823196401793, -0.010040671377211052, 0.0025910644947648095], [-0.010040671377211052, 0.006098744690019986, -0.0015186174674402782], [0.00259106449476481, -0.0015186174674402773, 0.061135214892200425]], "chi2_level": 0.99, "chi2_df": 3, "chi2_threshold": 11.344866730144373, "N_raw": 39, "N_roi": 39, "N_inlier": 39, "refit": true}
{"timestamp": "19:28:58.020350", "frame": 32, "mu": [2.072444979592086, 4.117989672821862, -0.2368178813452411], "Sigma": [[0.016380283076440575, -0.008173823033718997, 0.008339606275842251], [-0.008173823033718997, 0.007633084391908005, -0.02231853610781638], [0.008339606275842253, -0.02231853610781638, 0.2325528914046912]], "chi2_level": 0.99, "chi2_df": 3, "chi2_threshold": 11.344866730144373, "N_raw": 37, "N_roi": 37, "N_inlier": 37, "refit": true}
{"timestamp": "19:28:58.075353", "frame": 33, "mu": [2.071507782809087, 3.8924769238682058, 0.6536127665547005], "Sigma": [[0.02430143552047153, -0.012288444693932338, -0.0026447370157675018], [-0.012288444693932338, 0.006936394442756654, -0.0006097868900638427], [-0.0026447370157675018, -0.0006097868900638427, 0.019571463859909786]], "chi2_level": 0.99, "chi2_df": 3, "chi2_threshold": 11.344866730144373, "N_raw": 38, "N_roi": 38, "N_inlier": 37, "refit": true}
{"timestamp": "19:28:58.129264", "frame": 34, "mu": [2.0744265880483006, 3.771661784285659, 0.6323829894925581], "Sigma": [[0.02068251782288128, -0.013197255805857035, -0.007771927621447064], [-0.013197255805857035, 0.009247302419693255, 0.00397048124826342], [-0.007771927621447064, 0.00397048124826342, 0.008737841229727162]], "chi2_level": 0.99, "chi2_df": 3, "chi2_threshold": 11.344866730144373, "N_raw": 24, "N_roi": 24, "N_inlier": 24, "refit": true}
{"timestamp": "19:28:58.187316", "frame": 35, "mu": [1.9434558971573006, 3.816300243870012, 0.6245173269317722], "Sigma": [[0.02503479136364245, -0.014498035252778135, -0.004845665060681313], [-0.014498035252778135, 0.010305646352983708, -0.0013862443289294362], [-0.004845665060681313, -0.0013862443289294362, 0.02853120191497196]], "chi2_level": 0.99, "chi2_df": 3, "chi2_threshold": 11.344866730144373, "N_raw": 54, "N_roi": 54, "N_inlier": 53, "refit": true}
{"timestamp": "19:28:58.243930", "frame": 36, "mu": [1.8488456960534991, 3.814139508252839, 0.4469770816207589], "Sigma": [[0.019061524087475582, -0.012815148336393856, -0.0049325653588942016], [-0.012815148336393856, 0.01107975342298482, 0.0024830032755004455], [-0.004932565358894201, 0.0024830032755004455, 0.0038062737324683752]], "chi2_level": 0.99, "chi2_df": 3, "chi2_threshold": 11.344866730144373, "N_raw": 25, "N_roi": 25, "N_inlier": 24, "refit": true}
{"timestamp": "19:28:58.299400", "frame": 37, "mu": [1.8742469007843767, 3.7584961363797795, 0.7859678946955332], "Sigma": [[0.03100437026949659, -0.015532304470790022, -0.01126587228853793], [-0.015532304470790022, 0.011596240044249405, -0.00025164284570918633], [-0.01126587228853793, -0.00025164284570918676, 0.016226672851128707]], "chi2_level": 0.99, "chi2_df": 3, "chi2_threshold": 11.344866730144373, "N_raw": 65, "N_roi": 65, "N_inlier": 65, "refit": true}
{"timestamp": "19:28:58.353766", "frame": 38, "mu": [1.8187935198018963, 3.9099497076712404, -0.2961235825468973], "Sigma": [[0.03019628375383525, -0.01204237746519757, -0.01263044648273014], [-0.01204237746519757, 0.010043978763648747, -0.0005942747355221047], [-0.01263044648273014, -0.0005942747355221047, 0.013623868152333378]], "chi2_level": 0.99, "chi2_df": 3, "chi2_threshold": 11.344866730144373, "N_raw": 57, "N_roi": 57, "N_inlier": 57, "refit": true}
{"timestamp": "19:28:58.406574", "frame": 39, "mu": [1.7827670457723657, 3.639387969361884, 0.5490468596095294], "Sigma": [[0.0202589856035352, -0.01207926170274732, -0.003521300423731989], [-0.01207926170274732, 0.015858069541731846, 0.004905173529877481], [-0.003521300423731989, 0.004905173529877481, 0.0039029009149235184]], "chi2_level": 0.99, "chi2_df": 3, "chi2_threshold": 11.344866730144373, "N_raw": 40, "N_roi": 40, "N_inlier": 39, "refit": true}
{"timestamp": "19:28:58.464198", "frame": 40, "mu": [1.761740214902222, 3.6268965194951734, 0.628207604013878], "Sigma": [[0.026565688146428408, -0.0108829513088116, 0.0033585876455841553], [-0.0108829513088116, 0.009805975011339061, -0.0033077135217115423], [0.0033585876455841553, -0.0033077135217115423, 0.0012568876436049156]], "chi2_level": 0.99, "chi2_df": 3, "chi2_threshold": 11.344866730144373, "N_raw": 55, "N_roi": 55, "N_inlier": 51, "refit": true}
{"timestamp": "19:28:58.515062", "frame": 41, "mu": [1.7172875913417305, 3.5401731200881597, 0.6063974973029705], "Sigma": [[0.01223607182595375, -0.008106770558834124, 0.004829812382982346], [-0.008106770558834124, 0.008922248286028365, -0.00324567370094701], [0.004829812382982345, -0.0032456737009470106, 0.0266134706664369]], "chi2_level": 0.99, "chi2_df": 3, "chi2_threshold": 11.344866730144373, "N_raw": 26, "N_roi": 26, "N_inlier": 26, "refit": true}
{"timestamp": "19:28:58.569348", "frame": 42, "mu": [1.6704555922268292, 3.5226253886622807, 0.7271576316150822], "Sigma": [[0.01838263888237924, -0.00782992119057459, 0.011155583346472018], [-0.007829921190574587, 0.0055571080683458705, -0.008095356283172893], [0.011155583346472018, -0.008095356283172893, 0.029661462115829113]], "chi2_level": 0.99, "chi2_df": 3, "chi2_threshold": 11.344866730144373, "N_raw": 26, "N_roi": 26, "N_inlier": 25, "refit": true}
{"timestamp": "19:28:58.631228", "frame": 43, "mu": [1.564314006647337, 3.5367975120615935, 0.5357966229797397], "Sigma": [[0.029554894335503307, -0.01651765199553224, 0.005071247125747167], [-0.01651765199553224, 0.014934882143909443, -0.008442344765722176], [0.005071247125747167, -0.008442344765722176, 0.009019151046987672]], "chi2_level": 0.99, "chi2_df": 3, "chi2_threshold": 11.344866730144373, "N_raw": 79, "N_roi": 78, "N_inlier": 76, "refit": true}
{"timestamp": "19:28:58.685425", "frame": 44, "mu": [1.5354073133884465, 3.4703790408342754, 0.6087747150173959], "Sigma": [[0.02272443486465065, -0.013655366073566752, -0.004183903865921989], [-0.013655366073566752, 0.011245736722350746, -0.0028303293207053632], [-0.00418390386592199, -0.0028303293207053632, 0.021473550644343017]], "chi2_level": 0.99, "chi2_df": 3, "chi2_threshold": 11.344866730144373, "N_raw": 62, "N_roi": 62, "N_inlier": 62, "refit": true}
{"timestamp": "19:28:58.739651", "frame": 45, "mu": [1.4610571454583543, 3.466274087314534, 0.7143105064792612], "Sigma": [[0.025623950692119563, -0.016139354317954813, -0.014005289956393486], [-0.016139354317954813, 0.016067464796837988, 0.004361025969903603], [-0.014005289956393486, 0.004361025969903603, 0.015309803638032327]], "chi2_level": 0.99, "chi2_df": 3, "chi2_threshold": 11.344866730144373, "N_raw": 65, "N_roi": 65, "N_inlier": 64, "refit": true}
{"timestamp": "19:28:58.790076", "frame": 46, "mu": [1.4702963496601962, 3.36724094503561, 0.5991188314587196], "Sigma": [[0.013378581783305631, -0.01019595189183683, 0.00043525723038997715], [-0.01019595189183683, 0.010805546579384784, -0.0025968148050970795], [0.0004352572303899773, -0.0025968148050970795, 0.005579364688639308]], "chi2_level": 0.99, "chi2_df": 3, "chi2_threshold": 11.344866730144373, "N_raw": 28, "N_roi": 28, "N_inlier": 25, "refit": true}
{"timestamp": "19:28:58.844137", "frame": 47, "mu": [1.3314722214848678, 3.382612845510399, 0.7828822406770942], "Sigma": [[0.013464230032585426, -0.007094459028663137, -0.004669031196838595], [-0.007094459028663137, 0.00527571880457064, -0.0003106131810445504], [-0.004669031196838595, -0.0003106131810445504, 0.009736049460046997]], "chi2_level": 0.99, "chi2_df": 3, "chi2_threshold": 11.344866730144373, "N_raw": 27, "N_roi": 27, "N_inlier": 26, "refit": true}
{"timestamp": "19:28:58.902432", "frame": 48, "mu": [1.2834110227422377, 3.385006720151346, 0.8206760098893492], "Sigma": [[0.021813635944113192, -0.00811848095585196, -0.008682823155130758], [-0.00811848095585196, 0.005532793144999634, -0.0004603914696159954], [-0.008682823155130758, -0.0004603914696159953, 0.011937589304737196]], "chi2_level": 0.99, "chi2_df": 3, "chi2_threshold": 11.344866730144373, "N_raw": 54, "N_roi": 52, "N_inlier": 51, "refit": true}
{"timestamp": "19:28:58.959991", "frame": 49, "mu": [1.162307704371913, 3.3630829625933742, 0.5672561496100866], "Sigma": [[0.021212648887884752, -0.008410904786209098, 0.006967898730217821], [-0.008410904786209096, 0.006349491088819735, -0.0055877281745530544], [0.00696789873021782, -0.0055877281745530544, 0.03528538245433261]], "chi2_level": 0.99, "chi2_df": 3, "chi2_threshold": 11.344866730144373, "N_raw": 65, "N_roi": 65, "N_inlier": 64, "refit": true}
{"timestamp": "19:28:59.018626", "frame": 50, "mu": [1.201940750747177, 3.296322052265298, 0.7115362984683139], "Sigma": [[0.02633043104345728, -0.013264548270789732, -0.005390392829803279], [-0.013264548270789732, 0.010697370832546625, -0.004425140988395901], [-0.005390392829803279, -0.004425140988395901, 0.02616618585434117]], "chi2_level": 0.99, "chi2_df": 3, "chi2_threshold": 11.344866730144373, "N_raw": 88, "N_roi": 85, "N_inlier": 82, "refit": true}
{"timestamp": "19:28:59.071949", "frame": 51, "mu": [1.1195709352871925, 3.5224624367805646, -0.4580375389252256], "Sigma": [[0.02421302178131634, -0.013036362577928808, -0.00047207999099784946], [-0.013036362577928808, 0.014070879985421517, -0.006005196363898873], [-0.00047207999099784935, -0.006005196363898874, 0.010233189791760295]], "chi2_level": 0.99, "chi2_df": 3, "chi2_threshold": 11.344866730144373, "N_raw": 74, "N_roi": 71, "N_inlier": 68, "refit": true}
{"timestamp": "19:28:59.127036", "frame": 52, "mu": [1.0685777587545842, 3.275876482748408, -0.7692886897410716], "Sigma": [[0.03593894921362513, -0.01739063668897904, 0.13279879569418948], [-0.01739063668897904, 0.017508165598143798, -0.07928492329641694], [0.13279879569418948, -0.07928492329641694, 0.7229538855925176]], "chi2_level": 0.99, "chi2_df": 3, "chi2_threshold": 11.344866730144373, "N_raw": 89, "N_roi": 88, "N_inlier": 88, "refit": true}
{"timestamp": "19:28:59.184563", "frame": 53, "mu": [1.0003029144039732, 3.4391760742854114, -0.47394833462897007], "Sigma": [[0.030210059137190385, -0.01981193330549651, 0.00029497144495771487], [-0.019811933305496514, 0.02554783452292475, -0.00833901936702936], [0.00029497144495771487, -0.00833901936702936, 0.01755752379059075]], "chi2_level": 0.99, "chi2_df": 3, "chi2_threshold": 11.344866730144373, "N_raw": 100, "N_roi": 95, "N_inlier": 95, "refit": true}
{"timestamp": "19:28:59.231501", "frame": 54, "mu": [1.034987746377476, 3.1911400094852818, 0.8279502590499334], "Sigma": [[0.015549799341380276, -0.005725816144270301, -0.003830710877062966], [-0.0057258161442703005, 0.006556088230181043, 0.0011524299423568403], [-0.003830710877062966, 0.00115242994235684, 0.002710895731384739]], "chi2_level": 0.99, "chi2_df": 3, "chi2_threshold": 11.344866730144373, "N_raw": 42, "N_roi": 42, "N_inlier": 40, "refit": true}
{"timestamp": "19:28:59.295770", "frame": 55, "mu": [0.8539439013699729, 3.1597395248802282, 0.6863213557119336], "Sigma": [[0.026626437628248754, -0.006310806583914956, 0.01922970772254576], [-0.006310806583914957, 0.005932737581045713, -0.01007595740580373], [0.01922970772254576, -0.01007595740580373, 0.050183785017967455]], "chi2_level": 0.99, "chi2_df": 3, "chi2_threshold": 11.344866730144373, "N_raw": 96, "N_roi": 96, "N_inlier": 96, "refit": true}
{"timestamp": "19:28:59.349744", "frame": 56, "mu": [0.8125123793082747, 3.1437396332125758, 0.6966637824248842], "Sigma": [[0.023164464277761043, -0.009625527982463829, -0.0007868814516618573], [-0.009625527982463827, 0.0077111370266490465, -0.006144409115686405], [-0.0007868814516618577, -0.006144409115686404, 0.019276261084080967]], "chi2_level": 0.99, "chi2_df": 3, "chi2_threshold": 11.344866730144373, "N_raw": 89, "N_roi": 86, "N_inlier": 84, "refit": true}
{"timestamp": "19:28:59.407777", "frame": 57, "mu": [0.7976518603223509, 3.3066087965284665, -0.3293801247564656], "Sigma": [[0.021673458715081584, -0.008018471414774252, -0.007223524232595009], [-0.008018471414774252, 0.011661389870069564, -0.004781741596763136], [-0.0072235242325950095, -0.004781741596763136, 0.012589149741746875]], "chi2_level": 0.99, "chi2_df": 3, "chi2_threshold": 11.344866730144373, "N_raw": 85, "N_roi": 82, "N_inlier": 82, "refit": true}
{"timestamp": "19:28:59.452129", "frame": 58, "mu": [0.7756924299899608, 3.018327553085395, 0.8093774726831375], "Sigma": [[0.015835663433354734, -0.004890048619806691, -0.006342632179147661], [-0.004890048619806691, 0.0037975756854601492, -7.6042592639916e-05], [-0.006342632179147661, -7.60425926399161e-05, 0.006917416943570253]], "chi2_level": 0.99, "chi2_df": 3, "chi2_threshold": 11.344866730144373, "N_raw": 44, "N_roi": 44, "N_inlier": 44, "refit": true}
{"timestamp": "19:28:59.513394", "frame": 59, "mu": [0.670391378673634, 3.054855936365922, 0.9092590360706267], "Sigma": [[0.01991808388165551, -0.012894306029051337, -0.009837874293239107], [-0.012894306029051335, 0.014724778551333383, 0.0005414395669472605], [-0.009837874293239107, 0.0005414395669472601, 0.01341100580677498]], "chi2_level": 0.99, "chi2_df": 3, "chi2_threshold": 11.344866730144373, "N_raw": 89, "N_roi": 88, "N_inlier": 86, "refit": true}
{"timestamp": "19:28:59.564767", "frame": 60, "mu": [0.5900326225123708, 3.0733866952813895, 0.8862156582142388], "Sigma": [[0.019308796167788377, -0.004247777236601121, -0.0021872642087825927], [-0.004247777236601122, 0.002439047094278165, -0.002970468491195232], [-0.0021872642087825927, -0.002970468491195232, 0.026756429325642518]], "chi2_level": 0.99, "chi2_df": 3, "chi2_threshold": 11.344866730144373, "N_raw": 65, "N_roi": 64, "N_inlier": 63, "refit": true}
{"timestamp": "19:28:59.625414", "frame": 61, "mu": [0.5457155967839291, 3.15448065926877, -0.7054226087685378], "Sigma": [[0.02166122816069143, 0.003348461332265002, 0.05025293988457823], [0.0033484613322650016, 0.014132064429300775, 0.017259616088267864], [0.05025293988457823, 0.017259616088267867, 0.20404815385616557]], "chi2_level": 0.99, "chi2_df": 3, "chi2_threshold": 11.344866730144373, "N_raw": 93, "N_roi": 91, "N_inlier": 88, "refit": true}
{"timestamp": "19:28:59.675061", "frame": 62, "mu": [0.5097793795172451, 3.215542723884607, -0.3106730133359938], "Sigma": [[0.016881909921347325, -0.005026577147313043, 0.006215113495046386], [-0.005026577147313042, 0.008008420583815805, -0.005769511033532541], [0.006215113495046387, -0.00576951103353254, 0.01199802706281769]], "chi2_level": 0.99, "chi2_df": 3, "chi2_threshold": 11.344866730144373, "N_raw": 66, "N_roi": 66, "N_inlier": 65, "refit": true}
{"timestamp": "19:28:59.734768", "frame": 63, "mu": [0.43029101531018366, 3.1358714452267193, 0.04314231385288454], "Sigma": [[0.026598796792008272, -0.025098167778935802, 0.07162831208368153], [-0.025098167778935802, 0.03753871367984165, -0.08706252344848432], [0.07162831208368153, -0.08706252344848434, 0.28810097947543184]], "chi2_level": 0.99, "chi2_df": 3, "chi2_threshold": 11.344866730144373, "N_raw": 101, "N_roi": 99, "N_inlier": 96, "refit": true}
{"timestamp": "19:28:59.786261", "frame": 64, "mu": [0.3430454746135878, 3.2037063808549284, -0.2964858499086864], "Sigma": [[0.023029134579839405, -0.014071111747457721, -0.011285608439178751], [-0.014071111747457721, 0.014194712361245356, 0.005188927780404813], [-0.011285608439178751, 0.005188927780404813, 0.010027372705851604]], "chi2_level": 0.99, "chi2_df": 3, "chi2_threshold": 11.344866730144373, "N_raw": 75, "N_roi": 75, "N_inlier": 70, "refit": true}
{"timestamp": "19:28:59.845767", "frame": 65, "mu": [0.3248279181342862, 2.964020979884655, 0.9207879264481702], "Sigma": [[0.035487349571977564, -0.020389814540959207, 0.006619864422854879], [-0.020389814540959207, 0.017243111853535102, -0.011154791540950296], [0.006619864422854879, -0.011154791540950296, 0.013781124564758782]], "chi2_level": 0.99, "chi2_df": 3, "chi2_threshold": 11.344866730144373, "N_raw": 102, "N_roi": 102, "N_inlier": 99, "refit": true}
{"timestamp": "19:28:59.898160", "frame": 66, "mu": [0.2968701055345797, 2.874827925306453, 0.8793386172866686], "Sigma": [[0.017670860612700925, -0.009452600505938838, -0.016596120352206905], [-0.009452600505938838, 0.00809419326786399, 0.0026482483766535896], [-0.01659612035220691, 0.002648248376653589, 0.0350049594870791]], "chi2_level": 0.99, "chi2_df": 3, "chi2_threshold": 11.344866730144373, "N_raw": 81, "N_roi": 81, "N_inlier": 75, "refit": true}
{"timestamp": "19:28:59.948767", "frame": 67, "mu": [0.23294714144526052, 2.8686545198233793, 1.1543168721729513], "Sigma": [[0.013241113913994183, -0.0023525640395550235, -0.011289769947964035], [-0.002352564039555024, 0.003062182169264382, -0.002228942410386397], [-0.011289769947964037, -0.002228942410386397, 0.021416074280789753]], "chi2_level": 0.99, "chi2_df": 3, "chi2_threshold": 11.344866730144373, "N_raw": 57, "N_roi": 57, "N_inlier": 54, "refit": true}
{"timestamp": "19:29:00.008786", "frame": 68, "mu": [0.22293700260739904, 2.756683387439717, 0.879583581971981], "Sigma": [[0.015206266030486052, -0.003578384358489532, -0.011199091273624517], [-0.003578384358489532, 0.0021291229282478846, -0.0010970424556324306], [-0.011199091273624517, -0.0010970424556324303, 0.02476794955575037]], "chi2_level": 0.99, "chi2_df": 3, "chi2_threshold": 11.344866730144373, "N_raw": 63, "N_roi": 63, "N_inlier": 62, "refit": true}
{"timestamp": "19:29:00.059585", "frame": 69, "mu": [0.151645558410495, 2.796499306973359, 1.1474887351321492], "Sigma": [[0.014464771388401904, -0.003647771503830874, -0.014927732731246993], [-0.003647771503830874, 0.0028472964927179685, -0.00030277690333857174], [-0.014927732731246993, -0.00030277690333857174, 0.026029870002193926]], "chi2_level": 0.99, "chi2_df": 3, "chi2_threshold": 11.344866730144373, "N_raw": 61, "N_roi": 61, "N_inlier": 57, "refit": true}
{"timestamp": "19:29:00.115401", "frame": 70, "mu": [0.09630729644923924, 2.767006684223888, 1.1527819110311903], "Sigma": [[0.013275791343364741, -0.0038057727366498564, -0.01587571816290815], [-0.0038057727366498564, 0.003194128031059248, -0.0008411833354559578], [-0.01587571816290815, -0.0008411833354559578, 0.05082791502103785]], "chi2_level": 0.99, "chi2_df": 3, "chi2_threshold": 11.344866730144373, "N_raw": 73, "N_roi": 73, "N_inlier": 69, "refit": true}
{"timestamp": "19:29:00.170768", "frame": 71, "mu": [0.07933524620039994, 2.6940148316009207, 1.0778565224111878], "Sigma": [[0.013176185936162432, -0.0032468292568079374, -0.006884974808996398], [-0.0032468292568079374, 0.0038442677202772998, -0.0034457651857210283], [-0.006884974808996396, -0.003445765185721028, 0.014094076902876238]], "chi2_level": 0.99, "chi2_df": 3, "chi2_threshold": 11.344866730144373, "N_raw": 72, "N_roi": 72, "N_inlier": 67, "refit": true}
{"timestamp": "19:29:00.225814", "frame": 72, "mu": [0.029293301848098356, 2.6811483210179436, 1.078436289967998], "Sigma": [[0.01332432234749716, -0.004670897315706038, -0.004617756780638467], [-0.004670897315706038, 0.005086297447312334, -0.0030966298732247495], [-0.004617756780638467, -0.0030966298732247495, 0.010733793986843777]], "chi2_level": 0.99, "chi2_df": 3, "chi2_threshold": 11.344866730144373, "N_raw": 73, "N_roi": 73, "N_inlier": 68, "refit": true}
{"timestamp": "19:29:00.282012", "frame": 73, "mu": [0.04796828274700076, 2.6088706825587167, 1.0478524697211018], "Sigma": [[0.016454884069087947, -0.009513163405021102, -0.016002684450779833], [-0.009513163405021102, 0.011424973236382504, 0.007638569065246381], [-0.016002684450779833, 0.007638569065246381, 0.019536417124479274]], "chi2_level": 0.99, "chi2_df": 3, "chi2_threshold": 11.344866730144373, "N_raw": 79, "N_roi": 79, "N_inlier": 76, "refit": true}
{"timestamp": "19:29:00.342084", "frame": 74, "mu": [-0.1330989844679265, 2.557488296139516, 0.8843230018852605], "Sigma": [[0.02079061532948395, 0.006382768236281575, 0.046923767950655185], [0.006382768236281575, 0.016373434411456528, 0.05798935844267483], [0.046923767950655185, 0.05798935844267483, 0.36498799327122217]], "chi2_level": 0.99, "chi2_df": 3, "chi2_threshold": 11.344866730144373, "N_raw": 104, "N_roi": 104, "N_inlier": 104, "refit": true}
{"timestamp": "19:29:00.389384", "frame": 75, "mu": [-0.14470480514875286, 2.5700434936215024, 1.1269829229386155], "Sigma": [[0.009503281375593467, -0.0030954536686070896, -0.010969956895557352], [-0.0030954536686070896, 0.005551688937665178, -0.0007958550153678748], [-0.010969956895557353, -0.0007958550153678748, 0.01859093022899791]], "chi2_level": 0.99, "chi2_df": 3, "chi2_threshold": 11.344866730144373, "N_raw": 60, "N_roi": 60, "N_inlier": 60, "refit": true}
{"timestamp": "19:29:00.448070", "frame": 76, "mu": [-0.19786294610312052, 2.5255051410330265, -0.5438826299007106], "Sigma": [[0.014802713155381597, -0.005330314323828198, 0.07166196816862161], [-0.005330314323828198, 0.006376216750007782, -0.025376108150947825], [0.07166196816862161, -0.025376108150947825, 0.698116399642718]], "chi2_level": 0.99, "chi2_df": 3, "chi2_threshold": 11.344866730144373, "N_raw": 85, "N_roi": 85, "N_inlier": 83, "refit": true}
{"timestamp": "19:29:00.499043", "frame": 77, "mu": [-0.22848218655819247, 2.449201068164393, 1.0089417140906745], "Sigma": [[0.010026854056194178, -0.0018672827230239875, -0.006396901885449332], [-0.001867282723023988, 0.002881525997997933, -0.008848717244683522], [-0.006396901885449332, -0.008848717244683519, 0.10015614820307854]], "chi2_level": 0.99, "chi2_df": 3, "chi2_threshold": 11.344866730144373, "N_raw": 56, "N_roi": 56, "N_inlier": 53, "refit": true}
{"timestamp": "19:29:00.554250", "frame": 78, "mu": [-0.30985274213762254, 2.4558102858093966, 1.153387161068287], "Sigma": [[0.013237071703710282, -0.0040507482484063665, -0.014523295558106601], [-0.004050748248406367, 0.0030258258277350864, 0.0008590336478511605], [-0.014523295558106601, 0.0008590336478511602, 0.028994692524238103]], "chi2_level": 0.99, "chi2_df": 3, "chi2_threshold": 11.344866730144373, "N_raw": 63, "N_roi": 63, "N_inlier": 58, "refit": true}
{"timestamp": "19:29:00.609389", "frame": 79, "mu": [-0.3608203545298043, 2.5434981197667175, -0.5982747995407582], "Sigma": [[0.008724078158460661, 0.0049133094265833704, 0.016781066960595444], [0.0049133094265833704, 0.011999352633096679, -0.0024134361846026415], [0.016781066960595444, -0.0024134361846026445, 0.11968642396638102]], "chi2_level": 0.99, "chi2_df": 3, "chi2_threshold": 11.344866730144373, "N_raw": 53, "N_roi": 53, "N_inlier": 51, "refit": true}
{"timestamp": "19:29:00.720224", "frame": 81, "mu": [-0.44792416325509704, 2.3369265040067644, 1.1709439867996754], "Sigma": [[0.009542938504466995, -0.0017401137372152387, -0.007696949445602869], [-0.0017401137372152387, 0.005914121854303386, -0.00218864879991206], [-0.007696949445602868, -0.00218864879991206, 0.00962483931727202]], "chi2_level": 0.99, "chi2_df": 3, "chi2_threshold": 11.344866730144373, "N_raw": 70, "N_roi": 70, "N_inlier": 66, "refit": true}
{"timestamp": "19:29:00.772965", "frame": 82, "mu": [-0.44726366827141617, 2.2688781705452645, 1.1391204981232799], "Sigma": [[0.009696023604752786, -0.0008961156143531772, -0.003953161005291853], [-0.0008961156143531771, 0.0026678545530459414, -0.00036757529810313883], [-0.003953161005291854, -0.00036757529810313894, 0.007662311217035871]], "chi2_level": 0.99, "chi2_df": 3, "chi2_threshold": 11.344866730144373, "N_raw": 48, "N_roi": 48, "N_inlier": 45, "refit": true}
{"timestamp": "19:29:00.830177", "frame": 83, "mu": [-0.5360206794742942, 2.35071531618251, -0.6859609694680768], "Sigma": [[0.009137786125827305, 0.004743745697711924, 0.02099652046180536], [0.004743745697711924, 0.010738726238866287, 0.01064352217997594], [0.020996520461805362, 0.01064352217997594, 0.0932481420349805]], "chi2_level": 0.99, "chi2_df": 3, "chi2_threshold": 11.344866730144373, "N_raw": 68, "N_roi": 68, "N_inlier": 65, "refit": true}
{"timestamp": "19:29:00.892621", "frame": 84, "mu": [-0.5942826033069092, 2.1949943666604863, 0.7935716921941416], "Sigma": [[0.012114401284218757, -0.00283758350284176, 0.006255849906611453], [-0.00283758350284176, 0.009067675752143659, 0.024220527569239498], [0.006255849906611453, 0.024220527569239498, 0.23541404678468053]], "chi2_level": 0.99, "chi2_df": 3, "chi2_threshold": 11.344866730144373, "N_raw": 108, "N_roi": 106, "N_inlier": 106, "refit": true}
{"timestamp": "19:29:00.938057", "frame": 85, "mu": [-0.6484089310610893, 2.207934798875526, 0.8359532537981735], "Sigma": [[0.011277599419462768, -0.0019335424175044391, 0.0028154909390925445], [-0.001933542417504439, 0.0016376132313841484, -0.002678244473846945], [0.0028154909390925437, -0.002678244473846945, 0.028733679928005938]], "chi2_level": 0.99, "chi2_df": 3, "chi2_threshold": 11.344866730144373, "N_raw": 50, "N_roi": 50, "N_inlier": 46, "refit": true}
{"timestamp": "19:29:00.992494", "frame": 86, "mu": [-0.7078081724952948, 2.1897989695265228, 1.262502597402423], "Sigma": [[0.006449167616503452, 0.0005746779288775609, -0.005259066680466443], [0.0005746779288775609, 0.0033282229218246535, -0.003213157515335455], [-0.0052590666804664425, -0.0032131575153354556, 0.008653113887070369]], "chi2_level": 0.99, "chi2_df": 3, "chi2_threshold": 11.344866730144373, "N_raw": 51, "N_roi": 51, "N_inlier": 46, "refit": true}
{"timestamp": "19:29:01.050473", "frame": 87, "mu": [-0.7299605106390703, 2.335524175978175, -0.48373608560282677], "Sigma": [[0.008805717329123237, -0.002677363031861054, 0.007489473333842455], [-0.002677363031861054, 0.007173550392452595, -0.02463179220024822], [0.007489473333842455, -0.02463179220024822, 0.1289197571784757]], "chi2_level": 0.99, "chi2_df": 3, "chi2_threshold": 11.344866730144373, "N_raw": 65, "N_roi": 65, "N_inlier": 62, "refit": true}
{"timestamp": "19:29:01.105296", "frame": 88, "mu": [-0.7450442612461937, 2.2666694369506843, -0.46885572804490144], "Sigma": [[0.007986878000375095, 0.0011879966617536607, -0.011001088505973053], [0.0011879966617536603, 0.0031721684243356633, -0.009384503662694953], [-0.011001088505973053, -0.009384503662694952, 0.04325099649004689]], "chi2_level": 0.99, "chi2_df": 3, "chi2_threshold": 11.344866730144373, "N_raw": 62, "N_roi": 60, "N_inlier": 55, "refit": true}
{"timestamp": "19:29:01.160689", "frame": 89, "mu": [-0.860039787643676, 2.0429387354076876, 1.0995405635350683], "Sigma": [[0.010858184895483703, 0.00013336564351630582, -0.023849179203603944], [0.00013336564351630598, 0.0012382373357866297, -0.004647354868897082], [-0.023849179203603944, -0.004647354868897083, 0.0956683422932484]], "chi2_level": 0.99, "chi2_df": 3, "chi2_threshold": 11.344866730144373, "N_raw": 71, "N_roi": 71, "N_inlier": 66, "refit": true}
{"timestamp": "19:29:01.213306", "frame": 90, "mu": [-0.9457985583367207, 2.0031777600138176, 1.3175597237922307], "Sigma": [[0.007530553834951899, 0.0008334457227045885, -0.005261041028888601], [0.0008334457227045884, 0.002868295639920346, -0.0036434666953793766], [-0.005261041028888601, -0.0036434666953793766, 0.0097439155263315]], "chi2_level": 0.99, "chi2_df": 3, "chi2_threshold": 11.344866730144373, "N_raw": 51, "N_roi": 51, "N_inlier": 49, "refit": true}
{"timestamp": "19:29:01.271677", "frame": 91, "mu": [-0.9419784176666935, 1.9738957803779917, 1.2042163177147385], "Sigma": [[0.009589150389487081, -0.0012714479293321462, -0.006119099008827879], [-0.0012714479293321462, 0.00226824979308546, -0.0024557538256608892], [-0.006119099008827878, -0.0024557538256608892, 0.03093165598816683]], "chi2_level": 0.99, "chi2_df": 3, "chi2_threshold": 11.344866730144373, "N_raw": 71, "N_roi": 71, "N_inlier": 69, "refit": true}
{"timestamp": "19:29:01.326285", "frame": 92, "mu": [-0.929759964657079, 1.923815826268403, 1.2236500692280152], "Sigma": [[0.007640506121314529, -0.002107642316764803, -0.005505931592976156], [-0.002107642316764803, 0.006650807711646295, 0.0005191346437746728], [-0.005505931592976156, 0.0005191346437746727, 0.006643141499795452]], "chi2_level": 0.99, "chi2_df": 3, "chi2_threshold": 11.344866730144373, "N_raw": 57, "N_roi": 57, "N_inlier": 55, "refit": true}
{"timestamp": "19:29:01.377478", "frame": 93, "mu": [-0.970368740056799, 1.8210054706447985, 1.1901612663019923], "Sigma": [[0.00892817344400284, 8.559609675487367e-05, -0.00523817041090136], [8.559609675487356e-05, 0.0029582252976912754, -0.001877188281338277], [-0.00523817041090136, -0.0018771882813382772, 0.005047795629507391]], "chi2_level": 0.99, "chi2_df": 3, "chi2_threshold": 11.344866730144373, "N_raw": 48, "N_roi": 48, "N_inlier": 45, "refit": true}
{"timestamp": "19:29:01.434598", "frame": 94, "mu": [-1.0705026065243795, 1.8122127179729366, 1.1910691234741655], "Sigma": [[0.008989264535264283, -0.0018531760442193424, -0.005190740458730062], [-0.0018531760442193424, 0.0028424367829859858, -0.0008774899134858568], [-0.005190740458730062, -0.0008774899134858567, 0.020300399726272105]], "chi2_level": 0.99, "chi2_df": 3, "chi2_threshold": 11.344866730144373, "N_raw": 60, "N_roi": 60, "N_inlier": 60, "refit": true}
{"timestamp": "19:29:01.484085", "frame": 95, "mu": [-1.164171873386723, 1.7802229103548646, 1.2591634972432504], "Sigma": [[0.0180715866522791, -0.005641328819722628, -0.009258155036270395], [-0.005641328819722628, 0.003296804707460588, 0.0022759813417977982], [-0.009258155036270395, 0.0022759813417977982, 0.0055148376066531035]], "chi2_level": 0.99, "chi2_df": 3, "chi2_threshold": 11.344866730144373, "N_raw": 21, "N_roi": 21, "N_inlier": 19, "refit": true}
{"timestamp": "19:29:01.948984", "frame": 101, "mu": [-1.6416471611406185, 1.3870805369220012, 1.320425317901938], "Sigma": [[0.01443300876641967, 0.012049020352168812, -0.013532533139657002], [0.012049020352168812, 0.01142483906705567, -0.014793611361742887], [-0.013532533139657002, -0.014793611361742887, 0.0343188227225564]], "chi2_level": 0.99, "chi2_df": 3, "chi2_threshold": 11.344866730144373, "N_raw": 12, "N_roi": 12, "N_inlier": 11, "refit": true}
{"timestamp": "19:29:02.036686", "frame": 104, "mu": [-1.6910650645257552, 1.2580629782796795, 1.3726083843250245], "Sigma": [[0.012499085577462548, 0.00768178974604008, -0.008080601216938838], [0.00768178974604008, 0.008838140147963703, -0.00718252253504037], [-0.008080601216938838, -0.00718252253504037, 0.006970515494022012]], "chi2_level": 0.99, "chi2_df": 3, "chi2_threshold": 11.344866730144373, "N_raw": 47, "N_roi": 47, "N_inlier": 46, "refit": true}
{"timestamp": "19:29:02.069059", "frame": 105, "mu": [-1.7296392558659746, 1.2443679228357485, 1.4586215797329591], "Sigma": [[0.013391558466805889, 0.001389370216615276, -0.012842628151936524], [0.0013893702166152756, 0.009704581300432327, -0.0001469283602082473], [-0.012842628151936524, -0.00014692836020824707, 0.01392579798016634]], "chi2_level": 0.99, "chi2_df": 3, "chi2_threshold": 11.344866730144373, "N_raw": 48, "N_roi": 48, "N_inlier": 46, "refit": true}
{"timestamp": "19:29:02.101381", "frame": 106, "mu": [-1.6948789921613212, 1.2540489987233523, 1.2814380506074674], "Sigma": [[0.015760265025385297, 0.00875864291500929, -0.007906975884998595], [0.00875864291500929, 0.014468090774181378, -0.011197434399585038], [-0.007906975884998595, -0.011197434399585038, 0.012294151232097645]], "chi2_level": 0.99, "chi2_df": 3, "chi2_threshold": 11.344866730144373, "N_raw": 94, "N_roi": 94, "N_inlier": 92, "refit": true}
{"timestamp": "19:29:02.145610", "frame": 107, "mu": [-1.6938745109556876, 1.1095357236068386, 1.2447819361524683], "Sigma": [[0.006652977538185971, 0.005620020336615817, -0.003936791596032571], [0.005620020336615817, 0.006624496424785806, -0.005531785054572819], [-0.003936791596032571, -0.005531785054572819, 0.006401767292129225]], "chi2_level": 0.99, "chi2_df": 3, "chi2_threshold": 11.344866730144373, "N_raw": 33, "N_roi": 33, "N_inlier": 32, "refit": true}
{"timestamp": "19:29:02.203026", "frame": 108, "mu": [-1.7485863198827598, 1.078608563028503, 1.2124799255871606], "Sigma": [[0.009791766491759328, 0.007608062584038993, -0.002206985320345646], [0.007608062584038993, 0.009674126919983336, -0.004272209803336954], [-0.0022069853203456466, -0.004272209803336954, 0.010391799752725354]], "chi2_level": 0.99, "chi2_df": 3, "chi2_threshold": 11.344866730144373, "N_raw": 53, "N_roi": 53, "N_inlier": 51, "refit": true}
{"timestamp": "19:29:02.259606", "frame": 109, "mu": [-1.8131857724807787, 1.0354807131464034, 1.2557607483004667], "Sigma": [[0.017393964060383325, 0.008719021386346585, -0.008759892935821492], [0.008719021386346585, 0.014474543973971006, -0.006545884208232284], [-0.008759892935821492, -0.006545884208232284, 0.005862702865022637]], "chi2_level": 0.99, "chi2_df": 3, "chi2_threshold": 11.344866730144373, "N_raw": 67, "N_roi": 67, "N_inlier": 67, "refit": true}
{"timestamp": "19:29:02.314565", "frame": 110, "mu": [-1.8067409501221185, 1.178414860606212, -0.5228531896979409], "Sigma": [[0.013362790666085375, 0.00891276158712538, -0.0030452784951514], [0.008912761587125378, 0.016172639761328267, -0.004124832383775676], [-0.0030452784951514, -0.004124832383775676, 0.0016838264075226923]], "chi2_level": 0.99, "chi2_df": 3, "chi2_threshold": 11.344866730144373, "N_raw": 63, "N_roi": 63, "N_inlier": 63, "refit": true}
{"timestamp": "19:29:02.369968", "frame": 111, "mu": [-1.898185376357616, 0.9557424318906542, 1.2311399960933997], "Sigma": [[0.015483563217184271, 0.009524877724025783, -0.003909914409428214], [0.009524877724025781, 0.012384057764185457, -0.00607265421566823], [-0.003909914409428214, -0.00607265421566823, 0.012633296656402502]], "chi2_level": 0.99, "chi2_df": 3, "chi2_threshold": 11.344866730144373, "N_raw": 64, "N_roi": 64, "N_inlier": 64, "refit": true}
{"timestamp": "19:29:02.420976", "frame": 112, "mu": [-1.870241427829648, 0.8849742599733627, 1.187390491557303], "Sigma": [[0.007880840186793216, 0.006869870618326234, -0.002521303008292349], [0.006869870618326234, 0.012665938302009365, -0.006283388589358157], [-0.002521303008292349, -0.006283388589358157, 0.0041754175588134676]], "chi2_level": 0.99, "chi2_df": 3, "chi2_threshold": 11.344866730144373, "N_raw": 42, "N_roi": 42, "N_inlier": 42, "refit": true}
{"timestamp": "19:29:02.480366", "frame": 113, "mu": [-1.9988749604387657, 0.9323475615145295, 1.1246829793424042], "Sigma": [[0.022970521549018443, 0.0048248803158698434, 0.0362417637721526], [0.0048248803158698434, 0.014225507080704922, -0.008848807784033992], [0.0362417637721526, -0.008848807784033992, 0.11611743559751399]], "chi2_level": 0.99, "chi2_df": 3, "chi2_threshold": 11.344866730144373, "N_raw": 70, "N_roi": 70, "N_inlier": 70, "refit": true}
