{"timestamp": "20:06:49.291649", "frame": 1, "mu": [1.620822156204203, 0.7800214104818527, 1.371624045925424], "Sigma": [[0.002374143381406325, -0.002611615953702946, -0.0021007510716877457], [-0.002611615953702946, 0.007682690916846345, -0.001262315876365584], [-0.0021007510716877457, -0.0012623158763655838, 0.005018887253558214]], "chi2_level": 0.99, "chi2_df": 3, "chi2_threshold": 11.344866730144373, "N_raw": 21, "N_roi": 21, "N_inlier": 21, "refit": true}
{"timestamp": "20:06:49.346996", "frame": 2, "mu": [1.618575261083751, 0.9701836959536209, -0.4666478013892237], "Sigma": [[0.0037543874334062767, -0.0005644183659225451, -0.005911133684932219], [-0.0005644183659225451, 0.0022516488675907317, -0.0003004209915072314], [-0.005911133684932219, -0.00030042099150723143, 0.011352428771320871]], "chi2_level": 0.99, "chi2_df": 3, "chi2_threshold": 11.344866730144373, "N_raw": 17, "N_roi": 17, "N_inlier": 17, "refit": true}
{"timestamp": "20:06:49.400695", "frame": 3, "mu": [1.6199476060287579, 0.8115619240408544, 1.220453928114547], "Sigma": [[0.0030150985958100566, 0.00010270913368378919, -0.006542988084113589], [0.00010270913368378919, 0.0038352935053853933, 0.0002151841914716456], [-0.006542988084113589, 0.0002151841914716456, 0.022327999603443557]], "chi2_level": 0.99, "chi2_df": 3, "chi2_threshold": 11.344866730144373, "N_raw": 12, "N_roi": 12, "N_inlier": 11, "refit": true}
{"timestamp": "20:06:49.622148", "frame": 7, "mu": [1.5308297851512118, 0.820921385893523, 1.4276602209397007], "Sigma": [[0.004579396860212344, -0.003076104519722479, -0.0020667355675473183], [-0.003076104519722479, 0.005088575959214873, 0.00047948005372207313], [-0.0020667355675473183, 0.00047948005372207313, 0.0014505024568845146]], "chi2_level": 0.99, "chi2_df": 3, "chi2_threshold": 11.344866730144373, "N_raw": 23, "N_roi": 23, "N_inlier": 22, "refit": true}
{"timestamp": "20:06:49.735424", "frame": 9, "mu": [1.4807450184961908, 0.8420494720458824, 1.4219671177535438], "Sigma": [[0.004799368159760532, -0.0031080238076424084, -0.003175793402471344], [-0.0031080238076424084, 0.005209537224718332, 0.0007292684396030167], [-0.0031757934024713433, 0.0007292684396030167, 0.0051216670252344715]], "chi2_level": 0.99, "chi2_df": 3, "chi2_threshold": 11.344866730144373, "N_raw": 29, "N_roi": 29, "N_inlier": 28, "refit": true}
{"timestamp": "20:06:49.789687", "frame": 10, "mu": [1.4423521212449841, 0.8530993806951103, 1.4512448037379844], "Sigma": [[0.004137505133697437, -0.0014117171884048762, -0.0005719034761439757], [-0.001411717188404876, 0.003623607733806234, -0.0008149858827997355], [-0.0005719034761439757, -0.0008149858827997355, 0.0004306467631290588]], "chi2_level": 0.99, "chi2_df": 3, "chi2_threshold": 11.344866730144373, "N_raw": 25, "N_roi": 25, "N_inlier": 23, "refit": true}
{"timestamp": "20:06:49.845561", "frame": 11, "mu": [1.4540250705380104, 0.8168552129244971, 1.4229821544136751], "Sigma": [[0.005169929593055409, -0.0032253626938611017, -0.0020042727374528875], [-0.0032253626938611017, 0.0058331600929200774, 0.0012436277866221923], [-0.0020042727374528875, 0.0012436277866221923, 0.0033519562684119156]], "chi2_level": 0.99, "chi2_df": 3, "chi2_threshold": 11.344866730144373, "N_raw": 28, "N_roi": 28, "N_inlier": 26, "refit": true}
{"timestamp": "20:06:49.902621", "frame": 12, "mu": [1.407352515226785, 0.788961466974475, 1.3296849745151473], "Sigma": [[0.006095087778563262, -0.0042869782934340395, -0.006253270416102766], [-0.0042869782934340395, 0.006093282753337123, 0.0020433195829008626], [-0.006253270416102766, 0.0020433195829008626, 0.011229356243932674]], "chi2_level": 0.99, "chi2_df": 3, "chi2_threshold": 11.344866730144373, "N_raw": 43, "N_roi": 43, "N_inlier": 41, "refit": true}
{"timestamp": "20:06:49.956239", "frame": 13, "mu": [1.3650887448275841, 0.9738415605228073, -0.45507823488109234], "Sigma": [[0.005525441194153502, -0.0013254179576980747, -0.009626050020342832], [-0.0013254179576980747, 0.003559727505891931, -0.0001477168190364773], [-0.009626050020342832, -0.0001477168190364773, 0.02229599889622395]], "chi2_level": 0.99, "chi2_df": 3, "chi2_threshold": 11.344866730144373, "N_raw": 32, "N_roi": 32, "N_inlier": 31, "refit": true}
{"timestamp": "20:06:50.010305", "frame": 14, "mu": [1.2788744873392648, 0.8290425554016857, 1.3754469789916108], "Sigma": [[0.003937181183469432, -0.0038965360533914795, -0.004723511566881023], [-0.0038965360533914795, 0.008874356880059149, 0.005452689006817253], [-0.004723511566881023, 0.0054526890068172535, 0.00868596496569363]], "chi2_level": 0.99, "chi2_df": 3, "chi2_threshold": 11.344866730144373, "N_raw": 23, "N_roi": 23, "N_inlier": 21, "refit": true}
{"timestamp": "20:06:50.068553", "frame": 15, "mu": [1.2449382171131647, 0.8095536651820381, 1.2339461278008346], "Sigma": [[0.005632575243613146, -0.006322223271809351, -0.007623246366382895], [-0.006322223271809351, 0.00926615137554881, 0.006699019262701192], [-0.007623246366382895, 0.006699019262701193, 0.027557591275646404]], "chi2_level": 0.99, "chi2_df": 3, "chi2_threshold": 11.344866730144373, "N_raw": 47, "N_roi": 47, "N_inlier": 45, "refit": true}
{"timestamp": "20:06:50.173520", "frame": 17, "mu": [1.147422214294611, 0.9517870542679331, -0.5005833389233147], "Sigma": [[0.0033037092422544805, -0.0018607162189789635, -0.005933310163180347], [-0.0018607162189789635, 0.0028266922184506226, 0.0016749845303263419], [-0.005933310163180347, 0.0016749845303263419, 0.015810171758705464]], "chi2_level": 0.99, "chi2_df": 3, "chi2_threshold": 11.344866730144373, "N_raw": 18, "N_roi": 18, "N_inlier": 17, "refit": true}
{"timestamp": "20:06:50.230774", "frame": 18, "mu": [1.0249269361255213, 0.8868378336056382, 1.4313292354093496], "Sigma": [[0.004717767083592498, -0.0025907973050822283, -0.003477766467424814], [-0.0025907973050822283, 0.0030641257965654456, 0.0015900692685901746], [-0.003477766467424814, 0.0015900692685901744, 0.006578921774297921]], "chi2_level": 0.99, "chi2_df": 3, "chi2_threshold": 11.344866730144373, "N_raw": 32, "N_roi": 32, "N_inlier": 30, "refit": true}
{"timestamp": "20:06:50.287780", "frame": 19, "mu": [0.9426845272670108, 0.8843945379116918, 1.4807451583081983], "Sigma": [[0.004230663322579019, -0.0013642070345496024, -0.0027850934818173067], [-0.0013642070345496026, 0.002468268056009273, -5.709889430911537e-05], [-0.0027850934818173067, -5.709889430911537e-05, 0.004453742055008612]], "chi2_level": 0.99, "chi2_df": 3, "chi2_threshold": 11.344866730144373, "N_raw": 40, "N_roi": 40, "N_inlier": 36, "refit": true}
{"timestamp": "20:06:50.339660", "frame": 20, "mu": [0.8777670421200819, 0.8950111680026821, 1.444921569496216], "Sigma": [[0.005661572327699957, -0.0027274101179870177, -0.00789108223744927], [-0.0027274101179870177, 0.0023494131032989656, 0.002712452586744842], [-0.00789108223744927, 0.0027124525867448417, 0.014524155155593844]], "chi2_level": 0.99, "chi2_df": 3, "chi2_threshold": 11.344866730144373, "N_raw": 22, "N_roi": 22, "N_inlier": 21, "refit": true}
{"timestamp": "20:06:50.394581", "frame": 21, "mu": [0.8337125914020432, 0.8638016505434869, 1.4345531169411314], "Sigma": [[0.003654300757402387, -0.001580122124260381, -0.006321393317200639], [-0.001580122124260381, 0.002039477621052713, 0.0030088463947729556], [-0.006321393317200639, 0.0030088463947729556, 0.014742837416734659]], "chi2_level": 0.99, "chi2_df": 3, "chi2_threshold": 11.344866730144373, "N_raw": 22, "N_roi": 22, "N_inlier": 20, "refit": true}
{"timestamp": "20:06:50.450539", "frame": 22, "mu": [0.7742951593788606, 0.8389687746053626, 1.4570639778228438], "Sigma": [[0.006846904102604357, -0.0038703384400295034, -0.010597703123916408], [-0.0038703384400295034, 0.0038651908381423018, 0.006214660704153929], [-0.010597703123916408, 0.006214660704153929, 0.01979505493042567]], "chi2_level": 0.99, "chi2_df": 3, "chi2_threshold": 11.344866730144373, "N_raw": 27, "N_roi": 27, "N_inlier": 25, "refit": true}
{"timestamp": "20:06:50.503553", "frame": 23, "mu": [0.7510714220347737, 0.8677827748227465, 1.198561317666148], "Sigma": [[0.005291110501057202, -0.0023585828100147616, -0.01636620047391625], [-0.0023585828100147616, 0.004599069529732338, 0.0301300994074025], [-0.01636620047391625, 0.0301300994074025, 0.2673213100268573]], "chi2_level": 0.99, "chi2_df": 3, "chi2_threshold": 11.344866730144373, "N_raw": 18, "N_roi": 18, "N_inlier": 18, "refit": true}
{"timestamp": "20:06:50.562009", "frame": 24, "mu": [0.7705313309016469, 0.8389181694678841, 1.2794057015770208], "Sigma": [[0.002383175289105272, -0.0006912777822427794, -0.00404598798723607], [-0.0006912777822427794, 0.00090520336553088, -0.0007389557134880952], [-0.00404598798723607, -0.0007389557134880952, 0.05144975790479612]], "chi2_level": 0.99, "chi2_df": 3, "chi2_threshold": 11.344866730144373, "N_raw": 38, "N_roi": 38, "N_inlier": 33, "refit": true}
{"timestamp": "20:06:50.618529", "frame": 25, "mu": [0.6407564891908892, 0.9672231940120595, -0.3343627460568881], "Sigma": [[0.003430048836215073, 0.00015769168353551045, -0.0018100891536421992], [0.00015769168353551045, 0.002656544443189927, -0.0010123806100224917], [-0.0018100891536421992, -0.0010123806100224917, 0.001557546971918051]], "chi2_level": 0.99, "chi2_df": 3, "chi2_threshold": 11.344866730144373, "N_raw": 45, "N_roi": 44, "N_inlier": 41, "refit": true}
{"timestamp": "20:06:50.676198", "frame": 26, "mu": [0.5958887754652182, 1.022664269971223, -0.33981350949644673], "Sigma": [[0.004105039030077543, -9.566333039435462e-06, -0.0017305995871779644], [-9.566333039435462e-06, 0.004223707429646493, -0.0018268860939861077], [-0.0017305995871779644, -0.0018268860939861077, 0.0017344817599059665]], "chi2_level": 0.99, "chi2_df": 3, "chi2_threshold": 11.344866730144373, "N_raw": 66, "N_roi": 66, "N_inlier": 63, "refit": true}
{"timestamp": "20:06:50.727205", "frame": 27, "mu": [0.5907651299923906, 0.8655611984712385, 1.4245407097294558], "Sigma": [[0.003571974201481075, -0.0003299281493485493, -0.0027270519509154743], [-0.0003299281493485493, 0.0011129542337627578, -0.00040515835294869623], [-0.0027270519509154743, -0.0004051583529486963, 0.0029698580752890906]], "chi2_level": 0.99, "chi2_df": 3, "chi2_threshold": 11.344866730144373, "N_raw": 36, "N_roi": 36, "N_inlier": 32, "refit": true}
{"timestamp": "20:06:50.782009", "frame": 28, "mu": [0.4980725551851192, 0.8494767129637564, 1.3264228226882069], "Sigma": [[0.00272543900222256, -0.00041323316932916803, -0.0016296125161714893], [-0.00041323316932916814, 0.002026818305056203, -0.0008218736891543094], [-0.0016296125161714893, -0.0008218736891543094, 0.0016750650453347972]], "chi2_level": 0.99, "chi2_df": 3, "chi2_threshold": 11.344866730144373, "N_raw": 38, "N_roi": 38, "N_inlier": 37, "refit": true}
{"timestamp": "20:06:50.836983", "frame": 29, "mu": [0.3854169521094218, 0.9175657122844806, 1.331858995808777], "Sigma": [[0.0012638775785957345, -0.00016761369761292646, -0.001945910376027483], [-0.0001676136976129264, 0.0027105951573885992, -0.008677512522170841], [-0.001945910376027483, -0.008677512522170841, 0.04548253930278529]], "chi2_level": 0.99, "chi2_df": 3, "chi2_threshold": 11.344866730144373, "N_raw": 35, "N_roi": 35, "N_inlier": 34, "refit": true}
{"timestamp": "20:06:50.897362", "frame": 30, "mu": [0.32461762612473033, 0.9084018137445156, 1.2748285414342162], "Sigma": [[0.0022782139247137278, -5.917334096326355e-05, -0.0021075180692173732], [-5.9173340963263494e-05, 0.0028303792480416402, 0.004788644287280377], [-0.0021075180692173732, 0.0047886442872803765, 0.06909557346295386]], "chi2_level": 0.99, "chi2_df": 3, "chi2_threshold": 11.344866730144373, "N_raw": 69, "N_roi": 69, "N_inlier": 67, "refit": true}
{"timestamp": "20:06:50.950250", "frame": 31, "mu": [0.23841700972688287, 0.9187597281558443, 1.4026593484151002], "Sigma": [[0.002114813358224753, -0.0021157018763709083, -0.006605966783504123], [-0.0021157018763709083, 0.006817293959152559, 0.017462050324527967], [-0.006605966783504123, 0.017462050324527967, 0.08645391691048163]], "chi2_level": 0.99, "chi2_df": 3, "chi2_threshold": 11.344866730144373, "N_raw": 56, "N_roi": 55, "N_inlier": 51, "refit": true}
{"timestamp": "20:06:51.002934", "frame": 32, "mu": [0.2014861505180397, 0.9465137914114676, 1.4879457671020162], "Sigma": [[0.0019195067688954238, 0.0002922955935899822, -0.0011792213177815277], [0.00029229559358998216, 0.0028702606633800067, -0.001986436106053327], [-0.0011792213177815277, -0.0019864361060533266, 0.002137233482945045]], "chi2_level": 0.99, "chi2_df": 3, "chi2_threshold": 11.344866730144373, "N_raw": 47, "N_roi": 47, "N_inlier": 45, "refit": true}
{"timestamp": "20:06:51.111029", "frame": 34, "mu": [0.12236396906933591, 1.0084524100608037, -0.592662377061599], "Sigma": [[0.001534925019710463, 0.0008610333048229052, 0.0012673645028078574], [0.0008610333048229052, 0.0051354438704073364, 0.003275567095898702], [0.0012673645028078578, 0.003275567095898702, 0.010482632299521961]], "chi2_level": 0.99, "chi2_df": 3, "chi2_threshold": 11.344866730144373, "N_raw": 35, "N_roi": 35, "N_inlier": 32, "refit": true}
{"timestamp": "20:06:51.223093", "frame": 36, "mu": [-0.022252099717758534, 0.9557359258915454, 1.4257001030323977], "Sigma": [[0.0021790776840442056, -0.0003140358747442916, -0.0010564835897881875], [-0.0003140358747442916, 0.0034707640584138227, -0.0017916267658409462], [-0.0010564835897881875, -0.001791626765840946, 0.0019782227475674654]], "chi2_level": 0.99, "chi2_df": 3, "chi2_threshold": 11.344866730144373, "N_raw": 55, "N_roi": 55, "N_inlier": 53, "refit": true}
{"timestamp": "20:06:51.283122", "frame": 37, "mu": [-0.11857297172381899, 1.106313810477977, -0.36092093226796007], "Sigma": [[0.0037210021421484156, -0.001254439943355121, -0.0011222487229798962], [-0.0012544399433551208, 0.003833450349965663, -0.002209450584084048], [-0.0011222487229798962, -0.002209450584084048, 0.0043862548697889536]], "chi2_level": 0.99, "chi2_df": 3, "chi2_threshold": 11.344866730144373, "N_raw": 75, "N_roi": 75, "N_inlier": 72, "refit": true}
{"timestamp": "20:06:51.336159", "frame": 38, "mu": [-0.18915836482676246, 0.9746490035548984, 1.3780945856302944], "Sigma": [[0.0031391266590765654, -0.0023898796738883238, -0.0024659275968954104], [-0.0023898796738883238, 0.005842067514315937, 0.001324523578852888], [-0.0024659275968954104, 0.0013245235788528881, 0.003910602902401405]], "chi2_level": 0.99, "chi2_df": 3, "chi2_threshold": 11.344866730144373, "N_raw": 59, "N_roi": 59, "N_inlier": 56, "refit": true}
{"timestamp": "20:06:51.392307", "frame": 39, "mu": [-0.25973329426778835, 1.0077175410206576, 1.3481031655097544], "Sigma": [[0.002788216495049285, -0.00044691692202432863, 0.003472443994831391], [-0.0004469169220243286, 0.002446846311872247, -0.004390384535664184], [0.003472443994831391, -0.004390384535664184, 0.18328751853977962]], "chi2_level": 0.99, "chi2_df": 3, "chi2_threshold": 11.344866730144373, "N_raw": 71, "N_roi": 71, "N_inlier": 70, "refit": true}
{"timestamp": "20:06:51.451649", "frame": 40, "mu": [-0.2868975030411158, 1.11571748855381, -0.3061322579279403], "Sigma": [[0.0051301920820968966, -0.0005989750096726123, -0.005707546690220188], [-0.0005989750096726123, 0.006574665754640806, -0.002389562776356047], [-0.005707546690220188, -0.002389562776356047, 0.012249218480798128]], "chi2_level": 0.99, "chi2_df": 3, "chi2_threshold": 11.344866730144373, "N_raw": 101, "N_roi": 99, "N_inlier": 98, "refit": true}
{"timestamp": "20:06:51.506644", "frame": 41, "mu": [-0.38506765404998616, 1.1070355950238029, 0.0714330568760692], "Sigma": [[0.0038462994497144506, -0.0029963567718950517, 0.02267550119474913], [-0.0029963567718950513, 0.006796230368908303, -0.023904155666327635], [0.02267550119474913, -0.02390415566632763, 0.42487160375933697]], "chi2_level": 0.99, "chi2_df": 3, "chi2_threshold": 11.344866730144373, "N_raw": 91, "N_roi": 90, "N_inlier": 89, "refit": true}
{"timestamp": "20:06:51.562247", "frame": 42, "mu": [-0.3913549379940001, 1.0468172942171547, -0.039257976848585334], "Sigma": [[0.003686738252543993, -0.0032042567747667325, 0.023489899323202452], [-0.003204256774766733, 0.01343641736247264, -0.04773157520468674], [0.023489899323202452, -0.04773157520468674, 0.4488895148699595]], "chi2_level": 0.99, "chi2_df": 3, "chi2_threshold": 11.344866730144373, "N_raw": 101, "N_roi": 101, "N_inlier": 100, "refit": true}
{"timestamp": "20:06:51.615064", "frame": 43, "mu": [-0.45194118287671636, 0.9920233767779343, 1.3464017397530776], "Sigma": [[0.003852165375023919, -0.0009136938113062518, -0.0008073929202084986], [-0.0009136938113062517, 0.005694136012328922, -0.0011948297320990078], [-0.0008073929202084986, -0.0011948297320990078, 0.008763658789181608]], "chi2_level": 0.99, "chi2_df": 3, "chi2_threshold": 11.344866730144373, "N_raw": 84, "N_roi": 84, "N_inlier": 80, "refit": true}
{"timestamp": "20:06:51.669505", "frame": 44, "mu": [-0.5156349849367088, 0.9684897409036993, 1.1262661713529782], "Sigma": [[0.0033483485318058157, -0.0004188967250995668, -0.0051427021662922255], [-0.0004188967250995668, 0.0026214412617131208, 0.005257457232506788], [-0.0051427021662922255, 0.005257457232506788, 0.04058855471130803]], "chi2_level": 0.99, "chi2_df": 3, "chi2_threshold": 11.344866730144373, "N_raw": 85, "N_roi": 83, "N_inlier": 80, "refit": true}
{"timestamp": "20:06:51.722448", "frame": 45, "mu": [-0.6072463728119186, 1.2255672705157754, -0.47277244577953637], "Sigma": [[0.003666819458128208, -0.0008751931848613785, -7.399807191357376e-07], [-0.0008751931848613784, 0.0015771052356701445, -0.003994171899261434], [-7.399807191356834e-07, -0.003994171899261434, 0.03135652291996084]], "chi2_level": 0.99, "chi2_df": 3, "chi2_threshold": 11.344866730144373, "N_raw": 67, "N_roi": 67, "N_inlier": 64, "refit": true}
{"timestamp": "20:06:51.771222", "frame": 46, "mu": [-0.6527391557226706, 1.0491458762489128, 1.2161849526411703], "Sigma": [[0.002056666736778187, 0.00013406472949101012, 0.01129469889620257], [0.0001340647294910101, 0.007557556942878509, 0.011319188987769792], [0.011294698896202568, 0.01131918898776979, 0.16982500569601033]], "chi2_level": 0.99, "chi2_df": 3, "chi2_threshold": 11.344866730144373, "N_raw": 31, "N_roi": 31, "N_inlier": 30, "refit": true}
{"timestamp": "20:06:51.828619", "frame": 47, "mu": [-0.7312291551057043, 1.0339143353839504, 1.373405932516668], "Sigma": [[0.0035927936403435338, -0.0009317873695412739, 0.00035818488479771724], [-0.0009317873695412739, 0.003800304521143141, -0.001698150891007776], [0.0003581848847977173, -0.001698150891007776, 0.005239106314442142]], "chi2_level": 0.99, "chi2_df": 3, "chi2_threshold": 11.344866730144373, "N_raw": 49, "N_roi": 49, "N_inlier": 45, "refit": true}
{"timestamp": "20:06:51.884136", "frame": 48, "mu": [-0.8339265206091497, 1.1099144045966716, 1.5565415523159984], "Sigma": [[0.0201490922570851, 0.010654189323458345, -0.008685103631095958], [0.010654189323458345, 0.008892115073715462, -0.006673411704965432], [-0.00868510363109596, -0.006673411704965432, 0.008752075598287636]], "chi2_level": 0.99, "chi2_df": 3, "chi2_threshold": 11.344866730144373, "N_raw": 56, "N_roi": 56, "N_inlier": 53, "refit": true}
{"timestamp": "20:06:51.941811", "frame": 49, "mu": [-0.9025667443229347, 1.2432132173505552, -0.3362049214996914], "Sigma": [[0.01892595002445948, 0.008169229217621374, -0.005720443248720978], [0.008169229217621374, 0.030210305485367066, -0.062203575192109985], [-0.005720443248720978, -0.062203575192109985, 0.18307757272580208]], "chi2_level": 0.99, "chi2_df": 3, "chi2_threshold": 11.344866730144373, "N_raw": 73, "N_roi": 73, "N_inlier": 72, "refit": true}
{"timestamp": "20:06:51.994137", "frame": 50, "mu": [-1.019475286180491, 1.0454128598809556, 1.471783307151945], "Sigma": [[0.03507464213088899, 0.03271054548791216, -0.012048426490472214], [0.03271054548791216, 0.042669001744999574, 0.006750550511057121], [-0.012048426490472212, 0.006750550511057121, 0.06354965419389877]], "chi2_level": 0.99, "chi2_df": 3, "chi2_threshold": 11.344866730144373, "N_raw": 46, "N_roi": 46, "N_inlier": 44, "refit": true}
{"timestamp": "20:06:52.047094", "frame": 51, "mu": [-1.196331683894095, 0.9661291201585434, 1.3401626655314278], "Sigma": [[0.043760389444279735, 0.029925796542199595, -0.058286116940906005], [0.029925796542199595, 0.032821554361499375, -0.06794782691375449], [-0.058286116940906005, -0.06794782691375449, 0.2254320274007293]], "chi2_level": 0.99, "chi2_df": 3, "chi2_threshold": 11.344866730144373, "N_raw": 39, "N_roi": 39, "N_inlier": 38, "refit": true}
{"timestamp": "20:06:52.105931", "frame": 52, "mu": [-1.122353975825868, 1.1470840506038398, -0.51753276987582], "Sigma": [[0.05760649097184203, 0.0530401275095853, -0.029240820695352124], [0.0530401275095853, 0.06002285287957602, -0.030366712034928335], [-0.029240820695352124, -0.03036671203492834, 0.056176291703800035]], "chi2_level": 0.99, "chi2_df": 3, "chi2_threshold": 11.344866730144373, "N_raw": 62, "N_roi": 62, "N_inlier": 59, "refit": true}
{"timestamp": "20:06:52.162269", "frame": 53, "mu": [-1.154542692389336, 1.214642875888717, -0.42700942138605213], "Sigma": [[0.049846772541177656, 0.043215789271944985, -0.04349874983737162], [0.043215789271944985, 0.04739448256235641, -0.05780449695625549], [-0.04349874983737162, -0.05780449695625549, 0.13266104723217523]], "chi2_level": 0.99, "chi2_df": 3, "chi2_threshold": 11.344866730144373, "N_raw": 63, "N_roi": 63, "N_inlier": 61, "refit": true}
{"timestamp": "20:06:52.219967", "frame": 54, "mu": [-1.1601759588135803, 1.218548282546207, -0.14464388479777984], "Sigma": [[0.06487436904504174, 0.06139341657683589, 0.10169985673648788], [0.06139341657683589, 0.06734384851746457, 0.07681313462838615], [0.10169985673648788, 0.07681313462838615, 0.43575538181986756]], "chi2_level": 0.99, "chi2_df": 3, "chi2_threshold": 11.344866730144373, "N_raw": 88, "N_roi": 88, "N_inlier": 88, "refit": true}
{"timestamp": "20:06:52.281165", "frame": 55, "mu": [-1.0362729397918735, 1.3621651413862121, 1.3135794042453992], "Sigma": [[0.03355974554304679, 0.015049342423074007, -0.04236954646455471], [0.015049342423074007, 0.015850577471240794, -0.011486908557394471], [-0.04236954646455471, -0.01148690855739447, 0.16367885968706383]], "chi2_level": 0.99, "chi2_df": 3, "chi2_threshold": 11.344866730144373, "N_raw": 131, "N_roi": 131, "N_inlier": 128, "refit": true}
{"timestamp": "20:06:52.334466", "frame": 56, "mu": [-1.088100346651532, 1.3586140378890528, 1.2614388829242031], "Sigma": [[0.051237979878301296, 0.030574171360843123, -0.056358826970506246], [0.030574171360843123, 0.022131185947648242, -0.03908144664352314], [-0.056358826970506246, -0.03908144664352314, 0.18799957956381108]], "chi2_level": 0.99, "chi2_df": 3, "chi2_threshold": 11.344866730144373, "N_raw": 114, "N_roi": 114, "N_inlier": 114, "refit": true}
{"timestamp": "20:06:52.389940", "frame": 57, "mu": [-1.070061059141376, 1.4439627398637387, 1.0865939019255884], "Sigma": [[0.03751607328097461, 0.02065500708310142, -0.04752476948523943], [0.02065500708310142, 0.017119195628834093, -0.04152594773788573], [-0.04752476948523944, -0.04152594773788573, 0.2642122713373652]], "chi2_level": 0.99, "chi2_df": 3, "chi2_threshold": 11.344866730144373, "N_raw": 115, "N_roi": 115, "N_inlier": 114, "refit": true}
{"timestamp": "20:06:52.443578", "frame": 58, "mu": [-1.1134395043261602, 1.5063516592659567, 1.1575553776487644], "Sigma": [[0.039843296617708336, 0.026266972423756377, -0.06390968690883894], [0.026266972423756377, 0.02390845212336973, -0.06293089543363965], [-0.06390968690883894, -0.06293089543363964, 0.3836551014494662]], "chi2_level": 0.99, "chi2_df": 3, "chi2_threshold": 11.344866730144373, "N_raw": 106, "N_roi": 106, "N_inlier": 105, "refit": true}
{"timestamp": "20:06:52.499770", "frame": 59, "mu": [-1.1990677595437331, 1.4915029327940397, 1.390432993105006], "Sigma": [[0.07154091352756324, 0.04672166260910282, -0.09125625575747992], [0.046721662609102814, 0.044434186061757294, -0.08952287341090728], [-0.09125625575747992, -0.08952287341090728, 0.3070539885278279]], "chi2_level": 0.99, "chi2_df": 3, "chi2_threshold": 11.344866730144373, "N_raw": 116, "N_roi": 116, "N_inlier": 115, "refit": true}
{"timestamp": "20:06:52.543664", "frame": 60, "mu": [-1.1957519261238962, 1.5592321860684581, 1.3448100010826147], "Sigma": [[0.0626477906223015, 0.03833530906643714, -0.05879065069588375], [0.038335309066437145, 0.03399293778547669, -0.07682572179057778], [-0.05879065069588376, -0.07682572179057778, 0.33680228280984537]], "chi2_level": 0.99, "chi2_df": 3, "chi2_threshold": 11.344866730144373, "N_raw": 38, "N_roi": 38, "N_inlier": 38, "refit": true}
{"timestamp": "20:06:52.597998", "frame": 61, "mu": [-1.2351936800472287, 1.6070376725410431, -0.09215298309787556], "Sigma": [[0.0919282352630467, 0.07909609617301419, -0.07716865744731935], [0.07909609617301419, 0.1179641117170836, -0.14455410452735623], [-0.07716865744731935, -0.1445541045273562, 0.20118928173824266]], "chi2_level": 0.99, "chi2_df": 3, "chi2_threshold": 11.344866730144373, "N_raw": 45, "N_roi": 45, "N_inlier": 43, "refit": true}
{"timestamp": "20:06:52.651696", "frame": 62, "mu": [-1.0893257096108424, 1.8964200562540048, -0.5788194881114368], "Sigma": [[0.008001347474106602, 0.002030280234215926, 0.00550853668176394], [0.002030280234215926, 0.0028244385995699417, 0.00040291391740626936], [0.00550853668176394, 0.00040291391740626925, 0.00855918285348549]], "chi2_level": 0.99, "chi2_df": 3, "chi2_threshold": 11.344866730144373, "N_raw": 36, "N_roi": 36, "N_inlier": 34, "refit": true}
{"timestamp": "20:06:52.705615", "frame": 63, "mu": [-1.1769651393353966, 1.8106178311483836, 1.1098717441488282], "Sigma": [[0.00535622122688285, 0.000206137341696202, 0.002346897893618767], [0.00020613734169620194, 0.001409983577713115, 0.002076962358134024], [0.002346897893618767, 0.0020769623581340245, 0.03925890041247639]], "chi2_level": 0.99, "chi2_df": 3, "chi2_threshold": 11.344866730144373, "N_raw": 27, "N_roi": 27, "N_inlier": 25, "refit": true}
{"timestamp": "20:06:52.759779", "frame": 64, "mu": [-1.192353558729658, 1.7974567527536573, 0.9196584217575574], "Sigma": [[0.004266345595511651, 0.0011040390665221235, 0.010540093467144289], [0.0011040390665221235, 0.0022039737304111206, 0.009752714652738699], [0.01054009346714429, 0.009752714652738699, 0.16382793764168094]], "chi2_level": 0.99, "chi2_df": 3, "chi2_threshold": 11.344866730144373, "N_raw": 21, "N_roi": 21, "N_inlier": 20, "refit": true}
{"timestamp": "20:06:52.816780", "frame": 65, "mu": [-1.1669003934407818, 1.8780264903494504, 1.1333649900771647], "Sigma": [[0.005704524051973036, 0.0007663133644094983, -0.009736414992561098], [0.0007663133644094983, 0.001078617865084362, -0.004127828305419946], [-0.009736414992561098, -0.004127828305419946, 0.057869414702292045]], "chi2_level": 0.99, "chi2_df": 3, "chi2_threshold": 11.344866730144373, "N_raw": 37, "N_roi": 37, "N_inlier": 34, "refit": true}
{"timestamp": "20:06:52.878803", "frame": 66, "mu": [-1.137003129401644, 2.133237089838168, -0.3258216545699767], "Sigma": [[0.010603618854672744, -0.0008558407608521061, 0.032103349581572085], [-0.0008558407608521056, 0.008008646798818835, -0.030116100002678645], [0.032103349581572085, -0.030116100002678645, 0.2791492214647752]], "chi2_level": 0.99, "chi2_df": 3, "chi2_threshold": 11.344866730144373, "N_raw": 77, "N_roi": 77, "N_inlier": 76, "refit": true}
{"timestamp": "20:06:52.928411", "frame": 67, "mu": [-1.0981325945994829, 2.1667381297335306, -0.2022802526078445], "Sigma": [[0.005782437568295427, 0.0017266326772423608, -0.0027093440280318527], [0.0017266326772423606, 0.006030997466635769, -0.00803390276436339], [-0.0027093440280318527, -0.00803390276436339, 0.014257401494411166]], "chi2_level": 0.99, "chi2_df": 3, "chi2_threshold": 11.344866730144373, "N_raw": 45, "N_roi": 45, "N_inlier": 42, "refit": true}
{"timestamp": "20:06:52.988128", "frame": 68, "mu": [-1.250329040549535, 2.3208060279098337, -0.6735186995934827], "Sigma": [[0.016460559928227238, -0.005383055321254636, 0.02076500083079929], [-0.005383055321254636, 0.014357916147946112, -0.03325375561689258], [0.02076500083079929, -0.03325375561689258, 0.09336957193249368]], "chi2_level": 0.99, "chi2_df": 3, "chi2_threshold": 11.344866730144373, "N_raw": 78, "N_roi": 77, "N_inlier": 75, "refit": true}
{"timestamp": "20:06:53.040061", "frame": 69, "mu": [-1.1048120897622506, 2.2092965437584384, -0.13687321019982618], "Sigma": [[0.009150212697969612, 0.004072225614670494, 0.0037729792821396195], [0.004072225614670494, 0.00886131360546863, 0.008589475360612268], [0.0037729792821396195, 0.008589475360612268, 0.028995928840922613]], "chi2_level": 0.99, "chi2_df": 3, "chi2_threshold": 11.344866730144373, "N_raw": 54, "N_roi": 54, "N_inlier": 52, "refit": true}
{"timestamp": "20:06:53.093273", "frame": 70, "mu": [-1.084661062872006, 2.1854386072155148, 1.3528174180203416], "Sigma": [[0.006938880151629843, -0.00031469805232246627, -0.0077658058430062375], [-0.0003146980523224663, 0.0037108589669244425, -0.0010217851903956856], [-0.007765805843006238, -0.0010217851903956856, 0.013411732968099112]], "chi2_level": 0.99, "chi2_df": 3, "chi2_threshold": 11.344866730144373, "N_raw": 39, "N_roi": 39, "N_inlier": 37, "refit": true}
{"timestamp": "20:06:53.149009", "frame": 71, "mu": [-1.188505694290966, 2.252082617600249, 1.3616463855208762], "Sigma": [[0.0073018223715349455, 0.002882176282743962, -0.011239721666079582], [0.002882176282743962, 0.005605036928404264, -0.007423670324548746], [-0.011239721666079583, -0.007423670324548746, 0.03920068854656041]], "chi2_level": 0.99, "chi2_df": 3, "chi2_threshold": 11.344866730144373, "N_raw": 51, "N_roi": 51, "N_inlier": 49, "refit": true}
{"timestamp": "20:06:53.208163", "frame": 72, "mu": [-1.1959597068352512, 2.4283654525040412, -0.0845634255690835], "Sigma": [[0.009840020916220276, 0.0047025456149329785, -0.010007970283806077], [0.0047025456149329785, 0.011140734956908807, -0.016501270860943842], [-0.010007970283806077, -0.016501270860943842, 0.052039102033561976]], "chi2_level": 0.99, "chi2_df": 3, "chi2_threshold": 11.344866730144373, "N_raw": 74, "N_roi": 74, "N_inlier": 71, "refit": true}
{"timestamp": "20:06:53.259196", "frame": 73, "mu": [-1.174257217305836, 2.3820800090505254, 1.0934197453280237], "Sigma": [[0.0050761486795900986, -0.001071989574705852, -0.0014897963465529355], [-0.001071989574705852, 0.0030926449906305787, -0.002918321141033111], [-0.0014897963465529361, -0.002918321141033111, 0.16364204743958818]], "chi2_level": 0.99, "chi2_df": 3, "chi2_threshold": 11.344866730144373, "N_raw": 44, "N_roi": 44, "N_inlier": 42, "refit": true}
{"timestamp": "20:06:53.312942", "frame": 74, "mu": [-1.1892311071689017, 2.430721739807847, 1.2633237442313487], "Sigma": [[0.006389232728891257, 0.0017598163514961824, -0.004815690155992653], [0.0017598163514961824, 0.0029143889278058638, -0.0063263573107148205], [-0.004815690155992654, -0.006326357310714821, 0.024271204925861878]], "chi2_level": 0.99, "chi2_df": 3, "chi2_threshold": 11.344866730144373, "N_raw": 47, "N_roi": 47, "N_inlier": 43, "refit": true}
{"timestamp": "20:06:53.366124", "frame": 75, "mu": [-1.17444256803234, 2.4701767849607434, 0.891277533348644], "Sigma": [[0.005344659012715961, -0.00032462772078241424, -0.000763312827451023], [-0.0003246277207824141, 0.0046064447355988036, 0.0035207313049453242], [-0.0007633128274510226, 0.0035207313049453247, 0.1262036529999095]], "chi2_level": 0.99, "chi2_df": 3, "chi2_threshold": 11.344866730144373, "N_raw": 27, "N_roi": 23, "N_inlier": 22, "refit": true}
{"timestamp": "20:06:53.422559", "frame": 76, "mu": [-1.1967335806273243, 2.5223305405434995, 1.3240600473063544], "Sigma": [[0.011018008602631817, 0.001208798522362616, -1.2291591878937566e-05], [0.0012087985223626163, 0.004423052572049731, -0.005283467702098521], [-1.2291591878937132e-05, -0.005283467702098521, 0.05976450317064769]], "chi2_level": 0.99, "chi2_df": 3, "chi2_threshold": 11.344866730144373, "N_raw": 47, "N_roi": 47, "N_inlier": 44, "refit": true}
{"timestamp": "20:06:53.485076", "frame": 77, "mu": [-1.2319919002827167, 2.7516737879505557, 0.19478275600042197], "Sigma": [[0.01181539522592842, -0.003769326883596465, 0.036082887584182974], [-0.003769326883596465, 0.016848127443578415, -0.02780504571993406], [0.036082887584182974, -0.027805045719934057, 0.2673134530403997]], "chi2_level": 0.99, "chi2_df": 3, "chi2_threshold": 11.344866730144373, "N_raw": 96, "N_roi": 96, "N_inlier": 96, "refit": true}
{"timestamp": "20:06:53.535509", "frame": 78, "mu": [-1.212330752684601, 2.7778880231996768, 0.02951845214766501], "Sigma": [[0.011605115441751752, 0.002041886485045949, -0.00917556687803186], [0.0020418864850459484, 0.009101498819541884, -0.01475280016267855], [-0.009175566878031859, -0.014752800162678551, 0.035989737227160444]], "chi2_level": 0.99, "chi2_df": 3, "chi2_threshold": 11.344866730144373, "N_raw": 59, "N_roi": 59, "N_inlier": 56, "refit": true}
{"timestamp": "20:06:53.595178", "frame": 79, "mu": [-1.308656172430964, 2.783916245557922, 1.0401893846774297], "Sigma": [[0.015522277218229534, 0.0014399851037974532, 0.01070204490902299], [0.0014399851037974528, 0.0026618242377843366, -0.014897195613587868], [0.010702044909022988, -0.014897195613587868, 0.22547170746744324]], "chi2_level": 0.99, "chi2_df": 3, "chi2_threshold": 11.344866730144373, "N_raw": 86, "N_roi": 86, "N_inlier": 84, "refit": true}
{"timestamp": "20:06:53.649096", "frame": 80, "mu": [-1.2420496532697185, 2.809446514539288, 1.125203768823005], "Sigma": [[0.013651048086174856, -0.0003323483369222737, 0.007180351519996033], [-0.00033234833692227366, 0.00838589519389852, -0.027475697048213857], [0.007180351519996033, -0.027475697048213857, 0.1748561543668869]], "chi2_level": 0.99, "chi2_df": 3, "chi2_threshold": 11.344866730144373, "N_raw": 80, "N_roi": 79, "N_inlier": 78, "refit": true}
{"timestamp": "20:06:53.703417", "frame": 81, "mu": [-1.2467177874182527, 2.8310742667810445, 1.2074045251875856], "Sigma": [[0.01566280233310799, 0.0006136521630157684, 0.001928422561317697], [0.0006136521630157682, 0.005003380618109888, -0.0074516278771256175], [0.0019284225613176982, -0.007451627877125617, 0.1506018619905821]], "chi2_level": 0.99, "chi2_df": 3, "chi2_threshold": 11.344866730144373, "N_raw": 79, "N_roi": 79, "N_inlier": 78, "refit": true}
{"timestamp": "20:06:53.752177", "frame": 82, "mu": [-1.264349248297072, 2.8959790704877384, 1.1445676374920069], "Sigma": [[0.006781346654774963, 0.0011272897441642403, 0.0020664370901090513], [0.0011272897441642403, 0.002663914876740235, -0.010841856555841942], [0.0020664370901090517, -0.010841856555841942, 0.1467559666214981]], "chi2_level": 0.99, "chi2_df": 3, "chi2_threshold": 11.344866730144373, "N_raw": 40, "N_roi": 40, "N_inlier": 39, "refit": true}
{"timestamp": "20:06:53.806966", "frame": 83, "mu": [-1.2490060403143053, 2.9875511176563316, 1.486403053102153], "Sigma": [[0.013618046117962223, 0.002830153262060699, -0.011560676672305259], [0.002830153262060699, 0.0034603776529485834, -0.0036448159058036964], [-0.011560676672305257, -0.003644815905803696, 0.012163746781790554]], "chi2_level": 0.99, "chi2_df": 3, "chi2_threshold": 11.344866730144373, "N_raw": 40, "N_roi": 39, "N_inlier": 37, "refit": true}
{"timestamp": "20:06:53.863360", "frame": 84, "mu": [-1.2625180375826432, 3.038964698371003, 1.0523877505275556], "Sigma": [[0.016244200745304176, 0.0025365313700566484, 0.021204781137496], [0.0025365313700566484, 0.002929090999933091, 0.00795253045202751], [0.021204781137496, 0.00795253045202751, 0.1751507752509571]], "chi2_level": 0.99, "chi2_df": 3, "chi2_threshold": 11.344866730144373, "N_raw": 48, "N_roi": 48, "N_inlier": 48, "refit": true}
{"timestamp": "20:06:53.922608", "frame": 85, "mu": [-1.2826692052960245, 3.0985335263542986, 1.0136051886003412], "Sigma": [[0.02191052616687432, 0.003762787656327881, 0.012541630244819753], [0.003762787656327881, 0.0024019786041308525, -0.005914393482591956], [0.012541630244819753, -0.005914393482591956, 0.058531963326807164]], "chi2_level": 0.99, "chi2_df": 3, "chi2_threshold": 11.344866730144373, "N_raw": 73, "N_roi": 73, "N_inlier": 72, "refit": true}
{"timestamp": "20:06:53.969482", "frame": 86, "mu": [-1.1783590238252952, 3.1359765720142563, 1.1835241762349367], "Sigma": [[0.0058847454203205625, 0.00045043288625778993, -0.0001462124605646441], [0.0004504328862577899, 0.0006563899357295919, -0.0025915889479262355], [-0.00014621246056464366, -0.0025915889479262355, 0.013837755291829562]], "chi2_level": 0.99, "chi2_df": 3, "chi2_threshold": 11.344866730144373, "N_raw": 19, "N_roi": 19, "N_inlier": 18, "refit": true}
{"timestamp": "20:06:54.132378", "frame": 89, "mu": [-1.0885687306397496, 3.2944319267622033, 0.9635608406209935], "Sigma": [[0.0055006742230787956, 0.000529439423646898, 0.011785017289182145], [0.000529439423646898, 0.001966359323835939, -0.0072894759311077605], [0.011785017289182145, -0.0072894759311077605, 0.15068118885490936]], "chi2_level": 0.99, "chi2_df": 3, "chi2_threshold": 11.344866730144373, "N_raw": 13, "N_roi": 13, "N_inlier": 13, "refit": true}
{"timestamp": "20:06:54.243821", "frame": 91, "mu": [-1.0886157357052482, 3.431297875432828, 0.20122219931568075], "Sigma": [[0.006232104858198297, -3.4381999919110777e-05, -0.004937102228610529], [-3.4381999919110777e-05, 0.0031776863756568545, -0.00018467799666196897], [-0.004937102228610529, -0.00018467799666196895, 0.0052712891806664846]], "chi2_level": 0.99, "chi2_df": 3, "chi2_threshold": 11.344866730144373, "N_raw": 21, "N_roi": 21, "N_inlier": 21, "refit": true}
{"timestamp": "20:06:54.302770", "frame": 92, "mu": [-1.0564002916191508, 3.4323922358055476, 1.118045241084851], "Sigma": [[0.010569355547189801, 0.00044357281579531443, -0.006079251978163882], [0.0004435728157953143, 0.0023923815525633612, -0.0047684065038941905], [-0.0060792519781638805, -0.00476840650389419, 0.015459541279523476]], "chi2_level": 0.99, "chi2_df": 3, "chi2_threshold": 11.344866730144373, "N_raw": 44, "N_roi": 44, "N_inlier": 39, "refit": true}
{"timestamp": "20:06:54.354785", "frame": 93, "mu": [-1.0827894865968988, 3.59374119070099, 0.42506072430708763], "Sigma": [[0.010850951411199483, -0.003288297513819817, 0.0030185462065402038], [-0.003288297513819817, 0.007818742406703431, -0.03121744040204689], [0.0030185462065402038, -0.031217440402046888, 0.20423189870980205]], "chi2_level": 0.99, "chi2_df": 3, "chi2_threshold": 11.344866730144373, "N_raw": 26, "N_roi": 26, "N_inlier": 24, "refit": true}
{"timestamp": "20:06:54.415867", "frame": 94, "mu": [-0.9855437223749357, 3.495497582921005, 1.108654272264645], "Sigma": [[0.015248965060460017, -0.0015636637015930823, -0.005904043351930883], [-0.001563663701593082, 0.005065304399429268, -0.007327633193708287], [-0.005904043351930883, -0.0073276331937082865, 0.019938469218633244]], "chi2_level": 0.99, "chi2_df": 3, "chi2_threshold": 11.344866730144373, "N_raw": 61, "N_roi": 61, "N_inlier": 57, "refit": true}
{"timestamp": "20:06:54.467107", "frame": 95, "mu": [-0.9937564280637342, 3.598384315750692, -0.6492244278299923], "Sigma": [[0.011752337367653633, 0.002812584265192647, 0.03740673791822177], [0.0028125842651926473, 0.006234195799795372, 0.016643027251153027], [0.03740673791822177, 0.016643027251153027, 0.21624265822764469]], "chi2_level": 0.99, "chi2_df": 3, "chi2_threshold": 11.344866730144373, "N_raw": 36, "N_roi": 36, "N_inlier": 35, "refit": true}
{"timestamp": "20:06:54.518698", "frame": 96, "mu": [-0.9714192880651356, 3.5933250821417526, 0.898868178075068], "Sigma": [[0.01140536351526516, -0.0005798258304212168, 0.019488651986011345], [-0.0005798258304212168, 0.00126914703269642, -0.002426331726956332], [0.019488651986011345, -0.002426331726956332, 0.07451709877078705]], "chi2_level": 0.99, "chi2_df": 3, "chi2_threshold": 11.344866730144373, "N_raw": 17, "N_roi": 17, "N_inlier": 16, "refit": true}
