{"timestamp": "20:26:39.145172", "frame": 25, "mu": [-0.35498580367136057, 0.535797081440729, -0.6277621939205182], "Sigma": [[2.550602445156957, -0.007752543079019102, 0.06653354221205278], [-0.007752543079019101, 0.0009062638252206333, -0.000199038865590302], [0.06653354221205278, -0.0001990388655903019, 0.00900239115958074]], "chi2_level": 0.95, "chi2_df": 3, "chi2_threshold": 7.814727903251179, "N_raw": 5, "N_roi": 5, "N_inlier": 5, "refit": true}
{"timestamp": "20:26:39.364887", "frame": 29, "mu": [1.5212897104126117, 0.4684525779536503, 1.0915929445564232], "Sigma": [[0.0013034153949303116, 0.00042724442933438664, -0.00479394062271955], [0.0004272444293343867, 0.007044564410979584, -0.0077908018697636], [-0.00479394062271955, -0.007790801869763599, 0.024886062169009324]], "chi2_level": 0.95, "chi2_df": 3, "chi2_threshold": 7.814727903251179, "N_raw": 7, "N_roi": 7, "N_inlier": 7, "refit": true}
{"timestamp": "20:26:39.419851", "frame": 30, "mu": [0.6708641893684659, 0.6459033209648506, -0.5836312379178439], "Sigma": [[1.5410614386282677, 0.07527678142350969, 0.10938074902846864], [0.07527678142350969, 0.019595076543680534, -0.011329667343209924], [0.10938074902846864, -0.011329667343209924, 0.04915270676457841]], "chi2_level": 0.95, "chi2_df": 3, "chi2_threshold": 7.814727903251179, "N_raw": 8, "N_roi": 8, "N_inlier": 8, "refit": true}
{"timestamp": "20:26:39.477336", "frame": 31, "mu": [0.7692065201947437, 0.4109456983061676, 1.313284745798952], "Sigma": [[1.387039023957415, 0.04768674185865033, -0.0024257897568255443], [0.04768674185865032, 0.005430023129424349, -0.0004637202925137328], [-0.0024257897568255443, -0.0004637202925137328, 0.004624776833468258]], "chi2_level": 0.95, "chi2_df": 3, "chi2_threshold": 7.814727903251179, "N_raw": 24, "N_roi": 24, "N_inlier": 23, "refit": true}
{"timestamp": "20:26:39.533821", "frame": 32, "mu": [1.31356067858544, 0.4989816659493673, 1.428881512061366], "Sigma": [[0.004809936527505877, -0.005420945949921338, -0.0018976160650971937], [-0.0054209459499213394, 0.0106688945334338, 0.0001576494265425799], [-0.0018976160650971937, 0.0001576494265425799, 0.002470021192700182]], "chi2_level": 0.95, "chi2_df": 3, "chi2_threshold": 7.814727903251179, "N_raw": 33, "N_roi": 33, "N_inlier": 31, "refit": true}
{"timestamp": "20:26:39.591752", "frame": 33, "mu": [1.2688722492073032, 0.6537654969786627, -0.40340333593281175], "Sigma": [[0.005920742476116752, -0.0030187142358147874, -0.003436666389523415], [-0.0030187142358147883, 0.006988802069110555, 0.0013508702699767132], [-0.003436666389523415, 0.0013508702699767132, 0.0023391313839185328]], "chi2_level": 0.95, "chi2_df": 3, "chi2_threshold": 7.814727903251179, "N_raw": 37, "N_roi": 37, "N_inlier": 35, "refit": true}
{"timestamp": "20:26:39.645157", "frame": 34, "mu": [1.2180631821508192, 0.5454711473314461, 1.4532215384309803], "Sigma": [[0.0032030954081940146, -0.0019339340830658866, -0.0012406741234587525], [-0.0019339340830658866, 0.004678710653377013, -0.0007798798440138943], [-0.0012406741234587525, -0.0007798798440138943, 0.001556494084752193]], "chi2_level": 0.95, "chi2_df": 3, "chi2_threshold": 7.814727903251179, "N_raw": 27, "N_roi": 27, "N_inlier": 26, "refit": true}
{"timestamp": "20:26:39.697669", "frame": 35, "mu": [1.1931623013850954, 0.47138589023789634, 1.3888272871934617], "Sigma": [[0.001992431023800136, -0.001453983796847735, -0.0013517703694181146], [-0.0014539837968477352, 0.00301409997350112, 0.0002537362880638179], [-0.0013517703694181146, 0.000253736288063818, 0.001628690728629632]], "chi2_level": 0.95, "chi2_df": 3, "chi2_threshold": 7.814727903251179, "N_raw": 14, "N_roi": 14, "N_inlier": 14, "refit": true}
{"timestamp": "20:26:39.752860", "frame": 36, "mu": [1.1885169237931725, 0.4415003623021161, 1.3573141750138848], "Sigma": [[0.0027282443724154044, -0.0026039220348645494, -0.0008204318773877533], [-0.0026039220348645494, 0.007375953066209647, 0.00011563172471096498], [-0.0008204318773877533, 0.00011563172471096503, 0.0004552197230876053]], "chi2_level": 0.95, "chi2_df": 3, "chi2_threshold": 7.814727903251179, "N_raw": 18, "N_roi": 18, "N_inlier": 17, "refit": true}
{"timestamp": "20:26:39.806348", "frame": 37, "mu": [1.0717144787640036, 0.5405901113769561, 0.8462164700417796], "Sigma": [[0.01039505715798218, -0.0032201387013726336, 0.0503588995704188], [-0.0032201387013726336, 0.0015905649992174183, -0.0202558966159564], [0.050358899570418794, -0.0202558966159564, 0.37486959582562795]], "chi2_level": 0.95, "chi2_df": 3, "chi2_threshold": 7.814727903251179, "N_raw": 9, "N_roi": 9, "N_inlier": 8, "refit": true}
{"timestamp": "20:26:39.864268", "frame": 38, "mu": [1.103937405921033, 0.4432373276087101, 1.2418442341620106], "Sigma": [[0.0017288926807393476, -0.0007620418412106136, -0.0017986818486251438], [-0.0007620418412106136, 0.003689055117469068, -0.0024366843782211633], [-0.0017986818486251438, -0.0024366843782211633, 0.005967470025534307]], "chi2_level": 0.95, "chi2_df": 3, "chi2_threshold": 7.814727903251179, "N_raw": 17, "N_roi": 17, "N_inlier": 15, "refit": true}
{"timestamp": "20:26:39.917777", "frame": 39, "mu": [1.0023301621116074, 0.8200403628727897, -0.8887137900551194], "Sigma": [[0.0017861807972469185, -0.002012947333683289, 0.005485723201152027], [-0.002012947333683289, 0.03229350975656865, -0.10180549252892113], [0.005485723201152025, -0.10180549252892113, 0.33178465659216577]], "chi2_level": 0.95, "chi2_df": 3, "chi2_threshold": 7.814727903251179, "N_raw": 9, "N_roi": 9, "N_inlier": 9, "refit": true}
{"timestamp": "20:26:39.972283", "frame": 40, "mu": [0.9391397681711251, 0.7515164407193715, -0.5517875819187824], "Sigma": [[0.0015556555553783592, 0.0010902020972628993, -0.006146460444005455], [0.0010902020972628993, 0.0010559841697243316, -0.005128706325728472], [-0.006146460444005455, -0.005128706325728472, 0.03371708465954662]], "chi2_level": 0.95, "chi2_df": 3, "chi2_threshold": 7.814727903251179, "N_raw": 7, "N_roi": 7, "N_inlier": 7, "refit": true}
{"timestamp": "20:26:40.029973", "frame": 41, "mu": [0.8665720878534822, 0.5989649907335096, 1.4360446167515954], "Sigma": [[0.004275717064483199, -0.0021435707065931126, -0.001626133236957063], [-0.0021435707065931126, 0.0016426088585086195, -0.00029042368727753284], [-0.001626133236957063, -0.0002904236872775329, 0.004226139331309493]], "chi2_level": 0.95, "chi2_df": 3, "chi2_threshold": 7.814727903251179, "N_raw": 37, "N_roi": 37, "N_inlier": 36, "refit": true}
{"timestamp": "20:26:40.085096", "frame": 42, "mu": [0.7631306365926602, 0.6688982950811647, 1.4790273877848958], "Sigma": [[0.0020252188796785735, -4.170158774463902e-05, -0.0012661204264527068], [-4.1701587744639076e-05, 0.0015491462639075644, -0.001032705186257584], [-0.0012661204264527068, -0.001032705186257584, 0.001752836703765099]], "chi2_level": 0.95, "chi2_df": 3, "chi2_threshold": 7.814727903251179, "N_raw": 28, "N_roi": 28, "N_inlier": 26, "refit": true}
{"timestamp": "20:26:40.139910", "frame": 43, "mu": [0.784004158268929, 0.631031283299328, 1.3644438146816078], "Sigma": [[0.002490799062205835, -0.0005410236589453762, -0.002976628455717378], [-0.0005410236589453762, 0.000544931777156904, -0.0001710100398540336], [-0.002976628455717378, -0.0001710100398540336, 0.006100949955630251]], "chi2_level": 0.95, "chi2_df": 3, "chi2_threshold": 7.814727903251179, "N_raw": 30, "N_roi": 28, "N_inlier": 26, "refit": true}
{"timestamp": "20:26:40.196329", "frame": 44, "mu": [0.8057881831660929, 0.6988742628483477, 1.0504869695872614], "Sigma": [[0.0013865752838696833, -0.0006154694381705424, 0.0011872820550811877], [-0.0006154694381705424, 0.0036679146854768172, -0.005371210641857098], [0.0011872820550811877, -0.005371210641857098, 0.020241677905830077]], "chi2_level": 0.95, "chi2_df": 3, "chi2_threshold": 7.814727903251179, "N_raw": 31, "N_roi": 31, "N_inlier": 26, "refit": true}
{"timestamp": "20:26:40.249565", "frame": 45, "mu": [0.6948425010408875, 0.5526847125010729, 0.8757577214381563], "Sigma": [[0.00533468319663542, 0.009217521162201415, 0.02433954208113872], [0.009217521162201415, 0.05521635718478103, 0.09908052698468443], [0.02433954208113872, 0.09908052698468443, 0.2921922381954605]], "chi2_level": 0.95, "chi2_df": 3, "chi2_threshold": 7.814727903251179, "N_raw": 14, "N_roi": 14, "N_inlier": 14, "refit": true}
{"timestamp": "20:26:40.304455", "frame": 46, "mu": [0.6032490275429476, 0.7104887994864644, -1.028995658427352], "Sigma": [[0.02499799981045242, 0.01469944668222451, 0.07416118344042766], [0.01469944668222451, 0.013820597194573766, 0.04738186283651552], [0.07416118344042767, 0.04738186283651552, 0.2952747822240879]], "chi2_level": 0.95, "chi2_df": 3, "chi2_threshold": 7.814727903251179, "N_raw": 18, "N_roi": 18, "N_inlier": 17, "refit": true}
{"timestamp": "20:26:40.361205", "frame": 47, "mu": [0.576058210839485, 0.7576808972190264, -0.41144663697439166], "Sigma": [[0.002533935175985955, 0.0008117154774672868, -0.0054032191101590545], [0.0008117154774672869, 0.004816515748732808, -0.0089466385447836], [-0.0054032191101590545, -0.0089466385447836, 0.0278889444046365]], "chi2_level": 0.95, "chi2_df": 3, "chi2_threshold": 7.814727903251179, "N_raw": 32, "N_roi": 32, "N_inlier": 27, "refit": true}
{"timestamp": "20:26:40.422524", "frame": 48, "mu": [0.5742777119455543, 0.7781457112185115, -0.5732772631198619], "Sigma": [[0.002684715509645508, -0.0012159623914486458, -0.00036742688345510705], [-0.0012159623914486462, 0.004970016040972973, -0.012007719454895902], [-0.00036742688345510694, -0.012007719454895902, 0.04611913507474707]], "chi2_level": 0.95, "chi2_df": 3, "chi2_threshold": 7.814727903251179, "N_raw": 75, "N_roi": 75, "N_inlier": 70, "refit": true}
{"timestamp": "20:26:40.477968", "frame": 49, "mu": [0.5379405329798849, 0.5093724827657734, 1.2262904638526857], "Sigma": [[0.0028368602911282535, -0.0014130498494083876, -0.003449973979244725], [-0.0014130498494083874, 0.008326963676868604, 0.008500154108154755], [-0.003449973979244725, 0.008500154108154755, 0.032253010653149485]], "chi2_level": 0.95, "chi2_df": 3, "chi2_threshold": 7.814727903251179, "N_raw": 79, "N_roi": 79, "N_inlier": 75, "refit": true}
{"timestamp": "20:26:40.525880", "frame": 50, "mu": [0.4494947658033921, 0.7774782149435068, -0.66288991924963], "Sigma": [[0.0015230611953483111, 0.0007490947106235933, -0.005545187447449602], [0.0007490947106235932, 0.011940657624145654, -0.05459285543686214], [-0.005545187447449602, -0.05459285543686214, 0.3124305212651733]], "chi2_level": 0.95, "chi2_df": 3, "chi2_threshold": 7.814727903251179, "N_raw": 19, "N_roi": 19, "N_inlier": 18, "refit": true}
{"timestamp": "20:26:40.583487", "frame": 51, "mu": [0.3859530286067495, 0.7635990802780468, -0.3974870307411923], "Sigma": [[0.002449486930530689, 0.0006561146891535635, -0.0031723162691388225], [0.0006561146891535635, 0.0021503960661622386, -0.0028382662277489767], [-0.0031723162691388225, -0.0028382662277489767, 0.012992130418101199]], "chi2_level": 0.95, "chi2_df": 3, "chi2_threshold": 7.814727903251179, "N_raw": 51, "N_roi": 51, "N_inlier": 49, "refit": true}
{"timestamp": "20:26:40.641179", "frame": 52, "mu": [0.34950095504342554, 0.6354922062830414, 1.429705745038762], "Sigma": [[0.001996323928397794, -0.00025584073038581527, -0.001026060153558161], [-0.0002558407303858152, 0.0017991664427275437, -0.001443147454653831], [-0.001026060153558161, -0.0014431474546538312, 0.009462446188296407]], "chi2_level": 0.95, "chi2_df": 3, "chi2_threshold": 7.814727903251179, "N_raw": 62, "N_roi": 62, "N_inlier": 60, "refit": true}
{"timestamp": "20:26:40.693800", "frame": 53, "mu": [0.2968887075417031, 0.6499968315810393, -0.49997272924400415], "Sigma": [[0.0015492285487643993, 0.0016547821793768706, 0.0008443591020976125], [0.0016547821793768706, 0.0030959442321766544, 0.0015859626619550244], [0.0008443591020976125, 0.0015859626619550244, 0.010189807400629832]], "chi2_level": 0.95, "chi2_df": 3, "chi2_threshold": 7.814727903251179, "N_raw": 52, "N_roi": 52, "N_inlier": 50, "refit": true}
{"timestamp": "20:26:40.751601", "frame": 54, "mu": [0.24945724591159263, 0.7739628038870013, -0.400765496766566], "Sigma": [[0.001496492761214029, 0.00020607152689266508, -0.00048641729853887055], [0.00020607152689266502, 0.0023066568533529523, -0.003967365013647169], [-0.00048641729853887044, -0.003967365013647169, 0.01198293021483599]], "chi2_level": 0.95, "chi2_df": 3, "chi2_threshold": 7.814727903251179, "N_raw": 70, "N_roi": 70, "N_inlier": 68, "refit": true}
{"timestamp": "20:26:40.804674", "frame": 55, "mu": [0.19990287467339932, 0.6278515627716736, 1.3491752908398897], "Sigma": [[0.0013069539325526965, -1.0230626225990255e-05, 0.0002830322051405365], [-1.0230626225990255e-05, 0.0007466775677120834, 0.0007147543912223906], [0.00028303220514053646, 0.0007147543912223906, 0.013891778067099772]], "chi2_level": 0.95, "chi2_df": 3, "chi2_threshold": 7.814727903251179, "N_raw": 59, "N_roi": 59, "N_inlier": 56, "refit": true}
{"timestamp": "20:26:40.854731", "frame": 56, "mu": [0.1812831139299333, 0.787620144515341, -0.5492342069069378], "Sigma": [[0.0008558759355846826, 0.0001458806415909438, -0.001200815805243851], [0.0001458806415909438, 0.0007945184195088244, -0.0008923035201552652], [-0.001200815805243851, -0.0008923035201552652, 0.006512334007739273]], "chi2_level": 0.95, "chi2_df": 3, "chi2_threshold": 7.814727903251179, "N_raw": 22, "N_roi": 22, "N_inlier": 18, "refit": true}
{"timestamp": "20:26:40.907777", "frame": 57, "mu": [0.08540638832010246, 0.8134573010560096, -0.5891733810984973], "Sigma": [[0.0014160488412770964, 0.0018329503758298888, -0.01131231248812632], [0.0018329503758298886, 0.009520893600916762, -0.027174311165128816], [-0.01131231248812632, -0.027174311165128816, 0.11940320398207656]], "chi2_level": 0.95, "chi2_df": 3, "chi2_threshold": 7.814727903251179, "N_raw": 17, "N_roi": 17, "N_inlier": 14, "refit": true}
{"timestamp": "20:26:40.966859", "frame": 58, "mu": [0.03499663542171697, 0.644072911973235, 1.2354457956223275], "Sigma": [[0.0016406645370633762, -0.0012354298136685545, -0.0011778261510165112], [-0.0012354298136685545, 0.004513253246510591, -0.0002980832597272145], [-0.0011778261510165112, -0.00029808325972721455, 0.003033694986748107]], "chi2_level": 0.95, "chi2_df": 3, "chi2_threshold": 7.814727903251179, "N_raw": 45, "N_roi": 45, "N_inlier": 44, "refit": true}
{"timestamp": "20:26:41.030481", "frame": 59, "mu": [-0.05308004161438615, 0.6976028801516857, 1.3736347158689015], "Sigma": [[0.0025378550181225125, -0.0003817190208913174, 0.0004342556083012238], [-0.0003817190208913174, 0.001183122677661334, -0.002529836274838406], [0.0004342556083012236, -0.002529836274838406, 0.010073166131024162]], "chi2_level": 0.95, "chi2_df": 3, "chi2_threshold": 7.814727903251179, "N_raw": 95, "N_roi": 95, "N_inlier": 91, "refit": true}
{"timestamp": "20:26:41.086929", "frame": 60, "mu": [-0.08936816924676007, 0.8172882261710566, -0.46750508672684477], "Sigma": [[0.003336728108190464, 0.00047188792007609446, -0.0005536311133952001], [0.0004718879200760944, 0.0046352128442106654, -0.0021525706959484433], [-0.0005536311133952001, -0.0021525706959484433, 0.008320818440129166]], "chi2_level": 0.95, "chi2_df": 3, "chi2_threshold": 7.814727903251179, "N_raw": 104, "N_roi": 104, "N_inlier": 102, "refit": true}
{"timestamp": "20:26:41.137928", "frame": 61, "mu": [-0.15238459987695968, 0.689741967395014, 1.4299036508310439], "Sigma": [[0.0018999676864267488, -0.0007173835824836065, -0.0007513242590537841], [-0.0007173835824836063, 0.0015491832900844968, -0.0024542633399122077], [-0.0007513242590537841, -0.0024542633399122077, 0.0070807038987407735]], "chi2_level": 0.95, "chi2_df": 3, "chi2_threshold": 7.814727903251179, "N_raw": 76, "N_roi": 76, "N_inlier": 74, "refit": true}
{"timestamp": "20:26:41.187856", "frame": 62, "mu": [-0.19453311412596125, 0.6332636963573721, 1.2942258600357275], "Sigma": [[0.0011021576496214507, -0.0011658977271725968, -0.0025913362635597093], [-0.0011658977271725968, 0.005423361877898328, 0.001711922949853434], [-0.0025913362635597093, 0.001711922949853434, 0.011058945588476685]], "chi2_level": 0.95, "chi2_df": 3, "chi2_threshold": 7.814727903251179, "N_raw": 43, "N_roi": 43, "N_inlier": 40, "refit": true}
{"timestamp": "20:26:41.247547", "frame": 63, "mu": [-0.25085476413936014, 0.6970924587251799, 1.4356095282916197], "Sigma": [[0.002682634967884089, -0.00018330911711491088, -0.0031352270609413743], [-0.0001833091171149109, 0.0017312719047064067, -0.0024921738035004705], [-0.0031352270609413743, -0.0024921738035004705, 0.009182878418457366]], "chi2_level": 0.95, "chi2_df": 3, "chi2_threshold": 7.814727903251179, "N_raw": 77, "N_roi": 77, "N_inlier": 72, "refit": true}
{"timestamp": "20:26:41.301462", "frame": 64, "mu": [-0.2626049080810619, 0.7010534140172983, -0.6808599315277436], "Sigma": [[0.0013375943461364094, 0.00029405608013802307, -0.0015285550040050322], [0.0002940560801380231, 0.0034087715317752607, -0.0027750296083657493], [-0.001528555004005032, -0.0027750296083657493, 0.007220425313669927]], "chi2_level": 0.95, "chi2_df": 3, "chi2_threshold": 7.814727903251179, "N_raw": 53, "N_roi": 50, "N_inlier": 44, "refit": true}
{"timestamp": "20:26:41.351735", "frame": 65, "mu": [-0.30524870264927284, 0.7091821139650829, 1.2782846065737061], "Sigma": [[0.0012423045360520182, -0.000986022946639489, -0.0006409299030341588], [-0.000986022946639489, 0.0015418452456632957, -0.0007183704318356318], [-0.0006409299030341588, -0.0007183704318356319, 0.004691993830648452]], "chi2_level": 0.95, "chi2_df": 3, "chi2_threshold": 7.814727903251179, "N_raw": 37, "N_roi": 33, "N_inlier": 31, "refit": true}
{"timestamp": "20:26:41.406308", "frame": 66, "mu": [-0.47714181368203235, 0.6019528453484198, 1.2880063137468218], "Sigma": [[0.03618553764880365, 0.009051647885990976, -0.026507688409154663], [0.009051647885990976, 0.00915301790539513, -0.01936947408468525], [-0.026507688409154663, -0.01936947408468525, 0.06347610183436242]], "chi2_level": 0.95, "chi2_df": 3, "chi2_threshold": 7.814727903251179, "N_raw": 37, "N_roi": 36, "N_inlier": 33, "refit": true}
{"timestamp": "20:26:41.469405", "frame": 67, "mu": [-0.4948806497100178, 0.7060434346924231, -0.5670403221531387], "Sigma": [[0.03523165776174163, 0.013155767505489385, -0.021391346551286793], [0.013155767505489389, 0.009780304348407428, -0.008609588185772865], [-0.021391346551286793, -0.008609588185772865, 0.024372434313200898]], "chi2_level": 0.95, "chi2_df": 3, "chi2_threshold": 7.814727903251179, "N_raw": 81, "N_roi": 81, "N_inlier": 78, "refit": true}
{"timestamp": "20:26:41.519062", "frame": 68, "mu": [-0.8800027999726692, 0.6631532542928115, -0.16711900342141706], "Sigma": [[0.010845929860269717, 0.0063950113914308885, -0.006094665113244427], [0.0063950113914308885, 0.009389205337357213, -0.006836787166131057], [-0.006094665113244427, -0.006836787166131057, 0.006311354160510825]], "chi2_level": 0.95, "chi2_df": 3, "chi2_threshold": 7.814727903251179, "N_raw": 40, "N_roi": 38, "N_inlier": 36, "refit": true}
{"timestamp": "20:26:41.568419", "frame": 69, "mu": [-0.7763566434217366, 0.6654178262150205, 1.5176487728515047], "Sigma": [[0.04494223605381317, 0.013238298331513711, -0.043404729461208005], [0.013238298331513711, 0.007781125475593029, -0.017087710327183623], [-0.043404729461208005, -0.017087710327183623, 0.049841080401672413]], "chi2_level": 0.95, "chi2_df": 3, "chi2_threshold": 7.814727903251179, "N_raw": 17, "N_roi": 17, "N_inlier": 17, "refit": true}
{"timestamp": "20:26:41.629788", "frame": 70, "mu": [-0.8524404119250113, 0.637704040767599, -0.39246789074499944], "Sigma": [[0.045332467235899794, 0.013372042546805307, -0.029984484693805886], [0.013372042546805307, 0.008293242609815444, -0.011451471980075331], [-0.029984484693805886, -0.011451471980075331, 0.02648531266278036]], "chi2_level": 0.95, "chi2_df": 3, "chi2_threshold": 7.814727903251179, "N_raw": 56, "N_roi": 56, "N_inlier": 53, "refit": true}
{"timestamp": "20:26:41.680405", "frame": 71, "mu": [-0.8385107166447334, 0.6302170984187285, 1.5727105872601004], "Sigma": [[0.027731956529336733, 0.002716479755557276, -0.024821443076726426], [0.0027164797555572755, 0.0017761349028452666, -0.004289128753422684], [-0.024821443076726426, -0.004289128753422684, 0.02874013615027067]], "chi2_level": 0.95, "chi2_df": 3, "chi2_threshold": 7.814727903251179, "N_raw": 32, "N_roi": 32, "N_inlier": 30, "refit": true}
{"timestamp": "20:26:41.735448", "frame": 72, "mu": [-0.9625717225803949, 0.7169528547186343, -0.2438520430794715], "Sigma": [[0.00968149847219552, 0.004025363275310907, -0.0022924079056308964], [0.004025363275310907, 0.004348930962518023, -0.0042336705290413655], [-0.0022924079056308964, -0.004233670529041366, 0.005020822077907028]], "chi2_level": 0.95, "chi2_df": 3, "chi2_threshold": 7.814727903251179, "N_raw": 30, "N_roi": 30, "N_inlier": 27, "refit": true}
{"timestamp": "20:26:41.791478", "frame": 73, "mu": [-1.0117062849541445, 0.638534380021413, 1.5536275888112712], "Sigma": [[0.006679901732447038, 0.0008097462193527986, -0.002746410800996367], [0.0008097462193527986, 0.003038603405624044, -0.0034165668834189207], [-0.002746410800996367, -0.0034165668834189216, 0.005303275570106195]], "chi2_level": 0.95, "chi2_df": 3, "chi2_threshold": 7.814727903251179, "N_raw": 40, "N_roi": 40, "N_inlier": 38, "refit": true}
{"timestamp": "20:26:41.847460", "frame": 74, "mu": [-1.011474256992079, 0.5232178273605304, 1.3456931686831604], "Sigma": [[0.01075320269580531, 0.004970005516179014, -0.011721449801595115], [0.004970005516179014, 0.014121570445083333, -0.010065532328285054], [-0.011721449801595115, -0.010065532328285052, 0.018018431117151984]], "chi2_level": 0.95, "chi2_df": 3, "chi2_threshold": 7.814727903251179, "N_raw": 43, "N_roi": 43, "N_inlier": 40, "refit": true}
{"timestamp": "20:26:41.903571", "frame": 75, "mu": [-1.0143685382366605, 0.8002556171845834, -0.2572796093216202], "Sigma": [[0.0065272607910202155, 0.0031907053669611345, -0.006736293925395816], [0.0031907053669611345, 0.008297995415002602, -0.014193996045304165], [-0.006736293925395816, -0.014193996045304167, 0.03152599805406837]], "chi2_level": 0.95, "chi2_df": 3, "chi2_threshold": 7.814727903251179, "N_raw": 47, "N_roi": 47, "N_inlier": 44, "refit": true}
{"timestamp": "20:26:41.956185", "frame": 76, "mu": [-1.1385984688880817, 0.6904134963311048, -0.4910533164990396], "Sigma": [[0.005662828617605638, 0.0037710770595585476, 0.002880260888750443], [0.003771077059558547, 0.006201039985063284, 0.00150685594260092], [0.002880260888750444, 0.00150685594260092, 0.015444678310393476]], "chi2_level": 0.95, "chi2_df": 3, "chi2_threshold": 7.814727903251179, "N_raw": 40, "N_roi": 40, "N_inlier": 38, "refit": true}
{"timestamp": "20:26:42.012096", "frame": 77, "mu": [-1.1384714616788938, 0.809696947754436, -0.2809539231209724], "Sigma": [[0.005210627286750805, 0.0019491635847561591, -0.001953719119056384], [0.0019491635847561591, 0.005455115562138489, -0.0056670424342926875], [-0.0019537191190563846, -0.0056670424342926875, 0.014810219446842325]], "chi2_level": 0.95, "chi2_df": 3, "chi2_threshold": 7.814727903251179, "N_raw": 35, "N_roi": 35, "N_inlier": 33, "refit": true}
{"timestamp": "20:26:42.070152", "frame": 78, "mu": [-1.1881155000124293, 0.7216330320041011, 1.5436450878870567], "Sigma": [[0.007789418886873849, 0.0018539192757150783, -0.0010705695345960312], [0.0018539192757150783, 0.004265634819945662, -0.00443910179642491], [-0.001070569534596031, -0.00443910179642491, 0.005675268515926484]], "chi2_level": 0.95, "chi2_df": 3, "chi2_threshold": 7.814727903251179, "N_raw": 64, "N_roi": 64, "N_inlier": 61, "refit": true}
{"timestamp": "20:26:42.125338", "frame": 79, "mu": [-1.2081730071159436, 0.6924346602948784, 1.475425851723434], "Sigma": [[0.008353797376134295, 0.0017341179409552483, -0.0009795617184792712], [0.0017341179409552485, 0.004705770361479866, -0.003279756383886902], [-0.0009795617184792712, -0.003279756383886902, 0.0029535638581941566]], "chi2_level": 0.95, "chi2_df": 3, "chi2_threshold": 7.814727903251179, "N_raw": 63, "N_roi": 63, "N_inlier": 60, "refit": true}
{"timestamp": "20:26:42.177299", "frame": 80, "mu": [-1.2332317871731133, 0.8913643105901096, -0.22502698110257155], "Sigma": [[0.005526564836483014, 0.0020834512695503678, -0.0036780111047215337], [0.0020834512695503678, 0.006135207048480818, -0.0040286855995725285], [-0.0036780111047215337, -0.0040286855995725285, 0.014157163269993724]], "chi2_level": 0.95, "chi2_df": 3, "chi2_threshold": 7.814727903251179, "N_raw": 43, "N_roi": 43, "N_inlier": 38, "refit": true}
{"timestamp": "20:26:42.234860", "frame": 81, "mu": [-1.2829869129790483, 0.7938934720667015, -0.3999211655088454], "Sigma": [[0.008927227517848664, 0.0077914071038620554, 0.005815338860925268], [0.0077914071038620554, 0.01468170640711839, 0.0026333684081401567], [0.005815338860925268, 0.0026333684081401567, 0.005876091984762238]], "chi2_level": 0.95, "chi2_df": 3, "chi2_threshold": 7.814727903251179, "N_raw": 65, "N_roi": 65, "N_inlier": 63, "refit": true}
{"timestamp": "20:26:42.290753", "frame": 82, "mu": [-1.342952127560504, 0.7764552469152681, -0.5562712246933782], "Sigma": [[0.006449006428798597, 0.003263683480018213, 0.005085403138066318], [0.003263683480018213, 0.01696467448206416, -0.0003182506499516746], [0.0050854031380663176, -0.0003182506499516748, 0.014439892777900367]], "chi2_level": 0.95, "chi2_df": 3, "chi2_threshold": 7.814727903251179, "N_raw": 62, "N_roi": 62, "N_inlier": 60, "refit": true}
{"timestamp": "20:26:42.350196", "frame": 83, "mu": [-1.3426167289225732, 0.9924505249581002, -0.5386886579282448], "Sigma": [[0.014637850428120684, 0.016183366106428166, -0.021813934442210806], [0.016183366106428166, 0.031579839218658534, -0.05108926831217873], [-0.021813934442210806, -0.05108926831217872, 0.12492818122869298]], "chi2_level": 0.95, "chi2_df": 3, "chi2_threshold": 7.814727903251179, "N_raw": 93, "N_roi": 93, "N_inlier": 93, "refit": true}
{"timestamp": "20:26:42.401330", "frame": 84, "mu": [-1.4428916084440062, 0.7287771445418447, 1.2835518342697019], "Sigma": [[0.006535562818273863, 0.005552704727611562, 0.0034061239113656145], [0.0055527047276115625, 0.009797775236670641, 0.002634933804973632], [0.0034061239113656145, 0.0026349338049736315, 0.02233680778829661]], "chi2_level": 0.95, "chi2_df": 3, "chi2_threshold": 7.814727903251179, "N_raw": 61, "N_roi": 61, "N_inlier": 56, "refit": true}
{"timestamp": "20:26:42.455931", "frame": 85, "mu": [-1.4600933222250907, 0.8055023806418421, 1.276322236494818], "Sigma": [[0.005290032970924378, 0.004731179238264926, 0.005043857537339246], [0.004731179238264926, 0.006034284415952536, -0.0015512179654010748], [0.0050438575373392466, -0.0015512179654010752, 0.036618648163989506]], "chi2_level": 0.95, "chi2_df": 3, "chi2_threshold": 7.814727903251179, "N_raw": 66, "N_roi": 66, "N_inlier": 64, "refit": true}
{"timestamp": "20:26:42.511013", "frame": 86, "mu": [-1.4918994868182276, 1.0163990114277304, -0.3509116593751102], "Sigma": [[0.0060126329471821074, 0.0036085953655266723, 0.006809553600025108], [0.0036085953655266723, 0.008747786185401675, -0.002752528554556404], [0.006809553600025109, -0.002752528554556404, 0.03975195663377311]], "chi2_level": 0.95, "chi2_df": 3, "chi2_threshold": 7.814727903251179, "N_raw": 66, "N_roi": 66, "N_inlier": 61, "refit": true}
{"timestamp": "20:26:42.561480", "frame": 87, "mu": [-1.5627028241953398, 0.9078153193837372, 1.355005191299318], "Sigma": [[0.003306461376565621, 0.002627778085555797, 0.0005614911128140178], [0.0026277780855557967, 0.006824261683609517, -0.0047724785658755636], [0.000561491112814018, -0.0047724785658755636, 0.008191154427269304]], "chi2_level": 0.95, "chi2_df": 3, "chi2_threshold": 7.814727903251179, "N_raw": 39, "N_roi": 39, "N_inlier": 36, "refit": true}
{"timestamp": "20:26:42.619600", "frame": 88, "mu": [-1.5335745591046124, 0.9630761992629095, 1.3636369180602064], "Sigma": [[0.005668659029922698, 0.004269609582061528, 0.004002009282292363], [0.004269609582061528, 0.006748343476193641, -0.002235362621926569], [0.004002009282292363, -0.002235362621926569, 0.031634750435811466]], "chi2_level": 0.95, "chi2_df": 3, "chi2_threshold": 7.814727903251179, "N_raw": 60, "N_roi": 60, "N_inlier": 59, "refit": true}
{"timestamp": "20:26:42.674258", "frame": 89, "mu": [-1.5840125462273198, 1.0674049864401034, -0.2511248925822121], "Sigma": [[0.007281507843996054, 0.0036259404098463485, 0.00013787587456483044], [0.003625940409846348, 0.00853052725728946, -0.00399112161917726], [0.00013787587456483042, -0.00399112161917726, 0.0035303812594192838]], "chi2_level": 0.95, "chi2_df": 3, "chi2_threshold": 7.814727903251179, "N_raw": 47, "N_roi": 47, "N_inlier": 45, "refit": true}
{"timestamp": "20:26:42.737929", "frame": 90, "mu": [-1.5294262727269985, 1.0775638191295411, 1.3603569489689058], "Sigma": [[0.016651426384642447, 0.00636585573776023, -0.0064091014658926165], [0.00636585573776023, 0.01362866807453097, -0.009966668144047295], [-0.0064091014658926165, -0.009966668144047296, 0.00863407312674294]], "chi2_level": 0.95, "chi2_df": 3, "chi2_threshold": 7.814727903251179, "N_raw": 110, "N_roi": 110, "N_inlier": 106, "refit": true}
{"timestamp": "20:26:42.787411", "frame": 91, "mu": [-1.5715670888267803, 1.1944440953582802, -0.3024796368061186], "Sigma": [[0.012172095381535743, 0.009582232829064256, -0.0037708436851320954], [0.009582232829064256, 0.014979259268114529, -0.003987078583948805], [-0.0037708436851320954, -0.003987078583948805, 0.00210007497571623]], "chi2_level": 0.95, "chi2_df": 3, "chi2_threshold": 7.814727903251179, "N_raw": 66, "N_roi": 66, "N_inlier": 59, "refit": true}
{"timestamp": "20:26:42.842456", "frame": 92, "mu": [-1.5754295346455862, 1.167938888606865, 1.3927272027796647], "Sigma": [[0.01424480693906967, 0.009184466727432967, -0.007847401175892423], [0.00918446672743297, 0.011759004213405875, -0.009912062381201767], [-0.00784740117589242, -0.009912062381201767, 0.009698965898868242]], "chi2_level": 0.95, "chi2_df": 3, "chi2_threshold": 7.814727903251179, "N_raw": 83, "N_roi": 83, "N_inlier": 75, "refit": true}
{"timestamp": "20:26:42.894238", "frame": 93, "mu": [-1.6600979762425982, 1.1242729816132913, 1.400125686543606], "Sigma": [[0.007213471811930977, 0.004220875823508281, -0.0038072828980087923], [0.004220875823508281, 0.008217936702143325, -0.005379285271120636], [-0.0038072828980087923, -0.005379285271120636, 0.004781255638468279]], "chi2_level": 0.95, "chi2_df": 3, "chi2_threshold": 7.814727903251179, "N_raw": 46, "N_roi": 46, "N_inlier": 44, "refit": true}
{"timestamp": "20:26:42.953229", "frame": 94, "mu": [-1.6818319983086953, 1.3452229866606293, -0.27499591838362275], "Sigma": [[0.013911112448383845, 0.008285930418818525, -0.0021186413382245847], [0.008285930418818525, 0.014821431973472158, -0.006001025558636007], [-0.0021186413382245847, -0.006001025558636008, 0.01301720659920411]], "chi2_level": 0.95, "chi2_df": 3, "chi2_threshold": 7.814727903251179, "N_raw": 83, "N_roi": 83, "N_inlier": 77, "refit": true}
{"timestamp": "20:26:43.009088", "frame": 95, "mu": [-1.702738270036834, 1.2473071576408545, 1.3660750101889976], "Sigma": [[0.017938179338872765, 0.010713107367005082, -0.005418734456481318], [0.010713107367005082, 0.011455831709653174, -0.009041041182750313], [-0.005418734456481318, -0.009041041182750313, 0.013868336202344836]], "chi2_level": 0.95, "chi2_df": 3, "chi2_threshold": 7.814727903251179, "N_raw": 86, "N_roi": 86, "N_inlier": 82, "refit": true}
{"timestamp": "20:26:43.064117", "frame": 96, "mu": [-1.705046051394763, 1.3440182569676293, 1.4527653520322799], "Sigma": [[0.017135780913843615, 0.008877706632906634, -0.0132056713795232], [0.008877706632906634, 0.01452861987857751, -0.0113766596483551], [-0.0132056713795232, -0.011376659648355098, 0.013023233868607889]], "chi2_level": 0.95, "chi2_df": 3, "chi2_threshold": 7.814727903251179, "N_raw": 88, "N_roi": 88, "N_inlier": 85, "refit": true}
{"timestamp": "20:26:43.117700", "frame": 97, "mu": [-1.8022860577153026, 1.339013345557924, 1.416292826166373], "Sigma": [[0.013193613204635949, 0.00699299186698947, -0.0035037049876443264], [0.00699299186698947, 0.007716070457189754, -0.008147340254379848], [-0.0035037049876443264, -0.008147340254379846, 0.028313835034733822]], "chi2_level": 0.95, "chi2_df": 3, "chi2_threshold": 7.814727903251179, "N_raw": 74, "N_roi": 74, "N_inlier": 69, "refit": true}
{"timestamp": "20:26:43.172960", "frame": 98, "mu": [-1.73524917105795, 1.4895204578093317, -0.141293253418324], "Sigma": [[0.01629279574821166, 0.01351237362945546, -0.01251560500421798], [0.013512373629455458, 0.01885989960449782, -0.010903092497681871], [-0.01251560500421798, -0.010903092497681871, 0.011116675024910193]], "chi2_level": 0.95, "chi2_df": 3, "chi2_threshold": 7.814727903251179, "N_raw": 68, "N_roi": 68, "N_inlier": 63, "refit": true}
{"timestamp": "20:26:43.226694", "frame": 99, "mu": [-1.8062364457287712, 1.4863042998936926, -0.22320277680432205], "Sigma": [[0.02395619634698106, 0.01841785415555702, 0.00476786660877148], [0.01841785415555702, 0.023115713924520095, 0.00911825595126508], [0.00476786660877148, 0.009118255951265078, 0.021487529826030055]], "chi2_level": 0.95, "chi2_df": 3, "chi2_threshold": 7.814727903251179, "N_raw": 74, "N_roi": 74, "N_inlier": 66, "refit": true}
{"timestamp": "20:26:43.510454", "frame": 100, "mu": [-1.8770213017290525, 1.4009275930586647, 1.4781347775755598], "Sigma": [[0.013755415835155148, 0.006118186118717295, -0.0079761643649441], [0.006118186118717296, 0.008613649063814965, -0.009993022244277342], [-0.0079761643649441, -0.009993022244277342, 0.017648988602137053]], "chi2_level": 0.95, "chi2_df": 3, "chi2_threshold": 7.814727903251179, "N_raw": 70, "N_roi": 70, "N_inlier": 63, "refit": true}
{"timestamp": "20:26:43.536665", "frame": 101, "mu": [-1.891649785685476, 1.4822234959242184, 1.6359079395540315], "Sigma": [[0.01458443035556463, 0.009923860050839811, -0.016251541950866005], [0.009923860050839811, 0.015113065234145252, -0.019542926264149333], [-0.016251541950866005, -0.01954292626414933, 0.05248483418976134]], "chi2_level": 0.95, "chi2_df": 3, "chi2_threshold": 7.814727903251179, "N_raw": 63, "N_roi": 63, "N_inlier": 58, "refit": true}
{"timestamp": "20:26:43.576765", "frame": 102, "mu": [-1.928275482376611, 1.49593804355587, 1.447214074662086], "Sigma": [[0.015357488636614241, 0.0045565594636214285, -0.013472697307973559], [0.0045565594636214285, 0.009044179887921727, -0.006370050930579612], [-0.013472697307973559, -0.006370050930579614, 0.023985456171920598]], "chi2_level": 0.95, "chi2_df": 3, "chi2_threshold": 7.814727903251179, "N_raw": 37, "N_roi": 37, "N_inlier": 34, "refit": true}
{"timestamp": "20:26:43.605999", "frame": 103, "mu": [-1.8993471443284313, 1.5584534521148985, 1.3217112396658734], "Sigma": [[0.015710639988237227, 0.009938156579467837, -0.010296518820237983], [0.009938156579467835, 0.01455074208181489, -0.012970189988445902], [-0.010296518820237984, -0.012970189988445902, 0.013935136828755008]], "chi2_level": 0.95, "chi2_df": 3, "chi2_threshold": 7.814727903251179, "N_raw": 80, "N_roi": 80, "N_inlier": 74, "refit": true}
{"timestamp": "20:26:43.631872", "frame": 104, "mu": [-1.9539064507619637, 1.680059423994522, -0.06542018337964416], "Sigma": [[0.018973641653382965, 0.013777050723109557, -0.010972383350929534], [0.013777050723109557, 0.022802521181837516, -0.010928021584117213], [-0.010972383350929534, -0.010928021584117213, 0.00825156613944329]], "chi2_level": 0.95, "chi2_df": 3, "chi2_threshold": 7.814727903251179, "N_raw": 82, "N_roi": 82, "N_inlier": 80, "refit": true}
{"timestamp": "20:26:43.671036", "frame": 105, "mu": [-1.9521485539764607, 1.8757362374495838, -0.3702596798433267], "Sigma": [[0.018792111694285928, 0.019186699292906492, -0.02964563188716481], [0.019186699292906492, 0.02507996790403781, -0.04772648265784649], [-0.02964563188716481, -0.04772648265784649, 0.1288096004643115]], "chi2_level": 0.95, "chi2_df": 3, "chi2_threshold": 7.814727903251179, "N_raw": 34, "N_roi": 34, "N_inlier": 33, "refit": true}
{"timestamp": "20:26:43.694852", "frame": 106, "mu": [-1.9306279404795101, 1.7756082118044771, -0.08723298890898488], "Sigma": [[0.01334052316954717, 0.01559182307092093, -0.016964829107949234], [0.01559182307092093, 0.027210661920779443, -0.03285748444229138], [-0.016964829107949234, -0.03285748444229138, 0.05354812601281039]], "chi2_level": 0.95, "chi2_df": 3, "chi2_threshold": 7.814727903251179, "N_raw": 24, "N_roi": 24, "N_inlier": 22, "refit": true}
{"timestamp": "20:26:43.723826", "frame": 107, "mu": [-1.986785130289755, 1.8196932351874597, -0.10437771091782347], "Sigma": [[0.026838266715533424, 0.02098129354860872, -0.007304686109679782], [0.02098129354860872, 0.026018767992878677, -0.013228167389299684], [-0.007304686109679782, -0.013228167389299684, 0.010357421317626793]], "chi2_level": 0.95, "chi2_df": 3, "chi2_threshold": 7.814727903251179, "N_raw": 77, "N_roi": 77, "N_inlier": 75, "refit": true}
{"timestamp": "20:26:43.764364", "frame": 108, "mu": [-1.934571716886993, 1.9766821454137724, -0.29649651236877184], "Sigma": [[0.025122437943496216, 0.017907560230555668, -0.0064330891636355265], [0.017907560230555668, 0.02756790765230913, -0.02649648086825753], [-0.006433089163635528, -0.02649648086825753, 0.03937423422790492]], "chi2_level": 0.95, "chi2_df": 3, "chi2_threshold": 7.814727903251179, "N_raw": 26, "N_roi": 26, "N_inlier": 25, "refit": true}
{"timestamp": "20:26:43.787914", "frame": 109, "mu": [-1.913234976507037, 2.046825694564818, -0.06908444454677605], "Sigma": [[0.019074443643829486, 0.021221196528361352, -0.017506903084027137], [0.021221196528361352, 0.030013674851026656, -0.02756069794936926], [-0.017506903084027133, -0.02756069794936926, 0.030095626726501665]], "chi2_level": 0.95, "chi2_df": 3, "chi2_threshold": 7.814727903251179, "N_raw": 56, "N_roi": 56, "N_inlier": 52, "refit": true}
{"timestamp": "20:26:43.827288", "frame": 110, "mu": [-1.7822805378907363, 2.0426585627406757, 1.4629700469790297], "Sigma": [[0.006083400294459442, 0.0017204170341306045, -0.003734883603551253], [0.0017204170341306047, 0.0035035770674924577, -0.0017437572810617029], [-0.003734883603551253, -0.0017437572810617029, 0.003538659272487739]], "chi2_level": 0.95, "chi2_df": 3, "chi2_threshold": 7.814727903251179, "N_raw": 26, "N_roi": 26, "N_inlier": 23, "refit": true}
{"timestamp": "20:26:43.879544", "frame": 111, "mu": [-1.7585562092645295, 2.1301082980434027, -0.013096605619490598], "Sigma": [[0.004617312921266145, 0.0019353510415982917, -0.002162359912420127], [0.0019353510415982917, 0.004678694895315455, -0.0029022103217612085], [-0.002162359912420127, -0.0029022103217612085, 0.0032370456361802066]], "chi2_level": 0.95, "chi2_df": 3, "chi2_threshold": 7.814727903251179, "N_raw": 23, "N_roi": 23, "N_inlier": 19, "refit": true}
{"timestamp": "20:26:43.932987", "frame": 112, "mu": [-1.8726603935994113, 2.0632077630944856, 1.4549457296603974], "Sigma": [[0.0477862199492493, 0.025579641718049103, -0.039547976039887626], [0.025579641718049106, 0.022668678070482572, -0.02615027337108171], [-0.039547976039887626, -0.02615027337108171, 0.03698590985222503]], "chi2_level": 0.95, "chi2_df": 3, "chi2_threshold": 7.814727903251179, "N_raw": 7, "N_roi": 7, "N_inlier": 7, "refit": true}
{"timestamp": "20:26:43.992201", "frame": 113, "mu": [-1.7699646317140196, 2.2529094072308977, 0.02788368852540058], "Sigma": [[0.01049350726013021, 0.004483946920055434, -0.005510003877694911], [0.004483946920055434, 0.008217036524084603, -0.0025281102154299214], [-0.005510003877694911, -0.0025281102154299214, 0.003742674631908224]], "chi2_level": 0.95, "chi2_df": 3, "chi2_threshold": 7.814727903251179, "N_raw": 45, "N_roi": 45, "N_inlier": 44, "refit": true}
