{"timestamp": "17:26:23.352908", "frame": 37, "mu": [1.7121394826849472, 0.5825566510012713, 1.2648524360758953], "Sigma": [[0.002920590391481741, 0.0009552136814363836, -0.0038730786408343073], [0.0009552136814363836, 0.001828671896652389, -0.0029185346641870348], [-0.0038730786408343078, -0.0029185346641870348, 0.0077479655019395965]], "chi2_level": 0.99, "chi2_df": 3, "chi2_threshold": 11.344866730144373, "N_raw": 5, "N_roi": 5, "N_inlier": 5, "refit": true}
{"timestamp": "17:26:23.408719", "frame": 38, "mu": [1.6680162165497685, 0.6115184132315399, 1.2925095503202693], "Sigma": [[0.004209717705461915, -0.004528386372857948, -0.0030843944655483714], [-0.004528386372857948, 0.005668797622722324, 0.003322275968659021], [-0.0030843944655483714, 0.0033222759686590206, 0.002992808843506274]], "chi2_level": 0.99, "chi2_df": 3, "chi2_threshold": 11.344866730144373, "N_raw": 7, "N_roi": 7, "N_inlier": 7, "refit": true}
{"timestamp": "17:26:23.462718", "frame": 39, "mu": [1.6714187745291864, 0.6189360397383901, 1.2461225434960612], "Sigma": [[0.00624032899342894, 0.011935792076359872, 0.007333900421105572], [0.011935792076359872, 0.038348648424885876, 0.020762312678123868], [0.007333900421105572, 0.020762312678123868, 0.013273460670776532]], "chi2_level": 0.99, "chi2_df": 3, "chi2_threshold": 11.344866730144373, "N_raw": 5, "N_roi": 5, "N_inlier": 5, "refit": true}
{"timestamp": "17:26:23.521485", "frame": 40, "mu": [1.5986166397216792, 0.9152187820686439, -0.5513237504644776], "Sigma": [[0.005828596833786471, -0.00499609743570618, -0.000674754458373852], [-0.004996097435706181, 0.02146373453325696, -0.0364656399113721], [-0.0006747544583738523, -0.036465639911372104, 0.10127787951116515]], "chi2_level": 0.99, "chi2_df": 3, "chi2_threshold": 11.344866730144373, "N_raw": 24, "N_roi": 24, "N_inlier": 23, "refit": true}
{"timestamp": "17:26:23.577823", "frame": 41, "mu": [1.466657957279837, 0.8425149945789016, 0.447103696109536], "Sigma": [[0.00426852662199429, 0.0008841135483208163, 0.014949578310887227], [0.0008841135483208161, 0.009618653752720273, 0.015520526214631649], [0.014949578310887227, 0.01552052621463165, 0.3053708724104116]], "chi2_level": 0.99, "chi2_df": 3, "chi2_threshold": 11.344866730144373, "N_raw": 14, "N_roi": 14, "N_inlier": 14, "refit": true}
{"timestamp": "17:26:23.636127", "frame": 42, "mu": [1.4585533304950264, 0.93294827917669, 1.0447138149159025], "Sigma": [[0.010573487148506979, -0.0030124699168199947, 0.04357763600344612], [-0.0030124699168199947, 0.007187654300375926, -0.01684185426383129], [0.04357763600344612, -0.01684185426383129, 0.2870535119436993]], "chi2_level": 0.99, "chi2_df": 3, "chi2_threshold": 11.344866730144373, "N_raw": 39, "N_roi": 39, "N_inlier": 38, "refit": true}
{"timestamp": "17:26:23.688236", "frame": 43, "mu": [1.4325754353344258, 1.005967318377666, 1.1474168376951956], "Sigma": [[0.015698801861820676, -0.013670601160588238, 0.058518971418408554], [-0.013670601160588238, 0.0208159856378445, -0.06038842614058247], [0.05851897141840855, -0.06038842614058248, 0.2551440332241513]], "chi2_level": 0.99, "chi2_df": 3, "chi2_threshold": 11.344866730144373, "N_raw": 19, "N_roi": 19, "N_inlier": 19, "refit": true}
{"timestamp": "17:26:23.742117", "frame": 44, "mu": [1.3494594112526965, 1.064944708322658, 1.0531058304147574], "Sigma": [[0.017111704590362042, -0.017016559678638674, 0.0579566649428598], [-0.017016559678638674, 0.022979403665952795, -0.0737209259820511], [0.05795666494285981, -0.0737209259820511, 0.2501448668859723]], "chi2_level": 0.99, "chi2_df": 3, "chi2_threshold": 11.344866730144373, "N_raw": 17, "N_roi": 17, "N_inlier": 17, "refit": true}
{"timestamp": "17:26:23.795416", "frame": 45, "mu": [1.2412752858680745, 1.5255935255959823, -0.898608787079355], "Sigma": [[0.015484770021398307, -0.029698197989434814, 0.06859959727241127], [-0.029698197989434814, 0.07863159081048551, -0.17743235684470793], [0.06859959727241127, -0.17743235684470793, 0.4180547347708952]], "chi2_level": 0.99, "chi2_df": 3, "chi2_threshold": 11.344866730144373, "N_raw": 8, "N_roi": 8, "N_inlier": 8, "refit": true}
{"timestamp": "17:26:23.850562", "frame": 46, "mu": [1.2333993910331542, 1.3995812315951939, -0.6423844401242074], "Sigma": [[0.0009460653183619717, -0.0015063009265996984, 0.008174175840278713], [-0.0015063009265996981, 0.043865744403679546, -0.07451083678852345], [0.008174175840278713, -0.07451083678852344, 0.17798238385717227]], "chi2_level": 0.99, "chi2_df": 3, "chi2_threshold": 11.344866730144373, "N_raw": 8, "N_roi": 8, "N_inlier": 8, "refit": true}
{"timestamp": "17:26:23.908262", "frame": 47, "mu": [1.1926809339634232, 1.3248993050363396, -0.475514801619445], "Sigma": [[0.0045453304412003265, -0.0009158373811505546, -0.0006437351621499487], [-0.0009158373811505546, 0.006973102696007865, 0.0031264199445633603], [-0.0006437351621499487, 0.0031264199445633603, 0.0017891209227240354]], "chi2_level": 0.99, "chi2_df": 3, "chi2_threshold": 11.344866730144373, "N_raw": 37, "N_roi": 37, "N_inlier": 36, "refit": true}
{"timestamp": "17:26:23.964150", "frame": 48, "mu": [1.1242861203470145, 1.082309512695887, 1.1590443013351894], "Sigma": [[0.004027626345190741, -0.0014563472907517696, -0.001413423971386832], [-0.0014563472907517699, 0.003767435245224399, -0.0005011980110207512], [-0.0014134239713868323, -0.0005011980110207512, 0.0028373967085908052]], "chi2_level": 0.99, "chi2_df": 3, "chi2_threshold": 11.344866730144373, "N_raw": 34, "N_roi": 34, "N_inlier": 32, "refit": true}
{"timestamp": "17:26:24.016942", "frame": 49, "mu": [1.0836242907468536, 1.2242474125098501, 1.0057645290033308], "Sigma": [[0.002766531581040982, -0.0007311238105081649, 0.0008607982177249654], [-0.0007311238105081649, 0.003489295864671901, 0.008384318703941799], [0.0008607982177249655, 0.008384318703941799, 0.031492427894510636]], "chi2_level": 0.99, "chi2_df": 3, "chi2_threshold": 11.344866730144373, "N_raw": 22, "N_roi": 22, "N_inlier": 22, "refit": true}
{"timestamp": "17:26:24.075122", "frame": 50, "mu": [1.005082519422138, 1.2464037060681168, 1.2380916132538322], "Sigma": [[0.004589841754671638, -0.0021277392670551107, -0.0038427432614249173], [-0.0021277392670551107, 0.005395656245546789, 0.001528387716732698], [-0.0038427432614249165, 0.001528387716732698, 0.0068912869861331725]], "chi2_level": 0.99, "chi2_df": 3, "chi2_threshold": 11.344866730144373, "N_raw": 38, "N_roi": 38, "N_inlier": 36, "refit": true}
{"timestamp": "17:26:24.129696", "frame": 51, "mu": [0.9740976488611235, 1.2293189149758734, 1.2039778611932563], "Sigma": [[0.004047126287730302, -0.0016989788157309375, -0.001656839488383533], [-0.0016989788157309375, 0.004060871692086176, 0.0004756227396565903], [-0.001656839488383533, 0.0004756227396565903, 0.001400866192167099]], "chi2_level": 0.99, "chi2_df": 3, "chi2_threshold": 11.344866730144373, "N_raw": 35, "N_roi": 35, "N_inlier": 32, "refit": true}
{"timestamp": "17:26:24.183160", "frame": 52, "mu": [0.940990944732542, 1.2801334362274328, 1.2108009028043736], "Sigma": [[0.004317872341527625, -0.0031578474020712514, -0.006331512724848306], [-0.0031578474020712514, 0.00737285365409365, 0.009077353657042944], [-0.006331512724848306, 0.009077353657042946, 0.017667176046192785]], "chi2_level": 0.99, "chi2_df": 3, "chi2_threshold": 11.344866730144373, "N_raw": 30, "N_roi": 30, "N_inlier": 29, "refit": true}
{"timestamp": "17:26:24.237620", "frame": 53, "mu": [0.947383428237443, 1.5181762456893213, 1.3822597717594318], "Sigma": [[0.0045661407985942695, -0.003591291753004842, -0.017296866096977625], [-0.003591291753004842, 0.007160692968159057, 0.02206640133516023], [-0.017296866096977625, 0.02206640133516023, 0.16422716826291614]], "chi2_level": 0.99, "chi2_df": 3, "chi2_threshold": 11.344866730144373, "N_raw": 27, "N_roi": 27, "N_inlier": 25, "refit": true}
{"timestamp": "17:26:24.291709", "frame": 54, "mu": [0.9147389836357039, 1.4164541725142243, 0.906162881150529], "Sigma": [[0.009174847216694615, -0.0014252793611880402, -0.027740042083668516], [-0.0014252793611880393, 0.009078117700236551, 0.026192940258032076], [-0.027740042083668523, 0.026192940258032073, 0.39427399647491196]], "chi2_level": 0.99, "chi2_df": 3, "chi2_threshold": 11.344866730144373, "N_raw": 15, "N_roi": 15, "N_inlier": 15, "refit": true}
{"timestamp": "17:26:24.354455", "frame": 55, "mu": [0.8902311738084683, 1.4860593973617502, 1.198528206923769], "Sigma": [[0.008061768469633565, 0.005554897557830816, 0.002558642969037694], [0.005554897557830816, 0.013897589726492724, 0.01606824662607132], [0.0025586429690376937, 0.01606824662607132, 0.09925495148635022]], "chi2_level": 0.99, "chi2_df": 3, "chi2_threshold": 11.344866730144373, "N_raw": 68, "N_roi": 64, "N_inlier": 62, "refit": true}
{"timestamp": "17:26:24.412202", "frame": 56, "mu": [0.8369262414071292, 1.5714195018740365, 1.270538962963826], "Sigma": [[0.010056254655432287, 0.0024810866706746, -0.0003464740686052611], [0.0024810866706746, 0.00962209983591429, -0.00015443759697615774], [-0.00034647406860526116, -0.00015443759697615782, 0.003565014860928943]], "chi2_level": 0.99, "chi2_df": 3, "chi2_threshold": 11.344866730144373, "N_raw": 87, "N_roi": 87, "N_inlier": 83, "refit": true}
{"timestamp": "17:26:24.463272", "frame": 57, "mu": [0.7709461423999324, 1.595916061577822, 1.2678301210629372], "Sigma": [[0.008193056763432755, 0.002572093832304621, 0.003412278162786304], [0.002572093832304621, 0.006604026284944199, 0.0007070254432899526], [0.003412278162786304, 0.0007070254432899526, 0.002008640707714645]], "chi2_level": 0.99, "chi2_df": 3, "chi2_threshold": 11.344866730144373, "N_raw": 63, "N_roi": 63, "N_inlier": 59, "refit": true}
{"timestamp": "17:26:24.520734", "frame": 58, "mu": [0.73652327321289, 1.668967831163229, 1.2368764308398545], "Sigma": [[0.007430726041976968, 0.004871656481473651, 0.009063904005955834], [0.004871656481473651, 0.010580007970965867, 0.00897667788997611], [0.009063904005955834, 0.008976677889976109, 0.10876495996685655]], "chi2_level": 0.99, "chi2_df": 3, "chi2_threshold": 11.344866730144373, "N_raw": 69, "N_roi": 68, "N_inlier": 65, "refit": true}
{"timestamp": "17:26:24.573034", "frame": 59, "mu": [0.7224032476585718, 1.6925410334405342, 1.2141427756074943], "Sigma": [[0.00738775315034299, 0.002612524911415985, 0.015307047891580891], [0.002612524911415985, 0.003869048328113624, 0.009543058430007287], [0.015307047891580893, 0.009543058430007287, 0.10035348301254327]], "chi2_level": 0.99, "chi2_df": 3, "chi2_threshold": 11.344866730144373, "N_raw": 51, "N_roi": 49, "N_inlier": 46, "refit": true}
{"timestamp": "17:26:24.627474", "frame": 60, "mu": [0.6178813591171823, 1.7359260474115967, 1.2265987172108823], "Sigma": [[0.007698810793338266, 0.004350739404226716, 0.006242461040805559], [0.004350739404226716, 0.008488034679040786, 0.009448832676211159], [0.006242461040805559, 0.009448832676211159, 0.041415650171673]], "chi2_level": 0.99, "chi2_df": 3, "chi2_threshold": 11.344866730144373, "N_raw": 52, "N_roi": 52, "N_inlier": 49, "refit": true}
{"timestamp": "17:26:24.679510", "frame": 61, "mu": [0.637079747968405, 1.8006372503423729, 0.9571279905771746], "Sigma": [[0.0051472941951791465, 0.0021273655268798032, 0.007877868640618199], [0.002127365526879803, 0.0039118255662433125, 0.008620122717160391], [0.007877868640618197, 0.008620122717160391, 0.13252690436868042]], "chi2_level": 0.99, "chi2_df": 3, "chi2_threshold": 11.344866730144373, "N_raw": 36, "N_roi": 36, "N_inlier": 35, "refit": true}
{"timestamp": "17:26:24.738689", "frame": 62, "mu": [0.5560896025818463, 1.8224261841279943, 1.0574040886706833], "Sigma": [[0.008063566398525018, 0.0006974501961735141, 0.01492680100232014], [0.000697450196173514, 0.004386486900125664, -0.0005674134300920088], [0.014926801002320144, -0.0005674134300920086, 0.15908991793017116]], "chi2_level": 0.99, "chi2_df": 3, "chi2_threshold": 11.344866730144373, "N_raw": 65, "N_roi": 65, "N_inlier": 64, "refit": true}
{"timestamp": "17:26:24.791683", "frame": 63, "mu": [0.43031390039299294, 1.8451204409736595, 1.1396362333696053], "Sigma": [[0.004491341251332617, -0.0006169810294809319, 0.0019060817318734672], [-0.0006169810294809319, 0.002129794296492689, -0.0032499115854108685], [0.0019060817318734677, -0.0032499115854108685, 0.06786655533939476]], "chi2_level": 0.99, "chi2_df": 3, "chi2_threshold": 11.344866730144373, "N_raw": 44, "N_roi": 44, "N_inlier": 42, "refit": true}
{"timestamp": "17:26:24.849744", "frame": 64, "mu": [0.4253362767134623, 1.897828786417055, 1.1811597425339428], "Sigma": [[0.005999782367481788, 0.0008515005880695999, -0.0039503387951943525], [0.0008515005880695998, 0.004339340531031089, -0.004937640822718806], [-0.0039503387951943525, -0.004937640822718806, 0.01010438325225966]], "chi2_level": 0.99, "chi2_df": 3, "chi2_threshold": 11.344866730144373, "N_raw": 68, "N_roi": 68, "N_inlier": 65, "refit": true}
{"timestamp": "17:26:24.903557", "frame": 65, "mu": [0.36642408796546977, 1.9248627235357272, 1.1951625744325272], "Sigma": [[0.005498562400182102, -0.00020967172022582037, -0.0038994922838116813], [-0.00020967172022582042, 0.003043560122991233, -0.0016835893480699898], [-0.0038994922838116817, -0.00168358934806999, 0.012786043281131266]], "chi2_level": 0.99, "chi2_df": 3, "chi2_threshold": 11.344866730144373, "N_raw": 57, "N_roi": 56, "N_inlier": 52, "refit": true}
{"timestamp": "17:26:24.957348", "frame": 66, "mu": [0.28468685514622943, 1.9719602021535059, 1.172392285650554], "Sigma": [[0.005424775743369396, -0.0001745530408949594, 0.0005875418568217856], [-0.00017455304089495957, 0.005709133345735434, -0.011515237844449562], [0.0005875418568217858, -0.011515237844449562, 0.11036750792150946]], "chi2_level": 0.99, "chi2_df": 3, "chi2_threshold": 11.344866730144373, "N_raw": 49, "N_roi": 49, "N_inlier": 47, "refit": true}
{"timestamp": "17:26:25.010791", "frame": 67, "mu": [0.23173297936733647, 2.161323253862537, -0.19754376830054385], "Sigma": [[0.0059059837176803276, -0.0006619087757192587, -0.0001603045647527179], [-0.0006619087757192589, 0.016338092594258058, -0.04265142416989775], [-0.00016030456475271855, -0.04265142416989774, 0.18637326320128902]], "chi2_level": 0.99, "chi2_df": 3, "chi2_threshold": 11.344866730144373, "N_raw": 38, "N_roi": 37, "N_inlier": 35, "refit": true}
{"timestamp": "17:26:25.071396", "frame": 68, "mu": [0.2971822742028215, 2.0611103095384586, 1.0367110960218089], "Sigma": [[0.02640813924814621, -0.0024761666711462845, -0.05847939258023718], [-0.0024761666711462845, 0.004595112789897112, 0.007167582176205383], [-0.05847939258023718, 0.007167582176205383, 0.21510553584439665]], "chi2_level": 0.99, "chi2_df": 3, "chi2_threshold": 11.344866730144373, "N_raw": 80, "N_roi": 80, "N_inlier": 76, "refit": true}
{"timestamp": "17:26:25.125556", "frame": 69, "mu": [0.1890411666462274, 2.103779800225167, 1.148150323441004], "Sigma": [[0.006518102619595643, 0.0013657958691865157, -0.0018458302531755618], [0.0013657958691865155, 0.004303395297106013, -0.004121526826214302], [-0.0018458302531755618, -0.004121526826214302, 0.008125128173421495]], "chi2_level": 0.99, "chi2_df": 3, "chi2_threshold": 11.344866730144373, "N_raw": 69, "N_roi": 68, "N_inlier": 58, "refit": true}
{"timestamp": "17:26:25.180431", "frame": 70, "mu": [0.1143951524192661, 2.3040119689253378, -0.19437542938150673], "Sigma": [[0.009726690470691924, 0.000886277091594412, 0.0027818135687239583], [0.000886277091594412, 0.00783076855343019, -0.003846696691818467], [0.0027818135687239583, -0.003846696691818467, 0.011016495468581381]], "chi2_level": 0.99, "chi2_df": 3, "chi2_threshold": 11.344866730144373, "N_raw": 76, "N_roi": 76, "N_inlier": 70, "refit": true}
{"timestamp": "17:26:25.238319", "frame": 71, "mu": [0.07260877995594937, 2.2531818108539134, 1.1448965464263416], "Sigma": [[0.009797101859904027, 0.0013090807171593096, -0.006557216571912106], [0.0013090807171593094, 0.006764135112769292, -0.004371657694554448], [-0.0065572165719121065, -0.004371657694554448, 0.23737105254302862]], "chi2_level": 0.99, "chi2_df": 3, "chi2_threshold": 11.344866730144373, "N_raw": 93, "N_roi": 90, "N_inlier": 88, "refit": true}
{"timestamp": "17:26:25.294847", "frame": 72, "mu": [0.04344803912721605, 2.350866379045151, 1.0487143771864207], "Sigma": [[0.013273999572372009, 0.004758723198977926, -0.03419307369767258], [0.004758723198977926, 0.010081324558589093, -0.02187529969428526], [-0.03419307369767258, -0.021875299694285255, 0.25327299256808705]], "chi2_level": 0.99, "chi2_df": 3, "chi2_threshold": 11.344866730144373, "N_raw": 104, "N_roi": 104, "N_inlier": 103, "refit": true}
{"timestamp": "17:26:25.347966", "frame": 73, "mu": [-0.05138324634543009, 2.3434751666872637, 1.399754576007935], "Sigma": [[0.010581605536341682, 0.0028166826542011802, -0.0050212313552799055], [0.0028166826542011802, 0.010410969747832522, -0.00036783021577815807], [-0.0050212313552799055, -0.00036783021577815807, 0.009682385123553362]], "chi2_level": 0.99, "chi2_df": 3, "chi2_threshold": 11.344866730144373, "N_raw": 85, "N_roi": 85, "N_inlier": 81, "refit": true}
{"timestamp": "17:26:25.401345", "frame": 74, "mu": [-0.12386572658455047, 2.357850199124733, 1.2362455893366342], "Sigma": [[0.010099588365199101, 0.0029420443410578343, 0.016426702514827463], [0.0029420443410578343, 0.013200967754178918, 0.03235694144317708], [0.016426702514827467, 0.03235694144317708, 0.2602507006890293]], "chi2_level": 0.99, "chi2_df": 3, "chi2_threshold": 11.344866730144373, "N_raw": 79, "N_roi": 76, "N_inlier": 75, "refit": true}
{"timestamp": "17:26:25.456481", "frame": 75, "mu": [-0.17736773849583315, 2.383025865414181, 1.151309021774182], "Sigma": [[0.00983437482884157, 0.0004678911538099769, 0.015111898813817177], [0.0004678911538099769, 0.012189354300308696, 0.034321179637144816], [0.015111898813817177, 0.034321179637144816, 0.43837568861632537]], "chi2_level": 0.99, "chi2_df": 3, "chi2_threshold": 11.344866730144373, "N_raw": 83, "N_roi": 83, "N_inlier": 83, "refit": true}
{"timestamp": "17:26:25.511927", "frame": 76, "mu": [-0.2304007244942609, 2.4600469447986257, 1.4235638276082818], "Sigma": [[0.013135776949125997, -0.000896383541050579, -0.011986296278498997], [-0.0008963835410505789, 0.012922434188135276, 0.025193285606486107], [-0.011986296278498997, 0.025193285606486107, 0.1537029142481721]], "chi2_level": 0.99, "chi2_df": 3, "chi2_threshold": 11.344866730144373, "N_raw": 82, "N_roi": 82, "N_inlier": 79, "refit": true}
{"timestamp": "17:26:25.577508", "frame": 77, "mu": [-0.24435416536980661, 2.4224514788834637, 0.7639288715077623], "Sigma": [[0.016782875361394112, -0.006813712819580948, -0.033348283650313185], [-0.0068137128195809495, 0.021828891524677454, 0.09586639416451301], [-0.033348283650313185, 0.09586639416451301, 0.6396040721223338]], "chi2_level": 0.99, "chi2_df": 3, "chi2_threshold": 11.344866730144373, "N_raw": 130, "N_roi": 129, "N_inlier": 129, "refit": true}
{"timestamp": "17:26:25.624219", "frame": 78, "mu": [-0.3343794611332755, 2.555958936682062, 1.1213302804432463], "Sigma": [[0.015889058559271148, 0.0034768408795871533, 0.037421531502516446], [0.0034768408795871533, 0.011786524881896963, 0.03588255252920106], [0.03742153150251644, 0.035882552529201056, 0.4893167445774271]], "chi2_level": 0.99, "chi2_df": 3, "chi2_threshold": 11.344866730144373, "N_raw": 91, "N_roi": 91, "N_inlier": 90, "refit": true}
{"timestamp": "17:26:25.679942", "frame": 79, "mu": [-0.3445504139347479, 2.5901623015719517, 1.2138367603154856], "Sigma": [[0.01709575435072, -0.0029322970600211386, -0.03095462238337221], [-0.0029322970600211386, 0.01279505566665439, 0.032475416166141975], [-0.03095462238337221, 0.032475416166141975, 0.18130803852586305]], "chi2_level": 0.99, "chi2_df": 3, "chi2_threshold": 11.344866730144373, "N_raw": 98, "N_roi": 96, "N_inlier": 92, "refit": true}
{"timestamp": "17:26:25.728361", "frame": 80, "mu": [-0.4266410688694761, 2.6142709631123604, 1.21065947066014], "Sigma": [[0.010952380582168747, -0.0010503072508388095, -0.013321892709327049], [-0.0010503072508388095, 0.0056102683824971215, 0.003617535349254938], [-0.01332189270932705, 0.003617535349254938, 0.11099292928405896]], "chi2_level": 0.99, "chi2_df": 3, "chi2_threshold": 11.344866730144373, "N_raw": 59, "N_roi": 58, "N_inlier": 55, "refit": true}
{"timestamp": "17:26:25.785518", "frame": 81, "mu": [-0.4654961850370369, 2.675527981510109, 0.989632434090012], "Sigma": [[0.008819810420048483, -0.00017874529163257346, -0.005328825848211274], [-0.00017874529163257346, 0.0030160306652617045, -0.00024433846508730263], [-0.005328825848211274, -0.0002443384650873022, 0.1986716366768705]], "chi2_level": 0.99, "chi2_df": 3, "chi2_threshold": 11.344866730144373, "N_raw": 70, "N_roi": 70, "N_inlier": 69, "refit": true}
{"timestamp": "17:26:25.843529", "frame": 82, "mu": [-0.5374460579469436, 2.7534816732585443, 1.160366476626455], "Sigma": [[0.01263889072334227, -0.00011840378000876683, 0.001033049829254994], [-0.00011840378000876716, 0.00772297067889237, 0.011941463539412871], [0.0010330498292549944, 0.011941463539412871, 0.17089381918209448]], "chi2_level": 0.99, "chi2_df": 3, "chi2_threshold": 11.344866730144373, "N_raw": 98, "N_roi": 98, "N_inlier": 97, "refit": true}
{"timestamp": "17:26:25.896416", "frame": 83, "mu": [-0.5688746250192684, 2.8089778577372666, 0.796807986838955], "Sigma": [[0.01077438027822136, 0.001957547546721363, -0.017492279882682805], [0.001957547546721363, 0.0031331277021970196, -0.01682697902660289], [-0.017492279882682805, -0.016826979026602885, 0.271899067640395]], "chi2_level": 0.99, "chi2_df": 3, "chi2_threshold": 11.344866730144373, "N_raw": 76, "N_roi": 76, "N_inlier": 75, "refit": true}
{"timestamp": "17:26:25.949592", "frame": 84, "mu": [-0.6182850393584752, 2.7875204354810403, 1.16118567751519], "Sigma": [[0.01227409500768635, 0.0015220100468487305, -0.008827013462265807], [0.0015220100468487303, 0.0047316237726374175, -0.015492861729249633], [-0.008827013462265805, -0.015492861729249633, 0.0922859748183765]], "chi2_level": 0.99, "chi2_df": 3, "chi2_threshold": 11.344866730144373, "N_raw": 68, "N_roi": 68, "N_inlier": 65, "refit": true}
{"timestamp": "17:26:26.010423", "frame": 85, "mu": [-0.6685117505109862, 2.980682038573641, 0.025900084066875325], "Sigma": [[0.013594055288333557, -0.007467340916040334, 0.03942710303638779], [-0.007467340916040334, 0.025451728861279898, -0.08474214320443936], [0.03942710303638779, -0.08474214320443936, 0.4149396465548106]], "chi2_level": 0.99, "chi2_df": 3, "chi2_threshold": 11.344866730144373, "N_raw": 105, "N_roi": 103, "N_inlier": 103, "refit": true}
{"timestamp": "17:26:26.061308", "frame": 86, "mu": [-0.7287629188972807, 2.863945618080246, 1.2714080449468699], "Sigma": [[0.012413145940973893, 0.0036123833394304684, -0.007196280578763435], [0.0036123833394304684, 0.007791819701729245, -0.004811585808423123], [-0.007196280578763435, -0.004811585808423123, 0.007243527433643774]], "chi2_level": 0.99, "chi2_df": 3, "chi2_threshold": 11.344866730144373, "N_raw": 73, "N_roi": 69, "N_inlier": 64, "refit": true}
{"timestamp": "17:26:26.119474", "frame": 87, "mu": [-0.6280524167039871, 2.929050877991729, 0.9151881157190561], "Sigma": [[0.02290842126407217, 0.0006197549378355702, -0.05653178815893674], [0.0006197549378355702, 0.004364673212013492, -5.508875304540643e-06], [-0.05653178815893674, -5.508875304540643e-06, 0.20469461640392408]], "chi2_level": 0.99, "chi2_df": 3, "chi2_threshold": 11.344866730144373, "N_raw": 98, "N_roi": 96, "N_inlier": 92, "refit": true}
{"timestamp": "17:26:26.171292", "frame": 88, "mu": [-0.75995949549903, 2.9895946316161073, 1.133734759648095], "Sigma": [[0.01846483635426886, 0.0025588146904490737, -0.028315021547792252], [0.0025588146904490733, 0.006110193697210327, -0.01056239472150422], [-0.02831502154779225, -0.01056239472150422, 0.06289554645604144]], "chi2_level": 0.99, "chi2_df": 3, "chi2_threshold": 11.344866730144373, "N_raw": 81, "N_roi": 81, "N_inlier": 79, "refit": true}
{"timestamp": "17:26:26.227553", "frame": 89, "mu": [-0.7228494060415767, 3.0565940118440493, 1.0232582543293818], "Sigma": [[0.024224493617403954, 0.00044607199890026755, -0.0496865384179407], [0.00044607199890026744, 0.0039922792044775526, -0.0001609968989745871], [-0.049686538417940705, -0.00016099689897458748, 0.13939237347265646]], "chi2_level": 0.99, "chi2_df": 3, "chi2_threshold": 11.344866730144373, "N_raw": 85, "N_roi": 85, "N_inlier": 81, "refit": true}
{"timestamp": "17:26:26.278637", "frame": 90, "mu": [-0.79983859151555, 3.161612990453342, 1.0425732967808463], "Sigma": [[0.01714615785423384, 0.001840776576496087, -0.03158283782966377], [0.001840776576496087, 0.0022184120949623803, -0.00808421097508159], [-0.03158283782966377, -0.00808421097508159, 0.07968224978700623]], "chi2_level": 0.99, "chi2_df": 3, "chi2_threshold": 11.344866730144373, "N_raw": 62, "N_roi": 60, "N_inlier": 59, "refit": true}
{"timestamp": "17:26:26.335554", "frame": 91, "mu": [-0.9183106360792286, 3.1338441847357768, 1.029133251311463], "Sigma": [[0.030440011565663352, 0.0050250064604200825, -0.049645859718209256], [0.0050250064604200825, 0.002741694887699986, -0.014276475126785485], [-0.049645859718209256, -0.014276475126785485, 0.12027255772907539]], "chi2_level": 0.99, "chi2_df": 3, "chi2_threshold": 11.344866730144373, "N_raw": 73, "N_roi": 71, "N_inlier": 67, "refit": true}
{"timestamp": "17:26:26.384551", "frame": 92, "mu": [-1.0303072604700527, 3.138333772065018, 1.1941720809718672], "Sigma": [[0.007969909593279397, 0.0020548765781046264, -0.004362186978985703], [0.002054876578104627, 0.003076240347848283, -0.006262765040486238], [-0.004362186978985703, -0.006262765040486238, 0.06332355356053244]], "chi2_level": 0.99, "chi2_df": 3, "chi2_threshold": 11.344866730144373, "N_raw": 29, "N_roi": 29, "N_inlier": 27, "refit": true}
{"timestamp": "17:26:26.439873", "frame": 93, "mu": [-1.1087507887604513, 3.330207187736136, -0.08879688361942056], "Sigma": [[0.010914631594920005, 0.004563890001944202, -0.012234629906486699], [0.004563890001944201, 0.021563717288892097, -0.0598224010178391], [-0.012234629906486699, -0.0598224010178391, 0.18050331864661082]], "chi2_level": 0.99, "chi2_df": 3, "chi2_threshold": 11.344866730144373, "N_raw": 41, "N_roi": 40, "N_inlier": 39, "refit": true}
{"timestamp": "17:26:26.499010", "frame": 94, "mu": [-1.1942307467126587, 3.4714600031013116, -0.1761195412745148], "Sigma": [[0.014624040154400069, -0.0007209018196089068, 0.01062188535896915], [-0.0007209018196089065, 0.03190667791379901, -0.08895343479305655], [0.010621885358969149, -0.08895343479305655, 0.2745899839340986]], "chi2_level": 0.99, "chi2_df": 3, "chi2_threshold": 11.344866730144373, "N_raw": 66, "N_roi": 66, "N_inlier": 65, "refit": true}
{"timestamp": "17:26:26.553478", "frame": 95, "mu": [-1.2071308391836952, 3.2169288589587013, 1.2829330805278376], "Sigma": [[0.01862259796588254, 0.0014730583651663643, -0.019414707473641213], [0.0014730583651663643, 0.00678997044097317, -0.003530334857592433], [-0.019414707473641213, -0.0035303348575924333, 0.026750856520972775]], "chi2_level": 0.99, "chi2_df": 3, "chi2_threshold": 11.344866730144373, "N_raw": 59, "N_roi": 59, "N_inlier": 56, "refit": true}
{"timestamp": "17:26:26.608620", "frame": 96, "mu": [-1.2585100885050176, 3.2832718917839707, 0.8438915695870668], "Sigma": [[0.016354532237529616, -0.0005808788650249884, 0.01504036636603203], [-0.0005808788650249885, 0.010558294181655286, -0.04321668247435102], [0.01504036636603203, -0.04321668247435102, 0.2783880360951137]], "chi2_level": 0.99, "chi2_df": 3, "chi2_threshold": 11.344866730144373, "N_raw": 60, "N_roi": 60, "N_inlier": 59, "refit": true}
{"timestamp": "17:26:26.660355", "frame": 97, "mu": [-1.2191862209867188, 3.2661180820935747, 1.0830760514998417], "Sigma": [[0.012421489118664053, 0.001904287269325728, -0.014319837032400027], [0.0019042872693257277, 0.0018033923444789586, -0.005641195380267848], [-0.014319837032400027, -0.005641195380267848, 0.03278220222760486]], "chi2_level": 0.99, "chi2_df": 3, "chi2_threshold": 11.344866730144373, "N_raw": 40, "N_roi": 38, "N_inlier": 34, "refit": true}
{"timestamp": "17:26:26.716340", "frame": 98, "mu": [-1.2648893042140679, 3.3085721141929065, 0.9081420773611675], "Sigma": [[0.015350495032714477, 0.001624416723565446, -0.032561581753287674], [0.001624416723565446, 0.002198418955312008, 0.0017094062620899738], [-0.032561581753287674, 0.001709406262089974, 0.22533617016355614]], "chi2_level": 0.99, "chi2_df": 3, "chi2_threshold": 11.344866730144373, "N_raw": 45, "N_roi": 38, "N_inlier": 36, "refit": true}
{"timestamp": "17:26:26.773478", "frame": 99, "mu": [-1.394906334669289, 3.435909736256063, 0.24155515107556394], "Sigma": [[0.017695477599933757, 0.010242662595013535, -0.015927992567619197], [0.010242662595013533, 0.013633658201125207, -0.009483967573423424], [-0.015927992567619197, -0.009483967573423424, 0.03178871588809901]], "chi2_level": 0.99, "chi2_df": 3, "chi2_threshold": 11.344866730144373, "N_raw": 59, "N_roi": 59, "N_inlier": 56, "refit": true}
{"timestamp": "17:26:26.922937", "frame": 100, "mu": [-1.4568867076898255, 3.4349093288208676, 1.3589932242675868], "Sigma": [[0.018789550108292877, 0.005852063517189948, -0.018858668836870814], [0.005852063517189948, 0.010656268446903188, -0.004368716890619679], [-0.018858668836870814, -0.0043687168906196795, 0.022314573718882503]], "chi2_level": 0.99, "chi2_df": 3, "chi2_threshold": 11.344866730144373, "N_raw": 64, "N_roi": 61, "N_inlier": 59, "refit": true}
{"timestamp": "17:26:27.048531", "frame": 101, "mu": [-1.4297917872973667, 3.615067256377207, 0.11429916892086421], "Sigma": [[0.015468033590320505, 0.01240178394157983, -0.03070523009609632], [0.01240178394157983, 0.013860966574763838, -0.02719956579082592], [-0.03070523009609632, -0.02719956579082592, 0.06994949465512482]], "chi2_level": 0.99, "chi2_df": 3, "chi2_threshold": 11.344866730144373, "N_raw": 32, "N_roi": 32, "N_inlier": 31, "refit": true}
{"timestamp": "17:26:27.058846", "frame": 102, "mu": [-1.4960603649377227, 3.6560294573307135, 0.07177003192473268], "Sigma": [[0.02302656407246787, 0.01094066151582071, -0.02203118972442411], [0.01094066151582071, 0.011202271378960836, -0.01775332053461504], [-0.02203118972442411, -0.017753320534615043, 0.03404994598533384]], "chi2_level": 0.99, "chi2_df": 3, "chi2_threshold": 11.344866730144373, "N_raw": 53, "N_roi": 53, "N_inlier": 52, "refit": true}
{"timestamp": "17:26:27.093129", "frame": 103, "mu": [-1.5540866752818836, 3.606383456726448, 1.2730847154664686], "Sigma": [[0.018093157866708256, 0.006337038999958549, -0.016127252135913473], [0.00633703899995855, 0.007626587358058326, -0.004811183477947352], [-0.016127252135913473, -0.004811183477947352, 0.01636824918753465]], "chi2_level": 0.99, "chi2_df": 3, "chi2_threshold": 11.344866730144373, "N_raw": 41, "N_roi": 41, "N_inlier": 41, "refit": true}
{"timestamp": "17:26:27.137324", "frame": 104, "mu": [-1.6253092243963456, 3.7023212802065375, 1.2756406637726108], "Sigma": [[0.009367708209237026, 0.001428266284664843, -0.00797923117751714], [0.001428266284664843, 0.005478088349294702, -0.0008387910075491091], [-0.00797923117751714, -0.0008387910075491091, 0.009406451748011923]], "chi2_level": 0.99, "chi2_df": 3, "chi2_threshold": 11.344866730144373, "N_raw": 26, "N_roi": 26, "N_inlier": 23, "refit": true}
{"timestamp": "17:26:27.149125", "frame": 105, "mu": [-1.6603150209167468, 3.8526853339067126, 0.024186785853955867], "Sigma": [[0.004249750161862415, 0.009902708050364823, -0.029405273813914223], [0.009902708050364823, 0.04223112484683872, -0.09192047999065509], [-0.029405273813914223, -0.09192047999065509, 0.25278378358458575]], "chi2_level": 0.99, "chi2_df": 3, "chi2_threshold": 11.344866730144373, "N_raw": 11, "N_roi": 8, "N_inlier": 8, "refit": true}
{"timestamp": "17:26:27.187828", "frame": 106, "mu": [-1.7289083916194639, 3.677721243217415, 1.209793216840047], "Sigma": [[0.014641927942569974, 0.0038155333398591216, -0.00670015741972452], [0.003815533339859122, 0.004324706366282844, -0.006649791234815094], [-0.00670015741972452, -0.006649791234815094, 0.02418635410780065]], "chi2_level": 0.99, "chi2_df": 3, "chi2_threshold": 11.344866730144373, "N_raw": 33, "N_roi": 31, "N_inlier": 29, "refit": true}
{"timestamp": "17:26:27.219498", "frame": 107, "mu": [-1.6855424685454579, 3.81325669112692, 0.4243150599835285], "Sigma": [[0.0016500048387645646, -0.00038574829313264207, -0.003262507003647082], [-0.0003857482931326421, 0.003940020841659537, -0.012837486682012162], [-0.003262507003647082, -0.012837486682012162, 0.0719858890016811]], "chi2_level": 0.99, "chi2_df": 3, "chi2_threshold": 11.344866730144373, "N_raw": 11, "N_roi": 8, "N_inlier": 8, "refit": true}
{"timestamp": "17:26:27.262014", "frame": 108, "mu": [-1.7727673518807596, 3.8013404099051877, 0.974468135196384], "Sigma": [[0.009140430871337295, -0.001761647787292613, 0.005913708573381053], [-0.001761647787292613, 0.004918107273799249, -0.01937409844570432], [0.005913708573381055, -0.01937409844570432, 0.12357713549388195]], "chi2_level": 0.99, "chi2_df": 3, "chi2_threshold": 11.344866730144373, "N_raw": 16, "N_roi": 16, "N_inlier": 16, "refit": true}
{"timestamp": "17:26:27.317203", "frame": 109, "mu": [-1.822661367971017, 3.8136849954111707, 1.25009997088628], "Sigma": [[0.007919235828957231, 0.0026628607642581164, -0.012502786401051735], [0.0026628607642581164, 0.004303355777587518, -0.006180946537637747], [-0.012502786401051735, -0.006180946537637747, 0.03830367189986522]], "chi2_level": 0.99, "chi2_df": 3, "chi2_threshold": 11.344866730144373, "N_raw": 18, "N_roi": 18, "N_inlier": 17, "refit": true}
{"timestamp": "17:26:27.371047", "frame": 110, "mu": [-1.665261317129619, 3.912402902329734, 0.567807808914964], "Sigma": [[0.02053011950298328, 0.005477864846194626, -0.044297202583498514], [0.0054778648461946255, 0.0025108870866747245, -0.015239914131948324], [-0.044297202583498514, -0.015239914131948326, 0.12341962870264435]], "chi2_level": 0.99, "chi2_df": 3, "chi2_threshold": 11.344866730144373, "N_raw": 15, "N_roi": 15, "N_inlier": 14, "refit": true}
{"timestamp": "17:26:27.425892", "frame": 111, "mu": [-1.8579151614323373, 3.9576160789849943, 0.7743985954604232], "Sigma": [[0.020294208179920233, 0.002309180635792893, -0.021069085964409148], [0.0023091806357928932, 0.00862554730893684, -0.03554653328527264], [-0.021069085964409144, -0.03554653328527264, 0.17066059964961738]], "chi2_level": 0.99, "chi2_df": 3, "chi2_threshold": 11.344866730144373, "N_raw": 12, "N_roi": 12, "N_inlier": 12, "refit": true}
{"timestamp": "17:26:27.482591", "frame": 112, "mu": [-1.8258862583370965, 4.0062196177501574, 0.8570602160131807], "Sigma": [[0.0160377629285447, 0.0030772467104261832, -0.032295021660365346], [0.003077246710426183, 0.0031344312429516363, -0.007603393311170112], [-0.032295021660365346, -0.007603393311170112, 0.07182390219680365]], "chi2_level": 0.99, "chi2_df": 3, "chi2_threshold": 11.344866730144373, "N_raw": 25, "N_roi": 25, "N_inlier": 25, "refit": true}
{"timestamp": "17:26:27.539370", "frame": 113, "mu": [-1.9381280803030378, 4.001236117774524, 0.9492239237919468], "Sigma": [[0.02190924151900334, 0.007189934923379111, -0.04014770974963633], [0.007189934923379112, 0.005538317314735953, -0.017112023538504925], [-0.04014770974963633, -0.017112023538504925, 0.08281966539225973]], "chi2_level": 0.99, "chi2_df": 3, "chi2_threshold": 11.344866730144373, "N_raw": 33, "N_roi": 31, "N_inlier": 31, "refit": true}
{"timestamp": "17:26:27.590098", "frame": 114, "mu": [-2.117007556389513, 4.118815695010431, 0.23022903129339328], "Sigma": [[0.0073400993257254155, 0.01387776467064374, -0.018428566262145434], [0.013877764670643737, 0.029906830143811087, -0.03882740682676403], [-0.018428566262145434, -0.03882740682676403, 0.05180254819790143]], "chi2_level": 0.99, "chi2_df": 3, "chi2_threshold": 11.344866730144373, "N_raw": 7, "N_roi": 6, "N_inlier": 6, "refit": true}
{"timestamp": "17:26:27.644756", "frame": 115, "mu": [-2.203911346573088, 4.0533029261981035, 1.2416038634559214], "Sigma": [[0.0013648981105097667, 0.002549299004424789, -0.004184114966373794], [0.002549299004424789, 0.008108287403589938, -0.011385947556928403], [-0.004184114966373795, -0.011385947556928403, 0.01766710371284863]], "chi2_level": 0.99, "chi2_df": 3, "chi2_threshold": 11.344866730144373, "N_raw": 5, "N_roi": 5, "N_inlier": 5, "refit": true}
{"timestamp": "17:26:27.702544", "frame": 116, "mu": [-2.2018234591406283, 4.081000549645199, 1.1575274423423787], "Sigma": [[0.012877847381264311, 0.0028178353027518586, -0.007587976224208372], [0.0028178353027518586, 0.002354527318008264, -0.004083093467363028], [-0.007587976224208372, -0.004083093467363029, 0.00979642950816951]], "chi2_level": 0.99, "chi2_df": 3, "chi2_threshold": 11.344866730144373, "N_raw": 20, "N_roi": 19, "N_inlier": 19, "refit": true}
{"timestamp": "17:26:27.757953", "frame": 117, "mu": [-2.290682607917056, 4.069086024429981, 1.188321741483206], "Sigma": [[0.013293381444757817, 0.004493776573254487, -0.012708132981476796], [0.004493776573254487, 0.004556518436525536, -0.0078939752593189], [-0.012708132981476796, -0.0078939752593189, 0.018698241478937408]], "chi2_level": 0.99, "chi2_df": 3, "chi2_threshold": 11.344866730144373, "N_raw": 30, "N_roi": 27, "N_inlier": 27, "refit": true}
{"timestamp": "17:26:27.814432", "frame": 118, "mu": [-2.29049398579847, 4.133899290778275, 1.136733035295], "Sigma": [[0.01419914799228463, 0.005977780758867306, -0.01259275168323353], [0.005977780758867306, 0.005879441638490354, -0.008026372962849082], [-0.012592751683233528, -0.008026372962849082, 0.015559643861128894]], "chi2_level": 0.99, "chi2_df": 3, "chi2_threshold": 11.344866730144373, "N_raw": 32, "N_roi": 27, "N_inlier": 27, "refit": true}
{"timestamp": "17:26:27.868012", "frame": 119, "mu": [-2.377206225461102, 4.250806754703551, 0.25459111174291227], "Sigma": [[0.009290522969593918, -0.0001503102538648926, 2.6201082557889346e-05], [-0.00015031025386489283, 0.017595500781783024, -0.016724992954988097], [2.6201082557889563e-05, -0.016724992954988093, 0.019058793660553026]], "chi2_level": 0.99, "chi2_df": 3, "chi2_threshold": 11.344866730144373, "N_raw": 26, "N_roi": 19, "N_inlier": 19, "refit": true}
{"timestamp": "17:26:27.977558", "frame": 121, "mu": [-2.411148709383986, 4.2118944684034325, 1.158930978885516], "Sigma": [[0.004176618951249635, 0.002560417516224627, -0.013510591664766305], [0.002560417516224627, 0.003979780613280339, -0.012376498491448824], [-0.013510591664766305, -0.012376498491448824, 0.0689723748124523]], "chi2_level": 0.99, "chi2_df": 3, "chi2_threshold": 11.344866730144373, "N_raw": 22, "N_roi": 11, "N_inlier": 11, "refit": true}
