{"timestamp": "18:12:47.695570", "frame": 6, "mu": [2.403667289984369, 2.2811918081016693, -0.38667660981123786], "Sigma": [[0.0004293470551460514, 0.0004840969949049322, -0.000802286456943063], [0.0004840969949049322, 0.0106100116311695, -0.0066718802708258815], [-0.0008022864569430631, -0.0066718802708258815, 0.0051506963989739855]], "chi2_level": 0.99, "chi2_df": 3, "chi2_threshold": 11.344866730144373, "N_raw": 5, "N_roi": 5, "N_inlier": 5, "refit": true}
{"timestamp": "18:12:47.750681", "frame": 7, "mu": [2.3547919098018055, 2.1115910785486536, 1.032521431275455], "Sigma": [[0.0018129605400028358, -0.0027678525803536474, 0.0028786983051455406], [-0.0027678525803536474, 0.010308000525595802, -0.016277453319279267], [0.00287869830514554, -0.016277453319279267, 0.03027608806248605]], "chi2_level": 0.99, "chi2_df": 3, "chi2_threshold": 11.344866730144373, "N_raw": 6, "N_roi": 6, "N_inlier": 6, "refit": true}
{"timestamp": "18:12:48.028011", "frame": 12, "mu": [2.382500439414122, 2.010396864122332, 1.1087632278581332], "Sigma": [[0.007368566080723585, -0.008939491804138968, 0.0005046372201425235], [-0.008939491804138968, 0.01238117385663906, -0.0025022167684843563], [0.0005046372201425234, -0.0025022167684843563, 0.003314329684784693]], "chi2_level": 0.99, "chi2_df": 3, "chi2_threshold": 11.344866730144373, "N_raw": 21, "N_roi": 12, "N_inlier": 12, "refit": true}
{"timestamp": "18:12:48.081766", "frame": 13, "mu": [2.4087014799576902, 1.9863714328711177, 0.9845858730901806], "Sigma": [[0.004755763555449003, -0.008763257957347899, 0.004531462227608059], [-0.008763257957347899, 0.02212822901542298, -0.013879004482934467], [0.004531462227608059, -0.013879004482934467, 0.010937112731489574]], "chi2_level": 0.99, "chi2_df": 3, "chi2_threshold": 11.344866730144373, "N_raw": 14, "N_roi": 10, "N_inlier": 10, "refit": true}
{"timestamp": "18:12:48.139195", "frame": 14, "mu": [2.413640882048114, 2.0037338675813, 1.2034009972600495], "Sigma": [[0.0036494077778687624, -0.004627517422266017, -0.00040023588693574217], [-0.004627517422266017, 0.01403644406325936, -0.006821559965694801], [-0.00040023588693574206, -0.0068215599656948, 0.007655607549042357]], "chi2_level": 0.99, "chi2_df": 3, "chi2_threshold": 11.344866730144373, "N_raw": 31, "N_roi": 17, "N_inlier": 17, "refit": true}
{"timestamp": "18:12:48.190722", "frame": 15, "mu": [2.3576168250316925, 2.0868213905742703, 1.1511179900605442], "Sigma": [[0.006063406302394799, -0.002199524126666391, -0.0011586464921389918], [-0.0021995241266663914, 0.007321047429918746, 0.0015077911188825647], [-0.0011586464921389918, 0.0015077911188825647, 0.0005788686155162061]], "chi2_level": 0.99, "chi2_df": 3, "chi2_threshold": 11.344866730144373, "N_raw": 5, "N_roi": 5, "N_inlier": 5, "refit": true}
{"timestamp": "18:12:48.247948", "frame": 16, "mu": [2.309021442671713, 2.1905503329905134, 1.0924499129707081], "Sigma": [[0.005249369560969507, -0.006919332549966427, 0.001486449847269586], [-0.006919332549966427, 0.013369846633567087, -0.0063812443260361715], [0.0014864498472695858, -0.0063812443260361715, 0.006324843640612086]], "chi2_level": 0.99, "chi2_df": 3, "chi2_threshold": 11.344866730144373, "N_raw": 18, "N_roi": 17, "N_inlier": 17, "refit": true}
{"timestamp": "18:12:48.300835", "frame": 17, "mu": [2.344328356651239, 2.096942940491872, 1.034596887669931], "Sigma": [[0.0014453646253819194, -0.002811221900231949, 0.006725928054637612], [-0.002811221900231949, 0.018448645950876218, -0.018991842679053968], [0.00672592805463761, -0.018991842679053964, 0.08131309332205348]], "chi2_level": 0.99, "chi2_df": 3, "chi2_threshold": 11.344866730144373, "N_raw": 7, "N_roi": 6, "N_inlier": 6, "refit": true}
{"timestamp": "18:12:48.358451", "frame": 18, "mu": [2.3864270811613375, 1.9725226098537592, 1.1697221198357435], "Sigma": [[0.0076681166691853885, -0.007703110890274804, -0.0022453220046835935], [-0.007703110890274804, 0.012797408641284697, -0.004436973266585661], [-0.0022453220046835935, -0.00443697326658566, 0.010854697600679171]], "chi2_level": 0.99, "chi2_df": 3, "chi2_threshold": 11.344866730144373, "N_raw": 24, "N_roi": 15, "N_inlier": 15, "refit": true}
{"timestamp": "18:12:48.411726", "frame": 19, "mu": [2.3620010769401314, 1.9536271658128586, 0.9959083519715568], "Sigma": [[0.004296080501830044, -0.005746419570320587, 0.007368816905734393], [-0.005746419570320586, 0.012334914325883474, -0.01611395961203025], [0.007368816905734391, -0.01611395961203025, 0.05427729789481934]], "chi2_level": 0.99, "chi2_df": 3, "chi2_threshold": 11.344866730144373, "N_raw": 7, "N_roi": 6, "N_inlier": 6, "refit": true}
{"timestamp": "18:12:48.466727", "frame": 20, "mu": [2.3465628844609303, 1.9556589994347742, 1.2144828070771303], "Sigma": [[0.006084724678905472, -0.0040755759597605355, -0.003019100300281923], [-0.0040755759597605355, 0.006411819740145218, -0.001408310229306225], [-0.0030191003002819224, -0.001408310229306225, 0.009653993551417751]], "chi2_level": 0.99, "chi2_df": 3, "chi2_threshold": 11.344866730144373, "N_raw": 11, "N_roi": 9, "N_inlier": 9, "refit": true}
{"timestamp": "18:12:48.521009", "frame": 21, "mu": [2.2849947326758686, 2.0703654281546315, 1.2340673170472751], "Sigma": [[0.003521760358552786, -0.006001721270680846, 0.007525707217969598], [-0.006001721270680847, 0.023857715640883886, -0.03531250775028133], [0.0075257072179695985, -0.03531250775028133, 0.05406139352166633]], "chi2_level": 0.99, "chi2_df": 3, "chi2_threshold": 11.344866730144373, "N_raw": 5, "N_roi": 5, "N_inlier": 5, "refit": true}
{"timestamp": "18:12:48.578554", "frame": 22, "mu": [2.2582633361436577, 1.9817472282880852, 1.181842133396673], "Sigma": [[0.013434026789318354, -0.012604436664685748, -0.005589459534436458], [-0.012604436664685748, 0.014716497144908594, 0.0016947210365385527], [-0.005589459534436458, 0.0016947210365385527, 0.008706718706721073]], "chi2_level": 0.99, "chi2_df": 3, "chi2_threshold": 11.344866730144373, "N_raw": 27, "N_roi": 27, "N_inlier": 26, "refit": true}
{"timestamp": "18:12:48.632121", "frame": 23, "mu": [2.177873471869964, 2.0208629043693254, 1.1881371848771658], "Sigma": [[0.003316351725250093, -0.0026419731390975795, -0.003956468481403706], [-0.0026419731390975795, 0.004896011811838686, -0.0014283004123888986], [-0.003956468481403706, -0.001428300412388898, 0.017378181527805993]], "chi2_level": 0.99, "chi2_df": 3, "chi2_threshold": 11.344866730144373, "N_raw": 8, "N_roi": 8, "N_inlier": 8, "refit": true}
{"timestamp": "18:12:48.688054", "frame": 24, "mu": [2.272140851725323, 1.9174619596658475, 0.9530969521153565], "Sigma": [[0.009624086523434392, -0.0017778961842719516, -0.0450275070530427], [-0.0017778961842719516, 0.001176430599548717, 0.007568666368196808], [-0.04502750705304269, 0.007568666368196808, 0.213692099967163]], "chi2_level": 0.99, "chi2_df": 3, "chi2_threshold": 11.344866730144373, "N_raw": 7, "N_roi": 6, "N_inlier": 6, "refit": true}
{"timestamp": "18:12:48.796675", "frame": 26, "mu": [2.1252248909702756, 1.9585301792016785, 1.099607211852681], "Sigma": [[0.00043060304436559653, -0.0005987507187708676, 8.389846549351879e-05], [-0.0005987507187708676, 0.00751585897480782, -0.007456595169307227], [8.389846549351884e-05, -0.007456595169307227, 0.00865622863971811]], "chi2_level": 0.99, "chi2_df": 3, "chi2_threshold": 11.344866730144373, "N_raw": 5, "N_roi": 5, "N_inlier": 5, "refit": true}
{"timestamp": "18:12:48.967899", "frame": 29, "mu": [1.9309956984617678, 1.9807481288886477, 1.1019139188492282], "Sigma": [[0.007556532629466263, -0.005421421609184188, -0.00024402554998165314], [-0.005421421609184188, 0.010828614325510669, -0.002429111224007934], [-0.00024402554998165316, -0.0024291112240079336, 0.005033607014351849]], "chi2_level": 0.99, "chi2_df": 3, "chi2_threshold": 11.344866730144373, "N_raw": 35, "N_roi": 35, "N_inlier": 33, "refit": true}
{"timestamp": "18:12:49.023238", "frame": 30, "mu": [1.9528037936433815, 1.933065193047492, 1.1692690452963566], "Sigma": [[0.009175308575733674, -0.003257030680526626, 0.004669123135700394], [-0.003257030680526626, 0.009543052509031544, -0.001670361346032181], [0.004669123135700395, -0.001670361346032181, 0.003650748408588294]], "chi2_level": 0.99, "chi2_df": 3, "chi2_threshold": 11.344866730144373, "N_raw": 41, "N_roi": 41, "N_inlier": 39, "refit": true}
{"timestamp": "18:12:49.075379", "frame": 31, "mu": [1.9106678157085724, 2.058045400169975, 1.254625613182345], "Sigma": [[0.005307505222478832, -0.004658006817818352, -0.0029407748389571127], [-0.004658006817818352, 0.006098802977573571, -0.0007174117852366817], [-0.0029407748389571127, -0.0007174117852366815, 0.00906480300112335]], "chi2_level": 0.99, "chi2_df": 3, "chi2_threshold": 11.344866730144373, "N_raw": 26, "N_roi": 26, "N_inlier": 25, "refit": true}
{"timestamp": "18:12:49.132843", "frame": 32, "mu": [1.8588944433008927, 1.962554897181028, 1.0729968498726281], "Sigma": [[0.005926711311095227, -0.003759874403745235, -0.0040178921661420145], [-0.003759874403745235, 0.003910351995777994, -0.000132042936305825], [-0.004017892166142015, -0.00013204293630582467, 0.026523683771265207]], "chi2_level": 0.99, "chi2_df": 3, "chi2_threshold": 11.344866730144373, "N_raw": 35, "N_roi": 33, "N_inlier": 32, "refit": true}
{"timestamp": "18:12:49.182322", "frame": 33, "mu": [1.8393653728520984, 1.9233203262339775, 1.0495419317797712], "Sigma": [[0.0021925004530511678, -0.002083731827350534, -0.00997367448051823], [-0.002083731827350534, 0.012990237841231404, 0.04020681006162506], [-0.009973674480518231, 0.04020681006162506, 0.13399184458727476]], "chi2_level": 0.99, "chi2_df": 3, "chi2_threshold": 11.344866730144373, "N_raw": 5, "N_roi": 5, "N_inlier": 5, "refit": true}
{"timestamp": "18:12:49.243411", "frame": 34, "mu": [1.7878886933334501, 2.0710018063325584, 1.2259589862193188], "Sigma": [[0.010919243731308296, -0.008659524263890987, -0.0019688006078701355], [-0.008659524263890987, 0.012066255446618707, 2.9576666428260032e-06], [-0.0019688006078701355, 2.95766664282622e-06, 0.004993228112421645]], "chi2_level": 0.99, "chi2_df": 3, "chi2_threshold": 11.344866730144373, "N_raw": 43, "N_roi": 43, "N_inlier": 41, "refit": true}
{"timestamp": "18:12:49.294026", "frame": 35, "mu": [1.7728876678819065, 1.972709949612205, 0.7944696768043626], "Sigma": [[0.0006850498056628715, -0.002938478075712475, -0.0021449240600941973], [-0.002938478075712475, 0.017694778010279872, 0.012174228306928186], [-0.0021449240600941973, 0.012174228306928186, 0.11076734029892327]], "chi2_level": 0.99, "chi2_df": 3, "chi2_threshold": 11.344866730144373, "N_raw": 8, "N_roi": 8, "N_inlier": 8, "refit": true}
{"timestamp": "18:12:49.351327", "frame": 36, "mu": [1.7489918689594548, 1.9992967713418892, 1.019970490525222], "Sigma": [[0.005694493105751874, -0.0037609298346754413, -0.002630179830545341], [-0.0037609298346754417, 0.008413846212636873, 0.0009668269763222347], [-0.0026301798305453407, 0.0009668269763222347, 0.0061567851692063795]], "chi2_level": 0.99, "chi2_df": 3, "chi2_threshold": 11.344866730144373, "N_raw": 30, "N_roi": 30, "N_inlier": 29, "refit": true}
{"timestamp": "18:12:49.406501", "frame": 37, "mu": [1.6758423266896723, 1.974008781033294, 1.1339459336207527], "Sigma": [[0.0059533782763302205, -0.005964032313670728, -0.004056522094998186], [-0.005964032313670728, 0.006945273064727866, 0.001670011098780037], [-0.004056522094998186, 0.001670011098780037, 0.013799136505185806]], "chi2_level": 0.99, "chi2_df": 3, "chi2_threshold": 11.344866730144373, "N_raw": 28, "N_roi": 28, "N_inlier": 27, "refit": true}
{"timestamp": "18:12:49.458518", "frame": 38, "mu": [1.5008015772634022, 1.7574865996745104, 1.1635799589798195], "Sigma": [[0.231480915229672, 0.2500003463704284, -0.16969663243084665], [0.2500003463704284, 0.28232557944014086, -0.17097607514437696], [-0.16969663243084665, -0.17097607514437696, 0.1481153033893281]], "chi2_level": 0.99, "chi2_df": 3, "chi2_threshold": 11.344866730144373, "N_raw": 6, "N_roi": 6, "N_inlier": 6, "refit": true}
{"timestamp": "18:12:49.513848", "frame": 39, "mu": [1.7022912584928618, 1.8602911810515153, 0.9388750712779473], "Sigma": [[0.0069916259537458865, -0.002484823831093561, -0.01500716238168788], [-0.002484823831093561, 0.001292902827449926, 0.00673955685179764], [-0.015007162381687882, 0.00673955685179764, 0.061248672181845876]], "chi2_level": 0.99, "chi2_df": 3, "chi2_threshold": 11.344866730144373, "N_raw": 9, "N_roi": 9, "N_inlier": 9, "refit": true}
{"timestamp": "18:12:49.569446", "frame": 40, "mu": [1.6589863610688569, 1.859543885970962, 0.7408953104766071], "Sigma": [[0.005732623021684755, -0.002216203921423465, 0.00043110050884031983], [-0.0022162039214234652, 0.005030934311700374, 0.00024632605546493755], [0.0004311005088403197, 0.0002463260554649376, 0.0005879999380412857]], "chi2_level": 0.99, "chi2_df": 3, "chi2_threshold": 11.344866730144373, "N_raw": 19, "N_roi": 19, "N_inlier": 18, "refit": true}
{"timestamp": "18:12:49.625004", "frame": 41, "mu": [1.5394818195715627, 1.961378223861993, 1.0398363876180936], "Sigma": [[0.006135633606843458, -0.0029307156694407376, -0.002160668189537372], [-0.0029307156694407376, 0.003936313900243262, 0.000746696118255037], [-0.002160668189537372, 0.0007466961182550369, 0.001333408172680328]], "chi2_level": 0.99, "chi2_df": 3, "chi2_threshold": 11.344866730144373, "N_raw": 22, "N_roi": 22, "N_inlier": 21, "refit": true}
{"timestamp": "18:12:49.680925", "frame": 42, "mu": [1.5013004165171366, 1.9266624151156237, 1.155645390449656], "Sigma": [[0.005618834067314934, -0.0038911772722919047, -0.0037807511908911134], [-0.0038911772722919047, 0.0036093879634678822, 4.898750851477056e-06], [-0.003780751190891113, 4.8987508514769474e-06, 0.013275613775224944]], "chi2_level": 0.99, "chi2_df": 3, "chi2_threshold": 11.344866730144373, "N_raw": 32, "N_roi": 32, "N_inlier": 30, "refit": true}
{"timestamp": "18:12:49.735277", "frame": 43, "mu": [1.4739243126090364, 1.8779576567662308, 1.1022982794371543], "Sigma": [[0.007626028240206935, -0.005100756410344792, -0.006932161205287146], [-0.005100756410344792, 0.004403876057691435, 0.003621346753146194], [-0.006932161205287146, 0.003621346753146194, 0.01372408723137039]], "chi2_level": 0.99, "chi2_df": 3, "chi2_threshold": 11.344866730144373, "N_raw": 24, "N_roi": 24, "N_inlier": 23, "refit": true}
{"timestamp": "18:12:49.791985", "frame": 44, "mu": [1.4509542137363725, 1.8730033690588617, 0.9766482654912727], "Sigma": [[0.006481713830849273, -0.004200792960067776, -0.0069519647389444635], [-0.004200792960067776, 0.003908304121051128, 0.001740621661515332], [-0.0069519647389444635, 0.001740621661515332, 0.022140914569694393]], "chi2_level": 0.99, "chi2_df": 3, "chi2_threshold": 11.344866730144373, "N_raw": 34, "N_roi": 34, "N_inlier": 31, "refit": true}
{"timestamp": "18:12:49.847235", "frame": 45, "mu": [1.413067442301427, 1.9284119616893558, 1.0312259563251738], "Sigma": [[0.00807333055862542, -0.003910077219334038, -0.009634780132784425], [-0.003910077219334038, 0.006446997969877019, -0.0020420151125508674], [-0.009634780132784425, -0.002042015112550867, 0.024558984981178006]], "chi2_level": 0.99, "chi2_df": 3, "chi2_threshold": 11.344866730144373, "N_raw": 37, "N_roi": 37, "N_inlier": 37, "refit": true}
{"timestamp": "18:12:49.901906", "frame": 46, "mu": [1.4150963839082606, 1.625424388996036, 0.9657244350283816], "Sigma": [[0.004384037144734005, -0.005298433851291742, -0.004935738570250333], [-0.005298433851291742, 0.022000825024245448, 0.014679837735424025], [-0.004935738570250333, 0.014679837735424023, 0.014383710245542516]], "chi2_level": 0.99, "chi2_df": 3, "chi2_threshold": 11.344866730144373, "N_raw": 31, "N_roi": 31, "N_inlier": 28, "refit": true}
{"timestamp": "18:12:49.959710", "frame": 47, "mu": [1.3568621481043825, 1.6912984158001776, 0.9429796876166621], "Sigma": [[0.005494476736850751, -0.00736083330686919, -0.004253131437301322], [-0.00736083330686919, 0.03680213426114777, 0.0065681323045550365], [-0.004253131437301322, 0.0065681323045550365, 0.0050866540011384]], "chi2_level": 0.99, "chi2_df": 3, "chi2_threshold": 11.344866730144373, "N_raw": 55, "N_roi": 55, "N_inlier": 51, "refit": true}
{"timestamp": "18:12:50.023332", "frame": 48, "mu": [1.32890610558277, 1.8274468938246886, -0.4762058537565587], "Sigma": [[0.009602871676270804, -0.0032065792138491994, 0.04881593734483227], [-0.0032065792138492, 0.031281695230006894, -0.13179989080685006], [0.048815937344832264, -0.13179989080685006, 1.03639635162442]], "chi2_level": 0.99, "chi2_df": 3, "chi2_threshold": 11.344866730144373, "N_raw": 106, "N_roi": 104, "N_inlier": 104, "refit": true}
{"timestamp": "18:12:50.072021", "frame": 49, "mu": [1.3214589914039214, 1.7352475085311139, 1.050254606935013], "Sigma": [[0.008900373046607126, -0.003764710555880279, -0.0014657252439465808], [-0.0037647105558802794, 0.011713057752905345, 0.00024587002882326786], [-0.0014657252439465808, 0.00024587002882326786, 0.0010287401392044533]], "chi2_level": 0.99, "chi2_df": 3, "chi2_threshold": 11.344866730144373, "N_raw": 63, "N_roi": 61, "N_inlier": 58, "refit": true}
{"timestamp": "18:12:50.122318", "frame": 50, "mu": [1.2094791627125239, 1.8424891899193732, 0.9968739992159436], "Sigma": [[0.015701107881577518, 0.009805003065478678, 0.008747219640561618], [0.009805003065478678, 0.01536055599746407, 0.010515763824562353], [0.008747219640561618, 0.010515763824562353, 0.012546186736033126]], "chi2_level": 0.99, "chi2_df": 3, "chi2_threshold": 11.344866730144373, "N_raw": 35, "N_roi": 35, "N_inlier": 33, "refit": true}
{"timestamp": "18:12:50.176343", "frame": 51, "mu": [1.2375487985082216, 1.8402022045945627, 0.7569221071588891], "Sigma": [[0.007016702658844642, 0.0016744354696294971, -0.01219321126780251], [0.0016744354696294971, 0.007387611325688549, 0.013463577589810751], [-0.012193211267802513, 0.013463577589810753, 0.22873563928515725]], "chi2_level": 0.99, "chi2_df": 3, "chi2_threshold": 11.344866730144373, "N_raw": 27, "N_roi": 24, "N_inlier": 24, "refit": true}
{"timestamp": "18:12:50.231921", "frame": 52, "mu": [1.1951109532548727, 1.9042903323607616, 1.0534962270663337], "Sigma": [[0.004994331944346915, -0.0032423284199783807, -0.005487706944906064], [-0.003242328419978381, 0.005850468184732419, 0.0006678304836484541], [-0.005487706944906064, 0.0006678304836484537, 0.039444743054621534]], "chi2_level": 0.99, "chi2_df": 3, "chi2_threshold": 11.344866730144373, "N_raw": 36, "N_roi": 34, "N_inlier": 31, "refit": true}
{"timestamp": "18:12:50.298127", "frame": 53, "mu": [1.184737779119907, 1.869746167654439, 1.1734125078888396], "Sigma": [[0.009948620482580394, -0.004571107887355376, -0.007782894205818916], [-0.004571107887355376, 0.009250472779854966, -0.003420790845129765], [-0.007782894205818916, -0.0034207908451297656, 0.014869501777586875]], "chi2_level": 0.99, "chi2_df": 3, "chi2_threshold": 11.344866730144373, "N_raw": 88, "N_roi": 84, "N_inlier": 82, "refit": true}
{"timestamp": "18:12:50.347490", "frame": 54, "mu": [1.1572159370772983, 1.8320540872701772, 1.1101370088396316], "Sigma": [[0.01071775454115498, -0.00651883409224195, -0.0083608262588682], [-0.0065188340922419504, 0.007808320370421004, 0.0005159445736269213], [-0.0083608262588682, 0.0005159445736269213, 0.013315215144422759]], "chi2_level": 0.99, "chi2_df": 3, "chi2_threshold": 11.344866730144373, "N_raw": 72, "N_roi": 72, "N_inlier": 68, "refit": true}
{"timestamp": "18:12:50.402702", "frame": 55, "mu": [1.0961702750387265, 1.8660690151000414, 1.1502697650919347], "Sigma": [[0.00807860384478739, -0.005507266048983136, -0.006603320062362868], [-0.005507266048983137, 0.014154399183898764, 0.0033851992893024364], [-0.006603320062362868, 0.0033851992893024364, 0.007104266519745666]], "chi2_level": 0.99, "chi2_df": 3, "chi2_threshold": 11.344866730144373, "N_raw": 69, "N_roi": 69, "N_inlier": 65, "refit": true}
{"timestamp": "18:12:50.456540", "frame": 56, "mu": [1.0644725875029222, 1.6615914101247602, 0.9215556508565959], "Sigma": [[0.009197959087533738, -0.0014256279679551905, 0.002221355107323742], [-0.0014256279679551905, 0.003459208778206581, -0.003050632502677394], [0.002221355107323742, -0.003050632502677394, 0.004202400423668719]], "chi2_level": 0.99, "chi2_df": 3, "chi2_threshold": 11.344866730144373, "N_raw": 65, "N_roi": 65, "N_inlier": 56, "refit": true}
{"timestamp": "18:12:50.513742", "frame": 57, "mu": [1.0066592814940674, 1.7192043913672497, 0.938727111951226], "Sigma": [[0.009493229797858114, 0.0004919497698045818, 0.005400140729502375], [0.000491949769804582, 0.020045321272037495, 0.00977428348594886], [0.005400140729502375, 0.00977428348594886, 0.012001800197811939]], "chi2_level": 0.99, "chi2_df": 3, "chi2_threshold": 11.344866730144373, "N_raw": 78, "N_roi": 78, "N_inlier": 72, "refit": true}
{"timestamp": "18:12:50.568604", "frame": 58, "mu": [0.978829694526493, 1.6548987445730747, 0.9132100603522454], "Sigma": [[0.01190862801570189, 0.004931103336540635, 0.009346611417938962], [0.004931103336540635, 0.007634265480319024, 0.0017713162888362902], [0.009346611417938962, 0.0017713162888362906, 0.010933721953312074]], "chi2_level": 0.99, "chi2_df": 3, "chi2_threshold": 11.344866730144373, "N_raw": 77, "N_roi": 77, "N_inlier": 73, "refit": true}
{"timestamp": "18:12:50.623225", "frame": 59, "mu": [0.9727662745013305, 1.7131818639193805, 1.0161341824076298], "Sigma": [[0.008950491331175732, -0.0011036732875047278, 0.0017749126660273262], [-0.0011036732875047278, 0.0063669171098504704, -0.004146100475734948], [0.0017749126660273262, -0.004146100475734948, 0.004225429207007411]], "chi2_level": 0.99, "chi2_df": 3, "chi2_threshold": 11.344866730144373, "N_raw": 72, "N_roi": 72, "N_inlier": 69, "refit": true}
{"timestamp": "18:12:50.676799", "frame": 60, "mu": [0.9316500455405925, 1.7542104244309178, 1.0650648278942059], "Sigma": [[0.006698463850801777, -0.0008539924378842048, 0.0031564899727432195], [-0.0008539924378842046, 0.0076487524281812986, -0.0027786543266584214], [0.0031564899727432195, -0.002778654326658422, 0.004203310010900566]], "chi2_level": 0.99, "chi2_df": 3, "chi2_threshold": 11.344866730144373, "N_raw": 63, "N_roi": 63, "N_inlier": 59, "refit": true}
{"timestamp": "18:12:50.736564", "frame": 61, "mu": [0.8630410583201903, 1.8030646785805884, 0.9979829377871717], "Sigma": [[0.007009401285480614, -0.005012272934835129, -0.0026512308160538366], [-0.005012272934835129, 0.009051321682051026, -0.0039415795034362785], [-0.0026512308160538366, -0.0039415795034362785, 0.015586921662878133]], "chi2_level": 0.99, "chi2_df": 3, "chi2_threshold": 11.344866730144373, "N_raw": 80, "N_roi": 80, "N_inlier": 76, "refit": true}
{"timestamp": "18:12:50.788751", "frame": 62, "mu": [0.8248929324514752, 1.9553666701076002, -0.6747615003313127], "Sigma": [[0.007454263469333624, 0.0033529041968679216, 0.0026631952550336016], [0.0033529041968679207, 0.007093344531798655, 0.003980087851407771], [0.002663195255033602, 0.003980087851407771, 0.11948155303483562]], "chi2_level": 0.99, "chi2_df": 3, "chi2_threshold": 11.344866730144373, "N_raw": 75, "N_roi": 75, "N_inlier": 69, "refit": true}
{"timestamp": "18:12:50.844056", "frame": 63, "mu": [0.7561605857596607, 1.8283840579292217, 0.9564872808814662], "Sigma": [[0.007039088727121476, -0.003901340512756605, -0.005017100677060726], [-0.003901340512756606, 0.008122150382875618, -0.0014638075863578107], [-0.005017100677060727, -0.001463807586357811, 0.018875275138597745]], "chi2_level": 0.99, "chi2_df": 3, "chi2_threshold": 11.344866730144373, "N_raw": 78, "N_roi": 78, "N_inlier": 74, "refit": true}
{"timestamp": "18:12:50.896827", "frame": 64, "mu": [0.7542722105919651, 1.8583273772351332, 1.0137219515176294], "Sigma": [[0.005441769757243021, -0.0030966900697142, -0.0036550758400464094], [-0.0030966900697142, 0.014073469272491325, 0.04242486247865911], [-0.0036550758400464094, 0.04242486247865911, 0.2095143694133403]], "chi2_level": 0.99, "chi2_df": 3, "chi2_threshold": 11.344866730144373, "N_raw": 62, "N_roi": 62, "N_inlier": 61, "refit": true}
{"timestamp": "18:12:50.957603", "frame": 65, "mu": [0.6851083996427869, 1.7935040838417604, 0.7697106806033429], "Sigma": [[0.01806480595853962, 0.005783654468701821, 0.06456051586411937], [0.005783654468701821, 0.015517900005238231, 0.05960608798099149], [0.06456051586411937, 0.059606087980991485, 0.4473383010425525]], "chi2_level": 0.99, "chi2_df": 3, "chi2_threshold": 11.344866730144373, "N_raw": 101, "N_roi": 101, "N_inlier": 98, "refit": true}
{"timestamp": "18:12:51.016067", "frame": 66, "mu": [0.5578032243406515, 1.7629110685099263, 0.5816327225809058], "Sigma": [[0.036478290855366996, 0.0037505999253832174, 0.09402980338867627], [0.0037505999253832174, 0.019461937598809834, 0.04592164690169986], [0.09402980338867627, 0.04592164690169985, 0.40845667111741274]], "chi2_level": 0.99, "chi2_df": 3, "chi2_threshold": 11.344866730144373, "N_raw": 126, "N_roi": 126, "N_inlier": 123, "refit": true}
{"timestamp": "18:12:51.067354", "frame": 67, "mu": [0.5884325025487734, 1.7969420337910125, 0.8204710998637744], "Sigma": [[0.025165716123079787, -0.009441384835849494, 0.05379128364819418], [-0.009441384835849494, 0.017110493905438114, 0.0004394332397215739], [0.05379128364819418, 0.0004394332397215737, 0.22913282969513912]], "chi2_level": 0.99, "chi2_df": 3, "chi2_threshold": 11.344866730144373, "N_raw": 96, "N_roi": 96, "N_inlier": 92, "refit": true}
{"timestamp": "18:12:51.117411", "frame": 68, "mu": [0.5727510362828997, 1.8873398157907806, 1.181906209478276], "Sigma": [[0.012799633691896089, -0.004244089643352027, 0.014009917851700271], [-0.004244089643352027, 0.013865257206984819, 0.01078982454898687], [0.014009917851700273, 0.01078982454898687, 0.10357512689190887]], "chi2_level": 0.99, "chi2_df": 3, "chi2_threshold": 11.344866730144373, "N_raw": 65, "N_roi": 65, "N_inlier": 61, "refit": true}
{"timestamp": "18:12:51.170997", "frame": 69, "mu": [0.5431917993235187, 1.8033503550271195, 0.9858966822261692], "Sigma": [[0.007966010223727692, -0.0006283556846567443, 0.0133628155288418], [-0.0006283556846567443, 0.006491225770067128, -0.008201805969383703], [0.0133628155288418, -0.008201805969383705, 0.045304738886753806]], "chi2_level": 0.99, "chi2_df": 3, "chi2_threshold": 11.344866730144373, "N_raw": 55, "N_roi": 55, "N_inlier": 50, "refit": true}
{"timestamp": "18:12:51.229642", "frame": 70, "mu": [0.566352223736369, 1.8991256973502104, -0.8195106739141313], "Sigma": [[0.009864620702719757, 0.0011652488583185953, 0.006065704952081719], [0.0011652488583185953, 0.005594838472754119, 0.0016201716379743835], [0.006065704952081718, 0.0016201716379743835, 0.03864372822227023]], "chi2_level": 0.99, "chi2_df": 3, "chi2_threshold": 11.344866730144373, "N_raw": 80, "N_roi": 80, "N_inlier": 74, "refit": true}
{"timestamp": "18:12:51.278988", "frame": 71, "mu": [0.4404477064825506, 1.8472779655934215, 0.6532582721502345], "Sigma": [[0.05519419059486691, -0.012654367615392268, 0.06758597515437229], [-0.012654367615392268, 0.004650397131019894, -0.023362661494260428], [0.06758597515437229, -0.023362661494260428, 0.14964383139841905]], "chi2_level": 0.99, "chi2_df": 3, "chi2_threshold": 11.344866730144373, "N_raw": 42, "N_roi": 42, "N_inlier": 41, "refit": true}
{"timestamp": "18:12:51.348407", "frame": 72, "mu": [0.3778277060226565, 2.0116346237268825, 0.9722911087277304], "Sigma": [[0.032210120330897714, -0.009700814579705796, 0.04878374098889465], [-0.009700814579705796, 0.0171043436486455, -0.014507784875618384], [0.04878374098889465, -0.014507784875618384, 0.12978557889286954]], "chi2_level": 0.99, "chi2_df": 3, "chi2_threshold": 11.344866730144373, "N_raw": 147, "N_roi": 147, "N_inlier": 145, "refit": true}
{"timestamp": "18:12:51.403266", "frame": 73, "mu": [0.2048444098342563, 1.9249581111116771, 0.6465615689143992], "Sigma": [[0.07642836352032373, -0.014838103703925038, 0.14265331420040553], [-0.014838103703925038, 0.009314919744291562, -0.028436474475532776], [0.14265331420040553, -0.02843647447553277, 0.3208716824176832]], "chi2_level": 0.99, "chi2_df": 3, "chi2_threshold": 11.344866730144373, "N_raw": 137, "N_roi": 136, "N_inlier": 136, "refit": true}
{"timestamp": "18:12:51.451941", "frame": 74, "mu": [0.14570786056299104, 1.9938092660805022, 0.8065384345873555], "Sigma": [[0.025655410501922313, 0.007674842165683385, 0.08823583916024613], [0.007674842165683385, 0.004403269226970119, 0.042440006042029056], [0.08823583916024613, 0.042440006042029056, 0.5343872960866723]], "chi2_level": 0.99, "chi2_df": 3, "chi2_threshold": 11.344866730144373, "N_raw": 78, "N_roi": 78, "N_inlier": 76, "refit": true}
{"timestamp": "18:12:51.496833", "frame": 75, "mu": [0.05096594530704951, 1.9834918133563098, 0.42960108010882225], "Sigma": [[0.036574198098902035, -0.008707019179802081, 0.08618081654542421], [-0.008707019179802083, 0.008677854352118172, -0.01617527208124249], [0.08618081654542421, -0.016175272081242493, 0.3140484031792469]], "chi2_level": 0.99, "chi2_df": 3, "chi2_threshold": 11.344866730144373, "N_raw": 22, "N_roi": 20, "N_inlier": 19, "refit": true}
{"timestamp": "18:12:51.554067", "frame": 76, "mu": [0.2886639264802236, 1.8874525447388784, 1.2901744859080535], "Sigma": [[0.007337135661900736, -0.0009002049929693575, -0.000746297062785817], [-0.0009002049929693575, 0.0036754645920066015, -0.004273064246826848], [-0.0007462970627858171, -0.004273064246826848, 0.013821998014522028]], "chi2_level": 0.99, "chi2_df": 3, "chi2_threshold": 11.344866730144373, "N_raw": 49, "N_roi": 49, "N_inlier": 46, "refit": true}
{"timestamp": "18:12:51.614629", "frame": 77, "mu": [0.22328320285981618, 1.934201444943656, 1.2379266287255224], "Sigma": [[0.007849713415960665, -0.0022664188815676935, 0.0020436244738576254], [-0.0022664188815676935, 0.004352674362680441, -0.006029372460735946], [0.0020436244738576254, -0.006029372460735946, 0.018771005356795958]], "chi2_level": 0.99, "chi2_df": 3, "chi2_threshold": 11.344866730144373, "N_raw": 86, "N_roi": 83, "N_inlier": 78, "refit": true}
{"timestamp": "18:12:51.669406", "frame": 78, "mu": [0.1799180521336108, 1.948445124439307, 1.2842351519822148], "Sigma": [[0.007391228004003883, -0.0013629436577967556, -0.0023411705977049047], [-0.001362943657796756, 0.00633096322530353, -0.0028303318521321567], [-0.0023411705977049047, -0.0028303318521321567, 0.004787358530589822]], "chi2_level": 0.99, "chi2_df": 3, "chi2_threshold": 11.344866730144373, "N_raw": 78, "N_roi": 75, "N_inlier": 73, "refit": true}
{"timestamp": "18:12:51.716640", "frame": 79, "mu": [0.16674708684276524, 1.8597515464488288, 0.9694157347467587], "Sigma": [[0.0018554559671734286, -0.00031806747573876035, -0.0015339878628455885], [-0.0003180674757387603, 0.0018488542777071973, -0.004698351331879452], [-0.0015339878628455885, -0.004698351331879452, 0.02117868055885919]], "chi2_level": 0.99, "chi2_df": 3, "chi2_threshold": 11.344866730144373, "N_raw": 28, "N_roi": 28, "N_inlier": 28, "refit": true}
{"timestamp": "18:12:51.768195", "frame": 80, "mu": [0.08370294311532163, 2.0220038583951614, -0.6728396724124517], "Sigma": [[0.0018261637311261139, -0.007923859766684718, 0.010911051119345372], [-0.007923859766684718, 0.42283148368656026, -0.24590533441155366], [0.010911051119345374, -0.24590533441155366, 0.2258054724400776]], "chi2_level": 0.99, "chi2_df": 3, "chi2_threshold": 11.344866730144373, "N_raw": 8, "N_roi": 7, "N_inlier": 7, "refit": true}
{"timestamp": "18:12:51.825955", "frame": 81, "mu": [0.047305644443735105, 1.9663078956309288, 1.3676103122231988], "Sigma": [[0.005570155422300234, -0.0006254277123145958, 0.0027533011424936953], [-0.0006254277123145958, 0.001891586487737645, 0.00013383282931490284], [0.0027533011424936953, 0.00013383282931490282, 0.01286278959750565]], "chi2_level": 0.99, "chi2_df": 3, "chi2_threshold": 11.344866730144373, "N_raw": 30, "N_roi": 30, "N_inlier": 28, "refit": true}
{"timestamp": "18:12:51.887307", "frame": 82, "mu": [-0.010452755364738902, 1.9606094635397893, 1.1635191982425424], "Sigma": [[0.013456699474458586, -0.0019741777176646527, 0.04152954690900771], [-0.0019741777176646522, 0.0054436292538119525, -0.00526896445658984], [0.04152954690900771, -0.00526896445658984, 0.2869845968859919]], "chi2_level": 0.99, "chi2_df": 3, "chi2_threshold": 11.344866730144373, "N_raw": 71, "N_roi": 71, "N_inlier": 71, "refit": true}
{"timestamp": "18:12:51.946602", "frame": 83, "mu": [-0.030877119739528214, 1.9561072315004866, 1.0100561990404031], "Sigma": [[0.01926074986477453, 0.0013511598061608774, 0.05735202647307427], [0.0013511598061608774, 0.004014643925900378, 0.00473066742830672], [0.05735202647307427, 0.00473066742830672, 0.337095134130112]], "chi2_level": 0.99, "chi2_df": 3, "chi2_threshold": 11.344866730144373, "N_raw": 97, "N_roi": 94, "N_inlier": 94, "refit": true}
{"timestamp": "18:12:51.994937", "frame": 84, "mu": [-0.0751940523291423, 2.098993871323665, -0.16342307018683055], "Sigma": [[0.009446122032665986, -0.00560478692271889, 0.001201950228294206], [-0.00560478692271889, 0.009237185888398466, -0.006375370310811192], [0.0012019502282942054, -0.006375370310811192, 0.013493881966926788]], "chi2_level": 0.99, "chi2_df": 3, "chi2_threshold": 11.344866730144373, "N_raw": 52, "N_roi": 51, "N_inlier": 47, "refit": true}
{"timestamp": "18:12:52.053310", "frame": 85, "mu": [-0.07046176927895706, 1.9461212753002373, 1.2532181892354581], "Sigma": [[0.013278216756111225, -0.006066120358962216, 0.007268229161033471], [-0.006066120358962216, 0.007530978343883728, -0.006995076412515464], [0.007268229161033471, -0.006995076412515464, 0.04023728603554568]], "chi2_level": 0.99, "chi2_df": 3, "chi2_threshold": 11.344866730144373, "N_raw": 75, "N_roi": 75, "N_inlier": 71, "refit": true}
{"timestamp": "18:12:52.115529", "frame": 86, "mu": [-0.13513016023960883, 1.9513510198538169, 0.8560521577535665], "Sigma": [[0.018982592670082492, -0.0068207127714077324, 0.03524434405675457], [-0.0068207127714077324, 0.00952315541242861, -0.00022096840415362896], [0.03524434405675457, -0.00022096840415362874, 0.3494177071351127]], "chi2_level": 0.99, "chi2_df": 3, "chi2_threshold": 11.344866730144373, "N_raw": 122, "N_roi": 122, "N_inlier": 121, "refit": true}
{"timestamp": "18:12:52.159450", "frame": 87, "mu": [-0.08041725387176134, 1.8583948418989837, 1.0064145389076047], "Sigma": [[0.019785754090563504, -0.0004601412680227762, 0.05028818105649398], [-0.0004601412680227759, 0.004815384381018332, 0.00674176303375484], [0.05028818105649398, 0.006741763033754839, 0.22591890654266464]], "chi2_level": 0.99, "chi2_df": 3, "chi2_threshold": 11.344866730144373, "N_raw": 44, "N_roi": 44, "N_inlier": 44, "refit": true}
{"timestamp": "18:12:52.219106", "frame": 88, "mu": [-0.22133277924404207, 1.962513863413387, 1.353617042942239], "Sigma": [[0.011059426706541866, -0.003610326191050893, -0.00909024780866794], [-0.003610326191050893, 0.006601881483497318, -0.000398890837380493], [-0.00909024780866794, -0.00039889083738049334, 0.01071636129837924]], "chi2_level": 0.99, "chi2_df": 3, "chi2_threshold": 11.344866730144373, "N_raw": 85, "N_roi": 84, "N_inlier": 80, "refit": true}
{"timestamp": "18:12:52.275045", "frame": 89, "mu": [-0.3149751266601286, 1.9905689355889469, 1.2142643154457204], "Sigma": [[0.009442306552334882, -0.0014709056202939575, -0.007122822126836532], [-0.001470905620293958, 0.004732306780820038, -0.0010515363278886091], [-0.007122822126836532, -0.0010515363278886102, 0.32159535049939963]], "chi2_level": 0.99, "chi2_df": 3, "chi2_threshold": 11.344866730144373, "N_raw": 84, "N_roi": 82, "N_inlier": 81, "refit": true}
{"timestamp": "18:12:52.327866", "frame": 90, "mu": [-0.3470317102203239, 2.0697165950207226, -0.02692436955688491], "Sigma": [[0.009200835370087554, 0.0003740398937910994, -0.004165602111394636], [0.0003740398937910994, 0.0067743124540006324, -0.001981703109326926], [-0.004165602111394636, -0.001981703109326926, 0.0027045609783645863]], "chi2_level": 0.99, "chi2_df": 3, "chi2_threshold": 11.344866730144373, "N_raw": 71, "N_roi": 71, "N_inlier": 67, "refit": true}
{"timestamp": "18:12:52.382527", "frame": 91, "mu": [-0.36666670148811925, 2.013305195867459, 1.3943658615665273], "Sigma": [[0.008906657713211296, -0.0003486980042698769, -0.00501206179516685], [-0.0003486980042698769, 0.005201410566054347, -0.004656329338622864], [-0.005012061795166851, -0.004656329338622864, 0.008308009478170572]], "chi2_level": 0.99, "chi2_df": 3, "chi2_threshold": 11.344866730144373, "N_raw": 74, "N_roi": 74, "N_inlier": 71, "refit": true}
{"timestamp": "18:12:52.438981", "frame": 92, "mu": [-0.36549196488871244, 1.9599578146613554, 1.3748556238550347], "Sigma": [[0.008235058797812807, -0.002122346489805054, -0.007157346103233397], [-0.0021223464898050544, 0.008193088573603404, 0.0008546874889275747], [-0.007157346103233397, 0.0008546874889275743, 0.007931772031492255]], "chi2_level": 0.99, "chi2_df": 3, "chi2_threshold": 11.344866730144373, "N_raw": 76, "N_roi": 76, "N_inlier": 71, "refit": true}
{"timestamp": "18:12:52.490803", "frame": 93, "mu": [-0.4189519044299377, 1.9786331953428606, 1.4085514010339109], "Sigma": [[0.00675369415768931, -0.0008385176035713045, -0.006698458862942517], [-0.0008385176035713045, 0.0056222429866021155, 0.0004818248684738205], [-0.006698458862942517, 0.00048182486847382053, 0.007167008862538424]], "chi2_level": 0.99, "chi2_df": 3, "chi2_threshold": 11.344866730144373, "N_raw": 60, "N_roi": 60, "N_inlier": 55, "refit": true}
{"timestamp": "18:12:52.549527", "frame": 94, "mu": [-0.4687761502903028, 1.9790347415784597, 1.345667923668336], "Sigma": [[0.009924673299400942, -0.003969334657169232, -0.008034564536452984], [-0.003969334657169231, 0.005844143998001389, -0.0010944887818855244], [-0.008034564536452985, -0.0010944887818855247, 0.012816646268536321]], "chi2_level": 0.99, "chi2_df": 3, "chi2_threshold": 11.344866730144373, "N_raw": 82, "N_roi": 82, "N_inlier": 76, "refit": true}
{"timestamp": "18:12:52.603803", "frame": 95, "mu": [-0.4978274031756291, 1.9216014620297273, 1.0688047813952148], "Sigma": [[0.007633076150830341, -0.00047379136069914535, -0.005200096368829468], [-0.00047379136069914546, 0.0022211377977933615, 0.0011888162674585313], [-0.005200096368829468, 0.001188816267458531, 0.056340495158172604]], "chi2_level": 0.99, "chi2_df": 3, "chi2_threshold": 11.344866730144373, "N_raw": 75, "N_roi": 75, "N_inlier": 72, "refit": true}
{"timestamp": "18:12:52.659391", "frame": 96, "mu": [-0.5602025955591269, 2.017132129371343, -0.45393965174311224], "Sigma": [[0.0074857530836226985, 0.001244729240936831, 0.014261277762648985], [0.0012447292409368308, 0.011419593757196993, 0.0024262884002754625], [0.014261277762648985, 0.0024262884002754616, 0.05758083352684736]], "chi2_level": 0.99, "chi2_df": 3, "chi2_threshold": 11.344866730144373, "N_raw": 77, "N_roi": 77, "N_inlier": 72, "refit": true}
{"timestamp": "18:12:52.718234", "frame": 97, "mu": [-0.5635465347023584, 1.9333363490079367, 1.1252760715079388], "Sigma": [[0.011427857311025658, 0.002539845705566453, 0.01581846223821412], [0.002539845705566453, 0.008580614945186558, 0.01300715662979876], [0.01581846223821412, 0.01300715662979876, 0.13985400422583202]], "chi2_level": 0.99, "chi2_df": 3, "chi2_threshold": 11.344866730144373, "N_raw": 105, "N_roi": 103, "N_inlier": 99, "refit": true}
{"timestamp": "18:12:52.772825", "frame": 98, "mu": [-0.6053137733506536, 1.9629953799991073, 1.2385355739982682], "Sigma": [[0.011065432029796101, -0.0032934155458964934, 0.00634360687486716], [-0.0032934155458964934, 0.009943520301733367, -0.006532510000442584], [0.006343606874867161, -0.0065325100004425835, 0.0366909802181093]], "chi2_level": 0.99, "chi2_df": 3, "chi2_threshold": 11.344866730144373, "N_raw": 99, "N_roi": 96, "N_inlier": 93, "refit": true}
