{"timestamp": "18:05:46.785781", "frame": 18, "mu": [-2.1110686146414572, 4.693499417686742, -0.018067588818936043], "Sigma": [[0.02156547180027848, -0.00022586370413459598, -0.022519276462894713], [-0.0002258637041345961, 0.0012770820846369926, -0.00025444416001977135], [-0.022519276462894713, -0.0002544441600197709, 0.027919737460816406]], "chi2_level": 0.99, "chi2_df": 3, "chi2_threshold": 11.344866730144373, "N_raw": 22, "N_roi": 22, "N_inlier": 22, "refit": true}
{"timestamp": "18:05:46.894828", "frame": 20, "mu": [-2.0420050319166236, 4.798969677358956, 0.6440011504722601], "Sigma": [[0.019273785902396333, 0.007277283707564582, -0.004449291089702174], [0.007277283707564582, 0.0046884923294373305, -0.0018385573786353954], [-0.004449291089702174, -0.0018385573786353956, 0.0012362348295008303]], "chi2_level": 0.99, "chi2_df": 3, "chi2_threshold": 11.344866730144373, "N_raw": 16, "N_roi": 16, "N_inlier": 16, "refit": true}
{"timestamp": "18:05:47.008422", "frame": 22, "mu": [-2.093832009577388, 4.859739375231712, -0.521512005186237], "Sigma": [[0.03159825887886829, 0.00506751520777044, 0.004823952551184677], [0.00506751520777044, 0.0031721297797786246, -0.005592785484971679], [0.004823952551184677, -0.005592785484971679, 0.021745521997402525]], "chi2_level": 0.99, "chi2_df": 3, "chi2_threshold": 11.344866730144373, "N_raw": 35, "N_roi": 35, "N_inlier": 35, "refit": true}
{"timestamp": "18:05:47.060960", "frame": 23, "mu": [-2.0886668109820357, 4.50509861426579, 0.4966446695051866], "Sigma": [[0.005900690188095568, 0.00015449636228785733, 0.014796092808579235], [0.00015449636228785738, 0.0002348984523153897, 0.001146829981502648], [0.014796092808579235, 0.0011468299815026479, 0.0424551512678745]], "chi2_level": 0.99, "chi2_df": 3, "chi2_threshold": 11.344866730144373, "N_raw": 6, "N_roi": 5, "N_inlier": 5, "refit": true}
{"timestamp": "18:05:47.115828", "frame": 24, "mu": [-1.9715091163572271, 4.475476795191849, 0.4150655597943417], "Sigma": [[0.038257169228143977, 0.00047893181380527527, 0.01532332194567718], [0.0004789318138052755, 0.0005548965784736424, 0.0002709527214702034], [0.01532332194567718, 0.0002709527214702031, 0.010934590977807574]], "chi2_level": 0.99, "chi2_df": 3, "chi2_threshold": 11.344866730144373, "N_raw": 6, "N_roi": 6, "N_inlier": 6, "refit": true}
{"timestamp": "18:05:47.173346", "frame": 25, "mu": [-2.022601191241874, 4.382360759221111, 0.6176517848901586], "Sigma": [[0.018793819625427175, 0.004689054946796733, -0.012530357557769064], [0.004689054946796733, 0.0027821604555734306, -0.003770033839643229], [-0.012530357557769062, -0.003770033839643229, 0.011208344578907093]], "chi2_level": 0.99, "chi2_df": 3, "chi2_threshold": 11.344866730144373, "N_raw": 24, "N_roi": 24, "N_inlier": 22, "refit": true}
{"timestamp": "18:05:47.225872", "frame": 26, "mu": [-2.0709462970883217, 4.481924560346101, -0.5480615896407305], "Sigma": [[0.010309765197945412, 0.0062626248525855695, 0.06395919604711069], [0.0062626248525855695, 0.009918697015715664, 0.05716393320282265], [0.06395919604711067, 0.05716393320282265, 0.4823006605036813]], "chi2_level": 0.99, "chi2_df": 3, "chi2_threshold": 11.344866730144373, "N_raw": 6, "N_roi": 6, "N_inlier": 6, "refit": true}
{"timestamp": "18:05:47.283319", "frame": 27, "mu": [-2.036167942972784, 4.245682731588054, 0.3496171410010597], "Sigma": [[0.014807056342484986, 0.001048064474296197, -0.00247601281604492], [0.001048064474296197, 0.0006739055314118807, -0.0021405707860225926], [-0.0024760128160449197, -0.002140570786022592, 0.01760780519724873]], "chi2_level": 0.99, "chi2_df": 3, "chi2_threshold": 11.344866730144373, "N_raw": 21, "N_roi": 21, "N_inlier": 21, "refit": true}
{"timestamp": "18:05:47.338827", "frame": 28, "mu": [-2.116148405656889, 4.159810253195008, 0.7466096643452825], "Sigma": [[0.025988153798488567, 0.008004083669835623, -0.017408981462833567], [0.008004083669835623, 0.004048275115515984, -0.00606721639769762], [-0.017408981462833567, -0.00606721639769762, 0.013851420218535946]], "chi2_level": 0.99, "chi2_df": 3, "chi2_threshold": 11.344866730144373, "N_raw": 27, "N_roi": 27, "N_inlier": 26, "refit": true}
{"timestamp": "18:05:47.395682", "frame": 29, "mu": [-2.105714612010888, 4.071931436910024, 0.5806453633268638], "Sigma": [[0.0307818039032099, 0.007791599043285944, -0.01665226242657479], [0.007791599043285944, 0.004144661655088018, -0.00656770826467192], [-0.016652262426574787, -0.00656770826467192, 0.014382911443257517]], "chi2_level": 0.99, "chi2_df": 3, "chi2_threshold": 11.344866730144373, "N_raw": 40, "N_roi": 40, "N_inlier": 40, "refit": true}
{"timestamp": "18:05:47.448138", "frame": 30, "mu": [-2.0173918755925406, 3.959075006446022, 0.43970668295063525], "Sigma": [[0.016653531876747295, 0.0017226938337378535, -0.014875690196217876], [0.0017226938337378535, 0.0006314266831270424, -0.002364604717020845], [-0.014875690196217876, -0.002364604717020845, 0.02934519582724851]], "chi2_level": 0.99, "chi2_df": 3, "chi2_threshold": 11.344866730144373, "N_raw": 22, "N_roi": 22, "N_inlier": 22, "refit": true}
{"timestamp": "18:05:47.506245", "frame": 31, "mu": [-2.0428229334263106, 4.169210150083998, -0.41518272855526633], "Sigma": [[0.028885451226840088, 0.00970851439430365, -0.020439474986301463], [0.00970851439430365, 0.0065293355287263715, -0.012949485151943845], [-0.020439474986301463, -0.012949485151943845, 0.028351599821408776]], "chi2_level": 0.99, "chi2_df": 3, "chi2_threshold": 11.344866730144373, "N_raw": 42, "N_roi": 42, "N_inlier": 42, "refit": true}
{"timestamp": "18:05:47.558999", "frame": 32, "mu": [-2.010417233707686, 3.8018290613695327, 0.5928295379924093], "Sigma": [[0.018949969061632845, 0.0035340895263032863, -0.0130760256745471], [0.0035340895263032863, 0.0012092871634085418, -0.003742209139182494], [-0.0130760256745471, -0.0037422091391824943, 0.022460398587752874]], "chi2_level": 0.99, "chi2_df": 3, "chi2_threshold": 11.344866730144373, "N_raw": 25, "N_roi": 25, "N_inlier": 24, "refit": true}
{"timestamp": "18:05:47.614251", "frame": 33, "mu": [-2.0361259237915497, 3.7608737556104197, 0.5764217973856545], "Sigma": [[0.019638747341275554, 0.0033088351100395864, -0.007849543111515837], [0.0033088351100395864, 0.0019865931095172477, -0.0036011604858902013], [-0.007849543111515837, -0.0036011604858902013, 0.010334245510219331]], "chi2_level": 0.99, "chi2_df": 3, "chi2_threshold": 11.344866730144373, "N_raw": 26, "N_roi": 26, "N_inlier": 26, "refit": true}
{"timestamp": "18:05:47.666910", "frame": 34, "mu": [-2.021055391872892, 3.67043921648159, 0.5442063779197831], "Sigma": [[0.020318107546293943, 0.0012682643078192814, -0.004823848579711953], [0.0012682643078192814, 0.0012718034305400751, -0.0024450400535171203], [-0.004823848579711954, -0.0024450400535171203, 0.009792408672404137]], "chi2_level": 0.99, "chi2_df": 3, "chi2_threshold": 11.344866730144373, "N_raw": 14, "N_roi": 14, "N_inlier": 14, "refit": true}
{"timestamp": "18:05:47.722122", "frame": 35, "mu": [-2.095372775902987, 3.575654203269434, 0.7726564306012473], "Sigma": [[0.010727732054244125, -0.0017233799137825086, 0.00394413241986235], [-0.0017233799137825086, 0.002200980940948741, -0.005318150308664854], [0.00394413241986235, -0.005318150308664854, 0.019110866149798234]], "chi2_level": 0.99, "chi2_df": 3, "chi2_threshold": 11.344866730144373, "N_raw": 12, "N_roi": 12, "N_inlier": 12, "refit": true}
{"timestamp": "18:05:47.776120", "frame": 36, "mu": [-2.019539091913421, 3.5078677534242253, 0.6210364804499429], "Sigma": [[0.0007649536975130772, -0.001164648066114695, 0.003815367499834316], [-0.0011646480661146952, 0.0017842274395719867, -0.0057171506099773575], [0.003815367499834317, -0.005717150609977356, 0.03988789540368159]], "chi2_level": 0.99, "chi2_df": 3, "chi2_threshold": 11.344866730144373, "N_raw": 6, "N_roi": 6, "N_inlier": 6, "refit": true}
{"timestamp": "18:05:47.834154", "frame": 37, "mu": [-2.0860425527847593, 3.4214937970254455, 0.9062749975103954], "Sigma": [[0.01645001627700933, 0.003909234016305749, -0.011663694178653627], [0.003909234016305749, 0.002436090100389871, -0.004803828951034041], [-0.011663694178653625, -0.004803828951034041, 0.016096382343759902]], "chi2_level": 0.99, "chi2_df": 3, "chi2_threshold": 11.344866730144373, "N_raw": 30, "N_roi": 30, "N_inlier": 29, "refit": true}
{"timestamp": "18:05:47.891838", "frame": 38, "mu": [-2.1115958286609775, 3.3050296356938857, 0.8803291654905769], "Sigma": [[0.01671459506228167, 0.002956696562090265, -0.011355777689255686], [0.0029566965620902645, 0.002651484630441988, -0.0056485143760642564], [-0.011355777689255685, -0.005648514376064256, 0.019313263642329048]], "chi2_level": 0.99, "chi2_df": 3, "chi2_threshold": 11.344866730144373, "N_raw": 42, "N_roi": 42, "N_inlier": 40, "refit": true}
{"timestamp": "18:05:47.948086", "frame": 39, "mu": [-2.141357554151409, 3.4782822450774313, -0.6651860953321415], "Sigma": [[0.01796608217481662, 0.0037413629434666727, -0.01059996033322926], [0.0037413629434666722, 0.002415195027270901, -0.01007375291735443], [-0.01059996033322926, -0.01007375291735443, 0.12560180226323905]], "chi2_level": 0.99, "chi2_df": 3, "chi2_threshold": 11.344866730144373, "N_raw": 48, "N_roi": 47, "N_inlier": 46, "refit": true}
{"timestamp": "18:05:48.003494", "frame": 40, "mu": [-2.170365872952746, 3.3442728102321837, -0.8271787970114622], "Sigma": [[0.04236914490662243, 0.011348491100918809, 0.01671022470306891], [0.011348491100918807, 0.0058062924163833525, -0.003147431119396634], [0.016710224703068915, -0.003147431119396634, 0.03617747045104161]], "chi2_level": 0.99, "chi2_df": 3, "chi2_threshold": 11.344866730144373, "N_raw": 55, "N_roi": 54, "N_inlier": 53, "refit": true}
{"timestamp": "18:05:48.053143", "frame": 41, "mu": [-1.9697269952606802, 3.037022644984324, 0.5772225279699388], "Sigma": [[0.015756469074642794, 0.00454891928319181, 0.013732478851956345], [0.00454891928319181, 0.0034599973121047347, 0.005821778666694164], [0.013732478851956349, 0.005821778666694164, 0.025476296116600284]], "chi2_level": 0.99, "chi2_df": 3, "chi2_threshold": 11.344866730144373, "N_raw": 13, "N_roi": 13, "N_inlier": 13, "refit": true}
{"timestamp": "18:05:48.107782", "frame": 42, "mu": [-2.0061644166145793, 2.9373058262413365, 0.7966644555292268], "Sigma": [[0.008402350401871542, 0.0002762901538358684, -0.0036486823972334175], [0.00027629015383586836, 0.0015544235285408156, -0.0009985450808682591], [-0.0036486823972334175, -0.0009985450808682591, 0.01121135934196274]], "chi2_level": 0.99, "chi2_df": 3, "chi2_threshold": 11.344866730144373, "N_raw": 22, "N_roi": 22, "N_inlier": 21, "refit": true}
{"timestamp": "18:05:48.161697", "frame": 43, "mu": [-2.06533796153707, 2.8933110489916425, 0.8751923547591942], "Sigma": [[0.00038776032199129703, -0.0008730184646824554, 0.0022221007102185683], [-0.0008730184646824553, 0.002769033448310966, -0.006261005112288517], [0.0022221007102185683, -0.006261005112288517, 0.01827885601057032]], "chi2_level": 0.99, "chi2_df": 3, "chi2_threshold": 11.344866730144373, "N_raw": 5, "N_roi": 5, "N_inlier": 5, "refit": true}
{"timestamp": "18:05:48.219820", "frame": 44, "mu": [-2.0917990902507184, 2.986407334309178, -0.3372572947009305], "Sigma": [[0.011119281818726937, 0.005058454034237432, -0.006179324479754009], [0.005058454034237433, 0.005928570746501153, -0.007539893629938874], [-0.006179324479754009, -0.007539893629938874, 0.01160122449878962]], "chi2_level": 0.99, "chi2_df": 3, "chi2_threshold": 11.344866730144373, "N_raw": 31, "N_roi": 31, "N_inlier": 31, "refit": true}
{"timestamp": "18:05:48.277723", "frame": 45, "mu": [-2.0551822169794853, 2.7264395783799604, 0.7549213876966014], "Sigma": [[0.011827371112648302, 0.0036715623251010604, -0.005592449678890013], [0.0036715623251010604, 0.002281985974571267, -0.002762967589759266], [-0.005592449678890012, -0.0027629675897592656, 0.04908655483602975]], "chi2_level": 0.99, "chi2_df": 3, "chi2_threshold": 11.344866730144373, "N_raw": 44, "N_roi": 44, "N_inlier": 42, "refit": true}
{"timestamp": "18:05:48.334928", "frame": 46, "mu": [-2.0995540769597487, 2.582880869113944, 0.7724720396388169], "Sigma": [[0.017300264368176374, 0.004949351611205178, -0.007035548872578245], [0.004949351611205178, 0.002921507750341633, -0.00026426365148628846], [-0.007035548872578246, -0.0002642636514862885, 0.08181100595170088]], "chi2_level": 0.99, "chi2_df": 3, "chi2_threshold": 11.344866730144373, "N_raw": 66, "N_roi": 66, "N_inlier": 66, "refit": true}
{"timestamp": "18:05:48.387558", "frame": 47, "mu": [-2.1090863243478815, 2.5316242129684348, 0.9744388115403777], "Sigma": [[0.0140636813491889, 0.005263745269367332, -0.009959705895123478], [0.005263745269367331, 0.004511251653926007, -0.007709065216787426], [-0.009959705895123478, -0.007709065216787426, 0.016583477815746178]], "chi2_level": 0.99, "chi2_df": 3, "chi2_threshold": 11.344866730144373, "N_raw": 45, "N_roi": 45, "N_inlier": 43, "refit": true}
{"timestamp": "18:05:48.442396", "frame": 48, "mu": [-2.036152372205205, 2.4418886591050106, 0.6776736686206024], "Sigma": [[0.0167605182884092, 0.005190373264391103, -0.006463801849706529], [0.005190373264391103, 0.0031074532019445666, -0.005428902479551781], [-0.006463801849706529, -0.005428902479551782, 0.015659939844347506]], "chi2_level": 0.99, "chi2_df": 3, "chi2_threshold": 11.344866730144373, "N_raw": 50, "N_roi": 50, "N_inlier": 49, "refit": true}
{"timestamp": "18:05:48.496153", "frame": 49, "mu": [-2.0415127297908837, 2.3643124756943292, 0.8146886259581546], "Sigma": [[0.011834540905140698, 0.0032668105078182833, -0.009137533929975065], [0.0032668105078182833, 0.0016262969175819422, -0.004495979442808595], [-0.009137533929975065, -0.004495979442808595, 0.029923598185599587]], "chi2_level": 0.99, "chi2_df": 3, "chi2_threshold": 11.344866730144373, "N_raw": 41, "N_roi": 40, "N_inlier": 39, "refit": true}
{"timestamp": "18:05:48.551119", "frame": 50, "mu": [-2.04076972481187, 2.2523051449386844, 0.8312982108758743], "Sigma": [[0.011099988339797189, 0.0034227123386955283, -0.004135844859467185], [0.0034227123386955287, 0.004151336164252651, -0.005499305048421543], [-0.004135844859467185, -0.005499305048421542, 0.009584415791698185]], "chi2_level": 0.99, "chi2_df": 3, "chi2_threshold": 11.344866730144373, "N_raw": 44, "N_roi": 43, "N_inlier": 43, "refit": true}
{"timestamp": "18:05:48.605287", "frame": 51, "mu": [-2.1203264875636414, 2.0865842299786714, 0.8568035916258829], "Sigma": [[0.018920406123918054, 0.011046530551800854, -0.02822823115994681], [0.011046530551800852, 0.008512411923871966, -0.01357613527309871], [-0.02822823115994681, -0.013576135273098708, 0.0803070846881746]], "chi2_level": 0.99, "chi2_df": 3, "chi2_threshold": 11.344866730144373, "N_raw": 35, "N_roi": 32, "N_inlier": 32, "refit": true}
{"timestamp": "18:05:48.660108", "frame": 52, "mu": [-2.0632906113561083, 2.0101154164421895, 0.9292330445521564], "Sigma": [[0.026879530698502456, 0.014304395950128541, -0.021955280516633126], [0.014304395950128541, 0.008966020764712262, -0.014222981178856887], [-0.021955280516633126, -0.014222981178856888, 0.025890221290691712]], "chi2_level": 0.99, "chi2_df": 3, "chi2_threshold": 11.344866730144373, "N_raw": 32, "N_roi": 28, "N_inlier": 28, "refit": true}
{"timestamp": "18:05:48.711418", "frame": 53, "mu": [-2.195189714194901, 1.9031099844334618, 0.9440676122761893], "Sigma": [[0.048616807021871135, 0.023367065167659004, -0.01247594787875217], [0.023367065167659008, 0.01474026485819283, -0.01149950086949983], [-0.01247594787875217, -0.01149950086949983, 0.020423673358543764]], "chi2_level": 0.99, "chi2_df": 3, "chi2_threshold": 11.344866730144373, "N_raw": 15, "N_roi": 13, "N_inlier": 13, "refit": true}
{"timestamp": "18:05:48.766368", "frame": 54, "mu": [-2.176613624654881, 1.7567832205014535, 1.0738486585175293], "Sigma": [[0.04226554094102054, 0.02640922433938166, -0.039392921131444325], [0.026409224339381657, 0.019399765110528287, -0.029427252097252495], [-0.039392921131444325, -0.029427252097252495, 0.05133770837928869]], "chi2_level": 0.99, "chi2_df": 3, "chi2_threshold": 11.344866730144373, "N_raw": 16, "N_roi": 16, "N_inlier": 16, "refit": true}
{"timestamp": "18:05:48.821802", "frame": 55, "mu": [-2.073604230782756, 1.7204234978160449, 0.9656705263015344], "Sigma": [[0.03379618020784423, 0.021039010402360735, -0.027323198959374816], [0.021039010402360735, 0.016596553313589273, -0.022991644635699665], [-0.027323198959374816, -0.022991644635699665, 0.035470540947709]], "chi2_level": 0.99, "chi2_df": 3, "chi2_threshold": 11.344866730144373, "N_raw": 12, "N_roi": 12, "N_inlier": 12, "refit": true}
{"timestamp": "18:05:48.877517", "frame": 56, "mu": [-2.0718506939747208, 1.6380080596867754, 0.9475096972943386], "Sigma": [[0.01960462045612975, 0.010283770430967338, -0.014013400947115964], [0.010283770430967338, 0.006695745350952365, -0.012287132163001592], [-0.014013400947115964, -0.012287132163001592, 0.04521446555943939]], "chi2_level": 0.99, "chi2_df": 3, "chi2_threshold": 11.344866730144373, "N_raw": 17, "N_roi": 17, "N_inlier": 16, "refit": true}
{"timestamp": "18:05:48.936708", "frame": 57, "mu": [-2.0344604764114447, 1.522150154958442, 1.0010723752037967], "Sigma": [[0.018789749481115517, 0.014503904873529046, -0.013276514952908276], [0.014503904873529042, 0.015083996191367006, -0.013222824675703838], [-0.013276514952908276, -0.013222824675703838, 0.013339751105969007]], "chi2_level": 0.99, "chi2_df": 3, "chi2_threshold": 11.344866730144373, "N_raw": 48, "N_roi": 48, "N_inlier": 47, "refit": true}
{"timestamp": "18:05:48.995018", "frame": 58, "mu": [-2.076537053210331, 1.4438875251909895, 1.0793775989625896], "Sigma": [[0.019045198587423137, 0.013354777765898461, -0.009537520590351206], [0.013354777765898461, 0.01906986388340933, -0.010769032882282181], [-0.009537520590351206, -0.010769032882282181, 0.006995320243970002]], "chi2_level": 0.99, "chi2_df": 3, "chi2_threshold": 11.344866730144373, "N_raw": 72, "N_roi": 72, "N_inlier": 71, "refit": true}
{"timestamp": "18:05:49.046396", "frame": 59, "mu": [-2.1088383699760884, 1.3541478744426618, 1.100221377313605], "Sigma": [[0.012423382826433441, 0.00737715343367513, -0.009453886420801007], [0.00737715343367513, 0.009076147246945691, -0.009029352146540003], [-0.009453886420801007, -0.009029352146540003, 0.010700559933099563]], "chi2_level": 0.99, "chi2_df": 3, "chi2_threshold": 11.344866730144373, "N_raw": 46, "N_roi": 46, "N_inlier": 45, "refit": true}
{"timestamp": "18:05:49.106322", "frame": 60, "mu": [-2.088605319471445, 1.2100104810191386, 0.9433556785181805], "Sigma": [[0.01650483148049804, 0.014956003533644083, -0.0038832686463161977], [0.014956003533644083, 0.01842323735933158, -0.009742215840864073], [-0.0038832686463161977, -0.009742215840864073, 0.01739456040401679]], "chi2_level": 0.99, "chi2_df": 3, "chi2_threshold": 11.344866730144373, "N_raw": 75, "N_roi": 75, "N_inlier": 73, "refit": true}
{"timestamp": "18:05:49.158558", "frame": 61, "mu": [-2.0541705886208463, 1.3875688805895159, -0.6314463193959783], "Sigma": [[0.015716783240935596, 0.015331609922535936, -0.0048152906199098], [0.015331609922535936, 0.020467643446143834, -0.00985068619816348], [-0.0048152906199098, -0.00985068619816348, 0.009109541513123704]], "chi2_level": 0.99, "chi2_df": 3, "chi2_threshold": 11.344866730144373, "N_raw": 59, "N_roi": 59, "N_inlier": 58, "refit": true}
{"timestamp": "18:05:49.213680", "frame": 62, "mu": [-2.083125899558686, 1.109754340028949, 1.1134923623398791], "Sigma": [[0.012150012730039515, 0.007946229463293316, -0.006923226973658887], [0.007946229463293316, 0.012856789946034982, -0.008921898336710823], [-0.006923226973658887, -0.008921898336710823, 0.01837125355454792]], "chi2_level": 0.99, "chi2_df": 3, "chi2_threshold": 11.344866730144373, "N_raw": 62, "N_roi": 62, "N_inlier": 61, "refit": true}
{"timestamp": "18:05:49.268464", "frame": 63, "mu": [-2.075717033596566, 1.0009231150766142, 1.1067077360090491], "Sigma": [[0.010066326896242211, 0.0075368417699119665, -0.0021591211491745832], [0.0075368417699119665, 0.014045767463650386, -0.009929707795496253], [-0.002159121149174583, -0.009929707795496253, 0.01040887089660013]], "chi2_level": 0.99, "chi2_df": 3, "chi2_threshold": 11.344866730144373, "N_raw": 56, "N_roi": 56, "N_inlier": 56, "refit": true}
{"timestamp": "18:05:49.322431", "frame": 64, "mu": [-2.0496662688918237, 0.9762221925123118, 1.084442041766923], "Sigma": [[0.007418421810678985, 0.005503440323436864, 0.0008135499022014619], [0.005503440323436864, 0.00866696030998462, -0.005633951634943079], [0.0008135499022014619, -0.005633951634943077, 0.01361231565262986]], "chi2_level": 0.99, "chi2_df": 3, "chi2_threshold": 11.344866730144373, "N_raw": 49, "N_roi": 49, "N_inlier": 48, "refit": true}
{"timestamp": "18:05:49.378640", "frame": 65, "mu": [-2.0470467271367783, 0.8939155868323134, 0.9904058407183032], "Sigma": [[0.011105751752584646, 0.01104094249431783, 0.0005301438958268682], [0.011040942494317828, 0.014181133798573315, -0.0030783504255862473], [0.0005301438958268683, -0.0030783504255862473, 0.014122029415109441]], "chi2_level": 0.99, "chi2_df": 3, "chi2_threshold": 11.344866730144373, "N_raw": 56, "N_roi": 56, "N_inlier": 56, "refit": true}
{"timestamp": "18:05:49.437425", "frame": 66, "mu": [-2.0467796303946537, 0.7735023498997868, 0.9323502049957878], "Sigma": [[0.014084132783605248, 0.01768145507516087, 0.006792218784123158], [0.01768145507516087, 0.023740476739469184, 0.005278089620347847], [0.006792218784123158, 0.0052780896203478474, 0.03061478807163201]], "chi2_level": 0.99, "chi2_df": 3, "chi2_threshold": 11.344866730144373, "N_raw": 83, "N_roi": 83, "N_inlier": 77, "refit": true}
{"timestamp": "18:05:49.487751", "frame": 67, "mu": [-1.9599368310261212, 0.8149197301759695, 1.0438249618620539], "Sigma": [[0.008284363967051032, 0.0075175865660747215, 0.0018965036938920726], [0.0075175865660747215, 0.009940647766871777, -9.904454169764114e-05], [0.0018965036938920728, -9.904454169764079e-05, 0.02047967228283832]], "chi2_level": 0.99, "chi2_df": 3, "chi2_threshold": 11.344866730144373, "N_raw": 51, "N_roi": 51, "N_inlier": 51, "refit": true}
{"timestamp": "18:05:49.541951", "frame": 68, "mu": [-1.9104351943293494, 0.7568563756955624, 1.0594456816089344], "Sigma": [[0.007145422886952172, 0.005372936449081999, 0.0006448506251003085], [0.005372936449081999, 0.010576887050042342, -0.005430604276156386], [0.0006448506251003083, -0.005430604276156386, 0.008301369566543116]], "chi2_level": 0.99, "chi2_df": 3, "chi2_threshold": 11.344866730144373, "N_raw": 47, "N_roi": 47, "N_inlier": 47, "refit": true}
{"timestamp": "18:05:49.597392", "frame": 69, "mu": [-1.869773661129571, 0.6420197858622171, 0.9356317494816354], "Sigma": [[0.009197198452259138, 0.012105839812795748, 0.00835588727993124], [0.012105839812795748, 0.019698012951564564, 0.013464220205037165], [0.00835588727993124, 0.013464220205037165, 0.023184898411712864]], "chi2_level": 0.99, "chi2_df": 3, "chi2_threshold": 11.344866730144373, "N_raw": 47, "N_roi": 47, "N_inlier": 46, "refit": true}
{"timestamp": "18:05:49.650371", "frame": 70, "mu": [-1.8029027848838588, 0.6237094921460992, 1.0249982201739922], "Sigma": [[0.0076294476426877695, 0.010354799168820553, 0.008927419740216047], [0.010354799168820553, 0.016863832308939855, 0.013975973768420146], [0.008927419740216047, 0.013975973768420146, 0.027209859139496216]], "chi2_level": 0.99, "chi2_df": 3, "chi2_threshold": 11.344866730144373, "N_raw": 33, "N_roi": 33, "N_inlier": 31, "refit": true}
{"timestamp": "18:05:49.711034", "frame": 71, "mu": [-1.1746153471502747, 0.5382032983046905, 0.9997599130953755], "Sigma": [[2.0497497966417106, -0.043160335175508, -0.015486396109131764], [-0.043160335175508005, 0.011968580924867437, -0.0012514127007166634], [-0.015486396109131764, -0.0012514127007166639, 0.01600787979010255]], "chi2_level": 0.99, "chi2_df": 3, "chi2_threshold": 11.344866730144373, "N_raw": 77, "N_roi": 77, "N_inlier": 77, "refit": true}
{"timestamp": "18:05:49.766283", "frame": 72, "mu": [-1.3237354382098976, 0.5091134530121163, 1.0391764247637463], "Sigma": [[1.422268421776324, -0.02463709607520057, 0.03365507685561062], [-0.024637096075200565, 0.008802146193692875, -0.004347245783394472], [0.033655076855610616, -0.004347245783394472, 0.013385962114404295]], "chi2_level": 0.99, "chi2_df": 3, "chi2_threshold": 11.344866730144373, "N_raw": 68, "N_roi": 68, "N_inlier": 62, "refit": true}
{"timestamp": "18:05:49.819110", "frame": 73, "mu": [-1.3736814343848571, 0.5313795292574007, 1.0881292540233858], "Sigma": [[1.1980284923513362, -0.028737312407354797, 0.03862609684785272], [-0.028737312407354797, 0.011464327777436131, -0.002193293410310994], [0.038626096847852724, -0.002193293410310994, 0.014751632080576949]], "chi2_level": 0.99, "chi2_df": 3, "chi2_threshold": 11.344866730144373, "N_raw": 62, "N_roi": 62, "N_inlier": 62, "refit": true}
{"timestamp": "18:05:49.875270", "frame": 74, "mu": [-1.213690020416199, 0.46532265846688137, 1.0137174714001285], "Sigma": [[1.4452351709314244, -0.02557786217400729, -0.05688047925331397], [-0.02557786217400729, 0.009815710354028687, 0.003426741743632622], [-0.056880479253313965, 0.003426741743632622, 0.02449788417171337]], "chi2_level": 0.99, "chi2_df": 3, "chi2_threshold": 11.344866730144373, "N_raw": 69, "N_roi": 69, "N_inlier": 69, "refit": true}
{"timestamp": "18:05:49.933140", "frame": 75, "mu": [-0.7464159400541927, 0.5340996617814575, -0.7106764290458849], "Sigma": [[2.1650744941020332, -0.04158211865587376, -0.03827066250894434], [-0.04158211865587376, 0.03464284289370319, -0.02426384342203383], [-0.03827066250894434, -0.02426384342203383, 0.1993231315860918]], "chi2_level": 0.99, "chi2_df": 3, "chi2_threshold": 11.344866730144373, "N_raw": 80, "N_roi": 80, "N_inlier": 78, "refit": true}
{"timestamp": "18:05:49.988458", "frame": 76, "mu": [-0.9088534080931985, 0.5952125396205662, -0.7128575563054792], "Sigma": [[1.751767902830148, -0.09460874553350473, -0.08906808981473109], [-0.09460874553350473, 0.024473353130384, -0.0033259855744044655], [-0.08906808981473108, -0.0033259855744044637, 0.07149001712890357]], "chi2_level": 0.99, "chi2_df": 3, "chi2_threshold": 11.344866730144373, "N_raw": 78, "N_roi": 78, "N_inlier": 73, "refit": true}
{"timestamp": "18:05:50.040832", "frame": 77, "mu": [-0.7589445257184705, 0.4100644987025351, 1.0953644624971492], "Sigma": [[1.9258885460097235, -0.019325855299935135, 0.03897684899775913], [-0.019325855299935135, 0.006149665862085731, -0.0010016792678367147], [0.038976848997759134, -0.0010016792678367147, 0.014711972960229568]], "chi2_level": 0.99, "chi2_df": 3, "chi2_threshold": 11.344866730144373, "N_raw": 67, "N_roi": 67, "N_inlier": 67, "refit": true}
{"timestamp": "18:05:50.096394", "frame": 78, "mu": [-0.5045781625427936, 0.3917957575110026, 1.1163322592676532], "Sigma": [[2.07201027976889, 0.020757430730492334, 0.032433630536857216], [0.020757430730492334, 0.006103378630836426, -0.002354279504151389], [0.032433630536857216, -0.002354279504151389, 0.009757782808116774]], "chi2_level": 0.99, "chi2_df": 3, "chi2_threshold": 11.344866730144373, "N_raw": 74, "N_roi": 74, "N_inlier": 72, "refit": true}
{"timestamp": "18:05:50.148900", "frame": 79, "mu": [-0.1703419427060089, 0.35499790853076896, 1.0516343503225671], "Sigma": [[2.214677843907088, 0.007724606251223742, 0.015433285379845443], [0.0077246062512237364, 0.00884215176147835, 0.0022833907189539256], [0.015433285379845443, 0.0022833907189539256, 0.013401330793026378]], "chi2_level": 0.99, "chi2_df": 3, "chi2_threshold": 11.344866730144373, "N_raw": 56, "N_roi": 56, "N_inlier": 56, "refit": true}
{"timestamp": "18:05:50.203633", "frame": 80, "mu": [0.04464561569716034, 0.30244310827809484, 1.0528428043924465], "Sigma": [[1.9790077134443773, 0.017371300458816297, -0.058928574556176117], [0.017371300458816293, 0.006230686934713019, 0.003762983971874046], [-0.05892857455617611, 0.0037629839718740458, 0.02279446638780654]], "chi2_level": 0.99, "chi2_df": 3, "chi2_threshold": 11.344866730144373, "N_raw": 48, "N_roi": 48, "N_inlier": 47, "refit": true}
{"timestamp": "18:05:50.258130", "frame": 81, "mu": [-0.17070266801227496, 0.3303060944860432, 1.1757270142266607], "Sigma": [[1.8009695782909263, 0.02543357389472693, -0.031822324019635057], [0.02543357389472693, 0.006658007114968792, 0.0022996997497342483], [-0.031822324019635057, 0.0022996997497342483, 0.015113211288340813]], "chi2_level": 0.99, "chi2_df": 3, "chi2_threshold": 11.344866730144373, "N_raw": 52, "N_roi": 52, "N_inlier": 52, "refit": true}
{"timestamp": "18:05:50.315676", "frame": 82, "mu": [-0.4926253614522481, 0.33813111380447736, 1.2217254086965244], "Sigma": [[1.560070460907603, -0.009103377192053386, -0.011412178913738885], [-0.009103377192053388, 0.004965797993680225, 0.0008808986233244077], [-0.011412178913738882, 0.0008808986233244075, 0.014985758816682715]], "chi2_level": 0.99, "chi2_df": 3, "chi2_threshold": 11.344866730144373, "N_raw": 64, "N_roi": 64, "N_inlier": 64, "refit": true}
{"timestamp": "18:05:50.370489", "frame": 83, "mu": [-0.5444320824815895, 0.35049197309228425, 1.2514665939173808], "Sigma": [[1.4282406860635002, -0.0035313794947603805, -0.010770552789120784], [-0.0035313794947603805, 0.004436260936944227, -0.0006491367408472855], [-0.01077055278912078, -0.0006491367408472855, 0.012116500033826789]], "chi2_level": 0.99, "chi2_df": 3, "chi2_threshold": 11.344866730144373, "N_raw": 66, "N_roi": 66, "N_inlier": 66, "refit": true}
{"timestamp": "18:05:50.424492", "frame": 84, "mu": [-0.5191584099554493, 0.428011466666192, -0.6819316968389253], "Sigma": [[1.3777745532586168, -0.05009712685083149, -0.028257579582721862], [-0.05009712685083148, 0.015144672298684101, -0.001280978782994722], [-0.028257579582721862, -0.001280978782994722, 0.0059464879527902385]], "chi2_level": 0.99, "chi2_df": 3, "chi2_threshold": 11.344866730144373, "N_raw": 62, "N_roi": 62, "N_inlier": 62, "refit": true}
{"timestamp": "18:05:50.477299", "frame": 85, "mu": [-0.8703845555912011, 0.3190492055721544, 1.2235751209548789], "Sigma": [[0.807264262542385, -0.011182849697841685, -0.005940789239766374], [-0.011182849697841687, 0.00370418013212613, 0.0017968388021533934], [-0.0059407892397663736, 0.0017968388021533932, 0.01196056960081626]], "chi2_level": 0.99, "chi2_df": 3, "chi2_threshold": 11.344866730144373, "N_raw": 51, "N_roi": 51, "N_inlier": 50, "refit": true}
{"timestamp": "18:05:50.536781", "frame": 86, "mu": [-1.2157621173376312, 0.45261426845581165, 1.359075175202571], "Sigma": [[0.008560782035830116, 0.003728999780605092, -0.0015190392841589176], [0.003728999780605092, 0.005950166487329053, -0.005360720332555887], [-0.0015190392841589171, -0.005360720332555887, 0.011490989857119221]], "chi2_level": 0.99, "chi2_df": 3, "chi2_threshold": 11.344866730144373, "N_raw": 79, "N_roi": 79, "N_inlier": 77, "refit": true}
{"timestamp": "18:05:50.591074", "frame": 87, "mu": [-1.1649604849290356, 0.42394710401867614, 1.2815474473862871], "Sigma": [[0.016972632209346514, 0.0027763380516406307, -0.007781953322327111], [0.00277633805164063, 0.0037370947063060517, -5.2799051305908815e-06], [-0.00778195332232711, -5.27990513059099e-06, 0.013678714966384382]], "chi2_level": 0.99, "chi2_df": 3, "chi2_threshold": 11.344866730144373, "N_raw": 72, "N_roi": 72, "N_inlier": 71, "refit": true}
{"timestamp": "18:05:50.642906", "frame": 88, "mu": [-1.1492291028712898, 0.565912422490519, -0.6304158493619743], "Sigma": [[0.010251125763973678, 0.0052397854382529195, -0.0035992730900582855], [0.005239785438252919, 0.01733188278759634, -0.0023396138433327933], [-0.003599273090058286, -0.0023396138433327937, 0.0073573426896877915]], "chi2_level": 0.99, "chi2_df": 3, "chi2_threshold": 11.344866730144373, "N_raw": 48, "N_roi": 48, "N_inlier": 48, "refit": true}
{"timestamp": "18:05:50.698573", "frame": 89, "mu": [-1.1869407838267407, 0.4956332679024403, 1.3667827254460287], "Sigma": [[0.00517245784931143, 0.0029875381245495583, 5.754182427710833e-05], [0.0029875381245495583, 0.003926260582607383, -0.001542330209230437], [5.754182427710841e-05, -0.001542330209230437, 0.01457548268395752]], "chi2_level": 0.99, "chi2_df": 3, "chi2_threshold": 11.344866730144373, "N_raw": 56, "N_roi": 56, "N_inlier": 55, "refit": true}
{"timestamp": "18:05:50.755936", "frame": 90, "mu": [-1.1409347353989203, 0.7691690477639, -0.3919485372889891], "Sigma": [[0.006820583361742331, 0.0024300276084610307, 0.0006292554247693935], [0.0024300276084610302, 0.006028767358799513, -0.003953153768862502], [0.0006292554247693936, -0.0039531537688625015, 0.0048850466102061405]], "chi2_level": 0.99, "chi2_df": 3, "chi2_threshold": 11.344866730144373, "N_raw": 68, "N_roi": 68, "N_inlier": 66, "refit": true}
{"timestamp": "18:05:50.807118", "frame": 91, "mu": [-1.146775221787021, 0.5951382164516844, 1.3238486529962001], "Sigma": [[0.008748445227997002, -0.0005199762452739182, -0.003204157910862486], [-0.000519976245273918, 0.005540215832149886, -0.0033217417763939045], [-0.003204157910862486, -0.0033217417763939045, 0.004095511628057191]], "chi2_level": 0.99, "chi2_df": 3, "chi2_threshold": 11.344866730144373, "N_raw": 46, "N_roi": 46, "N_inlier": 44, "refit": true}
{"timestamp": "18:05:50.869942", "frame": 92, "mu": [-1.1081864480745516, 0.667852721989372, 1.3936786356273951], "Sigma": [[0.02050960131259193, 0.004793713147840999, -0.007985160644941265], [0.004793713147840999, 0.005650511318019131, -0.004509489298844973], [-0.007985160644941265, -0.004509489298844973, 0.005501248552570739]], "chi2_level": 0.99, "chi2_df": 3, "chi2_threshold": 11.344866730144373, "N_raw": 94, "N_roi": 94, "N_inlier": 91, "refit": true}
{"timestamp": "18:05:50.917666", "frame": 93, "mu": [-1.1804241139586713, 0.7461101936096112, 1.5521048574626393], "Sigma": [[0.011029942376566067, 0.004000674045920685, -0.007403971446015223], [0.004000674045920685, 0.003948945053961793, -0.0047757875615644695], [-0.007403971446015223, -0.0047757875615644695, 0.017366356498556626]], "chi2_level": 0.99, "chi2_df": 3, "chi2_threshold": 11.344866730144373, "N_raw": 45, "N_roi": 45, "N_inlier": 42, "refit": true}
{"timestamp": "18:05:50.976598", "frame": 94, "mu": [-1.159024163119522, 0.8039503725840146, 1.5516253175329504], "Sigma": [[0.02682120890112034, 0.009165073013449692, -0.014494177907337612], [0.009165073013449692, 0.006765812155464959, -0.008270163384386606], [-0.014494177907337612, -0.008270163384386605, 0.014089811813681423]], "chi2_level": 0.99, "chi2_df": 3, "chi2_threshold": 11.344866730144373, "N_raw": 78, "N_roi": 78, "N_inlier": 76, "refit": true}
{"timestamp": "18:05:51.027696", "frame": 95, "mu": [-1.079143501758941, 0.8622604370250807, 1.3647049367141768], "Sigma": [[0.056539578044066924, 0.01629731478080045, -0.09060431008501245], [0.016297314780800445, 0.006770914812418453, -0.027258045581837396], [-0.09060431008501245, -0.027258045581837396, 0.16868980456847202]], "chi2_level": 0.99, "chi2_df": 3, "chi2_threshold": 11.344866730144373, "N_raw": 50, "N_roi": 50, "N_inlier": 49, "refit": true}
{"timestamp": "18:05:51.080983", "frame": 96, "mu": [-1.090558969797766, 0.9175229104518078, 1.3428862209294812], "Sigma": [[0.0557629856892085, 0.022329427426935673, -0.07978270670700338], [0.022329427426935673, 0.01014124177387722, -0.033812501705409365], [-0.07978270670700338, -0.033812501705409365, 0.12879627945516317]], "chi2_level": 0.99, "chi2_df": 3, "chi2_threshold": 11.344866730144373, "N_raw": 37, "N_roi": 37, "N_inlier": 37, "refit": true}
{"timestamp": "18:05:51.135693", "frame": 97, "mu": [-1.077350234767116, 1.0284641615347168, 1.4797689932171727], "Sigma": [[0.04605569242253993, 0.019981076244339528, -0.05183478080821826], [0.019981076244339528, 0.012876725969555658, -0.02435740783598956], [-0.05183478080821827, -0.024357407835989563, 0.07103007687144701]], "chi2_level": 0.99, "chi2_df": 3, "chi2_threshold": 11.344866730144373, "N_raw": 38, "N_roi": 38, "N_inlier": 37, "refit": true}
{"timestamp": "18:05:51.193135", "frame": 98, "mu": [-0.9863691484837679, 1.1480848784277455, 1.4459602869202863], "Sigma": [[0.03280160562016843, 0.019742359320827498, -0.03428795198444895], [0.019742359320827498, 0.014124034710336663, -0.01970355043424022], [-0.03428795198444894, -0.01970355043424022, 0.05837426182327353]], "chi2_level": 0.99, "chi2_df": 3, "chi2_threshold": 11.344866730144373, "N_raw": 52, "N_roi": 52, "N_inlier": 49, "refit": true}
{"timestamp": "18:05:51.252041", "frame": 99, "mu": [-0.9041114429978463, 1.2897206300282082, -0.6577318007370323], "Sigma": [[0.009177871356365106, 0.0011764043200505922, 0.016374090748232605], [0.0011764043200505926, 0.014517615038311843, -0.0054165690173467885], [0.016374090748232605, -0.0054165690173467885, 0.13770304660414687]], "chi2_level": 0.99, "chi2_df": 3, "chi2_threshold": 11.344866730144373, "N_raw": 81, "N_roi": 81, "N_inlier": 78, "refit": true}
{"timestamp": "18:05:51.401804", "frame": 100, "mu": [-0.8793452219435487, 1.2990005158176596, 0.9631336282335288], "Sigma": [[0.00900797335721932, 0.0014899384981347278, 0.015187159656455231], [0.0014899384981347278, 0.0018218594007934179, 0.008474215317788126], [0.015187159656455233, 0.008474215317788126, 0.17132790087836922]], "chi2_level": 0.99, "chi2_df": 3, "chi2_threshold": 11.344866730144373, "N_raw": 113, "N_roi": 113, "N_inlier": 110, "refit": true}
{"timestamp": "18:05:51.465761", "frame": 101, "mu": [-0.8287558981915739, 1.384426581014706, 1.0111858065196575], "Sigma": [[0.007643639311632809, -0.002154043312289407, -0.0014970839978529038], [-0.002154043312289407, 0.003117527109754268, -0.0009526459044552168], [-0.0014970839978529042, -0.0009526459044552157, 0.1264522691748485]], "chi2_level": 0.99, "chi2_df": 3, "chi2_threshold": 11.344866730144373, "N_raw": 86, "N_roi": 86, "N_inlier": 83, "refit": true}
{"timestamp": "18:05:51.495730", "frame": 102, "mu": [-0.8580254507039683, 1.4726181903771796, -0.27665002922554705], "Sigma": [[0.010869045644857961, -0.003928436639476734, 0.0535362926930067], [-0.003928436639476734, 0.003676893311390918, -0.01533308612980977], [0.0535362926930067, -0.015333086129809772, 0.6960852558768021]], "chi2_level": 0.99, "chi2_df": 3, "chi2_threshold": 11.344866730144373, "N_raw": 114, "N_roi": 114, "N_inlier": 114, "refit": true}
{"timestamp": "18:05:51.528278", "frame": 103, "mu": [-0.8298877201167967, 1.526200820254845, 1.1902512194701602], "Sigma": [[0.006150266842152451, -0.0017102775154373565, -0.0027169941091481128], [-0.0017102775154373565, 0.0020186746835058767, -0.0020434049128525995], [-0.0027169941091481128, -0.0020434049128525995, 0.040672490251865825]], "chi2_level": 0.99, "chi2_df": 3, "chi2_threshold": 11.344866730144373, "N_raw": 78, "N_roi": 78, "N_inlier": 72, "refit": true}
{"timestamp": "18:05:51.559260", "frame": 104, "mu": [-0.8036639626530314, 1.5870236617033295, 1.1646730916472956], "Sigma": [[0.0068781156382731684, 0.0002334749281244696, -0.004804118489725898], [0.0002334749281244696, 0.002194261330620279, -0.0037812470136629603], [-0.004804118489725898, -0.0037812470136629603, 0.03386290494141734]], "chi2_level": 0.99, "chi2_df": 3, "chi2_threshold": 11.344866730144373, "N_raw": 87, "N_roi": 87, "N_inlier": 82, "refit": true}
{"timestamp": "18:05:51.594074", "frame": 105, "mu": [-0.8210367981031265, 1.7980356519736913, -0.32603231664394705], "Sigma": [[0.006802416448458041, 0.001490865912365484, -0.003251380023474628], [0.001490865912365484, 0.00621937936397152, -0.007889995298034828], [-0.0032513800234746284, -0.007889995298034828, 0.024696941299535508]], "chi2_level": 0.99, "chi2_df": 3, "chi2_threshold": 11.344866730144373, "N_raw": 77, "N_roi": 77, "N_inlier": 71, "refit": true}
