{"timestamp": "17:36:48.063320", "frame": 2, "mu": [-0.9075233809810493, 0.33957788693913826, 1.2107504911849927], "Sigma": [[1.5953877464704493, 0.0777652916310509, -0.0956880178519823], [0.07776529163105089, 0.005287121054523203, -0.004566242289870197], [-0.09568801785198229, -0.004566242289870197, 0.011882013061765888]], "chi2_level": 0.99, "chi2_df": 3, "chi2_threshold": 11.344866730144373, "N_raw": 5, "N_roi": 5, "N_inlier": 5, "refit": true}
{"timestamp": "17:36:48.118792", "frame": 3, "mu": [0.8910042373525853, 0.29687216402998096, 1.017314902206491], "Sigma": [[1.5499455808733527, 0.11732169479996296, 0.2787497451306756], [0.11732169479996296, 0.01344838344376882, 0.04977498328412495], [0.2787497451306756, 0.04977498328412495, 0.48162830544567264]], "chi2_level": 0.99, "chi2_df": 3, "chi2_threshold": 11.344866730144373, "N_raw": 6, "N_roi": 6, "N_inlier": 6, "refit": true}
{"timestamp": "17:36:48.560324", "frame": 11, "mu": [1.6623697963686048, 0.7347745507043129, 1.3739002448260218], "Sigma": [[0.002151637273661538, -0.0018021140284870684, -8.018533205945915e-05], [-0.0018021140284870684, 0.00466469252457699, -0.0012558722488355974], [-8.018533205945908e-05, -0.0012558722488355974, 0.0005966829190336887]], "chi2_level": 0.99, "chi2_df": 3, "chi2_threshold": 11.344866730144373, "N_raw": 15, "N_roi": 15, "N_inlier": 14, "refit": true}
{"timestamp": "17:36:48.617179", "frame": 12, "mu": [1.6670103390980202, 0.8096414652551555, 1.3858454867939827], "Sigma": [[0.003994366379740221, -0.0017431449540546797, 0.0005523963038966168], [-0.0017431449540546797, 0.008032695882945813, -0.0006164602467159137], [0.0005523963038966168, -0.0006164602467159137, 0.00028651718859927527]], "chi2_level": 0.99, "chi2_df": 3, "chi2_threshold": 11.344866730144373, "N_raw": 25, "N_roi": 25, "N_inlier": 24, "refit": true}
{"timestamp": "17:36:48.725765", "frame": 14, "mu": [1.614883495774127, 0.8456240267359278, 1.1405015413790218], "Sigma": [[0.0023386232723698218, 0.0036936642917269305, -0.013213290008417073], [0.003693664291726931, 0.007089539026992121, -0.01715434067770999], [-0.013213290008417073, -0.01715434067770999, 0.11975813073248291]], "chi2_level": 0.99, "chi2_df": 3, "chi2_threshold": 11.344866730144373, "N_raw": 7, "N_roi": 7, "N_inlier": 7, "refit": true}
{"timestamp": "17:36:48.781242", "frame": 15, "mu": [1.6175203333361463, 0.9439637346827572, 1.1010599885060284], "Sigma": [[0.0034699896831765485, -0.0008913962254802914, 0.011306203923831347], [-0.0008913962254802915, 0.0057986447111677605, -0.041552193295401635], [0.011306203923831349, -0.04155219329540163, 0.3291880960825498]], "chi2_level": 0.99, "chi2_df": 3, "chi2_threshold": 11.344866730144373, "N_raw": 7, "N_roi": 7, "N_inlier": 7, "refit": true}
{"timestamp": "17:36:48.890393", "frame": 17, "mu": [1.534271291860821, 0.9252469743635469, 1.3618146184942572], "Sigma": [[0.0007022442836811208, 0.0011250285210574894, -0.0013650217354216074], [0.0011250285210574894, 0.0038615752935486037, -0.005708922210876606], [-0.0013650217354216074, -0.005708922210876606, 0.009276505952734375]], "chi2_level": 0.99, "chi2_df": 3, "chi2_threshold": 11.344866730144373, "N_raw": 6, "N_roi": 6, "N_inlier": 6, "refit": true}
{"timestamp": "17:36:48.945573", "frame": 18, "mu": [1.3921983407424092, 0.7510497079593367, 1.2672050955176284], "Sigma": [[0.2186475653338778, 0.0822256605277469, -0.13480424877380454], [0.0822256605277469, 0.03442304354541835, -0.04542156590578849], [-0.13480424877380456, -0.0454215659057885, 0.10160733880114267]], "chi2_level": 0.99, "chi2_df": 3, "chi2_threshold": 11.344866730144373, "N_raw": 6, "N_roi": 6, "N_inlier": 6, "refit": true}
{"timestamp": "17:36:49.002929", "frame": 19, "mu": [1.477717031659099, 0.9180559150075689, 1.3870109250409732], "Sigma": [[0.0029840687753755687, -0.0008409139034729887, -0.0018337312501529046], [-0.0008409139034729884, 0.005540902314164955, 0.0037069159591178974], [-0.0018337312501529046, 0.0037069159591178974, 0.01846260082312852]], "chi2_level": 0.99, "chi2_df": 3, "chi2_threshold": 11.344866730144373, "N_raw": 22, "N_roi": 22, "N_inlier": 21, "refit": true}
{"timestamp": "17:36:49.058989", "frame": 20, "mu": [1.4489658299823989, 0.9361259461544057, 1.3483049198052743], "Sigma": [[0.0030855288929654313, -0.002145913853153832, -0.0024746924321559973], [-0.0021459138531538325, 0.004419533405610593, 0.0009410580105901662], [-0.002474692432155997, 0.0009410580105901659, 0.02593692082060437]], "chi2_level": 0.99, "chi2_df": 3, "chi2_threshold": 11.344866730144373, "N_raw": 30, "N_roi": 30, "N_inlier": 30, "refit": true}
{"timestamp": "17:36:49.114479", "frame": 21, "mu": [1.4083829815063313, 0.9456346122151258, 1.2642679282879412], "Sigma": [[0.002515285454804799, -0.0024255775046904864, -0.0005692562828310767], [-0.0024255775046904864, 0.0036440149218732645, -0.005853615092608669], [-0.0005692562828310767, -0.005853615092608669, 0.03982769715437119]], "chi2_level": 0.99, "chi2_df": 3, "chi2_threshold": 11.344866730144373, "N_raw": 24, "N_roi": 24, "N_inlier": 21, "refit": true}
{"timestamp": "17:36:49.169399", "frame": 22, "mu": [1.2780133979238602, 1.0539413289906818, 1.3535029874975195], "Sigma": [[0.0030342433885409523, -0.0025598765150040533, -0.0008286106815512253], [-0.0025598765150040533, 0.005196801987740422, -0.004879773550161186], [-0.0008286106815512252, -0.004879773550161186, 0.016194140439057127]], "chi2_level": 0.99, "chi2_df": 3, "chi2_threshold": 11.344866730144373, "N_raw": 29, "N_roi": 29, "N_inlier": 29, "refit": true}
{"timestamp": "17:36:49.224876", "frame": 23, "mu": [1.2829598847445387, 0.978908355135193, 1.27614380239772], "Sigma": [[0.003882374825311555, -0.003967982454631972, -0.0024670431632381855], [-0.003967982454631972, 0.004698577417533611, 0.004067148972721788], [-0.002467043163238185, 0.004067148972721788, 0.020647951470392018]], "chi2_level": 0.99, "chi2_df": 3, "chi2_threshold": 11.344866730144373, "N_raw": 34, "N_roi": 34, "N_inlier": 33, "refit": true}
{"timestamp": "17:36:49.276687", "frame": 24, "mu": [1.2160045841560196, 1.0361789412674307, 1.2483807752942901], "Sigma": [[0.0022064490907198965, -0.0013263737290329087, -0.006423804711902081], [-0.0013263737290329087, 0.0013903557727151389, 0.0033530235354234813], [-0.006423804711902081, 0.0033530235354234817, 0.021153330514712597]], "chi2_level": 0.99, "chi2_df": 3, "chi2_threshold": 11.344866730144373, "N_raw": 11, "N_roi": 11, "N_inlier": 11, "refit": true}
{"timestamp": "17:36:49.331514", "frame": 25, "mu": [1.1953061166662742, 1.0020156593880591, 1.1485399806104308], "Sigma": [[0.0023794607387102513, -0.0006654795719057119, -0.003977368750808959], [-0.0006654795719057119, 0.0009171871992207572, 0.0011171414794430177], [-0.003977368750808958, 0.0011171414794430182, 0.013530353155520527]], "chi2_level": 0.99, "chi2_df": 3, "chi2_threshold": 11.344866730144373, "N_raw": 15, "N_roi": 15, "N_inlier": 15, "refit": true}
{"timestamp": "17:36:49.387500", "frame": 26, "mu": [1.1808654913892505, 1.041575129280022, 1.0445724514724222], "Sigma": [[0.007239906962502583, -0.001977546513362805, -0.037078048200853864], [-0.001977546513362805, 0.001255594668420832, 0.012504326610430133], [-0.037078048200853864, 0.012504326610430133, 0.28070147264923156]], "chi2_level": 0.99, "chi2_df": 3, "chi2_threshold": 11.344866730144373, "N_raw": 14, "N_roi": 14, "N_inlier": 13, "refit": true}
{"timestamp": "17:36:49.447702", "frame": 27, "mu": [1.0875114102715513, 1.0349688703672153, 1.2419190502980308], "Sigma": [[0.00752968696923706, -0.006164164202216899, -0.011260660441309325], [-0.0061641642022169, 0.0062957161990629795, 0.007287825129167577], [-0.011260660441309325, 0.007287825129167577, 0.023141353439614057]], "chi2_level": 0.99, "chi2_df": 3, "chi2_threshold": 11.344866730144373, "N_raw": 56, "N_roi": 56, "N_inlier": 53, "refit": true}
{"timestamp": "17:36:49.508071", "frame": 28, "mu": [1.0385844821867882, 1.0594015230792813, 1.2536174389467682], "Sigma": [[0.011775714313704633, -0.008720698003858513, -0.018332806436719522], [-0.008720698003858513, 0.009824110774080753, 0.013347434546675939], [-0.018332806436719522, 0.013347434546675939, 0.04014479760269496]], "chi2_level": 0.99, "chi2_df": 3, "chi2_threshold": 11.344866730144373, "N_raw": 81, "N_roi": 81, "N_inlier": 79, "refit": true}
{"timestamp": "17:36:49.560627", "frame": 29, "mu": [1.03144277088994, 1.0436900422318622, 1.206475420803894], "Sigma": [[0.012039301409836075, -0.007946769596961625, -0.018217606127813025], [-0.007946769596961624, 0.008885921356276005, 0.01051847803154049], [-0.01821760612781302, 0.01051847803154049, 0.033530424287495614]], "chi2_level": 0.99, "chi2_df": 3, "chi2_threshold": 11.344866730144373, "N_raw": 66, "N_roi": 66, "N_inlier": 64, "refit": true}
{"timestamp": "17:36:49.612292", "frame": 30, "mu": [0.9297221615872087, 1.0458509200584887, 1.2847929817045096], "Sigma": [[0.008326877225521612, -0.0036158607476061556, -0.012217041884617284], [-0.0036158607476061556, 0.004106949857123947, 0.0041362337731247045], [-0.012217041884617284, 0.0041362337731247045, 0.01984617484562528]], "chi2_level": 0.99, "chi2_df": 3, "chi2_threshold": 11.344866730144373, "N_raw": 48, "N_roi": 48, "N_inlier": 45, "refit": true}
{"timestamp": "17:36:49.666107", "frame": 31, "mu": [0.9347102275392589, 0.9816404239108473, 0.9170213875995644], "Sigma": [[0.016636127127548396, -0.005866182918309863, 0.035657974791107404], [-0.005866182918309863, 0.005896253739138901, -0.015290843948793285], [0.035657974791107404, -0.015290843948793285, 0.0961216704767964]], "chi2_level": 0.99, "chi2_df": 3, "chi2_threshold": 11.344866730144373, "N_raw": 36, "N_roi": 36, "N_inlier": 33, "refit": true}
{"timestamp": "17:36:49.719284", "frame": 32, "mu": [0.8619000170883899, 0.9588023180093219, 1.018417100251219], "Sigma": [[0.012885033072747024, -0.009040321477366, 0.038706931903691594], [-0.009040321477366, 0.01201830375600819, -0.028458245486450224], [0.0387069319036916, -0.028458245486450227, 0.15695996677145507]], "chi2_level": 0.99, "chi2_df": 3, "chi2_threshold": 11.344866730144373, "N_raw": 22, "N_roi": 22, "N_inlier": 20, "refit": true}
{"timestamp": "17:36:49.775686", "frame": 33, "mu": [0.7501687256711684, 1.0871328976687287, 1.3305203713364044], "Sigma": [[0.005800678170248362, -0.00037968474105595936, -0.008298315302436843], [-0.00037968474105595925, 0.0047827935391264245, -0.0025516408840859355], [-0.008298315302436843, -0.0025516408840859355, 0.01840407760043506]], "chi2_level": 0.99, "chi2_df": 3, "chi2_threshold": 11.344866730144373, "N_raw": 43, "N_roi": 43, "N_inlier": 40, "refit": true}
{"timestamp": "17:36:49.834540", "frame": 34, "mu": [0.7179403581115528, 1.0264647854455593, 1.280318513650475], "Sigma": [[0.004729800212683869, -0.0007083149930382389, -0.0022870842895674065], [-0.0007083149930382389, 0.0022953356853749824, 0.0029631669057695077], [-0.0022870842895674065, 0.0029631669057695073, 0.02763236920368224]], "chi2_level": 0.99, "chi2_df": 3, "chi2_threshold": 11.344866730144373, "N_raw": 70, "N_roi": 70, "N_inlier": 67, "refit": true}
{"timestamp": "17:36:49.893622", "frame": 35, "mu": [0.6654286122112887, 1.067040609235176, 1.2402121523397032], "Sigma": [[0.004496472336420096, -0.0015628740074756814, -0.003289824424294321], [-0.0015628740074756814, 0.0027171426181230433, 0.0012745719478175158], [-0.003289824424294321, 0.0012745719478175158, 0.03395432112181694]], "chi2_level": 0.99, "chi2_df": 3, "chi2_threshold": 11.344866730144373, "N_raw": 89, "N_roi": 89, "N_inlier": 88, "refit": true}
{"timestamp": "17:36:49.948604", "frame": 36, "mu": [0.6036649682442263, 1.1645553920018135, -0.5245314271999898], "Sigma": [[0.00344504089833028, 0.002684731190881735, 0.0022845978455184887], [0.002684731190881735, 0.006281944520141621, 0.004078092965299261], [0.0022845978455184883, 0.004078092965299261, 0.05384475411875173]], "chi2_level": 0.99, "chi2_df": 3, "chi2_threshold": 11.344866730144373, "N_raw": 80, "N_roi": 80, "N_inlier": 77, "refit": true}
{"timestamp": "17:36:50.006384", "frame": 37, "mu": [0.5775273686789388, 1.0914129385348872, 1.244450401052558], "Sigma": [[0.004435319397013156, -0.00037022647505182077, -0.003151154638963553], [-0.0003702264750518209, 0.003057555388983337, -0.005444979945246904], [-0.003151154638963553, -0.005444979945246904, 0.024121189685746974]], "chi2_level": 0.99, "chi2_df": 3, "chi2_threshold": 11.344866730144373, "N_raw": 101, "N_roi": 101, "N_inlier": 98, "refit": true}
{"timestamp": "17:36:50.057542", "frame": 38, "mu": [0.47052363971537015, 1.1001865154655366, 1.1915316313413908], "Sigma": [[0.00489042557616685, -0.004817661152305466, 0.00805107956897221], [-0.004817661152305466, 0.009048274727338943, -0.014344950284545223], [0.008051079568972209, -0.01434495028454522, 0.07974014347945646]], "chi2_level": 0.99, "chi2_df": 3, "chi2_threshold": 11.344866730144373, "N_raw": 80, "N_roi": 80, "N_inlier": 75, "refit": true}
{"timestamp": "17:36:50.115681", "frame": 39, "mu": [0.44088664301468067, 1.0606096586559028, 1.2769602501423503], "Sigma": [[0.0057307412629834294, 4.892302964530182e-05, -0.006204870504106275], [4.892302964530182e-05, 0.0014405885115520416, -0.0007422172147700441], [-0.006204870504106275, -0.0007422172147700441, 0.02151306098666711]], "chi2_level": 0.99, "chi2_df": 3, "chi2_threshold": 11.344866730144373, "N_raw": 92, "N_roi": 92, "N_inlier": 85, "refit": true}
{"timestamp": "17:36:50.165709", "frame": 40, "mu": [0.33296915626497, 1.067857274566778, 1.2211031773606371], "Sigma": [[0.004476180038351803, -0.003474576294404987, 0.005972091537218208], [-0.0034745762944049874, 0.006758304087266044, -0.01007295402214106], [0.005972091537218207, -0.01007295402214106, 0.09477220445006568]], "chi2_level": 0.99, "chi2_df": 3, "chi2_threshold": 11.344866730144373, "N_raw": 59, "N_roi": 59, "N_inlier": 53, "refit": true}
{"timestamp": "17:36:50.216271", "frame": 41, "mu": [0.24591508096264206, 1.1021945323402087, 0.8937173596932726], "Sigma": [[0.015136740309418244, -0.007778046032186051, 0.027682693619380867], [-0.007778046032186051, 0.013742961276163224, -0.012152928876171424], [0.027682693619380867, -0.012152928876171424, 0.0784232134370846]], "chi2_level": 0.99, "chi2_df": 3, "chi2_threshold": 11.344866730144373, "N_raw": 42, "N_roi": 42, "N_inlier": 40, "refit": true}
{"timestamp": "17:36:50.278638", "frame": 42, "mu": [0.23847424362935243, 1.1703692820014187, -0.1579832139610658], "Sigma": [[0.0045934543473503614, -0.002225622300534255, 0.029992339139013786], [-0.002225622300534255, 0.009923115849067523, -0.04861632034618414], [0.029992339139013786, -0.04861632034618414, 0.4226324303316182]], "chi2_level": 0.99, "chi2_df": 3, "chi2_threshold": 11.344866730144373, "N_raw": 85, "N_roi": 85, "N_inlier": 80, "refit": true}
{"timestamp": "17:36:50.326775", "frame": 43, "mu": [0.20431668943978706, 0.9886166776614859, 1.240137982582796], "Sigma": [[0.003868512360235953, -0.0011244778355301353, -0.0030349589296310093], [-0.0011244778355301353, 0.002957976984585709, 0.0010018921505293345], [-0.0030349589296310093, 0.0010018921505293345, 0.007421095311023193]], "chi2_level": 0.99, "chi2_df": 3, "chi2_threshold": 11.344866730144373, "N_raw": 42, "N_roi": 42, "N_inlier": 38, "refit": true}
{"timestamp": "17:36:50.385764", "frame": 44, "mu": [0.0753013642154635, 1.041961285837971, 1.2863026889622418], "Sigma": [[0.002130268606614181, -0.0014850451491731555, -0.0007334421225525893], [-0.0014850451491731555, 0.002796046843100736, -0.0011247371896474082], [-0.0007334421225525893, -0.0011247371896474078, 0.020277185611109184]], "chi2_level": 0.99, "chi2_df": 3, "chi2_threshold": 11.344866730144373, "N_raw": 73, "N_roi": 73, "N_inlier": 69, "refit": true}
{"timestamp": "17:36:50.445089", "frame": 45, "mu": [0.03970269027268737, 0.988597788975337, 1.166701931508257], "Sigma": [[0.003908730755222505, -0.0003553001456720373, 5.596816235284004e-05], [-0.00035530014567203733, 0.007688906432915397, -0.004403944997462071], [5.596816235284004e-05, -0.00440394499746207, 0.0035751011229509383]], "chi2_level": 0.99, "chi2_df": 3, "chi2_threshold": 11.344866730144373, "N_raw": 95, "N_roi": 95, "N_inlier": 94, "refit": true}
{"timestamp": "17:36:50.504978", "frame": 46, "mu": [-0.040236786026977236, 1.0492385417389416, 1.2792245860414804], "Sigma": [[0.005179798363852439, -0.003174449818726704, -0.009115899930524307], [-0.0031744498187267034, 0.008469828113565586, 0.017247766699147897], [-0.009115899930524307, 0.017247766699147897, 0.0667240981194373]], "chi2_level": 0.99, "chi2_df": 3, "chi2_threshold": 11.344866730144373, "N_raw": 104, "N_roi": 104, "N_inlier": 100, "refit": true}
{"timestamp": "17:36:50.553197", "frame": 47, "mu": [-0.10338677474567748, 1.0854250316646132, 1.3428791912190012], "Sigma": [[0.003276167785677774, -0.001077202193004552, -0.0036930495758547097], [-0.001077202193004552, 0.004427171755433339, 0.001999973820061973], [-0.0036930495758547097, 0.001999973820061973, 0.030785036037828128]], "chi2_level": 0.99, "chi2_df": 3, "chi2_threshold": 11.344866730144373, "N_raw": 90, "N_roi": 90, "N_inlier": 89, "refit": true}
{"timestamp": "17:36:50.611768", "frame": 48, "mu": [-0.15032446242754408, 1.230360970314478, -0.36404576003693123], "Sigma": [[0.004851656985467648, 0.0007151976454683466, -0.009794447166793034], [0.0007151976454683466, 0.00566377626038921, -0.004784097559898294], [-0.009794447166793034, -0.004784097559898294, 0.04655813531047023]], "chi2_level": 0.99, "chi2_df": 3, "chi2_threshold": 11.344866730144373, "N_raw": 110, "N_roi": 110, "N_inlier": 106, "refit": true}
{"timestamp": "17:36:50.669273", "frame": 49, "mu": [-0.18970607060847547, 1.1405024811909874, 0.25753292030705666], "Sigma": [[0.005313556239778007, -0.005470168113821153, 0.0380545567125429], [-0.005470168113821153, 0.01155466080750199, -0.058109631214207924], [0.038054556712542896, -0.058109631214207924, 0.5267998636730963]], "chi2_level": 0.99, "chi2_df": 3, "chi2_threshold": 11.344866730144373, "N_raw": 122, "N_roi": 122, "N_inlier": 119, "refit": true}
{"timestamp": "17:36:50.722828", "frame": 50, "mu": [-0.26306038649399327, 1.154334728033289, 0.22680246234033966], "Sigma": [[0.005802084453262759, -0.006009922812680223, 0.03835070774458651], [-0.006009922812680223, 0.015202562060296652, -0.06074477615638852], [0.0383507077445865, -0.06074477615638852, 0.48799340289332166]], "chi2_level": 0.99, "chi2_df": 3, "chi2_threshold": 11.344866730144373, "N_raw": 118, "N_roi": 118, "N_inlier": 118, "refit": true}
{"timestamp": "17:36:50.769838", "frame": 51, "mu": [-0.3176438717551385, 1.1549724814189528, 1.3547794951028898], "Sigma": [[0.00355111446195698, -0.0017318752371101472, -0.0020763216790982524], [-0.0017318752371101472, 0.0028134467015142528, -0.0011330107449036726], [-0.0020763216790982524, -0.0011330107449036724, 0.005699533883538418]], "chi2_level": 0.99, "chi2_df": 3, "chi2_threshold": 11.344866730144373, "N_raw": 60, "N_roi": 60, "N_inlier": 57, "refit": true}
{"timestamp": "17:36:50.827846", "frame": 52, "mu": [-0.3861431926392963, 1.1031559085531033, 1.285037722933306], "Sigma": [[0.004284460196566292, -0.002044169536884723, -0.008306657597716965], [-0.002044169536884723, 0.0081758675677206, 0.0035444480051076473], [-0.008306657597716966, 0.0035444480051076473, 0.039263716976554]], "chi2_level": 0.99, "chi2_df": 3, "chi2_threshold": 11.344866730144373, "N_raw": 90, "N_roi": 90, "N_inlier": 86, "refit": true}
{"timestamp": "17:36:50.880001", "frame": 53, "mu": [-0.48723900678230364, 1.0701346335288626, 1.3170683035548463], "Sigma": [[0.004288424363443597, -0.002943565654297058, -0.0029785442931843263], [-0.002943565654297058, 0.010063895216983518, 0.0032558667422374205], [-0.0029785442931843263, 0.0032558667422374205, 0.0049549523302225085]], "chi2_level": 0.99, "chi2_df": 3, "chi2_threshold": 11.344866730144373, "N_raw": 61, "N_roi": 61, "N_inlier": 58, "refit": true}
{"timestamp": "17:36:50.938098", "frame": 54, "mu": [-0.5453139347329965, 1.1379061868038236, 1.3568032898776383], "Sigma": [[0.006550920940849491, -0.0035249456103090527, -0.011164803394783554], [-0.0035249456103090527, 0.007776939624874185, 0.009604025104988523], [-0.011164803394783554, 0.009604025104988523, 0.05218047944435385]], "chi2_level": 0.99, "chi2_df": 3, "chi2_threshold": 11.344866730144373, "N_raw": 90, "N_roi": 90, "N_inlier": 86, "refit": true}
{"timestamp": "17:36:50.993523", "frame": 55, "mu": [-0.6147996529241979, 1.1860738652352318, -0.3802190535399813], "Sigma": [[0.004893925709929719, -0.00034492478016631017, 0.015382862480480007], [-0.0003449247801663099, 0.019899348273874327, 0.024485751979152176], [0.015382862480480004, 0.024485751979152176, 0.26732031062361533]], "chi2_level": 0.99, "chi2_df": 3, "chi2_threshold": 11.344866730144373, "N_raw": 81, "N_roi": 80, "N_inlier": 79, "refit": true}
{"timestamp": "17:36:51.045117", "frame": 56, "mu": [-0.6751192603593289, 1.1033119216330263, 1.3231080545969753], "Sigma": [[0.004958763899496672, -0.004804265164866936, -0.005848533481266356], [-0.004804265164866936, 0.01197184708581372, 0.004628251595507687], [-0.005848533481266356, 0.0046282515955076865, 0.011011341008286922]], "chi2_level": 0.99, "chi2_df": 3, "chi2_threshold": 11.344866730144373, "N_raw": 71, "N_roi": 71, "N_inlier": 68, "refit": true}
{"timestamp": "17:36:51.097984", "frame": 57, "mu": [-0.6994063821532405, 1.2957663954614038, -0.2808198338278155], "Sigma": [[0.003536698477249931, -0.00016547210012173404, -0.0009685570187955338], [-0.0001654721001217341, 0.0058635446034977475, -0.0003364271013447732], [-0.0009685570187955338, -0.0003364271013447729, 0.004389298636896383]], "chi2_level": 0.99, "chi2_df": 3, "chi2_threshold": 11.344866730144373, "N_raw": 57, "N_roi": 57, "N_inlier": 51, "refit": true}
{"timestamp": "17:36:51.155047", "frame": 58, "mu": [-0.7998323259743261, 1.153827344087555, 1.3583515169529505], "Sigma": [[0.005721551855218053, -0.0020007134063432784, -0.0035130733249919086], [-0.002000713406343278, 0.008182090250301649, 0.0014378951177084118], [-0.003513073324991909, 0.0014378951177084118, 0.0066636328143761135]], "chi2_level": 0.99, "chi2_df": 3, "chi2_threshold": 11.344866730144373, "N_raw": 71, "N_roi": 71, "N_inlier": 64, "refit": true}
{"timestamp": "17:36:51.212447", "frame": 59, "mu": [-0.9297450722410755, 1.0804978870946673, 1.377088633438863], "Sigma": [[0.0370094481308936, 0.014212790830544256, -0.023395129749482258], [0.014212790830544254, 0.012927839404865171, -0.009986470312165915], [-0.023395129749482258, -0.009986470312165915, 0.017068129948363518]], "chi2_level": 0.99, "chi2_df": 3, "chi2_threshold": 11.344866730144373, "N_raw": 83, "N_roi": 83, "N_inlier": 78, "refit": true}
{"timestamp": "17:36:51.269321", "frame": 60, "mu": [-0.9984145980051913, 1.1240952863525508, 1.3843579104887627], "Sigma": [[0.027307395142871893, 0.016481158536711824, -0.009781744506313058], [0.016481158536711824, 0.026753769283305716, -0.0030149098226485557], [-0.009781744506313058, -0.0030149098226485557, 0.0076794618408018355]], "chi2_level": 0.99, "chi2_df": 3, "chi2_threshold": 11.344866730144373, "N_raw": 95, "N_roi": 95, "N_inlier": 91, "refit": true}
{"timestamp": "17:36:51.322458", "frame": 61, "mu": [-1.034176657040879, 1.2352009896650034, 1.5555226740479153], "Sigma": [[0.03628317211040047, 0.022679555843441057, -0.019296578689088573], [0.02267955584344105, 0.023674944744185272, -0.011172624439625559], [-0.019296578689088573, -0.011172624439625559, 0.013556632281676044]], "chi2_level": 0.99, "chi2_df": 3, "chi2_threshold": 11.344866730144373, "N_raw": 83, "N_roi": 83, "N_inlier": 81, "refit": true}
{"timestamp": "17:36:51.375509", "frame": 62, "mu": [-1.1695417923673674, 1.1501840551476539, -0.5097620695363457], "Sigma": [[0.03969265124572288, 0.03168041922402266, 0.004212874304642258], [0.03168041922402266, 0.03693408764110628, 0.011977203162383815], [0.004212874304642259, 0.011977203162383817, 0.02542513653630049]], "chi2_level": 0.99, "chi2_df": 3, "chi2_threshold": 11.344866730144373, "N_raw": 66, "N_roi": 66, "N_inlier": 63, "refit": true}
{"timestamp": "17:36:51.425595", "frame": 63, "mu": [-1.3939652118009571, 1.0332493224269312, 1.4546366151172743], "Sigma": [[0.05827872062541126, 0.03203761010052447, -0.06163126870881578], [0.03203761010052447, 0.028577506336934917, -0.027436672117697902], [-0.06163126870881578, -0.027436672117697902, 0.08026351273834073]], "chi2_level": 0.99, "chi2_df": 3, "chi2_threshold": 11.344866730144373, "N_raw": 42, "N_roi": 42, "N_inlier": 41, "refit": true}
{"timestamp": "17:36:51.483857", "frame": 64, "mu": [-1.241380119636039, 1.2219145295159883, 1.4282203142252938], "Sigma": [[0.05400404348597147, 0.020094563687494064, -0.07579735120371914], [0.020094563687494064, 0.011771681020548366, -0.023958357827506684], [-0.07579735120371914, -0.023958357827506684, 0.14131454819968683]], "chi2_level": 0.99, "chi2_df": 3, "chi2_threshold": 11.344866730144373, "N_raw": 63, "N_roi": 63, "N_inlier": 60, "refit": true}
{"timestamp": "17:36:51.547039", "frame": 65, "mu": [-1.3934455534125685, 1.24399743021766, 1.5438087562820355], "Sigma": [[0.03646868052706308, 0.017888976001420823, -0.02900414318986338], [0.017888976001420823, 0.01662031028607771, -0.014689477197739227], [-0.02900414318986338, -0.014689477197739227, 0.03530747596492231]], "chi2_level": 0.99, "chi2_df": 3, "chi2_threshold": 11.344866730144373, "N_raw": 113, "N_roi": 113, "N_inlier": 107, "refit": true}
{"timestamp": "17:36:51.605581", "frame": 66, "mu": [-1.3444904032706737, 1.2842910324064603, 1.333052718367735], "Sigma": [[0.053856655454184665, 0.02020386771167967, -0.09015797230534192], [0.02020386771167967, 0.01661979846597674, -0.0340953681103067], [-0.09015797230534192, -0.034095368110306695, 0.190354227449874]], "chi2_level": 0.99, "chi2_df": 3, "chi2_threshold": 11.344866730144373, "N_raw": 140, "N_roi": 140, "N_inlier": 137, "refit": true}
{"timestamp": "17:36:51.662562", "frame": 67, "mu": [-1.3458201037312716, 1.3887232259105144, 1.2644274809682448], "Sigma": [[0.04459558893349935, 0.021650448502727924, -0.07538665143064158], [0.021650448502727924, 0.019992903558647447, -0.03797356894130221], [-0.07538665143064158, -0.03797356894130221, 0.23038593444013092]], "chi2_level": 0.99, "chi2_df": 3, "chi2_threshold": 11.344866730144373, "N_raw": 150, "N_roi": 150, "N_inlier": 148, "refit": true}
{"timestamp": "17:36:51.716474", "frame": 68, "mu": [-1.395150688043059, 1.3477786983148656, 1.1737014237944754], "Sigma": [[0.06926138767090229, 0.03747951142693805, -0.08476996531964862], [0.03747951142693805, 0.03417717996018002, -0.043952374425704925], [-0.08476996531964862, -0.04395237442570493, 0.24698470322913985]], "chi2_level": 0.99, "chi2_df": 3, "chi2_threshold": 11.344866730144373, "N_raw": 133, "N_roi": 133, "N_inlier": 131, "refit": true}
{"timestamp": "17:36:51.767509", "frame": 69, "mu": [-1.3507679260822107, 1.465215950410083, 1.0688366385211894], "Sigma": [[0.040587478386402344, 0.022616958449237924, -0.06371251132029356], [0.022616958449237924, 0.021558266210821, -0.058949299298481285], [-0.06371251132029354, -0.05894929929848128, 0.22167587148626877]], "chi2_level": 0.99, "chi2_df": 3, "chi2_threshold": 11.344866730144373, "N_raw": 113, "N_roi": 113, "N_inlier": 110, "refit": true}
{"timestamp": "17:36:51.817604", "frame": 70, "mu": [-1.5074428545141032, 1.4481345625607969, 1.4938994158101453], "Sigma": [[0.046003876173848365, 0.02609038258701502, -0.048619627994782165], [0.02609038258701502, 0.019614317181856543, -0.031741280230082033], [-0.048619627994782165, -0.031741280230082033, 0.07878076459728678]], "chi2_level": 0.99, "chi2_df": 3, "chi2_threshold": 11.344866730144373, "N_raw": 80, "N_roi": 80, "N_inlier": 76, "refit": true}
{"timestamp": "17:36:51.870811", "frame": 71, "mu": [-1.4453754057604313, 1.57397524626179, 1.2821569925835414], "Sigma": [[0.03868215494284187, 0.017283628457056235, -0.02963186031890991], [0.017283628457056235, 0.009981181111138855, -0.01902329755331038], [-0.02963186031890991, -0.01902329755331038, 0.05551356618770566]], "chi2_level": 0.99, "chi2_df": 3, "chi2_threshold": 11.344866730144373, "N_raw": 79, "N_roi": 79, "N_inlier": 74, "refit": true}
{"timestamp": "17:36:51.925566", "frame": 72, "mu": [-1.4795367245101088, 1.6166014767202792, 1.3633121871535152], "Sigma": [[0.04355531081412341, 0.027649423133492536, -0.036483805009554095], [0.027649423133492536, 0.024965306291799588, -0.024033868554046434], [-0.036483805009554095, -0.024033868554046434, 0.0505241048438639]], "chi2_level": 0.99, "chi2_df": 3, "chi2_threshold": 11.344866730144373, "N_raw": 70, "N_roi": 70, "N_inlier": 65, "refit": true}
{"timestamp": "17:36:51.982461", "frame": 73, "mu": [-1.5110849620244178, 1.7208088808409192, 1.4894733992807874], "Sigma": [[0.03745995242405603, 0.017302120704081582, -0.030155455786874667], [0.017302120704081582, 0.019297745309958522, -0.018086646919452984], [-0.030155455786874667, -0.01808664691945298, 0.047316272761819655]], "chi2_level": 0.99, "chi2_df": 3, "chi2_threshold": 11.344866730144373, "N_raw": 84, "N_roi": 84, "N_inlier": 82, "refit": true}
{"timestamp": "17:36:52.040533", "frame": 74, "mu": [-1.5351333819927797, 1.7462692506460304, 1.286857436352519], "Sigma": [[0.05044201245289641, 0.026330845846838, -0.020655212454866505], [0.026330845846837998, 0.019150390728827904, -0.017090169526965557], [-0.020655212454866505, -0.017090169526965557, 0.05093213745927113]], "chi2_level": 0.99, "chi2_df": 3, "chi2_threshold": 11.344866730144373, "N_raw": 103, "N_roi": 103, "N_inlier": 100, "refit": true}
{"timestamp": "17:36:52.092447", "frame": 75, "mu": [-1.5612848151783247, 1.870449967385255, 1.385213971189548], "Sigma": [[0.028594069933908256, 0.017333338865544605, -0.02469256845599093], [0.017333338865544605, 0.014715172319330413, -0.019512352865570202], [-0.024692568455990934, -0.019512352865570202, 0.08336617816766873]], "chi2_level": 0.99, "chi2_df": 3, "chi2_threshold": 11.344866730144373, "N_raw": 83, "N_roi": 83, "N_inlier": 80, "refit": true}
{"timestamp": "17:36:52.150042", "frame": 76, "mu": [-1.7608584810489853, 1.7335660252530356, 1.1908598576724942], "Sigma": [[0.07538768491218918, 0.06135954055141234, -0.012240533345322074], [0.061359540551412343, 0.054671374364907016, -0.01722202423494065], [-0.012240533345322071, -0.017222024234940653, 0.06218068564117618]], "chi2_level": 0.99, "chi2_df": 3, "chi2_threshold": 11.344866730144373, "N_raw": 94, "N_roi": 93, "N_inlier": 90, "refit": true}
{"timestamp": "17:36:52.194577", "frame": 77, "mu": [-1.5516410134205934, 2.158691661388164, -0.35108009285799596], "Sigma": [[0.004946943633207512, -0.00014404624528262342, 0.0037654302011942645], [-0.0001440462452826232, 0.02117527985792817, -0.05684188403618198], [0.0037654302011942637, -0.05684188403618198, 0.17041193228896803]], "chi2_level": 0.99, "chi2_df": 3, "chi2_threshold": 11.344866730144373, "N_raw": 28, "N_roi": 28, "N_inlier": 27, "refit": true}
{"timestamp": "17:36:52.255215", "frame": 78, "mu": [-1.5132367857807063, 2.081835966302294, 1.3663057811522006], "Sigma": [[0.010274086511221135, 0.0017430809154141255, -0.008173441486801422], [0.001743080915414126, 0.008730909821184138, -0.004395815582032687], [-0.008173441486801422, -0.004395815582032687, 0.019379549846994727]], "chi2_level": 0.99, "chi2_df": 3, "chi2_threshold": 11.344866730144373, "N_raw": 69, "N_roi": 69, "N_inlier": 63, "refit": true}
{"timestamp": "17:36:52.308937", "frame": 79, "mu": [-1.5265808866997834, 2.117809730579123, 1.2709127820665254], "Sigma": [[0.014295716255945277, 0.0035540019728439697, 0.010244495026638656], [0.0035540019728439697, 0.005221004101363642, -0.003307760439833907], [0.010244495026638658, -0.0033077604398339066, 0.06069849401656999]], "chi2_level": 0.99, "chi2_df": 3, "chi2_threshold": 11.344866730144373, "N_raw": 55, "N_roi": 55, "N_inlier": 52, "refit": true}
{"timestamp": "17:36:52.357010", "frame": 80, "mu": [-1.664946160487602, 2.1920067335006785, 0.8101972724908268], "Sigma": [[0.028999873148395958, -0.0026687294680527098, 0.04352766577324345], [-0.0026687294680527098, 0.009001050105499802, -0.026263908836550314], [0.043527665773243435, -0.026263908836550314, 0.3084043062221398]], "chi2_level": 0.99, "chi2_df": 3, "chi2_threshold": 11.344866730144373, "N_raw": 11, "N_roi": 11, "N_inlier": 11, "refit": true}
{"timestamp": "17:36:52.412903", "frame": 81, "mu": [-1.5736637504954574, 2.2477881913283624, 1.0821997480268073], "Sigma": [[0.005564864858272628, 0.0006317209065273688, 0.030894834816096884], [0.0006317209065273688, 0.0067933997182863465, 0.02243375200486243], [0.030894834816096884, 0.02243375200486243, 0.4409180362250103]], "chi2_level": 0.99, "chi2_df": 3, "chi2_threshold": 11.344866730144373, "N_raw": 18, "N_roi": 18, "N_inlier": 18, "refit": true}
{"timestamp": "17:36:52.474758", "frame": 82, "mu": [-1.6001228208141764, 2.334039176045491, -0.14100216894869771], "Sigma": [[0.009513056371974154, 0.00404916794319465, -0.005517764428895315], [0.00404916794319465, 0.009869755656660728, -0.014242455907773472], [-0.005517764428895315, -0.014242455907773474, 0.02763414398676766]], "chi2_level": 0.99, "chi2_df": 3, "chi2_threshold": 11.344866730144373, "N_raw": 60, "N_roi": 60, "N_inlier": 56, "refit": true}
{"timestamp": "17:36:52.527504", "frame": 83, "mu": [-1.6055108764330137, 2.2996938071279107, 1.2918866948997203], "Sigma": [[0.008008654658030573, 0.0012427748629179718, -0.002114731162757377], [0.0012427748629179718, 0.00595166890902673, -0.00212993986175513], [-0.0021147311627573756, -0.002129939861755129, 0.15354579895742335]], "chi2_level": 0.99, "chi2_df": 3, "chi2_threshold": 11.344866730144373, "N_raw": 49, "N_roi": 49, "N_inlier": 47, "refit": true}
{"timestamp": "17:36:52.575948", "frame": 84, "mu": [-1.6437003729544717, 2.3225358525592976, 1.0090527296781189], "Sigma": [[0.0021787805780863973, -0.0007724714128410507, 0.004836829821889299], [-0.0007724714128410506, 0.011506526921565684, -0.004115266392502619], [0.0048368298218893, -0.004115266392502615, 0.24195856880796832]], "chi2_level": 0.99, "chi2_df": 3, "chi2_threshold": 11.344866730144373, "N_raw": 9, "N_roi": 9, "N_inlier": 9, "refit": true}
{"timestamp": "17:36:52.635183", "frame": 85, "mu": [-1.6597223963189238, 2.425242880005672, 1.271271642537973], "Sigma": [[0.009302156210512358, 0.0030405452853546526, -0.01154166191132582], [0.0030405452853546535, 0.003995630835183442, -0.005833600195129384], [-0.011541661911325819, -0.005833600195129384, 0.02226225122682703]], "chi2_level": 0.99, "chi2_df": 3, "chi2_threshold": 11.344866730144373, "N_raw": 36, "N_roi": 36, "N_inlier": 35, "refit": true}
{"timestamp": "17:36:52.693667", "frame": 86, "mu": [-1.691697547727761, 2.456420188130556, 1.4685537114000848], "Sigma": [[0.014044677387226963, 0.0018489757301588111, -0.015288282336518914], [0.0018489757301588118, 0.007377099801081076, -0.0020140565337773224], [-0.015288282336518914, -0.002014056533777322, 0.03881897728757793]], "chi2_level": 0.99, "chi2_df": 3, "chi2_threshold": 11.344866730144373, "N_raw": 59, "N_roi": 59, "N_inlier": 56, "refit": true}
{"timestamp": "17:36:52.748495", "frame": 87, "mu": [-1.6733938150704866, 2.553191812606377, 1.2278531470877523], "Sigma": [[0.00795522860520415, 0.002642510565227408, -0.004703590893632936], [0.002642510565227408, 0.005597849232411357, -0.0007847440787800643], [-0.004703590893632936, -0.0007847440787800636, 0.07380290853024374]], "chi2_level": 0.99, "chi2_df": 3, "chi2_threshold": 11.344866730144373, "N_raw": 53, "N_roi": 53, "N_inlier": 50, "refit": true}
{"timestamp": "17:36:52.804175", "frame": 88, "mu": [-1.7144917286492056, 2.6249098049451454, 1.0965939274280536], "Sigma": [[0.009521889274904148, 0.0022774073856414944, 0.011897428855617224], [0.002277407385641494, 0.004807516972552451, -0.005930515684150169], [0.011897428855617223, -0.005930515684150169, 0.13532855670264884]], "chi2_level": 0.99, "chi2_df": 3, "chi2_threshold": 11.344866730144373, "N_raw": 58, "N_roi": 58, "N_inlier": 58, "refit": true}
{"timestamp": "17:36:52.853896", "frame": 89, "mu": [-1.6776877471044795, 2.693860292073317, 1.255889538595777], "Sigma": [[0.006318666050446203, 0.00046519057116423227, 0.010224037087421131], [0.0004651905711642322, 0.004287360914578466, -0.010346899586761337], [0.010224037087421131, -0.010346899586761337, 0.1347838623754644]], "chi2_level": 0.99, "chi2_df": 3, "chi2_threshold": 11.344866730144373, "N_raw": 28, "N_roi": 28, "N_inlier": 28, "refit": true}
{"timestamp": "17:36:52.915729", "frame": 90, "mu": [-1.6826083681940378, 2.8734402351655874, -0.269439339659617], "Sigma": [[0.01678856992036051, -0.0010362509743780108, 0.0055967357975177], [-0.0010362509743780113, 0.018298818744313078, -0.0320657658359247], [0.005596735797517701, -0.0320657658359247, 0.06241074883625356]], "chi2_level": 0.99, "chi2_df": 3, "chi2_threshold": 11.344866730144373, "N_raw": 74, "N_roi": 74, "N_inlier": 73, "refit": true}
{"timestamp": "17:36:52.972687", "frame": 91, "mu": [-1.6868038656300643, 2.7444790757042297, 1.0355961219087635], "Sigma": [[0.020233907056067084, 0.003806129234859349, 0.011203001436864939], [0.003806129234859349, 0.005915086688850919, -0.00972619519860176], [0.011203001436864939, -0.00972619519860176, 0.0670544456593439]], "chi2_level": 0.99, "chi2_df": 3, "chi2_threshold": 11.344866730144373, "N_raw": 64, "N_roi": 64, "N_inlier": 63, "refit": true}
{"timestamp": "17:36:53.017368", "frame": 92, "mu": [-1.763316831915537, 2.8144589836197724, 0.7908268527884121], "Sigma": [[0.008094082621891194, -0.0035498043902311913, 0.01973430167301035], [-0.003549804390231192, 0.004889268814869608, -0.01092176525035157], [0.01973430167301035, -0.01092176525035157, 0.3222197466824355]], "chi2_level": 0.99, "chi2_df": 3, "chi2_threshold": 11.344866730144373, "N_raw": 14, "N_roi": 14, "N_inlier": 14, "refit": true}
{"timestamp": "17:36:53.076989", "frame": 93, "mu": [-1.7343977609850005, 2.8315264381347935, 0.8944182201463663], "Sigma": [[0.017964731595282488, 0.002345891253895941, 0.039347138621253004], [0.002345891253895941, 0.002348702744472097, -0.001900584587048441], [0.039347138621253004, -0.0019005845870484423, 0.19073268511251237]], "chi2_level": 0.99, "chi2_df": 3, "chi2_threshold": 11.344866730144373, "N_raw": 48, "N_roi": 48, "N_inlier": 47, "refit": true}
{"timestamp": "17:36:53.126782", "frame": 94, "mu": [-1.680349290830005, 2.9050543999614593, 0.9547222039142557], "Sigma": [[0.009845014029789082, -0.001870648632202442, 0.04509897048657449], [-0.001870648632202442, 0.004755567123722749, -0.0052894320880216604], [0.04509897048657449, -0.0052894320880216604, 0.2545720005767557]], "chi2_level": 0.99, "chi2_df": 3, "chi2_threshold": 11.344866730144373, "N_raw": 9, "N_roi": 9, "N_inlier": 8, "refit": true}
{"timestamp": "17:36:53.186813", "frame": 95, "mu": [-1.714724153897764, 3.0958634746574774, 0.026864394648009837], "Sigma": [[0.01432365319490215, 0.005290660889178949, -0.004920044195907528], [0.00529066088917895, 0.006166689445189379, -0.011488340218857229], [-0.004920044195907529, -0.011488340218857227, 0.02776747319728377]], "chi2_level": 0.99, "chi2_df": 3, "chi2_threshold": 11.344866730144373, "N_raw": 39, "N_roi": 39, "N_inlier": 36, "refit": true}
{"timestamp": "17:36:53.243443", "frame": 96, "mu": [-1.756959625535698, 3.051273949943355, 1.1362640059466573], "Sigma": [[0.01738366585155877, 0.007699427779407811, 0.02397172555473536], [0.007699427779407811, 0.00642804392905053, 0.01691395414335991], [0.02397172555473536, 0.01691395414335991, 0.15431523341224965]], "chi2_level": 0.99, "chi2_df": 3, "chi2_threshold": 11.344866730144373, "N_raw": 59, "N_roi": 59, "N_inlier": 58, "refit": true}
