{"timestamp": "17:54:46.778096", "frame": 4, "mu": [2.169643562554805, 4.832127493805262, 0.8564491194036785], "Sigma": [[0.02454056579980981, -0.011166545073800518, -0.007451678892685644], [-0.011166545073800518, 0.009287577685839257, 0.005557026163734158], [-0.007451678892685644, 0.005557026163734158, 0.004931687288384717]], "chi2_level": 0.99, "chi2_df": 3, "chi2_threshold": 11.344866730144373, "N_raw": 35, "N_roi": 29, "N_inlier": 29, "refit": true}
{"timestamp": "17:54:46.995782", "frame": 8, "mu": [2.1769579727063184, 4.869467420927144, 0.993220481371029], "Sigma": [[0.008127814332189438, -0.004680051231626656, -0.005437966609323387], [-0.004680051231626656, 0.0057890529094561495, 0.005666836914565541], [-0.0054379666093233876, 0.005666836914565541, 0.007081168330597632]], "chi2_level": 0.99, "chi2_df": 3, "chi2_threshold": 11.344866730144373, "N_raw": 12, "N_roi": 10, "N_inlier": 10, "refit": true}
{"timestamp": "17:54:47.105835", "frame": 10, "mu": [2.190619090856184, 4.859624915968216, 1.1251035501904982], "Sigma": [[0.014972488938833869, -0.006577081212596581, -0.006153056521987558], [-0.006577081212596581, 0.005085141818490849, 0.0025854667600989124], [-0.006153056521987558, 0.0025854667600989124, 0.0050509507304998995]], "chi2_level": 0.99, "chi2_df": 3, "chi2_threshold": 11.344866730144373, "N_raw": 18, "N_roi": 17, "N_inlier": 17, "refit": true}
{"timestamp": "17:54:47.382779", "frame": 15, "mu": [2.2349434863400957, 4.904703373223466, 0.15164363515489804], "Sigma": [[0.018863483776240527, -0.006181073901272939, -0.001979736508173263], [-0.0061810739012729396, 0.0033878977900839175, 0.0007085473819361159], [-0.001979736508173263, 0.0007085473819361158, 0.0004351528539799054]], "chi2_level": 0.99, "chi2_df": 3, "chi2_threshold": 11.344866730144373, "N_raw": 33, "N_roi": 16, "N_inlier": 16, "refit": true}
{"timestamp": "17:54:47.544362", "frame": 18, "mu": [2.1523928150802014, 4.8094914501409525, 0.7419402700045347], "Sigma": [[0.004312701318222201, -0.0012252438281416414, -0.006447497551574557], [-0.0012252438281416414, 0.0012332442554889216, -0.0005512234741511272], [-0.006447497551574557, -0.0005512234741511272, 0.02105123896635683]], "chi2_level": 0.99, "chi2_df": 3, "chi2_threshold": 11.344866730144373, "N_raw": 8, "N_roi": 7, "N_inlier": 7, "refit": true}
{"timestamp": "17:54:47.599530", "frame": 19, "mu": [2.1814484278234776, 4.744864218619714, 0.713693875813229], "Sigma": [[0.009689979373929564, -0.001352909975079597, -0.022884892014291846], [-0.001352909975079597, 0.00044914419085223013, 0.0051408817806669], [-0.022884892014291846, 0.0051408817806669, 0.07477420997277502]], "chi2_level": 0.99, "chi2_df": 3, "chi2_threshold": 11.344866730144373, "N_raw": 8, "N_roi": 5, "N_inlier": 5, "refit": true}
{"timestamp": "17:54:47.709005", "frame": 21, "mu": [1.8922664821834774, 4.12697412131652, 1.034568703888958], "Sigma": [[0.5086135802586454, 1.09702133101154, -0.3139811993126553], [1.09702133101154, 2.367933264423624, -0.6706032664592233], [-0.3139811993126553, -0.6706032664592233, 0.21847519009642896]], "chi2_level": 0.99, "chi2_df": 3, "chi2_threshold": 11.344866730144373, "N_raw": 6, "N_roi": 5, "N_inlier": 5, "refit": true}
{"timestamp": "17:54:47.766132", "frame": 22, "mu": [2.22602190043854, 4.581195559480096, 0.6861595389473749], "Sigma": [[0.013887586593194404, -0.00767266581634322, -0.0014408232546024346], [-0.00767266581634322, 0.004823474863930782, -0.001368576236631642], [-0.0014408232546024348, -0.001368576236631642, 0.022181409608166246]], "chi2_level": 0.99, "chi2_df": 3, "chi2_threshold": 11.344866730144373, "N_raw": 19, "N_roi": 17, "N_inlier": 16, "refit": true}
{"timestamp": "17:54:47.819667", "frame": 23, "mu": [2.118540232423175, 4.769809141818499, 0.09182835292496075], "Sigma": [[0.0035606861327147766, -0.0017409730121239384, -0.003882253333305863], [-0.0017409730121239384, 0.008403174483528305, -0.013659899016350507], [-0.0038822533333058625, -0.013659899016350507, 0.04312653546389603]], "chi2_level": 0.99, "chi2_df": 3, "chi2_threshold": 11.344866730144373, "N_raw": 9, "N_roi": 7, "N_inlier": 7, "refit": true}
{"timestamp": "17:54:47.881899", "frame": 24, "mu": [2.151173727066289, 4.71309707277599, -0.48809527340516295], "Sigma": [[0.04121901822216266, -0.01700517714752127, 0.018042997239878282], [-0.01700517714752127, 0.010668898471414579, -0.021639218961983477], [0.01804299723987829, -0.021639218961983477, 0.08955998892773466]], "chi2_level": 0.99, "chi2_df": 3, "chi2_threshold": 11.344866730144373, "N_raw": 60, "N_roi": 55, "N_inlier": 55, "refit": true}
{"timestamp": "17:54:47.935212", "frame": 25, "mu": [2.1527687822473673, 4.427068250207114, 0.39126994832172485], "Sigma": [[0.02187472183473957, -0.0060229936313623686, 0.025926703866960485], [-0.0060229936313623686, 0.001954713277437726, -0.0073698071057461696], [0.025926703866960485, -0.0073698071057461696, 0.05299340185032784]], "chi2_level": 0.99, "chi2_df": 3, "chi2_threshold": 11.344866730144373, "N_raw": 25, "N_roi": 21, "N_inlier": 21, "refit": true}
{"timestamp": "17:54:47.994707", "frame": 26, "mu": [2.0680294490129856, 4.380253238423288, 0.34613362560169536], "Sigma": [[0.03611825070022835, -0.013973228051467711, 0.020807480272151718], [-0.013973228051467711, 0.006441742670534319, -0.00953593925738876], [0.02080748027215172, -0.00953593925738876, 0.0609733906580161]], "chi2_level": 0.99, "chi2_df": 3, "chi2_threshold": 11.344866730144373, "N_raw": 59, "N_roi": 58, "N_inlier": 58, "refit": true}
{"timestamp": "17:54:48.045111", "frame": 27, "mu": [1.9391307213881823, 4.362110561893174, 0.11815022263165034], "Sigma": [[0.02386298139419359, -0.010347647252901764, 0.006609563288354532], [-0.010347647252901765, 0.006551467520219757, -0.00457742334465388], [0.006609563288354532, -0.00457742334465388, 0.005065973014472316]], "chi2_level": 0.99, "chi2_df": 3, "chi2_threshold": 11.344866730144373, "N_raw": 31, "N_roi": 30, "N_inlier": 29, "refit": true}
{"timestamp": "17:54:48.102399", "frame": 28, "mu": [1.9940549190425214, 4.568300488237669, -0.2824431647594369], "Sigma": [[0.023673052954895128, -0.009030354999919572, -0.009185037828558975], [-0.009030354999919568, 0.008805526090664753, -0.006688544903174922], [-0.009185037828558975, -0.006688544903174923, 0.02616250359062887]], "chi2_level": 0.99, "chi2_df": 3, "chi2_threshold": 11.344866730144373, "N_raw": 46, "N_roi": 45, "N_inlier": 44, "refit": true}
{"timestamp": "17:54:48.209057", "frame": 30, "mu": [1.935266641849834, 4.23396471994751, 0.8192830126769869], "Sigma": [[0.011763911460201901, -0.00522058608831408, -0.004509370759230509], [-0.00522058608831408, 0.005133796715977177, -0.0011436427571879177], [-0.004509370759230509, -0.0011436427571879179, 0.010517332930436375]], "chi2_level": 0.99, "chi2_df": 3, "chi2_threshold": 11.344866730144373, "N_raw": 21, "N_roi": 17, "N_inlier": 17, "refit": true}
{"timestamp": "17:54:48.268359", "frame": 31, "mu": [1.8467490544243264, 4.201950292473734, 0.7025279465454638], "Sigma": [[0.03303414354255241, -0.01640469173804486, -0.01647140575847312], [-0.01640469173804486, 0.012617394932664831, 0.00556544037346103], [-0.01647140575847312, 0.005565440373461029, 0.01352608087512922]], "chi2_level": 0.99, "chi2_df": 3, "chi2_threshold": 11.344866730144373, "N_raw": 56, "N_roi": 56, "N_inlier": 55, "refit": true}
{"timestamp": "17:54:48.322127", "frame": 32, "mu": [1.8582426743928862, 4.365748262641929, -0.2709606504773939], "Sigma": [[0.026676661818878577, -0.007874358295349456, -0.03454552989563638], [-0.007874358295349458, 0.006111348531989195, 0.005509977624960154], [-0.03454552989563638, 0.005509977624960154, 0.05400866844697178]], "chi2_level": 0.99, "chi2_df": 3, "chi2_threshold": 11.344866730144373, "N_raw": 45, "N_roi": 44, "N_inlier": 43, "refit": true}
{"timestamp": "17:54:48.373308", "frame": 33, "mu": [1.8863730257703004, 4.0380047177848315, 0.49180668101116326], "Sigma": [[0.013438747712190204, -0.00809391523556256, -0.008534194890914022], [-0.00809391523556256, 0.005220757137034204, 0.004393940243660006], [-0.008534194890914022, 0.004393940243660005, 0.016607635371019405]], "chi2_level": 0.99, "chi2_df": 3, "chi2_threshold": 11.344866730144373, "N_raw": 21, "N_roi": 20, "N_inlier": 19, "refit": true}
{"timestamp": "17:54:48.426004", "frame": 34, "mu": [1.6413843568999276, 3.550102824306124, 0.9864609150427193], "Sigma": [[0.37156303220941017, 0.827536042054379, -0.1999644907317002], [0.827536042054379, 1.85031065537813, -0.4473133160316107], [-0.1999644907317002, -0.4473133160316107, 0.10814566935224185]], "chi2_level": 0.99, "chi2_df": 3, "chi2_threshold": 11.344866730144373, "N_raw": 5, "N_roi": 5, "N_inlier": 5, "refit": true}
{"timestamp": "17:54:48.542219", "frame": 36, "mu": [1.6688532341951996, 3.8575806672239072, 0.37491340817186086], "Sigma": [[0.025129034402697693, -0.007899541012340668, 0.007200991370735054], [-0.007899541012340668, 0.004606277818251836, -0.004734644566369589], [0.007200991370735054, -0.00473464456636959, 0.016847986749800835]], "chi2_level": 0.99, "chi2_df": 3, "chi2_threshold": 11.344866730144373, "N_raw": 51, "N_roi": 49, "N_inlier": 49, "refit": true}
{"timestamp": "17:54:48.596758", "frame": 37, "mu": [1.6655654990211872, 3.783289051987488, 0.3599841448985365], "Sigma": [[0.0241446584107027, -0.011086065353680608, 0.001758545597790737], [-0.011086065353680608, 0.008683459584779082, -0.003113517664702505], [0.001758545597790737, -0.0031135176647025045, 0.0018698323214176068]], "chi2_level": 0.99, "chi2_df": 3, "chi2_threshold": 11.344866730144373, "N_raw": 49, "N_roi": 49, "N_inlier": 46, "refit": true}
{"timestamp": "17:54:48.646059", "frame": 38, "mu": [1.5935440685980948, 3.689735398880528, 0.2683001196782112], "Sigma": [[0.010507690587108917, -0.010475081122950255, 0.0022253829822204705], [-0.010475081122950255, 0.010621987545316396, -0.00033062955779290457], [0.0022253829822204705, -0.00033062955779290413, 0.03777407792429687]], "chi2_level": 0.99, "chi2_df": 3, "chi2_threshold": 11.344866730144373, "N_raw": 5, "N_roi": 5, "N_inlier": 5, "refit": true}
{"timestamp": "17:54:48.706251", "frame": 39, "mu": [1.5330598577696801, 3.6908965769237474, 0.460633839973783], "Sigma": [[0.02054897280791069, -0.00922404256531097, -0.0033221415031429707], [-0.00922404256531097, 0.00535577989371356, -0.001498366570443436], [-0.0033221415031429707, -0.0014983665704434359, 0.014022926625392415]], "chi2_level": 0.99, "chi2_df": 3, "chi2_threshold": 11.344866730144373, "N_raw": 43, "N_roi": 43, "N_inlier": 43, "refit": true}
{"timestamp": "17:54:48.758195", "frame": 40, "mu": [1.4581092743311985, 3.6798698368349116, 0.702905553494756], "Sigma": [[0.006534477897447522, -0.0028075426193001083, -0.007609860291466328], [-0.002807542619300109, 0.0022157294268292643, 0.0010310187447645882], [-0.007609860291466328, 0.0010310187447645882, 0.01748860234681358]], "chi2_level": 0.99, "chi2_df": 3, "chi2_threshold": 11.344866730144373, "N_raw": 11, "N_roi": 10, "N_inlier": 10, "refit": true}
{"timestamp": "17:54:48.815304", "frame": 41, "mu": [1.4165359151567671, 3.6008782020616628, 0.6124514642263597], "Sigma": [[0.011266914623553283, -0.00791801848318697, -0.0022156027300859744], [-0.00791801848318697, 0.00930918327777402, 0.0005766228497021176], [-0.0022156027300859744, 0.0005766228497021176, 0.0018557299071718732]], "chi2_level": 0.99, "chi2_df": 3, "chi2_threshold": 11.344866730144373, "N_raw": 30, "N_roi": 30, "N_inlier": 30, "refit": true}
{"timestamp": "17:54:48.873302", "frame": 42, "mu": [1.2793171952063362, 3.5743037272367184, 0.6502970550661892], "Sigma": [[0.019163966890355967, -0.006958993487393013, -0.005225932352870548], [-0.006958993487393013, 0.00997594241499734, 0.00071525865993605], [-0.005225932352870548, 0.00071525865993605, 0.003935369531126107]], "chi2_level": 0.99, "chi2_df": 3, "chi2_threshold": 11.344866730144373, "N_raw": 55, "N_roi": 55, "N_inlier": 53, "refit": true}
{"timestamp": "17:54:48.934870", "frame": 43, "mu": [1.1842196528382851, 3.5491468607497194, 0.5491814513236516], "Sigma": [[0.030574289265696775, -0.011420187028096364, 0.011057905530681821], [-0.011420187028096364, 0.007928019785778097, -0.011578004695191532], [0.011057905530681821, -0.011578004695191532, 0.04632361696831323]], "chi2_level": 0.99, "chi2_df": 3, "chi2_threshold": 11.344866730144373, "N_raw": 93, "N_roi": 93, "N_inlier": 93, "refit": true}
{"timestamp": "17:54:48.985576", "frame": 44, "mu": [1.1452448585411714, 3.517928040342232, 0.6075960803752194], "Sigma": [[0.027977595692039826, -0.012635312497375182, 0.012266792681794238], [-0.012635312497375182, 0.007254736532666344, -0.010113160642323147], [0.012266792681794238, -0.010113160642323147, 0.033411352850957116]], "chi2_level": 0.99, "chi2_df": 3, "chi2_threshold": 11.344866730144373, "N_raw": 66, "N_roi": 66, "N_inlier": 64, "refit": true}
{"timestamp": "17:54:49.040617", "frame": 45, "mu": [1.0780893949094568, 3.4860640854089366, 0.6755148491796802], "Sigma": [[0.02392176731273196, -0.007742658304918992, 0.014992122899864908], [-0.007742658304918992, 0.004219900727954177, -0.009605121038032152], [0.01499212289986491, -0.009605121038032152, 0.06155004053180338]], "chi2_level": 0.99, "chi2_df": 3, "chi2_threshold": 11.344866730144373, "N_raw": 70, "N_roi": 70, "N_inlier": 70, "refit": true}
{"timestamp": "17:54:49.101231", "frame": 46, "mu": [0.9511954538004403, 3.3652171246388933, 0.3933966524644695], "Sigma": [[0.03580108081347113, -0.005439120774746041, 0.02693374526279545], [-0.005439120774746042, 0.0035989339053706486, -0.007610851430773183], [0.026933745262795447, -0.007610851430773184, 0.0826470334976135]], "chi2_level": 0.99, "chi2_df": 3, "chi2_threshold": 11.344866730144373, "N_raw": 109, "N_roi": 109, "N_inlier": 107, "refit": true}
{"timestamp": "17:54:49.153753", "frame": 47, "mu": [0.8965667848017469, 3.3139096542489335, 0.47988518147878734], "Sigma": [[0.024809128574389223, -0.005784722992318089, 0.00852724376887884], [-0.005784722992318088, 0.0029072413958392495, -0.007502486229576211], [0.00852724376887884, -0.0075024862295762105, 0.03973879592994915]], "chi2_level": 0.99, "chi2_df": 3, "chi2_threshold": 11.344866730144373, "N_raw": 87, "N_roi": 87, "N_inlier": 84, "refit": true}
{"timestamp": "17:54:49.202908", "frame": 48, "mu": [0.9527262963929111, 3.239633231439921, 0.7026754506008557], "Sigma": [[0.017774844683633544, -0.005118971415015421, 0.003291621759275297], [-0.005118971415015421, 0.003167048634111617, -0.004434356413362166], [0.003291621759275297, -0.004434356413362165, 0.010717320158170457]], "chi2_level": 0.99, "chi2_df": 3, "chi2_threshold": 11.344866730144373, "N_raw": 44, "N_roi": 44, "N_inlier": 43, "refit": true}
{"timestamp": "17:54:49.256379", "frame": 49, "mu": [0.829193573918148, 3.2225387018540754, 0.7504161631370662], "Sigma": [[0.013730603883445765, -0.003663035445430081, -0.00219669995506387], [-0.003663035445430081, 0.0016402421897665478, -0.002328454079122924], [-0.00219669995506387, -0.002328454079122924, 0.023656651007979028]], "chi2_level": 0.99, "chi2_df": 3, "chi2_threshold": 11.344866730144373, "N_raw": 47, "N_roi": 47, "N_inlier": 47, "refit": true}
{"timestamp": "17:54:49.314026", "frame": 50, "mu": [0.7264276880159374, 3.2016080286042774, 0.7472775884271186], "Sigma": [[0.01478837896812297, -0.003692405777697982, 0.0011484872203752557], [-0.003692405777697982, 0.00518408464060389, -0.00321267075359721], [0.0011484872203752561, -0.0032126707535972106, 0.008745774219184746]], "chi2_level": 0.99, "chi2_df": 3, "chi2_threshold": 11.344866730144373, "N_raw": 59, "N_roi": 57, "N_inlier": 56, "refit": true}
{"timestamp": "17:54:49.370188", "frame": 51, "mu": [0.684554685651843, 3.15817195226351, 0.6917863990391293], "Sigma": [[0.01497605872655026, -0.0038291866310470775, -0.00819895905300881], [-0.0038291866310470775, 0.0028864917162454914, -0.003611864925830393], [-0.008198959053008811, -0.0036118649258303935, 0.05272139333827712]], "chi2_level": 0.99, "chi2_df": 3, "chi2_threshold": 11.344866730144373, "N_raw": 66, "N_roi": 63, "N_inlier": 60, "refit": true}
{"timestamp": "17:54:49.424573", "frame": 52, "mu": [0.6525586197584028, 3.0593858064670494, 0.6454512475361862], "Sigma": [[0.012901523879414846, -0.003586711997760241, -0.0021497744044503414], [-0.003586711997760241, 0.00520354387736753, -0.002584274664331008], [-0.0021497744044503414, -0.0025842746643310083, 0.008350929116909742]], "chi2_level": 0.99, "chi2_df": 3, "chi2_threshold": 11.344866730144373, "N_raw": 60, "N_roi": 58, "N_inlier": 56, "refit": true}
{"timestamp": "17:54:49.483128", "frame": 53, "mu": [0.5558891821107813, 3.191959673474033, -0.25147329215727365], "Sigma": [[0.01695814949304366, -0.006426122050291612, 0.05955989623185809], [-0.006426122050291612, 0.020847633402741338, -0.04800761171299274], [0.05955989623185809, -0.04800761171299274, 0.34353971266853006]], "chi2_level": 0.99, "chi2_df": 3, "chi2_threshold": 11.344866730144373, "N_raw": 90, "N_roi": 90, "N_inlier": 90, "refit": true}
{"timestamp": "17:54:49.528186", "frame": 54, "mu": [0.4899347138229159, 2.9577398650650815, 0.5696656102758335], "Sigma": [[0.004146860207280255, -0.0019484040713633427, 0.0005615846334136172], [-0.0019484040713633427, 0.0011407558996092493, -0.0011523050894530274], [0.0005615846334136175, -0.0011523050894530274, 0.018174912798581883]], "chi2_level": 0.99, "chi2_df": 3, "chi2_threshold": 11.344866730144373, "N_raw": 13, "N_roi": 13, "N_inlier": 12, "refit": true}
{"timestamp": "17:54:49.590736", "frame": 55, "mu": [0.434779161905462, 3.0007434644064777, -0.9672915342420121], "Sigma": [[0.018038567251429466, 0.010218272540886756, 0.059634912531562334], [0.010218272540886756, 0.016515929011724217, 0.029239356717212783], [0.059634912531562334, 0.029239356717212783, 0.30633848995377916]], "chi2_level": 0.99, "chi2_df": 3, "chi2_threshold": 11.344866730144373, "N_raw": 75, "N_roi": 75, "N_inlier": 72, "refit": true}
{"timestamp": "17:54:49.641152", "frame": 56, "mu": [0.34490287787134527, 3.033438252753368, -0.730549178886187], "Sigma": [[0.008933754813816799, 0.004773604629189086, 0.02044572499368987], [0.004773604629189087, 0.012023855743890912, 0.024461675837568857], [0.02044572499368987, 0.024461675837568857, 0.10269796512852149]], "chi2_level": 0.99, "chi2_df": 3, "chi2_threshold": 11.344866730144373, "N_raw": 42, "N_roi": 42, "N_inlier": 40, "refit": true}
{"timestamp": "17:54:49.697366", "frame": 57, "mu": [0.2866041533748345, 2.7743463983238175, 0.7560120922653071], "Sigma": [[0.010504173471601427, -0.003958395493657922, -0.004418804920713603], [-0.003958395493657922, 0.003299532585309641, -0.0006393062459244026], [-0.004418804920713603, -0.0006393062459244026, 0.008168291542689126]], "chi2_level": 0.99, "chi2_df": 3, "chi2_threshold": 11.344866730144373, "N_raw": 48, "N_roi": 48, "N_inlier": 45, "refit": true}
{"timestamp": "17:54:49.756499", "frame": 58, "mu": [0.22475112050032886, 2.7619222121063833, 0.8193500830273504], "Sigma": [[0.018038229661964902, -0.002972023039730127, -0.0010201228765472738], [-0.002972023039730127, 0.00518608106171064, -0.002696995565894437], [-0.001020122876547274, -0.002696995565894437, 0.0029958554837139426]], "chi2_level": 0.99, "chi2_df": 3, "chi2_threshold": 11.344866730144373, "N_raw": 81, "N_roi": 78, "N_inlier": 72, "refit": true}
{"timestamp": "17:54:49.809681", "frame": 59, "mu": [0.16557975367243247, 2.7623309338931685, 1.0473999459877485], "Sigma": [[0.013470675494345934, -0.0032035240640302083, -0.010636539576414621], [-0.0032035240640302083, 0.002833362411227314, -0.0007676466600820861], [-0.010636539576414621, -0.0007676466600820861, 0.017055372852579]], "chi2_level": 0.99, "chi2_df": 3, "chi2_threshold": 11.344866730144373, "N_raw": 58, "N_roi": 58, "N_inlier": 55, "refit": true}
{"timestamp": "17:54:49.866863", "frame": 60, "mu": [0.11359279858745339, 2.6853477192047155, 0.9426936044925103], "Sigma": [[0.013367602604446934, -0.004999056205180139, -0.003925994585657908], [-0.004999056205180139, 0.003967867255207191, -0.0038991970322253336], [-0.003925994585657908, -0.003899197032225334, 0.026089538961277695]], "chi2_level": 0.99, "chi2_df": 3, "chi2_threshold": 11.344866730144373, "N_raw": 80, "N_roi": 77, "N_inlier": 74, "refit": true}
{"timestamp": "17:54:49.922040", "frame": 61, "mu": [0.03247136038483784, 2.6432697858604635, 0.9902551838093813], "Sigma": [[0.012839064899419507, -0.003308239442595734, -0.003533496923910982], [-0.003308239442595734, 0.0028326694857555325, -0.0037597230301444975], [-0.0035334969239109813, -0.0037597230301444975, 0.02141560534867412]], "chi2_level": 0.99, "chi2_df": 3, "chi2_threshold": 11.344866730144373, "N_raw": 73, "N_roi": 72, "N_inlier": 69, "refit": true}
{"timestamp": "17:54:49.977468", "frame": 62, "mu": [-0.03466960824409226, 2.61174237195751, 1.0348564735637789], "Sigma": [[0.016306765484685237, -0.007706913548785169, -0.003593633550406486], [-0.007706913548785169, 0.0077680566458396974, -0.0016899932633752464], [-0.0035936335504064857, -0.0016899932633752468, 0.005946139842498648]], "chi2_level": 0.99, "chi2_df": 3, "chi2_threshold": 11.344866730144373, "N_raw": 77, "N_roi": 77, "N_inlier": 73, "refit": true}
{"timestamp": "17:54:50.032997", "frame": 63, "mu": [-0.10420915322902558, 2.541763494995479, 1.0022529885712341], "Sigma": [[0.017459411933357025, -0.007358916672037999, 0.0006032884555241762], [-0.007358916672037998, 0.007263268119318933, -0.004429432307430265], [0.0006032884555241765, -0.004429432307430265, 0.005307387935477488]], "chi2_level": 0.99, "chi2_df": 3, "chi2_threshold": 11.344866730144373, "N_raw": 85, "N_roi": 85, "N_inlier": 79, "refit": true}
{"timestamp": "17:54:50.090102", "frame": 64, "mu": [-0.21067826769896192, 2.500933136894921, 0.8664037843494363], "Sigma": [[0.019140364075364964, -0.009984287329222697, 0.008193139978185477], [-0.009984287329222697, 0.0124307579640991, 0.012184063853410896], [0.008193139978185476, 0.012184063853410896, 0.18713627303073035]], "chi2_level": 0.99, "chi2_df": 3, "chi2_threshold": 11.344866730144373, "N_raw": 95, "N_roi": 95, "N_inlier": 92, "refit": true}
{"timestamp": "17:54:50.145060", "frame": 65, "mu": [-0.28119778521298466, 2.4354486576514898, 0.8418543534873049], "Sigma": [[0.02134901734601595, -0.00765697678031321, 0.023726931043314952], [-0.007656976780313209, 0.011105956604040108, -0.010231399459016816], [0.02372693104331495, -0.010231399459016816, 0.2244072081119453]], "chi2_level": 0.99, "chi2_df": 3, "chi2_threshold": 11.344866730144373, "N_raw": 85, "N_roi": 80, "N_inlier": 79, "refit": true}
{"timestamp": "17:54:50.201628", "frame": 66, "mu": [-0.27598403024713886, 2.358978330475594, 0.6485474273775851], "Sigma": [[0.02308620504178265, -0.0008768411210879691, -0.009335863928003662], [-0.0008768411210879697, 0.013222726963989935, 0.007268842931641982], [-0.00933586392800366, 0.007268842931641981, 0.26519392353884397]], "chi2_level": 0.99, "chi2_df": 3, "chi2_threshold": 11.344866730144373, "N_raw": 103, "N_roi": 103, "N_inlier": 103, "refit": true}
{"timestamp": "17:54:50.253211", "frame": 67, "mu": [-0.4023000356329246, 2.2577472654181543, 0.8347799849236518], "Sigma": [[0.00994416687041281, -0.0015224867308516804, 0.008720381929953523], [-0.0015224867308516804, 0.002947523511157338, 0.006884275510048789], [0.008720381929953523, 0.0068842755100487875, 0.14601463777241983]], "chi2_level": 0.99, "chi2_df": 3, "chi2_threshold": 11.344866730144373, "N_raw": 79, "N_roi": 79, "N_inlier": 75, "refit": true}
{"timestamp": "17:54:50.307603", "frame": 68, "mu": [-0.41148245791185406, 2.387527404412862, -0.34531493900149973], "Sigma": [[0.009158494313129211, -0.002995331560526166, 0.02364789819567259], [-0.002995331560526166, 0.01300016366266212, -0.03356521509613192], [0.023647898195672597, -0.03356521509613192, 0.2314108307471543]], "chi2_level": 0.99, "chi2_df": 3, "chi2_threshold": 11.344866730144373, "N_raw": 78, "N_roi": 78, "N_inlier": 77, "refit": true}
{"timestamp": "17:54:50.362390", "frame": 69, "mu": [-0.5003792393249085, 2.36277246947385, -0.3170139019723379], "Sigma": [[0.009963139124362677, -0.0037810675044344638, 0.010645586726083626], [-0.0037810675044344638, 0.011585980045283257, -0.04159656854781691], [0.010645586726083626, -0.04159656854781691, 0.2184476736134467]], "chi2_level": 0.99, "chi2_df": 3, "chi2_threshold": 11.344866730144373, "N_raw": 77, "N_roi": 77, "N_inlier": 76, "refit": true}
{"timestamp": "17:54:50.419130", "frame": 70, "mu": [-0.5354448969848393, 2.1111622626051556, 0.897100352856878], "Sigma": [[0.021405715120273946, -0.009886105700646047, -0.05628606657944065], [-0.009886105700646047, 0.007641700705754131, 0.03141467611185016], [-0.05628606657944065, 0.03141467611185016, 0.25547560480612086]], "chi2_level": 0.99, "chi2_df": 3, "chi2_threshold": 11.344866730144373, "N_raw": 84, "N_roi": 83, "N_inlier": 82, "refit": true}
{"timestamp": "17:54:50.471216", "frame": 71, "mu": [-0.5931583151582482, 2.278681371156577, -0.4446821352481082], "Sigma": [[0.007165138444115025, 0.001294197887686397, -0.01541485257279916], [0.0012941978876863974, 0.007520591980141919, -0.021868559223362134], [-0.015414852572799159, -0.021868559223362137, 0.16262818745728197]], "chi2_level": 0.99, "chi2_df": 3, "chi2_threshold": 11.344866730144373, "N_raw": 73, "N_roi": 73, "N_inlier": 72, "refit": true}
{"timestamp": "17:54:50.528240", "frame": 72, "mu": [-0.7191990096047736, 2.034451569879366, 1.2721436710081175], "Sigma": [[0.013720517313322403, -0.0037352133422585403, -0.013043560500412908], [-0.0037352133422585403, 0.005963287764595142, 0.00045692019207086527], [-0.013043560500412908, 0.0004569201920708654, 0.017490199323316094]], "chi2_level": 0.99, "chi2_df": 3, "chi2_threshold": 11.344866730144373, "N_raw": 85, "N_roi": 85, "N_inlier": 79, "refit": true}
{"timestamp": "17:54:50.582627", "frame": 73, "mu": [-0.6780451422835991, 1.9714365166580856, 1.0828845020218434], "Sigma": [[0.009302018476284717, -0.0025036809080268164, -0.012214796038431074], [-0.0025036809080268164, 0.003307556491240775, -0.0019541867260590277], [-0.012214796038431074, -0.0019541867260590277, 0.0333706013753485]], "chi2_level": 0.99, "chi2_df": 3, "chi2_threshold": 11.344866730144373, "N_raw": 81, "N_roi": 81, "N_inlier": 75, "refit": true}
{"timestamp": "17:54:50.637378", "frame": 74, "mu": [-0.8506536874398241, 1.9346999732158205, 1.1131688038125407], "Sigma": [[0.012039805581956532, -0.0037855859757764433, 0.006021996636771715], [-0.003785585975776443, 0.0038641631946441995, -0.006246961247067683], [0.006021996636771715, -0.006246961247067683, 0.04971707484775087]], "chi2_level": 0.99, "chi2_df": 3, "chi2_threshold": 11.344866730144373, "N_raw": 64, "N_roi": 64, "N_inlier": 60, "refit": true}
{"timestamp": "17:54:50.692050", "frame": 75, "mu": [-0.8801883355400781, 1.8849726145145953, 1.1147695496123278], "Sigma": [[0.009664220948584717, -0.0001611690227712383, -0.010487761683109007], [-0.0001611690227712381, 0.001794678441651436, -0.003969751237452853], [-0.010487761683109009, -0.003969751237452853, 0.04219588600962067]], "chi2_level": 0.99, "chi2_df": 3, "chi2_threshold": 11.344866730144373, "N_raw": 79, "N_roi": 79, "N_inlier": 71, "refit": true}
{"timestamp": "17:54:50.740633", "frame": 76, "mu": [-1.0111884123772674, 1.8201714132906948, 0.7991481569268825], "Sigma": [[0.01602514369653856, -0.0027759140035645818, 0.004147979432038972], [-0.0027759140035645818, 0.010934276776201192, 0.0011566348920301669], [0.004147979432038974, 0.0011566348920301669, 0.2592847690638875]], "chi2_level": 0.99, "chi2_df": 3, "chi2_threshold": 11.344866730144373, "N_raw": 27, "N_roi": 27, "N_inlier": 26, "refit": true}
{"timestamp": "17:54:50.800874", "frame": 77, "mu": [-1.0071703161113905, 1.7165779349666395, 1.1772519460778181], "Sigma": [[0.012426900590820316, -0.0027649711758129594, 0.0018017101254336311], [-0.002764971175812959, 0.005255592620219521, -0.005778753877172435], [0.0018017101254336307, -0.005778753877172435, 0.011004150317330116]], "chi2_level": 0.99, "chi2_df": 3, "chi2_threshold": 11.344866730144373, "N_raw": 74, "N_roi": 74, "N_inlier": 70, "refit": true}
{"timestamp": "17:54:50.849644", "frame": 78, "mu": [-0.9959015905777593, 1.6426104100261696, 1.1689106958612456], "Sigma": [[0.006456990575208931, -0.003474436497785741, 0.0011846559898098345], [-0.003474436497785741, 0.004104528066906044, -0.0006284572364538101], [0.001184655989809835, -0.0006284572364538101, 0.011628040892268513]], "chi2_level": 0.99, "chi2_df": 3, "chi2_threshold": 11.344866730144373, "N_raw": 23, "N_roi": 23, "N_inlier": 20, "refit": true}
{"timestamp": "17:54:50.902122", "frame": 79, "mu": [-1.1513167570512024, 1.881729585448502, -0.7741883186508879], "Sigma": [[0.028023437617788013, -0.0019419276780884157, -0.013774816628611512], [-0.0019419276780884161, 0.03514778548137003, -0.0830433299720602], [-0.01377481662861151, -0.08304332997206018, 0.2500233194991635]], "chi2_level": 0.99, "chi2_df": 3, "chi2_threshold": 11.344866730144373, "N_raw": 15, "N_roi": 15, "N_inlier": 15, "refit": true}
{"timestamp": "17:54:50.962973", "frame": 80, "mu": [-1.1152764427080752, 1.482548774904354, 1.2691142698600273], "Sigma": [[0.008688853749739269, -0.0015431986601822775, -0.005689985036147645], [-0.0015431986601822775, 0.006782146613293938, 0.0011092544021193804], [-0.005689985036147644, 0.0011092544021193806, 0.004338748739368923]], "chi2_level": 0.99, "chi2_df": 3, "chi2_threshold": 11.344866730144373, "N_raw": 55, "N_roi": 55, "N_inlier": 52, "refit": true}
{"timestamp": "17:54:51.018773", "frame": 81, "mu": [-1.1843053142437954, 1.4016166759851927, 1.2841751682412128], "Sigma": [[0.007640211875465091, 0.00048798121552989283, -0.005287690524518454], [0.00048798121552989294, 0.004594899605707516, -0.0018521329070002117], [-0.005287690524518454, -0.0018521329070002117, 0.00947596407023425]], "chi2_level": 0.99, "chi2_df": 3, "chi2_threshold": 11.344866730144373, "N_raw": 51, "N_roi": 51, "N_inlier": 47, "refit": true}
{"timestamp": "17:54:51.067859", "frame": 82, "mu": [-1.4873538782362334, 1.3586910410301893, -0.06755664712787757], "Sigma": [[0.05069656805020921, 0.04336812362361825, -0.05475604722163811], [0.04336812362361825, 0.04801458826605653, -0.050808483492648264], [-0.05475604722163811, -0.050808483492648264, 0.07203333571856256]], "chi2_level": 0.99, "chi2_df": 3, "chi2_threshold": 11.344866730144373, "N_raw": 21, "N_roi": 21, "N_inlier": 19, "refit": true}
{"timestamp": "17:54:51.121755", "frame": 83, "mu": [-1.379257005169562, 1.3337614173103984, 1.1180124553489494], "Sigma": [[0.017070176888508024, 0.009950464600412316, -0.048194391744649304], [0.009950464600412316, 0.012355643651443156, -0.051063723416521725], [-0.048194391744649304, -0.051063723416521725, 0.37643442874099303]], "chi2_level": 0.99, "chi2_df": 3, "chi2_threshold": 11.344866730144373, "N_raw": 11, "N_roi": 11, "N_inlier": 11, "refit": true}
{"timestamp": "17:54:51.178651", "frame": 84, "mu": [-1.4444678539607387, 1.2211509400740852, 0.9914605872219803], "Sigma": [[0.02549014545846295, 0.021229065356419996, -0.08301069911813974], [0.021229065356419996, 0.022765820434352695, -0.07823638867752984], [-0.08301069911813974, -0.07823638867752984, 0.378052847997588]], "chi2_level": 0.99, "chi2_df": 3, "chi2_threshold": 11.344866730144373, "N_raw": 22, "N_roi": 22, "N_inlier": 21, "refit": true}
{"timestamp": "17:54:51.236916", "frame": 85, "mu": [-1.5385753275129217, 1.09011767394864, 1.4082797980399822], "Sigma": [[0.006390054840251171, 0.004283817544651064, -0.005771678291619148], [0.004283817544651065, 0.008992499973025309, -0.00860246709934595], [-0.005771678291619148, -0.00860246709934595, 0.010880792995428493]], "chi2_level": 0.99, "chi2_df": 3, "chi2_threshold": 11.344866730144373, "N_raw": 45, "N_roi": 45, "N_inlier": 42, "refit": true}
{"timestamp": "17:54:51.291208", "frame": 86, "mu": [-1.5772164399019655, 1.107931487087183, 1.3921835586711504], "Sigma": [[0.0077919991072005, 0.0024735325704247036, -0.006763418499403852], [0.0024735325704247036, 0.004928208450425482, -0.006424144814328966], [-0.006763418499403852, -0.006424144814328966, 0.019399221953697865]], "chi2_level": 0.99, "chi2_df": 3, "chi2_threshold": 11.344866730144373, "N_raw": 40, "N_roi": 40, "N_inlier": 38, "refit": true}
{"timestamp": "17:54:51.344959", "frame": 87, "mu": [-1.6589671861551343, 0.9687373334386391, 1.2761225696900413], "Sigma": [[0.005175626193394021, 0.004572071579136557, -0.0009049858861294003], [0.004572071579136558, 0.005824048441086283, -0.004212917357386783], [-0.0009049858861294004, -0.004212917357386783, 0.010929542620869379]], "chi2_level": 0.99, "chi2_df": 3, "chi2_threshold": 11.344866730144373, "N_raw": 33, "N_roi": 33, "N_inlier": 31, "refit": true}
{"timestamp": "17:54:51.404075", "frame": 88, "mu": [-1.5881423059577182, 0.9810785573226526, -0.5679220532016043], "Sigma": [[0.010485492853227524, 0.008604820908856843, -0.0027161814699581247], [0.008604820908856843, 0.013566931876359817, -0.006013107937206149], [-0.0027161814699581247, -0.006013107937206149, 0.00423909859553176]], "chi2_level": 0.99, "chi2_df": 3, "chi2_threshold": 11.344866730144373, "N_raw": 60, "N_roi": 60, "N_inlier": 56, "refit": true}
{"timestamp": "17:54:51.455895", "frame": 89, "mu": [-1.6710956956492706, 0.8504812030608946, 1.3387889851161385], "Sigma": [[0.007239135856500209, 0.0014487305705592134, -0.00496156004682935], [0.0014487305705592132, 0.010113360319106444, -0.002200496245348688], [-0.00496156004682935, -0.0022004962453486886, 0.003867775303526889]], "chi2_level": 0.99, "chi2_df": 3, "chi2_threshold": 11.344866730144373, "N_raw": 40, "N_roi": 40, "N_inlier": 40, "refit": true}
{"timestamp": "17:54:51.512299", "frame": 90, "mu": [-1.678424354217369, 0.739893428013318, 1.2360219152669953], "Sigma": [[0.010516136471365062, 0.00793648534926245, -0.004250260710710595], [0.00793648534926245, 0.015926696331272104, -0.006716660490718583], [-0.004250260710710595, -0.006716660490718582, 0.003520294352877926]], "chi2_level": 0.99, "chi2_df": 3, "chi2_threshold": 11.344866730144373, "N_raw": 53, "N_roi": 53, "N_inlier": 53, "refit": true}
{"timestamp": "17:54:51.569336", "frame": 91, "mu": [-1.7369035977262812, 0.7051473888248578, 1.2116495007493873], "Sigma": [[0.009149236470545082, 0.0058049208173419145, 0.00018606531640321094], [0.0058049208173419145, 0.011712137529477069, -0.007616403272489351], [0.00018606531640321072, -0.007616403272489351, 0.01145984185904632]], "chi2_level": 0.99, "chi2_df": 3, "chi2_threshold": 11.344866730144373, "N_raw": 64, "N_roi": 64, "N_inlier": 64, "refit": true}
{"timestamp": "17:54:51.622679", "frame": 92, "mu": [-1.712761880156298, 0.8623407454680425, -0.6097744293070589], "Sigma": [[0.006995087158360456, 0.004642414582438309, 0.0018804855433178567], [0.004642414582438309, 0.010222859560321504, -0.003149919227480736], [0.0018804855433178565, -0.003149919227480736, 0.004974101828657706]], "chi2_level": 0.99, "chi2_df": 3, "chi2_threshold": 11.344866730144373, "N_raw": 45, "N_roi": 45, "N_inlier": 44, "refit": true}
{"timestamp": "17:54:51.678174", "frame": 93, "mu": [-1.749188996895364, 0.6472299523353168, 1.174814876396149], "Sigma": [[0.006781089069906876, 0.005996406823080315, -0.0011843353377575768], [0.005996406823080315, 0.008524127902715804, -0.004549992713814584], [-0.0011843353377575766, -0.004549992713814583, 0.0064120406908711085]], "chi2_level": 0.99, "chi2_df": 3, "chi2_threshold": 11.344866730144373, "N_raw": 44, "N_roi": 44, "N_inlier": 39, "refit": true}
{"timestamp": "17:54:51.734808", "frame": 94, "mu": [-1.3159829963180485, 0.5686371777962637, 1.0359099129538187], "Sigma": [[1.6164475134886485, -0.07222499796371407, -0.36143286251944695], [-0.07222499796371407, 0.014986864716539145, 0.015034852998945178], [-0.36143286251944695, 0.015034852998945178, 0.10498686359798386]], "chi2_level": 0.99, "chi2_df": 3, "chi2_threshold": 11.344866730144373, "N_raw": 62, "N_roi": 62, "N_inlier": 59, "refit": true}
{"timestamp": "17:54:51.783413", "frame": 95, "mu": [-1.783829045139126, 0.6141460854200403, 1.1500504206384354], "Sigma": [[0.003679084862278954, 0.005393494414064092, 0.0009861661265877179], [0.005393494414064092, 0.012561580083373448, -0.0026111911542792314], [0.0009861661265877179, -0.0026111911542792314, 0.016091715488400146]], "chi2_level": 0.99, "chi2_df": 3, "chi2_threshold": 11.344866730144373, "N_raw": 24, "N_roi": 24, "N_inlier": 23, "refit": true}
{"timestamp": "17:54:52.002329", "frame": 99, "mu": [1.4778988427642907, 0.4221374896842933, 0.31316179530081406], "Sigma": [[2.4977770229747875, 0.08170993736553053, -0.0360890086501429], [0.08170993736553053, 0.016630141215281932, -0.0036438856173731846], [-0.03608900865014289, -0.0036438856173731846, 0.00468920307642302]], "chi2_level": 0.99, "chi2_df": 3, "chi2_threshold": 11.344866730144373, "N_raw": 13, "N_roi": 13, "N_inlier": 13, "refit": true}
