{"timestamp": "18:38:49.388689", "frame": 1, "mu": [1.5064658784816718, 0.7694048877883614, 1.3701859844332074], "Sigma": [[0.2544812263273941, 0.1332038734444174, -0.07670461171562265], [0.1332038734444174, 0.07102011529898826, -0.04077064922583002], [-0.07670461171562265, -0.04077064922583003, 0.029149470274034136]], "chi2_level": 0.99, "chi2_df": 3, "chi2_threshold": 11.344866730144373, "N_raw": 6, "N_roi": 6, "N_inlier": 6, "refit": true}
{"timestamp": "18:38:49.443552", "frame": 2, "mu": [1.4777799771948377, 0.879437216363769, 1.352399818839665], "Sigma": [[0.2210577598281182, 0.11690233233109724, -0.07455355592172458], [0.11690233233109724, 0.06261923843601926, -0.040558622323745436], [-0.07455355592172459, -0.04055862232374544, 0.03686061801963719]], "chi2_level": 0.99, "chi2_df": 3, "chi2_threshold": 11.344866730144373, "N_raw": 6, "N_roi": 6, "N_inlier": 6, "refit": true}
{"timestamp": "18:38:49.500883", "frame": 3, "mu": [1.6537729254653186, 0.8672470694305334, 1.4747749749592374], "Sigma": [[0.004558949980111359, -0.0026022357570672293, -0.00021636029581580528], [-0.0026022357570672297, 0.006467675855866683, -0.003937239957624419], [-0.00021636029581580528, -0.003937239957624419, 0.0045304739102798005]], "chi2_level": 0.99, "chi2_df": 3, "chi2_threshold": 11.344866730144373, "N_raw": 22, "N_roi": 22, "N_inlier": 20, "refit": true}
{"timestamp": "18:38:49.555658", "frame": 4, "mu": [1.7319522950104684, 0.8504930940397588, 1.1863043292829334], "Sigma": [[0.002943199323183412, -0.0021998774653903853, -0.003820867048197998], [-0.002199877465390385, 0.004386884840021335, -0.0011880150566019117], [-0.003820867048197997, -0.0011880150566019117, 0.013518908898309345]], "chi2_level": 0.99, "chi2_df": 3, "chi2_threshold": 11.344866730144373, "N_raw": 19, "N_roi": 19, "N_inlier": 17, "refit": true}
{"timestamp": "18:38:49.610383", "frame": 5, "mu": [1.6589322979761914, 0.8626642608202983, 1.2164780306710554], "Sigma": [[0.0015260588451774134, -0.0008331947751120205, -0.0017973506733528562], [-0.0008331947751120206, 0.006243743582506464, -0.009267258416711433], [-0.0017973506733528558, -0.009267258416711433, 0.02184318303931016]], "chi2_level": 0.99, "chi2_df": 3, "chi2_threshold": 11.344866730144373, "N_raw": 21, "N_roi": 21, "N_inlier": 18, "refit": true}
{"timestamp": "18:38:49.665600", "frame": 6, "mu": [1.6717150433277042, 1.0564718850388763, -0.7493955007955891], "Sigma": [[0.0021724000215697994, -0.0032515396564565388, 7.831739059738978e-05], [-0.003251539656456538, 0.009535771240334768, -0.007873255823031397], [7.831739059738978e-05, -0.007873255823031397, 0.01400429227572595]], "chi2_level": 0.99, "chi2_df": 3, "chi2_threshold": 11.344866730144373, "N_raw": 12, "N_roi": 12, "N_inlier": 11, "refit": true}
{"timestamp": "18:38:49.720689", "frame": 7, "mu": [1.6906648974490774, 0.9835129720908762, -0.681319938388406], "Sigma": [[0.002826997193265097, -0.0015501938491920644, -0.0016692110724612383], [-0.0015501938491920644, 0.005855106593745188, -0.003658198660946791], [-0.0016692110724612383, -0.003658198660946791, 0.02557423043566823]], "chi2_level": 0.99, "chi2_df": 3, "chi2_threshold": 11.344866730144373, "N_raw": 11, "N_roi": 11, "N_inlier": 10, "refit": true}
{"timestamp": "18:38:49.775806", "frame": 8, "mu": [1.7004575263092339, 0.8022452762574043, 1.1008320397949845], "Sigma": [[0.0026336455077283446, -0.0031117353548062885, -0.0013076906485112152], [-0.003111735354806288, 0.006892754883345466, -0.0005043939760005901], [-0.0013076906485112152, -0.0005043939760005901, 0.002703298177037982]], "chi2_level": 0.99, "chi2_df": 3, "chi2_threshold": 11.344866730144373, "N_raw": 22, "N_roi": 22, "N_inlier": 20, "refit": true}
{"timestamp": "18:38:49.831994", "frame": 9, "mu": [1.6604348601122005, 0.7975250003079958, 1.1775597442534516], "Sigma": [[0.003392609692709509, -0.003748496360727889, -0.0024415841495886367], [-0.003748496360727889, 0.008057212607115396, -0.0016917488938577316], [-0.002441584149588637, -0.0016917488938577318, 0.008170297776958628]], "chi2_level": 0.99, "chi2_df": 3, "chi2_threshold": 11.344866730144373, "N_raw": 29, "N_roi": 29, "N_inlier": 28, "refit": true}
{"timestamp": "18:38:49.887436", "frame": 10, "mu": [1.6526093565929099, 1.0167642597821163, -0.6646336542863576], "Sigma": [[0.002085139039404448, -0.0014960002271908587, -0.002728615274318166], [-0.0014960002271908585, 0.005180292067398439, -0.0013254852100917861], [-0.002728615274318166, -0.0013254852100917864, 0.008951236631728322]], "chi2_level": 0.99, "chi2_df": 3, "chi2_threshold": 11.344866730144373, "N_raw": 16, "N_roi": 16, "N_inlier": 16, "refit": true}
{"timestamp": "18:38:49.942946", "frame": 11, "mu": [1.690836819404013, 0.7507464783152868, 1.21282788056247], "Sigma": [[0.004205640084987902, -0.0012991440521881897, -0.0005332643634551164], [-0.0012991440521881899, 0.00732781173013029, -0.002259500539027464], [-0.0005332643634551164, -0.0022595005390274635, 0.003556082042567804]], "chi2_level": 0.99, "chi2_df": 3, "chi2_threshold": 11.344866730144373, "N_raw": 25, "N_roi": 25, "N_inlier": 24, "refit": true}
{"timestamp": "18:38:49.997685", "frame": 12, "mu": [1.661578959557667, 0.7626806154751263, 1.1039946550774917], "Sigma": [[0.0033049567527857755, -0.00306177616430356, -0.0005727862410623192], [-0.00306177616430356, 0.008990296527327602, -0.004407643952297271], [-0.000572786241062319, -0.004407643952297271, 0.005455859525467603]], "chi2_level": 0.99, "chi2_df": 3, "chi2_threshold": 11.344866730144373, "N_raw": 24, "N_roi": 24, "N_inlier": 23, "refit": true}
{"timestamp": "18:38:50.057031", "frame": 13, "mu": [1.6233492642464853, 0.756347898732485, 1.1794410506425343], "Sigma": [[0.0031406161423167475, -0.0027205551001411236, -0.0036579964526746436], [-0.002720555100141124, 0.007110264635094492, -0.004030425205639381], [-0.0036579964526746436, -0.00403042520563938, 0.02487641850354072]], "chi2_level": 0.99, "chi2_df": 3, "chi2_threshold": 11.344866730144373, "N_raw": 44, "N_roi": 44, "N_inlier": 40, "refit": true}
{"timestamp": "18:38:50.110018", "frame": 14, "mu": [1.6644683329692986, 0.7122643672975691, 1.1221866866826091], "Sigma": [[0.0026793090979676483, -0.0025187881867733295, -0.0005050210824200775], [-0.0025187881867733295, 0.012933386938110568, -0.005368862133452881], [-0.0005050210824200775, -0.005368862133452881, 0.0038474419662455793]], "chi2_level": 0.99, "chi2_df": 3, "chi2_threshold": 11.344866730144373, "N_raw": 27, "N_roi": 27, "N_inlier": 25, "refit": true}
{"timestamp": "18:38:50.163481", "frame": 15, "mu": [1.5392382487034297, 0.743628089320965, 1.316943840309127], "Sigma": [[0.004116434705133107, -0.0029743203741267885, -0.004730330181600356], [-0.0029743203741267885, 0.006490031020636174, -0.0014817148127587827], [-0.004730330181600356, -0.001481714812758783, 0.014482190740965292]], "chi2_level": 0.99, "chi2_df": 3, "chi2_threshold": 11.344866730144373, "N_raw": 21, "N_roi": 21, "N_inlier": 20, "refit": true}
{"timestamp": "18:38:50.219419", "frame": 16, "mu": [1.6156947555965857, 0.7422414580890923, 1.1950797108343298], "Sigma": [[0.006068772807952985, -0.006759458552492049, 0.0038730266166522543], [-0.006759458552492049, 0.01547816959218139, -0.014143627210501743], [0.0038730266166522543, -0.014143627210501743, 0.02145156798995916]], "chi2_level": 0.99, "chi2_df": 3, "chi2_threshold": 11.344866730144373, "N_raw": 30, "N_roi": 30, "N_inlier": 30, "refit": true}
{"timestamp": "18:38:50.273644", "frame": 17, "mu": [1.612504910542723, 0.7186966098175998, 1.2061856049476722], "Sigma": [[0.004647393259798939, -0.0027460344926245788, -0.0033625981259849187], [-0.0027460344926245788, 0.005312911808239905, -0.001589592794576677], [-0.0033625981259849183, -0.001589592794576677, 0.006956500669700639]], "chi2_level": 0.99, "chi2_df": 3, "chi2_threshold": 11.344866730144373, "N_raw": 27, "N_roi": 27, "N_inlier": 26, "refit": true}
{"timestamp": "18:38:50.325606", "frame": 18, "mu": [1.4947683925600062, 0.7654652934745944, 1.1984696383144007], "Sigma": [[0.001405347958276749, 0.00192705572996793, -0.0016918373572886967], [0.0019270557299679303, 0.00765558894522734, -0.0074694741813634905], [-0.001691837357288697, -0.0074694741813634905, 0.01547164963310956]], "chi2_level": 0.99, "chi2_df": 3, "chi2_threshold": 11.344866730144373, "N_raw": 10, "N_roi": 10, "N_inlier": 10, "refit": true}
{"timestamp": "18:38:50.383079", "frame": 19, "mu": [1.492623208956395, 0.740424822544916, 1.2482637857791588], "Sigma": [[0.004412982649016879, -0.0015250689343477759, -0.0021013051820709776], [-0.0015250689343477754, 0.0033415385208143116, -0.000962796060947932], [-0.002101305182070978, -0.000962796060947932, 0.002769638731648993]], "chi2_level": 0.99, "chi2_df": 3, "chi2_threshold": 11.344866730144373, "N_raw": 23, "N_roi": 23, "N_inlier": 21, "refit": true}
{"timestamp": "18:38:50.439865", "frame": 20, "mu": [1.435236474071679, 0.7623951404550247, 1.2098733981714371], "Sigma": [[0.004087733080034287, -0.002158982032064023, -0.003201908112175894], [-0.0021589820320640236, 0.00730001529946957, -0.0014147707332574555], [-0.003201908112175894, -0.0014147707332574553, 0.008673323013335081]], "chi2_level": 0.99, "chi2_df": 3, "chi2_threshold": 11.344866730144373, "N_raw": 35, "N_roi": 35, "N_inlier": 32, "refit": true}
{"timestamp": "18:38:50.493836", "frame": 21, "mu": [1.343749091587298, 0.7552936176669591, 1.3950609681133936], "Sigma": [[0.005489539925138777, -0.0020431865794411997, -0.002489942623881079], [-0.0020431865794411997, 0.002798275416747647, -0.0002460161294168892], [-0.002489942623881079, -0.0002460161294168892, 0.002290437127861352]], "chi2_level": 0.99, "chi2_df": 3, "chi2_threshold": 11.344866730144373, "N_raw": 26, "N_roi": 26, "N_inlier": 26, "refit": true}
{"timestamp": "18:38:50.545807", "frame": 22, "mu": [1.2552727135890243, 0.8615914934167177, 1.2678221325395032], "Sigma": [[0.0024296392679937, 0.0031677795336261813, -0.005588776964877922], [0.0031677795336261813, 0.00552769732044009, -0.005969842792555878], [-0.005588776964877922, -0.005969842792555878, 0.016758081542735132]], "chi2_level": 0.99, "chi2_df": 3, "chi2_threshold": 11.344866730144373, "N_raw": 7, "N_roi": 7, "N_inlier": 7, "refit": true}
{"timestamp": "18:38:50.605879", "frame": 23, "mu": [1.2565040124803577, 0.7493961287294116, 1.3652866256629508], "Sigma": [[0.00765155712446671, -0.0025365791321273383, -8.09416085063362e-05], [-0.0025365791321273383, 0.0015626793818511989, 0.0005875726729962921], [-8.094160850633631e-05, 0.0005875726729962921, 0.011342431158944663]], "chi2_level": 0.99, "chi2_df": 3, "chi2_threshold": 11.344866730144373, "N_raw": 42, "N_roi": 42, "N_inlier": 40, "refit": true}
{"timestamp": "18:38:50.661978", "frame": 24, "mu": [1.1724166000796712, 0.821238968067982, 1.25046578151262], "Sigma": [[0.003589491687821119, 0.00028691291132363305, 0.0014755843102760432], [0.00028691291132363326, 0.0064630035662217025, -0.006245792885660134], [0.0014755843102760434, -0.006245792885660135, 0.011554641592759918]], "chi2_level": 0.99, "chi2_df": 3, "chi2_threshold": 11.344866730144373, "N_raw": 51, "N_roi": 51, "N_inlier": 50, "refit": true}
{"timestamp": "18:38:50.720504", "frame": 25, "mu": [1.1653008269910727, 0.9793251934699978, -0.5397115504717542], "Sigma": [[0.00585852933097758, -0.0023874613118134375, -0.0028747804732819674], [-0.0023874613118134375, 0.00944918169475661, -0.006915505264951545], [-0.002874780473281967, -0.006915505264951545, 0.011757961602892986]], "chi2_level": 0.99, "chi2_df": 3, "chi2_threshold": 11.344866730144373, "N_raw": 73, "N_roi": 73, "N_inlier": 70, "refit": true}
{"timestamp": "18:38:50.776947", "frame": 26, "mu": [1.0712739920914918, 0.8171487074917156, 1.1300141565472652], "Sigma": [[0.004792318185399785, 0.0009126477318765901, -0.001917005322420654], [0.0009126477318765903, 0.007097279015286628, -0.010128462945141622], [-0.001917005322420654, -0.010128462945141622, 0.02814211142429543]], "chi2_level": 0.99, "chi2_df": 3, "chi2_threshold": 11.344866730144373, "N_raw": 73, "N_roi": 73, "N_inlier": 72, "refit": true}
{"timestamp": "18:38:50.833139", "frame": 27, "mu": [1.032359275662584, 0.8329033004870535, 1.0893307124096423], "Sigma": [[0.004193021193852275, -0.002212251826149052, 0.00018786318979264937], [-0.002212251826149052, 0.0031854847999066615, -0.009002294997497216], [0.00018786318979264934, -0.009002294997497216, 0.06315669064001299]], "chi2_level": 0.99, "chi2_df": 3, "chi2_threshold": 11.344866730144373, "N_raw": 92, "N_roi": 92, "N_inlier": 92, "refit": true}
{"timestamp": "18:38:50.883654", "frame": 28, "mu": [0.9632174828143965, 0.6998374672653801, 1.1460173474162576], "Sigma": [[0.005161000383493809, -0.0011044020516947156, -0.003959763155959541], [-0.0011044020516947158, 0.003995815733466127, -0.0024954765345873535], [-0.003959763155959541, -0.002495476534587353, 0.008376549683644926]], "chi2_level": 0.99, "chi2_df": 3, "chi2_threshold": 11.344866730144373, "N_raw": 57, "N_roi": 57, "N_inlier": 52, "refit": true}
{"timestamp": "18:38:50.935556", "frame": 29, "mu": [0.90552005164596, 0.756243038392526, 1.1852296326176508], "Sigma": [[0.004067062838006841, -0.0019214486898803096, -0.0031286020342060007], [-0.0019214486898803096, 0.0074096648317417075, -0.005955461604178683], [-0.0031286020342060003, -0.005955461604178683, 0.03427306595090636]], "chi2_level": 0.99, "chi2_df": 3, "chi2_threshold": 11.344866730144373, "N_raw": 35, "N_roi": 35, "N_inlier": 33, "refit": true}
{"timestamp": "18:38:50.993027", "frame": 30, "mu": [0.8595807106543438, 0.8265427563675908, 1.324683647844555], "Sigma": [[0.004154131600854401, -0.0007021154899898951, -0.004755944779920907], [-0.0007021154899898951, 0.003838942627976914, -0.0014013315665646416], [-0.004755944779920907, -0.0014013315665646411, 0.012662930707223954]], "chi2_level": 0.99, "chi2_df": 3, "chi2_threshold": 11.344866730144373, "N_raw": 55, "N_roi": 55, "N_inlier": 51, "refit": true}
{"timestamp": "18:38:51.048180", "frame": 31, "mu": [0.7996695538848236, 0.8066821930673576, 1.3493779792321106], "Sigma": [[0.0054728491047861625, -0.0012927568372151867, -0.005437976664199762], [-0.0012927568372151867, 0.0037314344004971555, -0.0010137143173504955], [-0.005437976664199762, -0.0010137143173504955, 0.011594733608108263]], "chi2_level": 0.99, "chi2_df": 3, "chi2_threshold": 11.344866730144373, "N_raw": 54, "N_roi": 54, "N_inlier": 50, "refit": true}
{"timestamp": "18:38:51.104951", "frame": 32, "mu": [0.7876915367645752, 0.9801211628684934, -0.54887871986538], "Sigma": [[0.007433276597875206, -0.003671381027605264, 0.0007282509226928234], [-0.003671381027605264, 0.015344361635766288, -0.023368921713896915], [0.0007282509226928234, -0.023368921713896915, 0.05066044710811745]], "chi2_level": 0.99, "chi2_df": 3, "chi2_threshold": 11.344866730144373, "N_raw": 71, "N_roi": 71, "N_inlier": 71, "refit": true}
{"timestamp": "18:38:51.158485", "frame": 33, "mu": [0.7484353792406533, 0.9526454262308165, -0.5327357798589905], "Sigma": [[0.005477110453159908, 0.003573362441543807, -0.010217230350439484], [0.003573362441543807, 0.008678827566206868, -0.013920434265706865], [-0.010217230350439484, -0.013920434265706865, 0.031221090964518878]], "chi2_level": 0.99, "chi2_df": 3, "chi2_threshold": 11.344866730144373, "N_raw": 59, "N_roi": 59, "N_inlier": 58, "refit": true}
{"timestamp": "18:38:51.216230", "frame": 34, "mu": [0.6715157556300935, 0.8054053622690844, 1.315702183737011], "Sigma": [[0.00574350713300431, 0.00021737708726845593, -0.004558951435295723], [0.00021737708726845588, 0.003287994279128991, -0.008381507917586553], [-0.0045589514352957225, -0.008381507917586553, 0.033579507649403206]], "chi2_level": 0.99, "chi2_df": 3, "chi2_threshold": 11.344866730144373, "N_raw": 80, "N_roi": 80, "N_inlier": 78, "refit": true}
{"timestamp": "18:38:51.271684", "frame": 35, "mu": [0.6457553662855484, 0.7856893340827471, 1.278556800758175], "Sigma": [[0.0035815309529651394, 0.00014689226886514638, -0.005586713257079821], [0.00014689226886514643, 0.00230363478956504, -0.0033508400392234586], [-0.005586713257079821, -0.003350840039223458, 0.026501638389532504]], "chi2_level": 0.99, "chi2_df": 3, "chi2_threshold": 11.344866730144373, "N_raw": 74, "N_roi": 74, "N_inlier": 72, "refit": true}
{"timestamp": "18:38:51.325162", "frame": 36, "mu": [0.5951335774206881, 0.7895216626754002, 1.3177049772230653], "Sigma": [[0.0033170581505088436, -0.0004738979542824734, -0.0023147786114689046], [-0.00047389795428247355, 0.008045307813011776, -0.01123437537881633], [-0.0023147786114689046, -0.011234375378816332, 0.01926590325951729]], "chi2_level": 0.99, "chi2_df": 3, "chi2_threshold": 11.344866730144373, "N_raw": 63, "N_roi": 63, "N_inlier": 62, "refit": true}
{"timestamp": "18:38:51.376896", "frame": 37, "mu": [0.514559153884309, 0.7734933630950799, 1.4115451660761489], "Sigma": [[0.0025018179931598885, -0.00022129529434958734, -0.0018952566220708027], [-0.00022129529434958728, 0.0023300660534730415, -0.0024580876559765785], [-0.0018952566220708027, -0.0024580876559765785, 0.006733448456919896]], "chi2_level": 0.99, "chi2_df": 3, "chi2_threshold": 11.344866730144373, "N_raw": 46, "N_roi": 46, "N_inlier": 42, "refit": true}
{"timestamp": "18:38:51.432283", "frame": 38, "mu": [0.4449130621828509, 0.7993923734730384, 1.2535840032851586], "Sigma": [[0.0059505341444224145, 0.0007807076429071488, 0.0019003856638829945], [0.0007807076429071489, 0.0015925337633632328, -0.007104366736548335], [0.0019003856638829945, -0.007104366736548335, 0.04751909806075602]], "chi2_level": 0.99, "chi2_df": 3, "chi2_threshold": 11.344866730144373, "N_raw": 38, "N_roi": 38, "N_inlier": 35, "refit": true}
{"timestamp": "18:38:51.484079", "frame": 39, "mu": [0.3397935495566173, 0.8231577224194215, 1.254007765444047], "Sigma": [[0.004017588692818562, 0.0004621866120506857, 0.008110522787652012], [0.00046218661205068564, 0.0019215991894494125, 0.003636041077381985], [0.008110522787652012, 0.003636041077381985, 0.14067510000956113]], "chi2_level": 0.99, "chi2_df": 3, "chi2_threshold": 11.344866730144373, "N_raw": 27, "N_roi": 27, "N_inlier": 25, "refit": true}
{"timestamp": "18:38:51.541979", "frame": 40, "mu": [0.3672069649147724, 0.8105570274327706, 1.3872855563512212], "Sigma": [[0.003968800580847702, -0.0005776307246151049, 0.00012803593117368637], [-0.0005776307246151048, 0.002433124062431971, -0.0015073136748109347], [0.0001280359311736863, -0.0015073136748109347, 0.005585343178898958]], "chi2_level": 0.99, "chi2_df": 3, "chi2_threshold": 11.344866730144373, "N_raw": 48, "N_roi": 48, "N_inlier": 43, "refit": true}
{"timestamp": "18:38:51.601310", "frame": 41, "mu": [0.3182223632959846, 0.864417470384675, 1.2880106260454889], "Sigma": [[0.007772557759984733, 0.0009611641506278136, 0.00043103726345722316], [0.0009611641506278136, 0.0016300658416461059, -0.0029316854602954023], [0.0004310372634572234, -0.0029316854602954023, 0.02723999929569191]], "chi2_level": 0.99, "chi2_df": 3, "chi2_threshold": 11.344866730144373, "N_raw": 74, "N_roi": 71, "N_inlier": 69, "refit": true}
{"timestamp": "18:38:51.657816", "frame": 42, "mu": [0.20408213112622686, 0.8619901128192351, 1.295171128375454], "Sigma": [[0.017962332495102182, 0.0018826118058339575, 0.013195491840572848], [0.001882611805833957, 0.0011884716559660143, 0.0030290790520934876], [0.013195491840572844, 0.003029079052093487, 0.027799515451960303]], "chi2_level": 0.99, "chi2_df": 3, "chi2_threshold": 11.344866730144373, "N_raw": 88, "N_roi": 88, "N_inlier": 84, "refit": true}
{"timestamp": "18:38:51.713468", "frame": 43, "mu": [0.2067705324858398, 0.8415091921723918, 1.131787963733279], "Sigma": [[0.005091306072010865, -0.003474451908040532, 0.0029905361967415027], [-0.003474451908040532, 0.006487284230927492, -0.004681111715713388], [0.0029905361967415027, -0.004681111715713388, 0.007395186128594969]], "chi2_level": 0.99, "chi2_df": 3, "chi2_threshold": 11.344866730144373, "N_raw": 92, "N_roi": 92, "N_inlier": 90, "refit": true}
{"timestamp": "18:38:51.763034", "frame": 44, "mu": [0.07514381443602738, 0.9156459138706137, 1.0976598374950766], "Sigma": [[0.002606213835111458, -0.001451099700250857, -0.001811704200069372], [-0.001451099700250857, 0.003858810445298095, 0.006788827547375557], [-0.0018117042000693724, 0.006788827547375555, 0.07498583376945389]], "chi2_level": 0.99, "chi2_df": 3, "chi2_threshold": 11.344866730144373, "N_raw": 46, "N_roi": 46, "N_inlier": 43, "refit": true}
{"timestamp": "18:38:51.818192", "frame": 45, "mu": [0.047782345239068595, 0.9086023948545177, 1.4794670101816094], "Sigma": [[0.0013831644262622675, 6.0158898516372534e-05, -0.0011116787435815458], [6.015889851637252e-05, 0.003737963477333485, -0.0014948318083072374], [-0.0011116787435815456, -0.0014948318083072374, 0.0016572760441048]], "chi2_level": 0.99, "chi2_df": 3, "chi2_threshold": 11.344866730144373, "N_raw": 54, "N_roi": 54, "N_inlier": 48, "refit": true}
{"timestamp": "18:38:51.875102", "frame": 46, "mu": [-0.053445485251208805, 0.8705144260248788, 1.2675996943255659], "Sigma": [[0.004205772528498508, -0.00030343409082771264, 0.006951517587976021], [-0.0003034340908277126, 0.00488579864827813, -0.0003592266677206741], [0.006951517587976022, -0.000359226667720674, 0.020640326659041024]], "chi2_level": 0.99, "chi2_df": 3, "chi2_threshold": 11.344866730144373, "N_raw": 68, "N_roi": 68, "N_inlier": 68, "refit": true}
{"timestamp": "18:38:51.933832", "frame": 47, "mu": [-0.09758477266697863, 0.9027552906382061, 1.2253347780492223], "Sigma": [[0.004204290201972885, -0.004928807662600335, 0.0016413264765717237], [-0.004928807662600335, 0.014592677456842422, -0.0016360048476897642], [0.0016413264765717237, -0.0016360048476897638, 0.015202243393107722]], "chi2_level": 0.99, "chi2_df": 3, "chi2_threshold": 11.344866730144373, "N_raw": 97, "N_roi": 97, "N_inlier": 97, "refit": true}
{"timestamp": "18:38:51.990741", "frame": 48, "mu": [-0.1185471250039423, 0.8854094218014117, 1.2466219275562447], "Sigma": [[0.004637989783847554, -0.0036396419299549155, 0.0015111783063291094], [-0.0036396419299549155, 0.007814440357405512, -0.002030111332110298], [0.0015111783063291094, -0.0020301113321102974, 0.02007923254687402]], "chi2_level": 0.99, "chi2_df": 3, "chi2_threshold": 11.344866730144373, "N_raw": 101, "N_roi": 101, "N_inlier": 101, "refit": true}
{"timestamp": "18:38:52.051298", "frame": 49, "mu": [-0.2002398445464727, 0.9395878517326715, 1.2940026072633461], "Sigma": [[0.007525242150536421, -0.0018893298836195661, 0.004865888420647452], [-0.0018893298836195661, 0.002340658294888537, -0.004220311809172716], [0.004865888420647451, -0.004220311809172716, 0.02017743989237353]], "chi2_level": 0.99, "chi2_df": 3, "chi2_threshold": 11.344866730144373, "N_raw": 137, "N_roi": 137, "N_inlier": 134, "refit": true}
{"timestamp": "18:38:52.101221", "frame": 50, "mu": [-0.29412002202032794, 1.0654661089663864, -0.4508626650588097], "Sigma": [[0.00419418960886913, 0.001602274333417108, 0.010386043409195009], [0.001602274333417108, 0.008862026347762267, 0.0037600441767079934], [0.010386043409195009, 0.0037600441767079943, 0.05158902973208772]], "chi2_level": 0.99, "chi2_df": 3, "chi2_threshold": 11.344866730144373, "N_raw": 99, "N_roi": 99, "N_inlier": 96, "refit": true}
{"timestamp": "18:38:52.160572", "frame": 51, "mu": [-0.30520437036185455, 0.9609117688995561, 1.2823780032860275], "Sigma": [[0.00504432571618801, -0.0010326329058446691, 0.004498523794846042], [-0.0010326329058446691, 0.003917221533882268, -0.007059234820733444], [0.004498523794846042, -0.007059234820733444, 0.02368838199684102]], "chi2_level": 0.99, "chi2_df": 3, "chi2_threshold": 11.344866730144373, "N_raw": 130, "N_roi": 130, "N_inlier": 129, "refit": true}
{"timestamp": "18:38:52.216892", "frame": 52, "mu": [-0.33924008635297165, 0.9516156269688315, 1.28985877202516], "Sigma": [[0.0077037157162873435, 0.00024198335009669328, 0.0034486842351049013], [0.00024198335009669323, 0.0026606596110118597, -0.004901064429234322], [0.0034486842351049013, -0.004901064429234322, 0.015344642186045443]], "chi2_level": 0.99, "chi2_df": 3, "chi2_threshold": 11.344866730144373, "N_raw": 138, "N_roi": 138, "N_inlier": 138, "refit": true}
{"timestamp": "18:38:52.271326", "frame": 53, "mu": [-0.41803417026276224, 1.07540127690916, -0.5017805384499525], "Sigma": [[0.008562858406410261, 0.0013515090825140948, 0.012031884914073296], [0.0013515090825140953, 0.012233615276603039, 0.00041217320372378356], [0.012031884914073296, 0.00041217320372378225, 0.029442508596308155]], "chi2_level": 0.99, "chi2_df": 3, "chi2_threshold": 11.344866730144373, "N_raw": 139, "N_roi": 139, "N_inlier": 136, "refit": true}
{"timestamp": "18:38:52.316237", "frame": 54, "mu": [-0.39600573741988504, 0.9673204256010568, 1.3633388533448252], "Sigma": [[0.003070232567143767, 4.975992152427988e-05, -0.0020786682102615093], [4.97599215242798e-05, 0.0019043772165065582, -0.0028767384002172974], [-0.0020786682102615093, -0.0028767384002172974, 0.0070504606736386385]], "chi2_level": 0.99, "chi2_df": 3, "chi2_threshold": 11.344866730144373, "N_raw": 68, "N_roi": 66, "N_inlier": 62, "refit": true}
{"timestamp": "18:38:52.373209", "frame": 55, "mu": [-0.5440762732852047, 0.9585223848938887, 1.3545409569695424], "Sigma": [[0.00551173043028093, -0.0005672868900466271, -0.010422627439010654], [-0.0005672868900466271, 0.0021056208773198165, -0.0068643161813900224], [-0.010422627439010654, -0.0068643161813900224, 0.09316570647186503]], "chi2_level": 0.99, "chi2_df": 3, "chi2_threshold": 11.344866730144373, "N_raw": 82, "N_roi": 82, "N_inlier": 79, "refit": true}
{"timestamp": "18:38:52.426404", "frame": 56, "mu": [-0.5674945355243415, 1.0678341811814713, -0.6767475279812483], "Sigma": [[0.0029571768693784726, 0.0004745020675689702, -0.001401293171414824], [0.00047450206756897024, 0.003910622815822326, -0.0037183405879245316], [-0.0014012931714148242, -0.003718340587924532, 0.041825313705954825]], "chi2_level": 0.99, "chi2_df": 3, "chi2_threshold": 11.344866730144373, "N_raw": 72, "N_roi": 69, "N_inlier": 66, "refit": true}
{"timestamp": "18:38:52.481678", "frame": 57, "mu": [-0.5929173897582879, 0.9990377127976566, 1.0987913162707639], "Sigma": [[0.00414568103451243, -0.002335210181352841, -0.0044389155760398554], [-0.0023352101813528415, 0.0050197496284201835, -0.007977685302702937], [-0.004438915576039856, -0.007977685302702937, 0.14971661092816976]], "chi2_level": 0.99, "chi2_df": 3, "chi2_threshold": 11.344866730144373, "N_raw": 79, "N_roi": 79, "N_inlier": 71, "refit": true}
{"timestamp": "18:38:52.532464", "frame": 58, "mu": [-0.7629559024355063, 0.8872671677893567, 1.3275057131955392], "Sigma": [[0.04809256108846731, 0.024687990670356378, -0.03738539737640331], [0.024687990670356375, 0.028822565962791633, -0.028278058304947545], [-0.03738539737640331, -0.028278058304947545, 0.22803079463737885]], "chi2_level": 0.99, "chi2_df": 3, "chi2_threshold": 11.344866730144373, "N_raw": 51, "N_roi": 51, "N_inlier": 50, "refit": true}
{"timestamp": "18:38:52.593217", "frame": 59, "mu": [-0.7511398663103683, 0.9353656132537366, 1.2665399595227762], "Sigma": [[0.04244734843545148, 0.01203388477892071, -0.0655652934771411], [0.012033884778920713, 0.006261896808313442, -0.017530884551597757], [-0.06556529347714109, -0.017530884551597754, 0.13565854845913622]], "chi2_level": 0.99, "chi2_df": 3, "chi2_threshold": 11.344866730144373, "N_raw": 82, "N_roi": 82, "N_inlier": 78, "refit": true}
{"timestamp": "18:38:52.648706", "frame": 60, "mu": [-0.780197796066059, 1.1470319874759083, -0.46175972248842373], "Sigma": [[0.016932925458494855, 0.005431731989370343, -0.03011841527528704], [0.005431731989370343, 0.007142606436089859, -0.014404376358185136], [-0.03011841527528704, -0.014404376358185136, 0.10107718778571434]], "chi2_level": 0.99, "chi2_df": 3, "chi2_threshold": 11.344866730144373, "N_raw": 97, "N_roi": 97, "N_inlier": 90, "refit": true}
{"timestamp": "18:38:52.703864", "frame": 61, "mu": [-0.920270888063031, 0.9826521086479132, 1.4484632187626034], "Sigma": [[0.02356399646529929, 0.0062255717807929035, -0.01137700012340714], [0.006225571780792903, 0.008034195774552227, -0.006066782699554618], [-0.011377000123407137, -0.006066782699554617, 0.007661966679235097]], "chi2_level": 0.99, "chi2_df": 3, "chi2_threshold": 11.344866730144373, "N_raw": 89, "N_roi": 83, "N_inlier": 81, "refit": true}
{"timestamp": "18:38:52.758697", "frame": 62, "mu": [-1.0449229329175578, 1.0090646483131271, 0.052492293832141726], "Sigma": [[0.041724502605332336, 0.011292539308693436, 0.04902018251859115], [0.011292539308693436, 0.012220297510473863, -0.0015197223391394475], [0.04902018251859115, -0.0015197223391394503, 0.23486846634481476]], "chi2_level": 0.99, "chi2_df": 3, "chi2_threshold": 11.344866730144373, "N_raw": 86, "N_roi": 86, "N_inlier": 86, "refit": true}
{"timestamp": "18:38:52.811763", "frame": 63, "mu": [-0.9376034084851423, 1.020878868206078, 1.2114872620218868], "Sigma": [[0.018444245552513422, 0.006044169260967541, -0.02741501543171123], [0.006044169260967542, 0.0035800548958733105, -0.007776352837494314], [-0.027415015431711227, -0.007776352837494314, 0.0762649917363677]], "chi2_level": 0.99, "chi2_df": 3, "chi2_threshold": 11.344866730144373, "N_raw": 71, "N_roi": 71, "N_inlier": 70, "refit": true}
{"timestamp": "18:38:52.867345", "frame": 64, "mu": [-0.9975505168097158, 1.0018469727501444, 1.1703109186899359], "Sigma": [[0.02302130183194708, 0.011912756786416435, -0.03150443725332998], [0.011912756786416435, 0.008758319192770229, -0.020105293135417535], [-0.031504437253329985, -0.020105293135417535, 0.06849725982599925]], "chi2_level": 0.99, "chi2_df": 3, "chi2_threshold": 11.344866730144373, "N_raw": 81, "N_roi": 81, "N_inlier": 80, "refit": true}
{"timestamp": "18:38:52.923668", "frame": 65, "mu": [-1.1610983101499517, 1.0177716473596223, 1.3722810703867963], "Sigma": [[0.029217565540358356, 0.010683529127358437, -0.04411080324074392], [0.010683529127358437, 0.007921809584902831, -0.01880661565833938], [-0.044110803240743915, -0.018806615658339375, 0.08908664155527526]], "chi2_level": 0.99, "chi2_df": 3, "chi2_threshold": 11.344866730144373, "N_raw": 98, "N_roi": 98, "N_inlier": 97, "refit": true}
{"timestamp": "18:38:52.972906", "frame": 66, "mu": [-1.1866546290268598, 0.9566021257176368, 1.1851532281181392], "Sigma": [[0.02903584697286804, 0.017128227982152064, -0.048651094284818786], [0.017128227982152064, 0.017922322906366438, -0.021448472667348343], [-0.048651094284818786, -0.021448472667348343, 0.11966579940099936]], "chi2_level": 0.99, "chi2_df": 3, "chi2_threshold": 11.344866730144373, "N_raw": 53, "N_roi": 53, "N_inlier": 53, "refit": true}
{"timestamp": "18:38:53.034102", "frame": 67, "mu": [-1.2312783734776969, 1.3924849491526552, -0.571780666992888], "Sigma": [[0.03202291799225819, 0.05306430049919298, -0.06610884310806264], [0.05306430049919299, 0.11560025685243794, -0.1330583899541489], [-0.06610884310806264, -0.1330583899541489, 0.16576356439192977]], "chi2_level": 0.99, "chi2_df": 3, "chi2_threshold": 11.344866730144373, "N_raw": 100, "N_roi": 100, "N_inlier": 99, "refit": true}
{"timestamp": "18:38:53.084109", "frame": 68, "mu": [-1.3122930606654655, 1.0907878206891513, 1.4273419319286977], "Sigma": [[0.022643231485652705, 0.016467160663596322, -0.022998568081422338], [0.016467160663596322, 0.017298696213092955, -0.020832067230721583], [-0.022998568081422338, -0.020832067230721583, 0.0452316172594195]], "chi2_level": 0.99, "chi2_df": 3, "chi2_threshold": 11.344866730144373, "N_raw": 55, "N_roi": 55, "N_inlier": 52, "refit": true}
{"timestamp": "18:38:53.152245", "frame": 69, "mu": [-1.3459284664097229, 1.1396377246367062, 1.2619900978604206], "Sigma": [[0.021935562612892548, 0.012198964124611484, -0.034686782718281656], [0.012198964124611484, 0.021601191613153027, -0.05082374274350354], [-0.034686782718281656, -0.05082374274350354, 0.21147647613522338]], "chi2_level": 0.99, "chi2_df": 3, "chi2_threshold": 11.344866730144373, "N_raw": 149, "N_roi": 149, "N_inlier": 148, "refit": true}
{"timestamp": "18:38:53.208258", "frame": 70, "mu": [-1.3941349919221877, 1.17794561356355, 1.2362219473476617], "Sigma": [[0.027708412987806297, 0.016927317793487433, -0.03378351855730292], [0.016927317793487436, 0.027791513461362737, -0.06436581750817641], [-0.03378351855730292, -0.06436581750817641, 0.20795189941883346]], "chi2_level": 0.99, "chi2_df": 3, "chi2_threshold": 11.344866730144373, "N_raw": 145, "N_roi": 145, "N_inlier": 145, "refit": true}
{"timestamp": "18:38:53.255387", "frame": 71, "mu": [-1.4295111777094358, 1.2719842150672844, -0.13946278284752364], "Sigma": [[0.02284616787261281, 0.014227274373229562, -0.0144531037099721], [0.014227274373229562, 0.015926458497217324, -0.010141688637617767], [-0.0144531037099721, -0.010141688637617767, 0.009982080246696714]], "chi2_level": 0.99, "chi2_df": 3, "chi2_threshold": 11.344866730144373, "N_raw": 94, "N_roi": 94, "N_inlier": 90, "refit": true}
{"timestamp": "18:38:53.309828", "frame": 72, "mu": [-1.4747346849372664, 1.2818430943620727, -0.12701744784992836], "Sigma": [[0.028985892647253327, 0.020705697759220328, -0.021350691972730432], [0.020705697759220328, 0.021504654861463877, -0.016994598979746624], [-0.021350691972730436, -0.016994598979746624, 0.02366376560316063]], "chi2_level": 0.99, "chi2_df": 3, "chi2_threshold": 11.344866730144373, "N_raw": 89, "N_roi": 89, "N_inlier": 84, "refit": true}
{"timestamp": "18:38:53.362922", "frame": 73, "mu": [-1.4664189437530002, 1.2881581034216347, 1.477016239267236], "Sigma": [[0.02684648665716277, 0.012337482706302774, -0.018326987501042107], [0.012337482706302774, 0.010928826399255109, -0.010721724656496987], [-0.018326987501042107, -0.010721724656496987, 0.014826337580629621]], "chi2_level": 0.99, "chi2_df": 3, "chi2_threshold": 11.344866730144373, "N_raw": 89, "N_roi": 89, "N_inlier": 86, "refit": true}
{"timestamp": "18:38:53.419435", "frame": 74, "mu": [-1.4539617376303675, 1.4401250776250956, -0.193958191906877], "Sigma": [[0.028125285410240557, 0.021698176292436595, -0.018859327845344356], [0.021698176292436595, 0.024580190866550205, -0.020735137644578124], [-0.018859327845344356, -0.020735137644578124, 0.020061327507462243]], "chi2_level": 0.99, "chi2_df": 3, "chi2_threshold": 11.344866730144373, "N_raw": 99, "N_roi": 99, "N_inlier": 96, "refit": true}
{"timestamp": "18:38:53.475763", "frame": 75, "mu": [-1.4532953649771054, 1.5176381521596745, -0.3985538495010142], "Sigma": [[0.05143650337080939, 0.03599871930345258, -0.09252480366004134], [0.03599871930345258, 0.03720856344937104, -0.061600341705998526], [-0.09252480366004134, -0.061600341705998526, 0.2426210004790191]], "chi2_level": 0.99, "chi2_df": 3, "chi2_threshold": 11.344866730144373, "N_raw": 102, "N_roi": 102, "N_inlier": 101, "refit": true}
{"timestamp": "18:38:53.523736", "frame": 76, "mu": [-1.6682583698042381, 1.3675162286847506, 1.495141578669335], "Sigma": [[0.04503068623153424, 0.022977532320406176, -0.07984233279898806], [0.02297753232040618, 0.0192945279564788, -0.04121248507104264], [-0.07984233279898807, -0.04121248507104265, 0.18708273501387843]], "chi2_level": 0.99, "chi2_df": 3, "chi2_threshold": 11.344866730144373, "N_raw": 54, "N_roi": 39, "N_inlier": 37, "refit": true}
{"timestamp": "18:38:53.582151", "frame": 77, "mu": [-1.4135787882724469, 1.7433915868634653, -0.30527555802985734], "Sigma": [[0.01495877779250375, -0.0039351030608070344, 0.020619554095936146], [-0.0039351030608070344, 0.010834062874055363, -0.03047558698246784], [0.020619554095936146, -0.03047558698246784, 0.11407161872366095]], "chi2_level": 0.99, "chi2_df": 3, "chi2_threshold": 11.344866730144373, "N_raw": 87, "N_roi": 87, "N_inlier": 83, "refit": true}
{"timestamp": "18:38:53.646432", "frame": 78, "mu": [-1.5560626237216704, 1.580495886800012, 1.2290800384684815], "Sigma": [[0.04065975621374418, 0.01950006554873502, -0.08697707003496684], [0.01950006554873502, 0.02158814507347517, -0.04018364006063026], [-0.08697707003496685, -0.04018364006063026, 0.29092568257487184]], "chi2_level": 0.99, "chi2_df": 3, "chi2_threshold": 11.344866730144373, "N_raw": 140, "N_roi": 140, "N_inlier": 139, "refit": true}
{"timestamp": "18:38:53.698111", "frame": 79, "mu": [-1.5857901931531861, 1.6036952095998078, 1.277504404378309], "Sigma": [[0.03648727709918283, 0.021617753172286414, -0.06923537150524305], [0.021617753172286414, 0.02064094004302, -0.0431624675117611], [-0.06923537150524305, -0.04316246751176111, 0.21106720534559562]], "chi2_level": 0.99, "chi2_df": 3, "chi2_threshold": 11.344866730144373, "N_raw": 117, "N_roi": 117, "N_inlier": 115, "refit": true}
{"timestamp": "18:38:53.746980", "frame": 80, "mu": [-1.5886194805700897, 1.7577624120237176, 1.3732303936854533], "Sigma": [[0.023412434987793874, 0.013933293737635473, -0.02188983115891588], [0.013933293737635473, 0.016051857209837265, -0.018739110472713226], [-0.02188983115891588, -0.018739110472713226, 0.08993950116597352]], "chi2_level": 0.99, "chi2_df": 3, "chi2_threshold": 11.344866730144373, "N_raw": 79, "N_roi": 79, "N_inlier": 76, "refit": true}
{"timestamp": "18:38:53.803557", "frame": 81, "mu": [-1.6633606835109092, 1.7464584388022424, 1.5640435231277463], "Sigma": [[0.04413355616672118, 0.03045637488398615, -0.049592732216897875], [0.03045637488398615, 0.03415517993171604, -0.0382999798514582], [-0.049592732216897875, -0.0382999798514582, 0.0826317780154891]], "chi2_level": 0.99, "chi2_df": 3, "chi2_threshold": 11.344866730144373, "N_raw": 88, "N_roi": 88, "N_inlier": 84, "refit": true}
{"timestamp": "18:38:53.859691", "frame": 82, "mu": [-1.7303561485148762, 1.7685761858172797, 1.5801816833388536], "Sigma": [[0.0445747402418745, 0.034975306465569525, -0.05400516198923484], [0.034975306465569525, 0.03709462194645735, -0.04857644792898218], [-0.05400516198923484, -0.048576447928982164, 0.10155612245038118]], "chi2_level": 0.99, "chi2_df": 3, "chi2_threshold": 11.344866730144373, "N_raw": 101, "N_roi": 101, "N_inlier": 96, "refit": true}
{"timestamp": "18:38:53.910082", "frame": 83, "mu": [-1.5650039905945206, 2.0351177687605175, -0.3453002770052682], "Sigma": [[0.013347558350138483, 0.004009119797166606, 0.0018976307528419856], [0.004009119797166606, 0.0068840684668842545, -0.008647299909730989], [0.0018976307528419858, -0.008647299909730989, 0.01741567208959975]], "chi2_level": 0.99, "chi2_df": 3, "chi2_threshold": 11.344866730144373, "N_raw": 68, "N_roi": 68, "N_inlier": 65, "refit": true}
{"timestamp": "18:38:53.965040", "frame": 84, "mu": [-1.595558847986035, 1.9229236217176822, 1.1604402424117854], "Sigma": [[0.012051087899351191, 0.005712065363148696, -0.0018091258336058063], [0.005712065363148696, 0.006994172133014119, 0.010163021782711848], [-0.0018091258336058054, 0.01016302178271185, 0.08857411258307445]], "chi2_level": 0.99, "chi2_df": 3, "chi2_threshold": 11.344866730144373, "N_raw": 69, "N_roi": 69, "N_inlier": 68, "refit": true}
{"timestamp": "18:38:54.019648", "frame": 85, "mu": [-1.60910101559254, 2.0181586932671687, 1.3089405899933562], "Sigma": [[0.012358639106736777, 0.0031704585772659704, -0.011584008427525425], [0.0031704585772659704, 0.004012397215719383, -0.0002857572631063829], [-0.011584008427525425, -0.0002857572631063829, 0.06329121294030317]], "chi2_level": 0.99, "chi2_df": 3, "chi2_threshold": 11.344866730144373, "N_raw": 63, "N_roi": 63, "N_inlier": 56, "refit": true}
{"timestamp": "18:38:54.070221", "frame": 86, "mu": [-1.6521555657018745, 2.0777930067317802, 1.2476004732311015], "Sigma": [[0.009828046620405786, 0.006218321763204639, 0.0031162531683903445], [0.006218321763204639, 0.00647533258613191, 0.015592763349261898], [0.0031162531683903436, 0.015592763349261898, 0.09406003878820904]], "chi2_level": 0.99, "chi2_df": 3, "chi2_threshold": 11.344866730144373, "N_raw": 37, "N_roi": 37, "N_inlier": 36, "refit": true}
