{"timestamp": "19:28:56.531106", "frame": 5, "mu": [2.2017072268546998, 4.341386738410867, 1.1866015232192002], "Sigma": [[0.5051928391806864, 0.9209477754873827, -0.20307790099887227], [0.9209477754873828, 1.6908196150767278, -0.37297015879057605], [-0.20307790099887227, -0.37297015879057605, 0.08292240908309716]], "chi2_level": 0.997, "chi2_df": 3, "chi2_threshold": 13.931422665512084, "N_raw": 21, "N_roi": 6, "N_inlier": 6, "refit": true}
{"timestamp": "19:28:56.588557", "frame": 6, "mu": [2.3668106636440203, 4.7479381870955, 1.2413378278232023], "Sigma": [[0.007386791403113138, -0.004974793454790151, -0.005264323605067753], [-0.004974793454790152, 0.006510054207409472, 0.001975057510302594], [-0.005264323605067754, 0.001975057510302594, 0.007575024851121443]], "chi2_level": 0.997, "chi2_df": 3, "chi2_threshold": 13.931422665512084, "N_raw": 39, "N_roi": 17, "N_inlier": 17, "refit": true}
{"timestamp": "19:28:56.699280", "frame": 8, "mu": [2.3608947125175455, 4.727781957698326, 1.1015348920863066], "Sigma": [[0.008593378648282168, -0.004697111496988865, -0.0005650512989117562], [-0.004697111496988865, 0.006083747549901335, -0.000230806305368024], [-0.0005650512989117562, -0.00023080630536802404, 0.0004301524549355565]], "chi2_level": 0.997, "chi2_df": 3, "chi2_threshold": 13.931422665512084, "N_raw": 41, "N_roi": 17, "N_inlier": 17, "refit": true}
{"timestamp": "19:28:56.805079", "frame": 10, "mu": [2.4150262058469885, 4.689561083679758, 1.1305775364412372], "Sigma": [[0.0034028794193950666, -0.0017994027458320186, 0.00047357504567282284], [-0.0017994027458320184, 0.0034151229235425905, -0.0007479378433109282], [0.00047357504567282284, -0.0007479378433109282, 0.0001674211082425179]], "chi2_level": 0.997, "chi2_df": 3, "chi2_threshold": 13.931422665512084, "N_raw": 12, "N_roi": 6, "N_inlier": 6, "refit": true}
{"timestamp": "19:28:57.084543", "frame": 15, "mu": [2.39600834984479, 4.684902262124902, 0.9115741806975597], "Sigma": [[0.00529669814520188, -0.00398790479130815, 0.001026710178848404], [-0.003987904791308148, 0.005746013696201264, -0.0014294789870427827], [0.001026710178848404, -0.001429478987042783, 0.0003571539573390825]], "chi2_level": 0.997, "chi2_df": 3, "chi2_threshold": 13.931422665512084, "N_raw": 39, "N_roi": 12, "N_inlier": 12, "refit": true}
{"timestamp": "19:28:57.139679", "frame": 16, "mu": [2.4339105028161945, 4.593489494750518, 1.077201347456783], "Sigma": [[0.002346924021501131, -0.00116692626830895, -0.0010679970639594742], [-0.00116692626830895, 0.0017153250820722565, -0.0030437863631399167], [-0.0010679970639594747, -0.0030437863631399176, 0.03200080845351588]], "chi2_level": 0.997, "chi2_df": 3, "chi2_threshold": 13.931422665512084, "N_raw": 42, "N_roi": 9, "N_inlier": 9, "refit": true}
{"timestamp": "19:28:57.251113", "frame": 18, "mu": [2.3815750000735996, 4.5440395704964365, 0.8402296731598028], "Sigma": [[0.006191837811114866, -0.003162439880599658, -0.0032716320804123135], [-0.003162439880599658, 0.00486806258713603, -0.004052692946235568], [-0.0032716320804123135, -0.004052692946235569, 0.026526307901001397]], "chi2_level": 0.997, "chi2_df": 3, "chi2_threshold": 13.931422665512084, "N_raw": 54, "N_roi": 22, "N_inlier": 21, "refit": true}
{"timestamp": "19:28:57.306058", "frame": 19, "mu": [2.3680298453214044, 4.646650616706985, -0.22683996745347326], "Sigma": [[0.009333535098009512, -0.003931982443365777, -0.0009145895194677874], [-0.003931982443365778, 0.00469197348440964, -0.003139905459228629], [-0.0009145895194677876, -0.00313990545922863, 0.01214077213606544]], "chi2_level": 0.997, "chi2_df": 3, "chi2_threshold": 13.931422665512084, "N_raw": 35, "N_roi": 16, "N_inlier": 15, "refit": true}
{"timestamp": "19:28:57.358390", "frame": 20, "mu": [2.4109572702090905, 4.2832236772829955, 0.30725955031265967], "Sigma": [[0.0020689338736330828, -0.0010898548208210452, 0.0017929633674273605], [-0.0010898548208210452, 0.0006160501126759217, -0.0006631169083279145], [0.0017929633674273605, -0.0006631169083279145, 0.018230670475584514]], "chi2_level": 0.997, "chi2_df": 3, "chi2_threshold": 13.931422665512084, "N_raw": 24, "N_roi": 8, "N_inlier": 8, "refit": true}
{"timestamp": "19:28:57.413551", "frame": 21, "mu": [2.3910921925077346, 4.409765029678532, 0.6227487013697667], "Sigma": [[0.006040850420035602, -0.004263827421107185, -0.0031545559255633654], [-0.004263827421107185, 0.0057216345994715685, 0.0007624527438363498], [-0.0031545559255633654, 0.0007624527438363496, 0.009081232365598976]], "chi2_level": 0.997, "chi2_df": 3, "chi2_threshold": 13.931422665512084, "N_raw": 21, "N_roi": 13, "N_inlier": 13, "refit": true}
{"timestamp": "19:28:57.525649", "frame": 23, "mu": [2.3238651730417104, 4.303339802046867, 0.7410546292822078], "Sigma": [[0.012425369796886963, -0.006769652185859228, -0.0034548141193773097], [-0.006769652185859228, 0.0062011627305878, 0.00016718566190588728], [-0.0034548141193773097, 0.00016718566190588728, 0.005173936963771947]], "chi2_level": 0.997, "chi2_df": 3, "chi2_threshold": 13.931422665512084, "N_raw": 37, "N_roi": 25, "N_inlier": 24, "refit": true}
{"timestamp": "19:28:57.634154", "frame": 25, "mu": [2.312613929729814, 4.219212973100319, 0.8919014850422404], "Sigma": [[0.00997854153991979, -0.00628077089870702, -0.005522468723681178], [-0.00628077089870702, 0.007799631273548256, 0.0023980728440226354], [-0.005522468723681178, 0.002398072844022635, 0.005370498938998065]], "chi2_level": 0.997, "chi2_df": 3, "chi2_threshold": 13.931422665512084, "N_raw": 33, "N_roi": 25, "N_inlier": 24, "refit": true}
{"timestamp": "19:28:57.743809", "frame": 27, "mu": [2.3070569296607206, 4.104210336026774, 0.5039130174560331], "Sigma": [[0.0081877522265294, -0.006532904271452655, -0.0074258872954591805], [-0.0065329042714526555, 0.00787398905005381, 0.004571984796759716], [-0.00742588729545918, 0.004571984796759715, 0.04652252442615448]], "chi2_level": 0.997, "chi2_df": 3, "chi2_threshold": 13.931422665512084, "N_raw": 23, "N_roi": 17, "N_inlier": 17, "refit": true}
{"timestamp": "19:28:57.801028", "frame": 28, "mu": [2.2218836021623556, 4.083542051096425, 0.6433631408663963], "Sigma": [[0.0171549519771447, -0.01182610024156334, -0.0034165173534851105], [-0.011826100241563341, 0.010291879664546167, 0.002044059486963695], [-0.0034165173534851105, 0.002044059486963695, 0.0580006956733613]], "chi2_level": 0.997, "chi2_df": 3, "chi2_threshold": 13.931422665512084, "N_raw": 40, "N_roi": 34, "N_inlier": 34, "refit": true}
{"timestamp": "19:28:57.851575", "frame": 29, "mu": [2.1931008390062856, 4.034508135415834, 0.7609427565238331], "Sigma": [[0.0051607435589901725, -0.00424221670857457, -0.015019634344209385], [-0.00424221670857457, 0.006687752061849829, 0.002154425506783706], [-0.015019634344209385, 0.0021544255067837068, 0.08734579965906293]], "chi2_level": 0.997, "chi2_df": 3, "chi2_threshold": 13.931422665512084, "N_raw": 6, "N_roi": 6, "N_inlier": 6, "refit": true}
{"timestamp": "19:28:57.911010", "frame": 30, "mu": [2.1120812959314232, 4.221860135020435, -0.15745350206308306], "Sigma": [[0.03238340680376192, -0.014231394362074138, -0.019737473960900323], [-0.014231394362074138, 0.010988883416917583, -0.0012700185993094763], [-0.019737473960900323, -0.0012700185993094763, 0.03487792238452432]], "chi2_level": 0.997, "chi2_df": 3, "chi2_threshold": 13.931422665512084, "N_raw": 47, "N_roi": 47, "N_inlier": 46, "refit": true}
{"timestamp": "19:28:57.965976", "frame": 31, "mu": [2.0796893376154624, 4.010278710673381, 0.7112097912452535], "Sigma": [[0.0186823196401793, -0.010040671377211052, 0.0025910644947648095], [-0.010040671377211052, 0.006098744690019986, -0.0015186174674402782], [0.00259106449476481, -0.0015186174674402773, 0.061135214892200425]], "chi2_level": 0.997, "chi2_df": 3, "chi2_threshold": 13.931422665512084, "N_raw": 39, "N_roi": 39, "N_inlier": 39, "refit": true}
{"timestamp": "19:28:58.020350", "frame": 32, "mu": [2.072444979592086, 4.117989672821862, -0.2368178813452411], "Sigma": [[0.016380283076440575, -0.008173823033718997, 0.008339606275842251], [-0.008173823033718997, 0.007633084391908005, -0.02231853610781638], [0.008339606275842253, -0.02231853610781638, 0.2325528914046912]], "chi2_level": 0.997, "chi2_df": 3, "chi2_threshold": 13.931422665512084, "N_raw": 37, "N_roi": 37, "N_inlier": 37, "refit": true}
{"timestamp": "19:28:58.075353", "frame": 33, "mu": [2.071507782809087, 3.8924769238682058, 0.6536127665547005], "Sigma": [[0.02430143552047153, -0.012288444693932338, -0.0026447370157675018], [-0.012288444693932338, 0.006936394442756654, -0.0006097868900638427], [-0.0026447370157675018, -0.0006097868900638427, 0.019571463859909786]], "chi2_level": 0.997, "chi2_df": 3, "chi2_threshold": 13.931422665512084, "N_raw": 38, "N_roi": 38, "N_inlier": 37, "refit": true}
{"timestamp": "19:28:58.129264", "frame": 34, "mu": [2.0744265880483006, 3.771661784285659, 0.6323829894925581], "Sigma": [[0.02068251782288128, -0.013197255805857035, -0.007771927621447064], [-0.013197255805857035, 0.009247302419693255, 0.00397048124826342], [-0.007771927621447064, 0.00397048124826342, 0.008737841229727162]], "chi2_level": 0.997, "chi2_df": 3, "chi2_threshold": 13.931422665512084, "N_raw": 24, "N_roi": 24, "N_inlier": 24, "refit": true}
{"timestamp": "19:28:58.187316", "frame": 35, "mu": [1.9434558971573006, 3.816300243870012, 0.6245173269317722], "Sigma": [[0.02503479136364245, -0.014498035252778135, -0.004845665060681313], [-0.014498035252778135, 0.010305646352983708, -0.0013862443289294362], [-0.004845665060681313, -0.0013862443289294362, 0.02853120191497196]], "chi2_level": 0.997, "chi2_df": 3, "chi2_threshold": 13.931422665512084, "N_raw": 54, "N_roi": 54, "N_inlier": 53, "refit": true}
{"timestamp": "19:28:58.243930", "frame": 36, "mu": [1.8488456960534991, 3.814139508252839, 0.4469770816207589], "Sigma": [[0.019061524087475582, -0.012815148336393856, -0.0049325653588942016], [-0.012815148336393856, 0.01107975342298482, 0.0024830032755004455], [-0.004932565358894201, 0.0024830032755004455, 0.0038062737324683752]], "chi2_level": 0.997, "chi2_df": 3, "chi2_threshold": 13.931422665512084, "N_raw": 25, "N_roi": 25, "N_inlier": 24, "refit": true}
{"timestamp": "19:28:58.299400", "frame": 37, "mu": [1.8742469007843767, 3.7584961363797795, 0.7859678946955332], "Sigma": [[0.03100437026949659, -0.015532304470790022, -0.01126587228853793], [-0.015532304470790022, 0.011596240044249405, -0.00025164284570918633], [-0.01126587228853793, -0.00025164284570918676, 0.016226672851128707]], "chi2_level": 0.997, "chi2_df": 3, "chi2_threshold": 13.931422665512084, "N_raw": 65, "N_roi": 65, "N_inlier": 65, "refit": true}
{"timestamp": "19:28:58.353766", "frame": 38, "mu": [1.8187935198018963, 3.9099497076712404, -0.2961235825468973], "Sigma": [[0.03019628375383525, -0.01204237746519757, -0.01263044648273014], [-0.01204237746519757, 0.010043978763648747, -0.0005942747355221047], [-0.01263044648273014, -0.0005942747355221047, 0.013623868152333378]], "chi2_level": 0.997, "chi2_df": 3, "chi2_threshold": 13.931422665512084, "N_raw": 57, "N_roi": 57, "N_inlier": 57, "refit": true}
{"timestamp": "19:28:58.406574", "frame": 39, "mu": [1.7827670457723657, 3.639387969361884, 0.5490468596095294], "Sigma": [[0.0202589856035352, -0.01207926170274732, -0.003521300423731989], [-0.01207926170274732, 0.015858069541731846, 0.004905173529877481], [-0.003521300423731989, 0.004905173529877481, 0.0039029009149235184]], "chi2_level": 0.997, "chi2_df": 3, "chi2_threshold": 13.931422665512084, "N_raw": 40, "N_roi": 40, "N_inlier": 39, "refit": true}
{"timestamp": "19:28:58.464198", "frame": 40, "mu": [1.7518033841732443, 3.6276922963276585, 0.6216107282656156], "Sigma": [[0.028082858643489635, -0.010677090021610328, 0.00489825398810014], [-0.010677090021610328, 0.009452733263458345, -0.0033163542837635583], [0.00489825398810014, -0.0033163542837635583, 0.002315107386797203]], "chi2_level": 0.997, "chi2_df": 3, "chi2_threshold": 13.931422665512084, "N_raw": 55, "N_roi": 55, "N_inlier": 53, "refit": true}
{"timestamp": "19:28:58.515062", "frame": 41, "mu": [1.7172875913417305, 3.5401731200881597, 0.6063974973029705], "Sigma": [[0.01223607182595375, -0.008106770558834124, 0.004829812382982346], [-0.008106770558834124, 0.008922248286028365, -0.00324567370094701], [0.004829812382982345, -0.0032456737009470106, 0.0266134706664369]], "chi2_level": 0.997, "chi2_df": 3, "chi2_threshold": 13.931422665512084, "N_raw": 26, "N_roi": 26, "N_inlier": 26, "refit": true}
{"timestamp": "19:28:58.569348", "frame": 42, "mu": [1.6704555922268292, 3.5226253886622807, 0.7271576316150822], "Sigma": [[0.01838263888237924, -0.00782992119057459, 0.011155583346472018], [-0.007829921190574587, 0.0055571080683458705, -0.008095356283172893], [0.011155583346472018, -0.008095356283172893, 0.029661462115829113]], "chi2_level": 0.997, "chi2_df": 3, "chi2_threshold": 13.931422665512084, "N_raw": 26, "N_roi": 26, "N_inlier": 25, "refit": true}
{"timestamp": "19:28:58.631228", "frame": 43, "mu": [1.557844171440521, 3.540741122899579, 0.5391167274032074], "Sigma": [[0.030589384324788027, -0.017422971871831255, 0.00444531643932802], [-0.017422971871831255, 0.015783137328275538, -0.008299152358766961], [0.00444531643932802, -0.008299152358766961, 0.009715754662400777]], "chi2_level": 0.997, "chi2_df": 3, "chi2_threshold": 13.931422665512084, "N_raw": 79, "N_roi": 78, "N_inlier": 78, "refit": true}
{"timestamp": "19:28:58.685425", "frame": 44, "mu": [1.5354073133884465, 3.4703790408342754, 0.6087747150173959], "Sigma": [[0.02272443486465065, -0.013655366073566752, -0.004183903865921989], [-0.013655366073566752, 0.011245736722350746, -0.0028303293207053632], [-0.00418390386592199, -0.0028303293207053632, 0.021473550644343017]], "chi2_level": 0.997, "chi2_df": 3, "chi2_threshold": 13.931422665512084, "N_raw": 62, "N_roi": 62, "N_inlier": 62, "refit": true}
{"timestamp": "19:28:58.739651", "frame": 45, "mu": [1.4580190046969137, 3.4692607532840287, 0.7126845269068111], "Sigma": [[0.026162000829243935, -0.016768725164968114, -0.013409694744069833], [-0.016768725164968114, 0.016683946388770993, 0.0038799264697354625], [-0.013409694744069833, 0.003879926469735462, 0.015375463138409984]], "chi2_level": 0.997, "chi2_df": 3, "chi2_threshold": 13.931422665512084, "N_raw": 65, "N_roi": 65, "N_inlier": 65, "refit": true}
{"timestamp": "19:28:58.790076", "frame": 46, "mu": [1.4679700739639583, 3.1324346068425895, 0.389218050728822], "Sigma": [[0.012453798417252434, -0.0026778979662040216, 0.006481851611588246], [-0.0026778979662040224, 0.6936535898542284, 0.6086443146200935], [0.006481851611588246, 0.6086443146200935, 0.5515444486815059]], "chi2_level": 0.997, "chi2_df": 3, "chi2_threshold": 13.931422665512084, "N_raw": 28, "N_roi": 28, "N_inlier": 27, "refit": true}
{"timestamp": "19:28:58.844137", "frame": 47, "mu": [1.3314722214848678, 3.382612845510399, 0.7828822406770942], "Sigma": [[0.013464230032585426, -0.007094459028663137, -0.004669031196838595], [-0.007094459028663137, 0.00527571880457064, -0.0003106131810445504], [-0.004669031196838595, -0.0003106131810445504, 0.009736049460046997]], "chi2_level": 0.997, "chi2_df": 3, "chi2_threshold": 13.931422665512084, "N_raw": 27, "N_roi": 27, "N_inlier": 26, "refit": true}
{"timestamp": "19:28:58.902432", "frame": 48, "mu": [1.2834110227422377, 3.385006720151346, 0.8206760098893492], "Sigma": [[0.021813635944113192, -0.00811848095585196, -0.008682823155130758], [-0.00811848095585196, 0.005532793144999634, -0.0004603914696159954], [-0.008682823155130758, -0.0004603914696159953, 0.011937589304737196]], "chi2_level": 0.997, "chi2_df": 3, "chi2_threshold": 13.931422665512084, "N_raw": 54, "N_roi": 52, "N_inlier": 51, "refit": true}
{"timestamp": "19:28:58.959991", "frame": 49, "mu": [1.1615428860695132, 3.3650461743626585, 0.5666349222651661], "Sigma": [[0.02110632119757415, -0.008520332127566657, 0.006966758722395563], [-0.008520332127566657, 0.006756967115164173, -0.005686943607288889], [0.006966758722395563, -0.00568694360728889, 0.035038410480214714]], "chi2_level": 0.997, "chi2_df": 3, "chi2_threshold": 13.931422665512084, "N_raw": 65, "N_roi": 65, "N_inlier": 65, "refit": true}
{"timestamp": "19:28:59.018626", "frame": 50, "mu": [1.1966420547306205, 3.3010023839069484, 0.7069834321264162], "Sigma": [[0.026889217006961195, -0.013866568110931744, -0.004176698555043497], [-0.013866568110931744, 0.011597495858338561, -0.004934225780344453], [-0.004176698555043497, -0.004934225780344453, 0.026649284056553153]], "chi2_level": 0.997, "chi2_df": 3, "chi2_threshold": 13.931422665512084, "N_raw": 88, "N_roi": 85, "N_inlier": 84, "refit": true}
{"timestamp": "19:28:59.071949", "frame": 51, "mu": [1.1195709352871925, 3.5224624367805646, -0.4580375389252256], "Sigma": [[0.02421302178131634, -0.013036362577928808, -0.00047207999099784946], [-0.013036362577928808, 0.014070879985421517, -0.006005196363898873], [-0.00047207999099784935, -0.006005196363898874, 0.010233189791760295]], "chi2_level": 0.997, "chi2_df": 3, "chi2_threshold": 13.931422665512084, "N_raw": 74, "N_roi": 71, "N_inlier": 68, "refit": true}
{"timestamp": "19:28:59.127036", "frame": 52, "mu": [1.0685777587545842, 3.275876482748408, -0.7692886897410716], "Sigma": [[0.03593894921362513, -0.01739063668897904, 0.13279879569418948], [-0.01739063668897904, 0.017508165598143798, -0.07928492329641694], [0.13279879569418948, -0.07928492329641694, 0.7229538855925176]], "chi2_level": 0.997, "chi2_df": 3, "chi2_threshold": 13.931422665512084, "N_raw": 89, "N_roi": 88, "N_inlier": 88, "refit": true}
{"timestamp": "19:28:59.184563", "frame": 53, "mu": [1.0003029144039732, 3.4391760742854114, -0.47394833462897007], "Sigma": [[0.030210059137190385, -0.01981193330549651, 0.00029497144495771487], [-0.019811933305496514, 0.02554783452292475, -0.00833901936702936], [0.00029497144495771487, -0.00833901936702936, 0.01755752379059075]], "chi2_level": 0.997, "chi2_df": 3, "chi2_threshold": 13.931422665512084, "N_raw": 100, "N_roi": 95, "N_inlier": 95, "refit": true}
{"timestamp": "19:28:59.231501", "frame": 54, "mu": [1.034987746377476, 3.1911400094852818, 0.8279502590499334], "Sigma": [[0.015549799341380276, -0.005725816144270301, -0.003830710877062966], [-0.0057258161442703005, 0.006556088230181043, 0.0011524299423568403], [-0.003830710877062966, 0.00115242994235684, 0.002710895731384739]], "chi2_level": 0.997, "chi2_df": 3, "chi2_threshold": 13.931422665512084, "N_raw": 42, "N_roi": 42, "N_inlier": 40, "refit": true}
{"timestamp": "19:28:59.295770", "frame": 55, "mu": [0.8539439013699729, 3.1597395248802282, 0.6863213557119336], "Sigma": [[0.026626437628248754, -0.006310806583914956, 0.01922970772254576], [-0.006310806583914957, 0.005932737581045713, -0.01007595740580373], [0.01922970772254576, -0.01007595740580373, 0.050183785017967455]], "chi2_level": 0.997, "chi2_df": 3, "chi2_threshold": 13.931422665512084, "N_raw": 96, "N_roi": 96, "N_inlier": 96, "refit": true}
{"timestamp": "19:28:59.349744", "frame": 56, "mu": [0.8125123793082747, 3.1437396332125758, 0.6966637824248842], "Sigma": [[0.023164464277761043, -0.009625527982463829, -0.0007868814516618573], [-0.009625527982463827, 0.0077111370266490465, -0.006144409115686405], [-0.0007868814516618577, -0.006144409115686404, 0.019276261084080967]], "chi2_level": 0.997, "chi2_df": 3, "chi2_threshold": 13.931422665512084, "N_raw": 89, "N_roi": 86, "N_inlier": 84, "refit": true}
{"timestamp": "19:28:59.407777", "frame": 57, "mu": [0.7976518603223509, 3.3066087965284665, -0.3293801247564656], "Sigma": [[0.021673458715081584, -0.008018471414774252, -0.007223524232595009], [-0.008018471414774252, 0.011661389870069564, -0.004781741596763136], [-0.0072235242325950095, -0.004781741596763136, 0.012589149741746875]], "chi2_level": 0.997, "chi2_df": 3, "chi2_threshold": 13.931422665512084, "N_raw": 85, "N_roi": 82, "N_inlier": 82, "refit": true}
{"timestamp": "19:28:59.452129", "frame": 58, "mu": [0.7756924299899608, 3.018327553085395, 0.8093774726831375], "Sigma": [[0.015835663433354734, -0.004890048619806691, -0.006342632179147661], [-0.004890048619806691, 0.0037975756854601492, -7.6042592639916e-05], [-0.006342632179147661, -7.60425926399161e-05, 0.006917416943570253]], "chi2_level": 0.997, "chi2_df": 3, "chi2_threshold": 13.931422665512084, "N_raw": 44, "N_roi": 44, "N_inlier": 44, "refit": true}
{"timestamp": "19:28:59.513394", "frame": 59, "mu": [0.670391378673634, 3.054855936365922, 0.9092590360706267], "Sigma": [[0.01991808388165551, -0.012894306029051337, -0.009837874293239107], [-0.012894306029051335, 0.014724778551333383, 0.0005414395669472605], [-0.009837874293239107, 0.0005414395669472601, 0.01341100580677498]], "chi2_level": 0.997, "chi2_df": 3, "chi2_threshold": 13.931422665512084, "N_raw": 89, "N_roi": 88, "N_inlier": 86, "refit": true}
{"timestamp": "19:28:59.564767", "frame": 60, "mu": [0.5900326225123708, 3.0733866952813895, 0.8862156582142388], "Sigma": [[0.019308796167788377, -0.004247777236601121, -0.0021872642087825927], [-0.004247777236601122, 0.002439047094278165, -0.002970468491195232], [-0.0021872642087825927, -0.002970468491195232, 0.026756429325642518]], "chi2_level": 0.997, "chi2_df": 3, "chi2_threshold": 13.931422665512084, "N_raw": 65, "N_roi": 64, "N_inlier": 63, "refit": true}
{"timestamp": "19:28:59.625414", "frame": 61, "mu": [0.5481642270235757, 3.155522443256874, -0.7148335780853533], "Sigma": [[0.021932212630660454, 0.0035308139786702705, 0.047685513706952246], [0.0035308139786702714, 0.01406441102496871, 0.016214390875888548], [0.047685513706952246, 0.016214390875888548, 0.20937579242276547]], "chi2_level": 0.997, "chi2_df": 3, "chi2_threshold": 13.931422665512084, "N_raw": 93, "N_roi": 91, "N_inlier": 89, "refit": true}
{"timestamp": "19:28:59.675061", "frame": 62, "mu": [0.5097793795172451, 3.215542723884607, -0.3106730133359938], "Sigma": [[0.016881909921347325, -0.005026577147313043, 0.006215113495046386], [-0.005026577147313042, 0.008008420583815805, -0.005769511033532541], [0.006215113495046387, -0.00576951103353254, 0.01199802706281769]], "chi2_level": 0.997, "chi2_df": 3, "chi2_threshold": 13.931422665512084, "N_raw": 66, "N_roi": 66, "N_inlier": 65, "refit": true}
{"timestamp": "19:28:59.734768", "frame": 63, "mu": [0.4196600469096427, 3.138054078148327, 0.00439925637739342], "Sigma": [[0.029573143026007692, -0.025123844248801232, 0.0830684164430518], [-0.025123844248801232, 0.03659296778286303, -0.08730328391333006], [0.0830684164430518, -0.08730328391333006, 0.32934561362627507]], "chi2_level": 0.997, "chi2_df": 3, "chi2_threshold": 13.931422665512084, "N_raw": 101, "N_roi": 99, "N_inlier": 99, "refit": true}
{"timestamp": "19:28:59.786261", "frame": 64, "mu": [0.3471583535893873, 3.1989083682318356, -0.2827432673020973], "Sigma": [[0.023869596871402284, -0.015234067892769276, -0.007218757443140285], [-0.015234067892769276, 0.015583083856509779, 0.0005583939076262865], [-0.007218757443140286, 0.0005583939076262865, 0.022935234361425597]], "chi2_level": 0.997, "chi2_df": 3, "chi2_threshold": 13.931422665512084, "N_raw": 75, "N_roi": 75, "N_inlier": 71, "refit": true}
{"timestamp": "19:28:59.845767", "frame": 65, "mu": [0.3248279181342862, 2.964020979884655, 0.9207879264481702], "Sigma": [[0.035487349571977564, -0.020389814540959207, 0.006619864422854879], [-0.020389814540959207, 0.017243111853535102, -0.011154791540950296], [0.006619864422854879, -0.011154791540950296, 0.013781124564758782]], "chi2_level": 0.997, "chi2_df": 3, "chi2_threshold": 13.931422665512084, "N_raw": 102, "N_roi": 102, "N_inlier": 99, "refit": true}
{"timestamp": "19:28:59.898160", "frame": 66, "mu": [0.29313374266083897, 2.880240739415267, 0.8700304878920052], "Sigma": [[0.01837264462238773, -0.010106375585835648, -0.015398780147695914], [-0.010106375585835648, 0.0093406178805118, 2.20080531449212e-06], [-0.015398780147695914, 2.20080531449212e-06, 0.03991562073358693]], "chi2_level": 0.997, "chi2_df": 3, "chi2_threshold": 13.931422665512084, "N_raw": 81, "N_roi": 81, "N_inlier": 77, "refit": true}
{"timestamp": "19:28:59.948767", "frame": 67, "mu": [0.23294714144526052, 2.8686545198233793, 1.1543168721729513], "Sigma": [[0.013241113913994183, -0.0023525640395550235, -0.011289769947964035], [-0.002352564039555024, 0.003062182169264382, -0.002228942410386397], [-0.011289769947964037, -0.002228942410386397, 0.021416074280789753]], "chi2_level": 0.997, "chi2_df": 3, "chi2_threshold": 13.931422665512084, "N_raw": 57, "N_roi": 57, "N_inlier": 54, "refit": true}
{"timestamp": "19:29:00.008786", "frame": 68, "mu": [0.22293700260739904, 2.756683387439717, 0.879583581971981], "Sigma": [[0.015206266030486052, -0.003578384358489532, -0.011199091273624517], [-0.003578384358489532, 0.0021291229282478846, -0.0010970424556324306], [-0.011199091273624517, -0.0010970424556324303, 0.02476794955575037]], "chi2_level": 0.997, "chi2_df": 3, "chi2_threshold": 13.931422665512084, "N_raw": 63, "N_roi": 63, "N_inlier": 62, "refit": true}
{"timestamp": "19:29:00.059585", "frame": 69, "mu": [0.151645558410495, 2.796499306973359, 1.1474887351321492], "Sigma": [[0.014464771388401904, -0.003647771503830874, -0.014927732731246993], [-0.003647771503830874, 0.0028472964927179685, -0.00030277690333857174], [-0.014927732731246993, -0.00030277690333857174, 0.026029870002193926]], "chi2_level": 0.997, "chi2_df": 3, "chi2_threshold": 13.931422665512084, "N_raw": 61, "N_roi": 61, "N_inlier": 57, "refit": true}
{"timestamp": "19:29:00.115401", "frame": 70, "mu": [0.09630729644923924, 2.767006684223888, 1.1527819110311903], "Sigma": [[0.013275791343364741, -0.0038057727366498564, -0.01587571816290815], [-0.0038057727366498564, 0.003194128031059248, -0.0008411833354559578], [-0.01587571816290815, -0.0008411833354559578, 0.05082791502103785]], "chi2_level": 0.997, "chi2_df": 3, "chi2_threshold": 13.931422665512084, "N_raw": 73, "N_roi": 73, "N_inlier": 69, "refit": true}
{"timestamp": "19:29:00.170768", "frame": 71, "mu": [0.07933524620039994, 2.6940148316009207, 1.0778565224111878], "Sigma": [[0.013176185936162432, -0.0032468292568079374, -0.006884974808996398], [-0.0032468292568079374, 0.0038442677202772998, -0.0034457651857210283], [-0.006884974808996396, -0.003445765185721028, 0.014094076902876238]], "chi2_level": 0.997, "chi2_df": 3, "chi2_threshold": 13.931422665512084, "N_raw": 72, "N_roi": 72, "N_inlier": 67, "refit": true}
{"timestamp": "19:29:00.225814", "frame": 72, "mu": [0.026616664821800348, 2.6779122043635715, 1.0425505183115238], "Sigma": [[0.013257934942890232, -0.004209842606000683, -0.0008657885263160605], [-0.004209842606000682, 0.00538359912014707, 0.001371695034284197], [-0.0008657885263160615, 0.001371695034284197, 0.059211036337876534]], "chi2_level": 0.997, "chi2_df": 3, "chi2_threshold": 13.931422665512084, "N_raw": 73, "N_roi": 73, "N_inlier": 70, "refit": true}
{"timestamp": "19:29:00.282012", "frame": 73, "mu": [0.04796828274700076, 2.6088706825587167, 1.0478524697211018], "Sigma": [[0.016454884069087947, -0.009513163405021102, -0.016002684450779833], [-0.009513163405021102, 0.011424973236382504, 0.007638569065246381], [-0.016002684450779833, 0.007638569065246381, 0.019536417124479274]], "chi2_level": 0.997, "chi2_df": 3, "chi2_threshold": 13.931422665512084, "N_raw": 79, "N_roi": 79, "N_inlier": 76, "refit": true}
{"timestamp": "19:29:00.342084", "frame": 74, "mu": [-0.1330989844679265, 2.557488296139516, 0.8843230018852605], "Sigma": [[0.02079061532948395, 0.006382768236281575, 0.046923767950655185], [0.006382768236281575, 0.016373434411456528, 0.05798935844267483], [0.046923767950655185, 0.05798935844267483, 0.36498799327122217]], "chi2_level": 0.997, "chi2_df": 3, "chi2_threshold": 13.931422665512084, "N_raw": 104, "N_roi": 104, "N_inlier": 104, "refit": true}
{"timestamp": "19:29:00.389384", "frame": 75, "mu": [-0.14470480514875286, 2.5700434936215024, 1.1269829229386155], "Sigma": [[0.009503281375593467, -0.0030954536686070896, -0.010969956895557352], [-0.0030954536686070896, 0.005551688937665178, -0.0007958550153678748], [-0.010969956895557353, -0.0007958550153678748, 0.01859093022899791]], "chi2_level": 0.997, "chi2_df": 3, "chi2_threshold": 13.931422665512084, "N_raw": 60, "N_roi": 60, "N_inlier": 60, "refit": true}
{"timestamp": "19:29:00.448070", "frame": 76, "mu": [-0.19786294610312052, 2.5255051410330265, -0.5438826299007106], "Sigma": [[0.014802713155381597, -0.005330314323828198, 0.07166196816862161], [-0.005330314323828198, 0.006376216750007782, -0.025376108150947825], [0.07166196816862161, -0.025376108150947825, 0.698116399642718]], "chi2_level": 0.997, "chi2_df": 3, "chi2_threshold": 13.931422665512084, "N_raw": 85, "N_roi": 85, "N_inlier": 83, "refit": true}
{"timestamp": "19:29:00.499043", "frame": 77, "mu": [-0.22952999986775208, 2.446787377931159, 0.9843700348834645], "Sigma": [[0.009898414933523015, -0.0016990611631751218, -0.004918865878907951], [-0.0016990611631751216, 0.0031355103152835447, -0.005553433266852169], [-0.0049188658789079505, -0.005553433266852169, 0.13016578753037597]], "chi2_level": 0.997, "chi2_df": 3, "chi2_threshold": 13.931422665512084, "N_raw": 56, "N_roi": 56, "N_inlier": 54, "refit": true}
{"timestamp": "19:29:00.554250", "frame": 78, "mu": [-0.31417457033208185, 2.454441775622705, 1.1070844106071496], "Sigma": [[0.013433696280600193, -0.003687445025095315, -0.008285398686305815], [-0.003687445025095315, 0.00301223926259789, 0.002640788362538008], [-0.008285398686305815, 0.002640788362538008, 0.09013846389021232]], "chi2_level": 0.997, "chi2_df": 3, "chi2_threshold": 13.931422665512084, "N_raw": 63, "N_roi": 63, "N_inlier": 60, "refit": true}
{"timestamp": "19:29:00.609389", "frame": 79, "mu": [-0.3608203545298043, 2.5434981197667175, -0.5982747995407582], "Sigma": [[0.008724078158460661, 0.0049133094265833704, 0.016781066960595444], [0.0049133094265833704, 0.011999352633096679, -0.0024134361846026415], [0.016781066960595444, -0.0024134361846026445, 0.11968642396638102]], "chi2_level": 0.997, "chi2_df": 3, "chi2_threshold": 13.931422665512084, "N_raw": 53, "N_roi": 53, "N_inlier": 51, "refit": true}
{"timestamp": "19:29:00.656767", "frame": 80, "mu": [-0.3703149493189476, 2.318179185839027, 0.6809984456654095], "Sigma": [[0.0031915942001587002, -0.001968163722263075, -0.0003671917367616684], [-0.0019681637222630746, 0.0068102118356974765, 0.010580611249984138], [-0.0003671917367616684, 0.010580611249984134, 0.3729276064308779]], "chi2_level": 0.997, "chi2_df": 3, "chi2_threshold": 13.931422665512084, "N_raw": 9, "N_roi": 9, "N_inlier": 9, "refit": true}
{"timestamp": "19:29:00.720224", "frame": 81, "mu": [-0.44792416325509704, 2.3369265040067644, 1.1709439867996754], "Sigma": [[0.009542938504466995, -0.0017401137372152387, -0.007696949445602869], [-0.0017401137372152387, 0.005914121854303386, -0.00218864879991206], [-0.007696949445602868, -0.00218864879991206, 0.00962483931727202]], "chi2_level": 0.997, "chi2_df": 3, "chi2_threshold": 13.931422665512084, "N_raw": 70, "N_roi": 70, "N_inlier": 66, "refit": true}
{"timestamp": "19:29:00.772965", "frame": 82, "mu": [-0.44726366827141617, 2.2688781705452645, 1.1391204981232799], "Sigma": [[0.009696023604752786, -0.0008961156143531772, -0.003953161005291853], [-0.0008961156143531771, 0.0026678545530459414, -0.00036757529810313883], [-0.003953161005291854, -0.00036757529810313894, 0.007662311217035871]], "chi2_level": 0.997, "chi2_df": 3, "chi2_threshold": 13.931422665512084, "N_raw": 48, "N_roi": 48, "N_inlier": 45, "refit": true}
{"timestamp": "19:29:00.830177", "frame": 83, "mu": [-0.5350116353926477, 2.3542516781719316, -0.7006094906117826], "Sigma": [[0.00906400293948906, 0.004901536446647854, 0.01972246951298133], [0.004901536446647854, 0.011381599305330005, 0.007139174261318459], [0.019722469512981327, 0.007139174261318459, 0.10566771383594056]], "chi2_level": 0.997, "chi2_df": 3, "chi2_threshold": 13.931422665512084, "N_raw": 68, "N_roi": 68, "N_inlier": 66, "refit": true}
{"timestamp": "19:29:00.892621", "frame": 84, "mu": [-0.5942826033069092, 2.1949943666604863, 0.7935716921941416], "Sigma": [[0.012114401284218757, -0.00283758350284176, 0.006255849906611453], [-0.00283758350284176, 0.009067675752143659, 0.024220527569239498], [0.006255849906611453, 0.024220527569239498, 0.23541404678468053]], "chi2_level": 0.997, "chi2_df": 3, "chi2_threshold": 13.931422665512084, "N_raw": 108, "N_roi": 106, "N_inlier": 106, "refit": true}
{"timestamp": "19:29:00.938057", "frame": 85, "mu": [-0.6525821666397852, 2.210241872616419, 0.7989584653945961], "Sigma": [[0.011339444890252693, -0.0021254435362092145, 0.00684589166271636], [-0.0021254435362092145, 0.001758093291575942, -0.004779355024525202], [0.00684589166271636, -0.004779355024525201, 0.06462544799336639]], "chi2_level": 0.997, "chi2_df": 3, "chi2_threshold": 13.931422665512084, "N_raw": 50, "N_roi": 50, "N_inlier": 48, "refit": true}
{"timestamp": "19:29:00.992494", "frame": 86, "mu": [-0.7086181861726991, 2.189810154975511, 1.2308403457266481], "Sigma": [[0.006344386228321573, 0.000562190263062531, -0.003952711943509059], [0.0005621902630625309, 0.0032583748259356997, -0.003162213074608164], [-0.003952711943509059, -0.003162213074608164, 0.05521910726216144]], "chi2_level": 0.997, "chi2_df": 3, "chi2_threshold": 13.931422665512084, "N_raw": 51, "N_roi": 51, "N_inlier": 47, "refit": true}
{"timestamp": "19:29:01.050473", "frame": 87, "mu": [-0.7299605106390703, 2.335524175978175, -0.48373608560282677], "Sigma": [[0.008805717329123237, -0.002677363031861054, 0.007489473333842455], [-0.002677363031861054, 0.007173550392452595, -0.02463179220024822], [0.007489473333842455, -0.02463179220024822, 0.1289197571784757]], "chi2_level": 0.997, "chi2_df": 3, "chi2_threshold": 13.931422665512084, "N_raw": 65, "N_roi": 65, "N_inlier": 62, "refit": true}
{"timestamp": "19:29:01.105296", "frame": 88, "mu": [-0.74650520998895, 2.268496013235248, -0.48760237677832113], "Sigma": [[0.008018782356939482, 0.0009877213754278364, -0.008962715448425942], [0.0009877213754278366, 0.0033557200014306646, -0.011600845923754693], [-0.008962715448425942, -0.011600845923754693, 0.06675970330756106]], "chi2_level": 0.997, "chi2_df": 3, "chi2_threshold": 13.931422665512084, "N_raw": 62, "N_roi": 60, "N_inlier": 56, "refit": true}
{"timestamp": "19:29:01.160689", "frame": 89, "mu": [-0.8599921957695025, 2.0432186122266636, 1.06047701579586], "Sigma": [[0.010644854717875572, 0.0003456331994735471, -0.023213572007385816], [0.000345633199473547, 0.0016598878415183364, -0.004868267934778029], [-0.023213572007385816, -0.00486826793477803, 0.14384673197101208]], "chi2_level": 0.997, "chi2_df": 3, "chi2_threshold": 13.931422665512084, "N_raw": 71, "N_roi": 71, "N_inlier": 68, "refit": true}
{"timestamp": "19:29:01.213306", "frame": 90, "mu": [-0.9457985583367207, 2.0031777600138176, 1.3175597237922307], "Sigma": [[0.007530553834951899, 0.0008334457227045885, -0.005261041028888601], [0.0008334457227045884, 0.002868295639920346, -0.0036434666953793766], [-0.005261041028888601, -0.0036434666953793766, 0.0097439155263315]], "chi2_level": 0.997, "chi2_df": 3, "chi2_threshold": 13.931422665512084, "N_raw": 51, "N_roi": 51, "N_inlier": 49, "refit": true}
{"timestamp": "19:29:01.271677", "frame": 91, "mu": [-0.9419784176666935, 1.9738957803779917, 1.2042163177147385], "Sigma": [[0.009589150389487081, -0.0012714479293321462, -0.006119099008827879], [-0.0012714479293321462, 0.00226824979308546, -0.0024557538256608892], [-0.006119099008827878, -0.0024557538256608892, 0.03093165598816683]], "chi2_level": 0.997, "chi2_df": 3, "chi2_threshold": 13.931422665512084, "N_raw": 71, "N_roi": 71, "N_inlier": 69, "refit": true}
{"timestamp": "19:29:01.326285", "frame": 92, "mu": [-0.929759964657079, 1.923815826268403, 1.2236500692280152], "Sigma": [[0.007640506121314529, -0.002107642316764803, -0.005505931592976156], [-0.002107642316764803, 0.006650807711646295, 0.0005191346437746728], [-0.005505931592976156, 0.0005191346437746727, 0.006643141499795452]], "chi2_level": 0.997, "chi2_df": 3, "chi2_threshold": 13.931422665512084, "N_raw": 57, "N_roi": 57, "N_inlier": 55, "refit": true}
{"timestamp": "19:29:01.377478", "frame": 93, "mu": [-0.970368740056799, 1.8210054706447985, 1.1901612663019923], "Sigma": [[0.00892817344400284, 8.559609675487367e-05, -0.00523817041090136], [8.559609675487356e-05, 0.0029582252976912754, -0.001877188281338277], [-0.00523817041090136, -0.0018771882813382772, 0.005047795629507391]], "chi2_level": 0.997, "chi2_df": 3, "chi2_threshold": 13.931422665512084, "N_raw": 48, "N_roi": 48, "N_inlier": 45, "refit": true}
{"timestamp": "19:29:01.434598", "frame": 94, "mu": [-1.0705026065243795, 1.8122127179729366, 1.1910691234741655], "Sigma": [[0.008989264535264283, -0.0018531760442193424, -0.005190740458730062], [-0.0018531760442193424, 0.0028424367829859858, -0.0008774899134858568], [-0.005190740458730062, -0.0008774899134858567, 0.020300399726272105]], "chi2_level": 0.997, "chi2_df": 3, "chi2_threshold": 13.931422665512084, "N_raw": 60, "N_roi": 60, "N_inlier": 60, "refit": true}
{"timestamp": "19:29:01.484085", "frame": 95, "mu": [-1.164171873386723, 1.7802229103548646, 1.2591634972432504], "Sigma": [[0.0180715866522791, -0.005641328819722628, -0.009258155036270395], [-0.005641328819722628, 0.003296804707460588, 0.0022759813417977982], [-0.009258155036270395, 0.0022759813417977982, 0.0055148376066531035]], "chi2_level": 0.997, "chi2_df": 3, "chi2_threshold": 13.931422665512084, "N_raw": 21, "N_roi": 21, "N_inlier": 19, "refit": true}
{"timestamp": "19:29:01.732224", "frame": 98, "mu": [-1.2820934358643716, 1.6441881523860105, 1.1324623967787601], "Sigma": [[0.011201995413119873, -0.003585838370869176, 0.03034504428139873], [-0.0035858383708691766, 0.012015535298130112, 0.025120779389685273], [0.03034504428139873, 0.025120779389685266, 0.20168758779480134]], "chi2_level": 0.997, "chi2_df": 3, "chi2_threshold": 13.931422665512084, "N_raw": 6, "N_roi": 6, "N_inlier": 6, "refit": true}
{"timestamp": "19:29:01.762530", "frame": 99, "mu": [-1.2744172488136212, 1.6388271250141428, 0.8758466569897128], "Sigma": [[0.004073607948658817, -0.0018585849231726832, -0.0365527926510973], [-0.0018585849231726832, 0.0062663197161777736, -0.0006745164940098729], [-0.0365527926510973, -0.0006745164940098703, 0.4233362849932325]], "chi2_level": 0.997, "chi2_df": 3, "chi2_threshold": 13.931422665512084, "N_raw": 7, "N_roi": 7, "N_inlier": 7, "refit": true}
{"timestamp": "19:29:01.918259", "frame": 100, "mu": [-1.3775939065830531, 1.5651113193518111, 1.2599987269809614], "Sigma": [[0.0036303481094463, -0.0044250977111956365, -0.001583635579515173], [-0.0044250977111956365, 0.0060459091685639565, 0.002257152521894146], [-0.001583635579515173, 0.002257152521894146, 0.0010883554014312897]], "chi2_level": 0.997, "chi2_df": 3, "chi2_threshold": 13.931422665512084, "N_raw": 5, "N_roi": 5, "N_inlier": 5, "refit": true}
{"timestamp": "19:29:01.948984", "frame": 101, "mu": [-1.6059811499257413, 1.3945417720027113, 1.2095340450341219], "Sigma": [[0.03090180424727905, 0.014880696922345872, -0.06686600081178297], [0.014880696922345872, 0.011412273061526442, -0.025138008059786433], [-0.06686600081178297, -0.025138008059786436, 0.20066807460414052]], "chi2_level": 0.997, "chi2_df": 3, "chi2_threshold": 13.931422665512084, "N_raw": 12, "N_roi": 12, "N_inlier": 12, "refit": true}
{"timestamp": "19:29:01.973126", "frame": 102, "mu": [-1.735920708863927, 1.4491786380980314, -0.26535133037788117], "Sigma": [[0.011342188162939661, 0.011336402030897688, -0.0033037663541396443], [0.011336402030897686, 0.01363753947676482, -0.004387579105364833], [-0.003303766354139644, -0.004387579105364832, 0.002087760595694253]], "chi2_level": 0.997, "chi2_df": 3, "chi2_threshold": 13.931422665512084, "N_raw": 9, "N_roi": 9, "N_inlier": 9, "refit": true}
