{"timestamp": "19:58:16.509550", "frame": 14, "mu": [2.463977200450528, 1.6952983411178189, 1.010172301449601], "Sigma": [[0.0008941990864220216, -0.0006263650556585931, -0.0011694460645362593], [-0.0006263650556585932, 0.0022411931955359592, -0.004149464409394336], [-0.0011694460645362596, -0.004149464409394336, 0.01903417892519322]], "chi2_level": 0.997, "chi2_df": 3, "chi2_threshold": 13.931422665512084, "N_raw": 18, "N_roi": 9, "N_inlier": 9, "refit": true}
{"timestamp": "19:58:16.617475", "frame": 16, "mu": [2.372771317957465, 1.7091321480211545, 0.9947724726206693], "Sigma": [[0.002214640055347032, -0.003194390178095782, -0.0030632054394471725], [-0.003194390178095782, 0.010244324635744257, 0.0005521913330949427], [-0.0030632054394471725, 0.0005521913330949432, 0.012335916222534337]], "chi2_level": 0.997, "chi2_df": 3, "chi2_threshold": 13.931422665512084, "N_raw": 9, "N_roi": 9, "N_inlier": 9, "refit": true}
{"timestamp": "19:58:16.672247", "frame": 17, "mu": [2.2580715202061645, 1.8640301080535289, 1.1368743339934024], "Sigma": [[0.0003495537701030402, 0.0014791236044289532, -0.0009929816930677072], [0.0014791236044289532, 0.009952278557240358, -0.002150006659093027], [-0.000992981693067707, -0.0021500066590930266, 0.015239094116127849]], "chi2_level": 0.997, "chi2_df": 3, "chi2_threshold": 13.931422665512084, "N_raw": 5, "N_roi": 5, "N_inlier": 5, "refit": true}
{"timestamp": "19:58:16.727425", "frame": 18, "mu": [2.164008214565681, 2.0166439357747294, -0.27276722365324163], "Sigma": [[0.009237365340976949, -0.004946769674239793, -0.006502122030015261], [-0.004946769674239793, 0.008587642094712, -0.004535437636789831], [-0.006502122030015261, -0.004535437636789831, 0.016588662488698457]], "chi2_level": 0.997, "chi2_df": 3, "chi2_threshold": 13.931422665512084, "N_raw": 8, "N_roi": 7, "N_inlier": 7, "refit": true}
{"timestamp": "19:58:16.787811", "frame": 19, "mu": [2.0857634201510296, 1.8764088883073284, 0.8149746964311094], "Sigma": [[0.00952452181029423, -0.01207763996651072, 0.00970452319320812], [-0.012077639966510722, 0.020927428946194038, -0.01650254219186662], [0.00970452319320812, -0.01650254219186662, 0.04851721718975133]], "chi2_level": 0.997, "chi2_df": 3, "chi2_threshold": 13.931422665512084, "N_raw": 44, "N_roi": 44, "N_inlier": 43, "refit": true}
{"timestamp": "19:58:16.840018", "frame": 20, "mu": [2.0219864427702245, 1.8302464362163366, 0.9852220477941216], "Sigma": [[0.0024418998914378424, -0.002258753504543712, -0.00218425996023869], [-0.002258753504543712, 0.007395087452104629, -0.007062196961320149], [-0.00218425996023869, -0.0070621969613201465, 0.04903360760091957]], "chi2_level": 0.997, "chi2_df": 3, "chi2_threshold": 13.931422665512084, "N_raw": 12, "N_roi": 12, "N_inlier": 12, "refit": true}
{"timestamp": "19:58:16.950222", "frame": 22, "mu": [1.9125515492891834, 1.7672195585071242, 0.8557110945662902], "Sigma": [[0.00638785279760419, -0.0059455001789647495, 0.012103220492467036], [-0.00594550017896475, 0.007037465679151894, -0.019302848241366646], [0.012103220492467037, -0.019302848241366646, 0.10610796807507607]], "chi2_level": 0.997, "chi2_df": 3, "chi2_threshold": 13.931422665512084, "N_raw": 11, "N_roi": 11, "N_inlier": 11, "refit": true}
{"timestamp": "19:58:17.005322", "frame": 23, "mu": [1.8057823153453372, 2.0366531666447854, -0.5653607075229069], "Sigma": [[0.0030543434223270355, -0.0016620045260698794, -0.0004494399285661153], [-0.0016620045260698794, 0.003773988469940909, -0.003257733281748678], [-0.0004494399285661152, -0.0032577332817486774, 0.011807052676764174]], "chi2_level": 0.997, "chi2_df": 3, "chi2_threshold": 13.931422665512084, "N_raw": 12, "N_roi": 12, "N_inlier": 12, "refit": true}
{"timestamp": "19:58:17.059175", "frame": 24, "mu": [1.6977101344445826, 1.9564915653592574, 1.0457330811610765], "Sigma": [[0.0041128775061755425, -0.0023856621299716326, -0.0127983289848977], [-0.0023856621299716326, 0.0015051568858792887, 0.007561105025227427], [-0.0127983289848977, 0.007561105025227427, 0.04211239379485175]], "chi2_level": 0.997, "chi2_df": 3, "chi2_threshold": 13.931422665512084, "N_raw": 5, "N_roi": 5, "N_inlier": 5, "refit": true}
{"timestamp": "19:58:17.117771", "frame": 25, "mu": [1.6666530948957199, 2.0088825158189834, 1.3602748193212708], "Sigma": [[0.00905280351345744, -0.007672469841578527, -0.008747639292920138], [-0.007672469841578527, 0.009950624322568484, 0.014794950725356018], [-0.008747639292920138, 0.014794950725356018, 0.044292758147929184]], "chi2_level": 0.997, "chi2_df": 3, "chi2_threshold": 13.931422665512084, "N_raw": 27, "N_roi": 27, "N_inlier": 27, "refit": true}
{"timestamp": "19:58:17.172834", "frame": 26, "mu": [1.604143182981405, 1.9564123338437178, 1.1897238393763563], "Sigma": [[0.006574523743633469, -0.004869537421741944, -0.0032387959313693628], [-0.004869537421741944, 0.004272600076221398, -5.811950222531047e-05], [-0.0032387959313693628, -5.8119502225310144e-05, 0.01833281629113127]], "chi2_level": 0.997, "chi2_df": 3, "chi2_threshold": 13.931422665512084, "N_raw": 32, "N_roi": 32, "N_inlier": 32, "refit": true}
{"timestamp": "19:58:17.230374", "frame": 27, "mu": [1.5689857318946534, 2.0585889176479215, -0.38734932847550885], "Sigma": [[0.006878154226485435, -0.0002018296258238114, 0.013759852740589934], [-0.00020182962582381163, 0.004253988133504627, -0.003923052780760214], [0.013759852740589933, -0.003923052780760214, 0.06460331706561705]], "chi2_level": 0.997, "chi2_df": 3, "chi2_threshold": 13.931422665512084, "N_raw": 41, "N_roi": 41, "N_inlier": 41, "refit": true}
{"timestamp": "19:58:17.283391", "frame": 28, "mu": [1.4374831966648498, 2.068492410900103, 1.445836085656146], "Sigma": [[0.007425355798785608, -0.005177127311421113, -0.007852733604408585], [-0.005177127311421113, 0.006964766251542911, 0.005651748986214262], [-0.007852733604408586, 0.005651748986214262, 0.01797293830506233]], "chi2_level": 0.997, "chi2_df": 3, "chi2_threshold": 13.931422665512084, "N_raw": 37, "N_roi": 37, "N_inlier": 34, "refit": true}
{"timestamp": "19:58:17.339002", "frame": 29, "mu": [1.3805595735072111, 2.0292998195075183, 1.3377402316003577], "Sigma": [[0.008715282276672048, -0.007895191623874361, -0.02359619838817599], [-0.007895191623874361, 0.01637697962905392, 0.04639098291886964], [-0.023596198388175994, 0.04639098291886964, 0.17939616205511963]], "chi2_level": 0.997, "chi2_df": 3, "chi2_threshold": 13.931422665512084, "N_raw": 36, "N_roi": 36, "N_inlier": 36, "refit": true}
{"timestamp": "19:58:17.399180", "frame": 30, "mu": [1.367294890390418, 1.8643306482634245, 0.9627746738343318], "Sigma": [[0.009764111722391377, -0.012914724481971389, -0.021806165608050043], [-0.012914724481971389, 0.023600877495748553, 0.044763587602878414], [-0.021806165608050043, 0.04476358760287841, 0.12354372646210832]], "chi2_level": 0.997, "chi2_df": 3, "chi2_threshold": 13.931422665512084, "N_raw": 52, "N_roi": 52, "N_inlier": 49, "refit": true}
{"timestamp": "19:58:17.451518", "frame": 31, "mu": [1.3262507373836814, 1.8635907956806679, 0.8054749368897823], "Sigma": [[0.012356329750863764, -0.0030447211674688793, 0.012203157471306824], [-0.0030447211674688793, 0.007432744307137355, 0.016180925880706982], [0.012203157471306823, 0.016180925880706985, 0.11295524788160416]], "chi2_level": 0.997, "chi2_df": 3, "chi2_threshold": 13.931422665512084, "N_raw": 55, "N_roi": 55, "N_inlier": 53, "refit": true}
{"timestamp": "19:58:17.505504", "frame": 32, "mu": [1.2640915669544897, 1.9267871371698577, 1.064109169207311], "Sigma": [[0.010601580895862377, -0.00941938543182104, -0.017064224104667423], [-0.00941938543182104, 0.009131335002494604, 0.014943258786618719], [-0.017064224104667423, 0.014943258786618719, 0.04951314952617847]], "chi2_level": 0.997, "chi2_df": 3, "chi2_threshold": 13.931422665512084, "N_raw": 51, "N_roi": 51, "N_inlier": 48, "refit": true}
{"timestamp": "19:58:17.558635", "frame": 33, "mu": [1.1971282246298691, 1.9319590795567942, 1.0635384593656967], "Sigma": [[0.007786264155082983, -0.0052774614187156895, -0.007819772280866862], [-0.0052774614187156895, 0.004121176445467567, 0.004679260773553526], [-0.00781977228086686, 0.004679260773553525, 0.019913356986396593]], "chi2_level": 0.997, "chi2_df": 3, "chi2_threshold": 13.931422665512084, "N_raw": 38, "N_roi": 38, "N_inlier": 35, "refit": true}
{"timestamp": "19:58:17.619908", "frame": 34, "mu": [1.1438892069750386, 1.878782531243033, 1.0115761702053854], "Sigma": [[0.009557261661969121, -0.005732692765399465, -0.005606106131963882], [-0.005732692765399465, 0.005631321353943608, 0.0015644557328435282], [-0.005606106131963882, 0.0015644557328435282, 0.05081017348343639]], "chi2_level": 0.997, "chi2_df": 3, "chi2_threshold": 13.931422665512084, "N_raw": 71, "N_roi": 71, "N_inlier": 65, "refit": true}
{"timestamp": "19:58:17.671771", "frame": 35, "mu": [0.9868360978609136, 1.9575631622253298, 1.0666291151056475], "Sigma": [[0.007011117585898157, -0.005395395303963444, 0.007553758914878787], [-0.005395395303963444, 0.01160974659007991, -0.019738321245169718], [0.007553758914878787, -0.019738321245169718, 0.0452296933024748]], "chi2_level": 0.997, "chi2_df": 3, "chi2_threshold": 13.931422665512084, "N_raw": 52, "N_roi": 52, "N_inlier": 48, "refit": true}
{"timestamp": "19:58:17.728922", "frame": 36, "mu": [0.9776277948255021, 1.8835658792475207, 1.0073415990265535], "Sigma": [[0.007560744352476323, -0.002770003960680207, 0.0010354324876135751], [-0.0027700039606802064, 0.004136056430680668, -0.005460448307848904], [0.0010354324876135751, -0.005460448307848904, 0.012101672630389968]], "chi2_level": 0.997, "chi2_df": 3, "chi2_threshold": 13.931422665512084, "N_raw": 67, "N_roi": 67, "N_inlier": 64, "refit": true}
{"timestamp": "19:58:17.782192", "frame": 37, "mu": [0.8715124865552129, 1.9058192760407018, 1.0943632996328607], "Sigma": [[0.005604576627029809, -0.003605258426734201, -0.000973210694099167], [-0.003605258426734201, 0.005982980306506292, -0.0024539697863415434], [-0.000973210694099167, -0.002453969786341544, 0.01119280920985467]], "chi2_level": 0.997, "chi2_df": 3, "chi2_threshold": 13.931422665512084, "N_raw": 53, "N_roi": 52, "N_inlier": 49, "refit": true}
{"timestamp": "19:58:17.834313", "frame": 38, "mu": [0.7222316386199004, 2.019010082578102, 0.9503782190307488], "Sigma": [[0.006009086147860542, -0.0016158084691539174, 0.0027840574965850478], [-0.0016158084691539174, 0.0033960014651908594, -0.0030462054255242363], [0.0027840574965850478, -0.0030462054255242363, 0.004055470594572495]], "chi2_level": 0.997, "chi2_df": 3, "chi2_threshold": 13.931422665512084, "N_raw": 39, "N_roi": 39, "N_inlier": 39, "refit": true}
{"timestamp": "19:58:17.894922", "frame": 39, "mu": [0.6879879487678945, 1.9654655347872672, 1.0588121220827584], "Sigma": [[0.006657840335409253, -0.004618735038495039, 0.0008121816735228695], [-0.004618735038495039, 0.011206148743762483, -0.0055391755532397955], [0.0008121816735228695, -0.0055391755532397955, 0.0040657234371145505]], "chi2_level": 0.997, "chi2_df": 3, "chi2_threshold": 13.931422665512084, "N_raw": 74, "N_roi": 72, "N_inlier": 68, "refit": true}
{"timestamp": "19:58:17.945991", "frame": 40, "mu": [0.6007201883013947, 2.0920592261793436, -0.3009747638349489], "Sigma": [[0.007596538147098236, -0.0010271898630318174, -0.0007326843433003482], [-0.0010271898630318176, 0.005840272777763607, 0.0011781292480823715], [-0.0007326843433003484, 0.0011781292480823715, 0.0012615368297104336]], "chi2_level": 0.997, "chi2_df": 3, "chi2_threshold": 13.931422665512084, "N_raw": 52, "N_roi": 52, "N_inlier": 50, "refit": true}
{"timestamp": "19:58:17.996368", "frame": 41, "mu": [0.503017497267698, 2.344573577212895, -0.9749383018060161], "Sigma": [[0.004893222485953047, -0.011672544687409074, 0.030337202172977328], [-0.011672544687409076, 0.04137374762511732, -0.1066898445945953], [0.03033720217297733, -0.1066898445945953, 0.29489640774429815]], "chi2_level": 0.997, "chi2_df": 3, "chi2_threshold": 13.931422665512084, "N_raw": 10, "N_roi": 10, "N_inlier": 10, "refit": true}
{"timestamp": "19:58:18.053173", "frame": 42, "mu": [0.3960972322789985, 1.9995133045643425, 1.0204320574423411], "Sigma": [[0.014103037759072883, -0.0071259380181798605, 0.038710785605113686], [-0.00712593801817986, 0.0054846634020908796, -0.025453116310101255], [0.038710785605113686, -0.025453116310101255, 0.19854380869265267]], "chi2_level": 0.997, "chi2_df": 3, "chi2_threshold": 13.931422665512084, "N_raw": 34, "N_roi": 33, "N_inlier": 33, "refit": true}
{"timestamp": "19:58:18.106502", "frame": 43, "mu": [0.34961390908113144, 2.0420184818894724, 0.6487611200269865], "Sigma": [[0.003949115341722324, -0.0011610235080444604, -0.012593660884313719], [-0.0011610235080444606, 0.006748456573926508, 0.014056872092478662], [-0.012593660884313719, 0.014056872092478662, 0.38206940529147737]], "chi2_level": 0.997, "chi2_df": 3, "chi2_threshold": 13.931422665512084, "N_raw": 11, "N_roi": 8, "N_inlier": 8, "refit": true}
{"timestamp": "19:58:18.159494", "frame": 44, "mu": [0.22060372259983504, 2.0565566886096236, 0.7940088192863901], "Sigma": [[0.005694918414664749, -0.002291692645394569, 0.04188003982172531], [-0.002291692645394569, 0.0050501608459373, -0.029173346509188076], [0.04188003982172531, -0.029173346509188076, 0.36725901865537813]], "chi2_level": 0.997, "chi2_df": 3, "chi2_threshold": 13.931422665512084, "N_raw": 8, "N_roi": 7, "N_inlier": 7, "refit": true}
{"timestamp": "19:58:18.218962", "frame": 45, "mu": [0.2066404237090653, 2.2205008732196814, -0.1598856275514574], "Sigma": [[0.005161467860141355, -0.0008737506108315069, -0.003950180081988819], [-0.0008737506108315069, 0.008813976578846701, -0.0243308255766878], [-0.003950180081988819, -0.024330825576687802, 0.14116666178756096]], "chi2_level": 0.997, "chi2_df": 3, "chi2_threshold": 13.931422665512084, "N_raw": 42, "N_roi": 41, "N_inlier": 40, "refit": true}
{"timestamp": "19:58:18.271131", "frame": 46, "mu": [0.07599993631355764, 2.3607995975801375, -0.7075626837017288], "Sigma": [[0.0039025820948596817, -0.001987904596460311, -0.0022455645674758725], [-0.001987904596460311, 0.01815852213029614, -0.09737635105438265], [-0.0022455645674758743, -0.09737635105438265, 0.6121217619061363]], "chi2_level": 0.997, "chi2_df": 3, "chi2_threshold": 13.931422665512084, "N_raw": 11, "N_roi": 11, "N_inlier": 11, "refit": true}
{"timestamp": "19:58:18.334506", "frame": 47, "mu": [0.08604129996344788, 2.103374708749813, 1.3092341782336645], "Sigma": [[0.008287761360215145, -0.0014012846748132578, -0.003340440423698251], [-0.0014012846748132576, 0.009674640701539072, 0.0026209573371308017], [-0.0033404404236982506, 0.0026209573371308017, 0.002089233848739642]], "chi2_level": 0.997, "chi2_df": 3, "chi2_threshold": 13.931422665512084, "N_raw": 74, "N_roi": 74, "N_inlier": 70, "refit": true}
{"timestamp": "19:58:18.390879", "frame": 48, "mu": [-0.0009913628165332646, 2.1232255888344715, 1.3554197429936772], "Sigma": [[0.007065831803811211, -0.002323410807758934, -0.0026233795923588524], [-0.002323410807758934, 0.00955669859487285, 0.004050569492407037], [-0.0026233795923588524, 0.004050569492407037, 0.11971118270049594]], "chi2_level": 0.997, "chi2_df": 3, "chi2_threshold": 13.931422665512084, "N_raw": 68, "N_roi": 68, "N_inlier": 65, "refit": true}
{"timestamp": "19:58:18.443866", "frame": 49, "mu": [-0.040359488580091724, 2.1383722878765763, 1.429445250302621], "Sigma": [[0.007234384581205588, -0.0023964624947247926, -0.005922392265774453], [-0.0023964624947247926, 0.011650212562563805, 0.009587711665682466], [-0.005922392265774454, 0.009587711665682465, 0.012492243206590046]], "chi2_level": 0.997, "chi2_df": 3, "chi2_threshold": 13.931422665512084, "N_raw": 70, "N_roi": 67, "N_inlier": 62, "refit": true}
{"timestamp": "19:58:18.497881", "frame": 50, "mu": [-0.1282214854537217, 2.1229917931730373, 1.3011614727547203], "Sigma": [[0.008574547214311034, -0.0035798941900374408, -0.004693889983913348], [-0.00357989419003744, 0.007170103987058259, 0.00273512775672107], [-0.004693889983913348, 0.00273512775672107, 0.0031510284062577607]], "chi2_level": 0.997, "chi2_df": 3, "chi2_threshold": 13.931422665512084, "N_raw": 62, "N_roi": 59, "N_inlier": 56, "refit": true}
{"timestamp": "19:58:18.555478", "frame": 51, "mu": [-0.2085749492500003, 2.130829010669113, 1.2347654111755], "Sigma": [[0.01059162524261946, -0.0020215430712793784, -0.005964231652541436], [-0.002021543071279379, 0.006363451283062464, -0.0024147108053809005], [-0.005964231652541435, -0.0024147108053809005, 0.007104805374128913]], "chi2_level": 0.997, "chi2_df": 3, "chi2_threshold": 13.931422665512084, "N_raw": 78, "N_roi": 78, "N_inlier": 74, "refit": true}
{"timestamp": "19:58:18.608197", "frame": 52, "mu": [-0.21999219375339224, 2.043781690743939, 1.116780835306037], "Sigma": [[0.010919811742888643, -9.475833741211535e-05, -0.004372932011134468], [-9.47583374121153e-05, 0.003484747804161815, -0.002799578014593223], [-0.00437293201113447, -0.002799578014593223, 0.018229368674660695]], "chi2_level": 0.997, "chi2_df": 3, "chi2_threshold": 13.931422665512084, "N_raw": 63, "N_roi": 62, "N_inlier": 58, "refit": true}
{"timestamp": "19:58:18.665644", "frame": 53, "mu": [-0.3213613984176478, 2.1202330352423866, 0.7497540944154389], "Sigma": [[0.007400155026965391, -0.0018466080187191703, -0.0027367696641012176], [-0.0018466080187191703, 0.018014575159793773, -0.050150967242870624], [-0.0027367696641012185, -0.050150967242870624, 0.17676964629638528]], "chi2_level": 0.997, "chi2_df": 3, "chi2_threshold": 13.931422665512084, "N_raw": 78, "N_roi": 78, "N_inlier": 75, "refit": true}
{"timestamp": "19:58:18.719723", "frame": 54, "mu": [-0.446925057800878, 2.28904787181726, -1.0286954148283523], "Sigma": [[0.011241654843437478, 0.011803396741884273, -0.012561344613676903], [0.011803396741884273, 0.027624913791689652, -0.0202119709129292], [-0.012561344613676903, -0.020211970912929197, 0.22933455568606023]], "chi2_level": 0.997, "chi2_df": 3, "chi2_threshold": 13.931422665512084, "N_raw": 79, "N_roi": 79, "N_inlier": 79, "refit": true}
{"timestamp": "19:58:18.774639", "frame": 55, "mu": [-0.5057557044426289, 2.4060284704780495, -0.7298994253667003], "Sigma": [[0.00829729493722275, 0.0034596338451304046, -0.013018841934472149], [0.0034596338451304046, 0.03878068725519266, -0.09382312895627351], [-0.013018841934472149, -0.09382312895627352, 0.2550563599533087]], "chi2_level": 0.997, "chi2_df": 3, "chi2_threshold": 13.931422665512084, "N_raw": 67, "N_roi": 67, "N_inlier": 67, "refit": true}
{"timestamp": "19:58:18.825116", "frame": 56, "mu": [-0.6294752160470174, 2.2603740215171872, 0.002654067843579573], "Sigma": [[0.005626092219287848, 0.0010370945135585602, -0.003966674756826265], [0.00103709451355856, 0.004383294949580956, -0.004482654294976018], [-0.003966674756826265, -0.004482654294976018, 0.011968894621736692]], "chi2_level": 0.997, "chi2_df": 3, "chi2_threshold": 13.931422665512084, "N_raw": 43, "N_roi": 43, "N_inlier": 41, "refit": true}
{"timestamp": "19:58:18.879478", "frame": 57, "mu": [-0.6731793246579866, 2.231719838339813, -0.13679242223196866], "Sigma": [[0.005629805135240148, 0.0006991490976327535, -0.005104364016394168], [0.0006991490976327537, 0.0037752379634218283, 0.0004734194257879227], [-0.005104364016394168, 0.00047341942578792254, 0.006365511817547401]], "chi2_level": 0.997, "chi2_df": 3, "chi2_threshold": 13.931422665512084, "N_raw": 41, "N_roi": 40, "N_inlier": 37, "refit": true}
{"timestamp": "19:58:18.933723", "frame": 58, "mu": [-0.7807671503234112, 2.0652254923875875, 1.062578976578969], "Sigma": [[0.008029924209251712, -0.001443867258236222, 0.008964153781978382], [-0.001443867258236222, 0.005687018311949381, -0.009410426077633779], [0.008964153781978382, -0.009410426077633777, 0.17089308023646235]], "chi2_level": 0.997, "chi2_df": 3, "chi2_threshold": 13.931422665512084, "N_raw": 44, "N_roi": 44, "N_inlier": 44, "refit": true}
{"timestamp": "19:58:18.989806", "frame": 59, "mu": [-0.8440562054376983, 2.3379400512400967, -0.1904190696170183], "Sigma": [[0.007796508913897355, 6.111697526177873e-05, 0.006284319677227992], [6.111697526177862e-05, 0.007783326139910952, -0.0343959683700127], [0.0062843196772279925, -0.0343959683700127, 0.1934219152510194]], "chi2_level": 0.997, "chi2_df": 3, "chi2_threshold": 13.931422665512084, "N_raw": 43, "N_roi": 43, "N_inlier": 42, "refit": true}
{"timestamp": "19:58:19.051259", "frame": 60, "mu": [-0.891032279941448, 2.1105719424424154, 1.2257773640497687], "Sigma": [[0.010230146604240173, 0.002313595967014572, -0.011274954523215577], [0.0023135959670145725, 0.008662578274257475, -0.00702067332751048], [-0.011274954523215577, -0.00702067332751048, 0.026033858455738988]], "chi2_level": 0.997, "chi2_df": 3, "chi2_threshold": 13.931422665512084, "N_raw": 87, "N_roi": 87, "N_inlier": 82, "refit": true}
{"timestamp": "19:58:19.104755", "frame": 61, "mu": [-0.9906350667930744, 2.149621770263067, 1.1148880860365094], "Sigma": [[0.01075780212577344, -0.00040391587913304633, -0.012676708568681585], [-0.0004039158791330464, 0.003173789378491064, 0.010199297440898526], [-0.012676708568681585, 0.010199297440898526, 0.1559322161655142]], "chi2_level": 0.997, "chi2_df": 3, "chi2_threshold": 13.931422665512084, "N_raw": 74, "N_roi": 74, "N_inlier": 73, "refit": true}
{"timestamp": "19:58:19.158751", "frame": 62, "mu": [-0.9920170983219472, 2.1258539557676843, 0.6954274189950319], "Sigma": [[0.017259476094611953, 0.0038981362213003903, -0.03590727798139213], [0.0038981362213003907, 0.00719263539788836, -0.011112620653858325], [-0.03590727798139213, -0.011112620653858325, 0.1347844998859479]], "chi2_level": 0.997, "chi2_df": 3, "chi2_threshold": 13.931422665512084, "N_raw": 70, "N_roi": 68, "N_inlier": 66, "refit": true}
{"timestamp": "19:58:19.215632", "frame": 63, "mu": [-1.1712464207716486, 2.099904732233334, 1.2383100461790089], "Sigma": [[0.012218357041105566, 0.0024851806409512275, -0.011458989284018142], [0.0024851806409512275, 0.0096382281699542, -0.010410574714581636], [-0.011458989284018142, -0.010410574714581636, 0.030528752118487754]], "chi2_level": 0.997, "chi2_df": 3, "chi2_threshold": 13.931422665512084, "N_raw": 74, "N_roi": 71, "N_inlier": 68, "refit": true}
{"timestamp": "19:58:19.261250", "frame": 64, "mu": [-1.1743447100578577, 2.089657764410548, 1.0944945005722846], "Sigma": [[0.008634366203627357, 0.00379650928431879, -0.031811942646934904], [0.00379650928431879, 0.008684557527887295, -0.022904412918325755], [-0.031811942646934904, -0.02290441291832575, 0.1483417592000685]], "chi2_level": 0.997, "chi2_df": 3, "chi2_threshold": 13.931422665512084, "N_raw": 18, "N_roi": 18, "N_inlier": 18, "refit": true}
{"timestamp": "19:58:19.321722", "frame": 65, "mu": [-1.3147166138628648, 2.2143365575506038, 1.1651548532798552], "Sigma": [[0.009805603605047482, 0.002018444533064977, -0.012576358260927532], [0.0020184445330649775, 0.0027365468268480747, 0.004265544723328411], [-0.012576358260927532, 0.004265544723328411, 0.15982858743488734]], "chi2_level": 0.997, "chi2_df": 3, "chi2_threshold": 13.931422665512084, "N_raw": 63, "N_roi": 63, "N_inlier": 62, "refit": true}
{"timestamp": "19:58:19.377504", "frame": 66, "mu": [-1.3578472779293715, 2.2725112597753956, -0.19686584006078509], "Sigma": [[0.008448965246157777, 0.0019454503026510906, -0.004583785514177381], [0.00194545030265109, 0.009492691960098628, -0.006354670895111936], [-0.004583785514177381, -0.006354670895111936, 0.007099650124524119]], "chi2_level": 0.997, "chi2_df": 3, "chi2_threshold": 13.931422665512084, "N_raw": 63, "N_roi": 63, "N_inlier": 59, "refit": true}
{"timestamp": "19:58:19.425824", "frame": 67, "mu": [-1.4342401701210648, 2.153694815181435, 0.848022769094397], "Sigma": [[0.001984643943517792, 0.00018458543306751059, 0.0011832791494376328], [0.00018458543306751053, 0.003949384343921575, -0.016703480562363024], [0.0011832791494376335, -0.01670348056236302, 0.371891867836612]], "chi2_level": 0.997, "chi2_df": 3, "chi2_threshold": 13.931422665512084, "N_raw": 10, "N_roi": 10, "N_inlier": 10, "refit": true}
{"timestamp": "19:58:19.483215", "frame": 68, "mu": [-1.5465658088485654, 2.1110643827736313, 1.5696250946174053], "Sigma": [[0.009031708668898467, 0.0016312212066161773, -0.008840469295166464], [0.0016312212066161768, 0.004646902852538063, -0.0010134881533629342], [-0.008840469295166464, -0.0010134881533629338, 0.009494059434183957]], "chi2_level": 0.997, "chi2_df": 3, "chi2_threshold": 13.931422665512084, "N_raw": 36, "N_roi": 36, "N_inlier": 36, "refit": true}
{"timestamp": "19:58:19.535370", "frame": 69, "mu": [-1.54978163334861, 2.127704371142953, 1.003936219181753], "Sigma": [[0.0006478922546390331, 0.0003313394821446688, 0.00014405978620597292], [0.0003313394821446688, 0.0028125446135658684, -0.0008062446279539963], [0.00014405978620597292, -0.0008062446279539968, 0.21927437557429785]], "chi2_level": 0.997, "chi2_df": 3, "chi2_threshold": 13.931422665512084, "N_raw": 6, "N_roi": 6, "N_inlier": 6, "refit": true}
{"timestamp": "19:58:19.589787", "frame": 70, "mu": [-1.6717678979383244, 2.201306682616306, -0.2993220641529568], "Sigma": [[0.0004349726756541818, -0.0008842839052312377, -0.0005642314378207381], [-0.0008842839052312377, 0.010890136710277467, -0.0007854766477976227], [-0.0005642314378207381, -0.000785476647797623, 0.0026176882651822355]], "chi2_level": 0.997, "chi2_df": 3, "chi2_threshold": 13.931422665512084, "N_raw": 5, "N_roi": 5, "N_inlier": 5, "refit": true}
{"timestamp": "19:58:19.649354", "frame": 71, "mu": [-1.810942071537202, 2.0190515150653328, 1.411782304765971], "Sigma": [[0.018918761162509068, 0.009848382059451068, -0.013518701005982363], [0.009848382059451068, 0.010578888571244123, -0.00793716446871854], [-0.013518701005982363, -0.00793716446871854, 0.013170370403025574]], "chi2_level": 0.997, "chi2_df": 3, "chi2_threshold": 13.931422665512084, "N_raw": 41, "N_roi": 41, "N_inlier": 38, "refit": true}
{"timestamp": "19:58:19.701593", "frame": 72, "mu": [-1.9419814999220544, 1.9520947618057338, 1.254210816105597], "Sigma": [[0.0529818888978979, 0.047655562662927343, -0.1320916394859434], [0.047655562662927343, 0.047116078761261754, -0.12216913917179348], [-0.13209163948594338, -0.12216913917179348, 0.3665855465658447]], "chi2_level": 0.997, "chi2_df": 3, "chi2_threshold": 13.931422665512084, "N_raw": 18, "N_roi": 18, "N_inlier": 18, "refit": true}
{"timestamp": "19:58:19.754944", "frame": 73, "mu": [-2.0192194732400086, 1.9733940767021005, 1.358699837602326], "Sigma": [[0.03047145414790882, 0.034461250384055744, -0.07148653759030246], [0.034461250384055744, 0.05068234439139746, -0.09198193686207565], [-0.07148653759030246, -0.09198193686207565, 0.26058493588775705]], "chi2_level": 0.997, "chi2_df": 3, "chi2_threshold": 13.931422665512084, "N_raw": 17, "N_roi": 17, "N_inlier": 17, "refit": true}
{"timestamp": "19:58:19.819427", "frame": 74, "mu": [-2.1264427135710458, 1.904081375522474, 1.6706479382650719], "Sigma": [[0.02349999172708686, 0.020027351158351338, -0.01713911337208461], [0.020027351158351338, 0.023998500731280827, -0.013260769318302886], [-0.01713911337208461, -0.013260769318302886, 0.01816411485236675]], "chi2_level": 0.997, "chi2_df": 3, "chi2_threshold": 13.931422665512084, "N_raw": 56, "N_roi": 56, "N_inlier": 53, "refit": true}
{"timestamp": "19:58:19.872536", "frame": 75, "mu": [-2.1857457351077247, 1.9469045880815774, 1.496815710878445], "Sigma": [[0.023621469029071834, 0.02464175935832513, -0.027698794664331915], [0.024641759358325133, 0.03425214192926707, -0.03278471250641356], [-0.02769879466433191, -0.03278471250641356, 0.06719283923395976]], "chi2_level": 0.997, "chi2_df": 3, "chi2_threshold": 13.931422665512084, "N_raw": 60, "N_roi": 60, "N_inlier": 58, "refit": true}
{"timestamp": "19:58:19.926313", "frame": 76, "mu": [-2.189454768040707, 1.9231158462962223, 1.5147602016346093], "Sigma": [[0.017652360541635707, 0.015501459846093258, -0.016195425057765417], [0.015501459846093257, 0.02305865323156693, -0.01494554113541665], [-0.016195425057765417, -0.01494554113541665, 0.026052406363554895]], "chi2_level": 0.997, "chi2_df": 3, "chi2_threshold": 13.931422665512084, "N_raw": 61, "N_roi": 61, "N_inlier": 59, "refit": true}
{"timestamp": "19:58:19.986050", "frame": 77, "mu": [-2.2530722912804633, 1.903662342384023, -0.16431514636817102], "Sigma": [[0.01894413817539114, 0.017304242189672824, -0.008908085717077276], [0.017304242189672817, 0.03209879781470136, -0.018634301826983234], [-0.008908085717077277, -0.018634301826983238, 0.01688090080089727]], "chi2_level": 0.997, "chi2_df": 3, "chi2_threshold": 13.931422665512084, "N_raw": 87, "N_roi": 80, "N_inlier": 80, "refit": true}
{"timestamp": "19:58:20.037541", "frame": 78, "mu": [-2.2914227964989515, 1.8321802897588546, 1.4115419783702001], "Sigma": [[0.0138739788379237, 0.011722350440236052, -0.009361144879532263], [0.011722350440236052, 0.017404562851939913, -0.010682102936295491], [-0.009361144879532263, -0.010682102936295491, 0.008828348659132219]], "chi2_level": 0.997, "chi2_df": 3, "chi2_threshold": 13.931422665512084, "N_raw": 57, "N_roi": 45, "N_inlier": 44, "refit": true}
{"timestamp": "19:58:20.090603", "frame": 79, "mu": [-2.3689629888347468, 1.789529016011149, 1.3985648865288771], "Sigma": [[0.004955812734917217, 0.003332189324255212, -0.0025917139482763705], [0.003332189324255212, 0.010321520885961966, -0.008291334437983822], [-0.0025917139482763705, -0.008291334437983822, 0.00809109329186957]], "chi2_level": 0.997, "chi2_df": 3, "chi2_threshold": 13.931422665512084, "N_raw": 47, "N_roi": 31, "N_inlier": 31, "refit": true}
{"timestamp": "19:58:20.145850", "frame": 80, "mu": [-2.3822803434909985, 1.8377672090728254, 1.454962781061632], "Sigma": [[0.005719654903474452, 0.003027926814145887, -0.005201552416273349], [0.0030279268141458877, 0.015032916409257453, -0.0023679950345633603], [-0.005201552416273349, -0.0023679950345633603, 0.017160587027069383]], "chi2_level": 0.997, "chi2_df": 3, "chi2_threshold": 13.931422665512084, "N_raw": 52, "N_roi": 27, "N_inlier": 27, "refit": true}
{"timestamp": "19:58:20.198640", "frame": 81, "mu": [-2.403086427409802, 1.9416106386747543, 1.1952652598913729], "Sigma": [[0.0046303361330923025, 0.0037275995529883767, -0.008371622118655808], [0.0037275995529883767, 0.004264195022228521, -0.008230099852808443], [-0.00837162211865581, -0.008230099852808443, 0.06658369592345076]], "chi2_level": 0.997, "chi2_df": 3, "chi2_threshold": 13.931422665512084, "N_raw": 38, "N_roi": 19, "N_inlier": 19, "refit": true}
{"timestamp": "19:58:20.257811", "frame": 82, "mu": [-2.4122601586037073, 1.914935999466674, 1.2595080823554157], "Sigma": [[0.003499726236744688, 0.003177824696799782, -0.0076450939688167754], [0.0031778246967997825, 0.01718907088135985, -0.020362101927284847], [-0.0076450939688167754, -0.020362101927284847, 0.04892588659674573]], "chi2_level": 0.997, "chi2_df": 3, "chi2_threshold": 13.931422665512084, "N_raw": 63, "N_roi": 23, "N_inlier": 22, "refit": true}
{"timestamp": "19:58:20.312538", "frame": 83, "mu": [-2.4105723079219468, 1.8669953851732002, 1.2421752371689105], "Sigma": [[0.003923736042108624, 0.0003409625667521657, -0.0024128941569521284], [0.0003409625667521655, 0.014023894271553055, -0.0008290347529555055], [-0.0024128941569521284, -0.0008290347529555056, 0.002785048656248855]], "chi2_level": 0.997, "chi2_df": 3, "chi2_threshold": 13.931422665512084, "N_raw": 62, "N_roi": 26, "N_inlier": 25, "refit": true}
{"timestamp": "19:58:20.367520", "frame": 84, "mu": [-2.42850718247167, 1.952813015125426, 1.0030910674003477], "Sigma": [[0.00486136620654247, 0.003517039623281832, -0.016910051868611484], [0.0035170396232818315, 0.010494256297820548, -0.029227391388384726], [-0.016910051868611484, -0.029227391388384726, 0.13929892540258168]], "chi2_level": 0.997, "chi2_df": 3, "chi2_threshold": 13.931422665512084, "N_raw": 66, "N_roi": 18, "N_inlier": 18, "refit": true}
