{"timestamp": "19:54:55.456662", "frame": 6, "mu": [0.032094873504402, 0.07294340721001666, 1.5450147405850867], "Sigma": [[0.2116654225355782, 0.0032320549120737905, 0.019040337419216725], [0.0032320549120737905, 0.0005031640728014031, 0.0003104114463358742], [0.01904033741921672, 0.0003104114463358742, 0.007414379803299111]], "chi2_level": 0.997, "chi2_df": 3, "chi2_threshold": 13.931422665512084, "N_raw": 12, "N_roi": 12, "N_inlier": 12, "refit": true}
{"timestamp": "19:54:55.513795", "frame": 7, "mu": [-0.21194785850337772, 0.07935868873866249, 1.53757343114978], "Sigma": [[0.15193013351465715, -0.003078423744840169, 0.008479519712891057], [-0.003078423744840169, 0.0008505340601027137, -0.0010758555868620677], [0.008479519712891057, -0.0010758555868620677, 0.004038950902642543]], "chi2_level": 0.997, "chi2_df": 3, "chi2_threshold": 13.931422665512084, "N_raw": 21, "N_roi": 21, "N_inlier": 19, "refit": true}
{"timestamp": "19:54:55.568304", "frame": 8, "mu": [-0.07176893543428584, 0.2176069873467053, -0.3992369676856139], "Sigma": [[0.24337888572892688, -0.006295801878609595, 0.004467618528078844], [-0.006295801878609595, 0.0035443792025125305, -0.001447959653722775], [0.004467618528078844, -0.0014479596537227753, 0.0008381113543959878]], "chi2_level": 0.997, "chi2_df": 3, "chi2_threshold": 13.931422665512084, "N_raw": 14, "N_roi": 14, "N_inlier": 13, "refit": true}
{"timestamp": "19:54:55.625851", "frame": 9, "mu": [-0.3219916666269036, 0.1381902559979295, 1.557041753243221], "Sigma": [[0.13412885757550838, -0.0009342319965679211, -0.0023790826566423787], [-0.0009342319965679211, 0.0021693299314488094, -0.0015810151829923694], [-0.002379082656642379, -0.0015810151829923694, 0.0048523475961630225]], "chi2_level": 0.997, "chi2_df": 3, "chi2_threshold": 13.931422665512084, "N_raw": 35, "N_roi": 35, "N_inlier": 33, "refit": true}
{"timestamp": "19:54:55.677454", "frame": 10, "mu": [-0.385637362277402, 0.28214059632435634, 1.1031399177498642], "Sigma": [[0.005190344813983236, -0.001187333601695956, -0.042489997180377354], [-0.0011873336016959557, 0.001914767575264473, -0.0006700048394837432], [-0.042489997180377354, -0.0006700048394837454, 0.4225118799825031]], "chi2_level": 0.997, "chi2_df": 3, "chi2_threshold": 13.931422665512084, "N_raw": 6, "N_roi": 6, "N_inlier": 6, "refit": true}
{"timestamp": "19:54:55.732090", "frame": 11, "mu": [-0.43804244871846526, 0.3642923533255614, 1.4055902258826485], "Sigma": [[0.00026910122624864026, -0.0005287858314720235, 0.0011407026299758934], [-0.0005287858314720235, 0.002071548434501145, -0.0034789812094970763], [0.0011407026299758934, -0.0034789812094970763, 0.006675795901073796]], "chi2_level": 0.997, "chi2_df": 3, "chi2_threshold": 13.931422665512084, "N_raw": 5, "N_roi": 5, "N_inlier": 5, "refit": true}
{"timestamp": "19:54:55.791500", "frame": 12, "mu": [-0.4003025787121885, 0.40681888464343524, 1.3862389449019048], "Sigma": [[0.0012407435490346026, 8.240810166029673e-05, 0.0006978795988489119], [8.240810166029675e-05, 0.0008789933219623178, -0.0008609803137011513], [0.0006978795988489119, -0.0008609803137011513, 0.0015167796884084656]], "chi2_level": 0.997, "chi2_df": 3, "chi2_threshold": 13.931422665512084, "N_raw": 33, "N_roi": 33, "N_inlier": 30, "refit": true}
{"timestamp": "19:54:55.847794", "frame": 13, "mu": [-0.42258960241421983, 0.4243570756732328, 1.524828998315716], "Sigma": [[0.001185056546590232, -0.0005575245871689678, 0.00035209227421424574], [-0.000557524587168968, 0.0015105107072660145, -0.001625250303057949], [0.00035209227421424585, -0.001625250303057949, 0.0023820936343085827]], "chi2_level": 0.997, "chi2_df": 3, "chi2_threshold": 13.931422665512084, "N_raw": 39, "N_roi": 39, "N_inlier": 38, "refit": true}
{"timestamp": "19:54:55.900735", "frame": 14, "mu": [-0.42051796548115916, 0.5077271991529904, 1.1644137852925707], "Sigma": [[0.0014401080118003064, 0.0020705310193627558, 0.011812312904375424], [0.0020705310193627558, 0.007141608438166982, 0.033356585119938276], [0.011812312904375425, 0.03335658511993827, 0.17437058397403019]], "chi2_level": 0.997, "chi2_df": 3, "chi2_threshold": 13.931422665512084, "N_raw": 26, "N_roi": 25, "N_inlier": 24, "refit": true}
{"timestamp": "19:54:55.966350", "frame": 15, "mu": [-0.4274815074649909, 0.5539185450515177, 1.4248814885365355], "Sigma": [[0.0026715809850552837, -0.0007310282370726822, -0.003481710672941548], [-0.0007310282370726823, 0.0023010397526714316, -0.0015511392610061431], [-0.003481710672941548, -0.0015511392610061433, 0.01617569713558386]], "chi2_level": 0.997, "chi2_df": 3, "chi2_threshold": 13.931422665512084, "N_raw": 97, "N_roi": 97, "N_inlier": 96, "refit": true}
{"timestamp": "19:54:56.017023", "frame": 16, "mu": [-0.36817368260561006, 0.5730328384399733, 1.3195150706060284], "Sigma": [[0.005202032580201703, -0.0013363840616855776, -0.0010645092219074585], [-0.0013363840616855776, 0.005469021948752592, -0.0015195026170748242], [-0.0010645092219074587, -0.0015195026170748242, 0.0023406701767178135]], "chi2_level": 0.997, "chi2_df": 3, "chi2_threshold": 13.931422665512084, "N_raw": 61, "N_roi": 60, "N_inlier": 55, "refit": true}
{"timestamp": "19:54:56.075030", "frame": 17, "mu": [-0.37772010749538, 0.6353287659573703, 1.3233016445194916], "Sigma": [[0.0027050764910161234, -0.0016530394183889357, 1.7061545102845394e-05], [-0.0016530394183889357, 0.0020607320257671185, -0.002280430939475107], [1.7061545102845367e-05, -0.002280430939475107, 0.007216556965391178]], "chi2_level": 0.997, "chi2_df": 3, "chi2_threshold": 13.931422665512084, "N_raw": 79, "N_roi": 77, "N_inlier": 77, "refit": true}
{"timestamp": "19:54:56.124419", "frame": 18, "mu": [-0.3843702929995462, 0.7164161998499197, 1.3130476454135938], "Sigma": [[0.0020120821258096965, -0.0018628096919051575, -0.0014698357515340256], [-0.0018628096919051575, 0.004907213192729034, 0.0003963072946563594], [-0.0014698357515340256, 0.0003963072946563595, 0.0022806766669281695]], "chi2_level": 0.997, "chi2_df": 3, "chi2_threshold": 13.931422665512084, "N_raw": 44, "N_roi": 43, "N_inlier": 41, "refit": true}
{"timestamp": "19:54:56.186661", "frame": 19, "mu": [-0.3973140723428947, 0.7312682503071217, 1.3253500326399426], "Sigma": [[0.0038071617878040693, -0.0016622169009900488, -0.002939020811460074], [-0.0016622169009900484, 0.001986714754560775, 0.0022112929769936094], [-0.002939020811460074, 0.0022112929769936094, 0.018866257901624828]], "chi2_level": 0.997, "chi2_df": 3, "chi2_threshold": 13.931422665512084, "N_raw": 91, "N_roi": 91, "N_inlier": 88, "refit": true}
{"timestamp": "19:54:56.241605", "frame": 20, "mu": [-0.426549365034136, 0.8029004009408277, 1.3694074345013572], "Sigma": [[0.003997763599719378, -0.002987421887935837, -0.006899379850422254], [-0.0029874218879358365, 0.005382241341687883, 0.002084738020547913], [-0.006899379850422254, 0.0020847380205479132, 0.026012040753068927]], "chi2_level": 0.997, "chi2_df": 3, "chi2_threshold": 13.931422665512084, "N_raw": 97, "N_roi": 97, "N_inlier": 94, "refit": true}
{"timestamp": "19:54:56.293372", "frame": 21, "mu": [-0.4155005757858311, 0.8473384850155035, 1.2999300535767724], "Sigma": [[0.004538447494201354, 0.0011309232412398534, 0.002111573806203178], [0.0011309232412398532, 0.006447602358000257, 0.0005274046506148747], [0.0021115738062031774, 0.0005274046506148747, 0.0031429208611606814]], "chi2_level": 0.997, "chi2_df": 3, "chi2_threshold": 13.931422665512084, "N_raw": 75, "N_roi": 75, "N_inlier": 71, "refit": true}
{"timestamp": "19:54:56.350652", "frame": 22, "mu": [-0.33378427304389, 0.8925485669182887, 1.1767699727564171], "Sigma": [[0.004305459838721448, -0.001088323514401076, -3.68284190040858e-05], [-0.001088323514401076, 0.0020282555017780667, -0.0016488760522588416], [-3.6828419004085585e-05, -0.0016488760522588416, 0.010716404018418505]], "chi2_level": 0.997, "chi2_df": 3, "chi2_threshold": 13.931422665512084, "N_raw": 87, "N_roi": 87, "N_inlier": 86, "refit": true}
{"timestamp": "19:54:56.406543", "frame": 23, "mu": [-0.42093485549055076, 1.013989186133837, 1.3705745093650636], "Sigma": [[0.004502062244459847, 0.00014765590199804246, -7.877553656472596e-05], [0.00014765590199804256, 0.0034355950134694726, -0.004292440763528214], [-7.87755365647258e-05, -0.004292440763528215, 0.00953440111212745]], "chi2_level": 0.997, "chi2_df": 3, "chi2_threshold": 13.931422665512084, "N_raw": 93, "N_roi": 93, "N_inlier": 89, "refit": true}
{"timestamp": "19:54:56.464441", "frame": 24, "mu": [-0.41383652446444, 1.0875024649812857, 1.2070915819086467], "Sigma": [[0.008897298539844816, 0.002214704650886549, 0.022966136067610103], [0.002214704650886549, 0.004146797430912765, 0.017085406761048222], [0.022966136067610103, 0.017085406761048222, 0.19736410878539476]], "chi2_level": 0.997, "chi2_df": 3, "chi2_threshold": 13.931422665512084, "N_raw": 102, "N_roi": 101, "N_inlier": 99, "refit": true}
{"timestamp": "19:54:56.520472", "frame": 25, "mu": [-0.3755259271763757, 1.1954398116915337, -0.045020921841349607], "Sigma": [[0.006875026023247125, -0.0012165208002693048, 0.05004192565348092], [-0.0012165208002693046, 0.0020121097318130405, -0.011557181246589238], [0.05004192565348092, -0.011557181246589238, 0.6589137212901882]], "chi2_level": 0.997, "chi2_df": 3, "chi2_threshold": 13.931422665512084, "N_raw": 109, "N_roi": 109, "N_inlier": 109, "refit": true}
{"timestamp": "19:54:56.573273", "frame": 26, "mu": [-0.35159284575743593, 1.1890228176549409, 1.2321667072373006], "Sigma": [[0.004458665685759196, -0.0006727193663868257, -0.011393961938338288], [-0.0006727193663868258, 0.0057438540409957975, 0.009361423342998124], [-0.011393961938338288, 0.009361423342998124, 0.10534351794008372]], "chi2_level": 0.997, "chi2_df": 3, "chi2_threshold": 13.931422665512084, "N_raw": 101, "N_roi": 101, "N_inlier": 97, "refit": true}
{"timestamp": "19:54:56.628899", "frame": 27, "mu": [-0.39368535975522967, 1.345798535800862, 0.03932921004170853], "Sigma": [[0.004951573865813013, -0.0022346610280276607, 0.022683380124384915], [-0.0022346610280276607, 0.009161556507060199, -0.027497472571884014], [0.022683380124384915, -0.02749747257188401, 0.2732944971448136]], "chi2_level": 0.997, "chi2_df": 3, "chi2_threshold": 13.931422665512084, "N_raw": 99, "N_roi": 99, "N_inlier": 98, "refit": true}
{"timestamp": "19:54:56.684052", "frame": 28, "mu": [-0.39548917356380725, 1.3324588960532426, 1.222112379341302], "Sigma": [[0.004923392477060788, -0.0007220142775035051, -0.009726959660169081], [-0.0007220142775035052, 0.0032806689533794193, 0.0009270613302946231], [-0.009726959660169083, 0.0009270613302946229, 0.08216176689308698]], "chi2_level": 0.997, "chi2_df": 3, "chi2_threshold": 13.931422665512084, "N_raw": 108, "N_roi": 108, "N_inlier": 105, "refit": true}
{"timestamp": "19:54:56.736791", "frame": 29, "mu": [-0.38946630895350975, 1.47840777110128, 1.5681544407991794], "Sigma": [[0.0056849002207757455, 0.0008663666897385949, -0.01286038556823134], [0.0008663666897385949, 0.022739929567725907, 0.029298008311591805], [-0.01286038556823134, 0.0292980083115918, 1.513221790504157]], "chi2_level": 0.997, "chi2_df": 3, "chi2_threshold": 13.931422665512084, "N_raw": 91, "N_roi": 91, "N_inlier": 90, "refit": true}
{"timestamp": "19:54:56.787373", "frame": 30, "mu": [-0.34511512601337374, 1.5236151745704212, 1.2339153317113272], "Sigma": [[0.0037746234927408936, 0.00013771778841308298, 0.0017041002675680505], [0.000137717788413083, 0.005696516694931258, 0.0030417370115183133], [0.0017041002675680502, 0.0030417370115183133, 0.061032884724974354]], "chi2_level": 0.997, "chi2_df": 3, "chi2_threshold": 13.931422665512084, "N_raw": 53, "N_roi": 53, "N_inlier": 50, "refit": true}
{"timestamp": "19:54:56.844868", "frame": 31, "mu": [-0.3954374022350719, 1.5564626987881636, 1.2521973483467788], "Sigma": [[0.0054742690448595695, -0.0021698887492940166, -0.008430127837113877], [-0.0021698887492940166, 0.007572870163099994, 0.027508776751528453], [-0.008430127837113877, 0.02750877675152845, 0.1852475963261759]], "chi2_level": 0.997, "chi2_df": 3, "chi2_threshold": 13.931422665512084, "N_raw": 79, "N_roi": 79, "N_inlier": 75, "refit": true}
{"timestamp": "19:54:56.906438", "frame": 32, "mu": [-0.3779657528357198, 1.7133144417377373, 0.9916196132211703], "Sigma": [[0.006109168990670677, 0.001391160278070022, -0.019202805672982867], [0.001391160278070022, 0.006538112174998689, -0.027831358357177295], [-0.019202805672982867, -0.027831358357177295, 0.3765198876430828]], "chi2_level": 0.997, "chi2_df": 3, "chi2_threshold": 13.931422665512084, "N_raw": 118, "N_roi": 118, "N_inlier": 115, "refit": true}
{"timestamp": "19:54:56.958134", "frame": 33, "mu": [-0.3286768848782474, 1.7704865218330843, 1.3592513338011194], "Sigma": [[0.012204622118961058, 0.0005382232701093455, 0.007926212528684725], [0.0005382232701093455, 0.00659884939689414, 0.005558804580203763], [0.007926212528684728, 0.005558804580203763, 0.1104365269613182]], "chi2_level": 0.997, "chi2_df": 3, "chi2_threshold": 13.931422665512084, "N_raw": 95, "N_roi": 95, "N_inlier": 93, "refit": true}
{"timestamp": "19:54:57.005096", "frame": 34, "mu": [-0.48130407414998594, 1.776531507531436, 1.4214335790237207], "Sigma": [[0.005564061169022876, -0.0005967144584119292, -0.0026374603936553487], [-0.0005967144584119293, 0.0025260788093243256, -0.00257099719506664], [-0.0026374603936553482, -0.0025709971950666397, 0.008996240232187713]], "chi2_level": 0.997, "chi2_df": 3, "chi2_threshold": 13.931422665512084, "N_raw": 49, "N_roi": 49, "N_inlier": 46, "refit": true}
{"timestamp": "19:54:57.067358", "frame": 35, "mu": [-0.3986394954661853, 1.8942537217161959, 1.279549431116308], "Sigma": [[0.01074352478015666, -0.0021370006789331614, 0.00843611216430512], [-0.0021370006789331614, 0.005242878836335185, -0.007363416910380239], [0.00843611216430512, -0.007363416910380239, 0.08006207326567281]], "chi2_level": 0.997, "chi2_df": 3, "chi2_threshold": 13.931422665512084, "N_raw": 105, "N_roi": 105, "N_inlier": 101, "refit": true}
{"timestamp": "19:54:57.127223", "frame": 36, "mu": [-0.4212368524250531, 1.9905759253182203, 1.1042035773014278], "Sigma": [[0.010417033548799115, -0.002270316730626016, 0.01198826401951028], [-0.002270316730626016, 0.01208939715379939, -0.025698735394540772], [0.01198826401951028, -0.025698735394540775, 0.18382869462372384]], "chi2_level": 0.997, "chi2_df": 3, "chi2_threshold": 13.931422665512084, "N_raw": 123, "N_roi": 123, "N_inlier": 121, "refit": true}
{"timestamp": "19:54:57.177115", "frame": 37, "mu": [-0.43617645353695894, 2.0258173650806137, 1.1583576014951078], "Sigma": [[0.006110262974525278, 0.00011435171232213918, -0.010598548501088165], [0.00011435171232213905, 0.005271239108692102, 0.01556012188531658], [-0.010598548501088167, 0.01556012188531658, 0.36020736399784586]], "chi2_level": 0.997, "chi2_df": 3, "chi2_threshold": 13.931422665512084, "N_raw": 73, "N_roi": 73, "N_inlier": 72, "refit": true}
{"timestamp": "19:54:57.229352", "frame": 38, "mu": [-0.46306998000867805, 2.079189858848058, 1.1502799706343703], "Sigma": [[0.008985647924891866, 0.0011219000103192445, 0.013827894800436941], [0.0011219000103192445, 0.00942108532613393, 0.03389087871633609], [0.01382789480043694, 0.03389087871633608, 0.25929301994532816]], "chi2_level": 0.997, "chi2_df": 3, "chi2_threshold": 13.931422665512084, "N_raw": 78, "N_roi": 78, "N_inlier": 76, "refit": true}
{"timestamp": "19:54:57.276496", "frame": 39, "mu": [-0.4770999725511062, 2.058067358312357, 0.60304770550699], "Sigma": [[0.004366715741732708, -0.0003128778049501075, 0.006149853135154058], [-0.0003128778049501077, 0.0076778921681936235, 0.027793347084884294], [0.006149853135154058, 0.027793347084884297, 0.25499025395801234]], "chi2_level": 0.997, "chi2_df": 3, "chi2_threshold": 13.931422665512084, "N_raw": 23, "N_roi": 23, "N_inlier": 23, "refit": true}
{"timestamp": "19:54:57.339640", "frame": 40, "mu": [-0.4101338258802975, 2.4164750766842986, -0.2722932355586402], "Sigma": [[0.019682298751164493, -0.01035820786509533, 0.09965824741157543], [-0.01035820786509533, 0.014182504422034092, -0.0722970120792159], [0.09965824741157543, -0.0722970120792159, 0.7412633067460473]], "chi2_level": 0.997, "chi2_df": 3, "chi2_threshold": 13.931422665512084, "N_raw": 88, "N_roi": 88, "N_inlier": 88, "refit": true}
{"timestamp": "19:54:57.398086", "frame": 41, "mu": [-0.4649429748417788, 2.30365665235842, 0.9142619524691415], "Sigma": [[0.012380578322564268, -0.001171078328031357, -0.003953342384894676], [-0.0011710783280313572, 0.003994435849907731, 0.01745353624083532], [-0.003953342384894677, 0.017453536240835316, 0.5607816733629885]], "chi2_level": 0.997, "chi2_df": 3, "chi2_threshold": 13.931422665512084, "N_raw": 103, "N_roi": 103, "N_inlier": 99, "refit": true}
{"timestamp": "19:54:57.451717", "frame": 42, "mu": [-0.49207227021308214, 2.3620204633818, 0.6259443362752368], "Sigma": [[0.017291245292317667, -0.001005678358321289, 0.04807654036784857], [-0.001005678358321289, 0.002715327585118471, -0.00030358524923634065], [0.04807654036784857, -0.00030358524923634054, 0.6245409710830291]], "chi2_level": 0.997, "chi2_df": 3, "chi2_threshold": 13.931422665512084, "N_raw": 89, "N_roi": 89, "N_inlier": 88, "refit": true}
{"timestamp": "19:54:57.512881", "frame": 43, "mu": [-0.4320110360039356, 2.4636675407039808, 0.7132417500601625], "Sigma": [[0.02036330616665236, 0.0019177104924786763, 0.03883557855438172], [0.0019177104924786763, 0.006072847089991726, 0.00912449000558866], [0.03883557855438172, 0.00912449000558866, 0.5651190253393973]], "chi2_level": 0.997, "chi2_df": 3, "chi2_threshold": 13.931422665512084, "N_raw": 141, "N_roi": 141, "N_inlier": 140, "refit": true}
{"timestamp": "19:54:57.570354", "frame": 44, "mu": [-0.4631846400431922, 2.5245337256870553, 0.7427044983720584], "Sigma": [[0.018758657771371347, 0.0020791378328263617, 0.02683860849597171], [0.0020791378328263617, 0.009672013147409916, 0.034059414669057195], [0.026838608495971705, 0.034059414669057195, 0.6866026122027163]], "chi2_level": 0.997, "chi2_df": 3, "chi2_threshold": 13.931422665512084, "N_raw": 150, "N_roi": 150, "N_inlier": 150, "refit": true}
{"timestamp": "19:54:57.625153", "frame": 45, "mu": [-0.4835863557223099, 2.565436205883409, 0.6486242292549571], "Sigma": [[0.01947883951067962, -2.7773384041559655e-05, -0.002370191499158441], [-2.7773384041559655e-05, 0.010718456993598842, 0.04434543848612188], [-0.0023701914991584414, 0.04434543848612188, 0.7195398272290722]], "chi2_level": 0.997, "chi2_df": 3, "chi2_threshold": 13.931422665512084, "N_raw": 148, "N_roi": 148, "N_inlier": 148, "refit": true}
{"timestamp": "19:54:57.672911", "frame": 46, "mu": [-0.48642697017461667, 2.631046646554106, 0.9398693026393288], "Sigma": [[0.015090946103859453, 9.840745340108264e-05, -0.04002323155152977], [9.840745340108264e-05, 0.006029494759049473, 0.0133717367965072], [-0.04002323155152977, 0.013371736796507199, 0.6045474834523933]], "chi2_level": 0.997, "chi2_df": 3, "chi2_threshold": 13.931422665512084, "N_raw": 92, "N_roi": 90, "N_inlier": 90, "refit": true}
{"timestamp": "19:54:57.724987", "frame": 47, "mu": [-0.4494996701116723, 2.6446202368742187, -0.6151941915830423], "Sigma": [[0.015565167419395334, -0.025045025142248243, -0.05462542625796862], [-0.025045025142248243, 0.22965715524796973, 0.2392501904005404], [-0.054625426257968616, 0.2392501904005404, 1.1273711599242626]], "chi2_level": 0.997, "chi2_df": 3, "chi2_threshold": 13.931422665512084, "N_raw": 80, "N_roi": 80, "N_inlier": 80, "refit": true}
{"timestamp": "19:54:57.788730", "frame": 48, "mu": [-0.4788030460358716, 2.8018809413491486, -1.3000066603247036], "Sigma": [[0.021905586806872657, 0.015189026180457367, -0.016782136947394204], [0.015189026180457366, 0.0738218418915082, 0.11543226095120843], [-0.016782136947394204, 0.11543226095120843, 0.5739333294253798]], "chi2_level": 0.997, "chi2_df": 3, "chi2_threshold": 13.931422665512084, "N_raw": 143, "N_roi": 143, "N_inlier": 142, "refit": true}
{"timestamp": "19:54:57.837173", "frame": 49, "mu": [-0.4600183585981073, 3.058824463996666, -0.3556728131370693], "Sigma": [[0.014682816320394301, -0.00868626500765947, 0.06756301666796569], [-0.00868626500765947, 0.01940916716052777, -0.10134625593252686], [0.06756301666796567, -0.10134625593252686, 0.8449707280768596]], "chi2_level": 0.997, "chi2_df": 3, "chi2_threshold": 13.931422665512084, "N_raw": 91, "N_roi": 91, "N_inlier": 89, "refit": true}
{"timestamp": "19:54:57.895479", "frame": 50, "mu": [-0.49555773079889254, 3.02642950507501, 0.8515092595384927], "Sigma": [[0.01773139825864961, -0.0014369783460508635, 0.01489660793573832], [-0.001436978346050864, 0.005717649911928929, -0.03259628173474728], [0.014896607935738316, -0.03259628173474728, 0.4354663896049038]], "chi2_level": 0.997, "chi2_df": 3, "chi2_threshold": 13.931422665512084, "N_raw": 117, "N_roi": 117, "N_inlier": 117, "refit": true}
{"timestamp": "19:54:57.946209", "frame": 51, "mu": [-0.5015612610858377, 3.0551912753970747, 1.3576298960667252], "Sigma": [[0.021203501227344903, 0.0034671042528002516, -0.019514990842355237], [0.0034671042528002525, 0.0060303921078552385, -0.01012949050051484], [-0.019514990842355237, -0.010129490500514841, 0.03550478927444879]], "chi2_level": 0.997, "chi2_df": 3, "chi2_threshold": 13.931422665512084, "N_raw": 84, "N_roi": 84, "N_inlier": 80, "refit": true}
{"timestamp": "19:54:58.000104", "frame": 52, "mu": [-0.4770176017803675, 3.114448272295542, 1.2436312718623725], "Sigma": [[0.019207574924058307, 0.0008606738925259032, -0.023316965777612136], [0.0008606738925259033, 0.00729742300976544, -0.00016124690701495021], [-0.023316965777612136, -0.00016124690701495, 0.28430797264549496]], "chi2_level": 0.997, "chi2_df": 3, "chi2_threshold": 13.931422665512084, "N_raw": 84, "N_roi": 84, "N_inlier": 83, "refit": true}
{"timestamp": "19:54:58.057744", "frame": 53, "mu": [-0.46865348653375943, 3.182720108797529, 0.9646694836189257], "Sigma": [[0.020176798761177443, -0.001078871300540294, -0.025776951754011092], [-0.001078871300540294, 0.006777006503159835, 0.030327615738740037], [-0.025776951754011092, 0.030327615738740037, 0.6563082540803081]], "chi2_level": 0.997, "chi2_df": 3, "chi2_threshold": 13.931422665512084, "N_raw": 107, "N_roi": 107, "N_inlier": 106, "refit": true}
{"timestamp": "19:54:58.108410", "frame": 54, "mu": [-0.4934740408187634, 3.247363474810424, 1.0426605627202172], "Sigma": [[0.022471879257906734, 0.000439897806589474, -0.06858850366539426], [0.0004398978065894742, 0.0036523424779348803, 0.002519658079225494], [-0.06858850366539426, 0.0025196580792254944, 0.583691669048698]], "chi2_level": 0.997, "chi2_df": 3, "chi2_threshold": 13.931422665512084, "N_raw": 71, "N_roi": 71, "N_inlier": 69, "refit": true}
{"timestamp": "19:54:58.161690", "frame": 55, "mu": [-0.5186707508077483, 3.356275094868178, 1.3013038213114918], "Sigma": [[0.015461658616396878, 0.0012744322407402405, -0.0125077690569423], [0.0012744322407402405, 0.004093521955955527, -0.013444375817560994], [-0.012507769056942298, -0.013444375817560996, 0.09806070463588784]], "chi2_level": 0.997, "chi2_df": 3, "chi2_threshold": 13.931422665512084, "N_raw": 55, "N_roi": 55, "N_inlier": 53, "refit": true}
{"timestamp": "19:54:58.215991", "frame": 56, "mu": [-0.4868898920453117, 3.419764889543027, 1.2362504808636556], "Sigma": [[0.017651309380464844, -0.0002836682496207359, -0.0111205957841836], [-0.000283668249620736, 0.005467677484061248, -0.02151081155502544], [-0.0111205957841836, -0.02151081155502544, 0.11294953544228903]], "chi2_level": 0.997, "chi2_df": 3, "chi2_threshold": 13.931422665512084, "N_raw": 56, "N_roi": 56, "N_inlier": 54, "refit": true}
{"timestamp": "19:54:58.270103", "frame": 57, "mu": [-0.5439245898413965, 3.5076399437070442, 0.2169844754182051], "Sigma": [[0.020066786644491005, 0.007473609119312302, -0.011155378247046686], [0.007473609119312302, 0.007872969019898224, -0.008395491105248933], [-0.011155378247046686, -0.008395491105248933, 0.010942187523494932]], "chi2_level": 0.997, "chi2_df": 3, "chi2_threshold": 13.931422665512084, "N_raw": 50, "N_roi": 50, "N_inlier": 47, "refit": true}
{"timestamp": "19:54:58.324898", "frame": 58, "mu": [-0.5729968091797263, 3.523962877160046, 1.3501804751250328], "Sigma": [[0.01674180251411042, -0.0006704867143854837, -0.03452301679769182], [-0.0006704867143854836, 0.004149752431799462, 0.0028170070218795267], [-0.03452301679769182, 0.0028170070218795267, 0.14673943021228444]], "chi2_level": 0.997, "chi2_df": 3, "chi2_threshold": 13.931422665512084, "N_raw": 52, "N_roi": 51, "N_inlier": 47, "refit": true}
{"timestamp": "19:54:58.386894", "frame": 59, "mu": [-0.5584818823978724, 2.867804355939934, 0.1798313607064459], "Sigma": [[0.022211011923986834, 0.00597483737459591, 0.0009839155704825311], [0.00597483737459591, 1.1230379153182566, 1.6519331963741155], [0.000983915570482532, 1.6519331963741153, 2.4910049191582244]], "chi2_level": 0.997, "chi2_df": 3, "chi2_threshold": 13.931422665512084, "N_raw": 100, "N_roi": 99, "N_inlier": 99, "refit": true}
{"timestamp": "19:54:58.437544", "frame": 60, "mu": [-0.49960659545356884, 3.704300462856328, 1.3795970118611647], "Sigma": [[0.021246176335460307, 0.0013177027578173952, -0.00800914559127114], [0.0013177027578173952, 0.005811501253238419, -0.0062832167579252324], [-0.00800914559127114, -0.0062832167579252324, 0.012675703948681269]], "chi2_level": 0.997, "chi2_df": 3, "chi2_threshold": 13.931422665512084, "N_raw": 64, "N_roi": 64, "N_inlier": 61, "refit": true}
{"timestamp": "19:54:58.495175", "frame": 61, "mu": [-0.5379507637208867, 3.830000110591131, 0.5062467496747365], "Sigma": [[0.04046367366587755, -0.001260111362813854, 0.07732230986869099], [-0.001260111362813854, 0.0028753900292885445, -0.011903842156012428], [0.07732230986869099, -0.011903842156012428, 0.40121709258929655]], "chi2_level": 0.997, "chi2_df": 3, "chi2_threshold": 13.931422665512084, "N_raw": 88, "N_roi": 88, "N_inlier": 87, "refit": true}
{"timestamp": "19:54:58.550399", "frame": 62, "mu": [-0.4999849957111265, 3.89354868500251, 0.7795242982515083], "Sigma": [[0.023586429421176034, -0.0003782946386695061, 0.019740772730591542], [-0.00037829463866950606, 0.0037023496549289745, -0.0292181080748333], [0.019740772730591535, -0.0292181080748333, 0.41553890151855993]], "chi2_level": 0.997, "chi2_df": 3, "chi2_threshold": 13.931422665512084, "N_raw": 83, "N_roi": 83, "N_inlier": 82, "refit": true}
{"timestamp": "19:54:58.606249", "frame": 63, "mu": [-0.47798560831594106, 3.9256391161308515, 0.674928851415224], "Sigma": [[0.028289739667544556, 0.000903857921718921, 0.01956160539183565], [0.0009038579217189208, 0.004682537645727723, -0.024816456689746663], [0.01956160539183565, -0.024816456689746663, 0.31496802067222596]], "chi2_level": 0.997, "chi2_df": 3, "chi2_threshold": 13.931422665512084, "N_raw": 96, "N_roi": 96, "N_inlier": 95, "refit": true}
{"timestamp": "19:54:58.656399", "frame": 64, "mu": [-0.5067732479290946, 3.9920312980583965, 1.2864356383789797], "Sigma": [[0.02559604281777151, 0.0021132487960908155, -0.010992461517720813], [0.002113248796090816, 0.004252306986182446, -0.013629474847787856], [-0.010992461517720814, -0.013629474847787856, 0.08631973791930675]], "chi2_level": 0.997, "chi2_df": 3, "chi2_threshold": 13.931422665512084, "N_raw": 59, "N_roi": 59, "N_inlier": 57, "refit": true}
{"timestamp": "19:54:58.709321", "frame": 65, "mu": [-0.4652471504252153, 4.00612503831061, 1.4247999527976765], "Sigma": [[0.025192494283443854, 0.0018675448155899216, -0.01238619142444523], [0.0018675448155899214, 0.004057489451450779, -0.005564400906075294], [-0.012386191424445228, -0.005564400906075294, 0.018201260030804828]], "chi2_level": 0.997, "chi2_df": 3, "chi2_threshold": 13.931422665512084, "N_raw": 55, "N_roi": 55, "N_inlier": 52, "refit": true}
{"timestamp": "19:54:58.765028", "frame": 66, "mu": [-0.49182245593748913, 4.10805221728992, 1.3911692944108138], "Sigma": [[0.027097410147178966, 0.0022756164256239886, -0.017857019674190577], [0.0022756164256239886, 0.003208032280651028, -0.007566325627651414], [-0.017857019674190577, -0.007566325627651415, 0.05236766195767849]], "chi2_level": 0.997, "chi2_df": 3, "chi2_threshold": 13.931422665512084, "N_raw": 50, "N_roi": 49, "N_inlier": 46, "refit": true}
{"timestamp": "19:54:58.819966", "frame": 67, "mu": [-0.43983541952207544, 4.176956452454418, 1.497235302416117], "Sigma": [[0.02342189734759704, 0.002962076864242439, -0.01791399479953605], [0.002962076864242439, 0.0042995108687162885, -0.003387171902912248], [-0.01791399479953605, -0.003387171902912248, 0.0505667178731921]], "chi2_level": 0.997, "chi2_df": 3, "chi2_threshold": 13.931422665512084, "N_raw": 52, "N_roi": 51, "N_inlier": 48, "refit": true}
{"timestamp": "19:54:58.869227", "frame": 68, "mu": [-0.510411150203309, 3.5148149431140414, -0.06293760040475715], "Sigma": [[0.0035200047063555727, 0.03082006143837987, 0.04367726070178144], [0.03082006143837987, 0.9559513263078195, 1.6088702286210714], [0.04367726070178144, 1.6088702286210714, 2.7697822544959436]], "chi2_level": 0.997, "chi2_df": 3, "chi2_threshold": 13.931422665512084, "N_raw": 10, "N_roi": 8, "N_inlier": 8, "refit": true}
{"timestamp": "19:54:58.926390", "frame": 69, "mu": [-0.3784641199422442, 4.344990139344146, 1.2744016974308598], "Sigma": [[0.01650595809469666, -1.681122201621383e-05, -0.012006111618036138], [-1.6811222016213938e-05, 0.0019298112112139415, -0.0029286203790401776], [-0.012006111618036136, -0.002928620379040178, 0.024151535368321507]], "chi2_level": 0.997, "chi2_df": 3, "chi2_threshold": 13.931422665512084, "N_raw": 30, "N_roi": 29, "N_inlier": 29, "refit": true}
{"timestamp": "19:54:58.982066", "frame": 70, "mu": [-0.5065641061901637, 4.4019902060830125, 1.397102767367826], "Sigma": [[0.02080723002689389, 0.0035189359947316538, -0.011592765605150688], [0.0035189359947316538, 0.0028536210329045296, -0.00429109746588006], [-0.011592765605150688, -0.00429109746588006, 0.011678004023508501]], "chi2_level": 0.997, "chi2_df": 3, "chi2_threshold": 13.931422665512084, "N_raw": 29, "N_roi": 29, "N_inlier": 28, "refit": true}
{"timestamp": "19:54:59.038047", "frame": 71, "mu": [-0.46356483595926784, 4.476361372972082, 1.3037425459343048], "Sigma": [[0.024218037336112417, 0.0010271925678387488, -0.01091671041366936], [0.0010271925678387484, 0.0024148995769892913, -0.003455473883545305], [-0.01091671041366936, -0.003455473883545305, 0.01309754626537953]], "chi2_level": 0.997, "chi2_df": 3, "chi2_threshold": 13.931422665512084, "N_raw": 36, "N_roi": 36, "N_inlier": 34, "refit": true}
{"timestamp": "19:54:59.092904", "frame": 72, "mu": [-0.36930326155834936, 4.5457380401235685, 1.1832883952217252], "Sigma": [[0.021966498960203317, -0.0018755222020998494, -0.00492013630390494], [-0.0018755222020998494, 0.0030367507690607287, -0.00559003101531725], [-0.00492013630390494, -0.00559003101531725, 0.01882694603634932]], "chi2_level": 0.997, "chi2_df": 3, "chi2_threshold": 13.931422665512084, "N_raw": 36, "N_roi": 36, "N_inlier": 33, "refit": true}
{"timestamp": "19:54:59.145743", "frame": 73, "mu": [-0.5067883924457743, 4.58476670818253, 1.3104599448167664], "Sigma": [[0.01727130681938108, 0.001317523135726876, -0.007555826689573058], [0.001317523135726876, 0.00393907691394153, -0.015295656426567649], [-0.007555826689573058, -0.015295656426567644, 0.09475787989198647]], "chi2_level": 0.997, "chi2_df": 3, "chi2_threshold": 13.931422665512084, "N_raw": 26, "N_roi": 26, "N_inlier": 26, "refit": true}
{"timestamp": "19:54:59.204740", "frame": 74, "mu": [-0.5324948347650715, 4.623401439790675, 1.382993581944784], "Sigma": [[0.033423203377959905, 0.0028649146699581776, -0.0026297255508882884], [0.0028649146699581776, 0.004164965698155001, -0.008311751567550022], [-0.002629725550888289, -0.008311751567550022, 0.02443763842281093]], "chi2_level": 0.997, "chi2_df": 3, "chi2_threshold": 13.931422665512084, "N_raw": 54, "N_roi": 54, "N_inlier": 52, "refit": true}
{"timestamp": "19:54:59.259916", "frame": 75, "mu": [-0.5235203146823136, 4.695868273877707, 0.5593030284683534], "Sigma": [[0.031768316779347425, 0.008390184304143594, -0.014666902874022471], [0.008390184304143594, 0.008517917959201721, -0.011174686015727502], [-0.014666902874022471, -0.011174686015727502, 0.017866933454775663]], "chi2_level": 0.997, "chi2_df": 3, "chi2_threshold": 13.931422665512084, "N_raw": 52, "N_roi": 48, "N_inlier": 47, "refit": true}
{"timestamp": "19:54:59.317765", "frame": 76, "mu": [-0.5216509167881266, 4.716134242422281, 0.704256986154477], "Sigma": [[0.038779381509141966, 0.006476584080336798, -0.015841833254681956], [0.006476584080336797, 0.01070908086388096, -0.011044583330025552], [-0.015841833254681956, -0.011044583330025552, 0.019606660750536683]], "chi2_level": 0.997, "chi2_df": 3, "chi2_threshold": 13.931422665512084, "N_raw": 67, "N_roi": 67, "N_inlier": 65, "refit": true}
{"timestamp": "19:54:59.369464", "frame": 77, "mu": [-0.5070180962414128, 4.783031083992359, 1.3091104723357652], "Sigma": [[0.03209201460586777, 0.0021258263627604197, -0.01614237062155255], [0.0021258263627604197, 0.002175196592015998, -0.0033956060070594], [-0.01614237062155255, -0.0033956060070594, 0.02620193356497865]], "chi2_level": 0.997, "chi2_df": 3, "chi2_threshold": 13.931422665512084, "N_raw": 43, "N_roi": 40, "N_inlier": 37, "refit": true}
{"timestamp": "19:54:59.423326", "frame": 78, "mu": [-0.4853081462576547, 4.86524105153293, 1.3907860343630862], "Sigma": [[0.0309526485059615, 0.0032424006600782406, -0.010656759362663954], [0.0032424006600782406, 0.002571520227003469, -0.004482644952535525], [-0.010656759362663954, -0.004482644952535525, 0.014736864374525456]], "chi2_level": 0.997, "chi2_df": 3, "chi2_threshold": 13.931422665512084, "N_raw": 39, "N_roi": 39, "N_inlier": 36, "refit": true}
{"timestamp": "19:54:59.476843", "frame": 79, "mu": [-0.49817796284344684, 4.919408261580528, 0.7090259968477107], "Sigma": [[0.028644153025515366, -0.0012802041657728144, 0.0006512819571059046], [-0.0012802041657728144, 0.0026654257555257144, -0.004792839495523591], [0.000651281957105905, -0.004792839495523591, 0.015140279611455471]], "chi2_level": 0.997, "chi2_df": 3, "chi2_threshold": 13.931422665512084, "N_raw": 33, "N_roi": 16, "N_inlier": 16, "refit": true}
{"timestamp": "19:54:59.589334", "frame": 81, "mu": [-0.3931449311914429, 4.955246510497749, 1.534446504868317], "Sigma": [[0.03469799838172245, -0.0002673231490434404, -0.016253626508224515], [-0.0002673231490434404, 0.0004112865002672176, 0.00034305593893513156], [-0.016253626508224515, 0.00034305593893513156, 0.009100439115832389]], "chi2_level": 0.997, "chi2_df": 3, "chi2_threshold": 13.931422665512084, "N_raw": 53, "N_roi": 13, "N_inlier": 13, "refit": true}
{"timestamp": "19:54:59.644195", "frame": 82, "mu": [-0.5040898801158007, 4.945048544620275, 0.9561678024339417], "Sigma": [[0.011281238543641435, -0.001692624788753799, -0.0005618193473839764], [-0.001692624788753799, 0.0005638672571020685, 0.0001440924079285915], [-0.0005618193473839764, 0.00014409240792859148, 4.0587606164673946e-05]], "chi2_level": 0.997, "chi2_df": 3, "chi2_threshold": 13.931422665512084, "N_raw": 47, "N_roi": 6, "N_inlier": 6, "refit": true}
