{"timestamp": "19:24:15.919312", "frame": 14, "mu": [-2.4279857935262417, 3.3221476124963827, 0.7467697680837928], "Sigma": [[0.0035128897337452962, 0.0032295083609012384, -0.009351718381135174], [0.0032295083609012384, 0.005525140520247713, -0.015357249462547268], [-0.009351718381135174, -0.015357249462547268, 0.050873379689641306]], "chi2_level": 0.997, "chi2_df": 3, "chi2_threshold": 13.931422665512084, "N_raw": 63, "N_roi": 16, "N_inlier": 16, "refit": true}
{"timestamp": "19:24:16.025880", "frame": 16, "mu": [-2.4307400181317105, 3.2409748469368695, 1.1335913176521142], "Sigma": [[0.002223842881399035, 0.00021030177712452893, 0.0022549514600008176], [0.00021030177712452896, 0.004967487591481017, -0.012386714264662155], [0.002254951460000817, -0.012386714264662157, 0.06819007896136588]], "chi2_level": 0.997, "chi2_df": 3, "chi2_threshold": 13.931422665512084, "N_raw": 45, "N_roi": 14, "N_inlier": 14, "refit": true}
{"timestamp": "19:24:16.078141", "frame": 17, "mu": [-2.341100382832432, 3.332828881782012, 0.5789483026190891], "Sigma": [[0.010095235771562046, 0.004505675656876221, -0.013272240294573294], [0.004505675656876221, 0.003493541624941284, -0.00910046002688841], [-0.013272240294573294, -0.00910046002688841, 0.04049843142095253]], "chi2_level": 0.997, "chi2_df": 3, "chi2_threshold": 13.931422665512084, "N_raw": 29, "N_roi": 20, "N_inlier": 19, "refit": true}
{"timestamp": "19:24:16.186471", "frame": 19, "mu": [-2.3016472604007903, 3.286695428418021, 0.14544693441845657], "Sigma": [[0.007947464710440695, 0.004401396761753559, -0.0027757421788810665], [0.004401396761753559, 0.004899479084124159, -0.002385284203191033], [-0.0027757421788810665, -0.002385284203191033, 0.0027431704440988008]], "chi2_level": 0.997, "chi2_df": 3, "chi2_threshold": 13.931422665512084, "N_raw": 20, "N_roi": 18, "N_inlier": 18, "refit": true}
{"timestamp": "19:24:16.247304", "frame": 20, "mu": [-2.3048481951602384, 3.3109454356601526, -0.4168548371369237], "Sigma": [[0.012016023847782529, 0.010710992483341286, 0.033145358832632386], [0.010710992483341286, 0.02025789046984954, 0.036328991393382304], [0.033145358832632386, 0.036328991393382304, 0.13206402345758736]], "chi2_level": 0.997, "chi2_df": 3, "chi2_threshold": 13.931422665512084, "N_raw": 55, "N_roi": 40, "N_inlier": 40, "refit": true}
{"timestamp": "19:24:16.297813", "frame": 21, "mu": [-2.2179695213269617, 3.2030330200048467, 1.0453998569418612], "Sigma": [[0.0033310101214051387, 0.0017526550144312662, -0.002006508713020715], [0.0017526550144312657, 0.0028703593866733204, -0.003009968037075577], [-0.002006508713020715, -0.003009968037075577, 0.0056508396866050865]], "chi2_level": 0.997, "chi2_df": 3, "chi2_threshold": 13.931422665512084, "N_raw": 14, "N_roi": 13, "N_inlier": 13, "refit": true}
{"timestamp": "19:24:16.411556", "frame": 23, "mu": [-2.1223651637222987, 3.214006705181864, 1.273527880359261], "Sigma": [[0.016065399849239794, 0.008134826779422628, -0.011957012868702745], [0.008134826779422628, 0.007311578775293135, -0.008394083219884056], [-0.011957012868702745, -0.008394083219884056, 0.01603094059168566]], "chi2_level": 0.997, "chi2_df": 3, "chi2_threshold": 13.931422665512084, "N_raw": 37, "N_roi": 37, "N_inlier": 36, "refit": true}
{"timestamp": "19:24:16.463510", "frame": 24, "mu": [-2.0923074568400346, 3.1604348824236346, 1.229085294480923], "Sigma": [[0.00991080073364973, 0.004644178320741254, -0.007415170060347111], [0.004644178320741254, 0.0036265349987689905, -0.003738293489023885], [-0.007415170060347111, -0.003738293489023885, 0.03918888404053857]], "chi2_level": 0.997, "chi2_df": 3, "chi2_threshold": 13.931422665512084, "N_raw": 15, "N_roi": 14, "N_inlier": 14, "refit": true}
{"timestamp": "19:24:16.520479", "frame": 25, "mu": [-1.939459014995233, 3.3744821630741533, -0.36836253103205807], "Sigma": [[0.011539744662803553, 0.005617573322223652, -0.010252835379795776], [0.005617573322223651, 0.006043216839611451, -0.009986042931413225], [-0.010252835379795776, -0.009986042931413225, 0.018245201895449363]], "chi2_level": 0.997, "chi2_df": 3, "chi2_threshold": 13.931422665512084, "N_raw": 33, "N_roi": 31, "N_inlier": 30, "refit": true}
{"timestamp": "19:24:16.576942", "frame": 26, "mu": [-1.9124062826265307, 3.173335587127602, 0.9358663990766295], "Sigma": [[0.018819250443842195, 0.005505971850390073, -0.014679143171304547], [0.005505971850390073, 0.003922085554311542, -0.0069164067255613375], [-0.014679143171304546, -0.0069164067255613375, 0.01622795571131057]], "chi2_level": 0.997, "chi2_df": 3, "chi2_threshold": 13.931422665512084, "N_raw": 41, "N_roi": 41, "N_inlier": 38, "refit": true}
{"timestamp": "19:24:16.633714", "frame": 27, "mu": [-1.810317490784487, 3.239019902911472, 0.8860329199505154], "Sigma": [[0.01671061353765716, 0.001462881735675428, -0.02844769716615142], [0.001462881735675428, 0.0015517511101179, -0.006650602394143633], [-0.028447697166151416, -0.006650602394143633, 0.07421763203322004]], "chi2_level": 0.997, "chi2_df": 3, "chi2_threshold": 13.931422665512084, "N_raw": 49, "N_roi": 45, "N_inlier": 44, "refit": true}
{"timestamp": "19:24:16.691036", "frame": 28, "mu": [-1.811960773604252, 3.2271185573502863, 1.0721732732768618], "Sigma": [[0.024427154882343496, 0.007587649786199467, -0.01822402663293351], [0.007587649786199467, 0.005388453919126765, -0.011028950929578896], [-0.01822402663293351, -0.011028950929578896, 0.0312783796066982]], "chi2_level": 0.997, "chi2_df": 3, "chi2_threshold": 13.931422665512084, "N_raw": 63, "N_roi": 60, "N_inlier": 58, "refit": true}
{"timestamp": "19:24:16.743794", "frame": 29, "mu": [-1.751431975621557, 3.281311978643113, 1.2466989420134909], "Sigma": [[0.020049033436711702, 0.006719592648804753, -0.0213016749477751], [0.006719592648804752, 0.004927688740510733, -0.012786449519439662], [-0.0213016749477751, -0.012786449519439663, 0.04487600175944723]], "chi2_level": 0.997, "chi2_df": 3, "chi2_threshold": 13.931422665512084, "N_raw": 44, "N_roi": 41, "N_inlier": 40, "refit": true}
{"timestamp": "19:24:16.801336", "frame": 30, "mu": [-1.678019833859051, 3.2492087212550125, 1.1611947250326542], "Sigma": [[0.024142271562346947, 0.005133687977358678, -0.018273197891430122], [0.005133687977358678, 0.0051095240413258775, -0.007947256766563202], [-0.018273197891430122, -0.007947256766563202, 0.023364115069280093]], "chi2_level": 0.997, "chi2_df": 3, "chi2_threshold": 13.931422665512084, "N_raw": 66, "N_roi": 62, "N_inlier": 60, "refit": true}
{"timestamp": "19:24:16.856534", "frame": 31, "mu": [-1.5852996503430712, 3.2434565531483743, 1.0716797463170458], "Sigma": [[0.022267920827527127, 0.002992517803855002, -0.023953272873001745], [0.002992517803855002, 0.0057813895350843575, -0.010843927794271874], [-0.023953272873001745, -0.010843927794271874, 0.04790749498468849]], "chi2_level": 0.997, "chi2_df": 3, "chi2_threshold": 13.931422665512084, "N_raw": 75, "N_roi": 72, "N_inlier": 71, "refit": true}
{"timestamp": "19:24:16.909584", "frame": 32, "mu": [-1.4707685363071925, 3.2054394465544416, 0.9434821695216519], "Sigma": [[0.020791896668288165, 0.0017760406884003948, -0.023641819361152464], [0.0017760406884003948, 0.0009946924865358066, -0.004274201644917128], [-0.023641819361152464, -0.004274201644917128, 0.07128307296026823]], "chi2_level": 0.997, "chi2_df": 3, "chi2_threshold": 13.931422665512084, "N_raw": 58, "N_roi": 57, "N_inlier": 57, "refit": true}
{"timestamp": "19:24:16.966633", "frame": 33, "mu": [-1.4161198864330573, 3.183406537169054, 0.886118111446529], "Sigma": [[0.018398369120284627, 0.0004629395563485294, -0.021386904407108352], [0.0004629395563485297, 0.001338296392009168, -0.004518578847030866], [-0.021386904407108352, -0.004518578847030866, 0.06987824709530385]], "chi2_level": 0.997, "chi2_df": 3, "chi2_threshold": 13.931422665512084, "N_raw": 67, "N_roi": 63, "N_inlier": 63, "refit": true}
{"timestamp": "19:24:17.023197", "frame": 34, "mu": [-1.3506848490318217, 3.1655058584868585, 0.9149462122820163], "Sigma": [[0.02223312775909904, 0.0005167306153526061, -0.026035552073555096], [0.000516730615352606, 0.0029878111691398665, -0.006464553699900138], [-0.026035552073555096, -0.006464553699900138, 0.04802485698176817]], "chi2_level": 0.997, "chi2_df": 3, "chi2_threshold": 13.931422665512084, "N_raw": 76, "N_roi": 71, "N_inlier": 67, "refit": true}
{"timestamp": "19:24:17.074312", "frame": 35, "mu": [-1.2581298853100675, 3.1853521221292715, 0.8340879962559293], "Sigma": [[0.01898104708423943, -0.0008364730824220165, -0.021878108010027108], [-0.0008364730824220163, 0.0056496388403957055, -0.000968234415884928], [-0.02187810801002711, -0.0009682344158849282, 0.027738370417137]], "chi2_level": 0.997, "chi2_df": 3, "chi2_threshold": 13.931422665512084, "N_raw": 54, "N_roi": 53, "N_inlier": 51, "refit": true}
{"timestamp": "19:24:17.128549", "frame": 36, "mu": [-1.181721497862198, 3.1279013275325824, 0.9230075062866478], "Sigma": [[0.017107610604134453, -0.0031398630292909734, -0.027274712242607916], [-0.0031398630292909734, 0.00571516336247808, 0.004534377559663772], [-0.027274712242607916, 0.004534377559663772, 0.04546511342325015]], "chi2_level": 0.997, "chi2_df": 3, "chi2_threshold": 13.931422665512084, "N_raw": 50, "N_roi": 47, "N_inlier": 47, "refit": true}
{"timestamp": "19:24:17.182081", "frame": 37, "mu": [-1.0882964409090312, 3.09890346532634, 0.8598310017171872], "Sigma": [[0.013414234471144268, -0.0009968605340830699, -0.018287241336770725], [-0.0009968605340830699, 0.0033134471215744894, -0.0008298350980001002], [-0.018287241336770725, -0.0008298350980001005, 0.02924414052637079]], "chi2_level": 0.997, "chi2_df": 3, "chi2_threshold": 13.931422665512084, "N_raw": 41, "N_roi": 41, "N_inlier": 38, "refit": true}
{"timestamp": "19:24:17.240734", "frame": 38, "mu": [-0.9657361697531983, 3.0357947922488746, 0.6565344809536331], "Sigma": [[0.015443336261642718, -0.002961740291272149, -0.013149904353141156], [-0.002961740291272149, 0.008848213879701252, -0.002799659043935942], [-0.013149904353141156, -0.002799659043935942, 0.016042437980442813]], "chi2_level": 0.997, "chi2_df": 3, "chi2_threshold": 13.931422665512084, "N_raw": 61, "N_roi": 61, "N_inlier": 57, "refit": true}
{"timestamp": "19:24:17.297088", "frame": 39, "mu": [-1.0042249785469155, 3.1709887436484427, 1.0528637679511823], "Sigma": [[0.021060216998104897, -0.002548679587066375, -0.022750400496212353], [-0.002548679587066375, 0.01094589616268432, 0.0078888171865203], [-0.02275040049621235, 0.0078888171865203, 0.037606222744964404]], "chi2_level": 0.997, "chi2_df": 3, "chi2_threshold": 13.931422665512084, "N_raw": 73, "N_roi": 73, "N_inlier": 69, "refit": true}
{"timestamp": "19:24:17.347560", "frame": 40, "mu": [-0.8798891307005494, 3.1063848829377108, 0.9162111451249075], "Sigma": [[0.013634095000857488, -0.005999631537750636, -0.02489766018651344], [-0.005999631537750636, 0.008431776074552188, 0.015201560591931102], [-0.02489766018651344, 0.0152015605919311, 0.05124057028779566]], "chi2_level": 0.997, "chi2_df": 3, "chi2_threshold": 13.931422665512084, "N_raw": 40, "N_roi": 40, "N_inlier": 38, "refit": true}
{"timestamp": "19:24:17.404752", "frame": 41, "mu": [-0.8793083395859025, 3.197405380159956, 1.079703394123779], "Sigma": [[0.01788410302449296, -0.0003504445374332421, -0.025637015412011237], [-0.00035044453743324243, 0.006218535879661157, -0.0006896271242858321], [-0.025637015412011237, -0.0006896271242858317, 0.05568761967229765]], "chi2_level": 0.997, "chi2_df": 3, "chi2_threshold": 13.931422665512084, "N_raw": 60, "N_roi": 59, "N_inlier": 56, "refit": true}
{"timestamp": "19:24:17.461932", "frame": 42, "mu": [-0.7709869461865559, 3.1546614441486387, 0.9479351339421493], "Sigma": [[0.01596157066536046, -0.0026743530023666134, -0.02004568836689184], [-0.0026743530023666134, 0.004544182019794395, -0.0013831372050408723], [-0.020045688366891842, -0.0013831372050408723, 0.052101783016017006]], "chi2_level": 0.997, "chi2_df": 3, "chi2_threshold": 13.931422665512084, "N_raw": 71, "N_roi": 68, "N_inlier": 64, "refit": true}
{"timestamp": "19:24:17.512811", "frame": 43, "mu": [-0.711905787228868, 3.1917381716288484, 1.147142075552302], "Sigma": [[0.012511136677138603, 9.649067025919997e-05, -0.008279629442775403], [9.649067025919997e-05, 0.0069407698656481125, 0.0028929511434749072], [-0.008279629442775403, 0.0028929511434749072, 0.008043228628238095]], "chi2_level": 0.997, "chi2_df": 3, "chi2_threshold": 13.931422665512084, "N_raw": 48, "N_roi": 48, "N_inlier": 47, "refit": true}
{"timestamp": "19:24:17.564740", "frame": 44, "mu": [-0.686424747083416, 3.1206262102126625, 1.0923576819179663], "Sigma": [[0.008024483071746488, 0.00086936300450863, -0.003908498052799963], [0.00086936300450863, 0.0035076674050585764, 0.0004195893653664218], [-0.003908498052799964, 0.00041958936536642174, 0.003545194213599394]], "chi2_level": 0.997, "chi2_df": 3, "chi2_threshold": 13.931422665512084, "N_raw": 26, "N_roi": 25, "N_inlier": 23, "refit": true}
{"timestamp": "19:24:17.627568", "frame": 45, "mu": [-0.6244326260467253, 3.1784713313189297, 1.0102738261321396], "Sigma": [[0.02120651610984764, 0.0041068774841796505, 0.02044091363580401], [0.0041068774841796505, 0.014842480857093976, 0.043117443496671494], [0.02044091363580401, 0.0431174434966715, 0.2885600136291833]], "chi2_level": 0.997, "chi2_df": 3, "chi2_threshold": 13.931422665512084, "N_raw": 78, "N_roi": 76, "N_inlier": 76, "refit": true}
{"timestamp": "19:24:17.678903", "frame": 46, "mu": [-0.5107254784895415, 3.2652819151994303, 0.07347076893273692], "Sigma": [[0.018065011275030858, 0.005873915747006044, -0.0015446039452890184], [0.0058739157470060425, 0.005583525005030409, 0.0013925906471866417], [-0.0015446039452890184, 0.001392590647186642, 0.0020073116404197384]], "chi2_level": 0.997, "chi2_df": 3, "chi2_threshold": 13.931422665512084, "N_raw": 54, "N_roi": 46, "N_inlier": 44, "refit": true}
{"timestamp": "19:24:17.737558", "frame": 47, "mu": [-0.4544380820863913, 3.308316781347701, 0.0017642135109489825], "Sigma": [[0.023030221537369625, 0.0070101037229395365, -0.0053606669915234745], [0.0070101037229395365, 0.009530214879083823, -0.004373185435171124], [-0.0053606669915234745, -0.004373185435171124, 0.00660751660754168]], "chi2_level": 0.997, "chi2_df": 3, "chi2_threshold": 13.931422665512084, "N_raw": 76, "N_roi": 73, "N_inlier": 71, "refit": true}
{"timestamp": "19:24:17.792658", "frame": 48, "mu": [-0.40533233900555204, 3.180193861559502, 1.170120560307591], "Sigma": [[0.022289273618046074, 0.0030064980439798565, -0.008271835261927787], [0.003006498043979856, 0.009451392973882493, -0.00036561961365274746], [-0.008271835261927787, -0.00036561961365274746, 0.004192084152215948]], "chi2_level": 0.997, "chi2_df": 3, "chi2_threshold": 13.931422665512084, "N_raw": 81, "N_roi": 81, "N_inlier": 76, "refit": true}
{"timestamp": "19:24:17.843692", "frame": 49, "mu": [-0.3725605366726654, 3.13783810260833, 1.2190377812183129], "Sigma": [[0.015380430331536176, 0.004020138237267006, 0.003149258745427447], [0.004020138237267005, 0.009118405448816707, 0.007716399917683485], [0.0031492587454274466, 0.007716399917683485, 0.009221534475540168]], "chi2_level": 0.997, "chi2_df": 3, "chi2_threshold": 13.931422665512084, "N_raw": 53, "N_roi": 52, "N_inlier": 49, "refit": true}
{"timestamp": "19:24:17.903830", "frame": 50, "mu": [-0.3190085461302187, 3.145226356569575, 1.0702879446316511], "Sigma": [[0.015543810134893598, 0.003073409007106844, 0.0012478448940918562], [0.003073409007106844, 0.007473096668150893, -0.005651319507150162], [0.0012478448940918564, -0.005651319507150162, 0.010193440301225444]], "chi2_level": 0.997, "chi2_df": 3, "chi2_threshold": 13.931422665512084, "N_raw": 79, "N_roi": 75, "N_inlier": 72, "refit": true}
{"timestamp": "19:24:17.963322", "frame": 51, "mu": [-0.1799572573746875, 3.1566134667653034, 1.123371195372295], "Sigma": [[0.01980208434594421, 0.0002062763862179061, -0.00915117235286659], [0.00020627638621790605, 0.005005007465269718, -0.004786442699151036], [-0.00915117235286659, -0.004786442699151036, 0.013480769652465556]], "chi2_level": 0.997, "chi2_df": 3, "chi2_threshold": 13.931422665512084, "N_raw": 82, "N_roi": 80, "N_inlier": 75, "refit": true}
{"timestamp": "19:24:18.009619", "frame": 52, "mu": [-0.12360880332000208, 3.144502461925183, 1.1012463142682338], "Sigma": [[0.016973787727210997, 0.0016961624525459046, -0.012867701015765759], [0.001696162452545905, 0.007360772659315899, -0.010353309268293519], [-0.01286770101576576, -0.010353309268293519, 0.20303134585994756]], "chi2_level": 0.997, "chi2_df": 3, "chi2_threshold": 13.931422665512084, "N_raw": 56, "N_roi": 51, "N_inlier": 51, "refit": true}
{"timestamp": "19:24:18.064617", "frame": 53, "mu": [-0.01439681347562929, 3.157925846563646, 1.0211249193166376], "Sigma": [[0.012992768857621432, -0.00249886078538843, 0.0012896508336338974], [-0.00249886078538843, 0.003598125106051179, -0.0037406538694660404], [0.0012896508336338974, -0.00374065386946604, 0.11916511194173687]], "chi2_level": 0.997, "chi2_df": 3, "chi2_threshold": 13.931422665512084, "N_raw": 55, "N_roi": 52, "N_inlier": 50, "refit": true}
{"timestamp": "19:24:18.113711", "frame": 54, "mu": [-0.04436933864231446, 3.228736417037405, 0.940900104755781], "Sigma": [[0.005376546577283652, -0.0010539612586248162, -0.0002849537389990359], [-0.0010539612586248162, 0.002366881716580155, 0.00905931866059576], [-0.0002849537389990385, 0.00905931866059576, 0.41162384148014997]], "chi2_level": 0.997, "chi2_df": 3, "chi2_threshold": 13.931422665512084, "N_raw": 17, "N_roi": 16, "N_inlier": 16, "refit": true}
{"timestamp": "19:24:18.174331", "frame": 55, "mu": [0.08844961490353426, 3.2426208678199138, 0.14086923296823675], "Sigma": [[0.016392371077656287, 0.0015715028947347327, -0.012273469083569882], [0.0015715028947347327, 0.004976805024732662, -0.0012634223337037826], [-0.012273469083569882, -0.0012634223337037826, 0.01758891146360724]], "chi2_level": 0.997, "chi2_df": 3, "chi2_threshold": 13.931422665512084, "N_raw": 59, "N_roi": 58, "N_inlier": 55, "refit": true}
{"timestamp": "19:24:18.230246", "frame": 56, "mu": [0.16936084848206945, 3.071982440890002, 1.0315620450741787], "Sigma": [[0.013597796582808812, -0.0027925106837685468, -0.01035190493317856], [-0.0027925106837685468, 0.003922301856745527, -0.0024794220890074136], [-0.01035190493317856, -0.0024794220890074136, 0.017533397819238072]], "chi2_level": 0.997, "chi2_df": 3, "chi2_threshold": 13.931422665512084, "N_raw": 63, "N_roi": 62, "N_inlier": 59, "refit": true}
{"timestamp": "19:24:18.282719", "frame": 57, "mu": [0.26916449138842846, 3.238925096754391, -0.03653876213857951], "Sigma": [[0.009903709212456575, -0.0008911665579755667, -0.019978682125809652], [-0.0008911665579755665, 0.006745642970962028, -0.00407162524352556], [-0.019978682125809655, -0.004071625243525561, 0.08451126952015886]], "chi2_level": 0.997, "chi2_df": 3, "chi2_threshold": 13.931422665512084, "N_raw": 45, "N_roi": 43, "N_inlier": 41, "refit": true}
{"timestamp": "19:24:18.338882", "frame": 58, "mu": [0.2946786587863781, 3.0817943003935158, 1.2418082372178445], "Sigma": [[0.01307115958422808, -0.0030002421448495306, -0.00822419185799236], [-0.003000242144849531, 0.007234714277717555, 0.005795269287008763], [-0.00822419185799236, 0.005795269287008764, 0.008753501997203466]], "chi2_level": 0.997, "chi2_df": 3, "chi2_threshold": 13.931422665512084, "N_raw": 54, "N_roi": 51, "N_inlier": 49, "refit": true}
{"timestamp": "19:24:18.390841", "frame": 59, "mu": [0.3527673409749304, 3.0682868494399327, 1.3264491551279474], "Sigma": [[0.0077474938752897056, 0.00017588376111282885, -0.0015731127816882994], [0.000175883761112829, 0.006410789381342856, 0.00926487312258935], [-0.0015731127816882992, 0.00926487312258935, 0.014687424180269134]], "chi2_level": 0.997, "chi2_df": 3, "chi2_threshold": 13.931422665512084, "N_raw": 33, "N_roi": 31, "N_inlier": 30, "refit": true}
{"timestamp": "19:24:18.447124", "frame": 60, "mu": [0.4193683122208689, 3.078651858414268, 1.0007727963762596], "Sigma": [[0.0146197270619297, -0.0023668436166489216, -0.017681799193312808], [-0.002366843616648921, 0.007075386340144787, -0.005957475564290664], [-0.017681799193312805, -0.005957475564290664, 0.1401100848364863]], "chi2_level": 0.997, "chi2_df": 3, "chi2_threshold": 13.931422665512084, "N_raw": 38, "N_roi": 36, "N_inlier": 34, "refit": true}
{"timestamp": "19:24:18.501497", "frame": 61, "mu": [0.4677587567152113, 3.0661729328317757, 0.9679459172026083], "Sigma": [[0.010406184669994519, 0.0013278912371620846, -0.00596970787111443], [0.001327891237162085, 0.0026034993674483677, -0.0012511678639401179], [-0.005969707871114431, -0.0012511678639401183, 0.19790495556335533]], "chi2_level": 0.997, "chi2_df": 3, "chi2_threshold": 13.931422665512084, "N_raw": 37, "N_roi": 36, "N_inlier": 35, "refit": true}
{"timestamp": "19:24:18.560488", "frame": 62, "mu": [0.600246702129009, 3.091395888720302, 0.9446903267571312], "Sigma": [[0.012437584975611841, -0.0018022064047881346, -0.007810194430887273], [-0.0018022064047881346, 0.003998383025375846, -0.005579312935454664], [-0.007810194430887273, -0.005579312935454664, 0.03174541397907558]], "chi2_level": 0.997, "chi2_df": 3, "chi2_threshold": 13.931422665512084, "N_raw": 54, "N_roi": 51, "N_inlier": 48, "refit": true}
{"timestamp": "19:24:18.614443", "frame": 63, "mu": [0.6554589424299099, 3.1531257249927482, 1.1473809795698697], "Sigma": [[0.012778382952459309, -0.003917072286355366, -0.008079872140392002], [-0.003917072286355365, 0.004744993235124116, -0.003871587931582201], [-0.008079872140392002, -0.003871587931582202, 0.042677874088042474]], "chi2_level": 0.997, "chi2_df": 3, "chi2_threshold": 13.931422665512084, "N_raw": 55, "N_roi": 53, "N_inlier": 50, "refit": true}
{"timestamp": "19:24:18.667805", "frame": 64, "mu": [0.6880975990767625, 3.1812398344996375, 1.219003274174054], "Sigma": [[0.009033481942611553, -0.0034890479665644273, -0.006202501214682791], [-0.0034890479665644273, 0.00884471095487521, 0.02677000220813379], [-0.006202501214682791, 0.02677000220813379, 0.23434246695420452]], "chi2_level": 0.997, "chi2_df": 3, "chi2_threshold": 13.931422665512084, "N_raw": 42, "N_roi": 42, "N_inlier": 41, "refit": true}
{"timestamp": "19:24:18.725485", "frame": 65, "mu": [0.7749099310196079, 3.119152236830172, 1.0275289753784373], "Sigma": [[0.01176620974360171, -0.005027714485154695, -0.0007279127371453975], [-0.005027714485154694, 0.006293754929485974, 0.004524588731099739], [-0.0007279127371453966, 0.004524588731099739, 0.13520462835082422]], "chi2_level": 0.997, "chi2_df": 3, "chi2_threshold": 13.931422665512084, "N_raw": 55, "N_roi": 54, "N_inlier": 53, "refit": true}
{"timestamp": "19:24:18.776710", "frame": 66, "mu": [0.8097682850598186, 3.1852983353064426, 1.3648599780841795], "Sigma": [[0.01153774542566333, -0.002852427264579341, -0.007675968444433223], [-0.0028524272645793405, 0.0031208355840020288, 0.00013586556189583573], [-0.007675968444433223, 0.00013586556189583573, 0.012627280272747612]], "chi2_level": 0.997, "chi2_df": 3, "chi2_threshold": 13.931422665512084, "N_raw": 37, "N_roi": 37, "N_inlier": 36, "refit": true}
{"timestamp": "19:24:18.836027", "frame": 67, "mu": [0.8632794633459981, 3.082959535758008, 0.9169222524117226], "Sigma": [[0.008977226932330091, -0.003223831869632243, -0.005048507243773976], [-0.003223831869632243, 0.0033660585606397455, -0.005708297577486372], [-0.005048507243773976, -0.005708297577486372, 0.07668616870372184]], "chi2_level": 0.997, "chi2_df": 3, "chi2_threshold": 13.931422665512084, "N_raw": 38, "N_roi": 38, "N_inlier": 36, "refit": true}
{"timestamp": "19:24:18.886630", "frame": 68, "mu": [0.9296933392463689, 3.192683056421296, 1.1776394700182353], "Sigma": [[0.010770700720646934, -0.004014908989836339, -0.011134838049962972], [-0.004014908989836339, 0.004591215090020021, 0.005730327976065527], [-0.011134838049962972, 0.0057303279760655265, 0.15156409580549515]], "chi2_level": 0.997, "chi2_df": 3, "chi2_threshold": 13.931422665512084, "N_raw": 38, "N_roi": 38, "N_inlier": 38, "refit": true}
{"timestamp": "19:24:18.940681", "frame": 69, "mu": [0.994927967472588, 3.17051477014136, 0.7065056475497037], "Sigma": [[0.002031828073046372, -0.0011375939085507343, -0.025327160471582726], [-0.0011375939085507343, 0.0058372635647185814, 0.030308792344721395], [-0.025327160471582726, 0.030308792344721395, 0.6818117864064058]], "chi2_level": 0.997, "chi2_df": 3, "chi2_threshold": 13.931422665512084, "N_raw": 16, "N_roi": 8, "N_inlier": 8, "refit": true}
{"timestamp": "19:24:18.992178", "frame": 70, "mu": [1.1101039991541657, 3.1335249660312243, 0.4437221841899901], "Sigma": [[0.008365140144840747, -0.0030137615801790287, -0.054614349958633554], [-0.0030137615801790283, 0.002869060349240048, 0.02418067948289719], [-0.05461434995863355, 0.024180679482897188, 0.373003347408726]], "chi2_level": 0.997, "chi2_df": 3, "chi2_threshold": 13.931422665512084, "N_raw": 8, "N_roi": 6, "N_inlier": 6, "refit": true}
{"timestamp": "19:24:19.049209", "frame": 71, "mu": [1.170942888821009, 3.05819656498098, 0.8658000586971893], "Sigma": [[0.008082629976281086, -0.0006768349413981859, -0.02190592712560625], [-0.0006768349413981863, 0.0034934982197992377, -0.007089704076304856], [-0.021905927125606246, -0.007089704076304855, 0.2158788154139666]], "chi2_level": 0.997, "chi2_df": 3, "chi2_threshold": 13.931422665512084, "N_raw": 21, "N_roi": 21, "N_inlier": 21, "refit": true}
{"timestamp": "19:24:19.104976", "frame": 72, "mu": [1.2364697843039163, 3.089720883856388, 1.129888476937822], "Sigma": [[0.008969448511081963, -0.0038045680321129546, -0.0010446194920432075], [-0.0038045680321129554, 0.004844656545488063, 0.001224044116650449], [-0.0010446194920432077, 0.001224044116650449, 0.0013316414709861977]], "chi2_level": 0.997, "chi2_df": 3, "chi2_threshold": 13.931422665512084, "N_raw": 25, "N_roi": 23, "N_inlier": 23, "refit": true}
{"timestamp": "19:24:19.159451", "frame": 73, "mu": [1.292674304211345, 3.1032657003290613, 1.2547729411396638], "Sigma": [[0.006274168132335897, -0.003664448960495842, -0.0046956578656930335], [-0.0036644489604958416, 0.00558071333334479, 0.005751529657534069], [-0.004695657865693033, 0.005751529657534069, 0.007375782564242785]], "chi2_level": 0.997, "chi2_df": 3, "chi2_threshold": 13.931422665512084, "N_raw": 22, "N_roi": 20, "N_inlier": 20, "refit": true}
{"timestamp": "19:24:19.212735", "frame": 74, "mu": [1.2972123375469309, 3.360655554525102, -0.44900372258115895], "Sigma": [[0.015989002355326444, -0.017571841504068646, 0.030320248412878913], [-0.017571841504068646, 0.046646312362241565, -0.09165684144742925], [0.030320248412878913, -0.09165684144742925, 0.20682044267516372]], "chi2_level": 0.997, "chi2_df": 3, "chi2_threshold": 13.931422665512084, "N_raw": 11, "N_roi": 9, "N_inlier": 9, "refit": true}
{"timestamp": "19:24:19.268233", "frame": 75, "mu": [1.41931551165534, 3.0993411275366154, 1.001856004710821], "Sigma": [[0.006183025567818121, -0.004568425407371048, 0.01287844083524722], [-0.004568425407371048, 0.00619328318151274, -0.012948723924522499], [0.012878440835247218, -0.012948723924522499, 0.13562697598914017]], "chi2_level": 0.997, "chi2_df": 3, "chi2_threshold": 13.931422665512084, "N_raw": 17, "N_roi": 17, "N_inlier": 17, "refit": true}
{"timestamp": "19:24:19.321864", "frame": 76, "mu": [1.5016476062704962, 3.425530157637125, -0.6957590339590071], "Sigma": [[0.00423989330387626, 0.006160460673972719, -0.028730995513084164], [0.006160460673972719, 0.03366722058701434, -0.10632950549264925], [-0.028730995513084164, -0.10632950549264925, 0.39199401909588927]], "chi2_level": 0.997, "chi2_df": 3, "chi2_threshold": 13.931422665512084, "N_raw": 11, "N_roi": 11, "N_inlier": 11, "refit": true}
{"timestamp": "19:24:19.378960", "frame": 77, "mu": [1.5073222133702464, 2.8307106290205137, 0.8171464546816698], "Sigma": [[0.008616141269496018, 0.03341232046887036, 0.03309134059155598], [0.033412320468870355, 0.6191098919024105, 0.6675098344169162], [0.03309134059155599, 0.6675098344169162, 0.7396998405576973]], "chi2_level": 0.997, "chi2_df": 3, "chi2_threshold": 13.931422665512084, "N_raw": 22, "N_roi": 19, "N_inlier": 18, "refit": true}
{"timestamp": "19:24:19.438759", "frame": 78, "mu": [1.555959155250378, 3.150344652574373, 1.3346056112875888], "Sigma": [[0.015780827415898133, -0.010294080423370303, -0.019941196444395057], [-0.010294080423370303, 0.011003637922723774, 0.009968552237784215], [-0.01994119644439506, 0.009968552237784215, 0.03284758562979494]], "chi2_level": 0.997, "chi2_df": 3, "chi2_threshold": 13.931422665512084, "N_raw": 51, "N_roi": 48, "N_inlier": 46, "refit": true}
{"timestamp": "19:24:19.487260", "frame": 79, "mu": [1.6859206047501702, 3.060978183987271, 0.6607540285945285], "Sigma": [[0.0004024384898707769, 0.000841001357632735, -0.005604867063203241], [0.0008410013576327352, 0.003213373777466973, -0.020818424353633937], [-0.005604867063203241, -0.02081842435363394, 0.2068552858629202]], "chi2_level": 0.997, "chi2_df": 3, "chi2_threshold": 13.931422665512084, "N_raw": 8, "N_roi": 6, "N_inlier": 6, "refit": true}
{"timestamp": "19:24:19.543088", "frame": 80, "mu": [1.6715129744115946, 3.279302609511184, 0.08517912534604605], "Sigma": [[0.011238917139924292, -0.002920046708850474, -0.01037930502114751], [-0.0029200467088504743, 0.0031906948527921876, 0.0019640181417827337], [-0.01037930502114751, 0.0019640181417827337, 0.013015802055893803]], "chi2_level": 0.997, "chi2_df": 3, "chi2_threshold": 13.931422665512084, "N_raw": 21, "N_roi": 21, "N_inlier": 21, "refit": true}
{"timestamp": "19:24:19.596556", "frame": 81, "mu": [1.7473731510727788, 3.034927283579659, 0.9309865496128746], "Sigma": [[0.004955758952573683, -0.0005624106996265407, -0.014538114572861412], [-0.0005624106996265407, 0.0013659583487206476, 0.004667134626362568], [-0.014538114572861412, 0.004667134626362568, 0.04990281301931434]], "chi2_level": 0.997, "chi2_df": 3, "chi2_threshold": 13.931422665512084, "N_raw": 5, "N_roi": 5, "N_inlier": 5, "refit": true}
{"timestamp": "19:24:19.654380", "frame": 82, "mu": [1.705524726995069, 3.233128024713409, 1.2594337763665988], "Sigma": [[0.007706215487519543, -0.0042788248291955825, -0.004880561966096254], [-0.004278824829195582, 0.004612823925165875, 0.00012806234983162284], [-0.004880561966096254, 0.00012806234983162284, 0.0329884521872357]], "chi2_level": 0.997, "chi2_df": 3, "chi2_threshold": 13.931422665512084, "N_raw": 27, "N_roi": 26, "N_inlier": 25, "refit": true}
{"timestamp": "19:24:19.708347", "frame": 83, "mu": [1.5650375048270797, 2.8222169094318925, 1.3326204283954435], "Sigma": [[0.2674125977889171, 0.4718655423221866, -0.15283985143688616], [0.4718655423221866, 0.8389788293702124, -0.26343668895526373], [-0.15283985143688616, -0.26343668895526373, 0.09497645618670222]], "chi2_level": 0.997, "chi2_df": 3, "chi2_threshold": 13.931422665512084, "N_raw": 7, "N_roi": 6, "N_inlier": 6, "refit": true}
{"timestamp": "19:24:19.763712", "frame": 84, "mu": [1.7843993012719923, 3.238293120540188, 1.3495715152670718], "Sigma": [[0.004818448749118749, -0.0012732658061415814, -0.00023806762244912752], [-0.0012732658061415812, 0.003903822140311708, -0.003074206009410142], [-0.0002380676224491274, -0.0030742060094101414, 0.014696736220922971]], "chi2_level": 0.997, "chi2_df": 3, "chi2_threshold": 13.931422665512084, "N_raw": 26, "N_roi": 25, "N_inlier": 24, "refit": true}
{"timestamp": "19:24:19.820408", "frame": 85, "mu": [1.8224738476100049, 3.2604349027653017, 1.389789303321155], "Sigma": [[0.008145099716387022, -0.004256605834879128, -0.0011402828049994125], [-0.004256605834879128, 0.007519874133220241, -0.0003295609076297591], [-0.0011402828049994125, -0.00032956090762975923, 0.002267984027220805]], "chi2_level": 0.997, "chi2_df": 3, "chi2_threshold": 13.931422665512084, "N_raw": 31, "N_roi": 31, "N_inlier": 29, "refit": true}
{"timestamp": "19:24:19.926113", "frame": 87, "mu": [1.972100022048847, 3.2398792584673863, 1.3606962948733263], "Sigma": [[0.0001316469641070882, 0.0007783411776253507, 0.00041359018784342026], [0.0007783411776253506, 0.008436241982686244, -3.0504673042506104e-05], [0.00041359018784342026, -3.050467304250613e-05, 0.004974708890487847]], "chi2_level": 0.997, "chi2_df": 3, "chi2_threshold": 13.931422665512084, "N_raw": 6, "N_roi": 5, "N_inlier": 5, "refit": true}
{"timestamp": "19:24:20.091147", "frame": 90, "mu": [1.749078598299798, 2.848446133177888, 1.5466542780253318], "Sigma": [[0.4504742928218813, 0.7284611788533625, -0.08956483399221483], [0.7284611788533625, 1.1784917754680642, -0.14440733696821356], [-0.08956483399221483, -0.14440733696821356, 0.02271978789426462]], "chi2_level": 0.997, "chi2_df": 3, "chi2_threshold": 13.931422665512084, "N_raw": 5, "N_roi": 5, "N_inlier": 5, "refit": true}
{"timestamp": "19:24:20.312400", "frame": 94, "mu": [2.228540692220098, 3.3722082890665455, 0.11674244303572569], "Sigma": [[0.0009101752095477817, -0.003003086075892768, 0.0034387562636186324], [-0.003003086075892768, 0.01365533746682808, -0.015346655939864175], [0.003438756263618633, -0.015346655939864175, 0.01887345665081589]], "chi2_level": 0.997, "chi2_df": 3, "chi2_threshold": 13.931422665512084, "N_raw": 7, "N_roi": 5, "N_inlier": 5, "refit": true}
{"timestamp": "19:24:20.367376", "frame": 95, "mu": [2.3214993925825578, 3.22729673991912, 1.1058085316708701], "Sigma": [[0.0013122260534310284, 0.0009406567209844874, 0.0010588910910311834], [0.0009406567209844874, 0.0011556673479835606, 0.007946633443483791], [0.0010588910910311834, 0.007946633443483791, 0.27384262276420085]], "chi2_level": 0.997, "chi2_df": 3, "chi2_threshold": 13.931422665512084, "N_raw": 7, "N_roi": 7, "N_inlier": 7, "refit": true}
