{"timestamp": "19:40:23.483106", "frame": 8, "mu": [1.6778492714298265, 0.6602383916447974, 1.2733520516617027], "Sigma": [[0.0013045010882914495, -0.002480317145877259, -0.00727041985908063], [-0.002480317145877259, 0.005374462796898435, 0.01419394020783957], [-0.007270419859080629, 0.01419394020783957, 0.04646953300158285]], "chi2_level": 0.997, "chi2_df": 3, "chi2_threshold": 13.931422665512084, "N_raw": 5, "N_roi": 5, "N_inlier": 5, "refit": true}
{"timestamp": "19:40:23.539867", "frame": 9, "mu": [1.589737657601648, 0.8591155000874955, 1.5164076236315736], "Sigma": [[0.0052260780322747015, -0.005146362414424895, -0.004217915427783546], [-0.005146362414424896, 0.007610898149191316, 0.003103697790600531], [-0.004217915427783545, 0.003103697790600531, 0.00497151155003301]], "chi2_level": 0.997, "chi2_df": 3, "chi2_threshold": 13.931422665512084, "N_raw": 20, "N_roi": 20, "N_inlier": 17, "refit": true}
{"timestamp": "19:40:23.594873", "frame": 10, "mu": [1.5690133681347453, 0.8873682618410083, 1.4053622965658548], "Sigma": [[0.002947739627115088, -0.0015178887716797776, -0.0038712299159733427], [-0.0015178887716797776, 0.0019113032582539593, 0.00019713991783552745], [-0.0038712299159733427, 0.00019713991783552745, 0.008100097211449256]], "chi2_level": 0.997, "chi2_df": 3, "chi2_threshold": 13.931422665512084, "N_raw": 17, "N_roi": 17, "N_inlier": 17, "refit": true}
{"timestamp": "19:40:23.651542", "frame": 11, "mu": [1.623530554823124, 0.7188181105691476, 1.1973289767053221], "Sigma": [[0.0032840504847897, -0.003788848656984888, -0.008281244728191134], [-0.003788848656984888, 0.006800766172742323, 0.007459528688265675], [-0.008281244728191134, 0.007459528688265675, 0.02703139568902549]], "chi2_level": 0.997, "chi2_df": 3, "chi2_threshold": 13.931422665512084, "N_raw": 21, "N_roi": 21, "N_inlier": 21, "refit": true}
{"timestamp": "19:40:23.707670", "frame": 12, "mu": [1.5794623230429115, 0.7761431450479931, 1.2748402139513602], "Sigma": [[0.006276326859767777, -0.004522975165661978, -0.013075073090627696], [-0.004522975165661978, 0.006292449781106748, 0.0074533271656389835], [-0.013075073090627696, 0.007453327165638983, 0.04038719102348057]], "chi2_level": 0.997, "chi2_df": 3, "chi2_threshold": 13.931422665512084, "N_raw": 36, "N_roi": 36, "N_inlier": 36, "refit": true}
{"timestamp": "19:40:23.764606", "frame": 13, "mu": [1.5415260954280068, 0.7857453773688571, 1.3193200796802111], "Sigma": [[0.005411243352584549, -0.006098076114767069, -0.009405269989644832], [-0.006098076114767069, 0.01148520670551889, 0.012793911183603991], [-0.009405269989644832, 0.012793911183603991, 0.03140741498662894]], "chi2_level": 0.997, "chi2_df": 3, "chi2_threshold": 13.931422665512084, "N_raw": 33, "N_roi": 33, "N_inlier": 33, "refit": true}
{"timestamp": "19:40:23.816283", "frame": 14, "mu": [1.4329813134389175, 0.9238964339870256, 1.4546754560223139], "Sigma": [[0.0014169238239149548, -0.0007748311846584781, -0.000499271599846996], [-0.0007748311846584782, 0.0022118757057251943, -0.001642452874392235], [-0.0004992715998469961, -0.0016424528743922348, 0.005350475615414451]], "chi2_level": 0.997, "chi2_df": 3, "chi2_threshold": 13.931422665512084, "N_raw": 12, "N_roi": 12, "N_inlier": 11, "refit": true}
{"timestamp": "19:40:23.871613", "frame": 15, "mu": [1.3940265407890062, 0.7209275194051534, 1.351483932416072], "Sigma": [[0.17066359275121457, 0.07021170542940645, -0.11174273305066884], [0.07021170542940644, 0.03051842062495437, -0.039317622706941516], [-0.11174273305066884, -0.03931762270694152, 0.11162435399674762]], "chi2_level": 0.997, "chi2_df": 3, "chi2_threshold": 13.931422665512084, "N_raw": 7, "N_roi": 7, "N_inlier": 7, "refit": true}
{"timestamp": "19:40:23.924914", "frame": 16, "mu": [1.4310836404721008, 0.8113682011243297, 1.1747639779635304], "Sigma": [[0.0016952809287840626, 9.430295653525062e-06, -0.00878814254122781], [9.430295653525055e-06, 0.0010205109257188042, 0.005193843684714583], [-0.00878814254122781, 0.005193843684714583, 0.08014625531281205]], "chi2_level": 0.997, "chi2_df": 3, "chi2_threshold": 13.931422665512084, "N_raw": 6, "N_roi": 6, "N_inlier": 6, "refit": true}
{"timestamp": "19:40:23.982642", "frame": 17, "mu": [1.3984118521618574, 0.8099756518889774, 1.3018897468737367], "Sigma": [[0.0030228367259776336, -0.0014658853944266976, -0.004225108474461143], [-0.0014658853944266976, 0.0019642127701477797, 0.0019158854194680417], [-0.004225108474461143, 0.0019158854194680417, 0.01723298040787947]], "chi2_level": 0.997, "chi2_df": 3, "chi2_threshold": 13.931422665512084, "N_raw": 21, "N_roi": 21, "N_inlier": 20, "refit": true}
{"timestamp": "19:40:24.037893", "frame": 18, "mu": [1.4144522711812535, 0.9156295089461329, -0.6227747309748985], "Sigma": [[0.003544439365467832, -0.00029679564159070985, -0.005648703197197579], [-0.0002967956415907098, 0.0032811922093121853, -0.0010755588144335773], [-0.005648703197197579, -0.0010755588144335773, 0.012344498932902525]], "chi2_level": 0.997, "chi2_df": 3, "chi2_threshold": 13.931422665512084, "N_raw": 20, "N_roi": 20, "N_inlier": 18, "refit": true}
{"timestamp": "19:40:24.093881", "frame": 19, "mu": [1.30615169654308, 0.8202828012998477, 1.3943173652473808], "Sigma": [[0.007829543270959338, -0.005276894901273659, -0.005562848138547878], [-0.005276894901273659, 0.005001849081708422, 0.003285946436247763], [-0.005562848138547878, 0.0032859464362477633, 0.0048627828205328825]], "chi2_level": 0.997, "chi2_df": 3, "chi2_threshold": 13.931422665512084, "N_raw": 28, "N_roi": 28, "N_inlier": 26, "refit": true}
{"timestamp": "19:40:24.150891", "frame": 20, "mu": [1.2367150108994174, 0.850834676358127, 1.422532301609977], "Sigma": [[0.00586118236239457, -0.0017477389098437763, -0.0017780675896934858], [-0.001747738909843776, 0.0044583735315034565, -0.0008373788111091479], [-0.0017780675896934858, -0.0008373788111091478, 0.0011748832065363562]], "chi2_level": 0.997, "chi2_df": 3, "chi2_threshold": 13.931422665512084, "N_raw": 36, "N_roi": 36, "N_inlier": 34, "refit": true}
{"timestamp": "19:40:24.201758", "frame": 21, "mu": [1.1430604889924494, 0.8589339677432823, 1.4539305451120228], "Sigma": [[0.004304711251598508, -0.005444455382370657, -0.007876995573647964], [-0.005444455382370657, 0.00941857186005715, 0.01235927461936678], [-0.007876995573647962, 0.012359274619366777, 0.0260990439635795]], "chi2_level": 0.997, "chi2_df": 3, "chi2_threshold": 13.931422665512084, "N_raw": 16, "N_roi": 16, "N_inlier": 16, "refit": true}
{"timestamp": "19:40:24.258769", "frame": 22, "mu": [1.073278153076531, 0.9103649738205056, 1.501208874824847], "Sigma": [[0.006499573413301523, -0.0060494532240398195, -0.005944317164277135], [-0.0060494532240398195, 0.010717477772105018, 0.00848640337431384], [-0.005944317164277135, 0.00848640337431384, 0.010606354126616896]], "chi2_level": 0.997, "chi2_df": 3, "chi2_threshold": 13.931422665512084, "N_raw": 28, "N_roi": 28, "N_inlier": 27, "refit": true}
{"timestamp": "19:40:24.315280", "frame": 23, "mu": [1.0594339786660267, 0.8643713126290664, 1.4332481127210988], "Sigma": [[0.004557123445760427, -0.0022938337317380455, -0.0032331049566521526], [-0.0022938337317380455, 0.002878847723667125, 0.0009392208387006456], [-0.003233104956652153, 0.0009392208387006458, 0.01895152505848609]], "chi2_level": 0.997, "chi2_df": 3, "chi2_threshold": 13.931422665512084, "N_raw": 39, "N_roi": 39, "N_inlier": 39, "refit": true}
{"timestamp": "19:40:24.372319", "frame": 24, "mu": [1.0113231705179961, 0.9241330898742837, 1.440098724004824], "Sigma": [[0.006639209089723809, -0.0021056460229066164, -0.003956340781926717], [-0.0021056460229066164, 0.0034912561602011994, -0.00018381257594469986], [-0.003956340781926717, -0.00018381257594469986, 0.0036674147464190645]], "chi2_level": 0.997, "chi2_df": 3, "chi2_threshold": 13.931422665512084, "N_raw": 50, "N_roi": 50, "N_inlier": 48, "refit": true}
{"timestamp": "19:40:24.425869", "frame": 25, "mu": [0.9500189685799101, 0.9031388270315761, 1.4853495442253057], "Sigma": [[0.006130253341238136, -0.0012458373038420401, -0.005047302530247922], [-0.0012458373038420401, 0.0023724092924636117, 0.00030312140490871946], [-0.005047302530247922, 0.0003031214049087195, 0.005204120971253148]], "chi2_level": 0.997, "chi2_df": 3, "chi2_threshold": 13.931422665512084, "N_raw": 41, "N_roi": 41, "N_inlier": 38, "refit": true}
{"timestamp": "19:40:24.484285", "frame": 26, "mu": [0.912010058065253, 0.9198419440126335, 1.4252404469041895], "Sigma": [[0.006847841275437269, -0.0020910045697028557, -0.009176327839083058], [-0.0020910045697028552, 0.004186500882387802, 0.002698004840310077], [-0.009176327839083058, 0.002698004840310077, 0.020208093547986982]], "chi2_level": 0.997, "chi2_df": 3, "chi2_threshold": 13.931422665512084, "N_raw": 67, "N_roi": 67, "N_inlier": 65, "refit": true}
{"timestamp": "19:40:24.539279", "frame": 27, "mu": [0.8484537132006255, 0.9639641018878876, -0.5263962525789566], "Sigma": [[0.004049288712309306, 0.0009574836899019873, -0.004667748585847077], [0.0009574836899019872, 0.00850404055543041, 0.0324265796151877], [-0.0046677485858470785, 0.0324265796151877, 0.2113805841249388]], "chi2_level": 0.997, "chi2_df": 3, "chi2_threshold": 13.931422665512084, "N_raw": 55, "N_roi": 55, "N_inlier": 52, "refit": true}
{"timestamp": "19:40:24.589128", "frame": 28, "mu": [0.7860189499710517, 0.8637481110801181, 1.2649343978781382], "Sigma": [[0.0079749742492087, -0.006780380876461729, -0.0281530893913588], [-0.006780380876461729, 0.015804206523820367, 0.05852212691368851], [-0.0281530893913588, 0.0585221269136885, 0.28355345006079485]], "chi2_level": 0.997, "chi2_df": 3, "chi2_threshold": 13.931422665512084, "N_raw": 19, "N_roi": 19, "N_inlier": 18, "refit": true}
{"timestamp": "19:40:24.646300", "frame": 29, "mu": [0.7283342248910164, 0.8839348229149244, 1.3035966393079894], "Sigma": [[0.00508995817555893, -0.0011367785711577651, -0.002677491143161027], [-0.0011367785711577651, 0.0043528967405364475, 0.014377592898906525], [-0.002677491143161026, 0.014377592898906527, 0.21777896044456455]], "chi2_level": 0.997, "chi2_df": 3, "chi2_threshold": 13.931422665512084, "N_raw": 39, "N_roi": 39, "N_inlier": 35, "refit": true}
{"timestamp": "19:40:24.702625", "frame": 30, "mu": [0.7327487884590719, 1.005968737808848, -0.33333341254271437], "Sigma": [[0.005333530046519909, 7.406966092828568e-05, -0.006822909884508489], [7.40696609282856e-05, 0.0032205825235394393, -0.0005338818965194311], [-0.006822909884508489, -0.0005338818965194312, 0.01109708685864825]], "chi2_level": 0.997, "chi2_df": 3, "chi2_threshold": 13.931422665512084, "N_raw": 49, "N_roi": 49, "N_inlier": 46, "refit": true}
{"timestamp": "19:40:24.754123", "frame": 31, "mu": [0.650115549282347, 0.9110675825972849, 1.4539403126471386], "Sigma": [[0.0032027534970943267, -0.001630581712254586, -0.004060566735726222], [-0.001630581712254586, 0.0038287712587977566, 0.0017779779464053866], [-0.004060566735726221, 0.0017779779464053866, 0.011661758245178408]], "chi2_level": 0.997, "chi2_df": 3, "chi2_threshold": 13.931422665512084, "N_raw": 33, "N_roi": 33, "N_inlier": 31, "refit": true}
{"timestamp": "19:40:24.813312", "frame": 32, "mu": [0.6282786244923414, 0.9565645121503192, 1.4556045819964707], "Sigma": [[0.0036654919786957797, -4.311787552874689e-05, -0.0029002811478578373], [-4.311787552874685e-05, 0.0037222681726035824, -0.0022905166333116803], [-0.0029002811478578373, -0.0022905166333116803, 0.007014727792161488]], "chi2_level": 0.997, "chi2_df": 3, "chi2_threshold": 13.931422665512084, "N_raw": 63, "N_roi": 63, "N_inlier": 61, "refit": true}
{"timestamp": "19:40:24.866731", "frame": 33, "mu": [0.6164420713853103, 0.8921504369159493, 1.474007065920488], "Sigma": [[0.004062053867152465, -0.0002459842501546663, -0.001645146936002689], [-0.0002459842501546662, 0.0020881884345986873, -0.0009419149092409168], [-0.0016451469360026889, -0.0009419149092409168, 0.0020865573286897804]], "chi2_level": 0.997, "chi2_df": 3, "chi2_threshold": 13.931422665512084, "N_raw": 43, "N_roi": 43, "N_inlier": 41, "refit": true}
{"timestamp": "19:40:24.922051", "frame": 34, "mu": [0.5670283554664284, 0.9218816452859006, 1.4290507087160316], "Sigma": [[0.006030151369587532, 9.730497994601115e-05, -0.0037025771371824185], [9.73049799460111e-05, 0.0010877183293155088, -0.0012143492886626083], [-0.0037025771371824185, -0.0012143492886626083, 0.004393237782829977]], "chi2_level": 0.997, "chi2_df": 3, "chi2_threshold": 13.931422665512084, "N_raw": 54, "N_roi": 54, "N_inlier": 51, "refit": true}
{"timestamp": "19:40:24.979218", "frame": 35, "mu": [0.5348232713058061, 0.9116191764550406, 1.2853189924117283], "Sigma": [[0.0034878896310715753, 6.291015864434127e-06, -0.0021225716604394013], [6.291015864434181e-06, 0.003406582079407406, 0.0064358713498686585], [-0.0021225716604394013, 0.0064358713498686585, 0.06162978980387663]], "chi2_level": 0.997, "chi2_df": 3, "chi2_threshold": 13.931422665512084, "N_raw": 64, "N_roi": 64, "N_inlier": 63, "refit": true}
{"timestamp": "19:40:25.034102", "frame": 36, "mu": [0.4528857872212138, 0.9737098507945294, 1.3753406331274443], "Sigma": [[0.0026797270408773256, 0.0007851825864614848, -0.0013563859761451338], [0.0007851825864614848, 0.004665821145468689, -0.010394448996146178], [-0.0013563859761451336, -0.010394448996146178, 0.02875989587556299]], "chi2_level": 0.997, "chi2_df": 3, "chi2_threshold": 13.931422665512084, "N_raw": 67, "N_roi": 67, "N_inlier": 64, "refit": true}
{"timestamp": "19:40:25.099441", "frame": 37, "mu": [0.34906040069040983, 1.0345543089631641, 1.0895296209594272], "Sigma": [[0.01102401391421, -0.011261824927899707, 0.027736187284061933], [-0.011261824927899707, 0.01604234898277001, -0.0428455893126735], [0.027736187284061933, -0.042845589312673515, 0.1494352645538893]], "chi2_level": 0.997, "chi2_df": 3, "chi2_threshold": 13.931422665512084, "N_raw": 126, "N_roi": 126, "N_inlier": 123, "refit": true}
{"timestamp": "19:40:25.145938", "frame": 38, "mu": [0.3593530242799093, 0.9616870015725983, 1.391444398052616], "Sigma": [[0.006178080497552851, -0.0002294221138580129, -0.0077766685410054544], [-0.00022942211385801288, 0.002148639023594444, -0.0009007845701279807], [-0.007776668541005454, -0.0009007845701279807, 0.011198127993184186]], "chi2_level": 0.997, "chi2_df": 3, "chi2_threshold": 13.931422665512084, "N_raw": 67, "N_roi": 67, "N_inlier": 63, "refit": true}
{"timestamp": "19:40:25.196933", "frame": 39, "mu": [0.30597839202306476, 0.8979891050993909, 0.9941880913228546], "Sigma": [[0.004604322769361258, 0.003594277901539761, 0.011706259408631299], [0.003594277901539761, 0.009856331364425189, 0.020151033936007347], [0.011706259408631299, 0.020151033936007343, 0.07933053477968803]], "chi2_level": 0.997, "chi2_df": 3, "chi2_threshold": 13.931422665512084, "N_raw": 42, "N_roi": 42, "N_inlier": 38, "refit": true}
{"timestamp": "19:40:25.263524", "frame": 40, "mu": [0.16961500294058046, 1.0182906945023653, 1.1303004255478977], "Sigma": [[0.011328114279978032, -0.009876758481877398, 0.024639482754967704], [-0.009876758481877398, 0.014094617310320903, -0.026375993491411585], [0.024639482754967704, -0.026375993491411585, 0.11003259252688727]], "chi2_level": 0.997, "chi2_df": 3, "chi2_threshold": 13.931422665512084, "N_raw": 130, "N_roi": 130, "N_inlier": 127, "refit": true}
{"timestamp": "19:40:25.314791", "frame": 41, "mu": [0.18838807948567773, 0.9465932055214699, 1.11240166836203], "Sigma": [[0.006797463822317484, -0.004349860015112533, 0.006801303970871741], [-0.004349860015112533, 0.00480546842524896, -0.003514441671889656], [0.006801303970871742, -0.0035144416718896564, 0.04609568116491242]], "chi2_level": 0.997, "chi2_df": 3, "chi2_threshold": 13.931422665512084, "N_raw": 97, "N_roi": 97, "N_inlier": 92, "refit": true}
{"timestamp": "19:40:25.367083", "frame": 42, "mu": [0.11407016349242012, 0.9464585700254295, 1.3973933941036445], "Sigma": [[0.002859892460565512, -0.0008563197098065611, -0.002999298615948978], [-0.0008563197098065611, 0.0034978181993562864, -0.002414069695814066], [-0.0029992986159489777, -0.002414069695814066, 0.00809330439788007]], "chi2_level": 0.997, "chi2_df": 3, "chi2_threshold": 13.931422665512084, "N_raw": 76, "N_roi": 76, "N_inlier": 72, "refit": true}
{"timestamp": "19:40:25.427443", "frame": 43, "mu": [0.040733830433639776, 0.9050493609081494, 1.2160068299301032], "Sigma": [[0.003998992222233998, 0.00046383984386840345, 0.0042179500782586875], [0.0004638398438684033, 0.005328020234130491, 0.010564208165421876], [0.0042179500782586875, 0.010564208165421876, 0.056812982565582176]], "chi2_level": 0.997, "chi2_df": 3, "chi2_threshold": 13.931422665512084, "N_raw": 122, "N_roi": 122, "N_inlier": 121, "refit": true}
{"timestamp": "19:40:25.467792", "frame": 44, "mu": [0.04357658981284152, 0.9293453963014832, 1.0491977971113324], "Sigma": [[0.012630182926971614, -0.0012722520510080825, -0.046878912463696784], [-0.0012722520510080825, 0.0011887748011903288, 0.0011614280824083427], [-0.04687891246369679, 0.0011614280824083427, 0.2474595548304129]], "chi2_level": 0.997, "chi2_df": 3, "chi2_threshold": 13.931422665512084, "N_raw": 12, "N_roi": 12, "N_inlier": 12, "refit": true}
{"timestamp": "19:40:25.531502", "frame": 45, "mu": [-0.057706962551067276, 0.9826807750037433, 1.4372001474229945], "Sigma": [[0.003259116924782284, -0.00032882530321157486, -0.0011983964836298018], [-0.00032882530321157497, 0.00353798060840482, -0.001917015990650409], [-0.0011983964836298016, -0.0019170159906504091, 0.009696166659728056]], "chi2_level": 0.997, "chi2_df": 3, "chi2_threshold": 13.931422665512084, "N_raw": 83, "N_roi": 83, "N_inlier": 80, "refit": true}
{"timestamp": "19:40:25.591410", "frame": 46, "mu": [-0.1367770264195163, 0.9774484484435277, 1.391505000893045], "Sigma": [[0.005000472445704349, -4.813178107403464e-05, 0.0017249476786732462], [-4.813178107403458e-05, 0.005415991849500103, 0.004873179162273673], [0.0017249476786732466, 0.004873179162273672, 0.03211057064536258]], "chi2_level": 0.997, "chi2_df": 3, "chi2_threshold": 13.931422665512084, "N_raw": 112, "N_roi": 112, "N_inlier": 110, "refit": true}
{"timestamp": "19:40:25.639746", "frame": 47, "mu": [-0.15058909133480225, 1.0109682971111227, 1.495245698994154], "Sigma": [[0.0035937303727304757, 0.00019262556144008082, 0.00019343656046264115], [0.00019262556144008087, 0.002704060080998012, 5.6380856036950986e-05], [0.00019343656046264115, 5.638085603695077e-05, 0.009696590838694322]], "chi2_level": 0.997, "chi2_df": 3, "chi2_threshold": 13.931422665512084, "N_raw": 61, "N_roi": 61, "N_inlier": 58, "refit": true}
{"timestamp": "19:40:25.697781", "frame": 48, "mu": [-0.23549106456211988, 1.0119419320944525, 1.4261558383009052], "Sigma": [[0.0032282637946912706, -0.0009465618082069489, -0.0006994445077617838], [-0.0009465618082069489, 0.0035760525831054243, -0.00019888689387955252], [-0.0006994445077617837, -0.0001988868938795521, 0.019185944156012085]], "chi2_level": 0.997, "chi2_df": 3, "chi2_threshold": 13.931422665512084, "N_raw": 83, "N_roi": 83, "N_inlier": 81, "refit": true}
{"timestamp": "19:40:25.755326", "frame": 49, "mu": [-0.27428034999549417, 1.1114994492732253, -0.34818921002092235], "Sigma": [[0.005123226955265522, -0.0008173277766702087, -0.004781015614597187], [-0.0008173277766702086, 0.006774457107665096, -0.0012520725508511407], [-0.004781015614597187, -0.0012520725508511404, 0.016345553145306807]], "chi2_level": 0.997, "chi2_df": 3, "chi2_threshold": 13.931422665512084, "N_raw": 102, "N_roi": 102, "N_inlier": 99, "refit": true}
{"timestamp": "19:40:25.807382", "frame": 50, "mu": [-0.3156807985724802, 1.0015761282085858, 1.4017258889884274], "Sigma": [[0.0031971328021742707, -0.0009956437113022559, -0.0002532281862245929], [-0.0009956437113022556, 0.004073813713037236, -0.0038093426288483244], [-0.0002532281862245931, -0.0038093426288483244, 0.004829884009553802]], "chi2_level": 0.997, "chi2_df": 3, "chi2_threshold": 13.931422665512084, "N_raw": 79, "N_roi": 79, "N_inlier": 76, "refit": true}
{"timestamp": "19:40:25.858801", "frame": 51, "mu": [-0.38932182584502467, 0.9482505358116641, 1.2659549694926033], "Sigma": [[0.002023386611076804, -0.000290620800711404, 0.0017569315101731609], [-0.000290620800711404, 0.00347357539132475, 0.0021753048252048986], [0.0017569315101731609, 0.0021753048252048986, 0.036631466859851886]], "chi2_level": 0.997, "chi2_df": 3, "chi2_threshold": 13.931422665512084, "N_raw": 58, "N_roi": 58, "N_inlier": 58, "refit": true}
{"timestamp": "19:40:25.911300", "frame": 52, "mu": [-0.4622831140414255, 1.051837559250788, 1.4718707084574731], "Sigma": [[0.0027066734454297787, -0.0005421963269042673, -0.0010967472992061073], [-0.0005421963269042673, 0.00274515354634941, -0.0010205832081499567], [-0.001096747299206107, -0.0010205832081499567, 0.001499352760741585]], "chi2_level": 0.997, "chi2_df": 3, "chi2_threshold": 13.931422665512084, "N_raw": 47, "N_roi": 47, "N_inlier": 43, "refit": true}
{"timestamp": "19:40:25.969934", "frame": 53, "mu": [-0.49558070843871166, 1.170375969605994, -0.2974617575394775], "Sigma": [[0.0032134415547486945, -0.0004229941620866178, -0.0031107508457416835], [-0.00042299416208661767, 0.004427609896877548, -0.00409572594673513], [-0.0031107508457416835, -0.00409572594673513, 0.00923740955187666]], "chi2_level": 0.997, "chi2_df": 3, "chi2_threshold": 13.931422665512084, "N_raw": 67, "N_roi": 65, "N_inlier": 62, "refit": true}
{"timestamp": "19:40:26.025358", "frame": 54, "mu": [-0.5200472055112448, 1.0071625216973052, 1.313870826759573], "Sigma": [[0.003137151160445325, -0.0016013612393186523, -0.0006099810586166715], [-0.0016013612393186523, 0.01852592121212346, 0.006586934571604424], [-0.0006099810586166715, 0.006586934571604425, 0.003957531357506738]], "chi2_level": 0.997, "chi2_df": 3, "chi2_threshold": 13.931422665512084, "N_raw": 66, "N_roi": 66, "N_inlier": 62, "refit": true}
{"timestamp": "19:40:26.076289", "frame": 55, "mu": [-0.6021856936506997, 1.0931503810066372, -0.5033896961168071], "Sigma": [[0.002530304632804706, 0.001180553666945736, 0.0023703475876091294], [0.001180553666945736, 0.00788407562871827, 0.0037552021710041354], [0.002370347587609129, 0.0037552021710041354, 0.03757887631476171]], "chi2_level": 0.997, "chi2_df": 3, "chi2_threshold": 13.931422665512084, "N_raw": 47, "N_roi": 47, "N_inlier": 46, "refit": true}
{"timestamp": "19:40:26.135693", "frame": 56, "mu": [-0.632948972220194, 1.1385768306663502, 1.4864306363282833], "Sigma": [[0.004370259622770071, -0.001507456023847315, -0.0012820505900890521], [-0.001507456023847315, 0.0052597745475595065, 0.0005219244696051882], [-0.0012820505900890521, 0.0005219244696051883, 0.01840255337201443]], "chi2_level": 0.997, "chi2_df": 3, "chi2_threshold": 13.931422665512084, "N_raw": 73, "N_roi": 73, "N_inlier": 69, "refit": true}
{"timestamp": "19:40:26.189203", "frame": 57, "mu": [-0.7475059898685757, 1.0574368062944108, 1.4043620103056187], "Sigma": [[0.071904208165991, 0.042622107279992716, -0.05730741536699105], [0.042622107279992716, 0.030299729410771165, -0.024358522043202768], [-0.05730741536699105, -0.024358522043202768, 0.16197842182845826]], "chi2_level": 0.997, "chi2_df": 3, "chi2_threshold": 13.931422665512084, "N_raw": 59, "N_roi": 59, "N_inlier": 57, "refit": true}
{"timestamp": "19:40:26.241338", "frame": 58, "mu": [-0.9408056841918112, 0.871697466599277, 1.464807108391872], "Sigma": [[0.06423585765916191, 0.06024886095778988, 0.015947184366782344], [0.06024886095778989, 0.06289688489843712, 0.020140337295226244], [0.015947184366782344, 0.020140337295226244, 0.03592388616456456]], "chi2_level": 0.997, "chi2_df": 3, "chi2_threshold": 13.931422665512084, "N_raw": 44, "N_roi": 44, "N_inlier": 43, "refit": true}
{"timestamp": "19:40:26.300202", "frame": 59, "mu": [-0.9816180567684869, 1.025246116871839, -0.3416909230656237], "Sigma": [[0.04257001660428426, 0.039132777220431625, 0.01436528808809511], [0.039132777220431625, 0.04628746099817866, 0.020652614556391034], [0.01436528808809511, 0.020652614556391034, 0.03183023568355972]], "chi2_level": 0.997, "chi2_df": 3, "chi2_threshold": 13.931422665512084, "N_raw": 66, "N_roi": 66, "N_inlier": 64, "refit": true}
{"timestamp": "19:40:26.355503", "frame": 60, "mu": [-1.03262710393455, 0.9852229783761444, 1.5003346686643586], "Sigma": [[0.039907681310350225, 0.03630125258966255, 0.004545957565154907], [0.03630125258966255, 0.03994021965479175, 0.003708726297580364], [0.004545957565154907, 0.003708726297580364, 0.004517122296221419]], "chi2_level": 0.997, "chi2_df": 3, "chi2_threshold": 13.931422665512084, "N_raw": 76, "N_roi": 76, "N_inlier": 74, "refit": true}
{"timestamp": "19:40:26.408062", "frame": 61, "mu": [-0.8883519127609543, 1.1992653395147868, 1.4484237271223346], "Sigma": [[0.007876337713526664, 0.004696050794162446, -0.005823906154246703], [0.004696050794162446, 0.006926500208436039, -0.0015081881526006536], [-0.0058239061542467024, -0.0015081881526006536, 0.038963804893366066]], "chi2_level": 0.997, "chi2_df": 3, "chi2_threshold": 13.931422665512084, "N_raw": 50, "N_roi": 50, "N_inlier": 46, "refit": true}
{"timestamp": "19:40:26.463266", "frame": 62, "mu": [-1.0045281939161692, 1.0382638054872135, 0.987545152725272], "Sigma": [[0.043222519988067316, 0.029781643049523604, -0.0681130632212896], [0.029781643049523607, 0.028504380507644006, -0.06296992134930407], [-0.06811306322128961, -0.06296992134930407, 0.22179031122162715]], "chi2_level": 0.997, "chi2_df": 3, "chi2_threshold": 13.931422665512084, "N_raw": 59, "N_roi": 59, "N_inlier": 58, "refit": true}
{"timestamp": "19:40:26.518544", "frame": 63, "mu": [-0.9932616452843906, 1.1646281994624015, 1.0188305985596369], "Sigma": [[0.05678022830156146, 0.032501621349521774, -0.086126764254179], [0.032501621349521774, 0.022020039574857275, -0.048810469273950885], [-0.086126764254179, -0.048810469273950885, 0.15674067433340708]], "chi2_level": 0.997, "chi2_df": 3, "chi2_threshold": 13.931422665512084, "N_raw": 54, "N_roi": 54, "N_inlier": 51, "refit": true}
{"timestamp": "19:40:26.578096", "frame": 64, "mu": [-1.1563115357350928, 1.15159263544747, 1.312459343554409], "Sigma": [[0.05170921204164934, 0.036250597119472094, -0.09135115816352544], [0.036250597119472094, 0.031149714964410807, -0.06568739527403367], [-0.09135115816352544, -0.06568739527403367, 0.21355658709473632]], "chi2_level": 0.997, "chi2_df": 3, "chi2_threshold": 13.931422665512084, "N_raw": 97, "N_roi": 97, "N_inlier": 95, "refit": true}
{"timestamp": "19:40:26.638124", "frame": 65, "mu": [-1.2203695442673026, 1.177466889384858, 1.368140460217004], "Sigma": [[0.05370574174211762, 0.03541596004626193, -0.08335830310486128], [0.03541596004626193, 0.029249935262988934, -0.053923735198347825], [-0.0833583031048613, -0.053923735198347825, 0.17964159752965567]], "chi2_level": 0.997, "chi2_df": 3, "chi2_threshold": 13.931422665512084, "N_raw": 123, "N_roi": 123, "N_inlier": 120, "refit": true}
{"timestamp": "19:40:26.683810", "frame": 66, "mu": [-1.2486985662096735, 1.1787366809667992, 1.0219607825982808], "Sigma": [[0.06754898245284048, 0.05741832718293931, -0.10031590232478427], [0.05741832718293931, 0.0661344810894974, -0.11114930448003854], [-0.10031590232478427, -0.11114930448003855, 0.2866914824695086]], "chi2_level": 0.997, "chi2_df": 3, "chi2_threshold": 13.931422665512084, "N_raw": 50, "N_roi": 50, "N_inlier": 50, "refit": true}
{"timestamp": "19:40:26.744680", "frame": 67, "mu": [-1.176110417174091, 1.3306413978350693, 1.318956896474146], "Sigma": [[0.04732174590836169, 0.029498973104588617, -0.046496668698857865], [0.029498973104588617, 0.022211905104258307, -0.03751780528286186], [-0.046496668698857865, -0.03751780528286186, 0.18655491143166383]], "chi2_level": 0.997, "chi2_df": 3, "chi2_threshold": 13.931422665512084, "N_raw": 94, "N_roi": 94, "N_inlier": 93, "refit": true}
{"timestamp": "19:40:26.800814", "frame": 68, "mu": [-1.18215567697218, 1.4011977243850233, 1.4062893700020294], "Sigma": [[0.05084886377038465, 0.03469466597171238, -0.05981087996876537], [0.03469466597171238, 0.031737955479130345, -0.05266819609551342], [-0.059810879968765364, -0.05266819609551342, 0.22922515294890172]], "chi2_level": 0.997, "chi2_df": 3, "chi2_threshold": 13.931422665512084, "N_raw": 109, "N_roi": 109, "N_inlier": 108, "refit": true}
{"timestamp": "19:40:26.847756", "frame": 69, "mu": [-1.50120940018417, 1.2084123374271583, 0.14001994851932276], "Sigma": [[0.054766569646277075, 0.04877766882355691, -0.04786152651948824], [0.04877766882355691, 0.05238570198167681, -0.0489780457590357], [-0.047861526519488246, -0.0489780457590357, 0.051610809708609276]], "chi2_level": 0.997, "chi2_df": 3, "chi2_threshold": 13.931422665512084, "N_raw": 51, "N_roi": 51, "N_inlier": 48, "refit": true}
{"timestamp": "19:40:26.903076", "frame": 70, "mu": [-1.3526068073457145, 1.3826091987705156, 1.7558361769895878], "Sigma": [[0.05006766492415879, 0.035866933021506654, -0.046740742993591204], [0.03586693302150665, 0.03186906514756227, -0.03672798857611316], [-0.046740742993591204, -0.03672798857611316, 0.04744251756632574]], "chi2_level": 0.997, "chi2_df": 3, "chi2_threshold": 13.931422665512084, "N_raw": 61, "N_roi": 61, "N_inlier": 60, "refit": true}
{"timestamp": "19:40:26.966521", "frame": 71, "mu": [-1.2917507151063545, 1.5173065510163213, -0.12067938847672183], "Sigma": [[0.07984870865045604, 0.06870174510306207, -0.05126325765847793], [0.06870174510306207, 0.07118356137168066, -0.05237809642146289], [-0.05126325765847793, -0.05237809642146288, 0.05417199517595356]], "chi2_level": 0.997, "chi2_df": 3, "chi2_threshold": 13.931422665512084, "N_raw": 109, "N_roi": 109, "N_inlier": 107, "refit": true}
{"timestamp": "19:40:27.015749", "frame": 72, "mu": [-1.2651979411727414, 1.532644742592674, 1.581666202768528], "Sigma": [[0.036662061058172074, 0.019382842448601365, -0.04001191456951057], [0.019382842448601365, 0.0204335004874649, -0.0193043794668318], [-0.04001191456951057, -0.0193043794668318, 0.06063213966349508]], "chi2_level": 0.997, "chi2_df": 3, "chi2_threshold": 13.931422665512084, "N_raw": 66, "N_roi": 66, "N_inlier": 63, "refit": true}
{"timestamp": "19:40:27.064613", "frame": 73, "mu": [-1.21207034449824, 1.6374739487803407, 1.5114056891554146], "Sigma": [[0.005078379329111632, -0.0007825359434324441, -0.005131785123617588], [-0.0007825359434324443, 0.0027299810786156776, 0.0026232938363669354], [-0.005131785123617588, 0.0026232938363669354, 0.03163250314078269]], "chi2_level": 0.997, "chi2_df": 3, "chi2_threshold": 13.931422665512084, "N_raw": 34, "N_roi": 34, "N_inlier": 30, "refit": true}
{"timestamp": "19:40:27.117123", "frame": 74, "mu": [-1.4093820573821505, 1.544733498900045, 1.4455397088483568], "Sigma": [[0.05472062547101622, 0.03176155518795789, -0.08264518642071403], [0.031761555187957896, 0.030255333418944246, -0.056120542169006055], [-0.08264518642071403, -0.05612054216900604, 0.3925048379637914]], "chi2_level": 0.997, "chi2_df": 3, "chi2_threshold": 13.931422665512084, "N_raw": 13, "N_roi": 13, "N_inlier": 13, "refit": true}
{"timestamp": "19:40:27.179362", "frame": 75, "mu": [-1.1326344926769716, 1.7652465216260573, 1.1112658190586318], "Sigma": [[0.011265825251501561, 8.29774718800183e-05, -0.0007274972509085768], [8.29774718800183e-05, 0.0021230488601425034, -0.0030171035245626634], [-0.0007274972509085767, -0.0030171035245626634, 0.01856027202428668]], "chi2_level": 0.997, "chi2_df": 3, "chi2_threshold": 13.931422665512084, "N_raw": 67, "N_roi": 67, "N_inlier": 64, "refit": true}
{"timestamp": "19:40:27.234338", "frame": 76, "mu": [-1.2077601227718218, 1.7990836191732733, 1.054696134756903], "Sigma": [[0.010877977798291976, 0.0029160212643302794, 0.006716763119362128], [0.0029160212643302794, 0.002259790847149473, 0.0022930796234040575], [0.006716763119362128, 0.0022930796234040575, 0.058526702268390324]], "chi2_level": 0.997, "chi2_df": 3, "chi2_threshold": 13.931422665512084, "N_raw": 57, "N_roi": 57, "N_inlier": 55, "refit": true}
{"timestamp": "19:40:27.284210", "frame": 77, "mu": [-1.1687162884369027, 1.8678630199314448, 1.100306657168272], "Sigma": [[0.0047983095240690865, 0.0020533122483478135, 0.018686289019933335], [0.0020533122483478135, 0.006200891102345661, 0.025736395426689415], [0.018686289019933335, 0.025736395426689415, 0.19800067584920936]], "chi2_level": 0.997, "chi2_df": 3, "chi2_threshold": 13.931422665512084, "N_raw": 33, "N_roi": 33, "N_inlier": 32, "refit": true}
{"timestamp": "19:40:27.342034", "frame": 78, "mu": [-1.236558164606393, 1.934110995333212, 1.4780722196928013], "Sigma": [[0.006544390413015498, 0.0011828914711084063, -0.010784121102435361], [0.0011828914711084063, 0.004567257001887533, -0.005336418782342543], [-0.01078412110243536, -0.005336418782342543, 0.0383695530813682]], "chi2_level": 0.997, "chi2_df": 3, "chi2_threshold": 13.931422665512084, "N_raw": 48, "N_roi": 48, "N_inlier": 45, "refit": true}
{"timestamp": "19:40:27.402434", "frame": 79, "mu": [-1.2956107001987085, 1.996063400146046, 1.1341787618404706], "Sigma": [[0.009331383915165631, 0.0031796381751542074, 0.007494543296743489], [0.0031796381751542074, 0.004468955468810132, 0.004146625767016273], [0.00749454329674349, 0.0041466257670162735, 0.27914752668468673]], "chi2_level": 0.997, "chi2_df": 3, "chi2_threshold": 13.931422665512084, "N_raw": 86, "N_roi": 86, "N_inlier": 83, "refit": true}
{"timestamp": "19:40:27.457117", "frame": 80, "mu": [-1.2155422061496126, 2.105270864027405, -0.07905674064380487], "Sigma": [[0.010258093407020627, 0.0020320646891450055, -0.0063156424281264065], [0.0020320646891450055, 0.010760950379038367, -0.008785613980844579], [-0.0063156424281264065, -0.008785613980844579, 0.024552466731927833]], "chi2_level": 0.997, "chi2_df": 3, "chi2_threshold": 13.931422665512084, "N_raw": 80, "N_roi": 80, "N_inlier": 76, "refit": true}
{"timestamp": "19:40:27.512020", "frame": 81, "mu": [-1.20587105532494, 2.072701856083196, 1.3163428049424684], "Sigma": [[0.010469417856863185, 0.0003847842949612346, -0.009381922732369274], [0.0003847842949612347, 0.0065267194067883385, -0.007408094154023721], [-0.009381922732369275, -0.0074080941540237205, 0.03767444733106961]], "chi2_level": 0.997, "chi2_df": 3, "chi2_threshold": 13.931422665512084, "N_raw": 82, "N_roi": 82, "N_inlier": 81, "refit": true}
{"timestamp": "19:40:27.567575", "frame": 82, "mu": [-1.2011451152921206, 2.1289824447928747, 1.2853285128540777], "Sigma": [[0.011976390050977658, -0.0011474678498061988, -0.006760433356491884], [-0.001147467849806199, 0.008039685728885594, -0.0034038393783719194], [-0.006760433356491885, -0.0034038393783719194, 0.016731951590006865]], "chi2_level": 0.997, "chi2_df": 3, "chi2_threshold": 13.931422665512084, "N_raw": 79, "N_roi": 79, "N_inlier": 78, "refit": true}
{"timestamp": "19:40:27.619387", "frame": 83, "mu": [-1.3000840108275429, 2.159855833804222, 1.4369873016210986], "Sigma": [[0.01377045711408398, -0.0008404537905212159, -0.008846269418901237], [-0.0008404537905212159, 0.0057976375149923634, -0.003460459495005305], [-0.008846269418901237, -0.003460459495005305, 0.010055906872653536]], "chi2_level": 0.997, "chi2_df": 3, "chi2_threshold": 13.931422665512084, "N_raw": 65, "N_roi": 65, "N_inlier": 63, "refit": true}
{"timestamp": "19:40:27.674300", "frame": 84, "mu": [-1.2832072086266795, 2.2201887687033994, 1.4913817362476212], "Sigma": [[0.011745709968492923, 0.0006648497360514517, -0.011977492311205274], [0.0006648497360514517, 0.005542825034596149, -0.0020878221719055155], [-0.011977492311205274, -0.0020878221719055155, 0.01344587716877378]], "chi2_level": 0.997, "chi2_df": 3, "chi2_threshold": 13.931422665512084, "N_raw": 57, "N_roi": 57, "N_inlier": 54, "refit": true}
{"timestamp": "19:40:27.729170", "frame": 85, "mu": [-1.2330289537056833, 2.2710808874190946, 1.347177009153905], "Sigma": [[0.011793114516202909, -0.000820650480150106, -0.01144176669196452], [-0.0008206504801501061, 0.005481951604521828, -0.0036357984893143212], [-0.01144176669196452, -0.003635798489314321, 0.01888280471846712]], "chi2_level": 0.997, "chi2_df": 3, "chi2_threshold": 13.931422665512084, "N_raw": 64, "N_roi": 62, "N_inlier": 62, "refit": true}
{"timestamp": "19:40:27.790522", "frame": 86, "mu": [-1.2660524945904699, 2.4562328506060407, -0.07291637743354865], "Sigma": [[0.013392071501881476, 0.002260877299276772, -0.011267536735095635], [0.0022608772992767714, 0.014877743925373456, -0.015436687376167407], [-0.011267536735095635, -0.015436687376167407, 0.03909240569587526]], "chi2_level": 0.997, "chi2_df": 3, "chi2_threshold": 13.931422665512084, "N_raw": 98, "N_roi": 98, "N_inlier": 94, "refit": true}
{"timestamp": "19:40:27.839184", "frame": 87, "mu": [-1.2850520530288454, 2.3785814006355226, 1.4027796764770366], "Sigma": [[0.01129374205189491, 0.0005069200640643659, -0.014720355177907034], [0.0005069200640643657, 0.00554702013915779, -0.007388629340213758], [-0.014720355177907034, -0.007388629340213758, 0.08692514504186351]], "chi2_level": 0.997, "chi2_df": 3, "chi2_threshold": 13.931422665512084, "N_raw": 62, "N_roi": 62, "N_inlier": 58, "refit": true}
{"timestamp": "19:40:27.893728", "frame": 88, "mu": [-1.2940375238978004, 2.499044104472823, 1.187617651295577], "Sigma": [[0.008256562022880184, 0.0016029489391998018, -0.0031002883386775214], [0.0016029489391998018, 0.0025294728318182745, -0.012692572716560931], [-0.003100288338677522, -0.012692572716560931, 0.11270998234788762]], "chi2_level": 0.997, "chi2_df": 3, "chi2_threshold": 13.931422665512084, "N_raw": 48, "N_roi": 47, "N_inlier": 46, "refit": true}
{"timestamp": "19:40:27.948713", "frame": 89, "mu": [-1.310994229070423, 2.515513582465123, 1.2367679409876093], "Sigma": [[0.013501167774442921, 0.002378033448127626, -0.022896016658111154], [0.002378033448127626, 0.001886064532311029, -0.010265048283758899], [-0.022896016658111154, -0.010265048283758899, 0.11178176320471729]], "chi2_level": 0.997, "chi2_df": 3, "chi2_threshold": 13.931422665512084, "N_raw": 61, "N_roi": 61, "N_inlier": 59, "refit": true}
{"timestamp": "19:40:28.007615", "frame": 90, "mu": [-1.2755756143469108, 2.5778108293343767, 1.0644859294664863], "Sigma": [[0.01450935063579514, -0.0011278598194500494, 0.009762301444207505], [-0.0011278598194500494, 0.0037658065403686786, -0.015455171437821049], [0.009762301444207503, -0.015455171437821049, 0.1049412042230504]], "chi2_level": 0.997, "chi2_df": 3, "chi2_threshold": 13.931422665512084, "N_raw": 80, "N_roi": 80, "N_inlier": 79, "refit": true}
{"timestamp": "19:40:28.065753", "frame": 91, "mu": [-1.288025591089092, 2.648373349949736, 1.0234477290832937], "Sigma": [[0.026116213197519264, -0.0030546658134388673, 0.02655261432070316], [-0.003054665813438867, 0.006836867427088667, -0.021408161835763752], [0.02655261432070316, -0.021408161835763752, 0.14164826304253555]], "chi2_level": 0.997, "chi2_df": 3, "chi2_threshold": 13.931422665512084, "N_raw": 109, "N_roi": 109, "N_inlier": 107, "refit": true}
{"timestamp": "19:40:28.116546", "frame": 92, "mu": [-1.2795285486688406, 2.681074043368092, 1.0513160327245448], "Sigma": [[0.014301704298268431, -0.0012995755239429356, 0.030223506482642354], [-0.0012995755239429358, 0.0067446519832025575, -0.017956699983578225], [0.030223506482642354, -0.017956699983578225, 0.2723442868149748]], "chi2_level": 0.997, "chi2_df": 3, "chi2_threshold": 13.931422665512084, "N_raw": 69, "N_roi": 69, "N_inlier": 68, "refit": true}
{"timestamp": "19:40:28.170514", "frame": 93, "mu": [-1.318051269409899, 2.7606179510191895, -0.3714985477135219], "Sigma": [[0.01197433569421829, 0.004708049521142635, 0.024322898061788428], [0.004708049521142635, 0.013461041523941042, 0.020975927564327305], [0.024322898061788428, 0.020975927564327305, 0.11606023700318935]], "chi2_level": 0.997, "chi2_df": 3, "chi2_threshold": 13.931422665512084, "N_raw": 64, "N_roi": 64, "N_inlier": 63, "refit": true}
