{"timestamp": "20:16:56.597578", "frame": 8, "mu": [-2.4741995436663764, 3.16775316274725, 0.92717917241081], "Sigma": [[0.0002981850919695018, -0.00019283470580932057, 0.00022094585549148953], [-0.00019283470580932057, 0.002270767273625139, -0.001307109258429095], [0.00022094585549148953, -0.0013071092584290948, 0.0009201194783502097]], "chi2_level": 0.997, "chi2_df": 3, "chi2_threshold": 13.931422665512084, "N_raw": 44, "N_roi": 5, "N_inlier": 5, "refit": true}
{"timestamp": "20:16:56.819991", "frame": 12, "mu": [-2.479273719595581, 3.41516382159497, -0.1443585154187707], "Sigma": [[0.00029373476524846586, -0.00015067614286864043, 0.000288662889588081], [-0.0001506761428686405, 0.0027425801643903448, -0.00384533755426822], [0.000288662889588081, -0.00384533755426822, 0.00702416888847863]], "chi2_level": 0.997, "chi2_df": 3, "chi2_threshold": 13.931422665512084, "N_raw": 54, "N_roi": 5, "N_inlier": 5, "refit": true}
{"timestamp": "20:16:56.876826", "frame": 13, "mu": [-2.239197235050003, 3.03850983824499, 0.04546638180274229], "Sigma": [[0.5289939587695015, -0.636373853791182, -0.03703715164443496], [-0.6363738537911819, 0.7682886725503514, 0.04319150355384128], [-0.03703715164443496, 0.04319150355384128, 0.007754360455464795]], "chi2_level": 0.997, "chi2_df": 3, "chi2_threshold": 13.931422665512084, "N_raw": 66, "N_roi": 7, "N_inlier": 7, "refit": true}
{"timestamp": "20:16:57.040545", "frame": 16, "mu": [-2.4208433615496507, 3.330593906009633, -0.027543038177680307], "Sigma": [[0.002830303104899612, 0.0005319487218967121, 0.001542417104858683], [0.000531948721896712, 0.004285106414250949, -0.004306364377933751], [0.0015424171048586833, -0.004306364377933751, 0.0065354051108591485]], "chi2_level": 0.997, "chi2_df": 3, "chi2_threshold": 13.931422665512084, "N_raw": 55, "N_roi": 14, "N_inlier": 14, "refit": true}
{"timestamp": "20:16:57.088824", "frame": 17, "mu": [-2.1725870282651742, 2.9958324360898767, 0.6128593324867679], "Sigma": [[0.5536975524425368, -0.6741821340386016, 0.33192591480936195], [-0.6741821340386017, 0.8337043206954433, -0.4481215960215824], [0.331925914809362, -0.4481215960215824, 0.3906808043826121]], "chi2_level": 0.997, "chi2_df": 3, "chi2_threshold": 13.931422665512084, "N_raw": 11, "N_roi": 7, "N_inlier": 7, "refit": true}
{"timestamp": "20:16:57.149128", "frame": 18, "mu": [-2.406412671452529, 3.1880043890569776, 1.0371282301720308], "Sigma": [[0.0035386749347158953, 0.003145592064405984, -0.0032847693578482067], [0.003145592064405984, 0.00859894231604173, -0.01617634169446118], [-0.0032847693578482067, -0.01617634169446118, 0.03528686923933101]], "chi2_level": 0.997, "chi2_df": 3, "chi2_threshold": 13.931422665512084, "N_raw": 48, "N_roi": 18, "N_inlier": 17, "refit": true}
{"timestamp": "20:16:57.203533", "frame": 19, "mu": [-2.394894499207646, 3.1826596852050737, 1.0549765848473398], "Sigma": [[0.004890138156372757, 0.0015960775301500322, -0.00024272972135303255], [0.0015960775301500322, 0.004051575612973521, -0.0070616632238137585], [-0.00024272972135303277, -0.0070616632238137585, 0.01626604118824535]], "chi2_level": 0.997, "chi2_df": 3, "chi2_threshold": 13.931422665512084, "N_raw": 48, "N_roi": 23, "N_inlier": 23, "refit": true}
{"timestamp": "20:16:57.257078", "frame": 20, "mu": [-2.3887602826847294, 3.390944334881237, -0.23037418883344443], "Sigma": [[0.005618476710817631, 0.004337081873980601, -0.00519933924122974], [0.004337081873980601, 0.010318514513292782, -0.012478930574170648], [-0.00519933924122974, -0.012478930574170646, 0.01811202621494958]], "chi2_level": 0.997, "chi2_df": 3, "chi2_threshold": 13.931422665512084, "N_raw": 22, "N_roi": 15, "N_inlier": 15, "refit": true}
{"timestamp": "20:16:57.313458", "frame": 21, "mu": [-2.3578086362887207, 3.2033753604377946, 1.0351960324448835], "Sigma": [[0.0069315214345753, 0.0032373403542466043, -0.0031147125633707814], [0.0032373403542466043, 0.003505630248815047, -0.006193904247986409], [-0.003114712563370782, -0.006193904247986409, 0.01818468463226558]], "chi2_level": 0.997, "chi2_df": 3, "chi2_threshold": 13.931422665512084, "N_raw": 33, "N_roi": 23, "N_inlier": 23, "refit": true}
{"timestamp": "20:16:57.366097", "frame": 22, "mu": [-2.336686877807827, 3.1830916838111016, 1.081128659796422], "Sigma": [[0.003149252796799564, 0.0038651783137639796, -0.011774597619565369], [0.0038651783137639796, 0.011044335626354167, -0.0160172112292072], [-0.011774597619565369, -0.0160172112292072, 0.047963743975864656]], "chi2_level": 0.997, "chi2_df": 3, "chi2_threshold": 13.931422665512084, "N_raw": 6, "N_roi": 6, "N_inlier": 6, "refit": true}
{"timestamp": "20:16:57.425910", "frame": 23, "mu": [-2.2819545457480306, 3.1987080063024567, 1.251819649405282], "Sigma": [[0.014514198830404364, 0.007099490179857891, -0.00765211495310967], [0.007099490179857891, 0.008906164704383648, -0.008363939850786803], [-0.00765211495310967, -0.008363939850786803, 0.01345901057855434]], "chi2_level": 0.997, "chi2_df": 3, "chi2_threshold": 13.931422665512084, "N_raw": 48, "N_roi": 43, "N_inlier": 42, "refit": true}
{"timestamp": "20:16:57.475841", "frame": 24, "mu": [-2.1905637338676014, 3.2063790644871153, 1.0109062245632736], "Sigma": [[0.006988247463953241, 0.003380232996619547, -0.005068655279557561], [0.003380232996619547, 0.004874235606419251, -0.005085603946659236], [-0.005068655279557562, -0.005085603946659236, 0.008160958543785648]], "chi2_level": 0.997, "chi2_df": 3, "chi2_threshold": 13.931422665512084, "N_raw": 17, "N_roi": 17, "N_inlier": 17, "refit": true}
{"timestamp": "20:16:57.534976", "frame": 25, "mu": [-2.2215337482001694, 3.162266434215751, 1.0817535240703586], "Sigma": [[0.018506022874425303, 0.008604960010522161, -0.014975968838268074], [0.008604960010522163, 0.007821786165021527, -0.011733510338833953], [-0.014975968838268074, -0.011733510338833953, 0.020776567295173576]], "chi2_level": 0.997, "chi2_df": 3, "chi2_threshold": 13.931422665512084, "N_raw": 45, "N_roi": 43, "N_inlier": 43, "refit": true}
{"timestamp": "20:16:57.587947", "frame": 26, "mu": [-2.1197124497536968, 3.1247241610845955, 0.9572359478770265], "Sigma": [[0.00969214178135766, 0.001141075403326055, -0.009712610280553277], [0.0011410754033260545, 0.004021443919711007, -0.00265563937322991], [-0.009712610280553277, -0.0026556393732299105, 0.011808109014448174]], "chi2_level": 0.997, "chi2_df": 3, "chi2_threshold": 13.931422665512084, "N_raw": 27, "N_roi": 27, "N_inlier": 27, "refit": true}
{"timestamp": "20:16:57.644432", "frame": 27, "mu": [-2.1262541061397693, 3.1686989469404354, 1.1144191565786525], "Sigma": [[0.020581642152950434, 0.004635522966493278, -0.020825424583163096], [0.004635522966493278, 0.0058330883123046936, -0.004260763339941318], [-0.020825424583163096, -0.004260763339941318, 0.023594603715771854]], "chi2_level": 0.997, "chi2_df": 3, "chi2_threshold": 13.931422665512084, "N_raw": 40, "N_roi": 40, "N_inlier": 38, "refit": true}
{"timestamp": "20:16:57.698207", "frame": 28, "mu": [-2.0031973730897015, 3.1821467896183693, 0.9157221839594711], "Sigma": [[0.015878704443742755, 0.00540880430681411, -0.00779744204369694], [0.00540880430681411, 0.006108464927579368, -0.003247607880476497], [-0.00779744204369694, -0.003247607880476497, 0.005341804848051135]], "chi2_level": 0.997, "chi2_df": 3, "chi2_threshold": 13.931422665512084, "N_raw": 37, "N_roi": 37, "N_inlier": 36, "refit": true}
{"timestamp": "20:16:57.756618", "frame": 29, "mu": [-2.0173063973089715, 3.199842183684377, 1.1770473879484575], "Sigma": [[0.022326786696869952, 0.004898297455288148, -0.022323972478157317], [0.004898297455288148, 0.007884465104071411, -0.004719463191036543], [-0.022323972478157313, -0.004719463191036542, 0.02499049047972928]], "chi2_level": 0.997, "chi2_df": 3, "chi2_threshold": 13.931422665512084, "N_raw": 53, "N_roi": 52, "N_inlier": 51, "refit": true}
{"timestamp": "20:16:57.808984", "frame": 30, "mu": [-1.818077430531161, 3.196684912630259, 0.860641153967443], "Sigma": [[0.014811954394758332, 0.0035632662756264824, -0.01959838256002857], [0.0035632662756264824, 0.003234977855667183, -0.007665383208841704], [-0.01959838256002857, -0.007665383208841704, 0.037807356033953736]], "chi2_level": 0.997, "chi2_df": 3, "chi2_threshold": 13.931422665512084, "N_raw": 37, "N_roi": 37, "N_inlier": 35, "refit": true}
{"timestamp": "20:16:57.862922", "frame": 31, "mu": [-1.801470204713363, 3.339457821876154, 0.8220563263931936], "Sigma": [[0.003306099275517861, 0.00614585529718961, -0.003991067301880831], [0.00614585529718961, 0.03290792981613192, -0.005536922339469538], [-0.003991067301880831, -0.005536922339469537, 0.009065402476864671]], "chi2_level": 0.997, "chi2_df": 3, "chi2_threshold": 13.931422665512084, "N_raw": 16, "N_roi": 15, "N_inlier": 15, "refit": true}
{"timestamp": "20:16:57.921361", "frame": 32, "mu": [-1.781315750844393, 3.338780928542226, 0.9765734660502294], "Sigma": [[0.03400008728078351, 0.026572315978220143, -0.053585454900755086], [0.026572315978220143, 0.03553968774122698, -0.05376240611510205], [-0.053585454900755086, -0.05376240611510205, 0.09857928844505243]], "chi2_level": 0.997, "chi2_df": 3, "chi2_threshold": 13.931422665512084, "N_raw": 57, "N_roi": 57, "N_inlier": 56, "refit": true}
{"timestamp": "20:16:57.973118", "frame": 33, "mu": [-1.7952243066475688, 3.240671945088178, 1.223753949557422], "Sigma": [[0.02109899731560034, 0.010215704061126447, -0.03399207634831973], [0.010215704061126447, 0.011183376451414945, -0.022847990124003875], [-0.03399207634831972, -0.022847990124003875, 0.08188536321073074]], "chi2_level": 0.997, "chi2_df": 3, "chi2_threshold": 13.931422665512084, "N_raw": 29, "N_roi": 28, "N_inlier": 28, "refit": true}
{"timestamp": "20:16:58.025586", "frame": 34, "mu": [-1.660005131003459, 3.4749583181183743, -0.12835489043377518], "Sigma": [[0.0052978228411045, 0.012422516523275938, -0.014969447170159567], [0.012422516523275938, 0.04084398544044458, -0.048941497705481646], [-0.014969447170159567, -0.048941497705481646, 0.060341950554948655]], "chi2_level": 0.997, "chi2_df": 3, "chi2_threshold": 13.931422665512084, "N_raw": 11, "N_roi": 10, "N_inlier": 10, "refit": true}
{"timestamp": "20:16:58.081836", "frame": 35, "mu": [-1.6660339802994444, 3.3628538820634106, 0.07319124767624055], "Sigma": [[0.010418917156592154, 0.005251775704844221, -0.008305728286821957], [0.005251775704844222, 0.004904895831916461, -0.007463355503343656], [-0.008305728286821955, -0.007463355503343657, 0.01270029253541743]], "chi2_level": 0.997, "chi2_df": 3, "chi2_threshold": 13.931422665512084, "N_raw": 24, "N_roi": 22, "N_inlier": 21, "refit": true}
{"timestamp": "20:16:58.141012", "frame": 36, "mu": [-1.5556433035347632, 3.3413203876527344, -0.0752890398080365], "Sigma": [[0.015091616625668007, 0.006063876324162368, -0.021241375360933255], [0.006063876324162368, 0.00860022301369492, -0.009299787324490726], [-0.021241375360933255, -0.009299787324490726, 0.03298033368304686]], "chi2_level": 0.997, "chi2_df": 3, "chi2_threshold": 13.931422665512084, "N_raw": 51, "N_roi": 48, "N_inlier": 48, "refit": true}
{"timestamp": "20:16:58.195604", "frame": 37, "mu": [-1.5004072922759417, 3.1394430354938665, 0.9814144731489381], "Sigma": [[0.010114565398729737, 0.0016030706762766834, -0.009315769084483607], [0.0016030706762766834, 0.005798286394778216, -0.002082259905878802], [-0.009315769084483607, -0.0020822599058788025, 0.009655237098626111]], "chi2_level": 0.997, "chi2_df": 3, "chi2_threshold": 13.931422665512084, "N_raw": 38, "N_roi": 38, "N_inlier": 38, "refit": true}
{"timestamp": "20:16:58.247860", "frame": 38, "mu": [-1.5394735307086527, 3.224195251183638, 1.180013999033115], "Sigma": [[0.007485130400334131, 0.0009869910925375952, -0.003506232249246459], [0.0009869910925375952, 0.001438544953693972, -0.0036107129925754054], [-0.003506232249246459, -0.0036107129925754054, 0.015514548936139046]], "chi2_level": 0.997, "chi2_df": 3, "chi2_threshold": 13.931422665512084, "N_raw": 28, "N_roi": 28, "N_inlier": 27, "refit": true}
{"timestamp": "20:16:58.301478", "frame": 39, "mu": [-1.4783904566937625, 3.2124758580571506, 1.3836281875691383], "Sigma": [[0.00529095978246735, 0.00011165285512903542, -0.005392992155051151], [0.00011165285512903531, 0.004077324483220026, 0.00450865360275998], [-0.00539299215505115, 0.0045086536027599804, 0.013188374733979429]], "chi2_level": 0.997, "chi2_df": 3, "chi2_threshold": 13.931422665512084, "N_raw": 16, "N_roi": 11, "N_inlier": 11, "refit": true}
{"timestamp": "20:16:58.360606", "frame": 40, "mu": [-1.3376917622921494, 3.277802079081694, -0.3284091537587491], "Sigma": [[0.01593129680642949, 0.001561591100033997, 0.00799654032750198], [0.0015615911000339967, 0.007318866445642175, 0.01864539865048389], [0.007996540327501979, 0.01864539865048389, 0.10264234822860609]], "chi2_level": 0.997, "chi2_df": 3, "chi2_threshold": 13.931422665512084, "N_raw": 45, "N_roi": 40, "N_inlier": 39, "refit": true}
{"timestamp": "20:16:58.416261", "frame": 41, "mu": [-1.281338492876129, 3.1098798681635254, 0.8841405345873281], "Sigma": [[0.017374257676239187, -0.0016286103978753056, -0.01817739644079777], [-0.0016286103978753051, 0.0021992794836995793, -0.0011873038480688966], [-0.01817739644079777, -0.0011873038480688966, 0.0271952246632743]], "chi2_level": 0.997, "chi2_df": 3, "chi2_threshold": 13.931422665512084, "N_raw": 46, "N_roi": 43, "N_inlier": 42, "refit": true}
{"timestamp": "20:16:58.472035", "frame": 42, "mu": [-1.1557752661907268, 3.1526093284256547, 0.9028087095263626], "Sigma": [[0.02128498555130525, -0.005075911307844723, -0.02824484273482982], [-0.005075911307844722, 0.006388756494261516, 0.003365297024752611], [-0.02824484273482982, 0.003365297024752611, 0.0428041446937515]], "chi2_level": 0.997, "chi2_df": 3, "chi2_threshold": 13.931422665512084, "N_raw": 55, "N_roi": 51, "N_inlier": 48, "refit": true}
{"timestamp": "20:16:58.524109", "frame": 43, "mu": [-1.1474506806817744, 3.1172764361487966, 0.7539039072238248], "Sigma": [[0.011664676316866239, 0.003116809423906717, -0.02003409296285888], [0.003116809423906717, 0.004496126087589474, -0.01524876309947782], [-0.020034092962858883, -0.015248763099477822, 0.09592170116502362]], "chi2_level": 0.997, "chi2_df": 3, "chi2_threshold": 13.931422665512084, "N_raw": 32, "N_roi": 28, "N_inlier": 27, "refit": true}
{"timestamp": "20:16:58.579726", "frame": 44, "mu": [-1.1223082711242354, 3.2804019511898748, -0.7644626038710508], "Sigma": [[0.019782822667314494, 0.0188895757388806, -0.0033463974366466733], [0.0188895757388806, 0.027320883026724634, -0.00037521908899941937], [-0.0033463974366466746, -0.00037521908899941937, 0.13085686133258356]], "chi2_level": 0.997, "chi2_df": 3, "chi2_threshold": 13.931422665512084, "N_raw": 41, "N_roi": 38, "N_inlier": 37, "refit": true}
{"timestamp": "20:16:58.636915", "frame": 45, "mu": [-1.0864161829311378, 3.2210682765284773, 1.1597906951481418], "Sigma": [[0.016830572300055108, 0.0021270956741840062, -0.0070497358523318975], [0.0021270956741840062, 0.003752432056638859, -0.0034234302789208034], [-0.0070497358523318975, -0.0034234302789208034, 0.01598409174310548]], "chi2_level": 0.997, "chi2_df": 3, "chi2_threshold": 13.931422665512084, "N_raw": 56, "N_roi": 56, "N_inlier": 53, "refit": true}
{"timestamp": "20:16:58.692688", "frame": 46, "mu": [-0.9984458605101197, 3.235260510006553, 1.1134405819159958], "Sigma": [[0.015409021352857913, 0.0023684000676216076, -0.009356770493276937], [0.0023684000676216076, 0.003138760164724333, -0.005327721204049526], [-0.009356770493276937, -0.005327721204049526, 0.016476562878582894]], "chi2_level": 0.997, "chi2_df": 3, "chi2_threshold": 13.931422665512084, "N_raw": 56, "N_roi": 54, "N_inlier": 52, "refit": true}
{"timestamp": "20:16:58.746067", "frame": 47, "mu": [-0.9555805950125786, 3.2406896541984693, 1.1391173397149108], "Sigma": [[0.014107677405694125, 0.0031506639458479656, 0.0049225085359667934], [0.0031506639458479656, 0.0031188651302087103, 0.007060379132204165], [0.0049225085359667934, 0.007060379132204165, 0.15380679149939694]], "chi2_level": 0.997, "chi2_df": 3, "chi2_threshold": 13.931422665512084, "N_raw": 43, "N_roi": 41, "N_inlier": 39, "refit": true}
{"timestamp": "20:16:58.797783", "frame": 48, "mu": [-0.9134379575444417, 3.3545303850144887, -0.15388946388476643], "Sigma": [[0.007054347462925025, 0.0009263774132415371, -0.007979585646239079], [0.0009263774132415368, 0.024016338477436484, -0.0744298991049607], [-0.007979585646239079, -0.07442989910496069, 0.2716692455343691]], "chi2_level": 0.997, "chi2_df": 3, "chi2_threshold": 13.931422665512084, "N_raw": 25, "N_roi": 25, "N_inlier": 25, "refit": true}
{"timestamp": "20:16:58.856799", "frame": 49, "mu": [-0.8614082092503452, 3.261542930078826, 1.3174050589957105], "Sigma": [[0.01569675655281568, 0.0003092677587863068, -0.014082292449232637], [0.0003092677587863065, 0.004809037249540724, -0.0024120706962662067], [-0.014082292449232637, -0.0024120706962662067, 0.016803346673135537]], "chi2_level": 0.997, "chi2_df": 3, "chi2_threshold": 13.931422665512084, "N_raw": 57, "N_roi": 57, "N_inlier": 55, "refit": true}
{"timestamp": "20:16:58.909320", "frame": 50, "mu": [-0.7758374298536488, 3.3269944120932524, -0.3017483478401685], "Sigma": [[0.006052523522898316, -0.002052019966323401, 0.008092116386707154], [-0.002052019966323401, 0.010253741841865647, -0.037588384878754155], [0.008092116386707154, -0.037588384878754155, 0.1838003506979035]], "chi2_level": 0.997, "chi2_df": 3, "chi2_threshold": 13.931422665512084, "N_raw": 25, "N_roi": 24, "N_inlier": 23, "refit": true}
{"timestamp": "20:16:58.964117", "frame": 51, "mu": [-0.6894884230397598, 3.097037677354141, 0.9256459565177484], "Sigma": [[0.009430787535153277, -0.0006469236416248459, -0.012189170445440448], [-0.0006469236416248459, 0.001435274674931059, -0.0013144602096526515], [-0.012189170445440448, -0.001314460209652652, 0.021069445970811628]], "chi2_level": 0.997, "chi2_df": 3, "chi2_threshold": 13.931422665512084, "N_raw": 34, "N_roi": 34, "N_inlier": 32, "refit": true}
{"timestamp": "20:16:59.026481", "frame": 52, "mu": [-0.6645595158119594, 3.200592340737514, 1.0376961187554987], "Sigma": [[0.017118102787934526, -0.00011609563761487288, -0.021622326655768555], [-0.00011609563761487285, 0.006885016997774365, -0.001954599657406008], [-0.021622326655768558, -0.001954599657406008, 0.049480207845314]], "chi2_level": 0.997, "chi2_df": 3, "chi2_threshold": 13.931422665512084, "N_raw": 81, "N_roi": 78, "N_inlier": 75, "refit": true}
{"timestamp": "20:16:59.080123", "frame": 53, "mu": [-0.635286349441725, 3.1775484668869924, 0.9306541785111069], "Sigma": [[0.015793572792584656, -0.0013477142718466058, -0.02749004297773195], [-0.0013477142718466063, 0.003781889290048946, -0.003648576684100997], [-0.02749004297773195, -0.003648576684100997, 0.10137786429595765]], "chi2_level": 0.997, "chi2_df": 3, "chi2_threshold": 13.931422665512084, "N_raw": 72, "N_roi": 69, "N_inlier": 67, "refit": true}
{"timestamp": "20:16:59.135532", "frame": 54, "mu": [-0.5528464210215034, 3.187048754433197, 1.0639580697287447], "Sigma": [[0.020737315700112113, -0.005091516349312265, -0.03214192172345336], [-0.005091516349312266, 0.009017505293178798, 0.008383272140484541], [-0.03214192172345336, 0.008383272140484541, 0.09345245937934918]], "chi2_level": 0.997, "chi2_df": 3, "chi2_threshold": 13.931422665512084, "N_raw": 72, "N_roi": 68, "N_inlier": 65, "refit": true}
{"timestamp": "20:16:59.188926", "frame": 55, "mu": [-0.5583476290902071, 3.21020977942105, 1.160449057191925], "Sigma": [[0.02029544432702752, 0.0005324982181184248, -0.01446216197652942], [0.0005324982181184248, 0.005714496615805416, -0.001913678129020613], [-0.01446216197652942, -0.001913678129020613, 0.013579835659195254]], "chi2_level": 0.997, "chi2_df": 3, "chi2_threshold": 13.931422665512084, "N_raw": 63, "N_roi": 62, "N_inlier": 60, "refit": true}
{"timestamp": "20:16:59.245079", "frame": 56, "mu": [-0.470109040560911, 3.2969844083501645, 0.03325078157747578], "Sigma": [[0.0241050399305258, 0.004366999774435144, -0.013819671076491595], [0.004366999774435144, 0.008256874070292486, -0.003809031325719259], [-0.013819671076491595, -0.003809031325719259, 0.01613574972983358]], "chi2_level": 0.997, "chi2_df": 3, "chi2_threshold": 13.931422665512084, "N_raw": 75, "N_roi": 75, "N_inlier": 72, "refit": true}
{"timestamp": "20:16:59.300677", "frame": 57, "mu": [-0.3881701917682712, 3.3200485320363256, -0.02843432177806482], "Sigma": [[0.022787663137770357, 0.006874244468962053, 0.0018459616864002775], [0.006874244468962052, 0.009224506860879764, -0.001208464283975582], [0.0018459616864002775, -0.001208464283975582, 0.003216592409329395]], "chi2_level": 0.997, "chi2_df": 3, "chi2_threshold": 13.931422665512084, "N_raw": 76, "N_roi": 73, "N_inlier": 70, "refit": true}
{"timestamp": "20:16:59.353470", "frame": 58, "mu": [-0.3555098861654857, 3.2918641651708866, -0.0034153348205017515], "Sigma": [[0.02102744277333942, 0.003357592508995646, -0.014413595504980099], [0.0033575925089956464, 0.005321966589537414, -0.0013632708715701114], [-0.014413595504980099, -0.0013632708715701116, 0.01579058170897695]], "chi2_level": 0.997, "chi2_df": 3, "chi2_threshold": 13.931422665512084, "N_raw": 63, "N_roi": 60, "N_inlier": 57, "refit": true}
{"timestamp": "20:16:59.408274", "frame": 59, "mu": [-0.3035406941037771, 3.242292220522371, -0.5120368462551487], "Sigma": [[0.019772543296486103, 0.00823526718270757, 0.010982671391514445], [0.008235267182707569, 0.011530569560578813, -0.005556930404631662], [0.010982671391514444, -0.005556930404631663, 0.12749837409718073]], "chi2_level": 0.997, "chi2_df": 3, "chi2_threshold": 13.931422665512084, "N_raw": 50, "N_roi": 47, "N_inlier": 45, "refit": true}
{"timestamp": "20:16:59.458897", "frame": 60, "mu": [-0.23024801078561008, 3.1075166394856333, 0.8297470503742219], "Sigma": [[0.007494522243115468, -4.06799136735239e-05, 0.014627356800527413], [-4.067991367352395e-05, 0.0025577154923026924, -0.011097110971068132], [0.014627356800527413, -0.011097110971068132, 0.19598169584570083]], "chi2_level": 0.997, "chi2_df": 3, "chi2_threshold": 13.931422665512084, "N_raw": 32, "N_roi": 28, "N_inlier": 27, "refit": true}
{"timestamp": "20:16:59.517370", "frame": 61, "mu": [-0.20409747279685883, 3.1561152719195933, 1.2429014558324123], "Sigma": [[0.01249197869768316, -0.003021506385608122, -0.014407283426209507], [-0.003021506385608122, 0.007391616500985498, 0.0066315421367010696], [-0.014407283426209507, 0.00663154213670107, 0.020888809849805165]], "chi2_level": 0.997, "chi2_df": 3, "chi2_threshold": 13.931422665512084, "N_raw": 53, "N_roi": 51, "N_inlier": 48, "refit": true}
{"timestamp": "20:16:59.572762", "frame": 62, "mu": [-0.08471061691148701, 3.2602371849246246, -0.006029343321474046], "Sigma": [[0.014566741222066611, -0.0004757055809685226, -0.025723492637943168], [-0.00047570558096852306, 0.006995095764176136, 0.011308342437260848], [-0.025723492637943164, 0.011308342437260846, 0.07463911420842666]], "chi2_level": 0.997, "chi2_df": 3, "chi2_threshold": 13.931422665512084, "N_raw": 59, "N_roi": 58, "N_inlier": 58, "refit": true}
{"timestamp": "20:16:59.629970", "frame": 63, "mu": [-0.0605189086200028, 3.1159647645677557, 1.139985421167811], "Sigma": [[0.018303523369754097, -0.005730756492446246, -0.012567166000786237], [-0.005730756492446245, 0.011662185169039286, 0.008990922285922704], [-0.012567166000786237, 0.008990922285922704, 0.01345678148586149]], "chi2_level": 0.997, "chi2_df": 3, "chi2_threshold": 13.931422665512084, "N_raw": 73, "N_roi": 73, "N_inlier": 69, "refit": true}
{"timestamp": "20:16:59.683712", "frame": 64, "mu": [0.062385759017473445, 3.168571972521561, -0.35340008496497094], "Sigma": [[0.016758936401922317, 0.004465491888249317, 0.023209887175330395], [0.004465491888249317, 0.007158398587071943, 0.014280684133679286], [0.023209887175330395, 0.014280684133679286, 0.08903365201096394]], "chi2_level": 0.997, "chi2_df": 3, "chi2_threshold": 13.931422665512084, "N_raw": 59, "N_roi": 59, "N_inlier": 54, "refit": true}
{"timestamp": "20:16:59.730110", "frame": 65, "mu": [0.05191709593634916, 3.1073977877583996, 0.9570746073008665], "Sigma": [[0.0023528731538351197, -0.002930036671136373, 0.0029714574821169556], [-0.002930036671136373, 0.004036253436880575, -0.003111159691994092], [0.0029714574821169556, -0.003111159691994092, 0.011672759758077892]], "chi2_level": 0.997, "chi2_df": 3, "chi2_threshold": 13.931422665512084, "N_raw": 5, "N_roi": 5, "N_inlier": 5, "refit": true}
{"timestamp": "20:16:59.791489", "frame": 66, "mu": [0.10004841942872443, 3.050314741652727, 0.9782666369037449], "Sigma": [[0.015327375545511604, -0.005600516977603947, 0.0022731299250363206], [-0.005600516977603947, 0.004138921286095478, -0.00474751424046739], [0.0022731299250363206, -0.00474751424046739, 0.011574007451645293]], "chi2_level": 0.997, "chi2_df": 3, "chi2_threshold": 13.931422665512084, "N_raw": 54, "N_roi": 54, "N_inlier": 53, "refit": true}
{"timestamp": "20:16:59.846968", "frame": 67, "mu": [0.14073753795933625, 3.1207079972699403, 1.2727636144267047], "Sigma": [[0.012317390135436285, -0.001955401525555386, -0.005912218826495792], [-0.001955401525555386, 0.0059987422233253014, 0.001685128070454636], [-0.005912218826495792, 0.0016851280704546362, 0.009337903945585941]], "chi2_level": 0.997, "chi2_df": 3, "chi2_threshold": 13.931422665512084, "N_raw": 55, "N_roi": 55, "N_inlier": 51, "refit": true}
{"timestamp": "20:16:59.899735", "frame": 68, "mu": [0.22066517059231566, 3.1346236097316007, 1.153752963226537], "Sigma": [[0.008855164019746653, -0.0016733200276894604, -0.001950697021852364], [-0.0016733200276894606, 0.0058421925105837415, 0.008551649861441597], [-0.0019506970218523638, 0.008551649861441598, 0.21790532835444507]], "chi2_level": 0.997, "chi2_df": 3, "chi2_threshold": 13.931422665512084, "N_raw": 38, "N_roi": 38, "N_inlier": 37, "refit": true}
{"timestamp": "20:16:59.954597", "frame": 69, "mu": [0.2805302149008903, 3.147096340519735, 1.046968616881021], "Sigma": [[0.007238369448537184, -0.0005200636360892293, -0.004421895459848884], [-0.0005200636360892293, 0.006280259821899502, 0.012935514003558909], [-0.004421895459848884, 0.012935514003558909, 0.21234421312314436]], "chi2_level": 0.997, "chi2_df": 3, "chi2_threshold": 13.931422665512084, "N_raw": 40, "N_roi": 36, "N_inlier": 35, "refit": true}
{"timestamp": "20:17:00.013985", "frame": 70, "mu": [0.31541287190405726, 3.187321917851247, 1.2786356376283925], "Sigma": [[0.012899553867088772, -0.0031255424275732887, -0.005217686933716144], [-0.0031255424275732887, 0.008018470692048866, 0.001484495155815736], [-0.0052176869337161435, 0.001484495155815736, 0.01336938062559235]], "chi2_level": 0.997, "chi2_df": 3, "chi2_threshold": 13.931422665512084, "N_raw": 67, "N_roi": 64, "N_inlier": 59, "refit": true}
{"timestamp": "20:17:00.066972", "frame": 71, "mu": [0.3714601556368234, 3.372313560397962, -0.34764051396858414], "Sigma": [[0.010580375827624012, -0.005107958761283488, 0.014547815805623966], [-0.005107958761283487, 0.01775676146645013, -0.08460230721747014], [0.014547815805623966, -0.08460230721747014, 0.532177494578281]], "chi2_level": 0.997, "chi2_df": 3, "chi2_threshold": 13.931422665512084, "N_raw": 57, "N_roi": 57, "N_inlier": 56, "refit": true}
{"timestamp": "20:17:00.117637", "frame": 72, "mu": [0.4478494042648045, 3.1176364844343096, 1.0241809148604895], "Sigma": [[0.00676214642498909, -0.003090492551604731, 0.005376418150663929], [-0.003090492551604731, 0.007516558417609191, 0.00175983818321625], [0.005376418150663929, 0.0017598381832162491, 0.21224333225151712]], "chi2_level": 0.997, "chi2_df": 3, "chi2_threshold": 13.931422665512084, "N_raw": 24, "N_roi": 22, "N_inlier": 22, "refit": true}
{"timestamp": "20:17:00.174587", "frame": 73, "mu": [0.5318279779060441, 3.126803206813329, 0.9350277106851215], "Sigma": [[0.009190191083580008, -0.002374694897009015, -0.005200012677079667], [-0.002374694897009015, 0.0018647601969196174, -0.0019311988402350606], [-0.005200012677079667, -0.001931198840235061, 0.015295665662824923]], "chi2_level": 0.997, "chi2_df": 3, "chi2_threshold": 13.931422665512084, "N_raw": 40, "N_roi": 37, "N_inlier": 34, "refit": true}
{"timestamp": "20:17:00.230002", "frame": 74, "mu": [0.5358123119955354, 3.191538967558255, 0.910387797297167], "Sigma": [[0.010692397080400965, -0.001481340780674571, 0.007117616604679446], [-0.0014813407806745713, 0.0037248260227913522, -0.001195130182144785], [0.007117616604679445, -0.001195130182144785, 0.04904521549596693]], "chi2_level": 0.997, "chi2_df": 3, "chi2_threshold": 13.931422665512084, "N_raw": 35, "N_roi": 35, "N_inlier": 34, "refit": true}
{"timestamp": "20:17:00.294177", "frame": 75, "mu": [0.5618294872891576, 3.2710543435782506, 0.004701062868681822], "Sigma": [[0.010849678197940539, -0.0036298165019415856, -0.000545768843766596], [-0.003629816501941586, 0.01907837765778093, -0.045344904572613455], [-0.000545768843766596, -0.04534490457261346, 0.16723558126097612]], "chi2_level": 0.997, "chi2_df": 3, "chi2_threshold": 13.931422665512084, "N_raw": 44, "N_roi": 41, "N_inlier": 41, "refit": true}
{"timestamp": "20:17:00.343023", "frame": 76, "mu": [0.6313964478049633, 3.1953797663033305, 1.2808353543283255], "Sigma": [[0.013390011721222797, -0.00327777269015286, -0.007227458778278402], [-0.00327777269015286, 0.009467629773513115, 0.003364444157132862], [-0.007227458778278402, 0.003364444157132862, 0.01921342147675429]], "chi2_level": 0.997, "chi2_df": 3, "chi2_threshold": 13.931422665512084, "N_raw": 64, "N_roi": 64, "N_inlier": 61, "refit": true}
{"timestamp": "20:17:00.395190", "frame": 77, "mu": [0.6781116745027118, 3.132072079813459, 1.1910099216730903], "Sigma": [[0.01091628283600537, -0.002853211561937779, -0.008992008480098897], [-0.002853211561937779, 0.004720643005250549, 0.0021672491852069995], [-0.008992008480098896, 0.0021672491852069995, 0.10442046862594444]], "chi2_level": 0.997, "chi2_df": 3, "chi2_threshold": 13.931422665512084, "N_raw": 41, "N_roi": 40, "N_inlier": 39, "refit": true}
{"timestamp": "20:17:00.447310", "frame": 78, "mu": [0.816693561601997, 3.186072060129739, 0.9241086635663326], "Sigma": [[0.0040857091278830625, 0.0005294830067209149, -0.02257636976774978], [0.0005294830067209149, 0.00441800147379377, 0.0075487512121772725], [-0.02257636976774978, 0.007548751212177272, 0.3654001562150971]], "chi2_level": 0.997, "chi2_df": 3, "chi2_threshold": 13.931422665512084, "N_raw": 15, "N_roi": 10, "N_inlier": 10, "refit": true}
{"timestamp": "20:17:00.504387", "frame": 79, "mu": [0.801898476324121, 3.1417685495386922, 1.0561570378364946], "Sigma": [[0.013278320106539324, -0.00337670420738813, -0.02245604343969143], [-0.00337670420738813, 0.001968881042824055, 0.0006234534288161842], [-0.02245604343969143, 0.0006234534288161848, 0.13896135180427524]], "chi2_level": 0.997, "chi2_df": 3, "chi2_threshold": 13.931422665512084, "N_raw": 40, "N_roi": 38, "N_inlier": 38, "refit": true}
{"timestamp": "20:17:00.555565", "frame": 80, "mu": [0.9321881595377348, 3.1524891671952227, 0.43871369873926463], "Sigma": [[0.0026499315755812917, 0.0025013653163433176, -0.02043624854759496], [0.0025013653163433176, 0.0037679081560993456, 0.0003024411628436011], [-0.020436248547594956, 0.00030244116284360283, 0.6367110809972104]], "chi2_level": 0.997, "chi2_df": 3, "chi2_threshold": 13.931422665512084, "N_raw": 8, "N_roi": 6, "N_inlier": 6, "refit": true}
{"timestamp": "20:17:00.612689", "frame": 81, "mu": [0.914775408905059, 3.288491608542942, 0.009136270961398647], "Sigma": [[0.007881669290604727, 0.000394207750128112, -0.010678844778120766], [0.000394207750128112, 0.012371020821286305, -0.04491124015107019], [-0.010678844778120766, -0.0449112401510702, 0.19942646190485072]], "chi2_level": 0.997, "chi2_df": 3, "chi2_threshold": 13.931422665512084, "N_raw": 25, "N_roi": 24, "N_inlier": 24, "refit": true}
{"timestamp": "20:17:00.723187", "frame": 83, "mu": [0.9225246645910615, 3.2543381154376907, 0.5105222518009236], "Sigma": [[0.016375125971718658, -0.008855077830991851, 0.03283752076601308], [-0.008855077830991851, 0.006664214387616743, -0.02163703697144885], [0.03283752076601308, -0.02163703697144885, 0.24464140086598912]], "chi2_level": 0.997, "chi2_df": 3, "chi2_threshold": 13.931422665512084, "N_raw": 31, "N_roi": 31, "N_inlier": 30, "refit": true}
{"timestamp": "20:17:00.780943", "frame": 84, "mu": [1.115149583050919, 3.0770064785256133, 1.041023185918959], "Sigma": [[0.014382508257948004, -0.006555954867686729, -0.009262362462320217], [-0.006555954867686729, 0.00392570988759709, 0.0016446129143394587], [-0.009262362462320218, 0.0016446129143394587, 0.01889822991339894]], "chi2_level": 0.997, "chi2_df": 3, "chi2_threshold": 13.931422665512084, "N_raw": 40, "N_roi": 38, "N_inlier": 36, "refit": true}
{"timestamp": "20:17:00.830163", "frame": 85, "mu": [1.0550390082218044, 2.892263428030887, 0.700975662379139], "Sigma": [[0.14066945447994456, 0.30339145976779425, -0.14242680867625426], [0.30339145976779425, 0.728655478393275, -0.4079702551882383], [-0.14242680867625426, -0.40797025518823826, 0.28274852754132657]], "chi2_level": 0.997, "chi2_df": 3, "chi2_threshold": 13.931422665512084, "N_raw": 8, "N_roi": 7, "N_inlier": 7, "refit": true}
{"timestamp": "20:17:00.884445", "frame": 86, "mu": [1.096906617105915, 2.650091929729376, 0.8621318679704113], "Sigma": [[0.1582031296546976, 0.37740327762648196, -0.11309221976793334], [0.377403277626482, 1.0010552395133536, -0.36768829040457485], [-0.11309221976793335, -0.36768829040457485, 0.18480575698069335]], "chi2_level": 0.997, "chi2_df": 3, "chi2_threshold": 13.931422665512084, "N_raw": 6, "N_roi": 6, "N_inlier": 6, "refit": true}
{"timestamp": "20:17:00.940534", "frame": 87, "mu": [1.2424121116524405, 3.141248176858409, 1.0058659634063978], "Sigma": [[0.0021943965777444334, 0.0003717519215603474, -0.005512382408030529], [0.0003717519215603475, 0.00470708013681358, -0.010161821257858895], [-0.00551238240803053, -0.010161821257858895, 0.05183641074519601]], "chi2_level": 0.997, "chi2_df": 3, "chi2_threshold": 13.931422665512084, "N_raw": 13, "N_roi": 8, "N_inlier": 8, "refit": true}
{"timestamp": "20:17:00.997996", "frame": 88, "mu": [1.3668986235543648, 3.00578656206834, 0.9093566677527076], "Sigma": [[0.008700927934950172, -0.004880535828624056, -0.007172432667369201], [-0.004880535828624056, 0.005354981181793308, -0.005972720632093288], [-0.007172432667369201, -0.005972720632093288, 0.12752068945671202]], "chi2_level": 0.997, "chi2_df": 3, "chi2_threshold": 13.931422665512084, "N_raw": 29, "N_roi": 29, "N_inlier": 28, "refit": true}
{"timestamp": "20:17:01.056734", "frame": 89, "mu": [1.3172533869618879, 3.1116662160111717, 1.3318053725620174], "Sigma": [[0.012934786409093227, -0.005833225619354702, -0.00468325387592348], [-0.005833225619354702, 0.008787852801775926, 0.003020373029537269], [-0.004683253875923479, 0.003020373029537269, 0.0036781016537917894]], "chi2_level": 0.997, "chi2_df": 3, "chi2_threshold": 13.931422665512084, "N_raw": 51, "N_roi": 51, "N_inlier": 48, "refit": true}
{"timestamp": "20:17:01.112754", "frame": 90, "mu": [1.3861441741730427, 3.119799180495816, 1.2091254671761498], "Sigma": [[0.017420097243543674, -0.009002810888350567, -0.013034176665915201], [-0.009002810888350567, 0.006797119967663382, 0.009987260245956368], [-0.013034176665915201, 0.009987260245956368, 0.11209095941067987]], "chi2_level": 0.997, "chi2_df": 3, "chi2_threshold": 13.931422665512084, "N_raw": 57, "N_roi": 57, "N_inlier": 55, "refit": true}
{"timestamp": "20:17:01.169106", "frame": 91, "mu": [1.4173416402920886, 3.1502754362093306, 1.2235356166844347], "Sigma": [[0.021770502992328945, -0.009149290410974124, -0.01441600887547172], [-0.009149290410974124, 0.008439166614754847, 0.0006333246869170102], [-0.01441600887547172, 0.0006333246869170105, 0.018344188012314685]], "chi2_level": 0.997, "chi2_df": 3, "chi2_threshold": 13.931422665512084, "N_raw": 69, "N_roi": 69, "N_inlier": 66, "refit": true}
{"timestamp": "20:17:01.220818", "frame": 92, "mu": [1.487829932459977, 3.151721726170144, 1.1461044307731185], "Sigma": [[0.01672014692635313, -0.009514502157435944, -0.016271489404164736], [-0.009514502157435944, 0.006513325413842101, 0.00684874699921219], [-0.016271489404164736, 0.00684874699921219, 0.027189481404350298]], "chi2_level": 0.997, "chi2_df": 3, "chi2_threshold": 13.931422665512084, "N_raw": 42, "N_roi": 38, "N_inlier": 35, "refit": true}
{"timestamp": "20:17:01.276218", "frame": 93, "mu": [1.496472279056812, 3.1393797086780513, 1.2013528102823992], "Sigma": [[0.012514668064112904, -0.007416116917825061, -0.007476389467159356], [-0.007416116917825061, 0.005366393391810079, 0.002497334791709764], [-0.0074763894671593546, 0.002497334791709764, 0.06775701774267942]], "chi2_level": 0.997, "chi2_df": 3, "chi2_threshold": 13.931422665512084, "N_raw": 49, "N_roi": 44, "N_inlier": 42, "refit": true}
{"timestamp": "20:17:01.332118", "frame": 94, "mu": [1.5591571058209217, 3.2024582858766153, 1.3473662070997732], "Sigma": [[0.021174419390648045, -0.010668066566235972, -0.01948969670542491], [-0.010668066566235973, 0.007244203517398817, 0.007122331760533886], [-0.01948969670542491, 0.007122331760533885, 0.07132337311040768]], "chi2_level": 0.997, "chi2_df": 3, "chi2_threshold": 13.931422665512084, "N_raw": 54, "N_roi": 54, "N_inlier": 54, "refit": true}
{"timestamp": "20:17:01.386442", "frame": 95, "mu": [1.6028102987170572, 3.152083210794439, 1.4644898009918288], "Sigma": [[0.013221660303597732, -0.0048921063497339625, -0.003148494164864544], [-0.0048921063497339625, 0.010642103417235144, 0.009546938030534321], [-0.003148494164864544, 0.009546938030534323, 0.00986384403754362]], "chi2_level": 0.997, "chi2_df": 3, "chi2_threshold": 13.931422665512084, "N_raw": 47, "N_roi": 47, "N_inlier": 45, "refit": true}
{"timestamp": "20:17:01.438458", "frame": 96, "mu": [1.6615060814788538, 3.1547517672669483, 1.3346011893633865], "Sigma": [[0.008644204592165016, -0.004133278403015995, 0.00943395934388959], [-0.004133278403015995, 0.007093221748927134, 0.005210384434662044], [0.00943395934388959, 0.005210384434662044, 0.1158334386881113]], "chi2_level": 0.997, "chi2_df": 3, "chi2_threshold": 13.931422665512084, "N_raw": 29, "N_roi": 29, "N_inlier": 29, "refit": true}
{"timestamp": "20:17:01.493168", "frame": 97, "mu": [1.720283666140202, 3.207624816824173, 1.3748589676135055], "Sigma": [[0.014452977869648758, -0.008298174435122102, -0.012483417848796868], [-0.008298174435122102, 0.005488271095731785, 0.005686534465030457], [-0.012483417848796866, 0.005686534465030457, 0.02343813813275085]], "chi2_level": 0.997, "chi2_df": 3, "chi2_threshold": 13.931422665512084, "N_raw": 27, "N_roi": 27, "N_inlier": 24, "refit": true}
{"timestamp": "20:17:01.600109", "frame": 99, "mu": [1.764552167424178, 3.2265884118858135, 1.433440064975714], "Sigma": [[0.006070321804235726, -0.002636993663342884, -0.003649244188834051], [-0.002636993663342884, 0.0026767434544580056, 0.0012023598276276126], [-0.003649244188834051, 0.0012023598276276126, 0.007055166252147682]], "chi2_level": 0.997, "chi2_df": 3, "chi2_threshold": 13.931422665512084, "N_raw": 11, "N_roi": 11, "N_inlier": 11, "refit": true}
{"timestamp": "20:17:01.741569", "frame": 100, "mu": [1.8114147787895514, 3.210936357266856, 1.165559237918685], "Sigma": [[0.001907976114334908, -6.192099896834558e-05, -0.025124961178980627], [-6.192099896834568e-05, 0.007722331067445174, -0.002790564986693887], [-0.025124961178980627, -0.0027905649866938886, 0.37262382714100056]], "chi2_level": 0.997, "chi2_df": 3, "chi2_threshold": 13.931422665512084, "N_raw": 6, "N_roi": 6, "N_inlier": 6, "refit": true}
