{"timestamp": "21:05:55.159213", "frame": 16, "mu": [-1.8683562116147225, 4.958050159963619, 0.8393941670979375], "Sigma": [[0.030275282515715013, 0.002597540886545855, -1.9745689984892296e-05], [0.002597540886545855, 0.0007260748464389518, -0.0011154581230309333], [-1.9745689984892187e-05, -0.0011154581230309333, 0.01036101251816132]], "chi2_level": 0.997, "chi2_df": 3, "chi2_threshold": 13.931422665512084, "N_raw": 42, "N_roi": 19, "N_inlier": 19, "refit": true}
{"timestamp": "21:05:55.219960", "frame": 17, "mu": [-1.777246311186609, 4.9115652034662345, 0.8033806523706541], "Sigma": [[0.029543738664493197, 0.006305090864049226, -0.002887058717526089], [0.006305090864049225, 0.0030150150157930216, -0.002580516283260809], [-0.002887058717526089, -0.002580516283260809, 0.0075497447903374055]], "chi2_level": 0.997, "chi2_df": 3, "chi2_threshold": 13.931422665512084, "N_raw": 40, "N_roi": 33, "N_inlier": 31, "refit": true}
{"timestamp": "21:05:55.269835", "frame": 18, "mu": [-1.8506699160389022, 4.974048500480695, 0.11631712024927007], "Sigma": [[0.021172846849556264, 0.0016466913725868804, 0.00810538600885655], [0.0016466913725868802, 0.0002552295798133536, 0.00014548955206195762], [0.00810538600885655, 0.0001454895520619576, 0.007231532477374801]], "chi2_level": 0.997, "chi2_df": 3, "chi2_threshold": 13.931422665512084, "N_raw": 27, "N_roi": 5, "N_inlier": 5, "refit": true}
{"timestamp": "21:05:55.325613", "frame": 19, "mu": [-1.7914121468549935, 4.948230048934932, 0.07066606121479639], "Sigma": [[0.02238480637202584, 0.0013387990714237422, 0.009157354570651526], [0.0013387990714237422, 0.000981536488135219, -0.0011332073419029177], [0.009157354570651526, -0.0011332073419029174, 0.008913787902644655]], "chi2_level": 0.997, "chi2_df": 3, "chi2_threshold": 13.931422665512084, "N_raw": 39, "N_roi": 14, "N_inlier": 14, "refit": true}
{"timestamp": "21:05:55.376535", "frame": 20, "mu": [-1.8773045469403635, 4.817559739441592, 0.799314613716071], "Sigma": [[0.011234929283225913, -0.0031704852879199602, 0.007432006101550898], [-0.0031704852879199602, 0.0020692268267391003, -0.002044744421167863], [0.007432006101550898, -0.002044744421167863, 0.005992255719416231]], "chi2_level": 0.997, "chi2_df": 3, "chi2_threshold": 13.931422665512084, "N_raw": 5, "N_roi": 5, "N_inlier": 5, "refit": true}
{"timestamp": "21:05:55.432945", "frame": 21, "mu": [-1.7821754832837178, 4.937333497941974, -0.1626187507624774], "Sigma": [[0.012874224433350024, 0.0031936030946264084, -0.0027230319267370494], [0.0031936030946264084, 0.001736350691015684, -0.002374106731684567], [-0.002723031926737049, -0.002374106731684567, 0.005858915543379879]], "chi2_level": 0.997, "chi2_df": 3, "chi2_threshold": 13.931422665512084, "N_raw": 22, "N_roi": 11, "N_inlier": 11, "refit": true}
{"timestamp": "21:05:55.496273", "frame": 22, "mu": [-1.7997363727786735, 4.684188558498748, 0.47805366874161065], "Sigma": [[0.060362340641672736, 0.0012943640463977681, -0.026903356019565294], [0.001294364046397768, 0.006088624345108813, 0.0036360612857479313], [-0.026903356019565294, 0.0036360612857479313, 0.06489656209306305]], "chi2_level": 0.997, "chi2_df": 3, "chi2_threshold": 13.931422665512084, "N_raw": 75, "N_roi": 75, "N_inlier": 75, "refit": true}
{"timestamp": "21:05:55.549100", "frame": 23, "mu": [-1.7199917241277978, 4.646633411291647, 0.6541668716690288], "Sigma": [[0.04587040092261069, 0.016581044349292192, 0.008905224211939004], [0.016581044349292192, 0.006615338461434598, 0.002784578423639838], [0.008905224211939004, 0.002784578423639838, 0.07616080184817348]], "chi2_level": 0.997, "chi2_df": 3, "chi2_threshold": 13.931422665512084, "N_raw": 61, "N_roi": 61, "N_inlier": 61, "refit": true}
{"timestamp": "21:05:55.597485", "frame": 24, "mu": [-1.638775515113063, 4.601867274758693, 0.5834688918407689], "Sigma": [[0.01047347731736774, 0.0021709634661972958, -0.0006970587931978453], [0.0021709634661972958, 0.0010702678876745178, -0.0014260360566405238], [-0.000697058793197845, -0.0014260360566405235, 0.008421486879047332]], "chi2_level": 0.997, "chi2_df": 3, "chi2_threshold": 13.931422665512084, "N_raw": 17, "N_roi": 17, "N_inlier": 17, "refit": true}
{"timestamp": "21:05:55.656975", "frame": 25, "mu": [-1.6792099122333013, 4.74605041460707, -0.09587795776853851], "Sigma": [[0.03933524375235904, 0.010740790105569484, -0.01004351952432177], [0.010740790105569484, 0.007683540054613421, -0.008873651900349989], [-0.01004351952432177, -0.00887365190034999, 0.013562982281332361]], "chi2_level": 0.997, "chi2_df": 3, "chi2_threshold": 13.931422665512084, "N_raw": 51, "N_roi": 51, "N_inlier": 51, "refit": true}
{"timestamp": "21:05:55.714122", "frame": 26, "mu": [-1.7668949680571695, 4.51206356620566, 0.6967698348557603], "Sigma": [[0.04409552445456763, 0.0066052769527874585, -0.02502866920321073], [0.006605276952787459, 0.004381145435906617, -0.007410649330413879], [-0.02502866920321073, -0.007410649330413878, 0.021282863656681802]], "chi2_level": 0.997, "chi2_df": 3, "chi2_threshold": 13.931422665512084, "N_raw": 56, "N_roi": 56, "N_inlier": 56, "refit": true}
{"timestamp": "21:05:55.761782", "frame": 27, "mu": [-1.8065277352032185, 4.640972732167693, -0.04670035494806722], "Sigma": [[0.011536491568103312, -0.004090133773824817, 0.015722847578081747], [-0.004090133773824817, 0.0029112026463991177, -0.008804278622569], [0.015722847578081747, -0.008804278622569002, 0.03190363353656323]], "chi2_level": 0.997, "chi2_df": 3, "chi2_threshold": 13.931422665512084, "N_raw": 5, "N_roi": 5, "N_inlier": 5, "refit": true}
{"timestamp": "21:05:55.820155", "frame": 28, "mu": [-1.683334885701255, 4.417294834079687, 0.6211484203580092], "Sigma": [[0.024038811877158082, -0.0001811653935662645, -0.02416393339035116], [-0.00018116539356626438, 0.0014255647774681836, -0.0025465130613997245], [-0.02416393339035116, -0.0025465130613997245, 0.033725473386382196]], "chi2_level": 0.997, "chi2_df": 3, "chi2_threshold": 13.931422665512084, "N_raw": 34, "N_roi": 33, "N_inlier": 33, "refit": true}
{"timestamp": "21:05:55.877712", "frame": 29, "mu": [-1.7209102112302217, 4.5671371354933505, -0.08975573222737776], "Sigma": [[0.034893922531545656, 0.005916499918032898, -0.019892086296767815], [0.005916499918032898, 0.0055107697201089755, -0.010902051094604261], [-0.019892086296767815, -0.010902051094604261, 0.027099678652575156]], "chi2_level": 0.997, "chi2_df": 3, "chi2_threshold": 13.931422665512084, "N_raw": 47, "N_roi": 45, "N_inlier": 45, "refit": true}
{"timestamp": "21:05:55.934158", "frame": 30, "mu": [-1.729090322289172, 4.355901043762886, 0.8172886353885375], "Sigma": [[0.04229747286091858, 0.0059718193567622055, -0.02372118589125407], [0.0059718193567622055, 0.005285731597391699, -0.00542762621964887], [-0.02372118589125407, -0.00542762621964887, 0.01932674305945052]], "chi2_level": 0.997, "chi2_df": 3, "chi2_threshold": 13.931422665512084, "N_raw": 58, "N_roi": 58, "N_inlier": 57, "refit": true}
{"timestamp": "21:05:55.987304", "frame": 31, "mu": [-1.7399927028452848, 4.313094098792648, 0.7512013166501669], "Sigma": [[0.04043075411692773, 0.0011198451347274843, -0.03516971077181964], [0.0011198451347274843, 0.005570678689154738, 0.00013126412384309002], [-0.03516971077181964, 0.00013126412384309035, 0.038303316194292295]], "chi2_level": 0.997, "chi2_df": 3, "chi2_threshold": 13.931422665512084, "N_raw": 52, "N_roi": 52, "N_inlier": 51, "refit": true}
{"timestamp": "21:05:56.043635", "frame": 32, "mu": [-1.7788273198091789, 4.259125308909516, 0.8284941682587732], "Sigma": [[0.03496493941729066, 0.0045077719162337606, -0.02813721798619003], [0.004507771916233761, 0.0052803285813388745, -0.006399977886535964], [-0.02813721798619003, -0.006399977886535964, 0.029984112817394732]], "chi2_level": 0.997, "chi2_df": 3, "chi2_threshold": 13.931422665512084, "N_raw": 55, "N_roi": 55, "N_inlier": 54, "refit": true}
{"timestamp": "21:05:56.099267", "frame": 33, "mu": [-1.775813182581819, 4.19470284963978, 0.8238474549692504], "Sigma": [[0.03263308694496607, 0.0007611579677308883, -0.04291717298142126], [0.0007611579677308881, 0.004099382385103551, -0.005122132879786421], [-0.04291717298142126, -0.005122132879786422, 0.06913346418412808]], "chi2_level": 0.997, "chi2_df": 3, "chi2_threshold": 13.931422665512084, "N_raw": 54, "N_roi": 54, "N_inlier": 54, "refit": true}
{"timestamp": "21:05:56.152984", "frame": 34, "mu": [-1.6890095577800626, 4.351047799045058, -0.3754494748939361], "Sigma": [[0.03229581941090391, 0.009386468493351025, -0.039488754667506176], [0.009386468493351025, 0.0074659437389211275, -0.01594966301193743], [-0.039488754667506176, -0.01594966301193743, 0.056136796676214254]], "chi2_level": 0.997, "chi2_df": 3, "chi2_threshold": 13.931422665512084, "N_raw": 47, "N_roi": 47, "N_inlier": 47, "refit": true}
{"timestamp": "21:05:56.204991", "frame": 35, "mu": [-1.654946702288691, 4.055677292667833, 0.5998719803152642], "Sigma": [[0.025773537187934705, 0.0006948440014352726, -0.010699248416562158], [0.0006948440014352729, 0.002488913564139537, -0.001799078642646561], [-0.010699248416562158, -0.001799078642646561, 0.006920917877739947]], "chi2_level": 0.997, "chi2_df": 3, "chi2_threshold": 13.931422665512084, "N_raw": 24, "N_roi": 24, "N_inlier": 23, "refit": true}
{"timestamp": "21:05:56.261076", "frame": 36, "mu": [-1.674986070951036, 4.265022098175093, -0.39736651900220116], "Sigma": [[0.03061609235328529, 0.009388084457690854, -0.021549608474289182], [0.009388084457690854, 0.006779540148036345, -0.012085348238441757], [-0.021549608474289182, -0.012085348238441759, 0.025651342235203368]], "chi2_level": 0.997, "chi2_df": 3, "chi2_threshold": 13.931422665512084, "N_raw": 45, "N_roi": 45, "N_inlier": 44, "refit": true}
{"timestamp": "21:05:56.314144", "frame": 37, "mu": [-1.606756995367868, 3.9764222913325975, 0.5879177831134159], "Sigma": [[0.024937490439783952, 0.0021152658260977794, -0.01331333162901362], [0.002115265826097779, 0.002653900207382112, -0.0021400915336296997], [-0.013313331629013624, -0.0021400915336296997, 0.008942248882566247]], "chi2_level": 0.997, "chi2_df": 3, "chi2_threshold": 13.931422665512084, "N_raw": 19, "N_roi": 19, "N_inlier": 19, "refit": true}
{"timestamp": "21:05:56.366936", "frame": 38, "mu": [-1.829383221640972, 3.9217901359002996, 0.886350354670843], "Sigma": [[0.0058321776699253045, -0.0006449106683653472, 0.0010509107759683878], [-0.0006449106683653472, 0.0012186038009363246, -0.0035917827110373566], [0.0010509107759683878, -0.0035917827110373566, 0.017875032091162892]], "chi2_level": 0.997, "chi2_df": 3, "chi2_threshold": 13.931422665512084, "N_raw": 15, "N_roi": 15, "N_inlier": 15, "refit": true}
{"timestamp": "21:05:56.429214", "frame": 39, "mu": [-1.7219642630254484, 3.893803768775003, 0.8417224136652791], "Sigma": [[0.02749278565177662, 0.003982722770557785, -0.01813510084064526], [0.003982722770557784, 0.005064897581864909, -0.006560173244525599], [-0.01813510084064526, -0.006560173244525599, 0.01871966906295753]], "chi2_level": 0.997, "chi2_df": 3, "chi2_threshold": 13.931422665512084, "N_raw": 54, "N_roi": 54, "N_inlier": 54, "refit": true}
{"timestamp": "21:05:56.479555", "frame": 40, "mu": [-1.6885827726932277, 3.8631948825520253, 0.7721846838297586], "Sigma": [[0.02237462916064125, 0.0021221515555307027, -0.008320284833412215], [0.0021221515555307022, 0.001333590108332645, -0.002971447075356635], [-0.008320284833412215, -0.002971447075356635, 0.012259612492951563]], "chi2_level": 0.997, "chi2_df": 3, "chi2_threshold": 13.931422665512084, "N_raw": 25, "N_roi": 24, "N_inlier": 23, "refit": true}
{"timestamp": "21:05:56.541009", "frame": 41, "mu": [-1.7125317544587657, 3.800482041087115, 0.7368482245984238], "Sigma": [[0.04133290403636331, 0.0023192599098838898, -0.017114870902862976], [0.0023192599098838898, 0.001361768989334318, -0.005683472139067909], [-0.017114870902862976, -0.00568347213906791, 0.03627385580959727]], "chi2_level": 0.997, "chi2_df": 3, "chi2_threshold": 13.931422665512084, "N_raw": 71, "N_roi": 70, "N_inlier": 69, "refit": true}
{"timestamp": "21:05:56.592412", "frame": 42, "mu": [-1.7954338019873493, 3.7414799277038377, 0.7911980752506604], "Sigma": [[0.03107317116159209, 0.0011737093083324121, -0.01361790275147721], [0.0011737093083324121, 0.0009368220046604521, -0.0027189217475970385], [-0.01361790275147721, -0.0027189217475970385, 0.03513731842704908]], "chi2_level": 0.997, "chi2_df": 3, "chi2_threshold": 13.931422665512084, "N_raw": 50, "N_roi": 50, "N_inlier": 49, "refit": true}
{"timestamp": "21:05:56.651440", "frame": 43, "mu": [-1.8706499564636627, 3.714418390716486, 0.8543051927286891], "Sigma": [[0.05148988554801767, 0.0034095338925448724, -0.004888565152400136], [0.0034095338925448715, 0.0031793994824643734, -0.0037933339289693622], [-0.004888565152400136, -0.0037933339289693622, 0.008049654873590932]], "chi2_level": 0.997, "chi2_df": 3, "chi2_threshold": 13.931422665512084, "N_raw": 68, "N_roi": 68, "N_inlier": 68, "refit": true}
{"timestamp": "21:05:56.703724", "frame": 44, "mu": [-1.6622477709087549, 3.6920054303881664, 0.8824666719710326], "Sigma": [[0.0323254317650655, 0.0047362706382998426, -0.00999130709202814], [0.004736270638299843, 0.002367476050954692, -0.007192218080948475], [-0.00999130709202814, -0.007192218080948476, 0.032192942985794094]], "chi2_level": 0.997, "chi2_df": 3, "chi2_threshold": 13.931422665512084, "N_raw": 56, "N_roi": 55, "N_inlier": 54, "refit": true}
{"timestamp": "21:05:56.759755", "frame": 45, "mu": [-1.8175047657637777, 3.606644604464375, 0.7119864287868061], "Sigma": [[0.03892688018607779, 0.0026558829893497766, -0.00751746181387276], [0.0026558829893497766, 0.004673875276845579, -0.0007502738242267598], [-0.0075174618138727604, -0.0007502738242267596, 0.009624428372241806]], "chi2_level": 0.997, "chi2_df": 3, "chi2_threshold": 13.931422665512084, "N_raw": 62, "N_roi": 58, "N_inlier": 58, "refit": true}
{"timestamp": "21:05:56.816915", "frame": 46, "mu": [-1.81053146849929, 3.566783728689761, 0.7436904547434587], "Sigma": [[0.03269180946797273, 0.00534180678715509, -0.0001689879092290525], [0.0053418067871550895, 0.0031888474331814437, -0.006685398449240343], [-0.00016898790922905218, -0.006685398449240343, 0.04070062395916989]], "chi2_level": 0.997, "chi2_df": 3, "chi2_threshold": 13.931422665512084, "N_raw": 78, "N_roi": 78, "N_inlier": 78, "refit": true}
{"timestamp": "21:05:56.870502", "frame": 47, "mu": [-1.7856218162482738, 3.6660318064046753, -0.15860931276840345], "Sigma": [[0.02104862993796377, 0.008464122547029385, -0.010252586415208662], [0.008464122547029385, 0.010098720027556641, -0.025344734917918957], [-0.01025258641520866, -0.025344734917918957, 0.09534211299867829]], "chi2_level": 0.997, "chi2_df": 3, "chi2_threshold": 13.931422665512084, "N_raw": 60, "N_roi": 60, "N_inlier": 60, "refit": true}
{"timestamp": "21:05:56.925886", "frame": 48, "mu": [-1.7253738138445023, 3.6698041088665505, -0.2920275830166979], "Sigma": [[0.026812695267297737, 0.002982946040826719, 0.008658089018659772], [0.002982946040826719, 0.007010442496384796, -0.011818755350917736], [0.008658089018659772, -0.011818755350917736, 0.036313308444904394]], "chi2_level": 0.997, "chi2_df": 3, "chi2_threshold": 13.931422665512084, "N_raw": 67, "N_roi": 67, "N_inlier": 65, "refit": true}
{"timestamp": "21:05:56.981062", "frame": 49, "mu": [-1.7548367917421241, 3.3906075043687216, -0.27409922996067276], "Sigma": [[0.03211881475061853, 0.005526052255471551, 0.14384384712413123], [0.00552605225547155, 0.0037192123132690526, 0.03275682816761831], [0.14384384712413123, 0.03275682816761831, 0.9540694862561138]], "chi2_level": 0.997, "chi2_df": 3, "chi2_threshold": 13.931422665512084, "N_raw": 73, "N_roi": 73, "N_inlier": 73, "refit": true}
{"timestamp": "21:05:57.029502", "frame": 50, "mu": [-1.614695484423739, 3.3595459429278676, 0.8234755070691396], "Sigma": [[0.009184416085973339, -0.0011410540914833396, -0.009668444340639381], [-0.0011410540914833396, 0.001621511582322824, -0.0008309410211807142], [-0.009668444340639381, -0.0008309410211807142, 0.015958274274986025]], "chi2_level": 0.997, "chi2_df": 3, "chi2_threshold": 13.931422665512084, "N_raw": 25, "N_roi": 25, "N_inlier": 24, "refit": true}
{"timestamp": "21:05:57.088280", "frame": 51, "mu": [-1.7659077242585302, 3.346535694097093, 0.8878356735982555], "Sigma": [[0.02473851778322647, 0.0030150670175948325, -0.011694364450667221], [0.003015067017594832, 0.003031649776154292, -0.0051198048071016584], [-0.011694364450667221, -0.0051198048071016584, 0.013325130414783663]], "chi2_level": 0.997, "chi2_df": 3, "chi2_threshold": 13.931422665512084, "N_raw": 51, "N_roi": 51, "N_inlier": 51, "refit": true}
{"timestamp": "21:05:57.144273", "frame": 52, "mu": [-1.807897535280908, 3.278183349946337, 0.9910383047512382], "Sigma": [[0.02498291094145679, 0.0012989492960872222, -0.01782177193492982], [0.0012989492960872224, 0.003149909056746991, -0.0042849167964610834], [-0.017821771934929825, -0.004284916796461083, 0.019927097296406557]], "chi2_level": 0.997, "chi2_df": 3, "chi2_threshold": 13.931422665512084, "N_raw": 53, "N_roi": 53, "N_inlier": 50, "refit": true}
{"timestamp": "21:05:57.194982", "frame": 53, "mu": [-1.7163462153866818, 3.238986822728767, 0.8746409323142219], "Sigma": [[0.012791288211954207, 0.0018312443574969505, -0.015493408513554088], [0.0018312443574969505, 0.0010329977450580148, -0.004919795162777624], [-0.015493408513554088, -0.004919795162777624, 0.034308448581783973]], "chi2_level": 0.997, "chi2_df": 3, "chi2_threshold": 13.931422665512084, "N_raw": 28, "N_roi": 28, "N_inlier": 27, "refit": true}
{"timestamp": "21:05:57.251283", "frame": 54, "mu": [-1.7045930907533569, 3.3223737469554893, -0.6070107211646529], "Sigma": [[0.024752709014665836, 0.01576778196075707, 0.035398472869934486], [0.01576778196075707, 0.017788603971078613, 0.03289662732390902], [0.035398472869934486, 0.03289662732390902, 0.10388931832456662]], "chi2_level": 0.997, "chi2_df": 3, "chi2_threshold": 13.931422665512084, "N_raw": 42, "N_roi": 42, "N_inlier": 40, "refit": true}
{"timestamp": "21:05:57.306490", "frame": 55, "mu": [-1.6740346228620226, 3.361405081342844, -0.4332216174089204], "Sigma": [[0.022922363310068156, 0.00852464859493718, -0.02579379977372665], [0.00852464859493718, 0.006167393090344631, -0.01451545241145779], [-0.02579379977372665, -0.01451545241145779, 0.040591528280511435]], "chi2_level": 0.997, "chi2_df": 3, "chi2_threshold": 13.931422665512084, "N_raw": 41, "N_roi": 41, "N_inlier": 41, "refit": true}
{"timestamp": "21:05:57.362271", "frame": 56, "mu": [-1.7479690597294824, 3.2747172239983624, -0.27961616217457275], "Sigma": [[0.023320833162554046, 0.009844556249130238, -0.026888567100205964], [0.009844556249130238, 0.007499159739575703, -0.016637229117550566], [-0.026888567100205964, -0.016637229117550566, 0.04108488560809551]], "chi2_level": 0.997, "chi2_df": 3, "chi2_threshold": 13.931422665512084, "N_raw": 46, "N_roi": 46, "N_inlier": 44, "refit": true}
{"timestamp": "21:05:57.417548", "frame": 57, "mu": [-1.7718379477258248, 3.0673399987796928, 1.0208195651655596], "Sigma": [[0.020274353613873464, 0.004046837738066132, -0.01972759286664729], [0.004046837738066132, 0.0034358876143837313, -0.008181431845254982], [-0.01972759286664729, -0.008181431845254982, 0.02835281697452117]], "chi2_level": 0.997, "chi2_df": 3, "chi2_threshold": 13.931422665512084, "N_raw": 50, "N_roi": 50, "N_inlier": 48, "refit": true}
{"timestamp": "21:05:57.467720", "frame": 58, "mu": [-1.7090893498479844, 3.068067446379394, 0.8123340948103017], "Sigma": [[0.01349263181122204, 0.00214211435279998, -0.0010416609295277515], [0.00214211435279998, 0.0023649304908803215, -0.0013568609576107532], [-0.0010416609295277515, -0.0013568609576107532, 0.0010086832620589492]], "chi2_level": 0.997, "chi2_df": 3, "chi2_threshold": 13.931422665512084, "N_raw": 16, "N_roi": 16, "N_inlier": 15, "refit": true}
{"timestamp": "21:05:57.525748", "frame": 59, "mu": [-1.8077883869783893, 3.0988717541534423, -0.26134324666830444], "Sigma": [[0.013981849793619648, 0.005789610516348605, -0.006825840865814722], [0.005789610516348605, 0.006118559717413438, -0.006250859921977129], [-0.006825840865814722, -0.006250859921977129, 0.007268409110566778]], "chi2_level": 0.997, "chi2_df": 3, "chi2_threshold": 13.931422665512084, "N_raw": 37, "N_roi": 37, "N_inlier": 36, "refit": true}
{"timestamp": "21:05:57.578752", "frame": 60, "mu": [-1.8610959177876505, 2.87323857684153, 1.1908539019753224], "Sigma": [[0.009664606347115426, 0.0019257776726868021, -0.0027885243453265743], [0.001925777672686802, 0.0018493346001156267, -0.005426162750049517], [-0.002788524345326574, -0.005426162750049516, 0.04121328206605896]], "chi2_level": 0.997, "chi2_df": 3, "chi2_threshold": 13.931422665512084, "N_raw": 21, "N_roi": 21, "N_inlier": 21, "refit": true}
{"timestamp": "21:05:57.633847", "frame": 61, "mu": [-1.980941566473522, 2.9955122597964543, -0.2941892991020087], "Sigma": [[0.025754674208998567, 0.0007851325083284802, -0.0017833475346825793], [0.0007851325083284805, 0.005057774019606324, -0.0039549275851144105], [-0.0017833475346825793, -0.0039549275851144105, 0.0041426131228335826]], "chi2_level": 0.997, "chi2_df": 3, "chi2_threshold": 13.931422665512084, "N_raw": 25, "N_roi": 23, "N_inlier": 23, "refit": true}
{"timestamp": "21:05:57.689225", "frame": 62, "mu": [-1.7386914402200968, 2.747707021013246, 0.8526063349497472], "Sigma": [[0.013056610389054564, 0.0016669711569382026, -0.010086890944945793], [0.0016669711569382028, 0.0014577444908430912, -0.0043821957085701975], [-0.010086890944945795, -0.0043821957085701975, 0.021423931745259035]], "chi2_level": 0.997, "chi2_df": 3, "chi2_threshold": 13.931422665512084, "N_raw": 28, "N_roi": 28, "N_inlier": 27, "refit": true}
{"timestamp": "21:05:57.746179", "frame": 63, "mu": [-1.8522847821044097, 2.7216517967999367, 1.0136573529680568], "Sigma": [[0.03494869263726695, 0.0031659110353411393, -0.0006831290370519813], [0.0031659110353411393, 0.002221289380786284, -0.002881808253169827], [-0.0006831290370519812, -0.0028818082531698276, 0.006223372817595965]], "chi2_level": 0.997, "chi2_df": 3, "chi2_threshold": 13.931422665512084, "N_raw": 34, "N_roi": 34, "N_inlier": 34, "refit": true}
{"timestamp": "21:05:57.797182", "frame": 64, "mu": [-1.7931029420579614, 2.703205497624376, 1.047403147907039], "Sigma": [[0.01699134958938381, -0.0013245983471289412, -0.0015106144019731659], [-0.0013245983471289412, 0.0008832554059275635, -0.0011512334134627113], [-0.0015106144019731663, -0.0011512334134627113, 0.004301293255715775]], "chi2_level": 0.997, "chi2_df": 3, "chi2_threshold": 13.931422665512084, "N_raw": 14, "N_roi": 14, "N_inlier": 14, "refit": true}
{"timestamp": "21:05:57.852080", "frame": 65, "mu": [-1.7532142097207868, 2.5565978470694977, -0.23700969839549954], "Sigma": [[0.3361746514312626, -0.3946248110201578, 0.031141095029135285], [-0.3946248110201578, 0.5115400852741081, -0.011415564719631496], [0.031141095029135285, -0.011415564719631498, 0.0176798697128139]], "chi2_level": 0.997, "chi2_df": 3, "chi2_threshold": 13.931422665512084, "N_raw": 10, "N_roi": 9, "N_inlier": 9, "refit": true}
{"timestamp": "21:05:57.914543", "frame": 66, "mu": [-2.0096043832000734, 2.7593709707083622, -0.5286198844887083], "Sigma": [[0.028949314069024006, 0.007023583847558683, -0.01065051663851514], [0.007023583847558685, 0.0059927392911109925, -0.008036623389534652], [-0.010650516638515142, -0.008036623389534652, 0.01927849375676282]], "chi2_level": 0.997, "chi2_df": 3, "chi2_threshold": 13.931422665512084, "N_raw": 70, "N_roi": 47, "N_inlier": 44, "refit": true}
{"timestamp": "21:05:57.964820", "frame": 67, "mu": [-1.9663687858079502, 2.501827018161378, 0.8384701048834262], "Sigma": [[0.03122373366187458, 0.005953898937553045, 0.008230761377088464], [0.005953898937553045, 0.0030480560330498913, 0.00028842566089778], [0.008230761377088464, 0.0002884256608977799, 0.012938618143313619]], "chi2_level": 0.997, "chi2_df": 3, "chi2_threshold": 13.931422665512084, "N_raw": 26, "N_roi": 23, "N_inlier": 23, "refit": true}
{"timestamp": "21:05:58.029583", "frame": 68, "mu": [-1.8737396798479657, 2.4675740043216963, 0.9652862389653174], "Sigma": [[0.05459107851572981, 0.00496106209126761, 0.0006660467822700222], [0.00496106209126761, 0.004609043336966416, -0.001087919923731462], [0.0006660467822700222, -0.001087919923731462, 0.023996058890269706]], "chi2_level": 0.997, "chi2_df": 3, "chi2_threshold": 13.931422665512084, "N_raw": 98, "N_roi": 95, "N_inlier": 94, "refit": true}
{"timestamp": "21:05:58.084735", "frame": 69, "mu": [-1.9272579633302003, 2.4147915182420734, 1.103063107278372], "Sigma": [[0.025474968801437466, 0.004172873661984645, 0.007054964779869484], [0.004172873661984645, 0.0046541074983874765, -0.004528469285810943], [0.007054964779869484, -0.004528469285810943, 0.05273414618416346]], "chi2_level": 0.997, "chi2_df": 3, "chi2_threshold": 13.931422665512084, "N_raw": 88, "N_roi": 88, "N_inlier": 87, "refit": true}
{"timestamp": "21:05:58.131629", "frame": 70, "mu": [-1.9586805299303363, 2.3317809980358097, 1.1170374265417007], "Sigma": [[0.04051573324228579, 0.0320206269518102, -0.05353547319431637], [0.03202062695181019, 0.03276019829893523, -0.05552560755512667], [-0.05353547319431637, -0.05552560755512667, 0.1043430533112019]], "chi2_level": 0.997, "chi2_df": 3, "chi2_threshold": 13.931422665512084, "N_raw": 44, "N_roi": 39, "N_inlier": 38, "refit": true}
{"timestamp": "21:05:58.186948", "frame": 71, "mu": [-1.8953421818964433, 2.274913538856296, 1.3585549281465303], "Sigma": [[0.0349008981348011, 0.018355640356233098, -0.025024521286456665], [0.018355640356233098, 0.013935443212189638, -0.014384814447268753], [-0.025024521286456665, -0.014384814447268753, 0.03461592867322312]], "chi2_level": 0.997, "chi2_df": 3, "chi2_threshold": 13.931422665512084, "N_raw": 44, "N_roi": 43, "N_inlier": 41, "refit": true}
{"timestamp": "21:05:58.247126", "frame": 72, "mu": [-1.9246575060540607, 2.3298869261704778, -0.14245702615336725], "Sigma": [[0.05126491323414584, 0.03260486809352698, -0.0183115671036891], [0.03260486809352698, 0.032723039674486594, -0.02419356006999123], [-0.0183115671036891, -0.02419356006999123, 0.028065378799744595]], "chi2_level": 0.997, "chi2_df": 3, "chi2_threshold": 13.931422665512084, "N_raw": 82, "N_roi": 79, "N_inlier": 79, "refit": true}
{"timestamp": "21:05:58.303731", "frame": 73, "mu": [-1.9697202331060792, 2.23984020529938, 0.013145110716229303], "Sigma": [[0.05361859625694993, 0.028429032779324036, 0.05614690245460692], [0.028429032779324043, 0.02935286435304487, -0.006768022920520628], [0.05614690245460692, -0.006768022920520628, 0.26444334640912176]], "chi2_level": 0.997, "chi2_df": 3, "chi2_threshold": 13.931422665512084, "N_raw": 86, "N_roi": 86, "N_inlier": 85, "refit": true}
{"timestamp": "21:05:58.350548", "frame": 74, "mu": [-1.8446625887891537, 2.1668705391443783, 1.168867821361102], "Sigma": [[0.006129737699161467, 0.0026068763103048037, -0.003451617381532613], [0.0026068763103048037, 0.003481922254292588, -0.0049568870096712075], [-0.003451617381532613, -0.0049568870096712075, 0.008306642329789697]], "chi2_level": 0.997, "chi2_df": 3, "chi2_threshold": 13.931422665512084, "N_raw": 29, "N_roi": 29, "N_inlier": 28, "refit": true}
{"timestamp": "21:05:58.404967", "frame": 75, "mu": [-2.1520845302439686, 1.8780162362266821, 1.6127338559186053], "Sigma": [[0.0931923446395743, 0.06164209270253311, -0.0808776495576872], [0.06164209270253311, 0.04867502647483212, -0.05853287074484244], [-0.0808776495576872, -0.05853287074484244, 0.07597202593623578]], "chi2_level": 0.997, "chi2_df": 3, "chi2_threshold": 13.931422665512084, "N_raw": 35, "N_roi": 34, "N_inlier": 33, "refit": true}
{"timestamp": "21:05:58.469427", "frame": 76, "mu": [-1.9663481264774307, 1.9904033929232012, 1.2644486574218448], "Sigma": [[0.05475065056557295, 0.03186239988344613, -0.059088879420513975], [0.03186239988344613, 0.026899275869947493, -0.040375603266065485], [-0.059088879420513975, -0.040375603266065485, 0.0745824512204059]], "chi2_level": 0.997, "chi2_df": 3, "chi2_threshold": 13.931422665512084, "N_raw": 88, "N_roi": 88, "N_inlier": 85, "refit": true}
{"timestamp": "21:05:58.524788", "frame": 77, "mu": [-2.0130598414009415, 1.9879469570165766, 0.3117514027309548], "Sigma": [[0.05473938069986886, 0.03890577691708724, 0.05793065380804181], [0.03890577691708724, 0.04155467922423419, 0.011803493740589796], [0.057930653808041806, 0.011803493740589794, 0.25447769695164046]], "chi2_level": 0.997, "chi2_df": 3, "chi2_threshold": 13.931422665512084, "N_raw": 92, "N_roi": 92, "N_inlier": 92, "refit": true}
{"timestamp": "21:05:58.574918", "frame": 78, "mu": [-1.9974073351650854, 1.8751396448856648, 1.3089887534188689], "Sigma": [[0.04545092626226939, 0.0335181105365404, -0.047719712503518884], [0.0335181105365404, 0.029333145793792266, -0.039102458871438164], [-0.04771971250351888, -0.039102458871438164, 0.05719605663008536]], "chi2_level": 0.997, "chi2_df": 3, "chi2_threshold": 13.931422665512084, "N_raw": 61, "N_roi": 61, "N_inlier": 60, "refit": true}
{"timestamp": "21:05:58.635365", "frame": 79, "mu": [-1.978821104014435, 1.8346247485728666, 1.1190982326297272], "Sigma": [[0.06233927845417218, 0.028938472215973187, -0.04685940526263534], [0.028938472215973184, 0.016326538146505955, -0.027862003980474694], [-0.04685940526263533, -0.027862003980474694, 0.09506510309843524]], "chi2_level": 0.997, "chi2_df": 3, "chi2_threshold": 13.931422665512084, "N_raw": 101, "N_roi": 101, "N_inlier": 101, "refit": true}
{"timestamp": "21:05:58.694340", "frame": 80, "mu": [-2.126530949736126, 1.810072284254418, -0.1735847805391257], "Sigma": [[0.029902581496916235, 0.02598566471056431, -0.007937875871532848], [0.02598566471056431, 0.04584990905971176, -0.031872022863894026], [-0.007937875871532848, -0.031872022863894026, 0.049997182399560976]], "chi2_level": 0.997, "chi2_df": 3, "chi2_threshold": 13.931422665512084, "N_raw": 128, "N_roi": 128, "N_inlier": 126, "refit": true}
{"timestamp": "21:05:58.747599", "frame": 81, "mu": [-2.026767159490746, 1.8388009649057926, -0.2604407287357303], "Sigma": [[0.02707673198235489, 0.02661967959010033, -0.016340888959598017], [0.02661967959010033, 0.04095995126236537, -0.030116080438148164], [-0.016340888959598017, -0.030116080438148167, 0.026434646167105173]], "chi2_level": 0.997, "chi2_df": 3, "chi2_threshold": 13.931422665512084, "N_raw": 116, "N_roi": 116, "N_inlier": 114, "refit": true}
{"timestamp": "21:05:58.799279", "frame": 82, "mu": [-2.003038712494213, 1.7034778178957217, 1.1915250610842774], "Sigma": [[0.02312681903268935, 0.01749725693303742, -0.01924624248953499], [0.01749725693303742, 0.017766746380032016, -0.023974519008136186], [-0.019246242489534986, -0.023974519008136186, 0.03955276655615768]], "chi2_level": 0.997, "chi2_df": 3, "chi2_threshold": 13.931422665512084, "N_raw": 83, "N_roi": 83, "N_inlier": 83, "refit": true}
{"timestamp": "21:05:58.857801", "frame": 83, "mu": [-2.094061238806366, 1.5584236751553715, 1.2184128020094287], "Sigma": [[0.0262561847925391, 0.018877353657357085, 0.0016334363663007053], [0.018877353657357085, 0.020571139559196136, -0.015959917960038428], [0.0016334363663007049, -0.015959917960038428, 0.06345430758555631]], "chi2_level": 0.997, "chi2_df": 3, "chi2_threshold": 13.931422665512084, "N_raw": 117, "N_roi": 117, "N_inlier": 117, "refit": true}
{"timestamp": "21:05:58.910547", "frame": 84, "mu": [-1.996306072002244, 1.5453129763356093, 1.2143148361068705], "Sigma": [[0.024064167676646223, 0.015345731795186848, -0.009502468862752644], [0.015345731795186848, 0.016326399292262147, -0.020344407911310387], [-0.009502468862752644, -0.020344407911310387, 0.05404150250304805]], "chi2_level": 0.997, "chi2_df": 3, "chi2_threshold": 13.931422665512084, "N_raw": 96, "N_roi": 96, "N_inlier": 95, "refit": true}
{"timestamp": "21:05:58.964216", "frame": 85, "mu": [-1.9298827130240916, 1.5312145045719656, 1.1518210025758204], "Sigma": [[0.024259439903263423, 0.019903180595779113, -0.02079871311464099], [0.019903180595779113, 0.019465975303269697, -0.0240512234175521], [-0.020798713114640988, -0.0240512234175521, 0.04338914033400976]], "chi2_level": 0.997, "chi2_df": 3, "chi2_threshold": 13.931422665512084, "N_raw": 93, "N_roi": 93, "N_inlier": 93, "refit": true}
{"timestamp": "21:05:59.016731", "frame": 86, "mu": [-2.0450696189106568, 1.3453268211188312, 1.2459389227444642], "Sigma": [[0.015288815940361156, 0.011250071595326278, -0.004695927651421261], [0.011250071595326278, 0.012932974957564408, -0.00953565058869808], [-0.00469592765142126, -0.00953565058869808, 0.027077435429975635]], "chi2_level": 0.997, "chi2_df": 3, "chi2_threshold": 13.931422665512084, "N_raw": 72, "N_roi": 72, "N_inlier": 71, "refit": true}
{"timestamp": "21:05:59.070115", "frame": 87, "mu": [-1.967309803840762, 1.3147394910064278, 1.1247005058013801], "Sigma": [[0.013675283412326584, 0.01274817011064654, -0.009132262318466422], [0.01274817011064654, 0.017154526730737182, -0.01579035027548694], [-0.009132262318466422, -0.01579035027548694, 0.01884648802123626]], "chi2_level": 0.997, "chi2_df": 3, "chi2_threshold": 13.931422665512084, "N_raw": 67, "N_roi": 67, "N_inlier": 67, "refit": true}
{"timestamp": "21:05:59.123848", "frame": 88, "mu": [-1.9718937277151416, 1.3498696687043759, 1.3219057460444055], "Sigma": [[0.011565565900981763, 0.007518678908239936, -0.011763662119191148], [0.007518678908239936, 0.0144648299216653, -0.011172499367229033], [-0.011763662119191148, -0.011172499367229033, 0.014355107663262498]], "chi2_level": 0.997, "chi2_df": 3, "chi2_threshold": 13.931422665512084, "N_raw": 56, "N_roi": 56, "N_inlier": 54, "refit": true}
{"timestamp": "21:05:59.180373", "frame": 89, "mu": [-1.952026588077371, 1.2579651352574803, 1.212687569171917], "Sigma": [[0.01745971028930561, 0.013425538859535024, -0.014712707136088219], [0.013425538859535024, 0.015199350532234089, -0.01809910269847949], [-0.014712707136088216, -0.018099102698479485, 0.032893788720020606]], "chi2_level": 0.997, "chi2_df": 3, "chi2_threshold": 13.931422665512084, "N_raw": 66, "N_roi": 66, "N_inlier": 66, "refit": true}
{"timestamp": "21:05:59.240558", "frame": 90, "mu": [-1.8903252121937186, 1.2970761019397905, 1.2549607321701952], "Sigma": [[0.020570902652521858, 0.012310788912214756, -0.01898999691786299], [0.012310788912214755, 0.014529485879296162, -0.0190679598405857], [-0.01898999691786299, -0.0190679598405857, 0.03343478709938966]], "chi2_level": 0.997, "chi2_df": 3, "chi2_threshold": 13.931422665512084, "N_raw": 96, "N_roi": 96, "N_inlier": 93, "refit": true}
{"timestamp": "21:05:59.294431", "frame": 91, "mu": [-1.799048674283201, 1.2296603876301073, 0.9999986878474544], "Sigma": [[0.02409879221801648, 0.010222883269994227, -0.01224706333054194], [0.010222883269994227, 0.009001910593069222, -0.00990287335162364], [-0.01224706333054194, -0.00990287335162364, 0.01676372702979194]], "chi2_level": 0.997, "chi2_df": 3, "chi2_threshold": 13.931422665512084, "N_raw": 93, "N_roi": 93, "N_inlier": 90, "refit": true}
{"timestamp": "21:05:59.349595", "frame": 92, "mu": [-1.8496899359594585, 1.2258479494931471, 1.1099180106554436], "Sigma": [[0.016864094397275337, 0.012817575189450271, -0.007840807537729682], [0.012817575189450271, 0.012739310525284445, -0.012828725532491009], [-0.007840807537729682, -0.012828725532491009, 0.027918429382944514]], "chi2_level": 0.997, "chi2_df": 3, "chi2_threshold": 13.931422665512084, "N_raw": 91, "N_roi": 91, "N_inlier": 90, "refit": true}
{"timestamp": "21:05:59.404254", "frame": 93, "mu": [-1.8287991092031035, 1.2306366797580681, 1.179990962057271], "Sigma": [[0.016495495292079304, 0.010590830269178933, -0.008377426634101851], [0.010590830269178933, 0.012365785264998933, -0.013985358187497604], [-0.008377426634101851, -0.013985358187497604, 0.023590496420978043]], "chi2_level": 0.997, "chi2_df": 3, "chi2_threshold": 13.931422665512084, "N_raw": 91, "N_roi": 91, "N_inlier": 91, "refit": true}
{"timestamp": "21:05:59.463053", "frame": 94, "mu": [-1.9233105684325744, 1.091450720729349, 1.068761742928712], "Sigma": [[0.017277539599703316, 0.013930338550015386, 0.007415689785664982], [0.013930338550015386, 0.016278874141119618, -0.003307955951920575], [0.007415689785664983, -0.003307955951920575, 0.053876184078676635]], "chi2_level": 0.997, "chi2_df": 3, "chi2_threshold": 13.931422665512084, "N_raw": 116, "N_roi": 116, "N_inlier": 115, "refit": true}
{"timestamp": "21:05:59.516626", "frame": 95, "mu": [-1.8822469420655348, 1.0468136093289755, 1.016624717295839], "Sigma": [[0.022393076497929695, 0.02004262370438764, 0.00258782725104268], [0.02004262370438764, 0.021321157051404686, -0.004860095078946919], [0.00258782725104268, -0.0048600950789469185, 0.02270927677218997]], "chi2_level": 0.997, "chi2_df": 3, "chi2_threshold": 13.931422665512084, "N_raw": 107, "N_roi": 107, "N_inlier": 107, "refit": true}
{"timestamp": "21:05:59.571302", "frame": 96, "mu": [-1.8757816891760044, 1.0047120854030605, 1.0949832212815551], "Sigma": [[0.01680708638970247, 0.014587417623834777, 0.0005705711849380032], [0.014587417623834774, 0.014813204427652214, -0.00423159362288206], [0.0005705711849380035, -0.004231593622882059, 0.03237651211349196]], "chi2_level": 0.997, "chi2_df": 3, "chi2_threshold": 13.931422665512084, "N_raw": 95, "N_roi": 95, "N_inlier": 93, "refit": true}
{"timestamp": "21:05:59.624783", "frame": 97, "mu": [-1.8583342227998825, 1.1995990499393747, -0.5606576350356912], "Sigma": [[0.01946791968168617, 0.020393281129387396, 0.003128304542565317], [0.020393281129387396, 0.030505478973771052, -0.008110063850934547], [0.003128304542565317, -0.008110063850934547, 0.02208571368685954]], "chi2_level": 0.997, "chi2_df": 3, "chi2_threshold": 13.931422665512084, "N_raw": 101, "N_roi": 101, "N_inlier": 100, "refit": true}
{"timestamp": "21:05:59.702985", "frame": 98, "mu": [-1.867486767309207, 1.1474845047093039, -0.5835055007711349], "Sigma": [[0.01623801664681238, 0.014774865889845164, -0.0012980673632405058], [0.014774865889845168, 0.026825624961418878, -0.006484201855788022], [-0.0012980673632405058, -0.006484201855788022, 0.003128756077002482]], "chi2_level": 0.997, "chi2_df": 3, "chi2_threshold": 13.931422665512084, "N_raw": 79, "N_roi": 79, "N_inlier": 78, "refit": true}
{"timestamp": "21:05:59.732307", "frame": 99, "mu": [-1.8516725679222656, 0.8904161872142489, 1.2122505021799594], "Sigma": [[0.01205159937251832, 0.00921336884429701, -0.002695296214693044], [0.00921336884429701, 0.01745131055335673, -0.012477523793190781], [-0.002695296214693044, -0.012477523793190781, 0.012531584202807847]], "chi2_level": 0.997, "chi2_df": 3, "chi2_threshold": 13.931422665512084, "N_raw": 78, "N_roi": 78, "N_inlier": 77, "refit": true}
{"timestamp": "21:06:00.227157", "frame": 100, "mu": [-1.8454339821872776, 0.9094422741900878, 1.1431438563611032], "Sigma": [[0.010561870188113812, 0.008657883504353175, 0.00012432202841567466], [0.008657883504353175, 0.013811029117197475, -0.00763097130605472], [0.0001243220284156746, -0.00763097130605472, 0.018912703363291632]], "chi2_level": 0.997, "chi2_df": 3, "chi2_threshold": 13.931422665512084, "N_raw": 75, "N_roi": 75, "N_inlier": 75, "refit": true}
{"timestamp": "21:06:00.247497", "frame": 101, "mu": [-1.8450131395652565, 1.0084565392502318, -0.5953040102902931], "Sigma": [[0.011980956323991604, 0.01091211593055455, 0.00414130921381485], [0.01091211593055455, 0.022122768590720196, -0.010852082022679132], [0.00414130921381485, -0.010852082022679132, 0.022422235780910522]], "chi2_level": 0.997, "chi2_df": 3, "chi2_threshold": 13.931422665512084, "N_raw": 90, "N_roi": 90, "N_inlier": 90, "refit": true}
