{"timestamp": "15:26:55.181405", "frame": 13, "mu": [1.7955428104075302, 0.9561397007468454, 1.206449033275828], "Sigma": [[0.00636984460407871, -0.005593583264010921, -0.0023992289712786844], [-0.005593583264010921, 0.00968016359721435, 0.0002777232988380385], [-0.0023992289712786844, 0.0002777232988380384, 0.00199750864433197]], "chi2_level": 0.95, "chi2_df": 3, "chi2_threshold": 7.814727903251179, "N_raw": 31, "N_roi": 31, "N_inlier": 29, "refit": true}
{"timestamp": "15:26:55.233510", "frame": 14, "mu": [1.819652260986432, 0.9656060272410125, 1.3414667734713004], "Sigma": [[0.0030766179030261498, -0.0019382017288263227, -0.0025724287142005076], [-0.0019382017288263227, 0.004957458336967875, -0.0006010796510787636], [-0.002572428714200507, -0.0006010796510787637, 0.003950982272732394]], "chi2_level": 0.95, "chi2_df": 3, "chi2_threshold": 7.814727903251179, "N_raw": 18, "N_roi": 18, "N_inlier": 17, "refit": true}
{"timestamp": "15:26:55.343983", "frame": 16, "mu": [1.7323116757339143, 1.0011401165716118, 1.2158277598170442], "Sigma": [[0.002007287574948735, -0.00236228843865895, -0.006323535262364854], [-0.0023622884386589496, 0.003464268625245919, 0.006964542449036657], [-0.006323535262364854, 0.0069645424490366575, 0.02550822181398852]], "chi2_level": 0.95, "chi2_df": 3, "chi2_threshold": 7.814727903251179, "N_raw": 13, "N_roi": 13, "N_inlier": 12, "refit": true}
{"timestamp": "15:26:55.401971", "frame": 17, "mu": [1.7559143108904345, 1.0387159372464378, 1.247195000804043], "Sigma": [[0.0048924074874014635, -0.003204485695143287, -0.00215119780995977], [-0.0032044856951432867, 0.008093215547998713, -0.0026197137055257317], [-0.0021511978099597704, -0.0026197137055257325, 0.0050876872897436505]], "chi2_level": 0.95, "chi2_df": 3, "chi2_threshold": 7.814727903251179, "N_raw": 36, "N_roi": 36, "N_inlier": 34, "refit": true}
{"timestamp": "15:26:55.564705", "frame": 20, "mu": [1.7407369120003584, 1.0560677918962218, 1.3181514916626296], "Sigma": [[0.0035086104192024767, -0.0022306454995588095, -0.0012714275790616457], [-0.0022306454995588095, 0.004403032393081966, 0.00016805010749407272], [-0.0012714275790616457, 0.00016805010749407266, 0.0010545819025421562]], "chi2_level": 0.95, "chi2_df": 3, "chi2_threshold": 7.814727903251179, "N_raw": 12, "N_roi": 12, "N_inlier": 10, "refit": true}
{"timestamp": "15:26:55.731843", "frame": 23, "mu": [1.6075122323569315, 0.9692940224560013, 0.7771564184385602], "Sigma": [[0.004759391176177918, -0.004469290930768123, 0.0005189802132622062], [-0.004469290930768125, 0.006448658892881344, -0.0020534371749905958], [0.0005189802132622062, -0.0020534371749905958, 0.0017540385322653588]], "chi2_level": 0.95, "chi2_df": 3, "chi2_threshold": 7.814727903251179, "N_raw": 20, "N_roi": 20, "N_inlier": 17, "refit": true}
{"timestamp": "15:26:55.786472", "frame": 24, "mu": [1.6174445319209496, 0.9838195097326738, 0.9852688600012607], "Sigma": [[0.002515551481484286, -0.0037774885114129925, -0.0034309525640265964], [-0.0037774885114129925, 0.006350270953468922, 0.005608191260856924], [-0.0034309525640265964, 0.005608191260856925, 0.02876548219951079]], "chi2_level": 0.95, "chi2_df": 3, "chi2_threshold": 7.814727903251179, "N_raw": 20, "N_roi": 20, "N_inlier": 17, "refit": true}
{"timestamp": "15:26:55.841228", "frame": 25, "mu": [1.6173034160856912, 1.1555206248831968, -0.5417388277298498], "Sigma": [[0.005186052566646283, -0.0009835079068295138, -0.009395294728641836], [-0.0009835079068295138, 0.002724315081046891, -0.0026207386475375766], [-0.009395294728641836, -0.0026207386475375766, 0.03995248727020412]], "chi2_level": 0.95, "chi2_df": 3, "chi2_threshold": 7.814727903251179, "N_raw": 21, "N_roi": 21, "N_inlier": 20, "refit": true}
{"timestamp": "15:26:56.117140", "frame": 30, "mu": [1.2943570926137784, 1.06280417328735, 1.4092562974218623], "Sigma": [[0.0073171123811045, -0.00597045444369313, -0.0061824926677719345], [-0.005970454443693129, 0.006167865905054612, 0.004486907419311329], [-0.0061824926677719345, 0.004486907419311329, 0.009931060390132695]], "chi2_level": 0.95, "chi2_df": 3, "chi2_threshold": 7.814727903251179, "N_raw": 20, "N_roi": 20, "N_inlier": 17, "refit": true}
{"timestamp": "15:26:56.225886", "frame": 32, "mu": [1.1626348570801286, 1.0854565928839115, 1.3551733803482249], "Sigma": [[0.006158201399827225, -0.0034512478606762067, -0.010639722677298326], [-0.0034512478606762067, 0.0023939355120738927, 0.005465405414123603], [-0.010639722677298326, 0.005465405414123603, 0.020751559089640145]], "chi2_level": 0.95, "chi2_df": 3, "chi2_threshold": 7.814727903251179, "N_raw": 17, "N_roi": 17, "N_inlier": 15, "refit": true}
{"timestamp": "15:26:56.283643", "frame": 33, "mu": [1.2244781005978767, 0.9761791575732491, 1.1088042010210428], "Sigma": [[0.007371592758136436, -0.00613388541341846, -0.020104367255330397], [-0.00613388541341846, 0.006800382241765359, 0.016944948320184068], [-0.020104367255330397, 0.016944948320184068, 0.06520615794344087]], "chi2_level": 0.95, "chi2_df": 3, "chi2_threshold": 7.814727903251179, "N_raw": 27, "N_roi": 27, "N_inlier": 26, "refit": true}
{"timestamp": "15:26:56.339733", "frame": 34, "mu": [1.1371602827742577, 1.035232702722753, 1.37102578806754], "Sigma": [[0.005224752681549629, -0.003442656037510405, -0.005890308280149567], [-0.003442656037510405, 0.003788772550346027, 0.002081021919013707], [-0.005890308280149567, 0.002081021919013707, 0.012399527211001713]], "chi2_level": 0.95, "chi2_df": 3, "chi2_threshold": 7.814727903251179, "N_raw": 41, "N_roi": 41, "N_inlier": 40, "refit": true}
{"timestamp": "15:26:56.393969", "frame": 35, "mu": [1.0286883166744611, 1.0650944207510904, 1.4552469986064769], "Sigma": [[0.003775221707959084, -0.001194809138725861, -0.002433023569682355], [-0.001194809138725861, 0.0025098896353425103, -0.0010197060205724869], [-0.0024330235696823545, -0.0010197060205724866, 0.004192058259104736]], "chi2_level": 0.95, "chi2_df": 3, "chi2_threshold": 7.814727903251179, "N_raw": 37, "N_roi": 37, "N_inlier": 34, "refit": true}
{"timestamp": "15:26:56.452198", "frame": 36, "mu": [1.0105672624745128, 1.0519978893745283, 1.3826785826927512], "Sigma": [[0.006305390120716224, -0.00282718911883644, -0.006750443670699085], [-0.00282718911883644, 0.004551391402212871, 0.0005984482202489971], [-0.006750443670699085, 0.0005984482202489969, 0.01025873484953096]], "chi2_level": 0.95, "chi2_df": 3, "chi2_threshold": 7.814727903251179, "N_raw": 59, "N_roi": 59, "N_inlier": 56, "refit": true}
{"timestamp": "15:26:56.502086", "frame": 37, "mu": [0.973406174081892, 1.0325113972523938, 1.2193386094140208], "Sigma": [[0.006565954872740897, -0.0005238421412573871, -0.024635077556267905], [-0.0005238421412573871, 0.0011602624073626898, -0.0018338033682267813], [-0.024635077556267905, -0.0018338033682267813, 0.12114033477277596]], "chi2_level": 0.95, "chi2_df": 3, "chi2_threshold": 7.814727903251179, "N_raw": 24, "N_roi": 24, "N_inlier": 23, "refit": true}
{"timestamp": "15:26:56.558926", "frame": 38, "mu": [0.8646424939723392, 1.0590751879917544, 1.4930238846742971], "Sigma": [[0.0025874020278861287, -0.0003991028415445072, -0.0030129793344525553], [-0.00039910284154450707, 0.003421985600112733, -0.00046444243241106894], [-0.0030129793344525553, -0.0004644424324110689, 0.009537612940854827]], "chi2_level": 0.95, "chi2_df": 3, "chi2_threshold": 7.814727903251179, "N_raw": 36, "N_roi": 36, "N_inlier": 31, "refit": true}
{"timestamp": "15:26:56.612985", "frame": 39, "mu": [0.8318780343270664, 1.0290288541886818, 1.4121661524077933], "Sigma": [[0.003622382361106952, -0.001349303311410397, -0.008354886672039978], [-0.0013493033114103969, 0.0027046368746508117, 0.0013580839819257217], [-0.008354886672039978, 0.0013580839819257217, 0.041069037193338424]], "chi2_level": 0.95, "chi2_df": 3, "chi2_threshold": 7.814727903251179, "N_raw": 27, "N_roi": 27, "N_inlier": 24, "refit": true}
{"timestamp": "15:26:56.671968", "frame": 40, "mu": [0.8441204728404519, 0.9877254465069985, 1.311063354955499], "Sigma": [[0.009386859791322701, -0.003343181781599228, -0.015412563324192795], [-0.003343181781599228, 0.003990429163913552, 0.0013819064808620932], [-0.015412563324192795, 0.0013819064808620932, 0.041881812016142425]], "chi2_level": 0.95, "chi2_df": 3, "chi2_threshold": 7.814727903251179, "N_raw": 59, "N_roi": 59, "N_inlier": 55, "refit": true}
{"timestamp": "15:26:56.725716", "frame": 41, "mu": [0.7247800677761235, 1.0359656004280648, 1.4257049706671234], "Sigma": [[0.0030129489377021964, -0.0008846012546953189, -0.001947106935177979], [-0.0008846012546953189, 0.0039281905441200275, -0.0002712872098938288], [-0.001947106935177979, -0.0002712872098938288, 0.001890214321773375]], "chi2_level": 0.95, "chi2_df": 3, "chi2_threshold": 7.814727903251179, "N_raw": 41, "N_roi": 41, "N_inlier": 38, "refit": true}
{"timestamp": "15:26:56.778683", "frame": 42, "mu": [0.7170828089713984, 0.9916015875187442, 1.3654159072942438], "Sigma": [[0.004139995303310077, -0.002371773211710648, -0.005254140761334946], [-0.0023717732117106483, 0.0028330890255979886, 0.002512986150026142], [-0.005254140761334946, 0.002512986150026142, 0.011289315006909528]], "chi2_level": 0.95, "chi2_df": 3, "chi2_threshold": 7.814727903251179, "N_raw": 38, "N_roi": 38, "N_inlier": 34, "refit": true}
{"timestamp": "15:26:56.836221", "frame": 43, "mu": [0.6467264270495827, 0.9725597558903045, 1.4216233504189772], "Sigma": [[0.003748201584627955, -0.0002623868032610936, -0.00213992371100118], [-0.0002623868032610936, 0.003390158049467363, -0.0011775581870964945], [-0.00213992371100118, -0.0011775581870964945, 0.0019527735897160992]], "chi2_level": 0.95, "chi2_df": 3, "chi2_threshold": 7.814727903251179, "N_raw": 55, "N_roi": 55, "N_inlier": 50, "refit": true}
{"timestamp": "15:26:56.892393", "frame": 44, "mu": [0.6266684897399505, 1.00214594590035, 1.3660989165229187], "Sigma": [[0.005218222638629207, -0.0005688595385749528, -0.005400541828174005], [-0.0005688595385749528, 0.002456156958976839, -0.0007245653497290214], [-0.005400541828174004, -0.0007245653497290214, 0.006782756410865083]], "chi2_level": 0.95, "chi2_df": 3, "chi2_threshold": 7.814727903251179, "N_raw": 57, "N_roi": 56, "N_inlier": 52, "refit": true}
{"timestamp": "15:26:56.948683", "frame": 45, "mu": [0.6239823052134964, 0.9220643686677243, 1.2702722389918069], "Sigma": [[0.0036588760425299654, -0.001775255719594115, -0.0026140194809432136], [-0.001775255719594115, 0.0026827502181149838, -0.0027546917082812367], [-0.0026140194809432136, -0.0027546917082812367, 0.01617392488549052]], "chi2_level": 0.95, "chi2_df": 3, "chi2_threshold": 7.814727903251179, "N_raw": 68, "N_roi": 68, "N_inlier": 64, "refit": true}
{"timestamp": "15:26:57.007504", "frame": 46, "mu": [0.48720376613304106, 1.0132820751553107, -0.3094846477410551], "Sigma": [[0.0035776818792860395, 0.00016224273123029989, 0.015164000171015067], [0.00016224273123029978, 0.006031076420016172, -0.013887017856515298], [0.01516400017101507, -0.013887017856515298, 0.8053672209039823]], "chi2_level": 0.95, "chi2_df": 3, "chi2_threshold": 7.814727903251179, "N_raw": 92, "N_roi": 92, "N_inlier": 88, "refit": true}
{"timestamp": "15:26:57.062338", "frame": 47, "mu": [0.46151868205674645, 0.9789974405498924, 1.2387626297377363], "Sigma": [[0.008469523253217816, -0.001915995197954691, -0.011343272986864023], [-0.001915995197954691, 0.002364344925708731, 0.0019388742295744497], [-0.011343272986864023, 0.0019388742295744492, 0.037498242754756994]], "chi2_level": 0.95, "chi2_df": 3, "chi2_threshold": 7.814727903251179, "N_raw": 85, "N_roi": 85, "N_inlier": 84, "refit": true}
{"timestamp": "15:26:57.120761", "frame": 48, "mu": [0.37498015592133227, 1.0024333864054193, 1.313188757951164], "Sigma": [[0.004161131685055606, 0.0006341646723246575, -0.005551977195375413], [0.0006341646723246575, 0.003339210119258883, -0.0020046315785320476], [-0.0055519771953754125, -0.0020046315785320476, 0.035404883068455725]], "chi2_level": 0.95, "chi2_df": 3, "chi2_threshold": 7.814727903251179, "N_raw": 113, "N_roi": 113, "N_inlier": 101, "refit": true}
{"timestamp": "15:26:57.176472", "frame": 49, "mu": [0.32087661339173446, 0.96434380896729, 1.2621748638807746], "Sigma": [[0.004436816169124951, -0.0016687403514285763, -0.01093099270458283], [-0.0016687403514285758, 0.005593655147475853, 0.009567331190998679], [-0.01093099270458283, 0.009567331190998679, 0.0679344433353487]], "chi2_level": 0.95, "chi2_df": 3, "chi2_threshold": 7.814727903251179, "N_raw": 112, "N_roi": 112, "N_inlier": 106, "refit": true}
{"timestamp": "15:26:57.224966", "frame": 50, "mu": [0.25213022355994913, 0.9623990601783983, 1.373827792223129], "Sigma": [[0.0037950584467848145, 5.2018928923333425e-05, -0.0036806439287079716], [5.2018928923333466e-05, 0.0012001736285112104, -0.0017353205349059206], [-0.003680643928707971, -0.0017353205349059204, 0.010038236242363979]], "chi2_level": 0.95, "chi2_df": 3, "chi2_threshold": 7.814727903251179, "N_raw": 71, "N_roi": 71, "N_inlier": 66, "refit": true}
{"timestamp": "15:26:57.283202", "frame": 51, "mu": [0.19364555396528307, 0.9288321607513542, 1.1324802065929223], "Sigma": [[0.002921628801148335, -0.0014523934865872954, -0.006565821813852877], [-0.0014523934865872954, 0.002587628917815471, 0.00825335038804112], [-0.006565821813852878, 0.00825335038804112, 0.08662837881046057]], "chi2_level": 0.95, "chi2_df": 3, "chi2_threshold": 7.814727903251179, "N_raw": 93, "N_roi": 91, "N_inlier": 90, "refit": true}
{"timestamp": "15:26:57.332968", "frame": 52, "mu": [0.18801609246866496, 0.9177119187015765, 1.2088639845484592], "Sigma": [[0.002662068706464068, -0.0007797527958245737, -0.0002563193338439856], [-0.0007797527958245734, 0.0076970887517667065, -0.0002501556005475193], [-0.0002563193338439855, -0.0002501556005475193, 0.0017912647865381559]], "chi2_level": 0.95, "chi2_df": 3, "chi2_threshold": 7.814727903251179, "N_raw": 60, "N_roi": 60, "N_inlier": 56, "refit": true}
{"timestamp": "15:26:57.392204", "frame": 53, "mu": [0.06554135311379734, 1.1055745751580415, -0.4372872835228421], "Sigma": [[0.003886443773481357, 0.0008959095715187333, 0.00031677722811438986], [0.0008959095715187335, 0.004195370322378759, -0.012627021284585961], [0.0003167772281143903, -0.01262702128458596, 0.05942458461136072]], "chi2_level": 0.95, "chi2_df": 3, "chi2_threshold": 7.814727903251179, "N_raw": 88, "N_roi": 88, "N_inlier": 87, "refit": true}
{"timestamp": "15:26:57.443834", "frame": 54, "mu": [0.010796833992534189, 0.9623014487156873, 1.4484762595667706], "Sigma": [[0.002662603970263077, 0.0005241769093289223, -0.0013394582026511896], [0.0005241769093289223, 0.001984016011151674, -0.002803925761005647], [-0.0013394582026511896, -0.002803925761005647, 0.004741247763669565]], "chi2_level": 0.95, "chi2_df": 3, "chi2_threshold": 7.814727903251179, "N_raw": 63, "N_roi": 63, "N_inlier": 61, "refit": true}
{"timestamp": "15:26:57.499324", "frame": 55, "mu": [-0.050605634998972776, 1.0470978224758598, -0.4522646276801771], "Sigma": [[0.0020510539103189, -9.452294510374418e-05, 0.0012426292182641657], [-9.452294510374418e-05, 0.0042171155372947465, -0.004245639742261028], [0.0012426292182641657, -0.004245639742261028, 0.008444235623430035]], "chi2_level": 0.95, "chi2_df": 3, "chi2_threshold": 7.814727903251179, "N_raw": 74, "N_roi": 74, "N_inlier": 65, "refit": true}
{"timestamp": "15:26:57.556318", "frame": 56, "mu": [-0.11351294283538793, 0.9398356059592923, 1.3616575841695442], "Sigma": [[0.0026785041680324724, -0.0005137045843289571, -0.0019205219860633997], [-0.0005137045843289571, 0.0023431732930603013, -0.0031649004829475916], [-0.0019205219860633997, -0.0031649004829475916, 0.008566923044822901]], "chi2_level": 0.95, "chi2_df": 3, "chi2_threshold": 7.814727903251179, "N_raw": 82, "N_roi": 82, "N_inlier": 77, "refit": true}
{"timestamp": "15:26:57.605421", "frame": 57, "mu": [-0.19594429555417076, 0.9416753134924047, 1.5097694168471074], "Sigma": [[0.001831965460815812, -0.000485141665344205, -0.000693536474665876], [-0.000485141665344205, 0.0015177451768571034, -0.0013774713692973806], [-0.000693536474665876, -0.0013774713692973803, 0.0022186165167072287]], "chi2_level": 0.95, "chi2_df": 3, "chi2_threshold": 7.814727903251179, "N_raw": 45, "N_roi": 45, "N_inlier": 42, "refit": true}
{"timestamp": "15:26:57.663230", "frame": 58, "mu": [-0.2364328761695726, 0.9221992066576323, 1.4424703338749656], "Sigma": [[0.002518261942754732, -0.0009787687830418285, -0.004152016795531155], [-0.0009787687830418285, 0.0029944865838964843, 0.0026898970325360413], [-0.004152016795531155, 0.0026898970325360417, 0.023275421436228173]], "chi2_level": 0.95, "chi2_df": 3, "chi2_threshold": 7.814727903251179, "N_raw": 67, "N_roi": 67, "N_inlier": 63, "refit": true}
{"timestamp": "15:26:57.722483", "frame": 59, "mu": [-0.32968998475801464, 0.9345329553502955, 1.5022647039373724], "Sigma": [[0.0037328736683031913, -0.0013138619683352366, -0.001410942418539379], [-0.001313861968335237, 0.003515399077893977, -0.0015283012670202004], [-0.001410942418539379, -0.0015283012670202004, 0.002193158275733457]], "chi2_level": 0.95, "chi2_df": 3, "chi2_threshold": 7.814727903251179, "N_raw": 73, "N_roi": 73, "N_inlier": 68, "refit": true}
{"timestamp": "15:26:57.780650", "frame": 60, "mu": [-0.3495526837843591, 0.9079082852691626, 1.375513128950295], "Sigma": [[0.005036428884403549, -0.002612315670408712, -0.006248249684929751], [-0.002612315670408712, 0.003999205683073356, -0.001157874271174766], [-0.006248249684929751, -0.0011578742711747664, 0.017840381240455158]], "chi2_level": 0.95, "chi2_df": 3, "chi2_threshold": 7.814727903251179, "N_raw": 111, "N_roi": 111, "N_inlier": 107, "refit": true}
{"timestamp": "15:26:57.824959", "frame": 61, "mu": [-0.44070239704670927, 0.9093720913559875, 1.5429601357828162], "Sigma": [[0.0025204585106037318, -0.0005842273956268829, -0.003302290076710294], [-0.0005842273956268829, 0.001172397004233217, 2.9075623867094692e-05], [-0.0033022900767102946, 2.9075623867094692e-05, 0.013031693898897596]], "chi2_level": 0.95, "chi2_df": 3, "chi2_threshold": 7.814727903251179, "N_raw": 35, "N_roi": 32, "N_inlier": 27, "refit": true}
{"timestamp": "15:26:57.888271", "frame": 62, "mu": [-0.47778948890027273, 1.0491837874668015, -0.3932637248135662], "Sigma": [[0.004692894993690268, 0.0007631803311117957, -0.013015737295310942], [0.0007631803311117957, 0.004730993250297781, -0.010685040458848005], [-0.013015737295310942, -0.010685040458848005, 0.07695681430400925]], "chi2_level": 0.95, "chi2_df": 3, "chi2_threshold": 7.814727903251179, "N_raw": 99, "N_roi": 95, "N_inlier": 94, "refit": true}
{"timestamp": "15:26:57.942062", "frame": 63, "mu": [-0.5762527503298864, 0.9186425923290286, 1.5118096650905597], "Sigma": [[0.004327897130437988, -0.001665954210939044, -0.001690109652748532], [-0.001665954210939044, 0.0031024089555989685, -0.002470312611642896], [-0.001690109652748532, -0.002470312611642896, 0.006082322578290523]], "chi2_level": 0.95, "chi2_df": 3, "chi2_threshold": 7.814727903251179, "N_raw": 79, "N_roi": 79, "N_inlier": 68, "refit": true}
{"timestamp": "15:26:57.999475", "frame": 64, "mu": [-0.681984808189123, 0.9822222978662158, -0.18101298124621015], "Sigma": [[0.01799093475267937, 0.012154120277648955, -0.010719919792873182], [0.012154120277648955, 0.018137755227475953, -0.011512606626318448], [-0.010719919792873182, -0.011512606626318448, 0.011006032251031615]], "chi2_level": 0.95, "chi2_df": 3, "chi2_threshold": 7.814727903251179, "N_raw": 97, "N_roi": 97, "N_inlier": 92, "refit": true}
{"timestamp": "15:26:58.043848", "frame": 65, "mu": [-0.7348080280424547, 0.8958456311067553, 1.5782732024166894], "Sigma": [[0.020738094421691406, 0.009945184189526658, -0.014739828469784657], [0.009945184189526658, 0.007373605405726656, -0.004350620105516601], [-0.014739828469784657, -0.004350620105516601, 0.0303043803826421]], "chi2_level": 0.95, "chi2_df": 3, "chi2_threshold": 7.814727903251179, "N_raw": 25, "N_roi": 25, "N_inlier": 24, "refit": true}
{"timestamp": "15:26:58.103867", "frame": 66, "mu": [-0.8717390216588258, 0.857223297820321, 1.6731527798105852], "Sigma": [[0.02504811802555718, 0.013633903047756827, -0.012547017024510356], [0.013633903047756829, 0.011347555571460305, -0.009520928077045725], [-0.012547017024510356, -0.009520928077045725, 0.008585032879775408]], "chi2_level": 0.95, "chi2_df": 3, "chi2_threshold": 7.814727903251179, "N_raw": 76, "N_roi": 76, "N_inlier": 73, "refit": true}
{"timestamp": "15:26:58.160324", "frame": 67, "mu": [-0.8792642218025921, 0.8363601483545066, 1.599236234161747], "Sigma": [[0.02032158154910914, 0.008981746335304627, -0.019188569456712955], [0.008981746335304627, 0.009293239114754902, -0.012790333220010695], [-0.019188569456712955, -0.012790333220010695, 0.022788875266653717]], "chi2_level": 0.95, "chi2_df": 3, "chi2_threshold": 7.814727903251179, "N_raw": 82, "N_roi": 82, "N_inlier": 81, "refit": true}
{"timestamp": "15:26:58.212807", "frame": 68, "mu": [-0.9923828253281253, 0.7779825897455833, 1.5842379473344823], "Sigma": [[0.02357616715250601, 0.006535919477467711, -0.04488943785598891], [0.006535919477467711, 0.005560574162457319, -0.01568618091864688], [-0.04488943785598891, -0.01568618091864688, 0.11042062136486223]], "chi2_level": 0.95, "chi2_df": 3, "chi2_threshold": 7.814727903251179, "N_raw": 55, "N_roi": 55, "N_inlier": 54, "refit": true}
{"timestamp": "15:26:58.267084", "frame": 69, "mu": [-1.098583780773932, 0.7308295720898881, -0.3331406162205443], "Sigma": [[0.00802299292103119, 0.002427205031780803, 0.00086336881055302], [0.0024272050317808037, 0.00577504924446261, -0.002432218298840472], [0.0008633688105530203, -0.002432218298840472, 0.002822286081775576]], "chi2_level": 0.95, "chi2_df": 3, "chi2_threshold": 7.814727903251179, "N_raw": 56, "N_roi": 56, "N_inlier": 51, "refit": true}
{"timestamp": "15:26:58.329240", "frame": 70, "mu": [-1.024907912098712, 0.8230993879679296, 1.6411949746004486], "Sigma": [[0.014685922276152478, 0.005118034195415545, -0.009306712199767336], [0.005118034195415545, 0.005566579281941961, -0.008805780566872312], [-0.009306712199767336, -0.008805780566872312, 0.018390746185808726]], "chi2_level": 0.95, "chi2_df": 3, "chi2_threshold": 7.814727903251179, "N_raw": 107, "N_roi": 107, "N_inlier": 105, "refit": true}
{"timestamp": "15:26:58.375584", "frame": 71, "mu": [-1.1332178198847624, 0.7780086027279128, 1.5949115135776775], "Sigma": [[0.007501437906205293, 0.005151122813115159, -0.0015072982296773065], [0.005151122813115158, 0.006299666389665761, -0.005497463718363696], [-0.0015072982296773065, -0.005497463718363696, 0.010201256849178294]], "chi2_level": 0.95, "chi2_df": 3, "chi2_threshold": 7.814727903251179, "N_raw": 47, "N_roi": 47, "N_inlier": 45, "refit": true}
{"timestamp": "15:26:58.437017", "frame": 72, "mu": [-1.0817373913219166, 0.7647116314415388, 1.4626687258280426], "Sigma": [[0.011437104118866802, 0.004033808632518341, -0.0021662507324086886], [0.004033808632518341, 0.0071446458012631425, -0.0044514482615607715], [-0.0021662507324086886, -0.0044514482615607715, 0.0038582649461417207]], "chi2_level": 0.95, "chi2_df": 3, "chi2_threshold": 7.814727903251179, "N_raw": 93, "N_roi": 93, "N_inlier": 89, "refit": true}
{"timestamp": "15:26:58.491779", "frame": 73, "mu": [-1.1344159675206271, 0.8801481259045263, -0.23672540085274008], "Sigma": [[0.010919567991129376, 0.0031271568749716427, -0.0047048718753368], [0.0031271568749716427, 0.009348076936366223, -0.0032503365081479703], [-0.004704871875336801, -0.0032503365081479703, 0.0038118916701688817]], "chi2_level": 0.95, "chi2_df": 3, "chi2_threshold": 7.814727903251179, "N_raw": 84, "N_roi": 84, "N_inlier": 81, "refit": true}
{"timestamp": "15:26:58.544770", "frame": 74, "mu": [-1.1965973056195183, 0.6754179500043865, 1.3928569512929008], "Sigma": [[0.010265336778313686, 0.006478631033966465, 0.0001477983888013012], [0.006478631033966465, 0.012583070274908783, -0.0022215521810428946], [0.00014779838880130125, -0.0022215521810428946, 0.0034095676548941065]], "chi2_level": 0.95, "chi2_df": 3, "chi2_threshold": 7.814727903251179, "N_raw": 75, "N_roi": 75, "N_inlier": 70, "refit": true}
{"timestamp": "15:26:58.595613", "frame": 75, "mu": [-1.2427670829530195, 0.7874315583139996, -0.49370299941922136], "Sigma": [[0.005682318174461228, 0.005127385872745715, 0.0008760734843387629], [0.005127385872745716, 0.01680338877044083, 0.0033973036911612783], [0.0008760734843387627, 0.0033973036911612783, 0.007145733459778941]], "chi2_level": 0.95, "chi2_df": 3, "chi2_threshold": 7.814727903251179, "N_raw": 43, "N_roi": 43, "N_inlier": 41, "refit": true}
{"timestamp": "15:26:58.650739", "frame": 76, "mu": [-1.2980100818918805, 0.8668338186349579, -0.42198517948617614], "Sigma": [[0.007828715312249527, 0.004464069912154627, -0.004345454656967276], [0.004464069912154627, 0.009763357314258389, -0.0072864121938800205], [-0.004345454656967275, -0.0072864121938800205, 0.011553849048507108]], "chi2_level": 0.95, "chi2_df": 3, "chi2_threshold": 7.814727903251179, "N_raw": 54, "N_roi": 54, "N_inlier": 50, "refit": true}
{"timestamp": "15:26:58.712785", "frame": 77, "mu": [-1.2427951174145466, 0.8396263329973228, 1.0020054398881828], "Sigma": [[0.025146818244583143, 0.021083407509941265, -0.07115772748354622], [0.021083407509941265, 0.02849118606189091, -0.07874019558734802], [-0.07115772748354622, -0.07874019558734802, 0.25903099914789135]], "chi2_level": 0.95, "chi2_df": 3, "chi2_threshold": 7.814727903251179, "N_raw": 92, "N_roi": 92, "N_inlier": 91, "refit": true}
{"timestamp": "15:26:58.767347", "frame": 78, "mu": [-1.2977697534431702, 0.8136498681139309, 1.142155807482204], "Sigma": [[0.01732308159484675, 0.015273404361323073, -0.038302859448120855], [0.015273404361323075, 0.020446534517828012, -0.04960572117666566], [-0.038302859448120855, -0.04960572117666566, 0.16318287764001055]], "chi2_level": 0.95, "chi2_df": 3, "chi2_threshold": 7.814727903251179, "N_raw": 92, "N_roi": 92, "N_inlier": 90, "refit": true}
{"timestamp": "15:26:58.821864", "frame": 79, "mu": [-1.3768501191186824, 0.7417326537654714, 1.3042075812992715], "Sigma": [[0.009235958028070118, 0.006402400119999352, -0.008074489176383624], [0.0064024001199993515, 0.01694629992546924, -0.019708043564907497], [-0.008074489176383624, -0.0197080435649075, 0.04320415050604951]], "chi2_level": 0.95, "chi2_df": 3, "chi2_threshold": 7.814727903251179, "N_raw": 85, "N_roi": 85, "N_inlier": 79, "refit": true}
{"timestamp": "15:26:58.875256", "frame": 80, "mu": [-1.429270067896055, 0.6967400630858812, 1.3874538712257831], "Sigma": [[0.010601695244287388, 0.004501087895582519, -0.0027177310388372586], [0.004501087895582519, 0.00876535354222891, -0.006624666470455194], [-0.0027177310388372586, -0.006624666470455194, 0.006296562682745894]], "chi2_level": 0.95, "chi2_df": 3, "chi2_threshold": 7.814727903251179, "N_raw": 75, "N_roi": 75, "N_inlier": 69, "refit": true}
{"timestamp": "15:26:58.928417", "frame": 81, "mu": [-1.4320428784123522, 0.7644296332510435, -0.5959808953115497], "Sigma": [[0.009081496081059378, 0.0056489782595862195, 0.002364024515317645], [0.0056489782595862195, 0.014468852016803953, 0.0006357712429199978], [0.002364024515317644, 0.0006357712429199976, 0.009688617953036912]], "chi2_level": 0.95, "chi2_df": 3, "chi2_threshold": 7.814727903251179, "N_raw": 69, "N_roi": 69, "N_inlier": 65, "refit": true}
{"timestamp": "15:26:58.984441", "frame": 82, "mu": [-1.4757049700718863, 0.7604874224147494, 1.4130107447531137], "Sigma": [[0.009222630829112809, 0.004583143113472169, -0.00309604219226854], [0.004583143113472169, 0.010725039882730174, -0.008405356369427876], [-0.00309604219226854, -0.008405356369427876, 0.01001792772635114]], "chi2_level": 0.95, "chi2_df": 3, "chi2_threshold": 7.814727903251179, "N_raw": 72, "N_roi": 72, "N_inlier": 70, "refit": true}
{"timestamp": "15:26:59.035813", "frame": 83, "mu": [-1.5046296796895755, 0.7771943824076629, 1.3978261020344371], "Sigma": [[0.004986237197880592, 0.002190029000931754, -0.0018784988059244647], [0.002190029000931754, 0.006331526157981001, -0.006338350066491319], [-0.0018784988059244645, -0.006338350066491319, 0.00846346442451262]], "chi2_level": 0.95, "chi2_df": 3, "chi2_threshold": 7.814727903251179, "N_raw": 43, "N_roi": 43, "N_inlier": 42, "refit": true}
{"timestamp": "15:26:59.096238", "frame": 84, "mu": [-1.4323661295825434, 0.7975479182918318, 1.310548103325498], "Sigma": [[0.014734409843277481, 0.008566915107745017, -0.005425986771495921], [0.008566915107745016, 0.011917137307804764, -0.008591891342542471], [-0.005425986771495921, -0.008591891342542471, 0.00706263548636003]], "chi2_level": 0.95, "chi2_df": 3, "chi2_threshold": 7.814727903251179, "N_raw": 87, "N_roi": 87, "N_inlier": 86, "refit": true}
{"timestamp": "15:26:59.146956", "frame": 85, "mu": [-1.4861414781146725, 0.8570376553520092, 1.4109319362349437], "Sigma": [[0.006906776794530661, 8.57177331828113e-05, -0.005023576343582728], [8.571773318281141e-05, 0.008596232998799165, -0.0018490773210316292], [-0.005023576343582728, -0.001849077321031629, 0.00817566966874214]], "chi2_level": 0.95, "chi2_df": 3, "chi2_threshold": 7.814727903251179, "N_raw": 51, "N_roi": 51, "N_inlier": 48, "refit": true}
{"timestamp": "15:26:59.202542", "frame": 86, "mu": [-1.5278129696260188, 0.8534868799425807, 1.223128345414584], "Sigma": [[0.006890466095865963, 0.004417504697176569, -0.002877659456378582], [0.004417504697176569, 0.006084074343946006, -0.004541688352836557], [-0.002877659456378581, -0.004541688352836556, 0.02760651407679173]], "chi2_level": 0.95, "chi2_df": 3, "chi2_threshold": 7.814727903251179, "N_raw": 68, "N_roi": 68, "N_inlier": 66, "refit": true}
{"timestamp": "15:26:59.260339", "frame": 87, "mu": [-1.534084941145006, 0.8948845423540668, 1.384973874178999], "Sigma": [[0.013879925157004418, 0.0056044876408241975, -0.005769558647924434], [0.0056044876408241975, 0.009253009305932133, -0.007540268696223423], [-0.005769558647924434, -0.007540268696223423, 0.008499685088009282]], "chi2_level": 0.95, "chi2_df": 3, "chi2_threshold": 7.814727903251179, "N_raw": 78, "N_roi": 78, "N_inlier": 75, "refit": true}
{"timestamp": "15:26:59.315627", "frame": 88, "mu": [-1.651077041603931, 0.868026248751733, 1.2369592082083338], "Sigma": [[0.017229359084662776, 0.015990098146319125, 0.007975987943795297], [0.015990098146319125, 0.018076603393551702, 0.0038274625634010704], [0.007975987943795297, 0.0038274625634010704, 0.032203227006308]], "chi2_level": 0.95, "chi2_df": 3, "chi2_threshold": 7.814727903251179, "N_raw": 84, "N_roi": 84, "N_inlier": 82, "refit": true}
{"timestamp": "15:26:59.369924", "frame": 89, "mu": [-1.5310478756934705, 0.9617682656338445, 1.3060828245951095], "Sigma": [[0.013364903659589802, 0.007754063227683329, -0.005703316588195917], [0.007754063227683329, 0.011605603612969, -0.008161813224144807], [-0.005703316588195917, -0.008161813224144807, 0.00667808282800766]], "chi2_level": 0.95, "chi2_df": 3, "chi2_threshold": 7.814727903251179, "N_raw": 78, "N_roi": 78, "N_inlier": 75, "refit": true}
{"timestamp": "15:26:59.414973", "frame": 90, "mu": [-1.4997846894254154, 0.9874416967495614, 1.242629476708127], "Sigma": [[0.009172372900601621, 0.007725764055439359, -0.00846620388283039], [0.00772576405543936, 0.01093055530377124, -0.01508095911280655], [-0.00846620388283039, -0.01508095911280655, 0.023252972519981496]], "chi2_level": 0.95, "chi2_df": 3, "chi2_threshold": 7.814727903251179, "N_raw": 13, "N_roi": 13, "N_inlier": 13, "refit": true}
{"timestamp": "15:26:59.478921", "frame": 91, "mu": [-1.5847123601830773, 1.0568412702571577, 1.1204055332283431], "Sigma": [[0.01116958659875633, 0.004581644871882665, -0.03302263215842108], [0.004581644871882665, 0.006154758081892006, -0.022606776977579516], [-0.03302263215842108, -0.022606776977579516, 0.24918604748742715]], "chi2_level": 0.95, "chi2_df": 3, "chi2_threshold": 7.814727903251179, "N_raw": 72, "N_roi": 72, "N_inlier": 72, "refit": true}
{"timestamp": "15:26:59.533510", "frame": 92, "mu": [-1.631938183277489, 1.070324527249714, 1.414285829539365], "Sigma": [[0.008579793459229195, 0.0035542366790426386, -0.0038351740216479085], [0.0035542366790426386, 0.009120843712074575, -0.009272381791662036], [-0.0038351740216479076, -0.009272381791662036, 0.01199492548481134]], "chi2_level": 0.95, "chi2_df": 3, "chi2_threshold": 7.814727903251179, "N_raw": 68, "N_roi": 68, "N_inlier": 65, "refit": true}
{"timestamp": "15:26:59.589410", "frame": 93, "mu": [-1.6352656042184905, 1.1108091546386405, 1.3588033021230181], "Sigma": [[0.0122973729117409, 0.00770074888350015, -0.0017151718612464708], [0.00770074888350015, 0.010860476916531548, -0.006259660873573388], [-0.0017151718612464706, -0.006259660873573389, 0.008200500611731422]], "chi2_level": 0.95, "chi2_df": 3, "chi2_threshold": 7.814727903251179, "N_raw": 75, "N_roi": 75, "N_inlier": 70, "refit": true}
{"timestamp": "15:26:59.643723", "frame": 94, "mu": [-1.6279347649166058, 1.2062148485859272, 1.417844596722165], "Sigma": [[0.009335482928711737, 0.006741475528687752, -0.007205748891810749], [0.006741475528687752, 0.008735814123948636, -0.01199224581715894], [-0.007205748891810748, -0.01199224581715894, 0.03679689187647053]], "chi2_level": 0.95, "chi2_df": 3, "chi2_threshold": 7.814727903251179, "N_raw": 70, "N_roi": 70, "N_inlier": 69, "refit": true}
{"timestamp": "15:26:59.695272", "frame": 95, "mu": [-1.7578224381608256, 1.1917980482412431, 1.5721545219999369], "Sigma": [[0.0058210235588208505, 0.004182362865245479, -0.0035178790784331244], [0.004182362865245478, 0.008433248186057054, -0.00843951001681658], [-0.0035178790784331244, -0.00843951001681658, 0.010339347731982397]], "chi2_level": 0.95, "chi2_df": 3, "chi2_threshold": 7.814727903251179, "N_raw": 42, "N_roi": 42, "N_inlier": 41, "refit": true}
{"timestamp": "15:26:59.756985", "frame": 96, "mu": [-1.6680866059059258, 1.3254260896555439, 1.4169629947960978], "Sigma": [[0.015748697961020245, 0.00788793406832384, -0.013057014915189714], [0.00788793406832384, 0.012194418973387995, -0.013994995460903055], [-0.013057014915189714, -0.013994995460903055, 0.0199649616645148]], "chi2_level": 0.95, "chi2_df": 3, "chi2_threshold": 7.814727903251179, "N_raw": 93, "N_roi": 93, "N_inlier": 87, "refit": true}
{"timestamp": "15:26:59.811932", "frame": 97, "mu": [-1.6531393515520483, 1.366439033113475, 1.414437697784855], "Sigma": [[0.012670221699383644, 0.009143942101950707, -0.015921415707735767], [0.009143942101950705, 0.013415130801750335, -0.008808546404195532], [-0.015921415707735767, -0.008808546404195532, 0.08640920949050306]], "chi2_level": 0.95, "chi2_df": 3, "chi2_threshold": 7.814727903251179, "N_raw": 88, "N_roi": 88, "N_inlier": 87, "refit": true}
{"timestamp": "15:26:59.862874", "frame": 98, "mu": [-1.6821850274982226, 1.3373715659620613, 1.3232908085996378], "Sigma": [[0.01311621925369774, 0.00859872265225211, -0.007046788501218924], [0.00859872265225211, 0.008280925854607804, -0.00938695407101418], [-0.007046788501218924, -0.00938695407101418, 0.020479915204410233]], "chi2_level": 0.95, "chi2_df": 3, "chi2_threshold": 7.814727903251179, "N_raw": 63, "N_roi": 63, "N_inlier": 62, "refit": true}
{"timestamp": "15:26:59.917040", "frame": 99, "mu": [-1.81718969591982, 1.3312679604289401, 1.4156851760218576], "Sigma": [[0.01539353300187407, 0.0077072481155256185, -0.007439611333264352], [0.00770724811552562, 0.01001285516115164, -0.0074592533305965995], [-0.007439611333264354, -0.007459253330596599, 0.009052072294793259]], "chi2_level": 0.95, "chi2_df": 3, "chi2_threshold": 7.814727903251179, "N_raw": 58, "N_roi": 58, "N_inlier": 54, "refit": true}
{"timestamp": "15:27:00.090313", "frame": 100, "mu": [-1.7798886876874542, 1.452875597336701, 1.597186462484108], "Sigma": [[0.020356942971583393, 0.012845024617932561, -0.019047754879467797], [0.012845024617932563, 0.01926463367731959, -0.01648755942970927], [-0.019047754879467797, -0.01648755942970927, 0.021137704144255653]], "chi2_level": 0.95, "chi2_df": 3, "chi2_threshold": 7.814727903251179, "N_raw": 93, "N_roi": 93, "N_inlier": 92, "refit": true}
{"timestamp": "15:27:00.114821", "frame": 101, "mu": [-1.699323836339668, 1.4844619141733362, 1.3023967730185497], "Sigma": [[0.030421374865699145, 0.015152574664272285, -0.06417686959442924], [0.015152574664272285, 0.015945176343791778, -0.02463337994700951], [-0.06417686959442924, -0.02463337994700951, 0.22902163160556543]], "chi2_level": 0.95, "chi2_df": 3, "chi2_threshold": 7.814727903251179, "N_raw": 102, "N_roi": 102, "N_inlier": 101, "refit": true}
{"timestamp": "15:27:00.145162", "frame": 102, "mu": [-1.7872022066167519, 1.5113337975599135, 1.4992530612597497], "Sigma": [[0.02912617034491717, 0.020072798122844168, -0.014123954343383451], [0.020072798122844168, 0.01672807662849961, -0.014849852333048794], [-0.014123954343383451, -0.014849852333048794, 0.022144304960320334]], "chi2_level": 0.95, "chi2_df": 3, "chi2_threshold": 7.814727903251179, "N_raw": 80, "N_roi": 80, "N_inlier": 76, "refit": true}
{"timestamp": "15:27:00.176532", "frame": 103, "mu": [-1.8114881047103637, 1.5646075011242564, 1.6157486724043726], "Sigma": [[0.027591110230047913, 0.018472200293895624, -0.026959794828229487], [0.018472200293895624, 0.020851203052703902, -0.02408850218329505], [-0.026959794828229487, -0.02408850218329505, 0.038787118938676146]], "chi2_level": 0.95, "chi2_df": 3, "chi2_threshold": 7.814727903251179, "N_raw": 100, "N_roi": 100, "N_inlier": 96, "refit": true}
{"timestamp": "15:27:00.206633", "frame": 104, "mu": [-1.8405135925926124, 1.6263837103563947, 0.22328997521618116], "Sigma": [[0.02534432552171605, 0.019153852193744193, 0.0741237258453818], [0.019153852193744193, 0.02684891609717631, 0.0632395700244116], [0.07412372584538181, 0.0632395700244116, 0.4871154317267199]], "chi2_level": 0.95, "chi2_df": 3, "chi2_threshold": 7.814727903251179, "N_raw": 95, "N_roi": 95, "N_inlier": 95, "refit": true}
{"timestamp": "15:27:00.253305", "frame": 105, "mu": [-1.809679137633434, 1.6499800905824316, 1.5126703366700132], "Sigma": [[0.027284988368031463, 0.019042870731251244, -0.015540881832151694], [0.019042870731251244, 0.0200754166279102, -0.016521175910150603], [-0.015540881832151696, -0.016521175910150603, 0.015346866743004407]], "chi2_level": 0.95, "chi2_df": 3, "chi2_threshold": 7.814727903251179, "N_raw": 95, "N_roi": 95, "N_inlier": 92, "refit": true}
{"timestamp": "15:27:00.306740", "frame": 106, "mu": [-1.8490816058343562, 1.7079941040523248, 1.3968080046979459], "Sigma": [[0.022849038574815413, 0.012994356526328672, -0.018676663018972313], [0.01299435652632867, 0.011517708243281384, -0.01777770064702342], [-0.018676663018972313, -0.01777770064702342, 0.04969435030846828]], "chi2_level": 0.95, "chi2_df": 3, "chi2_threshold": 7.814727903251179, "N_raw": 91, "N_roi": 91, "N_inlier": 86, "refit": true}
{"timestamp": "15:27:00.363065", "frame": 107, "mu": [-1.8876050680423435, 1.7609794368135907, 1.4834446972378321], "Sigma": [[0.03283446626207569, 0.022011708217523643, -0.0112867838290317], [0.02201170821752364, 0.022414812036972095, -0.011578025125953264], [-0.011286783829031699, -0.011578025125953264, 0.011372304614566491]], "chi2_level": 0.95, "chi2_df": 3, "chi2_threshold": 7.814727903251179, "N_raw": 93, "N_roi": 93, "N_inlier": 89, "refit": true}
{"timestamp": "15:27:00.406776", "frame": 108, "mu": [-1.93634758774576, 1.7841452776902487, 1.771907840009609], "Sigma": [[0.034669551803803426, 0.027917513522577007, -0.038604354631289056], [0.027917513522577007, 0.02909109112452655, -0.034110722452807676], [-0.038604354631289056, -0.03411072245280767, 0.05126816210482651]], "chi2_level": 0.95, "chi2_df": 3, "chi2_threshold": 7.814727903251179, "N_raw": 16, "N_roi": 16, "N_inlier": 15, "refit": true}
