{"timestamp": "14:55:40.849889", "frame": 36, "mu": [-2.3963776862592376, 0.8811056076135584, 0.8670564644450511], "Sigma": [[0.0034995639687027827, 0.0032888686057253947, -0.0018210464519422404], [0.0032888686057253947, 0.005710163235364133, -0.003033538054662562], [-0.0018210464519422404, -0.0030335380546625615, 0.004682105734608495]], "chi2_level": 0.95, "chi2_df": 3, "chi2_threshold": 7.814727903251179, "N_raw": 19, "N_roi": 14, "N_inlier": 14, "refit": true}
{"timestamp": "14:55:41.180309", "frame": 42, "mu": [-2.3106617791108204, 1.0351387477824674, 0.9569296490789204], "Sigma": [[0.0053202882278135235, 0.005210055566468081, -0.0036216134327299123], [0.005210055566468081, 0.008065099276462548, -0.005320464599532051], [-0.0036216134327299123, -0.005320464599532051, 0.006767801797727893]], "chi2_level": 0.95, "chi2_df": 3, "chi2_threshold": 7.814727903251179, "N_raw": 15, "N_roi": 15, "N_inlier": 15, "refit": true}
{"timestamp": "14:55:41.235850", "frame": 43, "mu": [-2.259527185098779, 0.9351957928202052, 1.1524397755786082], "Sigma": [[0.006763123959787534, 0.008713542522273514, -0.0033495160593431904], [0.008713542522273514, 0.015382690906873489, -0.006633471359228042], [-0.0033495160593431904, -0.006633471359228042, 0.0042052218138599]], "chi2_level": 0.95, "chi2_df": 3, "chi2_threshold": 7.814727903251179, "N_raw": 24, "N_roi": 24, "N_inlier": 23, "refit": true}
{"timestamp": "14:55:41.400599", "frame": 46, "mu": [-2.2036027218004715, 1.0978716020107335, 1.0723501416133505], "Sigma": [[0.004834505380823495, 0.005399192251103935, -0.0023482990117119126], [0.005399192251103935, 0.006676053316311438, -0.003194421890579279], [-0.0023482990117119126, -0.003194421890579279, 0.004285641543349966]], "chi2_level": 0.95, "chi2_df": 3, "chi2_threshold": 7.814727903251179, "N_raw": 15, "N_roi": 15, "N_inlier": 15, "refit": true}
{"timestamp": "14:55:41.458013", "frame": 47, "mu": [-2.217271506431823, 1.027210336684428, 1.1354481272487265], "Sigma": [[0.007012837619907194, 0.007373534407525118, -0.002633199484729081], [0.007373534407525119, 0.01224705285640206, -0.007110882687423943], [-0.0026331994847290812, -0.007110882687423942, 0.007017066122524516]], "chi2_level": 0.95, "chi2_df": 3, "chi2_threshold": 7.814727903251179, "N_raw": 34, "N_roi": 34, "N_inlier": 33, "refit": true}
{"timestamp": "14:55:41.514177", "frame": 48, "mu": [-2.208897913718555, 1.059836139479982, 1.2523780370346085], "Sigma": [[0.00902808123572548, 0.010085283328368385, -0.003540354197964505], [0.010085283328368385, 0.015454897844342121, -0.009286926715049451], [-0.003540354197964505, -0.009286926715049451, 0.0095594905141638]], "chi2_level": 0.95, "chi2_df": 3, "chi2_threshold": 7.814727903251179, "N_raw": 40, "N_roi": 40, "N_inlier": 40, "refit": true}
{"timestamp": "14:55:41.567916", "frame": 49, "mu": [-2.231816140158023, 1.0663354845145627, 1.2443882195027587], "Sigma": [[0.00918343942828199, 0.011255818731573705, -0.0040536623380105375], [0.011255818731573705, 0.01726833678380544, -0.009060720635670247], [-0.0040536623380105375, -0.009060720635670247, 0.008070265105120798]], "chi2_level": 0.95, "chi2_df": 3, "chi2_threshold": 7.814727903251179, "N_raw": 34, "N_roi": 34, "N_inlier": 34, "refit": true}
{"timestamp": "14:55:41.622553", "frame": 50, "mu": [-2.18336442326462, 1.091371029357561, 1.220833444060543], "Sigma": [[0.0074255969167431055, 0.005507723644832768, -0.003930497944558577], [0.005507723644832768, 0.011426412011338385, -0.005221396747748663], [-0.003930497944558577, -0.005221396747748662, 0.0032669893007894056]], "chi2_level": 0.95, "chi2_df": 3, "chi2_threshold": 7.814727903251179, "N_raw": 33, "N_roi": 33, "N_inlier": 33, "refit": true}
{"timestamp": "14:55:41.677118", "frame": 51, "mu": [-2.1558070740647843, 1.135867187458762, 1.3461391803449727], "Sigma": [[0.006439346006089602, 0.006553761360115755, -0.002237631566423661], [0.006553761360115756, 0.013126151564119804, -0.004899370455750701], [-0.002237631566423661, -0.004899370455750701, 0.0018986019021891099]], "chi2_level": 0.95, "chi2_df": 3, "chi2_threshold": 7.814727903251179, "N_raw": 32, "N_roi": 32, "N_inlier": 29, "refit": true}
{"timestamp": "14:55:41.894914", "frame": 55, "mu": [-2.127033795968834, 1.2914613802532706, 1.4076524528012058], "Sigma": [[0.003247393098422412, 0.0028146639056654647, -0.0010822636338710383], [0.0028146639056654647, 0.0042883070066342165, -0.001765628896330627], [-0.0010822636338710385, -0.001765628896330627, 0.0008018263685810615]], "chi2_level": 0.95, "chi2_df": 3, "chi2_threshold": 7.814727903251179, "N_raw": 14, "N_roi": 14, "N_inlier": 13, "refit": true}
{"timestamp": "14:55:41.954111", "frame": 56, "mu": [-2.1604884556904267, 1.2447261659411697, 1.463525641416408], "Sigma": [[0.008220460799390804, 0.006325888643977063, -0.004659875974632561], [0.006325888643977063, 0.013029352958638569, -0.008047998388854458], [-0.004659875974632561, -0.008047998388854458, 0.005609288798451201]], "chi2_level": 0.95, "chi2_df": 3, "chi2_threshold": 7.814727903251179, "N_raw": 40, "N_roi": 40, "N_inlier": 40, "refit": true}
{"timestamp": "14:55:42.007566", "frame": 57, "mu": [-2.1497655748979443, 1.4116634491971407, -0.3564063818606009], "Sigma": [[0.004996859806458274, 0.00483716813443799, -0.0018762735193144238], [0.00483716813443799, 0.011349969172498448, -0.007598452215955634], [-0.0018762735193144238, -0.007598452215955634, 0.006428802545442589]], "chi2_level": 0.95, "chi2_df": 3, "chi2_threshold": 7.814727903251179, "N_raw": 32, "N_roi": 32, "N_inlier": 31, "refit": true}
{"timestamp": "14:55:42.279962", "frame": 62, "mu": [-1.9978419971039967, 1.4744493323669867, 0.8570935918138872], "Sigma": [[0.027568880411057484, 0.020904514346939067, -0.06405757616291673], [0.020904514346939067, 0.01948860964913579, -0.04900280471289549], [-0.06405757616291673, -0.04900280471289549, 0.1693451128599648]], "chi2_level": 0.95, "chi2_df": 3, "chi2_threshold": 7.814727903251179, "N_raw": 17, "N_roi": 17, "N_inlier": 17, "refit": true}
{"timestamp": "14:55:42.390005", "frame": 64, "mu": [-1.9532697858990609, 1.6333507833126906, 1.1330064947309748], "Sigma": [[0.05165802506325784, 0.029154995638618383, -0.1075299042905695], [0.029154995638618383, 0.019024038084131493, -0.0545113681035517], [-0.1075299042905695, -0.05451136810355169, 0.2849352971956072]], "chi2_level": 0.95, "chi2_df": 3, "chi2_threshold": 7.814727903251179, "N_raw": 14, "N_roi": 14, "N_inlier": 14, "refit": true}
{"timestamp": "14:55:42.557920", "frame": 67, "mu": [-1.9520000839680824, 1.634457990984927, 1.676490353067608], "Sigma": [[0.015526243468597595, 0.00998609363576547, -0.014028526888496318], [0.00998609363576547, 0.010583278783924096, -0.008114916440793865], [-0.014028526888496318, -0.008114916440793866, 0.01401633933595669]], "chi2_level": 0.95, "chi2_df": 3, "chi2_threshold": 7.814727903251179, "N_raw": 38, "N_roi": 38, "N_inlier": 36, "refit": true}
{"timestamp": "14:55:42.609904", "frame": 68, "mu": [-1.910318697274515, 1.6683523177771782, 1.5960274643589054], "Sigma": [[0.009307828255087861, 0.008895470977156338, -0.007141199391536566], [0.008895470977156338, 0.011344774328752564, -0.008350507433424617], [-0.007141199391536566, -0.008350507433424617, 0.006587345804318938]], "chi2_level": 0.95, "chi2_df": 3, "chi2_threshold": 7.814727903251179, "N_raw": 12, "N_roi": 12, "N_inlier": 12, "refit": true}
{"timestamp": "14:55:42.774912", "frame": 71, "mu": [-1.5907752515847355, 1.8870951737001422, 1.120838107691543], "Sigma": [[0.005965140985483083, 5.529510409224428e-05, 0.0015937940553588706], [5.5295104092244066e-05, 0.002103506218078029, -0.0038783961161291364], [0.0015937940553588709, -0.0038783961161291364, 0.009167922104795117]], "chi2_level": 0.95, "chi2_df": 3, "chi2_threshold": 7.814727903251179, "N_raw": 14, "N_roi": 14, "N_inlier": 13, "refit": true}
{"timestamp": "14:55:42.831417", "frame": 72, "mu": [-1.5529341874935074, 1.9741859103775474, 1.2589092606228356], "Sigma": [[0.004983324265255769, 0.0020474063412871087, -0.0012745223611670506], [0.0020474063412871087, 0.0017703146596337739, -0.002226986875083749], [-0.0012745223611670506, -0.002226986875083749, 0.004944189647438339]], "chi2_level": 0.95, "chi2_df": 3, "chi2_threshold": 7.814727903251179, "N_raw": 21, "N_roi": 21, "N_inlier": 20, "refit": true}
{"timestamp": "14:55:42.887802", "frame": 73, "mu": [-1.6010142171125898, 1.958782750189905, 1.4267902206639127], "Sigma": [[0.00862695530045921, 0.004419204648985403, -0.006913479512149608], [0.004419204648985403, 0.0040525239412341355, -0.007471468146888395], [-0.006913479512149608, -0.007471468146888396, 0.01590402635322593]], "chi2_level": 0.95, "chi2_df": 3, "chi2_threshold": 7.814727903251179, "N_raw": 39, "N_roi": 39, "N_inlier": 38, "refit": true}
{"timestamp": "14:55:42.943543", "frame": 74, "mu": [-1.5413114957480154, 2.159258169569336, -0.290205854527426], "Sigma": [[0.004283290299767054, 0.0019120281193741786, -0.0036833663007407695], [0.0019120281193741786, 0.0038329490242714984, -0.00577899481317312], [-0.003683366300740769, -0.00577899481317312, 0.012448705769708022]], "chi2_level": 0.95, "chi2_df": 3, "chi2_threshold": 7.814727903251179, "N_raw": 21, "N_roi": 21, "N_inlier": 19, "refit": true}
{"timestamp": "14:55:43.051348", "frame": 76, "mu": [-1.4432362391598859, 2.082934425677207, 1.4616307958519392], "Sigma": [[0.004275998547520675, 0.0016034612402004008, -0.003344692290777965], [0.0016034612402004013, 0.0017639541864476669, -0.0010108781482066568], [-0.003344692290777965, -0.001010878148206657, 0.0030630595064455816]], "chi2_level": 0.95, "chi2_df": 3, "chi2_threshold": 7.814727903251179, "N_raw": 12, "N_roi": 12, "N_inlier": 11, "refit": true}
{"timestamp": "14:55:43.162571", "frame": 78, "mu": [-1.343985644315266, 2.199563594057633, 1.050854036264352], "Sigma": [[0.005931467307041008, 0.001513986736292364, -0.004205046195247975], [0.001513986736292364, 0.0017932745430711773, -0.0011560484128140096], [-0.004205046195247975, -0.0011560484128140098, 0.003430426696109353]], "chi2_level": 0.95, "chi2_df": 3, "chi2_threshold": 7.814727903251179, "N_raw": 21, "N_roi": 21, "N_inlier": 19, "refit": true}
{"timestamp": "14:55:43.223300", "frame": 79, "mu": [-1.334026090501654, 2.261887888123446, -0.1195686970797904], "Sigma": [[0.01045883601374824, 0.0038192216993399586, -0.004696050517304241], [0.0038192216993399595, 0.00694882638979624, -0.007331835153421112], [-0.004696050517304241, -0.007331835153421111, 0.009100763145524523]], "chi2_level": 0.95, "chi2_df": 3, "chi2_threshold": 7.814727903251179, "N_raw": 57, "N_roi": 57, "N_inlier": 52, "refit": true}
{"timestamp": "14:55:43.272859", "frame": 80, "mu": [-1.3118555213170182, 2.222897750671424, 1.2875827639503743], "Sigma": [[0.0012547610175104359, -0.002353514854301333, -0.0057244712478993496], [-0.0023535148543013334, 0.011190854216351903, 0.03269452166715293], [-0.0057244712478993496, 0.032694521667152934, 0.187093954471067]], "chi2_level": 0.95, "chi2_df": 3, "chi2_threshold": 7.814727903251179, "N_raw": 14, "N_roi": 11, "N_inlier": 10, "refit": true}
{"timestamp": "14:55:43.334188", "frame": 81, "mu": [-1.2749562163821533, 2.2897510878429386, 1.3335432487675203], "Sigma": [[0.010279308183231755, 0.0030606531221267505, -0.013224013169356535], [0.0030606531221267505, 0.004779685398752581, -0.01031925717618698], [-0.013224013169356535, -0.010319257176186983, 0.041427595568103236]], "chi2_level": 0.95, "chi2_df": 3, "chi2_threshold": 7.814727903251179, "N_raw": 64, "N_roi": 64, "N_inlier": 61, "refit": true}
{"timestamp": "14:55:43.389521", "frame": 82, "mu": [-1.2160565631867215, 2.277808383313169, 1.2018718537325679], "Sigma": [[0.008149760310242617, 0.0014467275961026374, -0.009881599382331335], [0.0014467275961026374, 0.0018325045968126837, -0.006704958190883659], [-0.009881599382331335, -0.006704958190883658, 0.055117482642866686]], "chi2_level": 0.95, "chi2_df": 3, "chi2_threshold": 7.814727903251179, "N_raw": 58, "N_roi": 58, "N_inlier": 55, "refit": true}
{"timestamp": "14:55:43.441529", "frame": 83, "mu": [-1.1889367671974025, 2.29031485341978, 1.3494934501340856], "Sigma": [[0.008704682742271585, 0.002194553095324799, -0.006116602052234485], [0.0021945530953247985, 0.0033778562645247335, -0.003667913671972608], [-0.0061166020522344855, -0.003667913671972608, 0.011902035263207855]], "chi2_level": 0.95, "chi2_df": 3, "chi2_threshold": 7.814727903251179, "N_raw": 42, "N_roi": 42, "N_inlier": 39, "refit": true}
{"timestamp": "14:55:43.498205", "frame": 84, "mu": [-1.1624035007732867, 2.4835379388128085, -0.08059176920135107], "Sigma": [[0.011993144598106183, 0.006129505380394695, -0.013493679534486921], [0.006129505380394695, 0.009198848529163693, -0.014211459840107863], [-0.013493679534486921, -0.014211459840107863, 0.02629619516457799]], "chi2_level": 0.95, "chi2_df": 3, "chi2_threshold": 7.814727903251179, "N_raw": 62, "N_roi": 62, "N_inlier": 59, "refit": true}
{"timestamp": "14:55:43.553342", "frame": 85, "mu": [-1.1199769026020259, 2.351540432023808, 1.369025291056608], "Sigma": [[0.01119408108557853, -0.0016489872018228546, -0.009299530363300421], [-0.0016489872018228542, 0.005343911101228486, 0.001225779986578601], [-0.009299530363300421, 0.001225779986578601, 0.008544382831625015]], "chi2_level": 0.95, "chi2_df": 3, "chi2_threshold": 7.814727903251179, "N_raw": 53, "N_roi": 53, "N_inlier": 49, "refit": true}
{"timestamp": "14:55:43.611318", "frame": 86, "mu": [-1.0235812897696088, 2.5004081842164783, -0.08954936904736184], "Sigma": [[0.012462010255214118, 0.004114411425666167, -0.011462282796886748], [0.004114411425666167, 0.009286088053989098, -0.006327845000664517], [-0.011462282796886748, -0.006327845000664517, 0.014570832501618227]], "chi2_level": 0.95, "chi2_df": 3, "chi2_threshold": 7.814727903251179, "N_raw": 73, "N_roi": 71, "N_inlier": 67, "refit": true}
{"timestamp": "14:55:43.664854", "frame": 87, "mu": [-0.9809764242021961, 2.409692856634049, 1.2423422293840767], "Sigma": [[0.011471051959887164, -0.0007174319298792817, -0.008201893580095286], [-0.0007174319298792816, 0.006670416214184702, -0.0007477364458110935], [-0.008201893580095286, -0.0007477364458110934, 0.008050975483345883]], "chi2_level": 0.95, "chi2_df": 3, "chi2_threshold": 7.814727903251179, "N_raw": 63, "N_roi": 63, "N_inlier": 59, "refit": true}
{"timestamp": "14:55:43.721458", "frame": 88, "mu": [-0.9891683244692846, 2.441526248161593, 1.112726212871285], "Sigma": [[0.014457126666239347, 0.0013699464092201043, -0.003942734243265841], [0.001369946409220104, 0.0037836846382343324, -0.006287369260957883], [-0.003942734243265841, -0.006287369260957884, 0.014062786679890343]], "chi2_level": 0.95, "chi2_df": 3, "chi2_threshold": 7.814727903251179, "N_raw": 73, "N_roi": 73, "N_inlier": 70, "refit": true}
{"timestamp": "14:55:43.775891", "frame": 89, "mu": [-0.9717617229874148, 2.584445049261923, -0.23354548140153708], "Sigma": [[0.013227665937595936, 0.005640128370337498, 0.0012818018630611668], [0.005640128370337498, 0.009430022735778948, -0.008427539165296353], [0.0012818018630611659, -0.008427539165296354, 0.058845588613093726]], "chi2_level": 0.95, "chi2_df": 3, "chi2_threshold": 7.814727903251179, "N_raw": 70, "N_roi": 70, "N_inlier": 66, "refit": true}
{"timestamp": "14:55:43.829496", "frame": 90, "mu": [-0.8865948529842475, 2.4885955677949054, 1.1978488750773604], "Sigma": [[0.011627758281212259, 0.0010885121012473337, -0.007719495091035278], [0.001088512101247334, 0.004600251170322574, -0.0037381152849523835], [-0.007719495091035279, -0.0037381152849523835, 0.009682568585592645]], "chi2_level": 0.95, "chi2_df": 3, "chi2_threshold": 7.814727903251179, "N_raw": 62, "N_roi": 62, "N_inlier": 58, "refit": true}
{"timestamp": "14:55:43.885055", "frame": 91, "mu": [-0.815484718019003, 2.5053587108365893, 0.9922507339833996], "Sigma": [[0.01152806495436009, -0.0004367880743902672, -0.0015145530390049534], [-0.0004367880743902674, 0.0022783527704065467, -0.0039378726179915184], [-0.001514553039004953, -0.003937872617991518, 0.016200021746022263]], "chi2_level": 0.95, "chi2_df": 3, "chi2_threshold": 7.814727903251179, "N_raw": 60, "N_roi": 60, "N_inlier": 55, "refit": true}
{"timestamp": "14:55:43.945615", "frame": 92, "mu": [-0.9186576013595241, 2.5687199304676818, 0.6918707060726884], "Sigma": [[0.024733808618025974, -0.0023971982744244204, 0.035222155555256554], [-0.0023971982744244204, 0.004640779012848842, 0.007327610440346217], [0.035222155555256554, 0.007327610440346215, 0.3314052858533862]], "chi2_level": 0.95, "chi2_df": 3, "chi2_threshold": 7.814727903251179, "N_raw": 103, "N_roi": 103, "N_inlier": 103, "refit": true}
{"timestamp": "14:55:44.003178", "frame": 93, "mu": [-0.826613397147347, 2.5899586530490786, 0.898898623309029], "Sigma": [[0.01772824726072984, 5.059368395363096e-05, 0.029335772343952765], [5.059368395363096e-05, 0.0034104572095890835, -0.0015437215998839798], [0.029335772343952765, -0.0015437215998839802, 0.20765675729152822]], "chi2_level": 0.95, "chi2_df": 3, "chi2_threshold": 7.814727903251179, "N_raw": 96, "N_roi": 95, "N_inlier": 93, "refit": true}
{"timestamp": "14:55:44.055085", "frame": 94, "mu": [-0.8536134491959055, 2.6109180360829014, 0.6843318584140918], "Sigma": [[0.03128611763393296, -0.0016985164644097539, 0.05879622366306287], [-0.0016985164644097537, 0.002877893212924751, -0.0146497114937446], [0.05879622366306287, -0.014649711493744597, 0.24864257405171772]], "chi2_level": 0.95, "chi2_df": 3, "chi2_threshold": 7.814727903251179, "N_raw": 97, "N_roi": 97, "N_inlier": 97, "refit": true}
{"timestamp": "14:55:44.104046", "frame": 95, "mu": [-0.8080769826086042, 2.6811674120996978, 0.7450478760310154], "Sigma": [[0.015814913103424182, 0.0010169763327659508, 0.02791765821692841], [0.0010169763327659508, 0.0013874006216897993, -0.0025854981987442974], [0.02791765821692841, -0.002585498198744297, 0.1497086432023325]], "chi2_level": 0.95, "chi2_df": 3, "chi2_threshold": 7.814727903251179, "N_raw": 55, "N_roi": 55, "N_inlier": 52, "refit": true}
{"timestamp": "14:55:44.208409", "frame": 97, "mu": [-0.7480453372898778, 2.6781074982899074, 0.029610218765798578], "Sigma": [[0.006055506135813192, 0.00038359110324162117, 0.013867619521198131], [0.00038359110324162117, 0.00698338559363595, 0.026836814337249684], [0.013867619521198134, 0.026836814337249684, 0.3026175098204199]], "chi2_level": 0.95, "chi2_df": 3, "chi2_threshold": 7.814727903251179, "N_raw": 22, "N_roi": 21, "N_inlier": 19, "refit": true}
{"timestamp": "14:55:44.263122", "frame": 98, "mu": [-0.7271662933524621, 2.7534491154228524, 0.7918056646566362], "Sigma": [[0.004304666956238998, -0.00031698621253768955, 0.01288752175417408], [-0.0003169862125376896, 0.0022502516564048146, -0.012118195047873714], [0.01288752175417408, -0.012118195047873714, 0.5037010625613484]], "chi2_level": 0.95, "chi2_df": 3, "chi2_threshold": 7.814727903251179, "N_raw": 22, "N_roi": 22, "N_inlier": 21, "refit": true}
{"timestamp": "14:55:44.320170", "frame": 99, "mu": [-0.6626425338183107, 2.7616623132153313, 0.8240447109456879], "Sigma": [[0.009754321868275557, -0.000403149981552618, 0.0022235310123842876], [-0.0004031499815526177, 0.0031500158016777497, 0.006278842163815855], [0.002223531012384288, 0.006278842163815855, 0.09205470140406267]], "chi2_level": 0.95, "chi2_df": 3, "chi2_threshold": 7.814727903251179, "N_raw": 32, "N_roi": 32, "N_inlier": 29, "refit": true}
{"timestamp": "14:55:44.430112", "frame": 100, "mu": [-0.6533054849851142, 2.800833031187045, 0.6224037257740587], "Sigma": [[0.013385911272516938, 0.00034543240708687735, -0.026849773455945896], [0.0003454324070868767, 0.03248378995075808, 0.06885345889568759], [-0.026849773455945893, 0.06885345889568759, 0.6827480662833811]], "chi2_level": 0.95, "chi2_df": 3, "chi2_threshold": 7.814727903251179, "N_raw": 87, "N_roi": 86, "N_inlier": 84, "refit": true}
{"timestamp": "14:55:44.439093", "frame": 101, "mu": [-0.6328588087238858, 2.862740751271064, 0.5707106216820583], "Sigma": [[0.013080961493144456, -0.001400479702821232, 0.0023746750409909746], [-0.0014004797028212322, 0.00788368370220154, 0.0377067431045202], [0.002374675040990974, 0.0377067431045202, 0.4966425253232122]], "chi2_level": 0.95, "chi2_df": 3, "chi2_threshold": 7.814727903251179, "N_raw": 86, "N_roi": 83, "N_inlier": 82, "refit": true}
{"timestamp": "14:55:44.491728", "frame": 102, "mu": [-0.5902055897217822, 2.913113178893388, 0.7845529686876404], "Sigma": [[0.0105587065231392, -0.0007660877080042987, -0.002287835525203317], [-0.0007660877080042988, 0.0009212481914181567, 0.0004606402282662483], [-0.002287835525203317, 0.0004606402282662481, 0.2410823791053314]], "chi2_level": 0.95, "chi2_df": 3, "chi2_threshold": 7.814727903251179, "N_raw": 72, "N_roi": 69, "N_inlier": 68, "refit": true}
{"timestamp": "14:55:44.542045", "frame": 103, "mu": [-0.5926018515321284, 2.925301648690116, 0.3271283081691536], "Sigma": [[0.010538727219292459, -0.001053061799813545, -0.005881219174332862], [-0.0010530617998135447, 0.0015610679081018996, 0.014592104210203493], [-0.005881219174332863, 0.014592104210203493, 0.6364361377007038]], "chi2_level": 0.95, "chi2_df": 3, "chi2_threshold": 7.814727903251179, "N_raw": 39, "N_roi": 36, "N_inlier": 35, "refit": true}
{"timestamp": "14:55:44.604582", "frame": 104, "mu": [-0.5150703151769952, 2.9531099651267656, 0.7448344354997128], "Sigma": [[0.016850462814591967, -0.0009343125991116507, 0.007126528313812499], [-0.0009343125991116503, 0.0026575732454159, 0.004858989535320316], [0.007126528313812499, 0.004858989535320315, 0.517460708640871]], "chi2_level": 0.95, "chi2_df": 3, "chi2_threshold": 7.814727903251179, "N_raw": 99, "N_roi": 98, "N_inlier": 97, "refit": true}
{"timestamp": "14:55:44.659658", "frame": 105, "mu": [-0.5199806590189123, 2.9791956607998387, 0.9524559622525782], "Sigma": [[0.014602784583738653, 0.00221356134880933, 0.01654424402498275], [0.0022135613488093297, 0.005723814897537973, 0.017702095945500707], [0.01654424402498275, 0.017702095945500707, 0.21088541775264205]], "chi2_level": 0.95, "chi2_df": 3, "chi2_threshold": 7.814727903251179, "N_raw": 88, "N_roi": 88, "N_inlier": 86, "refit": true}
{"timestamp": "14:55:44.712545", "frame": 106, "mu": [-0.5169110692623514, 3.185995744691929, -0.07396321504016862], "Sigma": [[0.013448964221016449, 0.0010410301366503018, -0.004834008466626983], [0.0010410301366503018, 0.013976037440876872, -0.0457797476252873], [-0.0048340084666269835, -0.04577974762528729, 0.18173994228697268]], "chi2_level": 0.95, "chi2_df": 3, "chi2_threshold": 7.814727903251179, "N_raw": 73, "N_roi": 73, "N_inlier": 71, "refit": true}
{"timestamp": "14:55:44.763904", "frame": 107, "mu": [-0.4312547286742652, 3.0356102597685535, 0.6490034818135215], "Sigma": [[0.012063062771622484, -0.0016010807083203394, 0.014122379399333834], [-0.0016010807083203394, 0.0019552673864948874, -0.005023846123777214], [0.014122379399333834, -0.005023846123777214, 0.5776034938116404]], "chi2_level": 0.95, "chi2_df": 3, "chi2_threshold": 7.814727903251179, "N_raw": 47, "N_roi": 47, "N_inlier": 46, "refit": true}
{"timestamp": "14:55:44.819272", "frame": 108, "mu": [-0.39197384033117616, 3.068589219891311, 0.4466719032827314], "Sigma": [[0.014448689824189846, -0.0020807584789335858, 0.013752961968906467], [-0.0020807584789335858, 0.0037430717951035092, -0.029185413040918838], [0.013752961968906467, -0.029185413040918835, 0.47690884751574675]], "chi2_level": 0.95, "chi2_df": 3, "chi2_threshold": 7.814727903251179, "N_raw": 55, "N_roi": 55, "N_inlier": 54, "refit": true}
{"timestamp": "14:55:44.877812", "frame": 109, "mu": [-0.39014263399835947, 3.1298089988286804, 0.9659137437595592], "Sigma": [[0.019607258750435324, -0.002819667597653395, 0.03113890113277908], [-0.002819667597653395, 0.007894588030044265, -0.032371452478650545], [0.031138901132779076, -0.032371452478650545, 0.3977701409591104]], "chi2_level": 0.95, "chi2_df": 3, "chi2_threshold": 7.814727903251179, "N_raw": 78, "N_roi": 77, "N_inlier": 76, "refit": true}
{"timestamp": "14:55:44.930341", "frame": 110, "mu": [-0.34038130699924907, 3.164111303120544, 1.3236671358658698], "Sigma": [[0.01707478650047918, -0.0008446978532277685, -0.011010051355259502], [-0.0008446978532277684, 0.0047133350348641115, -0.0012084446526844515], [-0.011010051355259502, -0.0012084446526844515, 0.011758706304226913]], "chi2_level": 0.95, "chi2_df": 3, "chi2_threshold": 7.814727903251179, "N_raw": 58, "N_roi": 57, "N_inlier": 54, "refit": true}
{"timestamp": "14:55:44.982939", "frame": 111, "mu": [-0.3638450568373427, 3.234673830592383, 1.2311604106741902], "Sigma": [[0.017611709337960385, 0.00043637577807278277, -0.007775242894575463], [0.0004363757780727829, 0.002161169687593658, -0.0022790922134593183], [-0.007775242894575462, -0.002279092213459318, 0.006600012708615631]], "chi2_level": 0.95, "chi2_df": 3, "chi2_threshold": 7.814727903251179, "N_raw": 45, "N_roi": 45, "N_inlier": 41, "refit": true}
{"timestamp": "14:55:45.036534", "frame": 112, "mu": [-0.21639910872915327, 3.2201601293325695, 1.259310106788464], "Sigma": [[0.009467979488600184, 0.001366876362047777, -0.003932398412122419], [0.001366876362047777, 0.004234659595003037, -0.003266200853440789], [-0.003932398412122419, -0.003266200853440789, 0.004360514972739278]], "chi2_level": 0.95, "chi2_df": 3, "chi2_threshold": 7.814727903251179, "N_raw": 42, "N_roi": 42, "N_inlier": 42, "refit": true}
{"timestamp": "14:55:45.092234", "frame": 113, "mu": [-0.2481816945861009, 3.2285886706908826, 1.4472790598495946], "Sigma": [[0.016764008183112994, -0.0005713151416220033, -0.012283318434380767], [-0.0005713151416220032, 0.0039503593144186435, 0.0024349956585485236], [-0.012283318434380765, 0.0024349956585485236, 0.011559852014142101]], "chi2_level": 0.95, "chi2_df": 3, "chi2_threshold": 7.814727903251179, "N_raw": 45, "N_roi": 45, "N_inlier": 41, "refit": true}
{"timestamp": "14:55:45.149528", "frame": 114, "mu": [-0.22602108896193676, 3.26405631764384, 1.465242283042167], "Sigma": [[0.017358003230685703, -0.0016252196787840726, -0.011596979574672888], [-0.001625219678784073, 0.006248717872834194, 0.004743926123336797], [-0.011596979574672888, 0.004743926123336798, 0.012756134984244051]], "chi2_level": 0.95, "chi2_df": 3, "chi2_threshold": 7.814727903251179, "N_raw": 58, "N_roi": 58, "N_inlier": 52, "refit": true}
{"timestamp": "14:55:45.205447", "frame": 115, "mu": [-0.21237582771754668, 3.3884611255267307, -0.04836130754813242], "Sigma": [[0.018009217376480084, -0.006132323570229633, 0.02692477032702488], [-0.006132323570229633, 0.013528446001536552, -0.040160872950989], [0.02692477032702488, -0.040160872950988996, 0.17039832592499463]], "chi2_level": 0.95, "chi2_df": 3, "chi2_threshold": 7.814727903251179, "N_raw": 72, "N_roi": 72, "N_inlier": 70, "refit": true}
{"timestamp": "14:55:45.257602", "frame": 116, "mu": [-0.38835071489180584, 3.3072334951119737, 0.2915204832377914], "Sigma": [[0.015950732397176634, 0.001992605805979851, -0.00473280079828749], [0.001992605805979851, 0.0008742845476521283, -0.0017607555389357846], [-0.004732800798287488, -0.0017607555389357846, 0.017709149826205577]], "chi2_level": 0.95, "chi2_df": 3, "chi2_threshold": 7.814727903251179, "N_raw": 44, "N_roi": 44, "N_inlier": 39, "refit": true}
{"timestamp": "14:55:45.309244", "frame": 117, "mu": [-0.13130581843074496, 3.378841595657603, 1.2495026991851683], "Sigma": [[0.00792324988644305, -0.00107919251650365, -0.003154107495925238], [-0.00107919251650365, 0.002639965402606711, -0.0019418948587923927], [-0.003154107495925238, -0.0019418948587923927, 0.0047492342810946135]], "chi2_level": 0.95, "chi2_df": 3, "chi2_threshold": 7.814727903251179, "N_raw": 29, "N_roi": 29, "N_inlier": 28, "refit": true}
{"timestamp": "14:55:45.367393", "frame": 118, "mu": [-0.04803686346308986, 3.3307417131434987, 1.3507975931054834], "Sigma": [[0.017592068768661137, -0.00014570127192298771, -0.006756227345197008], [-0.0001457012719229877, 0.004459455932101991, 2.0004564084278345e-05], [-0.006756227345197008, 2.0004564084278426e-05, 0.003589008521186553]], "chi2_level": 0.95, "chi2_df": 3, "chi2_threshold": 7.814727903251179, "N_raw": 52, "N_roi": 52, "N_inlier": 51, "refit": true}
{"timestamp": "14:55:45.425733", "frame": 119, "mu": [-0.038934616144397464, 3.4264835094719897, 0.7736937173392481], "Sigma": [[0.014534735030740795, -0.003051248034253337, 0.0005024488166654639], [-0.003051248034253337, 0.004393119339048533, -0.02636117630459992], [0.0005024488166654644, -0.02636117630459992, 0.4372425232267881]], "chi2_level": 0.95, "chi2_df": 3, "chi2_threshold": 7.814727903251179, "N_raw": 61, "N_roi": 61, "N_inlier": 60, "refit": true}
{"timestamp": "14:55:45.476970", "frame": 120, "mu": [0.017742829629478693, 3.3643881012766808, 1.3602838556638515], "Sigma": [[0.015776202627629642, -0.001659226539152857, -0.008662279237434067], [-0.0016592265391528569, 0.0029769550603224726, 0.001450255986893964], [-0.008662279237434067, 0.001450255986893964, 0.005890729407723503]], "chi2_level": 0.95, "chi2_df": 3, "chi2_threshold": 7.814727903251179, "N_raw": 42, "N_roi": 42, "N_inlier": 37, "refit": true}
{"timestamp": "14:55:45.531920", "frame": 121, "mu": [0.01559673033947192, 3.4217830207179607, 1.3138559123684967], "Sigma": [[0.014486477352328934, -0.0009057617160630371, -0.003673379399655155], [-0.0009057617160630369, 0.004126369935648595, 0.010842344198814182], [-0.0036733793996551554, 0.010842344198814182, 0.18218145268891894]], "chi2_level": 0.95, "chi2_df": 3, "chi2_threshold": 7.814727903251179, "N_raw": 45, "N_roi": 45, "N_inlier": 43, "refit": true}
{"timestamp": "14:55:45.587342", "frame": 122, "mu": [0.036920962978201056, 3.4481226842310613, 1.3610233147629454], "Sigma": [[0.012580651973875796, -0.0009347281358462175, -0.005570978650104772], [-0.0009347281358462175, 0.002855440475194029, -0.0020776593294716235], [-0.005570978650104772, -0.002077659329471623, 0.013611707763960089]], "chi2_level": 0.95, "chi2_df": 3, "chi2_threshold": 7.814727903251179, "N_raw": 44, "N_roi": 44, "N_inlier": 40, "refit": true}
{"timestamp": "14:55:45.640350", "frame": 123, "mu": [0.06253833866914642, 3.503171204133105, 0.3155462892449965], "Sigma": [[0.013369354007091326, -0.0003335375417702004, -0.006157560844883062], [-0.0003335375417702003, 0.002322212218578993, 0.0015210453825835156], [-0.006157560844883063, 0.0015210453825835156, 0.004565181665421873]], "chi2_level": 0.95, "chi2_df": 3, "chi2_threshold": 7.814727903251179, "N_raw": 32, "N_roi": 32, "N_inlier": 28, "refit": true}
{"timestamp": "14:55:45.697539", "frame": 124, "mu": [0.08257458536468698, 3.5099262129809214, 1.2709519885451679], "Sigma": [[0.016001471602603165, -0.002095587571313273, -0.004413276642435962], [-0.002095587571313273, 0.0036614812872399144, -0.0019038071437010632], [-0.004413276642435962, -0.0019038071437010632, 0.0044723212241862586]], "chi2_level": 0.95, "chi2_df": 3, "chi2_threshold": 7.814727903251179, "N_raw": 48, "N_roi": 48, "N_inlier": 45, "refit": true}
{"timestamp": "14:55:45.755023", "frame": 125, "mu": [0.082224560944675, 3.6134983136119767, 0.011423968386537798], "Sigma": [[0.01564887607066605, -0.0014259612577685174, 0.04193353107289101], [-0.0014259612577685176, 0.006369288181626932, -2.6831353579369506e-06], [0.04193353107289101, -2.6831353579369506e-06, 0.24614949260036142]], "chi2_level": 0.95, "chi2_df": 3, "chi2_threshold": 7.814727903251179, "N_raw": 60, "N_roi": 60, "N_inlier": 57, "refit": true}
{"timestamp": "14:55:45.807639", "frame": 126, "mu": [0.1226638661765363, 3.626524426030412, 1.4462364228204352], "Sigma": [[0.014385739824258283, -0.0021522019307767997, -0.004486864742347817], [-0.0021522019307767997, 0.003719482161693853, 0.0010500635322332626], [-0.004486864742347817, 0.0010500635322332626, 0.03810308380606793]], "chi2_level": 0.95, "chi2_df": 3, "chi2_threshold": 7.814727903251179, "N_raw": 45, "N_roi": 45, "N_inlier": 42, "refit": true}
{"timestamp": "14:55:45.863381", "frame": 127, "mu": [0.1649451581980307, 3.665231106127987, 1.4343453633743815], "Sigma": [[0.016255374450153525, -0.0015708047435125329, -0.006091069245621956], [-0.0015708047435125329, 0.0038839682535415357, -9.081906650341786e-05], [-0.006091069245621956, -9.081906650341791e-05, 0.014029506030748465]], "chi2_level": 0.95, "chi2_df": 3, "chi2_threshold": 7.814727903251179, "N_raw": 54, "N_roi": 52, "N_inlier": 45, "refit": true}
{"timestamp": "14:55:45.914605", "frame": 128, "mu": [0.1875276404690461, 3.643901800816697, 1.1759635851122061], "Sigma": [[0.01527213504117315, -0.0009941232366377, 0.02618981248673824], [-0.0009941232366376999, 0.0015073321916262855, 0.0033026257704846583], [0.02618981248673824, 0.0033026257704846587, 0.13003368071597107]], "chi2_level": 0.95, "chi2_df": 3, "chi2_threshold": 7.814727903251179, "N_raw": 26, "N_roi": 26, "N_inlier": 25, "refit": true}
{"timestamp": "14:55:45.971133", "frame": 129, "mu": [0.27784600493659245, 3.6576429705952176, 1.3261994758727744], "Sigma": [[0.012715859987061923, -0.001679682983348103, -0.0052290583848047505], [-0.0016796829833481035, 0.0023500885819261502, -0.0017633822828427774], [-0.0052290583848047505, -0.0017633822828427774, 0.007235189212942418]], "chi2_level": 0.95, "chi2_df": 3, "chi2_threshold": 7.814727903251179, "N_raw": 39, "N_roi": 37, "N_inlier": 34, "refit": true}
{"timestamp": "14:55:46.028160", "frame": 130, "mu": [0.28724082531871276, 3.7593477718569064, 0.2897689404057523], "Sigma": [[0.014975271438786983, -0.0018758083153893887, -0.004856886296989453], [-0.0018758083153893883, 0.007782527461985113, -0.00650476197023833], [-0.004856886296989453, -0.00650476197023833, 0.011131480615868099]], "chi2_level": 0.95, "chi2_df": 3, "chi2_threshold": 7.814727903251179, "N_raw": 54, "N_roi": 54, "N_inlier": 52, "refit": true}
{"timestamp": "14:55:46.082681", "frame": 131, "mu": [0.2810179475759479, 3.851728994897262, 0.08949020016268443], "Sigma": [[0.017027395198025683, -0.010566125926815956, 0.01639932230757591], [-0.010566125926815953, 0.024504145153934568, -0.05320774568339084], [0.01639932230757591, -0.05320774568339084, 0.128076031324277]], "chi2_level": 0.95, "chi2_df": 3, "chi2_threshold": 7.814727903251179, "N_raw": 49, "N_roi": 49, "N_inlier": 46, "refit": true}
{"timestamp": "14:55:46.134314", "frame": 132, "mu": [0.29658121616713584, 3.897874027397344, 0.6008066684888784], "Sigma": [[0.00837039505684364, -0.0029371668503176507, 0.0060600130521024555], [-0.002937166850317651, 0.004377026740936883, -0.01400920885256711], [0.0060600130521024555, -0.01400920885256711, 0.06186266716658998]], "chi2_level": 0.95, "chi2_df": 3, "chi2_threshold": 7.814727903251179, "N_raw": 28, "N_roi": 28, "N_inlier": 26, "refit": true}
{"timestamp": "14:55:46.355750", "frame": 136, "mu": [0.41621420345104626, 3.8877840778168635, 1.256557534439249], "Sigma": [[0.01780622041631729, -0.0027695130356202562, -0.007285629535661059], [-0.0027695130356202562, 0.002655070428250326, -0.0017292425946827529], [-0.00728562953566106, -0.0017292425946827529, 0.008386675447600907]], "chi2_level": 0.95, "chi2_df": 3, "chi2_threshold": 7.814727903251179, "N_raw": 41, "N_roi": 41, "N_inlier": 38, "refit": true}
{"timestamp": "14:55:46.411285", "frame": 137, "mu": [0.45201851620087247, 3.904159143522869, 1.351880335140923], "Sigma": [[0.015778589422920996, -0.0037425435521820033, -0.006154579586884678], [-0.0037425435521820038, 0.0038259671949538673, -0.0006574981389546001], [-0.006154579586884678, -0.0006574981389546003, 0.009487905402129463]], "chi2_level": 0.95, "chi2_df": 3, "chi2_threshold": 7.814727903251179, "N_raw": 42, "N_roi": 42, "N_inlier": 37, "refit": true}
{"timestamp": "14:55:46.464800", "frame": 138, "mu": [0.46890310866131024, 3.946208779672734, 0.447520016526151], "Sigma": [[0.013512906954402815, -0.0004470400683303623, -0.004611985944969754], [-0.0004470400683303623, 0.0026527054472461936, -0.0005241304356954878], [-0.004611985944969755, -0.0005241304356954876, 0.0042350283476860736]], "chi2_level": 0.95, "chi2_df": 3, "chi2_threshold": 7.814727903251179, "N_raw": 34, "N_roi": 32, "N_inlier": 28, "refit": true}
{"timestamp": "14:55:46.521121", "frame": 139, "mu": [0.4980612167919015, 3.932663175183133, 1.0494007594167765], "Sigma": [[0.02928136496290068, -0.004924804748393851, 0.049171261044905865], [-0.004924804748393851, 0.0024195830874886555, -0.011358543597966217], [0.04917126104490587, -0.011358543597966217, 0.18686245612638605]], "chi2_level": 0.95, "chi2_df": 3, "chi2_threshold": 7.814727903251179, "N_raw": 39, "N_roi": 37, "N_inlier": 36, "refit": true}
{"timestamp": "14:55:46.573318", "frame": 140, "mu": [0.5600784971504553, 3.973221455387299, 1.2540396064071708], "Sigma": [[0.006591178341906946, -0.0017699392176006724, -0.0005425983068613577], [-0.0017699392176006724, 0.0019023500966810515, -0.0011191119967372863], [-0.0005425983068613577, -0.0011191119967372863, 0.0026283742701884833]], "chi2_level": 0.95, "chi2_df": 3, "chi2_threshold": 7.814727903251179, "N_raw": 20, "N_roi": 17, "N_inlier": 16, "refit": true}
{"timestamp": "14:55:46.632158", "frame": 141, "mu": [0.5864962200872524, 3.984126738705428, 1.1118427711534826], "Sigma": [[0.01597869916348849, -0.005171322577350245, -0.0023851291094385573], [-0.005171322577350244, 0.0033071654795638044, -0.0036300726057954874], [-0.0023851291094385573, -0.0036300726057954874, 0.025662583843819243]], "chi2_level": 0.95, "chi2_df": 3, "chi2_threshold": 7.814727903251179, "N_raw": 48, "N_roi": 42, "N_inlier": 40, "refit": true}
{"timestamp": "14:55:46.684258", "frame": 142, "mu": [0.5699141174209477, 4.065863263617178, 1.1576056797734904], "Sigma": [[0.01245782429662125, -0.0031877729806703606, -0.005404793918841853], [-0.0031877729806703606, 0.0032799169208650126, 0.00045184640235715703], [-0.005404793918841853, 0.00045184640235715703, 0.00763244668103219]], "chi2_level": 0.95, "chi2_df": 3, "chi2_threshold": 7.814727903251179, "N_raw": 29, "N_roi": 26, "N_inlier": 24, "refit": true}
{"timestamp": "14:55:46.737453", "frame": 143, "mu": [0.6041573665409002, 4.1690773106023515, 0.2827134105960396], "Sigma": [[0.0028135351030968573, -0.0007849267417368276, -0.0013934416874777874], [-0.0007849267417368276, 0.025012578650678914, -0.04824251853572771], [-0.0013934416874777878, -0.0482425185357277, 0.10591439501865002]], "chi2_level": 0.95, "chi2_df": 3, "chi2_threshold": 7.814727903251179, "N_raw": 12, "N_roi": 12, "N_inlier": 11, "refit": true}
{"timestamp": "14:55:46.849890", "frame": 145, "mu": [0.661209862399945, 4.18295318794222, 1.369694216907832], "Sigma": [[0.016810062771981188, -0.003770003741071429, -0.007164388421802946], [-0.0037700037410714283, 0.0026405554528298176, -0.0007879067233573268], [-0.007164388421802945, -0.0007879067233573266, 0.010566626598199498]], "chi2_level": 0.95, "chi2_df": 3, "chi2_threshold": 7.814727903251179, "N_raw": 33, "N_roi": 33, "N_inlier": 30, "refit": true}
{"timestamp": "14:55:46.905194", "frame": 146, "mu": [0.6968860366146142, 4.135494274885957, 1.3962900159680556], "Sigma": [[0.015274216032450936, -0.0031544209925560432, -0.004481332247593428], [-0.0031544209925560432, 0.0038095691499053707, 0.0005772207250663134], [-0.004481332247593428, 0.0005772207250663137, 0.0032852326948864087]], "chi2_level": 0.95, "chi2_df": 3, "chi2_threshold": 7.814727903251179, "N_raw": 35, "N_roi": 35, "N_inlier": 33, "refit": true}
{"timestamp": "14:55:46.965480", "frame": 147, "mu": [0.7801501026568223, 4.163825267098262, 1.040066333593703], "Sigma": [[0.017356975286766253, -0.002427092773004711, -0.006367329434983502], [-0.002427092773004712, 0.0022875311326110096, 0.006215086535805155], [-0.006367329434983501, 0.006215086535805157, 0.18452561503343706]], "chi2_level": 0.95, "chi2_df": 3, "chi2_threshold": 7.814727903251179, "N_raw": 63, "N_roi": 59, "N_inlier": 57, "refit": true}
