{"timestamp": "15:32:21.522765", "frame": 25, "mu": [-2.2346629657166845, 4.798957003970684, 0.5737516699879811], "Sigma": [[0.01294188717918048, 0.0020920073474517483, -0.015970009528640996], [0.0020920073474517487, 0.0014976942611473715, -0.0038285668063394794], [-0.015970009528641, -0.0038285668063394794, 0.02750020771845651]], "chi2_level": 0.95, "chi2_df": 3, "chi2_threshold": 7.814727903251179, "N_raw": 14, "N_roi": 14, "N_inlier": 13, "refit": true}
{"timestamp": "15:32:21.581333", "frame": 26, "mu": [-2.2367688057363977, 4.755381535255742, 0.625784111314271], "Sigma": [[0.02173927952576752, 0.005381842768752691, -0.013890157214349478], [0.005381842768752691, 0.0023917490929875325, -0.0061642099717336115], [-0.013890157214349476, -0.0061642099717336115, 0.0231865290807299]], "chi2_level": 0.95, "chi2_df": 3, "chi2_threshold": 7.814727903251179, "N_raw": 36, "N_roi": 32, "N_inlier": 31, "refit": true}
{"timestamp": "15:32:21.744245", "frame": 29, "mu": [-2.230255141821387, 4.601603907019374, 0.6482104764600535], "Sigma": [[0.008710285384929704, 0.001832366151867811, -0.005403350743705161], [0.001832366151867811, 0.0008555893542888675, -0.0030557875314705793], [-0.005403350743705161, -0.0030557875314705793, 0.016770777755998993]], "chi2_level": 0.95, "chi2_df": 3, "chi2_threshold": 7.814727903251179, "N_raw": 14, "N_roi": 14, "N_inlier": 13, "refit": true}
{"timestamp": "15:32:21.799628", "frame": 30, "mu": [-2.282372166436587, 4.557752185099063, 0.7169857925156095], "Sigma": [[0.017076458015075496, 0.0024501217766888716, -0.00987647702603384], [0.0024501217766888716, 0.0025190672761634817, -0.0026652882863723837], [-0.00987647702603384, -0.0026652882863723837, 0.00885595529749847]], "chi2_level": 0.95, "chi2_df": 3, "chi2_threshold": 7.814727903251179, "N_raw": 17, "N_roi": 16, "N_inlier": 15, "refit": true}
{"timestamp": "15:32:21.853768", "frame": 31, "mu": [-2.2407269479876595, 4.551909678001757, 0.6835561033695786], "Sigma": [[0.01036146491608106, 0.0004500275005984355, 0.0012475816029095328], [0.00045002750059843584, 0.0010550759409257762, -0.0014293405353790558], [0.0012475816029095333, -0.0014293405353790558, 0.0036282872116500087]], "chi2_level": 0.95, "chi2_df": 3, "chi2_threshold": 7.814727903251179, "N_raw": 11, "N_roi": 11, "N_inlier": 10, "refit": true}
{"timestamp": "15:32:21.965510", "frame": 33, "mu": [-2.107539034592626, 4.432200807238741, 0.9253506393784453], "Sigma": [[0.020026130174408612, 0.004941603254101647, -0.018438315883671515], [0.004941603254101647, 0.0029115065077996004, -0.005231710301256052], [-0.018438315883671515, -0.005231710301256051, 0.019441408892587567]], "chi2_level": 0.95, "chi2_df": 3, "chi2_threshold": 7.814727903251179, "N_raw": 24, "N_roi": 24, "N_inlier": 23, "refit": true}
{"timestamp": "15:32:22.078228", "frame": 35, "mu": [-2.1091450597841748, 4.3347625041312305, 0.8834862793465841], "Sigma": [[0.0276595124376035, 0.007667784245473262, -0.008135994651477591], [0.007667784245473262, 0.0038290954726477684, -0.005573962204057481], [-0.00813599465147759, -0.005573962204057482, 0.011640525548545591]], "chi2_level": 0.95, "chi2_df": 3, "chi2_threshold": 7.814727903251179, "N_raw": 39, "N_roi": 39, "N_inlier": 37, "refit": true}
{"timestamp": "15:32:22.131489", "frame": 36, "mu": [-2.1538074632742705, 4.259703438135847, 0.8654894862242766], "Sigma": [[0.01862242411465074, 0.008568935275395994, -0.0027615126314014843], [0.008568935275395994, 0.004127583322737712, -0.0025874877469222383], [-0.002761512631401485, -0.0025874877469222383, 0.011786291255138396]], "chi2_level": 0.95, "chi2_df": 3, "chi2_threshold": 7.814727903251179, "N_raw": 24, "N_roi": 24, "N_inlier": 20, "refit": true}
{"timestamp": "15:32:22.188922", "frame": 37, "mu": [-2.186834037242999, 4.1514898868480214, 0.6525615788362829], "Sigma": [[0.022201824631482958, 0.005306267682085988, -0.014534160677731153], [0.005306267682085988, 0.0018866674368916382, -0.005884485082013608], [-0.014534160677731155, -0.005884485082013609, 0.05096429473334136]], "chi2_level": 0.95, "chi2_df": 3, "chi2_threshold": 7.814727903251179, "N_raw": 42, "N_roi": 42, "N_inlier": 40, "refit": true}
{"timestamp": "15:32:22.297295", "frame": 39, "mu": [-2.141014372605268, 4.04729337532545, 0.8180274039126866], "Sigma": [[0.02207027543343887, 0.005775329150247342, -0.02009239501643417], [0.0057753291502473415, 0.0027655512872422038, -0.007969649224953183], [-0.020092395016434166, -0.007969649224953183, 0.03034670853270663]], "chi2_level": 0.95, "chi2_df": 3, "chi2_threshold": 7.814727903251179, "N_raw": 34, "N_roi": 34, "N_inlier": 33, "refit": true}
{"timestamp": "15:32:22.353225", "frame": 40, "mu": [-2.185979005320183, 3.975758994076088, 0.8194273410893353], "Sigma": [[0.025979701692405505, 0.008708673261672888, -0.009332746816229323], [0.008708673261672888, 0.0043479938694204615, -0.005208973615210631], [-0.009332746816229323, -0.005208973615210633, 0.009798094154985913]], "chi2_level": 0.95, "chi2_df": 3, "chi2_threshold": 7.814727903251179, "N_raw": 34, "N_roi": 34, "N_inlier": 33, "refit": true}
{"timestamp": "15:32:22.405918", "frame": 41, "mu": [-2.2198033271142936, 3.872471538828476, 0.9465988321901423], "Sigma": [[0.01227996311421003, 0.005401916314016359, -0.0036550930246262254], [0.005401916314016359, 0.003071832321150526, -0.00352616210041471], [-0.0036550930246262254, -0.0035261621004147106, 0.010967370452806623]], "chi2_level": 0.95, "chi2_df": 3, "chi2_threshold": 7.814727903251179, "N_raw": 20, "N_roi": 20, "N_inlier": 19, "refit": true}
{"timestamp": "15:32:22.461609", "frame": 42, "mu": [-2.1711901757641696, 3.8552638981431286, 0.6909286771259202], "Sigma": [[0.01759829315563085, 0.003915083069876102, -0.006207948050310609], [0.003915083069876103, 0.0016574891109304715, -0.0038560087542701352], [-0.006207948050310608, -0.0038560087542701352, 0.016377151687914156]], "chi2_level": 0.95, "chi2_df": 3, "chi2_threshold": 7.814727903251179, "N_raw": 29, "N_roi": 29, "N_inlier": 29, "refit": true}
{"timestamp": "15:32:22.515678", "frame": 43, "mu": [-2.2041277071959144, 3.7655058051228756, 0.8503407220862402], "Sigma": [[0.010815384339658157, 0.00219198473159466, -0.008980375384568955], [0.00219198473159466, 0.0012246297730549866, -0.0033872936237463935], [-0.008980375384568955, -0.0033872936237463935, 0.01656923676100455]], "chi2_level": 0.95, "chi2_df": 3, "chi2_threshold": 7.814727903251179, "N_raw": 19, "N_roi": 19, "N_inlier": 17, "refit": true}
{"timestamp": "15:32:22.570642", "frame": 44, "mu": [-2.1793451028486364, 3.735354310187453, 0.6890790440328528], "Sigma": [[0.012036806663616484, 0.0006063448718781298, -0.009128794979161275], [0.0006063448718781298, 0.000898488338106851, -0.0021734680714565776], [-0.009128794979161275, -0.0021734680714565776, 0.01430247733685997]], "chi2_level": 0.95, "chi2_df": 3, "chi2_threshold": 7.814727903251179, "N_raw": 20, "N_roi": 20, "N_inlier": 19, "refit": true}
{"timestamp": "15:32:22.628343", "frame": 45, "mu": [-2.2675588249236247, 3.650313388870643, 0.9984596731396451], "Sigma": [[0.020967552704429834, 0.007636871745276174, -0.011264384738584796], [0.007636871745276175, 0.004615263975027219, -0.006954086026626375], [-0.011264384738584796, -0.006954086026626375, 0.013433935527034395]], "chi2_level": 0.95, "chi2_df": 3, "chi2_threshold": 7.814727903251179, "N_raw": 39, "N_roi": 37, "N_inlier": 34, "refit": true}
{"timestamp": "15:32:22.902318", "frame": 50, "mu": [-2.039108812405335, 3.3346770999100106, 0.8725768798807976], "Sigma": [[0.01312517034220249, 0.0038795449081612246, -0.00819534445512056], [0.0038795449081612246, 0.0019689620804348796, -0.005440187835697269], [-0.00819534445512056, -0.005440187835697269, 0.022498874826717943]], "chi2_level": 0.95, "chi2_df": 3, "chi2_threshold": 7.814727903251179, "N_raw": 28, "N_roi": 28, "N_inlier": 27, "refit": true}
{"timestamp": "15:32:22.956915", "frame": 51, "mu": [-2.1333803874782302, 3.2331823466822036, 1.170106789880066], "Sigma": [[0.018679009331279115, 0.007148572708741619, -0.007397780600564308], [0.007148572708741619, 0.004717716328272228, -0.0062757676544900574], [-0.00739778060056431, -0.006275767654490057, 0.01893421491728921]], "chi2_level": 0.95, "chi2_df": 3, "chi2_threshold": 7.814727903251179, "N_raw": 29, "N_roi": 29, "N_inlier": 28, "refit": true}
{"timestamp": "15:32:23.235674", "frame": 56, "mu": [-2.130391042519465, 2.94673739584331, 0.9552821047901149], "Sigma": [[0.022308437992729413, 0.005032849479325329, 0.0009805664352940662], [0.005032849479325329, 0.003439867781775794, -0.005446050714447329], [0.000980566435294066, -0.005446050714447329, 0.024566206224083842]], "chi2_level": 0.95, "chi2_df": 3, "chi2_threshold": 7.814727903251179, "N_raw": 55, "N_roi": 54, "N_inlier": 52, "refit": true}
{"timestamp": "15:32:23.285129", "frame": 57, "mu": [-2.102179885628576, 2.8019778529822945, 0.5986474667223729], "Sigma": [[0.0320716662211702, 0.0001771066479596457, 0.014456637112515177], [0.00017710664795964547, 0.004204191240753258, 0.005314970732048744], [0.014456637112515177, 0.005314970732048744, 0.016781560557871715]], "chi2_level": 0.95, "chi2_df": 3, "chi2_threshold": 7.814727903251179, "N_raw": 11, "N_roi": 10, "N_inlier": 10, "refit": true}
{"timestamp": "15:32:23.342039", "frame": 58, "mu": [-2.1767553347122193, 2.7942593391440793, 0.7341003630411368], "Sigma": [[0.01431561823724808, 0.003085891063630627, -0.006242191504431276], [0.003085891063630627, 0.0014293233907509402, -0.0040138899322247346], [-0.006242191504431276, -0.0040138899322247346, 0.024012297455713046]], "chi2_level": 0.95, "chi2_df": 3, "chi2_threshold": 7.814727903251179, "N_raw": 37, "N_roi": 37, "N_inlier": 35, "refit": true}
{"timestamp": "15:32:23.396750", "frame": 59, "mu": [-2.0738206357611286, 2.771216444331998, 0.9554850505817177], "Sigma": [[0.008162164636985325, 0.003177270203381874, 0.0030655765637080928], [0.003177270203381874, 0.0025455218050692264, 0.001080312431062888], [0.003065576563708091, 0.0010803124310628871, 0.03889789557276274]], "chi2_level": 0.95, "chi2_df": 3, "chi2_threshold": 7.814727903251179, "N_raw": 31, "N_roi": 31, "N_inlier": 30, "refit": true}
{"timestamp": "15:32:23.453777", "frame": 60, "mu": [-2.2027290204251866, 2.623415050671786, 0.7812635883206975], "Sigma": [[0.021975070365563815, 0.010446177136932227, 0.002313160363085099], [0.010446177136932227, 0.005668459205157158, -0.0012193959108357127], [0.002313160363085099, -0.001219395910835713, 0.01772544780263674]], "chi2_level": 0.95, "chi2_df": 3, "chi2_threshold": 7.814727903251179, "N_raw": 46, "N_roi": 46, "N_inlier": 45, "refit": true}
{"timestamp": "15:32:23.510038", "frame": 61, "mu": [-2.142146310404117, 2.5999899730859064, 0.9226152467720887], "Sigma": [[0.018101792569831927, 0.008697176593468333, 0.011272464133729645], [0.008697176593468333, 0.005053795596271795, 0.0032467402691744173], [0.011272464133729645, 0.0032467402691744173, 0.03568662824712311]], "chi2_level": 0.95, "chi2_df": 3, "chi2_threshold": 7.814727903251179, "N_raw": 48, "N_roi": 48, "N_inlier": 47, "refit": true}
{"timestamp": "15:32:23.564039", "frame": 62, "mu": [-2.1186416353303317, 2.5642768613460047, 1.0269659098061223], "Sigma": [[0.013431483683867087, 0.005040633695295156, -0.007865089848820062], [0.005040633695295156, 0.00466627370152895, -0.006166936963214555], [-0.007865089848820062, -0.006166936963214555, 0.011139678218826346]], "chi2_level": 0.95, "chi2_df": 3, "chi2_threshold": 7.814727903251179, "N_raw": 39, "N_roi": 38, "N_inlier": 36, "refit": true}
{"timestamp": "15:32:23.617770", "frame": 63, "mu": [-2.069891998935938, 2.4913433471236868, 0.912183269353963], "Sigma": [[0.011599273054190739, 0.00277053076158415, -0.003581599234757629], [0.00277053076158415, 0.0009741921549406579, -0.0007401128336961555], [-0.003581599234757629, -0.0007401128336961557, 0.02818233597937119]], "chi2_level": 0.95, "chi2_df": 3, "chi2_threshold": 7.814727903251179, "N_raw": 34, "N_roi": 34, "N_inlier": 32, "refit": true}
{"timestamp": "15:32:23.673179", "frame": 64, "mu": [-2.105401185399112, 2.431536831693491, 0.8576494257643386], "Sigma": [[0.012925564656314248, 0.005245867349337978, -0.006354461794775074], [0.005245867349337978, 0.002978458472085385, -0.004861457461047756], [-0.006354461794775074, -0.004861457461047756, 0.01542476186087218]], "chi2_level": 0.95, "chi2_df": 3, "chi2_threshold": 7.814727903251179, "N_raw": 35, "N_roi": 35, "N_inlier": 34, "refit": true}
{"timestamp": "15:32:23.726039", "frame": 65, "mu": [-2.1088061353477507, 2.357008434289302, 0.8371229261974829], "Sigma": [[0.008866748111934985, 0.003600635727578228, -0.002578775743823623], [0.003600635727578228, 0.0017488495125886374, -0.0008163687603997326], [-0.0025787757438236235, -0.0008163687603997325, 0.014720209490716833]], "chi2_level": 0.95, "chi2_df": 3, "chi2_threshold": 7.814727903251179, "N_raw": 21, "N_roi": 21, "N_inlier": 20, "refit": true}
{"timestamp": "15:32:23.780824", "frame": 66, "mu": [-2.0836540078449204, 2.250054796488259, 0.7483614775963211], "Sigma": [[0.0068886276760763655, 0.004922506994423977, 0.001980126727888786], [0.004922506994423977, 0.0038675893820847495, 0.0021985365690445425], [0.001980126727888786, 0.0021985365690445425, 0.027542003461786382]], "chi2_level": 0.95, "chi2_df": 3, "chi2_threshold": 7.814727903251179, "N_raw": 24, "N_roi": 20, "N_inlier": 17, "refit": true}
{"timestamp": "15:32:23.835475", "frame": 67, "mu": [-2.0339062185209813, 2.2573608070647735, 0.8814193617035206], "Sigma": [[0.004429289055562045, 0.0016735881328292426, -0.003692761611079173], [0.0016735881328292426, 0.002384770131777165, 0.002981587470885793], [-0.0036927616110791735, 0.0029815874708857934, 0.037240577150731896]], "chi2_level": 0.95, "chi2_df": 3, "chi2_threshold": 7.814727903251179, "N_raw": 19, "N_roi": 19, "N_inlier": 18, "refit": true}
{"timestamp": "15:32:23.896744", "frame": 68, "mu": [-2.0980343123057805, 2.0772584398518537, 1.122595384301787], "Sigma": [[0.027823749606911648, 0.01762653967884863, -0.04642646871460793], [0.017626539678848627, 0.01336659971929041, -0.03260915103923834], [-0.04642646871460793, -0.03260915103923834, 0.11241204556546106]], "chi2_level": 0.95, "chi2_df": 3, "chi2_threshold": 7.814727903251179, "N_raw": 62, "N_roi": 59, "N_inlier": 55, "refit": true}
{"timestamp": "15:32:23.946279", "frame": 69, "mu": [-2.149296779990806, 2.003483605190334, 1.2349375550274804], "Sigma": [[0.027377174261191697, 0.019166556293626312, -0.03203836433421099], [0.019166556293626312, 0.015081846209198675, -0.02360657334002038], [-0.032038364334211, -0.02360657334002038, 0.04924479548071261]], "chi2_level": 0.95, "chi2_df": 3, "chi2_threshold": 7.814727903251179, "N_raw": 24, "N_roi": 24, "N_inlier": 22, "refit": true}
{"timestamp": "15:32:24.003699", "frame": 70, "mu": [-1.98167275922214, 2.1978795132795548, -0.5316789024208759], "Sigma": [[0.020685307826631645, 0.016978881132773592, -0.020043154136250504], [0.016978881132773592, 0.01774755955708742, -0.02572375056784466], [-0.020043154136250504, -0.02572375056784466, 0.050583274007426]], "chi2_level": 0.95, "chi2_df": 3, "chi2_threshold": 7.814727903251179, "N_raw": 41, "N_roi": 41, "N_inlier": 37, "refit": true}
{"timestamp": "15:32:24.057050", "frame": 71, "mu": [-2.2045691653285724, 1.8343410559636617, 1.1872405978613472], "Sigma": [[0.031185114822742818, 0.020512859820700113, -0.029309482060783362], [0.020512859820700113, 0.015386236305064629, -0.024938950400720965], [-0.029309482060783362, -0.024938950400720965, 0.0734486080807113]], "chi2_level": 0.95, "chi2_df": 3, "chi2_threshold": 7.814727903251179, "N_raw": 32, "N_roi": 32, "N_inlier": 30, "refit": true}
{"timestamp": "15:32:24.112894", "frame": 72, "mu": [-2.1481850243193947, 1.8971439919821798, -0.2915263686938099], "Sigma": [[0.020618873817240806, 0.024210930194144088, -0.02094241524129534], [0.024210930194144088, 0.03789116087898487, -0.02848645113884185], [-0.020942415241295337, -0.02848645113884185, 0.032494060274068634]], "chi2_level": 0.95, "chi2_df": 3, "chi2_threshold": 7.814727903251179, "N_raw": 35, "N_roi": 35, "N_inlier": 33, "refit": true}
{"timestamp": "15:32:24.169504", "frame": 73, "mu": [-2.051033855917507, 1.8058615550073553, 0.8933453313301759], "Sigma": [[0.021449633438007924, 0.01234096744797345, -0.02504677523180313], [0.012340967447973448, 0.008131281599022629, -0.018222505776859514], [-0.02504677523180313, -0.018222505776859514, 0.06129187237973527]], "chi2_level": 0.95, "chi2_df": 3, "chi2_threshold": 7.814727903251179, "N_raw": 40, "N_roi": 40, "N_inlier": 38, "refit": true}
{"timestamp": "15:32:24.229648", "frame": 74, "mu": [-2.2060265832661563, 1.7832109409762364, -0.506899509937782], "Sigma": [[0.01898093101858666, 0.01611527113976758, -0.012012892762134074], [0.01611527113976758, 0.028237661983819193, -0.04751923525903559], [-0.012012892762134072, -0.04751923525903559, 0.13010918071236946]], "chi2_level": 0.95, "chi2_df": 3, "chi2_threshold": 7.814727903251179, "N_raw": 82, "N_roi": 81, "N_inlier": 78, "refit": true}
{"timestamp": "15:32:24.285550", "frame": 75, "mu": [-2.151110309098724, 1.7666681207902508, -0.6745912939108605], "Sigma": [[0.01575804854412017, 0.012089261987102692, -0.0022481505926978222], [0.012089261987102692, 0.020451657170814437, -0.030129150094233333], [-0.0022481505926978214, -0.030129150094233333, 0.09681459959635297]], "chi2_level": 0.95, "chi2_df": 3, "chi2_threshold": 7.814727903251179, "N_raw": 86, "N_roi": 86, "N_inlier": 83, "refit": true}
{"timestamp": "15:32:24.335256", "frame": 76, "mu": [-1.8904740369267905, 1.7643837956331858, -0.6619072425242957], "Sigma": [[0.019398865936891323, 0.01508740867295483, -0.012217412578411803], [0.01508740867295483, 0.016090913373712303, -0.01114833954109237], [-0.012217412578411803, -0.01114833954109237, 0.010042039848342102]], "chi2_level": 0.95, "chi2_df": 3, "chi2_threshold": 7.814727903251179, "N_raw": 49, "N_roi": 49, "N_inlier": 45, "refit": true}
{"timestamp": "15:32:24.386158", "frame": 77, "mu": [-2.001099019883605, 1.6220212370815608, -0.3469417000279955], "Sigma": [[0.008616119225558598, 0.006897170323215813, -0.005946550301344349], [0.006897170323215812, 0.009742630503431111, -0.010107508374760127], [-0.005946550301344349, -0.010107508374760127, 0.016306489786677147]], "chi2_level": 0.95, "chi2_df": 3, "chi2_threshold": 7.814727903251179, "N_raw": 26, "N_roi": 26, "N_inlier": 24, "refit": true}
{"timestamp": "15:32:24.447785", "frame": 78, "mu": [-1.9718774554624372, 1.44482970326189, 1.207135868607986], "Sigma": [[0.020709836991184012, 0.016597087360819066, -0.0032096477304831713], [0.016597087360819066, 0.018060251432065633, -0.0032821329739709825], [-0.0032096477304831713, -0.003282132973970982, 0.03065683890062309]], "chi2_level": 0.95, "chi2_df": 3, "chi2_threshold": 7.814727903251179, "N_raw": 74, "N_roi": 74, "N_inlier": 72, "refit": true}
{"timestamp": "15:32:24.500640", "frame": 79, "mu": [-2.0539214571132054, 1.3014141256655178, 0.9234916641836011], "Sigma": [[0.019554986266878426, 0.012946330780646945, 0.016570132668991475], [0.012946330780646945, 0.01086302564451748, 0.004895871086119242], [0.016570132668991475, 0.0048958710861192415, 0.06924550984764007]], "chi2_level": 0.95, "chi2_df": 3, "chi2_threshold": 7.814727903251179, "N_raw": 52, "N_roi": 52, "N_inlier": 51, "refit": true}
{"timestamp": "15:32:24.558130", "frame": 80, "mu": [-1.93837167198231, 1.2386531994759764, 0.9842071293558374], "Sigma": [[0.016571594961209253, 0.01433555235650489, -0.005049628100903839], [0.01433555235650489, 0.02219772501336248, -0.00805904071734325], [-0.005049628100903839, -0.00805904071734325, 0.0053768896445998875]], "chi2_level": 0.95, "chi2_df": 3, "chi2_threshold": 7.814727903251179, "N_raw": 75, "N_roi": 75, "N_inlier": 68, "refit": true}
{"timestamp": "15:32:24.612468", "frame": 81, "mu": [-1.9629601401834105, 1.3030054514411953, -0.6829625833351007], "Sigma": [[0.013437010277072566, 0.016975366424144822, 0.010291474263515366], [0.016975366424144822, 0.03856819799849385, 0.017438210761382494], [0.010291474263515366, 0.017438210761382494, 0.022037359371270562]], "chi2_level": 0.95, "chi2_df": 3, "chi2_threshold": 7.814727903251179, "N_raw": 67, "N_roi": 67, "N_inlier": 66, "refit": true}
{"timestamp": "15:32:24.669007", "frame": 82, "mu": [-2.004362980586136, 1.1098536447204501, 1.1837715400260225], "Sigma": [[0.012327501588224203, 0.010774176252339378, -0.006543480869836962], [0.010774176252339378, 0.018550541273074726, -0.01696684614597036], [-0.006543480869836962, -0.01696684614597036, 0.021855443454567823]], "chi2_level": 0.95, "chi2_df": 3, "chi2_threshold": 7.814727903251179, "N_raw": 82, "N_roi": 82, "N_inlier": 80, "refit": true}
{"timestamp": "15:32:24.723528", "frame": 83, "mu": [-2.026312565189107, 1.0372014147636028, 1.1365364653383305], "Sigma": [[0.009354013674152025, 0.007956507026876423, 0.004834044571404003], [0.007956507026876423, 0.013646708977332906, -0.004754563120912048], [0.004834044571404004, -0.004754563120912048, 0.03999945579625218]], "chi2_level": 0.95, "chi2_df": 3, "chi2_threshold": 7.814727903251179, "N_raw": 75, "N_roi": 75, "N_inlier": 75, "refit": true}
{"timestamp": "15:32:24.777499", "frame": 84, "mu": [-1.965559814429068, 1.0063595110888695, 1.1608119887531314], "Sigma": [[0.007916069699379198, 0.004672826270602778, 0.001729749949317863], [0.0046728262706027795, 0.010660542862716994, -0.007999785348195957], [0.001729749949317863, -0.007999785348195957, 0.02098158813619218]], "chi2_level": 0.95, "chi2_df": 3, "chi2_threshold": 7.814727903251179, "N_raw": 63, "N_roi": 63, "N_inlier": 63, "refit": true}
{"timestamp": "15:32:24.832204", "frame": 85, "mu": [-1.9684358693517845, 0.9125427068952384, 1.2082335790020964], "Sigma": [[0.011312411377000663, 0.009599954848574831, -0.002696701433016097], [0.00959995484857483, 0.01455230863781438, -0.010171605801661095], [-0.002696701433016097, -0.010171605801661094, 0.018083185461677562]], "chi2_level": 0.95, "chi2_df": 3, "chi2_threshold": 7.814727903251179, "N_raw": 66, "N_roi": 66, "N_inlier": 63, "refit": true}
{"timestamp": "15:32:24.887107", "frame": 86, "mu": [-1.9642026340651857, 0.8918462813220577, 1.060468967341041], "Sigma": [[0.008370986302007222, 0.0074009455371958285, 0.0032852037576592925], [0.0074009455371958285, 0.011311935921115209, -0.004937518659388001], [0.0032852037576592934, -0.004937518659387999, 0.021188560417832607]], "chi2_level": 0.95, "chi2_df": 3, "chi2_threshold": 7.814727903251179, "N_raw": 62, "N_roi": 62, "N_inlier": 60, "refit": true}
{"timestamp": "15:32:24.941198", "frame": 87, "mu": [-1.950409392614133, 1.0445719771330904, -0.5421610287333843], "Sigma": [[0.0173087102699408, 0.010397721321925112, 0.014795610300364422], [0.010397721321925112, 0.017790914160385807, -0.0009665180897916285], [0.014795610300364423, -0.0009665180897916291, 0.035384926578010095]], "chi2_level": 0.95, "chi2_df": 3, "chi2_threshold": 7.814727903251179, "N_raw": 59, "N_roi": 59, "N_inlier": 58, "refit": true}
{"timestamp": "15:32:24.992242", "frame": 88, "mu": [-1.862871051626781, 0.8026951110014225, 1.2933130467844178], "Sigma": [[0.006211490841343487, 0.004791860228789797, -0.003986805707530702], [0.004791860228789797, 0.009365898514632624, -0.005584478284860952], [-0.003986805707530702, -0.005584478284860952, 0.004412992517746719]], "chi2_level": 0.95, "chi2_df": 3, "chi2_threshold": 7.814727903251179, "N_raw": 33, "N_roi": 33, "N_inlier": 30, "refit": true}
{"timestamp": "15:32:25.048853", "frame": 89, "mu": [-1.852725448688546, 0.7878804378336512, 1.264622171588023], "Sigma": [[0.00851515809879072, 0.0076931609483933076, -0.0006415600906779016], [0.0076931609483933076, 0.01509131390687387, -0.005679666884134522], [-0.0006415600906779012, -0.005679666884134522, 0.007270779014530558]], "chi2_level": 0.95, "chi2_df": 3, "chi2_threshold": 7.814727903251179, "N_raw": 42, "N_roi": 42, "N_inlier": 36, "refit": true}
{"timestamp": "15:32:25.107806", "frame": 90, "mu": [-1.8603650724180731, 0.7357421196707086, 1.0665122277912966], "Sigma": [[0.011121708220585306, 0.009442162995496058, 0.006270956709879199], [0.009442162995496058, 0.012020692033692965, -0.00038562960949839725], [0.006270956709879199, -0.0003856296094983977, 0.02252379945943256]], "chi2_level": 0.95, "chi2_df": 3, "chi2_threshold": 7.814727903251179, "N_raw": 74, "N_roi": 74, "N_inlier": 73, "refit": true}
{"timestamp": "15:32:25.160255", "frame": 91, "mu": [-1.8277571166340782, 0.7210038886217411, 1.1589579307696478], "Sigma": [[0.0076082225500866555, 0.007091971863890821, -0.00028263872334963696], [0.007091971863890821, 0.010656667870766445, -0.0051849713394738865], [-0.00028263872334963685, -0.005184971339473887, 0.011860234174126832]], "chi2_level": 0.95, "chi2_df": 3, "chi2_threshold": 7.814727903251179, "N_raw": 51, "N_roi": 51, "N_inlier": 49, "refit": true}
{"timestamp": "15:32:25.210978", "frame": 92, "mu": [-1.7751124153297133, 0.784986322115095, 1.1127070018359402], "Sigma": [[0.002980939183702719, 0.002498780979726391, -0.0005760260174315059], [0.002498780979726391, 0.003479618044746029, -0.0015795396383558858], [-0.0005760260174315058, -0.0015795396383558855, 0.005964167734498184]], "chi2_level": 0.95, "chi2_df": 3, "chi2_threshold": 7.814727903251179, "N_raw": 21, "N_roi": 21, "N_inlier": 21, "refit": true}
{"timestamp": "15:32:25.268728", "frame": 93, "mu": [-1.7700703145144194, 0.5977131280591356, 1.101471351827196], "Sigma": [[0.005597611968665798, 0.005850256463934941, 0.0034207525249633055], [0.005850256463934941, 0.008512739923975896, -0.001869406089262772], [0.0034207525249633046, -0.001869406089262772, 0.025494196798623088]], "chi2_level": 0.95, "chi2_df": 3, "chi2_threshold": 7.814727903251179, "N_raw": 43, "N_roi": 43, "N_inlier": 42, "refit": true}
{"timestamp": "15:32:25.324414", "frame": 94, "mu": [-1.778952565320759, 0.5638825280480694, 1.1153903914138683], "Sigma": [[0.008526943177802669, 0.006897965671526037, -0.0008742014341190714], [0.006897965671526037, 0.009486788245279957, -0.0044111600313823844], [-0.0008742014341190714, -0.0044111600313823844, 0.005361836653217866]], "chi2_level": 0.95, "chi2_df": 3, "chi2_threshold": 7.814727903251179, "N_raw": 47, "N_roi": 47, "N_inlier": 43, "refit": true}
{"timestamp": "15:32:25.377832", "frame": 95, "mu": [-1.746238079955426, 0.7739797107579491, -0.7326517348832976], "Sigma": [[0.006531691397900857, 0.005987198696253793, 0.0023797563125023537], [0.005987198696253794, 0.009511788950268165, -0.001908223537002068], [0.0023797563125023532, -0.001908223537002068, 0.00746115543862671]], "chi2_level": 0.95, "chi2_df": 3, "chi2_threshold": 7.814727903251179, "N_raw": 39, "N_roi": 39, "N_inlier": 37, "refit": true}
{"timestamp": "15:32:25.434905", "frame": 96, "mu": [-0.9957315226829103, 0.4821961256447666, 1.0865017260504786], "Sigma": [[2.1197913544053897, -0.041773860704410845, 0.04290405249432449], [-0.041773860704410845, 0.007907127285940873, -0.003777744657870415], [0.042904052494324496, -0.003777744657870415, 0.008202063061398061]], "chi2_level": 0.95, "chi2_df": 3, "chi2_threshold": 7.814727903251179, "N_raw": 49, "N_roi": 49, "N_inlier": 45, "refit": true}
{"timestamp": "15:32:25.486883", "frame": 97, "mu": [-1.6870596791564898, 0.712396787048499, -0.7341756609444617], "Sigma": [[0.004360853033225856, 0.005407206497094938, 0.0002478848926065498], [0.005407206497094938, 0.008656324158552458, -0.002474484060059539], [0.0002478848926065498, -0.002474484060059539, 0.006567886512629271]], "chi2_level": 0.95, "chi2_df": 3, "chi2_threshold": 7.814727903251179, "N_raw": 31, "N_roi": 31, "N_inlier": 27, "refit": true}
{"timestamp": "15:32:25.542531", "frame": 98, "mu": [-1.1560281179295733, 0.6878011969414838, -0.6839665269505538], "Sigma": [[1.4959341781124815, -0.03893161940534502, 0.018827004498811573], [-0.03893161940534502, 0.009454781536047766, -0.001720336044574981], [0.01882700449881157, -0.001720336044574981, 0.0026533535607453566]], "chi2_level": 0.95, "chi2_df": 3, "chi2_threshold": 7.814727903251179, "N_raw": 37, "N_roi": 37, "N_inlier": 37, "refit": true}
{"timestamp": "15:32:25.720446", "frame": 100, "mu": [-0.00241736403144438, 0.4082935246304465, 1.0513026051755625], "Sigma": [[2.6099975145034273, 0.06981324614043746, 0.008163226309399281], [0.06981324614043746, 0.010828062478827285, -0.0005701175812835788], [0.00816322630939928, -0.0005701175812835788, 0.002229800781376936]], "chi2_level": 0.95, "chi2_df": 3, "chi2_threshold": 7.814727903251179, "N_raw": 26, "N_roi": 26, "N_inlier": 25, "refit": true}
{"timestamp": "15:32:25.753752", "frame": 101, "mu": [-0.3154008654849456, 0.4272605677384122, 1.1260221826095396], "Sigma": [[2.5167227991777845, -0.022617617994431932, 0.028304723283254396], [-0.022617617994431936, 0.006013061617000162, -0.0011525968068572918], [0.028304723283254396, -0.0011525968068572918, 0.0026531842206209966]], "chi2_level": 0.95, "chi2_df": 3, "chi2_threshold": 7.814727903251179, "N_raw": 37, "N_roi": 37, "N_inlier": 34, "refit": true}
{"timestamp": "15:32:25.784392", "frame": 102, "mu": [-0.08351099938678865, 0.39886567353974944, 1.0957767480878569], "Sigma": [[2.470825510890233, 0.018846835356183585, -0.011333600698096477], [0.018846835356183585, 0.00680713879604824, 0.0009986414231713582], [-0.011333600698096474, 0.0009986414231713582, 0.008785617096529462]], "chi2_level": 0.95, "chi2_df": 3, "chi2_threshold": 7.814727903251179, "N_raw": 46, "N_roi": 46, "N_inlier": 42, "refit": true}
{"timestamp": "15:32:25.818890", "frame": 103, "mu": [0.05440266611171798, 0.395111942530632, -0.9377480981942845], "Sigma": [[2.431732472072655, 0.05141191762814004, -0.036822849136229366], [0.05141191762814005, 0.013632643483998228, -0.0015859666496697937], [-0.036822849136229366, -0.0015859666496697937, 0.005584365272777724]], "chi2_level": 0.95, "chi2_df": 3, "chi2_threshold": 7.814727903251179, "N_raw": 41, "N_roi": 41, "N_inlier": 37, "refit": true}
{"timestamp": "15:32:25.873400", "frame": 104, "mu": [0.39165302063095636, 0.3566798440789138, 1.0052427635559513], "Sigma": [[2.230968994111285, 0.03419702402846629, -0.10493248657708859], [0.03419702402846629, 0.006916437520097795, -0.0005617717541786531], [-0.10493248657708859, -0.0005617717541786522, 0.031390978469330144]], "chi2_level": 0.95, "chi2_df": 3, "chi2_threshold": 7.814727903251179, "N_raw": 37, "N_roi": 37, "N_inlier": 36, "refit": true}
{"timestamp": "15:32:25.926399", "frame": 105, "mu": [-0.03072298662566403, 0.3682575222914842, 1.1195050067054388], "Sigma": [[2.1769805263563895, 0.07579582010405472, 0.0003968332580693754], [0.07579582010405472, 0.011718752521048089, -0.0028078915101272853], [0.0003968332580693741, -0.0028078915101272853, 0.001556265146178584]], "chi2_level": 0.95, "chi2_df": 3, "chi2_threshold": 7.814727903251179, "N_raw": 25, "N_roi": 25, "N_inlier": 25, "refit": true}
{"timestamp": "15:32:25.980295", "frame": 106, "mu": [0.18041395869716487, 0.3212531762533766, 0.8714794348654837], "Sigma": [[2.297652487130282, 0.05459334212921213, -0.1189535817338712], [0.05459334212921213, 0.006654717430379999, -0.002000154758389048], [-0.1189535817338712, -0.002000154758389048, 0.014095275645048878]], "chi2_level": 0.95, "chi2_df": 3, "chi2_threshold": 7.814727903251179, "N_raw": 17, "N_roi": 17, "N_inlier": 17, "refit": true}
{"timestamp": "15:32:26.089698", "frame": 108, "mu": [0.2694245446935261, 0.3287789021144555, 1.09296179413478], "Sigma": [[1.859330069089237, 0.08796719534891759, -0.03483302676028638], [0.08796719534891759, 0.013285508834330047, -0.0028441210409955865], [-0.03483302676028637, -0.0028441210409955865, 0.002060305972673108]], "chi2_level": 0.95, "chi2_df": 3, "chi2_threshold": 7.814727903251179, "N_raw": 11, "N_roi": 11, "N_inlier": 11, "refit": true}
{"timestamp": "15:32:26.146693", "frame": 109, "mu": [0.14777962951390336, 0.33395233896259924, 1.1416902128948239], "Sigma": [[1.8198573824888264, 0.06008882193426519, -0.008649412340741612], [0.060088821934265194, 0.007647301469079712, -0.0018127470865348483], [-0.008649412340741612, -0.0018127470865348483, 0.0012390097790340524]], "chi2_level": 0.95, "chi2_df": 3, "chi2_threshold": 7.814727903251179, "N_raw": 27, "N_roi": 27, "N_inlier": 26, "refit": true}
{"timestamp": "15:32:26.203974", "frame": 110, "mu": [0.21633954466724659, 0.28687462314609485, 1.138066337670388], "Sigma": [[1.7052586601222817, 0.06377956862894921, -0.012020914124894762], [0.06377956862894921, 0.009253165715672074, -0.0007104334787216645], [-0.012020914124894762, -0.0007104334787216645, 0.002837665686350615]], "chi2_level": 0.95, "chi2_df": 3, "chi2_threshold": 7.814727903251179, "N_raw": 39, "N_roi": 39, "N_inlier": 35, "refit": true}
{"timestamp": "15:32:26.255889", "frame": 111, "mu": [-0.07177562086164613, 0.2865118483128544, 1.1994306991190355], "Sigma": [[1.700115507646072, 0.024018588223876085, 0.003633035842555427], [0.02401858822387609, 0.004438009686250217, 0.0006844749286266068], [0.003633035842555428, 0.0006844749286266064, 0.002774844458704607]], "chi2_level": 0.95, "chi2_df": 3, "chi2_threshold": 7.814727903251179, "N_raw": 25, "N_roi": 25, "N_inlier": 24, "refit": true}
{"timestamp": "15:32:26.312206", "frame": 112, "mu": [-0.8362373112813609, 0.49907406535234206, -0.6159820622144677], "Sigma": [[0.8662346243784455, -0.01329503069134866, -0.032853137005956344], [-0.013295030691348658, 0.0026605541974567895, 0.0022725584301211297], [-0.03285313700595634, 0.0022725584301211297, 0.009809575482895348]], "chi2_level": 0.95, "chi2_df": 3, "chi2_threshold": 7.814727903251179, "N_raw": 23, "N_roi": 23, "N_inlier": 23, "refit": true}
{"timestamp": "15:32:26.369883", "frame": 113, "mu": [-0.21246319256866392, 0.3027421317989912, 1.3155956327009874], "Sigma": [[1.4585200310966429, -0.00867318085911482, -0.036387822430837054], [-0.008673180859114818, 0.004831796904606248, 0.0029644733645862193], [-0.036387822430837054, 0.0029644733645862193, 0.013183747389791332]], "chi2_level": 0.95, "chi2_df": 3, "chi2_threshold": 7.814727903251179, "N_raw": 49, "N_roi": 49, "N_inlier": 47, "refit": true}
{"timestamp": "15:32:26.425894", "frame": 114, "mu": [-0.29162998288046177, 0.3149758759813795, 1.3200642625022], "Sigma": [[1.4437297687813926, -0.01555236224606071, -0.05499935298873561], [-0.01555236224606071, 0.0038607420420027723, 0.002282953409116838], [-0.05499935298873562, 0.0022829534091168384, 0.01595504022780603]], "chi2_level": 0.95, "chi2_df": 3, "chi2_threshold": 7.814727903251179, "N_raw": 57, "N_roi": 57, "N_inlier": 54, "refit": true}
{"timestamp": "15:32:26.475392", "frame": 115, "mu": [-0.15915918653939354, 0.26080723779911036, 1.3267047485956394], "Sigma": [[1.4544680949945037, 0.01251469292177253, 0.036527054316328515], [0.01251469292177253, 0.0013265323711336163, 0.000744933800257421], [0.036527054316328515, 0.0007449338002574211, 0.004286790018371883]], "chi2_level": 0.95, "chi2_df": 3, "chi2_threshold": 7.814727903251179, "N_raw": 20, "N_roi": 20, "N_inlier": 19, "refit": true}
{"timestamp": "15:32:26.534068", "frame": 116, "mu": [-0.8711927422350761, 0.3308899598245978, 1.3880080616207677], "Sigma": [[0.6903256965569583, -0.009407232989612331, 0.02415246676723689], [-0.009407232989612331, 0.00335454541027452, -0.0005272214366767243], [0.024152466767236886, -0.0005272214366767243, 0.006297455105233952]], "chi2_level": 0.95, "chi2_df": 3, "chi2_threshold": 7.814727903251179, "N_raw": 43, "N_roi": 43, "N_inlier": 42, "refit": true}
{"timestamp": "15:32:26.586887", "frame": 117, "mu": [-0.2824454331538824, 0.2944030743066721, 1.3620373608973524], "Sigma": [[1.2802988166368987, 0.009843023224854617, 0.028698336316354392], [0.009843023224854615, 0.00234103157861639, -0.0006366008908890626], [0.0286983363163544, -0.0006366008908890626, 0.0017221921473267274]], "chi2_level": 0.95, "chi2_df": 3, "chi2_threshold": 7.814727903251179, "N_raw": 30, "N_roi": 30, "N_inlier": 28, "refit": true}
{"timestamp": "15:32:26.645688", "frame": 118, "mu": [-1.1900046808130296, 0.3594265335154012, 1.374108713655042], "Sigma": [[0.005232234918283, 0.003134991427391252, 0.004925049932677305], [0.003134991427391252, 0.006080649693655114, 0.004401089526161194], [0.004925049932677304, 0.004401089526161194, 0.018163303989325676]], "chi2_level": 0.95, "chi2_df": 3, "chi2_threshold": 7.814727903251179, "N_raw": 59, "N_roi": 59, "N_inlier": 53, "refit": true}
{"timestamp": "15:32:26.699370", "frame": 119, "mu": [-1.151277274758907, 0.4935405823455132, -0.49145424611851046], "Sigma": [[0.004120973583116214, 0.0016934308872942378, 0.0010468348088200422], [0.001693430887294238, 0.004605273854230587, -0.002397239908973469], [0.0010468348088200422, -0.002397239908973469, 0.0034112001323094946]], "chi2_level": 0.95, "chi2_df": 3, "chi2_threshold": 7.814727903251179, "N_raw": 42, "N_roi": 42, "N_inlier": 38, "refit": true}
{"timestamp": "15:32:26.753280", "frame": 120, "mu": [-0.5120020478116751, 0.5540404999186603, -0.577573804756494], "Sigma": [[1.1342941546642276, -0.03270213801697797, -0.17995958027398562], [-0.032702138016977966, 0.004582875822526628, 0.004906339158022967], [-0.17995958027398562, 0.004906339158022965, 0.030276391137578414]], "chi2_level": 0.95, "chi2_df": 3, "chi2_threshold": 7.814727903251179, "N_raw": 34, "N_roi": 34, "N_inlier": 31, "refit": true}
{"timestamp": "15:32:26.809077", "frame": 121, "mu": [-0.8884000731347894, 0.34345838952756, 1.3144855809661151], "Sigma": [[0.5793155266772526, -0.017234986134399985, -0.043857887052913755], [-0.017234986134399985, 0.010287039082207664, 0.01317373433745545], [-0.04385788705291376, 0.01317373433745545, 0.027384855004582924]], "chi2_level": 0.95, "chi2_df": 3, "chi2_threshold": 7.814727903251179, "N_raw": 44, "N_roi": 44, "N_inlier": 42, "refit": true}
{"timestamp": "15:32:26.863799", "frame": 122, "mu": [-1.1412594229906272, 0.3846963469228368, 1.423530174472219], "Sigma": [[0.0051760989050336345, 0.002318144570464015, 0.0015801752197085442], [0.0023181445704640144, 0.0037967799327135636, -0.002011778072311604], [0.0015801752197085442, -0.002011778072311604, 0.005062806595526087]], "chi2_level": 0.95, "chi2_df": 3, "chi2_threshold": 7.814727903251179, "N_raw": 46, "N_roi": 46, "N_inlier": 44, "refit": true}
{"timestamp": "15:32:26.921233", "frame": 123, "mu": [-1.1041895676578675, 0.4425582606459454, -0.5709337892413633], "Sigma": [[0.008213213235405263, 0.005613363197563976, 0.0025210256694183164], [0.005613363197563977, 0.02187219303590296, 0.003073565729174364], [0.0025210256694183164, 0.0030735657291743644, 0.001829360374613564]], "chi2_level": 0.95, "chi2_df": 3, "chi2_threshold": 7.814727903251179, "N_raw": 58, "N_roi": 58, "N_inlier": 56, "refit": true}
{"timestamp": "15:32:26.975236", "frame": 124, "mu": [-1.146387124599428, 0.32038985437554784, -0.7076787038922474], "Sigma": [[0.0053962867465197515, -0.0009997146295407857, 0.0004517613382034469], [-0.0009997146295407857, 0.004682623443125054, -0.0016933741103783014], [0.00045176133820344687, -0.0016933741103783014, 0.0034080240641105844]], "chi2_level": 0.95, "chi2_df": 3, "chi2_threshold": 7.814727903251179, "N_raw": 50, "N_roi": 50, "N_inlier": 42, "refit": true}
{"timestamp": "15:32:27.030078", "frame": 125, "mu": [-1.1390232678433543, 0.4192734581822557, 1.3709035757902135], "Sigma": [[0.005692173085644204, 0.003150368231119848, 0.0036646852193519507], [0.003150368231119848, 0.008052416158884981, 0.0072279034750929], [0.0036646852193519507, 0.0072279034750929, 0.01662182354255191]], "chi2_level": 0.95, "chi2_df": 3, "chi2_threshold": 7.814727903251179, "N_raw": 48, "N_roi": 48, "N_inlier": 45, "refit": true}
