{"timestamp": "15:25:51.261609", "frame": 34, "mu": [-2.3753977620206457, 1.025583518577056, 1.2882250265152768], "Sigma": [[0.005234409145954829, 0.006697536151223232, -0.004422038263191589], [0.006697536151223232, 0.01088739268723249, -0.007497890635664265], [-0.00442203826319159, -0.007497890635664265, 0.005802392721506329]], "chi2_level": 0.95, "chi2_df": 3, "chi2_threshold": 7.814727903251179, "N_raw": 19, "N_roi": 19, "N_inlier": 18, "refit": true}
{"timestamp": "15:25:51.316898", "frame": 35, "mu": [-2.372488105362247, 1.049192447244746, 1.3292609807847335], "Sigma": [[0.004428075426444299, 0.005559421192171971, -0.0036331215640682344], [0.005559421192171971, 0.010656013827032053, -0.005880064277716061], [-0.0036331215640682344, -0.005880064277716059, 0.0039061356795822154]], "chi2_level": 0.95, "chi2_df": 3, "chi2_threshold": 7.814727903251179, "N_raw": 17, "N_roi": 16, "N_inlier": 16, "refit": true}
{"timestamp": "15:25:51.370970", "frame": 36, "mu": [-2.356693139483921, 1.0363575130221232, 1.2515513862132202], "Sigma": [[0.007304145181871383, 0.010823209672802026, -0.004147285017267622], [0.010823209672802026, 0.018591548330317172, -0.007824263126814404], [-0.004147285017267622, -0.007824263126814404, 0.004027792924666852]], "chi2_level": 0.95, "chi2_df": 3, "chi2_threshold": 7.814727903251179, "N_raw": 22, "N_roi": 22, "N_inlier": 21, "refit": true}
{"timestamp": "15:25:51.427531", "frame": 37, "mu": [-2.284253893427348, 1.080217051779497, 1.2056761433425287], "Sigma": [[0.008471478142772857, 0.009321065553570547, -0.006473042901353287], [0.009321065553570547, 0.019398195849425367, -0.007853422860556947], [-0.006473042901353287, -0.00785342286055695, 0.0053072797381585]], "chi2_level": 0.95, "chi2_df": 3, "chi2_threshold": 7.814727903251179, "N_raw": 24, "N_roi": 24, "N_inlier": 23, "refit": true}
{"timestamp": "15:25:51.539516", "frame": 39, "mu": [-2.2880146179839995, 1.096349548541217, 1.1986469132030122], "Sigma": [[0.008437678911733443, 0.008513502462618196, -0.004566698560104082], [0.008513502462618196, 0.014050859072649457, -0.008981746850947863], [-0.004566698560104082, -0.008981746850947863, 0.007125277622863919]], "chi2_level": 0.95, "chi2_df": 3, "chi2_threshold": 7.814727903251179, "N_raw": 36, "N_roi": 36, "N_inlier": 35, "refit": true}
{"timestamp": "15:25:51.593310", "frame": 40, "mu": [-2.2297704886388576, 1.0933899099077182, 1.2522947307566805], "Sigma": [[0.008134611635153478, 0.0094070687193258, -0.0041780413864801295], [0.0094070687193258, 0.01509229283694744, -0.007635602042488379], [-0.0041780413864801295, -0.007635602042488379, 0.0044892786280154974]], "chi2_level": 0.95, "chi2_df": 3, "chi2_threshold": 7.814727903251179, "N_raw": 30, "N_roi": 30, "N_inlier": 28, "refit": true}
{"timestamp": "15:25:51.647309", "frame": 41, "mu": [-2.239189374153126, 1.1660109368000087, 1.2597873341311019], "Sigma": [[0.005317628129389657, 0.005796633976041084, -0.0036468393224213004], [0.005796633976041084, 0.009099118895370885, -0.007260417309591304], [-0.0036468393224213004, -0.007260417309591305, 0.008173766000603403]], "chi2_level": 0.95, "chi2_df": 3, "chi2_threshold": 7.814727903251179, "N_raw": 26, "N_roi": 26, "N_inlier": 24, "refit": true}
{"timestamp": "15:25:51.702408", "frame": 42, "mu": [-2.2759941431990063, 1.1206649013766712, 1.050721469732782], "Sigma": [[0.0040405972313578625, 0.004304996321242429, -0.0021887751259967157], [0.004304996321242429, 0.008488551844396256, -0.0052554543011149955], [-0.002188775125996716, -0.0052554543011149955, 0.005634727739039026]], "chi2_level": 0.95, "chi2_df": 3, "chi2_threshold": 7.814727903251179, "N_raw": 22, "N_roi": 22, "N_inlier": 22, "refit": true}
{"timestamp": "15:25:51.760925", "frame": 43, "mu": [-2.1909100368152803, 1.1999100596695604, 1.2562542662805984], "Sigma": [[0.007754669652802768, 0.007101442737484155, -0.0037928151574867894], [0.007101442737484155, 0.011341893461385444, -0.009056113328277559], [-0.00379281515748679, -0.009056113328277559, 0.011221978343897824]], "chi2_level": 0.95, "chi2_df": 3, "chi2_threshold": 7.814727903251179, "N_raw": 44, "N_roi": 44, "N_inlier": 41, "refit": true}
{"timestamp": "15:25:51.813643", "frame": 44, "mu": [-2.17575773596963, 1.1792981341523232, 1.2624339367859174], "Sigma": [[0.007353162713138027, 0.007447672269085997, -0.005605787544280682], [0.007447672269085997, 0.015065084647512208, -0.007986604236175095], [-0.005605787544280682, -0.007986604236175095, 0.005637543051659259]], "chi2_level": 0.95, "chi2_df": 3, "chi2_threshold": 7.814727903251179, "N_raw": 33, "N_roi": 33, "N_inlier": 33, "refit": true}
{"timestamp": "15:25:51.923531", "frame": 46, "mu": [-2.11004435383106, 1.3339323543304253, -0.5781979365213451], "Sigma": [[0.006126880807410129, 0.006377705504766289, 0.004895064091966915], [0.0063777055047662895, 0.01740300621145169, 0.011013434376118382], [0.004895064091966916, 0.011013434376118385, 0.019800260686768684]], "chi2_level": 0.95, "chi2_df": 3, "chi2_threshold": 7.814727903251179, "N_raw": 32, "N_roi": 32, "N_inlier": 32, "refit": true}
{"timestamp": "15:25:51.981341", "frame": 47, "mu": [-2.0649330612400156, 1.3689191199329471, 1.3549883667096292], "Sigma": [[0.010042366448042841, 0.008325654286768364, -0.006340502800224497], [0.008325654286768364, 0.01080148924286708, -0.011264155944929233], [-0.006340502800224498, -0.011264155944929233, 0.02004450949035332]], "chi2_level": 0.95, "chi2_df": 3, "chi2_threshold": 7.814727903251179, "N_raw": 50, "N_roi": 50, "N_inlier": 49, "refit": true}
{"timestamp": "15:25:52.088577", "frame": 49, "mu": [-1.9230819427592138, 1.387107523673527, 1.3420800080962387], "Sigma": [[0.009154267071763367, 0.007022309393893013, -0.006376559091197938], [0.007022309393893013, 0.00872393012177315, -0.007283246398852252], [-0.006376559091197938, -0.007283246398852252, 0.007015823869841982]], "chi2_level": 0.95, "chi2_df": 3, "chi2_threshold": 7.814727903251179, "N_raw": 25, "N_roi": 25, "N_inlier": 24, "refit": true}
{"timestamp": "15:25:52.198335", "frame": 51, "mu": [-1.9772200895180094, 1.5338018668398554, 1.293812249145427], "Sigma": [[0.014042957190124324, 0.0034277096182553334, -0.0035766634231075723], [0.0034277096182553334, 0.008797413004902537, -0.006224927721107405], [-0.0035766634231075723, -0.006224927721107405, 0.008953479664477118]], "chi2_level": 0.95, "chi2_df": 3, "chi2_threshold": 7.814727903251179, "N_raw": 19, "N_roi": 19, "N_inlier": 18, "refit": true}
{"timestamp": "15:25:52.256412", "frame": 52, "mu": [-1.969143147589899, 1.5142366842310337, 1.32379939010684], "Sigma": [[0.013151492575255216, 0.007719308780066275, -0.00935536389751947], [0.007719308780066275, 0.010463544941389779, -0.008519675356237627], [-0.00935536389751947, -0.008519675356237627, 0.009578105293443976]], "chi2_level": 0.95, "chi2_df": 3, "chi2_threshold": 7.814727903251179, "N_raw": 37, "N_roi": 37, "N_inlier": 36, "refit": true}
{"timestamp": "15:25:52.371398", "frame": 54, "mu": [-1.8683501127938678, 1.7506628700244307, 1.3488072742475359], "Sigma": [[0.02093029841341528, 0.013104967032466096, -0.018068499809508087], [0.013104967032466096, 0.011828453958406074, -0.0150858791185355], [-0.018068499809508087, -0.015085879118535503, 0.022425765657666158]], "chi2_level": 0.95, "chi2_df": 3, "chi2_threshold": 7.814727903251179, "N_raw": 67, "N_roi": 67, "N_inlier": 62, "refit": true}
{"timestamp": "15:25:52.419710", "frame": 55, "mu": [-1.6658922724874388, 1.776829279054753, 1.294354474403168], "Sigma": [[0.008539639934550635, 0.004856590750169613, -0.00400560963776638], [0.004856590750169613, 0.006002798744934807, -0.002524582401274873], [-0.00400560963776638, -0.002524582401274873, 0.0022656274899456315]], "chi2_level": 0.95, "chi2_df": 3, "chi2_threshold": 7.814727903251179, "N_raw": 18, "N_roi": 18, "N_inlier": 13, "refit": true}
{"timestamp": "15:25:52.584252", "frame": 58, "mu": [-1.5761013477437094, 1.9967431882340858, 1.4567409800795053], "Sigma": [[0.006936203046788595, 0.0001906230065375593, -0.005062139107599737], [0.0001906230065375594, 0.0019225342470102246, 0.001216425426509818], [-0.005062139107599737, 0.001216425426509818, 0.004681902373729175]], "chi2_level": 0.95, "chi2_df": 3, "chi2_threshold": 7.814727903251179, "N_raw": 22, "N_roi": 19, "N_inlier": 17, "refit": true}
{"timestamp": "15:25:52.754378", "frame": 61, "mu": [-1.4205743695462534, 2.1960025181662663, 1.4159027986174275], "Sigma": [[0.010756761382208537, 0.00435782811615306, -0.010767965832437162], [0.00435782811615306, 0.0057896850492539275, -0.010085470688721242], [-0.010767965832437162, -0.010085470688721242, 0.02178859080607621]], "chi2_level": 0.95, "chi2_df": 3, "chi2_threshold": 7.814727903251179, "N_raw": 60, "N_roi": 59, "N_inlier": 56, "refit": true}
{"timestamp": "15:25:52.807539", "frame": 62, "mu": [-1.396961564703615, 2.2488212111472965, -0.5567709258423738], "Sigma": [[0.006598137985655476, 0.0031890143186928442, -0.00822150899957044], [0.003189014318692844, 0.024968588102663204, -0.042781205851420465], [-0.00822150899957044, -0.042781205851420465, 0.08049478283845196]], "chi2_level": 0.95, "chi2_df": 3, "chi2_threshold": 7.814727903251179, "N_raw": 40, "N_roi": 39, "N_inlier": 35, "refit": true}
{"timestamp": "15:25:52.861754", "frame": 63, "mu": [-1.2637585034318366, 2.22995489713412, 1.3775546548098725], "Sigma": [[0.007547749107842036, 0.00084049388015758, -0.0058765126234571335], [0.00084049388015758, 0.0035080113259067305, -0.001149235660960408], [-0.005876512623457135, -0.001149235660960408, 0.0054940869890603055]], "chi2_level": 0.95, "chi2_df": 3, "chi2_threshold": 7.814727903251179, "N_raw": 33, "N_roi": 33, "N_inlier": 29, "refit": true}
{"timestamp": "15:25:52.920029", "frame": 64, "mu": [-1.2471076350708734, 2.318813294579403, 1.2183665517169726], "Sigma": [[0.011999270862425715, -4.502283046649181e-05, -0.00873582683775169], [-4.502283046649186e-05, 0.0026849446524375336, -0.0037436745756044706], [-0.00873582683775169, -0.003743674575604471, 0.015405783101260373]], "chi2_level": 0.95, "chi2_df": 3, "chi2_threshold": 7.814727903251179, "N_raw": 56, "N_roi": 56, "N_inlier": 51, "refit": true}
{"timestamp": "15:25:52.978168", "frame": 65, "mu": [-1.15326112651483, 2.341616619579838, 1.2607371645725813], "Sigma": [[0.011284940435285195, 0.0009613946558477419, -0.006694369354150059], [0.0009613946558477421, 0.005683268476744217, -0.005430991016880486], [-0.006694369354150059, -0.005430991016880486, 0.013067420795046766]], "chi2_level": 0.95, "chi2_df": 3, "chi2_threshold": 7.814727903251179, "N_raw": 73, "N_roi": 73, "N_inlier": 67, "refit": true}
{"timestamp": "15:25:53.029109", "frame": 66, "mu": [-1.0687689348735345, 2.3660618816509174, 1.0634026468377993], "Sigma": [[0.011272041407166327, 1.8764900335914734e-05, 0.00902254299397133], [1.8764900335914775e-05, 0.0025156950541046015, -0.004329070933338342], [0.00902254299397133, -0.004329070933338342, 0.042599487827331625]], "chi2_level": 0.95, "chi2_df": 3, "chi2_threshold": 7.814727903251179, "N_raw": 50, "N_roi": 48, "N_inlier": 43, "refit": true}
{"timestamp": "15:25:53.085915", "frame": 67, "mu": [-1.1212172927544446, 2.380822586716795, 0.7261071126139654], "Sigma": [[0.030317997911646574, 0.0019561653768920403, 0.06376326867128809], [0.0019561653768920403, 0.002552279803896842, -0.003408285238637355], [0.06376326867128809, -0.003408285238637355, 0.22541517207934078]], "chi2_level": 0.95, "chi2_df": 3, "chi2_threshold": 7.814727903251179, "N_raw": 66, "N_roi": 66, "N_inlier": 65, "refit": true}
{"timestamp": "15:25:53.145915", "frame": 68, "mu": [-1.0475406324986298, 2.4644590936171693, -0.6911601400649047], "Sigma": [[0.021908155325364876, 0.0006593451164804453, 0.10921182944879007], [0.0006593451164804453, 0.00523770378701488, 0.003529835376888857], [0.10921182944879007, 0.003529835376888857, 0.889019185053165]], "chi2_level": 0.95, "chi2_df": 3, "chi2_threshold": 7.814727903251179, "N_raw": 94, "N_roi": 94, "N_inlier": 92, "refit": true}
{"timestamp": "15:25:53.191807", "frame": 69, "mu": [-1.0173937898818388, 2.562244988403586, 0.6079560906003953], "Sigma": [[0.016980910022274476, -0.0008728916749054424, 0.037838065089212676], [-0.0008728916749054425, 0.0022740830358361093, -0.010509412829691502], [0.037838065089212676, -0.010509412829691502, 0.14547988474245985]], "chi2_level": 0.95, "chi2_df": 3, "chi2_threshold": 7.814727903251179, "N_raw": 25, "N_roi": 25, "N_inlier": 24, "refit": true}
{"timestamp": "15:25:53.249569", "frame": 70, "mu": [-0.910889039304004, 2.5568682385537116, 1.0289839699304222], "Sigma": [[0.012977434705093372, 0.00012383661944766024, 0.001627602209071457], [0.0001238366194476602, 0.002395697140673723, -0.0058755853383365315], [0.001627602209071457, -0.0058755853383365315, 0.034476486444802806]], "chi2_level": 0.95, "chi2_df": 3, "chi2_threshold": 7.814727903251179, "N_raw": 58, "N_roi": 56, "N_inlier": 53, "refit": true}
{"timestamp": "15:25:53.301909", "frame": 71, "mu": [-0.8283594650409138, 2.631027733302547, 1.1070290489852919], "Sigma": [[0.008263838739364903, -0.00044212703408148184, -0.006768776151323017], [-0.0004421270340814819, 0.0008245668123299798, -0.002036932154408998], [-0.006768776151323017, -0.002036932154408998, 0.015425605619969422]], "chi2_level": 0.95, "chi2_df": 3, "chi2_threshold": 7.814727903251179, "N_raw": 39, "N_roi": 39, "N_inlier": 35, "refit": true}
{"timestamp": "15:25:53.362578", "frame": 72, "mu": [-0.840573098147662, 2.663657597996198, 1.2249523934230693], "Sigma": [[0.013435710354219648, -0.000810352630550719, -0.007888829355151252], [-0.0008103526305507189, 0.0034891564920919473, -0.0057452064049977915], [-0.007888829355151252, -0.005745206404997791, 0.02152079777795181]], "chi2_level": 0.95, "chi2_df": 3, "chi2_threshold": 7.814727903251179, "N_raw": 74, "N_roi": 74, "N_inlier": 70, "refit": true}
{"timestamp": "15:25:53.417914", "frame": 73, "mu": [-0.7770341376560264, 2.691973891127959, 1.2370350328737347], "Sigma": [[0.014341646097080931, 0.0005172690660270196, -0.0033935432664397897], [0.0005172690660270197, 0.004031806389448846, -0.006234120629652672], [-0.00339354326643979, -0.006234120629652673, 0.01451617322748317]], "chi2_level": 0.95, "chi2_df": 3, "chi2_threshold": 7.814727903251179, "N_raw": 78, "N_roi": 78, "N_inlier": 73, "refit": true}
{"timestamp": "15:25:53.471995", "frame": 74, "mu": [-0.7300105248267796, 2.7543213793096735, 1.206702559540532], "Sigma": [[0.012036849258334162, 0.0003358620588911947, -0.009144699303447345], [0.0003358620588911947, 0.001832777955247857, -0.005795960424670276], [-0.009144699303447343, -0.005795960424670275, 0.03985334326746047]], "chi2_level": 0.95, "chi2_df": 3, "chi2_threshold": 7.814727903251179, "N_raw": 69, "N_roi": 67, "N_inlier": 64, "refit": true}
{"timestamp": "15:25:53.527051", "frame": 75, "mu": [-0.6902505912106531, 2.801812465877183, 1.2829512100895861], "Sigma": [[0.01224885420612471, -0.0015771049096071636, -0.010320195249535547], [-0.0015771049096071639, 0.004850787675571074, -0.0033165341765016816], [-0.010320195249535547, -0.0033165341765016816, 0.01606388736366254]], "chi2_level": 0.95, "chi2_df": 3, "chi2_threshold": 7.814727903251179, "N_raw": 68, "N_roi": 68, "N_inlier": 63, "refit": true}
{"timestamp": "15:25:53.585700", "frame": 76, "mu": [-0.6690892983446952, 2.8802765011312834, 1.1281413781120309], "Sigma": [[0.015905610682264378, -0.004634151348546986, 0.00022739366442979287], [-0.004634151348546986, 0.005779305670445469, -0.01223479009181655], [0.00022739366442979287, -0.01223479009181655, 0.06312191772230594]], "chi2_level": 0.95, "chi2_df": 3, "chi2_threshold": 7.814727903251179, "N_raw": 100, "N_roi": 99, "N_inlier": 95, "refit": true}
{"timestamp": "15:25:53.636247", "frame": 77, "mu": [-0.5996017724053364, 2.8856629253884143, 1.3010927799628058], "Sigma": [[0.015072379206665409, -0.0011425895880574674, -0.005962690396400262], [-0.0011425895880574676, 0.004334414828288564, -0.003587953102437344], [-0.005962690396400262, -0.003587953102437344, 0.010524593696913227]], "chi2_level": 0.95, "chi2_df": 3, "chi2_threshold": 7.814727903251179, "N_raw": 66, "N_roi": 66, "N_inlier": 62, "refit": true}
{"timestamp": "15:25:53.692915", "frame": 78, "mu": [-0.5993066424451214, 2.996215297116876, 0.8494903419679583], "Sigma": [[0.01341685689047948, -0.001915620807012535, 0.0023878546299648086], [-0.001915620807012535, 0.001752639902063225, -0.014635736592603907], [0.0023878546299648086, -0.014635736592603907, 0.31722110160874833]], "chi2_level": 0.95, "chi2_df": 3, "chi2_threshold": 7.814727903251179, "N_raw": 75, "N_roi": 69, "N_inlier": 66, "refit": true}
{"timestamp": "15:25:53.744726", "frame": 79, "mu": [-0.5854007349202716, 3.0747910081708336, 0.7943819158076261], "Sigma": [[0.015464363385731554, -0.0002809335008931326, 0.002515283523113145], [-0.00028093350089313266, 0.0011743605567757145, -0.006678422390774107], [0.0025152835231131467, -0.006678422390774107, 0.11408357210925216]], "chi2_level": 0.95, "chi2_df": 3, "chi2_threshold": 7.814727903251179, "N_raw": 57, "N_roi": 57, "N_inlier": 54, "refit": true}
{"timestamp": "15:25:53.799732", "frame": 80, "mu": [-0.4600857428068261, 3.0368714537267794, 0.860118559288046], "Sigma": [[0.015199358960506204, 0.0010496287950672598, -0.03284099139671222], [0.00104962879506726, 0.0015344954798330315, -0.013769064456748034], [-0.03284099139671222, -0.013769064456748033, 0.3409834239571945]], "chi2_level": 0.95, "chi2_df": 3, "chi2_threshold": 7.814727903251179, "N_raw": 56, "N_roi": 56, "N_inlier": 56, "refit": true}
{"timestamp": "15:25:53.854409", "frame": 81, "mu": [-0.44046933136579386, 3.0867288968117346, 1.4065637745496806], "Sigma": [[0.015852983270930793, 0.0011584530456946389, -0.00635597377959736], [0.0011584530456946389, 0.0035060014176883773, -0.005686582768103763], [-0.006355973779597361, -0.005686582768103763, 0.0766956649590143]], "chi2_level": 0.95, "chi2_df": 3, "chi2_threshold": 7.814727903251179, "N_raw": 50, "N_roi": 48, "N_inlier": 45, "refit": true}
{"timestamp": "15:25:53.908723", "frame": 82, "mu": [-0.3788215563695166, 3.1100348552658748, 1.259583927570457], "Sigma": [[0.017405411751410964, -0.00015195638278602962, -0.011262715254013622], [-0.00015195638278602954, 0.0014050757914632291, -0.002767636868571151], [-0.011262715254013622, -0.002767636868571151, 0.01779376820878793]], "chi2_level": 0.95, "chi2_df": 3, "chi2_threshold": 7.814727903251179, "N_raw": 47, "N_roi": 45, "N_inlier": 42, "refit": true}
{"timestamp": "15:25:53.963378", "frame": 83, "mu": [-0.3163993792581026, 3.1690836247358667, 1.1287466937637032], "Sigma": [[0.015583906227427042, -0.0019687535404177892, -0.009188400113704344], [-0.0019687535404177897, 0.0028143630527563187, -0.0025472812762500894], [-0.009188400113704344, -0.0025472812762500894, 0.01251453522115601]], "chi2_level": 0.95, "chi2_df": 3, "chi2_threshold": 7.814727903251179, "N_raw": 50, "N_roi": 50, "N_inlier": 49, "refit": true}
{"timestamp": "15:25:54.016393", "frame": 84, "mu": [-0.26301324901125, 3.2279768091523553, 1.3523644986238523], "Sigma": [[0.008914353560931645, -0.00040772335331659454, -0.004567624150775962], [-0.00040772335331659454, 0.0018214745507163846, -0.004794321475056956], [-0.004567624150775963, -0.004794321475056956, 0.022949765135465015]], "chi2_level": 0.95, "chi2_df": 3, "chi2_threshold": 7.814727903251179, "N_raw": 37, "N_roi": 37, "N_inlier": 35, "refit": true}
{"timestamp": "15:25:54.076555", "frame": 85, "mu": [-0.35428876039735463, 3.2747503458281426, 0.9194900885039773], "Sigma": [[0.021117852212295993, 0.006036632387822448, 0.03298744103807891], [0.006036632387822448, 0.005864874112220886, 0.030427648337953972], [0.03298744103807891, 0.030427648337953972, 0.27034035945777485]], "chi2_level": 0.95, "chi2_df": 3, "chi2_threshold": 7.814727903251179, "N_raw": 67, "N_roi": 64, "N_inlier": 62, "refit": true}
{"timestamp": "15:25:54.128724", "frame": 86, "mu": [-0.32073506696160414, 3.3245640350217336, 0.7961451182100475], "Sigma": [[0.015794585904816222, 0.006382891073233111, 0.044148166238247674], [0.006382891073233111, 0.004591293872898064, 0.030964790920527327], [0.044148166238247674, 0.030964790920527327, 0.2953105466086067]], "chi2_level": 0.95, "chi2_df": 3, "chi2_threshold": 7.814727903251179, "N_raw": 47, "N_roi": 47, "N_inlier": 45, "refit": true}
{"timestamp": "15:25:54.288373", "frame": 89, "mu": [-0.009280654842502192, 3.5271634067354984, 1.314242489142159], "Sigma": [[0.003329279483448634, -0.00044416520933543175, 0.008034333324935784], [-0.00044416520933543175, 0.003762848681044935, -0.020199328931804005], [0.008034333324935784, -0.020199328931804005, 0.19720693411525217]], "chi2_level": 0.95, "chi2_df": 3, "chi2_threshold": 7.814727903251179, "N_raw": 16, "N_roi": 14, "N_inlier": 13, "refit": true}
{"timestamp": "15:25:54.344306", "frame": 90, "mu": [0.008674740258080776, 3.5887944214990743, 1.4105547253259536], "Sigma": [[0.008543850253874795, -0.0014706437702646483, 0.004320494470275466], [-0.0014706437702646483, 0.0014788311631290353, -0.002166958756839056], [0.004320494470275467, -0.002166958756839056, 0.13405561933562907]], "chi2_level": 0.95, "chi2_df": 3, "chi2_threshold": 7.814727903251179, "N_raw": 25, "N_roi": 25, "N_inlier": 23, "refit": true}
{"timestamp": "15:25:54.456931", "frame": 92, "mu": [0.13395800487080417, 3.601582997003285, 1.3293301699143913], "Sigma": [[0.01428073075548066, -0.00177256106599379, -0.0007816976403478171], [-0.00177256106599379, 0.003408826466651221, -0.003734031587722941], [-0.0007816976403478171, -0.003734031587722941, 0.00677423421732281]], "chi2_level": 0.95, "chi2_df": 3, "chi2_threshold": 7.814727903251179, "N_raw": 43, "N_roi": 43, "N_inlier": 43, "refit": true}
{"timestamp": "15:25:54.511720", "frame": 93, "mu": [0.17285148463746705, 3.688571250355696, 1.2507279396818327], "Sigma": [[0.009748043020216743, -0.0040268470552192, 0.012579474988774084], [-0.004026847055219201, 0.004324979624106086, -0.012602933210769815], [0.012579474988774084, -0.012602933210769815, 0.051566468092544414]], "chi2_level": 0.95, "chi2_df": 3, "chi2_threshold": 7.814727903251179, "N_raw": 33, "N_roi": 31, "N_inlier": 30, "refit": true}
{"timestamp": "15:25:54.564022", "frame": 94, "mu": [0.22228308587086687, 3.726338201611009, 1.4040366580881736], "Sigma": [[0.006557099424728196, -0.0015675967727750602, 0.0023401891633508367], [-0.0015675967727750602, 0.003631200269552163, -0.0035828260519431237], [0.0023401891633508375, -0.0035828260519431233, 0.006409044151460201]], "chi2_level": 0.95, "chi2_df": 3, "chi2_threshold": 7.814727903251179, "N_raw": 22, "N_roi": 22, "N_inlier": 19, "refit": true}
{"timestamp": "15:25:54.623361", "frame": 95, "mu": [0.22857232481404263, 3.7941397837949387, 1.1214735157193625], "Sigma": [[0.008185231568070772, -0.00024763638469465577, 0.008840744231551873], [-0.00024763638469465577, 0.00042032883505090145, -0.0008452907483340166], [0.008840744231551873, -0.0008452907483340166, 0.07681400055148753]], "chi2_level": 0.95, "chi2_df": 3, "chi2_threshold": 7.814727903251179, "N_raw": 52, "N_roi": 28, "N_inlier": 27, "refit": true}
{"timestamp": "15:25:54.676999", "frame": 96, "mu": [0.32176202315392266, 3.81503824537468, 1.5150058871665277], "Sigma": [[0.012625565751606097, -0.0018019219181108442, -0.007439855302050508], [-0.0018019219181108445, 0.003162875949830204, 0.0001644496527837621], [-0.007439855302050508, 0.0001644496527837621, 0.006972272857869431]], "chi2_level": 0.95, "chi2_df": 3, "chi2_threshold": 7.814727903251179, "N_raw": 33, "N_roi": 33, "N_inlier": 32, "refit": true}
{"timestamp": "15:25:54.956994", "frame": 100, "mu": [0.5135456352048204, 4.095060037114019, 1.3273197653723716], "Sigma": [[0.009378334258457405, -0.004165431797477712, 0.013659935476315886], [-0.004165431797477712, 0.0072303280994291995, -0.030306770404233355], [0.013659935476315886, -0.030306770404233352, 0.1644348535423856]], "chi2_level": 0.95, "chi2_df": 3, "chi2_threshold": 7.814727903251179, "N_raw": 19, "N_roi": 17, "N_inlier": 16, "refit": true}
{"timestamp": "15:25:54.999698", "frame": 101, "mu": [0.6059890041589117, 4.115401586271794, 1.027719498756448], "Sigma": [[0.004205216652858117, -0.002571846726445181, 0.01598268499873142], [-0.002571846726445181, 0.004770282620518622, -0.019361511658432508], [0.01598268499873142, -0.019361511658432504, 0.13543635494462217]], "chi2_level": 0.95, "chi2_df": 3, "chi2_threshold": 7.814727903251179, "N_raw": 19, "N_roi": 15, "N_inlier": 14, "refit": true}
{"timestamp": "15:25:55.018827", "frame": 102, "mu": [0.630440602329563, 4.081607131502311, 1.2271229463216602], "Sigma": [[0.010660008237767011, -0.002644574563254223, -0.006924220713287456], [-0.002644574563254223, 0.0014381917376860918, -0.00029255335778360036], [-0.006924220713287455, -0.00029255335778360046, 0.014267054247960527]], "chi2_level": 0.95, "chi2_df": 3, "chi2_threshold": 7.814727903251179, "N_raw": 27, "N_roi": 23, "N_inlier": 20, "refit": true}
{"timestamp": "15:25:55.064499", "frame": 103, "mu": [0.6016365960764125, 4.174363470527136, 0.9712535946341032], "Sigma": [[0.01580248630485409, -0.0022063534856191116, 0.013017078559486465], [-0.002206353485619112, 0.002367211082816306, 0.00414584874308487], [0.013017078559486465, 0.00414584874308487, 0.15820489740331953]], "chi2_level": 0.95, "chi2_df": 3, "chi2_threshold": 7.814727903251179, "N_raw": 55, "N_roi": 50, "N_inlier": 50, "refit": true}
{"timestamp": "15:25:55.279106", "frame": 107, "mu": [0.8481508761757746, 4.408676290915971, 1.4945651933111304], "Sigma": [[0.018252488661240053, -0.0038563352897945896, -0.00602144285822977], [-0.0038563352897945896, 0.002315222769602887, 0.0004774020070650674], [-0.00602144285822977, 0.00047740200706506753, 0.005903631058264427]], "chi2_level": 0.95, "chi2_df": 3, "chi2_threshold": 7.814727903251179, "N_raw": 25, "N_roi": 25, "N_inlier": 24, "refit": true}
