{"timestamp": "14:45:22.490047", "frame": 67, "mu": [1.5852690789230925, 1.7267955205996925, 1.3840592382304178], "Sigma": [[0.008215710363829912, -0.005025032256289493, -0.01962604815157899], [-0.0050250322562894936, 0.00495202064508937, 0.010622877238084836], [-0.01962604815157899, 0.010622877238084834, 0.0675297289103594]], "chi2_level": 0.95, "chi2_df": 3, "chi2_threshold": 7.814727903251179, "N_raw": 14, "N_roi": 14, "N_inlier": 12, "refit": true}
{"timestamp": "14:45:23.150506", "frame": 79, "mu": [1.5885407895011603, 2.180070855980861, 1.3999259508510176], "Sigma": [[0.003320948968240033, -0.0015693899026952489, -0.0025831468338389585], [-0.001569389902695249, 0.0028179213445532524, -0.0005738130900563505], [-0.0025831468338389594, -0.0005738130900563505, 0.012648957595904455]], "chi2_level": 0.95, "chi2_df": 3, "chi2_threshold": 7.814727903251179, "N_raw": 19, "N_roi": 19, "N_inlier": 16, "refit": true}
{"timestamp": "14:45:23.259688", "frame": 81, "mu": [1.518449417384238, 2.261449842167663, 1.2987529924791916], "Sigma": [[0.013180724568650189, 6.915848316139885e-05, -0.03999679465101999], [6.915848316139885e-05, 0.0033610153454036854, 0.008521100345660846], [-0.03999679465102, 0.008521100345660847, 0.15652895272514342]], "chi2_level": 0.95, "chi2_df": 3, "chi2_threshold": 7.814727903251179, "N_raw": 12, "N_roi": 12, "N_inlier": 11, "refit": true}
{"timestamp": "14:45:23.479924", "frame": 85, "mu": [1.526426905742444, 2.435623589545995, 1.4181636914005564], "Sigma": [[0.004703513404561309, -0.003056864784369173, -0.0018278777469618221], [-0.003056864784369173, 0.0030564221906744225, -0.00045432627128817624], [-0.0018278777469618221, -0.0004543262712881762, 0.0044578512678298135]], "chi2_level": 0.95, "chi2_df": 3, "chi2_threshold": 7.814727903251179, "N_raw": 19, "N_roi": 19, "N_inlier": 17, "refit": true}
{"timestamp": "14:45:23.645718", "frame": 88, "mu": [1.4926884927397353, 2.5683352341163577, 1.5828170845067253], "Sigma": [[0.00778767714172541, -0.004570482260556889, -0.0033877709042577607], [-0.004570482260556889, 0.004732518161468632, 0.0013411158140453142], [-0.003387770904257761, 0.0013411158140453142, 0.002607914260987028]], "chi2_level": 0.95, "chi2_df": 3, "chi2_threshold": 7.814727903251179, "N_raw": 24, "N_roi": 24, "N_inlier": 23, "refit": true}
{"timestamp": "14:45:23.756040", "frame": 90, "mu": [1.5432056907053449, 2.670581201496697, 1.5106335406868636], "Sigma": [[0.005576662520164768, -0.002156418283449416, 0.000637794135588918], [-0.0021564182834494165, 0.0024976535496353328, -0.0005851816497252343], [0.000637794135588918, -0.0005851816497252343, 0.0001428809015388767]], "chi2_level": 0.95, "chi2_df": 3, "chi2_threshold": 7.814727903251179, "N_raw": 19, "N_roi": 19, "N_inlier": 17, "refit": true}
{"timestamp": "14:45:23.813407", "frame": 91, "mu": [1.5105225520902894, 2.643200775175125, 1.420240197631826], "Sigma": [[0.007183252764398531, -0.003355625340153954, -0.0023956321799714735], [-0.003355625340153954, 0.005182521228130566, 0.000989066550010601], [-0.002395632179971474, 0.000989066550010601, 0.0021864543672812107]], "chi2_level": 0.95, "chi2_df": 3, "chi2_threshold": 7.814727903251179, "N_raw": 29, "N_roi": 29, "N_inlier": 28, "refit": true}
{"timestamp": "14:45:23.920764", "frame": 93, "mu": [1.5228619841300755, 2.742395724552737, 1.2870231396652358], "Sigma": [[0.012049501352950989, -0.003442638009207876, -0.04110309775954678], [-0.003442638009207876, 0.0023355178037071673, 0.01220117700751374], [-0.04110309775954677, 0.01220117700751374, 0.18941764132326147]], "chi2_level": 0.95, "chi2_df": 3, "chi2_threshold": 7.814727903251179, "N_raw": 16, "N_roi": 15, "N_inlier": 14, "refit": true}
{"timestamp": "14:45:23.975235", "frame": 94, "mu": [1.512038464872124, 2.7800009201012057, 1.4433510442482125], "Sigma": [[0.0026825052591906116, -0.0011042967951985208, -0.002289589769870776], [-0.0011042967951985204, 0.0024659772508382125, 5.87985454763197e-05], [-0.0022895897698707755, 5.879854547631992e-05, 0.0032592069798794664]], "chi2_level": 0.95, "chi2_df": 3, "chi2_threshold": 7.814727903251179, "N_raw": 10, "N_roi": 10, "N_inlier": 10, "refit": true}
{"timestamp": "14:45:24.030934", "frame": 95, "mu": [1.5334621460045272, 2.7883034190346363, 1.4913578863648467], "Sigma": [[0.0069879643414939956, -0.0031927673919413604, -0.003584808148330477], [-0.0031927673919413604, 0.004101080421362325, 0.0021063248776240218], [-0.003584808148330477, 0.0021063248776240218, 0.002762183970158351]], "chi2_level": 0.95, "chi2_df": 3, "chi2_threshold": 7.814727903251179, "N_raw": 17, "N_roi": 15, "N_inlier": 14, "refit": true}
{"timestamp": "14:45:24.252459", "frame": 99, "mu": [1.6424097235940645, 2.7843024163119354, 0.6155166829633251], "Sigma": [[0.01363057291538639, -0.010423877201254197, -0.03674390618599253], [-0.010423877201254195, 0.011300795635655956, 0.03363711921697561], [-0.036743906185992534, 0.03363711921697561, 0.154964561255597]], "chi2_level": 0.95, "chi2_df": 3, "chi2_threshold": 7.814727903251179, "N_raw": 21, "N_roi": 16, "N_inlier": 16, "refit": true}
{"timestamp": "14:45:24.324710", "frame": 100, "mu": [1.6072271206096418, 2.941448645971228, 1.4577875812635948], "Sigma": [[0.006865494582369464, -0.0016556588083159343, 0.0005704176475593974], [-0.001655658808315934, 0.0027116648323354583, -0.0006068534188203989], [0.0005704176475593974, -0.0006068534188203989, 0.0001436862489677771]], "chi2_level": 0.95, "chi2_df": 3, "chi2_threshold": 7.814727903251179, "N_raw": 28, "N_roi": 23, "N_inlier": 21, "refit": true}
{"timestamp": "14:45:24.365617", "frame": 101, "mu": [1.9777998031267865, 3.1140867917881794, -1.2313234453635193], "Sigma": [[0.19633550815451176, 0.08400235468681685, -0.009767144654635945], [0.08400235468681685, 0.04301806373009226, 0.01876384855157702], [-0.009767144654635943, 0.01876384855157702, 0.08556909356665975]], "chi2_level": 0.95, "chi2_df": 3, "chi2_threshold": 7.814727903251179, "N_raw": 43, "N_roi": 10, "N_inlier": 10, "refit": true}
{"timestamp": "14:45:24.583631", "frame": 105, "mu": [1.518528634036921, 3.1434234667095375, 1.392950477695421], "Sigma": [[0.01499356576831059, -0.0054785739655053714, -0.0021697029685872884], [-0.005478573965505371, 0.004798093002955965, 0.00018510475927967866], [-0.0021697029685872884, 0.00018510475927967864, 0.0013261002932927718]], "chi2_level": 0.95, "chi2_df": 3, "chi2_threshold": 7.814727903251179, "N_raw": 35, "N_roi": 35, "N_inlier": 33, "refit": true}
{"timestamp": "14:45:24.748754", "frame": 108, "mu": [1.4698843746257235, 3.2776974949907363, 1.3960908747566947], "Sigma": [[0.01410689287146267, -0.006624317391892342, -0.0036634644977882914], [-0.006624317391892343, 0.0059069084744202095, 0.0017480027632300287], [-0.003663464497788291, 0.0017480027632300285, 0.0026796160067627827]], "chi2_level": 0.95, "chi2_df": 3, "chi2_threshold": 7.814727903251179, "N_raw": 31, "N_roi": 30, "N_inlier": 29, "refit": true}
{"timestamp": "14:45:24.806658", "frame": 109, "mu": [1.5138214253681606, 3.2835513464903157, 1.3652995073189391], "Sigma": [[0.01825628177399114, -0.007987281273658043, -0.0022849595588027762], [-0.007987281273658043, 0.007039581696796623, -0.001342968099694367], [-0.0022849595588027767, -0.001342968099694367, 0.004282462785537494]], "chi2_level": 0.95, "chi2_df": 3, "chi2_threshold": 7.814727903251179, "N_raw": 47, "N_roi": 45, "N_inlier": 43, "refit": true}
{"timestamp": "14:45:24.858878", "frame": 110, "mu": [1.4930490518629702, 3.3233019211356543, 1.439380863873961], "Sigma": [[0.01730693137094147, -0.0087902237348693, -0.005495746793796514], [-0.0087902237348693, 0.007103781356490623, 0.0028379801595421277], [-0.005495746793796514, 0.0028379801595421277, 0.002970098272652662]], "chi2_level": 0.95, "chi2_df": 3, "chi2_threshold": 7.814727903251179, "N_raw": 32, "N_roi": 32, "N_inlier": 31, "refit": true}
{"timestamp": "14:45:24.973350", "frame": 112, "mu": [1.5926973509987827, 3.3902420812050797, 1.1391574019743895], "Sigma": [[0.02212248817555787, -0.009004822338862585, -0.02664986825956818], [-0.009004822338862585, 0.005148723990753483, 0.005968004393990748], [-0.02664986825956818, 0.005968004393990748, 0.09986505365682824]], "chi2_level": 0.95, "chi2_df": 3, "chi2_threshold": 7.814727903251179, "N_raw": 66, "N_roi": 65, "N_inlier": 64, "refit": true}
{"timestamp": "14:45:25.022156", "frame": 113, "mu": [1.647157002897025, 3.381467484812543, 0.9704690270765276], "Sigma": [[0.013653061852530958, -0.005017625851020532, -0.028846829443616814], [-0.005017625851020531, 0.0026855012504770504, 0.009348084614257708], [-0.02884682944361681, 0.009348084614257708, 0.07461368785052713]], "chi2_level": 0.95, "chi2_df": 3, "chi2_threshold": 7.814727903251179, "N_raw": 17, "N_roi": 17, "N_inlier": 15, "refit": true}
{"timestamp": "14:45:25.076759", "frame": 114, "mu": [1.6439026939928914, 3.418957443883839, 0.9996562437390816], "Sigma": [[0.013055612514912407, -0.006647937519622414, -0.002040031013380145], [-0.006647937519622413, 0.004234147212844009, 7.003440136456362e-05], [-0.002040031013380145, 7.003440136456362e-05, 0.003485333614283186]], "chi2_level": 0.95, "chi2_df": 3, "chi2_threshold": 7.814727903251179, "N_raw": 18, "N_roi": 16, "N_inlier": 14, "refit": true}
{"timestamp": "14:45:25.302792", "frame": 118, "mu": [1.5372449449812147, 3.5953991619310646, 1.2806577616893229], "Sigma": [[0.023150433206355608, -0.010745076238425775, -0.01890929489375543], [-0.010745076238425775, 0.007867762412055383, 0.007273974239302027], [-0.01890929489375543, 0.007273974239302027, 0.018424262276287164]], "chi2_level": 0.95, "chi2_df": 3, "chi2_threshold": 7.814727903251179, "N_raw": 43, "N_roi": 43, "N_inlier": 41, "refit": true}
{"timestamp": "14:45:25.353024", "frame": 119, "mu": [1.502023495579582, 3.654306128763159, 1.3650565706270668], "Sigma": [[0.009679816146154582, -0.003915051564427354, -0.006608344254894285], [-0.003915051564427354, 0.0024250344864586446, 0.0014755386674491489], [-0.006608344254894285, 0.0014755386674491493, 0.010737615490668493]], "chi2_level": 0.95, "chi2_df": 3, "chi2_threshold": 7.814727903251179, "N_raw": 20, "N_roi": 20, "N_inlier": 18, "refit": true}
{"timestamp": "14:45:25.410770", "frame": 120, "mu": [1.4612997559294614, 3.6752980517126463, 1.3429928900405226], "Sigma": [[0.018934494699911937, -0.007038672866328781, -0.00837051320389716], [-0.007038672866328781, 0.006639923153181372, 0.0017654829009856325], [-0.00837051320389716, 0.001765482900985632, 0.005873687913383683]], "chi2_level": 0.95, "chi2_df": 3, "chi2_threshold": 7.814727903251179, "N_raw": 46, "N_roi": 46, "N_inlier": 45, "refit": true}
{"timestamp": "14:45:25.465093", "frame": 121, "mu": [1.459302891881084, 3.7229840246550068, 1.3732443403067351], "Sigma": [[0.017422626527766057, -0.00608192543313196, -0.007576851813683031], [-0.00608192543313196, 0.004770039240043425, 0.0013102074987986793], [-0.00757685181368303, 0.0013102074987986793, 0.009408253702575241]], "chi2_level": 0.95, "chi2_df": 3, "chi2_threshold": 7.814727903251179, "N_raw": 38, "N_roi": 38, "N_inlier": 37, "refit": true}
{"timestamp": "14:45:25.574513", "frame": 123, "mu": [1.432041882678883, 3.8163062629589026, 0.5221094459691223], "Sigma": [[0.016902439799254314, -0.003437637456268401, -0.008629290586143147], [-0.003437637456268401, 0.0038690850965217875, 0.0026328798177889666], [-0.008629290586143147, 0.002632879817788967, 0.0062784977394413815]], "chi2_level": 0.95, "chi2_df": 3, "chi2_threshold": 7.814727903251179, "N_raw": 36, "N_roi": 36, "N_inlier": 36, "refit": true}
{"timestamp": "14:45:25.626931", "frame": 124, "mu": [1.3976581502196441, 3.8554090129383694, 1.4212577873908776], "Sigma": [[0.0067352944799171045, -0.0010413994476784227, -0.0012285162892821254], [-0.0010413994476784227, 0.0016592450077062002, -0.0006706428345892903], [-0.0012285162892821256, -0.0006706428345892903, 0.0018862963981863194]], "chi2_level": 0.95, "chi2_df": 3, "chi2_threshold": 7.814727903251179, "N_raw": 17, "N_roi": 17, "N_inlier": 16, "refit": true}
{"timestamp": "14:45:25.682205", "frame": 125, "mu": [1.4716374770909098, 3.9342931068328193, 1.403371706287896], "Sigma": [[0.055965841374542705, 0.016757999875602163, -0.014278810682886655], [0.016757999875602166, 0.008313848076114834, -0.0036350728587494475], [-0.014278810682886653, -0.003635072858749447, 0.006916169148498853]], "chi2_level": 0.95, "chi2_df": 3, "chi2_threshold": 7.814727903251179, "N_raw": 21, "N_roi": 21, "N_inlier": 17, "refit": true}
{"timestamp": "14:45:25.792289", "frame": 127, "mu": [1.502060437507623, 3.9420543406412833, 1.4105285825158427], "Sigma": [[0.011657540929101281, -0.004854785705961006, -0.004145611332765016], [-0.004854785705961006, 0.0036854284638483978, 0.002200016802452439], [-0.004145611332765016, 0.002200016802452439, 0.003375815143682674]], "chi2_level": 0.95, "chi2_df": 3, "chi2_threshold": 7.814727903251179, "N_raw": 21, "N_roi": 21, "N_inlier": 20, "refit": true}
{"timestamp": "14:45:25.847698", "frame": 128, "mu": [1.4798649988893895, 4.038984908441863, 0.39832599480706293], "Sigma": [[0.013994768387094738, -0.0024862851990221442, -0.00797502012658155], [-0.002486285199022144, 0.0030025918876992424, 0.0006194549015907459], [-0.00797502012658155, 0.0006194549015907459, 0.006504374228367061]], "chi2_level": 0.95, "chi2_df": 3, "chi2_threshold": 7.814727903251179, "N_raw": 24, "N_roi": 24, "N_inlier": 22, "refit": true}
{"timestamp": "14:45:25.902049", "frame": 129, "mu": [1.4065945270580134, 4.031039213356098, 1.409832584898052], "Sigma": [[0.0077740820944602615, -0.0018424123773773898, 0.0005731183427139235], [-0.00184241237737739, 0.002618638180976022, -0.0004840308873729909], [0.0005731183427139235, -0.0004840308873729909, 9.88632022369847e-05]], "chi2_level": 0.95, "chi2_df": 3, "chi2_threshold": 7.814727903251179, "N_raw": 13, "N_roi": 13, "N_inlier": 11, "refit": true}
{"timestamp": "14:45:25.958013", "frame": 130, "mu": [1.4306606645670323, 4.080896654641267, 1.4140227302145412], "Sigma": [[0.014705387953791706, -0.0016841462224316797, -0.019606285823218682], [-0.0016841462224316797, 0.0016013860170323478, 0.001159403542275247], [-0.019606285823218682, 0.001159403542275247, 0.0375503627021499]], "chi2_level": 0.95, "chi2_df": 3, "chi2_threshold": 7.814727903251179, "N_raw": 19, "N_roi": 19, "N_inlier": 15, "refit": true}
{"timestamp": "14:45:26.067058", "frame": 132, "mu": [1.3917896721736172, 4.168117867681486, 1.386984851809948], "Sigma": [[0.007653982082177504, -0.001245440620404547, -0.0043157121212840915], [-0.001245440620404547, 0.0017908782575595378, -0.00028143517028153], [-0.0043157121212840915, -0.00028143517028153, 0.006340395116938205]], "chi2_level": 0.95, "chi2_df": 3, "chi2_threshold": 7.814727903251179, "N_raw": 12, "N_roi": 12, "N_inlier": 10, "refit": true}
{"timestamp": "14:45:26.180180", "frame": 134, "mu": [1.5244548551740214, 4.190233510819787, 1.09502319747523], "Sigma": [[0.02358890555235483, -0.00702607196131348, -0.012339165503936211], [-0.00702607196131348, 0.0036243957341116828, 0.0007075083209262881], [-0.012339165503936211, 0.0007075083209262881, 0.016574397591789875]], "chi2_level": 0.95, "chi2_df": 3, "chi2_threshold": 7.814727903251179, "N_raw": 35, "N_roi": 35, "N_inlier": 32, "refit": true}
{"timestamp": "14:45:26.233784", "frame": 135, "mu": [1.501578137783075, 4.238860801449961, 0.9448386190213491], "Sigma": [[0.01843563598382512, -0.006940642177417835, -0.007939625479077415], [-0.006940642177417835, 0.004221738481940604, 0.0010934424046934125], [-0.007939625479077415, 0.0010934424046934127, 0.01183319509311659]], "chi2_level": 0.95, "chi2_df": 3, "chi2_threshold": 7.814727903251179, "N_raw": 28, "N_roi": 28, "N_inlier": 27, "refit": true}
{"timestamp": "14:45:26.288011", "frame": 136, "mu": [1.5640607462928893, 4.243784044676979, 0.5569079060337754], "Sigma": [[0.020233480910091056, -0.008579278871235808, -0.0217556898233937], [-0.008579278871235808, 0.0045645818844739705, 0.007366122247616931], [-0.0217556898233937, 0.0073661222476169306, 0.04666831024963494]], "chi2_level": 0.95, "chi2_df": 3, "chi2_threshold": 7.814727903251179, "N_raw": 22, "N_roi": 21, "N_inlier": 19, "refit": true}
{"timestamp": "14:45:26.397689", "frame": 138, "mu": [1.4436390320906596, 4.3971078617935975, 1.1141235118674873], "Sigma": [[0.02052279267936695, -0.006700574402327117, -0.006229312963210052], [-0.006700574402327117, 0.0035715496001605127, 0.0011365972503271607], [-0.006229312963210052, 0.001136597250327161, 0.004438810025732592]], "chi2_level": 0.95, "chi2_df": 3, "chi2_threshold": 7.814727903251179, "N_raw": 22, "N_roi": 22, "N_inlier": 21, "refit": true}
{"timestamp": "14:45:26.674283", "frame": 143, "mu": [1.4167595571686589, 4.557005331985934, 1.234705233586925], "Sigma": [[0.025825314492723284, -0.008691896544676583, -0.010147104205089906], [-0.008691896544676583, 0.006846813357991238, 0.0014750886806303041], [-0.010147104205089906, 0.0014750886806303041, 0.00771213316099522]], "chi2_level": 0.95, "chi2_df": 3, "chi2_threshold": 7.814727903251179, "N_raw": 41, "N_roi": 41, "N_inlier": 40, "refit": true}
{"timestamp": "14:45:27.002802", "frame": 149, "mu": [1.3744042448015361, 4.819237583205691, 0.49026381829181154], "Sigma": [[0.014426445256148586, -0.0002182891826035817, -0.011180141295975483], [-0.0002182891826035816, 0.0023534616637297698, -0.003655339491943156], [-0.011180141295975483, -0.003655339491943156, 0.020104299388920152]], "chi2_level": 0.95, "chi2_df": 3, "chi2_threshold": 7.814727903251179, "N_raw": 18, "N_roi": 15, "N_inlier": 13, "refit": true}
{"timestamp": "14:45:27.084958", "frame": 150, "mu": [1.3151941015661868, 4.796789623793079, 0.6267383268332274], "Sigma": [[0.00968887341413365, 0.0019414756271746965, -0.013173728232372095], [0.0019414756271746965, 0.005853120667506251, -0.01743286699563891], [-0.013173728232372095, -0.01743286699563891, 0.06643175646044759]], "chi2_level": 0.95, "chi2_df": 3, "chi2_threshold": 7.814727903251179, "N_raw": 11, "N_roi": 10, "N_inlier": 10, "refit": true}
