{"timestamp": "15:04:51.434785", "frame": 2, "mu": [1.4504323174927347, 1.256429893847852, 1.4196647309785746], "Sigma": [[0.008125930818087159, -0.005218483904483177, -0.00407208753071041], [-0.005218483904483177, 0.00649185137858631, 0.0008704961604908652], [-0.00407208753071041, 0.0008704961604908651, 0.003451621145742276]], "chi2_level": 0.95, "chi2_df": 3, "chi2_threshold": 7.814727903251179, "N_raw": 39, "N_roi": 39, "N_inlier": 36, "refit": true}
{"timestamp": "15:04:51.489213", "frame": 3, "mu": [1.3963485677005507, 1.2496619043690167, 1.5081942558103527], "Sigma": [[0.005909932287156632, -0.0037018643646011154, -0.0032561047994665465], [-0.0037018643646011154, 0.003843644829833313, 0.0015333871966483436], [-0.003256104799466547, 0.0015333871966483436, 0.0023206147458074955]], "chi2_level": 0.95, "chi2_df": 3, "chi2_threshold": 7.814727903251179, "N_raw": 13, "N_roi": 13, "N_inlier": 12, "refit": true}
{"timestamp": "15:04:51.602357", "frame": 5, "mu": [1.4208373504410012, 1.3487312955752258, 1.0341076940115739], "Sigma": [[0.009520884220825388, -0.0021286769876566487, -0.030627492706853682], [-0.0021286769876566487, 0.0054674022261763325, -0.0032666488651727776], [-0.030627492706853682, -0.0032666488651727776, 0.15277770209469232]], "chi2_level": 0.95, "chi2_df": 3, "chi2_threshold": 7.814727903251179, "N_raw": 35, "N_roi": 35, "N_inlier": 33, "refit": true}
{"timestamp": "15:04:51.714802", "frame": 7, "mu": [1.4059731532564332, 1.2911742298058262, 1.3539933988693311], "Sigma": [[0.006183511034842106, -0.0030915713252283217, -0.004243348079811304], [-0.0030915713252283217, 0.00664058900690941, -0.0031983634767549355], [-0.004243348079811304, -0.003198363476754936, 0.009072427155420467]], "chi2_level": 0.95, "chi2_df": 3, "chi2_threshold": 7.814727903251179, "N_raw": 53, "N_roi": 53, "N_inlier": 49, "refit": true}
{"timestamp": "15:04:51.928750", "frame": 11, "mu": [1.3508551854457644, 1.3321610703428168, 1.3470737478709436], "Sigma": [[0.0036127740403045505, -0.0010108770307794353, -0.0016483599886087238], [-0.0010108770307794353, 0.00120896039864462, -0.00011418569970569806], [-0.0016483599886087238, -0.00011418569970569809, 0.010091622961140035]], "chi2_level": 0.95, "chi2_df": 3, "chi2_threshold": 7.814727903251179, "N_raw": 17, "N_roi": 17, "N_inlier": 15, "refit": true}
{"timestamp": "15:04:51.984059", "frame": 12, "mu": [1.3553158768176332, 1.2762139816991276, 1.0461571565050254], "Sigma": [[0.0021711540476478455, -0.0017142396334859837, -0.00537348326966154], [-0.0017142396334859837, 0.0024842229715824203, 0.001710600564500802], [-0.00537348326966154, 0.001710600564500802, 0.02530598377119979]], "chi2_level": 0.95, "chi2_df": 3, "chi2_threshold": 7.814727903251179, "N_raw": 17, "N_roi": 17, "N_inlier": 14, "refit": true}
{"timestamp": "15:04:52.039888", "frame": 13, "mu": [1.3345232897292576, 1.3402665617257172, 1.2339641755699755], "Sigma": [[0.0036386159468152993, -0.0020959372179209347, -0.0018710446143353342], [-0.0020959372179209347, 0.0035201666192675365, -0.0001356021728779694], [-0.0018710446143353344, -0.00013560217287796942, 0.0019120994935763966]], "chi2_level": 0.95, "chi2_df": 3, "chi2_threshold": 7.814727903251179, "N_raw": 25, "N_roi": 25, "N_inlier": 23, "refit": true}
{"timestamp": "15:04:52.095582", "frame": 14, "mu": [1.2040528118573688, 1.446142351219501, 1.575926649303889], "Sigma": [[0.00305127140589404, -0.0009297770971893164, -0.00018228929016796512], [-0.0009297770971893164, 0.002730514910002137, 0.00024358759042344868], [-0.0001822892901679651, 0.00024358759042344865, 0.00020445103240915465]], "chi2_level": 0.95, "chi2_df": 3, "chi2_threshold": 7.814727903251179, "N_raw": 21, "N_roi": 21, "N_inlier": 19, "refit": true}
{"timestamp": "15:04:52.149189", "frame": 15, "mu": [1.3245578661501591, 1.3814983798542104, 1.1273020463425247], "Sigma": [[0.003152475126243721, -0.0016372863685963262, -0.004245588092512185], [-0.0016372863685963262, 0.0018589828804805905, -0.0018115402876720287], [-0.004245588092512185, -0.001811540287672028, 0.030131789388392866]], "chi2_level": 0.95, "chi2_df": 3, "chi2_threshold": 7.814727903251179, "N_raw": 14, "N_roi": 14, "N_inlier": 12, "refit": true}
{"timestamp": "15:04:52.209280", "frame": 16, "mu": [1.2985615225624707, 1.3632494058853624, 1.1877184355147787], "Sigma": [[0.0054888770341346566, -0.004424289032891405, -0.003401545480175687], [-0.004424289032891405, 0.004267450794097901, 0.000644200111623689], [-0.003401545480175687, 0.000644200111623689, 0.018723701254922658]], "chi2_level": 0.95, "chi2_df": 3, "chi2_threshold": 7.814727903251179, "N_raw": 48, "N_roi": 48, "N_inlier": 46, "refit": true}
{"timestamp": "15:04:52.259554", "frame": 17, "mu": [1.2819873292826411, 1.3323994266912056, 1.3103616689801374], "Sigma": [[0.0036557816609042787, -0.0006045868319700709, -0.0006053476755005301], [-0.0006045868319700709, 0.006558860938120282, -5.556419364158494e-05], [-0.0006053476755005301, -5.5564193641584916e-05, 0.0005430561226283327]], "chi2_level": 0.95, "chi2_df": 3, "chi2_threshold": 7.814727903251179, "N_raw": 15, "N_roi": 15, "N_inlier": 14, "refit": true}
{"timestamp": "15:04:52.323535", "frame": 18, "mu": [1.25575783593572, 1.3239663473435106, 1.2165740294572422], "Sigma": [[0.010253414029975276, -0.008473317940219167, -0.02056146782502346], [-0.008473317940219167, 0.012970607342195942, 0.026031110471713484], [-0.02056146782502346, 0.026031110471713484, 0.09235272282369852]], "chi2_level": 0.95, "chi2_df": 3, "chi2_threshold": 7.814727903251179, "N_raw": 81, "N_roi": 81, "N_inlier": 81, "refit": true}
{"timestamp": "15:04:52.375009", "frame": 19, "mu": [1.1698475095733698, 1.4232599233082461, 1.4726094571929311], "Sigma": [[0.007448079143985491, -0.0025997519720497336, -0.004164460058908363], [-0.0025997519720497336, 0.0069103890375641725, 0.0019276459769565456], [-0.004164460058908363, 0.001927645976956546, 0.0029314377225387956]], "chi2_level": 0.95, "chi2_df": 3, "chi2_threshold": 7.814727903251179, "N_raw": 53, "N_roi": 53, "N_inlier": 50, "refit": true}
{"timestamp": "15:04:52.425887", "frame": 20, "mu": [1.2279820464164406, 1.2774512904491784, 0.9194303171005681], "Sigma": [[0.00849964832008263, -0.0008463344021861582, 0.009117503443345013], [-0.0008463344021861589, 0.013437321347483171, 0.04901738788985393], [0.009117503443345014, 0.04901738788985393, 0.21050083894793079]], "chi2_level": 0.95, "chi2_df": 3, "chi2_threshold": 7.814727903251179, "N_raw": 21, "N_roi": 21, "N_inlier": 20, "refit": true}
{"timestamp": "15:04:52.487147", "frame": 21, "mu": [1.1448654455619482, 1.378821356205258, 1.3325568640754868], "Sigma": [[0.007502901371723114, -0.004072748191620705, -0.010860647045345024], [-0.004072748191620705, 0.004887038610412265, 0.005587380468705999], [-0.010860647045345024, 0.005587380468705999, 0.04500996001355238]], "chi2_level": 0.95, "chi2_df": 3, "chi2_threshold": 7.814727903251179, "N_raw": 69, "N_roi": 69, "N_inlier": 68, "refit": true}
{"timestamp": "15:04:52.539446", "frame": 22, "mu": [1.0696407417897071, 1.4879625799555622, -0.1703344299349163], "Sigma": [[0.00827041446558918, -0.0028934951499604016, -0.011219735126513185], [-0.0028934951499604016, 0.005213055361674583, 0.0036140129845297756], [-0.011219735126513185, 0.003614012984529775, 0.030204312572855205]], "chi2_level": 0.95, "chi2_df": 3, "chi2_threshold": 7.814727903251179, "N_raw": 50, "N_roi": 50, "N_inlier": 45, "refit": true}
{"timestamp": "15:04:52.593065", "frame": 23, "mu": [1.1488148405613003, 1.3329596053229267, 1.1798325666627154], "Sigma": [[0.00577590352551556, -0.003248375988577708, -0.012078086448234927], [-0.003248375988577708, 0.0024922986017106735, 0.004169258394305242], [-0.012078086448234927, 0.004169258394305242, 0.04763179800449452]], "chi2_level": 0.95, "chi2_df": 3, "chi2_threshold": 7.814727903251179, "N_raw": 41, "N_roi": 41, "N_inlier": 40, "refit": true}
{"timestamp": "15:04:52.649209", "frame": 24, "mu": [1.027582354706801, 1.3641416748159514, 1.444624434868869], "Sigma": [[0.0050368286136581045, -0.001010648716922513, -0.005369833992227652], [-0.0010106487169225127, 0.004111811321054607, 0.0015880617781174093], [-0.0053698339922276525, 0.0015880617781174093, 0.026725169086963284]], "chi2_level": 0.95, "chi2_df": 3, "chi2_threshold": 7.814727903251179, "N_raw": 48, "N_roi": 48, "N_inlier": 44, "refit": true}
{"timestamp": "15:04:52.756806", "frame": 26, "mu": [1.0590160827530593, 1.2391157275424711, 1.14503709338345], "Sigma": [[0.00818958992297909, -0.00608420795754255, -0.02208444365980361], [-0.00608420795754255, 0.00531501470173617, 0.018124007972534547], [-0.02208444365980361, 0.018124007972534547, 0.08218827706309616]], "chi2_level": 0.95, "chi2_df": 3, "chi2_threshold": 7.814727903251179, "N_raw": 37, "N_roi": 37, "N_inlier": 36, "refit": true}
{"timestamp": "15:04:52.808858", "frame": 27, "mu": [0.9537548588074647, 1.287722683701817, 1.3540698730578575], "Sigma": [[0.004878152999677512, -0.0032547865611421674, -0.013171340697443707], [-0.0032547865611421674, 0.006235414617871329, 0.01624889440713429], [-0.013171340697443707, 0.01624889440713429, 0.0549307393375285]], "chi2_level": 0.95, "chi2_df": 3, "chi2_threshold": 7.814727903251179, "N_raw": 11, "N_roi": 11, "N_inlier": 11, "refit": true}
{"timestamp": "15:04:52.874477", "frame": 28, "mu": [0.9683368622808165, 1.2032861307459806, 1.0449698249417534], "Sigma": [[0.008033830690858078, -0.005779599350903582, -0.015194664080638538], [-0.005779599350903582, 0.00840232466181568, 0.014360410611066859], [-0.015194664080638538, 0.014360410611066857, 0.06766193235391821]], "chi2_level": 0.95, "chi2_df": 3, "chi2_threshold": 7.814727903251179, "N_raw": 85, "N_roi": 85, "N_inlier": 83, "refit": true}
{"timestamp": "15:04:52.926451", "frame": 29, "mu": [0.9196497725493316, 1.228505466518252, 1.188761686827529], "Sigma": [[0.011631121486748214, -0.007977645704228539, -0.026584718010221414], [-0.00797764570422854, 0.007899707944401145, 0.019423557106556563], [-0.026584718010221414, 0.01942355710655656, 0.07847569529745657]], "chi2_level": 0.95, "chi2_df": 3, "chi2_threshold": 7.814727903251179, "N_raw": 57, "N_roi": 57, "N_inlier": 57, "refit": true}
{"timestamp": "15:04:52.985217", "frame": 30, "mu": [0.8912061518723366, 1.2091642049447904, 1.2308618501854351], "Sigma": [[0.009324707203237198, -0.00511625430588096, -0.015831404099139638], [-0.00511625430588096, 0.004206832675157358, 0.008160875435043425], [-0.015831404099139638, 0.008160875435043425, 0.05162476251889821]], "chi2_level": 0.95, "chi2_df": 3, "chi2_threshold": 7.814727903251179, "N_raw": 92, "N_roi": 92, "N_inlier": 91, "refit": true}
{"timestamp": "15:04:53.038879", "frame": 31, "mu": [0.8290069699205002, 1.2449584429954597, 1.2907307633440002], "Sigma": [[0.010678465794300296, -0.005575103168952905, -0.023390901807958962], [-0.005575103168952905, 0.0063214435550268564, 0.01450547970301424], [-0.023390901807958962, 0.014505479703014239, 0.07816384027960141]], "chi2_level": 0.95, "chi2_df": 3, "chi2_threshold": 7.814727903251179, "N_raw": 74, "N_roi": 74, "N_inlier": 70, "refit": true}
{"timestamp": "15:04:53.095904", "frame": 32, "mu": [0.8358436544807304, 1.2269704538887773, 1.2023978689167414], "Sigma": [[0.0075692571098999245, -0.0032446370265591514, -0.010725453334953236], [-0.0032446370265591514, 0.0026640774593700354, 0.0022920579042949385], [-0.010725453334953235, 0.002292057904294939, 0.03413569827982167]], "chi2_level": 0.95, "chi2_df": 3, "chi2_threshold": 7.814727903251179, "N_raw": 88, "N_roi": 88, "N_inlier": 84, "refit": true}
{"timestamp": "15:04:53.147554", "frame": 33, "mu": [0.7943327949098206, 1.207383011093201, 1.3416121011979387], "Sigma": [[0.007884671296304139, -0.0010466068912181065, -0.005925726726645408], [-0.0010466068912181063, 0.0022224640835286484, -0.0014082918108719632], [-0.005925726726645408, -0.0014082918108719634, 0.00953573105008215]], "chi2_level": 0.95, "chi2_df": 3, "chi2_threshold": 7.814727903251179, "N_raw": 66, "N_roi": 66, "N_inlier": 63, "refit": true}
{"timestamp": "15:04:53.202555", "frame": 34, "mu": [0.7095010764740435, 1.227047270732369, 1.3415250304595003], "Sigma": [[0.003901524806378028, -0.001606631532765713, -0.005649484107877291], [-0.001606631532765713, 0.004588787406466501, 0.002514726841213356], [-0.005649484107877291, 0.0025147268412133556, 0.06178213975536216]], "chi2_level": 0.95, "chi2_df": 3, "chi2_threshold": 7.814727903251179, "N_raw": 60, "N_roi": 60, "N_inlier": 55, "refit": true}
{"timestamp": "15:04:53.256072", "frame": 35, "mu": [0.7008444302123307, 1.2406088463793146, 1.3062078029169166], "Sigma": [[0.0036064214711950737, -0.0008803455285940236, -0.0040488962265498776], [-0.0008803455285940234, 0.003717265103747902, -0.005511782856718648], [-0.004048896226549877, -0.005511782856718648, 0.042520856574387936]], "chi2_level": 0.95, "chi2_df": 3, "chi2_threshold": 7.814727903251179, "N_raw": 64, "N_roi": 64, "N_inlier": 61, "refit": true}
{"timestamp": "15:04:53.310539", "frame": 36, "mu": [0.6963078621309132, 1.2157138859378795, 1.3638926380633365], "Sigma": [[0.0067564334316980125, -0.0016460830267527216, -0.004790385713972571], [-0.0016460830267527216, 0.0017146362823813347, -0.0010550804767162749], [-0.004790385713972571, -0.0010550804767162747, 0.008157994209723907]], "chi2_level": 0.95, "chi2_df": 3, "chi2_threshold": 7.814727903251179, "N_raw": 58, "N_roi": 58, "N_inlier": 56, "refit": true}
{"timestamp": "15:04:53.365545", "frame": 37, "mu": [0.6663786435723518, 1.3118983414898375, -0.3118087049402078], "Sigma": [[0.004297729860225001, 0.0002697538587512615, -0.0026869999875251092], [0.0002697538587512615, 0.005176508657457972, -0.006449197774592814], [-0.0026869999875251092, -0.0064491977745928155, 0.024298623600869977]], "chi2_level": 0.95, "chi2_df": 3, "chi2_threshold": 7.814727903251179, "N_raw": 63, "N_roi": 63, "N_inlier": 60, "refit": true}
{"timestamp": "15:04:53.422262", "frame": 38, "mu": [0.5321034998904193, 1.2285003494813176, 1.3262779006931558], "Sigma": [[0.0034615335718362287, -0.0008117505057162609, -0.0041779616377155045], [-0.0008117505057162607, 0.001683564609240821, -0.0017420527991609497], [-0.0041779616377155045, -0.0017420527991609497, 0.017498174198943773]], "chi2_level": 0.95, "chi2_df": 3, "chi2_threshold": 7.814727903251179, "N_raw": 62, "N_roi": 62, "N_inlier": 56, "refit": true}
{"timestamp": "15:04:53.528011", "frame": 40, "mu": [0.44488214774144574, 1.233521168352437, 1.3313396107191637], "Sigma": [[0.0037274133545128437, 0.0005196204596036407, -0.001966120429615896], [0.0005196204596036407, 0.004067490146750887, -0.0008463845962301867], [-0.001966120429615896, -0.0008463845962301867, 0.0013697301183390874]], "chi2_level": 0.95, "chi2_df": 3, "chi2_threshold": 7.814727903251179, "N_raw": 46, "N_roi": 46, "N_inlier": 43, "refit": true}
{"timestamp": "15:04:53.588194", "frame": 41, "mu": [0.4635447247511699, 1.2289413225472803, 1.3933117540002173], "Sigma": [[0.005126640763937199, 7.044102989867823e-06, -0.004375884979916379], [7.044102989867823e-06, 0.003675278369075801, -0.0022174862424596013], [-0.004375884979916379, -0.0022174862424596013, 0.0062995720560185655]], "chi2_level": 0.95, "chi2_df": 3, "chi2_threshold": 7.814727903251179, "N_raw": 71, "N_roi": 71, "N_inlier": 67, "refit": true}
{"timestamp": "15:04:53.636379", "frame": 42, "mu": [0.4099103123818262, 1.2512465820953134, 1.2334247048407005], "Sigma": [[0.003258216022749895, -0.0002358580272985599, -0.003255564957995361], [-0.00023585802729855987, 0.0009898629393843767, -0.0011364906627726855], [-0.003255564957995361, -0.0011364906627726852, 0.006318548500506905]], "chi2_level": 0.95, "chi2_df": 3, "chi2_threshold": 7.814727903251179, "N_raw": 26, "N_roi": 26, "N_inlier": 23, "refit": true}
{"timestamp": "15:04:53.703205", "frame": 43, "mu": [0.353990220020833, 1.2371454739469583, 1.361847536385415], "Sigma": [[0.004932226480613598, 0.0009289963833704286, -0.0037300071886409354], [0.0009289963833704286, 0.005388453167358532, -0.002769283676699348], [-0.003730007188640936, -0.0027692836766993485, 0.024253124093668765]], "chi2_level": 0.95, "chi2_df": 3, "chi2_threshold": 7.814727903251179, "N_raw": 103, "N_roi": 103, "N_inlier": 100, "refit": true}
{"timestamp": "15:04:53.756111", "frame": 44, "mu": [0.32943267599383325, 1.2617861589337966, 1.3434142616812186], "Sigma": [[0.00455885795315657, -0.0004933848819875789, -0.006175962795747518], [-0.0004933848819875789, 0.002598758474535851, 0.0011455412860747918], [-0.006175962795747518, 0.001145541286074792, 0.042146925795998935]], "chi2_level": 0.95, "chi2_df": 3, "chi2_threshold": 7.814727903251179, "N_raw": 84, "N_roi": 84, "N_inlier": 83, "refit": true}
{"timestamp": "15:04:53.813713", "frame": 45, "mu": [0.27247521303172295, 1.19536951173006, 1.231236507981914], "Sigma": [[0.004606163935134339, -0.0015258707953363041, -0.009302139799723726], [-0.0015258707953363037, 0.007887710395471684, 0.013304247444307585], [-0.009302139799723726, 0.013304247444307587, 0.06863485354783863]], "chi2_level": 0.95, "chi2_df": 3, "chi2_threshold": 7.814727903251179, "N_raw": 108, "N_roi": 108, "N_inlier": 104, "refit": true}
{"timestamp": "15:04:53.865129", "frame": 46, "mu": [0.23852618097646483, 1.2304061863216098, 1.363886775091779], "Sigma": [[0.0038965597637862833, 7.85033277212733e-05, -0.0021717360571162593], [7.850332772127326e-05, 0.004841685339176469, -0.0015851014369295483], [-0.0021717360571162593, -0.0015851014369295483, 0.01767929659068976]], "chi2_level": 0.95, "chi2_df": 3, "chi2_threshold": 7.814727903251179, "N_raw": 84, "N_roi": 82, "N_inlier": 80, "refit": true}
{"timestamp": "15:04:53.919226", "frame": 47, "mu": [0.14871239781507203, 1.3731325196084943, -0.39728212593238416], "Sigma": [[0.005691792119527062, 0.001060171176149982, -0.019996629447602977], [0.0010601711761499817, 0.0120882087209371, -0.03237453948380198], [-0.019996629447602977, -0.03237453948380198, 0.2031090965625437]], "chi2_level": 0.95, "chi2_df": 3, "chi2_threshold": 7.814727903251179, "N_raw": 78, "N_roi": 78, "N_inlier": 75, "refit": true}
{"timestamp": "15:04:53.972696", "frame": 48, "mu": [0.17493882363095137, 1.2019781471042927, 1.3296621128019237], "Sigma": [[0.002370023764296434, -0.00035033508409280326, -0.0038552841022567574], [-0.00035033508409280326, 0.003771985849098689, 0.005765409545192395], [-0.003855284102256757, 0.005765409545192394, 0.04791705179280483]], "chi2_level": 0.95, "chi2_df": 3, "chi2_threshold": 7.814727903251179, "N_raw": 62, "N_roi": 62, "N_inlier": 57, "refit": true}
{"timestamp": "15:04:54.024009", "frame": 49, "mu": [0.017864025333590754, 1.2755762880116712, 1.364950339068299], "Sigma": [[0.00383636746814579, 0.00010467313012750791, -0.002005517730389017], [0.00010467313012750794, 0.001187316649476286, 0.004212630518873507], [-0.0020055177303890167, 0.004212630518873507, 0.18158376755818073]], "chi2_level": 0.95, "chi2_df": 3, "chi2_threshold": 7.814727903251179, "N_raw": 42, "N_roi": 42, "N_inlier": 39, "refit": true}
{"timestamp": "15:04:54.080839", "frame": 50, "mu": [0.036844003127444756, 1.22539677786552, 1.423235244748688], "Sigma": [[0.003297702758669813, -0.00044157148676766814, -0.002296436101382228], [-0.0004415714867676682, 0.0029303411716063636, -0.002686589722355314], [-0.002296436101382228, -0.002686589722355314, 0.005209665777349245]], "chi2_level": 0.95, "chi2_df": 3, "chi2_threshold": 7.814727903251179, "N_raw": 66, "N_roi": 66, "N_inlier": 62, "refit": true}
{"timestamp": "15:04:54.141645", "frame": 51, "mu": [-0.023135502091159613, 1.2656822322074206, -0.10792434351107019], "Sigma": [[0.0037037955726104237, 0.0016302369139655011, 0.04382577914241971], [0.001630236913965501, 0.009985110878784578, 0.0009168006363345525], [0.04382577914241971, 0.0009168006363345516, 0.7836835231157973]], "chi2_level": 0.95, "chi2_df": 3, "chi2_threshold": 7.814727903251179, "N_raw": 96, "N_roi": 96, "N_inlier": 92, "refit": true}
{"timestamp": "15:04:54.193363", "frame": 52, "mu": [-0.06766889362841749, 1.2339183236999665, 1.4007498640133051], "Sigma": [[0.0030846505121482084, -0.00033108879643017533, -0.0017743060199310054], [-0.0003310887964301753, 0.001946847195322542, -0.0019484002702765432], [-0.0017743060199310054, -0.001948400270276543, 0.021649496936484977]], "chi2_level": 0.95, "chi2_df": 3, "chi2_threshold": 7.814727903251179, "N_raw": 69, "N_roi": 69, "N_inlier": 67, "refit": true}
{"timestamp": "15:04:54.247212", "frame": 53, "mu": [-0.11134004054853683, 1.1810164925180389, 1.4702716826875106], "Sigma": [[0.00364407124066447, -0.0006110801305635445, -0.002609228619851833], [-0.0006110801305635445, 0.0048304267308995, -0.0010429865222086067], [-0.002609228619851833, -0.0010429865222086065, 0.0033545051519910827]], "chi2_level": 0.95, "chi2_df": 3, "chi2_threshold": 7.814727903251179, "N_raw": 61, "N_roi": 61, "N_inlier": 56, "refit": true}
{"timestamp": "15:04:54.298509", "frame": 54, "mu": [-0.18933847790669395, 1.1617267990597828, 0.9845274997836866], "Sigma": [[0.0036605391686154237, -0.0009303697640769389, 0.001765103298748592], [-0.0009303697640769388, 0.001827815336671603, -0.000616003951322398], [0.0017651032987485923, -0.0006160039513223978, 0.014736212051450972]], "chi2_level": 0.95, "chi2_df": 3, "chi2_threshold": 7.814727903251179, "N_raw": 43, "N_roi": 43, "N_inlier": 40, "refit": true}
{"timestamp": "15:04:54.355741", "frame": 55, "mu": [-0.16040115840904498, 1.187180242702162, 1.282629622276534], "Sigma": [[0.00230276500385877, 0.0002030418551791434, -0.005102900439770665], [0.00020304185517914337, 0.002331359750080487, 0.004473035451310368], [-0.005102900439770665, 0.004473035451310368, 0.053406647206524493]], "chi2_level": 0.95, "chi2_df": 3, "chi2_threshold": 7.814727903251179, "N_raw": 59, "N_roi": 59, "N_inlier": 58, "refit": true}
{"timestamp": "15:04:54.408980", "frame": 56, "mu": [-0.2629080057518835, 1.1925547536956271, 1.489047737314284], "Sigma": [[0.0032028953885044455, -0.00019361537444919218, 0.00017944079759563567], [-0.0001936153744491922, 0.002453021034378084, -0.0010403249658146214], [0.00017944079759563567, -0.0010403249658146214, 0.00044537999606050044]], "chi2_level": 0.95, "chi2_df": 3, "chi2_threshold": 7.814727903251179, "N_raw": 49, "N_roi": 49, "N_inlier": 45, "refit": true}
{"timestamp": "15:04:54.470928", "frame": 57, "mu": [-0.2260764507137639, 1.151137682525402, 1.1669484152284098], "Sigma": [[0.0033965130670608407, -0.0006515750423452878, 0.002880198940505037], [-0.0006515750423452879, 0.0023401118613706126, 0.00413794177154644], [0.002880198940505037, 0.00413794177154644, 0.058291648420455804]], "chi2_level": 0.95, "chi2_df": 3, "chi2_threshold": 7.814727903251179, "N_raw": 96, "N_roi": 96, "N_inlier": 95, "refit": true}
{"timestamp": "15:04:54.518425", "frame": 58, "mu": [-0.2557405500387582, 1.1859962667090898, -0.49115012640762756], "Sigma": [[0.002303989978705478, 0.0012280426589352132, 0.003918488406073575], [0.001228042658935213, 0.008740217795205315, 0.006092198590662531], [0.003918488406073575, 0.006092198590662531, 0.01592162602786403]], "chi2_level": 0.95, "chi2_df": 3, "chi2_threshold": 7.814727903251179, "N_raw": 34, "N_roi": 34, "N_inlier": 32, "refit": true}
{"timestamp": "15:04:54.576416", "frame": 59, "mu": [-0.3219952498004641, 1.191006804896878, 1.4452159059116958], "Sigma": [[0.0035044869731268528, -0.0008495149792668393, -0.003605016646160499], [-0.0008495149792668395, 0.003759301477953861, -0.0020463965133722473], [-0.003605016646160499, -0.002046396513372247, 0.00644105872323477]], "chi2_level": 0.95, "chi2_df": 3, "chi2_threshold": 7.814727903251179, "N_raw": 67, "N_roi": 67, "N_inlier": 63, "refit": true}
{"timestamp": "15:04:54.635313", "frame": 60, "mu": [-0.3804353174527684, 1.1744691135452676, 1.4015449781564238], "Sigma": [[0.004923796118972887, -0.0007534026655520967, -0.0033525860085622974], [-0.0007534026655520967, 0.005101477442919319, -0.002998984165819194], [-0.0033525860085622974, -0.002998984165819194, 0.005144153317160457]], "chi2_level": 0.95, "chi2_df": 3, "chi2_threshold": 7.814727903251179, "N_raw": 82, "N_roi": 82, "N_inlier": 79, "refit": true}
{"timestamp": "15:04:54.691328", "frame": 61, "mu": [-0.40966669125736044, 1.1638365753445745, 1.315625347921219], "Sigma": [[0.005511519949727405, -0.0015647131798238957, -0.013181592709832322], [-0.001564713179823896, 0.004651087065093741, 0.009417570617743174], [-0.01318159270983232, 0.009417570617743176, 0.08848401844554968]], "chi2_level": 0.95, "chi2_df": 3, "chi2_threshold": 7.814727903251179, "N_raw": 94, "N_roi": 94, "N_inlier": 91, "refit": true}
{"timestamp": "15:04:54.746158", "frame": 62, "mu": [-0.44334894263044006, 1.138844683301799, 1.1725343969393147], "Sigma": [[0.0044436106210964076, -0.002132039262231972, -0.010439127238939526], [-0.002132039262231972, 0.0020537617496657126, 0.006204307165657194], [-0.010439127238939524, 0.006204307165657194, 0.062274959172343484]], "chi2_level": 0.95, "chi2_df": 3, "chi2_threshold": 7.814727903251179, "N_raw": 86, "N_roi": 86, "N_inlier": 84, "refit": true}
{"timestamp": "15:04:54.805886", "frame": 63, "mu": [-0.4893118179341188, 1.1625527144045962, 1.2731135387970258], "Sigma": [[0.007920600498220777, -0.0036789447912263947, -0.022052515525640446], [-0.0036789447912263943, 0.006035008520420883, 0.009665901920836942], [-0.022052515525640446, 0.009665901920836942, 0.1096099481722702]], "chi2_level": 0.95, "chi2_df": 3, "chi2_threshold": 7.814727903251179, "N_raw": 120, "N_roi": 120, "N_inlier": 117, "refit": true}
{"timestamp": "15:04:54.856934", "frame": 64, "mu": [-0.5316529202751301, 1.174419977551982, 1.3630994930799019], "Sigma": [[0.006676384969446398, -0.002536035379242957, -0.01309611686896461], [-0.002536035379242957, 0.004202101127322378, 0.0052422846303955195], [-0.01309611686896461, 0.0052422846303955195, 0.05208021293928816]], "chi2_level": 0.95, "chi2_df": 3, "chi2_threshold": 7.814727903251179, "N_raw": 90, "N_roi": 90, "N_inlier": 85, "refit": true}
{"timestamp": "15:04:54.907042", "frame": 65, "mu": [-0.5624966353447867, 1.1897508269514645, 1.4257730150217558], "Sigma": [[0.003123604777065186, -0.0011439407937046582, -0.0027750863768088397], [-0.001143940793704658, 0.003795484202193042, -0.0008902385549909334], [-0.0027750863768088393, -0.0008902385549909335, 0.01441135867191339]], "chi2_level": 0.95, "chi2_df": 3, "chi2_threshold": 7.814727903251179, "N_raw": 62, "N_roi": 58, "N_inlier": 55, "refit": true}
{"timestamp": "15:04:54.958190", "frame": 66, "mu": [-0.6074472615624711, 1.1288795853059908, 1.3291470317399225], "Sigma": [[0.0052437327952069195, -0.0021542345089688524, -0.019750305035804418], [-0.002154234508968853, 0.003787105478304933, 0.007602198677792199], [-0.019750305035804418, 0.007602198677792199, 0.09651296049733227]], "chi2_level": 0.95, "chi2_df": 3, "chi2_threshold": 7.814727903251179, "N_raw": 34, "N_roi": 34, "N_inlier": 29, "refit": true}
{"timestamp": "15:04:55.016104", "frame": 67, "mu": [-0.6998422520649286, 1.2670247893369373, -0.34866745867015647], "Sigma": [[0.004179458054990138, 0.00234394584917779, 0.003771120488040815], [0.0023439458491777906, 0.008630677125014983, 0.00019220537374593663], [0.003771120488040815, 0.00019220537374593682, 0.020684489244163738]], "chi2_level": 0.95, "chi2_df": 3, "chi2_threshold": 7.814727903251179, "N_raw": 62, "N_roi": 62, "N_inlier": 58, "refit": true}
{"timestamp": "15:04:55.068375", "frame": 68, "mu": [-0.744583466694589, 1.2265483534228843, 1.5258951577548885], "Sigma": [[0.004459076698025557, -0.000597234731108844, -0.0017872397210616305], [-0.000597234731108844, 0.0024104139575017018, -0.0013589402060213893], [-0.0017872397210616305, -0.0013589402060213893, 0.0021517821628890344]], "chi2_level": 0.95, "chi2_df": 3, "chi2_threshold": 7.814727903251179, "N_raw": 43, "N_roi": 43, "N_inlier": 42, "refit": true}
{"timestamp": "15:04:55.124787", "frame": 69, "mu": [-0.7811934342163775, 1.221665453292585, 1.4450201898843338], "Sigma": [[0.003814152969684942, 0.0002849335995954891, -0.0029348938730691743], [0.00028493359959548905, 0.0034153924365444783, -0.003971775666727637], [-0.0029348938730691743, -0.003971775666727637, 0.008339284502472314]], "chi2_level": 0.95, "chi2_df": 3, "chi2_threshold": 7.814727903251179, "N_raw": 52, "N_roi": 52, "N_inlier": 51, "refit": true}
{"timestamp": "15:04:55.178132", "frame": 70, "mu": [-0.8341801674533128, 1.228649568095493, 1.4632940749236685], "Sigma": [[0.004038647288026455, 0.0016044186614486656, -0.001707556501887358], [0.0016044186614486656, 0.002279117404047906, -0.0034050959014211247], [-0.0017075565018873583, -0.0034050959014211247, 0.006673995672062317]], "chi2_level": 0.95, "chi2_df": 3, "chi2_threshold": 7.814727903251179, "N_raw": 45, "N_roi": 45, "N_inlier": 44, "refit": true}
{"timestamp": "15:04:55.231473", "frame": 71, "mu": [-0.9323473217730297, 1.0945991096752499, 1.5561405177800711], "Sigma": [[0.029853595534595063, 0.015263552046604836, -0.020455170988037723], [0.015263552046604838, 0.012079371743229565, -0.01243079276456935], [-0.020455170988037723, -0.01243079276456935, 0.017351542928423835]], "chi2_level": 0.95, "chi2_df": 3, "chi2_threshold": 7.814727903251179, "N_raw": 30, "N_roi": 30, "N_inlier": 28, "refit": true}
{"timestamp": "15:04:55.292777", "frame": 72, "mu": [-0.949460665821913, 1.125163079903908, 1.5493036303919758], "Sigma": [[0.02914535544269299, 0.015695673165085283, -0.02279917157276842], [0.01569567316508528, 0.015265127646950653, -0.014741981008973868], [-0.02279917157276842, -0.014741981008973868, 0.019784401056482645]], "chi2_level": 0.95, "chi2_df": 3, "chi2_threshold": 7.814727903251179, "N_raw": 69, "N_roi": 69, "N_inlier": 66, "refit": true}
{"timestamp": "15:04:55.343922", "frame": 73, "mu": [-1.1047636164283534, 1.0573956081777462, 1.7485220368560486], "Sigma": [[0.04844849518959505, 0.021951663094990054, -0.028557174970774993], [0.021951663094990054, 0.012927202846992048, -0.013324272416787445], [-0.028557174970774993, -0.013324272416787446, 0.017249734286028]], "chi2_level": 0.95, "chi2_df": 3, "chi2_threshold": 7.814727903251179, "N_raw": 43, "N_roi": 42, "N_inlier": 38, "refit": true}
{"timestamp": "15:04:55.399494", "frame": 74, "mu": [-1.0344970622957153, 1.0663550344979282, 1.4436970239274411], "Sigma": [[0.02401676405562777, 0.010409164374145198, -0.014891371267422137], [0.0104091643741452, 0.009909972483212568, -0.007446843926597811], [-0.014891371267422137, -0.007446843926597811, 0.010680390960768121]], "chi2_level": 0.95, "chi2_df": 3, "chi2_threshold": 7.814727903251179, "N_raw": 50, "N_roi": 50, "N_inlier": 48, "refit": true}
{"timestamp": "15:04:55.450280", "frame": 75, "mu": [-1.0793363053170861, 1.071638085826588, 1.4697661396342496], "Sigma": [[0.0382801183029383, 0.015113744726375769, -0.0627528612415443], [0.015113744726375769, 0.012479382595260978, -0.024498371844773933], [-0.0627528612415443, -0.024498371844773933, 0.13384012451707364]], "chi2_level": 0.95, "chi2_df": 3, "chi2_threshold": 7.814727903251179, "N_raw": 24, "N_roi": 17, "N_inlier": 17, "refit": true}
{"timestamp": "15:04:55.503509", "frame": 76, "mu": [-1.0904653859973232, 1.0604487233080466, 1.4404535865679244], "Sigma": [[0.03021071503801789, 0.018394199501759807, -0.05050544296107287], [0.018394199501759807, 0.018623327089756236, -0.02415148344918143], [-0.05050544296107287, -0.024151483449181433, 0.11657064451216237]], "chi2_level": 0.95, "chi2_df": 3, "chi2_threshold": 7.814727903251179, "N_raw": 16, "N_roi": 16, "N_inlier": 15, "refit": true}
{"timestamp": "15:04:55.561930", "frame": 77, "mu": [-1.1158262412421192, 1.0714401101408906, 1.5548010484197592], "Sigma": [[0.013205728241839375, 0.008363974314894518, -0.010360848149681141], [0.008363974314894518, 0.010050912719001092, -0.008704728708783874], [-0.010360848149681141, -0.008704728708783874, 0.009789130995403152]], "chi2_level": 0.95, "chi2_df": 3, "chi2_threshold": 7.814727903251179, "N_raw": 37, "N_roi": 37, "N_inlier": 35, "refit": true}
{"timestamp": "15:04:55.618502", "frame": 78, "mu": [-1.2490031291079065, 1.0275488544732099, 1.595733931313417], "Sigma": [[0.020061957013432958, 0.012908735143563877, -0.01927678288310483], [0.012908735143563877, 0.011852202022578888, -0.015023112248326469], [-0.01927678288310483, -0.015023112248326469, 0.030628189675215398]], "chi2_level": 0.95, "chi2_df": 3, "chi2_threshold": 7.814727903251179, "N_raw": 46, "N_roi": 46, "N_inlier": 43, "refit": true}
{"timestamp": "15:04:55.672548", "frame": 79, "mu": [-1.3404345275282101, 0.9614262115207827, 1.5793655163314055], "Sigma": [[0.014719518653611598, 0.008267673260518162, -0.017327392584462073], [0.008267673260518162, 0.007802760010046592, -0.012152425548587026], [-0.017327392584462073, -0.012152425548587026, 0.029182323825456144]], "chi2_level": 0.95, "chi2_df": 3, "chi2_threshold": 7.814727903251179, "N_raw": 36, "N_roi": 36, "N_inlier": 33, "refit": true}
{"timestamp": "15:04:55.733309", "frame": 80, "mu": [-1.267102382104705, 0.9491615168417853, 1.419617480896199], "Sigma": [[0.021780892022488032, 0.013440716098998063, -0.008516340677236705], [0.013440716098998063, 0.011807650468273352, -0.008647260814019451], [-0.008516340677236705, -0.008647260814019451, 0.007824584667269503]], "chi2_level": 0.95, "chi2_df": 3, "chi2_threshold": 7.814727903251179, "N_raw": 78, "N_roi": 78, "N_inlier": 76, "refit": true}
{"timestamp": "15:04:55.789668", "frame": 81, "mu": [-1.2271020883021082, 0.941010754702636, 1.0079948515381836], "Sigma": [[0.047806899882202436, 0.03931083605931079, -0.0958773609027741], [0.03931083605931079, 0.03938154003790473, -0.07726511680262027], [-0.0958773609027741, -0.07726511680262027, 0.25959926412231393]], "chi2_level": 0.95, "chi2_df": 3, "chi2_threshold": 7.814727903251179, "N_raw": 84, "N_roi": 84, "N_inlier": 82, "refit": true}
{"timestamp": "15:04:55.843331", "frame": 82, "mu": [-1.3027430305631955, 0.8748562686635738, 1.1379347613012993], "Sigma": [[0.03347465793973964, 0.0352657147654948, -0.05781882879744425], [0.03526571476549481, 0.03973980576384102, -0.06387599675898872], [-0.05781882879744425, -0.06387599675898872, 0.15316440708710188]], "chi2_level": 0.95, "chi2_df": 3, "chi2_threshold": 7.814727903251179, "N_raw": 72, "N_roi": 72, "N_inlier": 69, "refit": true}
{"timestamp": "15:04:55.894684", "frame": 83, "mu": [-1.3829071237126522, 0.9373705061585134, 1.5016917627886817], "Sigma": [[0.011132811279790789, 0.006300140265289085, -0.008486136771735422], [0.006300140265289086, 0.01035747175518789, -0.006414188897520897], [-0.00848613677173542, -0.006414188897520898, 0.013508602301148266]], "chi2_level": 0.95, "chi2_df": 3, "chi2_threshold": 7.814727903251179, "N_raw": 49, "N_roi": 49, "N_inlier": 45, "refit": true}
{"timestamp": "15:04:55.945665", "frame": 84, "mu": [-1.346599114226948, 0.9261752903755529, 1.3241281513925165], "Sigma": [[0.01562496792904358, 0.013700399841160973, -0.010382511918232433], [0.013700399841160973, 0.015863993968189594, -0.011384866521667782], [-0.010382511918232433, -0.011384866521667782, 0.010317811690286382]], "chi2_level": 0.95, "chi2_df": 3, "chi2_threshold": 7.814727903251179, "N_raw": 22, "N_roi": 22, "N_inlier": 19, "refit": true}
{"timestamp": "15:04:56.002440", "frame": 85, "mu": [-1.3096835447480537, 1.0526009294404148, 1.368243503893321], "Sigma": [[0.019524361516083742, 0.01526881896737508, -0.013456603028434534], [0.015268818967375081, 0.018758109926670416, -0.012233697487517793], [-0.013456603028434534, -0.012233697487517793, 0.011186004009050858]], "chi2_level": 0.95, "chi2_df": 3, "chi2_threshold": 7.814727903251179, "N_raw": 35, "N_roi": 35, "N_inlier": 33, "refit": true}
{"timestamp": "15:04:56.058134", "frame": 86, "mu": [-1.3147034895350176, 0.9934585122247251, 1.353856822920671], "Sigma": [[0.015476983532482282, 0.012867943908481382, -0.002807697669540298], [0.012867943908481382, 0.012041336661852234, -0.002649236608894835], [-0.0028076976695402987, -0.0026492366088948353, 0.016214150886510986]], "chi2_level": 0.95, "chi2_df": 3, "chi2_threshold": 7.814727903251179, "N_raw": 41, "N_roi": 41, "N_inlier": 38, "refit": true}
{"timestamp": "15:04:56.110123", "frame": 87, "mu": [-1.3595393812784875, 0.9974816325942362, 1.501054124001102], "Sigma": [[0.007531395628713508, 0.004201832985324901, -0.011120626712796271], [0.004201832985324901, 0.004555721585813024, -0.006282760893053943], [-0.011120626712796271, -0.006282760893053943, 0.029064649156214758]], "chi2_level": 0.95, "chi2_df": 3, "chi2_threshold": 7.814727903251179, "N_raw": 25, "N_roi": 25, "N_inlier": 23, "refit": true}
{"timestamp": "15:04:56.173008", "frame": 88, "mu": [-1.322042713178666, 1.0389821749058055, 1.446406114577066], "Sigma": [[0.015552862528076323, 0.00801168194276223, -0.0087729099060046], [0.00801168194276223, 0.008974464706594769, -0.007066282954009953], [-0.0087729099060046, -0.007066282954009954, 0.00699594040007761]], "chi2_level": 0.95, "chi2_df": 3, "chi2_threshold": 7.814727903251179, "N_raw": 80, "N_roi": 79, "N_inlier": 72, "refit": true}
{"timestamp": "15:04:56.224374", "frame": 89, "mu": [-1.2796526243603485, 1.0794596165598072, 1.400481331406046], "Sigma": [[0.011759757682961404, 0.007515589852580364, -0.01359899312190408], [0.007515589852580365, 0.006785683587058186, -0.01086777605461265], [-0.01359899312190408, -0.01086777605461265, 0.01991097951795548]], "chi2_level": 0.95, "chi2_df": 3, "chi2_threshold": 7.814727903251179, "N_raw": 49, "N_roi": 49, "N_inlier": 44, "refit": true}
{"timestamp": "15:04:56.282081", "frame": 90, "mu": [-1.3841604144124304, 1.0255226641835584, 1.5380475092237034], "Sigma": [[0.011414644800716979, 0.005374877916806105, -0.008971466172962302], [0.005374877916806103, 0.00891340817569805, -0.006232827843679608], [-0.008971466172962302, -0.006232827843679608, 0.008310440535852892]], "chi2_level": 0.95, "chi2_df": 3, "chi2_threshold": 7.814727903251179, "N_raw": 63, "N_roi": 63, "N_inlier": 61, "refit": true}
{"timestamp": "15:04:56.333226", "frame": 91, "mu": [-1.4174349044838137, 1.0406679056389203, 1.740339593012335], "Sigma": [[0.008459358325744485, 0.003992816161291088, -0.006905701570513196], [0.003992816161291088, 0.006571124606530185, -0.005917268737788729], [-0.006905701570513195, -0.005917268737788729, 0.008049144183719647]], "chi2_level": 0.95, "chi2_df": 3, "chi2_threshold": 7.814727903251179, "N_raw": 41, "N_roi": 41, "N_inlier": 38, "refit": true}
{"timestamp": "15:04:56.392465", "frame": 92, "mu": [-1.4245747523880117, 1.0242098401617359, 1.514013688445734], "Sigma": [[0.014136220182684662, 0.005329041839885018, -0.008227594455158208], [0.005329041839885019, 0.0073238812318815565, -0.007120677094160035], [-0.008227594455158208, -0.007120677094160035, 0.009839579887647954]], "chi2_level": 0.95, "chi2_df": 3, "chi2_threshold": 7.814727903251179, "N_raw": 71, "N_roi": 71, "N_inlier": 67, "refit": true}
{"timestamp": "15:04:56.448520", "frame": 93, "mu": [-1.4190520308287138, 1.036336108085267, 1.4690136057787027], "Sigma": [[0.016422752431409032, 0.005952768139206691, -0.015031170104940528], [0.00595276813920669, 0.008148596993499334, -0.014237303464644555], [-0.015031170104940528, -0.014237303464644555, 0.03728571625921313]], "chi2_level": 0.95, "chi2_df": 3, "chi2_threshold": 7.814727903251179, "N_raw": 71, "N_roi": 71, "N_inlier": 69, "refit": true}
{"timestamp": "15:04:56.502241", "frame": 94, "mu": [-1.447398035577831, 1.0514287211714595, 1.592891004255057], "Sigma": [[0.015979063361010067, 0.003726085304281146, -0.01954335236999017], [0.003726085304281146, 0.007058387517758578, -0.007243006818944934], [-0.01954335236999017, -0.007243006818944934, 0.03901065792076213]], "chi2_level": 0.95, "chi2_df": 3, "chi2_threshold": 7.814727903251179, "N_raw": 62, "N_roi": 62, "N_inlier": 59, "refit": true}
