{"timestamp": "15:15:25.179780", "frame": 28, "mu": [-2.2899566563975204, 4.907231371965569, 0.8309389432982944], "Sigma": [[0.02101208458564069, 0.004291954923008245, -0.012603846695600374], [0.004291954923008245, 0.003225476716191441, -0.0035827639212685086], [-0.012603846695600374, -0.003582763921268508, 0.010724466698127577]], "chi2_level": 0.95, "chi2_df": 3, "chi2_threshold": 7.814727903251179, "N_raw": 40, "N_roi": 24, "N_inlier": 24, "refit": true}
{"timestamp": "15:15:25.454635", "frame": 33, "mu": [-2.1509182451629036, 4.796177235485239, 0.6580887043981027], "Sigma": [[0.02606133763276554, 0.005001330435976899, -0.015305957384664873], [0.005001330435976899, 0.002205296596328769, -0.005576795394667511], [-0.015305957384664875, -0.005576795394667511, 0.018875365001411758]], "chi2_level": 0.95, "chi2_df": 3, "chi2_threshold": 7.814727903251179, "N_raw": 31, "N_roi": 31, "N_inlier": 30, "refit": true}
{"timestamp": "15:15:25.566469", "frame": 35, "mu": [-2.2659352640477035, 4.689306770310463, 0.6749280080832826], "Sigma": [[0.012743824584778485, 0.0022369858852654364, -0.010297160331258555], [0.0022369858852654364, 0.001586198912704378, -0.005388741558748458], [-0.010297160331258555, -0.005388741558748458, 0.02463045393672908]], "chi2_level": 0.95, "chi2_df": 3, "chi2_threshold": 7.814727903251179, "N_raw": 41, "N_roi": 27, "N_inlier": 26, "refit": true}
{"timestamp": "15:15:25.675037", "frame": 37, "mu": [-2.272496947033336, 4.634250099317381, 0.7777996206050994], "Sigma": [[0.015640300476122186, 0.00392090080687102, -0.005871528306073253], [0.00392090080687102, 0.0016088353145200303, -0.0038306704443818638], [-0.005871528306073253, -0.0038306704443818638, 0.026466994685652355]], "chi2_level": 0.95, "chi2_df": 3, "chi2_threshold": 7.814727903251179, "N_raw": 34, "N_roi": 26, "N_inlier": 25, "refit": true}
{"timestamp": "15:15:25.729547", "frame": 38, "mu": [-2.2657103932448894, 4.625801042533098, 0.7488502166278124], "Sigma": [[0.015586452855238353, 0.00241640295406606, -0.004013937963482053], [0.0024164029540660594, 0.00213972438965258, -0.0028360896315430947], [-0.004013937963482053, -0.0028360896315430943, 0.007091136159750033]], "chi2_level": 0.95, "chi2_df": 3, "chi2_threshold": 7.814727903251179, "N_raw": 28, "N_roi": 24, "N_inlier": 24, "refit": true}
{"timestamp": "15:15:25.785112", "frame": 39, "mu": [-2.276229997943157, 4.698999797883786, -0.03632743632658052], "Sigma": [[0.0170662646594965, 0.007939169949742177, 0.030251865225472182], [0.007939169949742177, 0.009353088724607675, 0.027561941081981033], [0.03025186522547219, 0.027561941081981033, 0.1473294739631207]], "chi2_level": 0.95, "chi2_df": 3, "chi2_threshold": 7.814727903251179, "N_raw": 38, "N_roi": 27, "N_inlier": 26, "refit": true}
{"timestamp": "15:15:25.839238", "frame": 40, "mu": [-2.294109769647321, 4.538977529568558, 0.833397542064026], "Sigma": [[0.011894154990572694, 0.0031126643539388568, -0.006904317100217687], [0.0031126643539388568, 0.0025994989079804586, -0.004413681743037755], [-0.006904317100217687, -0.004413681743037755, 0.010808794941007652]], "chi2_level": 0.95, "chi2_df": 3, "chi2_threshold": 7.814727903251179, "N_raw": 21, "N_roi": 20, "N_inlier": 18, "refit": true}
{"timestamp": "15:15:26.057120", "frame": 44, "mu": [-2.3319869630909027, 4.534144287103304, -0.2565535457544746], "Sigma": [[0.01069274171560343, 0.003651640756345569, 0.00031298140462077215], [0.0036516407563455693, 0.003233552233224392, -0.006422853216781434], [0.0003129814046207726, -0.006422853216781434, 0.02416877632733145]], "chi2_level": 0.95, "chi2_df": 3, "chi2_threshold": 7.814727903251179, "N_raw": 12, "N_roi": 11, "N_inlier": 10, "refit": true}
{"timestamp": "15:15:26.169971", "frame": 46, "mu": [-2.256515874152154, 4.376666144564784, -0.9893746209896886], "Sigma": [[0.02245365953102012, 0.015283749117271045, 0.040984145765230115], [0.015283749117271045, 0.017093991910090808, 0.04840477304877298], [0.040984145765230115, 0.048404773048772984, 0.19044845773246627]], "chi2_level": 0.95, "chi2_df": 3, "chi2_threshold": 7.814727903251179, "N_raw": 38, "N_roi": 30, "N_inlier": 29, "refit": true}
{"timestamp": "15:15:26.279169", "frame": 48, "mu": [-2.2610156730909448, 4.239707650142619, 0.6710385072199782], "Sigma": [[0.01958967468498682, 0.0052450865760558145, -0.007914021759749788], [0.0052450865760558145, 0.0030519334531073014, -0.005164026897098749], [-0.007914021759749788, -0.005164026897098749, 0.011932131921226686]], "chi2_level": 0.95, "chi2_df": 3, "chi2_threshold": 7.814727903251179, "N_raw": 31, "N_roi": 29, "N_inlier": 29, "refit": true}
{"timestamp": "15:15:26.390116", "frame": 50, "mu": [-2.2340827316444027, 4.182395719492525, 0.8691151385949215], "Sigma": [[0.02183380026621574, 0.003184333880030879, -0.020622310319657885], [0.0031843338800308786, 0.001567788034980374, -0.006683135288230198], [-0.02062231031965788, -0.006683135288230198, 0.04193835311442533]], "chi2_level": 0.95, "chi2_df": 3, "chi2_threshold": 7.814727903251179, "N_raw": 35, "N_roi": 33, "N_inlier": 32, "refit": true}
{"timestamp": "15:15:26.447353", "frame": 51, "mu": [-2.2926977170388834, 4.172977285099405, 0.9289773556386656], "Sigma": [[0.017547928860389708, 0.005591085463074241, -0.006355421032271821], [0.005591085463074242, 0.004314645323235669, -0.007396928572628509], [-0.006355421032271821, -0.007396928572628509, 0.01653814931388456]], "chi2_level": 0.95, "chi2_df": 3, "chi2_threshold": 7.814727903251179, "N_raw": 52, "N_roi": 35, "N_inlier": 34, "refit": true}
{"timestamp": "15:15:26.553872", "frame": 53, "mu": [-2.1745604861666594, 4.096574264370053, 0.685179112441765], "Sigma": [[0.023647800208099583, 0.005736806924365918, -0.01759945495419385], [0.005736806924365918, 0.003499205296622433, -0.006337673138386892], [-0.01759945495419385, -0.006337673138386891, 0.017105787058633665]], "chi2_level": 0.95, "chi2_df": 3, "chi2_threshold": 7.814727903251179, "N_raw": 33, "N_roi": 33, "N_inlier": 32, "refit": true}
{"timestamp": "15:15:26.609659", "frame": 54, "mu": [-2.2109362610370686, 4.073866903040243, 0.7637192065113576], "Sigma": [[0.02623721645011811, 0.005481747640483908, -0.023973996642066234], [0.005481747640483908, 0.0024593860328990503, -0.008415794696862993], [-0.02397399664206623, -0.008415794696862993, 0.03563832034241003]], "chi2_level": 0.95, "chi2_df": 3, "chi2_threshold": 7.814727903251179, "N_raw": 39, "N_roi": 38, "N_inlier": 37, "refit": true}
{"timestamp": "15:15:26.662427", "frame": 55, "mu": [-2.202860069930825, 3.970309829168205, 0.4351777118054186], "Sigma": [[0.014012761526242075, 0.002287012259615071, -0.011838588733410527], [0.0022870122596150714, 0.0011610218241407142, -0.001958774329373307], [-0.011838588733410527, -0.001958774329373307, 0.011364926772233856]], "chi2_level": 0.95, "chi2_df": 3, "chi2_threshold": 7.814727903251179, "N_raw": 13, "N_roi": 13, "N_inlier": 11, "refit": true}
{"timestamp": "15:15:26.721164", "frame": 56, "mu": [-2.183168880298697, 3.9911518818181304, 0.7621391924768035], "Sigma": [[0.02607920363843863, 0.008245930076231858, -0.014856641992623657], [0.008245930076231858, 0.004006575055044541, -0.008339059603574634], [-0.014856641992623659, -0.008339059603574634, 0.02291279604714276]], "chi2_level": 0.95, "chi2_df": 3, "chi2_threshold": 7.814727903251179, "N_raw": 41, "N_roi": 41, "N_inlier": 40, "refit": true}
{"timestamp": "15:15:26.830173", "frame": 58, "mu": [-2.1180787943290587, 4.150791636596021, -0.3500818766493089], "Sigma": [[0.025077528129595912, 0.008452210269320685, -0.0095928502285909], [0.008452210269320685, 0.00599651991106013, -0.0064355922738504965], [-0.0095928502285909, -0.0064355922738504965, 0.008150695391484228]], "chi2_level": 0.95, "chi2_df": 3, "chi2_threshold": 7.814727903251179, "N_raw": 35, "N_roi": 35, "N_inlier": 35, "refit": true}
{"timestamp": "15:15:26.883317", "frame": 59, "mu": [-2.318404478055989, 3.824542224535278, 0.8305010979253133], "Sigma": [[0.01286682763476009, 0.002428945708661408, -0.004883433128132032], [0.002428945708661408, 0.0017688102376301929, -0.0030771053265770177], [-0.004883433128132032, -0.0030771053265770177, 0.008459445286671887]], "chi2_level": 0.95, "chi2_df": 3, "chi2_threshold": 7.814727903251179, "N_raw": 20, "N_roi": 18, "N_inlier": 17, "refit": true}
{"timestamp": "15:15:26.939578", "frame": 60, "mu": [-2.2034999812245846, 3.80191682270726, 0.8367570711266945], "Sigma": [[0.01602108867008297, 0.004370274794540708, -0.008402812024207519], [0.004370274794540708, 0.002684064598297111, -0.007099440574467156], [-0.00840281202420752, -0.007099440574467156, 0.026634072896200938]], "chi2_level": 0.95, "chi2_df": 3, "chi2_threshold": 7.814727903251179, "N_raw": 32, "N_roi": 31, "N_inlier": 30, "refit": true}
{"timestamp": "15:15:26.993313", "frame": 61, "mu": [-2.0608689017929667, 3.796651895296349, 0.6390587184886065], "Sigma": [[0.015563224410184227, 0.003147785566747617, -0.007133241811302386], [0.0031477855667476165, 0.0014887657497692861, -0.00361953926056602], [-0.007133241811302387, -0.00361953926056602, 0.013544094646388663]], "chi2_level": 0.95, "chi2_df": 3, "chi2_threshold": 7.814727903251179, "N_raw": 20, "N_roi": 20, "N_inlier": 19, "refit": true}
{"timestamp": "15:15:27.049691", "frame": 62, "mu": [-2.143882387193195, 3.9442800600745804, -0.2890146217356049], "Sigma": [[0.018110130637420768, 0.005488150145841881, -0.00819233149149837], [0.005488150145841881, 0.004240781699856538, -0.0045715676313428455], [-0.008192331491498372, -0.0045715676313428455, 0.006718351531402811]], "chi2_level": 0.95, "chi2_df": 3, "chi2_threshold": 7.814727903251179, "N_raw": 26, "N_roi": 26, "N_inlier": 25, "refit": true}
{"timestamp": "15:15:27.107172", "frame": 63, "mu": [-2.2399086315683747, 3.6796179110166625, 0.9162869792193361], "Sigma": [[0.021365297129601224, 0.007478387599235941, -0.013110640883397764], [0.007478387599235941, 0.0046761856609644535, -0.010340438736519169], [-0.013110640883397764, -0.01034043873651917, 0.02941503490402282]], "chi2_level": 0.95, "chi2_df": 3, "chi2_threshold": 7.814727903251179, "N_raw": 46, "N_roi": 46, "N_inlier": 45, "refit": true}
{"timestamp": "15:15:27.157147", "frame": 64, "mu": [-2.0485816472211007, 3.668421593749249, 0.6903402062671737], "Sigma": [[0.016023640194299856, 9.696491796397095e-05, -0.00788452903825159], [9.696491796397095e-05, 0.0007870763264679689, -0.001313579869873903], [-0.007884529038251589, -0.001313579869873903, 0.008437812626349]], "chi2_level": 0.95, "chi2_df": 3, "chi2_threshold": 7.814727903251179, "N_raw": 17, "N_roi": 17, "N_inlier": 17, "refit": true}
{"timestamp": "15:15:27.268092", "frame": 66, "mu": [-2.1079204838463443, 3.6616274181324853, 0.8085258237540807], "Sigma": [[0.014665311724563871, 0.004719235426397994, -0.007982718157895618], [0.004719235426397995, 0.0025777178903955626, -0.0037406585540154347], [-0.007982718157895618, -0.0037406585540154347, 0.010310043948310926]], "chi2_level": 0.95, "chi2_df": 3, "chi2_threshold": 7.814727903251179, "N_raw": 23, "N_roi": 23, "N_inlier": 21, "refit": true}
{"timestamp": "15:15:27.326050", "frame": 67, "mu": [-2.2158219334842277, 3.5820735265229624, 0.9413590844526281], "Sigma": [[0.02426129544359523, 0.006187809646352554, -0.012361770454018059], [0.006187809646352554, 0.003731653511000508, -0.006190170061597011], [-0.012361770454018059, -0.006190170061597011, 0.012979659871399424]], "chi2_level": 0.95, "chi2_df": 3, "chi2_threshold": 7.814727903251179, "N_raw": 39, "N_roi": 39, "N_inlier": 37, "refit": true}
{"timestamp": "15:15:27.379820", "frame": 68, "mu": [-2.2689548655854184, 3.498702490952759, 0.592747086528058], "Sigma": [[0.016998111498470983, 0.0038897392886200746, -0.014249062808153044], [0.0038897392886200746, 0.00490524995843166, -0.0027126295600584304], [-0.014249062808153044, -0.002712629560058431, 0.013092866199642363]], "chi2_level": 0.95, "chi2_df": 3, "chi2_threshold": 7.814727903251179, "N_raw": 27, "N_roi": 27, "N_inlier": 27, "refit": true}
{"timestamp": "15:15:27.433117", "frame": 69, "mu": [-2.2362099209167283, 3.4505826717671133, 0.47811907000360576], "Sigma": [[0.0163270064136802, 0.0037647774412811336, -0.011960680709091644], [0.0037647774412811336, 0.0029172524889537156, -0.002840935411325343], [-0.011960680709091644, -0.0028409354113253424, 0.010474091409856138]], "chi2_level": 0.95, "chi2_df": 3, "chi2_threshold": 7.814727903251179, "N_raw": 24, "N_roi": 24, "N_inlier": 21, "refit": true}
{"timestamp": "15:15:27.489908", "frame": 70, "mu": [-2.1677356048192076, 3.4417030919352243, 0.7947187468321697], "Sigma": [[0.012760767046844557, 0.0034692883867180188, -0.0035607746025196805], [0.0034692883867180188, 0.0018467774205188998, -0.004587431773911977], [-0.00356077460251968, -0.004587431773911977, 0.022468285807781103]], "chi2_level": 0.95, "chi2_df": 3, "chi2_threshold": 7.814727903251179, "N_raw": 34, "N_roi": 34, "N_inlier": 32, "refit": true}
{"timestamp": "15:15:27.543642", "frame": 71, "mu": [-2.1113011684163214, 3.3935632068622894, 0.8846025732404319], "Sigma": [[0.009821162420853418, 0.0024523834546666483, -0.0038596891416903542], [0.0024523834546666483, 0.0018842798142494775, -0.0034624406771633057], [-0.003859689141690353, -0.0034624406771633057, 0.0118474688282254]], "chi2_level": 0.95, "chi2_df": 3, "chi2_threshold": 7.814727903251179, "N_raw": 20, "N_roi": 19, "N_inlier": 18, "refit": true}
{"timestamp": "15:15:27.601149", "frame": 72, "mu": [-2.3131163583356784, 3.2835770830476148, 0.9458082670240027], "Sigma": [[0.011667343558088078, 0.004340336673140335, -0.006532993004728119], [0.0043403366731403345, 0.0037720242488352507, -0.005931587083604219], [-0.006532993004728118, -0.005931587083604219, 0.013027617293625006]], "chi2_level": 0.95, "chi2_df": 3, "chi2_threshold": 7.814727903251179, "N_raw": 32, "N_roi": 31, "N_inlier": 29, "refit": true}
{"timestamp": "15:15:27.820020", "frame": 76, "mu": [-2.2232232749832916, 3.163812431865302, 1.0057290607863758], "Sigma": [[0.015259066593741115, 0.004813377445504899, -0.013717414211128088], [0.004813377445504899, 0.00320751930083842, -0.009508494288372492], [-0.013717414211128088, -0.009508494288372492, 0.03569799951094709]], "chi2_level": 0.95, "chi2_df": 3, "chi2_threshold": 7.814727903251179, "N_raw": 38, "N_roi": 38, "N_inlier": 37, "refit": true}
{"timestamp": "15:15:27.876207", "frame": 77, "mu": [-2.2318471523918975, 3.0879073663842793, 0.9383612990159379], "Sigma": [[0.017089246372834745, 0.006619747419048146, -0.008311192734726129], [0.006619747419048145, 0.006515871530604793, -0.007174686529596748], [-0.008311192734726129, -0.007174686529596748, 0.009972634265369726]], "chi2_level": 0.95, "chi2_df": 3, "chi2_threshold": 7.814727903251179, "N_raw": 45, "N_roi": 45, "N_inlier": 44, "refit": true}
{"timestamp": "15:15:28.040041", "frame": 80, "mu": [-2.199387288449365, 2.9675910738374323, 1.1453600072932675], "Sigma": [[0.012851804892197206, 0.005252301546983656, -0.008731566794814606], [0.005252301546983657, 0.005020438827494886, -0.0063061268489083494], [-0.008731566794814606, -0.0063061268489083494, 0.010355693280818189]], "chi2_level": 0.95, "chi2_df": 3, "chi2_threshold": 7.814727903251179, "N_raw": 34, "N_roi": 34, "N_inlier": 32, "refit": true}
{"timestamp": "15:15:28.095171", "frame": 81, "mu": [-2.1564794503807176, 2.971532199595936, 0.8390252332482571], "Sigma": [[0.012457480299540783, 0.00375566071706042, -0.00795466471794533], [0.00375566071706042, 0.001968346341882902, -0.005258158421627732], [-0.007954664717945332, -0.005258158421627732, 0.019958765315375052]], "chi2_level": 0.95, "chi2_df": 3, "chi2_threshold": 7.814727903251179, "N_raw": 35, "N_roi": 35, "N_inlier": 32, "refit": true}
{"timestamp": "15:15:28.147245", "frame": 82, "mu": [-2.2794022163908148, 2.8517865526135893, 1.1005950458455958], "Sigma": [[0.006942238380773708, -0.0007391466501651238, 0.0076724442902433125], [-0.0007391466501651239, 0.0009799957157572419, -0.003294448328131802], [0.007672444290243312, -0.0032944483281318027, 0.04208366218217892]], "chi2_level": 0.95, "chi2_df": 3, "chi2_threshold": 7.814727903251179, "N_raw": 10, "N_roi": 10, "N_inlier": 10, "refit": true}
{"timestamp": "15:15:28.313144", "frame": 85, "mu": [-2.2237323002392437, 2.742245779531424, 0.8206009127309662], "Sigma": [[0.02432428657738927, 0.008813851897564663, 0.002059587651581243], [0.008813851897564663, 0.0036196170786215107, 0.0009255370909007078], [0.002059587651581243, 0.0009255370909007076, 0.00783440632503802]], "chi2_level": 0.95, "chi2_df": 3, "chi2_threshold": 7.814727903251179, "N_raw": 19, "N_roi": 18, "N_inlier": 17, "refit": true}
{"timestamp": "15:15:28.368254", "frame": 86, "mu": [-2.1573904710676453, 2.7672679084873346, 1.0038166833249722], "Sigma": [[0.00750240764230525, 0.002650829818464601, -0.004482664137095896], [0.002650829818464601, 0.0023935929412375774, -0.00411722293503477], [-0.004482664137095896, -0.00411722293503477, 0.010394555281958229]], "chi2_level": 0.95, "chi2_df": 3, "chi2_threshold": 7.814727903251179, "N_raw": 24, "N_roi": 24, "N_inlier": 22, "refit": true}
{"timestamp": "15:15:28.425015", "frame": 87, "mu": [-2.2099314613785346, 2.6524905309177758, 1.0118029007407814], "Sigma": [[0.00819443360591878, 0.0020611704051027514, 0.002228335542717353], [0.002061170405102752, 0.00225003811945953, -0.0038170778626340288], [0.0022283355427173534, -0.0038170778626340288, 0.023933490442047504]], "chi2_level": 0.95, "chi2_df": 3, "chi2_threshold": 7.814727903251179, "N_raw": 36, "N_roi": 29, "N_inlier": 28, "refit": true}
{"timestamp": "15:15:28.481355", "frame": 88, "mu": [-2.216009402110614, 2.6259607314701756, 0.8926664968647167], "Sigma": [[0.021553478019466495, 0.00473847559698099, -0.00022035327777744185], [0.00473847559698099, 0.0023008181895574913, -0.0016716473307514929], [-0.00022035327777744244, -0.0016716473307514929, 0.013193786607680497]], "chi2_level": 0.95, "chi2_df": 3, "chi2_threshold": 7.814727903251179, "N_raw": 42, "N_roi": 40, "N_inlier": 39, "refit": true}
{"timestamp": "15:15:28.533538", "frame": 89, "mu": [-2.1320981468814013, 2.540616414879827, 0.9903448466965776], "Sigma": [[0.008941736735995146, 0.0018829219416876112, -0.003177666784753265], [0.0018829219416876112, 0.0021385036892849728, -0.004550825096806028], [-0.003177666784753265, -0.004550825096806028, 0.013308663954772973]], "chi2_level": 0.95, "chi2_df": 3, "chi2_threshold": 7.814727903251179, "N_raw": 20, "N_roi": 20, "N_inlier": 19, "refit": true}
{"timestamp": "15:15:28.643986", "frame": 91, "mu": [-2.1447771988586606, 2.4149413519099676, 1.1690825563705634], "Sigma": [[0.010880638847179448, 0.005193533133900307, -0.001765997835838337], [0.005193533133900308, 0.004792254355395509, -0.00474564708371137], [-0.0017659978358383378, -0.00474564708371137, 0.019863235389257647]], "chi2_level": 0.95, "chi2_df": 3, "chi2_threshold": 7.814727903251179, "N_raw": 26, "N_roi": 26, "N_inlier": 24, "refit": true}
{"timestamp": "15:15:28.701417", "frame": 92, "mu": [-2.1282864589489634, 2.4391870184729387, 1.1504993846217935], "Sigma": [[0.013661783239923246, 0.00627170719393174, -0.010793660759931134], [0.00627170719393174, 0.006688200782105325, -0.007447116368223554], [-0.010793660759931134, -0.007447116368223554, 0.011210924366424322]], "chi2_level": 0.95, "chi2_df": 3, "chi2_threshold": 7.814727903251179, "N_raw": 39, "N_roi": 39, "N_inlier": 37, "refit": true}
{"timestamp": "15:15:28.812801", "frame": 94, "mu": [-2.231611351246734, 2.317217315100299, 1.0791833408888376], "Sigma": [[0.016809509303220765, 0.009139903217568052, -0.011060961619811113], [0.009139903217568052, 0.00556833329518898, -0.007907720214494065], [-0.011060961619811112, -0.007907720214494065, 0.0232822307779286]], "chi2_level": 0.95, "chi2_df": 3, "chi2_threshold": 7.814727903251179, "N_raw": 49, "N_roi": 39, "N_inlier": 37, "refit": true}
{"timestamp": "15:15:28.922229", "frame": 96, "mu": [-2.0984775856736935, 2.249774500502741, 0.9616673302842883], "Sigma": [[0.01976291619295361, 0.00976275921650983, -0.0016080368487855407], [0.00976275921650983, 0.0055628262355436105, -0.0016231495712410162], [-0.0016080368487855407, -0.0016231495712410165, 0.02652995141421873]], "chi2_level": 0.95, "chi2_df": 3, "chi2_threshold": 7.814727903251179, "N_raw": 50, "N_roi": 50, "N_inlier": 49, "refit": true}
{"timestamp": "15:15:28.972468", "frame": 97, "mu": [-2.3110881972864723, 2.066858872883679, 1.2419174328195863], "Sigma": [[0.019182456466612964, 0.013968914297923608, -0.025143002409364984], [0.013968914297923608, 0.011974687076094417, -0.022276008719230328], [-0.025143002409364984, -0.022276008719230328, 0.06642174038088121]], "chi2_level": 0.95, "chi2_df": 3, "chi2_threshold": 7.814727903251179, "N_raw": 18, "N_roi": 12, "N_inlier": 11, "refit": true}
{"timestamp": "15:15:29.028109", "frame": 98, "mu": [-2.2791866959945306, 2.0969522874105073, 1.095216676127309], "Sigma": [[0.016225194371930953, 0.010139291460566871, -0.01781643118213473], [0.010139291460566871, 0.008345120966783264, -0.015098102162169622], [-0.01781643118213473, -0.015098102162169622, 0.04739119308897595]], "chi2_level": 0.95, "chi2_df": 3, "chi2_threshold": 7.814727903251179, "N_raw": 24, "N_roi": 17, "N_inlier": 17, "refit": true}
{"timestamp": "15:15:29.089177", "frame": 99, "mu": [-2.2801253571140085, 1.9914727956917802, 1.204949060254501], "Sigma": [[0.01547755081967593, 0.010575549340778347, -0.01354763934013135], [0.010575549340778347, 0.011799145412248456, -0.014228054901284638], [-0.01354763934013135, -0.014228054901284638, 0.01916293406792583]], "chi2_level": 0.95, "chi2_df": 3, "chi2_threshold": 7.814727903251179, "N_raw": 66, "N_roi": 51, "N_inlier": 48, "refit": true}
{"timestamp": "15:15:29.202197", "frame": 100, "mu": [-2.2930017854916005, 1.9077846159533978, 1.0569722995162212], "Sigma": [[0.02417516501906846, 0.016174650251236357, -0.017925808602144884], [0.016174650251236357, 0.012712458275364566, -0.012656903454724474], [-0.017925808602144884, -0.012656903454724474, 0.0933007855313023]], "chi2_level": 0.95, "chi2_df": 3, "chi2_threshold": 7.814727903251179, "N_raw": 26, "N_roi": 17, "N_inlier": 17, "refit": true}
{"timestamp": "15:15:29.209069", "frame": 101, "mu": [-2.2368187473405134, 1.8957620948501859, 0.9225849367105702], "Sigma": [[0.02655715881817579, 0.017944360268890947, -0.016417632890582297], [0.017944360268890944, 0.013343210025054923, -0.010999918740452698], [-0.016417632890582297, -0.010999918740452698, 0.06670077277977973]], "chi2_level": 0.95, "chi2_df": 3, "chi2_threshold": 7.814727903251179, "N_raw": 56, "N_roi": 46, "N_inlier": 42, "refit": true}
{"timestamp": "15:15:29.305679", "frame": 103, "mu": [-2.2951237094506274, 1.752948166788264, 1.1215651745216846], "Sigma": [[0.016696161184232224, 0.01368053018214101, -0.007622212831422719], [0.013680530182141012, 0.012449905324028739, -0.009443356464268221], [-0.0076222128314227195, -0.009443356464268221, 0.03733681846809406]], "chi2_level": 0.95, "chi2_df": 3, "chi2_threshold": 7.814727903251179, "N_raw": 39, "N_roi": 34, "N_inlier": 32, "refit": true}
{"timestamp": "15:15:29.361155", "frame": 104, "mu": [-2.220021068032348, 1.7556920082261325, 1.0398114342093092], "Sigma": [[0.01927370750961363, 0.013739871845132777, -0.008912645537752421], [0.013739871845132777, 0.014187172743120435, -0.007530638581887094], [-0.008912645537752421, -0.007530638581887093, 0.008121494008718505]], "chi2_level": 0.95, "chi2_df": 3, "chi2_threshold": 7.814727903251179, "N_raw": 40, "N_roi": 40, "N_inlier": 38, "refit": true}
{"timestamp": "15:15:29.414488", "frame": 105, "mu": [-2.2726155601270346, 1.639747588759437, 1.038032825418319], "Sigma": [[0.018968425960277518, 0.014640082607941352, -0.00431039995678578], [0.014640082607941352, 0.012817745108448178, -0.0063518333853171275], [-0.00431039995678578, -0.006351833385317127, 0.03565027304101071]], "chi2_level": 0.95, "chi2_df": 3, "chi2_threshold": 7.814727903251179, "N_raw": 31, "N_roi": 31, "N_inlier": 30, "refit": true}
{"timestamp": "15:15:29.468234", "frame": 106, "mu": [-2.177327332151373, 1.6128362859880905, 0.7781417500084379], "Sigma": [[0.01964581160176958, 0.012209189553707752, -0.013859009768825249], [0.012209189553707752, 0.010468795596942642, -0.008578720255814251], [-0.013859009768825247, -0.008578720255814253, 0.011156712270666736]], "chi2_level": 0.95, "chi2_df": 3, "chi2_threshold": 7.814727903251179, "N_raw": 25, "N_roi": 25, "N_inlier": 23, "refit": true}
{"timestamp": "15:15:29.526170", "frame": 107, "mu": [-2.2682400466438355, 1.5493354154382581, 1.1298389238282027], "Sigma": [[0.013207763979496622, 0.008407509686188466, -0.007577327132167425], [0.008407509686188466, 0.007853958728933989, -0.010885470575416382], [-0.007577327132167425, -0.010885470575416382, 0.026412829871484696]], "chi2_level": 0.95, "chi2_df": 3, "chi2_threshold": 7.814727903251179, "N_raw": 46, "N_roi": 46, "N_inlier": 44, "refit": true}
{"timestamp": "15:15:29.582717", "frame": 108, "mu": [-2.177108932570716, 1.53553016998589, 1.2720528823242958], "Sigma": [[0.0119142393631656, 0.008080183250020788, -0.009119092899078043], [0.008080183250020788, 0.011713421709759905, -0.011375713798972727], [-0.009119092899078043, -0.011375713798972727, 0.012414902093074831]], "chi2_level": 0.95, "chi2_df": 3, "chi2_threshold": 7.814727903251179, "N_raw": 52, "N_roi": 52, "N_inlier": 49, "refit": true}
{"timestamp": "15:15:29.637570", "frame": 109, "mu": [-2.2050948852558956, 1.4643481052773255, 1.1080756789363606], "Sigma": [[0.011731866180096523, 0.009560105998020091, -0.004745814756755212], [0.009560105998020091, 0.009377000010918986, -0.008343737780096807], [-0.004745814756755212, -0.008343737780096809, 0.034074182746112076]], "chi2_level": 0.95, "chi2_df": 3, "chi2_threshold": 7.814727903251179, "N_raw": 50, "N_roi": 50, "N_inlier": 49, "refit": true}
{"timestamp": "15:15:29.691213", "frame": 110, "mu": [-2.181679988796292, 1.395632557892379, 1.0992249147410262], "Sigma": [[0.012150752922952042, 0.010461123115359182, -0.0049827013993341066], [0.01046112311535918, 0.012715480801673501, -0.011609857113937569], [-0.0049827013993341066, -0.011609857113937569, 0.022506553361208624]], "chi2_level": 0.95, "chi2_df": 3, "chi2_threshold": 7.814727903251179, "N_raw": 43, "N_roi": 43, "N_inlier": 41, "refit": true}
{"timestamp": "15:15:29.747815", "frame": 111, "mu": [-2.1667011676500207, 1.3565552812208979, 1.18938506001017], "Sigma": [[0.010394280886190498, 0.009683595423847132, -0.004416415745186091], [0.009683595423847132, 0.011516905174508313, -0.010256983383011464], [-0.004416415745186091, -0.010256983383011464, 0.027856674862752718]], "chi2_level": 0.95, "chi2_df": 3, "chi2_threshold": 7.814727903251179, "N_raw": 53, "N_roi": 53, "N_inlier": 49, "refit": true}
{"timestamp": "15:15:29.803818", "frame": 112, "mu": [-2.078497853774534, 1.4057805842801123, 1.2447380104607237], "Sigma": [[0.012326695748639866, 0.010202345883551824, -0.012186732844203862], [0.010202345883551827, 0.015619527133312107, -0.01553026670059122], [-0.012186732844203862, -0.015530266700591218, 0.01840420899246463]], "chi2_level": 0.95, "chi2_df": 3, "chi2_threshold": 7.814727903251179, "N_raw": 61, "N_roi": 61, "N_inlier": 56, "refit": true}
{"timestamp": "15:15:29.858514", "frame": 113, "mu": [-2.149233211452182, 1.3319253521679653, 1.085265324743916], "Sigma": [[0.010830170318841927, 0.006381379647573696, 0.008821353887188785], [0.006381379647573696, 0.007308943952490094, 0.002448860423166538], [0.008821353887188787, 0.0024488604231665376, 0.07511837742417715]], "chi2_level": 0.95, "chi2_df": 3, "chi2_threshold": 7.814727903251179, "N_raw": 59, "N_roi": 59, "N_inlier": 58, "refit": true}
{"timestamp": "15:15:29.918682", "frame": 114, "mu": [-2.0562490537799563, 1.2747567408289755, 1.0670371376612748], "Sigma": [[0.02271253087480691, 0.008765179053852944, -0.013556957146802396], [0.008765179053852944, 0.009566015596030904, -0.013718162743049331], [-0.013556957146802396, -0.013718162743049331, 0.02675394920108493]], "chi2_level": 0.95, "chi2_df": 3, "chi2_threshold": 7.814727903251179, "N_raw": 93, "N_roi": 93, "N_inlier": 87, "refit": true}
{"timestamp": "15:15:29.972996", "frame": 115, "mu": [-2.0228249999888144, 1.2413010526834527, 1.1204862933934618], "Sigma": [[0.01754429150399734, 0.011681504491167796, -0.016673213371210305], [0.011681504491167796, 0.012464345813985244, -0.019176858608807558], [-0.016673213371210305, -0.019176858608807558, 0.033649143505206036]], "chi2_level": 0.95, "chi2_df": 3, "chi2_threshold": 7.814727903251179, "N_raw": 83, "N_roi": 83, "N_inlier": 80, "refit": true}
{"timestamp": "15:15:30.024807", "frame": 116, "mu": [-2.0931641763979774, 1.1460778391902364, 1.2156699854271384], "Sigma": [[0.01090162601568922, 0.008715727662436699, -0.002472670925553818], [0.008715727662436699, 0.013367250257041656, -0.01134915643181739], [-0.0024726709255538178, -0.01134915643181739, 0.018178743810395727]], "chi2_level": 0.95, "chi2_df": 3, "chi2_threshold": 7.814727903251179, "N_raw": 66, "N_roi": 66, "N_inlier": 64, "refit": true}
{"timestamp": "15:15:30.081803", "frame": 117, "mu": [-2.0595958507100978, 1.110892307549604, 1.1177961766609226], "Sigma": [[0.010353193332104058, 0.007938612947307393, 0.005163634571942144], [0.007938612947307393, 0.011004846874718961, -0.0021141402640619967], [0.005163634571942144, -0.002114140264061997, 0.05080739156175583]], "chi2_level": 0.95, "chi2_df": 3, "chi2_threshold": 7.814727903251179, "N_raw": 75, "N_roi": 75, "N_inlier": 75, "refit": true}
{"timestamp": "15:15:30.137339", "frame": 118, "mu": [-2.0947624979997026, 1.0338747769113585, 0.933767798244675], "Sigma": [[0.01910293151689224, 0.016477658013131564, 0.004056452816622756], [0.016477658013131568, 0.018532466762592903, 0.0017301175772166306], [0.004056452816622756, 0.0017301175772166306, 0.02117382337069739]], "chi2_level": 0.95, "chi2_df": 3, "chi2_threshold": 7.814727903251179, "N_raw": 77, "N_roi": 77, "N_inlier": 77, "refit": true}
{"timestamp": "15:15:30.185689", "frame": 119, "mu": [-2.0517435032159645, 1.0731515154615927, 1.0796824598509194], "Sigma": [[0.003630500947879989, 0.0030475565980929665, 0.0024456611359675957], [0.0030475565980929665, 0.004429863063736539, 0.0016626796703111558], [0.0024456611359675966, 0.0016626796703111562, 0.03156574600681779]], "chi2_level": 0.95, "chi2_df": 3, "chi2_threshold": 7.814727903251179, "N_raw": 33, "N_roi": 33, "N_inlier": 32, "refit": true}
{"timestamp": "15:15:30.241169", "frame": 120, "mu": [-2.0555003490169863, 1.0045572050779545, 1.0574573629136812], "Sigma": [[0.007475884555394851, 0.006227619716304035, 0.004374499975210333], [0.006227619716304035, 0.0065043263926585744, 0.0013914094775311667], [0.004374499975210331, 0.0013914094775311667, 0.026404443032835102]], "chi2_level": 0.95, "chi2_df": 3, "chi2_threshold": 7.814727903251179, "N_raw": 46, "N_roi": 46, "N_inlier": 45, "refit": true}
{"timestamp": "15:15:30.295391", "frame": 121, "mu": [-2.0347794536495263, 0.9706929541106482, 0.9767141069522055], "Sigma": [[0.007995418869506367, 0.005795388114235835, 0.005601759484614728], [0.005795388114235835, 0.00589345390945382, 0.00015512815365799804], [0.005601759484614728, 0.00015512815365799847, 0.025610640642705896]], "chi2_level": 0.95, "chi2_df": 3, "chi2_threshold": 7.814727903251179, "N_raw": 40, "N_roi": 40, "N_inlier": 39, "refit": true}
{"timestamp": "15:15:30.353355", "frame": 122, "mu": [-2.039708503066098, 0.9156730540350885, 1.0519727323157073], "Sigma": [[0.009670552128109465, 0.00999416718752327, 0.006535118323096847], [0.00999416718752327, 0.014139286315308459, 0.007661727993799335], [0.006535118323096847, 0.007661727993799335, 0.04075965659650689]], "chi2_level": 0.95, "chi2_df": 3, "chi2_threshold": 7.814727903251179, "N_raw": 60, "N_roi": 60, "N_inlier": 59, "refit": true}
{"timestamp": "15:15:30.409711", "frame": 123, "mu": [-2.0409628186416837, 0.8512929600329557, 1.0570594303940029], "Sigma": [[0.00887629580176661, 0.009067625474390087, 0.00023213074057938763], [0.009067625474390087, 0.012788645464038031, -0.005631969364067989], [0.00023213074057938768, -0.005631969364067989, 0.027703627321231127]], "chi2_level": 0.95, "chi2_df": 3, "chi2_threshold": 7.814727903251179, "N_raw": 67, "N_roi": 67, "N_inlier": 65, "refit": true}
{"timestamp": "15:15:30.461008", "frame": 124, "mu": [-1.9353220547376087, 0.9155852434393671, 1.1425295858286812], "Sigma": [[0.004093824134865723, 0.0030591813436959643, 0.002712268756488411], [0.0030591813436959643, 0.005809843422136199, -0.0041059029345550425], [0.0027122687564884113, -0.0041059029345550425, 0.016220586610254998]], "chi2_level": 0.95, "chi2_df": 3, "chi2_threshold": 7.814727903251179, "N_raw": 34, "N_roi": 34, "N_inlier": 34, "refit": true}
{"timestamp": "15:15:30.516028", "frame": 125, "mu": [-1.9778542296087296, 0.7800547188158511, 1.009076048518572], "Sigma": [[0.007464826260611718, 0.008371317671284812, 0.0019474664736780867], [0.008371317671284812, 0.010220287684457109, 0.0011680574660793668], [0.001947466473678087, 0.0011680574660793666, 0.01978648304587025]], "chi2_level": 0.95, "chi2_df": 3, "chi2_threshold": 7.814727903251179, "N_raw": 45, "N_roi": 45, "N_inlier": 44, "refit": true}
{"timestamp": "15:15:30.571579", "frame": 126, "mu": [-2.039793486529513, 0.7042177641766713, 0.9837588087588632], "Sigma": [[0.009004087624502055, 0.010863348489010678, -0.0023133669357118802], [0.010863348489010678, 0.019329936685521756, -0.006543508384385025], [-0.0023133669357118802, -0.006543508384385025, 0.005359120016199352]], "chi2_level": 0.95, "chi2_df": 3, "chi2_threshold": 7.814727903251179, "N_raw": 42, "N_roi": 42, "N_inlier": 38, "refit": true}
{"timestamp": "15:15:30.624357", "frame": 127, "mu": [-1.948783660030445, 0.8130479822640768, 1.0187900880180836], "Sigma": [[0.0055742674059519, 0.006201285046583054, 0.0016398697958793277], [0.006201285046583055, 0.007704759855913246, 0.00048647988186305714], [0.0016398697958793277, 0.00048647988186305714, 0.012566525277176293]], "chi2_level": 0.95, "chi2_df": 3, "chi2_threshold": 7.814727903251179, "N_raw": 28, "N_roi": 28, "N_inlier": 27, "refit": true}
{"timestamp": "15:15:30.684305", "frame": 128, "mu": [-1.9344865668128859, 0.6230124189114798, 1.0142584255374556], "Sigma": [[0.006217316547981903, 0.008811341948717149, 0.0016797383930316134], [0.008811341948717149, 0.014321989390501791, -0.0011678041361886393], [0.0016797383930316134, -0.0011678041361886395, 0.030310582112869792]], "chi2_level": 0.95, "chi2_df": 3, "chi2_threshold": 7.814727903251179, "N_raw": 61, "N_roi": 61, "N_inlier": 55, "refit": true}
{"timestamp": "15:15:30.735649", "frame": 129, "mu": [-1.9329587015567617, 0.7075491696747327, 0.9769402157734466], "Sigma": [[0.006157127913646107, 0.0079127213559901, -0.0005046672611955233], [0.0079127213559901, 0.01245341066257579, -0.0033243783792974236], [-0.0005046672611955233, -0.0033243783792974236, 0.005342755330083193]], "chi2_level": 0.95, "chi2_df": 3, "chi2_threshold": 7.814727903251179, "N_raw": 34, "N_roi": 34, "N_inlier": 32, "refit": true}
{"timestamp": "15:15:30.793860", "frame": 130, "mu": [-1.8849849273616897, 0.6564259134905401, 1.0755718231845584], "Sigma": [[0.006874699392593032, 0.006613791419197405, 0.0002422330518795722], [0.006613791419197406, 0.012763342208532348, -0.0054809139065774976], [0.00024223305187957248, -0.005480913906577497, 0.017032524032508885]], "chi2_level": 0.95, "chi2_df": 3, "chi2_threshold": 7.814727903251179, "N_raw": 55, "N_roi": 55, "N_inlier": 53, "refit": true}
{"timestamp": "15:15:30.901349", "frame": 132, "mu": [-1.86908211883653, 0.5866804121082739, 1.0563774304903464], "Sigma": [[0.007164423746902042, 0.007635738932661086, -0.0009520597755856296], [0.007635738932661086, 0.011967293805945686, -0.005322205385017537], [-0.0009520597755856295, -0.005322205385017537, 0.00912346404816672]], "chi2_level": 0.95, "chi2_df": 3, "chi2_threshold": 7.814727903251179, "N_raw": 46, "N_roi": 46, "N_inlier": 42, "refit": true}
{"timestamp": "15:15:30.957452", "frame": 133, "mu": [-1.8606437213281444, 0.6217064921744999, 1.100083718006894], "Sigma": [[0.007527674556518771, 0.008133793820967851, 0.0003378110169072115], [0.008133793820967851, 0.013024954200790397, -0.005575502471653344], [0.0003378110169072114, -0.005575502471653344, 0.01258059870910656]], "chi2_level": 0.95, "chi2_df": 3, "chi2_threshold": 7.814727903251179, "N_raw": 52, "N_roi": 52, "N_inlier": 47, "refit": true}
{"timestamp": "15:15:31.008264", "frame": 134, "mu": [-1.8859077403064117, 0.5460687602566366, 0.9789749123111222], "Sigma": [[0.004655384152305895, 0.005145633820583048, -0.0025113688129492382], [0.005145633820583048, 0.007043221482838496, -0.004092694649303797], [-0.0025113688129492382, -0.004092694649303797, 0.0066120418122583785]], "chi2_level": 0.95, "chi2_df": 3, "chi2_threshold": 7.814727903251179, "N_raw": 25, "N_roi": 25, "N_inlier": 24, "refit": true}
{"timestamp": "15:15:31.069109", "frame": 135, "mu": [-1.4363503255949566, 0.5606844996662477, 1.095064908092129], "Sigma": [[1.3700757535825443, -0.03751805268974272, 0.010021827662236936], [-0.03751805268974272, 0.011322746822644085, -0.004142666293246466], [0.010021827662236943, -0.004142666293246467, 0.015573086492222185]], "chi2_level": 0.95, "chi2_df": 3, "chi2_threshold": 7.814727903251179, "N_raw": 64, "N_roi": 64, "N_inlier": 55, "refit": true}
{"timestamp": "15:15:31.119765", "frame": 136, "mu": [-1.7841173646252293, 0.601511905552875, 1.0494774997771599], "Sigma": [[0.004363996884907187, 0.0032245503425554814, -0.0001922984114348425], [0.003224550342555481, 0.005377865515496358, -0.0030051030349968685], [-0.00019229841143484272, -0.0030051030349968685, 0.006750082764415628]], "chi2_level": 0.95, "chi2_df": 3, "chi2_threshold": 7.814727903251179, "N_raw": 30, "N_roi": 30, "N_inlier": 29, "refit": true}
{"timestamp": "15:15:31.175497", "frame": 137, "mu": [-1.3657557856702827, 0.5250860184888628, 1.0725926218211839], "Sigma": [[1.4311833895958248, -0.026196701155274046, 0.03102486714526875], [-0.026196701155274046, 0.006947386130738091, -0.004956349207028658], [0.031024867145268743, -0.004956349207028659, 0.0064603908517603895]], "chi2_level": 0.95, "chi2_df": 3, "chi2_threshold": 7.814727903251179, "N_raw": 39, "N_roi": 39, "N_inlier": 37, "refit": true}
{"timestamp": "15:15:31.231492", "frame": 138, "mu": [-1.3265238459826911, 0.5181304574321899, 1.1093433583455723], "Sigma": [[1.4498043586067095, -0.027917644432394955, 0.039888603199982636], [-0.02791764443239495, 0.006922649630322196, -0.0050258742181968335], [0.039888603199982636, -0.0050258742181968335, 0.007986672370898982]], "chi2_level": 0.95, "chi2_df": 3, "chi2_threshold": 7.814727903251179, "N_raw": 43, "N_roi": 43, "N_inlier": 40, "refit": true}
{"timestamp": "15:15:31.289730", "frame": 139, "mu": [-0.5527895918073242, 0.6931537565474623, -0.8409865156346312], "Sigma": [[2.8517938469206507, 0.00423457171853313, -0.05969107789992986], [0.004234571718533128, 0.007667215700120118, -0.0028623879858764322], [-0.05969107789992986, -0.0028623879858764327, 0.020750648532394743]], "chi2_level": 0.95, "chi2_df": 3, "chi2_threshold": 7.814727903251179, "N_raw": 61, "N_roi": 61, "N_inlier": 59, "refit": true}
{"timestamp": "15:15:31.341120", "frame": 140, "mu": [-0.8276704571224719, 0.4654623618300478, 1.1048753890676684], "Sigma": [[2.3317046965613835, -0.02422970918553215, 0.03902052887193591], [-0.02422970918553215, 0.006747716484667185, -0.003189220139448559], [0.03902052887193591, -0.003189220139448559, 0.004422521997663649]], "chi2_level": 0.95, "chi2_df": 3, "chi2_threshold": 7.814727903251179, "N_raw": 38, "N_roi": 38, "N_inlier": 38, "refit": true}
