{"timestamp": "15:47:54.271645", "frame": 6, "mu": [1.0391145349324333, 1.4691982181398435, 1.4529384039936464], "Sigma": [[0.0038677489045931073, -0.0010216754917769613, -0.0054955441743655895], [-0.0010216754917769613, 0.0017576988909125222, 0.0007463507742230916], [-0.0054955441743655895, 0.0007463507742230917, 0.013710076398334036]], "chi2_level": 0.95, "chi2_df": 3, "chi2_threshold": 7.814727903251179, "N_raw": 22, "N_roi": 22, "N_inlier": 21, "refit": true}
{"timestamp": "15:47:54.546522", "frame": 11, "mu": [1.1662703368513752, 1.5685312549447201, -0.36764806172127046], "Sigma": [[0.004695690715525245, -0.0007742314143690556, -0.004828153843604394], [-0.0007742314143690557, 0.0019326459322960233, -5.155146394337923e-05], [-0.004828153843604394, -5.155146394337915e-05, 0.0065317095002987375]], "chi2_level": 0.95, "chi2_df": 3, "chi2_threshold": 7.814727903251179, "N_raw": 19, "N_roi": 19, "N_inlier": 17, "refit": true}
{"timestamp": "15:47:54.605266", "frame": 12, "mu": [1.1955523219474296, 1.4183325393160104, 1.2069472842631337], "Sigma": [[0.005323518880315364, -0.00349555626723301, -0.0018062224587503829], [-0.0034955562672330104, 0.007311977815140254, 0.0006126921470390248], [-0.0018062224587503829, 0.0006126921470390248, 0.0010606241757388096]], "chi2_level": 0.95, "chi2_df": 3, "chi2_threshold": 7.814727903251179, "N_raw": 40, "N_roi": 40, "N_inlier": 37, "refit": true}
{"timestamp": "15:47:54.661453", "frame": 13, "mu": [1.0987713301346251, 1.5806111615507483, -0.3447770641003395], "Sigma": [[0.005356422078897866, -0.00045841375790767365, -0.006469110914012015], [-0.0004584137579076739, 0.0044075870854014924, -0.004635536942560387], [-0.006469110914012014, -0.004635536942560387, 0.014469490071141603]], "chi2_level": 0.95, "chi2_df": 3, "chi2_threshold": 7.814727903251179, "N_raw": 48, "N_roi": 48, "N_inlier": 46, "refit": true}
{"timestamp": "15:47:54.711137", "frame": 14, "mu": [1.0123103169161318, 1.4393547826571602, 1.409908345602234], "Sigma": [[0.00430272764657967, -2.9888075650004865e-05, -0.008214948237065355], [-2.9888075650004974e-05, 0.002389360232806962, 0.0020771409880766317], [-0.008214948237065355, 0.002077140988076632, 0.038386468979979306]], "chi2_level": 0.95, "chi2_df": 3, "chi2_threshold": 7.814727903251179, "N_raw": 17, "N_roi": 17, "N_inlier": 16, "refit": true}
{"timestamp": "15:47:54.771528", "frame": 15, "mu": [1.1604976320963554, 1.3321990931766348, 1.1451115053075642], "Sigma": [[0.004165865711737055, -0.0020517846370712804, -0.0021440340585376304], [-0.0020517846370712804, 0.005596184174664536, 0.014507187582795612], [-0.00214403405853763, 0.014507187582795612, 0.07585632758072369]], "chi2_level": 0.95, "chi2_df": 3, "chi2_threshold": 7.814727903251179, "N_raw": 47, "N_roi": 47, "N_inlier": 42, "refit": true}
{"timestamp": "15:47:54.829207", "frame": 16, "mu": [1.131308143005762, 1.3375923033877397, 1.1217909720643422], "Sigma": [[0.00509214088684513, -0.0032309237865514396, -0.005933288167298543], [-0.003230923786551439, 0.0031052764038251184, 0.0007793998416929561], [-0.005933288167298544, 0.0007793998416929561, 0.022965877686693927]], "chi2_level": 0.95, "chi2_df": 3, "chi2_threshold": 7.814727903251179, "N_raw": 53, "N_roi": 53, "N_inlier": 50, "refit": true}
{"timestamp": "15:47:54.879137", "frame": 17, "mu": [1.126021783277174, 1.359520225459359, 1.2062005730219894], "Sigma": [[0.007093840869022657, -0.002531004248188752, -0.010734858920217347], [-0.0025310042481887524, 0.003631279805218995, 0.0028580927684541298], [-0.010734858920217347, 0.0028580927684541298, 0.02842762175227531]], "chi2_level": 0.95, "chi2_df": 3, "chi2_threshold": 7.814727903251179, "N_raw": 18, "N_roi": 18, "N_inlier": 16, "refit": true}
{"timestamp": "15:47:54.932933", "frame": 18, "mu": [1.0829811949105161, 1.3690724942407215, 1.1861378670954086], "Sigma": [[0.012315717170118916, -0.004947048502759155, -0.023962394884439422], [-0.004947048502759155, 0.004464143316306771, 0.010114345573998006], [-0.023962394884439422, 0.010114345573998006, 0.052756549025187276]], "chi2_level": 0.95, "chi2_df": 3, "chi2_threshold": 7.814727903251179, "N_raw": 14, "N_roi": 14, "N_inlier": 14, "refit": true}
{"timestamp": "15:47:54.994314", "frame": 19, "mu": [1.1556262961441401, 1.2538634134432551, 1.0579398903092447], "Sigma": [[0.00957774915799736, -0.007197976959310246, -0.012006587491880813], [-0.007197976959310246, 0.006047661103083742, 0.00789723454459752], [-0.012006587491880813, 0.00789723454459752, 0.02372243011566982]], "chi2_level": 0.95, "chi2_df": 3, "chi2_threshold": 7.814727903251179, "N_raw": 53, "N_roi": 53, "N_inlier": 51, "refit": true}
{"timestamp": "15:47:55.048213", "frame": 20, "mu": [1.0760624125382274, 1.3226265520315779, 1.258244511123267], "Sigma": [[0.008490319563519602, -0.005260454224360331, -0.012298631854591522], [-0.005260454224360332, 0.0038520497368901407, 0.0072214062517126495], [-0.012298631854591523, 0.0072214062517126495, 0.03241857129632934]], "chi2_level": 0.95, "chi2_df": 3, "chi2_threshold": 7.814727903251179, "N_raw": 50, "N_roi": 50, "N_inlier": 46, "refit": true}
{"timestamp": "15:47:55.099016", "frame": 21, "mu": [1.005577956309814, 1.3284990307115747, 1.2864684848232548], "Sigma": [[0.0062216434693936175, -0.002771345168005289, -0.008649920306565237], [-0.002771345168005289, 0.003170901285538783, 0.0045589520462937525], [-0.008649920306565237, 0.0045589520462937525, 0.015625572294909414]], "chi2_level": 0.95, "chi2_df": 3, "chi2_threshold": 7.814727903251179, "N_raw": 17, "N_roi": 17, "N_inlier": 16, "refit": true}
{"timestamp": "15:47:55.160356", "frame": 22, "mu": [0.977102070812759, 1.3182205516963554, 1.367146911555182], "Sigma": [[0.009712093921417761, -0.0027344083898210633, -0.008689089491438857], [-0.0027344083898210633, 0.004837782168034563, 0.0007776466239424432], [-0.008689089491438857, 0.0007776466239424432, 0.010176459012243544]], "chi2_level": 0.95, "chi2_df": 3, "chi2_threshold": 7.814727903251179, "N_raw": 67, "N_roi": 67, "N_inlier": 64, "refit": true}
{"timestamp": "15:47:55.209286", "frame": 23, "mu": [0.9258734118986444, 1.2751391000251862, 1.34075777247149], "Sigma": [[0.008934848542934293, -0.004559085255013997, -0.01756371608305745], [-0.004559085255013997, 0.004396569830901864, 0.00871103061571987], [-0.01756371608305745, 0.008711030615719872, 0.039456496862829434]], "chi2_level": 0.95, "chi2_df": 3, "chi2_threshold": 7.814727903251179, "N_raw": 22, "N_roi": 22, "N_inlier": 20, "refit": true}
{"timestamp": "15:47:55.265803", "frame": 24, "mu": [0.9626820481827417, 1.209814671100786, 1.1843734111035022], "Sigma": [[0.0044503114550225225, -0.0032041232913135884, -0.00670829030605468], [-0.0032041232913135884, 0.0025072056003825295, 0.004592705496345409], [-0.0067082903060546786, 0.00459270549634541, 0.0185350352280562]], "chi2_level": 0.95, "chi2_df": 3, "chi2_threshold": 7.814727903251179, "N_raw": 26, "N_roi": 26, "N_inlier": 23, "refit": true}
{"timestamp": "15:47:55.320973", "frame": 25, "mu": [0.9162556996011498, 1.2175692918768692, 1.4038501462929247], "Sigma": [[0.005132568176376043, -0.0022460342105373133, -0.003427772048728606], [-0.0022460342105373133, 0.002917592010574557, 0.00014954590685949744], [-0.003427772048728606, 0.00014954590685949736, 0.0038922918746763006]], "chi2_level": 0.95, "chi2_df": 3, "chi2_threshold": 7.814727903251179, "N_raw": 39, "N_roi": 39, "N_inlier": 38, "refit": true}
{"timestamp": "15:47:55.381054", "frame": 26, "mu": [0.9231219492737034, 1.1577557841112884, 1.282871651251632], "Sigma": [[0.010757712763422547, -0.006418855941540253, -0.018298652865153926], [-0.006418855941540254, 0.00778183940193053, 0.014908498155306387], [-0.018298652865153926, 0.014908498155306387, 0.057329928764088434]], "chi2_level": 0.95, "chi2_df": 3, "chi2_threshold": 7.814727903251179, "N_raw": 71, "N_roi": 71, "N_inlier": 71, "refit": true}
{"timestamp": "15:47:55.434244", "frame": 27, "mu": [0.8421246801384372, 1.203568075172408, 1.440235551360495], "Sigma": [[0.005193881902904369, -0.00023293708791106654, -0.0029808901044563645], [-0.0002329370879110666, 0.0046926008659927045, -0.0014849310121911562], [-0.0029808901044563645, -0.001484931012191156, 0.0026989613319555517]], "chi2_level": 0.95, "chi2_df": 3, "chi2_threshold": 7.814727903251179, "N_raw": 57, "N_roi": 57, "N_inlier": 56, "refit": true}
{"timestamp": "15:47:55.493219", "frame": 28, "mu": [0.863239113385909, 1.1312917193071768, 1.2340954252133032], "Sigma": [[0.006307154555030122, -0.0018133282590560656, -0.007742093397217314], [-0.0018133282590560656, 0.003342141781620794, -0.0020274819702563282], [-0.007742093397217315, -0.0020274819702563287, 0.0242651561855937]], "chi2_level": 0.95, "chi2_df": 3, "chi2_threshold": 7.814727903251179, "N_raw": 85, "N_roi": 85, "N_inlier": 83, "refit": true}
{"timestamp": "15:47:55.599218", "frame": 30, "mu": [0.7595374320787336, 1.1276388445521321, 1.4027411696765233], "Sigma": [[0.00486270206235273, -0.0018725808944059011, -0.007974647593061615], [-0.0018725808944059011, 0.005137950136663348, 0.004557805043665466], [-0.007974647593061615, 0.004557805043665466, 0.037912376255931135]], "chi2_level": 0.95, "chi2_df": 3, "chi2_threshold": 7.814727903251179, "N_raw": 57, "N_roi": 57, "N_inlier": 55, "refit": true}
{"timestamp": "15:47:55.656137", "frame": 31, "mu": [0.7310880143297394, 1.2269970660048157, -0.28084029424434503], "Sigma": [[0.004959851225281827, 0.0005252104589183069, -0.006816312975887322], [0.000525210458918307, 0.006038103844916377, -0.00452664387445359], [-0.006816312975887322, -0.00452664387445359, 0.02729516921044827]], "chi2_level": 0.95, "chi2_df": 3, "chi2_threshold": 7.814727903251179, "N_raw": 62, "N_roi": 62, "N_inlier": 60, "refit": true}
{"timestamp": "15:47:55.705850", "frame": 32, "mu": [0.7086577437165293, 1.228341699142526, -0.3070149653365005], "Sigma": [[0.0030383147098542477, -0.0005339498640110236, -0.00245617238186495], [-0.0005339498640110238, 0.006975892944252241, -0.010771039521147984], [-0.00245617238186495, -0.010771039521147984, 0.026561869326498462]], "chi2_level": 0.95, "chi2_df": 3, "chi2_threshold": 7.814727903251179, "N_raw": 35, "N_roi": 35, "N_inlier": 32, "refit": true}
{"timestamp": "15:47:55.768762", "frame": 33, "mu": [0.7426832278308132, 1.1123107967648536, 1.033069777540588], "Sigma": [[0.004331869770929641, -0.0016028261681378443, 0.002355217659884456], [-0.0016028261681378443, 0.0035699615193166695, -0.011722945299883493], [0.002355217659884456, -0.011722945299883493, 0.05857195322009596]], "chi2_level": 0.95, "chi2_df": 3, "chi2_threshold": 7.814727903251179, "N_raw": 86, "N_roi": 85, "N_inlier": 84, "refit": true}
{"timestamp": "15:47:55.820930", "frame": 34, "mu": [0.72324607952677, 1.0523200611415187, 1.3568738195745138], "Sigma": [[0.00576609340679632, -0.0013936610068402033, -0.00474825904986909], [-0.0013936610068402033, 0.002270856908373345, -0.0025940610709845272], [-0.004748259049869089, -0.0025940610709845277, 0.017731558355505266]], "chi2_level": 0.95, "chi2_df": 3, "chi2_threshold": 7.814727903251179, "N_raw": 63, "N_roi": 63, "N_inlier": 58, "refit": true}
{"timestamp": "15:47:55.879425", "frame": 35, "mu": [0.7199631220143947, 1.068107492582947, 1.2496666423461484], "Sigma": [[0.005476416924000871, -0.0016932400062840587, -0.004110065262790188], [-0.0016932400062840585, 0.00840141201334865, -0.01014732898866371], [-0.004110065262790188, -0.010147328988663712, 0.027515883280884716]], "chi2_level": 0.95, "chi2_df": 3, "chi2_threshold": 7.814727903251179, "N_raw": 86, "N_roi": 86, "N_inlier": 82, "refit": true}
{"timestamp": "15:47:55.934202", "frame": 36, "mu": [0.6550440870109981, 1.0584171647745837, 1.3558634437074049], "Sigma": [[0.006696379431037035, -0.0007331250008188158, -0.004320811716808945], [-0.0007331250008188159, 0.003197452428396126, -0.003229557634492651], [-0.004320811716808945, -0.0032295576344926516, 0.05113354400946691]], "chi2_level": 0.95, "chi2_df": 3, "chi2_threshold": 7.814727903251179, "N_raw": 78, "N_roi": 78, "N_inlier": 71, "refit": true}
{"timestamp": "15:47:55.983525", "frame": 37, "mu": [0.6163183026833614, 1.0233819778637778, 1.4246679099806725], "Sigma": [[0.0033553384722309967, -0.0009054848965686475, -0.002254835049427457], [-0.0009054848965686475, 0.0021412306865598463, 0.00041315132113715273], [-0.002254835049427457, 0.00041315132113715317, 0.0070022429517299055]], "chi2_level": 0.95, "chi2_df": 3, "chi2_threshold": 7.814727903251179, "N_raw": 49, "N_roi": 48, "N_inlier": 42, "refit": true}
{"timestamp": "15:47:56.038445", "frame": 38, "mu": [0.582056648643589, 1.0100890831476321, 1.3146102951290026], "Sigma": [[0.004349258431825236, -0.0016957871207617554, -0.010440641384264383], [-0.0016957871207617554, 0.002983136711640507, 0.003050063738500257], [-0.010440641384264383, 0.003050063738500257, 0.12104849946335687]], "chi2_level": 0.95, "chi2_df": 3, "chi2_threshold": 7.814727903251179, "N_raw": 44, "N_roi": 44, "N_inlier": 39, "refit": true}
{"timestamp": "15:47:56.092016", "frame": 39, "mu": [0.49068538672645784, 1.0217420501703067, 1.4405734634446092], "Sigma": [[0.0026631065939644568, -0.0006131198576080452, -0.0022749628873039124], [-0.0006131198576080452, 0.0029406315898562454, -0.000557719444435379], [-0.0022749628873039124, -0.000557719444435379, 0.0035746564463589622]], "chi2_level": 0.95, "chi2_df": 3, "chi2_threshold": 7.814727903251179, "N_raw": 45, "N_roi": 45, "N_inlier": 41, "refit": true}
{"timestamp": "15:47:56.145366", "frame": 40, "mu": [0.4636654069439253, 0.9713210078391352, 1.3924433910357206], "Sigma": [[0.005439027760948673, -0.000589940353014982, -0.020662672144935265], [-0.0005899403530149821, 0.001537899067296253, 0.0014186198816066864], [-0.020662672144935265, 0.001418619881606686, 0.10886246416605484]], "chi2_level": 0.95, "chi2_df": 3, "chi2_threshold": 7.814727903251179, "N_raw": 25, "N_roi": 25, "N_inlier": 22, "refit": true}
{"timestamp": "15:47:56.208459", "frame": 41, "mu": [0.46216160517725907, 1.0145189550998304, 1.3519796916286022], "Sigma": [[0.004556434973258407, -0.0006700818247618868, -0.005914290863643666], [-0.0006700818247618868, 0.004099183057217873, -0.0012730827347855749], [-0.005914290863643666, -0.0012730827347855746, 0.017543581266630595]], "chi2_level": 0.95, "chi2_df": 3, "chi2_threshold": 7.814727903251179, "N_raw": 85, "N_roi": 85, "N_inlier": 81, "refit": true}
{"timestamp": "15:47:56.264200", "frame": 42, "mu": [0.3799413071527642, 1.02523585400685, 1.2775681115639834], "Sigma": [[0.002831926225684289, -0.00013689953871924917, 0.0016387772730348787], [-0.00013689953871924917, 0.004667084272400776, 0.0016423444272730223], [0.0016387772730348785, 0.0016423444272730223, 0.08137518588102342]], "chi2_level": 0.95, "chi2_df": 3, "chi2_threshold": 7.814727903251179, "N_raw": 82, "N_roi": 82, "N_inlier": 79, "refit": true}
{"timestamp": "15:47:56.317262", "frame": 43, "mu": [0.3895463994801962, 0.979517423707839, 1.3543453863508625], "Sigma": [[0.006213309432303111, -0.0012192416144689822, -0.0034868242357828957], [-0.001219241614468982, 0.0023196689234276837, -0.0012417738766698219], [-0.0034868242357828953, -0.0012417738766698219, 0.0043493265543154865]], "chi2_level": 0.95, "chi2_df": 3, "chi2_threshold": 7.814727903251179, "N_raw": 77, "N_roi": 77, "N_inlier": 73, "refit": true}
{"timestamp": "15:47:56.368612", "frame": 44, "mu": [0.3870937174041764, 1.06218978539833, -0.5845482556598462], "Sigma": [[0.0030974464247351015, 0.0027753247975703926, -0.00020753113620090033], [0.0027753247975703926, 0.008451968451602477, 0.006782946511686808], [-0.00020753113620090012, 0.006782946511686808, 0.03003055993675862]], "chi2_level": 0.95, "chi2_df": 3, "chi2_threshold": 7.814727903251179, "N_raw": 46, "N_roi": 46, "N_inlier": 44, "refit": true}
{"timestamp": "15:47:56.422519", "frame": 45, "mu": [0.26891181576753487, 0.9819814490720244, 1.3360183009685547], "Sigma": [[0.004937808018187581, -0.000668515523005626, -0.005700418892951832], [-0.000668515523005626, 0.003011130456479088, 0.006363813291022424], [-0.005700418892951832, 0.006363813291022424, 0.07369574277420125]], "chi2_level": 0.95, "chi2_df": 3, "chi2_threshold": 7.814727903251179, "N_raw": 48, "N_roi": 48, "N_inlier": 44, "refit": true}
{"timestamp": "15:47:56.484839", "frame": 46, "mu": [0.2623618824748634, 0.9761838276667574, 1.2594059953534025], "Sigma": [[0.005555937188679273, -0.00038896410039486863, -0.007891875507872344], [-0.0003889641003948684, 0.0044577150528774465, 0.008279786336104267], [-0.007891875507872344, 0.008279786336104267, 0.07165807542042855]], "chi2_level": 0.95, "chi2_df": 3, "chi2_threshold": 7.814727903251179, "N_raw": 97, "N_roi": 97, "N_inlier": 96, "refit": true}
{"timestamp": "15:47:56.537730", "frame": 47, "mu": [0.19339164987283974, 1.0053576852067554, 1.3875782996513477], "Sigma": [[0.0022080922285948124, 0.00012323252374769756, -0.002163700001236501], [0.00012323252374769753, 0.0032650274490282974, -0.002604979943084989], [-0.002163700001236501, -0.002604979943084989, 0.01727459478581464]], "chi2_level": 0.95, "chi2_df": 3, "chi2_threshold": 7.814727903251179, "N_raw": 73, "N_roi": 73, "N_inlier": 65, "refit": true}
{"timestamp": "15:47:56.584616", "frame": 48, "mu": [0.24505362184129328, 0.9330413839369206, 0.8499385229054793], "Sigma": [[0.005687462577339619, -0.001117879449447154, 0.035060087254430924], [-0.001117879449447154, 0.003779899897419307, -0.013898774054097111], [0.035060087254430924, -0.013898774054097113, 0.4010235728258122]], "chi2_level": 0.95, "chi2_df": 3, "chi2_threshold": 7.814727903251179, "N_raw": 18, "N_roi": 18, "N_inlier": 16, "refit": true}
{"timestamp": "15:47:56.647702", "frame": 49, "mu": [0.14155647972849061, 0.9865922953141918, 1.4398685968318463], "Sigma": [[0.003854066948129723, 8.98345312171454e-05, -0.002204258708244266], [8.983453121714537e-05, 0.004562226808905831, -0.0025836590516523034], [-0.002204258708244266, -0.0025836590516523034, 0.0029707286974514284]], "chi2_level": 0.95, "chi2_df": 3, "chi2_threshold": 7.814727903251179, "N_raw": 85, "N_roi": 85, "N_inlier": 83, "refit": true}
{"timestamp": "15:47:56.701656", "frame": 50, "mu": [0.07239719854499747, 0.9575106957978167, 1.3087100518396864], "Sigma": [[0.0015921309373621924, -1.1991466435720283e-05, 0.0033757301125949815], [-1.199146643572027e-05, 0.00227878506167501, 0.001661694136488452], [0.0033757301125949815, 0.001661694136488452, 0.06573063358048928]], "chi2_level": 0.95, "chi2_df": 3, "chi2_threshold": 7.814727903251179, "N_raw": 65, "N_roi": 65, "N_inlier": 60, "refit": true}
{"timestamp": "15:47:56.758075", "frame": 51, "mu": [0.06521708317478984, 0.9494058741159224, 1.3918248602293266], "Sigma": [[0.0024608448788946647, 0.00023367291800735726, -0.002223811543696325], [0.00023367291800735723, 0.0015561952067643353, -0.002951169168141184], [-0.002223811543696325, -0.002951169168141184, 0.010787631093772692]], "chi2_level": 0.95, "chi2_df": 3, "chi2_threshold": 7.814727903251179, "N_raw": 75, "N_roi": 75, "N_inlier": 71, "refit": true}
{"timestamp": "15:47:56.811147", "frame": 52, "mu": [0.050533498863246776, 0.952400502887543, 1.375282822514262], "Sigma": [[0.003276725401963951, 0.00036090916762383633, -0.004384528333503519], [0.0003609091676238364, 0.0013124672796000568, -0.002757189654421381], [-0.004384528333503518, -0.002757189654421381, 0.013636592098336132]], "chi2_level": 0.95, "chi2_df": 3, "chi2_threshold": 7.814727903251179, "N_raw": 70, "N_roi": 70, "N_inlier": 69, "refit": true}
{"timestamp": "15:47:56.871145", "frame": 53, "mu": [0.009208069924025522, 0.9769062411707181, -0.6324499443617355], "Sigma": [[0.0032873400373534013, 0.003074373035898274, 0.0035515578560006656], [0.003074373035898274, 0.006888788722067807, 0.003664346345738747], [0.0035515578560006656, 0.003664346345738747, 0.0320174653834468]], "chi2_level": 0.95, "chi2_df": 3, "chi2_threshold": 7.814727903251179, "N_raw": 102, "N_roi": 102, "N_inlier": 99, "refit": true}
{"timestamp": "15:47:56.920617", "frame": 54, "mu": [-0.06691598265631313, 0.9448292479873697, 1.3574881513465136], "Sigma": [[0.0019923221952519157, -0.00039803157595609946, -0.0017488408628748655], [-0.0003980315759560995, 0.0017853111591831633, -0.0029040483353650103], [-0.001748840862874866, -0.0029040483353650103, 0.009591233676926917]], "chi2_level": 0.95, "chi2_df": 3, "chi2_threshold": 7.814727903251179, "N_raw": 62, "N_roi": 62, "N_inlier": 61, "refit": true}
{"timestamp": "15:47:56.976968", "frame": 55, "mu": [-0.10014626451948068, 0.9302702762908528, 1.389520561938707], "Sigma": [[0.002441969589425619, -0.0002618762944771469, -0.0020653431112803355], [-0.0002618762944771469, 0.0010102535742547072, -0.0021169401740837902], [-0.0020653431112803355, -0.0021169401740837902, 0.012390244255421795]], "chi2_level": 0.95, "chi2_df": 3, "chi2_threshold": 7.814727903251179, "N_raw": 71, "N_roi": 71, "N_inlier": 69, "refit": true}
{"timestamp": "15:47:57.082043", "frame": 57, "mu": [-0.1919614400682717, 0.8485971315746607, 1.2757712843736562], "Sigma": [[0.002012573285006666, -0.0006673809330878242, -0.001081466320601293], [-0.0006673809330878242, 0.0017060665443534024, -0.0010104421277492815], [-0.001081466320601293, -0.0010104421277492815, 0.002163527759362255]], "chi2_level": 0.95, "chi2_df": 3, "chi2_threshold": 7.814727903251179, "N_raw": 43, "N_roi": 43, "N_inlier": 41, "refit": true}
{"timestamp": "15:47:57.138540", "frame": 58, "mu": [-0.2668010423624076, 0.9333232982741264, 1.4795485629340328], "Sigma": [[0.002446823189746434, -0.0007237144068047774, -0.0003566929402894499], [-0.0007237144068047774, 0.003471042970696372, -0.0022108426667386254], [-0.0003566929402894499, -0.002210842666738625, 0.002672846393919505]], "chi2_level": 0.95, "chi2_df": 3, "chi2_threshold": 7.814727903251179, "N_raw": 60, "N_roi": 60, "N_inlier": 59, "refit": true}
{"timestamp": "15:47:57.198154", "frame": 59, "mu": [-0.291328151039516, 0.9419167166040284, 1.4538317380836066], "Sigma": [[0.0037561674756934633, -0.00032931185204204585, -0.0028341745618586274], [-0.0003293118520420458, 0.003236481074871904, -0.00333361576187824], [-0.0028341745618586274, -0.00333361576187824, 0.0072004487899912425]], "chi2_level": 0.95, "chi2_df": 3, "chi2_threshold": 7.814727903251179, "N_raw": 86, "N_roi": 86, "N_inlier": 84, "refit": true}
{"timestamp": "15:47:57.254984", "frame": 60, "mu": [-0.3128269323842336, 0.9298775937680623, 1.4440718782734252], "Sigma": [[0.003408213296818273, -0.00194538934878931, -0.0033665568843735134], [-0.00194538934878931, 0.0042299137325969224, -0.001416573219947225], [-0.0033665568843735134, -0.001416573219947225, 0.011471605664209053]], "chi2_level": 0.95, "chi2_df": 3, "chi2_threshold": 7.814727903251179, "N_raw": 88, "N_roi": 88, "N_inlier": 84, "refit": true}
{"timestamp": "15:47:57.309613", "frame": 61, "mu": [-0.3653383554935426, 0.9494207347809732, 1.4871892734202528], "Sigma": [[0.0029462449165868734, -0.0015631238937260038, -0.0015895964960119446], [-0.0015631238937260038, 0.003872531113707503, -0.002898857152312227], [-0.0015895964960119442, -0.002898857152312227, 0.011527181279790256]], "chi2_level": 0.95, "chi2_df": 3, "chi2_threshold": 7.814727903251179, "N_raw": 83, "N_roi": 83, "N_inlier": 79, "refit": true}
{"timestamp": "15:47:57.360207", "frame": 62, "mu": [-0.4088241008394812, 0.9260418866415481, 1.4745403277782658], "Sigma": [[0.0026299518615975925, -0.0003856791223506037, -0.00041839961693067816], [-0.0003856791223506038, 0.00184596518364986, -0.002078075608722838], [-0.00041839961693067806, -0.002078075608722838, 0.003085708542691184]], "chi2_level": 0.95, "chi2_df": 3, "chi2_threshold": 7.814727903251179, "N_raw": 52, "N_roi": 50, "N_inlier": 46, "refit": true}
{"timestamp": "15:47:57.471147", "frame": 64, "mu": [-0.5104421650344738, 0.9070248794553446, 1.4224640117681746], "Sigma": [[0.004359914185384226, -0.002625249763896085, -0.0002578259330830693], [-0.002625249763896085, 0.004435799054969319, -0.002251015355420627], [-0.00025782593308306924, -0.0022510153554206264, 0.002814248118051364]], "chi2_level": 0.95, "chi2_df": 3, "chi2_threshold": 7.814727903251179, "N_raw": 72, "N_roi": 72, "N_inlier": 69, "refit": true}
{"timestamp": "15:47:57.523948", "frame": 65, "mu": [-0.5248475140265344, 0.9637942974473321, 1.5059072029933331], "Sigma": [[0.0022190444298549757, 0.00040310012469594155, -0.0019400141928880054], [0.0004031001246959416, 0.0030141205892916033, -0.0027275289602642794], [-0.0019400141928880054, -0.00272752896026428, 0.004229448926906397]], "chi2_level": 0.95, "chi2_df": 3, "chi2_threshold": 7.814727903251179, "N_raw": 49, "N_roi": 48, "N_inlier": 42, "refit": true}
{"timestamp": "15:47:57.637502", "frame": 67, "mu": [-0.5959152778872759, 0.9680621139622325, 1.2629335182855268], "Sigma": [[0.003891819644459069, -0.0008351061491399705, -0.008242971909522494], [-0.0008351061491399705, 0.004325582383287697, 0.015650688188862942], [-0.008242971909522494, 0.015650688188862946, 0.11189060099755194]], "chi2_level": 0.95, "chi2_df": 3, "chi2_threshold": 7.814727903251179, "N_raw": 77, "N_roi": 77, "N_inlier": 75, "refit": true}
{"timestamp": "15:47:57.690350", "frame": 68, "mu": [-0.674542316061414, 0.9711865987612432, 1.3119489560028155], "Sigma": [[0.006030254059579388, 7.799901070277177e-05, -0.012840681248600966], [7.799901070277166e-05, 0.001862249683523614, -0.004895397051652382], [-0.012840681248600966, -0.004895397051652381, 0.04554979564075151]], "chi2_level": 0.95, "chi2_df": 3, "chi2_threshold": 7.814727903251179, "N_raw": 52, "N_roi": 52, "N_inlier": 46, "refit": true}
{"timestamp": "15:47:57.741125", "frame": 69, "mu": [-0.7270581250008356, 0.985580263444429, 1.4861011365981471], "Sigma": [[0.002884219395631078, -0.00018449304501049068, -0.0005260615258848039], [-0.0001844930450104907, 0.0005426012187817979, -0.0010615784606999097], [-0.0005260615258848039, -0.0010615784606999097, 0.0076428229715445285]], "chi2_level": 0.95, "chi2_df": 3, "chi2_threshold": 7.814727903251179, "N_raw": 39, "N_roi": 39, "N_inlier": 36, "refit": true}
{"timestamp": "15:47:57.796625", "frame": 70, "mu": [-0.7759556819337031, 0.9053468127165447, 1.2856474486914646], "Sigma": [[0.006457717899854499, -0.000842616528766021, -0.011267099842338688], [-0.0008426165287660212, 0.002260259680140162, 0.002924640861121445], [-0.011267099842338688, 0.002924640861121445, 0.0413726885454385]], "chi2_level": 0.95, "chi2_df": 3, "chi2_threshold": 7.814727903251179, "N_raw": 33, "N_roi": 33, "N_inlier": 27, "refit": true}
{"timestamp": "15:47:57.847882", "frame": 71, "mu": [-0.7578815287946796, 0.978807442321746, 1.2137053435165577], "Sigma": [[0.002358083735412811, -0.0006746763341527742, -0.004771773757196639], [-0.0006746763341527742, 0.0074123605572108345, -0.005405459097276158], [-0.00477177375719664, -0.005405459097276158, 0.02554297308915818]], "chi2_level": 0.95, "chi2_df": 3, "chi2_threshold": 7.814727903251179, "N_raw": 11, "N_roi": 11, "N_inlier": 11, "refit": true}
{"timestamp": "15:47:57.908395", "frame": 72, "mu": [-0.8928791429341649, 0.9911884144334172, 1.5231982853514026], "Sigma": [[0.024144837358497498, 0.012341889171168182, -0.01467338846774575], [0.012341889171168182, 0.011682865519677052, -0.008913993274774351], [-0.01467338846774575, -0.008913993274774351, 0.023945678543555435]], "chi2_level": 0.95, "chi2_df": 3, "chi2_threshold": 7.814727903251179, "N_raw": 52, "N_roi": 52, "N_inlier": 49, "refit": true}
{"timestamp": "15:47:57.961663", "frame": 73, "mu": [-1.1494514921848584, 0.830330649750124, 1.5658259756242185], "Sigma": [[0.01792630681293325, 0.021048007069248913, 0.0029394804386686556], [0.021048007069248913, 0.029183346436875764, 0.007374696545893464], [0.002939480438668657, 0.007374696545893464, 0.03219994410194323]], "chi2_level": 0.95, "chi2_df": 3, "chi2_threshold": 7.814727903251179, "N_raw": 31, "N_roi": 31, "N_inlier": 28, "refit": true}
{"timestamp": "15:47:58.023857", "frame": 74, "mu": [-1.0184644000363645, 0.9787489143584093, 1.4347921882856207], "Sigma": [[0.03687872358056461, 0.009066588556101682, -0.05789538193902728], [0.009066588556101682, 0.0056213391143362075, -0.013382293016439006], [-0.05789538193902728, -0.013382293016439006, 0.111297244057881]], "chi2_level": 0.95, "chi2_df": 3, "chi2_threshold": 7.814727903251179, "N_raw": 95, "N_roi": 95, "N_inlier": 93, "refit": true}
{"timestamp": "15:47:58.073418", "frame": 75, "mu": [-1.0928481277444544, 0.9559045232114309, 1.4746899776522624], "Sigma": [[0.03921297160908827, 0.022373780447211472, -0.05089239554113885], [0.022373780447211472, 0.014511422447747765, -0.03242548099289834], [-0.05089239554113885, -0.03242548099289834, 0.08508164279989205]], "chi2_level": 0.95, "chi2_df": 3, "chi2_threshold": 7.814727903251179, "N_raw": 47, "N_roi": 47, "N_inlier": 46, "refit": true}
{"timestamp": "15:47:58.130550", "frame": 76, "mu": [-1.1471853647386148, 1.0050930807312592, 1.6130852247140173], "Sigma": [[0.0245932806357408, 0.016620308548425958, -0.014909237724952448], [0.016620308548425958, 0.01735454604547117, -0.01624576432690634], [-0.014909237724952448, -0.016245764326906345, 0.0160284461724415]], "chi2_level": 0.95, "chi2_df": 3, "chi2_threshold": 7.814727903251179, "N_raw": 66, "N_roi": 66, "N_inlier": 63, "refit": true}
{"timestamp": "15:47:58.185227", "frame": 77, "mu": [-1.1501465564396256, 1.0289771713823668, 1.5919810181644762], "Sigma": [[0.011931972651171468, 0.007969784118919602, -0.019592287475055172], [0.007969784118919602, 0.009019427023621688, -0.01192562759714584], [-0.019592287475055172, -0.01192562759714584, 0.050201447832961016]], "chi2_level": 0.95, "chi2_df": 3, "chi2_threshold": 7.814727903251179, "N_raw": 68, "N_roi": 68, "N_inlier": 64, "refit": true}
{"timestamp": "15:47:58.238227", "frame": 78, "mu": [-1.272138912378057, 0.9560426150282105, 1.552050237151692], "Sigma": [[0.022496919744527062, 0.010434962939781533, -0.027194011180617768], [0.010434962939781533, 0.01001831262278398, -0.018391968553180142], [-0.02719401118061777, -0.018391968553180142, 0.051134763812810125]], "chi2_level": 0.95, "chi2_df": 3, "chi2_threshold": 7.814727903251179, "N_raw": 50, "N_roi": 50, "N_inlier": 48, "refit": true}
{"timestamp": "15:47:58.292227", "frame": 79, "mu": [-1.189403319950784, 1.0209639449842038, 1.3673987013196933], "Sigma": [[0.023256431947802234, 0.015522535403402982, -0.01707969258679171], [0.01552253540340298, 0.01348573874774608, -0.01193693827899746], [-0.017079692586791713, -0.01193693827899746, 0.043505592493689946]], "chi2_level": 0.95, "chi2_df": 3, "chi2_threshold": 7.814727903251179, "N_raw": 40, "N_roi": 40, "N_inlier": 37, "refit": true}
{"timestamp": "15:47:58.354929", "frame": 80, "mu": [-1.1862852803692394, 1.059344983947834, 1.1655617920886798], "Sigma": [[0.03202981703764468, 0.026239738841252205, -0.05228994404363027], [0.026239738841252205, 0.023828272458919955, -0.04713945673180475], [-0.05228994404363027, -0.04713945673180475, 0.17466974255768367]], "chi2_level": 0.95, "chi2_df": 3, "chi2_threshold": 7.814727903251179, "N_raw": 100, "N_roi": 100, "N_inlier": 93, "refit": true}
{"timestamp": "15:47:58.411567", "frame": 81, "mu": [-1.2790790917857808, 1.0236051143454692, 1.2321682921502126], "Sigma": [[0.039395064923843856, 0.02610839241075919, -0.07423806457848728], [0.02610839241075919, 0.021129713131315453, -0.05475259156925345], [-0.07423806457848729, -0.05475259156925345, 0.2117057509097544]], "chi2_level": 0.95, "chi2_df": 3, "chi2_threshold": 7.814727903251179, "N_raw": 105, "N_roi": 105, "N_inlier": 104, "refit": true}
{"timestamp": "15:47:58.469760", "frame": 82, "mu": [-1.2745967832171279, 1.0931828292305126, 1.1360155221880555], "Sigma": [[0.03342613518336873, 0.024690002606246125, -0.08341553516061229], [0.024690002606246122, 0.026216623991519708, -0.07258790055822748], [-0.08341553516061229, -0.07258790055822748, 0.2768799185934308]], "chi2_level": 0.95, "chi2_df": 3, "chi2_threshold": 7.814727903251179, "N_raw": 131, "N_roi": 131, "N_inlier": 131, "refit": true}
{"timestamp": "15:47:58.524760", "frame": 83, "mu": [-1.338151989556391, 1.0741202955364137, 1.1221879408631703], "Sigma": [[0.03485071357529407, 0.029454517138599416, -0.0702925654758278], [0.029454517138599416, 0.03290165525697425, -0.07729915130660675], [-0.0702925654758278, -0.07729915130660675, 0.24729817738474072]], "chi2_level": 0.95, "chi2_df": 3, "chi2_threshold": 7.814727903251179, "N_raw": 131, "N_roi": 131, "N_inlier": 128, "refit": true}
{"timestamp": "15:47:58.576258", "frame": 84, "mu": [-1.3960793208398394, 1.0771213780153055, 1.4660495926638124], "Sigma": [[0.01843435358501455, 0.009626107989249483, -0.014217176903192755], [0.009626107989249483, 0.011493329012283136, -0.013457730960466908], [-0.014217176903192755, -0.01345773096046691, 0.025352330676306892]], "chi2_level": 0.95, "chi2_df": 3, "chi2_threshold": 7.814727903251179, "N_raw": 97, "N_roi": 97, "N_inlier": 88, "refit": true}
{"timestamp": "15:47:58.625787", "frame": 85, "mu": [-1.4901749484227063, 1.037881298190468, 1.524624140465067], "Sigma": [[0.012454163170028013, 0.00559627469313593, -0.006660091970624919], [0.005596274693135931, 0.008876277512355325, -0.00666237999533612], [-0.006660091970624919, -0.0066623799953361195, 0.008508051090182035]], "chi2_level": 0.95, "chi2_df": 3, "chi2_threshold": 7.814727903251179, "N_raw": 65, "N_roi": 65, "N_inlier": 63, "refit": true}
{"timestamp": "15:47:58.684060", "frame": 86, "mu": [-1.4219873229154794, 1.2158914323314933, 0.1995050205526258], "Sigma": [[0.01936405477654709, 0.008877379861212155, 0.058993351009584555], [0.008877379861212157, 0.009927991349848371, 0.022723990920821814], [0.058993351009584555, 0.022723990920821814, 0.41516880343777773]], "chi2_level": 0.95, "chi2_df": 3, "chi2_threshold": 7.814727903251179, "N_raw": 91, "N_roi": 91, "N_inlier": 91, "refit": true}
{"timestamp": "15:47:58.731467", "frame": 87, "mu": [-1.4964692515499831, 1.0561389011551265, 1.5657009014724705], "Sigma": [[0.010478310384633571, 0.01273985024073172, -0.0008939205621916154], [0.01273985024073172, 0.043944348237518964, 0.04296517321741275], [-0.0008939205621916163, 0.04296517321741275, 0.0866613955826277]], "chi2_level": 0.95, "chi2_df": 3, "chi2_threshold": 7.814727903251179, "N_raw": 40, "N_roi": 40, "N_inlier": 37, "refit": true}
{"timestamp": "15:47:58.790839", "frame": 88, "mu": [-1.4566297627644467, 1.1857727069329107, 1.4092779527025696], "Sigma": [[0.01948177542909621, 0.01316035090684917, -0.005766073463639991], [0.01316035090684917, 0.01136863509445346, -0.006939489400481464], [-0.005766073463639992, -0.006939489400481464, 0.007083263513102892]], "chi2_level": 0.95, "chi2_df": 3, "chi2_threshold": 7.814727903251179, "N_raw": 73, "N_roi": 73, "N_inlier": 70, "refit": true}
{"timestamp": "15:47:58.845668", "frame": 89, "mu": [-1.5608715235206323, 1.1647440763830548, -0.5144305924270636], "Sigma": [[0.019259920556958333, 0.01195209342626783, -0.00578394643259451], [0.01195209342626783, 0.01205029704790868, -0.0055667797155013726], [-0.00578394643259451, -0.0055667797155013726, 0.0043364938121159295]], "chi2_level": 0.95, "chi2_df": 3, "chi2_threshold": 7.814727903251179, "N_raw": 66, "N_roi": 66, "N_inlier": 63, "refit": true}
{"timestamp": "15:47:58.905424", "frame": 90, "mu": [-1.4805214878160369, 1.3274928028904305, 1.4255838139983308], "Sigma": [[0.019575161105122786, 0.008536227432089191, -0.019025373306923155], [0.008536227432089191, 0.008257518068573628, -0.013815108548980768], [-0.019025373306923155, -0.013815108548980768, 0.0393986224681219]], "chi2_level": 0.95, "chi2_df": 3, "chi2_threshold": 7.814727903251179, "N_raw": 104, "N_roi": 104, "N_inlier": 100, "refit": true}
{"timestamp": "15:47:58.957862", "frame": 91, "mu": [-1.5530180756514478, 1.2901786762418583, 1.3984509928646363], "Sigma": [[0.016570696856565304, 0.01227298166570754, -0.013316117590241448], [0.01227298166570754, 0.012938160070543296, -0.015279647720976314], [-0.013316117590241447, -0.015279647720976314, 0.02198626749955901]], "chi2_level": 0.95, "chi2_df": 3, "chi2_threshold": 7.814727903251179, "N_raw": 81, "N_roi": 81, "N_inlier": 76, "refit": true}
{"timestamp": "15:47:59.013007", "frame": 92, "mu": [-1.5279798351189886, 1.407868198416431, 1.4147670616996606], "Sigma": [[0.020140392456292032, 0.0138319466717216, -0.010727158419485504], [0.013831946671721596, 0.011775207707369137, -0.011553730534241533], [-0.010727158419485504, -0.011553730534241533, 0.030942946813602847]], "chi2_level": 0.95, "chi2_df": 3, "chi2_threshold": 7.814727903251179, "N_raw": 85, "N_roi": 85, "N_inlier": 81, "refit": true}
{"timestamp": "15:47:59.067053", "frame": 93, "mu": [-1.6423894551616198, 1.3479746308628726, 1.420660580440477], "Sigma": [[0.012496912972335723, 0.009518128232601782, -0.008169516958275481], [0.009518128232601782, 0.010765535802393261, -0.014095990411638556], [-0.008169516958275481, -0.014095990411638556, 0.028815031471564296]], "chi2_level": 0.95, "chi2_df": 3, "chi2_threshold": 7.814727903251179, "N_raw": 71, "N_roi": 71, "N_inlier": 67, "refit": true}
{"timestamp": "15:47:59.114353", "frame": 94, "mu": [-1.748073347553742, 1.4996805093297647, -0.32728032575072946], "Sigma": [[0.04822678639844627, 0.03622353487362888, -0.011448979435271001], [0.03622353487362888, 0.032225056070759754, -0.020232490787932114], [-0.011448979435271, -0.020232490787932114, 0.03594685353472567]], "chi2_level": 0.95, "chi2_df": 3, "chi2_threshold": 7.814727903251179, "N_raw": 24, "N_roi": 24, "N_inlier": 22, "refit": true}
{"timestamp": "15:47:59.176395", "frame": 95, "mu": [-1.6205445293696565, 1.5418872646932615, -0.07787260312928992], "Sigma": [[0.02749439975159348, 0.023873960106173823, -0.02240406610179151], [0.023873960106173823, 0.028355795852619735, -0.021920542330755105], [-0.02240406610179151, -0.021920542330755105, 0.022787934554313938]], "chi2_level": 0.95, "chi2_df": 3, "chi2_threshold": 7.814727903251179, "N_raw": 76, "N_roi": 76, "N_inlier": 71, "refit": true}
{"timestamp": "15:47:59.233595", "frame": 96, "mu": [-1.6165024122756382, 1.5052564963395096, 1.2567794494726439], "Sigma": [[0.027367221557606562, 0.01951604500531121, -0.055224117146976906], [0.01951604500531121, 0.020459310278607354, -0.05519472298748789], [-0.055224117146976906, -0.0551947229874879, 0.2537702246160303]], "chi2_level": 0.95, "chi2_df": 3, "chi2_threshold": 7.814727903251179, "N_raw": 88, "N_roi": 88, "N_inlier": 86, "refit": true}
{"timestamp": "15:47:59.286722", "frame": 97, "mu": [-1.6753569330214275, 1.4616921976091588, 1.4636662854919678], "Sigma": [[0.025852797886091863, 0.016515325184907836, -0.01858163762078288], [0.016515325184907836, 0.015671452329898375, -0.013395769767702511], [-0.018581637620782878, -0.013395769767702511, 0.015901116941452242]], "chi2_level": 0.95, "chi2_df": 3, "chi2_threshold": 7.814727903251179, "N_raw": 74, "N_roi": 74, "N_inlier": 70, "refit": true}
{"timestamp": "15:47:59.337464", "frame": 98, "mu": [-1.7237095412675831, 1.5628531513409765, 1.590028238422394], "Sigma": [[0.018899593940098956, 0.011893346786559938, -0.012935188783460835], [0.011893346786559938, 0.010613595992333769, -0.009809226064641706], [-0.012935188783460835, -0.009809226064641704, 0.010936091909729082]], "chi2_level": 0.95, "chi2_df": 3, "chi2_threshold": 7.814727903251179, "N_raw": 44, "N_roi": 44, "N_inlier": 42, "refit": true}
{"timestamp": "15:47:59.390944", "frame": 99, "mu": [-1.827483406783624, 1.5247656855110943, 1.2778314629475445], "Sigma": [[0.02109574406736793, 0.01504108670125432, 0.0053379031180556015], [0.01504108670125432, 0.016447206774376822, -0.005841175832096823], [0.0053379031180556015, -0.005841175832096823, 0.0428549720516703]], "chi2_level": 0.95, "chi2_df": 3, "chi2_threshold": 7.814727903251179, "N_raw": 36, "N_roi": 36, "N_inlier": 35, "refit": true}
