{"timestamp": "15:38:20.668189", "frame": 24, "mu": [2.403423371984311, 2.393342617569594, 0.9747843309575737], "Sigma": [[0.003562682124814358, -0.003529721035501942, -0.0011659751194074133], [-0.003529721035501942, 0.006020111354764909, -0.001130378360840639], [-0.0011659751194074133, -0.001130378360840639, 0.003992667400822076]], "chi2_level": 0.95, "chi2_df": 3, "chi2_threshold": 7.814727903251179, "N_raw": 33, "N_roi": 17, "N_inlier": 15, "refit": true}
{"timestamp": "15:38:20.943104", "frame": 29, "mu": [2.3648226780678647, 2.3899460695169226, 1.1681730342536005], "Sigma": [[0.006320865265141482, -0.006015424182928181, -0.0019490158933714087], [-0.006015424182928181, 0.008191005059198132, -0.0022322202374440883], [-0.0019490158933714087, -0.0022322202374440883, 0.008959781632255234]], "chi2_level": 0.95, "chi2_df": 3, "chi2_threshold": 7.814727903251179, "N_raw": 30, "N_roi": 24, "N_inlier": 23, "refit": true}
{"timestamp": "15:38:21.000081", "frame": 30, "mu": [2.365309298000164, 2.389642351524383, 1.1957440117680944], "Sigma": [[0.005311484494450564, -0.005977382534629594, 0.0010440333460364575], [-0.005977382534629594, 0.010614409148547088, -0.003418713172172117], [0.0010440333460364575, -0.003418713172172117, 0.0025394173728099864]], "chi2_level": 0.95, "chi2_df": 3, "chi2_threshold": 7.814727903251179, "N_raw": 29, "N_roi": 23, "N_inlier": 21, "refit": true}
{"timestamp": "15:38:21.165923", "frame": 33, "mu": [2.289749722941294, 2.2509222246889236, 0.9648889739470896], "Sigma": [[0.008499717754470584, -0.008769879220957257, -0.005197722160183073], [-0.008769879220957257, 0.010007876386635431, 0.001320486213044934], [-0.005197722160183073, 0.0013204862130449337, 0.02753335397635344]], "chi2_level": 0.95, "chi2_df": 3, "chi2_threshold": 7.814727903251179, "N_raw": 35, "N_roi": 33, "N_inlier": 33, "refit": true}
{"timestamp": "15:38:21.382010", "frame": 37, "mu": [2.109739087042602, 2.294583620869677, 1.0018160656299888], "Sigma": [[0.0038961403575031445, -0.003188657996788741, -0.002335770449918139], [-0.003188657996788741, 0.003695336604846433, -0.00022121378535675917], [-0.002335770449918139, -0.00022121378535675906, 0.008448693440426536]], "chi2_level": 0.95, "chi2_df": 3, "chi2_threshold": 7.814727903251179, "N_raw": 10, "N_roi": 10, "N_inlier": 10, "refit": true}
{"timestamp": "15:38:21.494328", "frame": 39, "mu": [2.0364151960082695, 2.2741068724620486, 1.0234764057881798], "Sigma": [[0.0056703187136405665, -0.003984908252677258, -0.001765206634750832], [-0.003984908252677258, 0.004111308442353849, -0.0011933985637633325], [-0.0017652066347508323, -0.0011933985637633327, 0.0075169691265395]], "chi2_level": 0.95, "chi2_df": 3, "chi2_threshold": 7.814727903251179, "N_raw": 24, "N_roi": 23, "N_inlier": 22, "refit": true}
{"timestamp": "15:38:21.604718", "frame": 41, "mu": [1.982440011512045, 2.0747351638850513, 0.8555730091442895], "Sigma": [[0.007500519741984293, -0.005506183464873551, -0.0037309261954492027], [-0.005506183464873551, 0.009198127193145828, 0.0012383552584169604], [-0.0037309261954492027, 0.0012383552584169602, 0.004047337886331825]], "chi2_level": 0.95, "chi2_df": 3, "chi2_threshold": 7.814727903251179, "N_raw": 23, "N_roi": 23, "N_inlier": 21, "refit": true}
{"timestamp": "15:38:21.658168", "frame": 42, "mu": [1.9612879313688425, 2.107288325580674, 0.6683587080715929], "Sigma": [[0.0025956454698003433, -0.001522646878465211, 0.002747775881085472], [-0.001522646878465211, 0.013330265159757281, -0.008362335004211645], [0.002747775881085472, -0.008362335004211643, 0.013323821286391733]], "chi2_level": 0.95, "chi2_df": 3, "chi2_threshold": 7.814727903251179, "N_raw": 14, "N_roi": 14, "N_inlier": 14, "refit": true}
{"timestamp": "15:38:21.723082", "frame": 43, "mu": [1.936310729371483, 2.2470632589500767, 0.9640202595611416], "Sigma": [[0.013713201143634288, -0.009853360179961634, -0.0015885300064904131], [-0.009853360179961634, 0.0148643047604107, -0.012372544825572023], [-0.001588530006490413, -0.012372544825572023, 0.03767762608504981]], "chi2_level": 0.95, "chi2_df": 3, "chi2_threshold": 7.814727903251179, "N_raw": 88, "N_roi": 88, "N_inlier": 87, "refit": true}
{"timestamp": "15:38:21.826595", "frame": 45, "mu": [1.8936600628369922, 2.215792219124352, 1.2717877324390634], "Sigma": [[0.011261585786974842, -0.006153980046023074, 0.00018744145819736766], [-0.006153980046023074, 0.008064576102649105, -0.0033285803035194086], [0.00018744145819736763, -0.0033285803035194086, 0.0035371592756696484]], "chi2_level": 0.95, "chi2_df": 3, "chi2_threshold": 7.814727903251179, "N_raw": 46, "N_roi": 45, "N_inlier": 44, "refit": true}
{"timestamp": "15:38:22.041969", "frame": 49, "mu": [1.6776350139373497, 2.262058655554971, 1.216557785657962], "Sigma": [[0.0025324416038188485, -0.0005845261625522938, -0.009017016051620298], [-0.0005845261625522938, 0.0019114788433904379, 0.003353523267945549], [-0.009017016051620298, 0.003353523267945549, 0.05862716197792721]], "chi2_level": 0.95, "chi2_df": 3, "chi2_threshold": 7.814727903251179, "N_raw": 12, "N_roi": 12, "N_inlier": 12, "refit": true}
{"timestamp": "15:38:22.104560", "frame": 50, "mu": [1.677638847123794, 2.2455130938136176, 1.2465734755291356], "Sigma": [[0.011306124969948575, -0.007816982306738718, -0.00763710952711903], [-0.007816982306738718, 0.007817265277513787, -0.00018433616335052192], [-0.007637109527119029, -0.00018433616335052213, 0.03448385080193971]], "chi2_level": 0.95, "chi2_df": 3, "chi2_threshold": 7.814727903251179, "N_raw": 58, "N_roi": 58, "N_inlier": 57, "refit": true}
{"timestamp": "15:38:22.154429", "frame": 51, "mu": [1.6708835693900237, 2.343192003400805, -0.17191604766414048], "Sigma": [[0.0069353737956481245, -0.004465512339944095, -0.004591515953827778], [-0.004465512339944095, 0.005964703130232867, -0.0012616468904306085], [-0.004591515953827778, -0.001261646890430609, 0.009677045107711281]], "chi2_level": 0.95, "chi2_df": 3, "chi2_threshold": 7.814727903251179, "N_raw": 24, "N_roi": 24, "N_inlier": 23, "refit": true}
{"timestamp": "15:38:22.210420", "frame": 52, "mu": [1.6084237088082158, 2.212072842424136, 1.224267275535797], "Sigma": [[0.006673334066889147, -0.005065179807411154, -0.005633767067251839], [-0.005065179807411154, 0.005338147415647791, 0.0027015087438635324], [-0.005633767067251839, 0.0027015087438635333, 0.025448179201424]], "chi2_level": 0.95, "chi2_df": 3, "chi2_threshold": 7.814727903251179, "N_raw": 34, "N_roi": 34, "N_inlier": 32, "refit": true}
{"timestamp": "15:38:22.267753", "frame": 53, "mu": [1.595389502303804, 2.229098107446537, -0.8117006893059877], "Sigma": [[0.00990548410613278, -0.0005550215299993482, 0.010166444004628968], [-0.0005550215299993482, 0.003402619854179015, 0.008781598637818721], [0.010166444004628966, 0.008781598637818721, 0.10315481817648084]], "chi2_level": 0.95, "chi2_df": 3, "chi2_threshold": 7.814727903251179, "N_raw": 48, "N_roi": 48, "N_inlier": 47, "refit": true}
{"timestamp": "15:38:22.325741", "frame": 54, "mu": [1.5465764153568262, 2.325047479097014, -0.3670728213295122], "Sigma": [[0.014992453288068123, -0.006695515063582832, -0.02825633409084968], [-0.006695515063582831, 0.006168680280757199, 0.0016013851368808624], [-0.028256334090849683, 0.0016013851368808633, 0.10565369093131806]], "chi2_level": 0.95, "chi2_df": 3, "chi2_threshold": 7.814727903251179, "N_raw": 65, "N_roi": 65, "N_inlier": 62, "refit": true}
{"timestamp": "15:38:22.380692", "frame": 55, "mu": [1.5441702305532823, 2.071636449219504, 0.891606342445705], "Sigma": [[0.015550422696223374, -0.015115440684862168, -0.024622252168541817], [-0.015115440684862168, 0.01853248693636069, 0.03302129772535967], [-0.024622252168541817, 0.03302129772535967, 0.09960396903836072]], "chi2_level": 0.95, "chi2_df": 3, "chi2_threshold": 7.814727903251179, "N_raw": 64, "N_roi": 64, "N_inlier": 61, "refit": true}
{"timestamp": "15:38:22.435584", "frame": 56, "mu": [1.510795983360823, 2.3736953574535304, -0.5202825911389919], "Sigma": [[0.007286062692287639, -0.005706930011138462, -0.004858053226947179], [-0.005706930011138462, 0.01688314232160329, -0.010067542284788577], [-0.004858053226947179, -0.010067542284788577, 0.026364063464213935]], "chi2_level": 0.95, "chi2_df": 3, "chi2_threshold": 7.814727903251179, "N_raw": 67, "N_roi": 67, "N_inlier": 65, "refit": true}
{"timestamp": "15:38:22.489532", "frame": 57, "mu": [1.4447134402603543, 2.1735557619894075, 1.0376735745828167], "Sigma": [[0.010203401453469435, -0.008262480046592875, -0.02065046676741243], [-0.008262480046592875, 0.010173948784186091, 0.015072167254132456], [-0.02065046676741243, 0.015072167254132456, 0.09146344340427665]], "chi2_level": 0.95, "chi2_df": 3, "chi2_threshold": 7.814727903251179, "N_raw": 58, "N_roi": 57, "N_inlier": 55, "refit": true}
{"timestamp": "15:38:22.541829", "frame": 58, "mu": [1.460536771388889, 2.076554615689289, 0.8231565501838979], "Sigma": [[0.007916019658074225, -0.005574772217762949, -0.0041027011456312495], [-0.005574772217762949, 0.004691857653776693, 0.0013649958726167312], [-0.0041027011456312495, 0.0013649958726167312, 0.015174752883481983]], "chi2_level": 0.95, "chi2_df": 3, "chi2_threshold": 7.814727903251179, "N_raw": 40, "N_roi": 40, "N_inlier": 37, "refit": true}
{"timestamp": "15:38:22.598580", "frame": 59, "mu": [1.375890064425095, 2.1010327178773327, 1.0857681461071085], "Sigma": [[0.007893473839318122, -0.00523602904102923, -0.006846442590115826], [-0.00523602904102923, 0.004523677134159532, 0.0011580554733338262], [-0.006846442590115827, 0.001158055473333826, 0.021435978415285162]], "chi2_level": 0.95, "chi2_df": 3, "chi2_threshold": 7.814727903251179, "N_raw": 47, "N_roi": 47, "N_inlier": 42, "refit": true}
{"timestamp": "15:38:22.652465", "frame": 60, "mu": [1.3284774054476622, 2.185408083417297, 0.7019290659910106], "Sigma": [[0.008528432980309203, -0.002724285261117179, -0.0006297353692643927], [-0.002724285261117179, 0.003924540298121289, -0.006841125718300523], [-0.0006297353692643927, -0.006841125718300523, 0.04606482217341084]], "chi2_level": 0.95, "chi2_df": 3, "chi2_threshold": 7.814727903251179, "N_raw": 44, "N_roi": 44, "N_inlier": 41, "refit": true}
{"timestamp": "15:38:22.707490", "frame": 61, "mu": [1.319285380771701, 2.047632609560324, 1.0400101675160214], "Sigma": [[0.009221154619440503, -0.008234643985628407, -0.011272304386382463], [-0.008234643985628407, 0.008605688144896135, 0.008523166151934995], [-0.011272304386382463, 0.008523166151934995, 0.030803132537229393]], "chi2_level": 0.95, "chi2_df": 3, "chi2_threshold": 7.814727903251179, "N_raw": 49, "N_roi": 49, "N_inlier": 47, "refit": true}
{"timestamp": "15:38:22.768287", "frame": 62, "mu": [1.2833230653723284, 2.0700922644661337, 1.1384518345011208], "Sigma": [[0.012628394036500559, -0.007077268905602582, -0.00900826211388139], [-0.007077268905602583, 0.008267977057214793, -0.0009599714240501144], [-0.00900826211388139, -0.0009599714240501144, 0.020124604843102946]], "chi2_level": 0.95, "chi2_df": 3, "chi2_threshold": 7.814727903251179, "N_raw": 76, "N_roi": 76, "N_inlier": 74, "refit": true}
{"timestamp": "15:38:22.819582", "frame": 63, "mu": [1.221139948096369, 2.0625564997592685, 0.8910410197089325], "Sigma": [[0.008597572456989324, -0.008396891405135318, 0.006418089193322873], [-0.008396891405135318, 0.0158180621562216, -0.025226761785409536], [0.006418089193322873, -0.025226761785409536, 0.0748581723932913]], "chi2_level": 0.95, "chi2_df": 3, "chi2_threshold": 7.814727903251179, "N_raw": 57, "N_roi": 57, "N_inlier": 56, "refit": true}
{"timestamp": "15:38:22.872564", "frame": 64, "mu": [1.2346685195096911, 1.9594965748051667, 0.8536736449568479], "Sigma": [[0.008331902089085552, -0.0049430522971491055, -0.0004169893618330654], [-0.0049430522971491055, 0.006148940866785027, -0.0016154802302515204], [-0.0004169893618330654, -0.0016154802302515208, 0.008838971122469954]], "chi2_level": 0.95, "chi2_df": 3, "chi2_threshold": 7.814727903251179, "N_raw": 46, "N_roi": 46, "N_inlier": 43, "refit": true}
{"timestamp": "15:38:22.928759", "frame": 65, "mu": [1.13087721549586, 2.043363579107872, 1.3702790630330044], "Sigma": [[0.010582896187915787, -0.004834327567760952, -0.007934615763185668], [-0.004834327567760952, 0.005557433508570076, 0.001422875778467113], [-0.007934615763185666, 0.001422875778467113, 0.009881087656795611]], "chi2_level": 0.95, "chi2_df": 3, "chi2_threshold": 7.814727903251179, "N_raw": 55, "N_roi": 54, "N_inlier": 51, "refit": true}
{"timestamp": "15:38:22.984874", "frame": 66, "mu": [1.0810163901722718, 2.038598734851671, 1.2682027985388253], "Sigma": [[0.009951907757753932, -0.005714878211542672, -0.008861766160790147], [-0.005714878211542672, 0.0048008315152716025, 0.004231479521103637], [-0.008861766160790147, 0.004231479521103637, 0.03959636950540347]], "chi2_level": 0.95, "chi2_df": 3, "chi2_threshold": 7.814727903251179, "N_raw": 59, "N_roi": 59, "N_inlier": 56, "refit": true}
{"timestamp": "15:38:23.041397", "frame": 67, "mu": [1.0567647930425554, 2.0297098155234226, 1.2637852436243129], "Sigma": [[0.01056550026745286, -0.0039014662347502415, -0.004887195234571545], [-0.0039014662347502415, 0.005825445593086185, -0.002055560935570607], [-0.004887195234571545, -0.002055560935570607, 0.018994392262745054]], "chi2_level": 0.95, "chi2_df": 3, "chi2_threshold": 7.814727903251179, "N_raw": 76, "N_roi": 76, "N_inlier": 73, "refit": true}
{"timestamp": "15:38:23.097812", "frame": 68, "mu": [1.0188600560773209, 2.0551006320952308, 1.2761878295594846], "Sigma": [[0.011849384430954115, -0.004090815116738551, 0.0019475949698994923], [-0.004090815116738551, 0.006754937653986677, -0.011024618325454753], [0.0019475949698994925, -0.011024618325454753, 0.06748608208695694]], "chi2_level": 0.95, "chi2_df": 3, "chi2_threshold": 7.814727903251179, "N_raw": 79, "N_roi": 78, "N_inlier": 75, "refit": true}
{"timestamp": "15:38:23.150359", "frame": 69, "mu": [0.9521447004560695, 2.0684213519060046, 1.3733094837702604], "Sigma": [[0.00945937272973802, -0.0032304761214326048, -0.005187560889571723], [-0.0032304761214326048, 0.0036378594416094437, -0.002145566213054755], [-0.005187560889571723, -0.002145566213054755, 0.01141014656676385]], "chi2_level": 0.95, "chi2_df": 3, "chi2_threshold": 7.814727903251179, "N_raw": 59, "N_roi": 59, "N_inlier": 55, "refit": true}
{"timestamp": "15:38:23.208092", "frame": 70, "mu": [0.9770084877224123, 2.0546391959750734, 1.379234420600236], "Sigma": [[0.012061078534017248, -0.0029856415872229025, -0.005595495600898632], [-0.002985641587222903, 0.0044673137724539624, -0.00044753034405228175], [-0.005595495600898632, -0.00044753034405228175, 0.004059021354940283]], "chi2_level": 0.95, "chi2_df": 3, "chi2_threshold": 7.814727903251179, "N_raw": 63, "N_roi": 61, "N_inlier": 57, "refit": true}
{"timestamp": "15:38:23.254511", "frame": 71, "mu": [0.8080180170544091, 2.0389150303666455, 1.0129567681218954], "Sigma": [[0.005492932859075356, 0.0007469176616782444, 0.023269001490778016], [0.0007469176616782444, 0.004692734787194984, 0.03721219054598518], [0.023269001490778016, 0.03721219054598518, 0.5724649390630037]], "chi2_level": 0.95, "chi2_df": 3, "chi2_threshold": 7.814727903251179, "N_raw": 19, "N_roi": 19, "N_inlier": 17, "refit": true}
{"timestamp": "15:38:23.313846", "frame": 72, "mu": [0.8384573635987254, 2.060478146850461, 1.3826978889944204], "Sigma": [[0.009133617705728361, -0.002571156655800182, -0.005490151127632403], [-0.0025711566558001817, 0.004249336507624507, -0.00083588632551839], [-0.005490151127632403, -0.0008358863255183899, 0.008215861108337068]], "chi2_level": 0.95, "chi2_df": 3, "chi2_threshold": 7.814727903251179, "N_raw": 60, "N_roi": 59, "N_inlier": 54, "refit": true}
{"timestamp": "15:38:23.369653", "frame": 73, "mu": [0.8154214383378238, 2.026083315790291, 1.3105345237915746], "Sigma": [[0.00814923851793887, -0.005736553545995781, -0.010301132883801354], [-0.00573655354599578, 0.008623136764876738, 0.0060789244663640215], [-0.010301132883801354, 0.0060789244663640215, 0.018109044200517878]], "chi2_level": 0.95, "chi2_df": 3, "chi2_threshold": 7.814727903251179, "N_raw": 57, "N_roi": 57, "N_inlier": 52, "refit": true}
{"timestamp": "15:38:23.426069", "frame": 74, "mu": [0.7192586002751878, 1.9935624989902956, 1.0644043275228232], "Sigma": [[0.008620160315296933, -0.005716922379232111, 0.005793049512282785], [-0.005716922379232111, 0.0054765745686535085, -0.0038426664425665648], [0.005793049512282785, -0.003842666442566564, 0.04918223120786171]], "chi2_level": 0.95, "chi2_df": 3, "chi2_threshold": 7.814727903251179, "N_raw": 71, "N_roi": 71, "N_inlier": 67, "refit": true}
{"timestamp": "15:38:23.484657", "frame": 75, "mu": [0.6710819333287297, 2.053121290631193, 1.1181796958474106], "Sigma": [[0.006875807307949826, -0.0026784352775594687, 0.007638649447402805], [-0.0026784352775594687, 0.003321831316767939, -0.008520883929871192], [0.007638649447402804, -0.00852088392987119, 0.07817618192383367]], "chi2_level": 0.95, "chi2_df": 3, "chi2_threshold": 7.814727903251179, "N_raw": 89, "N_roi": 86, "N_inlier": 84, "refit": true}
{"timestamp": "15:38:23.536134", "frame": 76, "mu": [0.6357773540757903, 2.072196464971298, 1.401618234309658], "Sigma": [[0.007438912922708921, -0.0015383478278683976, -0.0009840152481843507], [-0.0015383478278683971, 0.005529142786201967, 0.0010384784201628498], [-0.0009840152481843507, 0.0010384784201628496, 0.03117560874395613]], "chi2_level": 0.95, "chi2_df": 3, "chi2_threshold": 7.814727903251179, "N_raw": 63, "N_roi": 63, "N_inlier": 60, "refit": true}
{"timestamp": "15:38:23.593621", "frame": 77, "mu": [0.5794916656831419, 2.047708639663991, 1.199175202045963], "Sigma": [[0.008190103469967793, -0.002860443948284656, -0.0023811628943098935], [-0.0028604439482846564, 0.005771296984912268, 0.012427877647414667], [-0.0023811628943098944, 0.012427877647414667, 0.10207155862676859]], "chi2_level": 0.95, "chi2_df": 3, "chi2_threshold": 7.814727903251179, "N_raw": 86, "N_roi": 86, "N_inlier": 82, "refit": true}
{"timestamp": "15:38:23.648072", "frame": 78, "mu": [0.5486604287765489, 2.0762557331879594, 1.3469708741810065], "Sigma": [[0.007188597575015066, 0.000754794839209617, -0.0017591249028335065], [0.0007547948392096168, 0.004749087838577324, -0.006038267597916879], [-0.0017591249028335062, -0.006038267597916879, 0.02165301594762034]], "chi2_level": 0.95, "chi2_df": 3, "chi2_threshold": 7.814727903251179, "N_raw": 78, "N_roi": 78, "N_inlier": 74, "refit": true}
{"timestamp": "15:38:23.701911", "frame": 79, "mu": [0.5105503009365326, 2.0490988764732494, 1.2179645499388052], "Sigma": [[0.007385614062858775, -0.0027939187002366194, -0.007578246319074266], [-0.0027939187002366194, 0.004042693559787863, 0.011959795738973692], [-0.0075782463190742656, 0.01195979573897369, 0.08902469333266247]], "chi2_level": 0.95, "chi2_df": 3, "chi2_threshold": 7.814727903251179, "N_raw": 70, "N_roi": 70, "N_inlier": 65, "refit": true}
{"timestamp": "15:38:23.759290", "frame": 80, "mu": [0.4611638422132715, 2.2163821086433533, -0.15885074670904997], "Sigma": [[0.007742757820621037, -0.0016033203840501804, -0.00099398731516724], [-0.0016033203840501806, 0.008802977609025585, -0.016874550596171274], [-0.0009939873151672402, -0.016874550596171274, 0.05808625363688004]], "chi2_level": 0.95, "chi2_df": 3, "chi2_threshold": 7.814727903251179, "N_raw": 88, "N_roi": 85, "N_inlier": 80, "refit": true}
{"timestamp": "15:38:23.812720", "frame": 81, "mu": [0.39910811321608464, 2.057665478214177, 1.2113566424815494], "Sigma": [[0.007528558052366379, -0.0030070233587210313, -0.019540962127440234], [-0.003007023358721032, 0.005792247002087675, 0.01816150828882146], [-0.01954096212744023, 0.018161508288821456, 0.25226851447437926]], "chi2_level": 0.95, "chi2_df": 3, "chi2_threshold": 7.814727903251179, "N_raw": 80, "N_roi": 77, "N_inlier": 75, "refit": true}
{"timestamp": "15:38:23.864643", "frame": 82, "mu": [0.36954995603758073, 2.1128232006286596, 1.3848442668552114], "Sigma": [[0.006312984183581401, -0.0014951123693989542, -0.004651828852002602], [-0.001495112369398954, 0.001936138024030086, -0.002155875063448164], [-0.004651828852002602, -0.002155875063448164, 0.022017416754225236]], "chi2_level": 0.95, "chi2_df": 3, "chi2_threshold": 7.814727903251179, "N_raw": 57, "N_roi": 54, "N_inlier": 50, "refit": true}
{"timestamp": "15:38:23.922464", "frame": 83, "mu": [0.3134732443208618, 2.067812722090568, 1.1457970939093605], "Sigma": [[0.007114773490819209, -0.0011553219694002035, -0.0010300224451558469], [-0.0011553219694002035, 0.000541709069371253, -0.0014076753977250239], [-0.001030022445155847, -0.0014076753977250236, 0.04730839726303807]], "chi2_level": 0.95, "chi2_df": 3, "chi2_threshold": 7.814727903251179, "N_raw": 76, "N_roi": 76, "N_inlier": 66, "refit": true}
{"timestamp": "15:38:23.975657", "frame": 84, "mu": [0.24647219530578757, 2.0778676430360457, 1.3573158720746115], "Sigma": [[0.006590810600219535, -0.0013486295776585526, -0.002315657323264494], [-0.0013486295776585526, 0.0033931519459581326, -0.003782104115301429], [-0.002315657323264494, -0.003782104115301429, 0.007297110879594936]], "chi2_level": 0.95, "chi2_df": 3, "chi2_threshold": 7.814727903251179, "N_raw": 65, "N_roi": 62, "N_inlier": 56, "refit": true}
{"timestamp": "15:38:24.031614", "frame": 85, "mu": [0.21381532735824735, 2.06952766611278, 1.2621078954621205], "Sigma": [[0.007658999627812905, -0.0012311095349085543, 0.0031178957730894083], [-0.001231109534908554, 0.002350618559758972, -0.004436786142080518], [0.003117895773089408, -0.004436786142080519, 0.029821560563144462]], "chi2_level": 0.95, "chi2_df": 3, "chi2_threshold": 7.814727903251179, "N_raw": 74, "N_roi": 74, "N_inlier": 71, "refit": true}
{"timestamp": "15:38:24.082770", "frame": 86, "mu": [0.13238149379333697, 2.0561451140550226, 1.3226280092313771], "Sigma": [[0.0044937872915706435, -0.0008497678853292472, -0.0037155451102875874], [-0.0008497678853292472, 0.0019770496127620193, 0.010587706934736194], [-0.003715545110287587, 0.010587706934736194, 0.15451333792035524]], "chi2_level": 0.95, "chi2_df": 3, "chi2_threshold": 7.814727903251179, "N_raw": 41, "N_roi": 41, "N_inlier": 37, "refit": true}
{"timestamp": "15:38:24.141617", "frame": 87, "mu": [0.14073339876005536, 2.064062725099307, 1.2954103411479672], "Sigma": [[0.0058305324045643475, 0.00026430077130695193, -0.004881577967513219], [0.000264300771306952, 0.002180562835420142, 0.0031749570917312337], [-0.004881577967513219, 0.0031749570917312337, 0.0773766169354897]], "chi2_level": 0.95, "chi2_df": 3, "chi2_threshold": 7.814727903251179, "N_raw": 62, "N_roi": 62, "N_inlier": 58, "refit": true}
{"timestamp": "15:38:24.196228", "frame": 88, "mu": [0.07132431606190921, 2.026512923257226, 1.3871564468265634], "Sigma": [[0.007108912777560408, -0.0006427140504074899, -0.0028687791967081763], [-0.00064271405040749, 0.004584833131302236, -0.0014273342562719355], [-0.0028687791967081763, -0.0014273342562719357, 0.0026190846427774192]], "chi2_level": 0.95, "chi2_df": 3, "chi2_threshold": 7.814727903251179, "N_raw": 62, "N_roi": 62, "N_inlier": 57, "refit": true}
{"timestamp": "15:38:24.249582", "frame": 89, "mu": [0.047906738449443396, 2.0034338486979544, 1.32478280844393], "Sigma": [[0.006526313740344421, 0.0009126834238646307, -0.0020735615605169825], [0.000912683423864631, 0.0030071547182834125, -0.0018633218335758804], [-0.002073561560516983, -0.0018633218335758804, 0.008522761050990788]], "chi2_level": 0.95, "chi2_df": 3, "chi2_threshold": 7.814727903251179, "N_raw": 59, "N_roi": 55, "N_inlier": 51, "refit": true}
{"timestamp": "15:38:24.298484", "frame": 90, "mu": [-0.010590060551482759, 2.1248362907018583, 1.4303636990582878], "Sigma": [[0.0016698700519415732, 0.0002484546134593898, -0.0010719935348644837], [0.0002484546134593898, 0.001763688243394406, -0.0005973777488184148], [-0.0010719935348644837, -0.0005973777488184147, 0.0031881958545609225]], "chi2_level": 0.95, "chi2_df": 3, "chi2_threshold": 7.814727903251179, "N_raw": 16, "N_roi": 13, "N_inlier": 10, "refit": true}
{"timestamp": "15:38:24.352074", "frame": 91, "mu": [-0.0533109662228563, 2.1094400100860775, -0.1986318986869074], "Sigma": [[0.0013699270066086162, 0.0008298795953754694, -0.006896419068255425], [0.0008298795953754694, 0.0029745282808841017, -0.011780306832891205], [-0.0068964190682554265, -0.011780306832891205, 0.08433444590819611]], "chi2_level": 0.95, "chi2_df": 3, "chi2_threshold": 7.814727903251179, "N_raw": 11, "N_roi": 11, "N_inlier": 11, "refit": true}
{"timestamp": "15:38:24.408552", "frame": 92, "mu": [-0.2856763871513608, 2.0734720396535975, -0.09874274614420911], "Sigma": [[0.006444502041387718, -0.0025968784647426584, 0.0036978041314488013], [-0.0025968784647426584, 0.002314917954265604, -0.004523558113832562], [0.0036978041314487987, -0.004523558113832562, 0.03377497640395372]], "chi2_level": 0.95, "chi2_df": 3, "chi2_threshold": 7.814727903251179, "N_raw": 21, "N_roi": 21, "N_inlier": 19, "refit": true}
{"timestamp": "15:38:24.465640", "frame": 93, "mu": [-0.12918003046786436, 1.9795830497092484, 1.1969940165314243], "Sigma": [[0.011574803301905535, -0.0006695011725569168, 0.046109465767894126], [-0.0006695011725569166, 0.003059157482690391, -0.00014901994729606214], [0.046109465767894126, -0.00014901994729606257, 0.25427413665654036]], "chi2_level": 0.95, "chi2_df": 3, "chi2_threshold": 7.814727903251179, "N_raw": 27, "N_roi": 27, "N_inlier": 26, "refit": true}
{"timestamp": "15:38:24.520343", "frame": 94, "mu": [-0.18327077627785912, 2.0579677518925283, 1.3209042090217507], "Sigma": [[0.004840465409064937, 0.00034950635021530464, -0.002766275328761927], [0.00034950635021530464, 0.0005008514398734935, -0.0007693988052392835], [-0.002766275328761927, -0.0007693988052392836, 0.01962537609364796]], "chi2_level": 0.95, "chi2_df": 3, "chi2_threshold": 7.814727903251179, "N_raw": 29, "N_roi": 29, "N_inlier": 26, "refit": true}
{"timestamp": "15:38:24.577906", "frame": 95, "mu": [-0.30708767599685577, 2.048040097624565, 1.4665654173116083], "Sigma": [[0.0067781701009700076, -0.00023748678402426605, -0.0066474553487954465], [-0.00023748678402426605, 0.0030730471252088847, 0.010925758539910822], [-0.006647455348795447, 0.010925758539910822, 0.12803482450550951]], "chi2_level": 0.95, "chi2_df": 3, "chi2_threshold": 7.814727903251179, "N_raw": 43, "N_roi": 39, "N_inlier": 35, "refit": true}
{"timestamp": "15:38:24.638732", "frame": 96, "mu": [-0.2928846467118074, 2.0813414153759244, 1.3118490390807023], "Sigma": [[0.010863279382335783, -0.0017924315603865867, -0.019783695622917256], [-0.0017924315603865867, 0.0037401976733514503, 0.0018916895367714266], [-0.019783695622917256, 0.001891689536771427, 0.09567151378055186]], "chi2_level": 0.95, "chi2_df": 3, "chi2_threshold": 7.814727903251179, "N_raw": 86, "N_roi": 85, "N_inlier": 83, "refit": true}
{"timestamp": "15:38:24.691049", "frame": 97, "mu": [-0.33930539557964384, 2.0317375662610653, 1.3297560522740175], "Sigma": [[0.008216138843158175, 0.00016529096896933813, -0.0032701259855511186], [0.00016529096896933813, 0.004276264438937891, 0.00859775088443752], [-0.0032701259855511186, 0.008597750884437521, 0.06599814945655907]], "chi2_level": 0.95, "chi2_df": 3, "chi2_threshold": 7.814727903251179, "N_raw": 62, "N_roi": 60, "N_inlier": 55, "refit": true}
{"timestamp": "15:38:24.748612", "frame": 98, "mu": [-0.37544627236962985, 2.0713360301997072, 1.3161794680469403], "Sigma": [[0.008643341255996915, -0.0002772080899098242, -0.012786149900070827], [-0.0002772080899098242, 0.003276425977116988, -0.002821614923297272], [-0.012786149900070827, -0.002821614923297272, 0.05770405127642907]], "chi2_level": 0.95, "chi2_df": 3, "chi2_threshold": 7.814727903251179, "N_raw": 82, "N_roi": 82, "N_inlier": 77, "refit": true}
{"timestamp": "15:38:24.804713", "frame": 99, "mu": [-0.41693553363750063, 2.060021889428192, 1.2906110389125582], "Sigma": [[0.009428445241274985, 0.0012222667446174546, -0.006710572753584819], [0.0012222667446174546, 0.004408600319231092, -0.007202630665833566], [-0.006710572753584819, -0.007202630665833566, 0.02177656330733419]], "chi2_level": 0.95, "chi2_df": 3, "chi2_threshold": 7.814727903251179, "N_raw": 92, "N_roi": 89, "N_inlier": 83, "refit": true}
{"timestamp": "15:38:24.942847", "frame": 100, "mu": [-0.44217984132581084, 2.0705649466072287, 1.3070281833225867], "Sigma": [[0.008831752069087609, 0.0011469227885182425, -0.009492010281906113], [0.001146922788518243, 0.00535411574308648, -0.005446300645129087], [-0.009492010281906113, -0.005446300645129087, 0.030505990813965714]], "chi2_level": 0.95, "chi2_df": 3, "chi2_threshold": 7.814727903251179, "N_raw": 92, "N_roi": 88, "N_inlier": 84, "refit": true}
{"timestamp": "15:38:24.971436", "frame": 101, "mu": [-0.48813008615891074, 2.063723473507335, 1.3721539450209037], "Sigma": [[0.00679538708793924, 0.0006275782361143559, -0.003369856004292304], [0.0006275782361143559, 0.005965137907954945, -0.0033807942165797814], [-0.003369856004292304, -0.0033807942165797814, 0.004633342420674348]], "chi2_level": 0.95, "chi2_df": 3, "chi2_threshold": 7.814727903251179, "N_raw": 70, "N_roi": 70, "N_inlier": 64, "refit": true}
{"timestamp": "15:38:25.009874", "frame": 102, "mu": [-0.5240901052342604, 2.0493975663417627, 1.3515974600082339], "Sigma": [[0.006381941771657749, 0.0006329876722704919, -0.0032625109920601516], [0.0006329876722704918, 0.002750487775440032, -0.0016892699560949334], [-0.0032625109920601516, -0.0016892699560949334, 0.0031612390057242567]], "chi2_level": 0.95, "chi2_df": 3, "chi2_threshold": 7.814727903251179, "N_raw": 46, "N_roi": 46, "N_inlier": 41, "refit": true}
{"timestamp": "15:38:25.042071", "frame": 103, "mu": [-0.584708294753548, 2.096421489810804, -0.5010062143728318], "Sigma": [[0.006931292593084567, 0.00365323702824092, 0.015468226301698713], [0.0036532370282409197, 0.012055305526915347, 0.008279991048566353], [0.015468226301698713, 0.008279991048566353, 0.0676438526481038]], "chi2_level": 0.95, "chi2_df": 3, "chi2_threshold": 7.814727903251179, "N_raw": 75, "N_roi": 75, "N_inlier": 72, "refit": true}
{"timestamp": "15:38:25.077225", "frame": 104, "mu": [-0.6354166842434569, 2.011259362267283, 1.0553962851620384], "Sigma": [[0.008373799548954165, 0.0016418484454555071, 0.010995603945139194], [0.0016418484454555071, 0.006371204066785132, 0.024243394471788193], [0.010995603945139194, 0.024243394471788193, 0.2497592233067835]], "chi2_level": 0.95, "chi2_df": 3, "chi2_threshold": 7.814727903251179, "N_raw": 81, "N_roi": 81, "N_inlier": 80, "refit": true}
{"timestamp": "15:38:25.128519", "frame": 105, "mu": [-0.7007117625053535, 2.013652816910163, 1.2476868980412326], "Sigma": [[0.006787304065527656, -0.00022693408271337866, 0.00443991882791527], [-0.0002269340827133787, 0.002630453383155638, 0.003348765701498685], [0.00443991882791527, 0.003348765701498685, 0.1082825108212544]], "chi2_level": 0.95, "chi2_df": 3, "chi2_threshold": 7.814727903251179, "N_raw": 53, "N_roi": 53, "N_inlier": 49, "refit": true}
{"timestamp": "15:38:25.182413", "frame": 106, "mu": [-0.7340603695204806, 2.0498034526079443, 0.894394388605211], "Sigma": [[0.006558826988922772, 0.00029048384385067143, -0.0022726920370128353], [0.00029048384385067143, 0.0006978440859625615, -0.0004616443415723743], [-0.0022726920370128353, -0.0004616443415723743, 0.015574091309949278]], "chi2_level": 0.95, "chi2_df": 3, "chi2_threshold": 7.814727903251179, "N_raw": 41, "N_roi": 39, "N_inlier": 35, "refit": true}
{"timestamp": "15:38:25.234624", "frame": 107, "mu": [-0.8132100069464647, 2.0320738597131975, 0.8859961971348226], "Sigma": [[0.003744239929606155, -0.00029393454667046447, 0.01711255153958362], [-0.00029393454667046447, 0.005351115632582134, 0.023244904958018432], [0.01711255153958362, 0.023244904958018436, 0.31031679851655547]], "chi2_level": 0.95, "chi2_df": 3, "chi2_threshold": 7.814727903251179, "N_raw": 16, "N_roi": 14, "N_inlier": 13, "refit": true}
{"timestamp": "15:38:25.296008", "frame": 108, "mu": [-0.8460437622291213, 2.1454325417582245, -0.18608843184942656], "Sigma": [[0.009155091286298747, -9.211901605064144e-06, -0.0027941231061859697], [-9.211901605064252e-06, 0.004302616296703465, -0.009901434378053233], [-0.0027941231061859697, -0.009901434378053235, 0.03668600530468636]], "chi2_level": 0.95, "chi2_df": 3, "chi2_threshold": 7.814727903251179, "N_raw": 68, "N_roi": 64, "N_inlier": 60, "refit": true}
{"timestamp": "15:38:25.351655", "frame": 109, "mu": [-0.8155986766580867, 1.9935992247153134, 1.2625229149083632], "Sigma": [[0.00857622057981451, 0.001129990150473477, -0.006659341509611774], [0.001129990150473477, 0.00439035873023345, -0.005245009786360023], [-0.006659341509611774, -0.005245009786360024, 0.016995022277328135]], "chi2_level": 0.95, "chi2_df": 3, "chi2_threshold": 7.814727903251179, "N_raw": 73, "N_roi": 73, "N_inlier": 66, "refit": true}
{"timestamp": "15:38:25.407322", "frame": 110, "mu": [-0.8805247534625824, 1.9997161833376396, 1.2995117948352422], "Sigma": [[0.008478654057377364, 0.0006429562983046514, -0.003614786850724793], [0.0006429562983046514, 0.0058478705943563235, -0.005310453219445673], [-0.0036147868507247927, -0.005310453219445673, 0.008659089528432149]], "chi2_level": 0.95, "chi2_df": 3, "chi2_threshold": 7.814727903251179, "N_raw": 77, "N_roi": 74, "N_inlier": 71, "refit": true}
{"timestamp": "15:38:25.507502", "frame": 112, "mu": [-0.958787804893716, 1.9804580751503815, 1.1450824546605007], "Sigma": [[0.01274611309358798, 0.004458332468660203, -0.04864488857881529], [0.004458332468660203, 0.002423336688822967, -0.02312762869591942], [-0.048644888578815285, -0.02312762869591942, 0.25741659428496033]], "chi2_level": 0.95, "chi2_df": 3, "chi2_threshold": 7.814727903251179, "N_raw": 17, "N_roi": 15, "N_inlier": 15, "refit": true}
{"timestamp": "15:38:25.570922", "frame": 113, "mu": [-1.1003965767900894, 1.9738851027088022, 1.3322536928610866], "Sigma": [[0.007057256318821326, 0.0012117626686261036, -0.006976309028018287], [0.0012117626686261036, 0.0010751885608458196, -0.0026339804836923685], [-0.006976309028018288, -0.002633980483692368, 0.049794952251414226]], "chi2_level": 0.95, "chi2_df": 3, "chi2_threshold": 7.814727903251179, "N_raw": 54, "N_roi": 54, "N_inlier": 49, "refit": true}
{"timestamp": "15:38:25.624412", "frame": 114, "mu": [-1.111972374793142, 1.9556382412494573, 1.4913350563326375], "Sigma": [[0.008936252928266974, 0.0007643057818977839, -0.009102452526235115], [0.0007643057818977839, 0.004758100344916863, -0.004316707662689739], [-0.009102452526235115, -0.004316707662689739, 0.013434030050002136]], "chi2_level": 0.95, "chi2_df": 3, "chi2_threshold": 7.814727903251179, "N_raw": 60, "N_roi": 60, "N_inlier": 56, "refit": true}
{"timestamp": "15:38:25.678574", "frame": 115, "mu": [-1.143537008060306, 1.9554195661461806, 1.2998602696941322], "Sigma": [[0.004927063050306057, 0.000662112428044811, -0.003676836243559551], [0.0006621124280448107, 0.0014035649961877084, -0.0011465617342191615], [-0.003676836243559551, -0.0011465617342191617, 0.0458935382015729]], "chi2_level": 0.95, "chi2_df": 3, "chi2_threshold": 7.814727903251179, "N_raw": 47, "N_roi": 45, "N_inlier": 40, "refit": true}
{"timestamp": "15:38:25.735398", "frame": 116, "mu": [-1.1691139374402528, 1.938821306123835, 1.4206077623344449], "Sigma": [[0.007697688112149542, 0.0013188336548044725, -0.011432279488822337], [0.0013188336548044725, 0.006038904069512198, -0.007365181343650522], [-0.011432279488822337, -0.007365181343650522, 0.043155802326167815]], "chi2_level": 0.95, "chi2_df": 3, "chi2_threshold": 7.814727903251179, "N_raw": 64, "N_roi": 64, "N_inlier": 61, "refit": true}
{"timestamp": "15:38:25.789760", "frame": 117, "mu": [-1.2952805443094686, 1.9301468091870049, 1.5427863625917033], "Sigma": [[0.010699406515088465, 0.0031912129696426835, -0.004932893710763777], [0.0031912129696426835, 0.00536896628535215, -0.005208725464909859], [-0.004932893710763777, -0.005208725464909858, 0.005970760250576948]], "chi2_level": 0.95, "chi2_df": 3, "chi2_threshold": 7.814727903251179, "N_raw": 59, "N_roi": 59, "N_inlier": 57, "refit": true}
{"timestamp": "15:38:25.846528", "frame": 118, "mu": [-1.2982124622995126, 1.9344457269996986, 1.4317599258603113], "Sigma": [[0.009048480930051785, 0.0028407794996511138, -0.005108208288135593], [0.0028407794996511138, 0.005033072322820498, -0.00881306663810778], [-0.005108208288135593, -0.00881306663810778, 0.027483262164367604]], "chi2_level": 0.95, "chi2_df": 3, "chi2_threshold": 7.814727903251179, "N_raw": 72, "N_roi": 70, "N_inlier": 65, "refit": true}
{"timestamp": "15:38:25.956492", "frame": 120, "mu": [-1.3954243268517843, 1.9132886061552516, 1.3542687857198743], "Sigma": [[0.010091172818484194, 0.003267152388938579, -0.003410413946276548], [0.0032671523889385786, 0.004430008822962623, -0.005714704136464701], [-0.003410413946276548, -0.0057147041364647, 0.04521573864837983]], "chi2_level": 0.95, "chi2_df": 3, "chi2_threshold": 7.814727903251179, "N_raw": 72, "N_roi": 72, "N_inlier": 70, "refit": true}
{"timestamp": "15:38:26.012480", "frame": 121, "mu": [-1.4700498652506653, 1.9052353229689059, 1.452525140482121], "Sigma": [[0.010012795039975998, 0.002575581823578356, -0.0062713599625182255], [0.002575581823578356, 0.004994046185875336, -0.007856563071128739], [-0.0062713599625182255, -0.007856563071128739, 0.0315440976476018]], "chi2_level": 0.95, "chi2_df": 3, "chi2_threshold": 7.814727903251179, "N_raw": 71, "N_roi": 71, "N_inlier": 65, "refit": true}
{"timestamp": "15:38:26.060411", "frame": 122, "mu": [-1.5072513068915687, 1.8627840456616165, 1.5757591208237498], "Sigma": [[0.008073098436328975, 0.0036444095588630716, -0.005710729600246059], [0.0036444095588630716, 0.004200053854230851, -0.0028001134007327923], [-0.005710729600246059, -0.0028001134007327923, 0.015930672116940416]], "chi2_level": 0.95, "chi2_df": 3, "chi2_threshold": 7.814727903251179, "N_raw": 32, "N_roi": 32, "N_inlier": 28, "refit": true}
{"timestamp": "15:38:26.118411", "frame": 123, "mu": [-1.529659692752612, 1.9210454955272205, 1.5126547547500493], "Sigma": [[0.006902157230483854, 0.00423342337510314, -0.0072515805144753795], [0.00423342337510314, 0.00850234850883082, -0.010248380874020836], [-0.007251580514475381, -0.010248380874020836, 0.01682538086556512]], "chi2_level": 0.95, "chi2_df": 3, "chi2_threshold": 7.814727903251179, "N_raw": 49, "N_roi": 49, "N_inlier": 45, "refit": true}
{"timestamp": "15:38:26.175530", "frame": 124, "mu": [-1.5951577423939054, 1.8453001410071879, 1.5532467241580923], "Sigma": [[0.008136721119308223, 0.0013364486738703149, -0.009748038946352072], [0.0013364486738703146, 0.0074726562398928125, -0.0004681516934688843], [-0.009748038946352072, -0.0004681516934688841, 0.020850912838410052]], "chi2_level": 0.95, "chi2_df": 3, "chi2_threshold": 7.814727903251179, "N_raw": 50, "N_roi": 50, "N_inlier": 40, "refit": true}
{"timestamp": "15:38:26.228411", "frame": 125, "mu": [-1.659552010004784, 1.8123183186845546, 1.44791591598235], "Sigma": [[0.019869549948755047, 0.018579483434651073, -0.018766204446891165], [0.018579483434651073, 0.02375977279993345, -0.02055889392948923], [-0.018766204446891168, -0.02055889392948923, 0.029850466033895906]], "chi2_level": 0.95, "chi2_df": 3, "chi2_threshold": 7.814727903251179, "N_raw": 52, "N_roi": 52, "N_inlier": 48, "refit": true}
{"timestamp": "15:38:26.278411", "frame": 126, "mu": [-1.571618668747185, 1.962945572238544, 1.1611794896933578], "Sigma": [[0.0024530949071811165, 0.001148916254228542, 0.0013966319968821968], [0.001148916254228542, 0.0031170693814241645, 0.012202380820870204], [0.0013966319968821972, 0.012202380820870204, 0.14665463784251645]], "chi2_level": 0.95, "chi2_df": 3, "chi2_threshold": 7.814727903251179, "N_raw": 18, "N_roi": 18, "N_inlier": 17, "refit": true}
