{"timestamp": "15:09:37.574442", "frame": 6, "mu": [1.410656185620372, 1.1491022731371938, 0.7779008032609569], "Sigma": [[0.003859491402101362, -0.0023319217751527318, 0.00085930722254198], [-0.0023319217751527318, 0.004451924295943247, -0.0009637049719154512], [0.00085930722254198, -0.0009637049719154513, 0.0022083743197414737]], "chi2_level": 0.95, "chi2_df": 3, "chi2_threshold": 7.814727903251179, "N_raw": 25, "N_roi": 25, "N_inlier": 23, "refit": true}
{"timestamp": "15:09:37.633351", "frame": 7, "mu": [1.3978403218613358, 1.5091182300061197, -0.7524465634632802], "Sigma": [[0.005241981600812431, -0.0032572289054925724, -0.003767770486702659], [-0.0032572289054925724, 0.007849841376783328, 0.002156643232998901], [-0.003767770486702659, 0.0021566432329989016, 0.004040388841211992]], "chi2_level": 0.95, "chi2_df": 3, "chi2_threshold": 7.814727903251179, "N_raw": 35, "N_roi": 35, "N_inlier": 34, "refit": true}
{"timestamp": "15:09:37.742412", "frame": 9, "mu": [1.3685441695481173, 1.6016971237252735, -0.3727375815013559], "Sigma": [[0.006729605227842568, -0.003158245218141633, -0.002588006476863817], [-0.003158245218141633, 0.0038346424352151227, -0.0011836033929636866], [-0.002588006476863817, -0.0011836033929636864, 0.005476729932443382]], "chi2_level": 0.95, "chi2_df": 3, "chi2_threshold": 7.814727903251179, "N_raw": 37, "N_roi": 37, "N_inlier": 35, "refit": true}
{"timestamp": "15:09:37.799242", "frame": 10, "mu": [1.3866813199941126, 1.5526296285450443, -0.5730349811593418], "Sigma": [[0.005675031040264101, -0.002232597535822726, -0.009089676594365265], [-0.002232597535822726, 0.0037295409724977854, 0.0030051753122714692], [-0.009089676594365265, 0.003005175312271469, 0.06928391602559766]], "chi2_level": 0.95, "chi2_df": 3, "chi2_threshold": 7.814727903251179, "N_raw": 42, "N_roi": 42, "N_inlier": 41, "refit": true}
{"timestamp": "15:09:37.852020", "frame": 11, "mu": [1.342644979984497, 1.5130851654680901, 1.384123814665016], "Sigma": [[0.004645357668795857, -0.002579995591223669, -0.003791187267459098], [-0.002579995591223669, 0.003155492285436941, 0.0004142197444133867], [-0.0037911872674590975, 0.0004142197444133868, 0.011546709120932492]], "chi2_level": 0.95, "chi2_df": 3, "chi2_threshold": 7.814727903251179, "N_raw": 27, "N_roi": 27, "N_inlier": 24, "refit": true}
{"timestamp": "15:09:37.904300", "frame": 12, "mu": [1.3486727542054484, 1.4438037818524192, 1.2453742849692016], "Sigma": [[0.006719042417601083, -0.003445085859474532, -0.015304164626541373], [-0.003445085859474532, 0.001997274898117512, 0.00703267917877257], [-0.015304164626541373, 0.0070326791787725705, 0.050782695594292784]], "chi2_level": 0.95, "chi2_df": 3, "chi2_threshold": 7.814727903251179, "N_raw": 13, "N_roi": 13, "N_inlier": 12, "refit": true}
{"timestamp": "15:09:37.963776", "frame": 13, "mu": [1.2559428432855357, 1.5258817975210648, 1.3064626937170107], "Sigma": [[0.008530147091384612, -0.004685976970604041, -0.003107371133132053], [-0.004685976970604041, 0.006181299585715185, 0.0001837694041382905], [-0.0031073711331320534, 0.00018376940413829067, 0.0027294658810109403]], "chi2_level": 0.95, "chi2_df": 3, "chi2_threshold": 7.814727903251179, "N_raw": 47, "N_roi": 47, "N_inlier": 45, "refit": true}
{"timestamp": "15:09:38.021973", "frame": 14, "mu": [1.3014130957159529, 1.472970001138635, 1.2476394703703206], "Sigma": [[0.0117512346877736, -0.006358827251644319, -0.010620850229554436], [-0.006358827251644319, 0.005485422544484181, 0.0023166111308594163], [-0.010620850229554436, 0.0023166111308594163, 0.018831227649052838]], "chi2_level": 0.95, "chi2_df": 3, "chi2_threshold": 7.814727903251179, "N_raw": 63, "N_roi": 63, "N_inlier": 61, "refit": true}
{"timestamp": "15:09:38.071917", "frame": 15, "mu": [1.3149220473340564, 1.4484488997679643, 1.1360959608745798], "Sigma": [[0.0034797871592975533, -0.0022377473426813707, -0.0028405804038819614], [-0.0022377473426813707, 0.004951240099450902, -0.0002234051873649718], [-0.0028405804038819614, -0.00022340518736497188, 0.006124392139154389]], "chi2_level": 0.95, "chi2_df": 3, "chi2_threshold": 7.814727903251179, "N_raw": 27, "N_roi": 27, "N_inlier": 25, "refit": true}
{"timestamp": "15:09:38.127485", "frame": 16, "mu": [1.2309546987263627, 1.5311114594389534, 1.407229642311435], "Sigma": [[0.00645916360000313, -0.0022124893726373036, -0.004580427272972496], [-0.0022124893726373036, 0.0032575234062623758, -0.0005915550516891717], [-0.004580427272972496, -0.0005915550516891717, 0.006193423569561026]], "chi2_level": 0.95, "chi2_df": 3, "chi2_threshold": 7.814727903251179, "N_raw": 37, "N_roi": 37, "N_inlier": 35, "refit": true}
{"timestamp": "15:09:38.184636", "frame": 17, "mu": [1.2229485503577713, 1.6707934293783557, -0.2566328359189349], "Sigma": [[0.008064790258076797, -0.00048640903406659377, -0.010525652797916587], [-0.0004864090340665937, 0.004922586880130018, -0.0033974110748798084], [-0.010525652797916587, -0.0033974110748798084, 0.01934911837950065]], "chi2_level": 0.95, "chi2_df": 3, "chi2_threshold": 7.814727903251179, "N_raw": 53, "N_roi": 53, "N_inlier": 52, "refit": true}
{"timestamp": "15:09:38.292077", "frame": 19, "mu": [1.2890641841249826, 1.5512085924703864, 0.9589729073983195], "Sigma": [[0.006424527108592721, -0.003179063973441862, -0.007042740396478592], [-0.003179063973441862, 0.002939465994920409, 0.0014051206744122393], [-0.007042740396478593, 0.0014051206744122393, 0.013204262169161986]], "chi2_level": 0.95, "chi2_df": 3, "chi2_threshold": 7.814727903251179, "N_raw": 27, "N_roi": 27, "N_inlier": 24, "refit": true}
{"timestamp": "15:09:38.346570", "frame": 20, "mu": [1.2774159330037145, 1.4837353537643707, 1.2233006709827956], "Sigma": [[0.006798160969603107, -0.003763973594694748, -0.0027119746830185872], [-0.0037639735946947478, 0.003954520655630507, -0.00014676739147107226], [-0.002711974683018587, -0.00014676739147107226, 0.00781786039509965]], "chi2_level": 0.95, "chi2_df": 3, "chi2_threshold": 7.814727903251179, "N_raw": 30, "N_roi": 30, "N_inlier": 27, "refit": true}
{"timestamp": "15:09:38.405618", "frame": 21, "mu": [1.2675203020873465, 1.4244019458122161, 1.0408361148895575], "Sigma": [[0.004974165998288684, -0.0032693028607032977, -0.0034314485469089605], [-0.0032693028607032977, 0.0030042678753979596, -0.00042412986858114405], [-0.00343144854690896, -0.00042412986858114405, 0.027530737886056793]], "chi2_level": 0.95, "chi2_df": 3, "chi2_threshold": 7.814727903251179, "N_raw": 58, "N_roi": 58, "N_inlier": 55, "refit": true}
{"timestamp": "15:09:38.459634", "frame": 22, "mu": [1.1694792580764437, 1.4542843381796537, 1.218816927183681], "Sigma": [[0.00866819326043635, -0.0037115457649232082, -0.014618446024031128], [-0.003711545764923209, 0.004011657879261629, 0.003480212709132921], [-0.014618446024031128, 0.0034802127091329207, 0.03599952684877633]], "chi2_level": 0.95, "chi2_df": 3, "chi2_threshold": 7.814727903251179, "N_raw": 52, "N_roi": 52, "N_inlier": 51, "refit": true}
{"timestamp": "15:09:38.514097", "frame": 23, "mu": [1.201379867366937, 1.460619179479881, 1.0656386203243153], "Sigma": [[0.004649596510768138, -0.0031199881679309462, -0.0030199079220822192], [-0.0031199881679309462, 0.0034302584951406037, -0.0011734918908736063], [-0.00301990792208222, -0.0011734918908736063, 0.01864159132817771]], "chi2_level": 0.95, "chi2_df": 3, "chi2_threshold": 7.814727903251179, "N_raw": 43, "N_roi": 43, "N_inlier": 42, "refit": true}
{"timestamp": "15:09:38.569499", "frame": 24, "mu": [1.2655768371524099, 1.561970847351765, -0.6015590573234476], "Sigma": [[0.004649789301903081, 0.0003207795810947157, -0.009392382053917072], [0.0003207795810947157, 0.004966097416499604, -0.012017900908123815], [-0.009392382053917072, -0.012017900908123815, 0.05084293635250343]], "chi2_level": 0.95, "chi2_df": 3, "chi2_threshold": 7.814727903251179, "N_raw": 43, "N_roi": 43, "N_inlier": 40, "refit": true}
{"timestamp": "15:09:38.619599", "frame": 25, "mu": [1.1779974817840466, 1.3616357044808842, 1.176378867043126], "Sigma": [[0.010325700041128786, -0.004018840474014785, -0.014437664853475507], [-0.004018840474014785, 0.003006273986618576, 0.0054041280741198424], [-0.014437664853475508, 0.0054041280741198424, 0.024336679020946314]], "chi2_level": 0.95, "chi2_df": 3, "chi2_threshold": 7.814727903251179, "N_raw": 14, "N_roi": 14, "N_inlier": 14, "refit": true}
{"timestamp": "15:09:38.679733", "frame": 26, "mu": [1.059466467658578, 1.3916634939815016, 1.3266784550078359], "Sigma": [[0.008099834102142489, -0.0023894094367436828, -0.01137290972820806], [-0.0023894094367436828, 0.002810403727310448, 0.0016481563183559393], [-0.01137290972820806, 0.0016481563183559395, 0.02134303188479981]], "chi2_level": 0.95, "chi2_df": 3, "chi2_threshold": 7.814727903251179, "N_raw": 48, "N_roi": 48, "N_inlier": 46, "refit": true}
{"timestamp": "15:09:38.734652", "frame": 27, "mu": [1.113142897543626, 1.3586781096149303, 1.2125966585394505], "Sigma": [[0.006803159895299142, -0.00305629120591348, -0.007646563001524662], [-0.00305629120591348, 0.005367653980962174, 0.002071362785048517], [-0.007646563001524663, 0.002071362785048517, 0.014864394662616468]], "chi2_level": 0.95, "chi2_df": 3, "chi2_threshold": 7.814727903251179, "N_raw": 47, "N_roi": 47, "N_inlier": 46, "refit": true}
{"timestamp": "15:09:38.792683", "frame": 28, "mu": [1.1059627692583613, 1.300672578679305, 1.0830198606843513], "Sigma": [[0.014006243048185095, -0.009318324929954165, -0.02204924430694921], [-0.009318324929954165, 0.008623987277266801, 0.012990845799286789], [-0.02204924430694921, 0.012990845799286789, 0.04296959428773714]], "chi2_level": 0.95, "chi2_df": 3, "chi2_threshold": 7.814727903251179, "N_raw": 72, "N_roi": 72, "N_inlier": 71, "refit": true}
{"timestamp": "15:09:38.843905", "frame": 29, "mu": [1.0630120336712938, 1.2753737418912587, 1.1464376347957483], "Sigma": [[0.005210642385850838, -0.0020826139103925305, -0.001876946048897854], [-0.0020826139103925305, 0.005400191636837348, -0.00011674386264118037], [-0.001876946048897854, -0.00011674386264118043, 0.003302318715508542]], "chi2_level": 0.95, "chi2_df": 3, "chi2_threshold": 7.814727903251179, "N_raw": 46, "N_roi": 46, "N_inlier": 44, "refit": true}
{"timestamp": "15:09:38.898370", "frame": 30, "mu": [0.9934584019380237, 1.2882612169770364, 1.1461408473767696], "Sigma": [[0.0074757017693364534, -0.001308835738766103, -0.010215161790822885], [-0.001308835738766103, 0.0032649826404903583, -0.001927792933316531], [-0.010215161790822885, -0.0019277929333165308, 0.03675141325026557]], "chi2_level": 0.95, "chi2_df": 3, "chi2_threshold": 7.814727903251179, "N_raw": 35, "N_roi": 35, "N_inlier": 34, "refit": true}
{"timestamp": "15:09:38.953954", "frame": 31, "mu": [1.015504542452504, 1.1807717669954767, 1.2745088086068515], "Sigma": [[0.017315470430054186, -0.01022568786124168, -0.023463683395879197], [-0.01022568786124168, 0.009206758161375334, 0.012545133558903134], [-0.023463683395879197, 0.012545133558903134, 0.03793983595172137]], "chi2_level": 0.95, "chi2_df": 3, "chi2_threshold": 7.814727903251179, "N_raw": 46, "N_roi": 46, "N_inlier": 46, "refit": true}
{"timestamp": "15:09:39.009709", "frame": 32, "mu": [0.9175792568996934, 1.2310852986618623, 1.2944520944012021], "Sigma": [[0.006727113175550808, -0.0028813679629284684, -0.013182175082451453], [-0.0028813679629284684, 0.0026486696110569565, 0.0038784573404593028], [-0.013182175082451453, 0.0038784573404593023, 0.04495418488325358]], "chi2_level": 0.95, "chi2_df": 3, "chi2_threshold": 7.814727903251179, "N_raw": 49, "N_roi": 49, "N_inlier": 47, "refit": true}
{"timestamp": "15:09:39.071839", "frame": 33, "mu": [0.9736551931736595, 1.1751867380268803, 1.084121613982437], "Sigma": [[0.006373678840980096, -0.0027504842337593184, -0.012572667464783376], [-0.0027504842337593184, 0.002837332499790523, -0.0002797432156302021], [-0.012572667464783378, -0.0002797432156302017, 0.07096921249259586]], "chi2_level": 0.95, "chi2_df": 3, "chi2_threshold": 7.814727903251179, "N_raw": 94, "N_roi": 94, "N_inlier": 91, "refit": true}
{"timestamp": "15:09:39.125455", "frame": 34, "mu": [0.9207999385592983, 1.1465024544684284, 1.2012844323507172], "Sigma": [[0.010163004764124321, -0.0050802355706122335, -0.01852751924887984], [-0.0050802355706122335, 0.004160406609716017, 0.009677366256904699], [-0.01852751924887984, 0.009677366256904699, 0.06249559400947079]], "chi2_level": 0.95, "chi2_df": 3, "chi2_threshold": 7.814727903251179, "N_raw": 81, "N_roi": 81, "N_inlier": 77, "refit": true}
{"timestamp": "15:09:39.174327", "frame": 35, "mu": [0.9403640073454205, 1.0819766779810491, 0.8284271468307504], "Sigma": [[0.008657920769653334, -0.006627652242580024, -0.027750204863509084], [-0.006627652242580024, 0.010467630135580776, 0.032928625100669434], [-0.027750204863509084, 0.032928625100669434, 0.28014525428574455]], "chi2_level": 0.95, "chi2_df": 3, "chi2_threshold": 7.814727903251179, "N_raw": 17, "N_roi": 17, "N_inlier": 16, "refit": true}
{"timestamp": "15:09:39.227971", "frame": 36, "mu": [0.797744374679483, 1.1636089633932545, 1.244057894577307], "Sigma": [[0.0030477562917840062, -0.00023231624247374794, -0.008574683272901324], [-0.000232316242473748, 0.0024958418446546222, -0.009377901684258796], [-0.008574683272901324, -0.009377901684258796, 0.13502020255156652]], "chi2_level": 0.95, "chi2_df": 3, "chi2_threshold": 7.814727903251179, "N_raw": 38, "N_roi": 38, "N_inlier": 36, "refit": true}
{"timestamp": "15:09:39.287168", "frame": 37, "mu": [0.8106158938562581, 1.1438867512105682, 1.311643630654439], "Sigma": [[0.004739831980040065, -0.0013243050474813448, -0.0054873899094381095], [-0.0013243050474813448, 0.002888715803109539, -0.002758122332246378], [-0.0054873899094381095, -0.0027581223322463784, 0.03594092615972065]], "chi2_level": 0.95, "chi2_df": 3, "chi2_threshold": 7.814727903251179, "N_raw": 60, "N_roi": 60, "N_inlier": 56, "refit": true}
{"timestamp": "15:09:39.341051", "frame": 38, "mu": [0.8030093800104766, 1.0634350921943747, 1.297467738759919], "Sigma": [[0.006474298517459661, -0.0022975692217543043, -0.005648046617490826], [-0.0022975692217543043, 0.002728753968873101, -0.0005738996433903885], [-0.005648046617490826, -0.0005738996433903885, 0.034198235259950686]], "chi2_level": 0.95, "chi2_df": 3, "chi2_threshold": 7.814727903251179, "N_raw": 57, "N_roi": 57, "N_inlier": 53, "refit": true}
{"timestamp": "15:09:39.397674", "frame": 39, "mu": [0.7746198362445624, 1.0491289568217568, 1.223289527898637], "Sigma": [[0.004954719116577612, -0.0016194139228438637, -0.0023113942992536982], [-0.001619413922843864, 0.0036023436006194427, -0.0028155588386303276], [-0.0023113942992536987, -0.002815558838630328, 0.04408472529559469]], "chi2_level": 0.95, "chi2_df": 3, "chi2_threshold": 7.814727903251179, "N_raw": 70, "N_roi": 70, "N_inlier": 66, "refit": true}
{"timestamp": "15:09:39.450142", "frame": 40, "mu": [0.8272125449177355, 0.9826143022704609, 0.48644908429994577], "Sigma": [[0.017910098279117895, -0.010508923047001649, -0.05096932714467706], [-0.010508923047001647, 0.010042765175470023, 0.022902812465444303], [-0.05096932714467705, 0.022902812465444306, 0.20944465697564332]], "chi2_level": 0.95, "chi2_df": 3, "chi2_threshold": 7.814727903251179, "N_raw": 45, "N_roi": 45, "N_inlier": 44, "refit": true}
{"timestamp": "15:09:39.504346", "frame": 41, "mu": [0.6415198265413086, 1.0529518328146914, 0.8549400226141519], "Sigma": [[0.0026690250072066743, -0.0016510821050085777, 0.0065906913539232545], [-0.0016510821050085777, 0.0015096412180223204, -0.004755785878489981], [0.0065906913539232545, -0.004755785878489981, 0.05699576276716402]], "chi2_level": 0.95, "chi2_df": 3, "chi2_threshold": 7.814727903251179, "N_raw": 40, "N_roi": 40, "N_inlier": 35, "refit": true}
{"timestamp": "15:09:39.555019", "frame": 42, "mu": [0.7212637658441444, 0.9347738054869628, 0.900574247623909], "Sigma": [[0.009403245341798436, -0.00615028749033352, -0.027527579185598373], [-0.006150287490333519, 0.008525418455721152, 0.034695616485347254], [-0.027527579185598373, 0.034695616485347254, 0.31715598980377674]], "chi2_level": 0.95, "chi2_df": 3, "chi2_threshold": 7.814727903251179, "N_raw": 10, "N_roi": 10, "N_inlier": 10, "refit": true}
{"timestamp": "15:09:39.614568", "frame": 43, "mu": [0.5792962176402994, 1.0558884779051594, 1.2111349201025592], "Sigma": [[0.0022794695343603694, -0.0010037323351647673, -0.002224468462023776], [-0.0010037323351647673, 0.0023953017750951906, -0.007590274623907498], [-0.002224468462023776, -0.007590274623907497, 0.08002851780152384]], "chi2_level": 0.95, "chi2_df": 3, "chi2_threshold": 7.814727903251179, "N_raw": 47, "N_roi": 47, "N_inlier": 44, "refit": true}
{"timestamp": "15:09:39.665637", "frame": 44, "mu": [0.5132816766687804, 1.0212336892253566, 1.3076400195614373], "Sigma": [[0.007922177799759114, 2.602003755055118e-05, -0.009200580432728844], [2.6020037550551073e-05, 0.0009276409953447375, -0.001890242027148509], [-0.009200580432728844, -0.001890242027148509, 0.015064844170974296]], "chi2_level": 0.95, "chi2_df": 3, "chi2_threshold": 7.814727903251179, "N_raw": 21, "N_roi": 21, "N_inlier": 19, "refit": true}
{"timestamp": "15:09:39.729609", "frame": 45, "mu": [0.4401004956283724, 1.0527724913514582, 1.2867115546060766], "Sigma": [[0.002489498320142329, 2.8447198375256645e-05, -0.006126421434206189], [2.844719837525674e-05, 0.006671818628954183, 0.0031995350480545286], [-0.006126421434206189, 0.00319953504805453, 0.07364015068996518]], "chi2_level": 0.95, "chi2_df": 3, "chi2_threshold": 7.814727903251179, "N_raw": 84, "N_roi": 84, "N_inlier": 80, "refit": true}
{"timestamp": "15:09:39.785493", "frame": 46, "mu": [0.4277648214927076, 1.0431305921116234, 1.250853085657988], "Sigma": [[0.0035207782788501426, 0.000958976957132733, -0.005077806950942764], [0.000958976957132733, 0.0028880005877214786, -0.005280468541872846], [-0.005077806950942764, -0.005280468541872848, 0.043202737300106715]], "chi2_level": 0.95, "chi2_df": 3, "chi2_threshold": 7.814727903251179, "N_raw": 82, "N_roi": 82, "N_inlier": 81, "refit": true}
{"timestamp": "15:09:39.838653", "frame": 47, "mu": [0.3306062199755299, 1.080833866890923, 1.4304168675081654], "Sigma": [[0.004631585027784701, -0.0006951278611678715, -0.005772533695644821], [-0.0006951278611678715, 0.004384813335025986, -0.002282209530206819], [-0.005772533695644821, -0.002282209530206819, 0.011282184904516887]], "chi2_level": 0.95, "chi2_df": 3, "chi2_threshold": 7.814727903251179, "N_raw": 72, "N_roi": 72, "N_inlier": 70, "refit": true}
{"timestamp": "15:09:39.895566", "frame": 48, "mu": [0.35838972111822587, 1.0311526520079388, 1.304362243084679], "Sigma": [[0.005640563506305408, 0.00020217127101203048, -0.00012600560161300176], [0.00020217127101203046, 0.0011787941945166703, -0.0012854067390750102], [-0.00012600560161300176, -0.0012854067390750102, 0.049740171050018496]], "chi2_level": 0.95, "chi2_df": 3, "chi2_threshold": 7.814727903251179, "N_raw": 85, "N_roi": 85, "N_inlier": 81, "refit": true}
{"timestamp": "15:09:39.954443", "frame": 49, "mu": [0.3083707445299502, 0.9668196013739319, 1.1858515481287866], "Sigma": [[0.003910096506763566, -0.00234770253864453, -0.011448789996431712], [-0.00234770253864453, 0.006087054044188313, 0.015885014507202585], [-0.011448789996431712, 0.015885014507202585, 0.10243296199442828]], "chi2_level": 0.95, "chi2_df": 3, "chi2_threshold": 7.814727903251179, "N_raw": 113, "N_roi": 113, "N_inlier": 111, "refit": true}
{"timestamp": "15:09:40.014710", "frame": 50, "mu": [0.2789450280498071, 1.0625586056126541, 0.4123208510352929], "Sigma": [[0.005685554931964196, -0.0037367583207025407, 0.04609367999815106], [-0.0037367583207025407, 0.01031682934938484, -0.07855453016774064], [0.04609367999815106, -0.07855453016774064, 0.8917549686073672]], "chi2_level": 0.95, "chi2_df": 3, "chi2_threshold": 7.814727903251179, "N_raw": 142, "N_roi": 141, "N_inlier": 139, "refit": true}
{"timestamp": "15:09:40.062143", "frame": 51, "mu": [0.26011334169028866, 0.9476900296942918, 1.2680152158066909], "Sigma": [[0.004110359323799539, -0.00013740420323668206, -0.005106165798746263], [-0.000137404203236682, 0.002701723717439314, -0.0032775275922686162], [-0.005106165798746263, -0.003277527592268616, 0.015148880436236873]], "chi2_level": 0.95, "chi2_df": 3, "chi2_threshold": 7.814727903251179, "N_raw": 87, "N_roi": 87, "N_inlier": 82, "refit": true}
{"timestamp": "15:09:40.113760", "frame": 52, "mu": [0.20995383998533798, 0.9676035101571353, 1.201309132987282], "Sigma": [[0.004543619046888638, 0.0005353094165393155, 0.007408831906979067], [0.0005353094165393155, 0.0006639950617221643, -0.0004473505394114038], [0.007408831906979067, -0.0004473505394114038, 0.07916032362880662]], "chi2_level": 0.95, "chi2_df": 3, "chi2_threshold": 7.814727903251179, "N_raw": 69, "N_roi": 69, "N_inlier": 65, "refit": true}
{"timestamp": "15:09:40.166910", "frame": 53, "mu": [0.1036443241049218, 0.9666466465122967, 1.4671923264902194], "Sigma": [[0.001967821872689943, -0.00020996762247871013, -0.0005908532289294515], [-0.0002099676224787101, 0.004541872275395668, -0.0015254819245624925], [-0.0005908532289294515, -0.0015254819245624925, 0.0008803628166859343]], "chi2_level": 0.95, "chi2_df": 3, "chi2_threshold": 7.814727903251179, "N_raw": 62, "N_roi": 61, "N_inlier": 58, "refit": true}
{"timestamp": "15:09:40.226494", "frame": 54, "mu": [0.10638457494205424, 0.9624889838566179, 1.242290778753724], "Sigma": [[0.0034941062174421067, -0.00018855390388093423, 0.0007257352270839239], [-0.0001885539038809342, 0.0007148328153577789, -0.0008033427595750667], [0.0007257352270839236, -0.0008033427595750665, 0.026582088475588156]], "chi2_level": 0.95, "chi2_df": 3, "chi2_threshold": 7.814727903251179, "N_raw": 95, "N_roi": 95, "N_inlier": 91, "refit": true}
{"timestamp": "15:09:40.274961", "frame": 55, "mu": [0.0031637166418083612, 0.950226516322138, 1.5451183855292232], "Sigma": [[0.002178172811883207, -0.0017423442006434364, -0.0006623881694005696], [-0.0017423442006434364, 0.004008321303943015, -0.0001628429800304468], [-0.0006623881694005696, -0.00016284298003044673, 0.0005044708146084593]], "chi2_level": 0.95, "chi2_df": 3, "chi2_threshold": 7.814727903251179, "N_raw": 50, "N_roi": 50, "N_inlier": 46, "refit": true}
{"timestamp": "15:09:40.385007", "frame": 57, "mu": [-0.03240075489700303, 1.0476272797696151, -0.31967922494071027], "Sigma": [[0.002285607125764707, 0.0007286376919682972, -0.001605123540571987], [0.0007286376919682972, 0.003309574807743067, -0.0028141312153589036], [-0.001605123540571987, -0.0028141312153589036, 0.006437865464418784]], "chi2_level": 0.95, "chi2_df": 3, "chi2_threshold": 7.814727903251179, "N_raw": 51, "N_roi": 51, "N_inlier": 49, "refit": true}
{"timestamp": "15:09:40.437883", "frame": 58, "mu": [-0.08591071254305196, 0.9825623560869405, 1.4262133034953326], "Sigma": [[0.001251499492994121, 8.161461867251312e-05, -0.0012078957278471465], [8.161461867251312e-05, 0.0010436739123084679, -0.001232399276408839], [-0.0012078957278471465, -0.001232399276408839, 0.008056692535323267]], "chi2_level": 0.95, "chi2_df": 3, "chi2_threshold": 7.814727903251179, "N_raw": 35, "N_roi": 35, "N_inlier": 33, "refit": true}
{"timestamp": "15:09:40.498372", "frame": 59, "mu": [-0.14301966323122978, 0.9369061832980778, 1.4564421301148425], "Sigma": [[0.0023048429585098376, 5.443413232443734e-05, -0.0010640012575496348], [5.443413232443731e-05, 0.003637194015390244, -0.00352297411787291], [-0.001064001257549635, -0.00352297411787291, 0.00410591166742866]], "chi2_level": 0.95, "chi2_df": 3, "chi2_threshold": 7.814727903251179, "N_raw": 76, "N_roi": 76, "N_inlier": 73, "refit": true}
{"timestamp": "15:09:40.553134", "frame": 60, "mu": [-0.19051044176643206, 0.9355571710778008, 1.4203527494382768], "Sigma": [[0.002358564103829115, -0.00011198180746301432, -0.0007428656773883534], [-0.00011198180746301432, 0.0033030357171957465, -0.0025468236893264992], [-0.0007428656773883534, -0.002546823689326499, 0.007481494602222529]], "chi2_level": 0.95, "chi2_df": 3, "chi2_threshold": 7.814727903251179, "N_raw": 71, "N_roi": 71, "N_inlier": 67, "refit": true}
{"timestamp": "15:09:40.610450", "frame": 61, "mu": [-0.22827508143660855, 0.8844535153559002, 1.3423617426762064], "Sigma": [[0.002416421510629474, -0.0010078000216495716, -0.003255620597395544], [-0.0010078000216495716, 0.006321697345616983, 0.012432762181293328], [-0.003255620597395543, 0.012432762181293328, 0.06253482957749489]], "chi2_level": 0.95, "chi2_df": 3, "chi2_threshold": 7.814727903251179, "N_raw": 83, "N_roi": 83, "N_inlier": 81, "refit": true}
{"timestamp": "15:09:40.667393", "frame": 62, "mu": [-0.26459523558068165, 0.9016150099056341, -0.6816967049250454], "Sigma": [[0.00275212758974544, -0.0011151244086037605, -0.006349682688564076], [-0.0011151244086037605, 0.003964495240453698, 0.011221927274210407], [-0.006349682688564076, 0.011221927274210407, 0.06631151155135126]], "chi2_level": 0.95, "chi2_df": 3, "chi2_threshold": 7.814727903251179, "N_raw": 96, "N_roi": 96, "N_inlier": 92, "refit": true}
{"timestamp": "15:09:40.720621", "frame": 63, "mu": [-0.32321017912989153, 0.9124354685217407, 1.4016922492587853], "Sigma": [[0.0036511245238984146, -0.001519219753819003, -0.005615139056417637], [-0.001519219753819003, 0.0027963920601143276, 0.0003321792713287294], [-0.005615139056417637, 0.0003321792713287293, 0.030924047250034215]], "chi2_level": 0.95, "chi2_df": 3, "chi2_threshold": 7.814727903251179, "N_raw": 86, "N_roi": 85, "N_inlier": 83, "refit": true}
{"timestamp": "15:09:40.776440", "frame": 64, "mu": [-0.329995903596472, 0.8708294186844359, -0.3019672202280473], "Sigma": [[0.002289548535375865, -0.0007493769389226032, 0.018183805976651347], [-0.0007493769389226034, 0.0016800966733056522, -0.005330346083188239], [0.018183805976651347, -0.005330346083188239, 0.4772007332526619]], "chi2_level": 0.95, "chi2_df": 3, "chi2_threshold": 7.814727903251179, "N_raw": 93, "N_roi": 93, "N_inlier": 92, "refit": true}
{"timestamp": "15:09:40.831703", "frame": 65, "mu": [-0.4185084823177986, 0.9238343529763627, 1.4616937856194478], "Sigma": [[0.0037027713540784893, -0.0015485632137173598, -0.0032615257702124454], [-0.0015485632137173595, 0.003909491160269425, -0.0029642480457269917], [-0.003261525770212446, -0.0029642480457269917, 0.01246475543986446]], "chi2_level": 0.95, "chi2_df": 3, "chi2_threshold": 7.814727903251179, "N_raw": 89, "N_roi": 89, "N_inlier": 87, "refit": true}
{"timestamp": "15:09:40.883333", "frame": 66, "mu": [-0.47308700031467354, 0.9211740242384366, 1.4523208825878509], "Sigma": [[0.00285361620110892, -0.0011872285796161943, -0.0016936222688154036], [-0.0011872285796161943, 0.0033359212976942065, -0.0012870361751131367], [-0.0016936222688154036, -0.0012870361751131367, 0.01226166017778635]], "chi2_level": 0.95, "chi2_df": 3, "chi2_threshold": 7.814727903251179, "N_raw": 69, "N_roi": 67, "N_inlier": 63, "refit": true}
{"timestamp": "15:09:40.938348", "frame": 67, "mu": [-0.5114046947341048, 0.9416620863551437, 1.5013307940823073], "Sigma": [[0.003248816079010251, -0.0018752736019887022, -0.0006033997320628738], [-0.0018752736019887022, 0.005208997745796505, -0.0017147723879360126], [-0.0006033997320628738, -0.0017147723879360128, 0.003595383565670112]], "chi2_level": 0.95, "chi2_df": 3, "chi2_threshold": 7.814727903251179, "N_raw": 70, "N_roi": 70, "N_inlier": 63, "refit": true}
{"timestamp": "15:09:40.991141", "frame": 68, "mu": [-0.5661237524438845, 0.918925407808227, 1.5214263037340254], "Sigma": [[0.0033815610626493136, -0.0014278235204919065, -0.0008114758420130306], [-0.0014278235204919065, 0.003348404081435683, -0.0014563441158891104], [-0.0008114758420130304, -0.0014563441158891104, 0.0015805858355507636]], "chi2_level": 0.95, "chi2_df": 3, "chi2_threshold": 7.814727903251179, "N_raw": 56, "N_roi": 56, "N_inlier": 53, "refit": true}
{"timestamp": "15:09:41.042632", "frame": 69, "mu": [-0.6065571870803316, 0.9485373806653175, 1.4351018931420936], "Sigma": [[0.001317786796392218, -0.00022925784644069837, -0.0012739819817983815], [-0.0002292578464406984, 0.0008787314336351133, -0.0017024869277287526], [-0.0012739819817983815, -0.0017024869277287528, 0.008398976705822679]], "chi2_level": 0.95, "chi2_df": 3, "chi2_threshold": 7.814727903251179, "N_raw": 38, "N_roi": 38, "N_inlier": 32, "refit": true}
{"timestamp": "15:09:41.097738", "frame": 70, "mu": [-0.7851127785860824, 0.8313266555503828, 1.5655120452062685], "Sigma": [[0.04784387039937103, 0.025459142891864444, -0.03838914296058439], [0.02545914289186444, 0.015523513368009969, -0.022413290159440068], [-0.03838914296058439, -0.022413290159440068, 0.04035728327779245]], "chi2_level": 0.95, "chi2_df": 3, "chi2_threshold": 7.814727903251179, "N_raw": 36, "N_roi": 36, "N_inlier": 33, "refit": true}
{"timestamp": "15:09:41.154733", "frame": 71, "mu": [-0.6855893932435125, 0.7564146642955981, 1.02734445146971], "Sigma": [[0.03674172852177762, 0.0041272657127152754, -0.05481796353295859], [0.0041272657127152754, 0.008876014138526383, 0.0020813301955118846], [-0.05481796353295859, 0.002081330195511883, 0.113489692866643]], "chi2_level": 0.95, "chi2_df": 3, "chi2_threshold": 7.814727903251179, "N_raw": 48, "N_roi": 48, "N_inlier": 45, "refit": true}
{"timestamp": "15:09:41.208994", "frame": 72, "mu": [-0.7100644861585337, 0.8116213177133659, 1.1808987440027712], "Sigma": [[0.016059350449818096, 0.0019257360969775325, -0.02978171204212753], [0.0019257360969775323, 0.005660592046327669, -0.0038662294645431684], [-0.02978171204212753, -0.0038662294645431675, 0.08034263054360814]], "chi2_level": 0.95, "chi2_df": 3, "chi2_threshold": 7.814727903251179, "N_raw": 46, "N_roi": 46, "N_inlier": 43, "refit": true}
{"timestamp": "15:09:41.262471", "frame": 73, "mu": [-0.8305058122992762, 0.9237718367490344, -0.42330561165460523], "Sigma": [[0.03330751820758063, 0.017989908774487334, -0.007286696964973539], [0.01798990877448733, 0.012992597556599093, -0.00463515527857598], [-0.007286696964973539, -0.004635155278575981, 0.002319693932756239]], "chi2_level": 0.95, "chi2_df": 3, "chi2_threshold": 7.814727903251179, "N_raw": 37, "N_roi": 37, "N_inlier": 34, "refit": true}
{"timestamp": "15:09:41.319736", "frame": 74, "mu": [-0.9542234167756583, 0.8310626273520725, 1.5121067228114844], "Sigma": [[0.028681077786709027, 0.010815408541965853, -0.017952583685422074], [0.010815408541965854, 0.010258999549669764, -0.002881041720123361], [-0.01795258368542207, -0.0028810417201233615, 0.028457612912868135]], "chi2_level": 0.95, "chi2_df": 3, "chi2_threshold": 7.814727903251179, "N_raw": 52, "N_roi": 52, "N_inlier": 49, "refit": true}
{"timestamp": "15:09:41.378043", "frame": 75, "mu": [-0.99534306839253, 0.9121205930552856, -0.3517332481534071], "Sigma": [[0.03662641136900424, 0.018097047274644687, -0.06996570885761161], [0.018097047274644687, 0.0130468116777571, -0.036919762905236735], [-0.06996570885761161, -0.036919762905236735, 0.174641615359446]], "chi2_level": 0.95, "chi2_df": 3, "chi2_threshold": 7.814727903251179, "N_raw": 71, "N_roi": 71, "N_inlier": 70, "refit": true}
{"timestamp": "15:09:41.432649", "frame": 76, "mu": [-1.0496207393517598, 0.8431756879263349, 1.563904444702798], "Sigma": [[0.012976063473999235, 0.004795125076028902, -0.010637241631026733], [0.004795125076028902, 0.0049048828036195695, -0.006289953688487863], [-0.010637241631026733, -0.006289953688487863, 0.012573666679648786]], "chi2_level": 0.95, "chi2_df": 3, "chi2_threshold": 7.814727903251179, "N_raw": 74, "N_roi": 74, "N_inlier": 71, "refit": true}
{"timestamp": "15:09:41.491204", "frame": 77, "mu": [-1.0900219182303728, 0.8137975222156152, -0.42157733017523114], "Sigma": [[0.012874484877799271, 0.008960825175724961, -0.0013539275005999413], [0.008960825175724961, 0.009088505430433371, -0.004454062820562527], [-0.0013539275005999413, -0.004454062820562527, 0.012603878032901163]], "chi2_level": 0.95, "chi2_df": 3, "chi2_threshold": 7.814727903251179, "N_raw": 96, "N_roi": 96, "N_inlier": 91, "refit": true}
{"timestamp": "15:09:41.538420", "frame": 78, "mu": [-1.133139713947606, 0.8472261075323759, 1.685085877186703], "Sigma": [[0.009213569894537544, 0.006380706405272232, -0.009591380405248392], [0.006380706405272232, 0.007502196021578254, -0.008085958738125305], [-0.009591380405248392, -0.008085958738125305, 0.03174621158756216]], "chi2_level": 0.95, "chi2_df": 3, "chi2_threshold": 7.814727903251179, "N_raw": 39, "N_roi": 39, "N_inlier": 33, "refit": true}
{"timestamp": "15:09:41.600881", "frame": 79, "mu": [-1.1525507152473033, 0.8591614016910856, 1.5485104235462364], "Sigma": [[0.01211214712611994, 0.006866179765227449, -0.003558349789392295], [0.006866179765227449, 0.008138012888477502, -0.007647419559772757], [-0.003558349789392296, -0.007647419559772755, 0.009463501818241581]], "chi2_level": 0.95, "chi2_df": 3, "chi2_threshold": 7.814727903251179, "N_raw": 91, "N_roi": 91, "N_inlier": 86, "refit": true}
{"timestamp": "15:09:41.653426", "frame": 80, "mu": [-1.2446277746650036, 0.838928004678919, 1.498888025349843], "Sigma": [[0.008772444042701768, 0.004873997043417868, -0.00377999833739091], [0.004873997043417868, 0.008192601167878307, -0.0063472155905478864], [-0.00377999833739091, -0.006347215590547886, 0.00571278081543655]], "chi2_level": 0.95, "chi2_df": 3, "chi2_threshold": 7.814727903251179, "N_raw": 67, "N_roi": 61, "N_inlier": 55, "refit": true}
{"timestamp": "15:09:41.712613", "frame": 81, "mu": [-1.1797220886498343, 0.8876656085430795, 1.2421311399789545], "Sigma": [[0.0235489675784136, 0.02152100267398445, -0.04833222234502093], [0.02152100267398445, 0.024949565084711526, -0.059765633492560505], [-0.04833222234502093, -0.059765633492560505, 0.1851594684236097]], "chi2_level": 0.95, "chi2_df": 3, "chi2_threshold": 7.814727903251179, "N_raw": 103, "N_roi": 103, "N_inlier": 99, "refit": true}
{"timestamp": "15:09:41.770502", "frame": 82, "mu": [-1.2263889866273876, 1.0558277911193588, -0.4919935506555067], "Sigma": [[0.023079693740431652, 0.032425515799545626, -0.024052658821329898], [0.032425515799545626, 0.06236048612462189, -0.063561970517496], [-0.024052658821329898, -0.063561970517496, 0.12596489872435832]], "chi2_level": 0.95, "chi2_df": 3, "chi2_threshold": 7.814727903251179, "N_raw": 118, "N_roi": 118, "N_inlier": 116, "refit": true}
{"timestamp": "15:09:41.829721", "frame": 83, "mu": [-1.2390555945027142, 1.0310871084921223, -0.5433858045504911], "Sigma": [[0.019785343635440662, 0.013411788633384013, -0.026268003895729586], [0.013411788633384011, 0.048068055582437264, -0.056823541653284626], [-0.02626800389572959, -0.05682354165328463, 0.09636405909141306]], "chi2_level": 0.95, "chi2_df": 3, "chi2_threshold": 7.814727903251179, "N_raw": 148, "N_roi": 148, "N_inlier": 141, "refit": true}
{"timestamp": "15:09:41.876763", "frame": 84, "mu": [-1.3314811558597326, 0.840901585085315, 1.4081226876394706], "Sigma": [[0.019773062986671957, 0.006380695729992979, -0.011416577865226242], [0.00638069572999298, 0.011739101955346285, -0.005685821760926179], [-0.011416577865226242, -0.005685821760926179, 0.008581055486207365]], "chi2_level": 0.95, "chi2_df": 3, "chi2_threshold": 7.814727903251179, "N_raw": 93, "N_roi": 93, "N_inlier": 90, "refit": true}
{"timestamp": "15:09:41.926129", "frame": 85, "mu": [-1.357038441633268, 0.816789188707021, 1.3283942224457943], "Sigma": [[0.0082898723327525, 0.00734433888449603, -0.0006857363091179308], [0.00734433888449603, 0.008012825282015556, -0.0037499010308472396], [-0.0006857363091179306, -0.0037499010308472396, 0.008612676176511654]], "chi2_level": 0.95, "chi2_df": 3, "chi2_threshold": 7.814727903251179, "N_raw": 55, "N_roi": 55, "N_inlier": 51, "refit": true}
{"timestamp": "15:09:41.977356", "frame": 86, "mu": [-1.3502019512700396, 0.8828047843610778, 1.3443015196557981], "Sigma": [[0.01104390188924599, 0.007978148477419723, -0.0057799833464704554], [0.007978148477419721, 0.012789839525314168, 0.010970468146154273], [-0.0057799833464704554, 0.010970468146154273, 0.05209948760524544]], "chi2_level": 0.95, "chi2_df": 3, "chi2_threshold": 7.814727903251179, "N_raw": 34, "N_roi": 34, "N_inlier": 33, "refit": true}
{"timestamp": "15:09:42.039600", "frame": 87, "mu": [-1.387368724514062, 0.9428662564055366, 1.3643563930135898], "Sigma": [[0.0189266399621784, 0.008208075989120413, -0.009326248860015622], [0.008208075989120413, 0.008589191027217967, -0.007029484279689342], [-0.009326248860015622, -0.007029484279689342, 0.010768636670385719]], "chi2_level": 0.95, "chi2_df": 3, "chi2_threshold": 7.814727903251179, "N_raw": 86, "N_roi": 86, "N_inlier": 82, "refit": true}
{"timestamp": "15:09:42.093267", "frame": 88, "mu": [-1.481206613122771, 0.9151251696915856, 1.4608564167096165], "Sigma": [[0.011146723388183627, 0.004275663129741994, -0.004641306656979915], [0.004275663129741993, 0.01407222254791273, -0.0035499853663125795], [-0.004641306656979915, -0.00354998536631258, 0.003830466416934853]], "chi2_level": 0.95, "chi2_df": 3, "chi2_threshold": 7.814727903251179, "N_raw": 71, "N_roi": 71, "N_inlier": 70, "refit": true}
{"timestamp": "15:09:42.150176", "frame": 89, "mu": [-1.4421712996897518, 0.9742429407108141, 1.218290401297827], "Sigma": [[0.009864498268825963, 0.013328938080454916, -0.004836177765749944], [0.013328938080454916, 0.02661668669065398, -0.013130324011678997], [-0.004836177765749944, -0.013130324011678997, 0.008769964718233995]], "chi2_level": 0.95, "chi2_df": 3, "chi2_threshold": 7.814727903251179, "N_raw": 84, "N_roi": 84, "N_inlier": 80, "refit": true}
{"timestamp": "15:09:42.206059", "frame": 90, "mu": [-1.4851261757031402, 1.04065693705534, 1.470937943794462], "Sigma": [[0.018699028038979784, 0.008379426610045428, -0.011231052394378936], [0.008379426610045428, 0.012488243579266799, -0.009005152140231995], [-0.011231052394378936, -0.009005152140231995, 0.011515432801818277]], "chi2_level": 0.95, "chi2_df": 3, "chi2_threshold": 7.814727903251179, "N_raw": 90, "N_roi": 90, "N_inlier": 88, "refit": true}
{"timestamp": "15:09:42.261945", "frame": 91, "mu": [-1.4702136842138813, 1.0478713677341691, 1.2969748601707254], "Sigma": [[0.01583063175959596, 0.01085450184847761, -0.002562749631213312], [0.01085450184847761, 0.012693499549664148, -0.00725119436237574], [-0.002562749631213312, -0.007251194362375741, 0.008135897512754495]], "chi2_level": 0.95, "chi2_df": 3, "chi2_threshold": 7.814727903251179, "N_raw": 91, "N_roi": 91, "N_inlier": 87, "refit": true}
{"timestamp": "15:09:42.307652", "frame": 92, "mu": [-1.5425703968017488, 1.1339731829882431, 1.3313476260421508], "Sigma": [[0.011324386133080322, 0.008455657575269677, -0.012846559473076183], [0.008455657575269677, 0.009165212570384834, -0.012391488690641462], [-0.012846559473076183, -0.012391488690641465, 0.0989754396225136]], "chi2_level": 0.95, "chi2_df": 3, "chi2_threshold": 7.814727903251179, "N_raw": 29, "N_roi": 29, "N_inlier": 26, "refit": true}
{"timestamp": "15:09:42.367736", "frame": 93, "mu": [-1.490064096578721, 1.2120957352797634, 1.3199307119929846], "Sigma": [[0.023496388172902522, 0.012714926693369235, -0.05743639908892384], [0.012714926693369235, 0.013525945250288851, -0.029491952473664533], [-0.05743639908892385, -0.029491952473664533, 0.20472704302784625]], "chi2_level": 0.95, "chi2_df": 3, "chi2_threshold": 7.814727903251179, "N_raw": 72, "N_roi": 72, "N_inlier": 70, "refit": true}
{"timestamp": "15:09:42.424877", "frame": 94, "mu": [-1.62661231468235, 1.1704832906245415, 1.4888835007197723], "Sigma": [[0.01798427338791508, 0.009079196004149793, -0.010411082733843675], [0.009079196004149791, 0.012113193527065825, -0.011350167262598793], [-0.010411082733843675, -0.011350167262598793, 0.013273564668377846]], "chi2_level": 0.95, "chi2_df": 3, "chi2_threshold": 7.814727903251179, "N_raw": 85, "N_roi": 85, "N_inlier": 82, "refit": true}
