{"timestamp": "15:37:26.996328", "frame": 12, "mu": [2.1430722514017275, 4.532365503639944, 0.9420132737621166], "Sigma": [[0.019741231854280786, -0.010016615199664482, -0.014121854357837683], [-0.010016615199664479, 0.008242741456508247, 0.006998308689569009], [-0.014121854357837681, 0.006998308689569009, 0.012064735068046319]], "chi2_level": 0.95, "chi2_df": 3, "chi2_threshold": 7.814727903251179, "N_raw": 23, "N_roi": 23, "N_inlier": 23, "refit": true}
{"timestamp": "15:37:27.105432", "frame": 14, "mu": [2.1397311648944912, 4.431112915331483, 0.8388633171842138], "Sigma": [[0.012768312029271119, -0.007464301741573136, -0.006317408681223189], [-0.007464301741573136, 0.005584803838476396, 0.004514097886858458], [-0.006317408681223189, 0.004514097886858458, 0.006639898340099288]], "chi2_level": 0.95, "chi2_df": 3, "chi2_threshold": 7.814727903251179, "N_raw": 11, "N_roi": 11, "N_inlier": 10, "refit": true}
{"timestamp": "15:37:27.221195", "frame": 16, "mu": [2.0611557901290607, 4.410333802536083, 0.8677352612289905], "Sigma": [[0.024981235026233437, -0.01401688316243659, -0.00941978750730901], [-0.01401688316243659, 0.012994670243476582, 0.0060789796415523355], [-0.00941978750730901, 0.006078979641552337, 0.0052085176223135065]], "chi2_level": 0.95, "chi2_df": 3, "chi2_threshold": 7.814727903251179, "N_raw": 40, "N_roi": 37, "N_inlier": 36, "refit": true}
{"timestamp": "15:37:27.275368", "frame": 17, "mu": [1.9943960183337968, 4.465345714236001, 0.978222973271979], "Sigma": [[0.018824802978727042, -0.010835511874024196, -0.010488320162152306], [-0.010835511874024194, 0.011875240582125208, 0.009947782313057235], [-0.010488320162152306, 0.009947782313057235, 0.00978836888613265]], "chi2_level": 0.95, "chi2_df": 3, "chi2_threshold": 7.814727903251179, "N_raw": 35, "N_roi": 33, "N_inlier": 31, "refit": true}
{"timestamp": "15:37:27.384196", "frame": 19, "mu": [1.9633369986557132, 4.373443200455427, 0.7007264041873368], "Sigma": [[0.02327568529596455, -0.012018575923656809, -0.007223409780159276], [-0.012018575923656809, 0.008167347812595769, 0.004403009071540301], [-0.007223409780159274, 0.004403009071540301, 0.0034386515326026174]], "chi2_level": 0.95, "chi2_df": 3, "chi2_threshold": 7.814727903251179, "N_raw": 28, "N_roi": 25, "N_inlier": 23, "refit": true}
{"timestamp": "15:37:27.438163", "frame": 20, "mu": [1.889637389511557, 4.428716308874709, 0.9663098086614457], "Sigma": [[0.013955689752912994, -0.0050114513044474274, 0.0013610217260716815], [-0.0050114513044474274, 0.0031950163694893906, -0.0008211239780253045], [0.0013610217260716815, -0.0008211239780253046, 0.00021296602769057426]], "chi2_level": 0.95, "chi2_df": 3, "chi2_threshold": 7.814727903251179, "N_raw": 18, "N_roi": 15, "N_inlier": 13, "refit": true}
{"timestamp": "15:37:28.321100", "frame": 36, "mu": [1.3363139596796678, 4.470424015731661, 0.8586507261656923], "Sigma": [[0.02512382819223464, -0.00974029489718945, -0.010237090641129269], [-0.009740294897189448, 0.00701053215788086, 0.0032953610463609738], [-0.010237090641129269, 0.0032953610463609738, 0.006115909169265647]], "chi2_level": 0.95, "chi2_df": 3, "chi2_threshold": 7.814727903251179, "N_raw": 39, "N_roi": 37, "N_inlier": 36, "refit": true}
{"timestamp": "15:37:28.430563", "frame": 38, "mu": [1.088231196336784, 4.522475909372277, 1.0956359760644978], "Sigma": [[0.02115500438793781, -0.006720404988360712, -0.02025833075212005], [-0.006720404988360712, 0.0042221968559018165, 0.0037900614783555305], [-0.02025833075212005, 0.0037900614783555305, 0.027337435439147607]], "chi2_level": 0.95, "chi2_df": 3, "chi2_threshold": 7.814727903251179, "N_raw": 38, "N_roi": 35, "N_inlier": 34, "refit": true}
{"timestamp": "15:37:28.483656", "frame": 39, "mu": [1.0127440202267715, 4.495852961114743, 1.0767727673812584], "Sigma": [[0.015621045912162667, -0.005576204644400076, -0.013087015049035516], [-0.005576204644400076, 0.002612888502298432, 0.003523924229461207], [-0.013087015049035516, 0.003523924229461207, 0.020524940000051277]], "chi2_level": 0.95, "chi2_df": 3, "chi2_threshold": 7.814727903251179, "N_raw": 29, "N_roi": 21, "N_inlier": 20, "refit": true}
{"timestamp": "15:37:28.700794", "frame": 43, "mu": [0.9798585278928243, 4.337133620618363, 0.7661318990180774], "Sigma": [[0.008639458917459876, -0.0021340311673578257, -0.00121391277941328], [-0.0021340311673578253, 0.0011763149908265741, -9.60215456525525e-05], [-0.0012139127794132802, -9.602154565255249e-05, 0.0005483439220622834]], "chi2_level": 0.95, "chi2_df": 3, "chi2_threshold": 7.814727903251179, "N_raw": 11, "N_roi": 11, "N_inlier": 10, "refit": true}
{"timestamp": "15:37:28.759106", "frame": 44, "mu": [0.8904937791903444, 4.459657871440612, 1.2275854234585084], "Sigma": [[0.016898690866042156, -0.004445395841758423, -0.008907577530057172], [-0.004445395841758423, 0.0035230178884915362, 0.0022843836190907458], [-0.008907577530057172, 0.0022843836190907458, 0.006557821704107086]], "chi2_level": 0.95, "chi2_df": 3, "chi2_threshold": 7.814727903251179, "N_raw": 31, "N_roi": 30, "N_inlier": 28, "refit": true}
{"timestamp": "15:37:29.198999", "frame": 52, "mu": [0.40284522946254536, 4.589430238177732, 1.4249654127009173], "Sigma": [[0.014665105583801867, -0.0019493223472148947, -0.009557932081771903], [-0.0019493223472148945, 0.0016314284033269362, -9.564112506996701e-05], [-0.009557932081771903, -9.564112506996701e-05, 0.01090945807521253]], "chi2_level": 0.95, "chi2_df": 3, "chi2_threshold": 7.814727903251179, "N_raw": 25, "N_roi": 21, "N_inlier": 21, "refit": true}
{"timestamp": "15:37:29.419607", "frame": 56, "mu": [0.29287041214910015, 4.602355937053036, 1.2989526160083065], "Sigma": [[0.02006760701653512, -0.0023510790785182508, -0.012079333571623635], [-0.0023510790785182508, 0.0017137495598125755, -0.0021866428489209157], [-0.012079333571623635, -0.0021866428489209157, 0.020401579002472914]], "chi2_level": 0.95, "chi2_df": 3, "chi2_threshold": 7.814727903251179, "N_raw": 33, "N_roi": 33, "N_inlier": 32, "refit": true}
{"timestamp": "15:37:29.474765", "frame": 57, "mu": [0.2883911876194021, 4.579304658438922, 1.2805879995713285], "Sigma": [[0.01651706518845391, -0.001282983918110364, -0.008355868010298986], [-0.001282983918110364, 0.0027365379940800564, -0.0024449946264915247], [-0.008355868010298986, -0.0024449946264915247, 0.013266693759727829]], "chi2_level": 0.95, "chi2_df": 3, "chi2_threshold": 7.814727903251179, "N_raw": 36, "N_roi": 33, "N_inlier": 32, "refit": true}
{"timestamp": "15:37:29.529034", "frame": 58, "mu": [0.2476968210917847, 4.560352966276817, 0.9895043165987815], "Sigma": [[0.016697240710965087, -0.0018149422236011469, -0.006721499877135057], [-0.001814942223601147, 0.004408181209562629, 0.003710225208767538], [-0.006721499877135058, 0.003710225208767538, 0.0057342518791390655]], "chi2_level": 0.95, "chi2_df": 3, "chi2_threshold": 7.814727903251179, "N_raw": 29, "N_roi": 29, "N_inlier": 29, "refit": true}
{"timestamp": "15:37:29.641033", "frame": 60, "mu": [0.1915748086572442, 4.512251832054494, 1.0523054692102212], "Sigma": [[0.019979287039537687, -0.0023045908611059535, -0.006851807703861083], [-0.0023045908611059535, 0.0017629092435615535, -0.0024881692997683206], [-0.006851807703861083, -0.00248816929976832, 0.01288557060791036]], "chi2_level": 0.95, "chi2_df": 3, "chi2_threshold": 7.814727903251179, "N_raw": 39, "N_roi": 34, "N_inlier": 34, "refit": true}
{"timestamp": "15:37:29.691334", "frame": 61, "mu": [0.10904389681422566, 4.515729641571778, 1.4514272078501054], "Sigma": [[0.01408881542998488, -0.0011448586546868047, -0.006108578134990158], [-0.0011448586546868047, 0.000741248472259863, 0.00044007613155413636], [-0.006108578134990158, 0.00044007613155413636, 0.004184852162472174]], "chi2_level": 0.95, "chi2_df": 3, "chi2_threshold": 7.814727903251179, "N_raw": 12, "N_roi": 12, "N_inlier": 12, "refit": true}
{"timestamp": "15:37:29.747807", "frame": 62, "mu": [0.07816585439024491, 4.465051967031271, 1.24496982312606], "Sigma": [[0.015578762444621854, 0.0027751823686675003, -0.048382722320012284], [0.0027751823686675, 0.002159146805623945, -0.010501274810953545], [-0.048382722320012284, -0.010501274810953545, 0.17900509455600527]], "chi2_level": 0.95, "chi2_df": 3, "chi2_threshold": 7.814727903251179, "N_raw": 11, "N_roi": 11, "N_inlier": 10, "refit": true}
{"timestamp": "15:37:29.804089", "frame": 63, "mu": [0.05681233184365434, 4.4998066013292375, 0.4160543716152971], "Sigma": [[0.01715853047144461, 0.00014371070313002335, -0.009258422958299891], [0.00014371070313002352, 0.0017929179247481964, -0.000761907534735396], [-0.009258422958299891, -0.000761907534735396, 0.006643163708847319]], "chi2_level": 0.95, "chi2_df": 3, "chi2_threshold": 7.814727903251179, "N_raw": 24, "N_roi": 24, "N_inlier": 23, "refit": true}
{"timestamp": "15:37:29.860817", "frame": 64, "mu": [0.056972926572320594, 4.4309428290708155, 1.2816111437144098], "Sigma": [[0.022302572324096936, -0.0018975199330580942, -0.009621093398256998], [-0.0018975199330580946, 0.004027500163453036, 0.003093339486736176], [-0.009621093398256998, 0.003093339486736176, 0.009707035318790117]], "chi2_level": 0.95, "chi2_df": 3, "chi2_threshold": 7.814727903251179, "N_raw": 38, "N_roi": 38, "N_inlier": 37, "refit": true}
{"timestamp": "15:37:29.914250", "frame": 65, "mu": [-0.018787906748764932, 4.410505900241886, 1.1864382653765018], "Sigma": [[0.013640076177715054, -0.0008138389570714289, -0.005206620766233757], [-0.0008138389570714289, 0.0023604960676282295, -0.001656321892549024], [-0.005206620766233757, -0.0016563218925490242, 0.005873058716110679]], "chi2_level": 0.95, "chi2_df": 3, "chi2_threshold": 7.814727903251179, "N_raw": 29, "N_roi": 29, "N_inlier": 28, "refit": true}
{"timestamp": "15:37:29.968333", "frame": 66, "mu": [-0.030220986147869548, 4.403215215529941, 1.3265588802330366], "Sigma": [[0.010720341221342062, 0.0003951700707001781, -7.044238521572834e-05], [0.0003951700707001782, 0.0018110703901908394, -0.00027787404036359073], [-7.044238521572835e-05, -0.00027787404036359073, 4.368454770476827e-05]], "chi2_level": 0.95, "chi2_df": 3, "chi2_threshold": 7.814727903251179, "N_raw": 22, "N_roi": 21, "N_inlier": 19, "refit": true}
{"timestamp": "15:37:30.022853", "frame": 67, "mu": [-0.08832532874172576, 4.389052081737372, 1.2773065096954992], "Sigma": [[0.013618921853182198, -0.0003714909022817261, -0.006018224818022612], [-0.0003714909022817261, 0.0022138368861992887, 0.0013338032888195429], [-0.0060182248180226106, 0.0013338032888195429, 0.004022118256804541]], "chi2_level": 0.95, "chi2_df": 3, "chi2_threshold": 7.814727903251179, "N_raw": 22, "N_roi": 20, "N_inlier": 20, "refit": true}
{"timestamp": "15:37:30.081278", "frame": 68, "mu": [-0.13385169240256625, 4.395272403657133, 0.5000848621083044], "Sigma": [[0.021884984453750395, 0.0009641712431328634, -0.006471167484861886], [0.0009641712431328633, 0.002837385925695064, 0.0014595224301865105], [-0.006471167484861885, 0.0014595224301865105, 0.004476074467378533]], "chi2_level": 0.95, "chi2_df": 3, "chi2_threshold": 7.814727903251179, "N_raw": 41, "N_roi": 39, "N_inlier": 37, "refit": true}
{"timestamp": "15:37:30.244310", "frame": 71, "mu": [-0.2702885495893868, 4.392528933947464, 1.3277072152391172], "Sigma": [[0.02512135575296614, 0.0009919158589697709, -0.004825242021714538], [0.000991915858969771, 0.001872252135410623, 0.0003858042241155572], [-0.004825242021714538, 0.0003858042241155572, 0.0018719088306559672]], "chi2_level": 0.95, "chi2_df": 3, "chi2_threshold": 7.814727903251179, "N_raw": 28, "N_roi": 28, "N_inlier": 26, "refit": true}
{"timestamp": "15:37:30.301575", "frame": 72, "mu": [-0.3431455826335295, 4.462222672743833, 0.3850883764652801], "Sigma": [[0.03140826794367088, 0.0031434203144087387, -0.009867663676420016], [0.0031434203144087387, 0.0038348265776697284, -0.003902988212167109], [-0.009867663676420016, -0.0039029882121671094, 0.006274155879242376]], "chi2_level": 0.95, "chi2_df": 3, "chi2_threshold": 7.814727903251179, "N_raw": 44, "N_roi": 42, "N_inlier": 40, "refit": true}
{"timestamp": "15:37:30.354967", "frame": 73, "mu": [-0.3883489389904468, 4.391500437140677, 1.1756703868466023], "Sigma": [[0.023917961837438828, -0.0007942468499260142, -0.009609308203316649], [-0.0007942468499260141, 0.0018678426797089896, -0.002970561443292912], [-0.009609308203316649, -0.0029705614432929115, 0.013124205211922894]], "chi2_level": 0.95, "chi2_df": 3, "chi2_threshold": 7.814727903251179, "N_raw": 37, "N_roi": 36, "N_inlier": 36, "refit": true}
{"timestamp": "15:37:30.465139", "frame": 75, "mu": [-0.4173464419950828, 4.444301294661097, 0.5001841425823681], "Sigma": [[0.029753788786028114, 0.004293418667046424, -0.014916845878883166], [0.004293418667046424, 0.00270888340146734, -0.0007652751197287761], [-0.014916845878883166, -0.0007652751197287761, 0.009899775177361325]], "chi2_level": 0.95, "chi2_df": 3, "chi2_threshold": 7.814727903251179, "N_raw": 38, "N_roi": 36, "N_inlier": 35, "refit": true}
{"timestamp": "15:37:30.519906", "frame": 76, "mu": [-0.5746326226039221, 4.4290785869426434, 0.651713521328571], "Sigma": [[0.0026604848398945383, -0.0004617407632978917, 0.0003618199107671452], [-0.0004617407632978918, 0.0030556672931446047, -0.0024413688627886983], [0.0003618199107671453, -0.0024413688627886983, 0.0040833398412088075]], "chi2_level": 0.95, "chi2_df": 3, "chi2_threshold": 7.814727903251179, "N_raw": 17, "N_roi": 11, "N_inlier": 10, "refit": true}
{"timestamp": "15:37:30.574507", "frame": 77, "mu": [-0.5395571360299479, 4.3815871639767145, 1.1840982027324642], "Sigma": [[0.027825128647213683, 0.0009503928016550895, -0.011383363237294306], [0.0009503928016550896, 0.003103004771117044, -0.0008075573758148817], [-0.011383363237294306, -0.0008075573758148818, 0.006085665989896903]], "chi2_level": 0.95, "chi2_df": 3, "chi2_threshold": 7.814727903251179, "N_raw": 37, "N_roi": 37, "N_inlier": 37, "refit": true}
{"timestamp": "15:37:30.631511", "frame": 78, "mu": [-0.6062627420356884, 4.39334807984936, 1.1594535742490484], "Sigma": [[0.029134858006875104, 0.00037374660487857615, -0.011055392267663559], [0.00037374660487857637, 0.00290253251348566, -0.004529141312086673], [-0.011055392267663559, -0.004529141312086673, 0.013253508521335703]], "chi2_level": 0.95, "chi2_df": 3, "chi2_threshold": 7.814727903251179, "N_raw": 47, "N_roi": 47, "N_inlier": 47, "refit": true}
{"timestamp": "15:37:30.684507", "frame": 79, "mu": [-0.6354971905923994, 4.402954499557522, 1.217047085129816], "Sigma": [[0.024219082343809435, 0.0006344736205769752, -0.009117484216758096], [0.0006344736205769753, 0.0009310302735796636, -0.001727717371593641], [-0.009117484216758096, -0.001727717371593641, 0.009691849198351333]], "chi2_level": 0.95, "chi2_df": 3, "chi2_threshold": 7.814727903251179, "N_raw": 26, "N_roi": 26, "N_inlier": 24, "refit": true}
{"timestamp": "15:37:30.906061", "frame": 83, "mu": [-0.8167927768504507, 4.395150881428599, 1.329995036390752], "Sigma": [[0.01628788849722535, 0.0015180856244857376, -0.0033107201760021188], [0.0015180856244857376, 0.002074053600682005, -0.0007640368207805163], [-0.0033107201760021188, -0.0007640368207805163, 0.005459635777991334]], "chi2_level": 0.95, "chi2_df": 3, "chi2_threshold": 7.814727903251179, "N_raw": 39, "N_roi": 28, "N_inlier": 24, "refit": true}
{"timestamp": "15:37:31.019492", "frame": 85, "mu": [-0.8426222381596882, 4.309804768846168, 0.9518864204320815], "Sigma": [[0.026567000991376225, 0.002453286540915348, -0.011423509974961232], [0.002453286540915348, 0.003081477755792524, -0.004926338350978698], [-0.011423509974961232, -0.004926338350978698, 0.012067895344345417]], "chi2_level": 0.95, "chi2_df": 3, "chi2_threshold": 7.814727903251179, "N_raw": 54, "N_roi": 47, "N_inlier": 47, "refit": true}
{"timestamp": "15:37:31.179247", "frame": 88, "mu": [-1.0069068243479458, 4.302073204760584, 1.191746552982868], "Sigma": [[0.013069953943664716, 0.001304537670783509, -0.006387518000981371], [0.0013045376707835087, 0.0029783941297980504, -1.3223704679989347e-05], [-0.006387518000981371, -1.3223704679989496e-05, 0.004216966219581934]], "chi2_level": 0.95, "chi2_df": 3, "chi2_threshold": 7.814727903251179, "N_raw": 27, "N_roi": 27, "N_inlier": 25, "refit": true}
{"timestamp": "15:37:31.234537", "frame": 89, "mu": [-1.0643114193241203, 4.3148641578692715, 1.2358738268131515], "Sigma": [[0.01472248348581892, 0.002580942079756338, -0.007673197585703676], [0.0025809420797563384, 0.003084594050376278, -0.0004937220168853554], [-0.0076731975857036745, -0.0004937220168853554, 0.005767992176470363]], "chi2_level": 0.95, "chi2_df": 3, "chi2_threshold": 7.814727903251179, "N_raw": 29, "N_roi": 29, "N_inlier": 25, "refit": true}
{"timestamp": "15:37:31.342010", "frame": 91, "mu": [-1.163359724918088, 4.44962741298313, 0.23971349317118545], "Sigma": [[0.017785526280007624, 0.020632908375671378, -0.04865353934664597], [0.020632908375671378, 0.030952597570776542, -0.06661501110422623], [-0.04865353934664597, -0.06661501110422621, 0.15643547229632324]], "chi2_level": 0.95, "chi2_df": 3, "chi2_threshold": 7.814727903251179, "N_raw": 15, "N_roi": 13, "N_inlier": 12, "refit": true}
{"timestamp": "15:37:31.509281", "frame": 94, "mu": [-1.2834357051624123, 4.289620352406461, 1.0472821489172055], "Sigma": [[0.014235591892206615, 0.0019844073973051273, -0.006904746872813555], [0.001984407397305127, 0.0016616895009042886, -0.0030472772319444234], [-0.006904746872813555, -0.003047277231944423, 0.008098833364260838]], "chi2_level": 0.95, "chi2_df": 3, "chi2_threshold": 7.814727903251179, "N_raw": 25, "N_roi": 25, "N_inlier": 23, "refit": true}
{"timestamp": "15:37:31.564283", "frame": 95, "mu": [-1.286488725918583, 4.293790860900885, 1.0547243583861095], "Sigma": [[0.017597021246366855, 0.0032661816541145706, -0.01078218882639135], [0.0032661816541145706, 0.0018949115976582425, -0.0031433234290157396], [-0.01078218882639135, -0.0031433234290157396, 0.008850742303654053]], "chi2_level": 0.95, "chi2_df": 3, "chi2_threshold": 7.814727903251179, "N_raw": 27, "N_roi": 25, "N_inlier": 24, "refit": true}
{"timestamp": "15:37:31.671879", "frame": 97, "mu": [-1.3959071960299985, 4.370148520208304, 1.1209655467163242], "Sigma": [[0.0134727135907347, 0.003029800012156324, -0.005015883105044092], [0.003029800012156324, 0.0016603195214798447, -0.0019757521312681182], [-0.005015883105044092, -0.0019757521312681187, 0.00540153160503459]], "chi2_level": 0.95, "chi2_df": 3, "chi2_threshold": 7.814727903251179, "N_raw": 14, "N_roi": 14, "N_inlier": 13, "refit": true}
{"timestamp": "15:37:31.882749", "frame": 100, "mu": [-1.534178932430489, 4.355631626948064, -0.9293180924165974], "Sigma": [[0.004808414734952463, 0.0023815539592174774, -0.0054430664926337705], [0.0023815539592174774, 0.003705322515654569, -0.0064030470887812335], [-0.0054430664926337705, -0.0064030470887812335, 0.02159003002343012]], "chi2_level": 0.95, "chi2_df": 3, "chi2_threshold": 7.814727903251179, "N_raw": 14, "N_roi": 11, "N_inlier": 10, "refit": true}
{"timestamp": "15:37:31.899294", "frame": 101, "mu": [-1.6426874040131054, 4.383801333292171, 0.2573402968456521], "Sigma": [[0.020686290122829784, 0.007892720217855627, -0.01311875174115684], [0.007892720217855625, 0.008535631498747052, -0.015804458996370268], [-0.013118751741156842, -0.015804458996370264, 0.031201827356844365]], "chi2_level": 0.95, "chi2_df": 3, "chi2_threshold": 7.814727903251179, "N_raw": 41, "N_roi": 38, "N_inlier": 36, "refit": true}
{"timestamp": "15:37:31.949463", "frame": 102, "mu": [-1.6660754084829357, 4.271536439496224, 1.2443018946216826], "Sigma": [[0.01632539575100977, 0.00439564886465867, -0.01773759363405723], [0.00439564886465867, 0.002588376218236257, -0.00613235546912932], [-0.01773759363405723, -0.00613235546912932, 0.052186201617970704]], "chi2_level": 0.95, "chi2_df": 3, "chi2_threshold": 7.814727903251179, "N_raw": 26, "N_roi": 23, "N_inlier": 21, "refit": true}
{"timestamp": "15:37:32.005278", "frame": 103, "mu": [-1.74353448045598, 4.31678774060372, 0.4370096670080561], "Sigma": [[0.01873266002522972, 0.006220577394756966, -0.009232678995683568], [0.006220577394756966, 0.005824791113852495, -0.0036936397626247527], [-0.009232678995683568, -0.0036936397626247527, 0.005774263858584187]], "chi2_level": 0.95, "chi2_df": 3, "chi2_threshold": 7.814727903251179, "N_raw": 33, "N_roi": 32, "N_inlier": 31, "refit": true}
{"timestamp": "15:37:32.831115", "frame": 118, "mu": [-2.2995727308769127, 4.246602643804835, 1.3694217640891897], "Sigma": [[0.015237664919605896, 0.0061399856257929025, -0.008653135858734546], [0.0061399856257929025, 0.0066942808231068894, -0.003879413191823406], [-0.008653135858734545, -0.003879413191823406, 0.006269487511200129]], "chi2_level": 0.95, "chi2_df": 3, "chi2_threshold": 7.814727903251179, "N_raw": 39, "N_roi": 29, "N_inlier": 28, "refit": true}
{"timestamp": "15:37:32.882362", "frame": 119, "mu": [-2.3687354118371076, 4.17243337099808, 1.014720842791549], "Sigma": [[0.009423945872738827, 0.0031509094640541253, -0.007165029158380691], [0.0031509094640541253, 0.002628760816311565, -0.004314568456328202], [-0.00716502915838069, -0.004314568456328202, 0.010295166978346407]], "chi2_level": 0.95, "chi2_df": 3, "chi2_threshold": 7.814727903251179, "N_raw": 18, "N_roi": 16, "N_inlier": 16, "refit": true}
{"timestamp": "15:37:32.938946", "frame": 120, "mu": [-2.368849623110029, 4.193391231106148, 1.2699231212134174], "Sigma": [[0.007167453510324767, 0.00508900868716254, -0.004588702606410521], [0.00508900868716254, 0.006814762744287015, -0.005188160368278259], [-0.004588702606410521, -0.005188160368278259, 0.0055665999476596974]], "chi2_level": 0.95, "chi2_df": 3, "chi2_threshold": 7.814727903251179, "N_raw": 32, "N_roi": 18, "N_inlier": 18, "refit": true}
{"timestamp": "15:37:33.050356", "frame": 122, "mu": [-2.418071628801694, 4.273865179340584, 0.33723312951470646], "Sigma": [[0.002931535439297827, 0.0026579837461238546, -0.0005519936674927323], [0.0026579837461238546, 0.0065396335443585335, -0.0003882332219598339], [-0.0005519936674927322, -0.00038823322195983385, 0.00027732472981524466]], "chi2_level": 0.95, "chi2_df": 3, "chi2_threshold": 7.814727903251179, "N_raw": 33, "N_roi": 14, "N_inlier": 14, "refit": true}
{"timestamp": "15:37:33.161087", "frame": 124, "mu": [-2.4186769593592463, 4.199705062571807, 1.2300602827061629], "Sigma": [[0.0033433873287001172, 0.0017641753457118367, -0.0004767775772726863], [0.0017641753457118367, 0.004475579740587814, -0.0009742189983523278], [-0.0004767775772726862, -0.0009742189983523278, 0.00021635614668482446]], "chi2_level": 0.95, "chi2_df": 3, "chi2_threshold": 7.814727903251179, "N_raw": 43, "N_roi": 15, "N_inlier": 13, "refit": true}
