{"timestamp": "14:51:14.450320", "frame": 18, "mu": [2.4116083988741215, 2.366144692320046, 0.8758082708331811], "Sigma": [[0.003238967528025511, -0.0033450407908233995, 0.0003509521405655827], [-0.0033450407908233995, 0.006149406940994747, -0.0012289132417505832], [0.0003509521405655827, -0.0012289132417505832, 0.0005254811531697805]], "chi2_level": 0.95, "chi2_df": 3, "chi2_threshold": 7.814727903251179, "N_raw": 19, "N_roi": 13, "N_inlier": 12, "refit": true}
{"timestamp": "14:51:15.164157", "frame": 31, "mu": [2.3072256413659824, 2.2028887896837634, 0.8998983767081148], "Sigma": [[0.004194116608733077, -0.003442590744404183, -0.002390362047090488], [-0.003442590744404183, 0.004331357049168414, 0.00019216230449837517], [-0.002390362047090488, 0.00019216230449837517, 0.004592884304216902]], "chi2_level": 0.95, "chi2_df": 3, "chi2_threshold": 7.814727903251179, "N_raw": 13, "N_roi": 13, "N_inlier": 12, "refit": true}
{"timestamp": "14:51:15.221628", "frame": 32, "mu": [2.2357264932623346, 2.3070336712957458, 0.9758345575934214], "Sigma": [[0.004858375782401676, -0.00469181140563858, -0.0012869312960470543], [-0.00469181140563858, 0.009065014872794984, -0.001181940745477048], [-0.0012869312960470543, -0.001181940745477048, 0.0031674920867170355]], "chi2_level": 0.95, "chi2_df": 3, "chi2_threshold": 7.814727903251179, "N_raw": 23, "N_roi": 23, "N_inlier": 22, "refit": true}
{"timestamp": "14:51:15.277331", "frame": 33, "mu": [2.296283225061007, 2.2122909134661937, 1.2065363371255506], "Sigma": [[0.006856304030121946, -0.005675004074482676, 0.0034117629804696634], [-0.005675004074482676, 0.008053922053234717, -0.006779145427726279], [0.003411762980469664, -0.006779145427726278, 0.015802060629160612]], "chi2_level": 0.95, "chi2_df": 3, "chi2_threshold": 7.814727903251179, "N_raw": 16, "N_roi": 15, "N_inlier": 13, "refit": true}
{"timestamp": "14:51:15.389281", "frame": 35, "mu": [2.1967338567547956, 2.318560497440348, 0.9181980541486078], "Sigma": [[0.005979623822506541, -0.006340394896537744, -0.0019243884668765179], [-0.006340394896537744, 0.007468337521024216, -0.001483259856806323], [-0.0019243884668765183, -0.0014832598568063232, 0.04300313189274324]], "chi2_level": 0.95, "chi2_df": 3, "chi2_threshold": 7.814727903251179, "N_raw": 33, "N_roi": 32, "N_inlier": 30, "refit": true}
{"timestamp": "14:51:15.442169", "frame": 36, "mu": [2.1736714480619055, 2.3069645780598043, 0.843957661764766], "Sigma": [[0.0054184431843314765, -0.007050675030559842, 0.00632107383501652], [-0.007050675030559842, 0.01761780564789981, -0.01684258521111614], [0.0063210738350165194, -0.01684258521111614, 0.024764844407088468]], "chi2_level": 0.95, "chi2_df": 3, "chi2_threshold": 7.814727903251179, "N_raw": 19, "N_roi": 18, "N_inlier": 17, "refit": true}
{"timestamp": "14:51:15.720600", "frame": 41, "mu": [1.9650461723458619, 2.3552095484769544, -0.4084282977285198], "Sigma": [[0.01271982703008313, -0.008776103243944205, -0.004178197880821218], [-0.008776103243944205, 0.010562249027172664, 0.001171640695136142], [-0.004178197880821218, 0.001171640695136142, 0.002881199375040976]], "chi2_level": 0.95, "chi2_df": 3, "chi2_threshold": 7.814727903251179, "N_raw": 39, "N_roi": 39, "N_inlier": 39, "refit": true}
{"timestamp": "14:51:15.772889", "frame": 42, "mu": [1.9377546142932314, 2.195658134804619, 1.0547866869163398], "Sigma": [[0.005691705685105343, -0.005090947479030697, -0.0009634865825508083], [-0.005090947479030697, 0.008288376240358282, 0.002573967937105859], [-0.0009634865825508083, 0.002573967937105859, 0.0013110547642472548]], "chi2_level": 0.95, "chi2_df": 3, "chi2_threshold": 7.814727903251179, "N_raw": 19, "N_roi": 19, "N_inlier": 17, "refit": true}
{"timestamp": "14:51:15.882003", "frame": 44, "mu": [1.9127887270438637, 2.238136511332067, 1.1232652121286322], "Sigma": [[0.003273699982687152, -0.0017759016069585228, 0.00149721349792096], [-0.001775901606958523, 0.001701868135507794, -0.0027078144962715167], [0.0014972134979209602, -0.0027078144962715163, 0.02211355996273123]], "chi2_level": 0.95, "chi2_df": 3, "chi2_threshold": 7.814727903251179, "N_raw": 17, "N_roi": 17, "N_inlier": 17, "refit": true}
{"timestamp": "14:51:16.048344", "frame": 47, "mu": [1.8945858992299622, 2.233423108881274, 1.0338811341232401], "Sigma": [[0.005153409574831849, -0.0027195682364249047, 0.0028211077707311853], [-0.002719568236424905, 0.0018482461382102083, -0.00033517112666221955], [0.0028211077707311853, -0.00033517112666222, 0.03614387603414725]], "chi2_level": 0.95, "chi2_df": 3, "chi2_threshold": 7.814727903251179, "N_raw": 27, "N_roi": 27, "N_inlier": 25, "refit": true}
{"timestamp": "14:51:16.104343", "frame": 48, "mu": [1.8343377506106795, 2.2595460003849355, 1.1495340008394836], "Sigma": [[0.006985658129938696, -0.0054855950322242235, -0.006481939750719508], [-0.0054855950322242235, 0.005199207354421508, 0.0021214984142073835], [-0.006481939750719508, 0.0021214984142073835, 0.02156087425606598]], "chi2_level": 0.95, "chi2_df": 3, "chi2_threshold": 7.814727903251179, "N_raw": 31, "N_roi": 30, "N_inlier": 29, "refit": true}
{"timestamp": "14:51:16.215588", "frame": 50, "mu": [1.7573299437657188, 2.237360196816136, 0.9688315340657279], "Sigma": [[0.00945379515823268, -0.007199527798333197, -0.005089967559157096], [-0.007199527798333197, 0.007973918706640675, 0.015941760533255977], [-0.005089967559157096, 0.015941760533255977, 0.0948541337863058]], "chi2_level": 0.95, "chi2_df": 3, "chi2_threshold": 7.814727903251179, "N_raw": 46, "N_roi": 46, "N_inlier": 43, "refit": true}
{"timestamp": "14:51:16.270488", "frame": 51, "mu": [1.717373659066086, 2.3080087623557928, 1.1651181246207103], "Sigma": [[0.008411816295632023, -0.007843587870283974, -0.009102111240627915], [-0.007843587870283974, 0.008573018737819276, 0.01112703813640585], [-0.009102111240627915, 0.011127038136405854, 0.06554877328070813]], "chi2_level": 0.95, "chi2_df": 3, "chi2_threshold": 7.814727903251179, "N_raw": 41, "N_roi": 41, "N_inlier": 40, "refit": true}
{"timestamp": "14:51:16.327043", "frame": 52, "mu": [1.7566876313961033, 2.1844048901767588, 0.9682477940929709], "Sigma": [[0.012464035030929035, -0.010896435130069056, -0.012531754698386922], [-0.010896435130069057, 0.010069936175189627, 0.011901844784119668], [-0.012531754698386922, 0.01190184478411967, 0.05210630333357817]], "chi2_level": 0.95, "chi2_df": 3, "chi2_threshold": 7.814727903251179, "N_raw": 48, "N_roi": 48, "N_inlier": 47, "refit": true}
{"timestamp": "14:51:16.651694", "frame": 58, "mu": [1.5005652724486795, 2.3140764287177, -0.2200024412498425], "Sigma": [[0.003575886155430731, -0.001263195791493462, -0.0033114447208016547], [-0.001263195791493462, 0.0033971901046349617, -0.0037644244538475704], [-0.0033114447208016547, -0.0037644244538475704, 0.012084087090360704]], "chi2_level": 0.95, "chi2_df": 3, "chi2_threshold": 7.814727903251179, "N_raw": 15, "N_roi": 15, "N_inlier": 15, "refit": true}
{"timestamp": "14:51:16.706148", "frame": 59, "mu": [1.4576860019731028, 2.1594693695125433, 1.1415084005875122], "Sigma": [[0.003022357621456353, -0.0014741246079651024, -0.0007264810828060373], [-0.0014741246079651024, 0.0025289120240814035, 1.6673028954847154e-05], [-0.0007264810828060373, 1.6673028954847154e-05, 0.0005921271494834618]], "chi2_level": 0.95, "chi2_df": 3, "chi2_threshold": 7.814727903251179, "N_raw": 16, "N_roi": 16, "N_inlier": 15, "refit": true}
{"timestamp": "14:51:16.763133", "frame": 60, "mu": [1.502978430076371, 2.088022669523224, 1.0385852172852266], "Sigma": [[0.006149480930964992, -0.004269790725226005, -0.002914280116654199], [-0.004269790725226005, 0.0036709729434477698, 0.0007075551410946851], [-0.0029142801166541993, 0.0007075551410946852, 0.005122975555449893]], "chi2_level": 0.95, "chi2_df": 3, "chi2_threshold": 7.814727903251179, "N_raw": 22, "N_roi": 22, "N_inlier": 21, "refit": true}
{"timestamp": "14:51:16.816689", "frame": 61, "mu": [1.466251858211858, 2.123568763588272, 0.8372672096714208], "Sigma": [[0.0021096960221990316, -0.0011436886453367436, -0.017842799760817082], [-0.0011436886453367436, 0.0035416149724353152, 0.014389724073387733], [-0.017842799760817082, 0.014389724073387733, 0.19530454950728443]], "chi2_level": 0.95, "chi2_df": 3, "chi2_threshold": 7.814727903251179, "N_raw": 11, "N_roi": 11, "N_inlier": 10, "refit": true}
{"timestamp": "14:51:16.930328", "frame": 63, "mu": [1.3822959035356017, 2.1309458685207936, 1.2024744968800112], "Sigma": [[0.00637895161806375, -0.0036356775476916116, -0.005055228929935894], [-0.0036356775476916116, 0.0026053130900727728, 7.105906420656389e-05], [-0.005055228929935894, 7.105906420656389e-05, 0.026622393989782292]], "chi2_level": 0.95, "chi2_df": 3, "chi2_threshold": 7.814727903251179, "N_raw": 38, "N_roi": 38, "N_inlier": 35, "refit": true}
{"timestamp": "14:51:16.982482", "frame": 64, "mu": [1.3478717677459573, 2.1883731469933823, 0.8634156451711105], "Sigma": [[0.004832548599946714, -0.00010410269166592821, -0.018274997539108537], [-0.00010410269166592821, 0.0037308501857840144, -0.008014208614790144], [-0.018274997539108537, -0.008014208614790144, 0.10012403401564193]], "chi2_level": 0.95, "chi2_df": 3, "chi2_threshold": 7.814727903251179, "N_raw": 14, "N_roi": 14, "N_inlier": 13, "refit": true}
{"timestamp": "14:51:17.037149", "frame": 65, "mu": [1.288220012675355, 2.122424736843728, 1.1152347981168298], "Sigma": [[0.005138023056821558, -0.0017332873472268135, -0.01310197796959711], [-0.001733287347226813, 0.0026625130217581565, 0.014420509356345732], [-0.013101977969597108, 0.014420509356345732, 0.23162587177176447]], "chi2_level": 0.95, "chi2_df": 3, "chi2_threshold": 7.814727903251179, "N_raw": 16, "N_roi": 16, "N_inlier": 14, "refit": true}
{"timestamp": "14:51:17.152967", "frame": 67, "mu": [1.200068658395719, 2.143299167666025, 1.311291818374748], "Sigma": [[0.012626421812916289, -0.006405157039145197, -0.007301893049596966], [-0.006405157039145197, 0.006624259118556762, -6.897581234511065e-05], [-0.007301893049596966, -6.897581234511087e-05, 0.012830769871780398]], "chi2_level": 0.95, "chi2_df": 3, "chi2_threshold": 7.814727903251179, "N_raw": 62, "N_roi": 62, "N_inlier": 60, "refit": true}
{"timestamp": "14:51:17.210590", "frame": 68, "mu": [1.1686965452602511, 2.1351693784422836, 1.2942153317306913], "Sigma": [[0.010988119407188678, -0.004546358372131958, -0.008420077989348834], [-0.004546358372131958, 0.005719761914060445, 0.00033413146642339783], [-0.008420077989348834, 0.00033413146642339805, 0.03371475735291343]], "chi2_level": 0.95, "chi2_df": 3, "chi2_threshold": 7.814727903251179, "N_raw": 74, "N_roi": 74, "N_inlier": 71, "refit": true}
{"timestamp": "14:51:17.260642", "frame": 69, "mu": [1.1616202238089075, 2.1469117341601778, -0.5794347535496249], "Sigma": [[0.01064064890260694, -0.0024619136559825092, 0.0021562754216361904], [-0.0024619136559825092, 0.0032088936620278457, 0.004093753857336978], [0.0021562754216361904, 0.004093753857336978, 0.03722843309794163]], "chi2_level": 0.95, "chi2_df": 3, "chi2_threshold": 7.814727903251179, "N_raw": 38, "N_roi": 37, "N_inlier": 36, "refit": true}
{"timestamp": "14:51:17.313481", "frame": 70, "mu": [1.115459612294217, 2.1049932373277627, 0.9686356268863182], "Sigma": [[0.00394125070171406, -0.0027622721477757756, -0.006627113554964184], [-0.002762272147775776, 0.0026020654086453174, 0.003719905417379911], [-0.006627113554964184, 0.003719905417379911, 0.04203426613294022]], "chi2_level": 0.95, "chi2_df": 3, "chi2_threshold": 7.814727903251179, "N_raw": 22, "N_roi": 22, "N_inlier": 20, "refit": true}
{"timestamp": "14:51:17.374336", "frame": 71, "mu": [1.063559491746287, 2.088047740049256, 1.1230918356064585], "Sigma": [[0.01112106754910864, -0.006281192755276296, -0.00988711502559899], [-0.006281192755276297, 0.004556453041267945, 0.007659951438059273], [-0.009887115025598992, 0.007659951438059273, 0.05586210203417856]], "chi2_level": 0.95, "chi2_df": 3, "chi2_threshold": 7.814727903251179, "N_raw": 67, "N_roi": 67, "N_inlier": 63, "refit": true}
{"timestamp": "14:51:17.430600", "frame": 72, "mu": [1.0371101865876358, 2.096575394656332, 1.0742527182697186], "Sigma": [[0.010661066199946828, -0.005803712677141721, -0.005405760922886623], [-0.005803712677141721, 0.0036099823830332252, 0.0033300020310713272], [-0.005405760922886624, 0.0033300020310713272, 0.055586097725130026]], "chi2_level": 0.95, "chi2_df": 3, "chi2_threshold": 7.814727903251179, "N_raw": 75, "N_roi": 75, "N_inlier": 70, "refit": true}
{"timestamp": "14:51:17.478844", "frame": 73, "mu": [1.0097919864086171, 2.0790521390615586, 1.0999224974915582], "Sigma": [[0.005522431499162849, -0.004209175558259859, -0.015979666620133982], [-0.004209175558259859, 0.0062325329667756516, 0.023659585265806145], [-0.015979666620133982, 0.023659585265806145, 0.14839275812576794]], "chi2_level": 0.95, "chi2_df": 3, "chi2_threshold": 7.814727903251179, "N_raw": 28, "N_roi": 28, "N_inlier": 26, "refit": true}
{"timestamp": "14:51:17.541876", "frame": 74, "mu": [0.9743984754133341, 2.0872394189453147, 1.1045711315387172], "Sigma": [[0.010609351868348955, -0.004015742371573986, -0.00715788909352598], [-0.004015742371573986, 0.003325292960168898, 0.007226739638147732], [-0.007157889093525981, 0.007226739638147734, 0.08702753503081398]], "chi2_level": 0.95, "chi2_df": 3, "chi2_threshold": 7.814727903251179, "N_raw": 82, "N_roi": 82, "N_inlier": 80, "refit": true}
{"timestamp": "14:51:17.598142", "frame": 75, "mu": [0.9262165253931823, 2.098847809677519, 1.2391583241262643], "Sigma": [[0.011708896464254203, -0.004519274857084424, -0.0116705551864582], [-0.004519274857084423, 0.004302150316782139, 0.0024000220279756087], [-0.0116705551864582, 0.002400022027975609, 0.04964264600423553]], "chi2_level": 0.95, "chi2_df": 3, "chi2_threshold": 7.814727903251179, "N_raw": 86, "N_roi": 86, "N_inlier": 80, "refit": true}
{"timestamp": "14:51:17.652151", "frame": 76, "mu": [0.8889046191245623, 2.115206793975587, 1.3081248548251911], "Sigma": [[0.011015528422715, -0.003251634202228009, -0.005247102845090688], [-0.0032516342022280093, 0.005443788129206403, -0.004702346523558106], [-0.005247102845090688, -0.004702346523558106, 0.019357250802503882]], "chi2_level": 0.95, "chi2_df": 3, "chi2_threshold": 7.814727903251179, "N_raw": 82, "N_roi": 82, "N_inlier": 71, "refit": true}
{"timestamp": "14:51:17.706898", "frame": 77, "mu": [0.8337476456097881, 2.1037740362447734, 1.2348765091108564], "Sigma": [[0.01148527290670841, -0.004061278498468538, -0.008451615241341479], [-0.004061278498468538, 0.003707387566042425, 0.00044600288213092736], [-0.008451615241341477, 0.00044600288213092704, 0.038116355928766193]], "chi2_level": 0.95, "chi2_df": 3, "chi2_threshold": 7.814727903251179, "N_raw": 79, "N_roi": 79, "N_inlier": 73, "refit": true}
{"timestamp": "14:51:17.758709", "frame": 78, "mu": [0.777636488588901, 2.2372791263325524, -0.37848162813703085], "Sigma": [[0.012478543256372753, -0.008537530471300136, 0.03494384296592139], [-0.008537530471300136, 0.01306763354435257, -0.05591225519727518], [0.03494384296592139, -0.05591225519727518, 0.3474317869184576]], "chi2_level": 0.95, "chi2_df": 3, "chi2_threshold": 7.814727903251179, "N_raw": 57, "N_roi": 56, "N_inlier": 53, "refit": true}
{"timestamp": "14:51:17.813501", "frame": 79, "mu": [0.7611209631050622, 2.0712279767142303, 1.1622718149248834], "Sigma": [[0.006895872409645586, -0.003173815588373303, -0.008302475678457296], [-0.003173815588373303, 0.006628113009953752, 0.018327546140914357], [-0.008302475678457294, 0.018327546140914357, 0.09462896082871139]], "chi2_level": 0.95, "chi2_df": 3, "chi2_threshold": 7.814727903251179, "N_raw": 57, "N_roi": 56, "N_inlier": 52, "refit": true}
{"timestamp": "14:51:17.863618", "frame": 80, "mu": [0.7364343182532787, 2.0904419535711747, 1.310527472248317], "Sigma": [[0.004141234465646173, -0.0010819979555082178, -0.008898379562068053], [-0.001081997955508218, 0.003099458631977906, 0.006797713152368998], [-0.008898379562068051, 0.006797713152368998, 0.10163474186100355]], "chi2_level": 0.95, "chi2_df": 3, "chi2_threshold": 7.814727903251179, "N_raw": 26, "N_roi": 24, "N_inlier": 20, "refit": true}
{"timestamp": "14:51:17.922912", "frame": 81, "mu": [0.7025756176242717, 2.098246533520574, 1.1933933215376156], "Sigma": [[0.008867357366337794, -0.0031302364356871576, -0.006760690241586821], [-0.003130236435687158, 0.0019530279912098943, 0.0014419004218765045], [-0.0067606902415868215, 0.001441900421876505, 0.024754006929347906]], "chi2_level": 0.95, "chi2_df": 3, "chi2_threshold": 7.814727903251179, "N_raw": 54, "N_roi": 52, "N_inlier": 48, "refit": true}
{"timestamp": "14:51:17.980599", "frame": 82, "mu": [0.6006572706857013, 2.071036521299799, 1.2866019905855988], "Sigma": [[0.007070880338129274, -0.001972810144939734, -0.0015640429846891426], [-0.001972810144939734, 0.0037591646913337964, -0.00022981817716100496], [-0.0015640429846891426, -0.00022981817716100452, 0.04555910358865641]], "chi2_level": 0.95, "chi2_df": 3, "chi2_threshold": 7.814727903251179, "N_raw": 75, "N_roi": 73, "N_inlier": 69, "refit": true}
{"timestamp": "14:51:18.030839", "frame": 83, "mu": [0.6064681930786431, 2.236400029628763, -0.5028243817620717], "Sigma": [[0.00509462763230462, -0.0015431682588193268, -0.004297779832389329], [-0.0015431682588193272, 0.010052737161605057, -0.01942232997936073], [-0.004297779832389331, -0.019422329979360727, 0.05311813797530299]], "chi2_level": 0.95, "chi2_df": 3, "chi2_threshold": 7.814727903251179, "N_raw": 39, "N_roi": 39, "N_inlier": 34, "refit": true}
{"timestamp": "14:51:18.144401", "frame": 85, "mu": [0.4905252355992966, 2.09071663476071, 1.2916143358581724], "Sigma": [[0.00586113385565733, -0.002397565490989711, -0.001260503335353728], [-0.002397565490989711, 0.003963579775632096, -0.0018204727265334454], [-0.0012605033353537277, -0.0018204727265334452, 0.03224546187829411]], "chi2_level": 0.95, "chi2_df": 3, "chi2_threshold": 7.814727903251179, "N_raw": 67, "N_roi": 65, "N_inlier": 60, "refit": true}
{"timestamp": "14:51:18.194598", "frame": 86, "mu": [0.4582994804045606, 2.1350747768269747, -0.06877214765132618], "Sigma": [[0.004406843532998732, -0.0008482955855816873, -0.0053709908695939845], [-0.0008482955855816873, 0.002630216411177194, -0.0018669584006896119], [-0.0053709908695939845, -0.0018669584006896123, 0.026938990080273367]], "chi2_level": 0.95, "chi2_df": 3, "chi2_threshold": 7.814727903251179, "N_raw": 31, "N_roi": 31, "N_inlier": 27, "refit": true}
{"timestamp": "14:51:18.252485", "frame": 87, "mu": [0.38595602847260535, 2.0962318300708582, 1.419313723518137], "Sigma": [[0.006728278687958001, -0.001928822278900552, -0.002752186241672568], [-0.0019288222789005517, 0.0031835499225731177, 0.0009161697466188723], [-0.0027521862416725685, 0.0009161697466188723, 0.010352694506340089]], "chi2_level": 0.95, "chi2_df": 3, "chi2_threshold": 7.814727903251179, "N_raw": 49, "N_roi": 46, "N_inlier": 42, "refit": true}
{"timestamp": "14:51:18.305631", "frame": 88, "mu": [0.3299078582103279, 2.0745791418422517, 1.424803880445972], "Sigma": [[0.0057229730185581204, -0.00223261214667953, -0.0030037557246957967], [-0.00223261214667953, 0.003134949708115751, 0.0022640618414308603], [-0.0030037557246957967, 0.0022640618414308607, 0.0024567765957870724]], "chi2_level": 0.95, "chi2_df": 3, "chi2_threshold": 7.814727903251179, "N_raw": 34, "N_roi": 31, "N_inlier": 27, "refit": true}
{"timestamp": "14:51:18.356711", "frame": 89, "mu": [0.34292595792252106, 2.034639175037603, 0.5504944989658304], "Sigma": [[0.007780070485966072, -0.0002671954514183272, 0.03607444093965105], [-0.0002671954514183272, 0.0028254334777838203, 0.022532566705612676], [0.03607444093965105, 0.02253256670561268, 0.4715908667847503]], "chi2_level": 0.95, "chi2_df": 3, "chi2_threshold": 7.814727903251179, "N_raw": 11, "N_roi": 10, "N_inlier": 10, "refit": true}
{"timestamp": "14:51:18.418566", "frame": 90, "mu": [0.29108149044085957, 2.0637929661932035, 1.363589923026204], "Sigma": [[0.007239745419465032, -0.0017889918770625994, -0.002814730122231177], [-0.0017889918770625994, 0.004613626421917888, -0.0016598653124199414], [-0.002814730122231177, -0.0016598653124199412, 0.0036641239997925916]], "chi2_level": 0.95, "chi2_df": 3, "chi2_threshold": 7.814727903251179, "N_raw": 62, "N_roi": 59, "N_inlier": 57, "refit": true}
{"timestamp": "14:51:18.471306", "frame": 91, "mu": [0.19834617130900356, 2.0639385567812725, 0.9723371648435118], "Sigma": [[0.020526882438791746, 0.004846729515164941, 0.08063783560524229], [0.004846729515164941, 0.002779161236226858, 0.026308936814359342], [0.08063783560524229, 0.02630893681435934, 0.42199630229772983]], "chi2_level": 0.95, "chi2_df": 3, "chi2_threshold": 7.814727903251179, "N_raw": 45, "N_roi": 45, "N_inlier": 42, "refit": true}
{"timestamp": "14:51:18.526313", "frame": 92, "mu": [0.20700315077113193, 2.043093706146115, 1.1407787522638015], "Sigma": [[0.005284389713481354, -0.0025553987759683286, -0.017658377445561826], [-0.0025553987759683286, 0.005614686646078312, 0.028604955708797154], [-0.017658377445561826, 0.028604955708797154, 0.33993276433073666]], "chi2_level": 0.95, "chi2_df": 3, "chi2_threshold": 7.814727903251179, "N_raw": 44, "N_roi": 42, "N_inlier": 41, "refit": true}
{"timestamp": "14:51:18.578952", "frame": 93, "mu": [0.16299542134927442, 2.013616286576636, 1.3656550694057996], "Sigma": [[0.004512353040600663, -0.001212300738291373, -0.0024179501766137977], [-0.0012123007382913728, 0.0028970261150659186, 0.0020532474420747833], [-0.0024179501766137977, 0.0020532474420747833, 0.0024351022811093985]], "chi2_level": 0.95, "chi2_df": 3, "chi2_threshold": 7.814727903251179, "N_raw": 32, "N_roi": 28, "N_inlier": 25, "refit": true}
{"timestamp": "14:51:18.631954", "frame": 94, "mu": [0.13848363823065818, 1.999959290145747, 1.3325258568719398], "Sigma": [[0.003002304752182214, -0.00020049342383598258, -0.0008743821031305636], [-0.00020049342383598258, 0.001644415985069049, 0.0003219809338289204], [-0.0008743821031305635, 0.00032198093382892036, 0.00047118341775750634]], "chi2_level": 0.95, "chi2_df": 3, "chi2_threshold": 7.814727903251179, "N_raw": 22, "N_roi": 22, "N_inlier": 19, "refit": true}
{"timestamp": "14:51:18.692781", "frame": 95, "mu": [0.08675182567068873, 2.131482047687854, 1.3330716172483434], "Sigma": [[0.007399350508760347, 0.00011212758596803017, -0.002783027014814041], [0.00011212758596803018, 0.0007418281876073373, -0.003431214890677636], [-0.002783027014814041, -0.003431214890677636, 0.028376561814505884]], "chi2_level": 0.95, "chi2_df": 3, "chi2_threshold": 7.814727903251179, "N_raw": 59, "N_roi": 57, "N_inlier": 55, "refit": true}
{"timestamp": "14:51:18.747435", "frame": 96, "mu": [0.0136364360049624, 2.105098242495704, 1.4412257863465134], "Sigma": [[0.006382971738789247, -0.0004084165537046423, -0.0024781230761267104], [-0.00040841655370464224, 0.0053161846721548065, -0.00020305544941770414], [-0.0024781230761267104, -0.00020305544941770428, 0.0024378799820394103]], "chi2_level": 0.95, "chi2_df": 3, "chi2_threshold": 7.814727903251179, "N_raw": 56, "N_roi": 55, "N_inlier": 53, "refit": true}
{"timestamp": "14:51:18.802019", "frame": 97, "mu": [-0.021863699766168213, 2.087004384975655, 1.4832397989327613], "Sigma": [[0.0064001760246521966, -0.0008823051940949308, -0.0021772366673733787], [-0.0008823051940949309, 0.00333039398033237, 0.00010070634165653377], [-0.0021772366673733787, 0.0001007063416565338, 0.0010802002452821016]], "chi2_level": 0.95, "chi2_df": 3, "chi2_threshold": 7.814727903251179, "N_raw": 46, "N_roi": 43, "N_inlier": 41, "refit": true}
{"timestamp": "14:51:18.858185", "frame": 98, "mu": [-0.06474643340679716, 2.112742013420878, 1.4961532124115382], "Sigma": [[0.007307568244838777, -0.0006033111294158247, -0.0026517221674093477], [-0.0006033111294158247, 0.004297694880969707, -0.0014786780087797209], [-0.0026517221674093477, -0.0014786780087797209, 0.0023961479685019166]], "chi2_level": 0.95, "chi2_df": 3, "chi2_threshold": 7.814727903251179, "N_raw": 58, "N_roi": 56, "N_inlier": 55, "refit": true}
{"timestamp": "14:51:18.912305", "frame": 99, "mu": [-0.1196434764839517, 2.0567559705621985, 1.109172008016305], "Sigma": [[0.010302350123648107, 0.0038569853956966268, 0.05056476661376244], [0.0038569853956966268, 0.00503103901323727, 0.03547364001569732], [0.05056476661376244, 0.03547364001569732, 0.4563026692687932]], "chi2_level": 0.95, "chi2_df": 3, "chi2_threshold": 7.814727903251179, "N_raw": 49, "N_roi": 49, "N_inlier": 48, "refit": true}
{"timestamp": "14:51:19.027806", "frame": 100, "mu": [-0.10552023031132368, 2.11122437740511, 1.2849837539673656], "Sigma": [[0.004001325871852032, -8.219128213613803e-05, -0.0035250750732219722], [-8.219128213613798e-05, 0.0006229837280666441, 0.0012205736405593302], [-0.0035250750732219722, 0.0012205736405593304, 0.04763450795095808]], "chi2_level": 0.95, "chi2_df": 3, "chi2_threshold": 7.814727903251179, "N_raw": 44, "N_roi": 42, "N_inlier": 37, "refit": true}
{"timestamp": "14:51:19.071304", "frame": 102, "mu": [-0.30880889638302067, 2.1046938093121303, -0.15052221407612465], "Sigma": [[0.027820403492511026, -0.018916957533791558, 0.26094216862227637], [-0.018916957533791558, 0.10828723695159712, -0.4968356700362248], [0.2609421686222763, -0.4968356700362248, 3.6909644490177724]], "chi2_level": 0.95, "chi2_df": 3, "chi2_threshold": 7.814727903251179, "N_raw": 11, "N_roi": 11, "N_inlier": 10, "refit": true}
{"timestamp": "14:51:19.133400", "frame": 103, "mu": [-0.259471693763403, 2.050095896380797, 1.2717586436142014], "Sigma": [[0.00815868862675435, 0.0008308793269566937, 0.004009913963486163], [0.0008308793269566935, 0.003674200768601664, 0.003477131698955558], [0.004009913963486163, 0.003477131698955558, 0.1258804072303711]], "chi2_level": 0.95, "chi2_df": 3, "chi2_threshold": 7.814727903251179, "N_raw": 59, "N_roi": 59, "N_inlier": 55, "refit": true}
{"timestamp": "14:51:19.189748", "frame": 104, "mu": [-0.2960892499687705, 2.0373899569462917, 1.3813009599371995], "Sigma": [[0.007969652536259971, -0.0003473158200156272, -0.0030548538151475013], [-0.0003473158200156272, 0.005721941606488873, -0.0014131177338706055], [-0.0030548538151475018, -0.0014131177338706055, 0.0017689027731961347]], "chi2_level": 0.95, "chi2_df": 3, "chi2_threshold": 7.814727903251179, "N_raw": 63, "N_roi": 61, "N_inlier": 58, "refit": true}
{"timestamp": "14:51:19.240647", "frame": 105, "mu": [-0.3014619790122713, 2.0559140061043313, 0.8775793039727383], "Sigma": [[0.0054914225468280725, 0.0015168962911343456, -0.01563229463203962], [0.0015168962911343456, 0.0093853391789555, -0.053676679060822616], [-0.01563229463203962, -0.05367667906082261, 0.4616788915422429]], "chi2_level": 0.95, "chi2_df": 3, "chi2_threshold": 7.814727903251179, "N_raw": 42, "N_roi": 42, "N_inlier": 41, "refit": true}
{"timestamp": "14:51:19.292748", "frame": 106, "mu": [-0.29443847563678144, 2.027106255155237, 0.9946354522391645], "Sigma": [[0.0028121182558354775, -0.0004141820279936306, -0.021214139415801365], [-0.0004141820279936308, 0.0048852127344504144, 0.009885263164329517], [-0.021214139415801365, 0.009885263164329517, 0.4216429949063837]], "chi2_level": 0.95, "chi2_df": 3, "chi2_threshold": 7.814727903251179, "N_raw": 15, "N_roi": 14, "N_inlier": 14, "refit": true}
{"timestamp": "14:51:19.349363", "frame": 107, "mu": [-0.3995557608216009, 1.9539199416811603, 0.7039908784226415], "Sigma": [[0.007747737616396085, -0.0003969666517721077, -0.02532828778374558], [-0.000396966651772108, 0.00116888566339243, -0.0018957133399413587], [-0.02532828778374558, -0.0018957133399413587, 0.16217678229073182]], "chi2_level": 0.95, "chi2_df": 3, "chi2_threshold": 7.814727903251179, "N_raw": 26, "N_roi": 24, "N_inlier": 21, "refit": true}
{"timestamp": "14:51:19.406457", "frame": 108, "mu": [-0.5457712512283395, 2.0205285727354685, 0.9875969528334033], "Sigma": [[0.006448273328620787, -0.00012886985637657348, -0.000175780731972512], [-0.00012886985637657348, 0.0011931970425108273, -0.0016628860528020754], [-0.00017578073197251195, -0.0016628860528020756, 0.005527096254482996]], "chi2_level": 0.95, "chi2_df": 3, "chi2_threshold": 7.814727903251179, "N_raw": 43, "N_roi": 41, "N_inlier": 37, "refit": true}
{"timestamp": "14:51:19.459459", "frame": 109, "mu": [-0.4775436451381625, 1.9766365409601858, 1.3918921814154408], "Sigma": [[0.003990109269145714, -0.00023071193884287294, -0.004399391620587105], [-0.00023071193884287313, 0.002144462113924395, 0.0028179213140488587], [-0.004399391620587105, 0.0028179213140488587, 0.02546493323896149]], "chi2_level": 0.95, "chi2_df": 3, "chi2_threshold": 7.814727903251179, "N_raw": 29, "N_roi": 29, "N_inlier": 26, "refit": true}
{"timestamp": "14:51:19.518303", "frame": 110, "mu": [-0.5217504873466986, 1.9769324410398115, 1.31608939083922], "Sigma": [[0.005479264471421907, -0.00043048690321348507, -0.002216675921514394], [-0.0004304869032134851, 0.0027182567998595662, 0.0007529732489801259], [-0.002216675921514394, 0.0007529732489801263, 0.04449184583608731]], "chi2_level": 0.95, "chi2_df": 3, "chi2_threshold": 7.814727903251179, "N_raw": 63, "N_roi": 63, "N_inlier": 60, "refit": true}
{"timestamp": "14:51:19.569304", "frame": 111, "mu": [-0.5619163477855653, 2.041614535094309, 0.02191547295112284], "Sigma": [[0.00539908656803977, 0.0007584632037254901, -0.0024720937719192124], [0.0007584632037254901, 0.00171353536982302, -0.000789190756132404], [-0.0024720937719192124, -0.000789190756132404, 0.0014788612141171371]], "chi2_level": 0.95, "chi2_df": 3, "chi2_threshold": 7.814727903251179, "N_raw": 29, "N_roi": 29, "N_inlier": 27, "refit": true}
{"timestamp": "14:51:19.679486", "frame": 113, "mu": [-0.5997987566392098, 2.0802363910732447, -0.22392031547357744], "Sigma": [[0.00351523268898959, -0.0013011592388532064, 0.010005424424829575], [-0.001301159238853206, 0.013584849532351503, -0.03948003497936171], [0.010005424424829575, -0.03948003497936171, 0.15708952732422812]], "chi2_level": 0.95, "chi2_df": 3, "chi2_threshold": 7.814727903251179, "N_raw": 32, "N_roi": 29, "N_inlier": 27, "refit": true}
{"timestamp": "14:51:19.789485", "frame": 115, "mu": [-0.7230253389739109, 1.9798813298532676, 1.5160447108869393], "Sigma": [[0.007073193392409808, -0.0008973378940192651, -0.003961549566770362], [-0.0008973378940192651, 0.0021122352481609645, 0.002413950070743289], [-0.003961549566770362, 0.0024139500707432895, 0.020214850003750243]], "chi2_level": 0.95, "chi2_df": 3, "chi2_threshold": 7.814727903251179, "N_raw": 33, "N_roi": 33, "N_inlier": 30, "refit": true}
{"timestamp": "14:51:19.847303", "frame": 116, "mu": [-0.752665296632107, 1.9951900814159689, 1.3342510018336295], "Sigma": [[0.006629323909550829, 5.2333666968928886e-05, 0.00028085030437322305], [5.233366696892878e-05, 0.0017354796003345413, -0.0053528185535181814], [0.00028085030437322305, -0.0053528185535181814, 0.036477357961386465]], "chi2_level": 0.95, "chi2_df": 3, "chi2_threshold": 7.814727903251179, "N_raw": 53, "N_roi": 52, "N_inlier": 47, "refit": true}
{"timestamp": "14:51:19.902303", "frame": 117, "mu": [-0.7083272074778608, 1.9585941508149254, 1.3415086829600733], "Sigma": [[0.007065152830260075, 0.0012099192906662515, -0.003722680076541722], [0.0012099192906662513, 0.005599452633248616, -0.0015738667912907835], [-0.003722680076541722, -0.0015738667912907835, 0.0026608678557918973]], "chi2_level": 0.95, "chi2_df": 3, "chi2_threshold": 7.814727903251179, "N_raw": 56, "N_roi": 56, "N_inlier": 53, "refit": true}
{"timestamp": "14:51:19.956303", "frame": 118, "mu": [-0.79493626886328, 1.9578295801580559, -0.6399564441381801], "Sigma": [[0.00562835952801452, 0.00014848272330148448, -0.0035633131242329475], [0.00014848272330148448, 0.003388741600369026, -0.0007561793582881649], [-0.0035633131242329475, -0.000756179358288165, 0.007787529252180825]], "chi2_level": 0.95, "chi2_df": 3, "chi2_threshold": 7.814727903251179, "N_raw": 43, "N_roi": 43, "N_inlier": 36, "refit": true}
{"timestamp": "14:51:20.015812", "frame": 119, "mu": [-0.8465036190814513, 1.9956112653487943, 1.3239369234690497], "Sigma": [[0.008298250098728794, 0.0009593532190765889, -0.012260456698404532], [0.0009593532190765889, 0.0033101153097078013, -0.005723632973345159], [-0.012260456698404532, -0.005723632973345159, 0.03625155426516811]], "chi2_level": 0.95, "chi2_df": 3, "chi2_threshold": 7.814727903251179, "N_raw": 70, "N_roi": 70, "N_inlier": 65, "refit": true}
{"timestamp": "14:51:20.069467", "frame": 120, "mu": [-0.9249198696179387, 1.9763352923417785, 1.4922439319877863], "Sigma": [[0.005850300381642826, 0.0019138823699575232, -0.0032084576079236832], [0.0019138823699575234, 0.00517686471925666, -0.002992674124766969], [-0.0032084576079236832, -0.002992674124766969, 0.003037084070657567]], "chi2_level": 0.95, "chi2_df": 3, "chi2_threshold": 7.814727903251179, "N_raw": 50, "N_roi": 50, "N_inlier": 45, "refit": true}
{"timestamp": "14:51:20.127379", "frame": 121, "mu": [-0.9674819300708053, 1.9888193373690126, 1.384083911802502], "Sigma": [[0.007748921122875292, 0.0004936432656342728, -0.006005077314671011], [0.000493643265634273, 0.003800622178246749, -0.00440301526894902], [-0.0060050773146710125, -0.00440301526894902, 0.04683724062385509]], "chi2_level": 0.95, "chi2_df": 3, "chi2_threshold": 7.814727903251179, "N_raw": 79, "N_roi": 78, "N_inlier": 73, "refit": true}
{"timestamp": "14:51:20.177817", "frame": 122, "mu": [-0.9363888455155712, 1.9962896229986293, 1.3525149661736475], "Sigma": [[0.006768023762647867, 0.00012035571523536583, -0.011653834743719924], [0.00012035571523536583, 0.002976922441792273, -0.0008275332946867157], [-0.011653834743719924, -0.0008275332946867157, 0.04318408013790381]], "chi2_level": 0.95, "chi2_df": 3, "chi2_threshold": 7.814727903251179, "N_raw": 55, "N_roi": 55, "N_inlier": 50, "refit": true}
{"timestamp": "14:51:20.233654", "frame": 123, "mu": [-1.0400419293893566, 1.9821753332233876, 1.3281328167688913], "Sigma": [[0.006827941727038537, 0.0015458644251357878, -0.010244851572375993], [0.0015458644251357878, 0.0035453453200376605, -0.0031376098943340716], [-0.010244851572375993, -0.003137609894334071, 0.07007349340324703]], "chi2_level": 0.95, "chi2_df": 3, "chi2_threshold": 7.814727903251179, "N_raw": 62, "N_roi": 62, "N_inlier": 56, "refit": true}
{"timestamp": "14:51:20.291251", "frame": 124, "mu": [-1.0704628237353473, 1.9620230656163034, 1.3578104300126237], "Sigma": [[0.00945098793391906, 0.00041179399012107755, -0.006315217111395739], [0.0004117939901210773, 0.005129786902717076, -0.002073823004103241], [-0.0063152171113957396, -0.002073823004103241, 0.032198229523852664]], "chi2_level": 0.95, "chi2_df": 3, "chi2_threshold": 7.814727903251179, "N_raw": 77, "N_roi": 77, "N_inlier": 71, "refit": true}
{"timestamp": "14:51:20.340845", "frame": 125, "mu": [-1.079185096460948, 1.9878738512449428, 1.2652519375978566], "Sigma": [[0.005479240855725366, 0.0016201486697875215, -0.009002046200719782], [0.0016201486697875215, 0.0012682260056115784, -0.0033126289874254302], [-0.009002046200719784, -0.0033126289874254307, 0.04198696109017773]], "chi2_level": 0.95, "chi2_df": 3, "chi2_threshold": 7.814727903251179, "N_raw": 40, "N_roi": 40, "N_inlier": 36, "refit": true}
{"timestamp": "14:51:20.394360", "frame": 126, "mu": [-1.115409144143352, 1.968570360667372, 1.3550545328453563], "Sigma": [[0.004664183165811104, 0.0004967440991159001, -0.0025291223609675904], [0.0004967440991159002, 0.0011306196816459598, -0.0031187068525435424], [-0.0025291223609675904, -0.0031187068525435424, 0.013095514675693622]], "chi2_level": 0.95, "chi2_df": 3, "chi2_threshold": 7.814727903251179, "N_raw": 31, "N_roi": 31, "N_inlier": 28, "refit": true}
{"timestamp": "14:51:20.450033", "frame": 127, "mu": [-1.1928962796899492, 1.9729877816064112, 1.5839320969420763], "Sigma": [[0.0062528697815963175, 0.0009600396133614502, -0.004094746280326229], [0.0009600396133614504, 0.002909480357280835, -0.0016648132622763172], [-0.004094746280326229, -0.0016648132622763172, 0.0034757996698554817]], "chi2_level": 0.95, "chi2_df": 3, "chi2_threshold": 7.814727903251179, "N_raw": 36, "N_roi": 36, "N_inlier": 33, "refit": true}
{"timestamp": "14:51:20.505479", "frame": 128, "mu": [-1.1858135381107542, 1.9220790889957462, 1.4060758983731378], "Sigma": [[0.006560248868964032, 0.000300018952731611, -0.004193766781015564], [0.00030001895273161077, 0.0044962533026372525, 0.0008044658686798327], [-0.004193766781015564, 0.0008044658686798328, 0.003400328649515697]], "chi2_level": 0.95, "chi2_df": 3, "chi2_threshold": 7.814727903251179, "N_raw": 38, "N_roi": 38, "N_inlier": 35, "refit": true}
{"timestamp": "14:51:20.558984", "frame": 129, "mu": [-1.2515542087134837, 2.0145074184977587, 0.012234867952522377], "Sigma": [[0.006513157440011334, 0.0037270039490442403, -0.005686141669024168], [0.0037270039490442403, 0.003959203237228097, -0.003875433085065617], [-0.005686141669024168, -0.0038754330850656175, 0.005678249156675706]], "chi2_level": 0.95, "chi2_df": 3, "chi2_threshold": 7.814727903251179, "N_raw": 27, "N_roi": 27, "N_inlier": 25, "refit": true}
{"timestamp": "14:51:20.668130", "frame": 131, "mu": [-1.3474048346904282, 1.932215656575449, 1.3926872634827787], "Sigma": [[0.004180577156800955, 0.0013846939499584, -0.0022654774513151746], [0.0013846939499584, 0.0023275169672990793, -0.001849593546109956], [-0.0022654774513151746, -0.001849593546109956, 0.002532830019971119]], "chi2_level": 0.95, "chi2_df": 3, "chi2_threshold": 7.814727903251179, "N_raw": 25, "N_roi": 24, "N_inlier": 20, "refit": true}
{"timestamp": "14:51:20.726512", "frame": 132, "mu": [-1.3996305029756515, 2.0654996484052317, -0.1373932001019946], "Sigma": [[0.006761239718698388, 0.0051235048207824135, -0.0004872405067749586], [0.005123504820782414, 0.012026846936014376, 0.003321485154659037], [-0.0004872405067749589, 0.003321485154659037, 0.026628871440151337]], "chi2_level": 0.95, "chi2_df": 3, "chi2_threshold": 7.814727903251179, "N_raw": 45, "N_roi": 45, "N_inlier": 43, "refit": true}
{"timestamp": "14:51:20.777046", "frame": 133, "mu": [-1.4609567870333828, 1.8680472631885041, 1.0214619096891606], "Sigma": [[0.00620635047751881, 0.002626646164069396, -0.008405288383617872], [0.0026266461640693964, 0.003658682928073965, -0.009186330554756105], [-0.008405288383617872, -0.009186330554756105, 0.05347204951660322]], "chi2_level": 0.95, "chi2_df": 3, "chi2_threshold": 7.814727903251179, "N_raw": 19, "N_roi": 19, "N_inlier": 17, "refit": true}
{"timestamp": "14:51:20.835196", "frame": 134, "mu": [-1.5156476833722206, 1.9028597372474794, 1.3649170972179308], "Sigma": [[0.00621534922829448, 0.0028982571843380153, -0.006739957575974448], [0.0028982571843380153, 0.0027242488666519233, -0.005717272104088841], [-0.006739957575974449, -0.005717272104088841, 0.08250132464804856]], "chi2_level": 0.95, "chi2_df": 3, "chi2_threshold": 7.814727903251179, "N_raw": 40, "N_roi": 40, "N_inlier": 36, "refit": true}
{"timestamp": "14:51:20.889317", "frame": 135, "mu": [-1.6889362551114802, 1.7933832323692316, 1.5523400261291385], "Sigma": [[0.029281452645203775, 0.02311564044717068, -0.047890634812325736], [0.023115640447170675, 0.021099468608583874, -0.04522265472403558], [-0.047890634812325736, -0.04522265472403558, 0.2191521817980216]], "chi2_level": 0.95, "chi2_df": 3, "chi2_threshold": 7.814727903251179, "N_raw": 31, "N_roi": 31, "N_inlier": 28, "refit": true}
{"timestamp": "14:51:20.948015", "frame": 136, "mu": [-1.5867872208654894, 1.8863263860760964, 1.3310801761552902], "Sigma": [[0.007603120445052001, 0.002023940419318489, -0.0025909560756779363], [0.002023940419318489, 0.0022674853150492216, -0.004664007877041905], [-0.0025909560756779363, -0.004664007877041905, 0.02468599674746381]], "chi2_level": 0.95, "chi2_df": 3, "chi2_threshold": 7.814727903251179, "N_raw": 52, "N_roi": 52, "N_inlier": 43, "refit": true}
