{"timestamp": "15:51:23.754678", "frame": 15, "mu": [-2.3766844738775643, 4.930101454945149, 0.7223440110514998], "Sigma": [[0.0083479392683653, 0.0020065182936552023, -0.008247917608199616], [0.0020065182936552023, 0.0017674915387376497, -0.0032329195616307748], [-0.008247917608199616, -0.003232919561630775, 0.011245171087203593]], "chi2_level": 0.95, "chi2_df": 3, "chi2_threshold": 7.814727903251179, "N_raw": 41, "N_roi": 12, "N_inlier": 12, "refit": true}
{"timestamp": "15:51:23.862214", "frame": 17, "mu": [-2.392009376084618, 4.914567706619615, 0.8461127458385591], "Sigma": [[0.005762387047098859, 0.002870040579156858, -0.0019205733254547513], [0.002870040579156858, 0.003347047491527927, -0.0013486360103587296], [-0.0019205733254547515, -0.0013486360103587296, 0.000978262296839719]], "chi2_level": 0.95, "chi2_df": 3, "chi2_threshold": 7.814727903251179, "N_raw": 27, "N_roi": 11, "N_inlier": 11, "refit": true}
{"timestamp": "15:51:23.919040", "frame": 18, "mu": [-2.3174567239756527, 4.833069091051075, 0.49060210795018816], "Sigma": [[0.012934393936392547, 0.0012913894111191157, -0.01623298519902849], [0.0012913894111191155, 0.0021600509671257672, -0.004099883804828084], [-0.016232985199028487, -0.004099883804828084, 0.0267108636956402]], "chi2_level": 0.95, "chi2_df": 3, "chi2_threshold": 7.814727903251179, "N_raw": 41, "N_roi": 25, "N_inlier": 24, "refit": true}
{"timestamp": "15:51:24.083385", "frame": 21, "mu": [-2.3463049021584417, 4.754522511776448, 0.6503452772542487], "Sigma": [[0.007903934506454074, 0.0025060903104954955, -0.0026497036577560135], [0.0025060903104954955, 0.002928482223925746, -0.0015869503801189695], [-0.0026497036577560135, -0.0015869503801189695, 0.0013595199783901274]], "chi2_level": 0.95, "chi2_df": 3, "chi2_threshold": 7.814727903251179, "N_raw": 21, "N_roi": 16, "N_inlier": 15, "refit": true}
{"timestamp": "15:51:24.358739", "frame": 26, "mu": [-2.314990102747662, 4.593177085237007, 0.7526036494708789], "Sigma": [[0.010643681696516827, 0.002691093101517255, -0.00618170484243009], [0.0026910931015172545, 0.002633165328850229, -0.0033810525569810393], [-0.00618170484243009, -0.0033810525569810393, 0.007782372835929245]], "chi2_level": 0.95, "chi2_df": 3, "chi2_threshold": 7.814727903251179, "N_raw": 25, "N_roi": 19, "N_inlier": 18, "refit": true}
{"timestamp": "15:51:24.417233", "frame": 27, "mu": [-2.312006543299359, 4.595999854814437, 0.65971604925293], "Sigma": [[0.011129568441405254, 0.002261602032864104, -0.0045176637206028325], [0.002261602032864104, 0.002974478780533936, -0.004982994761211602], [-0.0045176637206028325, -0.004982994761211602, 0.012934282526667845]], "chi2_level": 0.95, "chi2_df": 3, "chi2_threshold": 7.814727903251179, "N_raw": 46, "N_roi": 25, "N_inlier": 25, "refit": true}
{"timestamp": "15:51:24.526898", "frame": 29, "mu": [-2.2639317477938423, 4.484518388073905, 0.7827294097680154], "Sigma": [[0.019267863063866145, 0.006388711661263237, -0.008660921021321455], [0.006388711661263237, 0.0042328466470429, -0.004985606148199694], [-0.008660921021321455, -0.004985606148199694, 0.00826990141733563]], "chi2_level": 0.95, "chi2_df": 3, "chi2_threshold": 7.814727903251179, "N_raw": 35, "N_roi": 27, "N_inlier": 27, "refit": true}
{"timestamp": "15:51:24.632632", "frame": 31, "mu": [-2.372768471033907, 4.42849876228262, 0.8052181984173118], "Sigma": [[0.005192604692933569, 0.0010370837883660316, -0.0007823218161885394], [0.0010370837883660316, 0.002067437684105407, -0.005386344168124988], [-0.0007823218161885395, -0.005386344168124989, 0.02571154809534094]], "chi2_level": 0.95, "chi2_df": 3, "chi2_threshold": 7.814727903251179, "N_raw": 16, "N_roi": 10, "N_inlier": 10, "refit": true}
{"timestamp": "15:51:24.692424", "frame": 32, "mu": [-2.299489339623416, 4.39427095750307, 0.6745181825205167], "Sigma": [[0.01400645331812755, 0.004303378194589409, -0.00480720729206813], [0.004303378194589409, 0.0043059302422288745, -0.005977950349309807], [-0.004807207292068131, -0.005977950349309807, 0.011844790848830762]], "chi2_level": 0.95, "chi2_df": 3, "chi2_threshold": 7.814727903251179, "N_raw": 47, "N_roi": 30, "N_inlier": 30, "refit": true}
{"timestamp": "15:51:24.747383", "frame": 33, "mu": [-2.28049945952974, 4.3570419447088415, 0.8365519503875141], "Sigma": [[0.017664715656953225, 0.005732166581204302, -0.014735273138569979], [0.005732166581204302, 0.003363667512641528, -0.008793888584190002], [-0.014735273138569979, -0.008793888584190002, 0.029469078100278188]], "chi2_level": 0.95, "chi2_df": 3, "chi2_threshold": 7.814727903251179, "N_raw": 38, "N_roi": 30, "N_inlier": 29, "refit": true}
{"timestamp": "15:51:24.801123", "frame": 34, "mu": [-2.2784551753314797, 4.300492161723639, 0.6699765788741384], "Sigma": [[0.0190791712561942, 0.0064604277589405835, -0.004829124375061255], [0.0064604277589405835, 0.003422754750691192, -0.004812378221633562], [-0.004829124375061255, -0.004812378221633561, 0.012553778556597206]], "chi2_level": 0.95, "chi2_df": 3, "chi2_threshold": 7.814727903251179, "N_raw": 32, "N_roi": 27, "N_inlier": 26, "refit": true}
{"timestamp": "15:51:24.967140", "frame": 37, "mu": [-2.315490507739674, 4.169449755610967, 0.9341098399925207], "Sigma": [[0.014446074009498601, 0.0048341917366407925, -0.004442234690942001], [0.004834191736640792, 0.004387290678885646, -0.005952873507292174], [-0.004442234690942001, -0.005952873507292175, 0.011623859333566496]], "chi2_level": 0.95, "chi2_df": 3, "chi2_threshold": 7.814727903251179, "N_raw": 48, "N_roi": 31, "N_inlier": 30, "refit": true}
{"timestamp": "15:51:25.018626", "frame": 38, "mu": [-2.371105376066069, 4.0563320903464035, 0.8545809257510274], "Sigma": [[0.005228083438399312, 0.002256979183174707, -0.0011479505505934027], [0.002256979183174707, 0.0034652707406619297, -0.0017329916059077052], [-0.0011479505505934027, -0.0017329916059077052, 0.001049708325605814]], "chi2_level": 0.95, "chi2_df": 3, "chi2_threshold": 7.814727903251179, "N_raw": 17, "N_roi": 13, "N_inlier": 12, "refit": true}
{"timestamp": "15:51:25.076831", "frame": 39, "mu": [-2.267159737442059, 4.057157792596568, 0.8114659857104252], "Sigma": [[0.017992687202837743, 0.003462359677895319, -0.015340226166046694], [0.003462359677895319, 0.0030543154728343994, -0.006045181308194786], [-0.015340226166046694, -0.006045181308194787, 0.01917289671365917]], "chi2_level": 0.95, "chi2_df": 3, "chi2_threshold": 7.814727903251179, "N_raw": 40, "N_roi": 30, "N_inlier": 30, "refit": true}
{"timestamp": "15:51:25.131020", "frame": 40, "mu": [-2.2665012053398534, 4.009637102830171, 0.7929041377948408], "Sigma": [[0.014269232682312625, 0.005704144134395298, -0.011724661702579822], [0.005704144134395298, 0.005213975597145482, -0.007154854958497898], [-0.011724661702579822, -0.007154854958497898, 0.014025466021678432]], "chi2_level": 0.95, "chi2_df": 3, "chi2_threshold": 7.814727903251179, "N_raw": 32, "N_roi": 30, "N_inlier": 28, "refit": true}
{"timestamp": "15:51:25.184177", "frame": 41, "mu": [-2.15363652916347, 4.006861010966488, 0.7095754992230883], "Sigma": [[0.011915383572255462, 0.002902165151188214, -0.010850607872286783], [0.002902165151188214, 0.002723298899005995, -0.004291530362368236], [-0.01085060787228678, -0.004291530362368236, 0.013439347363671228]], "chi2_level": 0.95, "chi2_df": 3, "chi2_threshold": 7.814727903251179, "N_raw": 19, "N_roi": 18, "N_inlier": 17, "refit": true}
{"timestamp": "15:51:25.242756", "frame": 42, "mu": [-2.268396555958394, 3.952043308871226, 0.8254057221140646], "Sigma": [[0.021306027332371184, 0.005779364592869876, -0.01448139881771001], [0.005779364592869876, 0.006260901425018286, -0.007511628593980078], [-0.01448139881771001, -0.007511628593980078, 0.013961514181256308]], "chi2_level": 0.95, "chi2_df": 3, "chi2_threshold": 7.814727903251179, "N_raw": 47, "N_roi": 41, "N_inlier": 41, "refit": true}
{"timestamp": "15:51:25.347634", "frame": 44, "mu": [-2.2236712626816324, 3.8687044478328896, 0.7321502783517427], "Sigma": [[0.01734748640445352, 0.0031376849505257306, -0.014307460417400702], [0.0031376849505257306, 0.0013843246941914902, -0.0039352292240202435], [-0.014307460417400702, -0.0039352292240202435, 0.017785155129370754]], "chi2_level": 0.95, "chi2_df": 3, "chi2_threshold": 7.814727903251179, "N_raw": 22, "N_roi": 22, "N_inlier": 21, "refit": true}
{"timestamp": "15:51:25.407092", "frame": 45, "mu": [-2.2162218885527225, 3.991586527200761, -0.17836171528062447], "Sigma": [[0.026254228149058735, 0.015692558981493986, -0.026483187116336123], [0.015692558981493986, 0.015328166521101678, -0.025283199021656294], [-0.026483187116336123, -0.025283199021656294, 0.04368454016445694]], "chi2_level": 0.95, "chi2_df": 3, "chi2_threshold": 7.814727903251179, "N_raw": 49, "N_roi": 49, "N_inlier": 47, "refit": true}
{"timestamp": "15:51:25.461940", "frame": 46, "mu": [-2.2087573373052023, 3.737515888854362, 0.7018510307003938], "Sigma": [[0.02246730050275303, 0.005959725655475418, -0.016184900586900974], [0.005959725655475418, 0.003940680536285047, -0.007977120341766054], [-0.016184900586900974, -0.007977120341766054, 0.020404279362578596]], "chi2_level": 0.95, "chi2_df": 3, "chi2_threshold": 7.814727903251179, "N_raw": 39, "N_roi": 39, "N_inlier": 39, "refit": true}
{"timestamp": "15:51:25.514261", "frame": 47, "mu": [-2.0917559498148535, 3.7286955541647595, 0.5997278459813442], "Sigma": [[0.01901275775547069, 0.0026843349569441763, -0.013224337531650589], [0.0026843349569441763, 0.0024247192964205796, -0.002595812800771161], [-0.01322433753165059, -0.002595812800771161, 0.011117059851506834]], "chi2_level": 0.95, "chi2_df": 3, "chi2_threshold": 7.814727903251179, "N_raw": 26, "N_roi": 26, "N_inlier": 24, "refit": true}
{"timestamp": "15:51:25.569092", "frame": 48, "mu": [-2.130040866005974, 3.677516995402464, 0.7508496599537275], "Sigma": [[0.017728816240929385, 0.003038770242240155, -0.008688740475486654], [0.0030387702422401547, 0.0023116885260830765, -0.0031758495161259264], [-0.008688740475486654, -0.0031758495161259264, 0.007661558144758606]], "chi2_level": 0.95, "chi2_df": 3, "chi2_threshold": 7.814727903251179, "N_raw": 28, "N_roi": 28, "N_inlier": 27, "refit": true}
{"timestamp": "15:51:25.626308", "frame": 49, "mu": [-2.239722465054673, 3.59140137517114, 0.9661271432910479], "Sigma": [[0.01828964810076141, 0.006679095601270375, -0.01185507791665404], [0.006679095601270375, 0.004034067329616462, -0.00809876335386285], [-0.01185507791665404, -0.008098763353862852, 0.019268561134298604]], "chi2_level": 0.95, "chi2_df": 3, "chi2_threshold": 7.814727903251179, "N_raw": 37, "N_roi": 37, "N_inlier": 35, "refit": true}
{"timestamp": "15:51:25.678828", "frame": 50, "mu": [-2.1054847172569353, 3.6144676827135904, 0.6602126097045964], "Sigma": [[0.010540627578660465, 0.0018167196896683173, -0.00539256705017918], [0.0018167196896683173, 0.0010792259706884756, -0.0021433082666236364], [-0.005392567050179179, -0.0021433082666236364, 0.007224775191512421]], "chi2_level": 0.95, "chi2_df": 3, "chi2_threshold": 7.814727903251179, "N_raw": 20, "N_roi": 20, "N_inlier": 18, "refit": true}
{"timestamp": "15:51:25.787921", "frame": 52, "mu": [-2.1669686844919833, 3.5012178068598065, 0.8474247877111598], "Sigma": [[0.005738157174365651, 0.0012696727539139587, -0.0024408926698543843], [0.001269672753913959, 0.0030371161990305233, -0.009347765782575785], [-0.0024408926698543847, -0.009347765782575785, 0.03531728791422206]], "chi2_level": 0.95, "chi2_df": 3, "chi2_threshold": 7.814727903251179, "N_raw": 14, "N_roi": 14, "N_inlier": 13, "refit": true}
{"timestamp": "15:51:25.846929", "frame": 53, "mu": [-2.2115230154370495, 3.4566594571785023, 0.854053355700303], "Sigma": [[0.022007193777432463, 0.0026981642469023955, -0.016408449879232172], [0.0026981642469023955, 0.0034982281338967404, -0.00596055063999641], [-0.016408449879232172, -0.005960550639996411, 0.019563294643975566]], "chi2_level": 0.95, "chi2_df": 3, "chi2_threshold": 7.814727903251179, "N_raw": 45, "N_roi": 45, "N_inlier": 45, "refit": true}
{"timestamp": "15:51:25.900925", "frame": 54, "mu": [-2.279362450482594, 3.3959795281369436, 0.9235415167252118], "Sigma": [[0.013837898573334341, 0.004818574039910057, -0.012823727456562142], [0.004818574039910057, 0.0036124279580264625, -0.007883242982374607], [-0.012823727456562144, -0.007883242982374607, 0.02233128942384228]], "chi2_level": 0.95, "chi2_df": 3, "chi2_threshold": 7.814727903251179, "N_raw": 31, "N_roi": 31, "N_inlier": 30, "refit": true}
{"timestamp": "15:51:25.953630", "frame": 55, "mu": [-2.14875676145837, 3.362095988332708, 0.9070506712327315], "Sigma": [[0.010030456461789112, 0.0019246917836111279, -0.0029198672645159318], [0.0019246917836111279, 0.0018517093340774543, -0.003404064824730871], [-0.002919867264515932, -0.003404064824730871, 0.009930447219224474]], "chi2_level": 0.95, "chi2_df": 3, "chi2_threshold": 7.814727903251179, "N_raw": 16, "N_roi": 16, "N_inlier": 15, "refit": true}
{"timestamp": "15:51:26.014699", "frame": 56, "mu": [-2.253283540224971, 3.2960193928441957, 0.8337092685619122], "Sigma": [[0.01913226374257293, 0.005873452792080763, -0.006466417796229095], [0.005873452792080763, 0.003339093389086358, -0.008348804530050977], [-0.006466417796229095, -0.008348804530050977, 0.04631402276089815]], "chi2_level": 0.95, "chi2_df": 3, "chi2_threshold": 7.814727903251179, "N_raw": 59, "N_roi": 56, "N_inlier": 55, "refit": true}
{"timestamp": "15:51:26.065025", "frame": 57, "mu": [-2.2859345406804277, 3.2236053262962705, 0.5811291582684531], "Sigma": [[0.013336091865320558, 0.0039182369906418735, -0.008831214725603113], [0.0039182369906418735, 0.002107785448216144, -0.0034391021123998866], [-0.008831214725603114, -0.0034391021123998866, 0.010837392619669066]], "chi2_level": 0.95, "chi2_df": 3, "chi2_threshold": 7.814727903251179, "N_raw": 25, "N_roi": 23, "N_inlier": 21, "refit": true}
{"timestamp": "15:51:26.126352", "frame": 58, "mu": [-2.223340555055952, 3.191305672622809, 0.7398431195708937], "Sigma": [[0.020901291269485336, 0.006953190781321914, -0.0019932487304509566], [0.006953190781321914, 0.0033079882190351255, -0.005499960155076481], [-0.001993248730450956, -0.005499960155076481, 0.05625036694489304]], "chi2_level": 0.95, "chi2_df": 3, "chi2_threshold": 7.814727903251179, "N_raw": 66, "N_roi": 62, "N_inlier": 62, "refit": true}
{"timestamp": "15:51:26.230403", "frame": 60, "mu": [-2.2071744141174365, 3.1117320953860945, 0.8717171052283823], "Sigma": [[0.015123075447176006, 0.006066095424622808, 0.0006231106970151922], [0.006066095424622808, 0.002701533563680157, -0.0009377393918680223], [0.0006231106970151924, -0.0009377393918680226, 0.02452935382683019]], "chi2_level": 0.95, "chi2_df": 3, "chi2_threshold": 7.814727903251179, "N_raw": 31, "N_roi": 31, "N_inlier": 29, "refit": true}
{"timestamp": "15:51:26.284306", "frame": 61, "mu": [-2.1795331244298533, 3.0546725529134786, 1.1617922473295519], "Sigma": [[0.01053507840535166, 0.004306470666341475, -0.006964415659360523], [0.004306470666341475, 0.004050948935852612, -0.005549092675107201], [-0.006964415659360523, -0.005549092675107201, 0.010730469759332324]], "chi2_level": 0.95, "chi2_df": 3, "chi2_threshold": 7.814727903251179, "N_raw": 24, "N_roi": 24, "N_inlier": 23, "refit": true}
{"timestamp": "15:51:26.393824", "frame": 63, "mu": [-2.1769487415191566, 3.1086734385642676, -0.3832313553484399], "Sigma": [[0.010544645191908428, 0.010561099924586547, 0.015567602235730445], [0.010561099924586547, 0.016932074733525718, 0.021518749259021253], [0.015567602235730445, 0.02151874925902126, 0.05728671522477344]], "chi2_level": 0.95, "chi2_df": 3, "chi2_threshold": 7.814727903251179, "N_raw": 22, "N_roi": 21, "N_inlier": 20, "refit": true}
{"timestamp": "15:51:26.504658", "frame": 65, "mu": [-2.176000989272226, 2.9021963808122115, 0.8863173638576851], "Sigma": [[0.013615737556491007, 0.004657193808126145, -0.007369168851949629], [0.004657193808126145, 0.003600087015115554, -0.005000147791751088], [-0.007369168851949628, -0.005000147791751088, 0.009474708058573941]], "chi2_level": 0.95, "chi2_df": 3, "chi2_threshold": 7.814727903251179, "N_raw": 33, "N_roi": 33, "N_inlier": 31, "refit": true}
{"timestamp": "15:51:26.612700", "frame": 67, "mu": [-2.220217660352872, 2.8081014274986478, 1.1791107012358015], "Sigma": [[0.010037167732759877, 0.004607443028562409, -0.004847444409321942], [0.004607443028562409, 0.002324560028042421, -0.003216086348752014], [-0.004847444409321942, -0.003216086348752014, 0.020633147706146986]], "chi2_level": 0.95, "chi2_df": 3, "chi2_threshold": 7.814727903251179, "N_raw": 16, "N_roi": 15, "N_inlier": 13, "refit": true}
{"timestamp": "15:51:26.675111", "frame": 68, "mu": [-2.168049576778702, 2.7560195863085206, 0.990734489995644], "Sigma": [[0.020357168580625907, 0.007440670624974449, -0.004929898778145732], [0.007440670624974449, 0.005100315909534838, -0.009239261058927119], [-0.004929898778145732, -0.009239261058927119, 0.029601304389349464]], "chi2_level": 0.95, "chi2_df": 3, "chi2_threshold": 7.814727903251179, "N_raw": 68, "N_roi": 63, "N_inlier": 61, "refit": true}
{"timestamp": "15:51:26.723767", "frame": 69, "mu": [-2.323501970557378, 2.6722080057339133, 0.8782135448494387], "Sigma": [[0.011256303940652171, -0.0006346562243170811, -0.01080514195423432], [-0.0006346562243170809, 0.0020205396095127615, 0.0012809728457529035], [-0.010805141954234323, 0.0012809728457529035, 0.012119210524985826]], "chi2_level": 0.95, "chi2_df": 3, "chi2_threshold": 7.814727903251179, "N_raw": 19, "N_roi": 12, "N_inlier": 10, "refit": true}
{"timestamp": "15:51:26.778647", "frame": 70, "mu": [-2.206506245575568, 2.6012613362231867, 1.0330990192535645], "Sigma": [[0.009231398283139325, 0.002024431305805864, -0.0012500692531835953], [0.002024431305805864, 0.0021306327910156817, -0.004415438394879242], [-0.0012500692531835953, -0.004415438394879242, 0.012607313107689021]], "chi2_level": 0.95, "chi2_df": 3, "chi2_threshold": 7.814727903251179, "N_raw": 18, "N_roi": 15, "N_inlier": 15, "refit": true}
{"timestamp": "15:51:26.834152", "frame": 71, "mu": [-2.1132474220441573, 2.5791938341454723, 0.9237700850985056], "Sigma": [[0.010916535435079802, 0.004956388661513483, -0.010046901298208434], [0.004956388661513483, 0.0030317960887937135, -0.006237392497693848], [-0.010046901298208436, -0.006237392497693849, 0.015733569383755024]], "chi2_level": 0.95, "chi2_df": 3, "chi2_threshold": 7.814727903251179, "N_raw": 28, "N_roi": 26, "N_inlier": 23, "refit": true}
{"timestamp": "15:51:26.890215", "frame": 72, "mu": [-2.133230442980577, 2.541807630736547, 0.9778296216763425], "Sigma": [[0.012199317892191504, 0.004987382605685601, -0.0040340428101041746], [0.0049873826056856, 0.0034468955350730607, -0.004577910849899593], [-0.0040340428101041746, -0.004577910849899593, 0.010702229930747776]], "chi2_level": 0.95, "chi2_df": 3, "chi2_threshold": 7.814727903251179, "N_raw": 35, "N_roi": 34, "N_inlier": 32, "refit": true}
{"timestamp": "15:51:26.946893", "frame": 73, "mu": [-2.1206885015481656, 2.6236749227337124, -0.24411546614212326], "Sigma": [[0.01502767781688826, 0.009488957609836614, -0.00815869414473484], [0.009488957609836614, 0.012258158285231467, -0.014417426517984118], [-0.00815869414473484, -0.014417426517984118, 0.019260612739406616]], "chi2_level": 0.95, "chi2_df": 3, "chi2_threshold": 7.814727903251179, "N_raw": 50, "N_roi": 50, "N_inlier": 49, "refit": true}
{"timestamp": "15:51:27.001161", "frame": 74, "mu": [-2.1042542840696474, 2.4768089255860315, 0.9907003866131001], "Sigma": [[0.015474436426895192, 0.00609674810810895, -0.009439950049024114], [0.00609674810810895, 0.004189645001034438, -0.006260905272337574], [-0.009439950049024114, -0.006260905272337574, 0.011188943264969572]], "chi2_level": 0.95, "chi2_df": 3, "chi2_threshold": 7.814727903251179, "N_raw": 39, "N_roi": 39, "N_inlier": 36, "refit": true}
{"timestamp": "15:51:27.054962", "frame": 75, "mu": [-2.1379155592093575, 2.3926267107486625, 0.9108528687611107], "Sigma": [[0.005524677508276576, 0.0026193224038077627, -0.00037611098605625464], [0.0026193224038077623, 0.0017587220039174405, -0.0029948505071479324], [-0.0003761109860562549, -0.0029948505071479324, 0.02795329197864712]], "chi2_level": 0.95, "chi2_df": 3, "chi2_threshold": 7.814727903251179, "N_raw": 31, "N_roi": 21, "N_inlier": 20, "refit": true}
{"timestamp": "15:51:27.118094", "frame": 76, "mu": [-2.1406549343346803, 2.33406953591199, 1.0044674210090676], "Sigma": [[0.016690526921424996, 0.007856645716885045, 0.006865740939880905], [0.007856645716885045, 0.006194396327749943, 0.00031035645203080723], [0.006865740939880904, 0.00031035645203080636, 0.07208200865108408]], "chi2_level": 0.95, "chi2_df": 3, "chi2_threshold": 7.814727903251179, "N_raw": 79, "N_roi": 71, "N_inlier": 67, "refit": true}
{"timestamp": "15:51:27.164469", "frame": 77, "mu": [-1.9197328562209908, 2.572208135509632, -0.5504120483084389], "Sigma": [[0.016699124709072803, 0.006713190639162154, -0.007179355154420034], [0.006713190639162155, 0.004471262397448289, -0.004326127534990375], [-0.007179355154420034, -0.004326127534990374, 0.010824703849668998]], "chi2_level": 0.95, "chi2_df": 3, "chi2_threshold": 7.814727903251179, "N_raw": 28, "N_roi": 28, "N_inlier": 26, "refit": true}
{"timestamp": "15:51:27.221620", "frame": 78, "mu": [-2.0369198957782344, 2.4813736756527116, -0.6516263911621604], "Sigma": [[0.011347924666317092, 0.006384165101230568, 0.010382032982068416], [0.006384165101230569, 0.015077445313875512, 0.017428574867183987], [0.010382032982068414, 0.017428574867183987, 0.0393624662116655]], "chi2_level": 0.95, "chi2_df": 3, "chi2_threshold": 7.814727903251179, "N_raw": 37, "N_roi": 34, "N_inlier": 32, "refit": true}
{"timestamp": "15:51:27.273125", "frame": 79, "mu": [-2.057104821095022, 2.226390337872447, 0.8554241195851046], "Sigma": [[0.013445901906621456, -0.004660663333984229, -0.006669881628315525], [-0.00466066333398423, 0.003090850269758786, 0.002109687680204458], [-0.006669881628315525, 0.002109687680204458, 0.0068141541929390885]], "chi2_level": 0.95, "chi2_df": 3, "chi2_threshold": 7.814727903251179, "N_raw": 15, "N_roi": 12, "N_inlier": 11, "refit": true}
{"timestamp": "15:51:27.333102", "frame": 80, "mu": [-2.082953680061315, 2.133894123568294, 0.986357332691809], "Sigma": [[0.035210535844479696, 0.010932202739769702, -0.02559923248540051], [0.010932202739769702, 0.008507637837913818, -0.008372732909960835], [-0.02559923248540051, -0.008372732909960835, 0.020005280719587865]], "chi2_level": 0.95, "chi2_df": 3, "chi2_threshold": 7.814727903251179, "N_raw": 52, "N_roi": 49, "N_inlier": 46, "refit": true}
{"timestamp": "15:51:27.384443", "frame": 81, "mu": [-2.1318268234929576, 2.0592115848380375, 0.9663504244570519], "Sigma": [[0.02428291225402089, 0.011233308934906958, -0.016899543022410365], [0.011233308934906958, 0.006975935610265308, -0.012910686988641994], [-0.016899543022410365, -0.012910686988641996, 0.03134033542825079]], "chi2_level": 0.95, "chi2_df": 3, "chi2_threshold": 7.814727903251179, "N_raw": 23, "N_roi": 22, "N_inlier": 21, "refit": true}
{"timestamp": "15:51:27.446019", "frame": 82, "mu": [-2.1578905389929637, 1.9828963214643993, 1.2709943158037558], "Sigma": [[0.0331146319968532, 0.020135179626502978, -0.029806914100815866], [0.020135179626502978, 0.014987649073754687, -0.020512980817806246], [-0.029806914100815866, -0.020512980817806246, 0.03398199728131282]], "chi2_level": 0.95, "chi2_df": 3, "chi2_threshold": 7.814727903251179, "N_raw": 66, "N_roi": 57, "N_inlier": 53, "refit": true}
{"timestamp": "15:51:27.493163", "frame": 83, "mu": [-2.238059476741648, 1.855289307073872, 1.319806327221969], "Sigma": [[0.034682784369133, 0.023929197568221476, -0.033574015892726176], [0.023929197568221476, 0.020650865971781264, -0.027308446704171922], [-0.033574015892726176, -0.027308446704171922, 0.0385055987697882]], "chi2_level": 0.95, "chi2_df": 3, "chi2_threshold": 7.814727903251179, "N_raw": 18, "N_roi": 18, "N_inlier": 17, "refit": true}
{"timestamp": "15:51:27.551315", "frame": 84, "mu": [-2.250865693510396, 2.004337828097532, -0.3898101507171311], "Sigma": [[0.018334825147791896, 0.011571487676243993, -0.006900059696973461], [0.011571487676243993, 0.02002975282297772, -0.018465184872651745], [-0.006900059696973462, -0.01846518487265174, 0.022674364501657232]], "chi2_level": 0.95, "chi2_df": 3, "chi2_threshold": 7.814727903251179, "N_raw": 39, "N_roi": 39, "N_inlier": 38, "refit": true}
{"timestamp": "15:51:27.608764", "frame": 85, "mu": [-2.2246403010628333, 1.7774495287747551, 1.2855627131428369], "Sigma": [[0.014801627498348447, 0.010046576517752561, -0.014073431476117651], [0.010046576517752561, 0.016754936711003934, -0.010572170545965523], [-0.014073431476117651, -0.010572170545965523, 0.016774862492328686]], "chi2_level": 0.95, "chi2_df": 3, "chi2_threshold": 7.814727903251179, "N_raw": 55, "N_roi": 55, "N_inlier": 52, "refit": true}
{"timestamp": "15:51:27.664652", "frame": 86, "mu": [-2.113925021307487, 1.8227935830502933, 1.085322855206647], "Sigma": [[0.026051166357163487, 0.01849674557928542, -0.024370838979825497], [0.018496745579285417, 0.015272216567756323, -0.020454651425186113], [-0.024370838979825504, -0.020454651425186113, 0.031228641221174525]], "chi2_level": 0.95, "chi2_df": 3, "chi2_threshold": 7.814727903251179, "N_raw": 61, "N_roi": 60, "N_inlier": 54, "refit": true}
{"timestamp": "15:51:27.721381", "frame": 87, "mu": [-2.115796891337346, 1.719673754893186, 0.9559306049551434], "Sigma": [[0.020802413872020132, 0.015154023508626302, -0.024244453414946], [0.0151540235086263, 0.015195359946739564, -0.025683203571777523], [-0.024244453414946, -0.025683203571777526, 0.0507376708661047]], "chi2_level": 0.95, "chi2_df": 3, "chi2_threshold": 7.814727903251179, "N_raw": 76, "N_roi": 76, "N_inlier": 72, "refit": true}
{"timestamp": "15:51:27.779023", "frame": 88, "mu": [-2.1975124796603804, 1.666212674326564, 1.217092261031887], "Sigma": [[0.016185098326455594, 0.0131830271263828, -0.014943974160631203], [0.0131830271263828, 0.015385505716665367, -0.019827871716421273], [-0.014943974160631203, -0.019827871716421273, 0.08262305202921112]], "chi2_level": 0.95, "chi2_df": 3, "chi2_threshold": 7.814727903251179, "N_raw": 86, "N_roi": 86, "N_inlier": 82, "refit": true}
{"timestamp": "15:51:27.831515", "frame": 89, "mu": [-2.173047913627393, 1.6027038444222168, 1.2355132279975787], "Sigma": [[0.010348361861408088, 0.009420734472899216, -0.010398922687381181], [0.009420734472899216, 0.018488841878965136, -0.025159835001102703], [-0.010398922687381181, -0.025159835001102707, 0.04888846804667938]], "chi2_level": 0.95, "chi2_df": 3, "chi2_threshold": 7.814727903251179, "N_raw": 66, "N_roi": 66, "N_inlier": 63, "refit": true}
{"timestamp": "15:51:27.886546", "frame": 90, "mu": [-2.1087027491974526, 1.5653797208158409, 1.1873198294439904], "Sigma": [[0.014863844031316934, 0.013606481827274633, -0.018729264886705878], [0.013606481827274633, 0.021025527536662463, -0.03052970458619111], [-0.018729264886705878, -0.03052970458619111, 0.05127129170090721]], "chi2_level": 0.95, "chi2_df": 3, "chi2_threshold": 7.814727903251179, "N_raw": 78, "N_roi": 78, "N_inlier": 76, "refit": true}
{"timestamp": "15:51:27.947122", "frame": 91, "mu": [-2.0972758476835507, 1.512935097993776, 1.0903634865366405], "Sigma": [[0.01656108338635079, 0.012739043618254647, -0.012842191048711933], [0.012739043618254646, 0.018525650691516224, -0.029212651192108585], [-0.012842191048711935, -0.029212651192108585, 0.07078079087088919]], "chi2_level": 0.95, "chi2_df": 3, "chi2_threshold": 7.814727903251179, "N_raw": 113, "N_roi": 113, "N_inlier": 112, "refit": true}
{"timestamp": "15:51:27.997212", "frame": 92, "mu": [-2.1289299119308933, 1.421453983897356, 1.2402657721712431], "Sigma": [[0.011203106177613718, 0.006961833180556591, -0.00714768276179387], [0.00696183318055659, 0.01220281663603174, -0.017509989468178923], [-0.007147682761793869, -0.017509989468178923, 0.056862439086488185]], "chi2_level": 0.95, "chi2_df": 3, "chi2_threshold": 7.814727903251179, "N_raw": 72, "N_roi": 72, "N_inlier": 70, "refit": true}
{"timestamp": "15:51:28.051922", "frame": 93, "mu": [-2.048039210598322, 1.377775659387393, 1.1000411992250905], "Sigma": [[0.010180535627418564, 0.008763613561870248, -0.011111268428698341], [0.008763613561870248, 0.013266561751921946, -0.01989150452159237], [-0.011111268428698343, -0.01989150452159237, 0.08277029713035286]], "chi2_level": 0.95, "chi2_df": 3, "chi2_threshold": 7.814727903251179, "N_raw": 75, "N_roi": 75, "N_inlier": 75, "refit": true}
{"timestamp": "15:51:28.104176", "frame": 94, "mu": [-2.0682758802114583, 1.3452209618258615, 1.1986059141085803], "Sigma": [[0.011342152947409834, 0.006466890736394093, -0.0006315057311681334], [0.006466890736394092, 0.010467090538195849, -0.008351376749257873], [-0.0006315057311681337, -0.008351376749257873, 0.0109982984520064]], "chi2_level": 0.95, "chi2_df": 3, "chi2_threshold": 7.814727903251179, "N_raw": 57, "N_roi": 57, "N_inlier": 54, "refit": true}
{"timestamp": "15:51:28.159658", "frame": 95, "mu": [-2.0795802074062384, 1.2894183467927451, 1.0348910147524204], "Sigma": [[0.013281316917669617, 0.012078778053756798, -0.003052854355534541], [0.012078778053756796, 0.01508168165457782, -0.007131936884792765], [-0.003052854355534541, -0.007131936884792765, 0.009665168213499812]], "chi2_level": 0.95, "chi2_df": 3, "chi2_threshold": 7.814727903251179, "N_raw": 57, "N_roi": 57, "N_inlier": 55, "refit": true}
{"timestamp": "15:51:28.211070", "frame": 96, "mu": [-2.0139355566417034, 1.4399659741420303, -0.3208286245120536], "Sigma": [[0.006248493130769175, 0.0054452952175408405, -0.003731222278776059], [0.0054452952175408405, 0.01296446987831428, -0.005537576999913564], [-0.0037312222787760593, -0.005537576999913564, 0.003301232834268207]], "chi2_level": 0.95, "chi2_df": 3, "chi2_threshold": 7.814727903251179, "N_raw": 39, "N_roi": 39, "N_inlier": 36, "refit": true}
{"timestamp": "15:51:28.265666", "frame": 97, "mu": [-2.0128988014017684, 1.237000853116217, 1.1584383992244678], "Sigma": [[0.005621899852809257, 0.00423305171837392, -0.0017854311686844248], [0.00423305171837392, 0.007025510156670514, -0.00760895129151222], [-0.0017854311686844246, -0.00760895129151222, 0.028283604317068722]], "chi2_level": 0.95, "chi2_df": 3, "chi2_threshold": 7.814727903251179, "N_raw": 43, "N_roi": 43, "N_inlier": 43, "refit": true}
{"timestamp": "15:51:28.326127", "frame": 98, "mu": [-2.0108910690150763, 1.1787987846050954, 1.2105472373710595], "Sigma": [[0.011515751021947325, 0.011265137559051551, -0.0044439532264882705], [0.011265137559051551, 0.018474561315424607, -0.013982439586986677], [-0.0044439532264882705, -0.013982439586986677, 0.020375126953745867]], "chi2_level": 0.95, "chi2_df": 3, "chi2_threshold": 7.814727903251179, "N_raw": 76, "N_roi": 76, "N_inlier": 71, "refit": true}
{"timestamp": "15:51:28.382606", "frame": 99, "mu": [-2.058993129909347, 1.1094995285363518, 1.0151482579168363], "Sigma": [[0.01151080146207571, 0.009609748108259077, 0.009957338521901834], [0.009609748108259077, 0.011086532572700793, 0.0008612089670511006], [0.009957338521901834, 0.0008612089670511009, 0.04225627828490692]], "chi2_level": 0.95, "chi2_df": 3, "chi2_threshold": 7.814727903251179, "N_raw": 80, "N_roi": 80, "N_inlier": 79, "refit": true}
{"timestamp": "15:51:28.507575", "frame": 100, "mu": [-2.0230183960365804, 1.0354249515863847, 0.9971850672513539], "Sigma": [[0.007367506972834057, 0.006306464268838982, 0.002026033289127201], [0.006306464268838982, 0.01176082270634843, -0.0077995752823080584], [0.0020260332891272005, -0.0077995752823080584, 0.030633428418321538]], "chi2_level": 0.95, "chi2_df": 3, "chi2_threshold": 7.814727903251179, "N_raw": 68, "N_roi": 68, "N_inlier": 66, "refit": true}
{"timestamp": "15:51:28.517152", "frame": 101, "mu": [-1.9568315856963987, 1.024649725491723, 1.1158719669938848], "Sigma": [[0.005301495209718045, 0.004773606922284374, 0.0007532896929073366], [0.0047736069222843736, 0.00899906886629303, -0.003987184929646018], [0.0007532896929073367, -0.003987184929646017, 0.050679505897599356]], "chi2_level": 0.95, "chi2_df": 3, "chi2_threshold": 7.814727903251179, "N_raw": 34, "N_roi": 34, "N_inlier": 34, "refit": true}
{"timestamp": "15:51:28.551812", "frame": 102, "mu": [-2.004854782414407, 0.9815180622266065, 1.2821884338925433], "Sigma": [[0.008589493284332079, 0.007281803659035224, -0.0029649686573583606], [0.007281803659035224, 0.013675358214727318, -0.010790608829635954], [-0.0029649686573583606, -0.010790608829635954, 0.011365150109108008]], "chi2_level": 0.95, "chi2_df": 3, "chi2_threshold": 7.814727903251179, "N_raw": 52, "N_roi": 52, "N_inlier": 50, "refit": true}
{"timestamp": "15:51:28.594756", "frame": 103, "mu": [-1.9361495472025934, 0.9961484377146249, 1.2117661652455656], "Sigma": [[0.005372957155647858, 0.003124460664366715, -0.0006322043733048002], [0.003124460664366715, 0.0075532723263149896, -0.007944453011135166], [-0.0006322043733047998, -0.007944453011135166, 0.030687019518607972]], "chi2_level": 0.95, "chi2_df": 3, "chi2_threshold": 7.814727903251179, "N_raw": 36, "N_roi": 36, "N_inlier": 36, "refit": true}
{"timestamp": "15:51:28.649627", "frame": 104, "mu": [-1.9120879384101388, 1.1500599011166368, -0.6093334008532517], "Sigma": [[0.00813382760065526, 0.005369040042606096, -0.0009879983414040289], [0.005369040042606096, 0.0076355475207290765, -0.003282483140199631], [-0.0009879983414040287, -0.0032824831401996307, 0.0032000835314171844]], "chi2_level": 0.95, "chi2_df": 3, "chi2_threshold": 7.814727903251179, "N_raw": 36, "N_roi": 36, "N_inlier": 36, "refit": true}
{"timestamp": "15:51:28.709202", "frame": 105, "mu": [-1.9616188835733879, 1.0367990366011504, -0.49638406119434064], "Sigma": [[0.010404062493881353, 0.007392541635455158, 0.003441704832806183], [0.007392541635455158, 0.0157392616930863, -0.005903624472176055], [0.003441704832806182, -0.005903624472176055, 0.01059949661513392]], "chi2_level": 0.95, "chi2_df": 3, "chi2_threshold": 7.814727903251179, "N_raw": 63, "N_roi": 63, "N_inlier": 59, "refit": true}
{"timestamp": "15:51:28.765383", "frame": 106, "mu": [-1.9664800440566887, 0.8245101564900914, 1.1270876626296817], "Sigma": [[0.009860509810019603, 0.010486864659780555, 0.003097929296304949], [0.010486864659780553, 0.01457736754870267, -0.00433388283018502], [0.0030979292963049486, -0.00433388283018502, 0.026869474741087133]], "chi2_level": 0.95, "chi2_df": 3, "chi2_threshold": 7.814727903251179, "N_raw": 69, "N_roi": 69, "N_inlier": 68, "refit": true}
{"timestamp": "15:51:28.815379", "frame": 107, "mu": [-1.991110129518853, 0.7249599016849853, 0.9438134294811356], "Sigma": [[0.005216679063606791, 0.008975660147824, 0.0023874951749555794], [0.008975660147823998, 0.016152889281699778, 0.00559587457356263], [0.0023874951749555794, 0.00559587457356263, 0.016167194496080076]], "chi2_level": 0.95, "chi2_df": 3, "chi2_threshold": 7.814727903251179, "N_raw": 34, "N_roi": 34, "N_inlier": 32, "refit": true}
{"timestamp": "15:51:28.868513", "frame": 108, "mu": [-1.9952981055484256, 0.9759273577963465, -0.9488769731519381], "Sigma": [[0.004767013294456446, 0.005272600257016865, -0.0011111370886006072], [0.005272600257016865, 0.008490150543949708, -0.0028481653660705868], [-0.0011111370886006072, -0.0028481653660705868, 0.0029348666251069453]], "chi2_level": 0.95, "chi2_df": 3, "chi2_threshold": 7.814727903251179, "N_raw": 24, "N_roi": 24, "N_inlier": 22, "refit": true}
{"timestamp": "15:51:28.924592", "frame": 109, "mu": [-1.8875845879457949, 1.0377200554598371, -0.6348492768770935], "Sigma": [[0.005176870794222391, 0.003826981149557068, 0.003846796791516645], [0.003826981149557068, 0.006211713151725219, -0.001082827763141774], [0.003846796791516645, -0.0010828277631417737, 0.010458646364233248]], "chi2_level": 0.95, "chi2_df": 3, "chi2_threshold": 7.814727903251179, "N_raw": 30, "N_roi": 30, "N_inlier": 30, "refit": true}
{"timestamp": "15:51:28.985009", "frame": 110, "mu": [-1.9199583248103136, 0.7332951916662832, 1.0683670714216955], "Sigma": [[0.009475867597304918, 0.010531311884725288, 0.0027016776811396932], [0.010531311884725288, 0.014739023703354146, -0.0006738013656078223], [0.0027016776811396932, -0.0006738013656078221, 0.02512813994580025]], "chi2_level": 0.95, "chi2_df": 3, "chi2_threshold": 7.814727903251179, "N_raw": 64, "N_roi": 64, "N_inlier": 63, "refit": true}
{"timestamp": "15:51:29.039603", "frame": 111, "mu": [-1.9207129608700102, 0.6982411731906646, 1.1092843123199199], "Sigma": [[0.010219577596619686, 0.009834640164184165, 0.0015964337886888132], [0.009834640164184167, 0.015138459306095807, -0.005636374778119183], [0.001596433788688813, -0.005636374778119183, 0.013407150055177614]], "chi2_level": 0.95, "chi2_df": 3, "chi2_threshold": 7.814727903251179, "N_raw": 65, "N_roi": 65, "N_inlier": 61, "refit": true}
{"timestamp": "15:51:29.094766", "frame": 112, "mu": [-1.9063772876529983, 0.6143952526193915, 0.9832313721120525], "Sigma": [[0.008659623053862248, 0.009790975504568296, 0.0038020633659427696], [0.009790975504568294, 0.014290687366101567, -0.001000154620893234], [0.0038020633659427696, -0.0010001546208932342, 0.020723935287917314]], "chi2_level": 0.95, "chi2_df": 3, "chi2_threshold": 7.814727903251179, "N_raw": 64, "N_roi": 64, "N_inlier": 59, "refit": true}
{"timestamp": "15:51:29.148573", "frame": 113, "mu": [-1.9124446561697885, 0.572220591544331, 0.9093637813146455], "Sigma": [[0.006330542375172554, 0.006945523914830429, 0.0007910741272028966], [0.006945523914830429, 0.010946421966095476, 0.00024525953941463726], [0.0007910741272028967, 0.00024525953941463726, 0.017274036558103736]], "chi2_level": 0.95, "chi2_df": 3, "chi2_threshold": 7.814727903251179, "N_raw": 54, "N_roi": 54, "N_inlier": 47, "refit": true}
{"timestamp": "15:51:29.200628", "frame": 114, "mu": [-1.8830592502234689, 0.593069389119852, 0.9520924055628461], "Sigma": [[0.0062907898057453105, 0.007334133010132476, 0.001780300184661901], [0.007334133010132476, 0.010692379157477621, -0.0015940751440442292], [0.0017803001846619004, -0.001594075144044229, 0.017079406905893116]], "chi2_level": 0.95, "chi2_df": 3, "chi2_threshold": 7.814727903251179, "N_raw": 30, "N_roi": 30, "N_inlier": 29, "refit": true}
{"timestamp": "15:51:29.261214", "frame": 115, "mu": [-1.8442297732284287, 0.5891661313086474, 1.0392414220214057], "Sigma": [[0.006604068256471761, 0.00870294038381687, 0.00643927052949269], [0.00870294038381687, 0.016918763518318537, 0.009842348158121924], [0.00643927052949269, 0.009842348158121923, 0.04426417194288081]], "chi2_level": 0.95, "chi2_df": 3, "chi2_threshold": 7.814727903251179, "N_raw": 72, "N_roi": 72, "N_inlier": 62, "refit": true}
{"timestamp": "15:51:29.311575", "frame": 116, "mu": [-1.367279591674606, 0.5722222751618217, 1.0646720203213809], "Sigma": [[1.5119068575435721, -0.05929696813474675, 0.04868058173897132], [-0.05929696813474675, 0.012854490548476535, -0.004134222532822818], [0.04868058173897132, -0.004134222532822818, 0.010782864925271867]], "chi2_level": 0.95, "chi2_df": 3, "chi2_threshold": 7.814727903251179, "N_raw": 42, "N_roi": 42, "N_inlier": 36, "refit": true}
{"timestamp": "15:51:29.367296", "frame": 117, "mu": [-1.3632179260027166, 0.5096384451638593, 0.967111005740219], "Sigma": [[1.2623799445726982, -0.03726498587099564, -0.045382342298867034], [-0.03726498587099562, 0.01904896772735871, 0.016313266849970212], [-0.045382342298867034, 0.016313266849970212, 0.02896729605575555]], "chi2_level": 0.95, "chi2_df": 3, "chi2_threshold": 7.814727903251179, "N_raw": 49, "N_roi": 49, "N_inlier": 47, "refit": true}
