{"timestamp": "15:43:44.009149", "frame": 13, "mu": [1.929062186704402, 0.9636998134461846, -0.5956440914877097], "Sigma": [[0.0039497591006692, -0.005494984853084977, -0.0027297515377019735], [-0.005494984853084977, 0.011182966642409675, 0.00282768247962387], [-0.002729751537701974, 0.00282768247962387, 0.0031135203092438157]], "chi2_level": 0.95, "chi2_df": 3, "chi2_threshold": 7.814727903251179, "N_raw": 19, "N_roi": 19, "N_inlier": 17, "refit": true}
{"timestamp": "15:43:44.227830", "frame": 17, "mu": [1.9121275505267057, 0.6828276058279209, 1.2695563264570326], "Sigma": [[0.0022840596147640727, -0.0017569009231849309, -0.0028253605103484196], [-0.0017569009231849309, 0.006529549691967341, -0.0005485933386902193], [-0.0028253605103484196, -0.0005485933386902193, 0.005906086240579203]], "chi2_level": 0.95, "chi2_df": 3, "chi2_threshold": 7.814727903251179, "N_raw": 12, "N_roi": 12, "N_inlier": 12, "refit": true}
{"timestamp": "15:43:44.284269", "frame": 18, "mu": [1.8865202082992125, 0.7046321135502677, 1.2580539715488177], "Sigma": [[0.003420397520288814, -0.0036587289684400673, -0.0013652582087290404], [-0.003658728968440067, 0.012441834352699055, -0.0026734409419862356], [-0.0013652582087290404, -0.0026734409419862356, 0.003284631376512588]], "chi2_level": 0.95, "chi2_df": 3, "chi2_threshold": 7.814727903251179, "N_raw": 26, "N_roi": 26, "N_inlier": 24, "refit": true}
{"timestamp": "15:43:44.343847", "frame": 19, "mu": [1.875944188415685, 0.7100453155189338, 1.0938315588939904], "Sigma": [[0.0025275522724236433, -0.0029141901562373864, -0.002465418329805982], [-0.0029141901562373864, 0.012365685086925919, -0.005756437550041467], [-0.002465418329805982, -0.005756437550041467, 0.01391176865333889]], "chi2_level": 0.95, "chi2_df": 3, "chi2_threshold": 7.814727903251179, "N_raw": 33, "N_roi": 33, "N_inlier": 32, "refit": true}
{"timestamp": "15:43:44.451458", "frame": 21, "mu": [1.870130900931614, 0.7113051591535738, 1.0585503681544441], "Sigma": [[0.0022885051235331955, -0.0041368492779569185, -0.0029617421591516917], [-0.0041368492779569185, 0.008962028569172385, 0.004177434791589618], [-0.0029617421591516912, 0.004177434791589618, 0.01424766723787777]], "chi2_level": 0.95, "chi2_df": 3, "chi2_threshold": 7.814727903251179, "N_raw": 22, "N_roi": 22, "N_inlier": 20, "refit": true}
{"timestamp": "15:43:44.507883", "frame": 22, "mu": [1.8206855046365977, 0.6840839124003018, 1.248054223134449], "Sigma": [[0.004968368846052531, -0.007288378094708458, -0.0015543181695831685], [-0.007288378094708459, 0.01704154760292496, -0.0017150158013061639], [-0.0015543181695831685, -0.0017150158013061636, 0.0042500959323737274]], "chi2_level": 0.95, "chi2_df": 3, "chi2_threshold": 7.814727903251179, "N_raw": 33, "N_roi": 33, "N_inlier": 30, "refit": true}
{"timestamp": "15:43:44.561100", "frame": 23, "mu": [1.7896853240332398, 0.9687245407936649, -0.5932977946900237], "Sigma": [[0.003380862329916438, -0.0008389499325658128, -0.003621443007682683], [-0.0008389499325658126, 0.009438847509606843, -0.001534797144772252], [-0.003621443007682683, -0.001534797144772252, 0.006672303387169505]], "chi2_level": 0.95, "chi2_df": 3, "chi2_threshold": 7.814727903251179, "N_raw": 19, "N_roi": 19, "N_inlier": 18, "refit": true}
{"timestamp": "15:43:44.670827", "frame": 25, "mu": [1.7643793354327368, 0.6701328856650407, 1.012262313359855], "Sigma": [[0.003026065265110373, -0.003757542787536313, -0.006097745632648386], [-0.003757542787536313, 0.005829140100758475, 0.0054301766663455734], [-0.006097745632648386, 0.005430176666345573, 0.01944362759685423]], "chi2_level": 0.95, "chi2_df": 3, "chi2_threshold": 7.814727903251179, "N_raw": 17, "N_roi": 17, "N_inlier": 15, "refit": true}
{"timestamp": "15:43:44.725899", "frame": 26, "mu": [1.6717529834258344, 0.7453174286902488, 1.3630419323599487], "Sigma": [[0.003851943009278204, -0.003051603539016661, -0.003737225297150842], [-0.0030516035390166616, 0.006001890801802393, 0.0027854834449340484], [-0.0037372252971508415, 0.0027854834449340484, 0.013239801385564442]], "chi2_level": 0.95, "chi2_df": 3, "chi2_threshold": 7.814727903251179, "N_raw": 20, "N_roi": 20, "N_inlier": 17, "refit": true}
{"timestamp": "15:43:44.783252", "frame": 27, "mu": [1.6601443826431166, 0.7092165745850824, 1.3133089411909977], "Sigma": [[0.0066053372226422425, -0.007794980666303122, -0.003979516621576546], [-0.007794980666303122, 0.013694466280422295, 0.001083587430990484], [-0.003979516621576546, 0.0010835874309904842, 0.006602743485868367]], "chi2_level": 0.95, "chi2_df": 3, "chi2_threshold": 7.814727903251179, "N_raw": 40, "N_roi": 40, "N_inlier": 36, "refit": true}
{"timestamp": "15:43:45.057461", "frame": 32, "mu": [1.4696555295004126, 0.719996447883187, 1.260920762675297], "Sigma": [[0.0035766757267474978, -0.0035452778017575942, -0.007541260879530821], [-0.0035452778017575947, 0.0047355789826132545, 0.005061478258783612], [-0.007541260879530821, 0.005061478258783612, 0.027742484141908566]], "chi2_level": 0.95, "chi2_df": 3, "chi2_threshold": 7.814727903251179, "N_raw": 27, "N_roi": 27, "N_inlier": 26, "refit": true}
{"timestamp": "15:43:45.165984", "frame": 34, "mu": [1.4791057143575264, 0.7444682213763423, 1.2784529777847087], "Sigma": [[0.0018771346093385225, -0.0012816579525886354, -0.0031033743601486152], [-0.0012816579525886354, 0.0015115184873718318, 0.0009418560913390403], [-0.003103374360148615, 0.0009418560913390402, 0.007742806940704305]], "chi2_level": 0.95, "chi2_df": 3, "chi2_threshold": 7.814727903251179, "N_raw": 14, "N_roi": 14, "N_inlier": 12, "refit": true}
{"timestamp": "15:43:45.221423", "frame": 35, "mu": [1.4402539126232559, 0.7248572276469956, 1.20403870656092], "Sigma": [[0.003072631570594505, -0.003714749147114051, -0.0008607060467367103], [-0.003714749147114051, 0.010272872442727838, -0.013722617894833061], [-0.0008607060467367106, -0.013722617894833061, 0.042993264807960306]], "chi2_level": 0.95, "chi2_df": 3, "chi2_threshold": 7.814727903251179, "N_raw": 20, "N_roi": 20, "N_inlier": 18, "refit": true}
{"timestamp": "15:43:45.276023", "frame": 36, "mu": [1.362331441693843, 0.7576180248944044, 1.371049505076876], "Sigma": [[0.003566763779147636, -0.0022759793303289235, -0.005592276761341428], [-0.002275979330328923, 0.0030093805633448186, 0.0018576823439346514], [-0.005592276761341428, 0.0018576823439346514, 0.01315396394387534]], "chi2_level": 0.95, "chi2_df": 3, "chi2_threshold": 7.814727903251179, "N_raw": 19, "N_roi": 19, "N_inlier": 16, "refit": true}
{"timestamp": "15:43:45.333975", "frame": 37, "mu": [1.3654561432903214, 0.7399856757707889, 1.3822052313230246], "Sigma": [[0.005808109881974521, -0.004179999650633805, -0.004996705081975444], [-0.004179999650633805, 0.0049461640030691355, 0.0014285335992601743], [-0.004996705081975444, 0.001428533599260174, 0.007276778960104868]], "chi2_level": 0.95, "chi2_df": 3, "chi2_threshold": 7.814727903251179, "N_raw": 39, "N_roi": 39, "N_inlier": 35, "refit": true}
{"timestamp": "15:43:45.440885", "frame": 39, "mu": [1.2083249156499756, 0.8469993743910398, 1.4353522261006657], "Sigma": [[0.0017128981938247247, 0.0006060856067071861, -0.005977293519402816], [0.0006060856067071862, 0.005116144933788889, -0.005782041159254605], [-0.005977293519402816, -0.005782041159254605, 0.04487696293915811]], "chi2_level": 0.95, "chi2_df": 3, "chi2_threshold": 7.814727903251179, "N_raw": 17, "N_roi": 17, "N_inlier": 15, "refit": true}
{"timestamp": "15:43:45.497046", "frame": 40, "mu": [1.2071206824630945, 0.7907085643813947, 1.42960622176815], "Sigma": [[0.002684599643426918, -0.0012869179734843973, -0.00628767871747536], [-0.0012869179734843975, 0.005674586437106264, 0.00802855155716321], [-0.00628767871747536, 0.00802855155716321, 0.02886726673150526]], "chi2_level": 0.95, "chi2_df": 3, "chi2_threshold": 7.814727903251179, "N_raw": 20, "N_roi": 20, "N_inlier": 18, "refit": true}
{"timestamp": "15:43:45.554339", "frame": 41, "mu": [1.2045972268479637, 0.756935336396356, 1.4016214222926204], "Sigma": [[0.004855384653462324, -0.0021986160170455876, -0.004259265388121382], [-0.0021986160170455885, 0.003223431670355729, -0.00024300852534613429], [-0.004259265388121382, -0.00024300852534613423, 0.007656416915138691]], "chi2_level": 0.95, "chi2_df": 3, "chi2_threshold": 7.814727903251179, "N_raw": 38, "N_roi": 38, "N_inlier": 37, "refit": true}
{"timestamp": "15:43:45.609099", "frame": 42, "mu": [1.1462431311725392, 0.7987708870031602, 1.4703527896135173], "Sigma": [[0.004927567809567562, -0.0019916706460281933, -0.0017815248447234566], [-0.001991670646028193, 0.00460220879281751, -0.00029893957340305563], [-0.0017815248447234566, -0.00029893957340305563, 0.0011003774893850746]], "chi2_level": 0.95, "chi2_df": 3, "chi2_threshold": 7.814727903251179, "N_raw": 35, "N_roi": 35, "N_inlier": 33, "refit": true}
{"timestamp": "15:43:45.663280", "frame": 43, "mu": [1.040924587766761, 0.9992410886008714, -0.24995828496678518], "Sigma": [[0.0030110970473103075, -0.0005209756996861956, -0.0020293177426463594], [-0.0005209756996861956, 0.005390210011267126, 0.0005250760564007822], [-0.0020293177426463594, 0.0005250760564007823, 0.0032207866008188007]], "chi2_level": 0.95, "chi2_df": 3, "chi2_threshold": 7.814727903251179, "N_raw": 33, "N_roi": 33, "N_inlier": 31, "refit": true}
{"timestamp": "15:43:45.722710", "frame": 44, "mu": [1.0568004540177198, 0.8580096634092589, 1.3719003537395718], "Sigma": [[0.004616070457904195, -0.0031806007448078, -0.005858905977332897], [-0.0031806007448078, 0.004108021956334332, 0.0011741044858558857], [-0.005858905977332897, 0.0011741044858558855, 0.01922748899668706]], "chi2_level": 0.95, "chi2_df": 3, "chi2_threshold": 7.814727903251179, "N_raw": 57, "N_roi": 57, "N_inlier": 55, "refit": true}
{"timestamp": "15:43:45.779743", "frame": 45, "mu": [1.0116367089120413, 0.860724393548976, 1.2752817403323922], "Sigma": [[0.006423463540170218, -0.002447572444745573, -0.01578564769901447], [-0.002447572444745573, 0.003577498552087486, 0.004570791788014533], [-0.01578564769901447, 0.004570791788014533, 0.07224462509545451]], "chi2_level": 0.95, "chi2_df": 3, "chi2_threshold": 7.814727903251179, "N_raw": 69, "N_roi": 69, "N_inlier": 68, "refit": true}
{"timestamp": "15:43:45.829265", "frame": 46, "mu": [0.9630910910859847, 0.8584540479124663, 1.4904329113917028], "Sigma": [[0.004253313855298874, -0.001685680627966234, -0.0014027905858628306], [-0.0016856806279662339, 0.004659324303328739, -0.00021968925857931678], [-0.0014027905858628306, -0.00021968925857931678, 0.0007265522040764615]], "chi2_level": 0.95, "chi2_df": 3, "chi2_threshold": 7.814727903251179, "N_raw": 42, "N_roi": 42, "N_inlier": 40, "refit": true}
{"timestamp": "15:43:45.881032", "frame": 47, "mu": [0.9100230901444197, 0.9822142264174103, -0.24150881057962542], "Sigma": [[0.0017253848198860292, -5.415260995498556e-05, -0.0011261694554918877], [-5.415260995498552e-05, 0.0018803509498325538, -0.00016610329449959509], [-0.0011261694554918877, -0.00016610329449959509, 0.0008835029183511862]], "chi2_level": 0.95, "chi2_df": 3, "chi2_threshold": 7.814727903251179, "N_raw": 18, "N_roi": 18, "N_inlier": 15, "refit": true}
{"timestamp": "15:43:45.939776", "frame": 48, "mu": [0.8722645467507163, 0.8791840974892416, 1.429380309663554], "Sigma": [[0.003749172908884412, -0.0008017999007011298, -0.0027725576894555458], [-0.0008017999007011298, 0.0018535344503972664, -0.0011740132229586878], [-0.0027725576894555458, -0.0011740132229586878, 0.004680653706516792]], "chi2_level": 0.95, "chi2_df": 3, "chi2_threshold": 7.814727903251179, "N_raw": 42, "N_roi": 42, "N_inlier": 40, "refit": true}
{"timestamp": "15:43:45.994678", "frame": 49, "mu": [0.8437792483979472, 0.8524785153730824, 1.4536135365883234], "Sigma": [[0.0035050370705147003, -0.0005370270830627932, -0.0021242615299880046], [-0.0005370270830627933, 0.0031895135946442207, -0.0009128686409613902], [-0.002124261529988004, -0.0009128686409613901, 0.003632087584026903]], "chi2_level": 0.95, "chi2_df": 3, "chi2_threshold": 7.814727903251179, "N_raw": 42, "N_roi": 42, "N_inlier": 41, "refit": true}
{"timestamp": "15:43:46.106266", "frame": 51, "mu": [0.8073852280946785, 0.8269184538808962, 1.4293693956709794], "Sigma": [[0.0050168873146286125, -0.0009757062255131363, -0.0031788919147854398], [-0.0009757062255131362, 0.00274960965032035, -0.001013868457772537], [-0.00317889191478544, -0.001013868457772537, 0.0037423682765427603]], "chi2_level": 0.95, "chi2_df": 3, "chi2_threshold": 7.814727903251179, "N_raw": 54, "N_roi": 54, "N_inlier": 52, "refit": true}
{"timestamp": "15:43:46.161175", "frame": 52, "mu": [0.7442263804935464, 0.818170834158956, 1.30132393402601], "Sigma": [[0.006827411465185447, -0.0020833389342111534, -0.021402563331065876], [-0.0020833389342111534, 0.0035792146345387035, 0.005459059103578144], [-0.021402563331065876, 0.005459059103578144, 0.09094950361575393]], "chi2_level": 0.95, "chi2_df": 3, "chi2_threshold": 7.814727903251179, "N_raw": 51, "N_roi": 51, "N_inlier": 50, "refit": true}
{"timestamp": "15:43:46.218052", "frame": 53, "mu": [0.7387414799096157, 0.820246018416692, -0.651894176514479], "Sigma": [[0.0037138735654922306, 0.00019459471514570868, -0.005613548632162258], [0.00019459471514570874, 0.0032404360929528617, 0.002862088962221624], [-0.005613548632162258, 0.002862088962221624, 0.04990224296447568]], "chi2_level": 0.95, "chi2_df": 3, "chi2_threshold": 7.814727903251179, "N_raw": 67, "N_roi": 67, "N_inlier": 64, "refit": true}
{"timestamp": "15:43:46.274093", "frame": 54, "mu": [0.7402618001013719, 0.7557842455044306, 1.3436892570553216], "Sigma": [[0.006860564754212807, -0.0016738056789361282, -0.006922503192914833], [-0.0016738056789361282, 0.0029025009358619133, -3.822850938738369e-05], [-0.006922503192914833, -3.822850938738355e-05, 0.010956088338840589]], "chi2_level": 0.95, "chi2_df": 3, "chi2_threshold": 7.814727903251179, "N_raw": 73, "N_roi": 73, "N_inlier": 70, "refit": true}
{"timestamp": "15:43:46.324999", "frame": 55, "mu": [0.6596558453447621, 0.746070655272112, 1.4593547452618025], "Sigma": [[0.0023294558501138485, -0.00037473226431662167, -0.001145615137583413], [-0.00037473226431662167, 0.0026924909641647147, -0.0009169303326771121], [-0.001145615137583413, -0.000916930332677112, 0.0014365378248980011]], "chi2_level": 0.95, "chi2_df": 3, "chi2_threshold": 7.814727903251179, "N_raw": 42, "N_roi": 42, "N_inlier": 37, "refit": true}
{"timestamp": "15:43:46.381969", "frame": 56, "mu": [0.6265987143365984, 0.7534219831204326, 1.4151541494457427], "Sigma": [[0.004150843252077499, -0.0009130193134989188, -0.007977000279960537], [-0.0009130193134989189, 0.002923593797056406, 0.0033666617106787567], [-0.007977000279960539, 0.0033666617106787567, 0.03664419183970064]], "chi2_level": 0.95, "chi2_df": 3, "chi2_threshold": 7.814727903251179, "N_raw": 60, "N_roi": 60, "N_inlier": 56, "refit": true}
{"timestamp": "15:43:46.437004", "frame": 57, "mu": [0.592284497432811, 0.7478917025415814, 1.4329891370137335], "Sigma": [[0.0033628694076337584, -0.00041285785726002483, -0.002507089447788509], [-0.00041285785726002483, 0.0018490011825573872, -0.0017039983026938535], [-0.002507089447788508, -0.0017039983026938535, 0.006591738277319219]], "chi2_level": 0.95, "chi2_df": 3, "chi2_threshold": 7.814727903251179, "N_raw": 62, "N_roi": 62, "N_inlier": 58, "refit": true}
{"timestamp": "15:43:46.490788", "frame": 58, "mu": [0.5742904808062433, 0.8551432947161361, -0.36739418967675], "Sigma": [[0.002992078746706059, 0.00036062580435249135, -0.0032869588916709666], [0.00036062580435249135, 0.0021293760749453777, -0.003241361620110105], [-0.0032869588916709666, -0.0032413616201101047, 0.023659469300581833]], "chi2_level": 0.95, "chi2_df": 3, "chi2_threshold": 7.814727903251179, "N_raw": 45, "N_roi": 45, "N_inlier": 42, "refit": true}
{"timestamp": "15:43:46.541763", "frame": 59, "mu": [0.5355961839286671, 0.8562130888100707, -0.3726391035860882], "Sigma": [[0.003028419481212822, 0.000924805837228073, -0.00393144258103323], [0.000924805837228073, 0.0016854639809892726, -0.003939621358775197], [-0.00393144258103323, -0.003939621358775197, 0.013861861888580086]], "chi2_level": 0.95, "chi2_df": 3, "chi2_threshold": 7.814727903251179, "N_raw": 24, "N_roi": 24, "N_inlier": 21, "refit": true}
{"timestamp": "15:43:46.607882", "frame": 60, "mu": [0.49419802774701693, 0.7594695237100741, 1.2633858043734414], "Sigma": [[0.005827663488845662, 0.00013951917677192978, 0.00585900389545709], [0.00013951917677192973, 0.002498442087505227, 0.0008820844202100114], [0.00585900389545709, 0.0008820844202100116, 0.08392840569947208]], "chi2_level": 0.95, "chi2_df": 3, "chi2_threshold": 7.814727903251179, "N_raw": 100, "N_roi": 100, "N_inlier": 97, "refit": true}
{"timestamp": "15:43:46.660840", "frame": 61, "mu": [0.5058839341665264, 0.7383137346369214, 1.2732496408393403], "Sigma": [[0.007584169702252722, 0.0011058221258971558, 0.007587753316601871], [0.0011058221258971558, 0.0024844117285844087, 0.006529479061789195], [0.007587753316601871, 0.006529479061789194, 0.06292628533350769]], "chi2_level": 0.95, "chi2_df": 3, "chi2_threshold": 7.814727903251179, "N_raw": 81, "N_roi": 81, "N_inlier": 78, "refit": true}
{"timestamp": "15:43:46.710696", "frame": 62, "mu": [0.46695869965513, 0.7320007165593571, 1.1471964673402286], "Sigma": [[0.005662136197749102, 0.00025268760041413435, 0.004731458014500338], [0.00025268760041413456, 0.0016082839950176666, 0.003928526963661818], [0.004731458014500338, 0.003928526963661818, 0.037198484618907846]], "chi2_level": 0.95, "chi2_df": 3, "chi2_threshold": 7.814727903251179, "N_raw": 53, "N_roi": 53, "N_inlier": 53, "refit": true}
{"timestamp": "15:43:46.820472", "frame": 64, "mu": [0.33222848300930946, 0.7663182690703053, 1.1437073953317376], "Sigma": [[0.0015364473239155233, -0.0006460241667067895, -0.0025309337035439162], [-0.0006460241667067895, 0.0023004126383158133, 0.0001579885386348523], [-0.0025309337035439167, 0.00015798853863485218, 0.09594694172038672]], "chi2_level": 0.95, "chi2_df": 3, "chi2_threshold": 7.814727903251179, "N_raw": 52, "N_roi": 52, "N_inlier": 49, "refit": true}
{"timestamp": "15:43:46.872051", "frame": 65, "mu": [0.31504295568906043, 0.7547169748144974, 1.1509700808469558], "Sigma": [[0.004960780066004775, -0.0008320811680363824, 0.0003306731761968443], [-0.0008320811680363824, 0.003996918019334905, 0.01029033162794142], [0.0003306731761968445, 0.01029033162794142, 0.32605770995110755]], "chi2_level": 0.95, "chi2_df": 3, "chi2_threshold": 7.814727903251179, "N_raw": 19, "N_roi": 19, "N_inlier": 18, "refit": true}
{"timestamp": "15:43:46.936826", "frame": 66, "mu": [0.3370640932707257, 0.7468852484523089, 1.2038301793730757], "Sigma": [[0.004795022283852727, 0.0005167049727018471, -3.305461642018532e-05], [0.0005167049727018471, 0.001871384747699847, 0.005373173776333118], [-3.305461642018494e-05, 0.005373173776333118, 0.07787384002703039]], "chi2_level": 0.95, "chi2_df": 3, "chi2_threshold": 7.814727903251179, "N_raw": 94, "N_roi": 94, "N_inlier": 92, "refit": true}
{"timestamp": "15:43:46.993001", "frame": 67, "mu": [0.27919071320495253, 0.7375701736118008, 1.000293492846296], "Sigma": [[0.0035075966450644393, -0.002127609347192842, -0.024956358598647563], [-0.002127609347192842, 0.004295971042622331, 0.025320353787952953], [-0.024956358598647563, 0.025320353787952953, 0.3569205428295158]], "chi2_level": 0.95, "chi2_df": 3, "chi2_threshold": 7.814727903251179, "N_raw": 89, "N_roi": 89, "N_inlier": 87, "refit": true}
{"timestamp": "15:43:47.043297", "frame": 68, "mu": [0.2670802481147388, 0.7693548286860942, 1.3950370292456875], "Sigma": [[0.003293502550825834, -0.00010969719451477591, -0.004341269305923651], [-0.00010969719451477591, 0.001265694474293251, -0.0015645274568772038], [-0.004341269305923651, -0.001564527456877204, 0.00919561087900341]], "chi2_level": 0.95, "chi2_df": 3, "chi2_threshold": 7.814727903251179, "N_raw": 71, "N_roi": 71, "N_inlier": 68, "refit": true}
{"timestamp": "15:43:47.097747", "frame": 69, "mu": [0.18852460702892201, 0.815480640990671, 1.403416596671392], "Sigma": [[0.0018129884190209065, -0.0006700987466481787, -0.0033640989470259297], [-0.0006700987466481787, 0.003537703641114567, 0.0011352232045363409], [-0.0033640989470259293, 0.0011352232045363406, 0.015465679252761598]], "chi2_level": 0.95, "chi2_df": 3, "chi2_threshold": 7.814727903251179, "N_raw": 64, "N_roi": 64, "N_inlier": 61, "refit": true}
{"timestamp": "15:43:47.154315", "frame": 70, "mu": [0.1697813431820243, 0.7682096156668635, 1.342438888439972], "Sigma": [[0.0016867519163113085, -5.3181140640822316e-05, -0.0003094884491610938], [-5.318114064082231e-05, 0.0024340231888666263, 0.003430936967970989], [-0.00030948844916109386, 0.003430936967970989, 0.02600802157430032]], "chi2_level": 0.95, "chi2_df": 3, "chi2_threshold": 7.814727903251179, "N_raw": 73, "N_roi": 73, "N_inlier": 69, "refit": true}
{"timestamp": "15:43:47.204922", "frame": 71, "mu": [0.0886890104722986, 0.7717976703829698, 1.5167681474874004], "Sigma": [[0.0011798289033070352, -0.0006375806096061609, -0.0030169679447683015], [-0.0006375806096061609, 0.003443614874694916, 0.003806492437718566], [-0.003016967944768301, 0.003806492437718566, 0.021343779294357445]], "chi2_level": 0.95, "chi2_df": 3, "chi2_threshold": 7.814727903251179, "N_raw": 44, "N_roi": 44, "N_inlier": 39, "refit": true}
{"timestamp": "15:43:47.264579", "frame": 72, "mu": [0.07755570196211481, 0.803608359797513, 1.3838232078828756], "Sigma": [[0.0021182100338815093, -0.0002611198429530731, -0.0021714708174855636], [-0.0002611198429530731, 0.0007313349916839502, -0.0017230549688932195], [-0.0021714708174855636, -0.0017230549688932195, 0.011949767482484226]], "chi2_level": 0.95, "chi2_df": 3, "chi2_threshold": 7.814727903251179, "N_raw": 75, "N_roi": 75, "N_inlier": 71, "refit": true}
{"timestamp": "15:43:47.317242", "frame": 73, "mu": [0.051655994660272646, 0.7840135897994436, 1.392080880878121], "Sigma": [[0.0016794465878556708, 0.00012905451632974827, -0.0012551739819423957], [0.0001290545163297483, 0.0010911691408006456, -0.0024267370883954286], [-0.001255173981942396, -0.0024267370883954286, 0.007266128776434975]], "chi2_level": 0.95, "chi2_df": 3, "chi2_threshold": 7.814727903251179, "N_raw": 62, "N_roi": 62, "N_inlier": 60, "refit": true}
{"timestamp": "15:43:47.376694", "frame": 74, "mu": [0.03125304078925668, 0.7822840449318341, 1.304446956361227], "Sigma": [[0.0022919416446881, 0.00042075509162642463, -0.0019711722563115867], [0.00042075509162642463, 0.000660049369173291, 0.00018062386297321094], [-0.0019711722563115867, 0.000180623862973211, 0.03065964908379656]], "chi2_level": 0.95, "chi2_df": 3, "chi2_threshold": 7.814727903251179, "N_raw": 84, "N_roi": 84, "N_inlier": 81, "refit": true}
{"timestamp": "15:43:47.591496", "frame": 78, "mu": [-0.1676929946235242, 0.7725504110374731, 1.4079705592209195], "Sigma": [[0.002311117220979822, -0.0010478691742566192, 0.0008105220377388597], [-0.0010478691742566192, 0.0015775928784906455, -0.0021620447186542074], [0.0008105220377388597, -0.002162044718654207, 0.007984123890496504]], "chi2_level": 0.95, "chi2_df": 3, "chi2_threshold": 7.814727903251179, "N_raw": 63, "N_roi": 63, "N_inlier": 61, "refit": true}
{"timestamp": "15:43:47.642124", "frame": 79, "mu": [-0.23853282664378517, 0.7373490890997139, 1.303554954200413], "Sigma": [[0.001826656259302412, -0.00033097733697529097, 0.0167161207907093], [-0.000330977336975291, 0.0009803231320667013, 0.001954997206852698], [0.0167161207907093, 0.001954997206852699, 0.2910671786658039]], "chi2_level": 0.95, "chi2_df": 3, "chi2_threshold": 7.814727903251179, "N_raw": 21, "N_roi": 21, "N_inlier": 20, "refit": true}
{"timestamp": "15:43:47.704877", "frame": 80, "mu": [-0.20807451123751713, 0.7433383493016689, 1.3058789533457675], "Sigma": [[0.0019024949509032776, -0.0006106161331637188, -0.0015659615216230963], [-0.0006106161331637188, 0.0018232496428356338, -0.003133759042786491], [-0.0015659615216230965, -0.003133759042786491, 0.01055503868857958]], "chi2_level": 0.95, "chi2_df": 3, "chi2_threshold": 7.814727903251179, "N_raw": 81, "N_roi": 81, "N_inlier": 78, "refit": true}
{"timestamp": "15:43:47.757474", "frame": 81, "mu": [-0.2171839738342774, 0.7069002494377206, 1.3268049585174164], "Sigma": [[0.0017099622528064242, -0.0005229037089959062, -0.002096894850520453], [-0.0005229037089959062, 0.0006406410333405602, -0.000951455500256453], [-0.002096894850520453, -0.0009514555002564528, 0.010632274404781157]], "chi2_level": 0.95, "chi2_df": 3, "chi2_threshold": 7.814727903251179, "N_raw": 63, "N_roi": 63, "N_inlier": 59, "refit": true}
{"timestamp": "15:43:47.806722", "frame": 82, "mu": [-0.19966966942885114, 0.757243638886036, 1.252501474499789], "Sigma": [[0.0013673722418968287, 0.00027994694846853884, 0.00122273749418841], [0.00027994694846853884, 0.0006840586343039157, -0.00018996342600799182], [0.00122273749418841, -0.00018996342600799182, 0.0017831274768578742]], "chi2_level": 0.95, "chi2_df": 3, "chi2_threshold": 7.814727903251179, "N_raw": 16, "N_roi": 16, "N_inlier": 12, "refit": true}
{"timestamp": "15:43:47.862006", "frame": 83, "mu": [-0.2576297423852868, 0.9633015665167857, -0.6411799640382798], "Sigma": [[0.0014120645797610937, -0.0009649518959854094, 0.002070999059709571], [-0.0009649518959854094, 0.02109585065880202, -0.05589431867527596], [0.0020709990597095706, -0.05589431867527596, 0.15099866366270562]], "chi2_level": 0.95, "chi2_df": 3, "chi2_threshold": 7.814727903251179, "N_raw": 20, "N_roi": 20, "N_inlier": 17, "refit": true}
{"timestamp": "15:43:47.924262", "frame": 84, "mu": [-0.3143991344288244, 0.6730646688510833, 1.3127850534430394], "Sigma": [[0.0016443642066414695, -0.00029009566197552223, -0.00018287478807958008], [-0.00029009566197552223, 0.0005291860891474506, -0.0013302453674527146], [-0.00018287478807958008, -0.0013302453674527144, 0.012940948509459422]], "chi2_level": 0.95, "chi2_df": 3, "chi2_threshold": 7.814727903251179, "N_raw": 70, "N_roi": 67, "N_inlier": 66, "refit": true}
{"timestamp": "15:43:47.976221", "frame": 85, "mu": [-0.35693509193785566, 0.7523800346939175, 1.4177258528257088], "Sigma": [[0.0018624615171959652, 0.0005758822948200191, -0.003234384551364463], [0.000575882294820019, 0.002203782308497476, -0.004790105045726136], [-0.0032343845513644626, -0.004790105045726136, 0.014556911872132329]], "chi2_level": 0.95, "chi2_df": 3, "chi2_threshold": 7.814727903251179, "N_raw": 56, "N_roi": 56, "N_inlier": 55, "refit": true}
{"timestamp": "15:43:48.027168", "frame": 86, "mu": [-0.39954014906693053, 0.6622148832420347, 1.4282375870153667], "Sigma": [[0.0015396641018890567, -0.00013196549068745654, -0.0060871342904401625], [-0.0001319654906874565, 0.0005005853961593494, 0.0029586144906695653], [-0.0060871342904401625, 0.0029586144906695658, 0.06274959984209544]], "chi2_level": 0.95, "chi2_df": 3, "chi2_threshold": 7.814727903251179, "N_raw": 21, "N_roi": 21, "N_inlier": 17, "refit": true}
{"timestamp": "15:43:48.091510", "frame": 87, "mu": [-0.4646216948622161, 0.6839095462150332, 1.4295519736308122], "Sigma": [[0.002917361424995764, -0.0011612476004720525, -0.0042031380561885455], [-0.0011612476004720525, 0.001667729596385156, 0.001495273277233748], [-0.0042031380561885455, 0.001495273277233748, 0.02365629476501957]], "chi2_level": 0.95, "chi2_df": 3, "chi2_threshold": 7.814727903251179, "N_raw": 96, "N_roi": 96, "N_inlier": 81, "refit": true}
{"timestamp": "15:43:48.140684", "frame": 88, "mu": [-0.47284328786902974, 0.6144342758323396, 1.2841985505784397], "Sigma": [[0.019179022422385898, 0.0019561127482868573, -0.0217003293940334], [0.0019561127482868573, 0.0026703485874358564, -0.002711187676862792], [-0.0217003293940334, -0.002711187676862792, 0.033695904289867656]], "chi2_level": 0.95, "chi2_df": 3, "chi2_threshold": 7.814727903251179, "N_raw": 45, "N_roi": 42, "N_inlier": 38, "refit": true}
{"timestamp": "15:43:48.192966", "frame": 89, "mu": [-0.7007578494212029, 0.5997363031941507, 1.5850137515393639], "Sigma": [[0.028527270134893083, 0.008777112466344189, -0.03493039106181947], [0.008777112466344189, 0.003518616381682744, -0.010519129977756064], [-0.03493039106181947, -0.010519129977756064, 0.060415431521392414]], "chi2_level": 0.95, "chi2_df": 3, "chi2_threshold": 7.814727903251179, "N_raw": 32, "N_roi": 32, "N_inlier": 30, "refit": true}
{"timestamp": "15:43:48.253807", "frame": 90, "mu": [-0.7252409918907798, 0.6404756918354463, 1.6515299491471307], "Sigma": [[0.015675184926697727, 0.004897413274546272, -0.011576156961970358], [0.004897413274546271, 0.004145477161075343, -0.005318852103000659], [-0.011576156961970358, -0.005318852103000659, 0.013150301349622827]], "chi2_level": 0.95, "chi2_df": 3, "chi2_threshold": 7.814727903251179, "N_raw": 75, "N_roi": 75, "N_inlier": 71, "refit": true}
{"timestamp": "15:43:48.309607", "frame": 91, "mu": [-0.7283719172914155, 0.6352350171761801, 1.6421040050950877], "Sigma": [[0.01813286933042364, 0.0053857989058322, -0.01154827966543081], [0.0053857989058322, 0.0036964953111969694, -0.005142868811790015], [-0.011548279665430813, -0.005142868811790015, 0.010475148605987517]], "chi2_level": 0.95, "chi2_df": 3, "chi2_threshold": 7.814727903251179, "N_raw": 70, "N_roi": 70, "N_inlier": 66, "refit": true}
{"timestamp": "15:43:48.359221", "frame": 92, "mu": [-0.6537777635121428, 0.8503858800674254, -0.5844735926486666], "Sigma": [[0.01068782532176144, 0.012047531323238159, -0.026499305822992706], [0.012047531323238159, 0.018509605493130507, -0.04338673953682924], [-0.026499305822992706, -0.04338673953682924, 0.11104586139018574]], "chi2_level": 0.95, "chi2_df": 3, "chi2_threshold": 7.814727903251179, "N_raw": 36, "N_roi": 36, "N_inlier": 35, "refit": true}
{"timestamp": "15:43:48.412063", "frame": 93, "mu": [-0.7955774735311398, 0.6356185778856082, 1.6501084674127746], "Sigma": [[0.014199207408394551, 0.009019357843634326, -0.021179147160993103], [0.009019357843634326, 0.007995875874675039, -0.01654508689725733], [-0.021179147160993103, -0.01654508689725733, 0.041558011165849056]], "chi2_level": 0.95, "chi2_df": 3, "chi2_threshold": 7.814727903251179, "N_raw": 25, "N_roi": 25, "N_inlier": 22, "refit": true}
{"timestamp": "15:43:48.470027", "frame": 94, "mu": [-0.8757156886823141, 0.6095698931368406, 1.7364672167978572], "Sigma": [[0.007153944487805461, 0.0006838824991328095, -0.008382453687331686], [0.0006838824991328097, 0.0031505515755680816, -0.0024409915299376246], [-0.008382453687331686, -0.0024409915299376246, 0.01745323338789871]], "chi2_level": 0.95, "chi2_df": 3, "chi2_threshold": 7.814727903251179, "N_raw": 45, "N_roi": 45, "N_inlier": 39, "refit": true}
{"timestamp": "15:43:48.531166", "frame": 95, "mu": [-0.9059684771118734, 0.6007141252606668, 1.6560933583062896], "Sigma": [[0.012336102971111604, 0.002978605286968521, -0.0062269961925906225], [0.0029786052869685215, 0.003924801343069151, -0.0043577733102112964], [-0.0062269961925906225, -0.0043577733102112964, 0.006930508943337044]], "chi2_level": 0.95, "chi2_df": 3, "chi2_threshold": 7.814727903251179, "N_raw": 80, "N_roi": 80, "N_inlier": 75, "refit": true}
{"timestamp": "15:43:48.578621", "frame": 96, "mu": [-0.9254467219236855, 0.6148783895027132, 1.67035258327362], "Sigma": [[0.005986732306633534, 0.0013449800378557996, -0.004168586922376755], [0.0013449800378557996, 0.002672232284898075, -0.003693584040076926], [-0.004168586922376754, -0.003693584040076926, 0.00861942683533642]], "chi2_level": 0.95, "chi2_df": 3, "chi2_threshold": 7.814727903251179, "N_raw": 35, "N_roi": 35, "N_inlier": 34, "refit": true}
{"timestamp": "15:43:48.634152", "frame": 97, "mu": [-0.9606229711612849, 0.6219199852688672, 1.608868654938422], "Sigma": [[0.008428087218883369, 0.0028946856743265513, -0.0030524447332456583], [0.002894685674326552, 0.002243616936140245, -0.0036331015628133416], [-0.0030524447332456583, -0.0036331015628133416, 0.011055923166183935]], "chi2_level": 0.95, "chi2_df": 3, "chi2_threshold": 7.814727903251179, "N_raw": 43, "N_roi": 43, "N_inlier": 39, "refit": true}
{"timestamp": "15:43:48.694802", "frame": 98, "mu": [-0.9753666204467204, 0.6318337558732086, 1.5926967333038793], "Sigma": [[0.0071021352100925726, 0.0013953737257110127, -0.0024407837004013196], [0.0013953737257110127, 0.005836998853804491, -0.004964369013771576], [-0.0024407837004013196, -0.004964369013771576, 0.0050978455116870245]], "chi2_level": 0.95, "chi2_df": 3, "chi2_threshold": 7.814727903251179, "N_raw": 79, "N_roi": 79, "N_inlier": 78, "refit": true}
{"timestamp": "15:43:48.746468", "frame": 99, "mu": [-0.9438653982279089, 0.6208751705516861, 1.454681302753009], "Sigma": [[0.005903490794779863, 0.004602747059771582, -0.0048449842540767745], [0.004602747059771581, 0.007124209545165984, -0.0061580529368133775], [-0.0048449842540767745, -0.0061580529368133775, 0.006218252677924638]], "chi2_level": 0.95, "chi2_df": 3, "chi2_threshold": 7.814727903251179, "N_raw": 51, "N_roi": 51, "N_inlier": 46, "refit": true}
{"timestamp": "15:43:48.892471", "frame": 100, "mu": [-0.9975291748869575, 0.6388517512490205, 1.5094354967642818], "Sigma": [[0.009381651020765576, 0.002784257026432191, -0.002067640121632237], [0.0027842570264321907, 0.0066633770591847325, -0.005308225583396092], [-0.002067640121632237, -0.005308225583396092, 0.005291565048530528]], "chi2_level": 0.95, "chi2_df": 3, "chi2_threshold": 7.814727903251179, "N_raw": 96, "N_roi": 96, "N_inlier": 93, "refit": true}
{"timestamp": "15:43:48.909273", "frame": 101, "mu": [-1.047834065671928, 0.6256881037929318, 1.5611022024099146], "Sigma": [[0.0078078578975998795, 0.0027842633213483745, -0.0016915581895704597], [0.0027842633213483745, 0.003590689523245197, -0.0025583011762752247], [-0.0016915581895704601, -0.0025583011762752243, 0.005701680260275233]], "chi2_level": 0.95, "chi2_df": 3, "chi2_threshold": 7.814727903251179, "N_raw": 65, "N_roi": 65, "N_inlier": 58, "refit": true}
{"timestamp": "15:43:48.940732", "frame": 102, "mu": [-1.064143717137549, 0.5973187521267908, 1.4958815578831408], "Sigma": [[0.0076068035698455575, 0.0012139681163814997, -0.0005496737569130794], [0.0012139681163814997, 0.003034451230554353, -0.003342054124572109], [-0.0005496737569130792, -0.0033420541245721093, 0.006248180806187765]], "chi2_level": 0.95, "chi2_df": 3, "chi2_threshold": 7.814727903251179, "N_raw": 68, "N_roi": 68, "N_inlier": 67, "refit": true}
{"timestamp": "15:43:48.971774", "frame": 103, "mu": [-1.0813010469675317, 0.5974975739564984, 1.512487507153403], "Sigma": [[0.005401430136049139, 0.0014712200322846947, -0.000728795411952498], [0.001471220032284695, 0.007389328488357531, -0.00564058783432181], [-0.0007287954119524979, -0.00564058783432181, 0.0052655948310512705]], "chi2_level": 0.95, "chi2_df": 3, "chi2_threshold": 7.814727903251179, "N_raw": 68, "N_roi": 68, "N_inlier": 66, "refit": true}
{"timestamp": "15:43:49.021079", "frame": 104, "mu": [-1.1297314920672727, 0.6266882858225409, 1.5104129791088032], "Sigma": [[0.005391030487792592, -0.0010911563435251083, -0.0013223882487370165], [-0.0010911563435251083, 0.005043100424352375, -0.0022363209547975557], [-0.0013223882487370167, -0.0022363209547975557, 0.001984569646806022]], "chi2_level": 0.95, "chi2_df": 3, "chi2_threshold": 7.814727903251179, "N_raw": 54, "N_roi": 54, "N_inlier": 50, "refit": true}
{"timestamp": "15:43:49.070445", "frame": 105, "mu": [-1.0613118349678712, 0.6947632279328011, 1.0945576023893464], "Sigma": [[0.010029393868469813, 0.0084527576302554, -0.02121932739938463], [0.0084527576302554, 0.008367471179913677, -0.018735067023578005], [-0.02121932739938463, -0.018735067023578005, 0.05333902747512013]], "chi2_level": 0.95, "chi2_df": 3, "chi2_threshold": 7.814727903251179, "N_raw": 12, "N_roi": 11, "N_inlier": 11, "refit": true}
{"timestamp": "15:43:49.130405", "frame": 106, "mu": [-1.1849234318780009, 0.45382858884547683, 1.2947172482509435], "Sigma": [[0.006783305621648112, 0.0024604316133918867, -0.006058944796836753], [0.0024604316133918867, 0.014911975832374644, -0.008847274913435154], [-0.006058944796836753, -0.008847274913435153, 0.013018403988687172]], "chi2_level": 0.95, "chi2_df": 3, "chi2_threshold": 7.814727903251179, "N_raw": 53, "N_roi": 53, "N_inlier": 49, "refit": true}
{"timestamp": "15:43:49.186977", "frame": 107, "mu": [-1.2154580235888406, 0.47935886481972384, 1.3714953989251062], "Sigma": [[0.006441433101214232, 0.0029089491656536276, 0.0005647633077442183], [0.0029089491656536276, 0.008827233770671164, -0.0018768405046907556], [0.0005647633077442182, -0.0018768405046907556, 0.008365350366604431]], "chi2_level": 0.95, "chi2_df": 3, "chi2_threshold": 7.814727903251179, "N_raw": 56, "N_roi": 56, "N_inlier": 53, "refit": true}
{"timestamp": "15:43:49.239342", "frame": 108, "mu": [-1.2495460088548416, 0.5265339680410286, 1.3782850821218038], "Sigma": [[0.003972564329657769, 0.001771402476773484, 0.000513625909529826], [0.001771402476773484, 0.004424515666706323, -0.0026158187862983604], [0.000513625909529826, -0.0026158187862983604, 0.007138367766385339]], "chi2_level": 0.95, "chi2_df": 3, "chi2_threshold": 7.814727903251179, "N_raw": 45, "N_roi": 45, "N_inlier": 43, "refit": true}
{"timestamp": "15:43:49.298178", "frame": 109, "mu": [-1.2836425305181118, 0.5217811466232607, 1.4472650509448468], "Sigma": [[0.005900119746296719, 0.0003575916256755953, -0.001207415739676526], [0.00035759162567559503, 0.009236953927745619, -0.0059225106571575165], [-0.0012074157396765259, -0.005922510657157517, 0.004571201159059643]], "chi2_level": 0.95, "chi2_df": 3, "chi2_threshold": 7.814727903251179, "N_raw": 57, "N_roi": 57, "N_inlier": 55, "refit": true}
{"timestamp": "15:43:49.352246", "frame": 110, "mu": [-1.307042079980608, 0.5444800053898325, 1.3804518041902272], "Sigma": [[0.005465794743532928, 0.001308925359264019, 0.001509143061380378], [0.001308925359264019, 0.004851917431374865, -0.0033106576301630566], [0.001509143061380378, -0.0033106576301630566, 0.017446961305224908]], "chi2_level": 0.95, "chi2_df": 3, "chi2_threshold": 7.814727903251179, "N_raw": 62, "N_roi": 62, "N_inlier": 59, "refit": true}
{"timestamp": "15:43:49.404216", "frame": 111, "mu": [-1.32487244765206, 0.46580929895811296, 1.324991816732079], "Sigma": [[0.004787335000032133, 0.005967898117341528, 0.006401661797919244], [0.005967898117341528, 0.01270370751687871, 0.013012102638352991], [0.006401661797919242, 0.01301210263835299, 0.025522514068158336]], "chi2_level": 0.95, "chi2_df": 3, "chi2_threshold": 7.814727903251179, "N_raw": 40, "N_roi": 40, "N_inlier": 37, "refit": true}
{"timestamp": "15:43:49.462714", "frame": 112, "mu": [-1.324145096515584, 0.45565361121976916, 1.2340343857411202], "Sigma": [[0.13879753416576315, -0.002664089632785329, 0.010928582686952699], [-0.002664089632785329, 0.007026682866827451, -0.004653441314988857], [0.010928582686952699, -0.004653441314988857, 0.0174069721919912]], "chi2_level": 0.95, "chi2_df": 3, "chi2_threshold": 7.814727903251179, "N_raw": 66, "N_roi": 66, "N_inlier": 59, "refit": true}
{"timestamp": "15:43:49.516555", "frame": 113, "mu": [-1.2634286051042893, 0.43272216282804454, 1.2382811187211453], "Sigma": [[0.37560047470798824, -0.008237270592400831, -0.017607970960980268], [-0.008237270592400831, 0.01154390850904761, 0.007897470085045124], [-0.017607970960980268, 0.007897470085045126, 0.02669732564330437]], "chi2_level": 0.95, "chi2_df": 3, "chi2_threshold": 7.814727903251179, "N_raw": 65, "N_roi": 65, "N_inlier": 57, "refit": true}
{"timestamp": "15:43:49.575046", "frame": 114, "mu": [-1.3822104049362278, 0.5603271969189602, 0.9915674377103961], "Sigma": [[0.007946849310811433, 0.009415128041094336, -0.020960328320273457], [0.009415128041094336, 0.020457528103893972, -0.0505965890423169], [-0.020960328320273457, -0.0505965890423169, 0.20858584408247954]], "chi2_level": 0.95, "chi2_df": 3, "chi2_threshold": 7.814727903251179, "N_raw": 79, "N_roi": 79, "N_inlier": 75, "refit": true}
