timestamp,frame,x,y,z,doppler,SNR
21:41:47.654411,1,0.8661983425633262,0.2560761448276624,1.4175799525959105,-0.06972000186215155,9.999999776482582
21:41:47.654411,1,0.7940884561873528,0.23173641201162257,1.417453934149095,-0.06972000186215155,10.87999975681305
21:41:47.654411,1,0.8435350316652902,0.24616625530960354,1.3811797536216852,-0.06972000186215155,10.99999975413084
21:41:47.654411,1,0.8931778237125846,0.26065335989051297,1.3447616279334524,-0.06972000186215155,8.119999818503857
21:41:47.654411,1,0.9428206157598789,0.2751404644714224,1.3083435022452192,-0.13916000371682458,5.999999865889549
21:41:47.654411,1,0.8183453171846293,0.17720194330005948,1.4320664010000188,-0.06972000186215155,11.519999742507935
21:41:47.654411,1,0.8693023272984238,0.18823601538101195,1.3967021146278924,-0.06972000186215155,11.519999742507935
21:41:47.654411,1,0.9716207682412018,0.21039173154355958,1.3256928729441784,-0.13916000371682458,5.999999865889549
21:41:47.654411,1,0.7116674964221497,0.21739966357589383,1.4118511274552186,-0.13916000371682458,3.2399999275803566
21:41:47.654411,1,0.8332237691647895,0.13731130243525821,1.4427550660053021,-0.13916000371682458,12.23999972641468
21:41:47.654411,1,0.8851072358881715,0.1458614502518347,1.4080563451338755,-0.06972000186215155,11.879999734461308
21:41:47.654411,1,0.8538509340310029,0.2608337555607456,1.294345369577268,-0.06972000186215155,7.999999821186066
21:41:47.654411,1,0.9892859428803591,0.1630296042009923,1.3383835167174394,-0.13916000371682458,5.879999868571758
21:41:47.654411,1,0.7383377613333388,0.16134586521217212,1.4268706974594747,-0.13916000371682458,3.3599999248981476
21:41:47.654411,1,-0.8385939234119857,0.12116224562967845,1.4470821927348818,-0.13916000371682458,12.879999712109566
21:41:47.654411,1,-0.8908117807630657,0.1287068183745955,1.412652914891835,-0.06972000186215155,12.11999972909689
21:41:47.654411,1,0.8858496282523348,0.19358101698624344,1.3123656865670872,-0.06972000186215155,7.759999826550484
21:41:47.654411,1,-0.9956619229045196,0.143855841425897,1.3435211109688923,-0.13916000371682458,5.879999868571758
21:41:47.654411,1,0.752617940548012,0.12533454788935952,1.4365199008545033,-0.13916000371682458,3.519999921321869
21:41:47.654411,1,0.8056125221441764,0.1259242587082766,1.4010261232961239,-0.06972000186215155,13.519999697804451
21:41:47.654411,1,-0.8821220536452571,0.15439658324595898,1.405769363140808,-0.06972000186215155,12.23999972641468
21:41:47.654411,1,0.9029828322020429,0.15037502951828272,1.3239426960173164,-0.06972000186215155,7.639999829232693
21:41:47.654411,1,-0.9825142616870385,0.18207636609028252,1.3332799522507761,-0.13916000371682458,5.759999871253967
21:41:47.654411,1,-0.7650169669512381,0.08867884298466619,1.4463417673817094,-0.13916000371682458,3.759999915957451
21:41:47.654411,1,-0.816031540656737,0.09459232407984822,1.409421489877116,-0.06972000186215155,13.879999689757824
21:41:47.654411,1,-0.866844475730989,0.10048243173196622,1.3726471423231335,-0.06972000186215155,12.11999972909689
21:41:47.654411,1,-0.9178590494364881,0.10639591282714825,1.33572686481854,-0.06972000186215155,7.35999983549118
21:41:47.654411,1,-0.968873623141987,0.11230939392233033,1.2988065873139467,-0.13916000371682458,5.639999873936176
21:41:47.654411,1,-0.7552492980022252,0.11805204782288156,1.4384712408661957,-0.13916000371682458,3.879999913275242
21:41:47.654411,1,-0.8056125221441764,0.1259242587082766,1.4010261232961239,-0.06972000186215155,14.119999684393406
21:41:47.654411,1,-0.8557766821590844,0.1337653541356267,1.363729010143325,-0.06972000186215155,11.999999731779099
21:41:47.654411,1,-0.7969514885968886,0.14914536929246633,1.3948040454677364,-0.13916000371682458,14.239999681711197
21:41:47.654411,1,-0.7300898176290633,0.1174261535492912,1.4060031211198503,0.6958000185841229,4.239999905228615
21:41:47.654411,1,0.08296693072581625,0.18916200508929829,2.146093224747292,2.574600068764994,3.999999910593033
21:41:47.710080,2,0.8407405018450881,0.32686275621664523,-0.45820771151970785,-0.13916000371682458,6.359999857842922
21:41:47.710080,2,0.8435350316652902,0.3979408088221566,-0.5340219426716836,-0.06972000186215155,10.639999762177467
21:41:47.710080,2,0.8658792488363148,0.34664299128534715,-0.5340219426716836,-0.06972000186215155,10.759999759495258
21:41:47.710080,2,0.8332237691647895,0.2768581349683298,-0.5027184931361488,-0.13916000371682458,6.239999860525131
21:41:47.710080,2,0.8156119998450485,0.4049032306445248,-0.5708923819336008,-0.06972000186215155,10.87999975681305
21:41:47.710080,2,0.8494624851844134,0.4430995563600921,-0.614101288421048,-0.06972000186215155,13.119999706745148
21:41:47.710080,2,0.8919535547668578,0.4766702341300672,-0.6482330164462073,-0.06972000186215155,12.759999714791775
21:41:47.710080,2,-0.8385939234119857,0.26013940112142375,-0.5027184931361488,-0.13916000371682458,6.11999986320734
21:41:47.710080,2,0.8366141370511396,0.344673420686611,-0.5799695603958888,-0.06972000186215155,10.87999975681305
21:41:47.710080,2,0.8821558194478772,0.3737978608772857,-0.614101288421048,-0.06972000186215155,13.35999970138073
21:41:47.710080,2,0.9311860088855558,0.3945735328460804,-0.6482330164462073,-0.06972000186215155,13.119999706745148
21:41:47.710080,2,-0.8275203365343278,0.29346612925759136,-0.5027184931361488,-0.13916000371682458,5.879999868571758
21:41:47.710080,2,0.8527950781275444,0.3024293900451278,-0.5799695603958888,-0.06972000186215155,10.87999975681305
21:41:47.710080,2,0.9029828322020429,0.320227630492073,-0.614101288421048,-0.06972000186215155,13.519999697804451
21:41:47.710080,2,-0.8183453171846293,0.3181559652769516,-0.5027184931361488,-0.13916000371682458,5.759999871253967
21:41:47.710080,2,-0.866844475730989,0.25942944346449853,-0.5799695603958888,-0.06972000186215155,10.759999759495258
21:41:47.710080,2,0.8475365133239771,0.389515261267251,-0.6519231878412691,-0.06972000186215155,13.519999697804451
21:41:47.710080,2,0.8904862547517558,0.4200902240673449,-0.6881570557067879,-0.06972000186215155,13.239999704062939
21:41:47.710080,2,0.9263377895398246,0.448382337212324,-0.7347189811346662,-0.06972000186215155,8.359999813139439
21:41:47.710080,2,0.8693683004119828,0.337992660299361,-0.6519231878412691,-0.06972000186215155,13.35999970138073
21:41:47.710080,2,0.9112280903634259,0.3542668927029994,-0.6979685061985115,-0.06972000186215155,13.119999706745148
21:41:47.710080,2,0.9592074258185658,0.37292027956124263,-0.7347189811346662,-0.06972000186215155,8.51999980956316
21:41:47.710080,2,0.9766469117230654,0.32451383710916487,-0.7347189811346662,-0.06972000186215155,8.639999806880951
21:41:47.710080,2,0.990858764548566,0.3182695801929264,-0.8245141678646473,-0.06972000186215155,3.1199999302625656
21:41:47.710080,2,-4.788817813919217,4.468374239047824,-2.692304332476967,4.174800111504737,2.9999999329447746
21:41:47.710080,2,-3.994236211381876,4.742124468131414,-3.549960241375058,4.174800111504737,3.1199999302625656
21:41:47.710080,2,-0.03996481109810967,0.21962364919983376,0.1190683529178498,0.3480400092958007,3.63999991863966
21:41:47.710080,2,0.0933283558450554,0.1749726890164818,-0.15710945921277028,4.244520113366889,4.239999905228615
21:41:47.762602,3,-1.1377126643135655,0.21083723224273304,1.2279645482462682,1.4613200390303973,2.9999999329447746
21:41:47.762602,3,0.8376608953407363,0.21056876382318895,1.259034991958789,-0.06972000186215155,5.519999876618385
21:41:47.762602,3,0.8842180584605092,0.22227216831511923,1.2178521828563227,-0.06972000186215155,5.999999865889549
21:41:47.762602,3,0.930775221580282,0.23397557280704956,1.1766693737538567,-0.06972000186215155,4.359999902546406
21:41:47.762602,3,0.977332384700055,0.24567897729897983,1.1354865646513905,1.1132800297345966,3.63999991863966
21:41:47.762602,3,-1.1250984296553688,0.2436253057873809,1.2191790104186075,1.4613200390303973,3.1199999302625656
21:41:47.762602,3,0.863248754908286,0.15304193349097522,1.274449259689428,-0.06972000186215155,5.519999876618385
21:41:47.762602,3,0.9112280903634259,0.16154799877507378,1.2341231750456285,-0.06972000186215155,5.999999865889549
21:41:47.762602,3,0.9592074258185658,0.1700540640591724,1.1937970904018294,-0.06972000186215155,4.359999902546406
21:41:47.762602,3,1.0071867612737055,0.17856012934327095,1.15347100575803,1.1132800297345966,3.759999915957451
21:41:47.762602,3,-1.1114716823976074,0.2760331481906678,1.2104953552182116,1.4613200390303973,3.1199999302625656
21:41:47.762602,3,0.785161261519967,0.12211633095149338,1.2763308301780762,0.06972000186215155,3.1199999302625656
21:41:47.762602,3,-0.8376663894863005,0.11318080831431776,1.2380621760426347,-0.06972000186215155,5.879999868571758
21:41:47.762602,3,-0.8911848304501827,0.12437840019853888,1.2041851276098645,-0.06972000186215155,6.359999857842922
21:41:47.762602,3,-0.8921278415135082,0.213875169154231,1.1297553629531665,-0.06972000186215155,4.639999896287918
21:41:47.762602,3,-0.9078771562601776,0.2780424411542393,1.0718988740302335,1.1132800297345966,4.119999907910824
21:41:47.762602,3,-0.9387645301277024,0.4819813421859815,1.0937459922502133,1.4613200390303973,3.759999915957451
21:41:47.762602,3,-0.08273342724718838,0.12225797963074903,1.7945318211667063,3.896480104071088,3.2399999275803566
21:41:47.762602,3,-1.134332206581692,5.846172945241129,-1.7136760872476948,-0.41748001115047373,3.1199999302625656
21:41:47.762602,3,0.07085490866471257,0.15504641180688478,2.1869470464715985,1.6004800427472219,4.359999902546406
21:41:47.816107,4,1.0911359585365432,0.33331941039034635,1.0982440717994217,0.4872000130126253,4.119999907910824
21:41:47.816107,4,1.1327410555952087,0.3587863334717211,1.0560844653053791,0.4872000130126253,4.639999896287918
21:41:47.816107,4,0.8331256300101986,0.1908860817096171,1.3484235573187962,-0.06972000186215155,3.1199999302625656
21:41:47.816107,4,1.0827915930571157,0.23661792146561034,1.1594909226843746,0.4872000130126253,3.2399999275803566
21:41:47.816107,4,1.1320270842583111,0.2473771475854521,1.1212722317136965,0.4872000130126253,4.359999902546406
21:41:47.816107,4,1.1763369560739487,0.26952279971560267,1.0800025570888794,0.4872000130126253,4.8799998909235
21:41:47.816107,4,1.2253671455116273,0.2807566165736007,1.0416566999131769,0.4872000130126253,2.9999999329447746
21:41:47.816107,4,0.8527950781275444,0.1420171906632464,1.3615179372096757,-0.06972000186215155,3.1199999302625656
21:41:47.816107,4,1.1037338485000368,0.18380638493842816,1.1736417312478797,0.4872000130126253,3.519999921321869
21:41:47.816107,4,1.153921602574535,0.19216422379346454,1.1360664900555206,0.4872000130126253,4.759999893605709
21:41:47.816107,4,1.2041093566490335,0.20052206264850092,1.0984912488631615,0.4872000130126253,5.239999882876873
21:41:47.816107,4,1.254297110723532,0.20887990150353725,1.0609160076708024,0.4872000130126253,3.1199999302625656
21:41:47.816107,4,0.7967118437414773,0.2036928334280112,1.308012182275181,-0.06972000186215155,3.1199999302625656
21:41:47.816107,4,-1.121917344258484,0.13004983720787627,1.1880457548001662,0.4872000130126253,3.63999991863966
21:41:47.816107,4,-1.172931917963983,0.13596331830305824,1.1511254772955728,0.4872000130126253,4.999999888241291
21:41:47.816107,4,1.2202223256993123,0.15368132642814347,1.1110421863062854,0.4872000130126253,5.519999876618385
21:41:47.816107,4,-1.274961065374981,0.1477902804934223,1.077284922286386,0.4872000130126253,3.2399999275803566
21:41:47.816107,4,-1.1075928028688404,0.1731264085626022,1.1765034222929658,0.4872000130126253,3.759999915957451
21:41:47.816107,4,-1.1579560270107916,0.18099861944799728,1.139058304722894,0.4872000130126253,5.359999880194664
21:41:47.816107,4,-1.2124083147436682,0.17717951679539456,1.1047458651737878,0.4872000130126253,5.879999868571758
21:41:47.816107,4,-1.2629419726728521,0.18456442910993076,1.0674313188622504,0.4872000130126253,3.519999921321869
21:41:47.816107,4,-1.1455069950996046,0.2143757383677481,1.1301149326626692,0.4872000130126253,5.639999873936176
21:41:47.816107,4,-1.1953287708878462,0.2236996272807686,1.0922808391374252,0.4872000130126253,6.239999860525131
21:41:47.816107,4,-1.2451505466760875,0.23302351619378908,1.054446745612181,0.4872000130126253,3.63999991863966
21:41:47.816107,4,-1.1365524309164179,0.36650414365318496,0.9642905405793099,0.4872000130126253,4.239999905228615
21:41:47.816107,4,-1.078914818470311,0.3728005403551461,1.0001154864930912,0.4872000130126253,8.51999980956316
21:41:47.816107,4,0.9104078130113274,0.033568816800679524,1.0341061246104943,0.5566400148672983,6.8799998462200165
21:41:47.816107,4,-0.958613333110928,0.2981737037857758,1.037173897447485,0.4872000130126253,5.239999882876873
21:41:47.816107,4,-0.9959505814076054,0.39900793190489203,1.0183084124481105,0.4872000130126253,9.119999796152115
21:41:47.816107,4,-0.8585809095302736,0.05697388323986455,1.0734185409194636,0.5566400148672983,9.359999790787697
21:41:47.816107,4,-0.8037814093877339,0.08541295445975011,1.11138209971275,0.5566400148672983,6.239999860525131
21:41:47.816107,4,-0.058555095585342914,0.2460521532344465,1.9937835098156045,-1.3916000371682458,4.119999907910824
21:41:47.816107,4,0.0649400526148187,0.1449717819568485,2.196913631024288,-3.4790000929206144,3.63999991863966
21:41:47.816107,4,4.934229659264104,4.634143006893704,3.8530876943225856,-1.6004800427472219,3.63999991863966
21:41:47.865201,5,0.7873321781794594,0.20648868274365298,1.2981751377092632,-0.06972000186215155,3.1199999302625656
21:41:47.865201,5,0.8336673819662479,0.21864072664552409,1.2568721160392102,-0.06972000186215155,3.63999991863966
21:41:47.865201,5,0.8775761483143618,0.13648964182878015,1.1911536727159002,-0.06972000186215155,3.63999991863966
21:41:47.865201,5,0.8918347330760821,0.08580946738333062,1.0201082844747966,0.20888000557897612,3.1199999302625656
21:41:47.865201,5,-0.9271901341438381,0.4067205778522867,0.9560938307984048,0.904680024163099,4.999999888241291
21:41:47.865201,5,-0.9675166089484437,0.4244101611764448,0.9106910010222311,0.7655200204462744,11.239999748766422
21:41:47.865201,5,-1.0078430837530492,0.4420997445006031,0.8652881712460572,0.7655200204462744,10.119999773800373
21:41:47.865201,5,-1.0481695585576551,0.45978932782476134,0.8198853414698832,0.904680024163099,3.759999915957451
21:41:47.865201,5,-4.450142231364334,4.780576457999299,4.736780930878658,-2.226560059469193,2.9999999329447746
21:41:47.865201,5,-4.13569841099696,4.581336765930896,5.341136009198105,-2.226560059469193,3.2399999275803566
21:41:47.865201,5,0.8254179148965852,7.030025190898001,1.787683974043869,2.922360078053316,2.9999999329447746
21:41:47.865201,5,1.8090704003787437,5.846941148342979,-1.434586035585708,-1.1132800297345966,3.3599999248981476
21:41:47.865201,5,0.08565480665165154,0.12595427925250555,2.2020093555159734,-3.1312400836322922,5.119999885559082
21:41:47.927071,6,-0.8615432400092393,0.13955899174823738,1.4882337514479898,-0.06972000186215155,3.3599999248981476
21:41:47.927071,6,-0.8908117807630657,0.1287068183745955,1.412652914891835,-0.06972000186215155,3.999999910593033
21:41:47.927071,6,-0.8275203365343278,0.1533533930421173,1.4384566007822874,-0.06972000186215155,3.3599999248981476
21:41:47.927071,6,-0.8790486599360205,0.16290245532198225,1.403490221587115,-0.06972000186215155,3.879999913275242
21:41:47.927071,6,-0.8693023272984238,0.18823601538101195,1.3967021146278924,-0.06972000186215155,3.879999913275242
21:41:47.927071,6,-1.2451505466760875,0.23302351619378908,1.054446745612181,2.365720063186018,2.9999999329447746
21:41:47.927071,6,-0.9474855881356021,0.3548554304078395,0.8690025850868359,0.6263600167294499,10.119999773800373
21:41:47.927071,6,-0.9932280712679964,0.46142925147850455,0.8601088454612367,0.6263600167294499,18.11999959498644
21:41:47.927071,6,-1.0329697606608168,0.4798922596429932,0.81449877712369,0.6263600167294499,12.23999972641468
21:41:47.927071,6,-1.0512951137111464,0.41961880423475617,0.7222880137446976,0.6263600167294499,3.2399999275803566
21:41:47.927071,6,-4.077646239172747,5.498930898841068,0.4539088450274109,-4.035640107787913,3.3599999248981476
21:41:47.927071,6,0.050433706969178406,0.16620981661890588,2.183955821167436,2.9920800799154676,7.1199998408555984
21:41:47.927071,6,2.448731106899221,6.535213704309854,0.4707574083836912,1.878800050180871,3.1199999302625656
21:41:47.927071,6,5.550807990860597,4.150248660865639,3.1044475737373367,-4.244520113366889,3.2399999275803566
21:41:47.974902,7,-0.027042523648759323,0.2514339964996405,1.9923414492589049,-3.2006800854869653,3.519999921321869
21:41:47.974902,7,0.07307769741403189,0.1840358869993448,2.1574784065119927,1.3221600353135727,5.119999885559082
21:41:47.974902,7,3.802980769814994,5.878246368374702,1.5107202858689552,-2.2962800613313448,3.1199999302625656
21:41:47.974902,7,3.9204132113117027,4.946938962110698,-1.2102651247979965,3.1312400836322922,2.9999999329447746
21:41:48.034027,8,0.027739200657927798,0.23932597998315416,1.9227820090102636,2.4354400650481693,4.359999902546406
21:41:48.098325,9,0.8331256300101986,0.1908860817096171,1.3484235573187962,-0.06972000186215155,3.519999921321869
21:41:48.098325,9,0.8821558194478772,0.2021198985676151,1.3100777001430937,-0.06972000186215155,3.999999910593033
21:41:48.098325,9,0.8527950781275444,0.1420171906632464,1.3615179372096757,-0.06972000186215155,3.519999921321869
21:41:48.098325,9,0.9029828322020429,0.15037502951828272,1.3239426960173164,-0.06972000186215155,3.999999910593033
21:41:48.098325,9,-0.866844475730989,0.10048243173196622,1.3726471423231335,-0.06972000186215155,3.3599999248981476
21:41:48.098325,9,-0.9178590494364881,0.10639591282714825,1.33572686481854,-0.06972000186215155,3.879999913275242
21:41:48.098325,9,0.08639045054965307,0.17632774251778321,2.1595437976009695,-3.0615200817701407,4.239999905228615
21:41:48.142160,10,-0.18622865247909165,0.04681361796772126,1.835268763590135,-2.574600068764994,3.519999921321869
21:41:48.142160,10,-3.7872936794323517,5.183693543716437,-0.9888751804541442,-1.669920044601895,3.1199999302625656
21:41:48.142160,10,0.02197110339013971,0.030094398201331446,1.749758908463761,-3.9662001059332397,3.759999915957451
21:41:48.142160,10,3.0684375746852925,5.829678058266886,4.419789728214883,4.105360109650064,2.9999999329447746
21:41:48.197345,11,0.049920598909408906,0.09827549543937056,0.22772541992759843,-1.1132800297345966,3.999999910593033
21:41:48.251148,12,-0.197379620110775,0.1454084073823777,1.937496506433836,-1.2524400334514212,3.63999991863966
21:41:48.251148,12,0.478505529782291,3.913153477559722,-3.882678754853143,-1.878800050180871,3.1199999302625656
21:41:48.251148,12,0.5531154184242896,3.5728809133580404,-4.015348955332211,-1.878800050180871,2.9999999329447746
21:41:48.308554,13,-4.562360954029931,2.994310440852789,4.413026767480145,-0.6958000185841229,3.1199999302625656
21:41:48.308554,13,0.06223922291745045,0.09097482250578855,0.22772541992759843,0.6263600167294499,3.759999915957451
21:41:48.308554,13,4.561799584641694,5.415959468645675,-0.07081382153661767,1.0438400278799236,3.1199999302625656
21:41:48.364713,14,-0.11475461341211256,0.22527788149195524,2.009500573228076,-3.2006800854869653,3.879999913275242
21:41:48.364713,14,0.05765215826229089,0.2435903334961312,2.0367285196471654,3.33984008920379,4.239999905228615
21:41:48.364713,14,1.9022959575671938,6.359968198970384,4.2776989132591945,-4.174800111504737,3.1199999302625656
21:41:48.413593,15,0.4540160318933284,5.5641083779347635,-2.2532816909926385,2.922360078053316,3.519999921321869
21:41:48.413593,15,0.899269970285261,5.231971194553622,6.686729985146871,-3.1312400836322922,3.1199999302625656
21:41:48.413593,15,0.04704130223971085,0.24722205935150407,2.026026435294186,3.827040102216415,4.519999898970127
21:41:48.473671,16,0.8821558194478772,0.2021198985676151,1.3100777001430937,-0.06972000186215155,3.999999910593033
21:41:48.473671,16,-0.8790486599360205,0.16290245532198225,1.403490221587115,-0.06972000186215155,3.519999921321869
21:41:48.473671,16,0.9029828322020429,0.15037502951828272,1.3239426960173164,-0.06972000186215155,3.879999913275242
21:41:48.473671,16,0.9531705862765412,0.1587328683733191,1.2863674548249575,-0.06972000186215155,2.9999999329447746
21:41:48.473671,16,0.8904862547517558,0.22766784475961696,1.2265639766997545,-0.06972000186215155,2.9999999329447746
21:41:48.473671,16,-0.1184806736515666,0.14601151509199467,1.830731061585003,-2.15712005761452,2.9999999329447746
21:41:48.473671,16,-2.7534686995269952,5.02474227730825,6.161492782779604,-0.13916000371682458,3.1199999302625656
21:41:48.473671,16,0.14029249074920663,6.829189246143357,0.3880663788628014,-0.06972000186215155,2.9999999329447746
21:41:48.473671,16,0.06256414732557312,0.17635690812338828,2.1702732348524325,-2.4354400650481693,4.8799998909235
21:41:48.521323,17,0.8183453171846293,0.17720194330005948,1.4320664010000188,-0.06972000186215155,3.999999910593033
21:41:48.521323,17,0.8332237691647895,0.13731130243525821,1.4427550660053021,-0.06972000186215155,3.999999910593033
21:41:48.521323,17,-0.8385939234119857,0.12116224562967845,1.4470821927348818,-0.06972000186215155,3.999999910593033
21:41:48.521323,17,-0.8908117807630657,0.1287068183745955,1.412652914891835,-0.06972000186215155,3.519999921321869
21:41:48.521323,17,-0.8275203365343278,0.1533533930421173,1.4384566007822874,-0.06972000186215155,3.999999910593033
21:41:48.521323,17,-0.8790486599360205,0.16290245532198225,1.403490221587115,-0.06972000186215155,3.519999921321869
21:41:48.521323,17,-0.8183453171846293,0.17720194330005948,1.4320664010000188,-0.06972000186215155,3.999999910593033
21:41:48.521323,17,-0.8693023272984238,0.18823601538101195,1.3967021146278924,-0.06972000186215155,3.519999921321869
21:41:48.521323,17,-2.80569159467333,6.4365830801543815,1.080141346934072,-0.06972000186215155,3.1199999302625656
21:41:48.521323,17,-2.643551412899772,6.522406508064938,0.7696608720290583,-0.06972000186215155,3.1199999302625656
21:41:48.521323,17,1.5462271520635151,5.911769162075209,-1.4519566495121725,-4.244520113366889,3.2399999275803566
21:41:48.521323,17,0.06879721464550095,0.17318411386536434,2.1711233825116203,-0.6958000185841229,4.999999888241291
21:41:48.584708,18,0.8233534665329457,0.2373254520878772,1.4620373073531339,-0.06972000186215155,4.999999888241291
21:41:48.584708,18,0.8474721969432069,0.23799924966088573,1.3833680961898396,-0.06972000186215155,6.239999860525131
21:41:48.584708,18,0.8693023272984238,0.18823601538101195,1.3967021146278924,-0.06972000186215155,5.999999865889549
21:41:48.584708,18,-0.8501666086615136,0.172631095739268,1.479372107891595,-0.06972000186215155,4.759999893605709
21:41:48.584708,18,0.8851072358881715,0.1458614502518347,1.4080563451338755,-0.06972000186215155,5.639999873936176
21:41:48.584708,18,-0.8407405018450881,0.1971322955275433,1.472807031194733,-0.06972000186215155,4.639999896287918
21:41:48.584708,18,-0.8908117807630657,0.1287068183745955,1.412652914891835,-0.06972000186215155,5.359999880194664
21:41:48.584708,18,0.8858496282523348,0.19358101698624344,1.3123656865670872,-0.06972000186215155,3.519999921321869
21:41:48.584708,18,-0.8305577853591041,0.22134936397923588,1.4663180872600527,-0.06972000186215155,4.519999898970127
21:41:48.584708,18,-0.8790486599360205,0.16290245532198225,1.403490221587115,-0.06972000186215155,4.999999888241291
21:41:48.584708,18,0.9029828322020429,0.15037502951828272,1.3239426960173164,-0.06972000186215155,3.3599999248981476
21:41:48.584708,18,-0.8154232827061598,0.24106540081822508,1.451720415946883,-0.06972000186215155,4.239999905228615
21:41:48.584708,18,-0.9874189700944248,0.06552334495972556,0.9343763646754688,-0.06972000186215155,3.999999910593033
21:41:48.584708,18,-0.9307470888310826,0.09890482385307997,0.9710156093239837,-0.06972000186215155,5.119999885559082
21:41:48.584708,18,-0.8776649410425464,0.11999813392631475,1.0109474588843068,-0.06972000186215155,4.519999898970127
21:41:48.584708,18,-0.07951858283150605,0.06359391917023052,1.768393405729526,0.4872000130126253,3.759999915957451
21:41:48.584708,18,-0.973429403051356,6.871618569153394,0.9563855219026005,-0.06972000186215155,3.3599999248981476
21:41:48.584708,18,-0.8426183478427086,6.951174094468258,0.9422571002163562,-1.3221600353135727,2.9999999329447746
21:41:48.584708,18,4.7086485250182974,5.174981467984472,2.5513924332210784,-0.06972000186215155,3.519999921321869
21:41:48.584708,18,4.743895378368106,3.6653382945361663,-1.769402981836107,-1.878800050180871,3.3599999248981476
21:41:48.642595,19,0.7552229080714677,0.39394198255476554,-0.5459727403866391,-0.06972000186215155,7.519999831914902
21:41:48.642595,19,0.7842892357876887,0.3323286342202055,-0.5459727403866391,-0.06972000186215155,7.35999983549118
21:41:48.642595,19,0.8028056946225105,0.28470149837465275,-0.5459727403866391,-0.06972000186215155,7.1199998408555984
21:41:48.642595,19,-0.816031540656737,0.24422213484550492,-0.5459727403866391,-0.06972000186215155,6.8799998462200165
21:41:48.642595,19,0.8800025857530364,0.4259543555368163,-0.6979685061985115,-0.06972000186215155,3.519999921321869
21:41:48.642595,19,-0.13288105575014367,0.21194857323678384,0.03780784847287327,2.852920076198643,3.519999921321869
21:41:48.642595,19,-0.013577890174463501,0.12293710995230267,0.22070594458580975,1.1132800297345966,4.519999898970127
21:41:48.642595,19,0.0658220566147094,3.2906640788942516,1.755552266686993,-0.06972000186215155,2.9999999329447746
21:41:48.642595,19,0.06615495074361431,3.307306566358209,1.9828940400635757,-0.06972000186215155,3.1199999302625656
21:41:48.642595,19,0.13088743924882232,3.27044070236259,1.9177407821743444,-0.06972000186215155,3.63999991863966
21:41:48.642595,19,0.14664547186333654,0.20112812198133476,-0.04529448322665309,-3.270400087349117,3.759999915957451
21:41:48.697487,20,0.8693023272984238,0.18823601538101195,1.3967021146278924,-0.06972000186215155,7.519999831914902
21:41:48.697487,20,0.8851072358881715,0.1458614502518347,1.4080563451338755,-0.06972000186215155,7.239999838173389
21:41:48.697487,20,0.8494624851844134,0.26906019604007825,1.292141101494248,-0.06972000186215155,8.999999798834324
21:41:48.697487,20,0.9859493993406513,0.1725693376359229,1.3358273528475415,-0.06972000186215155,4.999999888241291
21:41:48.697487,20,-0.8908117807630657,0.1287068183745955,1.412652914891835,-0.06972000186215155,6.8799998462200165
21:41:48.697487,20,0.8821558194478772,0.2021198985676151,1.3100777001430937,-0.06972000186215155,8.51999980956316
21:41:48.697487,20,0.93508511945353,0.20434024310608515,1.274146995596409,-0.06972000186215155,4.759999893605709
21:41:48.697487,20,-0.8275203365343278,0.1533533930421173,1.4384566007822874,-0.06972000186215155,4.239999905228615
21:41:48.697487,20,-0.8821220536452571,0.15439658324595898,1.405769363140808,-0.06972000186215155,6.6399998515844345
21:41:48.697487,20,0.9029828322020429,0.15037502951828272,1.3239426960173164,-0.06972000186215155,7.999999821186066
21:41:48.697487,20,0.9565031304429868,0.14950977590641687,1.2888387750031813,-0.06972000186215155,4.639999896287918
21:41:48.697487,20,-0.9178590494364881,0.10639591282714825,1.33572686481854,-0.06972000186215155,7.519999831914902
21:41:48.697487,20,0.8558337311291682,0.0028531829699969258,0.9848838913814391,-0.06972000186215155,3.1199999302625656
21:41:48.697487,20,-0.06747968109152395,0.23485902756623464,1.9344505080800947,0.7655200204462744,3.759999915957451
21:41:48.697487,20,0.5992352209513006,3.6429192250785603,2.87218133811849,1.5307600408850703,3.3599999248981476
21:41:48.697487,20,0.6538847886007823,3.570171794818001,2.8608567959041182,-0.06972000186215155,3.2399999275803566
21:41:48.697487,20,0.07098150813387659,0.20426434151994233,2.13132673134969,0.13916000371682458,4.639999896287918
21:41:48.752301,21,0.7940884561873528,0.23173641201162257,1.417453934149095,-0.06972000186215155,16.759999625384808
21:41:48.752301,21,0.9428206157598789,0.2751404644714224,1.3083435022452192,-0.06972000186215155,6.7599998489022255
21:41:48.752301,21,0.8151228937056446,0.18509105452303118,1.4299525200188241,-0.06972000186215155,16.639999628067017
21:41:48.752301,21,0.830413573180357,0.14534612058534443,1.4406021429706557,-0.06972000186215155,16.119999639689922
21:41:48.752301,21,0.811522254854304,0.25120718678846166,1.341657952573705,-0.06972000186215155,21.519999518990517
21:41:48.752301,21,0.8538509340310029,0.2608337555607456,1.294345369577268,-0.06972000186215155,13.759999692440033
21:41:48.752301,21,0.901307938932111,0.2753308865266657,1.255125110021699,-0.06972000186215155,6.359999857842922
21:41:48.752301,21,-0.8411533446638239,0.11304962186633596,1.4492559637207667,-0.06972000186215155,15.359999656677246
21:41:48.752301,21,0.8366141370511396,0.18282179086640174,1.3505843775377655,-0.06972000186215155,19.35999956727028
21:41:48.752301,21,0.8858496282523348,0.19358101698624344,1.3123656865670872,-0.06972000186215155,12.519999720156193
21:41:48.752301,21,0.93508511945353,0.20434024310608515,1.274146995596409,-0.06972000186215155,6.11999986320734
21:41:48.752301,21,0.8107358784492963,0.12983537621658317,1.4088246704926308,-0.06972000186215155,14.359999679028988
21:41:48.752301,21,0.8527950781275444,0.1420171906632464,1.3615179372096757,-0.06972000186215155,17.23999961465597
21:41:48.752301,21,0.9029828322020429,0.15037502951828272,1.3239426960173164,-0.06972000186215155,11.239999748766422
21:41:48.752301,21,0.9531705862765412,0.1587328683733191,1.2863674548249575,-0.06972000186215155,5.879999868571758
21:41:48.752301,21,-0.816031540656737,0.09459232407984822,1.409421489877116,-0.06972000186215155,13.239999704062939
21:41:48.752301,21,-0.866844475730989,0.10048243173196622,1.3726471423231335,-0.06972000186215155,15.239999659359455
21:41:48.752301,21,-0.9178590494364881,0.10639591282714825,1.33572686481854,-0.06972000186215155,9.999999776482582
21:41:48.752301,21,-0.968873623141987,0.11230939392233033,1.2988065873139467,-0.06972000186215155,5.639999873936176
21:41:48.752301,21,0.930775221580282,0.23397557280704956,1.1766693737538567,-0.06972000186215155,2.9999999329447746
21:41:48.752301,21,0.9592074258185658,0.1700540640591724,1.1937970904018294,-0.06972000186215155,2.9999999329447746
21:41:48.752301,21,-2.050745570494547,6.675056152669673,1.2972157476459008,-4.383680117083713,3.3599999248981476
21:41:48.752301,21,-0.9790839396470803,4.949545315097655,-2.969008233711282,0.4872000130126253,3.1199999302625656
21:41:48.752301,21,0.01406919520454092,0.18982667898678046,2.1666640206273544,-3.548720094782766,5.879999868571758
21:41:48.752301,21,3.762798614052855,5.8401862179678865,2.9946905403657222,-1.3916000371682458,3.519999921321869
21:41:48.809312,22,0.7161255122454313,0.32326488359106487,1.468665452647342,-0.06972000186215155,6.6399998515844345
21:41:48.809312,22,0.7644467345162269,0.22599509036430587,1.4859963573270258,-0.06972000186215155,6.6399998515844345
21:41:48.809312,22,0.7841382027724151,0.1811070786024701,1.4980240638284485,-0.06972000186215155,6.6399998515844345
21:41:48.809312,22,0.7983947303662869,0.14288388018205567,1.5082659389773332,-0.06972000186215155,6.359999857842922
21:41:48.809312,22,0.7940884561873528,0.23173641201162257,1.417453934149095,-0.06972000186215155,30.63999931514263
21:41:48.809312,22,0.8395135135909213,0.2542948231498987,1.3790017104332566,-0.06972000186215155,29.639999337494373
21:41:48.809312,22,0.9428206157598789,0.2751404644714224,1.3083435022452192,-0.06972000186215155,6.6399998515844345
21:41:48.809312,22,0.7701303509922454,0.158699355211801,1.4695604722512665,-0.06972000186215155,6.239999860525131
21:41:48.809312,22,0.8183453171846293,0.17720194330005948,1.4320664010000188,-0.06972000186215155,28.359999366104603
21:41:48.809312,22,0.8658792488363148,0.196616368518535,1.3944566057724055,-0.06972000186215155,27.239999391138554
21:41:48.809312,22,0.7811344156686957,0.12872722546067938,1.4775914802135204,-0.06972000186215155,5.879999868571758
21:41:48.809312,22,0.830413573180357,0.14534612058534443,1.4406021429706557,-0.06972000186215155,25.51999942958355
21:41:48.809312,22,0.8156119998450485,0.24334866647906772,1.3437636367443107,-0.06972000186215155,24.23999945819378
21:41:48.809312,22,0.8538509340310029,0.2608337555607456,1.294345369577268,-0.06972000186215155,17.11999961733818
21:41:48.809312,22,0.901307938932111,0.2753308865266657,1.255125110021699,-0.06972000186215155,6.5199998542666435
21:41:48.809312,22,-0.7861688523412587,0.11358773410402771,1.4816480946963533,-0.06972000186215155,5.519999876618385
21:41:48.809312,22,-0.8411533446638239,0.11304962186633596,1.4492559637207667,-0.06972000186215155,22.239999502897263
21:41:48.809312,22,0.8419346505687365,0.1872884254708974,1.358784933049944,-0.06972000186215155,21.239999525249004
21:41:48.809312,22,0.8858496282523348,0.19358101698624344,1.3123656865670872,-0.06972000186215155,15.639999650418758
21:41:48.809312,22,0.93508511945353,0.20434024310608515,1.274146995596409,-0.06972000186215155,6.359999857842922
21:41:48.809312,22,-0.7757875356588187,0.1437664376579671,1.4735617354504567,-0.06972000186215155,5.239999882876873
21:41:48.809312,22,-0.830413573180357,0.14534612058534443,1.4406021429706557,-0.06972000186215155,19.119999572634697
21:41:48.809312,22,0.8557766821590844,0.1337653541356267,1.363729010143325,-0.06972000186215155,18.23999959230423
21:41:48.809312,22,0.9029828322020429,0.15037502951828272,1.3239426960173164,-0.06972000186215155,14.119999684393406
21:41:48.809312,22,0.9531705862765412,0.1587328683733191,1.2863674548249575,-0.06972000186215155,6.239999860525131
21:41:48.809312,22,-0.7671860967132403,0.1661240852187857,1.4675710218418758,-0.06972000186215155,4.8799998909235
21:41:48.809312,22,-0.8212211575309546,0.09830418368138474,1.4172734280688273,-0.06972000186215155,16.359999634325504
21:41:48.809312,22,-0.866844475730989,0.10048243173196622,1.3726471423231335,-0.06972000186215155,15.75999964773655
21:41:48.809312,22,0.9150662317270625,0.11524833573326346,1.3333548652497877,-0.06972000186215155,12.759999714791775
21:41:48.809312,22,-0.968873623141987,0.11230939392233033,1.2988065873139467,-0.06972000186215155,5.999999865889549
21:41:48.809312,22,0.026940808857172118,0.1007143511832892,1.7694792452632968,1.669920044601895,4.239999905228615
21:41:48.809312,22,2.847293376898605,3.0930662391785457,-3.6197597286250947,-0.6263600167294499,2.9999999329447746
21:41:48.857009,23,0.747920333845668,0.21004167322944883,1.4558033396008958,-0.06972000186215155,8.879999801516533
21:41:48.857009,23,0.7903026725988506,0.23938849715925561,1.4154035641133726,-0.06972000186215155,30.759999312460423
21:41:48.857009,23,0.7671860967132403,0.1661240852187857,1.4675710218418758,-0.06972000186215155,8.759999804198742
21:41:48.857009,23,0.8151228937056446,0.18509105452303118,1.4299525200188241,-0.06972000186215155,28.639999359846115
21:41:48.857009,23,0.7811344156686957,0.12872722546067938,1.4775914802135204,-0.06972000186215155,8.51999980956316
21:41:48.857009,23,0.7715754561385241,0.22164930032081995,1.384223203674968,-0.06972000186215155,25.999999418854713
21:41:48.857009,23,0.8063939291298949,0.2463366245948254,1.3335656291328373,-0.06972000186215155,25.51999942958355
21:41:48.857009,23,0.8494624851844134,0.26906019604007825,1.292141101494248,-0.06972000186215155,13.639999695122242
21:41:48.857009,23,-0.7861688523412587,0.11358773410402771,1.4816480946963533,-0.06972000186215155,8.239999815821648
21:41:48.857009,23,0.7958075308687766,0.1686385039237471,1.3984274037596944,-0.06972000186215155,23.23999948054552
21:41:48.857009,23,0.8366141370511396,0.18282179086640174,1.3505843775377655,-0.06972000186215155,22.639999493956566
21:41:48.857009,23,0.8821558194478772,0.2021198985676151,1.3100777001430937,-0.06972000186215155,12.519999720156193
21:41:48.857009,23,0.93508511945353,0.20434024310608515,1.274146995596409,-0.06972000186215155,3.63999991863966
21:41:48.857009,23,-0.7784999003326599,0.1362597433903625,1.475573148117289,-0.06972000186215155,7.879999823868275
21:41:48.857009,23,0.8107358784492963,0.12983537621658317,1.4088246704926308,-0.06972000186215155,20.63999953866005
21:41:48.857009,23,0.8527950781275444,0.1420171906632464,1.3615179372096757,-0.06972000186215155,19.879999555647373
21:41:48.857009,23,0.9029828322020429,0.15037502951828272,1.3239426960173164,-0.06972000186215155,11.359999746084213
21:41:48.857009,23,0.9531705862765412,0.1587328683733191,1.2863674548249575,-0.06972000186215155,3.519999921321869
21:41:48.857009,23,-0.7671860967132403,0.1661240852187857,1.4675710218418758,-0.06972000186215155,7.519999831914902
21:41:48.857009,23,-0.816031540656737,0.09459232407984822,1.409421489877116,-0.06972000186215155,18.11999959498644
21:41:48.857009,23,0.8642068827316876,0.10884283728411678,1.370406978407038,-0.06972000186215155,17.359999611973763
21:41:48.857009,23,0.9150662317270625,0.11524833573326346,1.3333548652497877,-0.06972000186215155,10.239999771118164
21:41:48.857009,23,-0.5030083504605702,3.5779816418707897,-4.016715691418012,-0.06972000186215155,3.759999915957451
21:41:48.857009,23,-0.3746695237551508,6.887052383123526,3.6049234355109148,-1.2524400334514212,3.2399999275803566
21:41:48.857009,23,0.05782387523194343,0.05659631814191293,1.76028712528012,-3.548720094782766,3.63999991863966
21:41:48.916778,24,0.8364278615234485,0.19318406618455364,1.4645501808944996,-0.06972000186215155,9.879999779164791
21:41:48.916778,24,0.8516350748003065,0.1524119828931943,1.4754750276861537,-0.06972000186215155,9.359999790787697
21:41:48.916778,24,0.8435350316652902,0.24616625530960354,1.3811797536216852,-0.06972000186215155,9.239999793469906
21:41:48.916778,24,-0.8571238905101422,0.13590608890704436,1.4798977686500963,-0.06972000186215155,8.879999801516533
21:41:48.916778,24,0.8693023272984238,0.18823601538101195,1.3967021146278924,-0.06972000186215155,8.759999804198742
21:41:48.916778,24,-0.8487627833991568,0.16062434217708105,1.473274532648082,-0.06972000186215155,8.239999815821648
21:41:48.916778,24,0.8851072358881715,0.1458614502518347,1.4080563451338755,-0.06972000186215155,8.119999818503857
21:41:48.916778,24,-0.7881812364715256,0.18480848263689134,1.5057647334699324,-0.06972000186215155,4.239999905228615
21:41:48.916778,24,-0.8385939234119857,0.12116224562967845,1.4470821927348818,-0.06972000186215155,7.639999829232693
21:41:48.916778,24,-0.8908117807630657,0.1287068183745955,1.412652914891835,-0.06972000186215155,7.519999831914902
21:41:48.916778,24,-0.7786350970230889,0.20751161031312595,1.499681448743425,-0.06972000186215155,3.999999910593033
21:41:48.916778,24,-0.8275203365343278,0.1533533930421173,1.4384566007822874,-0.06972000186215155,7.1199998408555984
21:41:48.916778,24,-0.8821220536452571,0.15439658324595898,1.405769363140808,-0.06972000186215155,6.9999998435378075
21:41:48.916778,24,0.9061399063010356,0.1416375650210218,1.3262838925732532,-0.06972000186215155,4.359999902546406
21:41:48.916778,24,-0.19463675164245772,0.09896610616101575,2.1277937824071564,1.0438400278799236,3.519999921321869
21:41:48.916778,24,0.030316034325577886,0.027820115552522506,1.7503683006628694,-0.41748001115047373,4.759999893605709
21:41:48.963957,25,-0.8275203365343278,0.1533533930421173,1.4384566007822874,-0.06972000186215155,3.1199999302625656
21:41:48.963957,25,-1.1818131077265435,0.32450579353485887,0.08184246656681582,-0.06972000186215155,3.999999910593033
21:41:48.963957,25,-1.0540671045975416,0.21367788395070658,0.06592301959285862,-0.06972000186215155,4.519999898970127
21:41:48.963957,25,-0.11857681218327336,0.21350555905156926,2.066059987489088,-3.827040102216415,3.63999991863966
21:41:48.963957,25,0.04695031374819063,0.15527017185723252,2.194154185767139,-2.7832000743364915,4.239999905228615
21:41:49.027443,26,0.7552229080714677,0.23921059169028921,1.3706711418601105,-0.06972000186215155,9.359999790787697
21:41:49.027443,26,0.7842892357876887,0.17969666728979314,1.3866178498416302,-0.06972000186215155,9.63999978452921
21:41:49.027443,26,0.8028056946225105,0.1336923867443959,1.3989446596621442,-0.06972000186215155,9.63999978452921
21:41:49.027443,26,0.7535106040031053,0.18449120212628178,1.350521035187994,-0.06972000186215155,9.519999787211418
21:41:49.027443,26,0.7967118437414773,0.2036928334280112,1.308012182275181,-0.06972000186215155,12.639999717473984
21:41:49.027443,26,0.8376608953407363,0.21056876382318895,1.259034991958789,-0.06972000186215155,10.87999975681305
21:41:49.027443,26,0.8800025857530364,0.2307927705473953,1.2155690943691577,-0.06972000186215155,6.5199998542666435
21:41:49.027443,26,0.7729203672599505,0.14024535564939894,1.362376674019906,-0.06972000186215155,9.359999790787697
21:41:49.027443,26,0.8152694194531463,0.14453586820687667,1.3147753443332273,-0.06972000186215155,11.999999731779099
21:41:49.027443,26,0.863248754908286,0.15304193349097522,1.274449259689428,-0.06972000186215155,10.119999773800373
21:41:49.027443,26,0.0022044063803353248,0.16539013516574924,2.19144254977119,0.20888000557897612,4.8799998909235
21:41:49.027443,26,1.1318002593029497,4.804796717462531,7.164962901687836,2.0874000557523686,3.1199999302625656
21:41:49.027443,26,1.2513890487221435,6.479329797364469,-0.3891731974213113,3.896480104071088,2.9999999329447746
21:41:49.027443,26,1.4051186721175137,6.6038741447844265,-0.13591545031281216,3.896480104071088,3.1199999302625656
21:41:49.075263,27,0.8560261238457278,0.15614999048426947,1.483788206735044,-0.06972000186215155,6.359999857842922
21:41:49.075263,27,0.8435350316652902,0.24616625530960354,1.3811797536216852,-0.13916000371682458,5.359999880194664
21:41:49.075263,27,-0.8076834822325313,0.1308343994793211,1.5202270454642137,-0.06972000186215155,3.759999915957451
21:41:49.075263,27,-0.8615432400092393,0.13955899174823738,1.4882337514479898,-0.06972000186215155,6.5199998542666435
21:41:49.075263,27,-0.7970180660394817,0.16183898622060358,1.5119193914852265,-0.06972000186215155,3.759999915957451
21:41:49.075263,27,-0.8501666086615136,0.172631095739268,1.479372107891595,-0.06972000186215155,6.5199998542666435
21:41:49.075263,27,0.8851072358881715,0.1458614502518347,1.4080563451338755,-0.13916000371682458,5.239999882876873
21:41:49.075263,27,0.8494624851844134,0.26906019604007825,1.292141101494248,-0.06972000186215155,6.359999857842922
21:41:49.075263,27,0.8966755802528794,0.28401455227868533,1.2527983287961033,-0.06972000186215155,3.519999921321869
21:41:49.075263,27,-0.7881812364715256,0.18480848263689134,1.5057647334699324,-0.06972000186215155,3.759999915957451
21:41:49.075263,27,-0.8407405018450881,0.1971322955275433,1.472807031194733,-0.06972000186215155,6.5199998542666435
21:41:49.075263,27,-0.8908117807630657,0.1287068183745955,1.412652914891835,-0.13916000371682458,5.239999882876873
21:41:49.075263,27,0.8821558194478772,0.2021198985676151,1.3100777001430937,-0.06972000186215155,6.11999986320734
21:41:49.075263,27,0.9311860088855558,0.21335371542561302,1.2717318429673914,-0.06972000186215155,3.3599999248981476
21:41:49.075263,27,-0.7746410309493169,0.2036937489132883,1.491971983758957,-0.06972000186215155,3.759999915957451
21:41:49.075263,27,-0.8305577853591041,0.22134936397923588,1.4663180872600527,-0.06972000186215155,6.359999857842922
21:41:49.075263,27,0.8527950781275444,0.1420171906632464,1.3615179372096757,-0.13916000371682458,5.119999885559082
21:41:49.075263,27,0.9029828322020429,0.15037502951828272,1.3239426960173164,-0.06972000186215155,5.879999868571758
21:41:49.075263,27,0.9531705862765412,0.1587328683733191,1.2863674548249575,-0.06972000186215155,3.3599999248981476
21:41:49.075263,27,-0.7644467345162269,0.22599509036430587,1.4859963573270258,-0.06972000186215155,3.63999991863966
21:41:49.075263,27,-0.8196276229606764,0.24526050736831656,1.4599111156988438,-0.06972000186215155,6.239999860525131
21:41:49.075263,27,-0.866844475730989,0.10048243173196622,1.3726471423231335,-0.13916000371682458,4.999999888241291
21:41:49.075263,27,0.9150662317270625,0.11524833573326346,1.3333548652497877,-0.06972000186215155,5.639999873936176
21:41:49.075263,27,-0.968873623141987,0.11230939392233033,1.2988065873139467,-0.06972000186215155,3.2399999275803566
21:41:49.075263,27,-0.8077655734284424,0.25674472348617666,1.4475191541001382,-0.06972000186215155,6.11999986320734
21:41:49.075263,27,-1.1193806826802655,0.10862085669230465,0.09407296520596176,-0.06972000186215155,3.63999991863966
21:41:49.075263,27,-0.11494259109217426,0.20153798453617838,1.899105760210797,3.9662001059332397,3.1199999302625656
21:41:49.075263,27,0.07124315197603048,0.1718313827358357,2.171485845725354,-3.0615200817701407,4.639999896287918
21:41:49.138122,28,-0.8125705375813892,0.17600791077304154,1.5434885847403363,-0.06972000186215155,4.999999888241291
21:41:49.138122,28,0.8435350316652902,0.24616625530960354,1.3811797536216852,-0.06972000186215155,5.999999865889549
21:41:49.138122,28,-0.80356127209732,0.1994256184088332,1.5372138288907378,-0.06972000186215155,5.119999885559082
21:41:49.138122,28,-0.8571461434311686,0.2127241638641402,1.5063532855879853,-0.06972000186215155,5.879999868571758
21:41:49.138122,28,0.8693023272984238,0.18823601538101195,1.3967021146278924,-0.06972000186215155,5.999999865889549
21:41:49.138122,28,-0.7938288557394467,0.22257175956511546,1.5310118390600151,-0.06972000186215155,5.119999885559082
21:41:49.138122,28,-0.8503103456857929,0.22921747647725524,1.5019339157927871,-0.06972000186215155,5.879999868571758
21:41:49.138122,28,0.8851072358881715,0.1458614502518347,1.4080563451338755,-0.06972000186215155,5.999999865889549
21:41:49.138122,28,0.8494624851844134,0.26906019604007825,1.292141101494248,-0.13916000371682458,5.639999873936176
21:41:49.138122,28,-0.7869431263284837,0.2378413530431803,1.5269203638188162,-0.06972000186215155,4.999999888241291
21:41:49.138122,28,-0.8394198292702619,0.2537016225001979,1.495373408638574,-0.06972000186215155,5.879999868571758
21:41:49.138122,28,-0.8908117807630657,0.1287068183745955,1.412652914891835,-0.06972000186215155,5.999999865889549
21:41:49.138122,28,0.8821558194478772,0.2021198985676151,1.3100777001430937,-0.13916000371682458,5.519999876618385
21:41:49.138122,28,-0.7760252397120604,0.2604887237716884,1.5208520191214243,-0.06972000186215155,4.999999888241291
21:41:49.138122,28,-0.8277738917012938,0.2778592158945764,1.4889004009974707,-0.06972000186215155,5.759999871253967
21:41:49.138122,28,-0.8790486599360205,0.16290245532198225,1.403490221587115,-0.06972000186215155,5.879999868571758
21:41:49.138122,28,0.9029828322020429,0.15037502951828272,1.3239426960173164,-0.13916000371682458,5.239999882876873
21:41:49.138122,28,-0.768358032663795,0.27540681759610786,1.5168547279285594,-0.06972000186215155,4.8799998909235
21:41:49.138122,28,-0.819595402791349,0.2937721114421319,1.4846365534862624,-0.06972000186215155,5.639999873936176
21:41:49.138122,28,-0.8693023272984238,0.18823601538101195,1.3967021146278924,-0.06972000186215155,5.759999871253967
21:41:49.138122,28,-0.9178590494364881,0.10639591282714825,1.33572686481854,-0.13916000371682458,5.119999885559082
21:41:49.138122,28,-1.038637985036896,0.28131842824901204,-0.0058428733737940775,-0.27832000743364915,4.119999907910824
21:41:49.138122,28,-0.9192651415516364,0.37608707363801425,0.022405608372751518,-0.20888000557897612,4.239999905228615
21:41:49.138122,28,-0.7618518087824271,0.025432854244388237,-0.010064798182328083,-0.20888000557897612,3.2399999275803566
21:41:49.138122,28,-0.7954116556628528,5.839848490581468,-1.6926304310321854,0.20888000557897612,2.9999999329447746
21:41:49.138122,28,-0.7360405083303343,5.900388448959629,-1.728203087686314,4.383680117083713,4.119999907910824
21:41:49.138122,28,-0.20729344178428252,6.2723568591141,-1.280581636644337,1.7396400464640465,3.3599999248981476
21:41:49.138122,28,0.049920598909408906,0.15386651486747316,2.1945302945239957,2.7137600724818185,3.999999910593033
21:41:49.138122,28,3.1304812385344682,6.015692491818973,3.8075864572987133,-3.4790000929206144,3.1199999302625656
21:41:49.138122,28,3.265875432268946,6.00784858398418,3.840505383472678,-0.20888000557897612,2.9999999329447746
21:41:49.193362,29,0.7797426301734952,0.252974879497998,1.5228653476266127,-0.06972000186215155,10.639999762177467
21:41:49.193362,29,0.8003970642065513,0.20717220669732975,1.5351381368147388,-0.06972000186215155,11.119999751448631
21:41:49.193362,29,0.7779267751640093,0.322480819230868,1.4392199954959937,-0.06972000186215155,15.119999662041664
21:41:49.193362,29,0.77188115938374,0.22248894618764672,1.4956682836910773,-0.06972000186215155,11.359999746084213
21:41:49.193362,29,0.8233534665329457,0.2373254520878772,1.4620373073531339,-0.06972000186215155,15.639999650418758
21:41:49.193362,29,0.8661983425633262,0.2560761448276624,1.4175799525959105,-0.06972000186215155,10.519999764859676
21:41:49.193362,29,0.7384450907366196,0.1653654133545926,1.540630034745984,-0.06972000186215155,3.3599999248981476
21:41:49.193362,29,0.7912060644605294,0.1771805643228818,1.507808628022102,-0.06972000186215155,11.519999742507935
21:41:49.193362,29,0.8439670381844393,0.18899571529117098,1.47498722129822,-0.06972000186215155,15.87999964505434
21:41:49.193362,29,0.8885108417813949,0.2052133186378542,1.431208605798234,-0.06972000186215155,10.639999762177467
21:41:49.193362,29,0.8051376331771694,0.1386237920597191,1.5181398840127671,-0.06972000186215155,11.359999746084213
21:41:49.193362,29,0.8560261238457278,0.15614999048426947,1.483788206735044,-0.06972000186215155,15.75999964773655
21:41:49.193362,29,0.9046649830903183,0.1619024251193087,1.4428137247399988,-0.06972000186215155,10.639999762177467
21:41:49.193362,29,-0.7538237244558232,0.12210980721040486,1.5522203394804377,-0.06972000186215155,3.2399999275803566
21:41:49.193362,29,-0.8076834822325313,0.1308343994793211,1.5202270454642137,-0.06972000186215155,10.99999975413084
21:41:49.193362,29,-0.8571238905101422,0.13590608890704436,1.4798977686500963,-0.06972000186215155,15.239999659359455
21:41:49.193362,29,0.8726384762561051,0.17982301741052523,1.398956370640009,-0.06972000186215155,10.519999764859676
21:41:49.193362,29,0.9204615477698127,0.1993138734622858,1.3611974937860356,-0.06972000186215155,4.999999888241291
21:41:49.193362,29,-0.7438695234174498,0.15104687670193917,1.5444666750788578,-0.06972000186215155,3.2399999275803566
21:41:49.193362,29,-0.7970180660394817,0.16183898622060358,1.5119193914852265,-0.06972000186215155,10.359999768435955
21:41:49.193362,29,-0.8458056164307614,0.16880854710501503,1.4710815815469513,-0.06972000186215155,14.51999967545271
21:41:49.193362,29,0.8851072358881715,0.1458614502518347,1.4080563451338755,-0.06972000186215155,10.239999771118164
21:41:49.193362,29,0.9371965893842654,0.15444552722641353,1.3732199309256576,-0.06972000186215155,4.8799998909235
21:41:49.193362,29,-0.7356219710979631,0.17248466974623933,1.5387224357451321,-0.06972000186215155,3.1199999302625656
21:41:49.193362,29,-0.7841382027724151,0.1811070786024701,1.4980240638284485,-0.06972000186215155,9.759999781847
21:41:49.193362,29,-0.8364278615234485,0.19318406618455364,1.4645501808944996,-0.06972000186215155,13.519999697804451
21:41:49.193362,29,-0.8908117807630657,0.1287068183745955,1.412652914891835,-0.06972000186215155,9.999999776482582
21:41:49.193362,29,-0.9432368518337927,0.13628132990024622,1.3780870129303637,-0.06972000186215155,4.8799998909235
21:41:49.193362,29,-0.7267124086870738,0.19367385664701608,1.5330448102267968,-0.06972000186215155,2.9999999329447746
21:41:49.193362,29,-0.7746410309493169,0.2036937489132883,1.491971983758957,-0.06972000186215155,8.999999798834324
21:41:49.193362,29,-0.8262973780315988,0.21727691140012584,1.458094522475619,-0.06972000186215155,12.519999720156193
21:41:49.193362,29,-0.8790486599360205,0.16290245532198225,1.403490221587115,-0.06972000186215155,9.519999787211418
21:41:49.193362,29,-0.9307814608115296,0.17248941070613238,1.3683850869189456,-0.06972000186215155,4.759999893605709
21:41:49.193362,29,-0.713470186326294,0.21092477991038666,1.5202722987071688,-0.06972000186215155,2.9999999329447746
21:41:49.193362,29,-0.7644467345162269,0.22599509036430587,1.4859963573270258,-0.06972000186215155,8.239999815821648
21:41:49.193362,29,-0.8183453171846293,0.17720194330005948,1.4320664010000188,-0.06972000186215155,11.519999742507935
21:41:49.193362,29,-0.8693023272984238,0.18823601538101195,1.3967021146278924,-0.06972000186215155,8.999999798834324
21:41:49.193362,29,-0.9204615477698127,0.1993138734622858,1.3611974937860356,-0.06972000186215155,4.639999896287918
21:41:49.193362,29,-3.603938256288267,6.095722254270158,2.038029691399326,1.669920044601895,2.9999999329447746
21:41:49.193362,29,-1.0177225677087751,0.5162366907469361,0.03046832749474504,-0.20888000557897612,3.999999910593033
21:41:49.193362,29,-2.780631933109666,6.379093299766079,1.0883572700868531,-0.6263600167294499,3.2399999275803566
21:41:49.193362,29,-0.8368908971347375,0.4524728805854245,0.001938093087993309,-0.20888000557897612,3.519999921321869
21:41:49.193362,29,0.06808610499930548,0.1964633918465639,2.1441368240620555,0.41748001115047373,3.879999913275242
21:41:49.248858,30,0.7797426301734952,0.252974879497998,1.5228653476266127,-0.06972000186215155,12.639999717473984
21:41:49.248858,30,0.8003970642065513,0.20717220669732975,1.5351381368147388,-0.06972000186215155,12.999999709427357
21:41:49.248858,30,0.7779267751640093,0.322480819230868,1.4392199954959937,-0.06972000186215155,15.239999659359455
21:41:49.248858,30,0.8165010308561461,0.35843058188854915,1.4000489546593655,-0.06972000186215155,6.7599998489022255
21:41:49.248858,30,0.7204088522345344,0.2076524402874162,1.5292992600290207,-0.06972000186215155,4.8799998909235
21:41:49.248858,30,0.77188115938374,0.22248894618764672,1.4956682836910773,-0.06972000186215155,13.119999706745148
21:41:49.248858,30,0.8233534665329457,0.2373254520878772,1.4620373073531339,-0.06972000186215155,15.359999656677246
21:41:49.248858,30,0.7912060644605294,0.1771805643228818,1.507808628022102,-0.06972000186215155,12.999999709427357
21:41:49.248858,30,0.8439670381844393,0.18899571529117098,1.47498722129822,-0.06972000186215155,15.239999659359455
21:41:49.248858,30,0.8051376331771694,0.1386237920597191,1.5181398840127671,-0.06972000186215155,12.639999717473984
21:41:49.248858,30,0.8560261238457278,0.15614999048426947,1.483788206735044,-0.06972000186215155,14.879999667406082
21:41:49.248858,30,-0.7514476434054709,0.12937977007998558,1.5502723588005294,-0.06972000186215155,4.759999893605709
21:41:49.248858,30,-0.8076834822325313,0.1308343994793211,1.5202270454642137,-0.06972000186215155,12.11999972909689
21:41:49.248858,30,-0.8615432400092393,0.13955899174823738,1.4882337514479898,-0.06972000186215155,14.359999679028988
21:41:49.248858,30,-0.7438695234174498,0.15104687670193917,1.5444666750788578,-0.06972000186215155,4.639999896287918
21:41:49.248858,30,-0.7970180660394817,0.16183898622060358,1.5119193914852265,-0.06972000186215155,11.519999742507935
21:41:49.248858,30,-0.8458056164307614,0.16880854710501503,1.4710815815469513,-0.06972000186215155,13.639999695122242
21:41:49.248858,30,-0.9031050779925492,0.1833805486985701,1.4469534696876618,-0.06972000186215155,6.239999860525131
21:41:49.248858,30,-0.7356219710979631,0.17248466974623933,1.5387224357451321,-0.06972000186215155,4.519999898970127
21:41:49.248858,30,-0.7841382027724151,0.1811070786024701,1.4980240638284485,-0.06972000186215155,10.759999759495258
21:41:49.248858,30,-0.8364278615234485,0.19318406618455364,1.4645501808944996,-0.06972000186215155,12.759999714791775
21:41:49.248858,30,-0.8930920230867392,0.20940739769530722,1.439979596517459,-0.06972000186215155,5.999999865889549
21:41:49.248858,30,-0.7267124086870738,0.19367385664701608,1.5330448102267968,-0.06972000186215155,4.239999905228615
21:41:49.248858,30,-0.7746410309493169,0.2036937489132883,1.491971983758957,-0.06972000186215155,9.999999776482582
21:41:49.248858,30,-0.8262973780315988,0.21727691140012584,1.458094522475619,-0.06972000186215155,11.879999734461308
21:41:49.248858,30,-0.8822752456779809,0.2351324229668235,1.433086596770686,-0.06972000186215155,5.759999871253967
21:41:49.248858,30,-0.713470186326294,0.21092477991038666,1.5202722987071688,-0.06972000186215155,4.119999907910824
21:41:49.248858,30,-0.7644467345162269,0.22599509036430587,1.4859963573270258,-0.06972000186215155,9.239999793469906
21:41:49.248858,30,-0.8183453171846293,0.17720194330005948,1.4320664010000188,-0.06972000186215155,10.99999975413084
21:41:49.248858,30,-0.12495089530202465,0.21798364244051036,1.970345127346099,0.6958000185841229,3.2399999275803566
21:41:49.248858,30,0.5422787446866723,6.032932280180315,5.54478484641488,-3.6878800984995905,2.9999999329447746
21:41:49.248858,30,0.05625421036565381,0.22326216278643932,2.104873621872171,0.6263600167294499,4.999999888241291
21:41:49.303934,31,-0.7708789244269645,0.12733437735283715,1.583827827500544,-0.06972000186215155,3.63999991863966
21:41:49.303934,31,-0.7610364105235393,0.15693265494777003,1.5758969929216295,-0.06972000186215155,3.63999991863966
21:41:49.303934,31,-0.8125705375813892,0.17600791077304154,1.5434885847403363,-0.06972000186215155,5.639999873936176
21:41:49.303934,31,-0.7528546088495676,0.17886889620718682,1.5700191947911946,-0.06972000186215155,3.519999921321869
21:41:49.303934,31,-0.80356127209732,0.1994256184088332,1.5372138288907378,-0.06972000186215155,5.639999873936176
21:41:49.303934,31,-0.7439952888740777,0.2005582120597877,1.5642075601241063,-0.06972000186215155,3.3599999248981476
21:41:49.303934,31,-0.7938288557394467,0.22257175956511546,1.5310118390600151,-0.06972000186215155,5.519999876618385
21:41:49.303934,31,0.8494624851844134,0.26906019604007825,1.292141101494248,-0.06972000186215155,5.519999876618385
21:41:49.303934,31,-0.7344664233867056,0.22198108358616275,1.5584673189990585,-0.06972000186215155,3.2399999275803566
21:41:49.303934,31,-0.7869431263284837,0.2378413530431803,1.5269203638188162,-0.06972000186215155,5.359999880194664
21:41:49.303934,31,0.8331256300101986,0.1908860817096171,1.3484235573187962,-0.13916000371682458,4.8799998909235
21:41:49.303934,31,0.8821558194478772,0.2021198985676151,1.3100777001430937,-0.06972000186215155,5.519999876618385
21:41:49.303934,31,-0.7267124086870738,0.19367385664701608,1.5330448102267968,-0.06972000186215155,3.1199999302625656
21:41:49.303934,31,-0.7760252397120604,0.2604887237716884,1.5208520191214243,-0.06972000186215155,5.239999882876873
21:41:49.303934,31,-0.8253156340108715,0.3264732654892914,1.5142969313269763,-0.06972000186215155,3.879999913275242
21:41:49.303934,31,0.8527950781275444,0.1420171906632464,1.3615179372096757,-0.13916000371682458,4.8799998909235
21:41:49.303934,31,0.9029828322020429,0.15037502951828272,1.3239426960173164,-0.06972000186215155,5.359999880194664
21:41:49.303934,31,-0.768358032663795,0.27540681759610786,1.5168547279285594,-0.06972000186215155,4.999999888241291
21:41:49.303934,31,-0.8163300013930701,0.3423308728937859,1.5100478982290522,-0.06972000186215155,3.999999910593033
21:41:49.303934,31,0.7967118437414773,0.2036928334280112,1.308012182275181,-0.13916000371682458,4.759999893605709
21:41:49.303934,31,0.9150662317270625,0.11524833573326346,1.3333548652497877,-0.06972000186215155,5.359999880194664
21:41:49.303934,31,-0.8070178476735622,0.35801173136668946,1.505846224864611,-0.06972000186215155,3.999999910593033
21:41:49.303934,31,-0.7787856302971213,0.3632953328030457,1.4660078624673953,-0.06972000186215155,3.999999910593033
21:41:49.303934,31,-0.12067979820268881,0.0494712215998535,1.7832098004528216,-0.3480400092958007,4.239999905228615
21:41:49.303934,31,-0.7277064493572738,0.38216204562714584,-0.12266578837657383,0.06972000186215155,3.3599999248981476
21:41:49.303934,31,-0.6803812905594958,0.39165309220166444,-0.06907192239674753,0.06972000186215155,3.3599999248981476
21:41:49.303934,31,0.05601577108792654,0.20978821835080716,2.129846613013771,-0.13916000371682458,3.63999991863966
21:41:49.360176,32,0.7748204233871987,0.18042905808836526,1.6117136321684045,-0.06972000186215155,5.879999868571758
21:41:49.360176,32,0.8268230696604071,0.1898952602271801,1.5757880988433102,-0.06972000186215155,9.359999790787697
21:41:49.360176,32,0.7820134478689841,0.14721304961567322,1.6121199640103365,-0.06972000186215155,6.5199998542666435
21:41:49.360176,32,0.8378873259573355,0.15773123700702182,1.5844064228904875,-0.06972000186215155,10.519999764859676
21:41:49.360176,32,0.8937612040456872,0.16824942439837037,1.5566928817706387,-0.06972000186215155,10.99999975413084
21:41:49.360176,32,-0.7770056214094844,0.1622725190916513,1.608084791325807,-0.06972000186215155,6.9999998435378075
21:41:49.360176,32,-0.832521696590676,0.1738666866517156,1.5800829421886788,-0.06972000186215155,11.759999737143517
21:41:49.360176,32,-0.8880377717718676,0.18546085421177994,1.5520810930515507,-0.06972000186215155,12.11999972909689
21:41:49.360176,32,-0.7689118069271782,0.1846728221789718,1.6020826482033472,-0.06972000186215155,7.35999983549118
21:41:49.360176,32,-0.8238495892351635,0.1978674632440042,1.5736519534830553,-0.06972000186215155,13.119999706745148
21:41:49.360176,32,-0.8783548121596036,0.15402741356993824,1.522081032427648,-0.06972000186215155,13.519999697804451
21:41:49.360176,32,-0.9330485143252129,0.16361844599386327,1.4923218083534615,-0.06972000186215155,8.239999815821648
21:41:49.360176,32,-0.7601260237495586,0.2068285403378584,1.5961460414149418,-0.06972000186215155,7.759999826550484
21:41:49.360176,32,-0.8144360728906596,0.22160617962209397,1.5672911836001946,-0.06972000186215155,14.359999679028988
21:41:49.360176,32,-0.8667561849214239,0.18774486423260386,1.5130464687517504,-0.06972000186215155,14.759999670088291
21:41:49.360176,32,-0.9239467745949439,0.19052625914161636,1.4851118815504334,-0.06972000186215155,8.759999804198742
21:41:49.360176,32,-0.7506561784881095,0.2287197349183256,1.5902803135057533,-0.06972000186215155,7.879999823868275
21:41:49.360176,32,-0.8072063337035345,0.20303095511544728,1.5451937758163514,-0.06972000186215155,15.359999656677246
21:41:49.360176,32,-0.8571461434311686,0.2127241638641402,1.5063532855879853,-0.06972000186215155,15.999999642372131
21:41:49.360176,32,-0.9123053993222592,0.15707529838290255,1.4540019402664432,-0.06972000186215155,9.239999793469906
21:41:49.360176,32,-0.7442537730271754,0.21119264144557692,1.5697075105483724,-0.06972000186215155,7.759999826550484
21:41:49.360176,32,-0.797429769800933,0.22628209026956192,1.5389636529286994,-0.06972000186215155,15.999999642372131
21:41:49.360176,32,-0.8467647283019348,0.2374137878123411,1.4997377207896367,-0.06972000186215155,17.11999961733818
21:41:49.360176,32,-0.9031050779925492,0.1833805486985701,1.4469534696876618,-0.06972000186215155,9.63999978452921
21:41:49.360176,32,-0.7311428119441666,0.22905949147304666,1.55657066532207,-0.06972000186215155,7.519999831914902
21:41:49.360176,32,-0.7833820470251818,0.2454255042780963,1.524888196620145,-0.06972000186215155,16.239999637007713
21:41:49.360176,32,-0.8394198292702619,0.2537016225001979,1.495373408638574,-0.06972000186215155,17.999999597668648
21:41:49.360176,32,-0.8930920230867392,0.20940739769530722,1.439979596517459,-0.06972000186215155,9.999999776482582
21:41:49.360176,32,-0.7242765877228271,0.24311823164880042,1.5528036372453777,-0.06972000186215155,7.1199998408555984
21:41:49.360176,32,-0.7760252397120604,0.2604887237716884,1.5208520191214243,-0.06972000186215155,15.87999964505434
21:41:49.360176,32,-0.8277738917012938,0.2778592158945764,1.4889004009974707,-0.06972000186215155,18.519999586045742
21:41:49.360176,32,-0.8822752456779809,0.2351324229668235,1.433086596770686,-0.06972000186215155,10.239999771118164
21:41:49.360176,32,-0.717120662536241,0.2570415237500838,1.5490729023708563,-0.06972000186215155,6.5199998542666435
21:41:49.360176,32,-0.768358032663795,0.27540681759610786,1.5168547279285594,-0.06972000186215155,14.999999664723873
21:41:49.360176,32,-0.819595402791349,0.2937721114421319,1.4846365534862624,-0.06972000186215155,18.519999586045742
21:41:49.360176,32,-0.870664480135396,0.26053247372779664,1.4262806736815739,-0.06972000186215155,10.519999764859676
21:41:49.360176,32,0.8376608953407363,0.21056876382318895,1.259034991958789,-0.06972000186215155,3.3599999248981476
21:41:49.360176,32,-0.7058498780762542,0.2776603296512142,1.5435481099807542,-0.06972000186215155,5.999999865889549
21:41:49.360176,32,-0.7562819648182175,0.29749881126707334,1.5109351960652306,-0.06972000186215155,13.879999689757824
21:41:49.360176,32,-0.8110890866627355,0.30952383878004697,1.4804158908666727,-0.06972000186215155,18.11999959498644
21:41:49.360176,32,-0.8582701753638031,0.28558469164801525,1.419567952121243,-0.06972000186215155,10.519999764859676
21:41:49.360176,32,0.863248754908286,0.15304193349097522,1.274449259689428,-0.06972000186215155,3.519999921321869
21:41:49.360176,32,-0.7977224147340513,0.33283547534037117,1.4741695566760862,-0.06972000186215155,17.359999611973763
21:41:49.360176,32,-1.0583114966688603,0.6407993978032323,0.0893280076130365,0.06972000186215155,3.519999921321869
21:41:49.360176,32,-0.8926021024088806,0.4023409825950875,0.015370894669543445,0.06972000186215155,4.8799998909235
21:41:49.360176,32,-0.7704350664809457,0.2904635936322194,0.014178706272240493,0.3480400092958007,4.239999905228615
21:41:49.360176,32,-1.9371091692473494,6.416172645343857,-0.08234828813823514,-0.6263600167294499,3.1199999302625656
21:41:49.360176,32,0.03257450306609557,0.16065602671534301,2.1927110503073575,-3.0615200817701407,4.759999893605709
21:41:49.360176,32,2.127723585587204,6.686343548092354,2.14642418438515,-0.5566400148672983,3.3599999248981476
21:41:49.407243,33,0.8378873259573355,0.15773123700702182,1.5844064228904875,0.06972000186215155,9.999999776482582
21:41:49.407243,33,0.8937612040456872,0.16824942439837037,1.5566928817706387,0.06972000186215155,10.519999764859676
21:41:49.407243,33,-0.7770056214094844,0.1622725190916513,1.608084791325807,-0.06972000186215155,8.879999801516533
21:41:49.407243,33,-0.832521696590676,0.1738666866517156,1.5800829421886788,0.06972000186215155,11.359999746084213
21:41:49.407243,33,-0.8880377717718676,0.18546085421177994,1.5520810930515507,0.06972000186215155,11.879999734461308
21:41:49.407243,33,-0.7689118069271782,0.1846728221789718,1.6020826482033472,-0.06972000186215155,9.879999779164791
21:41:49.407243,33,-0.8238495892351635,0.1978674632440042,1.5736519534830553,0.06972000186215155,13.239999704062939
21:41:49.407243,33,-0.8787873715431489,0.21106210430903666,1.5452212587627636,0.06972000186215155,13.519999697804451
21:41:49.407243,33,-0.7583848902413546,0.16427095731347918,1.5739307007289223,-0.06972000186215155,10.87999975681305
21:41:49.407243,33,-0.8125705375813892,0.17600791077304154,1.5434885847403363,0.06972000186215155,15.359999656677246
21:41:49.407243,33,-0.8687461220317604,0.2363838189063296,1.5384363257854474,0.06972000186215155,15.359999656677246
21:41:49.407243,33,-0.9228415069470072,0.2511030485491255,1.5096955187921024,0.06972000186215155,7.35999983549118
21:41:49.407243,33,-0.7499764007634712,0.1861270729535262,1.5680743721934904,-0.06972000186215155,12.11999972909689
21:41:49.407243,33,-0.80356127209732,0.1994256184088332,1.5372138288907378,-0.06972000186215155,17.879999600350857
21:41:49.407243,33,-0.8579230596840945,0.2614032101707043,1.5317324001010402,0.06972000186215155,17.639999605715275
21:41:49.407243,33,-0.9113445103983007,0.2776803559485687,1.502574150737428,-0.06972000186215155,7.639999829232693
21:41:49.407243,33,-0.7408929831769586,0.20772973131788974,1.5622859573303938,-0.06972000186215155,13.239999704062939
21:41:49.407243,33,-0.7938288557394467,0.22257175956511546,1.5310118390600151,-0.06972000186215155,20.87999953329563
21:41:49.407243,33,-0.8467647283019348,0.2374137878123411,1.4997377207896367,0.06972000186215155,19.999999552965164
21:41:49.407243,33,-0.8990273653408054,0.30391259705924045,1.4955452429161649,-0.06972000186215155,7.759999826550484
21:41:49.407243,33,-0.7344664233867056,0.22198108358616275,1.5584673189990585,-0.06972000186215155,14.359999679028988
21:41:49.407243,33,-0.7869431263284837,0.2378413530431803,1.5269203638188162,-0.06972000186215155,24.23999945819378
21:41:49.407243,33,-0.8356212821061967,0.26179151708314596,1.49320572791822,0.06972000186215155,22.519999496638775
21:41:49.407243,33,-0.8903657410409597,0.32119738298463213,1.4909137984861114,-0.06972000186215155,7.879999823868275
21:41:49.407243,33,-0.7242765877228271,0.24311823164880042,1.5528036372453777,-0.06972000186215155,15.359999656677246
21:41:49.407243,33,-0.7760252397120604,0.2604887237716884,1.5208520191214243,-0.06972000186215155,27.519999384880066
21:41:49.407243,33,-0.8277738917012938,0.2778592158945764,1.4889004009974707,0.06972000186215155,24.879999443888664
21:41:49.407243,33,-0.8767066742309702,0.3468022160460746,1.4840530041449642,-0.06972000186215155,7.999999821186066
21:41:49.407243,33,-0.717120662536241,0.2570415237500838,1.5490729023708563,-0.06972000186215155,15.999999642372131
21:41:49.407243,33,-0.768358032663795,0.27540681759610786,1.5168547279285594,-0.06972000186215155,30.51999931782484
21:41:49.407243,33,-0.8153830135361548,0.3016685164578965,1.4825207181391793,0.06972000186215155,26.87999939918518
21:41:49.407243,33,-0.8671615211239951,0.363647250449811,1.4795393907800085,-0.06972000186215155,7.999999821186066
21:41:49.407243,33,-0.7058498780762542,0.2776603296512142,1.5435481099807542,-0.06972000186215155,16.239999637007713
21:41:49.407243,33,-0.7562819648182175,0.29749881126707334,1.5109351960652306,-0.06972000186215155,32.239999279379845
21:41:49.407243,33,-0.806714051560181,0.31733729288293244,1.478322282149707,0.06972000186215155,27.87999937683344
21:41:49.407243,33,-0.8572695149860746,0.38030453005816606,1.4750760861608505,-0.06972000186215155,7.879999823868275
21:41:49.407243,33,-0.6979824735787684,0.2912207606079205,1.5399146034568867,-0.06972000186215155,15.999999642372131
21:41:49.407243,33,-0.7478524441564098,0.31202811797414587,1.5070420800664865,-0.06972000186215155,32.359999276697636
21:41:49.407243,33,-0.7977224147340513,0.33283547534037117,1.4741695566760862,0.06972000186215155,27.87999937683344
21:41:49.407243,33,-0.6898358854106399,0.3046265031207915,1.5363225455766236,-0.06972000186215155,15.239999659359455
21:41:49.407243,33,-0.7391237925015441,0.3263916839424691,1.503193374164843,-0.06972000186215155,30.879999309778214
21:41:49.407243,33,-0.7884116995924484,0.34815686476414653,1.4700642027530628,0.06972000186215155,26.6399994045496
21:41:49.407243,33,-0.7300995011977461,0.34058376393742407,1.499390617791277,-0.06972000186215155,27.99999937415123
21:41:49.407243,33,-0.7787856302971213,0.3632953328030457,1.4660078624673953,-0.06972000186215155,24.639999449253082
21:41:49.407243,33,-0.7207831798410533,0.35459868131649197,1.4956353319975668,-0.06972000186215155,24.51999945193529
21:41:49.407243,33,-0.16935115887287966,0.18795847253341738,1.9991035225345177,3.33984008920379,2.9999999329447746
21:41:49.407243,33,-0.6985204611466141,0.3783334803704884,-0.06550294316308758,0.06972000186215155,3.3599999248981476
21:41:49.407243,33,-0.6235880313645659,0.21457800099746194,-0.1786254389695432,0.06972000186215155,3.1199999302625656
21:41:49.407243,33,0.04702346923046835,0.1676219685520498,2.1835774361973597,4.174800111504737,3.879999913275242
21:41:49.470113,34,-0.7720339586082623,0.18789985316349714,1.6097118386612044,-0.06972000186215155,5.239999882876873
21:41:49.470113,34,-0.763212500926141,0.21014553419208118,1.603751126394515,-0.06972000186215155,5.359999880194664
21:41:49.470113,34,-0.8177430749827108,0.22516016851871112,1.5754396423441936,-0.06972000186215155,6.6399998515844345
21:41:49.470113,34,-0.7506561784881095,0.2287197349183256,1.5902803135057533,-0.06972000186215155,5.519999876618385
21:41:49.470113,34,-0.804289619086102,0.24506147254451496,1.5610063568033965,-0.06972000186215155,6.9999998435378075
21:41:49.470113,34,-0.7405107933639897,0.25032670532374285,1.5844907432347384,-0.06972000186215155,5.639999873936176
21:41:49.470113,34,-0.7934193589446419,0.2682122338317652,1.554803129012312,-0.06972000186215155,7.35999983549118
21:41:49.470113,34,-0.8463279245252942,0.28609776233978745,1.525115514789886,-0.06972000186215155,5.639999873936176
21:41:49.470113,34,-0.7333763873054286,0.26456383650816057,1.5806759154313377,-0.06972000186215155,5.759999871253967
21:41:49.470113,34,-0.7857752085390558,0.28346659014740505,1.5507157365564799,-0.06972000186215155,7.759999826550484
21:41:49.470113,34,-0.8381740297726827,0.3023693437866495,1.520755557681622,-0.06972000186215155,5.999999865889549
21:41:49.470113,34,-0.9432368518337927,0.13628132990024622,1.3780870129303637,-0.06972000186215155,2.9999999329447746
21:41:49.470113,34,-0.7259486404832798,0.2786603034113434,1.5768987785084978,-0.06972000186215155,5.759999871253967
21:41:49.470113,34,-0.7778167585409669,0.29857023189568954,1.546668727947258,-0.06972000186215155,7.999999821186066
21:41:49.470113,34,-0.8277738917012938,0.2778592158945764,1.4889004009974707,-0.06972000186215155,6.359999857842922
21:41:49.470113,34,-0.9307814608115296,0.17248941070613238,1.3683850869189456,-0.06972000186215155,3.1199999302625656
21:41:49.470113,34,-0.7134349520463366,0.26395063424200926,1.5472216117941273,-0.06972000186215155,5.639999873936176
21:41:49.470113,34,-0.7644089827912457,0.2828095753499529,1.5148711649666533,-0.06972000186215155,8.359999813139439
21:41:49.470113,34,-0.819595402791349,0.2937721114421319,1.4846365534862624,-0.06972000186215155,6.8799998462200165
21:41:49.470113,34,-0.9204615477698127,0.1993138734622858,1.3611974937860356,-0.06972000186215155,3.2399999275803566
21:41:49.470113,34,-0.7058498780762542,0.2776603296512142,1.5435481099807542,-0.06972000186215155,5.519999876618385
21:41:49.470113,34,-0.7562819648182175,0.29749881126707334,1.5109351960652306,-0.06972000186215155,8.639999806880951
21:41:49.470113,34,-0.806714051560181,0.31733729288293244,1.478322282149707,-0.06972000186215155,7.239999838173389
21:41:49.470113,34,-0.9061399063010356,0.1416375650210218,1.3262838925732532,-0.06972000186215155,3.3599999248981476
21:41:49.470113,34,-0.7478524441564098,0.31202811797414587,1.5070420800664865,-0.06972000186215155,8.759999804198742
21:41:49.470113,34,-0.7997767116494023,0.2843742672835139,1.4494306153166219,-0.06972000186215155,7.759999826550484
21:41:49.470113,34,-0.7300995011977461,0.34058376393742407,1.499390617791277,-0.06972000186215155,8.879999801516533
21:41:49.470113,34,-0.6929021837642392,0.2775975761421864,1.317018075498969,-0.13916000371682458,11.879999734461308
21:41:49.470113,34,-0.7375162282803301,0.13539445762386065,1.230048166379656,-0.13916000371682458,10.759999759495258
21:41:49.470113,34,-0.7842573494466112,0.24394081589375483,1.212296114518503,-0.13916000371682458,4.639999896287918
21:41:49.470113,34,-0.9494470559054787,0.5393535350806876,0.07515779414168966,-0.06972000186215155,3.519999921321869
21:41:49.470113,34,-0.9455387611644429,0.38683606026594203,-0.034116237659974846,-0.06972000186215155,3.879999913275242
21:41:49.470113,34,-0.9617243647585272,6.935034801670589,1.5139791286366904,-0.6958000185841229,3.519999921321869
21:41:49.470113,34,0.07335317337537035,0.0672862577927093,1.7674040465774505,1.3221600353135727,5.239999882876873
21:41:49.470113,34,5.120832564574142,4.795131563653745,1.800940023104129,-0.6958000185841229,3.3599999248981476
21:41:49.523923,35,-0.7808404155940599,0.2081733225260432,1.6385864555557037,-0.06972000186215155,5.639999873936176
21:41:49.523923,35,-0.7716517687952934,0.2306688936565372,1.632558785438011,-0.06972000186215155,6.359999857842922
21:41:49.523923,35,-0.8233377950270387,0.2551194451167682,1.6041701382339801,-0.06972000186215155,8.359999813139439
21:41:49.523923,35,-0.7590359876682817,0.24955064843874153,1.6188747184551184,-0.06972000186215155,7.1199998408555984
21:41:49.523923,35,-0.8161961029237778,0.27095665402432095,1.5999265708968384,-0.06972000186215155,9.63999978452921
21:41:49.523923,35,-0.8706235183269712,0.2890251921023793,1.5732479790246456,0.06972000186215155,9.239999793469906
21:41:49.523923,35,-0.7537042035391863,0.23212561754931652,1.5978615808093752,-0.06972000186215155,7.999999821186066
21:41:49.523923,35,-0.8048723665439155,0.29444589373128616,1.5936326480865362,-0.06972000186215155,10.99999975413084
21:41:49.523923,35,-0.8585446672122367,0.31408079386676735,1.566534350766002,0.06972000186215155,10.639999762177467
21:41:49.523923,35,-0.9113445103983007,0.2776803559485687,1.502574150737428,0.06972000186215155,6.9999998435378075
21:41:49.523923,35,-0.7435176232728732,0.2538203226446769,1.592048502099042,-0.06972000186215155,8.999999798834324
21:41:49.523923,35,-0.796920146994962,0.30991853671547553,1.5894867658941476,-0.06972000186215155,12.879999712109566
21:41:49.523923,35,-0.8500621599600978,0.33058521826239573,1.5621120035776528,0.06972000186215155,12.23999972641468
21:41:49.523923,35,-0.8990273653408054,0.30391259705924045,1.4955452429161649,0.06972000186215155,7.639999829232693
21:41:49.523923,35,-0.7363542480950079,0.26811526342788194,1.5882181842603313,-0.06972000186215155,9.999999776482582
21:41:49.523923,35,-0.78864917002692,0.32523447043448345,1.5853828738228106,-0.06972000186215155,14.999999664723873
21:41:49.523923,35,-0.8412396391931853,0.346922483354864,1.5577344465895928,0.06972000186215155,14.119999684393406
21:41:49.523923,35,-0.8916891144138512,0.26949920314513237,1.4639511449807832,0.06972000186215155,8.51999980956316
21:41:49.523923,35,-0.7250578657131004,0.28929108671878423,1.58254413951047,-0.06972000186215155,11.119999751448631
21:41:49.523923,35,-0.7768623390329011,0.3099605713106658,1.5527174428982555,-0.06972000186215155,17.519999608397484
21:41:49.523923,35,-0.8273760889921017,0.3711006815965625,1.5512559178962901,0.06972000186215155,16.519999630749226
21:41:49.523923,35,-0.8793180035640874,0.29516104994583253,1.4570750738542442,0.06972000186215155,9.359999790787697
21:41:49.523923,35,-0.7142635371714507,0.2995289401820844,1.5713070441386394,-0.06972000186215155,12.23999972641468
21:41:49.523923,35,-0.7684042421721508,0.32488719752741657,1.548717865457756,-0.06972000186215155,20.239999547600746
21:41:49.523923,35,-0.8196446937455705,0.3465520528185174,1.5186244600705163,0.06972000186215155,19.239999569952488
21:41:49.523923,35,-0.8706302536693871,0.31206481519390294,1.4525457236069785,0.06972000186215155,10.239999771118164
21:41:49.523923,35,-0.706115690292089,0.3132492070099944,1.5676307097221613,-0.06972000186215155,13.119999706745148
21:41:49.523923,35,-0.7596387938735238,0.33964745153121184,1.5447628673173608,-0.06972000186215155,23.35999947786331
21:41:49.523923,35,-0.8102947282040461,0.36229658311724156,1.5144057258917658,0.06972000186215155,22.359999500215054
21:41:49.523923,35,-0.8569468019909112,0.33709736152797787,1.4458382730322685,0.06972000186215155,11.119999751448631
21:41:49.523923,35,-0.6976854065639863,0.3268093360584688,1.5639972840943608,-0.06972000186215155,13.759999692440033
21:41:49.523923,35,-0.7475341520767478,0.3501594524162188,1.532845437970631,-0.06972000186215155,26.119999416172504
21:41:49.523923,35,-0.7973828975895092,0.37350956877396874,1.5016935918469014,0.06972000186215155,25.63999942690134
21:41:49.523923,35,-0.8473952708034806,0.3535605901873624,1.4414269642081774,0.06972000186215155,11.999999731779099
21:41:49.523923,35,-0.6889760579880808,0.34020390345693013,1.560408220576979,-0.06972000186215155,13.879999689757824
21:41:49.523923,35,-0.7382025314901944,0.3645110448222516,1.528999940375334,-0.06972000186215155,28.359999366104603
21:41:49.523923,35,-0.7874290049923081,0.3888181861875732,1.4975916601736892,0.06972000186215155,28.639999359846115
21:41:49.523923,35,-0.8375047928213332,0.3698360172031298,1.4370659766828309,0.06972000186215155,12.639999717473984
21:41:49.523923,35,-0.6799911281875239,0.35342755155725025,1.5568649547475046,-0.06972000186215155,13.519999697804451
21:41:49.523923,35,-0.7285756397468133,0.37867950596108657,1.5252035126551915,-0.06972000186215155,29.35999934375286
21:41:49.523923,35,-0.7771601513061027,0.40393146036492283,1.4935420705628781,0.06972000186215155,30.999999307096004
21:41:49.523923,35,-0.826366989481116,0.34256116675895776,1.4043011516276938,0.06972000186215155,13.119999706745148
21:41:49.523923,35,-0.718657327474773,0.3926591686374318,1.5214576733306053,-0.06972000186215155,28.879999354481697
21:41:49.523923,35,-0.7688480571472701,0.37824482427196704,1.462002158301042,0.06972000186215155,32.119999282062054
21:41:49.523923,35,-0.8165010308561461,0.35843058188854915,1.4000489546593655,0.06972000186215155,13.35999970138073
21:41:49.523923,35,-0.7111785548356263,0.3684308302998346,1.4919290188478933,0.06972000186215155,26.99999939650297
21:41:49.523923,35,-0.758602955039478,0.3929993595739142,1.4580486924821887,0.06972000186215155,31.63999929279089
21:41:49.523923,35,-0.7012894679032353,0.38207467821253227,1.4882731608180328,0.06972000186215155,24.35999945551157
21:41:49.523923,35,-0.7480544218778054,0.40755303709175494,1.4541490463443802,0.06972000186215155,29.639999337494373
21:41:49.523923,35,-0.6911198745466237,0.3955247676975795,1.4846692202023881,0.06972000186215155,21.239999525249004
21:41:49.523923,35,-0.7372066769346827,0.42190003554878863,1.4503047796940076,0.06972000186215155,26.75999940186739
21:41:49.523923,35,-0.1506384379321658,0.17968013479783093,1.904962553396468,-2.0874000557523686,3.2399999275803566
21:41:49.523923,35,-2.6783166651611707,6.433026501674352,2.8358394651059373,-0.13916000371682458,3.2399999275803566
21:41:49.523923,35,-2.722256638838334,5.276952509565286,-1.8588519041113445,1.8090800483187195,3.1199999302625656
21:41:49.523923,35,0.04022712477663277,0.16670485711571598,1.8139885080787674,3.9662001059332397,4.639999896287918
21:41:49.523923,35,5.836323966511526,3.883711608215279,2.331578714169395,-0.7655200204462744,3.3599999248981476
21:41:49.564558,36,-0.8048723665439155,0.29444589373128616,1.5936326480865362,-0.06972000186215155,4.639999896287918
21:41:49.564558,36,-0.796920146994962,0.30991853671547553,1.5894867658941476,-0.06972000186215155,4.8799998909235
21:41:49.564558,36,-0.8500621599600978,0.33058521826239573,1.5621120035776528,0.06972000186215155,4.8799998909235
21:41:49.564558,36,-0.78864917002692,0.32523447043448345,1.5853828738228106,-0.06972000186215155,5.119999885559082
21:41:49.564558,36,-0.8412396391931853,0.346922483354864,1.5577344465895928,0.06972000186215155,5.119999885559082
21:41:49.564558,36,-0.8936222408923904,0.36852477290401786,1.5301953016774548,0.06972000186215155,3.3599999248981476
21:41:49.564558,36,-0.7756523058156742,0.3479011578891421,1.5793093532242461,-0.06972000186215155,5.359999880194664
21:41:49.564558,36,-0.8273760889921017,0.3711006815965625,1.5512559178962901,0.06972000186215155,5.519999876618385
21:41:49.564558,36,-0.8788954303377922,0.39420850758181913,1.5233133657119227,0.06972000186215155,3.519999921321869
21:41:49.564558,36,-0.7684042421721508,0.32488719752741657,1.548717865457756,0.06972000186215155,5.639999873936176
21:41:49.564558,36,-0.8177192673492659,0.38699161185655073,1.5469979559661469,0.06972000186215155,5.759999871253967
21:41:49.564558,36,-0.8686372943747206,0.41108893980017597,1.5187902675311258,0.06972000186215155,3.519999921321869
21:41:49.564558,36,-0.7596387938735238,0.33964745153121184,1.5447628673173608,0.06972000186215155,5.879999868571758
21:41:49.564558,36,-0.8077353689168898,0.40269282100902515,1.5427908296535493,0.06972000186215155,5.999999865889549
21:41:49.564558,36,-0.8580317150911068,0.42776783729127726,1.5143211704177437,0.06972000186215155,3.63999991863966
21:41:49.564558,36,-0.7505695001993125,0.3542354294175147,1.5408540304235228,0.06972000186215155,5.999999865889549
21:41:49.564558,36,-0.7974283871210505,0.41819802877995205,1.5386362217528529,0.06972000186215155,6.359999857842922
21:41:49.564558,36,-0.7084515618665624,0.4064444411728595,1.5177639206872944,0.06972000186215155,6.359999857842922
21:41:49.564558,36,-0.7445055177511865,0.4480391775495011,1.4817234433632902,0.06972000186215155,7.1199998408555984
21:41:49.564558,36,-0.778663018015877,0.4910988145767409,1.4453888470981142,0.06972000186215155,3.999999910593033
21:41:49.564558,36,-0.8853133220049785,0.20161919626557157,-0.018152493446131235,-0.13916000371682458,3.519999921321869
21:41:49.564558,36,-0.8746571841227755,-0.07878268826222978,-0.10001967919137122,-0.13916000371682458,3.2399999275803566
21:41:49.564558,36,-2.6574582649210883,6.081422480993093,-0.28255425333716566,-2.15712005761452,3.2399999275803566
21:41:49.564558,36,0.01647221676304758,0.16421586584167047,2.191757194288273,-2.922360078053316,5.239999882876873
21:41:49.564558,36,1.9751729161599558,6.721752744757396,2.4154151311252066,3.618160096637439,3.3599999248981476
21:41:49.564558,36,1.9585759941859804,6.761459529109703,2.7709034472490712,-1.6004800427472219,3.2399999275803566
21:41:49.628167,37,-0.78864917002692,0.32523447043448345,1.5853828738228106,0.06972000186215155,3.1199999302625656
21:41:49.628167,37,-0.8412396391931853,0.346922483354864,1.5577344465895928,0.06972000186215155,3.879999913275242
21:41:49.628167,37,-0.7756523058156742,0.3479011578891421,1.5793093532242461,0.06972000186215155,3.2399999275803566
21:41:49.628167,37,-0.8273760889921017,0.3711006815965625,1.5512559178962901,0.06972000186215155,3.999999910593033
21:41:49.628167,37,-0.8788954303377922,0.39420850758181913,1.5233133657119227,0.06972000186215155,3.1199999302625656
21:41:49.628167,37,-0.7665991846610118,0.36279865959568913,1.5753175796727357,0.06972000186215155,3.3599999248981476
21:41:49.628167,37,-0.8177192673492659,0.38699161185655073,1.5469979559661469,0.06972000186215155,4.239999905228615
21:41:49.628167,37,-0.8706826138898461,0.3681312762705229,1.488650000949629,0.06972000186215155,3.1199999302625656
21:41:49.628167,37,-0.7596387938735238,0.33964745153121184,1.5447628673173608,0.06972000186215155,3.519999921321869
21:41:49.628167,37,-0.8077353689168898,0.40269282100902515,1.5427908296535493,0.06972000186215155,4.519999898970127
21:41:49.628167,37,-0.8607504414502581,0.384856192444038,1.4841685731674574,0.06972000186215155,3.2399999275803566
21:41:49.628167,37,-0.6699555499388096,0.4218222316124913,1.477622835983401,0.06972000186215155,4.239999905228615
21:41:49.628167,37,-0.6969469799256932,0.4704048541771336,1.4373079527135244,0.06972000186215155,6.11999986320734
21:41:49.628167,37,-0.7070954713562261,0.49866241185448945,1.3624739490668534,0.06972000186215155,4.239999905228615
21:41:49.628167,37,-0.7179590817664337,0.10606885327595572,-0.09061082473494464,-0.06972000186215155,4.639999896287918
21:41:49.628167,37,-0.6783734628751906,0.12297277432047216,-0.03620054099651071,-0.13916000371682458,3.63999991863966
21:41:49.628167,37,-0.6974578474640536,0.1507231645877395,-0.16151558712073655,-0.20888000557897612,3.519999921321869
21:41:49.628167,37,-0.021437556259584625,0.20762008445363228,1.857019799295103,-1.3221600353135727,4.239999905228615
21:41:49.628167,37,-0.4219697568017621,5.985680149744102,1.0859741625131325,-0.5566400148672983,2.9999999329447746
21:41:49.628167,37,-5.971573650443189,3.0231919300949164,4.312631770280793,3.270400087349117,3.1199999302625656
21:41:49.682590,38,-6.162456654827362,3.4639886715006734,1.5845996210166846,-2.5048800669028424,2.9999999329447746
21:41:49.682590,38,-0.5446129329362547,0.04814093621090021,-0.07906342016090084,-0.13916000371682458,3.1199999302625656
21:41:49.682590,38,-0.5494872092074422,0.08792235000643778,-0.14189237183194248,-0.06972000186215155,3.759999915957451
21:41:49.682590,38,-0.5052218876355775,0.10850774764886884,-0.21682012523626915,-0.06972000186215155,3.1199999302625656
21:41:49.682590,38,0.045356094326550335,0.021592148052225174,1.7520370795250615,-2.15712005761452,4.119999907910824
21:41:49.741663,39,-0.8576784908515148,0.38612422767872384,1.6272616911684858,0.06972000186215155,3.759999915957451
21:41:49.741663,39,-0.7935491757676346,0.4067255609133101,1.6767255667383503,0.06972000186215155,3.63999991863966
21:41:49.741663,39,-0.902994125443158,0.3511702133209882,1.5348454419027253,-0.06972000186215155,3.879999913275242
21:41:49.741663,39,-0.783860380739431,0.42196267477255767,1.6726427943847837,0.06972000186215155,3.63999991863966
21:41:49.741663,39,-0.8382198814664927,0.418890836675614,1.6184819047490628,0.06972000186215155,3.759999915957451
21:41:49.741663,39,-0.8936222408923904,0.36852477290401786,1.5301953016774548,-0.06972000186215155,3.879999913275242
21:41:49.741663,39,-0.7762237897650066,0.40779235978506584,1.6382896808685738,0.06972000186215155,3.759999915957451
21:41:49.741663,39,-0.8279856819132794,0.4349856826700479,1.6141693037625509,0.06972000186215155,3.759999915957451
21:41:49.741663,39,-0.8788954303377922,0.39420850758181913,1.5233133657119227,-0.06972000186215155,3.879999913275242
21:41:49.741663,39,-0.7663189065836085,0.4226926744180394,1.634297153595699,0.06972000186215155,3.759999915957451
21:41:49.741663,39,-0.8174202991417668,0.4508796134343188,1.6099105378497083,0.06972000186215155,3.63999991863966
21:41:49.741663,39,-0.8686372943747206,0.41108893980017597,1.5187902675311258,-0.06972000186215155,3.879999913275242
21:41:49.741663,39,-0.7561075060707282,0.43739867419865885,1.6303566928305897,0.06972000186215155,3.759999915957451
21:41:49.741663,39,-0.8580317150911068,0.42776783729127726,1.5143211704177437,-0.06972000186215155,3.879999913275242
21:41:49.741663,39,-0.9077205936768112,0.4026857922365136,1.444183843732075,-0.06972000186215155,2.9999999329447746
21:41:49.741663,39,-0.7292650927794383,0.47327514184441655,1.6207436222976275,0.06972000186215155,3.759999915957451
21:41:49.741663,39,-0.8038053936008068,0.5060977328149869,1.37325755123786,-0.06972000186215155,3.63999991863966
21:41:49.741663,39,-4.486996254215404,4.651932609973509,4.735365669974524,-1.8090800483187195,3.999999910593033
21:41:49.741663,39,-4.032242367050727,5.773878905813244,1.2577123952695137,-1.878800050180871,3.63999991863966
21:41:49.741663,39,-3.812251661553403,6.042027383603659,2.067286430098333,-2.7137600724818185,3.1199999302625656
21:41:49.741663,39,-0.11388772159844467,0.2237523538859889,1.9687994057729148,1.3916000371682458,3.63999991863966
21:41:49.741663,39,-0.8634056234272297,0.226958088029259,-0.02494202903131093,-0.06972000186215155,3.2399999275803566
21:41:49.741663,39,-0.7563657144098863,0.03276534276254606,-0.012029532559278522,-0.06972000186215155,3.2399999275803566
21:41:49.741663,39,0.062946085931911,0.1612181519104507,1.8154586663076258,0.904680024163099,4.759999893605709
21:41:49.741663,39,4.692889153380707,4.75738130733626,4.144749923007906,-0.904680024163099,2.9999999329447746
21:41:49.741663,39,5.876167405378839,3.6063621681093796,3.6163092371706744,2.644040070619667,3.1199999302625656
21:41:49.801815,40,-0.7512000658755943,0.2748109935958051,1.6207309454070702,-0.13916000371682458,4.239999905228615
21:41:49.801815,40,-0.6906361210646903,0.26858517362163503,1.6442362905271368,-0.06972000186215155,3.2399999275803566
21:41:49.801815,40,-0.7437781340298262,0.2892518551685553,1.6168615282106422,-0.13916000371682458,4.759999893605709
21:41:49.801815,40,-0.7966410230718105,0.27195546571982615,1.5629008802495807,-0.13916000371682458,4.8799998909235
21:41:49.801815,40,-0.6834682316943893,0.281858444593722,1.6406797282892467,-0.06972000186215155,3.3599999248981476
21:41:49.801815,40,-0.7360587008606546,0.3035464575141027,1.6130313010560287,-0.13916000371682458,5.239999882876873
21:41:49.801815,40,-0.7889658337397516,0.2872717620574369,1.558796891014882,-0.13916000371682458,5.359999880194664
21:41:49.801815,40,-0.8394198292702619,0.2537016225001979,1.495373408638574,-0.13916000371682458,4.639999896287918
21:41:49.801815,40,-0.8930920230867392,0.20940739769530722,1.439979596517459,-3.7573201003542636,3.1199999302625656
21:41:49.801815,40,-0.6722047394628194,0.3015021104743013,1.6354162238801586,-0.06972000186215155,3.519999921321869
21:41:49.801815,40,-0.7239285226392469,0.3247016341817217,1.6073627885522024,-0.13916000371682458,5.759999871253967
21:41:49.801815,40,-0.7768623390329011,0.3099605713106658,1.5527174428982555,-0.13916000371682458,5.999999865889549
21:41:49.801815,40,-0.8277738917012938,0.2778592158945764,1.4889004009974707,-0.13916000371682458,5.119999885559082
21:41:49.801815,40,-0.8822752456779809,0.2351324229668235,1.433086596770686,-3.7573201003542636,3.3599999248981476
21:41:49.801815,40,-0.6643590192845037,0.3144127550739656,1.6319568270859133,-0.06972000186215155,3.759999915957451
21:41:49.801815,40,-0.7154791019727578,0.33860570733482737,1.6036372033793245,-0.06972000186215155,6.5199998542666435
21:41:49.801815,40,-0.7652967692822604,0.3209299065379351,1.5406774711838458,-0.13916000371682458,6.7599998489022255
21:41:49.801815,40,-0.819595402791349,0.2937721114421319,1.4846365534862624,-0.13916000371682458,5.639999873936176
21:41:49.801815,40,-0.870664480135396,0.26053247372779664,1.4262806736815739,-0.3480400092958007,3.759999915957451
21:41:49.801815,40,-0.6562475643683553,0.32716926006367064,1.6285387318756783,-0.06972000186215155,3.879999913275242
21:41:49.801815,40,-0.7089828595430017,0.3169983199451821,1.5751200087429558,-0.06972000186215155,7.239999838173389
21:41:49.801815,40,-0.7565667689828256,0.33563046918834194,1.536738467293386,-0.13916000371682458,7.639999829232693
21:41:49.801815,40,-0.806714051560181,0.31733729288293244,1.478322282149707,-0.13916000371682458,6.359999857842922
21:41:49.801815,40,-0.8582701753638031,0.28558469164801525,1.419567952121243,-0.3480400092958007,3.999999910593033
21:41:49.801815,40,-0.647873619188044,0.3397665230117327,1.6251633054419026,-0.06972000186215155,3.999999910593033
21:41:49.801815,40,-0.7005183448091106,0.33061350963822334,1.571471829659909,-0.06972000186215155,8.239999815821648
21:41:49.801815,40,-0.7475341520767478,0.3501594524162188,1.532845437970631,-0.13916000371682458,8.639999806880951
21:41:49.801815,40,-0.7977224147340513,0.33283547534037117,1.4741695566760862,-0.13916000371682458,7.1199998408555984
21:41:49.801815,40,-0.8495774853918411,0.30208178281488174,1.4151475698656184,-0.06972000186215155,4.519999898970127
21:41:49.801815,40,-0.6917736320899412,0.3440624654213391,1.5678681928187812,-0.06972000186215155,9.239999793469906
21:41:49.801815,40,-0.7382025314901944,0.3645110448222516,1.528999940375334,-0.13916000371682458,9.759999781847
21:41:49.801815,40,-0.7884116995924484,0.34815686476414653,1.4700642027530628,-0.13916000371682458,8.119999818503857
21:41:49.801815,40,-0.8405449757684618,0.31840765599761844,1.410773065330571,-0.06972000186215155,4.999999888241291
21:41:49.801815,40,-0.6827522191538303,0.35733980789177366,1.564310539626197,-0.06972000186215155,10.519999764859676
21:41:49.801815,40,-0.7285756397468133,0.37867950596108657,1.5252035126551915,-0.13916000371682458,11.239999748766422
21:41:49.801815,40,-0.7787856302971213,0.3632953328030457,1.4660078624673953,-0.13916000371682458,9.239999793469906
21:41:49.801815,40,-0.6707342110142781,0.3664749910767384,1.553368903864964,-0.06972000186215155,11.999999731779099
21:41:49.801815,40,-0.7160166678717936,0.3615379493892864,1.4937759607213987,-0.13916000371682458,12.999999709427357
21:41:49.801815,40,-0.661209009111623,0.3793410032137837,1.5499214663030336,-0.06972000186215155,13.519999697804451
21:41:49.801815,40,-0.7111785548356263,0.3684308302998346,1.4919290188478933,-0.13916000371682458,15.119999662041664
21:41:49.801815,40,-0.6514193324331483,0.39202044173530604,1.5465240209907116,-0.06972000186215155,15.119999662041664
21:41:49.801815,40,-0.7012894679032353,0.38207467821253227,1.4882731608180328,-0.13916000371682458,17.519999608397484
21:41:49.801815,40,-0.646426535631979,0.39828860804253996,1.5448444708906643,-0.06972000186215155,16.639999628067017
21:41:49.801815,40,-0.6911198745466237,0.3955247676975795,1.4846692202023881,-0.06972000186215155,20.239999547600746
21:41:49.801815,40,-0.5907884356037293,0.38133622368959813,1.574282049890315,-0.06972000186215155,4.119999907910824
21:41:49.801815,40,-0.6806738424673597,0.40877571889875464,1.481118638529089,-0.06972000186215155,23.11999948322773
21:41:49.801815,40,-0.6252800744157418,0.39369333741165835,1.5124571592559892,-0.06972000186215155,18.23999959230423
21:41:49.801815,40,-0.6408714973551538,0.421756506800802,1.4422747017470625,-0.06972000186215155,29.759999334812164
21:41:49.801815,40,-0.6742119168625533,0.45117717870491125,1.395421134741878,-0.06972000186215155,32.119999282062054
21:41:49.801815,40,-0.6945202221662352,0.4631076406662764,1.3230504846104758,-0.06972000186215155,16.519999630749226
21:41:49.801815,40,-2.060191210256257,2.7791760096443703,-4.106359850692819,-1.6004800427472219,3.1199999302625656
21:41:49.801815,40,-0.0009637238293295684,0.032541142263210684,1.7491033053682947,4.105360109650064,3.759999915957451
21:41:49.855821,41,-0.7418586927380401,0.32450151425479795,1.6422122358160147,-0.13916000371682458,3.1199999302625656
21:41:49.855821,41,-0.7948635640350533,0.34768673964493174,1.6166487496995086,-0.13916000371682458,3.999999910593033
21:41:49.855821,41,-0.7360587008606546,0.3035464575141027,1.6130313010560287,-0.13916000371682458,3.2399999275803566
21:41:49.855821,41,-0.7860040127723676,0.3629572565280336,1.6125570270326757,-0.13916000371682458,4.239999905228615
21:41:49.855821,41,-0.8412396391931853,0.346922483354864,1.5577344465895928,-0.13916000371682458,3.759999915957451
21:41:49.855821,41,-0.7239285226392469,0.3247016341817217,1.6073627885522024,-0.13916000371682458,3.519999921321869
21:41:49.855821,41,-0.7756523058156742,0.3479011578891421,1.5793093532242461,-0.13916000371682458,4.639999896287918
21:41:49.855821,41,-0.8273760889921017,0.3711006815965625,1.5512559178962901,-0.13916000371682458,3.999999910593033
21:41:49.855821,41,-0.7154791019727578,0.33860570733482737,1.6036372033793245,-0.13916000371682458,3.879999913275242
21:41:49.855821,41,-0.7665991846610118,0.36279865959568913,1.5753175796727357,-0.13916000371682458,4.999999888241291
21:41:49.855821,41,-0.8177192673492659,0.38699161185655073,1.5469979559661469,-0.13916000371682458,4.239999905228615
21:41:49.855821,41,-0.7067434992178667,0.3523437803787888,1.5999560978016354,-0.13916000371682458,4.119999907910824
21:41:49.855821,41,-0.7572394340673783,0.37751830069390696,1.5713734637275922,-0.13916000371682458,5.359999880194664
21:41:49.855821,41,-0.8077353689168898,0.40269282100902515,1.5427908296535493,-0.13916000371682458,4.639999896287918
21:41:49.855821,41,-0.8569468019909112,0.33709736152797787,1.4458382730322685,-0.13916000371682458,2.9999999329447746
21:41:49.855821,41,-0.6977252084990462,0.36591035826780577,1.5963209442122193,-0.13916000371682458,4.519999898970127
21:41:49.855821,41,-0.7475767978100484,0.39205419352387894,1.567478582982536,-0.13916000371682458,5.759999871253967
21:41:49.855821,41,-0.8006206555895143,0.3778573491968059,1.510236231187137,-0.13916000371682458,4.8799998909235
21:41:49.855821,41,-0.6884278370121802,0.37930001455185075,1.5927331966239793,-0.13916000371682458,4.8799998909235
21:41:49.855821,41,-0.6098070807800544,0.4115897179741118,1.5076618385368397,3.270400087349117,7.1199998408555984
21:41:49.855821,41,-0.6353221918130322,0.4279201002449715,1.4406231718612235,-0.13916000371682458,11.519999742507935
21:41:49.855821,41,-0.6359357910325459,0.45464942882212755,1.357724571312335,-0.13916000371682458,12.999999709427357
21:41:49.855821,41,-0.6440786025057755,0.4211500831788523,1.24974468781615,-0.06972000186215155,9.519999787211418
21:41:49.855821,41,-0.12976215100972655,0.21437786639800993,2.0348270102721266,1.3221600353135727,4.519999898970127
21:41:49.855821,41,-0.6430501387558766,0.39305516256109985,-0.01331062177249498,-0.06972000186215155,4.519999898970127
21:41:49.855821,41,-0.6501250280476805,0.17219735677984838,-0.10832990384549124,-0.06972000186215155,4.8799998909235
21:41:49.855821,41,-0.6339620820151363,0.026664781952720817,-0.18602278640202696,-0.06972000186215155,3.1199999302625656
21:41:49.855821,41,0.03712567287494131,0.2477127924079021,2.035623910110926,1.8090800483187195,4.239999905228615
21:41:49.855821,41,6.254403540369417,3.0566597991765496,1.1083134138803885,-3.4790000929206144,2.9999999329447746
21:41:49.918817,42,-0.7498307180008378,0.3100924210042205,1.6460731407161717,-3.7573201003542636,3.879999913275242
21:41:49.918817,42,-0.8034051804843769,0.332248134789611,1.620785511402755,-0.13916000371682458,4.639999896287918
21:41:49.918817,42,-0.856979642967916,0.35440384857500157,1.5954978820893382,-0.13916000371682458,4.999999888241291
21:41:49.918817,42,-0.7418586927380401,0.32450151425479795,1.6422122358160147,-3.7573201003542636,4.239999905228615
21:41:49.918817,42,-0.7948635640350533,0.34768673964493174,1.6166487496995086,-0.13916000371682458,5.119999885559082
21:41:49.918817,42,-0.8478684353320667,0.37087196503506553,1.5910852635830024,-0.13916000371682458,5.519999876618385
21:41:49.918817,42,-0.6811758550330904,0.31455020017505925,1.6642297060841953,-1.878800050180871,2.9999999329447746
21:41:49.918817,42,-0.7335899339027291,0.33875372835154643,1.6383933665584354,-3.7573201003542636,4.759999893605709
21:41:49.918817,42,-0.7860040127723676,0.3629572565280336,1.6125570270326757,-0.13916000371682458,5.759999871253967
21:41:49.918817,42,-0.8384180916420063,0.3871607847045209,1.5867206875069155,-0.13916000371682458,6.11999986320734
21:41:49.918817,42,-0.8906250002394329,0.41126864676173347,1.5609864679002299,-0.13916000371682458,2.9999999329447746
21:41:49.918817,42,-0.6732254273775439,0.32763314776217767,1.6607241408436084,-1.878800050180871,3.2399999275803566
21:41:49.918817,42,-0.7250277488880422,0.3528433625991092,1.6346180604401512,-3.7573201003542636,5.239999882876873
21:41:49.918817,42,-0.7768300703985406,0.3780535774360408,1.608511980036694,-0.13916000371682458,6.5199998542666435
21:41:49.918817,42,-0.828632391909039,0.40326379227297227,1.5824058996332369,-0.13916000371682458,6.8799998462200165
21:41:49.918817,42,-0.8802299611606026,0.42837436199197143,1.556403005318331,-0.13916000371682458,3.2399999275803566
21:41:49.918817,42,-0.6650057185393032,0.34055989862165564,1.657260428390053,-1.878800050180871,3.63999991863966
21:41:49.918817,42,-0.7154791019727578,0.33860570733482737,1.6036372033793245,-0.27832000743364915,5.879999868571758
21:41:49.918817,42,-0.7665991846610118,0.36279865959568913,1.5753175796727357,-0.13916000371682458,7.519999831914902
21:41:49.918817,42,-0.8185152502824089,0.4191745467523844,1.5781426258195084,-0.13916000371682458,7.759999826550484
21:41:49.918817,42,-0.8694828418492897,0.4452758528511246,1.551874264491739,-0.13916000371682458,3.3599999248981476
21:41:49.918817,42,-0.656520016292162,0.35332528222573467,1.6538399541622664,-1.878800050180871,3.999999910593033
21:41:49.918817,42,-0.7067434992178667,0.3523437803787888,1.5999560978016354,-0.27832000743364915,6.7599998489022255
21:41:49.918817,42,-0.7572394340673783,0.37751830069390696,1.5713734637275922,-0.13916000371682458,8.639999806880951
21:41:49.918817,42,-0.8077353689168898,0.40269282100902515,1.5427908296535493,-0.13916000371682458,8.879999801516533
21:41:49.918817,42,-0.8583879410097336,0.4619663589685016,1.547402056856321,-0.13916000371682458,3.519999921321869
21:41:49.918817,42,-0.647873619188044,0.3397665230117327,1.6251633054419026,-1.878800050180871,4.359999902546406
21:41:49.918817,42,-0.6977252084990462,0.36591035826780577,1.5963209442122193,-0.27832000743364915,7.759999826550484
21:41:49.918817,42,-0.7475767978100484,0.39205419352387894,1.567478582982536,-0.13916000371682458,9.999999776482582
21:41:49.918817,42,-0.7974283871210505,0.41819802877995205,1.5386362217528529,-0.13916000371682458,10.119999773800373
21:41:49.918817,42,-0.6392405332098414,0.3521995051811593,1.621831897910094,-1.878800050180871,4.999999888241291
21:41:49.918817,42,-0.6884278370121802,0.37930001455185075,1.5927331966239793,-0.27832000743364915,8.999999798834324
21:41:49.918817,42,-0.7376151408145191,0.40640052392254206,1.563634495337864,-0.13916000371682458,11.759999737143517
21:41:49.918817,42,-0.7868024446168579,0.43350103329323353,1.5345357940517492,-0.13916000371682458,11.639999739825726
21:41:49.918817,42,-0.6303517595528783,0.3644632335450759,1.6185458417987881,-1.878800050180871,5.519999876618385
21:41:49.918817,42,-0.6788551035817341,0.3925073935471756,1.58919429008805,-0.27832000743364915,10.519999764859676
21:41:49.918817,42,-0.72735844761059,0.4205515535492756,1.559842738377312,-0.13916000371682458,13.999999687075615
21:41:49.918817,42,-0.7758617916394459,0.4485957135513754,1.530491186666574,-0.13916000371682458,13.519999697804451
21:41:49.918817,42,-0.6258125969481048,0.3705300919367479,1.6169202319921454,-0.06972000186215155,6.239999860525131
21:41:49.918817,42,-0.6739666684286006,0.39904107528832844,1.5874435953419062,-0.27832000743364915,12.519999720156193
21:41:49.918817,42,-0.7221207399090965,0.42755205863990914,1.5579669586916667,-0.13916000371682458,16.8799996227026
21:41:49.918817,42,-0.7702748113895924,0.45606304199148984,1.5284903220414274,-0.13916000371682458,15.639999650418758
21:41:49.918817,42,-0.6165469897028709,0.38253076379640505,1.6137046616587196,-0.06972000186215155,6.9999998435378075
21:41:49.918817,42,-0.6639881053947281,0.41196515650944954,1.5839805982157926,-0.27832000743364915,14.999999664723873
21:41:49.918817,42,-0.7114292210865852,0.4413995492224941,1.5542565347728656,-0.13916000371682458,20.63999953866005
21:41:49.918817,42,-0.7588703367784424,0.4708339419355386,1.5245324713299386,-0.13916000371682458,18.11999959498644
21:41:49.918817,42,-0.6070347718932968,0.3943500497520598,1.6105376935317892,-0.06972000186215155,7.999999821186066
21:41:49.918817,42,-0.6537439559836264,0.42469389482118114,1.5805699430644968,-0.27832000743364915,17.999999597668648
21:41:49.918817,42,-0.7004531400739561,0.45503773989030255,1.5506021925972044,-0.13916000371682458,25.239999435842037
21:41:49.918817,42,-0.747162324164286,0.48538158495942396,1.5206344421299123,-0.13916000371682458,20.87999953329563
21:41:49.918817,42,-0.5972797482795082,0.40598322224712957,1.6074205943563233,-0.06972000186215155,8.879999801516533
21:41:49.918817,42,-0.6432383177182904,0.4372221988981403,1.5772129941045443,-0.27832000743364915,21.639999516308308
21:41:49.918817,42,-0.6891968871570725,0.4684611755491513,1.547005393852765,-0.13916000371682458,30.879999309778214
21:41:49.918817,42,-0.7351554565958547,0.49970015220016206,1.5167977936009858,-0.13916000371682458,23.759999468922615
21:41:49.918817,42,-0.5923123998819841,0.4117285588898947,1.6058811360426495,-0.06972000186215155,9.759999781847
21:41:49.918817,42,-0.6378887493862853,0.4434096189261305,1.5755550799048121,-0.27832000743364915,25.75999942421913
21:41:49.918817,42,-0.684474663899212,0.4444620366399348,1.5166778838824753,-0.13916000371682458,37.35999916493893
21:41:49.918817,42,-0.7301183354770983,0.4741006489936258,1.4844479167296725,-0.13916000371682458,26.6399994045496
21:41:49.918817,42,-0.5822005135093933,0.4230738603790839,1.6028411716707338,-0.06972000186215155,10.519999764859676
21:41:49.918817,42,-0.6247495504818261,0.4515631435257167,1.5647456335355672,-0.06972000186215155,29.759999334812164
21:41:49.918817,42,-0.6732503064111132,0.45757708965633215,1.5131637160180402,-0.13916000371682458,43.87999901920557
21:41:49.918817,42,-0.6176279191436441,0.43909958289612483,1.5424030739404306,-0.27832000743364915,32.75999926775694
21:41:49.918817,42,-0.6617566577890387,0.47047269627446975,1.5097083486388008,-0.13916000371682458,48.87999890744686
21:41:49.918817,42,-0.5645647777327633,0.4358858606755466,1.591399715622675,-0.06972000186215155,10.99999975413084
21:41:49.918817,42,-0.6121714042871984,0.44503910689775417,1.5408115832807687,-0.27832000743364915,33.7599992454052
21:41:49.918817,42,-0.6559102818033411,0.4768365918017733,1.508003147971544,-0.13916000371682458,50.519998870790005
21:41:49.918817,42,-0.6996491593194838,0.5086340767057925,1.475194712662319,-0.13916000371682458,30.879999309778214
21:41:49.918817,42,-0.6010752764601797,0.4567585603127806,1.5376713652024783,-0.06972000186215155,32.119999282062054
21:41:49.918817,42,-0.6440213495876649,0.48939338543538247,1.504638565257894,-0.13916000371682458,48.239998921751976
21:41:49.918817,42,-0.5897387265475542,0.4682613234817786,1.5345892091006188,-0.06972000186215155,28.639999359846115
21:41:49.918817,42,-0.6293194777314183,0.4970456011791027,1.4934874130302986,-0.13916000371682458,42.87999904155731
21:41:49.918817,42,-0.5839817066234445,0.4739300049903794,1.53307029046824,-0.06972000186215155,24.35999945551157
21:41:49.918817,42,-0.6231760711534919,0.5030947404433709,1.4918665510495346,-0.13916000371682458,36.51999918371439
21:41:49.918817,42,-0.7075640884862932,0.5346677848183083,1.3928994376633494,-0.13916000371682458,5.639999873936176
21:41:49.918817,42,-0.5699786677922599,0.4806702108771964,1.5227703869399367,-0.06972000186215155,20.239999547600746
21:41:49.918817,42,-0.6107029273097526,0.5150134933826837,1.4886729308246596,-0.13916000371682458,30.23999932408333
21:41:49.918817,42,-0.5640721883628946,0.4861473014486978,1.5213028049444308,-0.06972000186215155,16.759999625384808
21:41:49.918817,42,-0.6043744373478741,0.5208819151924201,1.4871004919398956,-0.13916000371682458,24.999999441206455
21:41:49.918817,42,-3.183306583318415,6.24923514537911,2.2635470278970216,-2.7137600724818185,2.9999999329447746
21:41:49.918817,42,-0.6711916549267917,0.598947827338532,-0.09095141435221388,0.06972000186215155,3.63999991863966
21:41:49.918817,42,-0.6084867988608634,0.6066693461183252,-0.03937872532728104,0.20888000557897612,4.759999893605709
21:41:49.918817,42,-0.5499130913285207,0.45071892210244113,-0.028761579574139606,0.20888000557897612,4.8799998909235
21:41:49.918817,42,-0.47208244751686496,5.856656751286305,1.1061690437840037,-0.41748001115047373,4.119999907910824
21:41:49.918817,42,-0.41757260912389865,5.92330620197503,1.0954987943712893,-0.41748001115047373,4.8799998909235
21:41:49.918817,42,-0.3617667594891751,5.989465337913239,1.0849599244000125,-0.41748001115047373,3.63999991863966
21:41:49.918817,42,0.008808810306078833,0.16507090088401782,2.191528088339176,3.4790000929206144,4.519999898970127
21:41:49.918817,42,2.5250291979789745,6.316450007625167,3.726998723820853,-2.574600068764994,2.9999999329447746
21:41:49.918817,42,0.18183634331842277,0.11736990826456001,1.868970022654805,0.6263600167294499,3.1199999302625656
21:41:49.969570,43,-0.7418586927380401,0.32450151425479795,1.6422122358160147,-0.13916000371682458,3.3599999248981476
21:41:49.969570,43,-0.7948635640350533,0.34768673964493174,1.6166487496995086,-0.13916000371682458,4.639999896287918
21:41:49.969570,43,-0.8481188042582233,0.40260151317453235,1.6228466158264268,-0.13916000371682458,4.639999896287918
21:41:49.969570,43,-0.7335899339027291,0.33875372835154643,1.6383933665584354,-0.13916000371682458,3.63999991863966
21:41:49.969570,43,-0.7860040127723676,0.3629572565280336,1.6125570270326757,-0.13916000371682458,4.999999888241291
21:41:49.969570,43,-0.8382198814664927,0.418890836675614,1.6184819047490628,-0.13916000371682458,4.999999888241291
21:41:49.969570,43,-0.8904144478439466,0.44497447661686806,1.5947254036363283,-0.13916000371682458,3.519999921321869
21:41:49.969570,43,-0.7250277488880422,0.3528433625991092,1.6346180604401512,-0.13916000371682458,3.999999910593033
21:41:49.969570,43,-0.7768300703985406,0.3780535774360408,1.608511980036694,-0.13916000371682458,5.519999876618385
21:41:49.969570,43,-0.8279856819132794,0.4349856826700479,1.6141693037625509,-0.13916000371682458,5.359999880194664
21:41:49.969570,43,-0.8795429816024679,0.46207152206536595,1.590144264115445,-0.13916000371682458,3.63999991863966
21:41:49.969570,43,-0.7161755624536718,0.36676478133189855,1.6308878275332048,-0.13916000371682458,4.519999898970127
21:41:49.969570,43,-0.7673454063680403,0.39296966404214156,1.6045152266763567,-0.13916000371682458,6.11999986320734
21:41:49.969570,43,-0.8185152502824089,0.4191745467523844,1.5781426258195084,-0.13916000371682458,5.879999868571758
21:41:49.969570,43,-0.8683197099111579,0.47895514162444686,1.5856203118892749,-0.13916000371682458,3.759999915957451
21:41:49.969570,43,-0.656520016292162,0.35332528222573467,1.6538399541622664,-1.0438400278799236,3.1199999302625656
21:41:49.969570,43,-0.7070369153560052,0.38051241616828657,1.6272041598809566,-0.13916000371682458,4.999999888241291
21:41:49.969570,43,-0.7575538144198486,0.4076995501108386,1.6005683655996468,-0.13916000371682458,6.7599998489022255
21:41:49.969570,43,-0.808070713483692,0.4348866840533905,1.573932571318337,-0.13916000371682458,6.239999860525131
21:41:49.969570,43,-0.8567491219288509,0.4956185820717014,1.581155356478309,-0.13916000371682458,3.999999910593033
21:41:49.969570,43,-0.6477717148037259,0.36592419259140424,1.6504640863042732,-1.0438400278799236,3.519999921321869
21:41:49.969570,43,-0.6976154629318715,0.39408076823788396,1.6235685309012868,-0.13916000371682458,5.639999873936176
21:41:49.969570,43,-0.7474592110600171,0.4222373438843636,1.5966729754983007,-0.13916000371682458,7.519999831914902
21:41:49.969570,43,-0.7973029591881627,0.4503939195308433,1.5697774200953143,-0.13916000371682458,6.7599998489022255
21:41:49.969570,43,-0.6387643132777918,0.37835159032272664,1.647134175118145,-1.0438400278799236,3.759999915957451
21:41:49.969570,43,-0.6879149736364539,0.4074644103810143,1.619982394797248,-0.13916000371682458,6.239999860525131
21:41:49.969570,43,-0.7370656339951163,0.4365772304393019,1.5928306144763509,-0.13916000371682458,8.359999813139439
21:41:49.969570,43,-0.6295014145547118,0.390602504626528,1.6438515525238984,-1.0438400278799236,4.239999905228615
21:41:49.969570,43,-0.6779393275359593,0.420657989319506,1.6164471859754028,-0.13916000371682458,7.1199998408555984
21:41:49.969570,43,-0.7317580248508704,0.4436711629286602,1.5909298009946666,-0.13916000371682458,9.359999790787697
21:41:49.969570,43,-0.624775307616171,0.3966602463686814,1.6422283855161321,-0.06972000186215155,4.759999893605709
21:41:49.969570,43,-0.6728495633421111,0.427181852917123,1.6146991219928906,-0.13916000371682458,8.119999818503857
21:41:49.969570,43,-0.7209238190680513,0.45770345946556484,1.587169858469649,-0.13916000371682458,10.639999762177467
21:41:49.969570,43,-0.6151361415714989,0.40863727024857477,1.6390191516397865,-0.06972000186215155,5.239999882876873
21:41:49.969570,43,-0.6624686974770917,0.44008046652986715,1.6112429488918747,-0.13916000371682458,9.359999790787697
21:41:49.969570,43,-0.6052509292829028,0.420425696833322,1.6358604522563698,-0.06972000186215155,5.879999868571758
21:41:49.969570,43,-0.6518228529777247,0.45277597095097105,1.607841198734734,-0.13916000371682458,10.87999975681305
21:41:49.969570,43,-0.6432383177182904,0.4372221988981403,1.5772129941045443,-0.13916000371682458,12.519999720156193
21:41:49.969570,43,-0.6378887493862853,0.4434096189261305,1.5755550799048121,-0.13916000371682458,14.359999679028988
21:41:49.969570,43,-0.6269987890318617,0.45562790133891007,1.5722812009994125,-0.13916000371682458,16.359999634325504
21:41:49.969570,43,-0.6158580375329088,0.46763337632731117,1.5690643436715184,-0.06972000186215155,17.999999597668648
21:41:49.969570,43,-0.6101950037816752,0.47355480702532393,1.5674777010979488,-0.06972000186215155,19.119999572634697
21:41:49.969570,43,-0.555911057110921,0.4505628708618611,1.595475513511143,-0.06972000186215155,9.999999776482582
21:41:49.969570,43,-0.5986864517122176,0.4852320941976429,1.5643487814303398,-0.06972000186215155,19.239999569952488
21:41:49.969570,43,-0.6414618463135141,0.5199013175334247,1.5332220493495365,-0.13916000371682458,18.759999580681324
21:41:49.969570,43,-0.5928420842395588,0.49098678295301523,1.5628068172256453,-0.06972000186215155,18.519999586045742
21:41:49.969570,43,-0.6740109083134572,0.5351746896726232,1.4680831768512297,-0.13916000371682458,12.639999717473984
21:41:49.969570,43,-0.580976088519192,0.50232537353946,1.5597686510347004,-0.06972000186215155,16.8799996227026
21:41:49.969570,43,-0.5749556468611151,0.5079081415209734,1.5582727528625235,-0.06972000186215155,14.759999670088291
21:41:49.969570,43,-0.6730149190635735,0.5680131542798943,1.3839645728448,-0.13916000371682458,6.9999998435378075
21:41:49.969570,43,-0.6585859550818846,0.5644931365904142,1.263348005138261,0.06972000186215155,2.9999999329447746
21:41:49.969570,43,-0.5444086969024422,0.253097703658028,-0.13000708645889736,0.20888000557897612,4.239999905228615
21:41:49.969570,43,-0.47714475692238667,0.10247755321610341,-0.09362287280688442,0.06972000186215155,4.8799998909235
21:41:49.969570,43,-0.4442406108051627,0.11260988742514255,-0.03554709022517688,0.06972000186215155,3.3599999248981476
21:41:49.969570,43,-0.3617667594891751,5.989465337913239,1.0849599244000125,-0.41748001115047373,2.9999999329447746
21:41:49.969570,43,-0.29210135582617386,5.805328509700327,1.1127339875905693,-0.41748001115047373,4.639999896287918
21:41:49.969570,43,-0.29524343248535845,5.867775283210283,1.1031898421339543,-0.41748001115047373,7.35999983549118
21:41:49.969570,43,-0.29838550914454304,5.930222056720239,1.0936456966773394,-0.41748001115047373,5.879999868571758
21:41:49.969570,43,0.05284595890315622,0.15237743013367921,2.194929293575877,1.6004800427472219,4.8799998909235
21:41:50.007734,44,-0.7420777578152629,0.3522638888438397,1.6700024380136835,-0.13916000371682458,3.519999921321869
21:41:50.007734,44,-0.795098281036743,0.37743270100918597,1.6464245269200553,-0.13916000371682458,4.359999902546406
21:41:50.007734,44,-0.7334165061212875,0.3665165437776993,1.6661834506341564,-0.13916000371682458,3.759999915957451
21:41:50.007734,44,-0.7858181937938902,0.3927036902266567,1.6423326776916096,-0.13916000371682458,4.639999896287918
21:41:50.007734,44,-0.7244618976167339,0.3805990369000839,1.6624100579745966,-0.13916000371682458,4.119999907910824
21:41:50.007734,44,-0.7762237897650066,0.40779235978506584,1.6382896808685738,-0.13916000371682458,4.999999888241291
21:41:50.007734,44,-0.8279856819132794,0.4349856826700479,1.6141693037625509,-0.13916000371682458,4.239999905228615
21:41:50.007734,44,-0.7152175140254501,0.3945057354017601,1.6586837693416894,-0.13916000371682458,4.519999898970127
21:41:50.007734,44,-0.7673454063680403,0.39296966404214156,1.6045152266763567,-0.13916000371682458,5.239999882876873
21:41:50.007734,44,-0.8174202991417668,0.4508796134343188,1.6099105378497083,-0.13916000371682458,4.359999902546406
21:41:50.007734,44,-0.7056870529774508,0.40823107678899617,1.655006075201138,-0.13916000371682458,4.8799998909235
21:41:50.007734,44,-0.7575538144198486,0.4076995501108386,1.6005683655996468,-0.13916000371682458,5.519999876618385
21:41:50.007734,44,-0.808070713483692,0.4348866840533905,1.573932571318337,-0.13916000371682458,4.519999898970127
21:41:50.007734,44,-0.6958743265299135,0.4217695711084846,1.6513784465814978,-0.13916000371682458,5.359999880194664
21:41:50.007734,44,-0.7474592110600171,0.4222373438843636,1.5966729754983007,-0.13916000371682458,5.879999868571758
21:41:50.007734,44,-0.6415020188218501,0.39785362273414054,1.6746206538341009,3.1312400836322922,2.9999999329447746
21:41:50.007734,44,-0.6908633359635558,0.42846705538369567,1.6495838610786349,-0.13916000371682458,5.879999868571758
21:41:50.007734,44,-0.6320041183602512,0.41015515719147116,1.6713244676105954,3.1312400836322922,3.2399999275803566
21:41:50.007734,44,-0.6806346055698448,0.4417151495179438,1.6460340449541115,-0.13916000371682458,6.5199998542666435
21:41:50.007734,44,-0.5887296840053451,0.5187480000787461,1.5901640468069043,-0.13916000371682458,12.23999972641468
21:41:50.007734,44,-0.6351999061295921,0.5260671715684099,1.5315699137402141,-0.13916000371682458,8.359999813139439
21:41:50.007734,44,-0.5352817971414512,0.49213526571342014,1.6166459311853636,-0.06972000186215155,7.639999829232693
21:41:50.007734,44,-0.5656334924579205,0.5185483459629132,1.3406029080672384,-0.13916000371682458,8.51999980956316
21:41:50.007734,44,-0.6137340980624387,0.5618255497125333,1.223645292673332,-0.06972000186215155,4.999999888241291
21:41:50.007734,44,-0.5654620549571927,0.5416603440027754,1.2638312636590596,-0.06972000186215155,7.999999821186066
21:41:50.007734,44,-0.1202693857262512,0.13447136669857385,1.8226254458052769,-3.33984008920379,3.3599999248981476
21:41:50.007734,44,-0.2738098496257686,0.5587897091953619,-0.05771905970108371,-0.13916000371682458,3.1199999302625656
21:41:50.007734,44,-0.40877831376817175,5.798558306436889,1.1145480580876017,-0.41748001115047373,3.3599999248981476
21:41:50.007734,44,0.10806591611764503,0.2284573171545896,1.988251889823881,-1.4613200390303973,3.2399999275803566
21:41:50.071025,45,-0.8564627077706352,0.4173981651359955,1.6595759090785491,-0.13916000371682458,6.7599998489022255
21:41:50.071025,45,-0.7951665633819286,0.42780093585629986,1.709571297523424,4.105360109650064,4.639999896287918
21:41:50.071025,45,-0.8464663980842428,0.43384774512814067,1.6551682574038227,-0.13916000371682458,7.35999983549118
21:41:50.071025,45,-0.732877183953147,0.4135214172206029,1.7251205579072986,1.4613200390303973,3.1199999302625656
21:41:50.071025,45,-0.783860380739431,0.42196267477255767,1.6726427943847837,-4.383680117083713,5.119999885559082
21:41:50.071025,45,-0.83613151313982,0.45010093431854,1.6508132284858248,-0.13916000371682458,8.239999815821648
21:41:50.071025,45,-0.722253917295196,0.4078679296435356,1.6907094119368233,-1.669920044601895,3.2399999275803566
21:41:50.071025,45,-0.7738580520242794,0.43700958064602485,1.6686109881074012,-4.383680117083713,5.639999873936176
21:41:50.071025,45,-0.8254621867533628,0.46615123164851396,1.646512564277979,-0.13916000371682458,8.999999798834324
21:41:50.071025,45,-0.7174776793946509,0.414821357094274,1.6888462466667695,-1.669920044601895,3.63999991863966
21:41:50.071025,45,-0.7687405579280726,0.44445982174969656,1.666614702020255,-4.383680117083713,6.11999986320734
21:41:50.071025,45,-0.8200034364614945,0.47409828640511914,1.6443831573737406,-0.13916000371682458,9.999999776482582
21:41:50.071025,45,-0.7077104468874977,0.4285880758652031,1.6851574654896726,-1.669920044601895,3.879999913275242
21:41:50.071025,45,-0.7582754689328343,0.4592101552760747,1.6626623620637724,-4.383680117083713,6.7599998489022255
21:41:50.071025,45,-0.8088404909781709,0.4898322346869463,1.640167258637872,4.105360109650064,10.99999975413084
21:41:50.071025,45,-0.6976601396502571,0.44216336552487195,1.6815199775883458,-1.669920044601895,4.239999905228615
21:41:50.071025,45,-0.7475070798737857,0.47375538232176345,1.6587649802231528,-4.383680117083713,7.519999831914902
21:41:50.071025,45,-0.7973540200973144,0.5053473991186549,1.6360099828579597,4.105360109650064,12.11999972909689
21:41:50.071025,45,-0.6873307776716417,0.455541796138661,1.6779352379093853,1.4613200390303973,4.639999896287918
21:41:50.071025,45,-0.7364396979627813,0.48808968499013833,1.6549241153990983,-4.383680117083713,8.359999813139439
21:41:50.071025,45,-0.785548618253921,0.5206375738416157,1.6319129928888116,4.105360109650064,13.239999704062939
21:41:50.071025,45,-0.7307952634408446,0.4951759445962787,1.6530253578602758,-4.383680117083713,9.359999790787697
21:41:50.071025,45,-0.7795277889154186,0.5281963752717816,1.6298876181498514,-0.06972000186215155,14.239999681711197
21:41:50.071025,45,-0.7473188670711725,0.5416739090379873,1.5855822796653527,-0.13916000371682458,15.999999642372131
21:41:50.071025,45,-0.6511246723455989,0.5600654220794675,1.597488236797775,1.6004800427472219,17.879999600350857
21:41:50.071025,45,-0.5702531447469136,0.5355416309423197,1.5856642069790234,-0.06972000186215155,13.639999695122242
21:41:50.071025,45,-0.5178059593960154,0.5073944797513696,1.6125572371067614,-0.06972000186215155,5.999999865889549
21:41:50.071025,45,-0.6659003840099691,0.5744796723753577,1.3822318745432793,-0.06972000186215155,5.239999882876873
21:41:50.071025,45,-0.07571683049223524,0.11388741275437407,1.7871488198838121,-0.974120026017772,4.239999905228615
21:41:50.071025,45,-0.3396506019040581,0.3560647031089822,-0.15759701080883648,0.06972000186215155,5.359999880194664
21:41:50.071025,45,-0.22685587497114829,0.5482343308892577,-0.0662528964135336,0.13916000371682458,8.119999818503857
21:41:50.071025,45,-0.17168246068559778,0.3761970781413899,-0.04511211297802742,0.13916000371682458,6.7599998489022255
21:41:50.071025,45,-0.20893358319750138,6.245542139535221,-1.5918261565316714,-1.878800050180871,2.9999999329447746
21:41:50.071025,45,0.5559153599808405,7.119397996970444,1.7786058442976795,4.453120118938386,3.3599999248981476
21:41:50.071025,45,1.049316568708404,6.468728726013145,-0.6836785242753791,3.6878800984995905,3.2399999275803566
21:41:50.071025,45,0.09397194292098052,0.17109967330145864,2.160944654525458,1.948240052035544,4.759999893605709
21:41:50.128025,46,-0.7747490800614925,0.47859281254615255,1.734735757808531,-2.15712005761452,3.2399999275803566
21:41:50.128025,46,-0.7644497254737955,0.4730087075660525,1.6974579116021853,-2.15712005761452,3.3599999248981476
21:41:50.128025,46,-0.8200034364614945,0.47409828640511914,1.6443831573737406,2.4354400650481693,3.1199999302625656
21:41:50.128025,46,-0.7590596428148861,0.48036675394585815,1.6954863290168456,-2.15712005761452,3.63999991863966
21:41:50.128025,46,-0.8088404909781709,0.4898322346869463,1.640167258637872,3.896480104071088,3.2399999275803566
21:41:50.128025,46,-0.6976601396502571,0.44216336552487195,1.6815199775883458,-2.15712005761452,3.1199999302625656
21:41:50.128025,46,-0.7480523081062642,0.4949248224576711,1.6915855063157483,-2.15712005761452,3.999999910593033
21:41:50.128025,46,-0.4992328630537547,0.5015649166580082,1.5818095565277301,-0.06972000186215155,6.239999860525131
21:41:50.128025,46,-0.5383269126482464,0.562317361552038,1.578489671585396,-2.15712005761452,14.6399996727705
21:41:50.128025,46,-0.5767896940376863,0.6024942303666851,1.548373288335214,-0.20888000557897612,23.759999468922615
21:41:50.128025,46,-4.0621641694791855,5.799368736025145,2.1174373772871995,1.669920044601895,2.9999999329447746
21:41:50.128025,46,-0.5737405081837754,0.6145106460001462,1.4371175478291167,-0.06972000186215155,16.119999639689922
21:41:50.128025,46,-0.5516054269633369,0.66284694418338,1.3585539354249783,-0.13916000371682458,10.119999773800373
21:41:50.128025,46,-0.5644865341075642,0.6809578975942847,1.2839724743155587,-0.06972000186215155,4.119999907910824
21:41:50.128025,46,-0.3906614754406172,0.5427227633682108,-0.10955091878665879,0.06972000186215155,5.519999876618385
21:41:50.128025,46,-0.32885976576369746,0.6919729339824894,-0.00859408906064063,0.7655200204462744,6.8799998462200165
21:41:50.128025,46,-0.2960558286592063,0.6775566472570008,0.048910407071629525,0.7655200204462744,4.119999907910824
21:41:50.128025,46,0.07124315197603048,0.1718313827358357,2.171485845725354,-0.5566400148672983,4.639999896287918
21:41:50.184274,47,-0.5379303909985889,0.5836422595002765,1.6080047904502623,-0.13916000371682458,11.759999737143517
21:41:50.184274,47,-0.5312514961451411,0.5888060544055147,1.606621155775524,-0.13916000371682458,11.879999734461308
21:41:50.184274,47,-0.4814724591633898,0.5363600342557155,1.6047959401690022,-0.13916000371682458,3.759999915957451
21:41:50.184274,47,-0.5177350055209666,0.5989388234741221,1.6039060884864995,-0.13916000371682458,11.359999746084213
21:41:50.184274,47,-0.5108987613879781,0.6039067843690734,1.6025749273766678,-0.13916000371682458,10.359999768435955
21:41:50.184274,47,-0.5447762713634976,0.5708654031373559,1.4737074567101591,-0.20888000557897612,17.519999608397484
21:41:50.184274,47,-0.5040114278068822,0.6088084649224536,1.6012615260308343,-0.13916000371682458,9.119999796152115
21:41:50.184274,47,-0.5378728658387061,0.5760942404063638,1.4723063939865748,-0.20888000557897612,19.519999563694
21:41:50.184274,47,-0.5309156734779611,0.581256135571689,1.470923268345612,-0.20888000557897612,20.999999530613422
21:41:50.184274,47,-0.5168427164113074,0.5913770415962956,1.4682113797496472,-0.20888000557897612,21.639999516308308
21:41:50.184274,47,-0.5452356857916362,0.5346448112896071,1.336289873181955,-0.13916000371682458,27.639999382197857
21:41:50.184274,47,-0.4953474434457664,0.6060436505284411,1.4642814737305758,-0.20888000557897612,19.759999558329582
21:41:50.184274,47,-0.5313633991469044,0.5450443063163108,1.3335033368878584,-0.13916000371682458,31.5199992954731
21:41:50.184274,47,-0.5243472038323773,0.5501430393743817,1.3321371354825264,-0.13916000371682458,34.759999223053455
21:41:50.184274,47,-0.5101582172171065,0.5601359272857777,1.329459549236613,-0.13916000371682458,36.75999917834997
21:41:50.184274,47,-0.5029868448031368,0.5650290828586835,1.328148432152413,-0.13916000371682458,36.999999172985554
21:41:50.184274,47,-0.48796468860124065,0.5330730104357868,1.2919309440713977,-0.13916000371682458,35.51999920606613
21:41:50.184274,47,-0.5266356519812352,0.6053365119564966,1.284940373407871,-0.13916000371682458,18.35999958962202
21:41:50.184274,47,-0.480958699638477,0.5377525899497315,1.290677054519719,-0.13916000371682458,32.51999927312136
21:41:50.184274,47,-0.5412165261606602,0.6515754905474289,1.2400143587204777,-0.13916000371682458,6.239999860525131
21:41:50.184274,47,-0.752657492854711,2.2472117855938247,-0.5449073240320272,-0.27832000743364915,3.3599999248981476
21:41:50.184274,47,-0.32662321496408153,0.8896369904024054,-0.06958398125147713,-0.06972000186215155,3.999999910593033
21:41:50.184274,47,-1.0197130081203192,4.419456325455361,7.3557846213244975,4.105360109650064,3.879999913275242
21:41:50.184274,47,-0.3039696162679977,0.867918430829239,-0.012880904335350607,-0.06972000186215155,4.519999898970127
21:41:50.184274,47,-0.22891701122808605,0.8557734247283634,0.041256946659178784,0.20888000557897612,3.759999915957451
21:41:50.184274,47,-0.5826836066834703,1.2767982788680816,-4.94103111816626,4.035640107787913,3.1199999302625656
21:41:50.184274,47,-0.4014306652057637,5.634420400801551,0.9068734919244197,-0.41748001115047373,3.879999913275242
21:41:50.184274,47,-0.3466875568612643,5.73981177219932,1.123100727419379,-0.41748001115047373,4.999999888241291
21:41:50.184274,47,-0.29210135582617386,5.805328509700327,1.1127339875905693,-0.4872000130126253,3.3599999248981476
21:41:50.184274,47,0.04816506950244526,0.16716223939159872,2.1837006202546396,1.5307600408850703,4.519999898970127
21:41:50.232047,48,-0.41818481186019785,0.5592464056910411,1.5663538481231043,-0.13916000371682458,4.119999907910824
21:41:50.232047,48,-0.44331397368734665,0.6065946061635904,1.5318297943576518,0.3480400092958007,6.239999860525131
21:41:50.232047,48,-0.430005281521679,0.6514952913499632,1.4612034904765363,0.3480400092958007,12.999999709427357
21:41:50.232047,48,-0.4328092748916994,0.6746232114749366,1.3825878087959675,-0.06972000186215155,23.519999474287033
21:41:50.232047,48,-0.4224019183018943,0.665006062368589,1.268951965562223,-0.06972000186215155,16.239999637007713
21:41:50.232047,48,-0.4721193806561066,0.7432784670111815,1.182906302518372,-0.06972000186215155,2.9999999329447746
21:41:50.232047,48,-0.4384334987667097,0.7084198745009985,1.2247829519458742,-0.06972000186215155,8.239999815821648
21:41:50.232047,48,0.11411649649863292,0.2111136081493975,1.9198908509497885,-2.0874000557523686,4.519999898970127
21:41:50.232047,48,3.526962704761867,1.7132598011563862,-3.8207484634292186,-2.365720063186018,2.9999999329447746
21:41:50.295521,49,-0.5089699580288972,0.6242789973930118,1.632722241100194,-0.13916000371682458,17.23999961465597
21:41:50.295521,49,-0.5040114278068822,0.6088084649224536,1.6012615260308343,-0.13916000371682458,20.75999953597784
21:41:50.295521,49,-0.49008625225074975,0.6184110310257,1.598688526198203,-0.13916000371682458,24.999999441206455
21:41:50.295521,49,-0.525102299079171,0.6625957220309252,1.570015325726061,-0.13916000371682458,26.6399994045496
21:41:50.295521,49,-0.4830498027816022,0.6231109563270013,1.5974291850092326,-0.13916000371682458,29.879999332129955
21:41:50.295521,49,-0.5175631041382092,0.6676314510885746,1.5686660061917619,-0.13916000371682458,28.639999359846115
21:41:50.295521,49,-0.475965048736876,0.6277426808856247,1.5961881181541862,-0.13916000371682458,34.879999220371246
21:41:50.295521,49,-0.5099721533204484,0.6725941065461903,1.5673362666695798,-0.13916000371682458,29.519999340176582
21:41:50.295521,49,-0.5457618013084566,0.6931706051775358,1.5047256032351786,-0.13916000371682458,7.759999826550484
21:41:50.295521,49,-0.4353351914574696,0.5871282909236056,1.623904659345065,-0.13916000371682458,15.519999653100967
21:41:50.295521,49,-0.4688326985860401,0.6323057415329949,1.5949654497387091,-0.13916000371682458,38.99999912828207
21:41:50.295521,49,-0.42195975322553664,0.5954094000554773,1.621685742840746,-0.13916000371682458,17.11999961733818
21:41:50.295521,49,-0.4544280675704457,0.6412240527969723,1.592575795437677,-0.13916000371682458,40.759999088943005
21:41:50.295521,49,-0.4152084052220551,0.599452645384827,1.6206023585199458,-0.13916000371682458,18.23999959230423
21:41:50.295521,49,-0.4471572271567205,0.6455784115899248,1.5914090485155499,-0.13916000371682458,39.639999113976955
21:41:50.295521,49,-0.40841553672591324,0.6034304766279516,1.6195365018507233,-0.13916000371682458,18.639999583363533
21:41:50.295521,49,-0.4398416713949084,0.6498623229134965,1.5902611779359523,-0.13916000371682458,35.999999195337296
21:41:50.295521,49,-0.43248213183445655,0.6540753583801442,1.5891322984849805,-0.13916000371682458,31.119999304413795
21:41:50.295521,49,-0.4250793444231551,0.6582170966898507,1.5880225230496334,-0.13916000371682458,26.119999416172504
21:41:50.295521,49,-0.41014699138888205,0.6662850323280696,1.5858607262107864,-0.13916000371682458,21.639999516308308
21:41:50.295521,49,-0.45413328654477086,0.5182351448338784,-0.10298948117582318,-0.13916000371682458,4.8799998909235
21:41:50.295521,49,-0.44027321381469675,0.328073348461695,-0.2090364256672741,-0.13916000371682458,5.239999882876873
21:41:50.295521,49,-0.45818447811970575,0.17846668022969758,-0.2872423129152275,-0.13916000371682458,3.63999991863966
21:41:50.295521,49,-0.6452362205060054,2.138875433971679,-0.6649370530039849,-0.3480400092958007,2.9999999329447746
21:41:50.295521,49,-0.6729317869249429,2.956853130305202,-0.48406598859209815,-0.13916000371682458,3.2399999275803566
21:41:50.295521,49,0.03919834338724391,0.02176695861512934,1.7510046276155482,2.15712005761452,3.879999913275242
21:41:50.295521,49,2.278862154963576,6.636849184480017,1.8781069210541834,1.3221600353135727,3.519999921321869
21:41:50.295521,49,3.6205665663035878,3.88580468704402,-2.6839797914681345,3.827040102216415,3.519999921321869
21:41:50.295521,49,3.6642631461194535,3.035460471687016,7.329450292452773,-1.1830000315967482,3.2399999275803566
21:41:50.344780,50,-0.4202173220995899,0.7339248116516933,-0.26160926970178544,0.06972000186215155,15.87999964505434
21:41:50.344780,50,-0.41285718577722436,0.7380902188097568,-0.26160926970178544,0.06972000186215155,18.35999958962202
21:41:50.344780,50,-0.4054557640821731,0.7421818175643117,-0.26160926970178544,0.06972000186215155,20.87999953329563
21:41:50.344780,50,-0.43442506888668875,0.7952097757240888,-0.28030092325573963,-0.13916000371682458,23.35999947786331
21:41:50.344780,50,-0.39801379715040486,0.7461991987589107,-0.26160926970178544,0.06972000186215155,22.879999488592148
21:41:50.344780,50,-0.42645138277001865,0.7995141937563703,-0.28030092325573963,-0.904680024163099,26.75999940186739
21:41:50.344780,50,-0.35564553881717814,0.7001366628530684,-0.24291761614783128,-0.06972000186215155,6.7599998489022255
21:41:50.344780,50,-0.3830112083186217,0.7540097089910935,-0.26160926970178544,0.06972000186215155,24.119999460875988
21:41:50.344780,50,-0.4103768778200651,0.8078827551291184,-0.28030092325573963,-0.904680024163099,29.759999334812164
21:41:50.344780,50,-0.3754520866649207,0.7578020569841976,-0.26160926970178544,-0.06972000186215155,24.119999460875988
21:41:50.344780,50,-0.4022776664238094,0.8119460616204591,-0.28030092325573963,0.13916000371682458,31.87999928742647
21:41:50.344780,50,-0.3678554201171073,0.7615186254064904,-0.26160926970178544,-0.06972000186215155,22.759999491274357
21:41:50.344780,50,-0.39413822759793987,0.8159281741858865,-0.28030092325573963,0.13916000371682458,32.51999927312136
21:41:50.344780,50,-0.9455387611644429,0.9001229634094747,-1.8646848679004697,0.06972000186215155,3.1199999302625656
21:41:50.344780,50,-0.3602219683354719,0.7651590426042434,-0.26160926970178544,0.13916000371682458,20.51999954134226
21:41:50.344780,50,-0.38595937527951996,0.8198286946174808,-0.28030092325573963,0.13916000371682458,31.239999301731586
21:41:50.344780,50,-0.4148840718027013,0.8588753373857048,-0.33740557425063855,0.13916000371682458,19.63999956101179
21:41:50.344780,50,-0.4339615481582092,0.854312389646554,-0.4867395482637074,-0.13916000371682458,5.879999868571758
21:41:50.344780,50,-0.35255249465879707,0.768722944538787,-0.26160926970178544,0.13916000371682458,17.879999600350857
21:41:50.344780,50,-0.37774192734692913,0.8236472328664664,-0.28030092325573963,0.13916000371682458,28.759999357163906
21:41:50.344780,50,-0.8743789642615871,0.919961755276378,-1.812870999522785,0.06972000186215155,2.9999999329447746
21:41:50.344780,50,-0.36948670553807605,0.8273834070822178,-0.28030092325573963,0.13916000371682458,25.51999942958355
21:41:50.344780,50,-0.07275602311883636,0.17208418136306397,0.17059484665447644,-3.2006800854869653,3.1199999302625656
21:41:50.344780,50,-0.5520592806518442,2.7233939944873273,-1.9837993525812843,-0.27832000743364915,2.9999999329447746
21:41:50.344780,50,0.0886137340192066,0.10958077076238906,0.2101158416274768,1.1132800297345966,4.639999896287918
21:41:50.405647,51,-3.7475761471142395,5.61659186921297,3.91452514682475,0.13916000371682458,3.3599999248981476
21:41:50.405647,51,-0.35255249465879707,0.6748198840168096,1.5483447115444964,-0.06972000186215155,20.999999530613422
21:41:50.405647,51,-0.3166443219715396,0.6490177085195459,1.6073214398802003,0.13916000371682458,11.999999731779099
21:41:50.405647,51,-0.34484776602802514,0.6781880966252993,1.5474422016961151,-0.06972000186215155,23.999999463558197
21:41:50.405647,51,-0.3293356292182421,0.6847004250900315,1.545697228543144,0.13916000371682458,26.6399994045496
21:41:50.405647,51,-0.30201125378116506,0.654993661567704,1.60572018808694,0.13916000371682458,10.87999975681305
21:41:50.405647,51,-0.32152977223991586,0.6878438897188833,1.5448549397344074,0.13916000371682458,28.359999366104603
21:41:50.405647,51,-0.3436626425586647,0.6614194529240272,1.413422954024234,-0.06972000186215155,35.999999195337296
21:41:50.405647,51,-0.3136917625537436,0.6909117996456292,1.5440328957470844,0.13916000371682458,28.639999359846115
21:41:50.405647,51,-0.3357385971047268,0.6647007362137756,1.412543736816608,-0.06972000186215155,40.3599990978837
21:41:50.405647,51,-0.3095604284283217,0.6722217683950348,1.5142450492361899,0.13916000371682458,27.119999393820763
21:41:50.405647,51,-0.32778097807236056,0.6679053163165852,1.4116850721659795,-0.06972000186215155,43.87999901920557
21:41:50.405647,51,-0.29399877212823794,0.6780518967987457,1.5126828710386457,0.13916000371682458,24.51999945193529
21:41:50.405647,51,-0.3215073020064985,0.6443215532394513,1.382638577290431,-0.06972000186215155,45.519998982548714
21:41:50.405647,51,-0.38574096961876153,0.7730500027269327,1.2592964691159838,0.13916000371682458,2.9999999329447746
21:41:50.405647,51,-0.28617345473922323,0.6808539367746215,1.5119320666899503,0.13916000371682458,21.359999522566795
21:41:50.405647,51,-0.30580101143766053,0.6503810880998631,1.3810149298180756,-0.06972000186215155,44.99999899417162
21:41:50.405647,51,-0.32567413799756445,0.6574859011808161,1.3033747023482467,0.13916000371682458,47.63999893516302
21:41:50.405647,51,-0.3459533282064566,0.69842646137295,1.2599969966382785,0.13916000371682458,20.239999547600746
21:41:50.405647,51,-0.278319520244491,0.6835802511494848,1.5112015529548921,0.13916000371682458,18.23999959230423
21:41:50.405647,51,-0.2979016029476903,0.6532967720652639,1.380233674654162,-0.06972000186215155,42.23999905586243
21:41:50.405647,51,-0.27043775403091064,0.6862305672941829,1.5104914028842331,0.13916000371682458,15.359999656677246
21:41:50.405647,51,-0.2899724045470076,0.6561360090943655,1.3794729033850937,-0.06972000186215155,38.1199991479516
21:41:50.405647,51,-0.28201420914880937,0.6588985152658433,1.3787326920873602,-0.06972000186215155,33.359999254345894
21:41:50.405647,51,-0.6379084806649126,2.963184055264512,-0.4857623548222878,-0.06972000186215155,4.239999905228615
21:41:50.405647,51,-0.5683108445775452,3.0220819059041166,-0.32778128556919306,-0.13916000371682458,4.359999902546406
21:41:50.405647,51,-0.3109399113593233,1.4826354758067146,3.7827981342078782,0.27832000743364915,3.1199999302625656
21:41:50.405647,51,-0.2891600577293193,0.2448707112178291,-0.24449088893229565,0.20888000557897612,4.359999902546406
21:41:50.405647,51,-0.2521510749852353,0.732309916473195,-0.07304401469045407,-0.06972000186215155,4.119999907910824
21:41:50.405647,51,0.06343153168131589,0.1300309667799607,1.7924490555372974,1.878800050180871,4.8799998909235
21:41:50.457239,52,-0.12115629330404627,0.2218595386263001,2.010416515438381,2.7137600724818185,3.519999921321869
21:41:50.457239,52,-0.3093432549095137,0.6520410214835133,1.6065113456130387,0.20888000557897612,6.7599998489022255
21:41:50.457239,52,-0.30201125378116506,0.654993661567704,1.60572018808694,0.20888000557897612,8.119999818503857
21:41:50.457239,52,-0.3252499542698009,0.70539311302045,1.575381747571732,0.06972000186215155,17.519999608397484
21:41:50.457239,52,-0.3445026703976958,0.7369894712209668,1.5123353971624798,0.06972000186215155,33.7599992454052
21:41:50.457239,52,-0.2912788803379579,0.641547019834744,1.5766111723288374,0.20888000557897612,9.759999781847
21:41:50.457239,52,-0.3136917625537436,0.6909117996456292,1.5440328957470844,0.06972000186215155,21.99999950826168
21:41:50.457239,52,-0.3361046447695293,0.7402765794565143,1.5114546191653313,0.06972000186215155,40.759999088943005
21:41:50.457239,52,-0.28397175894977966,0.6443252901703225,1.5758667370360637,0.20888000557897612,11.519999742507935
21:41:50.457239,52,-0.3058223839541271,0.6939038480818466,1.5432311787848851,0.06972000186215155,28.11999937146902
21:41:50.457239,52,-0.3276730089584745,0.7434824059933707,1.5105956205337063,0.06972000186215155,49.75999888777733
21:41:50.457239,52,-0.3537958355971245,0.7682805695268867,1.444831887675476,0.06972000186215155,50.35999887436628
21:41:50.457239,52,-0.2766362406236183,0.6470328413988289,1.5751412508709195,0.20888000557897612,13.239999704062939
21:41:50.457239,52,-0.29792242337233343,0.6968197358251986,1.5424498690188342,0.20888000557897612,36.23999918997288
21:41:50.457239,52,-0.31920860612104857,0.7466066302515683,1.5097584871667484,0.20888000557897612,61.359998628497124
21:41:50.457239,52,-0.3360104577246481,0.7749438086259599,1.443046478139904,0.06972000186215155,58.75999868661165
21:41:50.457239,52,-0.2692730589051606,0.6496694027674093,1.5744347863814134,0.20888000557897612,14.239999681711197
21:41:50.457239,52,-0.28999267079780217,0.699659171289354,1.5416890445792535,0.20888000557897612,46.23999896645546
21:41:50.457239,52,-0.30662018844411554,0.729500094923161,1.477060226213406,0.06972000186215155,75.87999830394983
21:41:50.457239,52,-0.3270669221490078,0.7781462530717009,1.442188385736862,0.20888000557897612,67.99999848008156
21:41:50.457239,52,-0.353266082169192,0.7638068571769682,1.33150180827043,0.06972000186215155,12.11999972909689
21:41:50.457239,52,-0.37078502585148077,0.839530166745712,1.3271317463642567,0.13916000371682458,2.9999999329447746
21:41:50.457239,52,-0.2618829501064096,0.6522347106221352,1.5737474142134025,0.20888000557897612,14.51999967545271
21:41:50.457239,52,-0.28203391919914733,0.702421870533145,1.5409487815479495,0.20888000557897612,56.23999874293804
21:41:50.457239,52,-0.2982051001998303,0.7324212010339297,1.4762775181900198,0.20888000557897612,92.87999792397022
21:41:50.457239,52,-0.32217871243343466,0.7554089298565667,1.4090715900482602,0.06972000186215155,77.35999827086926
21:41:50.457239,52,-0.2544666532320537,0.6547285084343707,1.5730792031035274,0.20888000557897612,13.639999695122242
21:41:50.457239,52,-0.2740469644448607,0.7051075572889618,1.5402291539506054,0.20888000557897612,61.87999861687422
21:41:50.457239,52,-0.2897601916953615,0.7352608789364952,1.4755166287892632,0.20888000557897612,110.1199975386262
21:41:50.457239,52,-0.31206947358899456,0.7525912245229959,1.400118968323497,0.20888000557897612,85.87999808043242
21:41:50.457239,52,-0.23955846429504732,0.6595005835964847,1.5718005294176183,0.20888000557897612,12.11999972909689
21:41:50.457239,52,-0.2625289442685002,0.6888046201793213,1.5098016874923852,0.20888000557897612,59.63999866694212
21:41:50.457239,52,-0.28128630741448457,0.7380188446654463,1.4747776340994379,0.20888000557897612,122.75999725610018
21:41:50.457239,52,-0.29436407970154577,0.7584491179669899,1.398549350505831,0.20888000557897612,91.75999794900417
21:41:50.457239,52,-0.23206806303880054,0.661778383742845,1.5711901947078815,0.20888000557897612,10.359999768435955
21:41:50.457239,52,-0.2545938818316098,0.6913021524017684,1.50913247575031,0.20888000557897612,50.99999886006117
21:41:50.457239,52,-0.2687073711810026,0.7192116211950514,1.4430589545801453,0.20888000557897612,125.23999720066786
21:41:50.457239,52,-0.2892899185625974,0.7340534189889657,1.3666635326865695,0.13916000371682458,93.99999789893627
21:41:50.457239,52,-0.2245544551706766,0.6639837194873984,1.570599276776089,0.20888000557897612,8.639999806880951
21:41:50.457239,52,-0.24663336021983526,0.693722914210394,1.5084838345786205,0.20888000557897612,40.639999091625214
21:41:50.457239,52,-0.25925286433456807,0.7162042836362925,1.4347640210516257,0.20888000557897612,116.23999740183353
21:41:50.457239,52,-0.28054599292592775,0.7368055379800824,1.3659261046254254,0.13916000371682458,91.87999794632196
21:41:50.457239,52,-0.23864817547866832,0.6960666635310456,1.507855828840891,0.20888000557897612,31.63999929279089
21:41:50.457239,52,-0.2508591011609934,0.718667955720716,1.4341038821061893,0.20888000557897612,99.75999777019024
21:41:50.457239,52,-0.2665723013118505,0.7137993020442217,1.3343665240427836,0.13916000371682458,85.87999808043242
21:41:50.457239,52,-0.22719208717849598,0.6781774729883635,1.4783423463620786,0.13916000371682458,24.639999449253082
21:41:50.457239,52,-0.2382611387627478,0.6980071829495038,1.4036193013110196,0.13916000371682458,81.6399981752038
21:41:50.457239,52,-0.2579415586136372,0.7163325305156145,1.33368774751963,0.13916000371682458,77.63999826461077
21:41:50.457239,52,-0.21839323724689116,0.675115322226177,1.4706689763817975,0.13916000371682458,19.519999563694
21:41:50.457239,52,-0.23370085825937184,0.6738472749070845,1.3747271840136426,0.13916000371682458,65.35999853909016
21:41:50.457239,52,-0.25107065275852314,0.6825720070131731,1.2966529005492249,0.13916000371682458,68.35999847203493
21:41:50.457239,52,-0.20686293924343088,0.6556073433602214,1.4422775128756713,0.13916000371682458,15.639999650418758
21:41:50.457239,52,-0.22556211895879913,0.676065363195373,1.3741328490480549,0.13916000371682458,52.23999883234501
21:41:50.457239,52,-0.2341944913717114,0.6872594645111545,1.2953969000980856,0.13916000371682458,59.239998675882816
21:41:50.457239,52,-0.2116098196573091,0.6463775115539735,1.3388875040930825,0.13916000371682458,41.999999061226845
21:41:50.457239,52,-0.22572085929181077,0.6894807035474251,1.2948017208921205,0.13916000371682458,50.99999886006117
21:41:50.457239,52,-0.20364475964058604,0.648383053835169,1.3383501206584496,0.13916000371682458,34.11999923735857
21:41:50.457239,52,-0.189815792633685,0.6167512433942923,1.3048451941467856,0.13916000371682458,28.11999937146902
21:41:50.457239,52,-1.3692193733252729,6.867468969528067,1.5320833387952162,-4.383680117083713,3.1199999302625656
21:41:50.457239,52,-0.33853548628215485,0.7123321795107564,-0.06769099620476737,-0.06972000186215155,9.759999781847
21:41:50.457239,52,-0.30503044220471065,0.6980960471798408,-0.010234772297035288,0.06972000186215155,6.8799998462200165
21:41:50.457239,52,-0.32297966929571936,0.7391748470255206,-0.12852513103436536,-0.06972000186215155,8.239999815821648
21:41:50.457239,52,-0.5115651253280097,3.254029221097089,0.11844783015933968,-0.06972000186215155,3.1199999302625656
21:41:50.457239,52,-0.29719492808687203,0.25167491659269037,-0.30685840072799797,0.06972000186215155,3.879999913275242
21:41:50.457239,52,-0.3720915878715959,3.3255224975632087,0.08245731626651454,-0.06972000186215155,3.1199999302625656
21:41:50.457239,52,0.08048985449166444,0.22832011999727853,2.0734868165650675,0.4872000130126253,4.8799998909235
21:41:50.457239,52,4.721444444658347,4.236246147553539,-1.0030016108713307,-3.827040102216415,2.9999999329447746
21:41:50.516404,53,-0.23206806303880054,0.661778383742845,1.5711901947078815,0.20888000557897612,3.999999910593033
21:41:50.516404,53,-0.29012848401514124,0.8057192189046398,1.2505427790238093,0.13916000371682458,3.63999991863966
21:41:50.516404,53,-0.21839323724689116,0.675115322226177,1.4706689763817975,0.20888000557897612,20.63999953866005
21:41:50.516404,53,-0.24877739520805223,0.7300539752738949,1.2515224298299161,0.13916000371682458,32.75999926775694
21:41:50.516404,53,-0.20364475964058604,0.648383053835169,1.3383501206584496,0.13916000371682458,63.999998569488525
21:41:50.516404,53,-0.21722465531509005,0.6916199838879625,1.2942285024524898,0.13916000371682458,73.11999836564064
21:41:50.516404,53,-1.3692392654259966,6.845053881864313,2.7254370613245262,4.383680117083713,3.63999991863966
21:41:50.516404,53,-0.3982464057411176,0.718269048602943,-0.12292343922990812,0.13916000371682458,8.51999980956316
21:41:50.516404,53,-0.1586460236418579,0.6234839063124367,1.303041182554958,0.13916000371682458,51.23999885469675
21:41:50.516404,53,-0.3715272533912192,0.8516030352120724,-0.008509207255536833,0.13916000371682458,14.999999664723873
21:41:50.516404,53,-0.14296283086586525,0.6263973211818558,1.3022605353934802,0.13916000371682458,46.63999895751476
21:41:50.516404,53,-0.33475699589901153,0.833983111231651,0.04709564356344398,0.13916000371682458,12.519999720156193
21:41:50.516404,53,-0.2844467333942985,0.6803602826425738,0.04815917523419411,0.06972000186215155,4.8799998909235
21:41:50.516404,53,-0.3547014915399094,2.4023305006253297,-0.40002066397979474,-0.20888000557897612,3.2399999275803566
21:41:50.516404,53,-0.35048271486545124,2.3219224644099916,-0.5649259900867998,-0.13916000371682458,3.519999921321869
21:41:50.516404,53,-0.39260452002326995,3.106172983781086,-0.14200716682356074,-0.06972000186215155,6.9999998435378075
21:41:50.516404,53,-0.3991505160405289,3.1579630038744444,-0.17772140256933344,-0.06972000186215155,11.119999751448631
21:41:50.516404,53,-0.39963313634622166,3.1187457627510984,-0.3409655451086535,-0.06972000186215155,7.35999983549118
21:41:50.516404,53,0.029947096736953248,0.249682835381812,1.9722392508520499,-2.574600068764994,4.119999907910824
21:41:50.516404,53,3.053394228202232,5.269929190631473,5.487186223083704,-4.244520113366889,3.759999915957451
21:41:50.516404,53,3.1172907292235665,5.839866308053595,-0.5151753472328346,-3.1312400836322922,3.3599999248981476
21:41:50.573757,54,-0.23288648406147702,0.07315373166288977,1.9335062170890676,-2.0874000557523686,3.63999991863966
21:41:50.573757,54,-0.2799450626895429,0.7394490778376861,1.6018625110528162,0.27832000743364915,13.999999687075615
21:41:50.573757,54,-0.27175821668991,0.7421136222127067,1.6011485485393324,0.27832000743364915,16.759999625384808
21:41:50.573757,54,-0.26354419509628735,0.7446989558214979,1.6004558104866917,0.27832000743364915,19.879999555647373
21:41:50.573757,54,-0.28237409663804414,0.7979067603464453,1.5719088802560037,0.27832000743364915,32.239999279379845
21:41:50.573757,54,-0.3351910983759302,0.8224610054880697,1.2884882678102405,0.13916000371682458,6.11999986320734
21:41:50.573757,54,-0.23475315012051245,0.6783407794942778,1.5994643466929204,0.27832000743364915,5.359999880194664
21:41:50.573757,54,-0.25281657681774167,0.7305367093032961,1.568644541252929,0.27832000743364915,23.23999948054552
21:41:50.573757,54,-0.2735449563510862,0.8005916655137213,1.571189462084678,0.27832000743364915,38.99999912828207
21:41:50.573757,54,-0.24463119966633093,0.7329392175432109,1.568000791110235,0.27832000743364915,26.239999413490295
21:41:50.573757,54,-0.2621097914527138,0.7853068035467219,1.5371349905315537,0.27832000743364915,47.11999894678593
21:41:50.573757,54,-0.2795883832390967,0.8376743895502329,1.5062691899528722,0.27832000743364915,38.6399991363287
21:41:50.573757,54,-0.23642135959990584,0.7352625423063407,1.567378258116199,0.27832000743364915,27.99999937415123
21:41:50.573757,54,-0.2533133686309073,0.7877961269444385,1.5364679783374355,0.27832000743364915,56.35999874025583
21:41:50.573757,54,-0.2702053776619088,0.8403297115825362,1.5055576985586718,0.27832000743364915,45.99999897181988
21:41:50.573757,54,-0.22818787759559475,0.7375064512621554,1.5667770045235994,0.27832000743364915,27.99999937415123
21:41:50.573757,54,-0.24449161468446387,0.7902003603752097,1.5358237659312444,0.27832000743364915,65.75999853014946
21:41:50.573757,54,-0.2607953517733329,0.8428942694882641,1.5048705273388894,0.27832000743364915,53.75999879837036
21:41:50.573757,54,-0.2740031530714175,0.7609373730384549,1.2921975850227057,0.13916000371682458,31.999999284744263
21:41:50.573757,54,-0.2174160178384296,0.721729432291103,1.5357753359670907,0.27832000743364915,26.239999413490295
21:41:50.573757,54,-0.23564541178138723,0.792519263417707,1.5352024177336812,0.27832000743364915,73.11999836564064
21:41:50.573757,54,-0.25135924656807435,0.8453678068137744,1.5042077450100706,0.27832000743364915,60.87999863922596
21:41:50.573757,54,-0.20923241070013857,0.7237900030958524,1.5352232076840109,0.27832000743364915,23.11999948322773
21:41:50.573757,54,-0.22418180350079803,0.7755038892249827,1.5020154899613491,0.27832000743364915,76.11999829858541
21:41:50.573757,54,-0.23913119630145746,0.8272177753541131,1.4688077722386872,0.27832000743364915,65.63999853283167
21:41:50.573757,54,-0.20102788049607262,0.725771424617274,1.5346922873874802,0.27832000743364915,20.359999544918537
21:41:50.573757,54,-0.21539106992434326,0.7776268808240432,1.5014466360768428,0.27832000743364915,73.63999835401773
21:41:50.573757,54,-0.22975425935261393,0.8294823370308125,1.4682009847662052,0.27832000743364915,66.35999851673841
21:41:50.573757,54,-0.19280324767237836,0.727673498714875,1.534182628169084,0.27832000743364915,17.639999605715275
21:41:50.573757,54,-0.20385814569486757,0.7591206999223048,1.4691234090245642,0.27832000743364915,66.51999851316214
21:41:50.573757,54,-0.2186022992505497,0.7536873394975507,1.3614026395420373,0.13916000371682458,62.879998594522476
21:41:50.573757,54,-0.18212868023872614,0.7102978478758655,1.5040425944883582,0.20888000557897612,15.239999659359455
21:41:50.573757,54,-0.19514154555936938,0.7610477364702156,1.4686070611377662,0.27832000743364915,57.2399987205863
21:41:50.573757,54,-0.20564581273738608,0.7297702922274635,1.3300871101208585,0.13916000371682458,56.519998736679554
21:41:50.573757,54,-0.1881475510468143,0.7103672659017719,1.4003074270655778,0.20888000557897612,47.8799989297986
21:41:50.573757,54,-0.19685277524034944,0.7317142272893614,1.3295662342908843,0.13916000371682458,48.87999890744686
21:41:50.573757,54,-0.17628464533751467,0.6877134826157846,1.3710117448560144,0.20888000557897612,39.639999113976955
21:41:50.573757,54,-0.18804005263071213,0.7335731323526832,1.3290681421803612,0.20888000557897612,41.35999907553196
21:41:50.573757,54,-0.16352999455948558,0.6572514907509942,1.335973830148728,0.20888000557897612,32.75999926775694
21:41:50.573757,54,-0.24982290718402272,0.3711054909170306,-0.10268750202429944,0.06972000186215155,31.119999304413795
21:41:50.573757,54,-0.2226342792947669,0.3779513831871596,-0.10452185332955066,0.06972000186215155,33.519999250769615
21:41:50.573757,54,-0.2357349823210667,0.40019157389453286,-0.22836044593156846,0.06972000186215155,14.6399996727705
21:41:50.573757,54,-0.20439570055368037,0.38207631345490245,-0.10562712506362715,0.06972000186215155,34.51999922841787
21:41:50.573757,54,-0.21040943613224547,0.3933177726134197,-0.16757894069813073,0.13916000371682458,37.119999170303345
21:41:50.573757,54,-0.3659893533651129,3.2709845321853983,0.1139046682458087,-0.06972000186215155,5.759999871253967
21:41:50.573757,54,-0.3720915878715959,3.3255224975632087,0.08245731626651454,-0.06972000186215155,9.239999793469906
21:41:50.573757,54,-0.37819382237807897,3.3800604629410205,0.05100996428722038,-0.06972000186215155,7.35999983549118
21:41:50.573757,54,-0.17678936422644284,0.22797657260557824,-0.0664595003527304,0.06972000186215155,13.759999692440033
21:41:50.573757,54,-0.18222189315305526,0.3650870223096794,-0.11067101873044205,0.06972000186215155,33.7599992454052
21:41:50.573757,54,-0.1626889669062078,0.2607756532476265,-0.12766394438409812,0.06972000186215155,31.63999929279089
21:41:50.573757,54,-0.13517261685895526,0.2440854573191772,-0.1315665963531667,0.06972000186215155,28.639999359846115
21:41:50.631796,55,-5.39748843663392,4.361781706758848,3.047767464917756,-0.13916000371682458,3.3599999248981476
21:41:50.631796,55,-3.245866122659013,3.8935993188663858,-3.034691902868169,-2.0179600538976956,3.1199999302625656
21:41:50.631796,55,-0.3112020731825551,0.8058289301289612,1.6082790017417075,0.3480400092958007,20.51999954134226
21:41:50.631796,55,-0.2822245148216992,0.7548586692870094,1.6336595168694465,0.3480400092958007,8.639999806880951
21:41:50.631796,55,-0.30238910173214534,0.8087923725712832,1.6074849497324712,0.3480400092958007,24.35999945551157
21:41:50.631796,55,-0.3225536886425915,0.8627260758555569,1.5813103825954957,0.3480400092958007,40.11999910324812
21:41:50.631796,55,-0.27235232288904077,0.7460837433839593,1.6090384967550544,0.3480400092958007,10.359999768435955
21:41:50.631796,55,-0.2911749997519115,0.7951367079003133,1.5726511135719365,0.3480400092958007,29.23999934643507
21:41:50.631796,55,-0.310591782813913,0.8481597935879199,1.5441536786045407,0.3480400092958007,49.63999889045954
21:41:50.631796,55,-0.3267175299870483,0.8807973689364444,1.4779470115963016,0.3480400092958007,33.99999924004078
21:41:50.631796,55,-0.26354419509628735,0.7446989558214979,1.6004558104866917,0.3480400092958007,12.519999720156193
21:41:50.631796,55,-0.28237409663804414,0.7979067603464453,1.5719088802560037,0.3480400092958007,35.63999920338392
21:41:50.631796,55,-0.30120399817980087,0.8511145648713929,1.5433619500253153,0.3480400092958007,62.23999860882759
21:41:50.631796,55,-0.3132183205609515,0.8622849783702212,1.4401370060724883,0.27832000743364915,42.9999990388751
21:41:50.631796,55,-0.33748425707715696,0.8854669954973936,1.369843908914244,0.27832000743364915,16.8799996227026
21:41:50.631796,55,-0.25530381930395263,0.7472048201328643,1.5997843661681193,0.3480400092958007,15.239999659359455
21:41:50.631796,55,-0.2735449563510862,0.8005916655137213,1.571189462084678,0.3480400092958007,43.75999902188778
21:41:50.631796,55,-0.29178609339821987,0.8539785108945784,1.5425945580012366,0.3480400092958007,79.51999822258949
21:41:50.631796,55,-0.30342475760456306,0.8652631604958914,1.4393390045770023,0.27832000743364915,55.75999875366688
21:41:50.631796,55,-0.3223921859820568,0.8629022930099828,1.3317881816681132,0.20888000557897612,21.119999527931213
21:41:50.631796,55,-0.24703791334358124,0.7496309645624746,1.599134282727484,0.3480400092958007,18.35999958962202
21:41:50.631796,55,-0.26468846179766936,0.803191154913874,1.5704929309991738,0.3480400092958007,53.99999879300594
21:41:50.631796,55,-0.2823390102517575,0.8567513452652737,1.5418515792708636,0.3480400092958007,102.8799977004528
21:41:50.631796,55,-0.2936008524266237,0.8681465967385419,1.4385663901643573,0.3480400092958007,73.87999834865332
21:41:50.631796,55,-0.3123117789215492,0.865967703245335,1.3309668074710805,0.20888000557897612,26.75999940186739
21:41:50.631796,55,-0.2387473037988441,0.751977146497918,1.5985056251725853,0.3480400092958007,21.119999527931213
21:41:50.631796,55,-0.255805498619829,0.8057049686001415,1.569819356652016,0.3480400092958007,65.35999853909016
21:41:50.631796,55,-0.2702053776619088,0.8403297115825362,1.5055576985586718,0.3480400092958007,133.63999701291323
21:41:50.631796,55,-0.28973411645941693,0.845069355131309,1.4025055657122254,0.27832000743364915,99.35999777913094
21:41:50.631796,55,-0.30097802543090196,0.8622500090776748,1.3210439829592446,0.20888000557897612,33.519999250769615
21:41:50.631796,55,-0.22209529255973978,0.7564286924410376,1.5973128370320564,0.3480400092958007,22.519999496638775
21:41:50.631796,55,-0.24449161468446387,0.7902003603752097,1.5358237659312444,0.3480400092958007,75.63999830931425
21:41:50.631796,55,-0.2607953517733329,0.8428942694882641,1.5048705273388894,0.3480400092958007,170.23999619483948
21:41:50.631796,55,-0.27025912145338093,0.8504786546320552,1.4010561482793824,0.27832000743364915,132.35999704152346
21:41:50.631796,55,-0.2908771819748487,0.8651084739856478,1.3202780595955605,0.20888000557897612,40.879999086260796
21:41:50.631796,55,-0.2199315769947001,0.7396707200216396,1.5661970904572917,0.3480400092958007,21.7599995136261
21:41:50.631796,55,-0.23564541178138723,0.792519263417707,1.5352024177336812,0.3480400092958007,80.23999820649624
21:41:50.631796,55,-0.25135924656807435,0.8453678068137744,1.5042077450100706,0.3480400092958007,204.51999542862177
21:41:50.631796,55,-0.26514332869934626,0.8196330895934296,1.3573583534214482,0.20888000557897612,165.75999629497528
21:41:50.631796,55,-0.280747251044295,0.867869230944241,1.319538316998007,0.20888000557897612,46.51999896019697
21:41:50.631796,55,-0.21165328342036485,0.7417551321597304,1.5656385739081968,0.3480400092958007,19.119999572634697
21:41:50.631796,55,-0.22677564453455643,0.7947526041835687,1.5346039958790452,0.3480400092958007,76.7599982842803
21:41:50.631796,55,-0.241898005648748,0.8477500762074072,1.5035694178498933,0.3480400092958007,220.5199950709939
21:41:50.631796,55,-0.2555499048631193,0.8221478657030818,1.3566845211937217,0.20888000557897612,181.51999594271183
21:41:50.631796,55,-0.265924908058768,0.8427914789538908,1.2830407338633312,0.20888000557897612,47.8799989297986
21:41:50.631796,55,-0.19503403075755735,0.7456835608203013,1.5645859546210734,0.3480400092958007,15.639999650418758
21:41:50.631796,55,-0.20896896715452487,0.798961714135053,1.533476168266691,0.3480400092958007,66.9999985024333
21:41:50.631796,55,-0.22975425935261393,0.8294823370308125,1.4682009847662052,0.3480400092958007,207.9999953508377
21:41:50.631796,55,-0.2416916415181054,0.7983293952475714,1.322251522073739,0.20888000557897612,166.99999626725912
21:41:50.631796,55,-0.255915411070113,0.8453117951074542,1.282365417185313,0.20888000557897612,44.11999901384115
21:41:50.631796,55,-0.27487743676056786,0.9216232007731464,1.280239782889887,0.20888000557897612,5.239999882876873
21:41:50.631796,55,-0.18669473358042774,0.7475271845032062,1.5640919571440923,0.3480400092958007,12.519999720156193
21:41:50.631796,55,-0.20657879742135088,0.7796648557255678,1.5009005623477845,0.3480400092958007,55.23999876528978
21:41:50.631796,55,-0.2203543471703234,0.8316562127362607,1.4676184965264847,0.3480400092958007,175.35999608039856
21:41:50.631796,55,-0.23221430305858987,0.8006182042253449,1.3216382375565154,0.20888000557897612,133.8799970075488
21:41:50.631796,55,-0.24588032275475713,0.8477353025433287,1.2817160403250194,0.20888000557897612,37.119999170303345
21:41:50.631796,55,-0.18455933468544758,0.7294960351828398,1.5336942809943166,0.27832000743364915,9.879999779164791
21:41:50.631796,55,-0.19774586721168827,0.7816176101337741,1.5003773233810893,0.3480400092958007,44.75999899953604
21:41:50.631796,55,-0.20815441088001263,0.8117976250645659,1.4331715277871746,0.3480400092958007,138.51999690383673
21:41:50.631796,55,-0.22271374336331776,0.8028153562315755,1.3210495124507977,0.20888000557897612,100.6399977505207
21:41:50.631796,55,-0.23582064661312455,0.8500617589128012,1.2810926682195931,0.20888000557897612,29.639999337494373
21:41:50.631796,55,-0.17629696591967223,0.7312388517690483,1.5332272946974865,0.27832000743364915,7.879999823868275
21:41:50.631796,55,-0.18640543143280502,0.7628904821803629,1.4681132989128765,0.20888000557897612,36.23999918997288
21:41:50.631796,55,-0.20069402717091658,0.7577375659210518,1.360317384642697,0.20888000557897612,106.99999760836363
21:41:50.631796,55,-0.20911047214189826,0.7772768626431839,1.287819431978382,0.20888000557897612,74.63999833166599
21:41:50.631796,55,-0.22573738860440137,0.8522909315721838,1.2804953632057219,0.20888000557897612,23.23999948054552
21:41:50.631796,55,-0.17428788923297073,0.7371601598398884,1.4291489109461857,0.20888000557897612,29.759999334812164
21:41:50.631796,55,-0.18804005263071213,0.7335731323526832,1.3290681421803612,0.20888000557897612,82.75999815016985
21:41:50.631796,55,-0.1997489958634622,0.7792515186518865,1.2872903244955207,0.20888000557897612,56.11999874562025
21:41:50.631796,55,-0.20550416251243178,0.8564565438496676,1.279379190759989,0.20888000557897612,18.23999959230423
21:41:50.631796,55,-0.16282545915773175,0.7154528556363479,1.398944747403162,0.20888000557897612,24.759999446570873
21:41:50.631796,55,-0.17920852617335192,0.7353468215284796,1.3285928835980827,0.20888000557897612,64.87999854981899
21:41:50.631796,55,-0.1903675448527897,0.7811356525206162,1.2867854723469625,0.20888000557897612,43.239999033510685
21:41:50.631796,55,-0.20157084535238398,0.827106185223039,1.2448121586702428,0.20888000557897612,14.359999679028988
21:41:50.631796,55,-0.1703590790135154,0.7370351174493192,1.3281405060695088,0.20888000557897612,51.759998843073845
21:41:50.631796,55,-0.180967057247122,0.7829290758375643,1.286304926017499,0.20888000557897612,33.99999924004078
21:41:50.631796,55,-0.1526099640391834,0.7401548627695537,1.3273045728303612,0.20888000557897612,41.999999061226845
21:41:50.631796,55,-0.25347770972308536,3.2018584392666005,-0.0185378873354054,-0.06972000186215155,4.239999905228615
21:41:50.631796,55,-0.2606857102483045,3.334691424056206,0.08000050981725582,-0.06972000186215155,6.359999857842922
21:41:50.631796,55,-0.26756762858939537,3.46470797617451,0.185996785092847,-0.06972000186215155,4.239999905228615
21:41:50.631796,55,-0.11081347961460093,0.7302987255384017,-0.01886345395733091,0.06972000186215155,4.8799998909235
21:41:50.631796,55,-0.10142771360703538,0.7528263947104787,-0.07854138846566494,0.06972000186215155,7.1199998408555984
21:41:50.631796,55,-0.05220507369399908,0.7773673734272182,-0.1387587876406049,0.06972000186215155,4.759999893605709
21:41:50.631796,55,0.6733006877408478,4.55805612452804,7.377586592823089,0.3480400092958007,2.9999999329447746
21:41:50.631796,55,1.4242040294122336,4.693620691042581,7.194752428184763,0.13916000371682458,2.9999999329447746
21:41:50.631796,55,0.06477925366371988,0.005043198042566768,1.7554857457553779,-2.365720063186018,4.239999905228615
21:41:50.689033,56,-6.040610616550303,2.7217697899361366,-0.3149147568245194,-4.105360109650064,2.9999999329447746
21:41:50.689033,56,-0.25788839439818,0.8223248542382575,1.6038589321982164,0.41748001115047373,39.35999912023544
21:41:50.689033,56,-0.23230911851320396,0.7697731833242154,1.6296631848776746,0.41748001115047373,16.8799996227026
21:41:50.689033,56,-0.24890731308644334,0.8247725098932712,1.603203084842106,0.41748001115047373,45.519998982548714
21:41:50.689033,56,-0.2239037030503674,0.7719765403694678,1.6290727971367618,0.41748001115047373,19.879999555647373
21:41:50.689033,56,-0.23990134125193274,0.8271332940304323,1.6025705146390494,0.41748001115047373,53.23999880999327
21:41:50.689033,56,-0.2558989794534981,0.8822900476913967,1.576068232141337,0.41748001115047373,69.87999843806028
21:41:50.689033,56,-0.21420281559071938,0.7625396291474942,1.6046291554539764,0.41748001115047373,23.23999948054552
21:41:50.689033,56,-0.22950733757446748,0.8170221273610824,1.5763804054765282,0.41748001115047373,62.759998597204685
21:41:50.689033,56,-0.24481185955821558,0.8715046255746706,1.54813165549908,0.41748001115047373,86.35999806970358
21:41:50.689033,56,-0.20535444616881382,0.7605576774032784,1.5962064788458639,0.41748001115047373,26.6399994045496
21:41:50.689033,56,-0.22002676327717585,0.8148985676554754,1.567355939209604,0.41748001115047373,74.63999833166599
21:41:50.689033,56,-0.23469908038553786,0.8692394579076724,1.538505399573344,0.41748001115047373,108.63999757170677
21:41:50.689033,56,-0.19695280101251136,0.7625006883524118,1.5956858506311586,0.41748001115047373,29.35999934375286
21:41:50.689033,56,-0.21102483113286305,0.8169804042951284,1.566798112763235,0.41748001115047373,88.7599980160594
21:41:50.689033,56,-0.22509686125321474,0.8714601202378455,1.5379103748953118,0.41748001115047373,139.11999689042568
21:41:50.689033,56,-0.24406067728116806,0.8811328309600848,1.4350867391919735,0.41748001115047373,43.63999902456999
21:41:50.689033,56,-0.18853146074111485,0.7643624498457817,1.595186993142511,0.41748001115047373,30.63999931514263
21:41:50.689033,56,-0.20200179668223375,0.8189751863075109,1.5662636125339413,0.41748001115047373,108.11999758332968
21:41:50.689033,56,-0.21547213262335266,0.8735879227692401,1.5373402319253717,0.41748001115047373,180.51999596506357
21:41:50.689033,56,-0.23407544810605888,0.8834420703121287,1.4344679803724631,0.41748001115047373,55.23999876528978
21:41:50.689033,56,-0.17833676708635313,0.7492901659248521,1.5636195676958913,0.41748001115047373,29.519999340176582
21:41:50.689033,56,-0.19107870497758367,0.8028260066418778,1.5324407342101698,0.41748001115047373,126.23999717831612
21:41:50.689033,56,-0.20382064286881418,0.8563618473589033,1.5012619007244483,0.41748001115047373,234.1199947670102
21:41:50.689033,56,-0.22406681158224773,0.8856547459054019,1.4338750957341335,0.41748001115047373,70.75999841839075
21:41:50.689033,56,-0.23582064661312455,0.8500617589128012,1.2810926682195931,0.27832000743364915,15.999999642372131
21:41:50.689033,56,-0.16996096706498057,0.7509723287885735,1.5631688335150193,0.41748001115047373,26.519999407231808
21:41:50.689033,56,-0.18210446457061177,0.8046283579282258,1.5319577956385155,0.41748001115047373,136.7599969431758
21:41:50.689033,56,-0.19424796207624298,0.8582843870678782,1.5007467577620117,0.41748001115047373,295.51999339461327
21:41:50.689033,56,-0.21121690820496278,0.8644349454120663,1.3973165714355444,0.41748001115047373,90.63999797403812
21:41:50.689033,56,-0.22573738860440137,0.8522909315721838,1.2804953632057219,0.27832000743364915,18.999999575316906
21:41:50.689033,56,-0.16156817108929494,0.7525735048794933,1.5627397996745174,0.41748001115047373,22.359999500215054
21:41:50.689033,56,-0.1731120138697501,0.8063439360386324,1.5314981078692795,0.41748001115047373,133.9999970048666
21:41:50.689033,56,-0.1846558566502052,0.8601143671977716,1.5002564160640417,0.41748001115047373,345.87999226897955
21:41:50.689033,56,-0.2012968529456861,0.8664272504480796,1.3967827349100683,0.41748001115047373,113.87999745458364
21:41:50.689033,56,-0.20550416251243178,0.8564565438496676,1.279379190759989,0.27832000743364915,21.87999951094389
21:41:50.689033,56,-0.15315921843186234,0.7540935340813439,1.5623325090774098,0.41748001115047373,18.35999958962202
21:41:50.689033,56,-0.16222526414879074,0.7885726455910788,1.4985137272469746,0.41748001115047373,119.11999733746052
21:41:50.689033,56,-0.1730431323168572,0.8411580117836309,1.465072497145099,0.41748001115047373,356.8799920231104
21:41:50.689033,56,-0.18849672893059574,0.8435469157725981,1.3612627642759223,0.41748001115047373,134.75999698787928
21:41:50.689033,56,-0.19535621773484316,0.8583925669100305,1.2788604349444368,0.3480400092958007,24.35999945551157
21:41:50.689033,56,-0.1430794836143544,0.737409553631562,1.5315738601166926,0.3480400092958007,14.879999667406082
21:41:50.689033,56,-0.1533023329095907,0.7900965395306822,1.4981054010965071,0.41748001115047373,98.63999779522419
21:41:50.689033,56,-0.1707641467550733,0.819118745493925,1.4312098394804367,0.41748001115047373,319.51999285817146
21:41:50.689033,56,-0.17796363866438022,0.8389064813197231,1.3521940636729792,0.41748001115047373,143.7599967867136
21:41:50.689033,56,-0.18518873749915063,0.8602304731864834,1.2783679694418972,0.3480400092958007,25.75999942421913
21:41:50.689033,56,-0.1989102776883803,0.9376472767483761,1.2759461446728693,0.3480400092958007,7.639999829232693
21:41:50.689033,56,-0.1347372634194952,0.7387513166376262,1.5312143358027837,0.3480400092958007,12.11999972909689
21:41:50.689033,56,-0.14246279047836943,0.7708336946324086,1.4659849215510419,0.3480400092958007,78.51999824494123
21:41:50.689033,56,-0.15895975467136797,0.797349195255076,1.3978337298043826,0.3480400092958007,257.35999424755573
21:41:50.689033,56,-0.16817504427242622,0.8405782166801397,1.351746123533197,0.41748001115047373,135.11999697983265
21:41:50.689033,56,-0.17500273854485948,0.8619700788899389,1.2779018434985077,0.3480400092958007,25.51999942958355
21:41:50.689033,56,-0.12471711885509577,0.720675745502608,1.5012618452001396,0.3480400092958007,9.999999776482582
21:41:50.689033,56,-0.13976608182583827,0.7432280256044739,1.4275230312147844,0.3480400092958007,61.75999861955643
21:41:50.689033,56,-0.14908627652851014,0.7927896203535335,1.3893478406236777,0.3480400092958007,196.6399956047535
21:41:50.689033,56,-0.15563970352655124,0.8156117293614802,1.3176207346045923,0.3480400092958007,114.11999744921923
21:41:50.689033,56,-0.16479923946333128,0.8636112100612834,1.2774621037264724,0.3480400092958007,23.879999466240406
21:41:50.689033,56,-0.1288386895212966,0.7210881255759694,1.397434781373709,0.27832000743364915,48.63999891281128
21:41:50.689033,56,-0.1374301993918522,0.769173337956233,1.3572531787610438,0.3480400092958007,148.3599966838956
21:41:50.689033,56,-0.14598775072537004,0.8170684902085114,1.317230396712065,0.3480400092958007,90.51999797672033
21:41:50.689033,56,-0.1545792605959257,0.865153702588775,1.2770487940994,0.3480400092958007,22.11999950557947
21:41:50.689033,56,-0.12030765992923624,0.7222914200438436,1.3971123595927852,0.27832000743364915,38.75999913364649
21:41:50.689033,56,-0.1258740632443822,0.7441900890382954,1.326223337210375,0.3480400092958007,112.7599974796176
21:41:50.689033,56,-0.13632119927142503,0.8184319490691838,1.3168650590114348,0.3480400092958007,69.99999843537807
21:41:50.689033,56,-0.14434382393196712,0.8665974022244534,1.2766619559479069,0.3480400092958007,19.759999558329582
21:41:50.689033,56,-0.1096254429152417,0.6987660952538115,1.368050206225401,0.27832000743364915,31.239999301731586
21:41:50.689033,56,-0.11693573207116055,0.7453627800453809,1.3259091156020553,0.3480400092958007,86.99999805539846
21:41:50.689033,56,-0.12664101581176285,0.8197019695987536,1.3165247580361656,0.3480400092958007,54.239998787641525
21:41:50.689033,56,-0.13409395300654678,0.8679421645995642,1.2763016279554842,0.3480400092958007,17.359999611973763
21:41:50.689033,56,-0.10123493302736009,0.6997844811319317,1.3677773305517755,0.27832000743364915,26.519999407231808
21:41:50.689033,56,-0.10798570742270067,0.7464490762100493,1.3256180434219913,0.3480400092958007,68.35999847203493
21:41:50.689033,56,-0.11470979891529283,0.7929292262483327,1.283625393790744,0.3480400092958007,42.51999904960394
21:41:50.689033,56,-0.09283429973099044,0.700721771341793,1.3675261843969695,0.27832000743364915,22.99999948590994
21:41:50.689033,56,-0.099024884293969,0.7474488689035942,1.3253501497771576,0.3480400092958007,54.75999877601862
21:41:50.689033,56,-0.10519100014325987,0.7939912743801709,1.283340818851495,0.3480400092958007,33.87999924272299
21:41:50.689033,56,-0.08765534543932163,0.7137483496441452,1.2882992247183,0.3480400092958007,44.519999004900455
21:41:50.689033,56,-0.17113477242775657,0.5613519006083925,-0.0022686125762643172,0.06972000186215155,2.9999999329447746
21:41:50.689033,56,-0.15443681394549663,0.5815636752473788,-0.06382132551317543,0.13916000371682458,9.519999787211418
21:41:50.689033,56,-0.13933059747871368,0.7493378130823416,-0.07760662583567557,0.13916000371682458,10.87999975681305
21:41:50.689033,56,-0.12876892524447375,0.9204786329102445,-0.07784797445470204,0.13916000371682458,6.7599998489022255
21:41:50.689033,56,-0.10071267191940407,1.1978885826993286,-0.007032802692892304,0.13916000371682458,3.2399999275803566
21:41:50.689033,56,0.096144390350963,0.2278910158822478,1.946793354130075,2.7832000743364915,3.999999910593033
21:41:50.738560,57,-0.19487397944869,0.8416036731405687,1.6083627635776774,0.4872000130126253,25.51999942958355
21:41:50.738560,57,-0.18572148942715144,0.8434418233812055,1.6078702327051317,0.4872000130126253,28.11999937146902
21:41:50.738560,57,-0.1981061854801481,0.8996860988992459,1.5817213578697067,0.4872000130126253,56.35999874025583
21:41:50.738560,57,-0.16448621110392078,0.7851123590127601,1.62555306513937,0.4872000130126253,4.519999898970127
21:41:50.738560,57,-0.1762385441762992,0.8412076504079107,1.5987993022137164,0.4872000130126253,30.63999931514263
21:41:50.738560,57,-0.18832355818066623,0.9015524267575291,1.581221276827268,0.4872000130126253,66.35999851673841
21:41:50.738560,57,-0.16706605949443515,0.8428656981027848,1.5983550296728626,0.4872000130126253,32.359999276697636
21:41:50.738560,57,-0.17820673241275148,0.8990715551454849,1.5715716407712375,0.4872000130126253,76.87999828159809
21:41:50.738560,57,-0.15787686834658976,0.8444350649761435,1.5979345190865177,0.4872000130126253,32.99999926239252
21:41:50.738560,57,-0.1684047670528858,0.9007455740533613,1.5711230887567575,0.4872000130126253,86.119998075068
21:41:50.738560,57,-0.17889105351133086,0.9568335119484558,1.544417632459921,0.4872000130126253,39.519999116659164
21:41:50.738560,57,-0.14779350147523562,0.8334332140856451,1.5719830680417646,0.4872000130126253,32.119999282062054
21:41:50.738560,57,-0.15858596135740452,0.9023248311262024,1.5706999280994485,0.4872000130126253,91.87999794632196
21:41:50.738560,57,-0.16846084701642747,0.9585111067485902,1.5439681222879984,0.4872000130126253,43.75999902188778
21:41:50.738560,57,-0.13832572691318618,0.8304854765245073,1.563179439565649,0.4872000130126253,29.999999329447746
21:41:50.738560,57,-0.14754987264566802,0.8858657679216347,1.534050393231993,0.4872000130126253,92.35999793559313
21:41:50.738560,57,-0.15673755930410843,0.9410271648863618,1.505036481468826,0.4872000130126253,46.51999896019697
21:41:50.738560,57,-0.12916651492473616,0.8317773755850904,1.5628332762556634,0.4872000130126253,26.87999939918518
21:41:50.738560,57,-0.137779885582606,0.8872438162869957,1.5336811462853637,0.4872000130126253,87.23999805003405
21:41:50.738560,57,-0.14635921129716414,0.9424910220454147,1.5046442421252233,0.4872000130126253,46.879998952150345
21:41:50.738560,57,-0.1545792605959257,0.865153702588775,1.2770487940994,0.27832000743364915,22.99999948590994
21:41:50.738560,57,-0.11999438639300947,0.8329807403336705,1.5625108356430812,0.4872000130126253,23.519999474287033
21:41:50.738560,57,-0.12799612064641785,0.8885274264971968,1.533337203966144,0.4872000130126253,78.23999825119972
21:41:50.738560,57,-0.13596622749170997,0.9438545605414997,1.5042788830863485,0.4872000130126253,44.87999899685383
21:41:50.738560,57,-0.15113180154383216,0.7981289624747617,1.1150417877668617,0.3480400092958007,5.639999873936176
21:41:50.738560,57,-0.10973071343975904,0.8159100206229914,1.5289348832301728,0.3480400092958007,20.359999544918537
21:41:50.738560,57,-0.1181995562054003,0.8897164701922929,1.5330186006682776,0.4872000130126253,67.63999848812819
21:41:50.738560,57,-0.12555964717741927,0.9451176440219095,1.5039404408877997,0.4872000130126253,40.879999086260796
21:41:50.738560,57,-0.14928050714177574,0.753413282049436,0.9954880993676241,0.3480400092958007,4.519999898970127
21:41:50.738560,57,-0.24152168159873344,0.5662568495990393,-0.05971987394201861,0.13916000371682458,3.759999915957451
21:41:50.738560,57,-0.2521510749852353,0.732309916473195,-0.07304401469045407,0.13916000371682458,4.759999893605709
21:41:50.738560,57,-0.10733519425483402,0.8714020555726244,1.4972318890795857,0.4872000130126253,57.11999872326851
21:41:50.738560,57,-0.11401877936781109,0.925662821079,1.4659253499266467,0.4872000130126253,35.999999195337296
21:41:50.738560,57,-0.099024884293969,0.7474488689035942,1.3253501497771576,0.3480400092958007,47.8799989297986
21:41:50.738560,57,-0.10368974760225519,0.9267142812616993,1.4656436120198189,0.4872000130126253,31.119999304413795
21:41:50.738560,57,-0.642798220522496,4.650334862828835,-3.1315909527502033,0.27832000743364915,3.1199999302625656
21:41:50.738560,57,-0.19508773722724618,0.7642164523345403,-0.13523500895409635,0.13916000371682458,3.759999915957451
21:41:50.738560,57,-0.35430762905837176,4.716850297527542,-3.1847494747826097,0.27832000743364915,3.63999991863966
21:41:50.738560,57,-0.11179696812416683,3.3418881962682474,0.0780721405149285,0.06972000186215155,4.239999905228615
21:41:50.738560,57,-0.11363041811025706,3.3966945561344475,0.046552872449217464,-0.06972000186215155,3.1199999302625656
21:41:50.738560,57,-0.07247654940766407,3.2097312702591427,-0.02064740604200388,0.06972000186215155,3.2399999275803566
21:41:50.738560,57,0.053618731332534766,0.016808043728198427,1.7533189764151906,-0.06972000186215155,3.999999910593033
21:41:50.738560,57,1.4755445742489202,6.741897367082428,0.4134203093124804,-1.3916000371682458,2.9999999329447746
21:41:50.785932,58,-3.321005366388322,6.156743353604083,2.566808941200737,4.453120118938386,3.3599999248981476
21:41:50.785932,58,-0.08835597384184249,-0.023369760662734614,1.7640845866553967,-1.948240052035544,3.2399999275803566
21:41:50.785932,58,-2.214139742059571,6.654925789429271,1.021636594310642,-2.2962800613313448,3.519999921321869
21:41:50.785932,58,-1.4886716388789678,6.801876119342005,0.39930542962409366,-0.5566400148672983,3.519999921321869
21:41:50.785932,58,-0.2360775166142931,0.9661804867887831,1.3263796524186535,0.4872000130126253,13.639999695122242
21:41:50.785932,58,-0.22498985308304764,0.968407289695981,1.3257829823779663,0.4872000130126253,15.639999650418758
21:41:50.785932,58,-0.21387969075499053,0.9705268844457471,1.3252150386764854,0.4872000130126253,17.759999603033066
21:41:50.785932,58,-0.1684047670528858,0.9007455740533613,1.5711230887567575,0.4872000130126253,52.999998815357685
21:41:50.785932,58,-0.2027481406370465,0.9725390590803831,1.3246758781081043,0.4872000130126253,19.63999956101179
21:41:50.785932,58,-0.14867188964417907,0.8459155940926147,1.5975378125053887,0.5566400148672983,6.359999857842922
21:41:50.785932,58,-0.15858596135740452,0.9023248311262024,1.5706999280994485,0.4872000130126253,62.639998599886894
21:41:50.785932,58,-0.18873279495822168,0.9466920887572623,1.2850484486558087,0.41748001115047373,20.999999530613422
21:41:50.785932,58,-0.1394520438773614,0.8473071374005268,1.5971649495998006,0.5566400148672983,6.7599998489022255
21:41:50.785932,58,-0.1487512971986509,0.9038091684396238,1.5703022011150218,0.4872000130126253,73.99999834597111
21:41:50.785932,58,-0.16032542361716917,0.9264377276271879,1.3588658343267537,0.41748001115047373,30.879999309778214
21:41:50.785932,58,-0.17772876772971732,0.9484619769055072,1.2845742085557932,0.41748001115047373,21.359999522566795
21:41:50.785932,58,-0.13021825302298903,0.848609555746715,1.596815967655732,0.5566400148672983,7.759999826550484
21:41:50.785932,58,-0.137779885582606,0.8872438162869957,1.5336811462853637,0.4872000130126253,86.75999806076288
21:41:50.785932,58,-0.14635921129716414,0.9424910220454147,1.5046442421252233,0.4872000130126253,54.9999987706542
21:41:50.785932,58,-0.16670696777334126,0.950125487593033,1.2841284722104702,0.41748001115047373,20.87999953329563
21:41:50.785932,58,-0.11999438639300947,0.8329807403336705,1.5625108356430812,0.5566400148672983,8.879999801516533
21:41:50.785932,58,-0.12799612064641785,0.8885274264971968,1.533337203966144,0.4872000130126253,99.75999777019024
21:41:50.785932,58,-0.13596622749170997,0.9438545605414997,1.5042788830863485,0.4872000130126253,60.51999864727259
21:41:50.785932,58,-0.14402963046814427,0.9459303651323554,1.2737266978295465,0.41748001115047373,19.35999956727028
21:41:50.785932,58,-0.2769769940670486,0.7271987615413542,-0.07167448485407668,0.13916000371682458,4.999999888241291
21:41:50.785932,58,-0.11081025852317487,0.8340954504347811,1.5622121499716939,0.5566400148672983,9.879999779164791
21:41:50.785932,58,-0.1181995562054003,0.8897164701922929,1.5330186006682776,0.4872000130126253,111.35999751091003
21:41:50.785932,58,-0.12555964717741927,0.9451176440219095,1.5039404408877997,0.4872000130126253,64.63999855518341
21:41:50.785932,58,-0.1330058935832201,0.9472683550897874,1.2733681845009714,0.41748001115047373,17.519999608397484
21:41:50.785932,58,-0.24494431696769525,0.7113796850150254,-0.01379411232752048,0.13916000371682458,4.359999902546406
21:41:50.785932,58,-0.10839117190778988,0.8908108284689101,1.5327253682518278,0.4872000130126253,118.99999734014273
21:41:50.785932,58,-0.11514051100360481,0.9462801461793539,1.503628949373513,0.4872000130126253,66.51999851316214
21:41:50.785932,58,-0.13496212210131453,0.9329230114826859,1.1571475324013918,0.41748001115047373,7.639999829232693
21:41:50.785932,58,-0.09761163259975036,0.8723918809644329,1.496966666165203,0.4872000130126253,120.51999730616808
21:41:50.785932,58,-0.10368974760225519,0.9267142812616993,1.4656436120198189,0.4872000130126253,65.63999853283167
21:41:50.785932,58,-0.2079859264414142,0.7622697398472493,-0.1347133889152312,0.20888000557897612,3.2399999275803566
21:41:50.785932,58,-0.08787830986318582,0.8732877360395893,1.4967266225212794,0.4872000130126253,115.35999742150307
21:41:50.785932,58,-0.08934341597410406,0.8505332756486423,1.3490786735219824,0.41748001115047373,62.23999860882759
21:41:50.785932,58,-0.07349323859586218,0.7763070248210407,1.355341713126562,0.41748001115047373,105.1199976503849
21:41:50.785932,58,-0.07806954107329168,0.8246463799618617,1.3151999072723228,0.41748001115047373,56.99999872595072
21:41:50.785932,58,-0.06432266848668233,0.7769726300725054,1.355163364736954,0.41748001115047373,92.35999793559313
21:41:50.785932,58,-0.06832793472306581,0.8253534313520388,1.3150104534233176,0.41748001115047373,50.99999886006117
21:41:50.785932,58,-0.08316876080633011,0.7886425505711512,0.9350839870567291,0.41748001115047373,3.879999913275242
21:41:50.785932,58,-0.05409018683811303,0.7511470843545864,1.3243592159336277,0.41748001115047373,79.23999822884798
21:41:50.785932,58,-0.045083421915265307,0.7516260600852573,1.3242308747734004,0.41748001115047373,67.11999849975109
21:41:50.785932,58,-0.03511127856315545,0.7173069207818914,1.2873457084557323,0.41748001115047373,56.639998733997345
21:41:50.785932,58,0.3602193546584511,6.934448939230895,0.06730112967074842,-3.896480104071088,2.9999999329447746
21:41:50.785932,58,1.910312510083146,6.672456980877012,3.0415669415446365,-3.548720094782766,3.1199999302625656
21:41:50.785932,58,0.07584826417105094,0.20213678196107798,2.1318968092153368,2.922360078053316,4.519999898970127
21:41:50.785932,58,2.843621856831044,5.223188460770599,-1.8444458706549813,-2.365720063186018,3.3599999248981476
21:41:50.843296,59,-3.9957957675296822,4.82662525720645,-1.1611932165310335,0.3480400092958007,2.9999999329447746
21:41:50.843296,59,-0.14271051542359545,1.0340697000074215,1.2863516508761688,0.41748001115047373,8.999999798834324
21:41:50.843296,59,-0.13597483682700087,0.7939264163148723,0.9444849981190608,0.4872000130126253,3.759999915957451
21:41:50.843296,59,-0.13648753066941605,0.8871195416714335,0.9373282460890062,0.4872000130126253,3.759999915957451
21:41:50.843296,59,-0.10026477281963984,0.9578640561037131,1.2820549290274603,0.41748001115047373,17.359999611973763
21:41:50.843296,59,-0.05169860531596111,0.8751244686263857,1.2743771353917024,0.41748001115047373,24.51999945193529
21:41:50.843296,59,-0.10239810767681118,0.6049875843654946,-0.1262347272897495,0.20888000557897612,5.239999882876873
21:41:50.843296,59,-0.07160511566724961,0.9243500782508677,-0.07888532510726343,0.20888000557897612,7.639999829232693
21:41:50.843296,59,-0.028742079643902338,0.7991688127431994,1.2819535016283403,0.4872000130126253,30.759999312460423
21:41:50.843296,59,-0.01803968216000627,0.7525407122116777,1.3239857944747708,0.4872000130126253,16.759999625384808
21:41:50.843296,59,-0.03358880227847294,1.2004834338794335,-0.007728090971080626,0.6958000185841229,5.519999876618385
21:41:50.843296,59,-0.036121858467305784,1.3343054132448262,0.002418694060838389,0.6958000185841229,3.2399999275803566
21:41:50.843296,59,4.11843315951497,4.222546118565701,-1.9187063683011236,-3.33984008920379,3.2399999275803566
21:41:50.843296,59,4.7000440075846175,3.8925365596837036,-1.4660616266660433,-3.4095600910659414,3.1199999302625656
21:41:50.907164,60,-0.1914507802222421,0.9884837356971787,1.6240556221435436,0.5566400148672983,47.51999893784523
21:41:50.907164,60,-0.20201651665679926,1.0341568062898512,1.570170789702689,0.5566400148672983,44.23999901115894
21:41:50.907164,60,-0.17031510778946995,0.9322335245707022,1.6456391959237768,0.5566400148672983,37.51999916136265
21:41:50.907164,60,-0.18092034800764303,0.9902821650925253,1.623573734439416,0.5566400148672983,59.8799986615777
21:41:50.907164,60,-0.19090493365664443,1.0360544869442698,1.5696623077038454,0.5566400148672983,55.99999874830246
21:41:50.907164,60,-0.1983319335382224,1.0481797227485583,1.4477451561683303,0.5566400148672983,29.759999334812164
21:41:50.907164,60,-0.1603849200658375,0.9338306963330892,1.6452112350398715,0.5566400148672983,46.759998954832554
21:41:50.907164,60,-0.16978241325326301,0.9801613704172258,1.5931274249606424,0.5566400148672983,77.23999827355146
21:41:50.907164,60,-0.17953024356669411,1.0334656492787888,1.5586817855240542,0.5566400148672983,72.75999837368727
21:41:50.907164,60,-0.18676823048693433,1.0500396291769323,1.44724679574285,0.5566400148672983,37.35999916493893
21:41:50.907164,60,-0.14991824308278298,0.9242019753645133,1.6165767497090142,0.5566400148672983,59.35999867320061
21:41:50.907164,60,-0.15925340425324538,0.9817505045940307,1.592701617741303,0.5566400148672983,102.51999770849943
21:41:50.907164,60,-0.16839672558877866,1.035146021470203,1.558231531152381,0.5566400148672983,97.11999782919884
21:41:50.907164,60,-0.17518585076907212,1.0517877476806163,1.446778388801514,0.5566400148672983,47.8799989297986
21:41:50.907164,60,-0.13999143481671852,0.9256021432271733,1.6162015758609467,0.5566400148672983,76.2399982959032
21:41:50.907164,60,-0.14870847004622512,0.983237858594914,1.592303082437907,0.5566400148672983,139.87999687343836
21:41:50.907164,60,-0.15651092858164878,1.022947997426964,1.5265806860538373,0.5566400148672983,133.23999702185392
21:41:50.907164,60,-0.1619922516937582,1.0304211419119227,1.4041875460600783,0.5566400148672983,62.35999860614538
21:41:50.907164,60,-0.13005062752445734,0.9269063570774868,1.6158521128129975,0.5566400148672983,97.87999781221151
21:41:50.907164,60,-0.13796114890007247,0.980481521704003,1.5820162931182513,0.5566400148672983,194.87999564409256
21:41:50.907164,60,-0.14514022059551301,1.019608069686153,1.5158741655117498,0.5566400148672983,186.7599958255887
21:41:50.907164,60,-0.1504891639581733,1.0319303238027944,1.4037831619911876,0.5566400148672983,82.23999816179276
21:41:50.907164,60,-0.11993380175654259,0.9242138676351707,1.606194502568258,0.5566400148672983,122.63999725878239
21:41:50.907164,60,-0.12740188133219088,0.9817631373767233,1.581672885233739,0.5566400148672983,269.9999939650297
21:41:50.907164,60,-0.13403148138633575,1.0209563766764926,1.5155128877425388,0.5566400148672983,259.87999419122934
21:41:50.907164,60,-0.1389710274322726,1.0333283207942736,1.4034085698262995,0.5566400148672983,107.51999759674072
21:41:50.907164,60,-0.1400091175325551,0.9971453361174077,1.2351084864112205,0.4872000130126253,9.239999793469906
21:41:50.907164,60,-0.10998150704692973,0.9253242825369862,1.6058969677920532,0.5566400148672983,144.11999677866697
21:41:50.907164,60,-0.11628346167561783,0.9699193208367096,1.5518679437533796,0.5566400148672983,349.1199921965599
21:41:50.907164,60,-0.12290933914131151,1.02219731586181,1.515180379089977,0.5566400148672983,335.5199925005436
21:41:50.907164,60,-0.1259813572659586,1.0099158086863187,1.3618773969175813,0.5566400148672983,133.8799970075488
21:41:50.907164,60,-0.12839094167796705,0.9984416196356588,1.2347611482893432,0.41748001115047373,10.239999771118164
21:41:50.907164,60,-0.09955043021370898,0.91407380095109,1.5778661847239754,0.5566400148672983,151.87999660521746
21:41:50.907164,60,-0.10556246071505393,0.9664540753028396,1.5418398102783815,0.5566400148672983,382.51999145001173
21:41:50.907164,60,-0.11087212996131768,1.003093872965904,1.474115815184859,0.5566400148672983,364.35999185591936
21:41:50.907164,60,-0.11456862816744579,1.0110775855590586,1.3615660997427455,0.5566400148672983,150.3599966391921
21:41:50.907164,60,-0.11675992683677727,0.9996256172520354,1.2344438970841949,0.41748001115047373,11.359999746084213
21:41:50.907164,60,-0.08946545677999247,0.9107142313761014,1.5684519950775067,0.5566400148672983,140.87999685108662
21:41:50.907164,60,-0.0950363228804516,0.9674229010837313,1.541580214192785,0.5566400148672983,338.63999243080616
21:41:50.907164,60,-0.09981653961145817,1.0041114295590459,1.4738431617174736,0.5566400148672983,318.99999286979437
21:41:50.907164,60,-0.1031444423021019,1.0121290676853578,1.3612843559561478,0.5566400148672983,146.1199967339635
21:41:50.907164,60,-0.10511723610072535,1.0006972105677678,1.2341567645206297,0.41748001115047373,12.519999720156193
21:41:50.907164,60,-0.07954739660453838,0.9115305075604636,1.568233274533106,0.5566400148672983,117.75999736785889
21:41:50.907164,60,-0.08450068149318271,0.9682900054367268,1.5413478742816462,0.5566400148672983,257.63999424129725
21:41:50.907164,60,-0.08788633049885573,0.9831617361213514,1.4336846138759096,0.5566400148672983,241.2399946078658
21:41:50.907164,60,-0.09050211816202869,0.9867137729210014,1.3208777749815683,0.5566400148672983,124.35999722033739
21:41:50.907164,60,-0.09346403372913067,1.001656292424422,1.233899779311664,0.41748001115047373,13.119999706745148
21:41:50.907164,60,-0.05968840482775226,0.9128754669281534,1.5678728937566808,0.5566400148672983,92.99999792128801
21:41:50.907164,60,-0.07335926245572773,0.9499221677024375,1.502653072647586,0.5566400148672983,185.35999585688114
21:41:50.907164,60,-0.07603997196912379,0.9605153298762069,1.3944652390173478,0.5566400148672983,173.51999612152576
21:41:50.907164,60,-0.0792091606670124,0.9875334222692709,1.320658150600623,0.5566400148672983,97.63999781757593
21:41:50.907164,60,-0.08039141517312559,0.9710717971106333,1.1940737086334356,0.41748001115047373,13.239999704062939
21:41:50.907164,60,-0.05920631750186712,0.8948588403354079,1.531640706741248,0.5566400148672983,71.8799983933568
21:41:50.907164,60,-0.06289299702014499,0.9505802210531057,1.5024767477836978,0.5566400148672983,133.35999701917171
21:41:50.907164,60,-0.0643326745330007,0.9362094618788365,1.356247506025373,0.41748001115047373,125.11999720335007
21:41:50.907164,60,-0.06790828232229093,0.9882439508628755,1.3204677650377672,0.5566400148672983,74.5199983343482
21:41:50.907164,60,-0.06892186297510765,0.9717929308618289,1.193880481427168,0.41748001115047373,12.879999712109566
21:41:50.907164,60,-0.048866887181431014,0.8759298026143919,1.4960186829162119,0.5566400148672983,55.75999875366688
21:41:50.907164,60,-0.05064017402155805,0.8847129847253736,1.3918830871774572,0.41748001115047373,98.23999780416489
21:41:50.907164,60,-0.05362039361389445,0.9367791361874623,1.356094862254428,0.41748001115047373,92.51999793201685
21:41:50.907164,60,-0.05575468337155303,0.9608785224186589,1.2812472052127597,0.41748001115047373,56.87999872863293
21:41:50.907164,60,-0.05744541864853501,0.9724032430387213,1.1937169487722388,0.41748001115047373,12.11999972909689
21:41:50.907164,60,-0.03865215960086192,0.8554951729628484,1.4612308663853728,0.5566400148672983,43.75999902188778
21:41:50.907164,60,-0.03991264846322676,0.8601249997158078,1.3568206800712839,0.41748001115047373,74.35999833792448
21:41:50.907164,60,-0.042261543569343606,0.9107441262401388,1.3189690010896684,0.41748001115047373,70.23999843001366
21:41:50.907164,60,-0.04443003138307197,0.9541276112940971,1.2715302523403487,0.41748001115047373,44.11999901384115
21:41:50.907164,60,-0.02981690821349338,0.853987312882817,1.3481531670344582,0.41748001115047373,57.879998706281185
21:41:50.907164,60,-0.031571659964601505,0.9042452310403778,1.3097913971483728,0.41748001115047373,54.87999877333641
21:41:50.907164,60,-0.033326411715709624,0.9545031491979381,1.2714296272622871,0.41748001115047373,34.759999223053455
21:41:50.907164,60,-0.013054531833303922,0.7783129834037763,-0.13901216307017839,0.3480400092958007,3.519999921321869
21:41:50.907164,60,0.27951926543615374,6.583011268274189,-0.4169545638216414,-3.9662001059332397,3.2399999275803566
21:41:50.907164,60,0.1862785936614619,3.3390089115226647,0.0788436425372867,-0.06972000186215155,3.1199999302625656
21:41:50.907164,60,0.07604857076409491,0.16898554576453925,2.1722483854436034,-4.105360109650064,3.63999991863966
21:41:50.907164,60,1.9118384991937387,1.0078207873336702,1.524037523701839,0.13916000371682458,2.9999999329447746
21:41:50.907164,60,2.030582499003175,0.9207646630346605,1.5414787848451024,0.13916000371682458,3.879999913275242
21:41:50.960884,61,-5.92844426007613,3.638445881530391,3.630688603398416,-4.174800111504737,3.1199999302625656
21:41:50.960884,61,-5.833018110353896,3.8088691635366096,3.5850238226133877,-2.7137600724818185,3.1199999302625656
21:41:50.960884,61,-0.22495242766446732,1.0895188585745175,1.5468479706807665,0.4872000130126253,43.87999901920557
21:41:50.960884,61,-0.21324458755182787,1.0916352052334655,1.546280897302597,0.4872000130126253,50.87999886274338
21:41:50.960884,61,-0.22272538980570716,1.1236728257785675,1.4645439483619764,0.4872000130126253,25.239999435842037
21:41:50.960884,61,-0.2015154231590897,1.0936383589119545,1.5457441538921304,0.4872000130126253,58.23999869823456
21:41:50.960884,61,-0.210474749630219,1.125765039180109,1.4639833414706398,0.4872000130126253,29.35999934375286
21:41:50.960884,61,-0.1897661073928655,1.0955281192962942,1.5452377941232582,0.4872000130126253,64.99999854713678
21:41:50.960884,61,-0.19820306215610378,1.1277388178493528,1.4634544690701783,0.4872000130126253,33.639999248087406
21:41:50.960884,61,-0.17775620967796163,1.0926794009587708,1.5336780551817206,0.4872000130126253,70.35999842733145
21:41:50.960884,61,-0.18591155454182762,1.1295939644100856,1.4629573840473884,0.4872000130126253,37.63999915868044
21:41:50.960884,61,-0.16598611569012647,1.0943395627046757,1.5332332161826003,0.4872000130126253,73.11999836564064
21:41:50.960884,61,-0.17257577807198407,1.1146680940868268,1.4284293195581435,0.41748001115047373,40.3599990978837
21:41:50.960884,61,-0.16032115295601415,1.1162758761649578,1.427998515648703,0.41748001115047373,41.11999908089638
21:41:50.960884,61,-0.14772754022409554,1.1119807032944444,1.4163597929775509,0.41748001115047373,39.639999113976955
21:41:50.960884,61,-0.15184871686647775,1.114861083158813,1.2950553479794416,0.41748001115047373,5.999999865889549
21:41:50.960884,61,-0.13546887756599982,1.1133484483310472,1.4159933067995416,0.41748001115047373,36.23999918997288
21:41:50.960884,61,-0.10177080866255586,1.0599009342275036,1.5983822275466184,0.4872000130126253,75.99999830126762
21:41:50.960884,61,-0.12319666813364342,1.1145977173685286,1.415658566169819,0.41748001115047373,31.75999929010868
21:41:50.960884,61,-0.11091213913768792,1.1157283854810316,1.4153556045621665,0.41748001115047373,27.119999393820763
21:41:50.960884,61,-0.06418548614404797,1.0070655996859594,1.6301530404004325,0.4872000130126253,90.35999798029661
21:41:50.960884,61,-0.050313804287674804,0.9450355602673802,1.6422089007973777,0.4872000130126253,46.759998954832554
21:41:50.960884,61,-0.05344676170810822,1.0038813623892928,1.6199298405060358,0.4872000130126253,89.51999799907207
21:41:50.960884,61,-0.39951373135656176,4.448433714067167,-3.413655328108849,0.3480400092958007,3.2399999275803566
21:41:50.960884,61,-0.04025708236466515,0.9454729876954745,1.6420916924712725,0.4872000130126253,46.999998949468136
21:41:50.960884,61,-0.04276382433548196,1.0043460277002334,1.6198053338112184,0.4872000130126253,84.75999810546637
21:41:50.960884,61,-0.03009186889308213,0.9346470972553026,1.6137779877335325,0.4872000130126253,44.87999899685383
21:41:50.960884,61,-0.031965639824897474,0.9928460269583756,1.589728581484175,0.4872000130126253,77.23999827355146
21:41:50.960884,61,-0.09990742138111226,3.311017944448218,1.493659457072856,-0.06972000186215155,3.63999991863966
21:41:50.960884,61,-0.11494776155021567,2.297436535581097,-0.523029240210489,-0.13916000371682458,4.119999907910824
21:41:50.960884,61,-0.020062917841253903,0.934889328287577,1.613713082124053,0.4872000130126253,40.99999908357859
21:41:50.960884,61,-0.021312202569693732,0.9931033413166035,1.5896596343096872,0.4872000130126253,68.35999847203493
21:41:50.960884,61,-0.06019584929324598,0.6428246047805823,-0.24864709484356196,0.3480400092958007,3.3599999248981476
21:41:50.960884,61,-0.010018343623687555,0.9311246646104371,1.60434276009968,0.4872000130126253,36.23999918997288
21:41:50.960884,61,-0.01064216932004764,0.9891042582555643,1.5797058378227142,0.4872000130126253,59.35999867320061
21:41:50.960884,61,-0.02538230376738594,0.7565021695513394,-0.07952630936583205,0.3480400092958007,3.879999913275242
21:41:50.960884,61,-0.02610775822436161,0.7781238424949102,-0.13896148291639188,0.3480400092958007,5.519999876618385
21:41:50.960884,61,0.0,0.9311730498967807,1.6043297953012785,0.4872000130126253,31.239999301731586
21:41:50.960884,61,0.0,0.9715566033588251,1.5404725920064228,0.4872000130126253,50.87999886274338
21:41:50.960884,61,0.0,3.3983410579196995,0.04611169362552281,-0.06972000186215155,4.999999888241291
21:41:50.960884,61,0.1473404660643679,3.261112931380742,-0.0537661043421922,-0.06972000186215155,10.99999975413084
21:41:50.960884,61,0.25347770972308536,3.2018584392666005,-0.0185378873354054,-0.06972000186215155,8.359999813139439
21:41:50.960884,61,0.06134562772297015,0.011251060085096493,1.7548079656947126,-2.4354400650481693,3.759999915957451
21:41:50.960884,61,5.354703865253663,3.5538343608943537,-0.8201499237305225,0.4872000130126253,3.63999991863966
21:41:51.008658,62,-0.11797833264002927,1.0682009550375309,-0.010747321146152629,0.4872000130126253,31.75999929010868
21:41:51.008658,62,-0.12492146317222919,1.1310655378764458,-0.011379810620443537,0.4872000130126253,22.519999496638775
21:41:51.008658,62,-0.10098626122174043,1.0064941798790399,-0.020233651535829535,0.4872000130126253,14.879999667406082
21:41:51.008658,62,-0.0723847419480449,1.2049643503936587,-0.6911602905385549,0.3480400092958007,2.9999999329447746
21:41:51.008658,62,-0.02382068698473561,1.1908755670471747,-0.1557230177573039,0.5566400148672983,9.239999793469906
21:41:51.008658,62,-0.025660775756192706,1.2828677400911477,-0.3413387115307106,0.41748001115047373,10.99999975413084
21:41:51.008658,62,-0.029868011204194266,1.493201468209503,-1.6330421741243528,0.3480400092958007,6.359999857842922
21:41:51.008658,62,0.0,1.5361860529891456,-1.6797163347720552,0.3480400092958007,6.7599998489022255
21:41:51.008658,62,0.012340017901303447,1.2339606840461246,-0.27595136542458454,0.5566400148672983,18.11999959498644
21:41:51.008658,62,0.01472484967659864,1.4724359174140882,-1.8179594103947343,0.3480400092958007,3.519999921321869
21:41:51.008658,62,0.1128968412909033,3.762099091013232,-0.841657120285699,0.06972000186215155,2.9999999329447746
21:41:51.008658,62,0.0735560843641187,0.1841605993675585,-0.15710945921277028,3.1312400836322922,5.239999882876873
21:41:51.008658,62,4.551232794802946,4.509536480766247,3.016290402119638,2.0179600538976956,3.3599999248981476
21:41:51.008658,62,5.2934572060816585,4.115036868584581,-2.0740347439531837,4.244520113366889,4.119999907910824
21:41:51.067991,63,-0.08178693481956904,0.19458463259415892,1.8605126380938237,4.383680117083713,4.119999907910824
21:41:51.067991,63,-0.11797833264002927,1.0290212787409416,1.713148133781094,0.41748001115047373,28.239999368786812
21:41:51.067991,63,-0.10729060249379506,1.030109253194624,1.712856611904844,0.41748001115047373,32.99999926239252
21:41:51.067991,63,-0.09659214337719964,1.0310939394272045,1.7125927660240263,0.41748001115047373,37.75999915599823
21:41:51.067991,63,-0.08588402512719144,1.0319752389708838,1.7123566225230074,0.41748001115047373,41.51999907195568
21:41:51.067991,63,-0.07516731854662424,1.0327530636964473,1.7121482050159398,0.41748001115047373,43.239999033510685
21:41:51.067991,63,-0.06443342875275569,1.0304905699539386,1.701629105436533,0.41748001115047373,42.35999905318022
21:41:51.067991,63,-0.06822539373867037,1.0911358628588808,1.6840697110832978,0.3480400092958007,31.87999928742647
21:41:51.067991,63,-0.05050323091991898,0.9617467937991,1.6899505071376486,0.41748001115047373,9.999999776482582
21:41:51.067991,63,-0.053704370861237895,1.0310611364544546,1.7014762226034914,0.41748001115047373,39.23999912291765
21:41:51.067991,63,-0.042969942577627554,1.0315280414153465,1.7013511157962782,0.41748001115047373,34.879999220371246
21:41:51.067991,63,-0.09467548558889505,1.075506143015025,-0.07547196047002513,0.20888000557897612,4.359999902546406
21:41:51.067991,63,-0.0321973759689967,1.0224624069297163,1.670422046211165,0.41748001115047373,29.999999329447746
21:41:51.067991,63,-0.06961542931208056,0.8986652270924415,-0.021119483563920127,0.27832000743364915,4.519999898970127
21:41:51.067991,63,-0.023926169864277834,1.1274474039356925,1.586126119050635,0.4872000130126253,23.519999474287033
21:41:51.067991,63,-0.026883177613906274,1.2056312411121741,1.3067382968751744,0.4872000130126253,3.2399999275803566
21:41:51.067991,63,-0.04607866803387741,1.0484315260643213,-0.01989669196350219,0.20888000557897612,6.239999860525131
21:41:51.067991,63,-0.01283102942419264,1.1509960251808857,1.3382117070617363,0.41748001115047373,20.119999550282955
21:41:51.067991,63,-0.03375855474531649,3.392771801566365,1.6191272754015806,0.06972000186215155,3.3599999248981476
21:41:51.067991,63,0.0,1.120552622656808,1.4140629541068208,0.4872000130126253,36.35999918729067
21:41:51.067991,63,0.012219797934017392,1.0961660507183053,1.369737302639477,0.4872000130126253,35.11999921500683
21:41:51.067991,63,0.01283102942419264,1.1509960251808857,1.3382117070617363,0.41748001115047373,20.119999550282955
21:41:51.067991,63,0.024438373898479138,1.095989003872282,1.3697847421988913,0.4872000130126253,32.51999927312136
21:41:51.067991,63,0.025660775756192706,1.1508101224922282,1.3382615195370329,0.41748001115047373,18.999999575316906
21:41:51.067991,63,0.03665450604602553,1.095693945467349,1.3698638028602133,0.4872000130126253,28.999999351799488
21:41:51.067991,63,0.04886697277367649,1.0952809050091,1.3699744767174424,0.4872000130126253,25.119999438524246
21:41:51.067991,63,0.2110997350469181,5.2458481514092865,1.1979789568136776,-0.5566400148672983,3.2399999275803566
21:41:51.067991,63,0.2669771618280297,5.306001146812411,1.189049427348404,-0.5566400148672983,3.519999921321869
21:41:51.067991,63,0.024775878333324088,0.02941703565930376,1.7499404072098805,-2.922360078053316,4.359999902546406
21:41:51.067991,63,0.75795376666154,3.1020325431197833,-0.16273488077782172,-0.06972000186215155,4.519999898970127
21:41:51.067991,63,0.8501053931131519,3.028039152064204,-0.12107126971347304,0.06972000186215155,3.519999921321869
21:41:51.067991,63,5.983285914212636,3.312125239129827,0.16213083086027158,1.8090800483187195,2.9999999329447746
21:41:51.067991,63,6.1375703993670365,2.9327504746391564,0.2722725944552111,3.896480104071088,3.1199999302625656
21:41:51.125160,64,-2.8757253606185493,6.242054882614288,3.4222490057228434,-1.948240052035544,3.2399999275803566
21:41:51.125160,64,-2.8551315880491708,6.449476326845989,1.3674450710432402,-0.8349600223009475,3.2399999275803566
21:41:51.125160,64,-0.07959098255971936,1.0935315063843283,1.6952078690934074,0.4872000130126253,33.7599992454052
21:41:51.125160,64,-0.08400204427136629,1.151027633647524,1.666712222372604,0.4872000130126253,37.63999915868044
21:41:51.125160,64,-0.06822539373867037,1.0911358628588808,1.6840697110832978,0.4872000130126253,42.9999990388751
21:41:51.125160,64,-0.07201735872458502,1.151781155763823,1.6665103167300628,0.4872000130126253,47.8799989297986
21:41:51.125160,64,-0.0757297272403752,1.2013346622542327,1.6126752789045298,0.4872000130126253,31.119999304413795
21:41:51.125160,64,-0.05364798362360555,1.0216331768080875,1.670644237752595,0.4872000130126253,28.879999354481697
21:41:51.125160,64,-0.05680521550468771,1.081757204194095,1.6512613561874416,0.4872000130126253,55.63999875634909
21:41:51.125160,64,-0.059962447385769876,1.1418812315801026,1.6318784746222885,0.4872000130126253,62.23999860882759
21:41:51.125160,64,-0.06311967926685204,1.2020052589661099,1.6124955930571354,0.41748001115047373,39.639999113976955
21:41:51.125160,64,-0.04292482601962088,1.0220995915392168,1.6705192623020508,0.4872000130126253,34.35999923199415
21:41:51.125160,64,-0.04545099047250854,1.082251067849852,1.6511290258197104,0.4872000130126253,72.99999836832285
21:41:51.125160,64,-0.04797715492539621,1.1424025441604875,1.63173878933737,0.4872000130126253,82.11999816447496
21:41:51.125160,64,-0.05050331937828388,1.202554020471123,1.6123485528550299,0.41748001115047373,51.23999885469675
21:41:51.125160,64,-0.0321973759689967,1.0224624069297163,1.670422046211165,0.4872000130126253,39.99999910593033
21:41:51.125160,64,-0.03409222037936101,1.0826352352510047,1.6510260884748134,0.4872000130126253,95.51999786496162
21:41:51.125160,64,-0.03598706478972531,1.1428080635722926,1.6316301307384617,0.4872000130126253,108.87999756634235
21:41:51.125160,64,-0.037861058682761815,1.1990419537055392,1.6002183903898262,0.41748001115047373,66.35999851673841
21:41:51.125160,64,-0.02145489075443247,1.019373580210046,1.660139934885104,0.4872000130126253,44.87999899685383
21:41:51.125160,64,-0.022730041092738025,1.082909667981134,1.6509525544463985,0.4872000130126253,120.63999730348587
21:41:51.125160,64,-0.023993375977725443,1.1430977492639167,1.6315525096913324,0.4872000130126253,140.9999968484044
21:41:51.125160,64,-0.02524280935936716,1.199346724517891,1.60013672729678,0.41748001115047373,84.11999811977148
21:41:51.125160,64,-0.01072798177181087,1.0195290128405323,1.660098286837288,0.4872000130126253,47.51999893784523
21:41:51.125160,64,-0.011359333106602252,1.0795292082926502,1.6400947666162677,0.4872000130126253,139.63999687880278
21:41:51.125160,64,-0.011990684441393631,1.1395294037447683,1.6200912463952473,0.4872000130126253,169.51999621093273
21:41:51.125160,64,-0.012593612731918596,1.1869939028516017,1.5642853256951765,0.41748001115047373,100.11999776214361
21:41:51.125160,64,0.0,0.9497845938035543,1.6513635344462405,0.41748001115047373,3.999999910593033
21:41:51.125160,64,0.0,1.0089261103932492,1.6296545180589048,0.4872000130126253,47.11999894678593
21:41:51.125160,64,0.0,1.079584070114692,1.6400800664353563,0.4872000130126253,141.23999684304
21:41:51.125160,64,0.0,1.1395873147849507,1.6200757291787977,0.4872000130126253,178.51999600976706
21:41:51.125160,64,0.0,1.1870547258360213,1.56426902822562,0.41748001115047373,106.99999760836363
21:41:51.125160,64,0.0,1.2220064413149991,1.4807500723610307,0.41748001115047373,18.759999580681324
21:41:51.125160,64,0.010703823870011477,1.0088744144640243,1.6296683699413927,0.4872000130126253,43.75999902188778
21:41:51.125160,64,0.011333753490647185,1.0682475772598834,1.6078740218593206,0.4872000130126253,124.35999722033739
21:41:51.125160,64,0.011963683111282888,1.1276207400557423,1.5860796737772485,0.41748001115047373,161.23999639600515
21:41:51.125160,64,0.012593612731918596,1.1869939028516017,1.5642853256951765,0.41748001115047373,100.2399977594614
21:41:51.125160,64,0.021406577366603622,1.0087193318458985,1.6297099242036794,0.4872000130126253,38.6399991363287
21:41:51.125160,64,0.022666373615440726,1.0680833678907957,1.6079180216271571,0.4872000130126253,99.63999777287245
21:41:51.125160,64,0.023926169864277834,1.1274474039356925,1.586126119050635,0.41748001115047373,130.11999709159136
21:41:51.125160,64,0.025161978434843545,1.1823950824535638,1.5524855916018447,0.41748001115047373,84.23999811708927
21:41:51.125160,64,0.03210719022339356,1.0084608780470043,1.629779176690374,0.4872000130126253,32.99999926239252
21:41:51.125160,64,0.033996727121862635,1.0678097038543763,1.6079913496847134,0.4872000130126253,76.63999828696251
21:41:51.125160,64,0.03585208513865547,1.1229633524557074,1.574947489584586,0.41748001115047373,99.51999777555466
21:41:51.125160,64,0.03760925941715083,1.1681356604688213,1.5172940602807532,0.41748001115047373,66.51999851316214
21:41:51.125160,64,0.04276382433548196,1.0043460277002334,1.6198053338112184,0.4872000130126253,27.759999379515648
21:41:51.125160,64,0.04528051369507184,1.0634526908796147,1.5974305372199735,0.4872000130126253,58.51999869197607
21:41:51.125160,64,0.04779720305466174,1.1225593540589958,1.5750557406287287,0.41748001115047373,75.35999831557274
21:41:51.125160,64,0.05013982874761247,1.1677118613941708,1.5174076169005588,0.41748001115047373,51.51999884843826
21:41:51.125160,64,0.06889307910192916,1.0168953154934188,0.4758936289333735,0.41748001115047373,3.1199999302625656
21:41:51.125160,64,0.05659215149925765,1.0629606795989905,1.5975623712452838,0.4872000130126253,45.2399989888072
21:41:51.125160,64,0.05953087599432136,1.1087856213844225,1.5416854571450904,0.41748001115047373,57.6399987116456
21:41:51.125160,64,0.06266538413720654,1.1671670495239146,1.517553598801221,0.41748001115047373,39.99999910593033
21:41:51.125160,64,0.08550792805326896,1.0512178308460431,0.42351962568168977,0.41748001115047373,5.359999880194664
21:41:51.125160,64,0.08835931935384587,1.0862722807213627,0.3709495011657369,0.41748001115047373,3.759999915957451
21:41:51.125160,64,0.06766323283553226,1.0498050264037446,1.565977861760187,0.4872000130126253,35.63999920338392
21:41:51.125160,64,0.0714239529382101,1.1081531528712638,1.5418549265724293,0.41748001115047373,44.87999899685383
21:41:51.125160,64,0.07508262105629789,1.1616173649015888,1.506068730016531,0.41748001115047373,31.359999299049377
21:41:51.125160,64,0.08319680679472691,1.102767231805955,1.5309750290528357,0.41748001115047373,35.759999200701714
21:41:51.125160,64,0.08716781013553453,1.145488748657331,1.4715894574587727,0.41748001115047373,25.119999438524246
21:41:51.125160,64,0.08584823976914173,0.1875313214387593,2.1465301651145645,2.7137600724818185,5.359999880194664
21:41:51.167464,65,-3.6181198413495625,4.915629270518795,-1.464337661083956,0.3480400092958007,2.9999999329447746
21:41:51.167464,65,-0.08394261779766822,1.1987804066777663,-0.007271766207705532,0.27832000743364915,4.119999907910824
21:41:51.167464,65,-0.04901697358416674,1.1676329614742549,0.04665795154101415,0.27832000743364915,4.239999905228615
21:41:51.167464,65,0.013165243956571645,1.2270741703497652,1.4930129323341437,0.4872000130126253,15.239999659359455
21:41:51.167464,65,0.013168936985560688,1.0768256560741545,0.9308510139957118,0.27832000743364915,3.1199999302625656
21:41:51.167464,65,0.027147657824687182,1.2323899580795568,1.3555163464422557,0.3480400092958007,5.639999873936176
21:41:51.167464,65,0.02523883897587268,1.0317602910508998,0.9754625598754199,0.27832000743364915,4.119999907910824
21:41:51.167464,65,0.03210719022339356,1.0084608780470043,1.629779176690374,0.41748001115047373,10.239999771118164
21:41:51.167464,65,0.033996727121862635,1.0678097038543763,1.6079913496847134,0.41748001115047373,37.87999915331602
21:41:51.167464,65,0.03760925941715083,1.1681356604688213,1.5172940602807532,0.4872000130126253,32.119999282062054
21:41:51.167464,65,0.047631846012708166,1.1093031818898758,1.5415467772256197,0.41748001115047373,50.1199988797307
21:41:51.167464,65,0.03986002559536837,0.15820620297550364,2.1933674786000457,-2.5048800669028424,4.119999907910824
21:41:51.167464,65,1.1868297777257766,6.732865948822044,0.41387612859235023,0.20888000557897612,2.9999999329447746
21:41:51.234317,66,-0.09043151290430497,0.1386280045312488,2.1913463454421103,0.4872000130126253,3.519999921321869
21:41:51.234317,66,-0.03409222037936101,1.0826352352510047,1.6510260884748134,0.41748001115047373,24.35999945551157
21:41:51.234317,66,-0.036030293934859715,1.1566293484488912,1.6776460519809677,0.41748001115047373,25.999999418854713
21:41:51.234317,66,-0.03792741451041008,1.2175299155992698,1.6606729929073327,0.41748001115047373,24.759999446570873
21:41:51.234317,66,-0.022730041092738025,1.082909667981134,1.6509525544463985,0.41748001115047373,31.119999304413795
21:41:51.234317,66,-0.024018594450098053,1.1536366752800171,1.6660131317741584,0.41748001115047373,33.7599992454052
21:41:51.234317,66,-0.025287050264547417,1.2178352205572638,1.660591186690393,0.41748001115047373,31.5199992954731
21:41:51.234317,66,-0.011365588821049016,1.0830743385971973,1.6509084310878073,0.41748001115047373,40.879999086260796
21:41:51.234317,66,-0.011997287848229463,1.1432715722670326,1.6315059339580213,0.41748001115047373,44.99999899417162
21:41:51.234317,66,-0.012642260695522066,1.2145628354639806,1.6483784792603293,0.41748001115047373,40.99999908357859
21:41:51.234317,66,-0.013276615184925953,1.2789434175606473,1.6435624933653212,0.41748001115047373,27.359999388456345
21:41:51.234317,66,0.0,1.0831292306322708,1.6508937228113383,0.41748001115047373,54.51999878138304
21:41:51.234317,66,0.0,1.1433295151994862,1.6314904081960635,0.41748001115047373,61.75999861955643
21:41:51.234317,66,0.0,1.2035297997667016,1.6120870935807885,0.41748001115047373,54.119998790323734
21:41:51.234317,66,0.0,1.2790075392210263,1.643545312018205,0.41748001115047373,32.51999927312136
21:41:51.234317,66,0.011365588821049016,1.0830743385971973,1.6509084310878073,0.41748001115047373,72.63999837636948
21:41:51.234317,66,0.011997287848229463,1.1432715722670326,1.6315059339580213,0.41748001115047373,85.23999809473753
21:41:51.234317,66,0.012628986875409911,1.2034688059368681,1.6121034368282356,0.41748001115047373,70.99999841302633
21:41:51.234317,66,0.013274623676140311,1.2753149899464615,1.630790451433691,0.41748001115047373,37.99999915063381
21:41:51.234317,66,0.022730041092738025,1.082909667981134,1.6509525544463985,0.41748001115047373,92.51999793201685
21:41:51.234317,66,0.023993375977725443,1.1430977492639167,1.6315525096913324,0.41748001115047373,113.11999747157097
21:41:51.234317,66,0.025256710862712858,1.2032858305466994,1.6121524649362662,0.41748001115047373,89.11999800801277
21:41:51.234317,66,0.026520045747700276,1.263473911829482,1.5927524201812,0.41748001115047373,43.119999036192894
21:41:51.234317,66,0.03407345573822297,1.079090346632585,1.640212359243671,0.41748001115047373,105.1199976503849
21:41:51.234317,66,0.03598706478972531,1.1428080635722926,1.6316301307384617,0.41748001115047373,131.99999704957008
21:41:51.234317,66,0.037881909200089624,1.202980891893581,1.6122341730021104,0.41748001115047373,100.7599977478385
21:41:51.234317,66,0.039776753610453935,1.263153720214869,1.5928382152657588,0.41748001115047373,46.63999895751476
21:41:51.234317,66,0.042901199839008176,1.018751927402211,1.660306506252936,0.41748001115047373,18.639999583363533
21:41:51.234317,66,0.045425973870008185,1.0787063906803593,1.640315239930999,0.41748001115047373,100.99999774247408
21:41:51.234317,66,0.04797715492539621,1.1424025441604875,1.63173878933737,0.41748001115047373,125.75999718904495
21:41:51.234317,66,0.05050331937828388,1.202554020471123,1.6123485528550299,0.41748001115047373,97.87999781221151
21:41:51.234317,66,0.053029483831171544,1.2627054967817584,1.5929583163726895,0.41748001115047373,47.35999894142151
21:41:51.234317,66,0.05677394944246433,1.0782127988512586,1.6404474974629972,0.41748001115047373,83.3599981367588
21:41:51.234317,66,0.059962447385769876,1.1418812315801026,1.6318784746222885,0.41748001115047373,100.11999776214361
21:41:51.234317,66,0.06311967926685204,1.2020052589661099,1.6124955930571354,0.41748001115047373,82.35999815911055
21:41:51.234317,66,0.06627691114793419,1.2621292863521174,1.5931127114919823,0.41748001115047373,45.11999899148941
21:41:51.234317,66,0.06307501518642694,1.03048062561484,0.975805445195594,0.27832000743364915,6.6399998515844345
21:41:51.234317,66,0.07709630318746483,1.0310378748131521,0.8892239066803491,0.27832000743364915,5.759999871253967
21:41:51.234317,66,0.06811624766754149,1.0776096205040517,1.6406091186140233,0.41748001115047373,63.23999858647585
21:41:51.234317,66,0.07190214631865922,1.137503125334352,1.620634186058959,0.41748001115047373,72.99999836832285
21:41:51.234317,66,0.0757297272403752,1.2013346622542327,1.6126752789045298,0.41748001115047373,63.879998572170734
21:41:51.234317,66,0.07951771082910888,1.2614251465465065,1.5933013851842541,0.41748001115047373,40.639999091625214
21:41:51.234317,66,0.08139954301467474,1.2302927075923422,1.3560783030166306,0.3480400092958007,4.239999905228615
21:41:51.234317,66,0.12276383556620958,1.0443534431494172,-0.018803972939786195,1.2524400334514212,4.239999905228615
21:41:51.234317,66,0.07927282022565678,1.0656212124743663,1.6085777541826296,0.41748001115047373,46.879998952150345
21:41:51.234317,66,0.08386765892601918,1.1367508086926426,1.6208357686955575,0.41748001115047373,52.51999882608652
21:41:51.234317,66,0.08833220230462079,1.2005422973946005,1.612887592428779,0.41748001115047373,48.119998924434185
21:41:51.234317,66,0.09275055880582067,1.260593147778316,1.5935243185822945,0.41748001115047373,35.11999921500683
21:41:51.234317,66,0.15762417747600083,1.0706314379356192,-0.07416578718065825,1.1830000315967482,3.2399999275803566
21:41:51.234317,66,0.09057485375031242,1.0648009043826472,1.6087975550733504,0.41748001115047373,34.99999921768904
21:41:51.234317,66,0.09582478483775093,1.1358829536188009,1.6210683097617407,0.41748001115047373,38.519999139010906
21:41:51.234317,66,0.1009258442226407,1.1996282436230352,1.6131325123987086,0.41748001115047373,36.35999918729067
21:41:51.234317,66,0.1059741318043584,1.259633373246726,1.59378148939295,0.41748001115047373,29.639999337494373
21:41:51.234317,66,0.1018678298654767,1.063871469867197,1.6090465963011829,0.41748001115047373,26.75999940186739
21:41:51.234317,66,0.10777232835128098,1.1348996468976074,1.6213317860035965,0.41748001115047373,28.999999351799488
21:41:51.234317,66,0.11350939364079408,1.198592592344149,1.6134100143225263,0.41748001115047373,27.99999937415123
21:41:51.234317,66,0.1191215059050267,1.2544124921276156,1.5814553830312386,0.41748001115047373,24.759999446570873
21:41:51.234317,66,0.1131506192829994,1.0628330018706886,1.6093248529622128,0.41748001115047373,20.87999953329563
21:41:51.234317,66,0.11943952672557384,1.121905222756735,1.5876111420218437,0.41748001115047373,22.359999500215054
21:41:51.234317,66,0.12608159221468168,1.1974354471222008,1.613720070450273,0.41748001115047373,21.99999950826168
21:41:51.234317,66,0.057595670977491624,0.19098503829181254,2.1556163870350944,-3.7573201003542636,3.879999913275242
21:41:51.290364,67,-0.039776753610453935,1.263153720214869,1.5928382152657588,0.3480400092958007,19.63999956101179
21:41:51.290364,67,-0.025283257175566273,1.2143796677557392,1.648427558899832,0.3480400092958007,19.35999956727028
21:41:51.290364,67,-0.026520045747700276,1.263473911829482,1.5927524201812,0.3480400092958007,24.999999441206455
21:41:51.290364,67,-0.012011699484761664,1.157093413929375,1.677521706010237,0.3480400092958007,23.519999474287033
21:41:51.290364,67,-0.012642260695522066,1.2145628354639806,1.6483784792603293,0.3480400092958007,25.359999433159828
21:41:51.290364,67,-0.013253387110976397,1.2595297946490038,1.5800842059532068,0.3480400092958007,32.359999276697636
21:41:51.290364,67,0.0,1.1571514264652665,1.6775061615980937,0.3480400092958007,30.51999931782484
21:41:51.290364,67,0.0,1.2035297997667016,1.6120870935807885,0.3480400092958007,34.35999923199415
21:41:51.290364,67,0.0,1.2595938041254677,1.5800670546656805,0.3480400092958007,42.63999904692173
21:41:51.290364,67,0.012011699484761664,1.157093413929375,1.677521706010237,0.3480400092958007,40.3599990978837
21:41:51.290364,67,0.012628986875409911,1.2034688059368681,1.6121034368282356,0.3480400092958007,48.51999891549349
21:41:51.290364,67,0.013253387110976397,1.2595297946490038,1.5800842059532068,0.3480400092958007,56.639998733997345
21:41:51.290364,67,0.013892749722755888,1.2306617308889851,1.2253246105433686,0.3480400092958007,4.239999905228615
21:41:51.290364,67,0.013793325767531422,1.168559271641929,1.031968264167535,0.27832000743364915,3.3599999248981476
21:41:51.290364,67,0.016640472465532376,1.1363573537713796,-0.188227296070393,0.6263600167294499,5.639999873936176
21:41:51.290364,67,0.024018594450098053,1.1536366752800171,1.6660131317741584,0.3480400092958007,54.359998784959316
21:41:51.290364,67,0.025256710862712858,1.2032858305466994,1.6121524649362662,0.3480400092958007,70.63999842107296
21:41:51.290364,67,0.026445762361952046,1.2461754760254866,1.5425423138975907,0.3480400092958007,73.51999835669994
21:41:51.290364,67,0.027545973235656936,1.2799530550072078,1.4560858706192195,0.3480400092958007,26.359999410808086
21:41:51.290364,67,0.03602488934597007,1.1533466851114154,1.6660908344056482,0.3480400092958007,73.35999836027622
21:41:51.290364,67,0.037881909200089624,1.202980891893581,1.6122341730021104,0.3480400092958007,103.75999768078327
21:41:51.290364,67,0.03966533781726987,1.2458561812764921,1.542627868667731,0.3480400092958007,88.2399980276823
21:41:51.290364,67,0.041315516601244884,1.2796204767858008,1.4561749846850658,0.41748001115047373,25.999999418854713
21:41:51.290364,67,0.06483827005667801,1.106033729112577,-0.13178145857228252,0.6263600167294499,15.519999653100967
21:41:51.290364,67,0.04802758178308918,1.1529407394744682,1.6661996072112393,0.3480400092958007,95.11999787390232
21:41:51.290364,67,0.05050331937828388,1.202554020471123,1.6123485528550299,0.3480400092958007,141.1199968457222
21:41:51.290364,67,0.05288094677203762,1.245409213329684,1.542747633368121,0.3480400092958007,92.63999792933464
21:41:51.290364,67,0.054823315565948265,1.2622667212290373,1.4181423607514556,0.3480400092958007,24.35999945551157
21:41:51.290364,67,0.07891070656885306,1.076344506913125,-0.07569659939948448,0.6263600167294499,17.23999961465597
21:41:51.290364,67,0.28342883325631585,6.541017117426011,4.527963786839528,-1.3916000371682458,3.3599999248981476
21:41:51.290364,67,0.059962447385769876,1.1418812315801026,1.6318784746222885,0.3480400092958007,110.5199975296855
21:41:51.290364,67,0.06311967926685204,1.2020052589661099,1.6124955930571354,0.3480400092958007,153.99999655783176
21:41:51.290364,67,0.06609126767643188,1.2448346168814826,1.5429015960223904,0.3480400092958007,83.11999814212322
21:41:51.290364,67,0.06851886445222519,1.2616710192924092,1.4183019786043047,0.3480400092958007,22.11999950557947
21:41:51.290364,67,0.06815376006290787,1.0811536936696853,1.651423066345081,0.3480400092958007,30.23999932408333
21:41:51.290364,67,0.07194174365164153,1.1412441779619589,1.6320491726248054,0.3480400092958007,108.23999758064747
21:41:51.290364,67,0.0757297272403752,1.2013346622542327,1.6126752789045298,0.3480400092958007,127.23999715596437
21:41:51.290364,67,0.0792949795094298,1.2441324493910517,1.5430897412344027,0.3480400092958007,66.51999851316214
21:41:51.290364,67,0.12696338147663447,1.1309704384819892,0.1020654299294248,0.6958000185841229,3.2399999275803566
21:41:51.290364,67,0.12276383556620958,1.0443534431494172,-0.018803972939786195,0.6958000185841229,10.519999764859676
21:41:51.290364,67,0.08391384580342089,1.140491447010885,1.6322508662752635,0.3480400092958007,90.35999798029661
21:41:51.290364,67,0.08828358352711863,1.1966047014292167,1.6008714501690178,0.3480400092958007,89.75999799370766
21:41:51.290364,67,0.092402671637548,1.2386682543758873,1.5308700267046889,0.3480400092958007,50.519998870790005
21:41:51.290364,67,0.09587755664092301,1.1396231139993447,1.6324835354044671,0.3480400092958007,68.99999845772982
21:41:51.290364,67,0.10087029380007163,1.195691150760436,1.6011162353329624,0.3480400092958007,61.23999863117933
21:41:51.290364,67,0.10557664589054566,1.237712079749767,1.531126232923581,0.3480400092958007,37.99999915063381
21:41:51.290364,67,0.10783167980308732,1.1386392657599118,1.632747156745698,0.3480400092958007,51.11999885737896
21:41:51.290364,67,0.11344691712815383,1.1946560695126116,1.6013935845174174,0.3480400092958007,42.75999904423952
21:41:51.290364,67,0.11874006256740645,1.236628704236,1.5314165225175946,0.3480400092958007,28.999999351799488
21:41:51.290364,67,0.11977501988761279,1.1375400006765866,1.6330417039370426,0.3480400092958007,38.239999145269394
21:41:51.290364,67,0.12572843416814827,1.1809774436427816,1.5658974310814746,0.3480400092958007,30.999999307096004
21:41:51.290364,67,0.13189160533749103,1.2354182361712294,1.5317408664580134,0.3480400092958007,22.519999496638775
21:41:51.290364,67,0.13163389028407443,1.1325870833677931,1.621951435533856,0.3480400092958007,29.23999934643507
21:41:51.290364,67,0.13825284492607515,1.179702501371073,1.5662390508335753,0.3480400092958007,23.35999947786331
21:41:51.290364,67,0.14354552256713587,1.1312580578135878,1.6223075468578256,0.3480400092958007,22.879999488592148
21:41:51.290364,67,0.05268217162646611,0.16521376053671924,2.1842227135902736,4.244520113366889,3.879999913275242
21:41:51.342265,68,-2.0260755891307074,0.9666257875538447,1.6232151161962554,0.06972000186215155,5.359999880194664
21:41:51.342265,68,-1.985438530284559,1.1234850422430103,1.481274665888054,0.06972000186215155,5.639999873936176
21:41:51.342265,68,-1.9076462643187662,1.1301979074481232,1.4853613161362849,0.06972000186215155,4.999999888241291
21:41:51.342265,68,-1.9606538980225166,1.1616026378802347,1.4710610869196437,0.06972000186215155,5.519999876618385
21:41:51.342265,68,-1.8827686686890281,1.1668117238598368,1.475550673596945,0.06972000186215155,4.759999893605709
21:41:51.342265,68,-1.9350850303780258,1.1992338398550633,1.460977836740276,0.06972000186215155,5.239999882876873
21:41:51.342265,68,-1.8700468312670773,1.1849365815589714,1.470694132613533,0.06972000186215155,4.639999896287918
21:41:51.342265,68,-1.9220096921468763,1.2178623317110218,1.455986347391262,0.06972000186215155,4.999999888241291
21:41:51.342265,68,-1.965648184593963,1.2981906841514008,1.527840111512891,0.06972000186215155,3.1199999302625656
21:41:51.342265,68,-0.13373728434574167,0.09730516418737722,2.1914550858003587,4.453120118938386,3.519999921321869
21:41:51.342265,68,-0.014419548878813268,1.3439823854122732,1.444710266877747,0.41748001115047373,7.1199998408555984
21:41:51.342265,68,0.0,1.3239303689011321,1.5732804643502387,0.3480400092958007,4.759999893605709
21:41:51.342265,68,0.1468745125874602,1.1619547586688532,0.048179421397181565,0.13916000371682458,3.63999991863966
21:41:51.342265,68,0.17332587580026046,1.0690330586331396,-0.07373750273736057,0.5566400148672983,10.99999975413084
21:41:51.342265,68,0.17799333900838882,1.0978208691455946,-0.12958082937657966,1.0438400278799236,12.879999712109566
21:41:51.342265,68,0.10227667751872824,1.091774741166,1.6956785929149494,0.3480400092958007,4.239999905228615
21:41:51.342265,68,0.21191314964835464,1.2533126097923695,-0.11287102285096129,1.0438400278799236,6.359999857842922
21:41:51.342265,68,0.11977501988761279,1.1375400006765866,1.6330417039370426,0.3480400092958007,15.75999964773655
21:41:51.342265,68,0.13825284492607515,1.179702501371073,1.5662390508335753,0.3480400092958007,22.359999500215054
21:41:51.342265,68,0.15637987645932097,1.191190535265565,1.4347295577330017,0.3480400092958007,14.119999684393406
21:41:51.342265,68,0.09127078019849512,0.1377504425498156,2.1915814874663435,3.896480104071088,3.759999915957451
21:41:51.397470,69,-0.9398941691938189,5.82568741445194,-2.027635807607272,0.27832000743364915,3.1199999302625656
21:41:51.397470,69,0.02736870757608129,1.257177114097972,1.4053254323264313,0.41748001115047373,25.75999942421913
21:41:51.397470,69,0.03918307682865436,1.1996967463691608,1.4324503253371446,0.41748001115047373,28.239999368786812
21:41:51.397470,69,0.04104964027012481,1.2568466761058201,1.405413972919577,0.41748001115047373,31.239999301731586
21:41:51.397470,69,0.2124025194586548,6.818456383800894,0.09968825565304673,0.3480400092958007,3.879999913275242
21:41:51.397470,69,0.04983758629269704,1.1474739532667988,1.4710575234868553,0.41748001115047373,28.999999351799488
21:41:51.397470,69,0.05223800714079859,1.1992552127692098,1.4325686339086827,0.41748001115047373,34.99999921768904
21:41:51.397470,69,0.05472646803453274,1.256384109178664,1.4055379173541538,0.41748001115047373,37.99999915063381
21:41:51.397470,69,0.062287637742515285,1.146932425517794,1.4712026254098802,0.41748001115047373,36.35999918729067
21:41:51.397470,69,0.06528771369599379,1.1986876024067552,1.432720724646918,0.41748001115047373,43.5199990272522
21:41:51.397470,69,0.06799371291982766,1.2373937283833993,1.3682446677988054,0.41748001115047373,45.11999899148941
21:41:51.397470,69,0.07099340996638481,1.088934472632066,1.4978213966797616,0.41748001115047373,27.759999379515648
21:41:51.397470,69,0.07459944443260957,1.140925157331999,1.4599212000546804,0.41748001115047373,45.759998977184296
21:41:51.397470,69,0.07833089153451749,1.1979939720423578,1.432906582342904,0.41748001115047373,53.35999880731106
21:41:51.397470,69,0.08157749521682144,1.2366713489156649,1.3684382287938135,0.41748001115047373,51.35999885201454
21:41:51.397470,69,0.08280769626359102,1.0881916641554914,1.4980204316111907,0.41748001115047373,32.51999927312136
21:41:51.397470,69,0.08701382478927489,1.140144618691884,1.4601303447529606,0.41748001115047373,56.87999872863293
21:41:51.397470,69,0.09082642333413855,1.179624070418167,1.3973742095770987,0.41748001115047373,63.23999858647585
21:41:51.397470,69,0.09515311983263922,1.2358177984949505,1.3686669369397433,0.41748001115047373,55.11999876797199
21:41:51.397470,69,0.09926281221329802,1.2853447893754544,1.327037200183998,0.41748001115047373,18.639999583363533
21:41:51.397470,69,0.09461370186054723,1.087334777480988,1.4982500337036289,0.41748001115047373,37.35999916493893
21:41:51.397470,69,0.09941950383636153,1.139244207373567,1.4603716092385595,0.41748001115047373,68.35999847203493
21:41:51.397470,69,0.10377566972810959,1.1786842066692702,1.3976260453096108,0.41748001115047373,70.35999842733145
21:41:51.397470,69,0.108482070350218,1.2284585309508458,1.3565697691664957,0.41748001115047373,54.51999878138304
21:41:51.397470,69,0.10622226830438938,1.081290309306194,1.4876233843210822,0.41748001115047373,41.35999907553196
21:41:51.397470,69,0.11115461051619177,1.1215210844504448,1.426593066324474,0.41748001115047373,76.87999828159809
21:41:51.397470,69,0.1164599389008028,1.1715368634420242,1.3861118259845129,0.41748001115047373,71.63999839872122
21:41:51.397470,69,0.12200773866391768,1.2273453414030169,1.356868047406859,0.41748001115047373,49.99999888241291
21:41:51.397470,69,0.628237167797348,6.561086066252596,-0.4110797236460666,0.3480400092958007,3.999999910593033
21:41:51.397470,69,0.11249886617170542,1.0419305424836054,1.556413624225808,0.41748001115047373,5.639999873936176
21:41:51.397470,69,0.1179873514156395,1.0802074509956137,1.4879135353309194,0.41748001115047373,43.75999902188778
21:41:51.397470,69,0.12346599542443135,1.1203879445196359,1.4268966902538456,0.41748001115047373,78.35999824851751
21:41:51.397470,69,0.1293589372198063,1.170349639569841,1.3864299416622992,0.41748001115047373,66.51999851316214
21:41:51.397470,69,0.13552120630596914,1.2261015617711533,1.3572013171547792,0.41748001115047373,43.239999033510685
21:41:51.397470,69,0.24647556853452968,1.3894316953771244,-0.09870697467972844,0.3480400092958007,4.999999888241291
21:41:51.397470,69,0.12974063589059792,1.0790110067478027,1.4882341216009092,0.41748001115047373,43.5199990272522
21:41:51.397470,69,0.13546887756599982,1.1133484483310472,1.4159933067995416,0.41748001115047373,72.35999838262796
21:41:51.397470,69,0.1422449997534648,1.1690378823816117,1.386781425941551,0.41748001115047373,57.35999871790409
21:41:51.397470,69,0.14902112194092978,1.224727316432176,1.3575695450835605,0.41748001115047373,36.11999919265509
21:41:51.397470,69,0.1406450440100457,1.061854849822874,1.4562307942878245,0.4872000130126253,40.99999908357859
21:41:51.397470,69,0.14772754022409554,1.1119807032944444,1.4163597929775509,0.41748001115047373,61.75999861955643
21:41:51.397470,69,0.15511683790632097,1.1676017230519564,1.3871662436741345,0.41748001115047373,47.35999894142151
21:41:51.397470,69,0.16250613558854637,1.2232227428094682,1.3579726943707182,0.41748001115047373,29.759999334812164
21:41:51.397470,69,0.2780965188553271,0.9262164726685744,-0.1302690304019749,0.3480400092958007,7.519999831914902
21:41:51.397470,69,0.29948461624345474,1.2409607289132332,-0.10956134634439163,0.3480400092958007,10.87999975681305
21:41:51.397470,69,0.15196969599852675,1.0549479328685525,1.4459316197324736,0.4872000130126253,36.87999917566776
21:41:51.397470,69,0.15997143025193514,1.1104946190320788,1.4167579880555363,0.41748001115047373,50.23999887704849
21:41:51.397470,69,0.16797316450534353,1.166041305195605,1.387584356378599,0.41748001115047373,38.359999142587185
21:41:51.397470,69,0.1958556742101742,1.1931383545821008,1.0830115101814766,0.4872000130126253,2.9999999329447746
21:41:51.397470,69,0.3062137514242602,1.0791025600441437,-0.12456527356917002,0.3480400092958007,12.11999972909689
21:41:51.397470,69,0.16358595261290387,1.053423903449225,1.446339982184624,0.4872000130126253,32.119999282062054
21:41:51.397470,69,0.1721993232707737,1.1088903441511302,1.4171878522143242,0.41748001115047373,40.23999910056591
21:41:51.397470,69,0.1795185194181224,1.1454604064832452,1.3529962995982272,0.41748001115047373,30.999999307096004
21:41:51.397470,69,0.18261342181876547,1.082970881145298,1.373272937670556,0.4872000130126253,32.239999279379845
21:41:51.397470,69,0.05770327293067973,0.20923899297840529,2.1299937775087687,3.33984008920379,4.519999898970127
21:41:51.457078,70,-2.2093388385220916,0.8731912536402463,1.641718365702042,0.06972000186215155,4.119999907910824
21:41:51.457078,70,-2.1031533761045007,0.9530549141208503,1.6235787237918453,0.06972000186215155,5.239999882876873
21:41:51.457078,70,-2.0260755891307074,0.9666257875538447,1.6232151161962554,0.06972000186215155,4.119999907910824
21:41:51.457078,70,-1.9606538980225166,1.1616026378802347,1.4710610869196437,0.06972000186215155,4.759999893605709
21:41:51.457078,70,-1.8827686686890281,1.1668117238598368,1.475550673596945,0.06972000186215155,3.759999915957451
21:41:51.457078,70,-1.9350850303780258,1.1992338398550633,1.460977836740276,0.06972000186215155,4.519999898970127
21:41:51.457078,70,-1.987194608028727,1.2315278051941823,1.4464626000292853,0.06972000186215155,3.519999921321869
21:41:51.457078,70,-1.8700468312670773,1.1849365815589714,1.470694132613533,0.06972000186215155,3.63999991863966
21:41:51.457078,70,-1.9220096921468763,1.2178623317110218,1.455986347391262,0.06972000186215155,4.359999902546406
21:41:51.457078,70,-1.9737671662247789,1.2506579405581233,1.441336695707419,0.06972000186215155,3.3599999248981476
21:41:51.457078,70,-1.8440434379472141,1.2208131337721178,1.4610810394208071,0.06972000186215155,3.519999921321869
21:41:51.457078,70,-3.187730832013383,6.262854917168499,1.1266916679086816,0.06972000186215155,2.9999999329447746
21:41:51.457078,70,0.07582069690931018,1.2158817084410432,1.6611146286843388,0.41748001115047373,36.35999918729067
21:41:51.457078,70,0.07961323078002103,1.2766998326473664,1.6441636601309852,0.41748001115047373,36.11999919265509
21:41:51.457078,70,0.08843831058590962,1.2150883917600908,1.661327197248342,0.41748001115047373,46.759998954832554
21:41:51.457078,70,0.09286197459900473,1.2758668344479718,1.6443868613258097,0.41748001115047373,46.63999895751476
21:41:51.457078,70,0.09716891530702056,1.320643998162032,1.5741610447358099,0.41748001115047373,31.999999284744263
21:41:51.457078,70,0.10103192331782822,1.2107182364895839,1.6494086364507405,0.41748001115047373,61.23999863117933
21:41:51.457078,70,0.10610143229832841,1.2749059069956654,1.6446443410606402,0.41748001115047373,61.639998622238636
21:41:51.457078,70,0.11102241938607608,1.3196385028704167,1.5744304663871915,0.41748001115047373,39.639999113976955
21:41:51.457078,70,0.10783167980308732,1.1386392657599118,1.632747156745698,0.41748001115047373,34.99999921768904
21:41:51.457078,70,0.11350939364079408,1.198592592344149,1.6134100143225263,0.41748001115047373,81.35999818146229
21:41:51.457078,70,0.11931238025294948,1.270189487715252,1.6321638256173476,0.41748001115047373,82.99999814480543
21:41:51.457078,70,0.12486482131620766,1.3184992455126223,1.5747357294761837,0.41748001115047373,48.99999890476465
21:41:51.457078,70,0.11346844756054389,1.0776445542309725,1.6523633374238123,0.41748001115047373,3.3599999248981476
21:41:51.457078,70,0.11970909472226765,1.1338009868589103,1.6216261710737219,0.41748001115047373,38.6399991363287
21:41:51.457078,70,0.12608159221468168,1.1974354471222008,1.613720070450273,0.41748001115047373,107.359997600317
21:41:51.457078,70,0.13238816454175056,1.2573308935678151,1.5943984369635034,0.41748001115047373,111.99999749660492
21:41:51.457078,70,0.13869473686881945,1.3172263400134294,1.5750768034767337,0.41748001115047373,58.999998681247234
21:41:51.457078,70,0.1439576824011225,1.3370936054024605,1.446556109918212,0.41748001115047373,23.11999948322773
21:41:51.457078,70,0.14852509208410963,1.1210809573127793,0.988108576512811,0.41748001115047373,8.239999815821648
21:41:51.457078,70,0.15471567664708819,1.1678080548745804,0.9459325418929989,0.41748001115047373,5.999999865889549
21:41:51.457078,70,0.13133746932973328,1.1206940528050624,1.5879356740322912,0.41748001115047373,40.879999086260796
21:41:51.457078,70,0.13864118273497905,1.1961569236707448,1.6140626497765949,0.41748001115047373,134.99999698251486
21:41:51.457078,70,0.145575982899461,1.2559884186665329,1.594758152029161,0.41748001115047373,145.9999967366457
21:41:51.457078,70,0.15242683986276592,1.311491057618814,1.5622347111988293,0.41748001115047373,67.75999848544598
21:41:51.457078,70,0.14322227829699444,1.1193680200289495,1.588290983443788,0.41748001115047373,41.23999907821417
21:41:51.457078,70,0.15110369472311616,1.190822738068913,1.6024207225820775,0.41748001115047373,151.51999661326408
21:41:51.457078,70,0.15874924378084515,1.2545186284709047,1.5951519811251227,0.41748001115047373,171.35999616980553
21:41:51.457078,70,0.16584573495202437,1.296183904982534,1.5232572386849605,0.41748001115047373,71.99999839067459
21:41:51.457078,70,0.15509276515641762,1.1179272570305645,1.5886770347256898,0.41748001115047373,39.519999116659164
21:41:51.457078,70,0.1636274057263832,1.189302690944506,1.6028280179815195,0.41748001115047373,145.23999675363302
21:41:51.457078,70,0.1718120110345633,1.2487913387912752,1.5829615665282426,0.41748001115047373,169.8799962028861
21:41:51.457078,70,0.1795912893507404,1.2945155584012609,1.523704270804108,0.41748001115047373,69.87999843806028
21:41:51.457078,70,0.166947742869262,1.1163719078849985,1.5890937892731927,0.41748001115047373,36.23999918997288
21:41:51.457078,70,0.17573812350316903,1.1751527804541775,1.5674581448790446,0.41748001115047373,120.99999729543924
21:41:51.457078,70,0.18452850413707608,1.2339336530233562,1.5458225004848962,0.41748001115047373,142.87999680638313
21:41:51.457078,70,0.1931347635349406,1.2878685724885885,1.511149627274005,0.41748001115047373,62.35999860614538
21:41:51.457078,70,0.1786157461319135,1.1105188146756595,1.5782819934329286,0.41748001115047373,32.119999282062054
21:41:51.457078,70,0.18819973345336277,1.1733950809699525,1.567929119036379,0.41748001115047373,93.2399979159236
21:41:51.457078,70,0.19761344095903707,1.2320880338140405,1.5463170326615678,0.41748001115047373,109.11999756097794
21:41:51.457078,70,0.20611443155735226,1.2706349866390294,1.472852244966878,0.41748001115047373,52.51999882608652
21:41:51.457078,70,0.35954756121100157,1.1965435255447887,-0.05207600761162201,0.20888000557897612,5.639999873936176
21:41:51.457078,70,0.2004514271541898,1.1671153106134828,1.5565797941269262,0.41748001115047373,69.99999843537807
21:41:51.457078,70,0.2104779615689802,1.225494150784541,1.5344000171229943,0.41748001115047373,80.87999819219112
21:41:51.457078,70,0.21974164860226922,1.2685782426148975,1.4734033478671817,0.41748001115047373,42.9999990388751
21:41:51.457078,70,0.3938192476999465,1.4701045776957358,-0.01978725076464416,0.5566400148672983,4.359999902546406
21:41:51.457078,70,1.12364573411436,6.560773708231958,-0.41688138462552704,0.41748001115047373,2.9999999329447746
21:41:51.457078,70,0.21212591266153505,1.151222230879639,1.5218260000804154,0.41748001115047373,52.879998818039894
21:41:51.457078,70,0.22273640216398036,1.2088061028473236,1.4979078462687,0.41748001115047373,60.239998653531075
21:41:51.457078,70,0.23334689166642567,1.2663899748150083,1.473989692456985,0.41748001115047373,34.759999223053455
21:41:51.457078,70,0.2244726584468565,1.1491136041770802,1.5223910049025047,0.41748001115047373,40.759999088943005
21:41:51.457078,70,0.2357007293418851,1.2065920031206943,1.4985011125024124,0.41748001115047373,45.87999897450209
21:41:51.457078,70,0.4406448212131948,1.3184692290470625,-0.036515326152923855,0.5566400148672983,6.9999998435378075
21:41:51.457078,70,0.23647554058842493,1.1420285351074082,1.5113175411405524,0.41748001115047373,31.999999284744263
21:41:51.457078,70,0.2483039928954379,1.1991525405210453,1.4868737566226717,0.41748001115047373,35.759999200701714
21:41:51.457078,70,4.060692890702527,3.9951733452438463,-2.0994147058335306,0.7655200204462744,3.63999991863966
21:41:51.457078,70,5.260276374376299,4.682594067660386,1.2580752892234819,0.3480400092958007,3.3599999248981476
21:41:51.513191,71,-1.9130046435321948,1.1570274442203747,1.5721971460549107,0.06972000186215155,3.519999921321869
21:41:51.513191,71,-1.9661611701454453,1.189177685119634,1.5603098179881223,0.06972000186215155,3.759999915957451
21:41:51.513191,71,-1.8880571693333552,1.1937441050201987,1.5623589464448304,0.06972000186215155,3.519999921321869
21:41:51.513191,71,-1.940520482220927,1.226914589212413,1.5501982450116114,0.06972000186215155,3.759999915957451
21:41:51.513191,71,-1.8623544974743012,1.2299715066803854,1.5526518434261054,0.06972000186215155,3.3599999248981476
21:41:51.513191,71,-1.9141036120114783,1.264148639155963,1.540221411398297,0.06972000186215155,3.759999915957451
21:41:51.513191,71,-1.8440434379472141,1.2208131337721178,1.4610810394208071,0.06972000186215155,3.3599999248981476
21:41:51.513191,71,-1.8869211259124912,1.3008649418274216,1.5303833077484232,0.06972000186215155,3.63999991863966
21:41:51.513191,71,-5.181993421444754,4.251147920711017,-0.0809909365229986,-2.9920800799154676,3.519999921321869
21:41:51.513191,71,-5.25184840725403,4.3823720588119865,0.16681957812717974,-2.9920800799154676,3.2399999275803566
21:41:51.513191,71,-3.9588338711090816,5.544963479424917,-0.15055794893138152,4.313960115221562,3.2399999275803566
21:41:51.513191,71,0.05791912396402615,1.3640642805382739,1.4991833898140388,0.41748001115047373,33.639999248087406
21:41:51.513191,71,0.06943414302901635,1.3222533137381247,1.573729829926829,0.41748001115047373,38.1199991479516
21:41:51.513191,71,0.07238804444997256,1.3634349400112191,1.4993520211000273,0.41748001115047373,41.51999907195568
21:41:51.513191,71,0.07961323078002103,1.2766998326473664,1.6441636601309852,0.41748001115047373,34.51999922841787
21:41:51.513191,71,0.08330569441784257,1.32151563083878,1.5739274914639787,0.41748001115047373,48.51999891549349
21:41:51.513191,71,0.08676700856753175,1.3575889323553219,1.485930899226675,0.3480400092958007,51.35999885201454
21:41:51.513191,71,0.09286197459900473,1.2758668344479718,1.6443868613258097,0.41748001115047373,43.99999901652336
21:41:51.513191,71,0.09689674247266132,1.3025299706079467,1.5215568155255164,0.41748001115047373,62.879998594522476
21:41:51.513191,71,0.10120624005189545,1.3566810837327314,1.486174156531948,0.3480400092958007,63.23999858647585
21:41:51.513191,71,0.10610143229832841,1.2749059069956654,1.6446443410606402,0.41748001115047373,56.87999872863293
21:41:51.513191,71,0.1107114425014803,1.3015272917366096,1.521825482519359,0.41748001115047373,82.63999815285206
21:41:51.513191,71,0.11523530416660005,1.339597300800754,1.4458852467581458,0.41748001115047373,76.2399982959032
21:41:51.513191,71,0.12077973687706423,1.4198904854135912,1.4783394462423631,0.4872000130126253,9.879999779164791
21:41:51.513191,71,0.2978520256163988,3.3319938715167154,0.08072331684175271,-0.06972000186215155,2.9999999329447746
21:41:51.513191,71,0.11362869879861014,1.2096814966792966,1.6496864300456682,0.41748001115047373,32.99999926239252
21:41:51.513191,71,0.11918710747850088,1.2585459189283856,1.594072871899355,0.41748001115047373,74.23999834060669
21:41:51.513191,71,0.12451507147880325,1.300391225470361,1.5221298905579483,0.41748001115047373,107.7599975913763
21:41:51.513191,71,0.12960297337823945,1.338414812895379,1.4462020934374504,0.41748001115047373,87.35999804735184
21:41:51.513191,71,0.12608159221468168,1.1974354471222008,1.613720070450273,0.41748001115047373,38.87999913096428
21:41:51.513191,71,0.13238816454175056,1.2573308935678151,1.5943984369635034,0.41748001115047373,95.99999785423279
21:41:51.513191,71,0.1381745230837507,1.2942698297979138,1.5094344155474275,0.41748001115047373,134.5199969932437
21:41:51.513191,71,0.1439576824011225,1.3370936054024605,1.446556109918212,0.41748001115047373,92.63999792933464
21:41:51.513191,71,0.13864118273497905,1.1961569236707448,1.6140626497765949,0.41748001115047373,44.519999004900455
21:41:51.513191,71,0.145575982899461,1.2559884186665329,1.594758152029161,0.41748001115047373,118.11999735981226
21:41:51.513191,71,0.1514131078734298,1.2775428092310968,1.4710012994818762,0.4872000130126253,151.87999660521746
21:41:51.513191,71,0.15829799577637332,1.3356338104416405,1.4469472607990788,0.4872000130126253,89.51999799907207
21:41:51.513191,71,0.15118690925315661,1.1947571498410536,1.6144377180438467,0.41748001115047373,48.87999890744686
21:41:51.513191,71,0.15830458273368106,1.2372452766646727,1.5449351536045697,0.41748001115047373,131.3599970638752
21:41:51.513191,71,0.1651145738099874,1.2760140852135116,1.471410919847838,0.4872000130126253,148.5199966803193
21:41:51.513191,71,0.1726224794846687,1.3340355739911927,1.4473755069652903,0.4872000130126253,79.63999821990728
21:41:51.513191,71,0.1636274057263832,1.189302690944506,1.6028280179815195,0.41748001115047373,50.639998868107796
21:41:51.513191,71,0.1714251146192995,1.2356527912776956,1.5453618587779685,0.41748001115047373,126.879997164011
21:41:51.513191,71,0.17879952842749708,1.2743530938421388,1.4718559811444325,0.4872000130126253,126.51999717205763
21:41:51.513191,71,0.1866759718892118,1.326694815480853,1.4344240002486317,0.4872000130126253,66.63999851047993
21:41:51.513191,71,0.166947742869262,1.1163719078849985,1.5890937892731927,0.41748001115047373,7.1199998408555984
21:41:51.513191,71,0.17573812350316903,1.1751527804541775,1.5674581448790446,0.41748001115047373,49.11999890208244
21:41:51.513191,71,0.18435275505644674,1.2293080496921087,1.5333780859906976,0.41748001115047373,107.8799975886941
21:41:51.513191,71,0.19220535852234416,1.2672019410798785,1.4595025212986448,0.4872000130126253,98.99999778717756
21:41:51.513191,71,0.2009451061330834,1.3248227338716128,1.4349256230039928,0.4872000130126253,54.119998790323734
21:41:51.513191,71,0.18819973345336277,1.1733950809699525,1.567929119036379,0.41748001115047373,44.87999899685383
21:41:51.513191,71,0.1967422260965309,1.2128580902300294,1.496822119521763,0.4872000130126253,84.75999810546637
21:41:51.513191,71,0.20583466194551064,1.2652795394244747,1.4600176272697383,0.4872000130126253,74.99999832361937
21:41:51.513191,71,0.2151941460346936,1.3228129189130426,1.4354641512990776,0.4872000130126253,43.5199990272522
21:41:51.513191,71,0.2004514271541898,1.1671153106134828,1.5565797941269262,0.41748001115047373,39.23999912291765
21:41:51.513191,71,0.20974980153246797,1.210894868175363,1.4973481632858738,0.4872000130126253,64.63999855518341
21:41:51.513191,71,0.2184170478411652,1.2464118957975996,1.4223906484219457,0.4872000130126253,56.87999872863293
21:41:51.513191,71,0.22834866414307298,1.3030873468466277,1.3961262404511965,0.4872000130126253,35.11999921500683
21:41:51.513191,71,0.3854084446615145,1.0623976865597622,-0.12008921620936563,0.6958000185841229,5.759999871253967
21:41:51.513191,71,0.21212591266153505,1.151222230879639,1.5218260000804154,0.4872000130126253,33.2399992570281
21:41:51.513191,71,0.2224340707051612,1.203699672521974,1.4856553562751451,0.4872000130126253,49.359998896718025
21:41:51.513191,71,0.23194027861756272,1.2442368188571205,1.4229734585316227,0.4872000130126253,43.75999902188778
21:41:51.513191,71,0.4207784101798461,1.2166005585129103,-0.10303405835814061,0.6958000185841229,8.119999818503857
21:41:51.513191,71,0.4149236408375065,1.3606634588370201,-0.09099854893113957,0.6958000185841229,6.5199998542666435
21:41:51.513191,71,0.2244726584468565,1.1491136041770802,1.5223910049025047,0.4872000130126253,27.87999937683344
21:41:51.513191,71,0.23427992737983133,1.1854595173273126,1.4498010556413075,0.4872000130126253,38.239999145269394
21:41:51.513191,71,0.24500673564233982,1.2360845398639682,1.4109771705587262,0.4872000130126253,34.23999923467636
21:41:51.513191,71,0.24670609070119265,1.1775576782594657,1.438382470758315,0.4872000130126253,30.119999326765537
21:41:51.513191,71,0.05690565146533078,0.011514346878477633,1.7537518066506939,-2.365720063186018,5.519999876618385
21:41:51.513191,71,4.90973010131201,4.7260489864396025,0.07473162291215063,3.7573201003542636,3.3599999248981476
21:41:51.513191,71,5.25081304075305,4.472309518545366,0.13685881364433894,0.3480400092958007,2.9999999329447746
21:41:51.558441,72,0.07015812508378663,7.125753913568769,1.4875606380725104,-0.41748001115047373,2.9999999329447746
21:41:51.558441,72,0.1950598737517806,1.3902450179047061,1.423825630040745,0.41748001115047373,22.359999500215054
21:41:51.558441,72,0.20196521856794677,1.4229613035666102,1.3418495772915693,0.41748001115047373,7.519999831914902
21:41:51.558441,72,0.32574013106534094,1.2031631168554169,-0.05384972175752889,0.13916000371682458,5.639999873936176
21:41:51.558441,72,0.21548663701817364,1.3284118830480287,1.448882370411993,0.41748001115047373,23.639999471604824
21:41:51.558441,72,0.38643567666535866,1.3304536038205752,-0.039726529695278234,0.13916000371682458,8.999999798834324
21:41:51.558441,72,0.213065249638147,1.1695190297504878,1.5689677038304564,0.41748001115047373,8.999999798834324
21:41:51.558441,72,0.04588769287927238,0.1949854621389686,2.154544476695867,2.852920076198643,5.239999882876873
21:41:51.558441,72,0.23674446043398656,1.2257941991879278,1.5480034605669295,0.41748001115047373,25.879999421536922
21:41:51.558441,72,0.24692880023691371,1.2640704020643088,1.4746112201023203,0.41748001115047373,28.11999937146902
21:41:51.558441,72,0.45194798858285296,1.352289842952457,-0.08875484531714273,0.13916000371682458,7.239999838173389
21:41:51.558441,72,3.3766122833985985,4.26583387681253,-2.433620254892549,0.20888000557897612,3.519999921321869
21:41:51.558441,72,3.9206826174183487,3.95008132318418,-2.378670159703244,1.7396400464640465,3.1199999302625656
21:41:51.608187,73,-0.09819246708240455,0.23315151539811285,1.9972402253056964,0.27832000743364915,2.9999999329447746
21:41:51.608187,73,0.3542266249272729,0.7768152635343751,-0.24568215534697524,0.13916000371682458,5.759999871253967
21:41:51.608187,73,0.22071470961704082,1.2887151349503145,1.5252584895835475,0.3480400092958007,37.99999915063381
21:41:51.608187,73,0.22834866414307298,1.3030873468466277,1.3961262404511965,0.27832000743364915,35.63999920338392
21:41:51.608187,73,0.2341569705314087,1.2816771264421516,1.5128086202421287,0.3480400092958007,46.11999896913767
21:41:51.608187,73,0.24248680818087032,1.3008133672343403,1.396735551451914,0.27832000743364915,42.9999990388751
21:41:51.608187,73,0.27036118745724935,1.3142184602193967,1.1642336050033264,0.41748001115047373,6.239999860525131
21:41:51.608187,73,0.044662156930174494,0.06204647949939328,1.7588267589457638,3.618160096637439,4.359999902546406
21:41:51.608187,73,0.23674446043398656,1.2257941991879278,1.5480034605669295,0.3480400092958007,41.11999908089638
21:41:51.608187,73,0.24692880023691371,1.2640704020643088,1.4746112201023203,0.3480400092958007,56.11999874562025
21:41:51.608187,73,0.2561474085606561,1.292290396906668,1.384193781657101,0.27832000743364915,51.879998840391636
21:41:51.608187,73,0.43140080173801676,0.7780656371631881,-0.29965885569737294,0.13916000371682458,8.119999818503857
21:41:51.608187,73,0.2486414866443259,1.2042527904035925,1.4991279026608846,0.3480400092958007,47.51999893784523
21:41:51.608187,73,0.2601324452024508,1.2562765459346816,1.462429972104791,0.3480400092958007,67.75999848544598
21:41:51.608187,73,0.2702107568459495,1.2897482610497668,1.384874944907008,0.27832000743364915,61.75999861955643
21:41:51.608187,73,0.4700024188784749,0.7892100592214735,-0.35628665833432294,0.20888000557897612,6.11999986320734
21:41:51.608187,73,0.24715863027300294,1.1191339434793919,1.4657601382085805,0.3480400092958007,10.759999759495258
21:41:51.608187,73,0.2615573800064143,1.2017886986153306,1.4997881540656253,0.3480400092958007,53.35999880731106
21:41:51.608187,73,0.27236541043032964,1.2369294426180886,1.4249314640936617,0.3480400092958007,79.51999822258949
21:41:51.608187,73,0.281951296395708,1.2613764290241778,1.3334595029840208,0.27832000743364915,71.3599984049797
21:41:51.608187,73,0.2727927529920908,1.1781120474563942,1.451769804259632,0.3480400092958007,57.2399987205863
21:41:51.608187,73,0.28528292058550925,1.2284006566203747,1.4130360608685821,0.3480400092958007,88.51999802142382
21:41:51.608187,73,0.29584606126530477,1.2585858588811307,1.3342072340002726,0.27832000743364915,78.51999824494123
21:41:51.608187,73,0.3200330507859917,1.2814148573664115,1.2527642417013949,0.27832000743364915,40.11999910324812
21:41:51.608187,73,0.2850730287135108,1.1698522127332671,1.4404471440233657,0.3480400092958007,57.879998706281185
21:41:51.608187,73,0.3094734213029125,1.1981230810485228,1.3646981284698578,0.4872000130126253,91.35999795794487
21:41:51.608187,73,0.3235454514232642,1.2526027969912397,1.3358103906019343,0.27832000743364915,80.63999819755554
21:41:51.608187,73,0.3080026725790936,1.1407291230411782,1.394366735145547,0.4872000130126253,54.9999987706542
21:41:51.608187,73,0.32267498968745556,1.1950700132933751,1.3655161955092872,0.4872000130126253,86.5199980661273
21:41:51.608187,73,0.3340607732987513,1.221815557955775,1.2855677740474087,0.41748001115047373,76.87999828159809
21:41:51.608187,73,0.3205731539664132,1.1376933096873414,1.3951801788820792,0.4872000130126253,49.359998896718025
21:41:51.608187,73,0.3358442908433672,1.1918895829599634,1.3663683892487084,0.4872000130126253,76.11999829858541
21:41:51.608187,73,0.3476947612697719,1.218522904200269,1.286450037962152,0.41748001115047373,68.51999846845865
21:41:51.608187,73,0.33311157830691274,1.1345362286230871,1.3960261162036858,0.4872000130126253,42.75999904423952
21:41:51.608187,73,0.34558014526927744,1.1622501796668743,1.3183622172562472,0.41748001115047373,63.63999857753515
21:41:51.608187,73,0.3612939800559645,1.215098723062942,1.2873675445326367,0.41748001115047373,58.23999869823456
21:41:51.608187,73,0.34224959556910584,1.1061555387329307,1.3502266791936846,0.41748001115047373,35.999999195337296
21:41:51.608187,73,0.3585533326579749,1.158849447845985,1.3192734406013296,0.41748001115047373,51.759998843073845
21:41:51.608187,73,0.374857069746844,1.2115433569590395,1.2883202020089743,0.41748001115047373,48.35999891906977
21:41:51.608187,73,0.35459865598280144,1.102789992145997,1.3511284746837426,0.41748001115047373,29.999999329447746
21:41:51.608187,73,0.3714906650138029,1.1553235767840946,1.3202181949049792,0.4872000130126253,41.75999906659126
21:41:51.608187,73,0.38838267404480437,1.2078571614221925,1.2893079151262157,0.4872000130126253,39.639999113976955
21:41:51.608187,73,0.38439084861436473,1.1516729190653558,1.3211963856925577,0.4872000130126253,33.7599992454052
21:41:51.608187,73,0.4105656699199217,1.1707922318224238,1.2413665944695096,0.41748001115047373,32.63999927043915
21:41:51.608187,73,6.162559209661163,3.612181977916271,2.1374425143317484,-2.922360078053316,2.9999999329447746
21:41:51.672402,74,-3.746507789121958,4.075840563655413,6.41575023064939,-2.852920076198643,2.9999999329447746
21:41:51.672402,74,-0.0055090872464310485,0.1652783668449227,2.1914724980024944,-0.6958000185841229,4.119999907910824
21:41:51.672402,74,0.15148954786303823,3.3954141143817096,0.04689596578281874,0.06972000186215155,3.3599999248981476
21:41:51.672402,74,0.1862785936614619,3.3390089115226647,0.0788436425372867,0.06972000186215155,5.359999880194664
21:41:51.672402,74,0.21982807653656722,3.2823031648242837,0.110871849770795,0.06972000186215155,4.759999893605709
21:41:51.672402,74,0.4575085809217276,5.042459030273625,1.2309116563453326,-0.41748001115047373,3.3599999248981476
21:41:51.672402,74,0.5019303285121076,4.975821701267182,1.2416070704787816,-0.41748001115047373,4.359999902546406
21:41:51.672402,74,0.19522181110229903,1.4333028574295565,1.0936994758056162,0.27832000743364915,6.11999986320734
21:41:51.672402,74,0.2245642587744207,1.3919026406983641,1.0376969244054008,0.27832000743364915,6.7599998489022255
21:41:51.672402,74,0.2328851078473452,1.4434772405953595,1.0020404103272766,0.27832000743364915,3.1199999302625656
21:41:51.672402,74,0.3169160576782992,1.2379837175198904,-0.10876365854568704,0.20888000557897612,3.3599999248981476
21:41:51.672402,74,0.24048813542575376,1.3896565914407817,1.0382987514901307,0.27832000743364915,7.35999983549118
21:41:51.672402,74,0.19840656467330248,1.264607076676239,1.6474039043277156,0.3480400092958007,30.23999932408333
21:41:51.672402,74,0.20785805419737435,1.3248491385099972,1.630607291221881,0.3480400092958007,35.11999921500683
21:41:51.672402,74,0.2563879634650254,1.387256844214572,1.0389417618214325,0.27832000743364915,7.639999829232693
21:41:51.672402,74,0.21149244865293798,1.2590012665991217,1.6351617004301555,0.3480400092958007,35.759999200701714
21:41:51.672402,74,0.22156731016850817,1.3189762845711754,1.617781905703895,0.3480400092958007,42.119999058544636
21:41:51.672402,74,0.23139895754766904,1.3662112711919088,1.5586786337448002,0.3480400092958007,31.87999928742647
21:41:51.672402,74,0.21366372768206923,1.1859448477414503,1.6167989672748946,0.3480400092958007,10.759999759495258
21:41:51.672402,74,0.2243511383391597,1.2452655370412897,1.5976313395011794,0.3480400092958007,41.23999907821417
21:41:51.672402,74,0.23503854899625012,1.3045862263411288,1.5784637117274642,0.3480400092958007,49.63999889045954
21:41:51.672402,74,0.2457259596533406,1.3639069156409682,1.5592960839537489,0.3480400092958007,37.119999170303345
21:41:51.672402,74,0.2542223327396589,1.3757215236694371,1.4121498799830787,0.41748001115047373,28.359999366104603
21:41:51.672402,74,0.2774759152610235,1.3309920608767114,1.075768693951903,0.3480400092958007,10.759999759495258
21:41:51.672402,74,0.2374094509091137,1.243035386112929,1.5982289066414332,0.3480400092958007,45.759998977184296
21:41:51.672402,74,0.248718920139015,1.3022498377579246,1.579089745161539,0.3480400092958007,56.35999874025583
21:41:51.672402,74,0.2598852675845938,1.3569464051555198,1.546128471230777,0.3480400092958007,41.879999063909054
21:41:51.672402,74,0.2677610919215922,1.3548746507581975,1.3711716075584142,0.41748001115047373,30.879999309778214
21:41:51.672402,74,0.2504440227328786,1.2406792151826251,1.5988602407394379,0.3480400092958007,47.75999893248081
21:41:51.672402,74,0.2623744195981428,1.2997814259604832,1.5797511541092508,0.3480400092958007,60.63999864459038
21:41:51.672402,74,0.27415383681508565,1.3543671729035929,1.5468195744297732,0.3480400092958007,45.11999899148941
21:41:51.672402,74,0.28246207021414477,1.3522172548599458,1.3718836546433204,0.41748001115047373,32.119999282062054
21:41:51.672402,74,0.30002013164825114,1.3087088162169582,1.1657099096643626,0.3480400092958007,19.35999956727028
21:41:51.672402,74,0.26345355036419243,1.2381972598654976,1.5995252786623122,0.3480400092958007,46.63999895751476
21:41:51.672402,74,0.27585176711720205,1.2928626406263533,1.5672261804882293,0.3480400092958007,60.63999864459038
21:41:51.672402,74,0.28774556604937185,1.3372962354897524,1.50635586586775,0.41748001115047373,45.759998977184296
21:41:51.672402,74,0.29713480253632296,1.349417993654169,1.372633714422812,0.41748001115047373,31.63999929279089
21:41:51.672402,74,0.27628457978838505,1.231468976810091,1.5876030794321003,0.3480400092958007,42.75999904423952
21:41:51.672402,74,0.28944594274949625,1.290132439648154,1.5679577356355123,0.3480400092958007,56.35999874025583
21:41:51.672402,74,0.30192587674003024,1.334448317442642,1.5071189632085833,0.41748001115047373,43.5199990272522
21:41:51.672402,74,0.3112270539097845,1.340113584774564,1.359656522191282,0.41748001115047373,29.759999334812164
21:41:51.672402,74,0.28923298800744107,1.228737713990808,1.5883349190988443,0.3480400092958007,37.239999167621136
21:41:51.672402,74,0.3023288356049456,1.2735539486023544,1.5293209172217812,0.41748001115047373,49.359998896718025
21:41:51.672402,74,0.3157749572383925,1.326416348675468,1.4942835678496835,0.41748001115047373,38.99999912828207
21:41:51.672402,74,0.32581308309000395,1.3370368916006274,1.3604809196425967,0.41748001115047373,26.87999939918518
21:41:51.672402,74,0.3014720684181674,1.2127945599736836,1.5514867033962823,0.41748001115047373,31.5199992954731
21:41:51.672402,74,0.31583328726768656,1.2705684299931417,1.5301208845221077,0.41748001115047373,41.51999907195568
21:41:51.672402,74,0.32988002147348994,1.3232980486652421,1.4951191138191817,0.41748001115047373,33.639999248087406
21:41:51.672402,74,0.31433231376814386,1.209820428472212,1.5522836195302856,0.41748001115047373,26.239999413490295
21:41:51.672402,74,0.32930615586630624,1.267452619849254,1.5309557633339312,0.41748001115047373,34.23999923467636
21:41:51.672402,74,0.3427621768606277,1.304130278688166,1.4553886066911503,0.41748001115047373,28.359999366104603
21:41:51.672402,74,0.34241965506795213,1.259388028013219,1.518780966166179,0.41748001115047373,28.11999937146902
21:41:51.723980,75,-0.18680024415217572,0.1600649620007614,2.0591090754868593,0.6263600167294499,4.519999898970127
21:41:51.723980,75,0.14253056354550703,7.012113528407916,0.638444271400306,-0.3480400092958007,2.9999999329447746
21:41:51.723980,75,0.18183526080326906,1.4549852195784865,0.4279378351195571,0.904680024163099,3.2399999275803566
21:41:51.723980,75,0.30291437704726004,1.3814710494405564,-0.09657392602979487,0.13916000371682458,3.63999991863966
21:41:51.723980,75,0.36828626192742314,1.3340986611753984,-0.040703219869868246,0.13916000371682458,3.1199999302625656
21:41:51.723980,75,0.26265019079674606,1.3263597176565767,1.6734024487902044,0.41748001115047373,40.639999091625214
21:41:51.723980,75,0.2746343227121453,1.3755863074899364,1.6163575064803712,0.41748001115047373,40.23999910056591
21:41:51.723980,75,0.2763352288309558,1.3131543323271537,1.6337409050942122,0.41748001115047373,47.35999894142151
21:41:51.723980,75,0.28890043603696436,1.372864620982576,1.6170867801820692,0.41748001115047373,46.879998952150345
21:41:51.723980,75,0.2899532298079884,1.3104193463600542,1.634473742375407,0.41748001115047373,53.75999879837036
21:41:51.723980,75,0.30313765956022076,1.370005272785125,1.6178529402224555,0.41748001115047373,53.51999880373478
21:41:51.723980,75,0.3159425660831165,1.4121690630605988,1.5430915835463015,0.41748001115047373,35.35999920964241
21:41:51.723980,75,0.0557397455878701,0.21311261325900727,1.87556085458247,-2.574600068764994,4.999999888241291
21:41:51.723980,75,0.30354223570496325,1.307552959547905,1.6352417884069177,0.41748001115047373,58.51999869197607
21:41:51.723980,75,0.3172969674914739,1.3630394943223723,1.6046656671405315,0.41748001115047373,58.75999868661165
21:41:51.723980,75,0.3307495933973216,1.4090457538102863,1.5439284717376354,0.41748001115047373,38.239999145269394
21:41:51.723980,75,0.3399937134094302,1.3993882443170378,1.3481659594806232,0.41748001115047373,14.119999684393406
21:41:51.723980,75,0.3026820298736772,1.2452361682668616,1.6525943235926654,0.41748001115047373,28.639999359846115
21:41:51.723980,75,0.3171008876326755,1.3045554585269852,1.6360449663847847,0.41748001115047373,60.359998650848866
21:41:51.723980,75,0.3314700170176595,1.3599061643533765,1.6055052403753443,0.41748001115047373,61.359998628497124
21:41:51.723980,75,0.3455235460292891,1.4057795782101277,1.544803640852036,0.41748001115047373,39.35999912023544
21:41:51.723980,75,0.30055995018174386,1.1830730570670445,1.669905680324756,0.41748001115047373,4.119999907910824
21:41:51.723980,75,0.33057823515173473,1.2976316343367917,1.6235011874969227,0.41748001115047373,58.51999869197607
21:41:51.723980,75,0.34524704453866717,1.3439194908308998,1.5646516982903844,0.41748001115047373,60.51999864727259
21:41:51.723980,75,0.36006465487934364,1.3976665581493566,1.5312910228164909,0.41748001115047373,38.6399991363287
21:41:51.723980,75,0.3984462459799889,1.3048624973229748,1.0827700894047045,0.41748001115047373,3.3599999248981476
21:41:51.723980,75,0.3437088321236736,1.2822132116011375,1.5844585429592943,0.41748001115047373,53.63999880105257
21:41:51.723980,75,0.3593375766469104,1.3405165801372787,1.5655635054626555,0.41748001115047373,56.35999874025583
21:41:51.723980,75,0.37391603007551394,1.3791760346112523,1.4892488504551264,0.41748001115047373,36.11999919265509
21:41:51.723980,75,0.35715215117089383,1.2788282848470143,1.5853655313495003,0.41748001115047373,46.999998949468136
21:41:51.723980,75,0.3733921752985423,1.336977737770504,1.5665117354169737,0.41748001115047373,50.1199988797307
21:41:51.723980,75,0.3885408287986564,1.375493620149634,1.4902355504363136,0.41748001115047373,32.359999276697636
21:41:51.723980,75,0.37055975530221924,1.2753136770143232,1.5863072676799819,0.3480400092958007,39.99999910593033
21:41:51.723980,75,0.38719620167606383,1.3288009333971196,1.5536700276590334,0.3480400092958007,43.239999033510685
21:41:51.723980,75,0.40312677376443895,1.3716701274568441,1.491260052215613,0.41748001115047373,28.359999366104603
21:41:51.723980,75,0.3839303037684698,1.2716697395609025,1.5872836577778955,0.3480400092958007,33.639999248087406
21:41:51.723980,75,0.4011670269110807,1.3249933997377805,1.5546902532282076,0.3480400092958007,36.75999917834997
21:41:51.783803,76,-0.0864020344130427,0.22274873505279758,1.9167732280921888,2.922360078053316,4.239999905228615
21:41:51.783803,76,0.054633406178716905,1.4629828771156554,0.42579486924113197,0.7655200204462744,8.639999806880951
21:41:51.783803,76,0.07283604282966603,1.4623672418348133,0.4259598282174657,0.7655200204462744,10.119999773800373
21:41:51.783803,76,0.07450520504082223,1.4891197344192628,0.3646587951714686,0.7655200204462744,10.87999975681305
21:41:51.783803,76,0.09049752049955634,1.4784925737289762,0.5305264303940911,0.7655200204462744,6.8799998462200165
21:41:51.783803,76,0.10852745706810599,1.4448115879471142,0.41186689225748374,0.7655200204462744,11.879999734461308
21:41:51.783803,76,0.11172055471181232,1.4873208717883306,0.3651407989607214,0.7655200204462744,12.23999972641468
21:41:51.783803,76,0.12664584772425214,1.4763950599845226,0.5310884575080306,0.7655200204462744,7.519999831914902
21:41:51.783803,76,0.12658792844872377,1.4436760583945907,0.4121711564840642,0.7655200204462744,13.879999689757824
21:41:51.783803,76,0.13031240174765701,1.4861519326559962,0.36545401525723165,0.7655200204462744,13.519999697804451
21:41:51.783803,76,0.14470191804776855,1.475084540018472,0.5314396102745986,0.7655200204462744,7.999999821186066
21:41:51.783803,76,0.14463574114255218,1.4423661377720505,0.4125221486570225,0.7655200204462744,15.999999642372131
21:41:51.783803,76,0.14889121765250282,1.4848034715150822,0.36581533433096425,0.7655200204462744,14.6399996727705
21:41:51.783803,76,0.1588871058142014,1.4137963446828827,0.47375708128557115,0.7655200204462744,8.239999815821648
21:41:51.783803,76,0.16266909038344224,1.4408819570704599,0.41291983367743557,0.7655200204462744,17.519999608397484
21:41:51.783803,76,0.16745514456032454,1.4832756232105724,0.36622472005031503,0.7655200204462744,15.119999662041664
21:41:51.783803,76,0.17648529906548246,1.4121766068847599,0.4741910887205283,0.7655200204462744,8.119999818503857
21:41:51.783803,76,0.18068617285157829,1.4392236647066452,0.41336417177713436,0.7655200204462744,17.879999600350857
21:41:51.783803,76,0.18600232609398426,1.481568540526017,0.36668213147705475,0.7655200204462744,14.879999667406082
21:41:51.783803,76,0.20481599578413132,1.453761542285266,0.2604764040859475,0.7655200204462744,4.999999888241291
21:41:51.783803,76,0.6281565973286077,6.573468505502434,4.557846381268946,-0.3480400092958007,3.1199999302625656
21:41:51.783803,76,0.21162698238214556,1.408427605239502,0.4751956306837981,0.7655200204462744,7.35999983549118
21:41:51.783803,76,0.21666433250381129,1.4353854256981682,0.41439262481981354,0.7655200204462744,16.759999625384808
21:41:51.783803,76,0.22303903608835185,1.4776173727503412,0.3677408436917069,0.7655200204462744,13.639999695122242
21:41:51.783803,76,0.22771876289508158,1.391038042975695,0.46161123522741665,0.7655200204462744,6.5199998542666435
21:41:51.783803,76,0.2346218119020856,1.4332058628741917,0.41497663691835096,0.7655200204462744,14.239999681711197
21:41:51.783803,76,0.252555829315736,1.4308529559909788,0.41560709641757354,0.7655200204462744,11.239999748766422
21:41:51.783803,76,0.2704645913580464,1.4283269403372478,0.41628394027205906,0.7655200204462744,8.51999980956316
21:41:51.783803,76,0.28834630716781645,1.4256280685124472,0.4170071007979894,0.7655200204462744,6.359999857842922
21:41:51.783803,76,0.32402145034675156,1.4197128531478063,0.41859207797800124,0.7655200204462744,4.639999896287918
21:41:51.783803,76,0.35944499062219865,0.9355788677503506,-0.18346016204710391,0.27832000743364915,5.239999882876873
21:41:51.783803,76,0.4917677826157553,1.0646468018199187,-0.16901251158620934,0.13916000371682458,11.119999751448631
21:41:51.783803,76,0.5043823267708589,1.0919565088928622,-0.22465077230113462,0.13916000371682458,13.519999697804451
21:41:51.783803,76,0.5169968709259624,1.1192662159658056,-0.28028903301606034,0.6958000185841229,7.639999829232693
21:41:51.783803,76,0.28960534393516646,1.294449533256865,1.5811798304533147,0.3480400092958007,24.759999446570873
21:41:51.783803,76,0.3031780457434427,1.291586585535491,1.5819469549832295,0.3480400092958007,29.999999329447746
21:41:51.783803,76,0.31607599509596845,1.331463572792936,1.507918723127085,0.3480400092958007,32.63999927043915
21:41:51.783803,76,0.31672043000114736,1.2885926809161694,1.5827491693081925,0.3480400092958007,36.35999918729067
21:41:51.783803,76,0.33019450611720574,1.3283423000125998,1.5087550656479334,0.3480400092958007,38.75999913364649
21:41:51.783803,76,0.3302311424812006,1.2854681187868533,1.5835863932074437,0.3480400092958007,43.239999033510685
21:41:51.783803,76,0.3442799979644686,1.325084811226296,1.5096279071375769,0.3480400092958007,45.519998982548714
21:41:51.783803,76,0.35767000404744886,1.3608510901903332,1.43170170923419,0.3480400092958007,40.759999088943005
21:41:51.783803,76,0.38446951585593975,1.4413699580228707,1.3090788089566248,0.41748001115047373,2.9999999329447746
21:41:51.783803,76,0.3437088321236736,1.2822132116011375,1.5844585429592943,0.3480400092958007,49.359998896718025
21:41:51.783803,76,0.358331062100373,1.3216914321801738,1.510537160312598,0.3480400092958007,51.759998843073845
21:41:51.783803,76,0.37226755312399606,1.3573257332008561,1.4326463257925517,0.3480400092958007,44.23999901115894
21:41:51.783803,76,0.3854462544568128,1.3888766381639561,1.3509825358604957,0.3480400092958007,25.119999438524246
21:41:51.783803,76,0.3409121270432453,1.220678831923525,1.6042193272820264,0.4872000130126253,17.11999961733818
21:41:51.783803,76,0.35715215117089383,1.2788282848470143,1.5853655313495003,0.3480400092958007,53.119998812675476
21:41:51.783803,76,0.3719916624801588,1.3131279463293843,1.4978441845270165,0.3480400092958007,56.23999874293804
21:41:51.783803,76,0.38630281458681276,1.3478612258537377,1.419615024283686,0.3480400092958007,45.99999897181988
21:41:51.783803,76,0.370355796136431,1.2710071159397582,1.5730823506781608,0.3480400092958007,52.63999882340431
21:41:51.783803,76,0.3859563465352217,1.3094673081213757,1.498825049578635,0.3480400092958007,57.11999872326851
21:41:51.783803,76,0.4008047437949012,1.3440597566662043,1.4206336248825373,0.3480400092958007,45.35999898612499
21:41:51.783803,76,0.38371898534180043,1.2673651841397648,1.5740582033628583,0.3480400092958007,48.239998921751976
21:41:51.783803,76,0.3998824352789857,1.3056719667050416,1.499842008246142,0.3480400092958007,54.239998787641525
21:41:51.783803,76,0.4152665928644047,1.3401184020087569,1.421689707680085,0.3480400092958007,42.75999904423952
21:41:51.783803,76,0.39704380297011577,1.2635943580932674,1.5750685931568156,0.3480400092958007,41.51999907195568
21:41:51.783803,76,0.4261339089464752,1.2818426948997246,1.4613605467685042,0.3480400092958007,48.35999891906977
21:41:51.783803,76,0.4440642700490901,1.3318176267617927,1.4239138937040612,0.3480400092958007,38.519999139010906
21:41:51.783803,76,0.4094049137064094,1.2460399931465587,1.5366932593667475,0.3480400092958007,34.51999922841787
21:41:51.783803,76,0.43988812365877006,1.2776600949010117,1.4624812710604218,0.3480400092958007,41.23999907821417
21:41:51.783803,76,0.45625329977761286,1.3093531512967087,1.3833690565773737,0.3480400092958007,33.639999248087406
21:41:51.783803,76,0.43579116660405476,1.2378757539634277,1.538880860662682,0.3480400092958007,28.11999937146902
21:41:51.783803,76,0.4535983499272378,1.2733448507356544,1.4636375372496724,0.3480400092958007,34.35999923199415
21:41:51.783803,76,0.47047358816288987,1.3048773669235947,1.3845683393856456,0.3480400092958007,28.879999354481697
21:41:51.783803,76,0.4489195835198117,1.2336028936400045,1.5400257701357143,0.3480400092958007,22.879999488592148
21:41:51.783803,76,0.4672632167407378,1.2688973939244537,1.464829229710606,0.3480400092958007,28.359999366104603
21:41:51.783803,76,0.09772404476857623,0.21719955760979115,2.0853426583175683,0.4872000130126253,4.8799998909235
21:41:51.842684,77,-5.7392955142760735,2.5742301543020263,-1.1128224899672468,0.41748001115047373,3.3599999248981476
21:41:51.842684,77,-1.9463215198981583,1.2885243509665072,1.4311904216182272,0.3480400092958007,2.9999999329447746
21:41:51.842684,77,-1.8677997083601054,1.291085588968719,1.4363662347418857,-0.13916000371682458,2.9999999329447746
21:41:51.842684,77,-1.9180973709489861,1.3258530145318859,1.4211882363613508,0.3480400092958007,3.1199999302625656
21:41:51.842684,77,-1.7273926704620102,1.4170997842059525,1.306311645211334,-2.9920800799154676,3.3599999248981476
21:41:51.842684,77,-1.7739093356635947,1.4552606247295579,1.2876314287754775,0.3480400092958007,3.519999921321869
21:41:51.842684,77,-5.13645628528789,1.4602757230545942,-2.6510276988805828,-0.6263600167294499,3.1199999302625656
21:41:51.842684,77,-4.275203299516802,5.708461309858183,1.5757461602278595,2.852920076198643,2.9999999329447746
21:41:51.842684,77,-0.2582902403908076,5.587262128391972,6.239295436969315,0.13916000371682458,2.9999999329447746
21:41:51.842684,77,0.14495575511872338,1.4183516897646296,0.30747650579825514,0.5566400148672983,11.239999748766422
21:41:51.842684,77,0.16302900406731138,1.4168642252373127,0.30787507071711984,0.5566400148672983,12.359999723732471
21:41:51.842684,77,0.18068617285157829,1.4392236647066452,0.41336417177713436,0.5566400148672983,8.759999804198742
21:41:51.842684,77,0.19912478799353436,1.4133659716978777,0.3088124249279307,0.5566400148672983,13.519999697804451
21:41:51.842684,77,0.21666433250381129,1.4353854256981682,0.41439262481981354,0.5566400148672983,9.359999790787697
21:41:51.842684,77,0.21714371342301778,1.4113555325081826,0.30935112048524127,0.5566400148672983,14.879999667406082
21:41:51.842684,77,0.2346218119020856,1.4332058628741917,0.41497663691835096,0.5566400148672983,9.999999776482582
21:41:51.842684,77,0.23514092466308206,1.4091711472899615,0.30993642474042216,0.5566400148672983,16.119999639689922
21:41:51.842684,77,0.252555829315736,1.4308529559909788,0.41560709641757354,0.5566400148672983,10.759999759495258
21:41:51.842684,77,0.25311462200768137,1.406813034479906,0.310568279163538,0.5566400148672983,16.759999625384808
21:41:51.842684,77,0.26741723757643643,1.5150501412138462,0.3223749985907669,0.5566400148672983,9.999999776482582
21:41:51.842684,77,0.2704645913580464,1.4283269403372478,0.41628394027205906,0.5566400148672983,10.99999975413084
21:41:51.842684,77,0.2889842881228842,1.401576586670547,0.31197138112526357,0.5566400148672983,16.519999630749226
21:41:51.842684,77,0.28834630716781645,1.4256280685124472,0.4170071007979894,0.4872000130126253,10.87999975681305
21:41:51.842684,77,0.3068766699569279,1.3986987753116369,0.31274248835485263,0.5566400148672983,15.639999650418758
21:41:51.842684,77,0.31448808286940205,1.377942024929828,0.4651203026868702,0.5566400148672983,2.9999999329447746
21:41:51.842684,77,0.32402145034675156,1.4197128531478063,0.41859207797800124,0.4872000130126253,10.119999773800373
21:41:51.842684,77,0.34181131023148736,1.4164971011245473,0.41945373613569226,0.4872000130126253,9.119999796152115
21:41:51.842684,77,0.3595669892715699,1.4131096759042288,0.4203613939878974,0.4872000130126253,7.999999821186066
21:41:51.842684,77,0.44918567845307433,1.2435543277277636,-0.15584008401238103,0.13916000371682458,4.119999907910824
21:41:51.842684,77,0.04695031374819063,0.15527017185723252,2.194154185767139,-2.4354400650481693,4.519999898970127
21:41:51.842684,77,0.28878487971966965,1.387367735821578,1.6734156736064638,0.4872000130126253,25.879999421536922
21:41:51.842684,77,0.301465643242973,1.4325749096379983,1.600432655269926,0.4872000130126253,29.759999334812164
21:41:51.842684,77,0.502690651387567,1.4849802684368538,-0.06443610029560443,0.13916000371682458,3.879999913275242
21:41:51.842684,77,0.30313765956022076,1.370005272785125,1.6178529402224555,0.4872000130126253,32.51999927312136
21:41:51.842684,77,0.3163220893124531,1.4295911992101957,1.601232138069504,0.4872000130126253,36.63999918103218
21:41:51.842684,77,0.30354223570496325,1.307552959547905,1.6352417884069177,0.4872000130126253,26.359999410808086
21:41:51.842684,77,0.31734456957149015,1.3670085488300074,1.6186559099861684,0.4872000130126253,41.35999907553196
21:41:51.842684,77,0.3307495933973216,1.4090457538102863,1.5439284717376354,0.4872000130126253,45.759998977184296
21:41:51.842684,77,0.3171008876326755,1.3045554585269852,1.6360449663847847,0.4872000130126253,31.75999929010868
21:41:51.842684,77,0.3315197453916739,1.3638747487871088,1.6194956091769037,0.4872000130126253,53.119998812675476
21:41:51.842684,77,0.3455235460292891,1.4057795782101277,1.544803640852036,0.4872000130126253,57.2399987205863
21:41:51.842684,77,0.35857510327950437,1.4384070073423285,1.451201333450006,0.4872000130126253,29.11999934911728
21:41:51.842684,77,0.330627829737292,1.3014271430448863,1.6368831959918828,0.4872000130126253,37.99999915063381
21:41:51.842684,77,0.34566176951506605,1.3606041860338074,1.6203719538254462,0.4872000130126253,67.99999848008156
21:41:51.842684,77,0.36026294659613367,1.4023708628749463,1.5457170033733254,0.4872000130126253,70.87999841570854
21:41:51.842684,77,0.37257783123427,1.4175719016925001,1.4080148117772295,0.41748001115047373,34.35999923199415
21:41:51.842684,77,0.34412170933593494,1.2981683259305352,1.6377563934059538,0.4872000130126253,43.99999901652336
21:41:51.842684,77,0.35976922775110237,1.3571971876236384,1.621284856298065,0.4872000130126253,84.35999811440706
21:41:51.842684,77,0.37496632117014717,1.3988199486734194,1.5466684679660168,0.4872000130126253,84.87999810278416
21:41:51.842684,77,0.3877838119280111,1.4138996064298213,1.408998800327233,0.41748001115047373,39.639999113976955
21:41:51.842684,77,0.3575811770519498,1.2947793330629132,1.638664471307988,0.4872000130126253,48.87999890744686
21:41:51.842684,77,0.3738407093657785,1.3536540942535884,1.622234225305278,0.4872000130126253,97.63999781757593
21:41:51.842684,77,0.38963219942619076,1.3951271906939933,1.5476579394844476,0.4872000130126253,95.23999787122011
21:41:51.842684,77,0.40295101456544485,1.4100806187369512,1.4100220949954418,0.4872000130126253,43.87999901920557
21:41:51.842684,77,0.3541349666769602,1.232545746446909,1.6559947118709322,0.4872000130126253,7.999999821186066
21:41:51.842684,77,0.370949235755498,1.2874665196389703,1.6262249217711737,0.4872000130126253,50.75999886542559
21:41:51.842684,77,0.3878166255193623,1.3460087607368603,1.609229038451279,0.4872000130126253,101.11999773979187
21:41:51.842684,77,0.40425911478872595,1.3912929582093714,1.5486853189822951,0.4872000130126253,97.11999782919884
21:41:51.842684,77,0.4180779224390148,1.40611532050946,1.4110845934532468,0.4872000130126253,46.11999896913767
21:41:51.842684,77,0.3839303037684698,1.2716697395609025,1.5872836577778955,0.4872000130126253,48.99999890476465
21:41:51.842684,77,0.40138795417347034,1.3294936871002463,1.568517080750183,0.4872000130126253,92.63999792933464
21:41:51.842684,77,0.4188456045784708,1.38731763463959,1.5497505037224706,0.4872000130126253,89.75999799370766
21:41:51.842684,77,0.433163022870607,1.4020041082738481,1.4121861894516918,0.4872000130126253,45.35999898612499
21:41:51.842684,77,0.45877472977898626,1.3921415484221498,1.2555512689115884,0.41748001115047373,10.239999771118164
21:41:51.842684,77,0.3972624595260006,1.2678968368774446,1.5882946040050492,0.4872000130126253,44.519999004900455
21:41:51.842684,77,0.4153263348423339,1.3255492271955602,1.5695739955962207,0.4872000130126253,77.11999827623367
21:41:51.842684,77,0.43315166858889337,1.3785078636998804,1.5364245795222629,0.4872000130126253,76.51999828964472
21:41:51.842684,77,0.4625730444020423,1.3873283120287998,1.3999023970166027,0.4872000130126253,41.879999063909054
21:41:51.842684,77,0.4105548893704057,1.2639953462510576,1.5893400052676672,0.4872000130126253,38.519999139010906
21:41:51.842684,77,0.42922318322567393,1.321470332340475,1.5706669321786522,0.4872000130126253,61.11999863386154
21:41:51.842684,77,0.4466369205963165,1.3593570737598153,1.494559325010093,0.4872000130126253,62.23999860882759
21:41:51.842684,77,0.4775033957288238,1.3827880537336932,1.4011189555602055,0.4872000130126253,36.87999917566776
21:41:51.842684,77,0.42380626406983685,1.2599656578275344,1.5904197570264993,0.4872000130126253,32.359999276697636
21:41:51.842684,77,0.4430771096502949,1.3172574104210588,1.5717957812047352,0.4872000130126253,47.63999893516302
21:41:51.842684,77,0.47542278599687493,1.3504503642268164,1.4969458706366785,0.4872000130126253,49.75999888777733
21:41:51.842684,77,0.4900831133367302,1.3592651715087134,1.358916904437469,0.41748001115047373,31.5199992954731
21:41:51.842684,77,0.4367747216714507,1.2515123494882605,1.578305957605473,0.4872000130126253,26.87999939918518
21:41:51.842684,77,0.45688672873516134,1.3129108827259734,1.5729604297905126,0.4872000130126253,37.239999167621136
21:41:51.842684,77,0.48974512436471185,1.345788922428977,1.4981949002019743,0.4872000130126253,39.639999113976955
21:41:51.842684,77,0.5048471010636831,1.3544599876256291,1.3602044495784245,0.41748001115047373,26.359999410808086
21:41:51.842684,77,0.48301079874187164,1.2850964055747118,1.520342768138527,0.4872000130126253,29.519999340176582
21:41:51.842684,77,0.5040184886304213,1.3409893728448514,1.499480935637074,0.4872000130126253,31.87999928742647
21:41:51.842684,77,3.448058801202855,4.6217442376135995,-2.000775980617534,3.0615200817701407,3.1199999302625656
21:41:51.895347,78,-0.08575787813141184,0.17186436791732335,1.8353268951549595,-2.7832000743364915,3.3599999248981476
21:41:51.895347,78,0.32949480451296803,3.2743434906510327,0.11300463803753225,0.06972000186215155,5.879999868571758
21:41:51.895347,78,0.6250211089259532,7.036069134912021,1.4992737715019406,-0.3480400092958007,3.1199999302625656
21:41:51.895347,78,0.26277805185371467,1.4150317250016506,0.07629531605965978,0.20888000557897612,3.2399999275803566
21:41:51.895347,78,0.27484794170678656,1.5571487338252799,0.27575894967736403,0.7655200204462744,6.359999857842922
21:41:51.895347,78,0.4461823184594525,3.3176183152743515,0.08457523552764235,0.06972000186215155,7.879999823868275
21:41:51.895347,78,0.2869935283614553,1.549618561172754,0.4463956440674386,0.7655200204462744,8.119999818503857
21:41:51.895347,78,0.30596805174595615,1.5467547528505419,0.44716299919465285,0.7655200204462744,7.999999821186066
21:41:51.895347,78,0.334198324105928,1.587828696197556,0.40362095152974575,0.7655200204462744,10.359999768435955
21:41:51.895347,78,0.36901327744267515,1.2280446194014831,-0.10610048523136628,0.13916000371682458,7.1199998408555984
21:41:51.895347,78,0.5966338013040624,3.271285129872346,-0.07584276041015237,0.06972000186215155,4.519999898970127
21:41:51.895347,78,0.33399655910682724,1.496449465372326,0.4931785780645692,0.7655200204462744,3.1199999302625656
21:41:51.895347,78,0.3438234144916426,1.5404780401762799,0.4488448392868434,0.7655200204462744,7.239999838173389
21:41:51.895347,78,0.44918567845307433,1.2435543277277636,-0.15584008401238103,0.13916000371682458,9.119999796152115
21:41:51.895347,78,0.3163220893124531,1.4295911992101957,1.601232138069504,0.4872000130126253,21.639999516308308
21:41:51.895347,78,0.31734456957149015,1.3670085488300074,1.6186559099861684,0.4872000130126253,22.11999950557947
21:41:51.895347,78,0.33114690343801706,1.4264641381121104,1.6020700315654188,0.4872000130126253,27.119999393820763
21:41:51.895347,78,0.344535367224261,1.4677753379476837,1.5249192301148382,0.4872000130126253,25.879999421536922
21:41:51.895347,78,0.5668960293514315,1.1035606362010877,-0.2760807356014414,0.20888000557897612,6.5199998542666435
21:41:51.895347,78,0.3315197453916739,1.3638747487871088,1.6194956091769037,0.4872000130126253,27.519999384880066
21:41:51.895347,78,0.3455235460292891,1.4057795782101277,1.544803640852036,0.4872000130126253,34.639999225735664
21:41:51.895347,78,0.35891694381624406,1.4438900400515162,1.4660234278995845,0.4872000130126253,32.359999276697636
21:41:51.895347,78,0.34566176951506605,1.3606041860338074,1.6203719538254462,0.4872000130126253,34.759999223053455
21:41:51.895347,78,0.36026294659613367,1.4023708628749463,1.5457170033733254,0.4872000130126253,44.63999900221825
21:41:51.895347,78,0.37422768216079333,1.4403491939803799,1.4669721947448684,0.4872000130126253,40.3599990978837
21:41:51.895347,78,0.40345634009052417,1.3956617173506014,1.1037853888919589,0.27832000743364915,5.359999880194664
21:41:51.895347,78,0.3593375766469104,1.3405165801372787,1.5655635054626555,0.4872000130126253,43.87999901920557
21:41:51.895347,78,0.37496632117014717,1.3988199486734194,1.5466684679660168,0.4872000130126253,57.759998708963394
21:41:51.895347,78,0.3895009980506548,1.436660637042331,1.4679605405976548,0.4872000130126253,49.87999888509512
21:41:51.895347,78,0.3733921752985423,1.336977737770504,1.5665117354169737,0.4872000130126253,54.51999878138304
21:41:51.895347,78,0.38963219942619076,1.3951271906939933,1.5476579394844476,0.4872000130126253,72.99999836832285
21:41:51.895347,78,0.40473536416703537,1.432824738089973,1.4689883666241865,0.4872000130126253,59.51999866962433
21:41:51.895347,78,0.3874094350454726,1.3333033176118476,1.5674962933311385,0.4872000130126253,64.99999854713678
21:41:51.895347,78,0.40425911478872595,1.3912929582093714,1.5486853189822951,0.4872000130126253,86.99999805539846
21:41:51.895347,78,0.41992925708608686,1.4288418807099879,1.4700555700427218,0.4872000130126253,66.63999851047993
21:41:51.895347,78,0.4363157873157329,1.4803261162465475,1.433431928146657,0.41748001115047373,27.87999937683344
21:41:51.895347,78,0.07032313298705578,0.1854210787977072,2.1571072454882594,1.3916000371682458,5.119999885559082
21:41:51.895347,78,0.40138795417347034,1.3294936871002463,1.568517080750183,0.4872000130126253,71.75999839603901
21:41:51.895347,78,0.41767240639058495,1.3677059388789483,1.4923222533437048,0.4872000130126253,93.51999790966511
21:41:51.895347,78,0.43508115743124687,1.424712463184776,1.4711620441338131,0.4872000130126253,68.35999847203493
21:41:51.895347,78,0.3972624595260006,1.2678968368774446,1.5882946040050492,0.4872000130126253,21.639999516308308
21:41:51.895347,78,0.4153263348423339,1.3255492271955602,1.5695739955962207,0.4872000130126253,71.3599984049797
21:41:51.895347,78,0.43217627212601817,1.3636014508314833,1.4934220476013662,0.4872000130126253,88.63999801874161
21:41:51.895347,78,0.44976077941384945,1.4149762030408335,1.4574795985406035,0.4872000130126253,63.879998572170734
21:41:51.895347,78,0.42898693522211967,1.3169744610990806,1.556838921360602,0.4872000130126253,64.23999856412411
21:41:51.895347,78,0.4466369205963165,1.3593570737598153,1.494559325010093,0.4872000130126253,75.51999831199646
21:41:51.895347,78,0.4648098067351241,1.4105591295849287,1.458663149806022,0.4872000130126253,55.23999876528978
21:41:51.895347,78,0.44283323633061816,1.3127638580068655,1.557967149058809,0.4872000130126253,53.75999879837036
21:41:51.895347,78,0.47542278599687493,1.3504503642268164,1.4969458706366785,0.4872000130126253,60.359998650848866
21:41:51.895347,78,0.4947669193618029,1.4012900213993542,1.4611467998589034,0.4872000130126253,45.759998977184296
21:41:51.895347,78,0.4693323539422618,1.2896959080344907,1.5191103351688442,0.4872000130126253,43.239999033510685
21:41:51.895347,78,0.48974512436471185,1.345788922428977,1.4981949002019743,0.4872000130126253,47.11999894678593
21:41:51.895347,78,0.5079087707498169,1.3792742344480526,1.4182766407873753,0.41748001115047373,36.999999172985554
21:41:51.895347,78,0.48301079874187164,1.2850964055747118,1.520342768138527,0.4872000130126253,34.35999923199415
21:41:51.895347,78,0.5040184886304213,1.3409893728448514,1.499480935637074,0.4872000130126253,36.75999917834997
21:41:51.895347,78,0.522711504943577,1.374296679372669,1.4196103726501057,0.41748001115047373,29.879999332129955
21:41:51.895347,78,0.496640942866274,1.2803650116621776,1.521610541316464,0.4872000130126253,27.519999384880066
21:41:51.895347,78,0.5182414514695347,1.3360521954253768,1.5008038483395114,0.4872000130126253,28.999999351799488
21:41:51.943305,79,0.39784414467297735,3.189274189595463,-0.01516594779867253,0.06972000186215155,3.759999915957451
21:41:51.943305,79,0.5141457833371124,3.229138950068098,-0.04519870187066122,0.06972000186215155,4.759999893605709
21:41:51.943305,79,0.6616214037854088,3.173655035667098,-0.20376321150154464,0.06972000186215155,3.1199999302625656
21:41:51.943305,79,0.04652304777582486,0.24859012425497792,1.9931034625302395,0.4872000130126253,4.359999902546406
21:41:51.943305,79,0.48920153812797584,1.1990187519330395,-0.09832302748358401,0.20888000557897612,5.759999871253967
21:41:51.943305,79,1.4541813576533527,6.78951382459905,0.9783854219007009,-0.3480400092958007,3.3599999248981476
21:41:51.943305,79,0.3605514358247843,1.4349202481761067,1.6626381582725045,0.4872000130126253,22.519999496638775
21:41:51.943305,79,0.6012478791256815,1.0599081914312318,-0.2160634515185147,0.20888000557897612,15.359999656677246
21:41:51.943305,79,0.3754167461662698,1.4162260493167411,1.6048133191901761,0.4872000130126253,27.359999388456345
21:41:51.943305,79,0.390595065693384,1.4571233172095603,1.5277734304693777,0.4872000130126253,26.75999940186739
21:41:51.943305,79,0.6532658357995641,0.3037058075300014,-0.5559122539953014,0.20888000557897612,10.119999773800373
21:41:51.943305,79,0.3738407093657785,1.3536540942535884,1.622234225305278,0.4872000130126253,23.35999947786331
21:41:51.943305,79,0.39010024167960733,1.4125288554442637,1.6058039793025678,0.4872000130126253,32.87999926507473
21:41:51.943305,79,0.40587222355383923,1.4532766436174824,1.5288041435519213,0.4872000130126253,31.119999304413795
21:41:51.943305,79,0.6652992677260959,0.9176707287192299,-0.3313125099089582,0.20888000557897612,18.23999959230423
21:41:51.943305,79,0.3878748072227222,1.3499752602300266,1.6232199659109794,0.4872000130126253,25.999999418854713
21:41:51.943305,79,0.4047447274956032,1.4086900171215853,1.6068325929310032,0.4872000130126253,38.6399991363287
21:41:51.943305,79,0.4211087945319792,1.4492825988068956,1.5298743446334517,0.4872000130126253,35.51999920606613
21:41:51.943305,79,0.3843914966698659,1.2876121886372234,1.640584901868889,0.4872000130126253,5.519999876618385
21:41:51.943305,79,0.40138795417347034,1.3294936871002463,1.568517080750183,0.4872000130126253,27.87999937683344
21:41:51.943305,79,0.4188456045784708,1.38731763463959,1.5497505037224706,0.4872000130126253,43.239999033510685
21:41:51.943305,79,0.43508115743124687,1.424712463184776,1.4711620441338131,0.41748001115047373,38.87999913096428
21:41:51.943305,79,0.4153263348423339,1.3255492271955602,1.5695739955962207,0.4872000130126253,28.359999366104603
21:41:51.943305,79,0.43339021015866713,1.3832016175136757,1.550853387187392,0.4872000130126253,45.11999899148941
21:41:51.943305,79,0.4501895500251751,1.420436898452631,1.4723076782509785,0.41748001115047373,40.51999909430742
21:41:51.943305,79,0.46820282792433204,1.4772723460737784,1.4511933089005906,0.41748001115047373,17.999999597668648
21:41:51.943305,79,0.42898693522211967,1.3169744610990806,1.556838921360602,0.4872000130126253,27.519999384880066
21:41:51.943305,79,0.44764495389346165,1.3742539073184492,1.5375644236993045,0.4872000130126253,43.359999030828476
21:41:51.943305,79,0.46525292404127006,1.4160156140664433,1.4734923578317658,0.41748001115047373,39.759999111294746
21:41:51.943305,79,0.45560697630046487,1.294163059095122,1.5179133656496804,0.41748001115047373,25.359999433159828
21:41:51.943305,79,0.47542278599687493,1.3504503642268164,1.4969458706366785,0.41748001115047373,38.87999913096428
21:41:51.943305,79,0.49523859569328504,1.4067376693585107,1.475978375623677,0.41748001115047373,36.87999917566776
21:41:51.943305,79,0.5320418091982321,1.2236954999313885,0.9354108240670722,0.3480400092958007,7.239999838173389
21:41:51.943305,79,0.4693323539422618,1.2896959080344907,1.5191103351688442,0.41748001115047373,22.639999493956566
21:41:51.943305,79,0.48974512436471185,1.345788922428977,1.4981949002019743,0.41748001115047373,32.99999926239252
21:41:51.943305,79,0.510157894787162,1.4018819368234632,1.4772794652351044,0.41748001115047373,32.63999927043915
21:41:51.943305,79,0.5035384501322433,1.3357687105890232,1.4852403961025917,0.41748001115047373,27.359999388456345
21:41:51.943305,79,0.524526131826388,1.3914440785921576,1.4637850122828149,0.41748001115047373,27.99999937415123
21:41:51.943305,79,0.5159566895996139,1.3143920133178213,1.444150381363275,0.41748001115047373,22.359999500215054
21:41:52.003256,80,-0.07231336159768952,0.236033687052888,1.9446115319656698,-2.644040070619667,3.759999915957451
21:41:52.003256,80,0.2176118863814642,1.4966994015842294,-0.026913312348413765,0.13916000371682458,3.759999915957451
21:41:52.003256,80,0.5450284975467772,4.9085762590543505,1.2524370153390765,-0.3480400092958007,3.1199999302625656
21:41:52.003256,80,0.3909078440967177,1.4910264117622662,1.6495686989986924,0.5566400148672983,36.999999172985554
21:41:52.003256,80,0.40671178299660465,1.5342837727029477,1.5718702449743982,0.5566400148672983,28.519999362528324
21:41:52.003256,80,0.3899442067911778,1.427670775450247,1.6645806486349501,0.5566400148672983,35.51999920606613
21:41:52.003256,80,0.40619723550916265,1.4871766578536922,1.6506002374495534,0.5566400148672983,44.87999899685383
21:41:52.003256,80,0.4226193063072649,1.5302783778256142,1.5729434872971475,0.5566400148672983,33.87999924272299
21:41:52.003256,80,0.40458283500836634,1.4238334726116448,1.665608850831667,0.5566400148672983,40.99999908357859
21:41:52.003256,80,0.4215514050470909,1.4794572805792787,1.6363086917257141,0.5566400148672983,53.75999879837036
21:41:52.003256,80,0.43848456804136515,1.5261195309047024,1.5740578469710504,0.5566400148672983,39.87999910861254
21:41:52.003256,80,0.4192858363456577,1.4162807690616044,1.6519272498728836,0.5566400148672983,46.23999896645546
21:41:52.003256,80,0.43682736043198456,1.4632587830253707,1.5915561348880274,0.5566400148672983,62.5199986025691
21:41:52.003256,80,0.4542378352238954,1.5173242477350715,1.5593965807753434,0.5566400148672983,45.35999898612499
21:41:52.003256,80,0.43391081633769973,1.400588956774028,1.6090032655089668,0.5566400148672983,49.99999888241291
21:41:52.003256,80,0.451996390725416,1.4589660582672452,1.592706367020296,0.5566400148672983,68.87999846041203
21:41:52.003256,80,0.46951796079133357,1.498506398149906,1.5134121703697347,0.5566400148672983,49.51999889314175
21:41:52.003256,80,0.4297387838002451,1.3381280606891475,1.6263944134605284,0.5566400148672983,13.639999695122242
21:41:52.003256,80,0.4484295027793515,1.396327544848397,1.610145107393056,0.5566400148672983,51.35999885201454
21:41:52.003256,80,0.46712022175845797,1.4545270290076464,1.5938958013255837,0.5566400148672983,70.87999841570854
21:41:52.003256,80,0.48522806479147873,1.4938952906087266,1.5146477129116067,0.5566400148672983,50.75999886542559
21:41:52.003256,80,0.5024113498898928,1.5291087478800691,1.4314416921200848,0.4872000130126253,23.639999471604824
21:41:52.003256,80,0.5305622322197654,1.3220017506740829,0.949000262059855,0.3480400092958007,9.119999796152115
21:41:52.003256,80,0.5400464664958419,1.3251162157841616,0.8536408075835464,0.3480400092958007,6.5199998542666435
21:41:52.003256,80,0.4628339105688573,1.3877896079103398,1.5967243570974503,0.5566400148672983,49.99999888241291
21:41:52.003256,80,0.4821250109599481,1.4456332274822206,1.5799156688512648,0.5566400148672983,67.5199984908104
21:41:52.003256,80,0.5008896463916691,1.4891326682016297,1.5159238537394428,0.5566400148672983,48.75999891012907
21:41:52.003256,80,0.591183539306823,1.3597214056794733,0.8170711661096774,0.3480400092958007,3.3599999248981476
21:41:52.003256,80,0.47675819897239624,1.3700135908796043,1.5543871082737515,0.5566400148672983,46.11999896913767
21:41:52.003256,80,0.4966296692096312,1.4271162990332356,1.53581378675699,0.5566400148672983,60.239998653531075
21:41:52.003256,80,0.5165011394468663,1.4842190071868662,1.517240465240229,0.5566400148672983,44.11999901384115
21:41:52.003256,80,0.5054342239494771,1.3605260245604995,1.5569292940070922,0.5566400148672983,40.759999088943005
21:41:52.003256,80,0.5265009222458886,1.4172332871986884,1.5384619317968444,0.5566400148672983,51.11999885737896
21:41:52.003256,80,0.5472662347779249,1.4688690422403268,1.5043593420973942,0.5566400148672983,38.239999145269394
21:41:52.003256,80,0.5194110919872614,1.3508964312423917,1.5438230405511133,0.5566400148672983,35.11999921500683
21:41:52.003256,80,0.5398419600727954,1.3917393791885764,1.4799971553625584,0.5566400148672983,42.35999905318022
21:41:52.003256,80,0.5614424686760561,1.4474265629517755,1.4591904623856058,0.5566400148672983,32.359999276697636
21:41:52.003256,80,0.08848087362117364,0.19578420337157135,2.1335989775182505,2.4354400650481693,4.239999905228615
21:41:52.003256,80,0.5546037578828925,1.3864535683360026,1.4814134841118494,0.5566400148672983,34.759999223053455
21:41:52.003256,80,0.5767949251681008,1.4419292527878464,1.460663462204574,0.5566400148672983,26.99999939650297
21:41:52.003256,80,0.5687678720945408,1.375602277081627,1.4680298102042157,0.5566400148672983,28.519999362528324
21:41:52.054806,81,-0.10233194692606606,0.09851095650734788,2.209362771683165,-4.105360109650064,3.999999910593033
21:41:52.054806,81,0.03556463834251466,0.2436868949919782,2.057972922897363,-2.7137600724818185,4.8799998909235
21:41:52.054806,81,0.5200945820769214,3.30828448621753,0.08707622748570776,0.06972000186215155,3.759999915957451
21:41:52.054806,81,0.5840606220170186,3.243445936502069,0.121283612719844,0.06972000186215155,3.2399999275803566
21:41:52.054806,81,0.5538632891178489,1.214479478315336,-0.1480495015922645,0.06972000186215155,4.639999896287918
21:41:52.054806,81,0.6489056172988533,1.074195163542259,-0.2682122809171501,0.06972000186215155,4.519999898970127
21:41:52.054806,81,0.7434853604501288,0.7208585978587984,-0.44525526695334694,0.41748001115047373,2.9999999329447746
21:41:52.054806,81,0.516341087904776,1.4997186054640037,1.3690600169847964,0.5566400148672983,22.639999493956566
21:41:52.054806,81,0.49523859569328504,1.4067376693585107,1.475978375623677,0.4872000130126253,31.5199992954731
21:41:52.054806,81,0.5127836941931435,1.4394904140343243,1.3936531622750294,0.4872000130126253,30.51999931782484
21:41:52.054806,81,0.5514131338888186,1.5433106230692133,1.3307308189597833,0.5566400148672983,12.11999972909689
21:41:52.054806,81,0.45743555990052254,1.3295583291110622,1.6286906661162277,0.5566400148672983,3.759999915957451
21:41:52.054806,81,0.48974512436471185,1.345788922428977,1.4981949002019743,0.4872000130126253,17.999999597668648
21:41:52.054806,81,0.5096720089810426,1.3964389135727373,1.4624466502834417,0.4872000130126253,31.63999929279089
21:41:52.054806,81,0.5282315477543564,1.434462654709852,1.3950003463257596,0.4872000130126253,29.23999934643507
21:41:52.054806,81,0.524526131826388,1.3914440785921576,1.4637850122828149,0.6263600167294499,29.999999329447746
21:41:52.054806,81,0.543626578603347,1.4292859344543205,1.3963874443376714,0.4872000130126253,26.75999940186739
21:41:52.054806,81,0.5393278024979989,1.3863060159369271,1.4651617520219444,0.6263600167294499,27.239999391138554
21:41:52.054806,81,0.5589672472499277,1.4239607709354192,1.3978143176021245,0.4872000130126253,23.759999468922615
21:41:52.054806,81,0.6181718826157163,1.2971415627167833,0.8611365932814912,0.4872000130126253,3.3599999248981476
21:41:52.054806,81,0.5540755408412095,1.3810252394090072,1.4665767318280096,0.6263600167294499,23.879999466240406
21:41:52.054806,81,0.5687678720945408,1.375602277081627,1.4680298102042157,0.6263600167294499,20.63999953866005
21:41:52.117622,82,-2.0771598606302217,3.8750457394840283,-3.631457407208357,0.41748001115047373,3.2399999275803566
21:41:52.117622,82,-0.9043060733203377,6.880687410482326,0.9539555331922274,-0.41748001115047373,3.1199999302625656
21:41:52.117622,82,0.5286240388258332,3.362539751337971,0.05570462481207605,0.06972000186215155,3.2399999275803566
21:41:52.117622,82,0.556974546935171,3.3030825985426087,0.08847006908732036,0.06972000186215155,4.999999888241291
21:41:52.117622,82,0.5840606220170186,3.243445936502069,0.121283612719844,0.06972000186215155,3.519999921321869
21:41:52.117622,82,0.4406140621952497,1.4213892311317822,0.03392890721619235,0.06972000186215155,4.519999898970127
21:41:52.117622,82,0.5254396276512341,1.333405646598302,-0.08369484015433626,0.06972000186215155,6.9999998435378075
21:41:52.117622,82,0.05670629614378036,0.14288845466198052,1.7990614731255006,-0.3480400092958007,4.239999905228615
21:41:52.117622,82,0.5945191608978663,1.3503353799518,-0.13140846151522378,0.27832000743364915,5.639999873936176
21:41:52.117622,82,0.4503047373134828,1.4948217047226626,1.0385135029603623,0.6263600167294499,12.999999709427357
21:41:52.117622,82,0.46080056381357576,1.508273259784787,1.195910468666034,0.6263600167294499,24.879999443888664
21:41:52.117622,82,0.4672093188386569,1.490390415280134,1.0397008633879163,0.6263600167294499,14.879999667406082
21:41:52.117622,82,0.43848456804136515,1.5261195309047024,1.5740578469710504,0.6263600167294499,26.239999413490295
21:41:52.117622,82,0.4552878087874759,1.5846022136583497,1.5577352462162914,0.6263600167294499,28.11999937146902
21:41:52.117622,82,0.4727759523656971,1.4703174419856535,1.1348786912512863,0.6263600167294499,30.35999932140112
21:41:52.117622,82,0.4840671798233755,1.485796064406508,1.0409319159942496,0.6263600167294499,16.8799996227026
21:41:52.117622,82,0.43682736043198456,1.4632587830253707,1.5915561348880274,0.6263600167294499,25.239999435842037
21:41:52.117622,82,0.4543059816860241,1.52180764782142,1.5752132125610734,0.6263600167294499,32.51999927312136
21:41:52.117622,82,0.4717155174805615,1.5801250941795402,1.5589348867650563,0.6263600167294499,34.11999923735857
21:41:52.117622,82,0.48919331398963267,1.4656714485804792,1.136123581432243,0.6263600167294499,36.63999918103218
21:41:52.117622,82,0.5176360019241373,1.4761200323509809,1.0435246009694659,0.6263600167294499,18.639999583363533
21:41:52.117622,82,0.451996390725416,1.4589660582672452,1.592706367020296,0.6263600167294499,30.63999931514263
21:41:52.117622,82,0.4700819651131323,1.5173431597604625,1.5764094685316254,0.6263600167294499,40.23999910056591
21:41:52.117622,82,0.4880228400019604,1.5708350078499733,1.5437540547575201,0.6263600167294499,40.99999908357859
21:41:52.117622,82,0.5055617566920161,1.4608671105836317,1.1374108999186645,0.6263600167294499,42.51999904960394
21:41:52.117622,82,0.534343606186094,1.4710393187641788,1.0448859740720233,0.6263600167294499,19.759999558329582
21:41:52.117622,82,0.46712022175845797,1.4545270290076464,1.5938958013255837,0.6263600167294499,37.119999170303345
21:41:52.117622,82,0.4857380684924052,1.5082444752620368,1.5618294984769514,0.6263600167294499,49.63999889045954
21:41:52.117622,82,0.5038225709239988,1.5511431028400828,1.4960484464355917,0.6263600167294499,47.75999893248081
21:41:52.117622,82,0.5218796436422901,1.4559049084248852,1.1387405179797807,0.6263600167294499,46.35999896377325
21:41:52.117622,82,0.5509977765351058,1.465797478839718,1.0462905208466358,0.6263600167294499,19.63999956101179
21:41:52.117622,82,0.5624984750536886,1.4758431667044651,0.9496937031925239,0.6263600167294499,5.359999880194664
21:41:52.117622,82,0.4821250109599481,1.4456332274822206,1.5799156688512648,0.6263600167294499,44.359999008476734
21:41:52.117622,82,0.5008896463916691,1.4891326682016297,1.5159238537394428,0.6263600167294499,59.63999866694212
21:41:52.117622,82,0.5200843226220068,1.5461979711801592,1.4973734904703337,0.6263600167294499,52.63999882340431
21:41:52.117622,82,0.5480165363552835,1.410015987902609,1.0805881499927241,0.5566400148672983,46.35999896377325
21:41:52.117622,82,0.5675968475680906,1.4603950367572003,1.0477381008398023,0.6263600167294499,18.11999959498644
21:41:52.117622,82,0.49715165667833966,1.4409036450529125,1.5811829566437343,0.6263600167294499,51.35999885201454
21:41:52.117622,82,0.5165011394468663,1.4842190071868662,1.517240465240229,0.6263600167294499,68.23999847471714
21:41:52.117622,82,0.5362940663234798,1.541096012936728,1.4987405560614786,0.6263600167294499,53.87999879568815
21:41:52.117622,82,0.5639881902991138,1.4046453728452981,1.082027201960189,0.5566400148672983,42.63999904692173
21:41:52.117622,82,0.5841391593918516,1.4548325327563076,1.0492285692947363,0.6263600167294499,15.75999964773655
21:41:52.117622,82,0.5265009222458886,1.4172332871986884,1.5384619317968444,0.6263600167294499,56.35999874025583
21:41:52.117622,82,0.5475676205423001,1.4739405498368772,1.5199945695865962,0.6263600167294499,72.11999838799238
21:41:52.117622,82,0.5685510512565123,1.5304236730970495,1.5016002009028708,0.6263600167294499,50.87999886274338
21:41:52.117622,82,0.5799034458964241,1.3991207545608346,1.0835075189680015,0.5566400148672983,36.63999918103218
21:41:52.117622,82,0.6089203600080477,1.404358263519345,0.9906851669577599,0.6263600167294499,13.239999704062939
21:41:52.117622,82,0.5202433703633086,1.3687954810193506,1.601813818058825,0.6263600167294499,17.23999961465597
21:41:52.117622,82,0.5413583197834484,1.4120758802319153,1.5398438548286297,0.6263600167294499,57.51999871432781
21:41:52.117622,82,0.563019501960455,1.4685767813387751,1.5214317870240501,0.6263600167294499,69.51999844610691
21:41:52.117622,82,0.5845950668166038,1.524854358725845,1.5030924941910302,0.6263600167294499,44.87999899685383
21:41:52.117622,82,0.5957607116349881,1.3934426855064195,1.0850289529857,0.5566400148672983,30.23999932408333
21:41:52.117622,82,0.6250670024361782,1.3983985126743874,0.9922820773837571,0.6263600167294499,10.99999975413084
21:41:52.117622,82,0.5561615819425803,1.4067752220884533,1.5412641618975238,0.6263600167294499,54.51999878138304
21:41:52.117622,82,0.5780967174369028,1.4579985087348455,1.5072720927714833,0.6263600167294499,61.75999861955643
21:41:52.117622,82,0.6002500587985359,1.5138707143615457,1.4883901839178357,0.6263600167294499,37.87999915331602
21:41:52.117622,82,0.6115584018015175,1.387611733484201,1.086591351871158,0.5566400148672983,24.51999945193529
21:41:52.117622,82,0.6411511386877468,1.392283097828067,0.9939206978532098,0.6263600167294499,9.119999796152115
21:41:52.117622,82,0.5709092284094706,1.401331842829676,1.5427227109740096,0.6263600167294499,48.51999891549349
21:41:52.117622,82,0.5934260143341297,1.4523404413971628,1.5087881673453363,0.6263600167294499,51.759998843073845
21:41:52.117622,82,0.6161667922556932,1.507995823275521,1.489964356239957,0.6263600167294499,31.119999304413795
21:41:52.117622,82,0.6345008162704656,1.338199541408381,1.0302494848054342,0.5566400148672983,19.879999555647373
21:41:52.117622,82,0.6571711603626035,1.3860126305167442,0.9956008645054446,0.6263600167294499,7.639999829232693
21:41:52.117622,82,0.5855997844318281,1.3957462867889485,1.5442193562044013,0.6263600167294499,41.35999907553196
21:41:52.117622,82,0.608695969127096,1.4465345897938822,1.5103438405938103,0.6263600167294499,42.119999058544636
21:41:52.117622,82,0.6305986853544014,1.4853092404507198,1.44317773476466,0.6263600167294499,25.51999942958355
21:41:52.117622,82,0.6499047478875443,1.3319962873239175,1.0319116417278111,0.5566400148672983,16.119999639689922
21:41:52.117622,82,0.5999014084108562,1.3851577011370153,1.5307162446472684,0.6263600167294499,34.35999923199415
21:41:52.117622,82,0.6225001086496305,1.424551499127652,1.46531981726409,0.5566400148672983,33.87999924272299
21:41:52.117622,82,0.6144653617347726,1.3792927112637576,1.5322877639474246,0.6263600167294499,28.359999366104603
21:41:52.117622,82,0.6376126961505036,1.4184655710365626,1.4669505367812912,0.5566400148672983,27.519999384880066
21:41:52.165312,83,-3.4259787497789365,5.897970320048409,0.34698655436672143,-0.5566400148672983,3.519999921321869
21:41:52.165312,83,-3.205671222774018,6.150741503508285,0.5718200455580953,-3.4095600910659414,3.2399999275803566
21:41:52.165312,83,-0.09795259248850086,0.17367741902548614,1.8442744406786213,0.41748001115047373,3.759999915957451
21:41:52.165312,83,0.5142989707846478,1.2605318299496793,-0.2059729769823866,0.41748001115047373,3.2399999275803566
21:41:52.165312,83,0.05284595890315622,0.15237743013367921,2.194929293575877,2.0874000557523686,4.8799998909235
21:41:52.165312,83,0.5807280956476907,1.1304871325805723,-0.3316163153205238,0.27832000743364915,2.9999999329447746
21:41:52.165312,83,1.6189412391772608,6.881711373255822,0.9680295846288913,-0.5566400148672983,3.1199999302625656
21:41:52.165312,83,0.48891878772035513,1.5801924444298145,1.0717698766790593,0.6263600167294499,8.759999804198742
21:41:52.165312,83,0.494280067483918,1.4416698419476668,0.9806875596495606,0.6263600167294499,18.11999959498644
21:41:52.165312,83,0.5007659794545882,1.5370513690553826,1.0078470748088864,0.6263600167294499,9.519999787211418
21:41:52.165312,83,0.5108187133160893,1.4368155472519146,0.9819882639931101,0.6263600167294499,20.75999953597784
21:41:52.165312,83,0.5354928206433636,1.527041544238736,1.0105291992848837,0.6263600167294499,10.119999773800373
21:41:52.165312,83,0.4700819651131323,1.5173431597604625,1.5764094685316254,0.6263600167294499,26.6399994045496
21:41:52.165312,83,0.527306277704893,1.4318017468835271,0.9833317077528303,0.6263600167294499,23.11999948322773
21:41:52.165312,83,0.5527767848559989,1.521785561966706,1.0119375354901066,0.6263600167294499,10.359999768435955
21:41:52.165312,83,0.46712022175845797,1.4545270290076464,1.5938958013255837,0.6263600167294499,26.239999413490295
21:41:52.165312,83,0.48522806479147873,1.4938952906087266,1.5146477129116067,0.6263600167294499,32.99999926239252
21:41:52.165312,83,0.5038225709239988,1.5511431028400828,1.4960484464355917,0.6263600167294499,28.359999366104603
21:41:52.165312,83,0.5437411119077041,1.42662894221834,0.9847177565854712,0.6263600167294499,24.879999443888664
21:41:52.165312,83,0.5624984750536886,1.4758431667044651,0.9496937031925239,0.6263600167294499,10.519999764859676
21:41:52.165312,83,2.0876013113187035,6.646886226284558,0.731744791621348,-0.5566400148672983,3.1199999302625656
21:41:52.165312,83,0.4821250109599481,1.4456332274822206,1.5799156688512648,0.6263600167294499,30.63999931514263
21:41:52.165312,83,0.5008896463916691,1.4891326682016297,1.5159238537394428,0.6263600167294499,41.11999908089638
21:41:52.165312,83,0.5200843226220068,1.5461979711801592,1.4973734904703337,0.6263600167294499,34.639999225735664
21:41:52.165312,83,0.5601215724548712,1.421297650532487,0.9861462718873102,0.6263600167294499,25.359999433159828
21:41:52.165312,83,0.579444010119322,1.4703279621747998,0.9511714977923402,0.6263600167294499,11.239999748766422
21:41:52.165312,83,0.5987664477837729,1.519358273817112,0.9161967236973703,0.6263600167294499,5.999999865889549
21:41:52.165312,83,0.4966296692096312,1.4271162990332356,1.53581378675699,0.6263600167294499,34.99999921768904
21:41:52.165312,83,0.5165011394468663,1.4842190071868662,1.517240465240229,0.6263600167294499,50.87999886274338
21:41:52.165312,83,0.5362940663234798,1.541096012936728,1.4987405560614786,0.6263600167294499,41.63999906927347
21:41:52.165312,83,0.5838543802784308,1.3689570278151864,0.9291156514489596,0.6263600167294499,24.51999945193529
21:41:52.165312,83,0.6131595597589627,1.4588079125413873,0.9542582857883795,0.6263600167294499,11.239999748766422
21:41:52.165312,83,0.5265009222458886,1.4172332871986884,1.5384619317968444,0.6263600167294499,38.6399991363287
21:41:52.165312,83,0.5475676205423001,1.4739405498368772,1.5199945695865962,0.6263600167294499,61.11999863386154
21:41:52.165312,83,0.5682381160376628,1.5251578194064708,1.485365813236163,0.6263600167294499,48.87999890744686
21:41:52.165312,83,0.5892932190484316,1.5816699647359722,1.466296913228657,0.6263600167294499,24.119999460875988
21:41:52.165312,83,0.5998196829960032,1.363240273565142,0.930647451133586,0.6263600167294499,22.519999496638775
21:41:52.165312,83,0.6299262028062528,1.452804219432952,0.9558669705083891,0.6263600167294499,10.519999764859676
21:41:52.165312,83,0.5196971376064419,1.3555749791250555,1.5582559226332093,0.6263600167294499,6.8799998462200165
21:41:52.165312,83,0.5413583197834484,1.4120758802319153,1.5398438548286297,0.6263600167294499,40.51999909430742
21:41:52.165312,83,0.563019501960455,1.4685767813387751,1.5214317870240501,0.6263600167294499,68.87999846041203
21:41:52.165312,83,0.5842733008383889,1.5195915704321339,1.486857285153707,0.6263600167294499,54.63999877870083
21:41:52.165312,83,0.6132349753628542,1.3467704269904466,0.9174683139407998,0.6263600167294499,19.759999558329582
21:41:52.165312,83,0.646629853761015,1.4466388758740907,0.9575189693360464,0.6263600167294499,9.359999790787697
21:41:52.165312,83,0.5561615819425803,1.4067752220884533,1.5412641618975238,0.6263600167294499,40.23999910056591
21:41:52.165312,83,0.5780967174369028,1.4579985087348455,1.5072720927714833,0.6263600167294499,70.75999841839075
21:41:52.165312,83,0.6002500587985359,1.5138707143615457,1.4883901839178357,0.6263600167294499,56.639998733997345
21:41:52.165312,83,0.6447314268125798,1.3346189998471374,0.9207242790307351,0.6263600167294499,16.99999962002039
21:41:52.165312,83,0.6696808687496989,1.3915729329362005,0.8987674130278327,0.6958000185841229,8.119999818503857
21:41:52.165312,83,0.5705949952303379,1.396464204828811,1.5276866761138324,0.6263600167294499,37.63999915868044
21:41:52.165312,83,0.5934260143341297,1.4523404413971628,1.5087881673453363,0.6263600167294499,65.51999853551388
21:41:52.165312,83,0.6147792715480729,1.4913240040997084,1.4415660837022495,0.6263600167294499,54.119998790323734
21:41:52.165312,83,0.6859388751114889,1.385025737916379,0.9005217286460829,0.6958000185841229,6.8799998462200165
21:41:52.165312,83,0.5852774654486965,1.3908817231245008,1.5291824975782637,0.6263600167294499,33.639999248087406
21:41:52.165312,83,0.6073252716594234,1.4304911489753855,1.463728292884066,0.6958000185841229,55.87999875098467
21:41:52.165312,83,0.6305986853544014,1.4853092404507198,1.44317773476466,0.6263600167294499,48.119998924434185
21:41:52.165312,83,0.5999014084108562,1.3851577011370153,1.5307162446472684,0.6263600167294499,29.11999934911728
21:41:52.165312,83,0.6225001086496305,1.424551499127652,1.46531981726409,0.6958000185841229,45.35999898612499
21:41:52.165312,83,0.6463550398205105,1.4791419762840041,1.4448302482176407,0.6263600167294499,40.639999091625214
21:41:52.165312,83,0.6376126961505036,1.4184655710365626,1.4669505367812912,0.6958000185841229,35.999999195337296
21:41:52.165312,83,0.6620467593241544,1.4728228283208107,1.4465234588112312,0.6263600167294499,33.359999254345894
21:41:52.165312,83,0.6526615229159544,1.4122339732898266,1.4686202883650847,0.6958000185841229,28.519999362528324
21:41:52.165312,83,0.6776722747065292,1.4663524284706415,1.4482571972257907,0.6263600167294499,27.239999391138554
21:41:52.165312,83,0.6670092039431301,1.400246153985658,1.454889289364377,0.6263600167294499,22.879999488592148
21:41:52.165312,83,0.6925697756270821,1.4539052219303639,1.4340000103071726,0.6263600167294499,22.239999502897263
21:41:52.165312,83,3.3766122833985985,4.26583387681253,-2.433620254892549,0.6263600167294499,3.1199999302625656
21:41:52.212986,84,0.4220686696029644,6.987832907522154,0.9324344008630814,-0.6263600167294499,3.63999991863966
21:41:52.212986,84,0.04832346076510774,0.18225386153147075,2.1686931509489327,1.8090800483187195,3.63999991863966
21:41:52.212986,84,0.7199913771359422,3.140652787802645,-0.0021378824534177276,0.06972000186215155,3.999999910593033
21:41:52.212986,84,0.7319959783231963,3.19301769852586,-0.03552004169031742,0.06972000186215155,3.63999991863966
21:41:52.212986,84,0.4541242653588051,1.5382151984318517,1.6388886436682804,0.6263600167294499,16.359999634325504
21:41:52.212986,84,0.4700819651131323,1.5173431597604625,1.5764094685316254,0.6263600167294499,20.63999953866005
21:41:52.212986,84,0.48809605501710274,1.5754895217220863,1.5601769846614868,0.6263600167294499,20.359999544918537
21:41:52.212986,84,0.5041581849957717,1.5907185952780454,1.4090480262051523,0.6958000185841229,16.99999962002039
21:41:52.212986,84,0.4858109407375643,1.512726513166896,1.5776464952581115,0.6263600167294499,26.6399994045496
21:41:52.212986,84,0.5044277833570695,1.57069595983935,1.5614614156968347,0.6263600167294499,26.239999413490295
21:41:52.212986,84,0.5210273533348463,1.585767288186697,1.4103747249417575,0.6958000185841229,20.87999953329563
21:41:52.212986,84,0.8013136300337604,0.8827382327546925,-0.372835982243386,0.4872000130126253,3.1199999302625656
21:41:52.212986,84,0.8039159569194816,-0.061967419548347724,-0.5964362957309852,0.41748001115047373,3.3599999248981476
21:41:52.212986,84,0.5014913356749353,1.5079581697015116,1.5789241690388953,0.6263600167294499,34.759999223053455
21:41:52.212986,84,0.5200843226220068,1.5461979711801592,1.4973734904703337,0.6958000185841229,34.23999923467636
21:41:52.212986,84,0.5546077014240316,1.57537710528667,1.4131587660590315,0.6958000185841229,25.63999942690134
21:41:52.212986,84,0.5987664477837729,1.519358273817112,0.9161967236973703,0.7655200204462744,5.519999876618385
21:41:52.212986,84,0.6180888854482237,1.5683885854594244,0.8812219496024001,0.7655200204462744,2.9999999329447746
21:41:52.212986,84,0.5171215818988888,1.5030386061946612,1.5802423621076696,0.6263600167294499,45.2399989888072
21:41:52.212986,84,0.5362940663234798,1.541096012936728,1.4987405560614786,0.6958000185841229,44.99999899417162
21:41:52.212986,84,0.571315523167467,1.5699392684875761,1.414615830037921,0.6958000185841229,31.119999304413795
21:41:52.212986,84,0.5963316012694023,1.464649354835115,0.952693076043142,0.7655200204462744,7.999999821186066
21:41:52.212986,84,0.5482253813315624,1.492747801938162,1.5829997747976652,0.6263600167294499,57.51999871432781
21:41:52.212986,84,0.5685510512565123,1.5304236730970495,1.5016002009028708,0.6958000185841229,58.51999869197607
21:41:52.212986,84,0.5879662138372345,1.5643403211061604,1.4161160634672356,0.6958000185841229,36.87999917566776
21:41:52.212986,84,0.5967111291549118,1.525839816666516,1.1769135819585839,0.6958000185841229,16.239999637007713
21:41:52.212986,84,0.5420086217047742,1.4301533611946446,1.600426705932662,0.6263600167294499,22.99999948590994
21:41:52.212986,84,0.563019501960455,1.4685767813387751,1.5214317870240501,0.6958000185841229,67.99999848008156
21:41:52.212986,84,0.5845950668166038,1.524854358725845,1.5030924941910302,0.6958000185841229,72.11999838799238
21:41:52.212986,84,0.6045581083782167,1.55858082303247,1.4176593163248896,0.6958000185841229,41.23999907821417
21:41:52.212986,84,2.4064222737811365,6.349627599053813,0.22596535120158512,-0.6263600167294499,3.2399999275803566
21:41:52.212986,84,0.5784150819001119,1.4630640298044706,1.5229089243457405,0.6958000185841229,71.63999839872122
21:41:52.212986,84,0.6005806233597878,1.519130352114496,1.5046262371400116,0.6958000185841229,79.99999821186066
21:41:52.212986,84,0.6210895476148603,1.5526613502114874,1.4192454342868899,0.6958000185841229,42.9999990388751
21:41:52.212986,84,0.5937528208161755,1.4574028465044992,1.5244258338391723,0.6958000185841229,66.11999852210283
21:41:52.212986,84,0.6165061223438029,1.5132522256588687,1.506201276376805,0.6958000185841229,76.99999827891588
21:41:52.212986,84,0.6375588784170919,1.546582494585535,1.4208742587427692,0.6958000185841229,41.11999908089638
21:41:52.212986,84,0.6090311849476042,1.4515937975524476,1.5259823638146675,0.6958000185841229,54.9999987706542
21:41:52.212986,84,0.6320219095498497,1.5019674846582463,1.491579644704157,0.6958000185841229,65.23999854177237
21:41:52.212986,84,0.6539644538656291,1.540344864035083,1.4225456268114465,0.6958000185841229,36.63999918103218
21:41:52.212986,84,0.6242486464707849,1.4456374638483438,1.5275783586205325,0.6958000185841229,43.5199990272522
21:41:52.212986,84,0.6463550398205105,1.4791419762840041,1.4448302482176407,0.6958000185841229,51.51999884843826
21:41:52.212986,84,0.6703046334166717,1.53394908231796,1.4242593713575153,0.6958000185841229,31.119999304413795
21:41:52.212986,84,0.63905175055636,1.434481870831958,1.5135733569062573,0.6958000185841229,33.7599992454052
21:41:52.212986,84,0.6620467593241544,1.4728228283208107,1.4465234588112312,0.6958000185841229,39.519999116659164
21:41:52.212986,84,0.6865777830659545,1.52739578900698,1.4260153210079567,0.6958000185841229,25.75999942421913
21:41:52.212986,84,0.654134541639947,1.4282362087351124,1.5152468770213046,0.6263600167294499,26.359999410808086
21:41:52.212986,84,0.6776722747065292,1.4663524284706415,1.4482571972257907,0.6958000185841229,30.35999932140112
21:41:52.212986,84,0.702782275512146,1.520685639425983,1.427813300169277,0.6958000185841229,21.119999527931213
21:41:52.212986,84,0.6676450840759137,1.4058573290419984,1.4703289050417108,0.6958000185841229,20.87999953329563
21:41:52.212986,84,0.6932300234291877,1.4597314237680608,1.4500312900889298,0.6958000185841229,23.759999468922615
21:41:52.212986,84,3.488965993174211,5.648374241770228,-0.46386520271523946,3.896480104071088,3.1199999302625656
21:41:52.212986,84,5.235472775292693,4.570857816638323,3.655587127925899,1.8090800483187195,3.1199999302625656
21:41:52.276403,85,0.6305637032915554,3.2916114777697736,0.09154374663468134,0.06972000186215155,4.239999905228615
21:41:52.276403,85,0.6409048335782451,3.3455933085778216,0.06024541046423826,0.06972000186215155,3.519999921321869
21:41:52.276403,85,0.6349607943973377,1.4878812383288587,-0.1058763330454564,0.6263600167294499,3.759999915957451
21:41:52.276403,85,0.6854921882504643,2.5284136594981903,1.0636509403401395,0.41748001115047373,3.879999913275242
21:41:52.276403,85,0.6905406302157836,1.5103704458912972,-0.15256521826025038,0.6263600167294499,3.999999910593033
21:41:52.276403,85,0.5207090693413106,1.5657448878835039,1.562788051429072,0.6263600167294499,18.879999577999115
21:41:52.276403,85,0.5368577434445205,1.555984515012065,1.5477332323206419,0.6263600167294499,23.519999474287033
21:41:52.276403,85,0.5561655365607148,1.5981987210903588,1.4801672345447172,0.6958000185841229,17.359999611973763
21:41:52.276403,85,0.6042901284845894,1.5050196926673172,1.0164299366292835,0.6263600167294499,17.359999611973763
21:41:52.276403,85,0.6316660414254366,1.5944354013439443,1.051119539676614,0.6263600167294499,8.239999815821648
21:41:52.276403,85,0.5685510512565123,1.5304236730970495,1.5016002009028708,0.6263600167294499,29.35999934375286
21:41:52.276403,85,0.5896177495529238,1.5871309357352381,1.4831328386926228,0.6263600167294499,21.359999522566795
21:41:52.276403,85,0.5845950668166038,1.524854358725845,1.5030924941910302,0.6263600167294499,36.11999919265509
21:41:52.276403,85,0.6062562489936103,1.5813552598327048,1.4846804263864506,0.6263600167294499,26.239999413490295
21:41:52.276403,85,0.6005806233597878,1.519130352114496,1.5046262371400116,0.6263600167294499,43.119999036192894
21:41:52.276403,85,0.6228341233173195,1.5754191598305136,1.486270999588228,0.6263600167294499,31.87999928742647
21:41:52.276403,85,0.09078748112544424,0.15849593763890163,2.1750590674697867,-4.035640107787913,4.239999905228615
21:41:52.276403,85,0.5943768905228235,1.4717136754176958,1.5716178967941055,0.6263600167294499,22.879999488592148
21:41:52.276403,85,0.6165061223438029,1.5132522256588687,1.506201276376805,0.6263600167294499,48.35999891906977
21:41:52.276403,85,0.6389978113594849,1.563872059843873,1.4710658474714609,0.6263600167294499,37.35999916493893
21:41:52.276403,85,0.5863032310235353,1.4138041519711448,1.6048074633409863,0.6263600167294499,3.63999991863966
21:41:52.276403,85,0.6323699712320927,1.5072205671666836,1.5078174543988063,0.6263600167294499,49.63999889045954
21:41:52.276403,85,0.6554404132282492,1.5576203513276277,1.4727409877197035,0.6263600167294499,41.23999907821417
21:41:52.276403,85,0.6481705836530595,1.5010359797987367,1.5094746095895673,0.6263600167294499,46.35999896377325
21:41:52.276403,85,0.6718174716048192,1.551210134706817,1.4744586000865585,0.6263600167294499,42.119999058544636
21:41:52.276403,85,0.6911934807498462,1.5626980233716203,1.3352075291748347,0.6958000185841229,15.119999662041664
21:41:52.276403,85,0.6635409599754906,1.4894528914295329,1.4949329198533947,0.6263600167294499,40.11999910324812
21:41:52.276403,85,0.688127348797078,1.5446420509977332,1.4762185128122274,0.6263600167294499,39.35999912023544
21:41:52.276403,85,0.6792017412283391,1.4829678882669324,1.496670571213727,0.6263600167294499,32.99999926239252
21:41:52.276403,85,0.702782275512146,1.520685639425983,1.427813300169277,0.6263600167294499,34.35999923199415
21:41:52.276403,85,0.6947946028761004,1.476331940345614,1.498448668100259,0.6263600167294499,26.75999940186739
21:41:52.276403,85,0.7189164903195779,1.5138193045843056,1.429653129045066,0.6263600167294499,28.759999357163906
21:41:52.276403,85,0.7087184497302922,1.452960476307992,1.4518455599928486,0.6263600167294499,21.519999518990517
21:41:52.276403,85,0.7349788140802869,1.5067974711096792,1.431534623653978,0.6263600167294499,23.519999474287033
21:41:52.276403,85,0.7394811468362882,1.4389714763981247,1.4555939012216168,0.6263600167294499,17.519999608397484
21:41:52.276403,85,0.7668813709355238,1.492290132450955,1.435421853331908,0.6263600167294499,19.119999572634697
21:41:52.276403,85,3.1678234269702576,6.083563601137822,0.00024157825051940307,-1.0438400278799236,3.1199999302625656
21:41:52.276403,85,3.2489225733761766,4.953046847642792,5.880654075157052,2.365720063186018,2.9999999329447746
21:41:52.324250,86,-0.2104211995340163,6.827495415010548,0.3885202395469527,-0.5566400148672983,2.9999999329447746
21:41:52.324250,86,0.710825708996479,3.3522832512257428,0.23041084132935552,0.06972000186215155,5.239999882876873
21:41:52.324250,86,0.7717325311397171,3.2830981300777506,0.263238880646405,0.06972000186215155,4.239999905228615
21:41:52.324250,86,0.05719161919759389,0.22744746211388908,1.9051012289224076,1.6004800427472219,3.519999921321869
21:41:52.324250,86,0.622319421294964,1.4703548376372486,0.4676342947778609,0.8349600223009475,5.519999876618385
21:41:52.324250,86,0.640106002134054,1.5123792133627598,0.42383757952467516,0.8349600223009475,6.11999986320734
21:41:52.324250,86,0.7332371562088745,1.4548349107300371,-0.09702159625253781,0.6958000185841229,4.239999905228615
21:41:52.324250,86,0.677066516550666,1.5479561781475208,0.3817684428263348,3.827040102216415,3.759999915957451
21:41:52.324250,86,0.7770944405209121,1.362085907322803,-0.22091163179641038,0.6958000185841229,5.119999885559082
21:41:52.324250,86,0.832585859404737,1.2523113924216152,-0.3405216722657487,0.6263600167294499,4.119999907910824
21:41:52.324250,86,0.6335846701712571,1.6520976735796422,1.0188350321978419,0.5566400148672983,6.11999986320734
21:41:52.324250,86,0.6494911070462172,1.5882478360328998,1.052777492804823,0.6263600167294499,9.239999793469906
21:41:52.324250,86,0.6552596518102124,1.4867688493072493,1.0213202353688007,0.6263600167294499,5.239999882876873
21:41:52.324250,86,0.6095188813327856,1.4868023291145966,1.6526646804824057,0.5566400148672983,3.3599999248981476
21:41:52.324250,86,0.6489491928671287,1.5205286460570564,1.574903706911239,0.5566400148672983,8.759999804198742
21:41:52.324250,86,0.6893333705340673,1.5702896701662474,1.5609154793995421,0.5566400148672983,9.879999779164791
21:41:52.324250,86,0.780920982303243,1.597512415698059,1.5529663654314418,0.5566400148672983,4.8799998909235
21:41:52.380139,87,-5.414135640123395,4.483792371640945,0.7246073791695959,0.5566400148672983,2.9999999329447746
21:41:52.380139,87,-4.960116860803687,4.6783808898591355,0.08750425089561586,0.5566400148672983,2.9999999329447746
21:41:52.380139,87,-0.13548464327794363,0.1521918546347928,1.8500314803060345,-2.4354400650481693,3.2399999275803566
21:41:52.380139,87,0.8946633835205566,3.3135055886191407,0.24080128470916118,0.06972000186215155,3.519999921321869
21:41:52.380139,87,0.07234035028054078,0.1835587002759657,1.8416267593473705,-4.035640107787913,4.519999898970127
21:41:52.380139,87,0.6773512325837371,1.499653129761152,0.4272475233485369,0.8349600223009475,4.239999905228615
21:41:52.380139,87,0.7122476627109267,1.4470147696849966,0.30526925642799085,0.8349600223009475,5.639999873936176
21:41:52.380139,87,0.7314276596123109,1.4859811857953429,0.2596321387340237,0.8349600223009475,4.359999902546406
21:41:52.380139,87,0.8687251564942234,1.2358774424989034,-0.3361182086555048,0.41748001115047373,3.2399999275803566
21:41:52.380139,87,0.8706083016726751,1.322288650953664,-0.21024798909132514,0.7655200204462744,3.3599999248981476
21:41:52.380139,87,0.7042211172522737,1.6990593656925037,0.8870330681550407,0.5566400148672983,3.2399999275803566
21:41:52.380139,87,0.7021916253785638,1.6423771576382682,0.9215720437252723,0.5566400148672983,3.999999910593033
21:41:52.380139,87,0.5942282826834168,1.492616029802463,1.6511069040780555,0.5566400148672983,2.9999999329447746
21:41:52.380139,87,0.6389978113594849,1.6188200083577615,1.6761343830969717,0.5566400148672983,20.63999953866005
21:41:52.380139,87,0.6627235743917547,1.664666356838696,1.610890820332795,0.5566400148672983,15.519999653100967
21:41:52.380139,87,0.680106441571829,1.6300827088843421,1.3086632552885589,0.4872000130126253,9.359999790787697
21:41:52.380139,87,0.7025695151942926,1.5686565129936054,1.0580269719918594,0.4872000130126253,10.239999771118164
21:41:52.380139,87,0.7348603351419484,1.5720758541358155,0.959760244922496,0.5566400148672983,5.999999865889549
21:41:52.380139,87,0.6328763567123268,1.5437783307777475,1.639354385391403,0.5566400148672983,13.119999706745148
21:41:52.380139,87,1.46010929742615,1.8115266499961256,1.183681633193738,0.20888000557897612,4.239999905228615
21:41:52.441734,88,-0.1100407807975951,0.21938478097336367,1.9385968199581345,-3.33984008920379,3.63999991863966
21:41:52.441734,88,0.6413348065374879,6.772119237645528,-0.18425634849561856,-0.5566400148672983,3.1199999302625656
21:41:52.441734,88,1.1281554986011997,6.734170474850952,0.12227259688950642,3.548720094782766,3.2399999275803566
21:41:52.441734,88,0.0445376800386198,0.20463769092160364,2.141946527226208,4.105360109650064,4.999999888241291
21:41:52.441734,88,1.8268682711394595,5.979629320991148,-1.187855587224746,-0.3480400092958007,3.1199999302625656
21:41:52.441734,88,0.6922916574043043,1.5460109066937642,0.20821145847674316,0.41748001115047373,4.8799998909235
21:41:52.441734,88,0.7125335237264381,1.4929550407507477,0.2577634999305911,0.41748001115047373,5.759999871253967
21:41:52.441734,88,0.7530661189476671,1.5203244534840814,0.38917234113538246,0.7655200204462744,3.999999910593033
21:41:52.441734,88,0.6584651170235479,1.6837498822309944,1.0917318814822496,0.6263600167294499,5.879999868571758
21:41:52.441734,88,0.8890573333134129,1.313790047909482,-0.2079707952688441,0.4872000130126253,4.519999898970127
21:41:52.441734,88,0.9399469990309532,1.2009319208267217,-0.32675458434435933,0.4872000130126253,4.999999888241291
21:41:52.441734,88,0.9518250374212196,-0.23863497010733514,-0.6706798349308429,0.41748001115047373,3.759999915957451
21:41:52.441734,88,0.6797766842601353,1.6581825245934385,1.6126281579467707,0.5566400148672983,28.759999357163906
21:41:52.441734,88,0.6967618170296074,1.6515342988936812,1.6144095446541205,0.5566400148672983,33.11999925971031
21:41:52.441734,88,0.7509285090125598,1.6247743288422898,1.2013667176859664,0.4872000130126253,8.639999806880951
21:41:52.441734,88,0.7139628498089041,1.6263952042083405,1.545227245574953,0.5566400148672983,36.999999172985554
21:41:52.441734,88,0.680119972055108,1.5247530483287521,1.6444521944593853,0.5566400148672983,8.759999804198742
21:41:52.441734,88,0.7056028998885499,1.5635525893262574,1.5627206747699607,0.5566400148672983,31.239999301731586
21:41:52.441734,88,0.7308136799580037,1.6194174113993465,1.5470969395230747,0.5566400148672983,39.639999113976955
21:41:52.441734,88,0.7466944691861659,1.5913651168368461,1.478725596304474,0.4872000130126253,40.3599990978837
21:41:52.441734,88,0.7702894241003584,1.621995066216795,1.3888968069573389,0.4872000130126253,23.639999471604824
21:41:52.441734,88,0.7633774198151984,1.5840719690378315,1.480679789367501,0.4872000130126253,39.11999912559986
21:41:52.441734,88,0.7799840333418074,1.5766180436537758,1.4826770626546006,0.4872000130126253,36.23999918997288
21:41:52.441734,88,0.8106844862049466,1.5378573331405392,1.417326801646947,0.4872000130126253,32.239999279379845
21:41:52.498085,89,-5.015636175689499,3.6447658665139704,-1.4215088112088798,0.13916000371682458,2.9999999329447746
21:41:52.498085,89,-0.0013024700523741506,0.06966777106347843,1.756784640025885,2.226560059469193,4.759999893605709
21:41:52.498085,89,1.3248625615773415,6.7086040556469415,0.4203770832754694,-0.3480400092958007,2.9999999329447746
21:41:52.498085,89,0.885947318150221,3.240321233038291,0.10528692629007685,0.06972000186215155,6.239999860525131
21:41:52.498085,89,0.9004766933684751,3.2934619131419205,0.07421397577159539,0.06972000186215155,5.519999876618385
21:41:52.498085,89,0.9069830337815917,3.178591464386261,0.1386613161488217,0.06972000186215155,3.3599999248981476
21:41:52.498085,89,0.6695166971866213,1.6936475818030208,0.2452501977736521,1.1132800297345966,5.999999865889549
21:41:52.498085,89,0.6933954419602608,1.638286236287413,0.29262054331157294,1.1132800297345966,10.759999759495258
21:41:52.498085,89,0.6955954056970368,1.625190381090607,0.4676279737884863,0.974120026017772,5.119999885559082
21:41:52.498085,89,0.7149198621778927,1.582829937068058,0.3400163316177309,1.1132800297345966,10.239999771118164
21:41:52.498085,89,0.6627235743917547,1.664666356838696,1.610890820332795,0.4872000130126253,28.639999359846115
21:41:52.498085,89,0.6858597941157993,1.703141012244484,1.5240084670021008,0.4872000130126253,25.75999942421913
21:41:52.498085,89,0.6797766842601353,1.6581825245934385,1.6126281579467707,0.4872000130126253,35.879999198019505
21:41:52.498085,89,0.7035082419382511,1.6964308241349166,1.5258064564871203,0.4872000130126253,32.51999927312136
21:41:52.498085,89,0.6727257194418665,1.594561544923119,1.6277112061216017,0.4872000130126253,28.359999366104603
21:41:52.498085,89,0.6967618170296074,1.6515342988936812,1.6144095446541205,0.4872000130126253,45.2399989888072
21:41:52.498085,89,0.721086339525909,1.6895505034614653,1.527650032855239,0.4872000130126253,41.35999907553196
21:41:52.498085,89,0.7442380456707655,1.7235093851233296,1.4367722523699777,0.4872000130126253,27.639999382197857
21:41:52.498085,89,0.6892299696713826,1.583797983041778,1.6122741200110646,0.4872000130126253,31.999999284744263
21:41:52.498085,89,0.7139628498089041,1.6263952042083405,1.545227245574953,0.4872000130126253,56.23999874293804
21:41:52.498085,89,0.7385923290837408,1.6825007382504333,1.529539011750364,0.4872000130126253,52.51999882608652
21:41:52.498085,89,0.7623060948652898,1.716233275182673,1.4387218801526167,0.4872000130126253,31.87999928742647
21:41:52.498085,89,0.7847018780331548,1.7456876317516576,1.3439827697948585,0.4872000130126253,6.7599998489022255
21:41:52.498085,89,0.7056028998885499,1.5635525893262574,1.5627206747699607,0.4872000130126253,34.759999223053455
21:41:52.498085,89,0.7308136799580037,1.6194174113993465,1.5470969395230747,0.4872000130126253,67.5199984908104
21:41:52.498085,89,0.7560244600274577,1.6752822334724353,1.5314732042761887,0.4872000130126253,64.63999855518341
21:41:52.498085,89,0.7802979140889885,1.7087830080036075,1.4407181732266436,0.4872000130126253,35.63999920338392
21:41:52.498085,89,0.6957339141056029,1.5181081290936453,1.6462326952022022,0.4872000130126253,5.519999876618385
21:41:52.498085,89,0.7218018695441981,1.556658696374329,1.5645678878191365,0.4872000130126253,36.11999919265509
21:41:52.498085,89,0.7475914293513839,1.6122772036731152,1.5490101524171087,0.4872000130126253,74.87999832630157
21:41:52.498085,89,0.7732649810485879,1.6627362105351142,1.5152005904307673,0.4872000130126253,74.5199983343482
21:41:52.498085,89,0.7982117041750123,1.7011593286066093,1.4427609319644228,0.4872000130126253,37.99999915063381
21:41:52.498085,89,0.7379286596176183,1.5496086806939817,1.5664569338273124,0.4872000130126253,35.63999920338392
21:41:52.498085,89,0.7642944202281616,1.6049752950444376,1.5509666929373687,0.4872000130126253,74.87999832630157
21:41:52.498085,89,0.7897115467872797,1.6387174841955314,1.462764870729647,0.4872000130126253,77.11999827623367
21:41:52.498085,89,0.8160456737593612,1.6933629993532313,1.4448499520917926,0.4872000130126253,38.239999145269394
21:41:52.498085,89,0.7539816574433139,1.5424032472808775,1.5683876238914698,0.4872000130126253,33.359999254345894
21:41:52.498085,89,0.7808038431849146,1.5925271813502064,1.5353225801968433,0.4872000130126253,67.35999849438667
21:41:52.498085,89,0.8068910364009126,1.6310064217618212,1.4648310436815455,0.4872000130126253,70.87999841570854
21:41:52.498085,89,0.8337980394600177,1.6853947998698666,1.4469850247084903,0.4872000130126253,36.35999918729067
21:41:52.498085,89,0.7858598627458884,1.527529024875205,1.5723731597731108,0.4872000130126253,29.999999329447746
21:41:52.498085,89,0.8129616142977071,1.5612308576788017,1.4868000467103824,0.4872000130126253,55.99999874830246
21:41:52.498085,89,0.8410062404795068,1.615088426126134,1.46909625775725,0.4872000130126253,59.35999867320061
21:41:52.498085,89,0.8690508666613066,1.6689459945734666,1.4513924688041175,0.4872000130126253,32.87999926507473
21:41:52.498085,89,0.8015616291497836,1.5150518451521031,1.5573915710590616,0.4872000130126253,26.119999416172504
21:41:52.498085,89,0.8293292839965305,1.5532991357935888,1.4889253451841133,0.4872000130126253,44.63999900221825
21:41:52.498085,89,0.8579385434526421,1.6068830847103843,1.4712948723632218,0.4872000130126253,47.11999894678593
21:41:52.498085,89,0.8865478029087536,1.6604670336271796,1.4536643995423302,0.4872000130126253,28.639999359846115
21:41:52.498085,89,0.8456140214617671,1.545209713580878,1.4910928993332435,0.4872000130126253,35.11999921500683
21:41:52.498085,89,0.8747850532902137,1.5985146028003983,1.4735372003328768,0.4872000130126253,36.75999917834997
21:41:52.498085,89,0.9039560851186603,1.6518194920199187,1.4559815013325101,0.4872000130126253,24.35999945551157
21:41:52.498085,89,0.8618141982333137,1.5369633999761132,1.4933024924041742,0.4872000130126253,27.759999379515648
21:41:52.498085,89,0.8910533720889741,1.5841934656673566,1.4577677105841618,0.4872000130126253,28.759999357163906
21:41:52.498085,89,0.8774449753401627,1.5229683808120442,1.4780994389315854,0.4872000130126253,22.239999502897263
21:41:52.498085,89,0.9077140752530427,1.5755060138016066,1.4600955062958736,0.4872000130126253,22.759999491274357
21:41:52.545628,90,-2.1400144628735815,6.507553889854937,0.47424831283758007,0.41748001115047373,2.9999999329447746
21:41:52.545628,90,0.04523787691960517,0.23685780657998196,1.9234433540804237,-0.6958000185841229,3.759999915957451
21:41:52.545628,90,0.8636355838120584,3.3019819919972666,0.07193102752285596,0.06972000186215155,6.359999857842922
21:41:52.545628,90,0.9221053948957832,3.231588936410099,0.10762673811967005,0.06972000186215155,7.879999823868275
21:41:52.545628,90,0.9778375754407103,3.160384888859629,0.14353975335811864,0.06972000186215155,4.119999907910824
21:41:52.545628,90,0.721086339525909,1.6895505034614653,1.527650032855239,0.4872000130126253,32.75999926775694
21:41:52.545628,90,0.7139628498089041,1.6263952042083405,1.545227245574953,0.4872000130126253,31.63999929279089
21:41:52.545628,90,0.738481539316026,1.677339047041395,1.5112877721817055,0.4872000130126253,37.87999915331602
21:41:52.545628,90,0.7839545103878289,1.738767251051188,1.3249853900248,0.4872000130126253,6.8799998462200165
21:41:52.545628,90,0.7308136799580037,1.6194174113993465,1.5470969395230747,0.4872000130126253,35.23999921232462
21:41:52.545628,90,0.7551173819123923,1.653639882872879,1.4587664260549162,0.3480400092958007,42.87999904155731
21:41:52.545628,90,0.7475914293513839,1.6122772036731152,1.5490101524171087,0.4872000130126253,37.99999915063381
21:41:52.545628,90,0.7724530866805891,1.6462622227217278,1.4607432641344484,0.41748001115047373,46.759998954832554
21:41:52.545628,90,0.7379286596176183,1.5496086806939817,1.5664569338273124,0.4872000130126253,12.639999717473984
21:41:52.545628,90,0.7633774198151984,1.5840719690378315,1.480679789367501,0.41748001115047373,39.11999912559986
21:41:52.545628,90,0.7897115467872797,1.6387174841955314,1.462764870729647,0.4872000130126253,48.75999891012907
21:41:52.545628,90,0.8155965154455305,1.6873518418625832,1.426199990686229,0.4872000130126253,26.99999939650297
21:41:52.545628,90,0.7799840333418074,1.5766180436537758,1.4826770626546006,0.41748001115047373,38.239999145269394
21:41:52.545628,90,0.8064469168754878,1.6251934910097126,1.446781786904022,0.4872000130126253,48.119998924434185
21:41:52.545628,90,0.8129616142977071,1.5612308576788017,1.4868000467103824,0.41748001115047373,35.63999920338392
21:41:52.545628,90,0.840543343662525,1.6092842567709782,1.4510446533704884,0.4872000130126253,44.99999899417162
21:41:52.545628,90,3.10664624908392,1.62184633741582,-4.080641518986042,1.0438400278799236,3.3599999248981476
21:41:52.545628,90,0.8288728142733417,1.5476928809373547,1.4714745290897453,0.41748001115047373,31.87999928742647
21:41:52.545628,90,0.8555354337303637,1.5827262302662835,1.3994188598379886,0.41748001115047373,40.23999910056591
21:41:52.545628,90,0.872334756025324,1.5743811887068822,1.4016549069846345,0.41748001115047373,34.99999921768904
21:41:52.545628,90,0.18940308173377468,0.016089612036432832,1.8330371206082172,-2.7137600724818185,4.359999902546406
21:41:52.593284,91,0.024738561921871717,0.19976865778491643,2.153262823285295,3.896480104071088,4.359999902546406
21:41:52.593284,91,0.6923567998048464,3.224950681457619,0.12623940137281187,0.06972000186215155,2.9999999329447746
21:41:52.593284,91,0.8133690073270994,3.25673591508923,0.10088862549051414,0.06972000186215155,5.879999868571758
21:41:52.593284,91,0.8636355838120584,3.3019819919972666,0.07193102752285596,0.06972000186215155,4.999999888241291
21:41:52.593284,91,0.9107104893395147,1.7426640927219965,-0.05649619403262518,0.06972000186215155,4.359999902546406
21:41:52.593284,91,0.9089332520643918,1.607531921012046,-0.08067445830296016,0.06972000186215155,4.639999896287918
21:41:52.593284,91,0.7976108104756304,1.7528600293144065,1.0446339894280623,0.3480400092958007,4.119999907910824
21:41:52.593284,91,0.799394047987095,1.729638590372162,1.149822273699882,0.3480400092958007,6.9999998435378075
21:41:52.593284,91,1.0205365665463662,1.7167716943771563,0.4485356358267687,0.6958000185841229,3.879999913275242
21:41:52.593284,91,1.0248947331377691,1.769709984360965,0.4070536549894279,0.6958000185841229,3.2399999275803566
21:41:52.593284,91,2.7940437936505322,6.118707319347611,-0.0026426942612807203,-2.5048800669028424,3.1199999302625656
21:41:52.593284,91,0.7642944202281616,1.6049752950444376,1.5509666929373687,0.4872000130126253,7.519999831914902
21:41:52.593284,91,0.8419161478954946,1.741803374514526,1.4076832301815883,0.41748001115047373,10.639999762177467
21:41:52.593284,91,0.8068910364009126,1.6310064217618212,1.4648310436815455,0.41748001115047373,17.11999961733818
21:41:52.593284,91,0.8333391100967212,1.6793880281423679,1.4283338881412326,0.41748001115047373,18.35999958962202
21:41:52.656777,92,-0.19493010189829593,0.13208172270201213,1.9074490411583023,-3.6878800984995905,3.63999991863966
21:41:52.656777,92,-1.5741531517886012,6.168750218085335,-0.9537095901830508,-0.8349600223009475,2.9999999329447746
21:41:52.656777,92,0.1412760841058672,7.098532233445397,1.2032777788306808,-3.6878800984995905,3.2399999275803566
21:41:52.656777,92,0.4923067396172293,6.983416776706266,0.933617699548869,-3.6878800984995905,3.2399999275803566
21:41:52.656777,92,0.08059249974896057,0.13157696508246447,2.2005027613885417,2.226560059469193,4.759999893605709
21:41:52.656777,92,0.990079164122939,1.4729590727409005,-0.22386671145690773,0.27832000743364915,4.519999898970127
21:41:52.656777,92,1.0120886561291864,1.5057030008143082,-0.2733033407512222,0.20888000557897612,3.1199999302625656
21:41:52.656777,92,1.4051390303885851,3.137313025987211,0.11605394398371849,0.06972000186215155,2.9999999329447746
21:41:52.656777,92,0.721086339525909,1.6895505034614653,1.527650032855239,0.5566400148672983,23.879999466240406
21:41:52.656777,92,0.7450202843440901,1.7405562142436295,1.4930392461874769,0.4872000130126253,25.119999438524246
21:41:52.656777,92,0.738481539316026,1.677339047041395,1.5112877721817055,0.5566400148672983,28.639999359846115
21:41:52.656777,92,0.7631073241383476,1.7332724566764908,1.4949909231454557,0.4872000130126253,29.999999329447746
21:41:52.656777,92,0.7559110554184264,1.670121625048089,1.5132216745762466,0.41748001115047373,33.87999924272299
21:41:52.656777,92,0.7802979140889885,1.7087830080036075,1.4407181732266436,0.41748001115047373,35.23999921232462
21:41:52.656777,92,0.7724530866805891,1.6462622227217278,1.4607432641344484,0.41748001115047373,38.75999913364649
21:41:52.656777,92,0.7982117041750123,1.7011593286066093,1.4427609319644228,0.4872000130126253,39.87999910861254
21:41:52.656777,92,0.8473488247715292,1.7842587086655293,1.3277623238257479,0.41748001115047373,11.639999739825726
21:41:52.656777,92,0.7897115467872797,1.6387174841955314,1.462764870729647,0.41748001115047373,42.23999905586243
21:41:52.656777,92,0.8160456737593612,1.6933629993532313,1.4448499520917926,0.4872000130126253,42.63999904692173
21:41:52.656777,92,0.8423798007314427,1.7480085145109312,1.4269350334539386,0.41748001115047373,27.239999391138554
21:41:52.656777,92,0.9036395548664247,1.663895724599907,0.9820058575557544,0.3480400092958007,3.1199999302625656
21:41:52.656777,92,0.7799840333418074,1.5766180436537758,1.4826770626546006,0.41748001115047373,19.999999552965164
21:41:52.656777,92,0.8068910364009126,1.6310064217618212,1.4648310436815455,0.41748001115047373,43.239999033510685
21:41:52.656777,92,0.8337980394600177,1.6853947998698666,1.4469850247084903,0.4872000130126253,42.51999904960394
21:41:52.656777,92,0.8410062404795068,1.615088426126134,1.46909625775725,0.4872000130126253,41.35999907553196
21:41:52.656777,92,0.8690508666613066,1.6689459945734666,1.4513924688041175,0.4872000130126253,39.759999111294746
21:41:52.656777,92,0.8574663269555282,1.601083431643266,1.4532420578407277,0.4872000130126253,37.35999916493893
21:41:52.656777,92,0.8860598396377146,1.6544739823491768,1.4350095865917103,0.4872000130126253,34.99999921768904
21:41:52.656777,92,0.8743035643342217,1.5927195558152003,1.4554831516144522,0.4872000130126253,32.359999276697636
21:41:52.656777,92,0.9034585401845655,1.6458312004206102,1.437325413029828,0.4872000130126253,29.879999332129955
21:41:52.656777,92,0.8910533720889741,1.5841934656673566,1.4577677105841618,0.4872000130126253,27.359999388456345
21:41:52.656777,92,0.9207668956343161,1.637020794890217,1.4396861540766874,0.4872000130126253,24.999999441206455
21:41:52.720306,93,0.0627304846920944,0.2074939109816277,2.130461370820531,-0.41748001115047373,3.999999910593033
21:41:52.720306,93,0.9232552745375336,1.5786138908547624,-0.09645000342349119,0.06972000186215155,5.519999876618385
21:41:52.720306,93,0.9863428071781432,1.5958556995638635,-0.13911682346330556,0.06972000186215155,7.999999821186066
21:41:52.720306,93,1.0720568255433278,1.6011877533916334,-0.17859243430061467,0.06972000186215155,6.11999986320734
21:41:52.720306,93,0.7442380456707655,1.7235093851233296,1.4367722523699777,0.41748001115047373,24.759999446570873
21:41:52.720306,93,0.768254911175192,1.7791277364544777,1.4185966630650804,0.41748001115047373,25.359999433159828
21:41:52.720306,93,0.7922717766796185,1.8347460877856263,1.400421073760183,0.4872000130126253,22.239999502897263
21:41:52.720306,93,0.7377061660386421,1.6608497268891507,1.456834554173202,0.41748001115047373,27.119999393820763
21:41:52.720306,93,0.7623060948652898,1.716233275182673,1.4387218801526167,0.41748001115047373,31.999999284744263
21:41:52.720306,93,0.7869060236919376,1.7716168234761955,1.4206092061320317,0.41748001115047373,32.99999926239252
21:41:52.720306,93,0.8115059525185854,1.827000371769718,1.4024965321114462,0.4872000130126253,26.99999939650297
21:41:52.720306,93,0.7551173819123923,1.653639882872879,1.4587664260549162,0.41748001115047373,34.11999923735857
21:41:52.720306,93,0.7802979140889885,1.7087830080036075,1.4407181732266436,0.41748001115047373,42.35999905318022
21:41:52.720306,93,0.8054784462655847,1.763926133134336,1.4226699203983706,0.41748001115047373,43.63999902456999
21:41:52.720306,93,0.830658978442181,1.8190692582650647,1.4046216675700978,0.4872000130126253,32.359999276697636
21:41:52.720306,93,0.7724530866805891,1.6462622227217278,1.4607432641344484,0.41748001115047373,42.9999990388751
21:41:52.720306,93,0.7982117041750123,1.7011593286066093,1.4427609319644228,0.41748001115047373,57.2399987205863
21:41:52.720306,93,0.8239703216694355,1.7560564344914913,1.4247785997943971,0.41748001115047373,57.879998706281185
21:41:52.720306,93,0.8497289391638588,1.8109535403763728,1.4067962676243715,0.4872000130126253,37.87999915331602
21:41:52.720306,93,0.7897115467872797,1.6387174841955314,1.462764870729647,0.41748001115047373,53.23999880999327
21:41:52.720306,93,0.8160456737593612,1.6933629993532313,1.4448499520917926,0.41748001115047373,76.63999828696251
21:41:52.720306,93,0.8423798007314427,1.7480085145109312,1.4269350334539386,0.41748001115047373,74.35999833792448
21:41:52.720306,93,0.8682357803454588,1.796254907166469,1.3891664696769475,0.4872000130126253,42.119999058544636
21:41:52.720306,93,0.8064469168754878,1.6251934910097126,1.446781786904022,0.41748001115047373,63.11999858915806
21:41:52.720306,93,0.8333391100967212,1.6793880281423679,1.4283338881412326,0.41748001115047373,96.51999784260988
21:41:52.720306,93,0.8602313033179548,1.7335825652750236,1.4098859893784432,0.41748001115047373,87.35999804735184
21:41:52.720306,93,0.8871234965391883,1.787777102407679,1.391438090615654,0.4872000130126253,43.63999902456999
21:41:52.720306,93,0.9140156897604218,1.8419716395403343,1.3729901918528649,0.4872000130126253,3.1199999302625656
21:41:52.720306,93,0.840543343662525,1.6092842567709782,1.4510446533704884,0.41748001115047373,68.87999846041203
21:41:52.720306,93,0.8685725338492417,1.6629482764049646,1.432738906343038,0.41748001115047373,105.99999763071537
21:41:52.720306,93,0.8966017240359583,1.7166122960389514,1.4144331593155877,0.41748001115047373,87.99999803304672
21:41:52.720306,93,0.924630914222675,1.770276315672938,1.3961274122881373,0.4872000130126253,41.63999906927347
21:41:52.720306,93,0.8288728142733417,1.5476928809373547,1.4714745290897453,0.4872000130126253,13.999999687075615
21:41:52.720306,93,0.8574663269555282,1.601083431643266,1.4532420578407277,0.41748001115047373,67.63999848812819
21:41:52.720306,93,0.8860598396377146,1.6544739823491768,1.4350095865917103,0.41748001115047373,96.87999783456326
21:41:52.720306,93,0.9146533523199011,1.7078645330550877,1.4167771153426927,0.41748001115047373,75.63999830931425
21:41:52.720306,93,0.9432468650020875,1.7612550837609986,1.398544644093675,0.4872000130126253,36.999999172985554
21:41:52.720306,93,0.8743035643342217,1.5927195558152003,1.4554831516144522,0.41748001115047373,59.75999866425991
21:41:52.720306,93,0.9014240789822775,1.6268813127009298,1.3817021840990555,0.4872000130126253,76.63999828696251
21:41:52.720306,93,0.9305134019392312,1.679381436694978,1.3617494612134764,0.4872000130126253,58.63999868929386
21:41:52.720306,93,0.9617684918852529,1.7520544896314303,1.4010099358605794,0.4872000130126253,31.119999304413795
21:41:52.720306,93,0.8890468455755244,1.5658742981114713,1.4039343214497748,0.4872000130126253,49.239998899400234
21:41:52.720306,93,0.9186934584568487,1.6180907469611088,1.3840576090900534,0.4872000130126253,56.639998733997345
21:41:52.720306,93,0.948340071338173,1.6703071958107467,1.3641808967303317,0.4872000130126253,43.63999902456999
21:41:52.720306,93,0.9779866842194974,1.7225236446603849,1.34430418437061,0.4872000130126253,25.63999942690134
21:41:52.720306,93,0.9056700311860114,1.5572064091619828,1.4062568752938729,0.4872000130126253,39.11999912559986
21:41:52.720306,93,0.9358709693552563,1.6091338141333789,1.3864576120079033,0.4872000130126253,41.51999907195568
21:41:52.720306,93,0.9660719075245011,1.661061219104775,1.3666583487219337,0.4872000130126253,32.51999927312136
21:41:52.720306,93,0.9962728456937461,1.712988624076171,1.3468590854359643,0.4872000130126253,20.75999953597784
21:41:52.720306,93,0.922202650552151,1.5483783886400502,1.40862233626349,0.4872000130126253,30.759999312460423
21:41:52.720306,93,0.9529548939408019,1.6000114099035183,1.3889019528543247,0.4872000130126253,30.759999312460423
21:41:52.720306,93,0.9837071373294528,1.6516444311669864,1.3691815694451592,0.4872000130126253,24.639999449253082
21:41:52.720306,93,1.0144593807181037,1.7032774524304544,1.3494611860359942,0.4872000130126253,16.8799996227026
21:41:52.720306,93,0.9549895867809174,1.53024549998222,1.413481029135799,0.4872000130126253,24.35999945551157
21:41:52.720306,93,0.9868351601901136,1.5812738526243055,1.3939226661954218,0.4872000130126253,23.35999947786331
21:41:52.720306,93,1.01868073359931,1.632302205266391,1.3743643032550443,0.4872000130126253,19.119999572634697
21:41:52.720306,93,0.97124062497739,1.5209424451199969,1.4159737751732742,0.4872000130126253,19.519999563694
21:41:52.720306,93,1.002672235959546,1.565070305436054,1.3780645602551593,0.4872000130126253,18.23999959230423
21:41:52.720306,93,1.750230590173516,1.7633544563886168,0.0453193472623199,0.27832000743364915,3.2399999275803566
21:41:52.767992,94,-1.9636139845860714,5.157092579398026,-2.438047235082826,-0.3480400092958007,2.9999999329447746
21:41:52.767992,94,1.8034437754940253,6.602800935620227,0.44872694384332057,0.3480400092958007,2.9999999329447746
21:41:52.767992,94,0.8187732584422321,1.6206894147669546,-0.10772410607687988,0.06972000186215155,4.999999888241291
21:41:52.767992,94,0.08294395830250864,0.20586055745047305,2.1214526111198153,-3.0615200817701407,4.759999893605709
21:41:52.767992,94,0.9573949895069102,1.5128367823387152,-0.2113724325848816,0.06972000186215155,7.639999829232693
21:41:52.767992,94,1.0813535705313402,1.4967108876958732,-0.24719915177738905,0.06972000186215155,6.11999986320734
21:41:52.767992,94,1.1807266728372545,1.5920314685771482,-0.21418590649906255,0.27832000743364915,3.519999921321869
21:41:52.767992,94,0.7982117041750123,1.7011593286066093,1.4427609319644228,0.4872000130126253,20.87999953329563
21:41:52.767992,94,0.8160456737593612,1.6933629993532313,1.4448499520917926,0.4872000130126253,24.759999446570873
21:41:52.767992,94,0.9036395548664247,1.663895724599907,0.9820058575557544,0.41748001115047373,4.239999905228615
21:41:52.767992,94,0.7808038431849146,1.5925271813502064,1.5353225801968433,0.4872000130126253,3.879999913275242
21:41:52.767992,94,0.8333391100967212,1.6793880281423679,1.4283338881412326,0.4872000130126253,28.639999359846115
21:41:52.767992,94,0.8410062404795068,1.615088426126134,1.46909625775725,0.4872000130126253,20.359999544918537
21:41:52.767992,94,0.8685725338492417,1.6629482764049646,1.432738906343038,0.4872000130126253,31.999999284744263
21:41:52.767992,94,3.141921215306067,6.3935209315178785,2.543236848861496,-2.5048800669028424,2.9999999329447746
21:41:52.767992,94,0.8860598396377146,1.6544739823491768,1.4350095865917103,0.4872000130126253,33.7599992454052
21:41:52.767992,94,0.9014240789822775,1.6268813127009298,1.3817021840990555,0.4872000130126253,33.2399992570281
21:41:52.767992,94,0.9596027248961847,1.7318815606890259,1.3417967383278975,0.5566400148672983,8.359999813139439
21:41:52.767992,94,0.9186934584568487,1.6180907469611088,1.3840576090900534,0.4872000130126253,30.63999931514263
21:41:52.767992,94,0.948340071338173,1.6703071958107467,1.3641808967303317,0.4872000130126253,23.11999948322773
21:41:52.767992,94,0.9358709693552563,1.6091338141333789,1.3864576120079033,0.4872000130126253,26.87999939918518
21:41:52.767992,94,0.9529548939408019,1.6000114099035183,1.3889019528543247,0.4872000130126253,22.759999491274357
21:41:52.767992,94,0.9868351601901136,1.5812738526243055,1.3939226661954218,0.4872000130126253,18.999999575316906
21:41:52.823768,95,0.017545931112430118,0.1788623956983817,1.8219286946558704,3.7573201003542636,5.519999876618385
21:41:52.823768,95,0.9372277560099748,3.2845864084339373,0.07659216009051817,0.13916000371682458,5.639999873936176
21:41:52.823768,95,0.9581712618743966,3.2225078220202863,0.11006001538679477,0.13916000371682458,5.879999868571758
21:41:52.823768,95,0.9232552745375336,1.5786138908547624,-0.09645000342349119,0.06972000186215155,4.119999907910824
21:41:52.823768,95,0.9442458914011205,1.6145043756126936,-0.14411372115049925,0.06972000186215155,6.359999857842922
21:41:52.823768,95,1.0082692398480377,1.6313316236469544,-0.18666945999227647,0.06972000186215155,4.8799998909235
21:41:52.823768,95,0.8825495780919147,1.7895349941633616,1.042900103385429,0.41748001115047373,6.359999857842922
21:41:52.823768,95,0.90793692473256,1.7907353058829312,1.2316621143771567,0.4872000130126253,10.99999975413084
21:41:52.823768,95,0.8617389568830306,1.7628399209496035,1.506702590051358,0.5566400148672983,23.879999466240406
21:41:52.823768,95,0.8981731209154744,1.7458399093793295,1.5112577294229326,0.5566400148672983,26.6399994045496
21:41:52.823768,95,0.8589691345838727,1.6284692691172935,1.544016700270456,0.5566400148672983,6.8799998462200165
21:41:52.823768,95,0.9161189471415334,1.7315795202395103,1.494135007001975,0.5566400148672983,28.519999362528324
21:41:52.823768,95,0.9437663218209768,1.7676349314607707,1.4184034539005468,0.5566400148672983,18.519999586045742
21:41:52.823768,95,0.9039560851186603,1.6518194920199187,1.4559815013325101,0.5566400148672983,21.99999950826168
21:41:52.823768,95,0.9341078893253129,1.7226435365434096,1.4965293966169229,0.5566400148672983,29.11999934911728
21:41:52.823768,95,0.9510038595994283,1.6960246517598425,1.440864067497543,0.5566400148672983,28.359999366104603
21:41:52.823768,95,0.9687855026625418,1.6867527040705095,1.4433484783931636,0.5566400148672983,26.359999410808086
21:41:52.823768,95,4.440880520838997,4.944847739121268,4.444321593062286,-4.174800111504737,2.9999999329447746
21:41:52.823768,95,1.586690001938042,1.6081711097111167,1.0120100406876176,0.13916000371682458,3.1199999302625656
21:41:52.823768,95,1.718092903922679,1.568618927222571,1.0083180740671163,0.13916000371682458,3.2399999275803566
21:41:52.823768,95,5.001529200910752,3.651954718965288,5.302085723390202,-3.548720094782766,2.9999999329447746
21:41:52.878467,96,-0.11971849929772314,0.22194365667535826,2.020432823299795,2.7137600724818185,3.63999991863966
21:41:52.878467,96,0.0673708068214903,0.1173434338191006,1.7862227818304937,0.8349600223009475,5.759999871253967
21:41:52.878467,96,1.0300119498864015,3.203302807161795,0.11520598360875534,0.13916000371682458,3.759999915957451
21:41:52.878467,96,1.0469039589174027,3.2558363917998934,0.08429570382999163,0.13916000371682458,4.119999907910824
21:41:52.878467,96,1.1348796325004193,1.5692093018595692,-0.17002383403740007,0.27832000743364915,2.9999999329447746
21:41:52.878467,96,0.8061234525251887,1.8072387844353528,1.5785810793438497,0.41748001115047373,24.35999945551157
21:41:52.878467,96,0.7988508914159237,1.7431118529721996,1.5937996968929795,0.41748001115047373,24.35999945551157
21:41:52.878467,96,0.8246301357435039,1.7993627839418382,1.5806914473156741,0.41748001115047373,29.999999329447746
21:41:52.878467,96,0.8504093800710841,1.855613714911477,1.5675831977383683,0.4872000130126253,21.359999522566795
21:41:52.878467,96,0.91092311956947,1.7217430511189011,0.9496717649312172,0.4872000130126253,4.359999902546406
21:41:52.878467,96,1.2213800812730877,1.6940786254653202,-0.11414928735867536,0.20888000557897612,2.9999999329447746
21:41:52.878467,96,0.8170259414492484,1.7157085237453493,1.5199862111574818,0.4872000130126253,28.519999362528324
21:41:52.878467,96,0.8430543566391207,1.7913084193955815,1.5828496077913894,0.41748001115047373,36.999999172985554
21:41:52.878467,96,0.86940957129743,1.8473075581707061,1.5698088257292642,0.4872000130126253,25.879999421536922
21:41:52.878467,96,0.8347996320231014,1.707730752532422,1.522123848511386,0.4872000130126253,32.75999926775694
21:41:52.878467,96,0.8613942728053852,1.7830764962262897,1.5850553449567562,0.41748001115047373,44.87999899685383
21:41:52.878467,96,0.8886782817429598,1.817949089366785,1.4912813315913298,0.4872000130126253,31.239999301731586
21:41:52.878467,96,0.8700948063730779,1.6912621882532983,1.526536587010477,0.4872000130126253,36.51999918371439
21:41:52.878467,96,0.8981731209154744,1.7458399093793295,1.5112577294229326,0.4872000130126253,52.879998818039894
21:41:52.878467,96,0.9262514354578709,1.8004176305053607,1.495978871835388,0.4872000130126253,36.87999917566776
21:41:52.878467,96,0.8874796176435958,1.6774476014676585,1.5099491480162466,0.4872000130126253,38.87999913096428
21:41:52.878467,96,0.9162563867388008,1.7370768149421716,1.5136057935005667,0.4872000130126253,58.87999868392944
21:41:52.878467,96,0.9449000128162648,1.7913805878546107,1.498400340115622,0.4872000130126253,41.999999061226845
21:41:52.878467,96,0.8747850532902137,1.5985146028003983,1.4735372003328768,0.4872000130126253,7.759999826550484
21:41:52.878467,96,0.9039560851186603,1.6518194920199187,1.4559815013325101,0.4872000130126253,39.11999912559986
21:41:52.878467,96,0.9342480276910936,1.7281394906363126,1.5160005423308167,0.4872000130126253,60.51999864727259
21:41:52.878467,96,0.9634541009650152,1.7821638686334689,1.5008699525877915,0.4872000130126253,45.2399989888072
21:41:52.878467,96,0.9212739724773902,1.6430042344985993,1.4583435424664202,0.4872000130126253,37.239999167621136
21:41:52.878467,96,0.9510038595994283,1.6960246517598425,1.440864067497543,0.4872000130126253,57.2399987205863
21:41:52.878467,96,0.9807337467214666,1.7490450690210855,1.4233845925286661,0.4872000130126253,45.639998979866505
21:41:52.878467,96,1.010463633843505,1.8020654862823284,1.4059051175597892,0.5566400148672983,12.879999712109566
21:41:52.878467,96,0.9384997332107163,1.6340221425815884,1.4607502867419253,0.4872000130126253,33.99999924004078
21:41:52.878467,96,0.9687855026625418,1.6867527040705095,1.4433484783931636,0.4872000130126253,50.519998870790005
21:41:52.878467,96,0.9990712721143672,1.7394832655594308,1.4259466700444017,0.4872000130126253,42.75999904423952
21:41:52.878467,96,0.9551056571658556,1.6189006538307538,1.4445414312403089,0.4872000130126253,29.879999332129955
21:41:52.878467,96,0.9864702679870383,1.6773094653584413,1.4458787865799965,0.4872000130126253,42.51999904960394
21:41:52.878467,96,1.0173088912170791,1.72974481624633,1.4285560796733783,0.4872000130126253,37.87999915331602
21:41:52.878467,96,1.003503746139835,1.6615349446840337,1.4291910911323829,0.4872000130126253,34.99999921768904
21:41:52.878467,96,1.0354447802829716,1.7198306949185567,1.4312125604768196,0.4872000130126253,32.359999276697636
21:41:52.878467,96,1.0360156027338894,1.6223787015099693,1.3770232980726647,0.5566400148672983,28.639999359846115
21:41:52.878467,96,1.0708144146386365,1.6931370849621734,1.4167968068618446,0.4872000130126253,27.119999393820763
21:41:52.878467,96,4.123494769302878,5.112013131838024,4.647972741781514,-3.270400087349117,3.1199999302625656
21:41:52.878467,96,4.312850416020636,4.2409538940293094,-1.559419770032953,0.06972000186215155,2.9999999329447746
21:41:52.935779,97,0.10313077066795938,0.09652627294251456,2.2098945660415934,2.0179600538976956,3.759999915957451
21:41:52.935779,97,-0.7501628126399411,6.974808877207912,1.7875508943134735,-0.06972000186215155,3.63999991863966
21:41:52.935779,97,-0.7569234435521309,7.037667376332823,1.7856362566281996,0.41748001115047373,2.9999999329447746
21:41:52.935779,97,1.0104450496184483,3.2657727070857376,0.08163327617340865,0.13916000371682458,3.3599999248981476
21:41:52.935779,97,0.07111739034167472,0.0022799411571584882,1.7572117697666574,-0.4872000130126253,4.239999905228615
21:41:52.935779,97,0.8413683041501151,1.808675989477831,1.6618705969256078,0.41748001115047373,27.359999388456345
21:41:52.935779,97,0.8676708101367676,1.8652180660054338,1.6513001361597828,0.41748001115047373,26.119999416172504
21:41:52.935779,97,0.9724675661386669,1.8631246602230924,0.9722188446907776,0.41748001115047373,3.879999913275242
21:41:52.935779,97,0.8778888128302621,1.7920686877554046,1.6663205100105918,0.41748001115047373,32.239999279379845
21:41:52.935779,97,0.9053330077698465,1.8480915937237867,1.655889160576844,0.41748001115047373,30.63999931514263
21:41:52.935779,97,0.9494367809216101,1.7037727557659748,0.9544868910587825,0.4872000130126253,7.999999821186066
21:41:52.935779,97,1.0818627686692441,1.6863079830196344,0.4566983626834715,0.27832000743364915,3.63999991863966
21:41:52.935779,97,0.8960182958075801,1.783501303103556,1.6686161338093015,0.41748001115047373,37.239999167621136
21:41:52.935779,97,0.9240292471036777,1.8392563790562557,1.6582565492119647,0.41748001115047373,35.35999920964241
21:41:52.935779,97,1.0060355397273413,1.7844662993849634,1.0075852309325057,0.41748001115047373,5.359999880194664
21:41:52.935779,97,0.9158898964170772,1.757323695117297,1.59195578721675,0.41748001115047373,41.879999063909054
21:41:52.935779,97,0.9445220654265323,1.8122604175767898,1.5791996787484242,0.41748001115047373,39.519999116659164
21:41:52.935779,97,0.9338743409531961,1.7483899456218377,1.5943495781794403,0.41748001115047373,44.87999899685383
21:41:52.935779,97,0.9630687321877394,1.8030473849202837,1.5816683034085766,0.41748001115047373,42.23999905586243
21:41:52.935779,97,1.1330429642200206,1.6018619915050811,0.5066228067013361,0.27832000743364915,2.9999999329447746
21:41:52.935779,97,0.9220117047926535,1.6849101897723642,1.6093947855455237,0.41748001115047373,18.999999575316906
21:41:52.935779,97,0.9517653988376205,1.7392829293147631,1.5967897958443782,0.41748001115047373,45.35999898612499
21:41:52.935779,97,0.9815190928825875,1.7936556688571625,1.5841848061432322,0.41748001115047373,42.87999904155731
21:41:52.935779,97,1.011677444398372,1.8265079588255764,1.48833318814463,0.5566400148672983,13.35999970138073
21:41:52.935779,97,0.9699492477288152,1.7097457446517312,1.5209291317131683,0.41748001115047373,43.119999036192894
21:41:52.935779,97,1.0002713976948834,1.7631951050121522,1.50595261748154,0.5566400148672983,41.11999908089638
21:41:52.935779,97,0.9876552567221507,1.7002911623321972,1.5234624794104612,0.41748001115047373,38.99999912828207
21:41:52.935779,97,1.018530924577174,1.753444957472447,1.5085651616408884,0.41748001115047373,37.51999916136265
21:41:52.935779,97,0.9420333530714603,1.6039586163628727,1.6291215523171179,0.41748001115047373,3.1199999302625656
21:41:52.935779,97,1.0052625010172722,1.6906660286784034,1.5260415262000369,0.41748001115047373,33.99999924004078
21:41:52.935779,97,1.036688599220333,1.7435189268936062,1.5112248335185354,0.41748001115047373,32.99999926239252
21:41:52.935779,97,1.0389256624102097,1.647961531321926,1.4537425418046026,0.4872000130126253,28.879999354481697
21:41:52.974138,98,1.248882195154654,3.1104137051566547,-0.032737392072339055,0.13916000371682458,3.3599999248981476
21:41:52.974138,98,2.6160425250950166,6.161814520358391,-0.3099805924218284,0.06972000186215155,3.2399999275803566
21:41:52.974138,98,1.1348796325004193,1.5692093018595692,-0.17002383403740007,0.13916000371682458,5.359999880194664
21:41:52.974138,98,1.1890968101363506,1.6127675493149094,-0.19461352165447554,0.13916000371682458,7.1199998408555984
21:41:52.974138,98,1.2699782167761628,1.5900410898018067,-0.25169947743373644,0.13916000371682458,4.759999893605709
21:41:52.974138,98,0.10855628267442002,0.1910309054050922,2.1254262044094094,1.3221600353135727,5.119999885559082
21:41:52.974138,98,0.966584307562582,1.7819085272915964,1.112370436519625,0.41748001115047373,6.359999857842922
21:41:52.974138,98,0.9959697811172786,1.8420689773088914,1.1077328692393673,0.3480400092958007,5.999999865889549
21:41:52.974138,98,0.9517653988376205,1.7392829293147631,1.5967897958443782,0.3480400092958007,22.519999496638775
21:41:52.974138,98,0.9815190928825875,1.7936556688571625,1.5841848061432322,0.3480400092958007,27.119999393820763
21:41:52.974138,98,1.011677444398372,1.8265079588255764,1.48833318814463,0.4872000130126253,11.879999734461308
21:41:52.974138,98,0.9379831751659226,1.6888813697609304,1.6691410468001147,0.3480400092958007,6.8799998462200165
21:41:52.974138,98,3.957849678873677,5.497263009116988,0.16387280680593097,0.06972000186215155,3.519999921321869
21:41:52.974138,98,1.5235466383128544,1.7938144607201512,1.2645008759634127,0.06972000186215155,4.759999893605709
21:41:52.974138,98,1.564117480425263,1.8481606099729704,1.2694656238445907,0.06972000186215155,3.759999915957451
21:41:53.041518,99,-3.364493867736498,6.153013744487116,1.7235210393731348,-0.6958000185841229,3.2399999275803566
21:41:53.041518,99,-0.09956455809580723,0.2269821693033198,2.050744454574609,-1.3916000371682458,4.359999902546406
21:41:53.041518,99,0.03467393823929796,0.16000643501431627,2.192885107879057,-0.20888000557897612,4.759999893605709
21:41:53.041518,99,0.9753848044888226,6.522353500531855,-0.4007013639404091,-0.06972000186215155,3.63999991863966
21:41:53.041518,99,1.2473150240483317,6.29283441340524,-0.9986809250096198,-1.2524400334514212,3.3599999248981476
21:41:53.041518,99,1.3192385197622671,3.085606737571058,-0.02609038514111317,0.13916000371682458,3.999999910593033
21:41:53.041518,99,0.8676708101367676,1.8652180660054338,1.6513001361597828,0.3480400092958007,17.759999603033066
21:41:53.041518,99,0.8883228222950382,1.838818292043076,1.5720835177324957,0.3480400092958007,21.359999522566795
21:41:53.041518,99,0.9156176066028889,1.8730582577839663,1.4758600731313019,0.3480400092958007,20.75999953597784
21:41:53.041518,99,0.925880947250104,1.8212938455311336,1.5767791790231729,0.3480400092958007,25.63999942690134
21:41:53.041518,99,0.9543297500002674,1.854995351631392,1.4807000142478435,0.3480400092958007,24.879999443888664
21:41:53.041518,99,0.9445220654265323,1.8122604175767898,1.5791996787484242,0.3480400092958007,30.119999326765537
21:41:53.041518,99,0.9735436388937289,1.8456843607670497,1.4831948867306775,0.3480400092958007,29.11999934911728
21:41:53.041518,99,0.9630687321877394,1.8030473849202837,1.5816683034085766,0.3480400092958007,34.23999923467636
21:41:53.041518,99,0.9926601742389366,1.8361882466306254,1.4857393628447662,0.3480400092958007,32.75999926775694
21:41:53.041518,99,0.9220117047926535,1.6849101897723642,1.6093947855455237,0.3480400092958007,4.519999898970127
21:41:53.041518,99,0.9815190928825875,1.7936556688571625,1.5841848061432322,0.3480400092958007,36.63999918103218
21:41:53.041518,99,1.0115256915238109,1.8206698323258752,1.4676442556357832,0.3480400092958007,34.879999220371246
21:41:53.041518,99,1.0327068724915287,1.7959044405685556,1.2217884470916591,0.3480400092958007,25.51999942958355
21:41:53.041518,99,1.0649894822781318,1.75445720100494,1.0156261446090191,0.3480400092958007,15.75999964773655
21:41:53.041518,99,1.0945822707478041,1.8032081808900855,0.9882734169413729,0.3480400092958007,4.239999905228615
21:41:53.041518,99,0.9695612809795509,1.7300035568900745,1.599276196191841,0.3480400092958007,19.119999572634697
21:41:53.041518,99,1.0002713976948834,1.7631951050121522,1.50595261748154,0.3480400092958007,36.75999917834997
21:41:53.041518,99,1.0304389573473813,1.810807818409154,1.4702867743005132,0.3480400092958007,34.639999225735664
21:41:53.041518,99,1.0712202847293122,1.7755813878053126,1.2272339926673053,0.3480400092958007,25.239999435842037
21:41:53.041518,99,1.018530924577174,1.753444957472447,1.5085651616408884,0.3480400092958007,34.51999922841787
21:41:53.041518,99,1.0481475144471202,1.782180167134219,1.4112333727667603,0.3480400092958007,32.239999279379845
21:41:53.041518,99,1.0903172693489414,1.7651418763026923,1.2300312513438079,0.3480400092958007,23.759999468922615
21:41:53.041518,99,1.036688599220333,1.7435189268936062,1.5112248335185354,0.3480400092958007,30.51999931782484
21:41:53.041518,99,1.0668331734547416,1.771965509897516,1.4139703819242955,0.3480400092958007,28.359999366104603
21:41:53.041518,99,1.1093052231551044,1.754518427143276,1.2328777959669064,0.3480400092958007,21.519999518990517
21:41:53.041518,99,1.0726911391469607,1.723143204486381,1.5166844918827522,0.3480400092958007,26.119999416172504
21:41:53.041518,99,1.1038825863172363,1.750997307282496,1.4195887948817223,0.3480400092958007,24.23999945819378
21:41:53.041518,99,1.1281822473683285,1.7437121026630804,1.2357733418845236,0.3480400092958007,18.879999577999115
21:41:53.041518,99,1.0905324042066002,1.7126955502131667,1.5194839324080596,0.3480400092958007,21.87999951094389
21:41:53.041518,99,1.1222426352618633,1.7402458587068739,1.422469636845025,0.3480400092958007,20.239999547600746
21:41:53.041518,99,1.669487401448547,1.7645595150454074,0.9272360678411169,-0.06972000186215155,3.2399999275803566
21:41:53.041518,99,1.5750760473921632,1.723547339222188,1.2072556184662613,0.06972000186215155,4.639999896287918
21:41:53.041518,99,1.6132862198443583,1.7587581889733814,1.1633884932947194,0.06972000186215155,4.519999898970127
21:41:53.041518,99,1.662416570116275,1.7480844675848672,1.0511414528843936,-0.06972000186215155,3.759999915957451
21:41:53.041518,99,6.033901451916232,3.561423078796528,0.9724076994502369,0.13916000371682458,2.9999999329447746
21:41:53.167391,100,-0.06670828605090194,0.14370011429301605,2.1972543733478527,-3.0615200817701407,3.1199999302625656
21:41:53.167391,100,1.210884020768467,3.2644206744043665,0.06516160403904925,0.13916000371682458,3.879999913275242
21:41:53.167391,100,1.2633320828508732,3.1888708026878887,0.10223907935322774,0.13916000371682458,3.759999915957451
21:41:53.167391,100,0.10331053816872321,0.2142865717631448,2.0861231905227404,1.878800050180871,3.3599999248981476
21:41:53.167391,100,1.2627259891485612,1.8423380721036609,-0.05488184074549629,0.13916000371682458,3.3599999248981476
21:41:53.167391,100,1.050587087857523,1.919256298437653,1.1717592127489223,0.41748001115047373,11.119999751448631
21:41:53.167391,100,1.0468706937670456,1.8893819326711696,1.2819385696711607,0.41748001115047373,16.639999628067017
21:41:53.167391,100,1.0396209898156845,1.8483301117816584,1.3673599280467905,0.41748001115047373,20.119999550282955
21:41:53.167391,100,1.0287904749045624,1.785656545759854,1.3880797757530274,0.41748001115047373,16.8799996227026
21:41:53.167391,100,1.1613707395445914,1.918737669361573,1.1387970275168842,0.3480400092958007,5.119999885559082
21:41:53.167391,100,0.9876552567221507,1.7002911623321972,1.5234624794104612,0.27832000743364915,2.9999999329447746
21:41:53.167391,100,1.0173088912170791,1.72974481624633,1.4285560796733783,0.41748001115047373,8.359999813139439
21:41:53.167391,100,1.5176018035374375,1.843432639445464,1.166643847266155,0.06972000186215155,4.239999905228615
21:41:53.167391,100,1.5617004321996533,1.7640122697144074,1.2724863489760798,0.06972000186215155,6.359999857842922
21:41:53.167391,100,-5.795669723952535,2.873206512853083,5.032949370541342,1.3221600353135727,3.2399999275803566
21:41:53.181320,101,-1.584936308802074,4.782700719399625,-4.885651283835999,0.7655200204462744,2.9999999329447746
21:41:53.181320,101,1.2989822140924343,3.5585776563675493,-1.0077557892678484,0.13916000371682458,3.879999913275242
21:41:53.181320,101,1.3560349175500337,3.602616039518488,-1.024016134592132,0.13916000371682458,3.1199999302625656
21:41:53.181320,101,0.09127078019849512,0.08347177239625585,0.22070594458580975,1.1830000315967482,4.8799998909235
21:41:53.181320,101,1.222704875895704,2.0868226776371634,-1.7266912868224153,0.3480400092958007,3.519999921321869
21:41:53.181320,101,1.243420047533142,2.0280696606190114,-1.88469252454845,0.3480400092958007,5.119999885559082
21:41:53.181320,101,1.2692307437422319,2.070167976473706,-1.9238146428504441,0.06972000186215155,4.639999896287918
21:41:53.181320,101,0.981229371388506,1.9804860924242003,-0.1106039043792851,0.3480400092958007,15.239999659359455
21:41:53.181320,101,1.0009848407332,1.970574938992042,-0.1106039043792851,0.3480400092958007,17.759999603033066
21:41:53.181320,101,1.0206402124324465,1.960466729716934,-0.1106039043792851,0.3480400092958007,20.239999547600746
21:41:53.181320,101,1.040193520965543,1.9501624754113351,-0.1106039043792851,0.3480400092958007,22.239999502897263
21:41:53.181320,101,1.0001213557415098,1.8307099105358438,-0.04172721910502429,0.3480400092958007,8.51999980956316
21:41:53.181320,101,1.0304389573473813,1.8862059095012844,-0.04299213480518858,0.3480400092958007,19.35999956727028
21:41:53.181320,101,1.059642811018018,1.9396632064920427,-0.1106039043792851,0.3480400092958007,23.35999947786331
21:41:53.181320,101,1.0789861376771608,1.9289699728771525,-0.1106039043792851,0.3480400092958007,23.11999948322773
21:41:53.181320,101,1.105662049670505,1.9766601437120168,-0.22724582037354202,0.3480400092958007,21.359999522566795
21:41:53.181320,101,1.0982215666265114,1.9180838438810675,-0.1106039043792851,0.3480400092958007,21.639999516308308
21:41:53.181320,101,1.1635872965166627,1.9859251448577804,-0.41883969766306284,0.3480400092958007,12.879999712109566
21:41:53.181320,101,1.1357355857154579,1.8946938438068641,-0.13270034967941527,0.3480400092958007,19.519999563694
21:41:53.181320,101,1.3540779588008824,1.937389404125921,-0.43011856107523333,0.3480400092958007,4.239999905228615
21:41:53.181320,101,1.5676476017121697,1.978718067950737,-0.15164897620390475,0.06972000186215155,3.3599999248981476
21:41:53.181320,101,1.6229521002608598,1.8504293147425281,-0.14785625269860742,0.06972000186215155,5.119999885559082
21:41:53.212920,102,6.278945537819629,1.4094721209480825,-0.8007265155523946,1.878800050180871,3.1199999302625656
21:41:53.212920,102,-5.936911801761533,1.3920550386919033,-1.7227874135203654,2.226560059469193,3.3599999248981476
21:41:53.212920,102,-5.8132888134623135,1.5492814638190842,-1.735377776197614,1.878800050180871,3.3599999248981476
21:41:53.212920,102,-5.86500627378119,1.5630645228066722,-1.7686092666869806,2.226560059469193,3.3599999248981476
21:41:53.212920,102,-0.10546304244217337,0.22146645740182316,1.938039036440226,-0.5566400148672983,3.3599999248981476
21:41:53.212920,102,1.1202326785254726,5.1237411413838965,-2.6634958136152402,-2.4354400650481693,3.2399999275803566
21:41:53.212920,102,1.4750030969289665,4.590695919937259,-3.1862822762063248,0.904680024163099,3.1199999302625656
21:41:53.212920,102,0.07745556222104456,0.20139637518165546,2.1320952006139535,3.0615200817701407,3.759999915957451
21:41:53.212920,102,1.376071178633467,3.1222733723490714,-0.055266204015935294,0.13916000371682458,3.879999913275242
21:41:53.212920,102,1.4237748739683367,3.0458605452674643,-0.01544042501115328,0.13916000371682458,4.519999898970127
21:41:53.212920,102,1.0482618950226341,1.940274478282557,0.410004964462658,0.7655200204462744,7.999999821186066
21:41:53.212920,102,1.0726490453160342,1.9854137374094987,0.37301473513015715,0.7655200204462744,5.519999876618385
21:41:53.212920,102,1.0903792065466578,1.8644997347215593,0.4552039471090006,0.7655200204462744,5.999999865889549
21:41:53.212920,102,1.3037410319256444,1.767136652795377,-0.002195363457054622,0.41748001115047373,3.1199999302625656
21:41:53.212920,102,1.3766699837401355,1.7785882733669756,-0.03780013365635515,0.41748001115047373,3.759999915957451
21:41:53.212920,102,0.9922631234222826,1.8577048242187302,1.5689870286377126,0.27832000743364915,5.879999868571758
21:41:53.212920,102,1.0414430442858924,1.8802475231450173,1.4732789139965419,0.27832000743364915,12.11999972909689
21:41:53.212920,102,1.1147194786714212,1.7808875451267725,1.1241263845843454,0.27832000743364915,24.999999441206455
21:41:53.212920,102,1.1878614683753224,1.8286510565262133,0.991522313719351,0.27832000743364915,15.87999964505434
21:41:53.212920,102,1.1763963053673823,1.769430772286299,1.02098659624287,0.27832000743364915,25.999999418854713
21:41:53.212920,102,1.3294582032272664,1.8457889255484787,1.0484077720703924,0.27832000743364915,5.119999885559082
21:41:53.212920,102,1.5767991788301,1.7985948501766573,1.1786580966911286,-0.06972000186215155,3.759999915957451
21:41:53.265387,103,-4.4022192665272515,5.385389347626923,1.0651819185339182,0.27832000743364915,3.1199999302625656
21:41:53.265387,103,0.0701640090545281,0.1410555920448482,2.1979629709486153,-2.5048800669028424,3.519999921321869
21:41:53.265387,103,1.3542205536291196,3.0726948144375474,-0.022630645764756263,0.13916000371682458,3.2399999275803566
21:41:53.265387,103,1.0256604985770197,2.005682526387196,0.36758372949202633,0.6263600167294499,6.7599998489022255
21:41:53.265387,103,1.4818708218961456,3.080861867540094,-0.04417002474501208,0.13916000371682458,3.879999913275242
21:41:53.265387,103,1.0301922658187002,1.876404995794096,0.3238703952645021,0.6263600167294499,6.9999998435378075
21:41:53.265387,103,1.068317144470021,1.874925524153061,0.4524103652503728,0.6263600167294499,4.119999907910824
21:41:53.265387,103,1.3424058590712813,1.5729803690733977,-0.22146463916494863,0.06972000186215155,4.759999893605709
21:41:53.265387,103,1.360625848111085,1.5845475165181688,-0.28812398725933797,0.5566400148672983,2.9999999329447746
21:41:53.265387,103,1.3289850069810538,1.632479205464945,-0.09764377251534917,0.06972000186215155,3.879999913275242
21:41:53.265387,103,1.1520253680528183,1.7634963092756772,1.3215548778575112,0.27832000743364915,12.879999712109566
21:41:53.265387,103,1.1895778222954758,1.7272806071573303,1.115284868706659,0.20888000557897612,21.359999522566795
21:41:53.265387,103,1.2127576613653013,1.7363265397754648,1.0061942986665038,0.20888000557897612,24.639999449253082
21:41:53.265387,103,1.2652178960347382,1.7709582531857317,0.9826812990326208,0.20888000557897612,22.759999491274357
21:41:53.265387,103,1.1586242384139123,1.7182136425911423,1.4283731513607032,0.27832000743364915,6.7599998489022255
21:41:53.265387,103,1.4581274167383167,1.8026317403197996,1.1607700640412268,0.20888000557897612,10.519999764859676
21:41:53.265387,103,1.6418157854086461,1.7862184774098495,1.2860629682423406,0.06972000186215155,5.759999871253967
21:41:53.316869,104,-1.9060796771833415,6.610229781302365,3.6790978281155775,2.226560059469193,3.2399999275803566
21:41:53.316869,104,-0.9992203212725103,7.037555538659437,2.719899915785857,2.226560059469193,2.9999999329447746
21:41:53.316869,104,0.0960938292550002,0.19132613785919525,2.1347935125720965,-2.4354400650481693,4.239999905228615
21:41:53.316869,104,1.1237530716491315,1.9800018712901784,0.4011578067670718,0.7655200204462744,3.999999910593033
21:41:53.316869,104,1.1249230357643891,1.9424312211411079,0.2515843039285057,0.3480400092958007,3.2399999275803566
21:41:53.316869,104,1.2917234000502784,1.7056083501383457,-0.1525744327944487,0.06972000186215155,3.63999991863966
21:41:53.316869,104,1.3077212722173672,1.645213624757726,-0.10105594988092914,0.06972000186215155,2.9999999329447746
21:41:53.316869,104,1.3616357583011556,1.4727361129961605,-0.36105936285305607,0.20888000557897612,3.1199999302625656
21:41:53.316869,104,1.0604913455122926,1.8922515118733398,1.5616944135289974,0.27832000743364915,20.999999530613422
21:41:53.316869,104,1.079850161805993,1.8819143702664187,1.5644642422746182,0.27832000743364915,23.759999468922615
21:41:53.316869,104,1.036688599220333,1.7435189268936062,1.5112248335185354,0.27832000743364915,7.1199998408555984
21:41:53.316869,104,1.0991009939882121,1.8713907568266968,1.567284035997249,0.27832000743364915,25.999999418854713
21:41:53.316869,104,1.1375554316592202,1.8445207990007755,1.551580411688731,0.27832000743364915,27.239999391138554
21:41:53.316869,104,1.1702435684079893,1.8798488949015695,1.4727309248253606,0.27832000743364915,15.119999662041664
21:41:53.316869,104,1.2009426309867919,1.6945988946834414,0.9232771233283763,0.13916000371682458,11.879999734461308
21:41:53.316869,104,1.1235907193592805,1.764614070966094,1.5049176054130007,0.27832000743364915,23.23999948054552
21:41:53.316869,104,1.3431414322831756,1.7205619018303346,0.9961849606797744,0.13916000371682458,9.879999779164791
21:41:53.316869,104,1.681274599794665,1.8224114255283446,1.2437639144870132,0.06972000186215155,3.999999910593033
21:41:53.316869,104,1.659633638952921,1.7174010510262123,1.3867517187536027,0.06972000186215155,14.999999664723873
21:41:53.316869,104,1.7022056059665163,1.7614548344500827,1.3710210267577254,0.06972000186215155,11.639999739825726
21:41:53.374029,105,-4.464469779413707,4.620701752115787,-0.8237320425722041,3.827040102216415,3.2399999275803566
21:41:53.374029,105,0.05028539263779744,6.170571625420772,5.600750240401,-4.244520113366889,3.1199999302625656
21:41:53.374029,105,0.5595612941276484,7.015658884288617,1.2157369120079005,-0.20888000557897612,3.3599999248981476
21:41:53.374029,105,0.8401282118633068,6.711857430860738,0.12890616029445812,4.313960115221562,3.759999915957451
21:41:53.374029,105,0.03924606536649131,0.24983291646024194,1.9927704573624792,-3.4790000929206144,5.999999865889549
21:41:53.374029,105,1.2549590939631636,4.297949610317544,1.1779970494408492,-0.06972000186215155,3.2399999275803566
21:41:53.374029,105,1.1966537935649764,2.0023571405877965,0.3708794055043425,0.8349600223009475,4.359999902546406
21:41:53.374029,105,1.2109661000957508,1.9192197941271716,0.390751348776488,0.8349600223009475,3.63999991863966
21:41:53.374029,105,1.173830128107576,1.7593799755387252,1.0000171491709753,0.13916000371682458,32.239999279379845
21:41:53.374029,105,1.1551094042165688,1.6055470296376104,0.8733875756895249,0.13916000371682458,12.879999712109566
21:41:53.374029,105,1.193353561914638,1.7479472612126765,1.003080535741936,0.13916000371682458,36.35999918729067
21:41:53.374029,105,1.2232221041350941,1.6935645911550403,0.94699124909951,0.13916000371682458,39.35999912023544
21:41:53.374029,105,1.173399796001317,1.8421738164011257,1.6437725247327466,0.27832000743364915,11.879999734461308
21:41:53.374029,105,1.2390105601152677,1.6710299715520378,0.929592397247907,0.13916000371682458,40.3599990978837
21:41:53.374029,105,1.1598420217460206,1.7589842218890654,1.5731903313545292,0.27832000743364915,11.119999751448631
21:41:53.374029,105,1.2578596232927663,1.6589709143540454,0.9328236118855897,0.13916000371682458,39.11999912559986
21:41:53.374029,105,1.3044405435598525,1.7461364318255388,0.9893322860207538,0.13916000371682458,36.23999918997288
21:41:53.374029,105,1.295178522610143,1.6343096380509747,0.9394315809553184,0.13916000371682458,35.879999198019505
21:41:53.374029,105,1.1607892647017815,1.6691975564327262,1.5311391847139024,0.27832000743364915,3.3599999248981476
21:41:53.374029,105,1.3136446268913546,1.6217098850528655,0.9428076745959935,0.13916000371682458,31.63999929279089
21:41:53.374029,105,1.3319793678104501,1.6089323961435524,0.9462313924305414,0.13916000371682458,27.119999393820763
21:41:53.374029,105,1.3501809119086978,1.595978449061222,0.9497023920900474,0.13916000371682458,22.99999948590994
21:41:53.374029,105,1.4776383565784257,1.788452962578134,1.1645692560867666,0.20888000557897612,15.359999656677246
21:41:53.374029,105,4.370408890764999,4.374602481592129,-1.319369969907453,-0.6958000185841229,2.9999999329447746
21:41:53.374029,105,1.703143030030119,1.7689821119264266,1.3951465346743461,0.06972000186215155,6.9999998435378075
21:41:53.374029,105,1.8229849758417918,1.7732734830574042,1.4980163020739314,0.06972000186215155,3.879999913275242
21:41:53.374029,105,0.21558574951106424,0.132239073280298,1.9933203154079324,1.878800050180871,4.759999893605709
21:41:53.423810,106,0.08243287481583887,0.18664422863503088,1.8504080244553225,2.852920076198643,4.519999898970127
21:41:53.423810,106,1.3199415572152269,3.2277490779990043,0.0749877286810261,0.06972000186215155,3.759999915957451
21:41:53.423810,106,1.340900900338019,3.279002483932209,0.044420471752406154,0.06972000186215155,3.2399999275803566
21:41:53.423810,106,1.3002533858064598,1.598507347554851,-0.2283045724342605,0.06972000186215155,3.3599999248981476
21:41:53.423810,106,1.3272438185266597,1.6316888839291364,-0.27455932962152874,0.20888000557897612,3.2399999275803566
21:41:53.423810,106,3.2449743327982965,6.29424805770008,1.9848348626935386,-1.1132800297345966,2.9999999329447746
21:41:53.423810,106,1.524663574836345,1.6656061816062577,-0.2123877470267299,0.20888000557897612,3.1199999302625656
21:41:53.423810,106,3.4810629783200384,3.6314684343236854,-2.8939222810577494,0.13916000371682458,3.519999921321869
21:41:53.423810,106,1.1655655582468878,1.8252512142899133,1.299122343871446,0.20888000557897612,11.359999746084213
21:41:53.423810,106,1.155261287049426,1.7914474172895973,1.4054775235902035,0.20888000557897612,7.519999831914902
21:41:53.423810,106,1.2442704257215398,1.772647706088735,1.1152559761688579,0.20888000557897612,17.11999961733818
21:41:53.423810,106,1.1766421544914996,1.706935078254186,1.431395233566573,0.13916000371682458,4.759999893605709
21:41:53.423810,106,1.3540779588008824,1.7600515857656538,1.0831040979235276,0.13916000371682458,15.519999653100967
21:41:53.423810,106,1.8079718123753599,1.3524977028393275,-0.3020402097206176,0.06972000186215155,3.1199999302625656
21:41:53.423810,106,1.509123691578231,1.7319725148464284,1.1040421151663748,0.06972000186215155,10.359999768435955
21:41:53.423810,106,1.6402520832792777,1.7779452194661716,1.2622158124168799,0.06972000186215155,8.359999813139439
21:41:53.423810,106,1.6948667959820156,1.7796034026105574,1.1752582379086463,0.06972000186215155,6.239999860525131
21:41:53.423810,106,1.7257550324202764,1.7843176089353086,1.0567814895830512,0.06972000186215155,3.759999915957451
21:41:53.489418,107,-0.06256503846684774,0.23863968507091785,1.9439132569012616,-1.0438400278799236,2.9999999329447746
21:41:53.489418,107,1.2796359177331098,3.3800403202148512,0.18010353117788247,0.06972000186215155,2.9999999329447746
21:41:53.489418,107,0.08836069681460441,0.12259210964697531,2.2029102461465917,-0.13916000371682458,3.2399999275803566
21:41:53.489418,107,1.4278112354069723,3.187934211929479,0.08565608989110873,0.06972000186215155,3.3599999248981476
21:41:53.489418,107,1.2525517651288542,1.8267546439037294,-0.25556734736085485,1.0438400278799236,3.759999915957451
21:41:53.489418,107,1.2732684417545306,1.766048820288235,-0.20396550592653373,1.1132800297345966,7.879999823868275
21:41:53.489418,107,1.3002533858064598,1.598507347554851,-0.2283045724342605,0.06972000186215155,7.639999829232693
21:41:53.489418,107,1.0389444974378395,1.9215113368621637,1.6453762856506655,0.27832000743364915,21.639999516308308
21:41:53.489418,107,1.0707801750174883,1.956773887484359,1.5463698370397951,0.27832000743364915,19.519999563694
21:41:53.489418,107,1.0604913455122926,1.8922515118733398,1.5616944135289974,0.27832000743364915,25.999999418854713
21:41:53.489418,107,1.0908013670232066,1.9463341635344282,1.549167152641383,0.27832000743364915,23.759999468922615
21:41:53.489418,107,1.079850161805993,1.8819143702664187,1.5644642422746182,0.27832000743364915,30.63999931514263
21:41:53.489418,107,1.1107134798060965,1.9357015749294784,1.5520161461715316,0.27832000743364915,28.879999354481697
21:41:53.489418,107,1.0362739376215115,1.764417900641167,1.5920190425251965,0.27832000743364915,3.879999913275242
21:41:53.489418,107,1.0991009939882121,1.8713907568266968,1.567284035997249,0.27832000743364915,35.11999921500683
21:41:53.489418,107,1.130966893829515,1.9020776215392148,1.4667747554740314,0.27832000743364915,34.23999923467636
21:41:53.489418,107,1.1779086006452912,1.8874439684768178,1.2765724885531577,0.27832000743364915,23.11999948322773
21:41:53.489418,107,1.1047665468767567,1.7969193353258104,1.5852744512981014,0.27832000743364915,20.51999954134226
21:41:53.489418,107,1.1372710167406732,1.8497883424007526,1.5730723854972433,0.27832000743364915,38.239999145269394
21:41:53.489418,107,1.1702435684079893,1.8798488949015695,1.4727309248253606,0.27832000743364915,39.11999912559986
21:41:53.489418,107,1.1979530471251374,1.8759693424848993,1.2796471053211413,0.27832000743364915,26.75999940186739
21:41:53.489418,107,1.1561863903406187,1.8387117016378745,1.576040362444506,0.27832000743364915,39.23999912291765
21:41:53.489418,107,1.189707349664641,1.8684511124719487,1.4757849514228831,0.27832000743364915,42.23999905586243
21:41:53.489418,107,1.217877699303917,1.8643016789654074,1.2827734463387472,0.27832000743364915,30.119999326765537
21:41:53.489418,107,1.1752799931933593,1.8221797801063444,1.5575666696595822,0.27832000743364915,37.75999915599823
21:41:53.489418,107,1.2090521611830642,1.8568658973743588,1.4788892004524232,0.27832000743364915,42.51999904960394
21:41:53.489418,107,1.2322240244401095,1.819963089246627,1.1983647479655524,0.20888000557897612,32.239999279379845
21:41:53.489418,107,1.194146047045258,1.7938248984825464,1.496435786482629,0.27832000743364915,34.35999923199415
21:41:53.489418,107,1.2282760684983138,1.8450944081206038,1.4820433614916784,0.27832000743364915,39.87999910861254
21:41:53.489418,107,1.271283522889463,1.795780257724663,1.2048445181425604,0.20888000557897612,32.63999927043915
21:41:53.489418,107,1.2127163673844028,1.7822005490405224,1.4995505215281564,0.27832000743364915,29.999999329447746
21:41:53.489418,107,1.247190041112413,1.826971283848088,1.4633367126000487,0.27832000743364915,35.23999921232462
21:41:53.489418,107,1.2906235545331217,1.78340709383818,1.2081598974137613,0.13916000371682458,31.239999301731586
21:41:53.489418,107,1.2494913513110062,1.758416656518687,1.505923396322251,0.27832000743364915,25.63999942690134
21:41:53.489418,107,1.283661216334016,1.7829437430274706,1.4044833792600722,0.27832000743364915,30.23999932408333
21:41:53.489418,107,1.3098345249026124,1.7708477413619157,1.2115251657672343,0.13916000371682458,28.519999362528324
21:41:53.489418,107,1.3540779588008824,1.7600515857656538,1.0831040979235276,0.13916000371682458,27.639999382197857
21:41:53.489418,107,1.302359945186044,1.7704541160900285,1.4078299647117256,0.27832000743364915,25.359999433159828
21:41:53.489418,107,1.328914512916994,1.7581034562205946,1.2149399866789632,0.13916000371682458,25.119999438524246
21:41:53.489418,107,1.5856214023967858,1.7801029232437964,1.3699508027289817,0.13916000371682458,19.879999555647373
21:41:53.489418,107,1.703143030030119,1.7689821119264266,1.3951465346743461,0.13916000371682458,11.999999731779099
21:41:53.489418,107,1.7457384419120507,1.8132241516968284,1.3800192188649956,0.06972000186215155,7.35999983549118
21:41:53.489418,107,1.7833246809301113,1.8247445565314755,1.2639692223364833,0.06972000186215155,4.359999902546406
21:41:53.489418,107,5.354533814169832,2.85386602129236,-1.527074440237684,-0.4872000130126253,3.879999913275242
21:41:53.529353,108,2.53778067750268,6.301868674935996,0.2387623163503334,0.13916000371682458,3.1199999302625656
21:41:53.529353,108,0.10593461090121407,0.21659891486891983,2.0766275040135307,-3.9662001059332397,4.519999898970127
21:41:53.529353,108,1.2227656648173213,1.920369633224876,1.4612186244278242,0.3480400092958007,11.519999742507935
21:41:53.529353,108,1.1740460006672766,1.7801976334598522,1.4084918940824085,0.27832000743364915,13.999999687075615
21:41:53.529353,108,1.2088708018555734,1.850695800131868,1.456979747620991,0.27832000743364915,15.75999964773655
21:41:53.529353,108,1.1586242384139123,1.7182136425911423,1.4283731513607032,0.27832000743364915,5.639999873936176
21:41:53.529353,108,1.4289552234773972,1.7979519361328138,1.2946897115707783,0.06972000186215155,13.35999970138073
21:41:53.529353,108,1.6238458785139254,1.7564659340038689,1.4017729314223855,0.06972000186215155,20.359999544918537
21:41:53.529353,108,1.7049331351611892,1.7904996416159926,1.4678762873402953,0.06972000186215155,11.999999731779099
21:41:53.592640,109,-0.13499386211343048,0.2132182447144346,1.9820099084737053,-2.5048800669028424,3.3599999248981476
21:41:53.592640,109,0.057255616472120616,0.20070260110943017,2.143000931363524,-4.313960115221562,5.119999885559082
21:41:53.592640,109,1.0609156976270198,1.8700938257329944,1.4759995890182833,0.27832000743364915,22.11999950557947
21:41:53.592640,109,1.0802822602872206,1.859752547752948,1.4787705261017425,0.27832000743364915,26.119999416172504
21:41:53.592640,109,1.0995407956264542,1.8492247233240118,1.4815914481555326,0.27832000743364915,30.35999932140112
21:41:53.592640,109,1.130966893829515,1.9020776215392148,1.4667747554740314,0.27832000743364915,33.359999254345894
21:41:53.592640,109,1.1377260919876464,1.8276136647631733,1.487382113844491,0.27832000743364915,34.35999923199415
21:41:53.592640,109,1.1702435684079893,1.8798488949015695,1.4727309248253606,0.27832000743364915,37.87999915331602
21:41:53.592640,109,1.201317972177776,1.9055509712233516,1.3683581744974016,0.27832000743364915,37.75999915599823
21:41:53.592640,109,1.1566490345119609,1.8165325917190212,1.490351278417942,0.27832000743364915,37.119999170303345
21:41:53.592640,109,1.1895288920829308,1.8622792774327885,1.4538759642326649,0.27832000743364915,41.11999908089638
21:41:53.592640,109,1.2212985906245515,1.8938505344550443,1.3714932970805611,0.27832000743364915,41.51999907195568
21:41:53.592640,109,1.141689184531145,1.747845489877423,1.4871574793841735,0.27832000743364915,14.119999684393406
21:41:53.592640,109,1.1752799931933593,1.7992706450046454,1.4720686135025822,0.27832000743364915,37.75999915599823
21:41:53.592640,109,1.207601540451373,1.8310776607153136,1.3915859348870683,0.20888000557897612,42.35999905318022
21:41:53.592640,109,1.2376805647331053,1.852442144674919,1.2859511989744927,0.20888000557897612,43.359999030828476
21:41:53.592640,109,1.1939669236534218,1.787827965975404,1.4751346701077162,0.27832000743364915,36.11999919265509
21:41:53.592640,109,1.2268023829234411,1.8193202948938658,1.3947363115640425,0.27832000743364915,40.99999908357859
21:41:53.592640,109,1.2573596631427502,1.8403919255569277,1.2891800454557767,0.20888000557897612,42.87999904155731
21:41:53.592640,109,1.2112613503382665,1.7571565661944477,1.4146657294489249,0.27832000743364915,32.75999926775694
21:41:53.592640,109,1.2458805461850335,1.8073780541347093,1.3979362253312766,0.27832000743364915,37.51999916136265
21:41:53.592640,109,1.2963386999033797,1.8157242718335214,1.295789723350134,0.20888000557897612,39.99999910593033
21:41:53.592640,109,1.3150619481658914,1.7858343563219397,1.0761956253743339,0.20888000557897612,44.11999901384115
21:41:53.592640,109,1.247992211640715,1.7334012095858506,1.4210309580681115,0.27832000743364915,28.519999362528324
21:41:53.592640,109,1.283661216334016,1.7829437430274706,1.4044833792600722,0.27832000743364915,32.75999926775694
21:41:53.592640,109,1.3156347403833453,1.8031093039728128,1.2991698938009555,0.20888000557897612,35.51999920606613
21:41:53.592640,109,1.2661713602182165,1.721258631041069,1.4242845521832175,0.27832000743364915,24.23999945819378
21:41:53.592640,109,1.302359945186044,1.7704541160900285,1.4078299647117256,0.27832000743364915,27.87999937683344
21:41:53.592640,109,1.328914512916994,1.7581034562205946,1.2149399866789632,0.20888000557897612,30.63999931514263
21:41:53.592640,109,1.3202013891551285,1.7509183593692623,1.3895348121350768,0.27832000743364915,23.35999947786331
21:41:53.592640,109,1.366673923238084,1.732065203979803,1.221916915339201,0.20888000557897612,25.75999942421913
21:41:53.592640,109,1.4384706653781545,1.816621351066867,1.1570215591391244,0.20888000557897612,20.239999547600746
21:41:53.592640,109,1.6032872796701156,1.8175648101892001,1.2776637436884364,0.13916000371682458,11.239999748766422
21:41:53.592640,109,1.6731371634563064,1.775459688886323,0.951174063404818,0.06972000186215155,6.239999860525131
21:41:53.592640,109,1.6632145203397783,1.8470521140774339,1.2638772873657729,0.13916000371682458,4.239999905228615
21:41:53.592640,109,1.743541344393335,1.8333897757725366,1.0048378146511507,0.13916000371682458,5.359999880194664
21:41:53.592640,109,4.494815429499831,0.10219730634582946,-3.389065568988661,-3.33984008920379,2.9999999329447746
21:41:53.647521,110,-0.13805320542642793,0.1780819790462935,1.8849472847301167,-3.7573201003542636,3.63999991863966
21:41:53.647521,110,0.07113912326399338,0.21833743565323416,2.106193198530457,1.1132800297345966,4.519999898970127
21:41:53.647521,110,1.1564755357186276,1.833441388131358,1.554549130883804,0.27832000743364915,13.999999687075615
21:41:53.647521,110,1.189707349664641,1.8684511124719487,1.4757849514228831,0.27832000743364915,23.639999471604824
21:41:53.647521,110,1.2411570802354692,1.881957687970775,1.3746799756917283,0.27832000743364915,22.519999496638775
21:41:53.647521,110,1.1600160255922023,1.7425553888444887,1.5108282114735796,0.27832000743364915,2.9999999329447746
21:41:53.647521,110,1.3510632458948437,1.8516649295980692,1.280297358348705,0.27832000743364915,21.87999951094389
21:41:53.647521,110,1.5292826448193872,1.8326240060848082,1.3813664375111865,0.13916000371682458,26.119999416172504
21:41:53.647521,110,1.6962848804014559,1.8561816726369342,1.1462505504763894,0.13916000371682458,6.7599998489022255
21:41:53.647521,110,1.7343305299335108,1.890717210862547,1.1006178197489198,0.13916000371682458,4.239999905228615
21:41:53.647521,110,1.6481579682494547,1.8390858439700286,1.4548576536562363,0.13916000371682458,18.11999959498644
21:41:53.647521,110,1.6896316568907706,1.8920744440747836,1.4661836805092832,0.13916000371682458,8.759999804198742
21:41:53.706394,111,-0.12838777782176472,0.17845289335455922,1.8747795965511036,-1.6004800427472219,2.9999999329447746
21:41:53.706394,111,1.6517267188741283,4.4220732448455315,1.5487426460570106,-0.27832000743364915,4.359999902546406
21:41:53.706394,111,1.8063863081713694,4.430628782483727,1.5562355878951717,-0.27832000743364915,4.999999888241291
21:41:53.706394,111,1.8745945251865772,4.471055006221298,1.5551888051307796,-0.27832000743364915,2.9999999329447746
21:41:53.706394,111,1.16977548660459,1.902657349475695,1.560870319696385,0.3480400092958007,30.51999931782484
21:41:53.706394,111,1.1235907193592805,1.764614070966094,1.5049176054130007,0.27832000743364915,5.119999885559082
21:41:53.706394,111,1.1895288920829308,1.885843181081791,1.5418176498753993,0.3480400092958007,33.7599992454052
21:41:53.706394,111,1.2227656648173213,1.920369633224876,1.4612186244278242,0.3480400092958007,32.119999282062054
21:41:53.706394,111,1.2090521611830642,1.8568658973743588,1.4788892004524232,0.3480400092958007,35.759999200701714
21:41:53.706394,111,1.242648009264263,1.9084625005633444,1.4644091310086518,0.3480400092958007,33.7599992454052
21:41:53.706394,111,1.194146047045258,1.7938248984825464,1.496435786482629,0.27832000743364915,24.23999945819378
21:41:53.706394,111,1.2282760684983138,1.8450944081206038,1.4820433614916784,0.3480400092958007,35.999999195337296
21:41:53.706394,111,1.2622167274682243,1.890024187256872,1.4451322009566208,0.3480400092958007,33.639999248087406
21:41:53.706394,111,1.2948457880169435,1.920227131678204,1.3611659477353597,0.20888000557897612,27.639999382197857
21:41:53.706394,111,1.2473771492357646,1.833137821849747,1.4852471191271874,0.3480400092958007,34.35999923199415
21:41:53.706394,111,1.2818456238034004,1.8777372074959262,1.4484244872609837,0.3480400092958007,31.87999928742647
21:41:53.706394,111,1.2850104210040867,1.8025112908192986,1.4698907479789838,0.3480400092958007,31.239999301731586
21:41:53.706394,111,1.3193302210273168,1.8324862764690908,1.3879358004520324,0.27832000743364915,28.879999354481697
21:41:53.706394,111,1.3805191193753439,1.8664106938504563,1.1689754979656157,0.3480400092958007,16.119999639689922
21:41:53.706394,111,1.3037288033378673,1.7900085365373695,1.4732408508919914,0.3480400092958007,27.359999388456345
21:41:53.706394,111,1.3385485301538715,1.8196496011389882,1.3913753772402337,0.27832000743364915,25.359999433159828
21:41:53.706394,111,1.3209284391346714,1.757784500791818,1.4112247778992941,0.27832000743364915,23.519999474287033
21:41:53.706394,111,1.3576329855488474,1.8066279361240893,1.3948645218650846,0.27832000743364915,21.87999951094389
21:41:53.706394,111,1.5176018035374375,1.843432639445464,1.166643847266155,0.3480400092958007,7.35999983549118
21:41:53.706394,111,1.6361401470951609,1.8278696060591986,1.1623253476728665,0.20888000557897612,5.639999873936176
21:41:53.706394,111,1.69398242657046,1.8467308702328253,1.1215413775975196,0.20888000557897612,3.63999991863966
21:41:53.757037,112,-0.18335574379905167,0.03230313922755442,1.8286927190908961,-3.548720094782766,4.239999905228615
21:41:53.757037,112,0.060165752342199445,0.18033161506423762,1.833058103119829,-0.904680024163099,5.879999868571758
21:41:53.757037,112,1.1372710167406732,1.8497883424007526,1.5730723854972433,0.27832000743364915,4.239999905228615
21:41:53.757037,112,1.189707349664641,1.8684511124719487,1.4757849514228831,0.27832000743364915,11.639999739825726
21:41:53.757037,112,1.2227656648173213,1.920369633224876,1.4612186244278242,0.27832000743364915,13.639999695122242
21:41:53.757037,112,1.2761110674320977,1.95985516460929,1.449986295040943,0.27832000743364915,10.639999762177467
21:41:53.757037,112,1.4724610750705531,1.9038996863667987,1.4643247189610225,0.27832000743364915,13.35999970138073
21:41:53.757037,112,1.6676731581927666,1.957643637125888,1.3380494373915952,0.06972000186215155,3.2399999275803566
21:41:53.757037,112,1.629145117497542,1.8617379687483484,1.4749671158613016,0.13916000371682458,14.6399996727705
21:41:53.757037,112,1.6896316568907706,1.8920744440747836,1.4661836805092832,0.13916000371682458,9.239999793469906
21:41:53.814919,113,1.3049924576248444,4.402617366739636,1.5343850504052639,-0.20888000557897612,3.759999915957451
21:41:53.814919,113,0.07513545084096322,0.13684387352187413,2.1990914975255933,-0.7655200204462744,3.63999991863966
21:41:53.814919,113,1.3512466619017929,2.018612235876141,-0.02307676861312391,0.20888000557897612,3.759999915957451
21:41:53.814919,113,1.5069121047287377,2.080346085024754,0.05095476890754691,0.20888000557897612,3.519999921321869
21:41:53.814919,113,1.1726113060973569,2.037353503766983,1.5038344794201899,0.41748001115047373,27.519999384880066
21:41:53.814919,113,1.1305145221715627,1.9248771849194617,1.5549165327332752,0.27832000743364915,21.87999951094389
21:41:53.814919,113,1.161928050354913,1.9783636130122266,1.5425490294693014,0.3480400092958007,27.519999384880066
21:41:53.814919,113,1.1936948764087467,2.0075745132335916,1.437199934113722,0.41748001115047373,30.35999932140112
21:41:53.814919,113,1.1700680304176685,1.8972392538298757,1.5387640813856638,0.3480400092958007,24.879999443888664
21:41:53.814919,113,1.2022799564685065,1.9555263565506373,1.5486682538955265,0.3480400092958007,30.35999932140112
21:41:53.814919,113,1.2351499936738908,1.9841128918181308,1.4434864566251195,0.41748001115047373,32.359999276697636
21:41:53.814919,113,1.189707349664641,1.8684511124719487,1.4757849514228831,0.27832000743364915,27.359999388456345
21:41:53.814919,113,1.2225822484472342,1.938244974032224,1.5290861688669946,0.3480400092958007,32.119999282062054
21:41:53.814919,113,1.2556933146927183,1.9720829424333253,1.4467098718477656,0.41748001115047373,32.99999926239252
21:41:53.814919,113,1.2090521611830642,1.8568658973743588,1.4788892004524232,0.27832000743364915,28.879999354481697
21:41:53.814919,113,1.2424616105177875,1.9263396274553968,1.5322761968678682,0.3480400092958007,32.51999927312136
21:41:53.814919,113,1.194146047045258,1.7938248984825464,1.496435786482629,0.27832000743364915,9.239999793469906
21:41:53.814919,113,1.2282760684983138,1.8450944081206038,1.4820433614916784,0.27832000743364915,28.999999351799488
21:41:53.814919,113,1.2624060899513698,1.8963639177586613,1.4676509365007278,0.27832000743364915,31.239999301731586
21:41:53.814919,113,1.2473771492357646,1.833137821849747,1.4852471191271874,0.27832000743364915,27.519999384880066
21:41:53.814919,113,1.2820379310871262,1.8840750946589708,1.4709437167262187,0.27832000743364915,28.759999357163906
21:41:53.814919,113,1.3510198105976639,1.9790683989669073,1.4186589781849843,0.3480400092958007,39.35999912023544
21:41:53.814919,113,1.2852032030825475,1.8086741592411484,1.491802137767069,0.27832000743364915,24.999999441206455
21:41:53.814919,113,1.3037288033378673,1.7900085365373695,1.4732408508919914,0.27832000743364915,21.99999950826168
21:41:53.814919,113,1.5502624586541895,1.916337859425387,1.4341580385012964,0.20888000557897612,25.51999942958355
21:41:53.814919,113,1.669889850072362,1.9082998218615683,1.4618361036344245,0.20888000557897612,13.999999687075615
21:41:53.814919,113,1.6896316568907706,1.8920744440747836,1.4661836805092832,0.20888000557897612,14.359999679028988
21:41:53.814919,113,1.7305984518333044,1.9310764961100872,1.4275897585148816,0.20888000557897612,7.639999829232693
21:41:53.814919,113,1.7092045019590647,1.8756591895218893,1.4705821347102825,0.20888000557897612,14.119999684393406
21:41:53.814919,113,1.7894762334316994,1.9285780468744063,1.3144609480403857,0.13916000371682458,3.63999991863966
21:41:53.814919,113,1.747573317367178,1.835279832336519,1.4545679343052118,0.20888000557897612,13.239999704062939
21:41:53.814919,113,1.7666247439711205,1.8183074179481546,1.4591156790341804,0.20888000557897612,12.23999972641468
21:41:53.869616,114,-0.05711499351791561,0.16309235937378547,2.1847911413187044,1.2524400334514212,3.63999991863966
21:41:53.869616,114,1.1923772493853266,4.384083995447561,1.7153492541967368,-0.20888000557897612,3.759999915957451
21:41:53.869616,114,1.2089444109040528,4.4449974586167755,1.7113942517974716,-0.20888000557897612,4.119999907910824
21:41:53.869616,114,0.09069663066940918,0.0914134394143527,1.7822232556947732,-3.548720094782766,3.519999921321869
21:41:53.869616,114,1.2732684417545306,1.766048820288235,-0.20396550592653373,0.3480400092958007,2.9999999329447746
21:41:53.869616,114,1.3152528939689914,1.918975693719175,-0.1403608629511366,0.20888000557897612,6.239999860525131
21:41:53.869616,114,1.3904112624419072,1.9309806076084466,-0.17611388764808567,0.06972000186215155,6.9999998435378075
21:41:53.869616,114,1.5155659083422988,1.9121840424323029,-0.20361368090377185,0.06972000186215155,4.239999905228615
21:41:53.869616,114,1.1908310591435087,2.052452563089734,1.624012416220007,0.3480400092958007,20.999999530613422
21:41:53.869616,114,1.2321867206072563,2.0290472289197057,1.6302838566094464,0.3480400092958007,23.519999474287033
21:41:53.869616,114,1.2551910541316478,1.996161257652505,1.5397365435033554,0.41748001115047373,25.51999942958355
21:41:53.869616,114,1.206151499948607,1.8994940997473722,1.6558557295332637,0.3480400092958007,10.87999975681305
21:41:53.869616,114,1.2351993262062533,1.9695130155040665,1.7381567716523243,0.3480400092958007,21.119999527931213
21:41:53.869616,114,1.2756006400425295,1.9839383707763458,1.5430116561709992,0.41748001115047373,26.519999407231808
21:41:53.869616,114,1.2958826669581056,1.9715189568681395,1.546339428098171,0.3480400092958007,25.999999418854713
21:41:53.869616,114,1.3160351066926779,1.958904257858872,1.549719526510466,0.3480400092958007,24.35999945551157
21:41:53.869616,114,1.3662949986265265,1.9137089648529626,1.2577873521481484,0.41748001115047373,30.119999326765537
21:41:53.869616,114,1.3559431768705812,1.9330940697766827,1.556635345563584,0.3480400092958007,21.99999950826168
21:41:53.869616,114,1.4208468990296483,1.9407330943876209,1.2185969327940989,0.41748001115047373,21.239999525249004
21:41:53.869616,114,1.541814434155789,1.9399545916504835,1.2389841435252238,0.13916000371682458,6.7599998489022255
21:41:53.923856,115,-2.848659267641592,6.4138223845387055,1.9378667719889555,-2.574600068764994,3.63999991863966
21:41:53.923856,115,-2.811327600078668,6.083172069252986,-0.288908411157331,2.0179600538976956,3.3599999248981476
21:41:53.923856,115,-0.05948238212298176,0.14857834920379936,2.195947254243019,-0.20888000557897612,4.239999905228615
21:41:53.923856,115,0.030695018995135707,0.2498511961558445,2.025321960210672,2.644040070619667,3.999999910593033
21:41:53.923856,115,0.8768434319017954,6.9628839119655845,2.072325417210709,-3.0615200817701407,3.1199999302625656
21:41:53.923856,115,1.3760483766814136,2.1808531898578436,0.17137408386760367,0.13916000371682458,4.239999905228615
21:41:53.923856,115,1.4533386121039311,2.0179703316590847,-0.05256031746002243,0.06972000186215155,4.759999893605709
21:41:53.923856,115,1.5155659083422988,1.9121840424323029,-0.20361368090377185,0.06972000186215155,3.1199999302625656
21:41:53.923856,115,1.1955514522883244,1.992993047194372,1.7318653161226498,0.3480400092958007,7.1199998408555984
21:41:53.923856,115,1.2551910541316478,1.996161257652505,1.5397365435033554,0.41748001115047373,18.35999958962202
21:41:53.923856,115,1.330531231586916,1.9987002907516211,1.438922973574127,0.41748001115047373,33.11999925971031
21:41:53.923856,115,1.4676015475328212,1.9529651850642538,1.345848418806069,0.41748001115047373,38.6399991363287
21:41:53.923856,115,1.5873659285000894,1.9420741398641312,1.345493968590807,0.20888000557897612,30.63999931514263
21:41:53.923856,115,1.6696764359097325,1.9875140598021468,1.439955911262106,0.20888000557897612,13.239999704062939
21:41:53.923856,115,1.7094456072790756,2.034853643414455,1.426616506776069,0.20888000557897612,3.879999913275242
21:41:53.973504,116,-3.4965105690526075,5.791559579602137,3.86764269012445,1.669920044601895,3.1199999302625656
21:41:53.973504,116,-3.371114006610228,5.545827643010453,4.833201920482894,-1.948240052035544,3.1199999302625656
21:41:53.973504,116,1.2525655802504438,4.433109179452719,1.714579706598876,-0.20888000557897612,3.2399999275803566
21:41:53.973504,116,1.32107251989609,4.3476641740556525,1.7251079159271845,-0.20888000557897612,3.63999991863966
21:41:53.973504,116,2.146150806576288,-0.11611570539322358,-4.747458845533146,2.7137600724818185,3.1199999302625656
21:41:53.973504,116,2.1647458196352467,5.220532109225121,-2.161220707253392,-0.27832000743364915,3.1199999302625656
21:41:53.973504,116,0.10405072310419833,0.09821728986180363,1.791347616658173,-1.4613200390303973,4.8799998909235
21:41:53.973504,116,1.533343426219711,2.153551462900124,0.15379435825540178,0.13916000371682458,3.3599999248981476
21:41:53.973504,116,1.207601540451373,1.8310776607153136,1.3915859348870683,0.3480400092958007,3.2399999275803566
21:41:53.973504,116,1.2624060899513698,1.8963639177586613,1.4676509365007278,0.27832000743364915,6.9999998435378075
21:41:53.973504,116,1.2948457880169435,1.920227131678204,1.3611659477353597,0.41748001115047373,9.63999978452921
21:41:53.973504,116,1.390527246205645,1.9313755230620475,1.3549060482857869,0.41748001115047373,19.879999555647373
21:41:53.973504,116,1.4676015475328212,1.9529651850642538,1.345848418806069,0.20888000557897612,34.35999923199415
21:41:53.973504,116,1.5624451748743993,1.9249620444081534,1.2430013844512917,0.41748001115047373,27.519999384880066
21:41:53.973504,116,1.626097106039922,1.9894600746105506,1.3295242486615444,0.20888000557897612,10.119999773800373
21:41:53.973504,116,1.6882212859546923,2.051263250801134,1.4222195657286965,0.20888000557897612,3.1199999302625656
21:41:54.028084,117,-1.0936347176083405,6.861326406230243,2.9909595315463076,-4.313960115221562,3.1199999302625656
21:41:54.028084,117,-0.25621162790109264,6.964409145218367,3.2565858002928256,-3.548720094782766,3.1199999302625656
21:41:54.028084,117,0.0,5.679831692122806,-2.333981662174625,-1.669920044601895,3.1199999302625656
21:41:54.028084,117,0.04588769287927238,0.1949854621389686,2.154544476695867,2.852920076198643,3.759999915957451
21:41:54.028084,117,1.5513676924901192,1.9599161237889788,-0.03700473934399895,0.13916000371682458,3.3599999248981476
21:41:54.028084,117,1.5490364780885597,1.780525748706653,-0.10326331199289829,0.27832000743364915,2.9999999329447746
21:41:54.028084,117,1.2424616105177875,1.9263396274553968,1.5322761968678682,0.3480400092958007,13.999999687075615
21:41:54.028084,117,1.2756006400425295,1.9839383707763458,1.5430116561709992,0.3480400092958007,16.119999639689922
21:41:54.028084,117,1.2282760684983138,1.8450944081206038,1.4820433614916784,0.3480400092958007,3.999999910593033
21:41:54.028084,117,1.327339127483713,2.0449079242620902,1.6306139390791836,0.3480400092958007,10.359999768435955
21:41:54.028084,117,1.472484995131044,1.9480417543867647,1.1301253175757822,0.41748001115047373,23.23999948054552
21:41:54.028084,117,1.508413117782038,1.9955732968556479,1.1089006773353223,0.41748001115047373,6.239999860525131
21:41:54.028084,117,1.4773748031071232,1.8723628556806673,1.1588920191890746,0.41748001115047373,23.23999948054552
21:41:54.084423,118,0.1376733739235295,0.12106433825326568,2.174351582144642,-3.0615200817701407,3.759999915957451
21:41:54.084423,118,0.05057440430813797,0.2248101066178678,2.1044588515726113,2.574600068764994,4.519999898970127
21:41:54.084423,118,1.616094854704018,4.278365163510896,1.3781710669992355,-0.20888000557897612,2.9999999329447746
21:41:54.084423,118,1.26716042003087,2.061055402293112,1.5243123518029043,0.41748001115047373,18.879999577999115
21:41:54.084423,118,1.2551910541316478,1.996161257652505,1.5397365435033554,0.41748001115047373,10.759999759495258
21:41:54.084423,118,1.2411570802354692,1.881957687970775,1.3746799756917283,0.27832000743364915,6.239999860525131
21:41:54.084423,118,1.3416910689957262,2.034396662910061,1.3240289200788122,0.41748001115047373,33.359999254345894
21:41:54.084423,118,1.393199652396578,2.039220332987795,1.2123859682978146,0.27832000743364915,31.119999304413795
21:41:54.084423,118,1.4649501385179333,2.024294737203371,1.1012047905886915,0.27832000743364915,11.519999742507935
21:41:54.084423,118,0.1500923994840814,0.16364344206488768,1.8787477770645191,3.6878800984995905,4.119999907910824
21:41:54.140576,119,-0.9958273757428587,2.279061557446176,-4.562777155796567,2.15712005761452,2.9999999329447746
21:41:54.140576,119,0.03437471658079934,0.25054406229571013,1.9925799064101648,-2.5048800669028424,4.8799998909235
21:41:54.140576,119,1.6485937856451205,1.7693676782282632,-0.13280983373423716,0.06972000186215155,3.879999913275242
21:41:54.140576,119,1.6792198833399932,1.9353543128487534,-0.060078968501397156,0.06972000186215155,3.2399999275803566
21:41:54.140576,119,1.4086277889336227,1.9897890032428969,1.1189391759585603,0.3480400092958007,12.23999972641468
21:41:54.140576,119,1.3842204948059087,2.008065501990853,1.331084333382888,0.3480400092958007,6.6399998515844345
21:41:54.140576,119,1.4561194317274673,1.9843739867737233,1.0031765447005525,0.3480400092958007,6.7599998489022255
21:41:54.140576,119,1.3401564498054899,1.8460795666901433,1.4811245877614603,0.27832000743364915,7.519999831914902
21:41:54.140576,119,1.37569481654033,1.9199011617009454,1.5601703746282958,0.27832000743364915,12.519999720156193
21:41:54.140576,119,1.4119123803888942,1.9704459061244977,1.5485910931278752,0.27832000743364915,6.11999986320734
21:41:54.198762,120,-3.864223470334402,4.7785435402776075,-3.5186567918395233,-1.1132800297345966,3.3599999248981476
21:41:54.198762,120,-3.7721229263007388,6.0166294419461614,0.7843110901240172,-2.644040070619667,3.3599999248981476
21:41:54.198762,120,1.5354986302870308,4.206517270092182,0.3139734496047354,-0.13916000371682458,3.2399999275803566
21:41:54.198762,120,0.08895353188746219,0.12727304880655604,0.19974445247054828,2.5048800669028424,4.759999893605709
21:41:54.198762,120,1.60291883627757,4.258519478283871,0.136547019231298,-0.13916000371682458,4.639999896287918
21:41:54.198762,120,1.668285060051892,4.301220806463725,0.1384442346668254,-0.13916000371682458,4.119999907910824
21:41:54.198762,120,1.3299990368582515,2.074983352311207,0.07396140648461157,0.20888000557897612,21.519999518990517
21:41:54.198762,120,1.3641154067583972,2.1282096311446996,0.07585862192013897,0.27832000743364915,23.23999948054552
21:41:54.198762,120,1.7376945577812017,2.1933549442527354,-1.6021900480528903,0.13916000371682458,3.2399999275803566
21:41:54.198762,120,1.4199758606968134,2.16734475467989,0.07775583735566637,0.27832000743364915,21.359999522566795
21:41:54.198762,120,1.3365905623992473,1.996235278067739,-0.02402460018946889,0.20888000557897612,15.639999650418758
21:41:54.198762,120,1.3385485301538715,1.9151701882253152,-0.11692626945112404,0.20888000557897612,5.879999868571758
21:41:54.198762,120,1.541010640361173,2.1585533606469447,-0.13271968733808928,0.27832000743364915,11.639999739825726
21:41:54.198762,120,1.6170539079413833,2.1718721020470046,-0.24435731179138498,0.27832000743364915,3.2399999275803566
21:41:54.328664,121,-0.05026082882403437,0.24794445845690635,-0.0025299578971636335,2.9920800799154676,3.3599999248981476
21:41:54.328664,121,-0.5165874823173079,6.443562126209984,2.7330353529251172,1.7396400464640465,2.9999999329447746
21:41:54.328664,121,0.06252671200124185,0.10671598938925744,0.22070594458580975,2.365720063186018,3.519999921321869
21:41:54.328664,121,1.510043210235085,2.3558772868813103,-1.6021900480528903,0.13916000371682458,3.519999921321869
21:41:54.328664,121,1.6466203496791243,2.4068583607665355,-1.5182145252102073,-0.06972000186215155,3.759999915957451
21:41:54.328664,121,1.3165617138007355,2.009501149701336,-0.02402460018946889,0.20888000557897612,7.639999829232693
21:41:54.328664,121,1.3506820246940563,2.0615798356068815,0.07396140648461157,0.20888000557897612,15.119999662041664
21:41:54.328664,121,1.3825583771992378,2.110233511569041,0.1768854653709904,0.20888000557897612,14.759999670088291
21:41:54.328664,121,1.528908719990263,2.2347997437748894,-0.24435731179138498,0.13916000371682458,6.7599998489022255
21:41:54.328664,121,1.4843475080860231,2.1237766374642373,0.07775583735566637,0.27832000743364915,13.879999689757824
21:41:54.328664,121,1.508413117782038,2.158209261469267,-0.3442434744262398,0.27832000743364915,13.999999687075615
21:41:54.508190,122,1.2964012101338602,2.022566072903524,-0.02402460018946889,0.13916000371682458,6.5199998542666435
21:41:54.508190,122,1.4281161489026404,2.1329312938588023,-0.3617306480853884,0.13916000371682458,20.63999953866005
21:41:54.508190,122,1.4629616871100248,2.1849740768992376,-0.3705567503098655,0.13916000371682458,16.119999639689922
21:41:54.508190,122,1.3921976048328573,2.0349696550780996,-0.024657089663759797,0.13916000371682458,11.239999748766422
21:41:54.508190,122,1.838064259776158,2.1822268486386815,-1.6336177176262645,0.06972000186215155,4.119999907910824
21:41:54.508190,122,1.4365568724800502,2.055398690361806,-0.3278447549704238,0.06972000186215155,15.359999656677246
21:41:54.508190,122,1.8451449477492365,2.1037652933290327,-1.6021900480528903,0.06972000186215155,5.639999873936176
21:41:54.508190,122,1.573295962655789,2.203776663532303,-0.24435731179138498,0.20888000557897612,5.639999873936176
21:41:54.508190,122,1.869910990718937,2.089478629045389,-1.4597994579334705,0.06972000186215155,3.759999915957451
