{"timestamp": "15:33:41.730804", "frame": 7, "mu": [-2.37523112465115, 1.3078112306844336, -0.7807309946827996], "Sigma": [[0.0028054723661276757, 0.002399741006838017, -0.002235189535337531], [0.002399741006838017, 0.005220723282210777, -0.0018328081138186503], [-0.0022351895353375315, -0.0018328081138186503, 0.00272675683276374]], "chi2_level": 0.95, "chi2_df": 3, "chi2_threshold": 7.814727903251179, "N_raw": 13, "N_roi": 11, "N_inlier": 11, "refit": true}
{"timestamp": "15:33:42.501001", "frame": 21, "mu": [-2.4124808235301645, 1.292040937048168, -0.6375092483039788], "Sigma": [[0.0033207800834195588, 0.00444747892192035, -0.001483161639026101], [0.00444747892192035, 0.009072938915537496, -0.0029280783462914007], [-0.001483161639026101, -0.0029280783462914007, 0.0022832942460409436]], "chi2_level": 0.95, "chi2_df": 3, "chi2_threshold": 7.814727903251179, "N_raw": 21, "N_roi": 14, "N_inlier": 14, "refit": true}
{"timestamp": "15:33:42.556418", "frame": 22, "mu": [-2.408342352192491, 1.0916993283292027, 0.8215479540440808], "Sigma": [[0.002288117254807358, 0.0011822133077199581, 0.000143364842083322], [0.0011822133077199581, 0.0035902190326387202, -0.0012316738418046988], [0.00014336484208332198, -0.0012316738418046988, 0.0005825905709639785]], "chi2_level": 0.95, "chi2_df": 3, "chi2_threshold": 7.814727903251179, "N_raw": 18, "N_roi": 12, "N_inlier": 11, "refit": true}
{"timestamp": "15:33:42.722959", "frame": 25, "mu": [-2.3657058096522134, 0.9701117066490437, 0.963144982769182], "Sigma": [[0.004572732298040879, 0.005829467399462419, -0.0013210871763695699], [0.0058294673994624185, 0.00944683999224785, -0.0036014923660696177], [-0.0013210871763695699, -0.0036014923660696177, 0.005167877318231563]], "chi2_level": 0.95, "chi2_df": 3, "chi2_threshold": 7.814727903251179, "N_raw": 25, "N_roi": 20, "N_inlier": 19, "refit": true}
{"timestamp": "15:33:42.780515", "frame": 26, "mu": [-2.362419473178295, 1.0107344799958156, 0.9544286441104562], "Sigma": [[0.006470475149119991, 0.006139189382639807, -0.0030709355176347427], [0.006139189382639807, 0.011013996427535394, -0.008539949471783444], [-0.0030709355176347427, -0.008539949471783444, 0.011538216050141882]], "chi2_level": 0.95, "chi2_df": 3, "chi2_threshold": 7.814727903251179, "N_raw": 47, "N_roi": 36, "N_inlier": 35, "refit": true}
{"timestamp": "15:33:42.889653", "frame": 28, "mu": [-2.3401271625383337, 1.07021858904299, 1.045312271225499], "Sigma": [[0.008088920176287828, 0.008791966623552213, -0.0011207732415551362], [0.008791966623552213, 0.01322903658689199, -0.005670485836051488], [-0.0011207732415551364, -0.005670485836051488, 0.009887620984255344]], "chi2_level": 0.95, "chi2_df": 3, "chi2_threshold": 7.814727903251179, "N_raw": 38, "N_roi": 38, "N_inlier": 37, "refit": true}
{"timestamp": "15:33:43.000891", "frame": 30, "mu": [-2.219968496917992, 1.2467410834302106, 1.259182520770065], "Sigma": [[0.007552576615988538, 0.0072897662797702534, 0.001621246627576345], [0.0072897662797702534, 0.011135516001796934, -0.006622187165729848], [0.0016212466275763453, -0.006622187165729848, 0.019548910942333228]], "chi2_level": 0.95, "chi2_df": 3, "chi2_threshold": 7.814727903251179, "N_raw": 48, "N_roi": 48, "N_inlier": 47, "refit": true}
{"timestamp": "15:33:43.055390", "frame": 31, "mu": [-2.197267368525381, 1.2842923052851516, 1.3337484504398698], "Sigma": [[0.006655934717608182, 0.005785377403019559, -0.0015372943636242252], [0.005785377403019558, 0.00975568150956444, -0.011462134306653615], [-0.0015372943636242252, -0.011462134306653615, 0.03436607538722298]], "chi2_level": 0.95, "chi2_df": 3, "chi2_threshold": 7.814727903251179, "N_raw": 49, "N_roi": 49, "N_inlier": 47, "refit": true}
{"timestamp": "15:33:43.112568", "frame": 32, "mu": [-2.1694007161711277, 1.3095834253584673, 1.3766180371890513], "Sigma": [[0.008538424625815786, 0.008389891401749023, -0.0012301694597147154], [0.008389891401749025, 0.011358060621038517, -0.0034948426411075357], [-0.0012301694597147152, -0.003494842641107535, 0.035915204291529404]], "chi2_level": 0.95, "chi2_df": 3, "chi2_threshold": 7.814727903251179, "N_raw": 45, "N_roi": 45, "N_inlier": 44, "refit": true}
{"timestamp": "15:33:43.167257", "frame": 33, "mu": [-2.1203998125960295, 1.4009497260619024, 1.3827860725426522], "Sigma": [[0.006557786389417894, 0.006683347772694336, 0.0007414736426269366], [0.0066833477726943365, 0.008857821417797729, 0.0018543258825587828], [0.0007414736426269366, 0.0018543258825587828, 0.06233454515354898]], "chi2_level": 0.95, "chi2_df": 3, "chi2_threshold": 7.814727903251179, "N_raw": 36, "N_roi": 36, "N_inlier": 36, "refit": true}
{"timestamp": "15:33:43.275367", "frame": 35, "mu": [-2.053270845440438, 1.450079296948162, 1.6236186288390169], "Sigma": [[0.007461950540668307, 0.006809474201740506, -0.005643882770973932], [0.006809474201740506, 0.01093844960446644, -0.005511144972284578], [-0.005643882770973932, -0.005511144972284578, 0.0048685727643902115]], "chi2_level": 0.95, "chi2_df": 3, "chi2_threshold": 7.814727903251179, "N_raw": 31, "N_roi": 31, "N_inlier": 30, "refit": true}
{"timestamp": "15:33:43.327821", "frame": 36, "mu": [-1.9414389991255017, 1.5957901962546566, 0.05092978716716991], "Sigma": [[0.012600503616811016, 0.021764383349050016, -0.02589760461391798], [0.021764383349050016, 0.041686616588438405, -0.050794477402683696], [-0.02589760461391798, -0.050794477402683696, 0.08765767088279589]], "chi2_level": 0.95, "chi2_df": 3, "chi2_threshold": 7.814727903251179, "N_raw": 14, "N_roi": 14, "N_inlier": 13, "refit": true}
{"timestamp": "15:33:43.383753", "frame": 37, "mu": [-2.0034022137501513, 1.7460292873994578, -0.09102801276650099], "Sigma": [[0.02654101573556946, 0.02131208705031795, -0.0005488079830123019], [0.02131208705031795, 0.02395550492908688, -0.02010448036601017], [-0.000548807983012301, -0.02010448036601017, 0.072234341688994]], "chi2_level": 0.95, "chi2_df": 3, "chi2_threshold": 7.814727903251179, "N_raw": 21, "N_roi": 21, "N_inlier": 19, "refit": true}
{"timestamp": "15:33:43.441803", "frame": 38, "mu": [-1.7539923841101304, 1.8674114727964959, 1.3873826404813536], "Sigma": [[0.013983103627558691, 0.010363883083944411, -0.013878291799536275], [0.010363883083944411, 0.008972438984677181, -0.013205570988696867], [-0.013878291799536275, -0.013205570988696867, 0.042594089308486814]], "chi2_level": 0.95, "chi2_df": 3, "chi2_threshold": 7.814727903251179, "N_raw": 44, "N_roi": 44, "N_inlier": 40, "refit": true}
{"timestamp": "15:33:43.494353", "frame": 39, "mu": [-1.7202341013015527, 1.9063325914232732, 1.598160017252408], "Sigma": [[0.02908079796842617, 0.023458587259528818, -0.02048637815087924], [0.023458587259528818, 0.02035318129442089, -0.018878658738585026], [-0.02048637815087924, -0.018878658738585023, 0.042260872914872544]], "chi2_level": 0.95, "chi2_df": 3, "chi2_threshold": 7.814727903251179, "N_raw": 22, "N_roi": 22, "N_inlier": 20, "refit": true}
{"timestamp": "15:33:43.550817", "frame": 40, "mu": [-1.5717380214444694, 2.065974573839252, 1.623891444465063], "Sigma": [[0.007521011537762811, 0.003319849876158001, -0.005251669738957745], [0.003319849876158001, 0.005282504272754133, -0.002497135139317667], [-0.005251669738957745, -0.002497135139317667, 0.02015692900841405]], "chi2_level": 0.95, "chi2_df": 3, "chi2_threshold": 7.814727903251179, "N_raw": 39, "N_roi": 38, "N_inlier": 34, "refit": true}
{"timestamp": "15:33:43.608563", "frame": 41, "mu": [-1.4949431043657038, 2.139125606254873, 1.3682821279717132], "Sigma": [[0.0071928790703384825, 0.0029424911135232934, -0.004649111337357727], [0.0029424911135232934, 0.00454433511512093, 0.006110131444152589], [-0.004649111337357728, 0.006110131444152589, 0.22399434353963718]], "chi2_level": 0.95, "chi2_df": 3, "chi2_threshold": 7.814727903251179, "N_raw": 51, "N_roi": 48, "N_inlier": 48, "refit": true}
{"timestamp": "15:33:43.662464", "frame": 42, "mu": [-1.4675522058558932, 2.156221646323343, 1.5010355543203724], "Sigma": [[0.0074260929326282745, 0.0036773133837046477, -0.006070511444937333], [0.0036773133837046472, 0.005392274640962365, -0.009158151312036312], [-0.006070511444937333, -0.009158151312036313, 0.19837989793036714]], "chi2_level": 0.95, "chi2_df": 3, "chi2_threshold": 7.814727903251179, "N_raw": 35, "N_roi": 33, "N_inlier": 31, "refit": true}
{"timestamp": "15:33:43.719056", "frame": 43, "mu": [-1.326171064207946, 2.291528499887209, 0.11384871525453875], "Sigma": [[0.006867755497654173, 0.0037146254294911866, -0.00638908663109946], [0.0037146254294911866, 0.006283183191876397, -0.0033400998969512685], [-0.0063890866310994604, -0.0033400998969512685, 0.00945590935547367]], "chi2_level": 0.95, "chi2_df": 3, "chi2_threshold": 7.814727903251179, "N_raw": 43, "N_roi": 39, "N_inlier": 35, "refit": true}
{"timestamp": "15:33:43.773985", "frame": 44, "mu": [-1.2810340434122283, 2.31522220908885, 1.2614362405430586], "Sigma": [[0.00855716404296158, 0.0013985659731563455, -0.0029680769347147818], [0.0013985659731563455, 0.0038724854297239562, -0.0020567426829260008], [-0.0029680769347147813, -0.002056742682926001, 0.014311462501109769]], "chi2_level": 0.95, "chi2_df": 3, "chi2_threshold": 7.814727903251179, "N_raw": 47, "N_roi": 47, "N_inlier": 43, "refit": true}
{"timestamp": "15:33:43.825879", "frame": 45, "mu": [-1.1572235512527194, 2.434729895286782, 1.1760736252969883], "Sigma": [[0.010504586849829236, 0.002801502148585583, -0.022620746171421555], [0.002801502148585583, 0.005543910480231348, -0.01121975827947901], [-0.022620746171421555, -0.01121975827947901, 0.10589831703971178]], "chi2_level": 0.95, "chi2_df": 3, "chi2_threshold": 7.814727903251179, "N_raw": 32, "N_roi": 32, "N_inlier": 30, "refit": true}
{"timestamp": "15:33:43.881239", "frame": 46, "mu": [-1.145637496665586, 2.533524824190637, 1.27721433649375], "Sigma": [[0.009672961288415815, 0.0005848316185692333, -0.01978228804014113], [0.0005848316185692329, 0.003744932984056362, 0.002517432700870796], [-0.01978228804014113, 0.0025174327008707954, 0.15242205981415127]], "chi2_level": 0.95, "chi2_df": 3, "chi2_threshold": 7.814727903251179, "N_raw": 33, "N_roi": 31, "N_inlier": 26, "refit": true}
{"timestamp": "15:33:43.944001", "frame": 47, "mu": [-1.0635655043611596, 2.591824374750522, -0.2804229621178265], "Sigma": [[0.024133893577027943, -0.010236493569351496, 0.03840300180608928], [-0.010236493569351492, 0.017115642659653013, -0.04249255043529706], [0.03840300180608928, -0.04249255043529705, 0.1349706153410159]], "chi2_level": 0.95, "chi2_df": 3, "chi2_threshold": 7.814727903251179, "N_raw": 63, "N_roi": 63, "N_inlier": 58, "refit": true}
{"timestamp": "15:33:43.996831", "frame": 48, "mu": [-1.1111866778614183, 2.6706536789275286, -1.0240147410124074], "Sigma": [[0.032810125121676796, 0.020503464462936452, 0.1113196556898866], [0.020503464462936452, 0.02276828497886459, 0.07149702029360672], [0.1113196556898866, 0.07149702029360672, 0.4858423054464633]], "chi2_level": 0.95, "chi2_df": 3, "chi2_threshold": 7.814727903251179, "N_raw": 70, "N_roi": 70, "N_inlier": 66, "refit": true}
{"timestamp": "15:33:44.049782", "frame": 49, "mu": [-0.9187456141608695, 2.6532718351252207, 1.01647142014678], "Sigma": [[0.020180054663563145, -0.005952813262264045, 0.04573109196363356], [-0.005952813262264045, 0.006692555071829999, -0.02411577727866828], [0.04573109196363356, -0.024115777278668277, 0.20443744493434876]], "chi2_level": 0.95, "chi2_df": 3, "chi2_threshold": 7.814727903251179, "N_raw": 47, "N_roi": 45, "N_inlier": 42, "refit": true}
{"timestamp": "15:33:44.107795", "frame": 50, "mu": [-0.8554216233993837, 2.7759680619875255, 1.1058837093726717], "Sigma": [[0.01622166530301731, -0.00010619029232615735, 0.025852288169472125], [-0.0001061902923261573, 0.003760120545475266, -0.015816589691837392], [0.025852288169472125, -0.015816589691837392, 0.20840222675815998]], "chi2_level": 0.95, "chi2_df": 3, "chi2_threshold": 7.814727903251179, "N_raw": 79, "N_roi": 79, "N_inlier": 76, "refit": true}
{"timestamp": "15:33:44.163071", "frame": 51, "mu": [-0.7145571625138603, 2.8222605700580363, 1.4346713615231255], "Sigma": [[0.012209526475450205, 0.0010338366609150167, -0.008831204018778675], [0.0010338366609150165, 0.008011011111117194, -0.0017508822710547703], [-0.008831204018778674, -0.0017508822710547703, 0.010066556960620724]], "chi2_level": 0.95, "chi2_df": 3, "chi2_threshold": 7.814727903251179, "N_raw": 71, "N_roi": 71, "N_inlier": 68, "refit": true}
{"timestamp": "15:33:44.218288", "frame": 52, "mu": [-0.6786366071551284, 2.8506366529818883, 1.4543685096822279], "Sigma": [[0.01250089579710728, -0.0004624504523559406, -0.011792201538457437], [-0.0004624504523559407, 0.009894724990189537, 0.0016133220123829705], [-0.011792201538457437, 0.00161332201238297, 0.015704246871504544]], "chi2_level": 0.95, "chi2_df": 3, "chi2_threshold": 7.814727903251179, "N_raw": 81, "N_roi": 79, "N_inlier": 76, "refit": true}
{"timestamp": "15:33:44.272639", "frame": 53, "mu": [-0.6575167551783261, 2.937126701450806, 1.5454706067429438], "Sigma": [[0.01275338409614432, -0.0050949641744060725, -0.014446639710646176], [-0.005094964174406073, 0.011386108117834472, 0.0107639859882579], [-0.014446639710646175, 0.0107639859882579, 0.02275354021605512]], "chi2_level": 0.95, "chi2_df": 3, "chi2_threshold": 7.814727903251179, "N_raw": 75, "N_roi": 53, "N_inlier": 47, "refit": true}
{"timestamp": "15:33:44.327555", "frame": 54, "mu": [-0.5679519390800674, 3.0449915778793186, 1.557739832291262], "Sigma": [[0.016402057624739147, 0.0021538110552766668, -0.011774211087187856], [0.0021538110552766663, 0.0054240587018565154, -0.0029282133272169157], [-0.011774211087187856, -0.0029282133272169157, 0.010105447506977035]], "chi2_level": 0.95, "chi2_df": 3, "chi2_threshold": 7.814727903251179, "N_raw": 75, "N_roi": 64, "N_inlier": 57, "refit": true}
{"timestamp": "15:33:44.383536", "frame": 55, "mu": [-0.4864550826212256, 3.17713648372638, 1.3756898835599354], "Sigma": [[0.018101045205357623, -0.000988537740747133, -0.010815498250566177], [-0.0009885377407471327, 0.0037265004487752156, -0.00707800164440888], [-0.010815498250566177, -0.00707800164440888, 0.049639127305514154]], "chi2_level": 0.95, "chi2_df": 3, "chi2_threshold": 7.814727903251179, "N_raw": 81, "N_roi": 75, "N_inlier": 66, "refit": true}
{"timestamp": "15:33:44.435560", "frame": 56, "mu": [-0.44770358642323976, 3.1629512674750524, 1.181591987699757], "Sigma": [[0.012217721954042157, 0.011263333233103301, 0.03427239511779678], [0.011263333233103301, 0.02947964891262561, 0.0902984797861616], [0.03427239511779679, 0.0902984797861616, 0.32509346774917797]], "chi2_level": 0.95, "chi2_df": 3, "chi2_threshold": 7.814727903251179, "N_raw": 61, "N_roi": 37, "N_inlier": 34, "refit": true}
{"timestamp": "15:33:44.488536", "frame": 57, "mu": [-0.42757472447155476, 3.251488973364287, -0.05560854370187192], "Sigma": [[0.01271625950644077, 0.004991615185484964, 0.05877407577738329], [0.004991615185484964, 0.015993797405342906, 0.06320719520578236], [0.05877407577738329, 0.06320719520578236, 0.6572808138308849]], "chi2_level": 0.95, "chi2_df": 3, "chi2_threshold": 7.814727903251179, "N_raw": 46, "N_roi": 44, "N_inlier": 41, "refit": true}
{"timestamp": "15:33:44.540443", "frame": 58, "mu": [-0.32186631314418546, 3.419540326225506, -0.2185446761564077], "Sigma": [[0.010274551258889838, 0.000821746213289768, 0.03534997588297917], [0.0008217462132897679, 0.005356536030329044, -0.0014015016894526233], [0.03534997588297917, -0.0014015016894526231, 0.21919785976767384]], "chi2_level": 0.95, "chi2_df": 3, "chi2_threshold": 7.814727903251179, "N_raw": 32, "N_roi": 31, "N_inlier": 28, "refit": true}
{"timestamp": "15:33:44.597216", "frame": 59, "mu": [-0.1567826897869164, 3.407681984212917, 1.1818809770065377], "Sigma": [[0.01135857741662197, -0.0007965851395411174, -0.003528654696245455], [-0.0007965851395411173, 0.0016076956547884265, -0.011421343656238751], [-0.0035286546962454554, -0.011421343656238751, 0.1345850899673832]], "chi2_level": 0.95, "chi2_df": 3, "chi2_threshold": 7.814727903251179, "N_raw": 43, "N_roi": 39, "N_inlier": 36, "refit": true}
{"timestamp": "15:33:44.659604", "frame": 60, "mu": [-0.1119401444345891, 3.4763052491535067, -0.284963369585468], "Sigma": [[0.014793784589072588, -0.0018219299582986456, 0.08269757952473294], [-0.0018219299582986456, 0.007958465394726, -0.026710033557537566], [0.08269757952473294, -0.026710033557537573, 0.9658850068129468]], "chi2_level": 0.95, "chi2_df": 3, "chi2_threshold": 7.814727903251179, "N_raw": 93, "N_roi": 93, "N_inlier": 89, "refit": true}
{"timestamp": "15:33:44.712854", "frame": 61, "mu": [-0.06341351665206589, 3.520673491982829, 1.0289030378583035], "Sigma": [[0.017315159099869134, -0.002407158319107227, 0.004143646358213585], [-0.002407158319107227, 0.008091553754898608, -0.04991750832807467], [0.00414364635821358, -0.04991750832807467, 0.6184769905895824]], "chi2_level": 0.95, "chi2_df": 3, "chi2_threshold": 7.814727903251179, "N_raw": 79, "N_roi": 77, "N_inlier": 76, "refit": true}
{"timestamp": "15:33:44.764643", "frame": 62, "mu": [0.0009545221853527078, 3.540495284208816, 1.5425918113220687], "Sigma": [[0.013217763833093721, 0.00051333829091547, -0.010195485813556823], [0.00051333829091547, 0.008423971204472974, -0.02046502855904223], [-0.010195485813556823, -0.02046502855904223, 0.10515600844205994]], "chi2_level": 0.95, "chi2_df": 3, "chi2_threshold": 7.814727903251179, "N_raw": 47, "N_roi": 46, "N_inlier": 43, "refit": true}
{"timestamp": "15:33:44.822508", "frame": 63, "mu": [-0.04131024829848724, 3.634021049171269, 0.8623100572673941], "Sigma": [[0.014491852087128063, 0.0017314127591811746, 0.02655904242563024], [0.0017314127591811744, 0.0034376584474363784, 0.007639826882639209], [0.026559042425630244, 0.007639826882639208, 0.3556961415608219]], "chi2_level": 0.95, "chi2_df": 3, "chi2_threshold": 7.814727903251179, "N_raw": 50, "N_roi": 48, "N_inlier": 46, "refit": true}
{"timestamp": "15:33:44.873702", "frame": 64, "mu": [0.03046783003843629, 3.6687497548687715, 1.1127727185734528], "Sigma": [[0.012739243523744665, 0.0038360245021480032, 0.03358335285197264], [0.0038360245021480032, 0.009081545228818674, 0.05897992412649003], [0.03358335285197265, 0.05897992412649002, 0.483556553738276]], "chi2_level": 0.95, "chi2_df": 3, "chi2_threshold": 7.814727903251179, "N_raw": 51, "N_roi": 51, "N_inlier": 48, "refit": true}
{"timestamp": "15:33:44.931897", "frame": 65, "mu": [0.12001973194528237, 3.777774752473671, 1.363267106480179], "Sigma": [[0.02026617555118424, -0.0004394653578498139, 0.0382720646344417], [-0.0004394653578498141, 0.003427560576874723, 0.0007315745241816018], [0.0382720646344417, 0.0007315745241816027, 0.2024517106030301]], "chi2_level": 0.95, "chi2_df": 3, "chi2_threshold": 7.814727903251179, "N_raw": 70, "N_roi": 65, "N_inlier": 60, "refit": true}
{"timestamp": "15:33:44.981700", "frame": 66, "mu": [0.23840590763775524, 3.851378719782091, 1.191029714004578], "Sigma": [[0.02134615347333027, -0.0062451113160352295, 0.01411377409981655], [-0.0062451113160352295, 0.003526271786371763, -0.010122478263041506], [0.01411377409981655, -0.010122478263041504, 0.035073128425791286]], "chi2_level": 0.95, "chi2_df": 3, "chi2_threshold": 7.814727903251179, "N_raw": 40, "N_roi": 40, "N_inlier": 38, "refit": true}
{"timestamp": "15:33:45.032789", "frame": 67, "mu": [0.33050673236153677, 3.820976800849698, 1.5425650338296684], "Sigma": [[0.0029737943015536346, 3.126004737862416e-05, -0.000821475453076524], [3.126004737862416e-05, 0.005591631241416856, -0.004593155567490309], [-0.000821475453076524, -0.004593155567490309, 0.0049601822745348025]], "chi2_level": 0.95, "chi2_df": 3, "chi2_threshold": 7.814727903251179, "N_raw": 11, "N_roi": 11, "N_inlier": 10, "refit": true}
{"timestamp": "15:33:45.311875", "frame": 72, "mu": [0.6579280358480843, 4.08499055179606, 0.7563493206908892], "Sigma": [[0.02024944258697106, -0.004647905963956417, -0.021595671614002103], [-0.004647905963956417, 0.003050398506069433, 0.012642541240338524], [-0.021595671614002103, 0.012642541240338522, 0.13869909417194135]], "chi2_level": 0.95, "chi2_df": 3, "chi2_threshold": 7.814727903251179, "N_raw": 46, "N_roi": 46, "N_inlier": 45, "refit": true}
{"timestamp": "15:33:45.418955", "frame": 74, "mu": [0.6443580546524801, 4.214406501836809, 1.1168792243966215], "Sigma": [[0.008064225427217039, -0.002357959454211728, -0.003513910971276163], [-0.002357959454211728, 0.0073662297494239805, 0.04816643778275463], [-0.0035139109712761674, 0.04816643778275463, 0.35590194578613904]], "chi2_level": 0.95, "chi2_df": 3, "chi2_threshold": 7.814727903251179, "N_raw": 20, "N_roi": 18, "N_inlier": 17, "refit": true}
{"timestamp": "15:33:45.476429", "frame": 75, "mu": [0.7885329715149013, 4.162633879712636, 0.6147183414911506], "Sigma": [[0.01725699310968631, -0.0015617696283164954, -0.00038406837286048337], [-0.0015617696283164954, 0.0023946080843091698, 0.007954856884497546], [-0.00038406837286048337, 0.007954856884497548, 0.09950062933202147]], "chi2_level": 0.95, "chi2_df": 3, "chi2_threshold": 7.814727903251179, "N_raw": 38, "N_roi": 38, "N_inlier": 37, "refit": true}
{"timestamp": "15:33:45.530866", "frame": 76, "mu": [0.8105809569887592, 4.209367522524999, 0.5829464015539936], "Sigma": [[0.0184684659159338, 0.00034363084494996334, 0.010444167095090547], [0.00034363084494996334, 0.0014896244201024244, 0.0031457699803369224], [0.010444167095090549, 0.003145769980336923, 0.033906814418347364]], "chi2_level": 0.95, "chi2_df": 3, "chi2_threshold": 7.814727903251179, "N_raw": 29, "N_roi": 26, "N_inlier": 24, "refit": true}
{"timestamp": "15:33:45.584495", "frame": 77, "mu": [0.9340634621207224, 4.418197004724043, 1.7012467852043298], "Sigma": [[0.009828552895657301, -0.002148063095050322, 0.0005598770218192599], [-0.002148063095050322, 0.0023666570003149988, -0.00026393051415105534], [0.0005598770218192598, -0.0002639305141510554, 4.3530340680755855e-05]], "chi2_level": 0.95, "chi2_df": 3, "chi2_threshold": 7.814727903251179, "N_raw": 22, "N_roi": 18, "N_inlier": 17, "refit": true}
{"timestamp": "15:33:45.748143", "frame": 80, "mu": [1.061147995026969, 4.675123140364974, 1.8793868233269], "Sigma": [[0.00887724287112308, -0.0023538680156335, 0.0005388826960871913], [-0.0023538680156335, 0.002556391312967746, -0.00021621231408132003], [0.0005388826960871913, -0.00021621231408132003, 3.655845049442728e-05]], "chi2_level": 0.95, "chi2_df": 3, "chi2_threshold": 7.814727903251179, "N_raw": 14, "N_roi": 10, "N_inlier": 10, "refit": true}
