{"timestamp": "15:45:11.963905", "frame": 13, "mu": [2.351926681438307, 4.624652517646091, 1.3461653913754894], "Sigma": [[0.00727536645539896, -0.001839800278755902, -0.0003116789962088505], [-0.001839800278755902, 0.003606817904457207, -0.0007424348985751494], [-0.0003116789962088506, -0.0007424348985751494, 0.0004674556399365946]], "chi2_level": 0.95, "chi2_df": 3, "chi2_threshold": 7.814727903251179, "N_raw": 31, "N_roi": 18, "N_inlier": 18, "refit": true}
{"timestamp": "15:45:13.229682", "frame": 36, "mu": [2.0171690865677268, 4.612019221437973, 0.3552509505067246], "Sigma": [[0.031430426246395006, -0.010249836164843821, -0.0160330314509162], [-0.010249836164843821, 0.007052680087759964, 0.002103357475352506], [-0.0160330314509162, 0.002103357475352506, 0.012601198759931957]], "chi2_level": 0.95, "chi2_df": 3, "chi2_threshold": 7.814727903251179, "N_raw": 39, "N_roi": 37, "N_inlier": 36, "refit": true}
{"timestamp": "15:45:13.285336", "frame": 37, "mu": [1.9378272327157722, 4.625025357611721, 1.362414640665376], "Sigma": [[0.015221717117614738, -0.005224762243957579, -0.010786747239337448], [-0.005224762243957579, 0.002731041074289806, 0.00018974767993044732], [-0.010786747239337448, 0.00018974767993044722, 0.0317826839172888]], "chi2_level": 0.95, "chi2_df": 3, "chi2_threshold": 7.814727903251179, "N_raw": 20, "N_roi": 20, "N_inlier": 19, "refit": true}
{"timestamp": "15:45:13.397967", "frame": 39, "mu": [1.9622300326108386, 4.501227369876286, 1.1201927892640176], "Sigma": [[0.027306486169040793, -0.01218666956229177, -0.016534442737115424], [-0.012186669562291771, 0.007167043003348716, 0.004402296366083559], [-0.016534442737115424, 0.004402296366083559, 0.018530891421564572]], "chi2_level": 0.95, "chi2_df": 3, "chi2_threshold": 7.814727903251179, "N_raw": 40, "N_roi": 36, "N_inlier": 34, "refit": true}
{"timestamp": "15:45:13.670304", "frame": 44, "mu": [1.8155628196500548, 4.431156536927847, 1.1085728910127393], "Sigma": [[0.016982085794625602, -0.0086892270602372, -0.022707954227946935], [-0.0086892270602372, 0.007689565876486338, 0.012020246050864805], [-0.022707954227946935, 0.012020246050864807, 0.0330697351550526]], "chi2_level": 0.95, "chi2_df": 3, "chi2_threshold": 7.814727903251179, "N_raw": 28, "N_roi": 28, "N_inlier": 28, "refit": true}
{"timestamp": "15:45:13.724861", "frame": 45, "mu": [1.761005479308312, 4.460866661223452, 1.3359550362095702], "Sigma": [[0.008103413191409817, -0.0028685600526700606, -0.0021155858226794087], [-0.00286856005267006, 0.0030225065588505204, 0.0006205102777430913], [-0.002115585822679409, 0.0006205102777430913, 0.0019277992819815642]], "chi2_level": 0.95, "chi2_df": 3, "chi2_threshold": 7.814727903251179, "N_raw": 20, "N_roi": 17, "N_inlier": 16, "refit": true}
{"timestamp": "15:45:13.778728", "frame": 46, "mu": [1.6336330989468215, 4.5564943719701825, 1.3683519006786193], "Sigma": [[0.009420050574798592, -0.006123072640640798, -0.00862709071111882], [-0.006123072640640798, 0.006719513322820747, 0.003352042461689092], [-0.00862709071111882, 0.003352042461689092, 0.01424737219575316]], "chi2_level": 0.95, "chi2_df": 3, "chi2_threshold": 7.814727903251179, "N_raw": 18, "N_roi": 16, "N_inlier": 16, "refit": true}
{"timestamp": "15:45:13.834933", "frame": 47, "mu": [1.6995954525907457, 4.468711861610036, 1.2870584725764274], "Sigma": [[0.013453602555019852, -0.00609546592053436, -0.011366621040335121], [-0.00609546592053436, 0.004455571702612461, 0.004183743560688715], [-0.011366621040335121, 0.004183743560688715, 0.012960041014731733]], "chi2_level": 0.95, "chi2_df": 3, "chi2_threshold": 7.814727903251179, "N_raw": 21, "N_roi": 20, "N_inlier": 20, "refit": true}
{"timestamp": "15:45:14.163260", "frame": 53, "mu": [1.449322283405923, 4.470182653697496, 1.3803504988256303], "Sigma": [[0.012483914073364825, -0.004697926863711788, -0.0026489796750510854], [-0.004697926863711788, 0.0029900975175177046, 0.002548176043685226], [-0.0026489796750510854, 0.002548176043685226, 0.0048616941892946465]], "chi2_level": 0.95, "chi2_df": 3, "chi2_threshold": 7.814727903251179, "N_raw": 13, "N_roi": 10, "N_inlier": 10, "refit": true}
{"timestamp": "15:45:14.713308", "frame": 63, "mu": [0.9248116403326513, 4.606349411843615, 1.6544520959514948], "Sigma": [[0.010504711350986322, -0.005079588732838935, -0.010082416254629576], [-0.005079588732838935, 0.0043063180562613506, 0.0082785346068933], [-0.010082416254629576, 0.0082785346068933, 0.019865088838312697]], "chi2_level": 0.95, "chi2_df": 3, "chi2_threshold": 7.814727903251179, "N_raw": 15, "N_roi": 15, "N_inlier": 14, "refit": true}
{"timestamp": "15:45:14.773096", "frame": 64, "mu": [1.02024095622514, 4.600190356087884, 1.4986547227495306], "Sigma": [[0.013261082143575987, -0.004183052020899367, -0.004578429296940588], [-0.004183052020899367, 0.00392354838106932, 0.00032704979612410945], [-0.004578429296940588, 0.00032704979612410955, 0.0053580994856648745]], "chi2_level": 0.95, "chi2_df": 3, "chi2_threshold": 7.814727903251179, "N_raw": 31, "N_roi": 29, "N_inlier": 26, "refit": true}
{"timestamp": "15:45:14.827431", "frame": 65, "mu": [0.9732818747783958, 4.612498269376233, 1.4278875692343818], "Sigma": [[0.022597072132082983, -0.005672260919965796, -0.008619147259872418], [-0.005672260919965796, 0.003701903358927464, -0.0011906491923694635], [-0.008619147259872418, -0.0011906491923694637, 0.01385061297339249]], "chi2_level": 0.95, "chi2_df": 3, "chi2_threshold": 7.814727903251179, "N_raw": 43, "N_roi": 38, "N_inlier": 36, "refit": true}
{"timestamp": "15:45:14.936491", "frame": 67, "mu": [0.9827350734663809, 4.584406313009227, 1.29719551784723], "Sigma": [[0.026875548478290053, -0.007940400469702808, -0.012876636420708486], [-0.007940400469702808, 0.004438407842389176, 0.0008881028283408286], [-0.012876636420708486, 0.0008881028283408291, 0.013291095289382585]], "chi2_level": 0.95, "chi2_df": 3, "chi2_threshold": 7.814727903251179, "N_raw": 40, "N_roi": 39, "N_inlier": 38, "refit": true}
{"timestamp": "15:45:15.044471", "frame": 69, "mu": [0.8276095238832535, 4.6026766639925505, 1.4089065699599372], "Sigma": [[0.0158496190288841, -0.0039305228032855645, -0.009672493376993666], [-0.0039305228032855645, 0.0020352059183531782, 0.001636662777629214], [-0.009672493376993666, 0.0016366627776292137, 0.011777929485736088]], "chi2_level": 0.95, "chi2_df": 3, "chi2_threshold": 7.814727903251179, "N_raw": 24, "N_roi": 22, "N_inlier": 20, "refit": true}
{"timestamp": "15:45:15.158832", "frame": 71, "mu": [0.8022511310994636, 4.573095648302432, 1.4855308370315652], "Sigma": [[0.017197756860787883, -0.005524052147676787, -0.010568866597765573], [-0.005524052147676787, 0.005274634019783563, 0.00377252860825137], [-0.010568866597765575, 0.00377252860825137, 0.01191571568324771]], "chi2_level": 0.95, "chi2_df": 3, "chi2_threshold": 7.814727903251179, "N_raw": 58, "N_roi": 33, "N_inlier": 31, "refit": true}
{"timestamp": "15:45:15.210334", "frame": 72, "mu": [0.7942441439107858, 4.551190741466481, 1.4866613049282213], "Sigma": [[0.014899497973355666, -0.00391110191171437, -0.015816894384913082], [-0.003911101911714371, 0.0035461929289838275, 0.0048384914623239295], [-0.015816894384913082, 0.0048384914623239295, 0.019804414962213444]], "chi2_level": 0.95, "chi2_df": 3, "chi2_threshold": 7.814727903251179, "N_raw": 25, "N_roi": 24, "N_inlier": 22, "refit": true}
{"timestamp": "15:45:15.270336", "frame": 73, "mu": [0.7367058343612289, 4.542500302393465, 1.4934917129483491], "Sigma": [[0.019327296575258182, -0.004994878448832916, -0.01217692494008986], [-0.004994878448832916, 0.00434748678704884, -0.0007706762841795862], [-0.01217692494008986, -0.0007706762841795863, 0.018904097034635]], "chi2_level": 0.95, "chi2_df": 3, "chi2_threshold": 7.814727903251179, "N_raw": 43, "N_roi": 39, "N_inlier": 38, "refit": true}
{"timestamp": "15:45:15.320638", "frame": 74, "mu": [0.7522562697707914, 4.553392615992425, 1.530348260405212], "Sigma": [[0.021139671042507524, -0.003947104978770725, -0.014267745581973617], [-0.003947104978770725, 0.001644447943071206, 0.0010577837582222529], [-0.01426774558197362, 0.0010577837582222529, 0.016154361698672123]], "chi2_level": 0.95, "chi2_df": 3, "chi2_threshold": 7.814727903251179, "N_raw": 30, "N_roi": 25, "N_inlier": 23, "refit": true}
{"timestamp": "15:45:15.485464", "frame": 77, "mu": [0.635566758581926, 4.495981199276056, 1.358234332547358], "Sigma": [[0.011434069990663214, -0.002213269656843891, -0.005332286532025167], [-0.002213269656843891, 0.001868688836790635, 0.0029028377488038324], [-0.005332286532025169, 0.0029028377488038324, 0.006198437921935358]], "chi2_level": 0.95, "chi2_df": 3, "chi2_threshold": 7.814727903251179, "N_raw": 20, "N_roi": 18, "N_inlier": 16, "refit": true}
{"timestamp": "15:45:15.539362", "frame": 78, "mu": [0.6012303996492115, 4.506809956386168, 0.5708170793695295], "Sigma": [[0.01763572914367098, -0.001871583979671186, -0.008878289855190714], [-0.0018715839796711862, 0.001721214722750887, 0.00146582521689874], [-0.008878289855190714, 0.0014658252168987399, 0.008213501470910567]], "chi2_level": 0.95, "chi2_df": 3, "chi2_threshold": 7.814727903251179, "N_raw": 25, "N_roi": 24, "N_inlier": 23, "refit": true}
{"timestamp": "15:45:16.033456", "frame": 87, "mu": [0.33874395941368785, 4.525222611993572, 1.3736038406832047], "Sigma": [[0.019543493679158325, -0.003445685673469083, -0.007868683022501533], [-0.0034456856734690826, 0.002728815860453717, 0.003323452207934022], [-0.007868683022501533, 0.003323452207934022, 0.006550296764143856]], "chi2_level": 0.95, "chi2_df": 3, "chi2_threshold": 7.814727903251179, "N_raw": 25, "N_roi": 24, "N_inlier": 24, "refit": true}
{"timestamp": "15:45:16.696524", "frame": 99, "mu": [-0.02675894759489224, 4.529388517003768, 1.2527140054799017], "Sigma": [[0.021319318131153363, -0.002232691983764545, -0.009060706511703369], [-0.002232691983764545, 0.002141921385705536, -0.00022397971032573895], [-0.009060706511703369, -0.000223979710325739, 0.006298993949095233]], "chi2_level": 0.95, "chi2_df": 3, "chi2_threshold": 7.814727903251179, "N_raw": 33, "N_roi": 30, "N_inlier": 29, "refit": true}
{"timestamp": "15:45:16.859139", "frame": 102, "mu": [-0.11384912069144523, 4.514462876765743, 1.227220663739898], "Sigma": [[0.015614916361409421, -0.0007651209624545583, -0.007531873625455118], [-0.0007651209624545586, 0.0013016961283643768, -0.0009074353956280438], [-0.007531873625455118, -0.0009074353956280437, 0.00620132441812002]], "chi2_level": 0.95, "chi2_df": 3, "chi2_threshold": 7.814727903251179, "N_raw": 22, "N_roi": 22, "N_inlier": 22, "refit": true}
{"timestamp": "15:45:16.913506", "frame": 103, "mu": [-0.2626297604116097, 4.503405844877692, 1.2084481495873076], "Sigma": [[0.01243880493230117, -0.0003755438884378111, -0.008055468105499241], [-0.0003755438884378109, 0.0010165163024440412, 0.0002390032492611857], [-0.008055468105499241, 0.0002390032492611857, 0.0062121914910347135]], "chi2_level": 0.95, "chi2_df": 3, "chi2_threshold": 7.814727903251179, "N_raw": 19, "N_roi": 19, "N_inlier": 17, "refit": true}
{"timestamp": "15:45:17.297591", "frame": 110, "mu": [-0.37074939951462216, 4.37601926494723, 0.530021812956852], "Sigma": [[0.013631683154071064, 0.0015783433980928654, -0.005688828913703681], [0.001578343398092865, 0.0006485867029726471, 6.8173529559274e-05], [-0.005688828913703681, 6.817352955927401e-05, 0.005990482914069888]], "chi2_level": 0.95, "chi2_df": 3, "chi2_threshold": 7.814727903251179, "N_raw": 12, "N_roi": 12, "N_inlier": 11, "refit": true}
{"timestamp": "15:45:17.408538", "frame": 111, "mu": [-0.4603909366639287, 4.5138476716420035, 0.5519987176617729], "Sigma": [[0.017167276238068196, 0.002012259459833852, -0.005939046450026157], [0.002012259459833852, 0.0021925357250507363, -0.0032382915976137227], [-0.005939046450026157, -0.0032382915976137223, 0.005873271976208291]], "chi2_level": 0.95, "chi2_df": 3, "chi2_threshold": 7.814727903251179, "N_raw": 20, "N_roi": 20, "N_inlier": 18, "refit": true}
{"timestamp": "15:45:17.465497", "frame": 113, "mu": [-0.5835091723083206, 4.463771093415889, 0.6430352974280967], "Sigma": [[0.016942493259377835, 0.0013212015587218521, -0.0038336387006039233], [0.0013212015587218517, 0.003205326438277513, 0.00027739147578336365], [-0.0038336387006039233, 0.00027739147578336354, 0.0033106993182297215]], "chi2_level": 0.95, "chi2_df": 3, "chi2_threshold": 7.814727903251179, "N_raw": 33, "N_roi": 33, "N_inlier": 30, "refit": true}
{"timestamp": "15:45:17.521627", "frame": 114, "mu": [-0.6239315670792126, 4.481726250455338, 0.4556004644777737], "Sigma": [[0.0186989384018729, 0.002155565107130674, -0.00574510573698982], [0.002155565107130674, 0.0037361490388668427, -0.0014163354906814932], [-0.00574510573698982, -0.0014163354906814932, 0.003301297768787332]], "chi2_level": 0.95, "chi2_df": 3, "chi2_threshold": 7.814727903251179, "N_raw": 36, "N_roi": 34, "N_inlier": 30, "refit": true}
{"timestamp": "15:45:17.793188", "frame": 119, "mu": [-0.7716637706784018, 4.4984399285395815, 1.3234918569560339], "Sigma": [[0.011261743658970364, 0.0009838079041266175, -0.0039747024943992265], [0.0009838079041266175, 0.0007898359516344313, -0.00045938691394494354], [-0.0039747024943992265, -0.00045938691394494354, 0.002431035854557228]], "chi2_level": 0.95, "chi2_df": 3, "chi2_threshold": 7.814727903251179, "N_raw": 17, "N_roi": 12, "N_inlier": 11, "refit": true}
{"timestamp": "15:45:17.905841", "frame": 121, "mu": [-0.8455494671159218, 4.4742830370712845, 0.4904346163670097], "Sigma": [[0.02127717497045411, 0.004184651115542807, -0.006464015864338049], [0.004184651115542807, 0.0024021171484124525, -0.0006781753561143937], [-0.006464015864338049, -0.0006781753561143937, 0.0035900353630833786]], "chi2_level": 0.95, "chi2_df": 3, "chi2_threshold": 7.814727903251179, "N_raw": 27, "N_roi": 26, "N_inlier": 25, "refit": true}
{"timestamp": "15:45:18.399699", "frame": 130, "mu": [-0.9599574272424352, 4.781268975360207, -0.3426810965767256], "Sigma": [[0.01114127059851219, 0.006497316969118331, -0.0078083458277692155], [0.00649731696911833, 0.033517994149015254, -0.04307304908039739], [-0.0078083458277692155, -0.04307304908039739, 0.05768477277352682]], "chi2_level": 0.95, "chi2_df": 3, "chi2_threshold": 7.814727903251179, "N_raw": 20, "N_roi": 16, "N_inlier": 15, "refit": true}
{"timestamp": "15:45:18.729492", "frame": 136, "mu": [-1.3265400180794242, 4.357776628166155, 1.3390058107293634], "Sigma": [[0.010987412798982582, 0.003788532248537637, -0.0019838142148708997], [0.003788532248537637, 0.0030410964795282904, -0.0003093532070567329], [-0.0019838142148708993, -0.00030935320705673293, 0.000590916383477459]], "chi2_level": 0.95, "chi2_df": 3, "chi2_threshold": 7.814727903251179, "N_raw": 20, "N_roi": 20, "N_inlier": 17, "refit": true}
{"timestamp": "15:45:18.783515", "frame": 137, "mu": [-1.3587266670863682, 4.390018100977519, 1.2062585723293713], "Sigma": [[0.01165839098416267, 0.0018292650333956704, -0.010815263457530446], [0.0018292650333956704, 0.0013279306039042798, -0.0021935769468723358], [-0.010815263457530446, -0.0021935769468723358, 0.01225891836709767]], "chi2_level": 0.95, "chi2_df": 3, "chi2_threshold": 7.814727903251179, "N_raw": 16, "N_roi": 16, "N_inlier": 15, "refit": true}
{"timestamp": "15:45:18.893866", "frame": 139, "mu": [-1.4467282894984879, 4.351523235218632, 1.0839043173945038], "Sigma": [[0.013304845678794325, 0.002487374927055042, -0.009186698913733707], [0.002487374927055042, 0.0008700990706024101, -0.0022869624588737376], [-0.009186698913733709, -0.0022869624588737376, 0.009189947761102449]], "chi2_level": 0.95, "chi2_df": 3, "chi2_threshold": 7.814727903251179, "N_raw": 16, "N_roi": 13, "N_inlier": 12, "refit": true}
{"timestamp": "15:45:19.005772", "frame": 141, "mu": [-1.4514283197231457, 4.419409822792094, 1.2906459696512205], "Sigma": [[0.023272026766888276, 0.005285235198178102, -0.013827350235695559], [0.0052852351981781025, 0.0027946852451701054, -0.0039327025136514345], [-0.01382735023569556, -0.0039327025136514345, 0.010283527764427909]], "chi2_level": 0.95, "chi2_df": 3, "chi2_threshold": 7.814727903251179, "N_raw": 30, "N_roi": 25, "N_inlier": 25, "refit": true}
{"timestamp": "15:45:19.057745", "frame": 142, "mu": [-1.6048389705958426, 4.417202750535708, 1.3888222200796416], "Sigma": [[0.011625573251900112, 0.003535354213012464, -0.00705024820660245], [0.003535354213012464, 0.001413596819925194, -0.003417920239629213], [-0.007050248206602451, -0.003417920239629213, 0.01360353905721543]], "chi2_level": 0.95, "chi2_df": 3, "chi2_threshold": 7.814727903251179, "N_raw": 11, "N_roi": 11, "N_inlier": 10, "refit": true}
{"timestamp": "15:45:19.115369", "frame": 143, "mu": [-1.6536200596379607, 4.384348814161274, 0.5321256779367648], "Sigma": [[0.021972953504864494, 0.009048813064998154, -0.011471954647257707], [0.009048813064998152, 0.006641072458298605, -0.006456321474598544], [-0.011471954647257705, -0.006456321474598544, 0.010270659008934058]], "chi2_level": 0.95, "chi2_df": 3, "chi2_threshold": 7.814727903251179, "N_raw": 28, "N_roi": 28, "N_inlier": 26, "refit": true}
{"timestamp": "15:45:19.331846", "frame": 147, "mu": [-1.7632164767495102, 4.438026685551142, 0.5140240596335263], "Sigma": [[0.013628413970576575, 0.005073477630797722, -0.0007505080859290835], [0.005073477630797722, 0.003247380702426033, -0.0028421254796510737], [-0.0007505080859290835, -0.0028421254796510737, 0.00505039693772063]], "chi2_level": 0.95, "chi2_df": 3, "chi2_threshold": 7.814727903251179, "N_raw": 12, "N_roi": 12, "N_inlier": 11, "refit": true}
{"timestamp": "15:45:19.388342", "frame": 148, "mu": [-1.637956733213477, 4.361586513830111, 0.5644691365738406], "Sigma": [[0.02669340581803672, 0.007295389491204292, -0.08753248830509044], [0.007295389491204292, 0.00474181092369689, -0.02652443562911483], [-0.08753248830509044, -0.02652443562911483, 0.31391091191602716]], "chi2_level": 0.95, "chi2_df": 3, "chi2_threshold": 7.814727903251179, "N_raw": 12, "N_roi": 12, "N_inlier": 12, "refit": true}
{"timestamp": "15:45:19.500450", "frame": 150, "mu": [-1.836834136751739, 4.409629357900889, 1.155018110877745], "Sigma": [[0.011253726165610626, 0.004088375664073633, -0.014951786256791989], [0.004088375664073632, 0.0026529562468307908, -0.0053942553306617225], [-0.01495178625679199, -0.0053942553306617225, 0.13362292489498764]], "chi2_level": 0.95, "chi2_df": 3, "chi2_threshold": 7.814727903251179, "N_raw": 25, "N_roi": 23, "N_inlier": 21, "refit": true}
{"timestamp": "15:45:20.160132", "frame": 162, "mu": [-2.3390513248476763, 4.284242412937386, 0.5669977315276904], "Sigma": [[0.00939119199986727, 0.005002602390319209, -0.0029040658910146604], [0.005002602390319209, 0.00695578381226429, -0.003405435488889036], [-0.00290406589101466, -0.003405435488889036, 0.0024009491453650736]], "chi2_level": 0.95, "chi2_df": 3, "chi2_threshold": 7.814727903251179, "N_raw": 34, "N_roi": 19, "N_inlier": 19, "refit": true}
