{"timestamp": "15:09:54.784531", "frame": 3, "mu": [2.3921985557121968, 2.4013167249210747, 0.9159906750752315], "Sigma": [[0.004375639487647433, -0.0026400918637492915, 0.0014739891810125597], [-0.0026400918637492915, 0.006394023111719425, 0.0014231588179661836], [0.0014739891810125597, 0.0014231588179661834, 0.0017962423248197572]], "chi2_level": 0.95, "chi2_df": 3, "chi2_threshold": 7.814727903251179, "N_raw": 19, "N_roi": 14, "N_inlier": 13, "refit": true}
{"timestamp": "15:09:55.003716", "frame": 7, "mu": [2.4191175554885844, 2.0333282142709397, 1.5438947807705814], "Sigma": [[0.0026258336340781703, -0.0014965455462088552, -0.0010174947819142407], [-0.0014965455462088552, 0.004219500498581439, -0.005648721308702315], [-0.0010174947819142407, -0.005648721308702314, 0.02325554693419647]], "chi2_level": 0.95, "chi2_df": 3, "chi2_threshold": 7.814727903251179, "N_raw": 22, "N_roi": 11, "N_inlier": 10, "refit": true}
{"timestamp": "15:09:55.114250", "frame": 9, "mu": [2.367313127866943, 2.0133812493414935, 1.2955141439911875], "Sigma": [[0.008364109620900872, -0.0063319575865612805, 0.0016076824574161998], [-0.0063319575865612805, 0.00805884604349409, -0.00221083228036843], [0.0016076824574161998, -0.0022108322803684305, 0.0006125675660880483]], "chi2_level": 0.95, "chi2_df": 3, "chi2_threshold": 7.814727903251179, "N_raw": 21, "N_roi": 17, "N_inlier": 16, "refit": true}
{"timestamp": "15:09:55.169030", "frame": 10, "mu": [2.2640985160413263, 2.001507919920999, 1.1947461086704596], "Sigma": [[0.011414582585538022, -0.010413593153627625, -0.0007908570582060501], [-0.010413593153627623, 0.01400538447016666, 0.0018709113604177129], [-0.0007908570582060501, 0.0018709113604177127, 0.0008673181736229609]], "chi2_level": 0.95, "chi2_df": 3, "chi2_threshold": 7.814727903251179, "N_raw": 22, "N_roi": 20, "N_inlier": 19, "refit": true}
{"timestamp": "15:09:55.391436", "frame": 14, "mu": [2.0560320905863763, 2.047090331835409, 1.0290324036666705], "Sigma": [[0.006161826569167768, -0.005243673109585836, 0.0005070952638233378], [-0.005243673109585836, 0.007478876792142823, -0.001420083241000829], [0.0005070952638233378, -0.001420083241000829, 0.000489783794590145]], "chi2_level": 0.95, "chi2_df": 3, "chi2_threshold": 7.814727903251179, "N_raw": 20, "N_roi": 20, "N_inlier": 19, "refit": true}
{"timestamp": "15:09:55.447270", "frame": 15, "mu": [1.9948596420290263, 2.2472447098500457, 1.612231806151551], "Sigma": [[0.005483822171862375, -0.0034031863300067597, -0.003409451334495873], [-0.0034031863300067597, 0.005719274071110837, -0.0011900424998781184], [-0.003409451334495873, -0.0011900424998781184, 0.006741606648103505]], "chi2_level": 0.95, "chi2_df": 3, "chi2_threshold": 7.814727903251179, "N_raw": 27, "N_roi": 26, "N_inlier": 24, "refit": true}
{"timestamp": "15:09:55.665690", "frame": 19, "mu": [1.7892268979766393, 2.199919660990784, 1.4871996607355111], "Sigma": [[0.006278317655910756, -0.004106527335583556, -0.004404299271603709], [-0.004106527335583556, 0.004658171554980417, -0.0016152300646914862], [-0.004404299271603709, -0.0016152300646914857, 0.02133875302652012]], "chi2_level": 0.95, "chi2_df": 3, "chi2_threshold": 7.814727903251179, "N_raw": 24, "N_roi": 24, "N_inlier": 21, "refit": true}
{"timestamp": "15:09:55.721582", "frame": 20, "mu": [1.7246860406328222, 2.221390094448933, 1.5746651794076127], "Sigma": [[0.005746961240173251, -0.003250605464434801, 0.0002472975679711449], [-0.003250605464434801, 0.007346158458423115, -0.007054781375532939], [0.000247297567971145, -0.007054781375532939, 0.013099957129871416]], "chi2_level": 0.95, "chi2_df": 3, "chi2_threshold": 7.814727903251179, "N_raw": 22, "N_roi": 22, "N_inlier": 20, "refit": true}
{"timestamp": "15:09:55.775479", "frame": 21, "mu": [1.6874757851424314, 2.237325493738892, 1.1927261903935373], "Sigma": [[0.003431626214016734, -0.00035935857831279923, -0.01231534343833247], [-0.00035935857831279923, 0.0021753510187924917, -0.0044559220038844355], [-0.01231534343833247, -0.0044559220038844355, 0.08088119211067439]], "chi2_level": 0.95, "chi2_df": 3, "chi2_threshold": 7.814727903251179, "N_raw": 14, "N_roi": 14, "N_inlier": 14, "refit": true}
{"timestamp": "15:09:55.833356", "frame": 22, "mu": [1.6099066247080018, 2.231164239584201, 1.454592533291898], "Sigma": [[0.008066673877118522, -0.0054111710523483195, -0.004237954249940792], [-0.0054111710523483195, 0.0069556323101193996, -0.002478933344220099], [-0.004237954249940792, -0.002478933344220099, 0.013110658039202895]], "chi2_level": 0.95, "chi2_df": 3, "chi2_threshold": 7.814727903251179, "N_raw": 45, "N_roi": 45, "N_inlier": 42, "refit": true}
{"timestamp": "15:09:55.886597", "frame": 23, "mu": [1.706814570171995, 2.073167327521006, 0.8336224242453953], "Sigma": [[0.004522019345075975, -0.008523186143603952, -0.0013966302376377917], [-0.008523186143603952, 0.028399630199869737, 0.0006921561335643665], [-0.0013966302376377917, 0.0006921561335643663, 0.004363241776122269]], "chi2_level": 0.95, "chi2_df": 3, "chi2_threshold": 7.814727903251179, "N_raw": 23, "N_roi": 23, "N_inlier": 21, "refit": true}
{"timestamp": "15:09:55.939843", "frame": 24, "mu": [1.5181889282512586, 2.2082589014386462, 1.3270255539055416], "Sigma": [[0.00855989853635963, 0.008436450088516132, -0.03733325720837165], [0.008436450088516132, 0.0147544236759328, -0.056294368983181284], [-0.037333257208371655, -0.056294368983181284, 0.24059625447937166]], "chi2_level": 0.95, "chi2_df": 3, "chi2_threshold": 7.814727903251179, "N_raw": 12, "N_roi": 12, "N_inlier": 11, "refit": true}
{"timestamp": "15:09:56.004431", "frame": 25, "mu": [1.5243357494690097, 2.337436791892175, -0.3436539573864435], "Sigma": [[0.009042930267305871, -0.004531483210155344, -0.008320606925572491], [-0.004531483210155344, 0.021236699467444695, -0.011426309043450347], [-0.008320606925572491, -0.011426309043450347, 0.03108249644932449]], "chi2_level": 0.95, "chi2_df": 3, "chi2_threshold": 7.814727903251179, "N_raw": 75, "N_roi": 74, "N_inlier": 70, "refit": true}
{"timestamp": "15:09:56.050718", "frame": 26, "mu": [1.375807591043334, 2.1366288048424598, 1.4100153555313075], "Sigma": [[0.007277684601420272, -0.006000996907021651, -0.01954921240275713], [-0.006000996907021651, 0.00619932492837049, 0.02033493514718754], [-0.01954921240275713, 0.020334935147187535, 0.09348946997048795]], "chi2_level": 0.95, "chi2_df": 3, "chi2_threshold": 7.814727903251179, "N_raw": 17, "N_roi": 14, "N_inlier": 14, "refit": true}
{"timestamp": "15:09:56.108683", "frame": 27, "mu": [1.4353252077915313, 2.0106731647888054, 1.0367322504383736], "Sigma": [[0.0061045857659646945, -0.006524940203928688, -0.004576526513161552], [-0.006524940203928688, 0.009813913176723916, 0.002634149124418864], [-0.004576526513161552, 0.0026341491244188642, 0.008310052850662745]], "chi2_level": 0.95, "chi2_df": 3, "chi2_threshold": 7.814727903251179, "N_raw": 36, "N_roi": 35, "N_inlier": 33, "refit": true}
{"timestamp": "15:09:56.168692", "frame": 28, "mu": [1.3257630608590298, 2.0811566609107004, 1.2548071962594207], "Sigma": [[0.013286529560379763, -0.009685037931217272, -0.027161998243051547], [-0.00968503793121727, 0.012634188160510306, 0.01732170380398429], [-0.02716199824305155, 0.017321703803984286, 0.07455251327570717]], "chi2_level": 0.95, "chi2_df": 3, "chi2_threshold": 7.814727903251179, "N_raw": 71, "N_roi": 71, "N_inlier": 69, "refit": true}
{"timestamp": "15:09:56.226046", "frame": 29, "mu": [1.2638829061819408, 2.0758214965037456, 1.224960520809789], "Sigma": [[0.011753926193792693, -0.0069512750791455875, -0.025097492500886616], [-0.0069512750791455875, 0.011345662301897748, 0.005505998329289776], [-0.025097492500886616, 0.005505998329289777, 0.07986186734672057]], "chi2_level": 0.95, "chi2_df": 3, "chi2_threshold": 7.814727903251179, "N_raw": 86, "N_roi": 86, "N_inlier": 84, "refit": true}
{"timestamp": "15:09:56.278152", "frame": 30, "mu": [1.179757812081517, 2.1130042273709178, 1.225383950440948], "Sigma": [[0.010778324365241494, -0.004527577551396045, -0.033000860533571166], [-0.004527577551396045, 0.008913524290678208, 0.006285797624137061], [-0.03300086053357117, 0.006285797624137061, 0.16070076836923095]], "chi2_level": 0.95, "chi2_df": 3, "chi2_threshold": 7.814727903251179, "N_raw": 59, "N_roi": 59, "N_inlier": 55, "refit": true}
{"timestamp": "15:09:56.330603", "frame": 31, "mu": [1.172705516107227, 2.015094340468914, 1.1996086423292616], "Sigma": [[0.010257739921874008, -0.004991974256349121, -0.005339445378134917], [-0.004991974256349122, 0.003989627612430411, 3.0625006257978076e-05], [-0.005339445378134917, 3.06250062579782e-05, 0.009155282536799907]], "chi2_level": 0.95, "chi2_df": 3, "chi2_threshold": 7.814727903251179, "N_raw": 50, "N_roi": 47, "N_inlier": 43, "refit": true}
{"timestamp": "15:09:56.385559", "frame": 32, "mu": [1.1889880921060327, 2.1842360243124794, -0.3275253316832283], "Sigma": [[0.01060817347312963, -0.0021489395038816247, -0.0006537712008420884], [-0.0021489395038816247, 0.00394378282150989, -0.0012304462125312823], [-0.0006537712008420883, -0.0012304462125312826, 0.0013753749987018727]], "chi2_level": 0.95, "chi2_df": 3, "chi2_threshold": 7.814727903251179, "N_raw": 50, "N_roi": 50, "N_inlier": 45, "refit": true}
{"timestamp": "15:09:56.442312", "frame": 33, "mu": [1.038041327221852, 2.0565276611210264, 1.2478386318185877], "Sigma": [[0.010665559529213291, -0.005726561783743044, -0.009217462592629157], [-0.005726561783743044, 0.006118459541071541, 0.0027330088379421253], [-0.009217462592629157, 0.0027330088379421257, 0.021374081363127923]], "chi2_level": 0.95, "chi2_df": 3, "chi2_threshold": 7.814727903251179, "N_raw": 64, "N_roi": 64, "N_inlier": 58, "refit": true}
{"timestamp": "15:09:56.500691", "frame": 34, "mu": [0.9774455412890478, 2.089637436074061, 1.3487240851318167], "Sigma": [[0.012702521082262264, -0.004084081322676129, -0.011597117289488089], [-0.004084081322676129, 0.006405196761294582, 0.0010906090379969799], [-0.011597117289488089, 0.0010906090379969803, 0.01440411972849994]], "chi2_level": 0.95, "chi2_df": 3, "chi2_threshold": 7.814727903251179, "N_raw": 77, "N_roi": 76, "N_inlier": 70, "refit": true}
{"timestamp": "15:09:56.554723", "frame": 35, "mu": [0.8726464514218017, 2.1364333649425267, 1.4022736422831295], "Sigma": [[0.0097794118228271, -0.004152346334155113, -0.010661521073333747], [-0.004152346334155113, 0.006432919934826224, 0.0013276423337280994], [-0.010661521073333747, 0.0013276423337280994, 0.027786879370652783]], "chi2_level": 0.95, "chi2_df": 3, "chi2_threshold": 7.814727903251179, "N_raw": 73, "N_roi": 73, "N_inlier": 67, "refit": true}
{"timestamp": "15:09:56.606806", "frame": 36, "mu": [0.7882409241930791, 2.1480502110042123, 1.4445329801409243], "Sigma": [[0.00863908738336142, -0.003769628786928577, -0.008330223910867851], [-0.003769628786928577, 0.004716497666047225, 4.8131399022368834e-05], [-0.008330223910867851, 4.813139902236894e-05, 0.019135131612665716]], "chi2_level": 0.95, "chi2_df": 3, "chi2_threshold": 7.814727903251179, "N_raw": 57, "N_roi": 57, "N_inlier": 52, "refit": true}
{"timestamp": "15:09:56.656587", "frame": 37, "mu": [0.7158943362852179, 2.1213228340531805, 1.4038381460288463], "Sigma": [[0.006664446633586512, -0.0027604887898233653, -0.024698195333931416], [-0.002760488789823365, 0.002364455052207041, 0.013185570994369187], [-0.024698195333931416, 0.013185570994369187, 0.23397741072085854]], "chi2_level": 0.95, "chi2_df": 3, "chi2_threshold": 7.814727903251179, "N_raw": 18, "N_roi": 18, "N_inlier": 16, "refit": true}
{"timestamp": "15:09:56.719119", "frame": 38, "mu": [0.6762777761187866, 2.118779191509802, 1.2875186075850342], "Sigma": [[0.007560280931266375, -0.0017217716248769076, -0.005307517027257579], [-0.0017217716248769076, 0.0037811099836710764, 0.0075086395160641525], [-0.005307517027257579, 0.007508639516064152, 0.0849713829635532]], "chi2_level": 0.95, "chi2_df": 3, "chi2_threshold": 7.814727903251179, "N_raw": 76, "N_roi": 74, "N_inlier": 68, "refit": true}
{"timestamp": "15:09:56.779358", "frame": 39, "mu": [0.6237719043608266, 2.130068541999114, 1.0350751917589376], "Sigma": [[0.012264637385510977, -0.008276636188975778, -0.04315834183541003], [-0.00827663618897578, 0.009883712162519535, 0.03940393555467268], [-0.04315834183541003, 0.03940393555467267, 0.33096837872559587]], "chi2_level": 0.95, "chi2_df": 3, "chi2_threshold": 7.814727903251179, "N_raw": 101, "N_roi": 96, "N_inlier": 95, "refit": true}
{"timestamp": "15:09:56.826139", "frame": 40, "mu": [0.5603013378862509, 2.1222585575847153, 0.804236564265182], "Sigma": [[0.005906618808466068, -0.0004888021259076799, 0.0071992108058544614], [-0.0004888021259076799, 0.005304791744723096, 0.03911197076735566], [0.0071992108058544614, 0.03911197076735566, 0.4257316899135674]], "chi2_level": 0.95, "chi2_df": 3, "chi2_threshold": 7.814727903251179, "N_raw": 46, "N_roi": 44, "N_inlier": 41, "refit": true}
{"timestamp": "15:09:56.881767", "frame": 41, "mu": [0.4375827288677092, 2.1818385690967257, -0.6889509477660597], "Sigma": [[0.007806110675957909, 0.0070898599277599405, 0.03330440392514898], [0.0070898599277599405, 0.013718911775862925, 0.06897782296021299], [0.03330440392514898, 0.06897782296021299, 0.6093482929370581]], "chi2_level": 0.95, "chi2_df": 3, "chi2_threshold": 7.814727903251179, "N_raw": 51, "N_roi": 50, "N_inlier": 47, "refit": true}
{"timestamp": "15:09:56.939742", "frame": 42, "mu": [0.3530348063680602, 2.3038484278096494, -0.17873104546093677], "Sigma": [[0.007474371404637054, 0.002182440900165833, -0.013363524377115781], [0.0021824409001658324, 0.005821964586384377, -0.019465600840797397], [-0.013363524377115781, -0.019465600840797397, 0.08072122798969572]], "chi2_level": 0.95, "chi2_df": 3, "chi2_threshold": 7.814727903251179, "N_raw": 69, "N_roi": 63, "N_inlier": 57, "refit": true}
{"timestamp": "15:09:56.991733", "frame": 43, "mu": [0.36755759596035115, 2.1713890137659644, 1.258512485797988], "Sigma": [[0.007461866266193737, -0.0028090958538025063, 0.0054388411686326285], [-0.0028090958538025063, 0.004009688569894625, -0.007393521249145439], [0.005438841168632628, -0.007393521249145439, 0.03334895993117405]], "chi2_level": 0.95, "chi2_df": 3, "chi2_threshold": 7.814727903251179, "N_raw": 57, "N_roi": 57, "N_inlier": 48, "refit": true}
{"timestamp": "15:09:57.048966", "frame": 44, "mu": [0.25351842214266385, 2.1631380042449297, 1.4363516014179574], "Sigma": [[0.008609921626206885, -0.0007125767982739326, -0.00803711248259254], [-0.0007125767982739326, 0.0032168492046805025, -0.0007307550351116482], [-0.00803711248259254, -0.0007307550351116477, 0.03164469686380121]], "chi2_level": 0.95, "chi2_df": 3, "chi2_threshold": 7.814727903251179, "N_raw": 71, "N_roi": 69, "N_inlier": 62, "refit": true}
{"timestamp": "15:09:57.105931", "frame": 45, "mu": [0.1541801793121906, 2.178708943966506, 0.16030928676329365], "Sigma": [[0.006870929090587531, -0.0014939109381513962, 0.03768367545398646], [-0.0014939109381513962, 0.004782719849245683, -0.019982455925059907], [0.03768367545398646, -0.019982455925059903, 0.3401147295758788]], "chi2_level": 0.95, "chi2_df": 3, "chi2_threshold": 7.814727903251179, "N_raw": 81, "N_roi": 46, "N_inlier": 42, "refit": true}
{"timestamp": "15:09:57.160452", "frame": 46, "mu": [0.08355404240264984, 2.145296580122652, 1.1376264320951042], "Sigma": [[0.008208964774389508, -0.0002864972277252898, 0.008790872437527037], [-0.00028649722772528983, 0.00217809818739895, 0.005866768461271143], [0.008790872437527037, 0.005866768461271144, 0.08568443135367804]], "chi2_level": 0.95, "chi2_df": 3, "chi2_threshold": 7.814727903251179, "N_raw": 71, "N_roi": 65, "N_inlier": 61, "refit": true}
{"timestamp": "15:09:57.213582", "frame": 47, "mu": [0.005589333756030391, 2.1251726720049087, 1.511677845710731], "Sigma": [[0.0077975411136163636, -0.002034696832528394, -0.0040560105505761685], [-0.002034696832528394, 0.004901640048939394, -0.0013961122783906256], [-0.0040560105505761685, -0.0013961122783906254, 0.005920323097901952]], "chi2_level": 0.95, "chi2_df": 3, "chi2_threshold": 7.814727903251179, "N_raw": 64, "N_roi": 60, "N_inlier": 58, "refit": true}
{"timestamp": "15:09:57.261636", "frame": 48, "mu": [-0.025868582242194266, 2.128185366579086, 1.161053531253572], "Sigma": [[0.003459889161948217, -0.0016139389573137334, -0.0019840690425643086], [-0.0016139389573137332, 0.001592288647305861, -0.001941697590188487], [-0.001984069042564308, -0.001941697590188487, 0.014954211089339338]], "chi2_level": 0.95, "chi2_df": 3, "chi2_threshold": 7.814727903251179, "N_raw": 24, "N_roi": 24, "N_inlier": 23, "refit": true}
{"timestamp": "15:09:57.316129", "frame": 49, "mu": [-0.15833703425467952, 2.1516207096371955, 1.5594410023244518], "Sigma": [[0.00630576568745815, -0.001416862816956955, -0.005071251408488255], [-0.001416862816956955, 0.002138227523045704, 0.0016814455028118817], [-0.005071251408488255, 0.0016814455028118817, 0.004568235297855915]], "chi2_level": 0.95, "chi2_df": 3, "chi2_threshold": 7.814727903251179, "N_raw": 20, "N_roi": 19, "N_inlier": 15, "refit": true}
{"timestamp": "15:09:57.373873", "frame": 50, "mu": [-0.24783647082511573, 2.1110307611462615, 1.587141901898392], "Sigma": [[0.008172316632871766, -0.0003609533571370339, -0.006744060070396437], [-0.0003609533571370339, 0.002602700302058726, 0.001693826505758167], [-0.006744060070396437, 0.001693826505758167, 0.022276154261514216]], "chi2_level": 0.95, "chi2_df": 3, "chi2_threshold": 7.814727903251179, "N_raw": 43, "N_roi": 41, "N_inlier": 37, "refit": true}
{"timestamp": "15:09:57.436666", "frame": 51, "mu": [-0.26396891130974853, 2.156545614215636, 0.03888944260641258], "Sigma": [[0.010602025290976607, 7.291402610111176e-05, 0.04232279465466646], [7.29140261011116e-05, 0.010868089545798704, -0.008513327813223467], [0.04232279465466646, -0.008513327813223467, 0.29902940343582246]], "chi2_level": 0.95, "chi2_df": 3, "chi2_threshold": 7.814727903251179, "N_raw": 85, "N_roi": 80, "N_inlier": 74, "refit": true}
{"timestamp": "15:09:57.491021", "frame": 52, "mu": [-0.3831761163508257, 2.1469856770482205, 1.4094486186368393], "Sigma": [[0.011686589270812581, 0.0006635465936093337, -0.013262688421243627], [0.0006635465936093339, 0.0021957951792100795, -0.003658991966057336], [-0.013262688421243625, -0.003658991966057336, 0.05846316328050507]], "chi2_level": 0.95, "chi2_df": 3, "chi2_threshold": 7.814727903251179, "N_raw": 82, "N_roi": 82, "N_inlier": 76, "refit": true}
{"timestamp": "15:09:57.545092", "frame": 53, "mu": [-0.4594881758612519, 2.076783411616132, 1.5156747731175915], "Sigma": [[0.009354277803784417, -0.001477196591209748, -0.006607564853372083], [-0.0014771965912097483, 0.006320806589605072, 0.0011101219907391651], [-0.006607564853372083, 0.0011101219907391651, 0.005752733417932871]], "chi2_level": 0.95, "chi2_df": 3, "chi2_threshold": 7.814727903251179, "N_raw": 71, "N_roi": 68, "N_inlier": 62, "refit": true}
{"timestamp": "15:09:57.598019", "frame": 54, "mu": [-0.5453273844465761, 2.153248165931801, 1.4470692479257585], "Sigma": [[0.0077675841064146715, 0.00048580962817022896, -0.009411983077776293], [0.0004858096281702289, 0.001983166705247823, -0.002588618459875739], [-0.009411983077776291, -0.0025886184598757386, 0.04131177779012684]], "chi2_level": 0.95, "chi2_df": 3, "chi2_threshold": 7.814727903251179, "N_raw": 63, "N_roi": 60, "N_inlier": 55, "refit": true}
{"timestamp": "15:09:57.653509", "frame": 55, "mu": [-0.5512975687569838, 2.0509297957923933, 1.2737292326167826], "Sigma": [[0.005875230387824857, -0.0004526537462429518, -0.010788967129108849], [-0.00045265374624295173, 0.004450426601023949, -0.006348569622419078], [-0.010788967129108845, -0.006348569622419078, 0.06178195210257881]], "chi2_level": 0.95, "chi2_df": 3, "chi2_threshold": 7.814727903251179, "N_raw": 69, "N_roi": 69, "N_inlier": 65, "refit": true}
{"timestamp": "15:09:57.706300", "frame": 56, "mu": [-0.587541781615878, 2.1876486695060726, -0.3548838332511814], "Sigma": [[0.014273049453478662, 0.014585713744315401, -0.039495066407618164], [0.014585713744315403, 0.024236036547978387, -0.05933149684598806], [-0.039495066407618164, -0.05933149684598806, 0.2132677939018139]], "chi2_level": 0.95, "chi2_df": 3, "chi2_threshold": 7.814727903251179, "N_raw": 49, "N_roi": 47, "N_inlier": 45, "refit": true}
{"timestamp": "15:09:57.764403", "frame": 57, "mu": [-0.594530576616741, 2.0783104526810607, 0.5728819973927011], "Sigma": [[0.016068594021740677, 0.0018430252816668425, -0.04892674790126725], [0.0018430252816668427, 0.0021969330587061275, -0.013677662934849887], [-0.04892674790126725, -0.013677662934849889, 0.29912491690575155]], "chi2_level": 0.95, "chi2_df": 3, "chi2_threshold": 7.814727903251179, "N_raw": 79, "N_roi": 79, "N_inlier": 76, "refit": true}
{"timestamp": "15:09:57.821156", "frame": 58, "mu": [-0.801809694957751, 2.1208825376037965, 0.9551389248251583], "Sigma": [[0.015364641776049745, 0.001222834490480038, -0.0586121260630483], [0.001222834490480038, 0.0019443866293882834, -0.0020859842698547956], [-0.0586121260630483, -0.0020859842698547947, 0.4588805133998775]], "chi2_level": 0.95, "chi2_df": 3, "chi2_threshold": 7.814727903251179, "N_raw": 82, "N_roi": 80, "N_inlier": 76, "refit": true}
{"timestamp": "15:09:57.870196", "frame": 59, "mu": [-0.9351250005347725, 2.2033466844445027, -0.4099044546594657], "Sigma": [[0.029574320533575317, -0.014361034395771365, 0.03131978450404921], [-0.014361034395771365, 0.015442106577089155, -0.03532460769863779], [0.031319784504049215, -0.035324607698637794, 0.10691613476883259]], "chi2_level": 0.95, "chi2_df": 3, "chi2_threshold": 7.814727903251179, "N_raw": 38, "N_roi": 36, "N_inlier": 32, "refit": true}
{"timestamp": "15:09:57.924903", "frame": 60, "mu": [-0.9184480692579615, 2.2340849399208307, -0.25059520257314266], "Sigma": [[0.005974964415667355, 0.0034438021437102765, -0.011063192877870616], [0.0034438021437102765, 0.010139612745865641, -0.030713055265788554], [-0.011063192877870618, -0.03071305526578855, 0.11241604278405264]], "chi2_level": 0.95, "chi2_df": 3, "chi2_threshold": 7.814727903251179, "N_raw": 39, "N_roi": 38, "N_inlier": 34, "refit": true}
{"timestamp": "15:09:57.982878", "frame": 61, "mu": [-1.0920980749824214, 2.0641199751109287, 1.5176790986682387], "Sigma": [[0.008521574345031752, 0.002236505858985104, -0.004609916821482231], [0.002236505858985104, 0.006144922481955831, -0.005843937857730335], [-0.004609916821482231, -0.005843937857730335, 0.007428014426124357]], "chi2_level": 0.95, "chi2_df": 3, "chi2_threshold": 7.814727903251179, "N_raw": 64, "N_roi": 62, "N_inlier": 60, "refit": true}
{"timestamp": "15:09:58.031095", "frame": 62, "mu": [-1.2345695417736688, 2.1224335986277736, -0.4923609970173984], "Sigma": [[0.0052879693619010465, -0.005119579473837757, 0.01740465880089306], [-0.005119579473837757, 0.023782810034222904, -0.05602759714148523], [0.01740465880089306, -0.056027597141485225, 0.16175571873170122]], "chi2_level": 0.95, "chi2_df": 3, "chi2_threshold": 7.814727903251179, "N_raw": 21, "N_roi": 21, "N_inlier": 19, "refit": true}
{"timestamp": "15:09:58.148005", "frame": 64, "mu": [-1.2618648323687007, 2.0406077259630298, 1.319734954298358], "Sigma": [[0.026264013456871044, 0.011442636690540218, -0.08042146017506242], [0.011442636690540216, 0.00929904007914882, -0.0419647668895376], [-0.08042146017506242, -0.0419647668895376, 0.3065479199451983]], "chi2_level": 0.95, "chi2_df": 3, "chi2_threshold": 7.814727903251179, "N_raw": 71, "N_roi": 71, "N_inlier": 68, "refit": true}
{"timestamp": "15:09:58.200593", "frame": 65, "mu": [-1.375468071348607, 2.108079812069805, -0.1151348238676625], "Sigma": [[0.01628123273430176, 0.021511546155959817, -0.048531589845997314], [0.021511546155959817, 0.044637903757196395, -0.0980541121064594], [-0.048531589845997314, -0.0980541121064594, 0.23414349387776828]], "chi2_level": 0.95, "chi2_df": 3, "chi2_threshold": 7.814727903251179, "N_raw": 49, "N_roi": 49, "N_inlier": 49, "refit": true}
{"timestamp": "15:09:58.255495", "frame": 66, "mu": [-1.4144179665142567, 2.045066945207923, 1.0954624651239946], "Sigma": [[0.01916385031346038, 0.013570598289521611, -0.07895955526223966], [0.01357059828952161, 0.012411657133373598, -0.06807317331007116], [-0.07895955526223966, -0.06807317331007116, 0.4423177779851334]], "chi2_level": 0.95, "chi2_df": 3, "chi2_threshold": 7.814727903251179, "N_raw": 50, "N_roi": 50, "N_inlier": 47, "refit": true}
{"timestamp": "15:09:58.308614", "frame": 67, "mu": [-1.6953406644533644, 1.857679732328887, 1.7345660693754217], "Sigma": [[0.025639301221569807, 0.021553152873412723, -0.03142733852240185], [0.021553152873412723, 0.020848257353180723, -0.02557667344533836], [-0.03142733852240185, -0.02557667344533836, 0.06710502255231461]], "chi2_level": 0.95, "chi2_df": 3, "chi2_threshold": 7.814727903251179, "N_raw": 33, "N_roi": 33, "N_inlier": 29, "refit": true}
{"timestamp": "15:09:58.361004", "frame": 68, "mu": [-1.8112270824278118, 1.7523130755198009, 1.6070392480054023], "Sigma": [[0.03552232276980153, 0.04023518885119967, -0.08667141702668879], [0.04023518885119967, 0.050980549290324625, -0.10343038656036478], [-0.08667141702668879, -0.10343038656036478, 0.33450800208546444]], "chi2_level": 0.95, "chi2_df": 3, "chi2_threshold": 7.814727903251179, "N_raw": 19, "N_roi": 19, "N_inlier": 18, "refit": true}
{"timestamp": "15:09:58.415966", "frame": 69, "mu": [-1.6588015195993766, 1.8719414168715698, 1.091955993410655], "Sigma": [[0.004023161283432447, 0.0014977951964007092, -0.001880493758727789], [0.0014977951964007092, 0.0018979300368403191, -0.0047236793074207795], [-0.001880493758727789, -0.004723679307420779, 0.02804246544730296]], "chi2_level": 0.95, "chi2_df": 3, "chi2_threshold": 7.814727903251179, "N_raw": 24, "N_roi": 22, "N_inlier": 19, "refit": true}
{"timestamp": "15:09:58.470301", "frame": 70, "mu": [-1.9716633971741442, 1.6963980860614576, 1.7201863124918706], "Sigma": [[0.029737446468742545, 0.025904585539134724, -0.04869360897656484], [0.025904585539134724, 0.02522193561170515, -0.04505534604042291], [-0.04869360897656484, -0.04505534604042291, 0.1056278559776455]], "chi2_level": 0.95, "chi2_df": 3, "chi2_threshold": 7.814727903251179, "N_raw": 18, "N_roi": 18, "N_inlier": 17, "refit": true}
{"timestamp": "15:09:58.534294", "frame": 71, "mu": [-2.032985297555339, 1.6358307040615305, 0.2942621434461632], "Sigma": [[0.025496741047740242, 0.02188945064115645, -0.017298465655157427], [0.02188945064115645, 0.026769992787122675, -0.009340489070953806], [-0.017298465655157427, -0.009340489070953804, 0.025252774855751232]], "chi2_level": 0.95, "chi2_df": 3, "chi2_threshold": 7.814727903251179, "N_raw": 78, "N_roi": 78, "N_inlier": 73, "refit": true}
{"timestamp": "15:09:58.582000", "frame": 72, "mu": [-2.010048818920991, 1.7068011670722578, 1.6972301482815857], "Sigma": [[0.016289750993966907, 0.0063704865667582825, -0.01813496696850171], [0.006370486566758282, 0.021884278951365764, 0.0010595530247849922], [-0.01813496696850171, 0.001059553024784992, 0.028180217472245375]], "chi2_level": 0.95, "chi2_df": 3, "chi2_threshold": 7.814727903251179, "N_raw": 22, "N_roi": 22, "N_inlier": 21, "refit": true}
{"timestamp": "15:09:58.637718", "frame": 73, "mu": [-2.2227453091777516, 1.6115352990547687, 1.8657237095624597], "Sigma": [[0.010634891765510121, 0.010759690332387252, -0.009600049836241216], [0.010759690332387252, 0.018763148824941234, -0.013441344478871093], [-0.009600049836241216, -0.013441344478871095, 0.012112891461571523]], "chi2_level": 0.95, "chi2_df": 3, "chi2_threshold": 7.814727903251179, "N_raw": 39, "N_roi": 39, "N_inlier": 38, "refit": true}
{"timestamp": "15:09:58.692529", "frame": 74, "mu": [-2.1635742437782666, 1.6371232621324432, 1.563316484914752], "Sigma": [[0.012556740143983574, 0.015449556173088186, -0.016810346776137554], [0.015449556173088184, 0.035717378362577, -0.03827274296645916], [-0.016810346776137554, -0.03827274296645916, 0.050665442707515995]], "chi2_level": 0.95, "chi2_df": 3, "chi2_threshold": 7.814727903251179, "N_raw": 30, "N_roi": 30, "N_inlier": 28, "refit": true}
{"timestamp": "15:09:58.751372", "frame": 75, "mu": [-2.2482719656116825, 1.6868686485479194, 1.643303298683175], "Sigma": [[0.012176808067343588, 0.013424439114796707, -0.010544129902135727], [0.013424439114796707, 0.023824474662591966, -0.020760299199984206], [-0.010544129902135727, -0.020760299199984206, 0.022331933258118362]], "chi2_level": 0.95, "chi2_df": 3, "chi2_threshold": 7.814727903251179, "N_raw": 60, "N_roi": 60, "N_inlier": 56, "refit": true}
{"timestamp": "15:09:58.805374", "frame": 76, "mu": [-2.293730035547662, 1.6976246174384464, 0.07806675830945747], "Sigma": [[0.008764610767023659, 0.00698256917202538, -0.00948092858571568], [0.00698256917202538, 0.02308648065485732, -0.01766482003656123], [-0.00948092858571568, -0.01766482003656123, 0.02359020282937845]], "chi2_level": 0.95, "chi2_df": 3, "chi2_threshold": 7.814727903251179, "N_raw": 45, "N_roi": 43, "N_inlier": 38, "refit": true}
{"timestamp": "15:09:58.862597", "frame": 77, "mu": [-2.309059892210754, 1.6359399634279108, 1.6320496275174157], "Sigma": [[0.010985159812838909, 0.00648364487708772, -0.008862654280883508], [0.006483644877087721, 0.016259242330887463, -0.007581729318582789], [-0.008862654280883508, -0.007581729318582789, 0.008858139124077902]], "chi2_level": 0.95, "chi2_df": 3, "chi2_threshold": 7.814727903251179, "N_raw": 62, "N_roi": 52, "N_inlier": 49, "refit": true}
{"timestamp": "15:09:58.918511", "frame": 78, "mu": [-2.3349955170974876, 1.6488956542337798, 1.5941021318126363], "Sigma": [[0.009075892640619506, 0.004369284552831073, -0.006174721157486157], [0.004369284552831073, 0.016576249984618215, -0.006957011432783275], [-0.006174721157486157, -0.006957011432783275, 0.007102593723951971]], "chi2_level": 0.95, "chi2_df": 3, "chi2_threshold": 7.814727903251179, "N_raw": 71, "N_roi": 49, "N_inlier": 47, "refit": true}
{"timestamp": "15:09:58.971750", "frame": 79, "mu": [-2.4183381442129686, 1.688823527257254, 1.463015516074035], "Sigma": [[0.0028527941843914974, 0.0025580833479917015, -0.00320830696263208], [0.0025580833479917015, 0.010852721085189263, -0.01819679760917385], [-0.00320830696263208, -0.01819679760917385, 0.052678412950783474]], "chi2_level": 0.95, "chi2_df": 3, "chi2_threshold": 7.814727903251179, "N_raw": 60, "N_roi": 26, "N_inlier": 24, "refit": true}
{"timestamp": "15:09:59.020753", "frame": 80, "mu": [-2.386505873379357, 1.565439077347425, 1.5294731772402477], "Sigma": [[0.00487886464666861, -0.00038817953174524424, -0.0061012800531922064], [-0.00038817953174524424, 0.008187517276169655, 0.005229648561832837], [-0.0061012800531922064, 0.005229648561832837, 0.010394132473243294]], "chi2_level": 0.95, "chi2_df": 3, "chi2_threshold": 7.814727903251179, "N_raw": 18, "N_roi": 11, "N_inlier": 10, "refit": true}
{"timestamp": "15:09:59.078114", "frame": 81, "mu": [-2.425390123542454, 1.6026213753876728, 1.4378983728042138], "Sigma": [[0.0024183140348967925, 0.0011351390748434325, -0.0014043529318835345], [0.0011351390748434323, 0.007476076186106659, 0.000246602513418663], [-0.0014043529318835345, 0.00024660251341866295, 0.0014199902144150602]], "chi2_level": 0.95, "chi2_df": 3, "chi2_threshold": 7.814727903251179, "N_raw": 41, "N_roi": 14, "N_inlier": 14, "refit": true}
{"timestamp": "15:09:59.134508", "frame": 82, "mu": [-2.4017609170034273, 1.871547397675633, 0.7569773059540076], "Sigma": [[0.006750061567159988, 0.007896816217761502, -0.016575153088630962], [0.007896816217761502, 0.017490519074528976, -0.044299071801618135], [-0.016575153088630962, -0.044299071801618135, 0.13825729876207607]], "chi2_level": 0.95, "chi2_df": 3, "chi2_threshold": 7.814727903251179, "N_raw": 47, "N_roi": 15, "N_inlier": 15, "refit": true}
{"timestamp": "15:09:59.190582", "frame": 83, "mu": [-2.441133966820645, 1.7513382626647345, 1.0995091636449226], "Sigma": [[0.002283177963233041, 0.002772593836619021, -0.012466007423960392], [0.002772593836619021, 0.019576267533689237, -0.04787793826764605], [-0.012466007423960392, -0.04787793826764605, 0.14937706054832242]], "chi2_level": 0.95, "chi2_df": 3, "chi2_threshold": 7.814727903251179, "N_raw": 54, "N_roi": 15, "N_inlier": 14, "refit": true}
