{"timestamp": "15:59:46.858839", "frame": 17, "mu": [-2.09077795171659, 4.956776855659923, 0.7109923003633111], "Sigma": [[0.030905368539224903, 0.0007038403620387417, -0.0165621972919981], [0.0007038403620387417, 0.0008928736729794119, 0.00037660159728111677], [-0.0165621972919981, 0.00037660159728111677, 0.010038241582967265]], "chi2_level": 0.95, "chi2_df": 3, "chi2_threshold": 7.814727903251179, "N_raw": 50, "N_roi": 12, "N_inlier": 12, "refit": true}
{"timestamp": "15:59:46.911533", "frame": 18, "mu": [-2.1963852575272313, 4.944515308511902, 0.5749001076056812], "Sigma": [[0.010514488339796521, -0.0001591225542294935, -0.0005244728185803313], [-0.0001591225542294935, 0.0012686740103097017, -0.0006617499468715474], [-0.0005244728185803312, -0.0006617499468715474, 0.0006154903555393611]], "chi2_level": 0.95, "chi2_df": 3, "chi2_threshold": 7.814727903251179, "N_raw": 42, "N_roi": 11, "N_inlier": 10, "refit": true}
{"timestamp": "15:59:46.969662", "frame": 19, "mu": [-2.055923913652626, 4.945756309435857, 0.8388695184464491], "Sigma": [[0.029223046446720427, 0.0026597240072859206, -0.002690812289333407], [0.0026597240072859206, 0.0013395703778119818, -0.00044501905004273775], [-0.0026908122893334074, -0.0004450190500427377, 0.0004830827769520396]], "chi2_level": 0.95, "chi2_df": 3, "chi2_threshold": 7.814727903251179, "N_raw": 58, "N_roi": 18, "N_inlier": 17, "refit": true}
{"timestamp": "15:59:47.080568", "frame": 21, "mu": [-2.0169278335440013, 4.945381314055291, 1.004452765663419], "Sigma": [[0.0451331534993508, 0.0034000963305119702, -0.015828673088656556], [0.003400096330511971, 0.001699106636768897, -0.0023505695530330623], [-0.015828673088656556, -0.0023505695530330623, 0.007820007468437898]], "chi2_level": 0.95, "chi2_df": 3, "chi2_threshold": 7.814727903251179, "N_raw": 55, "N_roi": 28, "N_inlier": 27, "refit": true}
{"timestamp": "15:59:47.135831", "frame": 22, "mu": [-2.027750718310185, 4.917214478223832, 0.8033153510368679], "Sigma": [[0.034999379197418454, 0.006197633242936703, -0.00499881335683381], [0.006197633242936703, 0.0022594745698507404, -0.005388630200330232], [-0.004998813356833809, -0.005388630200330231, 0.048275356965871236]], "chi2_level": 0.95, "chi2_df": 3, "chi2_threshold": 7.814727903251179, "N_raw": 55, "N_roi": 40, "N_inlier": 38, "refit": true}
{"timestamp": "15:59:47.187707", "frame": 23, "mu": [-1.904913840938979, 4.911508482705829, 0.6960834952255025], "Sigma": [[0.02942708056418633, 0.00449592925316099, -0.018895720710681907], [0.00449592925316099, 0.0017675733583955736, -0.00563798035622147], [-0.01889572071068191, -0.00563798035622147, 0.028477553193466298]], "chi2_level": 0.95, "chi2_df": 3, "chi2_threshold": 7.814727903251179, "N_raw": 35, "N_roi": 32, "N_inlier": 32, "refit": true}
{"timestamp": "15:59:47.242172", "frame": 24, "mu": [-1.9803745761165852, 4.923105599922677, 0.6157815170955875], "Sigma": [[0.044749332464548416, 0.005519861338999288, -0.011990344314105008], [0.005519861338999289, 0.0025845704913391478, -0.0007258606578612652], [-0.011990344314105006, -0.0007258606578612652, 0.005116669219715229]], "chi2_level": 0.95, "chi2_df": 3, "chi2_threshold": 7.814727903251179, "N_raw": 34, "N_roi": 28, "N_inlier": 26, "refit": true}
{"timestamp": "15:59:47.407163", "frame": 27, "mu": [-2.03124357882863, 4.795300004460744, 0.6959965038925531], "Sigma": [[0.05021934932276824, 0.005527124317715619, -0.022389545116132052], [0.005527124317715619, 0.0023476171625685417, -0.002806687667238464], [-0.022389545116132052, -0.0028066876672384637, 0.011821322506744421]], "chi2_level": 0.95, "chi2_df": 3, "chi2_threshold": 7.814727903251179, "N_raw": 32, "N_roi": 32, "N_inlier": 31, "refit": true}
{"timestamp": "15:59:47.463917", "frame": 28, "mu": [-1.868215918461216, 4.791798664354027, 0.712898352764209], "Sigma": [[0.04292295615522396, 0.006362041484783861, -0.021454157051420425], [0.006362041484783861, 0.002910779971689149, -0.004938901962758674], [-0.021454157051420425, -0.004938901962758674, 0.021526234955562662]], "chi2_level": 0.95, "chi2_df": 3, "chi2_threshold": 7.814727903251179, "N_raw": 41, "N_roi": 40, "N_inlier": 39, "refit": true}
{"timestamp": "15:59:47.570200", "frame": 30, "mu": [-1.9440789975464936, 4.652154899320148, 0.6200302386599001], "Sigma": [[0.021926393166347303, 0.00040011245982721916, 0.0019434131747814258], [0.0004001124598272196, 0.001016075321038329, 0.0011902809768171917], [0.0019434131747814256, 0.0011902809768171917, 0.013318857629103974]], "chi2_level": 0.95, "chi2_df": 3, "chi2_threshold": 7.814727903251179, "N_raw": 13, "N_roi": 13, "N_inlier": 11, "refit": true}
{"timestamp": "15:59:47.630641", "frame": 31, "mu": [-2.0044101873675113, 4.8126834717270235, 0.10129056820543374], "Sigma": [[0.03795339846030619, 0.013257234359173035, -0.018276775972565495], [0.013257234359173035, 0.010034156215476533, -0.012759771234496531], [-0.018276775972565495, -0.01275977123449653, 0.018814858761228636]], "chi2_level": 0.95, "chi2_df": 3, "chi2_threshold": 7.814727903251179, "N_raw": 49, "N_roi": 49, "N_inlier": 48, "refit": true}
{"timestamp": "15:59:47.684629", "frame": 32, "mu": [-2.030244934793701, 4.617572890066697, 0.8308651486131233], "Sigma": [[0.031221490033288384, 0.006481253043508316, -0.01211780416612074], [0.006481253043508316, 0.0025777753153519985, -0.005572164818621128], [-0.012117804166120738, -0.005572164818621128, 0.01914509193031901]], "chi2_level": 0.95, "chi2_df": 3, "chi2_threshold": 7.814727903251179, "N_raw": 38, "N_roi": 35, "N_inlier": 35, "refit": true}
{"timestamp": "15:59:47.737418", "frame": 33, "mu": [-2.232940005459624, 4.60182530627202, 0.7563393296753667], "Sigma": [[0.01969741666446361, 0.0034517844848952943, -0.011202601613416812], [0.0034517844848952943, 0.003135503375887721, -0.0020297843387488386], [-0.011202601613416812, -0.002029784338748838, 0.008496203604968968]], "chi2_level": 0.95, "chi2_df": 3, "chi2_threshold": 7.814727903251179, "N_raw": 24, "N_roi": 21, "N_inlier": 20, "refit": true}
{"timestamp": "15:59:47.790475", "frame": 34, "mu": [-1.95314219297611, 4.53409013072302, 0.7672898760815446], "Sigma": [[0.012491648249524387, 0.0018699378441862304, 0.0031666779155772582], [0.0018699378441862304, 0.0007485507327240759, 8.78862389062641e-05], [0.003166677915577258, 8.788623890626418e-05, 0.02851483800337673]], "chi2_level": 0.95, "chi2_df": 3, "chi2_threshold": 7.814727903251179, "N_raw": 14, "N_roi": 14, "N_inlier": 13, "refit": true}
{"timestamp": "15:59:47.906396", "frame": 36, "mu": [-1.885082632261769, 4.510731781963521, 0.8425063495756901], "Sigma": [[0.04375603795580698, 0.008712317839456267, -0.025336048967918218], [0.008712317839456266, 0.004368814399697501, -0.009758526697991366], [-0.025336048967918218, -0.009758526697991366, 0.027584283109871266]], "chi2_level": 0.95, "chi2_df": 3, "chi2_threshold": 7.814727903251179, "N_raw": 57, "N_roi": 56, "N_inlier": 56, "refit": true}
{"timestamp": "15:59:47.958472", "frame": 37, "mu": [-1.9283556626840526, 4.462900510254543, 0.8639419677434262], "Sigma": [[0.030368188479688446, 0.004517075489605408, -0.016301040280196043], [0.004517075489605408, 0.0013151287738316995, -0.004806818368016676], [-0.016301040280196043, -0.004806818368016676, 0.032070620831162244]], "chi2_level": 0.95, "chi2_df": 3, "chi2_threshold": 7.814727903251179, "N_raw": 36, "N_roi": 35, "N_inlier": 34, "refit": true}
{"timestamp": "15:59:48.014438", "frame": 38, "mu": [-1.7897867458695087, 4.4007228258910995, 0.7050699956233053], "Sigma": [[0.03444186417342857, 0.005118689875023314, -0.02355333638829319], [0.005118689875023314, 0.002293293161133111, -0.006253006058812632], [-0.02355333638829319, -0.006253006058812632, 0.026069872760687476]], "chi2_level": 0.95, "chi2_df": 3, "chi2_threshold": 7.814727903251179, "N_raw": 43, "N_roi": 41, "N_inlier": 39, "refit": true}
{"timestamp": "15:59:48.071310", "frame": 39, "mu": [-1.80703987399793, 4.357197593618221, 0.7210823388866938], "Sigma": [[0.034289080001172756, 0.008738245489578732, -0.024082364209674974], [0.008738245489578734, 0.00398784947516914, -0.010269051441732], [-0.024082364209674974, -0.010269051441732, 0.0316447854749322]], "chi2_level": 0.95, "chi2_df": 3, "chi2_threshold": 7.814727903251179, "N_raw": 51, "N_roi": 50, "N_inlier": 47, "refit": true}
{"timestamp": "15:59:48.124852", "frame": 40, "mu": [-1.742185346140337, 4.31650440466196, 0.5886996453163165], "Sigma": [[0.04182897352031841, 0.010682063938838861, -0.01883318702510316], [0.01068206393883886, 0.005019616026596413, -0.006760298074696471], [-0.01883318702510316, -0.006760298074696471, 0.0134393699035512]], "chi2_level": 0.95, "chi2_df": 3, "chi2_threshold": 7.814727903251179, "N_raw": 47, "N_roi": 47, "N_inlier": 44, "refit": true}
{"timestamp": "15:59:48.176840", "frame": 41, "mu": [-1.8799372201958164, 4.2785769232228565, 0.7908949614365534], "Sigma": [[0.022078328314927353, 0.004399867547084373, -0.011081295950869744], [0.004399867547084373, 0.0019990557649992215, -0.003297404152888264], [-0.011081295950869744, -0.003297404152888264, 0.009581948624320146]], "chi2_level": 0.95, "chi2_df": 3, "chi2_threshold": 7.814727903251179, "N_raw": 21, "N_roi": 21, "N_inlier": 20, "refit": true}
{"timestamp": "15:59:48.237423", "frame": 42, "mu": [-1.9694732206936014, 4.213081190511423, 0.8054208505841371], "Sigma": [[0.04282383474379961, 0.005502511625495764, -0.019735499843073087], [0.005502511625495764, 0.0026447800349729267, -0.00886925416480474], [-0.019735499843073087, -0.00886925416480474, 0.041647474160277365]], "chi2_level": 0.95, "chi2_df": 3, "chi2_threshold": 7.814727903251179, "N_raw": 68, "N_roi": 68, "N_inlier": 67, "refit": true}
{"timestamp": "15:59:48.292843", "frame": 43, "mu": [-2.030113377377404, 4.193073404364178, 0.8990933354121481], "Sigma": [[0.04025980442550646, 0.005076109682722799, -0.016350735871896498], [0.005076109682722799, 0.002385460626744787, -0.007355970985733479], [-0.016350735871896498, -0.007355970985733479, 0.030735162451767682]], "chi2_level": 0.95, "chi2_df": 3, "chi2_threshold": 7.814727903251179, "N_raw": 57, "N_roi": 57, "N_inlier": 56, "refit": true}
{"timestamp": "15:59:48.345439", "frame": 44, "mu": [-2.019235795353703, 4.1664961156858, 0.7672793553133535], "Sigma": [[0.04456877036340942, 0.006568662686471302, 0.00691282721911621], [0.006568662686471301, 0.0024819561868005637, -0.0014917762771345076], [0.006912827219116211, -0.0014917762771345074, 0.017156318208699964]], "chi2_level": 0.95, "chi2_df": 3, "chi2_threshold": 7.814727903251179, "N_raw": 41, "N_roi": 41, "N_inlier": 39, "refit": true}
{"timestamp": "15:59:48.396842", "frame": 45, "mu": [-1.9573744088267226, 4.080734115477487, 1.1190542132208423], "Sigma": [[0.011405181018356332, 0.0030395943728498956, 0.00023019011696241102], [0.003039594372849895, 0.0017653717899819793, -0.004449583423151108], [0.00023019011696241145, -0.004449583423151108, 0.03434881392194708]], "chi2_level": 0.95, "chi2_df": 3, "chi2_threshold": 7.814727903251179, "N_raw": 20, "N_roi": 20, "N_inlier": 18, "refit": true}
{"timestamp": "15:59:48.451715", "frame": 46, "mu": [-1.9177094272001425, 4.120081604592492, -0.6864458545678547], "Sigma": [[0.018462787899863282, 0.010685106794801716, 0.04831696399439821], [0.010685106794801717, 0.011632800264644732, 0.04309420590564386], [0.04831696399439821, 0.04309420590564386, 0.22392588933298113]], "chi2_level": 0.95, "chi2_df": 3, "chi2_threshold": 7.814727903251179, "N_raw": 33, "N_roi": 33, "N_inlier": 32, "refit": true}
{"timestamp": "15:59:48.512505", "frame": 47, "mu": [-2.006427583649081, 4.0369453373565225, -0.8367724409633405], "Sigma": [[0.03902767723728082, 0.015905528934456768, 0.05939939991603896], [0.015905528934456764, 0.01192529774695292, 0.03346850556487113], [0.05939939991603896, 0.03346850556487114, 0.1996156630170182]], "chi2_level": 0.95, "chi2_df": 3, "chi2_threshold": 7.814727903251179, "N_raw": 62, "N_roi": 62, "N_inlier": 62, "refit": true}
{"timestamp": "15:59:48.565918", "frame": 48, "mu": [-1.9678087944239768, 3.9755495028458863, 0.8896050533073693], "Sigma": [[0.037123612217055874, 0.009987826016231355, -0.007106767248495805], [0.009987826016231355, 0.005061968613013526, -0.006556597332681687], [-0.0071067672484958055, -0.006556597332681687, 0.016560621438659696]], "chi2_level": 0.95, "chi2_df": 3, "chi2_threshold": 7.814727903251179, "N_raw": 55, "N_roi": 55, "N_inlier": 55, "refit": true}
{"timestamp": "15:59:48.623682", "frame": 49, "mu": [-1.9536168380098307, 3.917667559886027, 0.9915404324753365], "Sigma": [[0.04086481272231582, 0.00935173056688536, -0.01183797763270265], [0.00935173056688536, 0.005836085637951556, -0.007964628573307571], [-0.01183797763270265, -0.007964628573307571, 0.015910096558749247]], "chi2_level": 0.95, "chi2_df": 3, "chi2_threshold": 7.814727903251179, "N_raw": 69, "N_roi": 68, "N_inlier": 66, "refit": true}
{"timestamp": "15:59:48.678439", "frame": 50, "mu": [-1.9589419699144643, 3.856972121268487, 0.818439452104122], "Sigma": [[0.041242853761987816, 0.0074571623685407585, -0.009318243870378324], [0.0074571623685407585, 0.0038641022005356965, -0.004249178866400142], [-0.009318243870378324, -0.004249178866400142, 0.018436646150131415]], "chi2_level": 0.95, "chi2_df": 3, "chi2_threshold": 7.814727903251179, "N_raw": 63, "N_roi": 58, "N_inlier": 57, "refit": true}
{"timestamp": "15:59:48.731733", "frame": 51, "mu": [-1.853195690143987, 3.839190426940085, 0.7354853341400311], "Sigma": [[0.0611073737870132, 0.005767763609836102, -0.01575736050148429], [0.005767763609836102, 0.0033988997541536453, -0.004520758677870768], [-0.01575736050148429, -0.004520758677870768, 0.018372992356207075]], "chi2_level": 0.95, "chi2_df": 3, "chi2_threshold": 7.814727903251179, "N_raw": 50, "N_roi": 45, "N_inlier": 44, "refit": true}
{"timestamp": "15:59:48.785795", "frame": 52, "mu": [-1.9132274515915317, 3.7786943741862777, 0.995813484517873], "Sigma": [[0.03026560620255029, 0.009519599160338052, -0.01895053500968017], [0.009519599160338052, 0.006037278085729294, -0.007139532069540206], [-0.01895053500968017, -0.007139532069540206, 0.013639763555589686]], "chi2_level": 0.95, "chi2_df": 3, "chi2_threshold": 7.814727903251179, "N_raw": 51, "N_roi": 45, "N_inlier": 43, "refit": true}
{"timestamp": "15:59:48.898295", "frame": 54, "mu": [-2.030974589904971, 3.691482834549537, 0.9776741398446298], "Sigma": [[0.042678215879555524, 0.0069071046972873, -0.017692307998621877], [0.0069071046972873, 0.003991979421102467, -0.006916592866516224], [-0.017692307998621877, -0.006916592866516224, 0.025573507245586213]], "chi2_level": 0.95, "chi2_df": 3, "chi2_threshold": 7.814727903251179, "N_raw": 69, "N_roi": 64, "N_inlier": 62, "refit": true}
{"timestamp": "15:59:48.953323", "frame": 55, "mu": [-2.055810678292249, 3.6175608096571557, 0.9860677614531956], "Sigma": [[0.0302788490741129, 0.007835706285615012, -0.011076699746516943], [0.007835706285615012, 0.004653739205470223, -0.0108378278383576], [-0.011076699746516944, -0.0108378278383576, 0.04084336426776557]], "chi2_level": 0.95, "chi2_df": 3, "chi2_threshold": 7.814727903251179, "N_raw": 66, "N_roi": 65, "N_inlier": 64, "refit": true}
{"timestamp": "15:59:49.002029", "frame": 56, "mu": [-2.0664999052061783, 3.544560758850683, 1.0509226836685142], "Sigma": [[0.012085096087069654, 0.003755428423862588, -0.008036899055929967], [0.0037554284238625886, 0.002122137421317959, -0.005155682156483012], [-0.008036899055929969, -0.005155682156483011, 0.020902813499503514]], "chi2_level": 0.95, "chi2_df": 3, "chi2_threshold": 7.814727903251179, "N_raw": 26, "N_roi": 26, "N_inlier": 24, "refit": true}
{"timestamp": "15:59:49.059657", "frame": 57, "mu": [-1.902400974195717, 3.5859674046059054, 0.797241768817482], "Sigma": [[0.02161999951224882, 0.007829641848000583, -0.010375258436729422], [0.007829641848000585, 0.004920739458883932, -0.006367470144005363], [-0.010375258436729422, -0.006367470144005363, 0.011724843810278792]], "chi2_level": 0.95, "chi2_df": 3, "chi2_threshold": 7.814727903251179, "N_raw": 45, "N_roi": 41, "N_inlier": 38, "refit": true}
{"timestamp": "15:59:49.120591", "frame": 58, "mu": [-2.0546769247606513, 3.4990043607433314, 1.0410710940750973], "Sigma": [[0.040535062060788815, 0.00529821289774696, -0.020636794777119438], [0.00529821289774696, 0.004787185582414537, -0.010734076566961572], [-0.020636794777119438, -0.010734076566961574, 0.03137348895792596]], "chi2_level": 0.95, "chi2_df": 3, "chi2_threshold": 7.814727903251179, "N_raw": 75, "N_roi": 73, "N_inlier": 71, "refit": true}
{"timestamp": "15:59:49.171914", "frame": 59, "mu": [-1.9666916778344992, 3.561731673430461, -0.032504325711315465], "Sigma": [[0.021896642715685716, 0.014909935603315378, -0.024543267749704507], [0.01490993560331538, 0.01621122991363158, -0.027413790261017916], [-0.024543267749704507, -0.027413790261017916, 0.049103324527318214]], "chi2_level": 0.95, "chi2_df": 3, "chi2_threshold": 7.814727903251179, "N_raw": 56, "N_roi": 51, "N_inlier": 48, "refit": true}
{"timestamp": "15:59:49.275956", "frame": 61, "mu": [-1.9662104011070418, 3.3738825877010514, 0.6227316910581506], "Sigma": [[0.011882926609473063, -0.0013530517639592638, -0.008707103761606726], [-0.001353051763959264, 0.0006223601282754786, 0.0005631047575639608], [-0.008707103761606726, 0.0005631047575639608, 0.008758826989284235]], "chi2_level": 0.95, "chi2_df": 3, "chi2_threshold": 7.814727903251179, "N_raw": 17, "N_roi": 17, "N_inlier": 15, "refit": true}
{"timestamp": "15:59:49.390760", "frame": 63, "mu": [-2.0555322644596425, 3.2392636628946256, 1.141142589205086], "Sigma": [[0.01982043449824946, 0.008057966962345998, -0.018981929378876147], [0.008057966962345998, 0.006030297059802248, -0.01301615510911108], [-0.01898192937887615, -0.01301615510911108, 0.038870210057468796]], "chi2_level": 0.95, "chi2_df": 3, "chi2_threshold": 7.814727903251179, "N_raw": 53, "N_roi": 52, "N_inlier": 49, "refit": true}
{"timestamp": "15:59:49.446891", "frame": 64, "mu": [-2.0188702867183084, 3.291223887181367, -0.000311160509939277], "Sigma": [[0.020672371263654288, 0.014410426703780902, -0.018736915584438064], [0.014410426703780902, 0.017437664008138426, -0.02561038431254002], [-0.018736915584438064, -0.02561038431254002, 0.04276723116232582]], "chi2_level": 0.95, "chi2_df": 3, "chi2_threshold": 7.814727903251179, "N_raw": 57, "N_roi": 56, "N_inlier": 54, "refit": true}
{"timestamp": "15:59:49.577843", "frame": 65, "mu": [-1.9385296703297543, 3.3738813869335096, -0.30152545911603024], "Sigma": [[0.012789085627433645, 0.00370931999928824, -0.007385253923777381], [0.00370931999928824, 0.003340786892830017, -0.004361898623909112], [-0.007385253923777381, -0.004361898623909112, 0.00841173467094993]], "chi2_level": 0.95, "chi2_df": 3, "chi2_threshold": 7.814727903251179, "N_raw": 24, "N_roi": 24, "N_inlier": 22, "refit": true}
{"timestamp": "15:59:49.611011", "frame": 66, "mu": [-2.1275225956390127, 3.123034040383023, 0.9006312790131343], "Sigma": [[0.03909657066418877, 0.003015988847253301, 0.00136376149584719], [0.0030159888472533016, 0.0012907184703590264, -0.0016124234652185308], [0.0013637614958471897, -0.0016124234652185308, 0.015006611239659242]], "chi2_level": 0.95, "chi2_df": 3, "chi2_threshold": 7.814727903251179, "N_raw": 30, "N_roi": 28, "N_inlier": 27, "refit": true}
{"timestamp": "15:59:49.633220", "frame": 67, "mu": [-1.9018180022182958, 3.10107564841484, 0.7973330879106391], "Sigma": [[0.019087193933448217, 0.0029024504797539293, -0.00048030060108436253], [0.0029024504797539293, 0.0011620334975953634, -0.0012960035574182912], [-0.00048030060108436286, -0.0012960035574182912, 0.03991574411775921]], "chi2_level": 0.95, "chi2_df": 3, "chi2_threshold": 7.814727903251179, "N_raw": 43, "N_roi": 43, "N_inlier": 41, "refit": true}
{"timestamp": "15:59:49.670584", "frame": 68, "mu": [-2.028974060951855, 3.204026409340646, -0.1849608818537469], "Sigma": [[0.021039976435542757, 0.0016921486357136196, 0.002984395084184294], [0.0016921486357136199, 0.007935696610048363, -0.013183534307678409], [0.002984395084184294, -0.013183534307678409, 0.03321546749358987]], "chi2_level": 0.95, "chi2_df": 3, "chi2_threshold": 7.814727903251179, "N_raw": 61, "N_roi": 60, "N_inlier": 59, "refit": true}
{"timestamp": "15:59:49.723777", "frame": 69, "mu": [-1.9631096628491285, 3.1460028523732047, -0.0910298096922686], "Sigma": [[0.0237074678122604, 0.009928081153660276, -0.0067210171881725836], [0.009928081153660276, 0.012626637917036684, -0.012007574091446817], [-0.006721017188172584, -0.012007574091446817, 0.013761477775086918]], "chi2_level": 0.95, "chi2_df": 3, "chi2_threshold": 7.814727903251179, "N_raw": 67, "N_roi": 63, "N_inlier": 60, "refit": true}
{"timestamp": "15:59:49.778169", "frame": 70, "mu": [-2.1146855124654755, 2.96252499243029, 1.0526370010759867], "Sigma": [[0.042078665909528204, 0.005302121404565617, 0.0024095983746610207], [0.005302121404565617, 0.004375774695529727, -0.005716451060605136], [0.0024095983746610207, -0.005716451060605136, 0.022328500236170265]], "chi2_level": 0.95, "chi2_df": 3, "chi2_threshold": 7.814727903251179, "N_raw": 62, "N_roi": 59, "N_inlier": 59, "refit": true}
{"timestamp": "15:59:49.830244", "frame": 71, "mu": [-2.255212931810238, 3.0848542795253757, -0.35970835873526014], "Sigma": [[0.018671668393475567, 0.005558286217157695, -0.0022872134207826095], [0.005558286217157695, 0.006054941727747269, -0.005934029915903685], [-0.002287213420782609, -0.005934029915903685, 0.009559194637600845]], "chi2_level": 0.95, "chi2_df": 3, "chi2_threshold": 7.814727903251179, "N_raw": 44, "N_roi": 34, "N_inlier": 32, "refit": true}
{"timestamp": "15:59:49.883053", "frame": 72, "mu": [-1.9854062621660535, 3.002281926262856, -0.0897776775287405], "Sigma": [[0.014000058017540664, 0.003041953381156948, -0.0024323966441568605], [0.003041953381156948, 0.006085367242049058, -0.00916346309491306], [-0.0024323966441568614, -0.00916346309491306, 0.017783386981266046]], "chi2_level": 0.95, "chi2_df": 3, "chi2_threshold": 7.814727903251179, "N_raw": 27, "N_roi": 27, "N_inlier": 25, "refit": true}
{"timestamp": "15:59:49.939428", "frame": 73, "mu": [-1.9994914385033897, 2.9587513943113866, -0.14905621327267826], "Sigma": [[0.022046021763892077, 0.0024574359923465205, 0.003363289845558619], [0.0024574359923465214, 0.006235442626238859, -0.005799771166526144], [0.003363289845558619, -0.005799771166526144, 0.010880287054197146]], "chi2_level": 0.95, "chi2_df": 3, "chi2_threshold": 7.814727903251179, "N_raw": 38, "N_roi": 38, "N_inlier": 36, "refit": true}
{"timestamp": "15:59:49.995169", "frame": 74, "mu": [-2.088088050165332, 2.7792174356056543, 1.2888315227214031], "Sigma": [[0.023431893710149046, 0.004168455026100958, -0.018616083413979464], [0.004168455026100958, 0.003973401846976213, -0.005069748426048457], [-0.018616083413979467, -0.005069748426048456, 0.018079989723190727]], "chi2_level": 0.95, "chi2_df": 3, "chi2_threshold": 7.814727903251179, "N_raw": 44, "N_roi": 44, "N_inlier": 43, "refit": true}
{"timestamp": "15:59:50.056561", "frame": 75, "mu": [-2.127885044732605, 2.7064970616232977, 1.1039541207096606], "Sigma": [[0.03126947837933529, 0.007046426504088863, 0.0027606821019097133], [0.007046426504088863, 0.0051194393597075736, -0.004710265618391363], [0.0027606821019097133, -0.004710265618391364, 0.03648866613190203]], "chi2_level": 0.95, "chi2_df": 3, "chi2_threshold": 7.814727903251179, "N_raw": 92, "N_roi": 83, "N_inlier": 80, "refit": true}
{"timestamp": "15:59:50.108305", "frame": 76, "mu": [-2.104321466448203, 2.626287533751227, 1.1314119718079003], "Sigma": [[0.020429957438222526, 0.007176140219195334, -0.0008523195888391665], [0.007176140219195333, 0.00570613841196354, -0.008241640207694217], [-0.0008523195888391658, -0.008241640207694216, 0.0506339302464295]], "chi2_level": 0.95, "chi2_df": 3, "chi2_threshold": 7.814727903251179, "N_raw": 68, "N_roi": 68, "N_inlier": 68, "refit": true}
{"timestamp": "15:59:50.158137", "frame": 77, "mu": [-2.012336848327763, 2.6342070500155548, 1.0281501532353268], "Sigma": [[0.013020100306756788, 0.002542771618609911, -0.01180283756228832], [0.002542771618609911, 0.0032875972739819445, -0.0034409579692007853], [-0.011802837562288318, -0.0034409579692007853, 0.01658205586840698]], "chi2_level": 0.95, "chi2_df": 3, "chi2_threshold": 7.814727903251179, "N_raw": 30, "N_roi": 30, "N_inlier": 27, "refit": true}
{"timestamp": "15:59:50.216030", "frame": 78, "mu": [-2.0169931115394135, 2.5872050022155273, 0.993047306238093], "Sigma": [[0.03032229170333631, 0.007094655134072684, -0.008274877543232237], [0.007094655134072684, 0.004331467037544369, -0.004511541969809234], [-0.008274877543232237, -0.004511541969809234, 0.009809593029502359]], "chi2_level": 0.95, "chi2_df": 3, "chi2_threshold": 7.814727903251179, "N_raw": 47, "N_roi": 44, "N_inlier": 41, "refit": true}
{"timestamp": "15:59:50.272969", "frame": 79, "mu": [-2.061672316151943, 2.506562463959799, 1.0770311694432875], "Sigma": [[0.011861948447231043, 0.0046267684283321855, -0.01471425502568201], [0.0046267684283321855, 0.0034266540768123186, -0.011486806493741075], [-0.01471425502568201, -0.011486806493741075, 0.05202526914204346]], "chi2_level": 0.95, "chi2_df": 3, "chi2_threshold": 7.814727903251179, "N_raw": 65, "N_roi": 49, "N_inlier": 45, "refit": true}
{"timestamp": "15:59:50.328961", "frame": 80, "mu": [-2.0999062049704036, 2.516698660671139, 1.193096340109454], "Sigma": [[0.017884584090290652, 0.007811312571570911, -0.008212468914589238], [0.007811312571570911, 0.007866043898680114, -0.008039179563017546], [-0.008212468914589238, -0.008039179563017546, 0.010630413145012124]], "chi2_level": 0.95, "chi2_df": 3, "chi2_threshold": 7.814727903251179, "N_raw": 73, "N_roi": 56, "N_inlier": 52, "refit": true}
{"timestamp": "15:59:50.382085", "frame": 81, "mu": [-2.2555761003467465, 2.262032978864355, 1.4275369353441658], "Sigma": [[0.020479037800514632, 0.01797245464801179, -0.013501256264153837], [0.01797245464801179, 0.018806016636433047, -0.01307522771691514], [-0.013501256264153837, -0.013075227716915144, 0.010273520868559096]], "chi2_level": 0.95, "chi2_df": 3, "chi2_threshold": 7.814727903251179, "N_raw": 58, "N_roi": 39, "N_inlier": 34, "refit": true}
{"timestamp": "15:59:50.437185", "frame": 82, "mu": [-2.1600814649286253, 2.403535118114224, -0.4072910745564515], "Sigma": [[0.017569721772802693, 0.014403663137860987, 0.01883404755291635], [0.01440366313786099, 0.017588260045758496, 0.02384350155294601], [0.01883404755291635, 0.02384350155294601, 0.06435240749221988]], "chi2_level": 0.95, "chi2_df": 3, "chi2_threshold": 7.814727903251179, "N_raw": 57, "N_roi": 36, "N_inlier": 32, "refit": true}
{"timestamp": "15:59:50.488697", "frame": 83, "mu": [-2.303568002413465, 2.1407876731149322, 1.4126736233577901], "Sigma": [[0.019051866792657406, 0.016735801827346956, -0.0259370508649508], [0.016735801827346956, 0.023901883350949026, -0.03816720364867763], [-0.0259370508649508, -0.03816720364867763, 0.08583869512823172]], "chi2_level": 0.95, "chi2_df": 3, "chi2_threshold": 7.814727903251179, "N_raw": 32, "N_roi": 18, "N_inlier": 17, "refit": true}
{"timestamp": "15:59:50.540643", "frame": 84, "mu": [-2.257801866385969, 2.1605263419896787, 1.211812180901], "Sigma": [[0.022841378336083327, 0.020977255228898962, -0.022169410564178284], [0.020977255228898962, 0.0317820395128494, -0.049472316279463247], [-0.022169410564178284, -0.049472316279463247, 0.09950891752475874]], "chi2_level": 0.95, "chi2_df": 3, "chi2_threshold": 7.814727903251179, "N_raw": 15, "N_roi": 13, "N_inlier": 13, "refit": true}
{"timestamp": "15:59:50.599810", "frame": 85, "mu": [-2.0618216220736167, 2.2592302740989583, 0.9966295999976372], "Sigma": [[0.014305966367976201, 0.007292108805194639, -0.006436578727813226], [0.007292108805194639, 0.005898079652840354, -0.005831881300631555], [-0.006436578727813226, -0.005831881300631555, 0.007113223990248259]], "chi2_level": 0.95, "chi2_df": 3, "chi2_threshold": 7.814727903251179, "N_raw": 46, "N_roi": 40, "N_inlier": 37, "refit": true}
{"timestamp": "15:59:50.656444", "frame": 86, "mu": [-2.0802356763639147, 2.252179526724573, -0.670482782013572], "Sigma": [[0.013372983146507632, 0.015573271195362219, 0.015994438781408916], [0.015573271195362219, 0.027638307427499592, 0.03004480227192451], [0.015994438781408916, 0.03004480227192451, 0.060236350618869935]], "chi2_level": 0.95, "chi2_df": 3, "chi2_threshold": 7.814727903251179, "N_raw": 54, "N_roi": 41, "N_inlier": 37, "refit": true}
{"timestamp": "15:59:50.714026", "frame": 87, "mu": [-2.2780466262390746, 2.0939680264567633, -0.1701983728840782], "Sigma": [[0.01958668484440998, 0.01798618887772016, -0.010811742929949898], [0.01798618887772016, 0.024962897742679645, -0.014990985808957432], [-0.010811742929949898, -0.014990985808957432, 0.010079606760670184]], "chi2_level": 0.95, "chi2_df": 3, "chi2_threshold": 7.814727903251179, "N_raw": 69, "N_roi": 51, "N_inlier": 48, "refit": true}
{"timestamp": "15:59:50.763089", "frame": 88, "mu": [-2.183136176808418, 1.9794885011238683, 1.171555459291079], "Sigma": [[0.0464454302092215, 0.028013669781223115, -0.02564689544096135], [0.02801366978122312, 0.018368692650424907, -0.01703860439245503], [-0.02564689544096135, -0.017038604392455033, 0.021441826570763586]], "chi2_level": 0.95, "chi2_df": 3, "chi2_threshold": 7.814727903251179, "N_raw": 30, "N_roi": 25, "N_inlier": 23, "refit": true}
{"timestamp": "15:59:50.822002", "frame": 89, "mu": [-2.2126494492645987, 1.8971835209423686, 1.3111468225794842], "Sigma": [[0.027594400830674548, 0.018952128509422746, -0.024720349256273796], [0.018952128509422746, 0.01949723314067585, -0.016452073492385227], [-0.024720349256273796, -0.01645207349238523, 0.02386131710844457]], "chi2_level": 0.95, "chi2_df": 3, "chi2_threshold": 7.814727903251179, "N_raw": 62, "N_roi": 53, "N_inlier": 50, "refit": true}
{"timestamp": "15:59:50.878362", "frame": 90, "mu": [-2.1557151787226085, 1.912265614594506, 1.2277179725393328], "Sigma": [[0.027798315629872273, 0.020434061955218165, -0.03416615314106318], [0.020434061955218165, 0.020057318713158925, -0.035095162977690816], [-0.03416615314106318, -0.035095162977690816, 0.07483585437397802]], "chi2_level": 0.95, "chi2_df": 3, "chi2_threshold": 7.814727903251179, "N_raw": 67, "N_roi": 67, "N_inlier": 65, "refit": true}
{"timestamp": "15:59:50.932003", "frame": 91, "mu": [-2.2841361648074927, 1.7938729297059353, 0.9078710544341917], "Sigma": [[0.019114360437425846, 0.013603811656260666, -0.0055245390384128235], [0.013603811656260664, 0.01164880689955682, -0.010785031715798562], [-0.0055245390384128235, -0.01078503171579856, 0.09158527674555955]], "chi2_level": 0.95, "chi2_df": 3, "chi2_threshold": 7.814727903251179, "N_raw": 52, "N_roi": 51, "N_inlier": 48, "refit": true}
{"timestamp": "15:59:50.991776", "frame": 92, "mu": [-2.226808049290174, 1.8836237170411514, -0.8310498620772381], "Sigma": [[0.014139770327615183, 0.015844437904876094, 0.012237270498626319], [0.015844437904876094, 0.0383572984080361, 0.007945844417829554], [0.012237270498626319, 0.007945844417829554, 0.05040217339378529]], "chi2_level": 0.95, "chi2_df": 3, "chi2_threshold": 7.814727903251179, "N_raw": 87, "N_roi": 86, "N_inlier": 85, "refit": true}
{"timestamp": "15:59:51.045582", "frame": 93, "mu": [-2.2049644963053456, 2.016440979763442, -0.6682401988080323], "Sigma": [[0.025123896666994792, 0.013148363140638521, -0.0010426491360237555], [0.013148363140638523, 0.016342528810294018, -0.01544194335963018], [-0.0010426491360237553, -0.01544194335963018, 0.031534246841422926]], "chi2_level": 0.95, "chi2_df": 3, "chi2_threshold": 7.814727903251179, "N_raw": 77, "N_roi": 76, "N_inlier": 72, "refit": true}
{"timestamp": "15:59:51.094520", "frame": 94, "mu": [-2.304693414324497, 1.7718603966197524, -0.8621450847813836], "Sigma": [[0.026620683502017788, 0.019909287754530457, 0.016247651218084348], [0.019909287754530457, 0.030844285447418, 0.016370340871730317], [0.016247651218084348, 0.016370340871730317, 0.02850934402551847]], "chi2_level": 0.95, "chi2_df": 3, "chi2_threshold": 7.814727903251179, "N_raw": 35, "N_roi": 33, "N_inlier": 33, "refit": true}
{"timestamp": "15:59:51.149403", "frame": 95, "mu": [-2.2035001777309176, 1.879509389411735, -0.3437237099559471], "Sigma": [[0.01665618477282126, 0.013873493964050947, -0.008722527955333684], [0.013873493964050947, 0.01856869885092141, -0.01331690295717006], [-0.008722527955333686, -0.01331690295717006, 0.01968225814353087]], "chi2_level": 0.95, "chi2_df": 3, "chi2_threshold": 7.814727903251179, "N_raw": 45, "N_roi": 44, "N_inlier": 37, "refit": true}
{"timestamp": "15:59:51.207906", "frame": 96, "mu": [-2.230326393172959, 1.4903124112073174, 1.282713855968792], "Sigma": [[0.012420502261570902, 0.010223637058952687, -0.0012022088666987117], [0.010223637058952687, 0.015884549045880998, -0.021664942069771695], [-0.0012022088666987112, -0.021664942069771695, 0.0891246233339999]], "chi2_level": 0.95, "chi2_df": 3, "chi2_threshold": 7.814727903251179, "N_raw": 64, "N_roi": 64, "N_inlier": 61, "refit": true}
{"timestamp": "15:59:51.265669", "frame": 97, "mu": [-2.129060301076322, 1.6892813243118179, -0.2359685158334587], "Sigma": [[0.018342052800332964, 0.019901695404863327, -0.015025647512622056], [0.019901695404863327, 0.03754582870003456, -0.019923152832791016], [-0.015025647512622056, -0.019923152832791016, 0.014381365815598174]], "chi2_level": 0.95, "chi2_df": 3, "chi2_threshold": 7.814727903251179, "N_raw": 83, "N_roi": 83, "N_inlier": 81, "refit": true}
{"timestamp": "15:59:51.318637", "frame": 98, "mu": [-2.2168222105982798, 1.4036205780549877, 1.3249233503912707], "Sigma": [[0.01156450742434124, 0.012478977326151802, -0.009309373381868376], [0.012478977326151802, 0.02859855398866859, -0.023807326671637256], [-0.009309373381868376, -0.023807326671637256, 0.022816601338195915]], "chi2_level": 0.95, "chi2_df": 3, "chi2_threshold": 7.814727903251179, "N_raw": 69, "N_roi": 69, "N_inlier": 68, "refit": true}
{"timestamp": "15:59:51.373198", "frame": 99, "mu": [-2.2115431930131164, 1.4334467176187982, 1.2776562307057704], "Sigma": [[0.011466496264721878, 0.005425868136772189, -0.0032276383334054674], [0.005425868136772189, 0.013011295611979763, -0.011401178123244243], [-0.003227638333405467, -0.011401178123244243, 0.012237468603651538]], "chi2_level": 0.95, "chi2_df": 3, "chi2_threshold": 7.814727903251179, "N_raw": 67, "N_roi": 67, "N_inlier": 64, "refit": true}
{"timestamp": "15:59:51.752609", "frame": 100, "mu": [-2.2338193509257946, 1.5062467785862048, -0.509377450783201], "Sigma": [[0.010930349346214873, 0.010070959923152031, 0.011456348989300235], [0.010070959923152031, 0.030722089182248315, 0.01380099886188543], [0.011456348989300235, 0.01380099886188543, 0.024916500123284342]], "chi2_level": 0.95, "chi2_df": 3, "chi2_threshold": 7.814727903251179, "N_raw": 59, "N_roi": 58, "N_inlier": 58, "refit": true}
{"timestamp": "15:59:51.788486", "frame": 101, "mu": [-2.1827147907745217, 1.5391348566810612, -0.4874019386111361], "Sigma": [[0.017497464938934226, 0.008682377444776304, 0.00375366095614365], [0.008682377444776304, 0.016628522781898233, -0.013430502472741728], [0.00375366095614365, -0.013430502472741728, 0.0298101160032326]], "chi2_level": 0.95, "chi2_df": 3, "chi2_threshold": 7.814727903251179, "N_raw": 80, "N_roi": 80, "N_inlier": 79, "refit": true}
{"timestamp": "15:59:51.823212", "frame": 102, "mu": [-2.1781110333712657, 1.443609490714503, -0.5298578853339838], "Sigma": [[0.009627429002515044, 0.007826867739144622, 0.001015077791883284], [0.007826867739144622, 0.017027449181966237, -0.010554823156823287], [0.001015077791883284, -0.010554823156823287, 0.014009594839458081]], "chi2_level": 0.95, "chi2_df": 3, "chi2_threshold": 7.814727903251179, "N_raw": 61, "N_roi": 61, "N_inlier": 59, "refit": true}
{"timestamp": "15:59:51.852279", "frame": 103, "mu": [-2.1981379295478023, 1.4505316097747993, -0.7136181907747707], "Sigma": [[0.013071270059659043, 0.014625982070550823, -0.0018152103057457363], [0.014625982070550821, 0.025301563945100886, -0.004194238387929785], [-0.0018152103057457358, -0.004194238387929785, 0.0021777168457613417]], "chi2_level": 0.95, "chi2_df": 3, "chi2_threshold": 7.814727903251179, "N_raw": 50, "N_roi": 50, "N_inlier": 49, "refit": true}
{"timestamp": "15:59:51.890231", "frame": 104, "mu": [-2.1591145541688403, 1.4271321466837932, -0.571191482184004], "Sigma": [[0.009808497507920804, 0.009505803241376384, -0.0011386113955350239], [0.009505803241376383, 0.0235480136676605, -0.0222498890639254], [-0.0011386113955350237, -0.022249889063925405, 0.034220250372661375]], "chi2_level": 0.95, "chi2_df": 3, "chi2_threshold": 7.814727903251179, "N_raw": 80, "N_roi": 80, "N_inlier": 77, "refit": true}
{"timestamp": "15:59:51.923904", "frame": 105, "mu": [-2.1792465671446384, 1.3208243372268538, -0.40007272636735325], "Sigma": [[0.008204580884163598, 0.00948404543965141, -0.004185267482477281], [0.00948404543965141, 0.025253108180225695, -0.018168349979021295], [-0.0041852674824772815, -0.018168349979021295, 0.02408800206746583]], "chi2_level": 0.95, "chi2_df": 3, "chi2_threshold": 7.814727903251179, "N_raw": 58, "N_roi": 58, "N_inlier": 57, "refit": true}
{"timestamp": "15:59:51.955660", "frame": 106, "mu": [-2.207614379868696, 1.4233849143085138, -0.7393626495419753], "Sigma": [[0.019304115656026632, 0.012936010830147626, 0.006601314854259311], [0.012936010830147629, 0.014090450571026427, 6.892872835082098e-05], [0.006601314854259311, 6.892872835082071e-05, 0.010369105470230346]], "chi2_level": 0.95, "chi2_df": 3, "chi2_threshold": 7.814727903251179, "N_raw": 56, "N_roi": 56, "N_inlier": 56, "refit": true}
{"timestamp": "15:59:51.995514", "frame": 107, "mu": [-2.144035395768495, 1.3064731709986628, -0.7305132190103552], "Sigma": [[0.012406093737499907, 0.013986812232144662, 0.0016725162467688677], [0.013986812232144666, 0.020288688144159815, -0.0027747738389809345], [0.0016725162467688675, -0.0027747738389809345, 0.009560213637817767]], "chi2_level": 0.95, "chi2_df": 3, "chi2_threshold": 7.814727903251179, "N_raw": 49, "N_roi": 49, "N_inlier": 48, "refit": true}
{"timestamp": "15:59:52.025106", "frame": 108, "mu": [-2.130850278923897, 1.2279763279651565, -0.695365378555052], "Sigma": [[0.009469373229742445, 0.011579190822844507, 0.010694513726757053], [0.011579190822844507, 0.03893266826303857, 0.0169915664009987], [0.010694513726757055, 0.016991566400998703, 0.01928953374898938]], "chi2_level": 0.95, "chi2_df": 3, "chi2_threshold": 7.814727903251179, "N_raw": 60, "N_roi": 60, "N_inlier": 57, "refit": true}
{"timestamp": "15:59:52.054319", "frame": 109, "mu": [-2.0937025492414962, 1.273894778088408, -0.5475353879493424], "Sigma": [[0.009420419589026563, 0.007187885405112036, 0.0017122503284208702], [0.007187885405112036, 0.013008416456621931, -0.005362812832724492], [0.0017122503284208697, -0.005362812832724492, 0.007536763686808185]], "chi2_level": 0.95, "chi2_df": 3, "chi2_threshold": 7.814727903251179, "N_raw": 51, "N_roi": 51, "N_inlier": 50, "refit": true}
{"timestamp": "15:59:52.072268", "frame": 110, "mu": [-2.1043389229753977, 1.1334595636602838, -0.7430904766049349], "Sigma": [[0.0071657703268893065, 0.007296850290943327, 0.0030448821594082354], [0.007296850290943327, 0.01238693182643911, -0.0033109363296442537], [0.0030448821594082354, -0.003310936329644254, 0.013027651606103424]], "chi2_level": 0.95, "chi2_df": 3, "chi2_threshold": 7.814727903251179, "N_raw": 44, "N_roi": 44, "N_inlier": 42, "refit": true}
