{"timestamp": "15:45:41.966843", "frame": 49, "mu": [-2.3773062836614605, 3.0881605783983908, 1.2500063390279152], "Sigma": [[0.005941696110647812, 0.002990232059113985, -1.646556962936485e-05], [0.002990232059113985, 0.005215559908561632, -0.003857357511731066], [-1.646556962936485e-05, -0.003857357511731066, 0.005520115400598107]], "chi2_level": 0.95, "chi2_df": 3, "chi2_threshold": 7.814727903251179, "N_raw": 37, "N_roi": 20, "N_inlier": 20, "refit": true}
{"timestamp": "15:45:42.024576", "frame": 50, "mu": [-2.3256327608981486, 3.060231114511281, 1.247872156635834], "Sigma": [[0.010673119440924963, 0.0058357532281531075, -0.0029086008499113174], [0.0058357532281531075, 0.0050069174300585014, -0.005467392271121357], [-0.0029086008499113174, -0.005467392271121356, 0.01440929721949989]], "chi2_level": 0.95, "chi2_df": 3, "chi2_threshold": 7.814727903251179, "N_raw": 38, "N_roi": 30, "N_inlier": 27, "refit": true}
{"timestamp": "15:45:42.297012", "frame": 55, "mu": [-2.11430231658287, 3.131140787922866, 1.0799421284242485], "Sigma": [[0.01072786098645544, 0.003883047336146088, -0.007987479177525876], [0.003883047336146089, 0.002428434871841939, -0.004775406907449787], [-0.007987479177525876, -0.004775406907449787, 0.011879101793947354]], "chi2_level": 0.95, "chi2_df": 3, "chi2_threshold": 7.814727903251179, "N_raw": 21, "N_roi": 21, "N_inlier": 20, "refit": true}
{"timestamp": "15:45:42.356542", "frame": 56, "mu": [-2.1187257041501923, 3.1029941080630885, 1.0925864269457448], "Sigma": [[0.01939389296803705, 0.009160408917029364, -0.014541558023317122], [0.009160408917029364, 0.006951481319417564, -0.012434565551911001], [-0.014541558023317122, -0.012434565551911001, 0.02624533942324445]], "chi2_level": 0.95, "chi2_df": 3, "chi2_threshold": 7.814727903251179, "N_raw": 49, "N_roi": 49, "N_inlier": 47, "refit": true}
{"timestamp": "15:45:42.406112", "frame": 57, "mu": [-1.9686894728559352, 3.1590687998184865, 1.0961215246301357], "Sigma": [[0.007747327779138379, 0.0033781496225914554, -0.007221614319841473], [0.0033781496225914554, 0.0023094548444654696, -0.0059184048702375334], [-0.007221614319841474, -0.0059184048702375334, 0.02513655347734354]], "chi2_level": 0.95, "chi2_df": 3, "chi2_threshold": 7.814727903251179, "N_raw": 20, "N_roi": 20, "N_inlier": 20, "refit": true}
{"timestamp": "15:45:42.462815", "frame": 58, "mu": [-1.968020423365666, 3.1342231080663234, 1.0604532052038447], "Sigma": [[0.015599011547907948, 0.0022694971311290214, -0.01879665785849252], [0.0022694971311290214, 0.0013045524672310792, -0.004146152530676365], [-0.01879665785849252, -0.004146152530676365, 0.027437697612983054]], "chi2_level": 0.95, "chi2_df": 3, "chi2_threshold": 7.814727903251179, "N_raw": 28, "N_roi": 26, "N_inlier": 25, "refit": true}
{"timestamp": "15:45:42.519271", "frame": 59, "mu": [-2.0290089058085243, 3.076349419794787, 1.1357210729604876], "Sigma": [[0.018926160367750296, 0.007963619487173914, -0.0078594550908869], [0.007963619487173914, 0.00500961540731362, -0.0062213276651170765], [-0.0078594550908869, -0.0062213276651170765, 0.010993288746062455]], "chi2_level": 0.95, "chi2_df": 3, "chi2_threshold": 7.814727903251179, "N_raw": 41, "N_roi": 40, "N_inlier": 37, "refit": true}
{"timestamp": "15:45:42.571089", "frame": 60, "mu": [-2.0158384202343047, 3.0976874472403093, 1.062842193533791], "Sigma": [[0.012726905361881443, 0.006779468418102923, -0.010601872138029458], [0.006779468418102923, 0.007158093667615319, -0.008728542657883821], [-0.010601872138029458, -0.008728542657883821, 0.012329928902628594]], "chi2_level": 0.95, "chi2_df": 3, "chi2_threshold": 7.814727903251179, "N_raw": 16, "N_roi": 14, "N_inlier": 12, "refit": true}
{"timestamp": "15:45:42.627739", "frame": 61, "mu": [-1.9500061338556638, 3.110906925103009, 1.1682248431377298], "Sigma": [[0.014896330718838646, 0.005614414778980636, -0.011883409321658123], [0.005614414778980637, 0.0035660116191848427, -0.00748630406122777], [-0.011883409321658123, -0.007486304061227772, 0.019528857623112884]], "chi2_level": 0.95, "chi2_df": 3, "chi2_threshold": 7.814727903251179, "N_raw": 32, "N_roi": 29, "N_inlier": 26, "refit": true}
{"timestamp": "15:45:42.735948", "frame": 63, "mu": [-1.8413837878627244, 3.110292899371805, 0.9094218070570548], "Sigma": [[0.0027086934817568444, 0.0017244904593941791, -0.004101351324027008], [0.0017244904593941791, 0.003464158294624082, -0.005469410687091564], [-0.004101351324027008, -0.005469410687091564, 0.012001336398588172]], "chi2_level": 0.95, "chi2_df": 3, "chi2_threshold": 7.814727903251179, "N_raw": 15, "N_roi": 12, "N_inlier": 11, "refit": true}
{"timestamp": "15:45:42.900852", "frame": 66, "mu": [-1.6232985371115416, 3.134225202884757, 0.9597661336609858], "Sigma": [[0.0061943751163506, -0.0007564848287153936, -0.008051956222494968], [-0.0007564848287153936, 0.0007840683826818754, -0.000572686013194917], [-0.008051956222494968, -0.0005726860131949173, 0.01903765850510445]], "chi2_level": 0.95, "chi2_df": 3, "chi2_threshold": 7.814727903251179, "N_raw": 17, "N_roi": 13, "N_inlier": 12, "refit": true}
{"timestamp": "15:45:42.963384", "frame": 67, "mu": [-1.6315050648734493, 3.0984708814452113, 0.9591697197349758], "Sigma": [[0.021811377861306852, 0.00029071931434506077, -0.024579721236272833], [0.0002907193143450609, 0.007648882389417342, -0.0025755600998659907], [-0.024579721236272833, -0.0025755600998659907, 0.029939550395663324]], "chi2_level": 0.95, "chi2_df": 3, "chi2_threshold": 7.814727903251179, "N_raw": 68, "N_roi": 67, "N_inlier": 65, "refit": true}
{"timestamp": "15:45:43.016869", "frame": 68, "mu": [-1.6252535818681095, 3.04909377711399, 0.9307117222942707], "Sigma": [[0.019054509487800166, 0.0022932592962934236, -0.012671377107167064], [0.0022932592962934236, 0.004602621374229754, -0.005576753843936849], [-0.012671377107167064, -0.0055767538439368495, 0.013656752536824178]], "chi2_level": 0.95, "chi2_df": 3, "chi2_threshold": 7.814727903251179, "N_raw": 56, "N_roi": 56, "N_inlier": 55, "refit": true}
{"timestamp": "15:45:43.073246", "frame": 69, "mu": [-1.5511527414134476, 3.0983043909519266, 0.9987499244552998], "Sigma": [[0.01908876383328425, 0.004714674850684773, -0.009378890494483122], [0.004714674850684773, 0.006051394915914946, -0.007841426730710255], [-0.009378890494483122, -0.007841426730710255, 0.012191929789566753]], "chi2_level": 0.95, "chi2_df": 3, "chi2_threshold": 7.814727903251179, "N_raw": 67, "N_roi": 64, "N_inlier": 64, "refit": true}
{"timestamp": "15:45:43.124244", "frame": 70, "mu": [-1.5120868663272264, 3.100163279861377, 1.131182500111394], "Sigma": [[0.012277386339950075, 0.0005302092577972603, -0.018031014479385203], [0.0005302092577972604, 0.0038117067635630424, -0.0029267101795732884], [-0.018031014479385203, -0.002926710179573289, 0.029528068518523957]], "chi2_level": 0.95, "chi2_df": 3, "chi2_threshold": 7.814727903251179, "N_raw": 39, "N_roi": 38, "N_inlier": 37, "refit": true}
{"timestamp": "15:45:43.177819", "frame": 71, "mu": [-1.453494859991043, 3.0845754690856104, 0.8849880889827375], "Sigma": [[0.006603384966694033, 0.0020948241613566905, -0.006561176493591463], [0.0020948241613566905, 0.006324922194637451, -0.0023060343910752882], [-0.006561176493591463, -0.0023060343910752882, 0.007155404613944759]], "chi2_level": 0.95, "chi2_df": 3, "chi2_threshold": 7.814727903251179, "N_raw": 33, "N_roi": 33, "N_inlier": 31, "refit": true}
{"timestamp": "15:45:43.231022", "frame": 72, "mu": [-1.5298888842389498, 3.0781794830483955, 0.963928873988481], "Sigma": [[0.0033047435345522165, -0.0001829179928199693, -0.003194619451658358], [-0.00018291799281996925, 0.0032847986534989895, 0.0009161131185884339], [-0.003194619451658358, 0.0009161131185884339, 0.004257514614631021]], "chi2_level": 0.95, "chi2_df": 3, "chi2_threshold": 7.814727903251179, "N_raw": 13, "N_roi": 11, "N_inlier": 10, "refit": true}
{"timestamp": "15:45:43.341849", "frame": 74, "mu": [-1.4194710182162218, 3.1669083724420624, 1.1655674931942834], "Sigma": [[0.008018398843040864, 0.0009423660727702556, -0.007318280636165077], [0.0009423660727702554, 0.0009449364851298597, -0.002396783597736427], [-0.007318280636165078, -0.0023967835977364267, 0.014220051490210767]], "chi2_level": 0.95, "chi2_df": 3, "chi2_threshold": 7.814727903251179, "N_raw": 26, "N_roi": 22, "N_inlier": 20, "refit": true}
{"timestamp": "15:45:43.398554", "frame": 75, "mu": [-1.3808074244605064, 3.061283572052382, 0.9559900233774264], "Sigma": [[0.007631024118940955, 0.0019889667070803673, -0.00424447854222174], [0.0019889667070803673, 0.0018720645204466787, -0.0028512533337469786], [-0.004244478542221739, -0.0028512533337469786, 0.0063585670166601]], "chi2_level": 0.95, "chi2_df": 3, "chi2_threshold": 7.814727903251179, "N_raw": 27, "N_roi": 27, "N_inlier": 23, "refit": true}
{"timestamp": "15:45:43.453905", "frame": 76, "mu": [-1.3464580898824796, 3.1501725721104985, 1.117592624318162], "Sigma": [[0.013914834889075663, 0.00368831914947301, -0.00708656176159355], [0.00368831914947301, 0.0034913849440533712, -0.004344757222066939], [-0.007086561761593549, -0.00434475722206694, 0.007662937463968781]], "chi2_level": 0.95, "chi2_df": 3, "chi2_threshold": 7.814727903251179, "N_raw": 40, "N_roi": 40, "N_inlier": 36, "refit": true}
{"timestamp": "15:45:43.565957", "frame": 78, "mu": [-1.2731525325428605, 3.115977459203242, 1.061763390258499], "Sigma": [[0.019642738065698072, 0.004413158191349435, -0.00576802992345244], [0.004413158191349435, 0.004016913705293008, -0.0049755526759213235], [-0.00576802992345244, -0.0049755526759213235, 0.007799186325154009]], "chi2_level": 0.95, "chi2_df": 3, "chi2_threshold": 7.814727903251179, "N_raw": 55, "N_roi": 55, "N_inlier": 52, "refit": true}
{"timestamp": "15:45:43.616210", "frame": 79, "mu": [-1.208371105951507, 3.2424478095277505, 0.09094611346705665], "Sigma": [[0.008849341595772671, 0.0014955554968352918, -0.0022169874569248817], [0.0014955554968352918, 0.002413493339907454, 0.0014512146981365518], [-0.0022169874569248817, 0.0014512146981365518, 0.0034767786762888828]], "chi2_level": 0.95, "chi2_df": 3, "chi2_threshold": 7.814727903251179, "N_raw": 18, "N_roi": 18, "N_inlier": 17, "refit": true}
{"timestamp": "15:45:43.673593", "frame": 80, "mu": [-1.154113484743073, 3.12798580402858, 1.0958826204863965], "Sigma": [[0.011664029317791246, 0.0025745170322588537, -0.004054897620531522], [0.0025745170322588537, 0.001693126939305924, -0.002950240427393009], [-0.004054897620531522, -0.0029502404273930084, 0.007268901015456305]], "chi2_level": 0.95, "chi2_df": 3, "chi2_threshold": 7.814727903251179, "N_raw": 34, "N_roi": 29, "N_inlier": 28, "refit": true}
{"timestamp": "15:45:43.728729", "frame": 81, "mu": [-1.1407800205223544, 3.2749233829530686, -0.2612935220392024], "Sigma": [[0.01148990507093151, 0.004016286697013533, -0.005815653102111865], [0.004016286697013533, 0.004711250373399935, -0.0036092456167361032], [-0.005815653102111865, -0.0036092456167361037, 0.004977935417658521]], "chi2_level": 0.95, "chi2_df": 3, "chi2_threshold": 7.814727903251179, "N_raw": 36, "N_roi": 35, "N_inlier": 33, "refit": true}
{"timestamp": "15:45:43.783017", "frame": 82, "mu": [-1.130121580866961, 3.2111133704200343, 0.9302285596357079], "Sigma": [[0.01277379513222105, 0.0022937140306867974, -0.0064293522877915486], [0.0022937140306867974, 0.003431319325350632, 0.0005410265351349847], [-0.0064293522877915486, 0.0005410265351349846, 0.004762431679445166]], "chi2_level": 0.95, "chi2_df": 3, "chi2_threshold": 7.814727903251179, "N_raw": 29, "N_roi": 27, "N_inlier": 25, "refit": true}
{"timestamp": "15:45:43.839153", "frame": 83, "mu": [-1.0440566317936029, 3.223486785466477, 1.2395604168277479], "Sigma": [[0.013722376327554015, 0.0021571286108997495, -0.007768894737583251], [0.0021571286108997495, 0.0020389569448179983, -0.0033842022118364813], [-0.007768894737583251, -0.0033842022118364813, 0.008395764778076367]], "chi2_level": 0.95, "chi2_df": 3, "chi2_threshold": 7.814727903251179, "N_raw": 39, "N_roi": 38, "N_inlier": 36, "refit": true}
{"timestamp": "15:45:43.893667", "frame": 84, "mu": [-1.063823365366269, 3.159333245975503, 0.8631587434688321], "Sigma": [[0.012919885838234918, 0.007841976817252037, 0.053234616697549274], [0.007841976817252037, 0.007094427079181871, 0.04354831800174645], [0.053234616697549274, 0.04354831800174645, 0.3763749539327281]], "chi2_level": 0.95, "chi2_df": 3, "chi2_threshold": 7.814727903251179, "N_raw": 31, "N_roi": 28, "N_inlier": 27, "refit": true}
{"timestamp": "15:45:43.946261", "frame": 85, "mu": [-1.020258013093935, 3.16115166000542, 0.9051485894800901], "Sigma": [[0.009210231841851206, 0.0023391091121026963, 0.031199374249366568], [0.0023391091121026963, 0.0010790313829764973, 0.009360761424754678], [0.031199374249366568, 0.009360761424754678, 0.34470019344088054]], "chi2_level": 0.95, "chi2_df": 3, "chi2_threshold": 7.814727903251179, "N_raw": 16, "N_roi": 16, "N_inlier": 15, "refit": true}
{"timestamp": "15:45:44.115845", "frame": 88, "mu": [-0.8525538546939124, 3.249845964953246, 1.0131755134687384], "Sigma": [[0.014995033272398671, 0.00018930595258852482, -0.007361066551732846], [0.00018930595258852506, 0.004080827943841725, -0.0016067437756017787], [-0.007361066551732846, -0.0016067437756017787, 0.00506129515155833]], "chi2_level": 0.95, "chi2_df": 3, "chi2_threshold": 7.814727903251179, "N_raw": 52, "N_roi": 51, "N_inlier": 48, "refit": true}
{"timestamp": "15:45:44.169152", "frame": 89, "mu": [-0.8873498947025883, 3.204127167544619, 1.2081723295321396], "Sigma": [[0.012372160510076571, 0.0017392478258937256, -0.006843856147271537], [0.0017392478258937256, 0.0029069476657509613, -0.0028811719037178064], [-0.006843856147271537, -0.0028811719037178064, 0.007464566071041034]], "chi2_level": 0.95, "chi2_df": 3, "chi2_threshold": 7.814727903251179, "N_raw": 39, "N_roi": 39, "N_inlier": 38, "refit": true}
{"timestamp": "15:45:44.227980", "frame": 90, "mu": [-0.7723970067094518, 3.3624847323222617, 0.006777976809507267], "Sigma": [[0.013765300582245926, 0.003054498951062262, -0.0065747850054314405], [0.003054498951062262, 0.0056345729911674025, -0.005845023083108679], [-0.0065747850054314405, -0.005845023083108678, 0.008300420316891812]], "chi2_level": 0.95, "chi2_df": 3, "chi2_threshold": 7.814727903251179, "N_raw": 54, "N_roi": 52, "N_inlier": 48, "refit": true}
{"timestamp": "15:45:44.280096", "frame": 91, "mu": [-0.7420798765599477, 3.247675369317028, 1.126312819456862], "Sigma": [[0.011490049434860634, 0.00032781990952664543, -0.008541399678311086], [0.0003278199095266456, 0.000762793221582758, -0.0015781763584966678], [-0.008541399678311086, -0.0015781763584966678, 0.010756959192272946]], "chi2_level": 0.95, "chi2_df": 3, "chi2_threshold": 7.814727903251179, "N_raw": 33, "N_roi": 29, "N_inlier": 25, "refit": true}
{"timestamp": "15:45:44.336039", "frame": 92, "mu": [-0.6998376940990853, 3.3388059536790635, 0.05748722126973272], "Sigma": [[0.02127365267412029, 0.005171365187484188, -0.006405969992680147], [0.005171365187484187, 0.004585095281514139, -0.0027278411191876406], [-0.006405969992680147, -0.0027278411191876406, 0.00315267934285569]], "chi2_level": 0.95, "chi2_df": 3, "chi2_threshold": 7.814727903251179, "N_raw": 49, "N_roi": 49, "N_inlier": 46, "refit": true}
{"timestamp": "15:45:44.390568", "frame": 93, "mu": [-0.6590976398381514, 3.2878250727386473, -0.4948372484338739], "Sigma": [[0.019188162314326768, 0.008760221601157029, 0.04313437130190133], [0.008760221601157029, 0.007854580466003304, 0.025826147602003663], [0.04313437130190133, 0.025826147602003663, 0.1542976370366347]], "chi2_level": 0.95, "chi2_df": 3, "chi2_threshold": 7.814727903251179, "N_raw": 45, "N_roi": 45, "N_inlier": 43, "refit": true}
{"timestamp": "15:45:44.497747", "frame": 95, "mu": [-0.6080224234340704, 3.154497533238956, 0.9248027283303746], "Sigma": [[0.011170051795301558, 0.00045259402408177375, -0.00116318629212516], [0.0004525940240817738, 0.0008290410650893099, -0.0014670772869713909], [-0.0011631862921251605, -0.0014670772869713909, 0.005166159833609653]], "chi2_level": 0.95, "chi2_df": 3, "chi2_threshold": 7.814727903251179, "N_raw": 29, "N_roi": 29, "N_inlier": 26, "refit": true}
{"timestamp": "15:45:44.554201", "frame": 96, "mu": [-0.5286057396640058, 3.1646008201705973, 1.020166985361008], "Sigma": [[0.0085110342529924, -0.0003382477253744581, -0.0029110276779171313], [-0.0003382477253744581, 0.0007457085828543064, -0.00038569321556133505], [-0.0029110276779171313, -0.0003856932155613351, 0.004866259552741051]], "chi2_level": 0.95, "chi2_df": 3, "chi2_threshold": 7.814727903251179, "N_raw": 33, "N_roi": 15, "N_inlier": 12, "refit": true}
{"timestamp": "15:45:44.612345", "frame": 97, "mu": [-0.49470591056771657, 3.2493311801513247, 1.4132345379866162], "Sigma": [[0.009350027383300923, 0.003190290230157752, 0.0030737549856949533], [0.003190290230157752, 0.005288912882940868, 0.004173993636830752], [0.0030737549856949533, 0.004173993636830753, 0.005238467743280188]], "chi2_level": 0.95, "chi2_df": 3, "chi2_threshold": 7.814727903251179, "N_raw": 51, "N_roi": 29, "N_inlier": 27, "refit": true}
{"timestamp": "15:45:44.670668", "frame": 98, "mu": [-0.4527857103510941, 3.2147769671906032, 1.2103151767187437], "Sigma": [[0.014737706118646386, 0.0011518514254244957, -0.0034280545583209067], [0.001151851425424496, 0.0024814825122659494, -0.0020051257135970074], [-0.0034280545583209067, -0.0020051257135970074, 0.003332469674941345]], "chi2_level": 0.95, "chi2_df": 3, "chi2_threshold": 7.814727903251179, "N_raw": 41, "N_roi": 37, "N_inlier": 35, "refit": true}
{"timestamp": "15:45:45.103794", "frame": 106, "mu": [-0.18950556295572582, 3.27393529699341, 1.3325814491288084], "Sigma": [[0.015321829993854553, 0.00020251361047951837, -0.004855177186543014], [0.00020251361047951848, 0.0024392342749260266, -0.002041021956856293], [-0.004855177186543014, -0.002041021956856293, 0.004312696397257633]], "chi2_level": 0.95, "chi2_df": 3, "chi2_threshold": 7.814727903251179, "N_raw": 41, "N_roi": 41, "N_inlier": 41, "refit": true}
{"timestamp": "15:45:45.217156", "frame": 108, "mu": [-0.17476294381409485, 3.256862683861007, 0.8367002855199077], "Sigma": [[0.013935791351685463, 0.0016302493772066883, 0.023278386313165263], [0.0016302493772066883, 0.004511215757006115, 0.03244992410290817], [0.023278386313165263, 0.03244992410290817, 0.632493383567379]], "chi2_level": 0.95, "chi2_df": 3, "chi2_threshold": 7.814727903251179, "N_raw": 57, "N_roi": 57, "N_inlier": 56, "refit": true}
{"timestamp": "15:45:45.269147", "frame": 109, "mu": [-0.05408513567962073, 3.2990397820842436, 1.2061839094675262], "Sigma": [[0.01166529921447025, -0.0006222042990886847, -0.0005740633322392366], [-0.0006222042990886846, 0.0022352221662384703, -0.0028720631567384237], [-0.0005740633322392364, -0.0028720631567384237, 0.005544356728549628]], "chi2_level": 0.95, "chi2_df": 3, "chi2_threshold": 7.814727903251179, "N_raw": 40, "N_roi": 40, "N_inlier": 38, "refit": true}
{"timestamp": "15:45:45.326196", "frame": 110, "mu": [-0.06838540907503798, 3.3428284575754548, 1.2382452163668698], "Sigma": [[0.01610151768156173, -0.0022573799782693773, -0.011127101952489017], [-0.0022573799782693764, 0.0027347354262371587, -0.0031366880961202805], [-0.011127101952489019, -0.0031366880961202805, 0.019497980056603696]], "chi2_level": 0.95, "chi2_df": 3, "chi2_threshold": 7.814727903251179, "N_raw": 54, "N_roi": 52, "N_inlier": 51, "refit": true}
{"timestamp": "15:45:45.380690", "frame": 111, "mu": [-0.016336868255700573, 3.325040077136292, 1.3471239846998746], "Sigma": [[0.011062448153210282, -0.0002802079991964542, -0.008144472380185026], [-0.0002802079991964541, 0.0011508650859202855, -0.003874275361206018], [-0.008144472380185026, -0.003874275361206018, 0.04045630960871736]], "chi2_level": 0.95, "chi2_df": 3, "chi2_threshold": 7.814727903251179, "N_raw": 42, "N_roi": 42, "N_inlier": 39, "refit": true}
{"timestamp": "15:45:45.435856", "frame": 112, "mu": [0.029947556452775283, 3.3130154726450134, 1.5038418715011914], "Sigma": [[0.011696538317367576, -0.0007183074964568104, -0.007156134316543005], [-0.0007183074964568102, 0.0038924913814784474, 0.002791516468446371], [-0.007156134316543005, 0.002791516468446371, 0.00783125966087077]], "chi2_level": 0.95, "chi2_df": 3, "chi2_threshold": 7.814727903251179, "N_raw": 43, "N_roi": 41, "N_inlier": 36, "refit": true}
{"timestamp": "15:45:45.543681", "frame": 114, "mu": [0.13269933561639266, 3.3345537259611757, 1.2678088008773718], "Sigma": [[0.013903294027954082, -0.001773926077179772, -0.0071054784344426695], [-0.001773926077179772, 0.0009100813315573896, -0.002165458004178825], [-0.0071054784344426695, -0.002165458004178825, 0.020407406709340912]], "chi2_level": 0.95, "chi2_df": 3, "chi2_threshold": 7.814727903251179, "N_raw": 39, "N_roi": 38, "N_inlier": 35, "refit": true}
{"timestamp": "15:45:45.651115", "frame": 116, "mu": [0.12634479494624828, 3.2806899428033303, 0.07360325729883499], "Sigma": [[0.006414704271911137, -0.0014435820304768785, -0.002829397078827516], [-0.0014435820304768785, 0.0031722087019593124, 0.02235915790303856], [-0.0028293970788275153, 0.02235915790303856, 0.2436565520491358]], "chi2_level": 0.95, "chi2_df": 3, "chi2_threshold": 7.814727903251179, "N_raw": 23, "N_roi": 23, "N_inlier": 21, "refit": true}
{"timestamp": "15:45:46.201866", "frame": 126, "mu": [0.5910847543709581, 3.270321820262916, 1.0429408461612566], "Sigma": [[0.009923318930281717, -0.002222112084905756, 0.0032229173941885477], [-0.002222112084905756, 0.0011846500400196985, -0.002537468185880934], [0.0032229173941885473, -0.0025374681858809345, 0.03278926374636509]], "chi2_level": 0.95, "chi2_df": 3, "chi2_threshold": 7.814727903251179, "N_raw": 22, "N_roi": 20, "N_inlier": 18, "refit": true}
{"timestamp": "15:45:46.369678", "frame": 129, "mu": [0.6685927011708471, 3.3392911541898345, 0.9496529550117533], "Sigma": [[0.010974141701117076, -0.0033064599842343345, 0.006128093675918663], [-0.003306459984234334, 0.004306065282214361, -0.02683836313461527], [0.006128093675918663, -0.026838363134615274, 0.2287875233543301]], "chi2_level": 0.95, "chi2_df": 3, "chi2_threshold": 7.814727903251179, "N_raw": 46, "N_roi": 46, "N_inlier": 45, "refit": true}
{"timestamp": "15:45:46.531694", "frame": 132, "mu": [0.7319800394472931, 3.3277796261643626, 1.499865107821685], "Sigma": [[0.008739070310502365, -0.0022683504274858195, -0.004889676555784586], [-0.0022683504274858195, 0.002438996151243969, 0.0015012060352148798], [-0.004889676555784587, 0.0015012060352148798, 0.004561164087950042]], "chi2_level": 0.95, "chi2_df": 3, "chi2_threshold": 7.814727903251179, "N_raw": 23, "N_roi": 23, "N_inlier": 22, "refit": true}
{"timestamp": "15:45:46.643456", "frame": 134, "mu": [0.7834974660554349, 3.286618983713801, 1.201302541991575], "Sigma": [[0.008964057016036786, -0.000907986422234321, 0.001266347972943819], [-0.0009079864222343208, 0.0014240019813644355, -0.002907511009306907], [0.0012663479729438187, -0.0029075110093069075, 0.06611932971986073]], "chi2_level": 0.95, "chi2_df": 3, "chi2_threshold": 7.814727903251179, "N_raw": 35, "N_roi": 35, "N_inlier": 31, "refit": true}
{"timestamp": "15:45:46.750025", "frame": 136, "mu": [0.8776728616115972, 3.2611853527240973, 0.9396937432723379], "Sigma": [[0.006444643629662507, -0.0016114183158314722, 0.00038424046914567873], [-0.0016114183158314722, 0.0012407002555330081, -0.00012787039300590807], [0.0003842404691456788, -0.0001278703930059081, 6.786973712013182e-05]], "chi2_level": 0.95, "chi2_df": 3, "chi2_threshold": 7.814727903251179, "N_raw": 13, "N_roi": 12, "N_inlier": 11, "refit": true}
{"timestamp": "15:45:46.864068", "frame": 138, "mu": [0.8874641880806302, 3.4072967778481864, 0.1784911136194707], "Sigma": [[0.012361108830163151, -0.0025993622187625524, 0.018500098204007893], [-0.0025993622187625524, 0.004495517158924998, -0.004749379321746144], [0.018500098204007893, -0.004749379321746143, 0.09426883475150696]], "chi2_level": 0.95, "chi2_df": 3, "chi2_threshold": 7.814727903251179, "N_raw": 38, "N_roi": 36, "N_inlier": 36, "refit": true}
{"timestamp": "15:45:46.914451", "frame": 139, "mu": [0.9623697928347, 3.294198412608407, 0.7576403084161561], "Sigma": [[0.00918507820373401, 0.0026160829583980736, -0.03309976145312661], [0.002616082958398074, 0.004053830703157463, -0.0033867268257467436], [-0.03309976145312661, -0.003386726825746742, 0.5519709459304419]], "chi2_level": 0.95, "chi2_df": 3, "chi2_threshold": 7.814727903251179, "N_raw": 10, "N_roi": 10, "N_inlier": 10, "refit": true}
{"timestamp": "15:45:47.026499", "frame": 141, "mu": [0.961794402903806, 3.236257464412362, 0.32765466201644916], "Sigma": [[0.005102626655064381, 0.00019987458761205705, 0.0043890561274770225], [0.00019987458761205684, 0.0016931766789721524, 0.009012097060187069], [0.0043890561274770225, 0.009012097060187069, 0.1307056460352487]], "chi2_level": 0.95, "chi2_df": 3, "chi2_threshold": 7.814727903251179, "N_raw": 21, "N_roi": 21, "N_inlier": 18, "refit": true}
{"timestamp": "15:45:47.083161", "frame": 142, "mu": [1.1045805800901125, 3.324789637051792, 1.2638091317291316], "Sigma": [[0.011406302700821741, -0.004145012426468746, -0.0009088982707444002], [-0.004145012426468747, 0.0028933787034547843, -0.0007624368160565409], [-0.0009088982707444011, -0.000762436816056541, 0.03802833626511536]], "chi2_level": 0.95, "chi2_df": 3, "chi2_threshold": 7.814727903251179, "N_raw": 27, "N_roi": 27, "N_inlier": 23, "refit": true}
{"timestamp": "15:45:47.138804", "frame": 143, "mu": [1.1642304408023632, 3.325882108088707, 1.168369595560289], "Sigma": [[0.014462181086730615, -0.0055359560743977335, -0.002235558106700567], [-0.0055359560743977335, 0.003335902319767369, -0.002694693684946234], [-0.002235558106700567, -0.002694693684946234, 0.01825070558790992]], "chi2_level": 0.95, "chi2_df": 3, "chi2_threshold": 7.814727903251179, "N_raw": 38, "N_roi": 37, "N_inlier": 36, "refit": true}
{"timestamp": "15:45:47.246618", "frame": 145, "mu": [1.231930628965664, 3.3716552946566045, 1.3707221699799716], "Sigma": [[0.0074279489168373, -0.0014594205012832208, 0.009311580117799766], [-0.0014594205012832208, 0.002194780892194761, 0.0030345684431054417], [0.009311580117799766, 0.003034568443105442, 0.12005028879369571]], "chi2_level": 0.95, "chi2_df": 3, "chi2_threshold": 7.814727903251179, "N_raw": 24, "N_roi": 24, "N_inlier": 22, "refit": true}
{"timestamp": "15:45:47.301062", "frame": 146, "mu": [1.3080664766359498, 3.3330703025383457, 0.8574341276005643], "Sigma": [[0.00471299821346634, -0.001338067872677019, -0.007750260296363795], [-0.001338067872677019, 0.0009935229359091528, 0.0004931974066102388], [-0.007750260296363793, 0.0004931974066102389, 0.22570283466752034]], "chi2_level": 0.95, "chi2_df": 3, "chi2_threshold": 7.814727903251179, "N_raw": 17, "N_roi": 17, "N_inlier": 17, "refit": true}
{"timestamp": "15:45:47.470624", "frame": 149, "mu": [1.3857436347851881, 3.3704316684817988, 1.43375545693553], "Sigma": [[0.01934220957002679, -0.005035086281695987, -0.006658788997673134], [-0.005035086281695987, 0.00608371395623519, 0.0009348128365735666], [-0.006658788997673134, 0.0009348128365735666, 0.0035141704188869057]], "chi2_level": 0.95, "chi2_df": 3, "chi2_threshold": 7.814727903251179, "N_raw": 53, "N_roi": 53, "N_inlier": 50, "refit": true}
{"timestamp": "15:45:47.526154", "frame": 150, "mu": [1.3987069197347783, 3.3538806841324917, 1.3570118485050586], "Sigma": [[0.016842688961201023, -0.005831847680552669, -0.0069649584466345525], [-0.005831847680552669, 0.006484560608383499, -0.0007389249997397339], [-0.0069649584466345525, -0.0007389249997397339, 0.006848722044219166]], "chi2_level": 0.95, "chi2_df": 3, "chi2_threshold": 7.814727903251179, "N_raw": 52, "N_roi": 51, "N_inlier": 50, "refit": true}
{"timestamp": "15:45:47.581056", "frame": 151, "mu": [1.4541190669476922, 3.29918959820363, 1.1812989501840325], "Sigma": [[0.018689095221245837, -0.0066440720351852, -0.007576983432337101], [-0.006644072035185199, 0.0048551599936184995, -0.0013304847322994468], [-0.007576983432337101, -0.0013304847322994468, 0.011768724799728987]], "chi2_level": 0.95, "chi2_df": 3, "chi2_threshold": 7.814727903251179, "N_raw": 51, "N_roi": 50, "N_inlier": 48, "refit": true}
{"timestamp": "15:45:47.633939", "frame": 152, "mu": [1.4755569488790825, 3.337529289508451, 1.2869776497243073], "Sigma": [[0.020141080925178974, -0.00928437090880241, -0.009429940332474194], [-0.009284370908802412, 0.006763923611896723, 0.002445778959287211], [-0.009429940332474195, 0.002445778959287211, 0.0076960598268122045]], "chi2_level": 0.95, "chi2_df": 3, "chi2_threshold": 7.814727903251179, "N_raw": 41, "N_roi": 41, "N_inlier": 40, "refit": true}
{"timestamp": "15:45:47.745833", "frame": 154, "mu": [1.4920580536503232, 3.340461667010572, 0.7807813972454027], "Sigma": [[0.013024704804202652, -0.006858718850898147, 0.0022583333600840164], [-0.006858718850898147, 0.004746623327135486, -0.009774136366552003], [0.002258333360084016, -0.009774136366552003, 0.1310829958704524]], "chi2_level": 0.95, "chi2_df": 3, "chi2_threshold": 7.814727903251179, "N_raw": 49, "N_roi": 45, "N_inlier": 43, "refit": true}
{"timestamp": "15:45:47.855862", "frame": 156, "mu": [1.5763247286825284, 3.3829139422010597, 1.519015657525816], "Sigma": [[0.019183976090644882, -0.008884739370496934, -0.007021193292890141], [-0.008884739370496934, 0.009771228092336265, 0.0018941488391885867], [-0.007021193292890141, 0.0018941488391885867, 0.006171108615775591]], "chi2_level": 0.95, "chi2_df": 3, "chi2_threshold": 7.814727903251179, "N_raw": 53, "N_roi": 53, "N_inlier": 50, "refit": true}
{"timestamp": "15:45:47.906866", "frame": 157, "mu": [1.5129580655473394, 3.340048242887939, 0.432856607544202], "Sigma": [[0.006981680904402072, -0.003434546063902982, 0.012174770616969104], [-0.003434546063902982, 0.00425490432427685, -0.025748452540831322], [0.012174770616969106, -0.025748452540831322, 0.21458111049618353]], "chi2_level": 0.95, "chi2_df": 3, "chi2_threshold": 7.814727903251179, "N_raw": 15, "N_roi": 14, "N_inlier": 13, "refit": true}
{"timestamp": "15:45:47.965554", "frame": 158, "mu": [1.6533880202546716, 3.345097825831541, 1.440890289593634], "Sigma": [[0.019627872384533666, -0.008610134033377417, -0.011027999296733933], [-0.008610134033377416, 0.008417639993047522, 0.0028327193788737046], [-0.011027999296733933, 0.002832719378873705, 0.009313984755141258]], "chi2_level": 0.95, "chi2_df": 3, "chi2_threshold": 7.814727903251179, "N_raw": 49, "N_roi": 48, "N_inlier": 47, "refit": true}
{"timestamp": "15:45:48.018887", "frame": 159, "mu": [1.6413479927615153, 3.3378373483617914, 1.423310341800754], "Sigma": [[0.013619036193529707, -0.003908053902751445, -0.005118907029662964], [-0.003908053902751445, 0.00599743472470058, 0.0014769959926101378], [-0.005118907029662964, 0.0014769959926101378, 0.006159629922732384]], "chi2_level": 0.95, "chi2_df": 3, "chi2_threshold": 7.814727903251179, "N_raw": 40, "N_roi": 40, "N_inlier": 37, "refit": true}
{"timestamp": "15:45:48.073064", "frame": 160, "mu": [1.7072588439529843, 3.3449530659690754, 0.8848568355857843], "Sigma": [[0.007308760373044347, -0.0049989826933785255, 0.006623132830728959], [-0.0049989826933785255, 0.008207174421541171, -0.026473149417910024], [0.006623132830728958, -0.026473149417910024, 0.16368152678689363]], "chi2_level": 0.95, "chi2_df": 3, "chi2_threshold": 7.814727903251179, "N_raw": 29, "N_roi": 27, "N_inlier": 27, "refit": true}
{"timestamp": "15:45:48.129773", "frame": 161, "mu": [1.7307741956854508, 3.4042205512959436, 0.49829494301840416], "Sigma": [[0.018740789594357876, -0.005767333711597553, -0.008839217886089277], [-0.005767333711597553, 0.005907255344889222, 0.0014238733788030158], [-0.008839217886089277, 0.001423873378803016, 0.006440455120899442]], "chi2_level": 0.95, "chi2_df": 3, "chi2_threshold": 7.814727903251179, "N_raw": 40, "N_roi": 40, "N_inlier": 38, "refit": true}
{"timestamp": "15:45:48.183654", "frame": 162, "mu": [1.6986590754145054, 3.4041575541495686, 0.5406973955777449], "Sigma": [[0.010470965644347519, -0.0056048726761826866, 0.0028061057798189184], [-0.0056048726761826866, 0.0063730084863479535, -0.0015743008980562646], [0.0028061057798189184, -0.0015743008980562646, 0.004063282343854559]], "chi2_level": 0.95, "chi2_df": 3, "chi2_threshold": 7.814727903251179, "N_raw": 31, "N_roi": 29, "N_inlier": 27, "refit": true}
{"timestamp": "15:45:48.235475", "frame": 163, "mu": [1.799059960563595, 3.4168960620912445, 1.6159243089589985], "Sigma": [[0.009600965082989204, -0.0039601539549921315, -0.005372764199854357], [-0.0039601539549921315, 0.0034592837403687286, 0.001980189134228337], [-0.005372764199854357, 0.001980189134228337, 0.0046440886370207836]], "chi2_level": 0.95, "chi2_df": 3, "chi2_threshold": 7.814727903251179, "N_raw": 20, "N_roi": 19, "N_inlier": 18, "refit": true}
{"timestamp": "15:45:48.290901", "frame": 164, "mu": [1.7797028986702057, 3.3972996539914257, 1.3777408994287934], "Sigma": [[0.005270053539638927, -0.0014293211165237523, -0.006125329315067542], [-0.0014293211165237523, 0.002711053892496121, -0.0004772742969642404], [-0.00612532931506754, -0.00047727429696424017, 0.011812795158630752]], "chi2_level": 0.95, "chi2_df": 3, "chi2_threshold": 7.814727903251179, "N_raw": 16, "N_roi": 15, "N_inlier": 14, "refit": true}
{"timestamp": "15:45:48.400870", "frame": 166, "mu": [1.8860649935350537, 3.3317958701638286, 1.0334550886049767], "Sigma": [[0.01680154722984387, -0.009733953826019374, -0.0023439117355275635], [-0.009733953826019374, 0.007143433136690331, 0.0006168019426003293], [-0.0023439117355275635, 0.0006168019426003292, 0.002749062998252322]], "chi2_level": 0.95, "chi2_df": 3, "chi2_threshold": 7.814727903251179, "N_raw": 27, "N_roi": 27, "N_inlier": 25, "refit": true}
{"timestamp": "15:45:48.510695", "frame": 168, "mu": [1.898450577673912, 3.417959663729696, 1.2997276122305417], "Sigma": [[0.0063181871959470046, -0.001135319423769196, 0.00180904447696734], [-0.0011353194237691963, 0.00454868577045783, 0.006286601277865583], [0.00180904447696734, 0.006286601277865583, 0.012308727988711955]], "chi2_level": 0.95, "chi2_df": 3, "chi2_threshold": 7.814727903251179, "N_raw": 15, "N_roi": 11, "N_inlier": 10, "refit": true}
{"timestamp": "15:45:48.567869", "frame": 169, "mu": [1.8513729157225263, 3.5130711364497937, 1.7249180302758145], "Sigma": [[0.009971796219907248, -0.00716942962921102, -0.004891227835636891], [-0.00716942962921102, 0.008694870385178228, 0.004751862802567616], [-0.004891227835636891, 0.004751862802567616, 0.005480830478862203]], "chi2_level": 0.95, "chi2_df": 3, "chi2_threshold": 7.814727903251179, "N_raw": 27, "N_roi": 25, "N_inlier": 23, "refit": true}
{"timestamp": "15:45:48.623969", "frame": 170, "mu": [1.9167404339152307, 3.398814066360472, 0.8251944264065897], "Sigma": [[0.011071133497136688, -0.009104589386362404, -0.013233198193540099], [-0.009104589386362404, 0.015833499013626497, 0.057617247890480415], [-0.013233198193540097, 0.05761724789048041, 0.28006495459589137]], "chi2_level": 0.95, "chi2_df": 3, "chi2_threshold": 7.814727903251179, "N_raw": 34, "N_roi": 27, "N_inlier": 26, "refit": true}
{"timestamp": "15:45:49.063033", "frame": 178, "mu": [2.1470087046365873, 3.543449506980729, 0.27166343008083343], "Sigma": [[0.014074579684114843, -0.005275695634786157, -0.004570386747137176], [-0.005275695634786158, 0.00631993034857307, 0.0005212129768837932], [-0.004570386747137176, 0.0005212129768837933, 0.004703874808323654]], "chi2_level": 0.95, "chi2_df": 3, "chi2_threshold": 7.814727903251179, "N_raw": 31, "N_roi": 30, "N_inlier": 28, "refit": true}
