{"timestamp": "15:31:22.588376", "frame": 9, "mu": [2.305001602896098, 2.055876262824237, 0.6258792841042129], "Sigma": [[0.008726146491863146, -0.01016649172893485, -0.0022606278533656016], [-0.01016649172893485, 0.014989205936536671, 0.0020741939063946917], [-0.0022606278533656016, 0.0020741939063946917, 0.0019366382681076596]], "chi2_level": 0.95, "chi2_df": 3, "chi2_threshold": 7.814727903251179, "N_raw": 23, "N_roi": 22, "N_inlier": 21, "refit": true}
{"timestamp": "15:31:22.864665", "frame": 14, "mu": [1.9561193731602664, 1.9864735492583787, 1.5036398761224365], "Sigma": [[0.005609575861909189, -0.0026432415080980738, -0.003016024513345798], [-0.0026432415080980738, 0.0036122203686507624, 0.00046989754437530345], [-0.003016024513345798, 0.0004698975443753034, 0.002640605894708029]], "chi2_level": 0.95, "chi2_df": 3, "chi2_threshold": 7.814727903251179, "N_raw": 17, "N_roi": 17, "N_inlier": 16, "refit": true}
{"timestamp": "15:31:23.085172", "frame": 18, "mu": [1.6443940184356896, 2.004188753217111, 1.2466797715782634], "Sigma": [[0.008716552569882614, -0.006936370725682719, -0.026143828494136552], [-0.006936370725682719, 0.006770298726698439, 0.021627157420528724], [-0.026143828494136552, 0.021627157420528724, 0.11195678310162008]], "chi2_level": 0.95, "chi2_df": 3, "chi2_threshold": 7.814727903251179, "N_raw": 23, "N_roi": 23, "N_inlier": 22, "refit": true}
{"timestamp": "15:31:23.140879", "frame": 19, "mu": [1.4568540770911993, 2.069860681551422, 1.6130451123421503], "Sigma": [[0.005167370802946248, -0.002851524952899321, -0.000664843780729827], [-0.002851524952899321, 0.003772191005040176, -0.0003688895256396146], [-0.000664843780729827, -0.0003688895256396146, 0.0008578356877704026]], "chi2_level": 0.95, "chi2_df": 3, "chi2_threshold": 7.814727903251179, "N_raw": 23, "N_roi": 23, "N_inlier": 21, "refit": true}
{"timestamp": "15:31:23.195301", "frame": 20, "mu": [1.4732968237294901, 2.026959025062408, 1.4224729012226829], "Sigma": [[0.0054786304833039775, -0.00293535022265175, -0.005700073538552622], [-0.00293535022265175, 0.002792365112777481, 0.002069443353737625], [-0.005700073538552623, 0.002069443353737625, 0.01565242809118636]], "chi2_level": 0.95, "chi2_df": 3, "chi2_threshold": 7.814727903251179, "N_raw": 23, "N_roi": 23, "N_inlier": 19, "refit": true}
{"timestamp": "15:31:23.253243", "frame": 21, "mu": [1.5014988809672833, 1.8683631323845131, 0.8843221862852988], "Sigma": [[0.01217802566178427, -0.010467995513421965, -0.026973417013274548], [-0.010467995513421965, 0.011667036437878014, 0.021297811233615613], [-0.026973417013274548, 0.021297811233615613, 0.09434392232094052]], "chi2_level": 0.95, "chi2_df": 3, "chi2_threshold": 7.814727903251179, "N_raw": 41, "N_roi": 41, "N_inlier": 40, "refit": true}
{"timestamp": "15:31:23.306380", "frame": 22, "mu": [1.3112473656504247, 1.9704380918751623, 1.2778408900303906], "Sigma": [[0.007263201119597222, -0.004580944417559945, -0.010488658278281049], [-0.004580944417559945, 0.005048030538597035, 0.006217900016021148], [-0.010488658278281049, 0.006217900016021148, 0.02074350381581786]], "chi2_level": 0.95, "chi2_df": 3, "chi2_threshold": 7.814727903251179, "N_raw": 30, "N_roi": 29, "N_inlier": 27, "refit": true}
{"timestamp": "15:31:23.365842", "frame": 23, "mu": [1.3394591512092975, 1.7958726062199182, 0.888470403908989], "Sigma": [[0.011581275240865179, -0.012433156329572141, -0.02071032017400259], [-0.012433156329572141, 0.016833169440586826, 0.031073550319352918], [-0.020710320174002587, 0.03107355031935292, 0.08392898824985427]], "chi2_level": 0.95, "chi2_df": 3, "chi2_threshold": 7.814727903251179, "N_raw": 56, "N_roi": 56, "N_inlier": 55, "refit": true}
{"timestamp": "15:31:23.423407", "frame": 24, "mu": [1.2103752394877736, 2.066667762094526, -0.5147760221946707], "Sigma": [[0.00943785506907597, -0.004539031317750327, -0.008006748860375782], [-0.004539031317750327, 0.005090383800812881, -0.005415224242414297], [-0.00800674886037578, -0.005415224242414297, 0.04446046457738019]], "chi2_level": 0.95, "chi2_df": 3, "chi2_threshold": 7.814727903251179, "N_raw": 70, "N_roi": 68, "N_inlier": 64, "refit": true}
{"timestamp": "15:31:23.477890", "frame": 25, "mu": [1.0333803590077866, 1.926876021425129, 1.3460356241609417], "Sigma": [[0.008688665787486794, -0.006046171348437077, -0.013770829822384766], [-0.006046171348437077, 0.009083198738647756, 0.01923491360527406], [-0.013770829822384766, 0.01923491360527406, 0.0664198663759965]], "chi2_level": 0.95, "chi2_df": 3, "chi2_threshold": 7.814727903251179, "N_raw": 50, "N_roi": 50, "N_inlier": 49, "refit": true}
{"timestamp": "15:31:23.530973", "frame": 26, "mu": [0.9253024393890703, 2.0364737888198317, 0.015145557437525105], "Sigma": [[0.011636653332630429, -0.0011888668780556636, -0.010420629191742716], [-0.0011888668780556636, 0.004712785507697891, 0.0011292939119706602], [-0.010420629191742716, 0.0011292939119706604, 0.011528496065320911]], "chi2_level": 0.95, "chi2_df": 3, "chi2_threshold": 7.814727903251179, "N_raw": 61, "N_roi": 60, "N_inlier": 59, "refit": true}
{"timestamp": "15:31:23.586692", "frame": 27, "mu": [0.837786622433117, 1.9342546956997932, 1.3578549334153946], "Sigma": [[0.006466800504723342, -0.0022841731421357923, -0.0022889070918344265], [-0.0022841731421357923, 0.0022706804807261106, 0.0021008271520185397], [-0.0022889070918344265, 0.0021008271520185397, 0.05436395966003382]], "chi2_level": 0.95, "chi2_df": 3, "chi2_threshold": 7.814727903251179, "N_raw": 60, "N_roi": 58, "N_inlier": 55, "refit": true}
{"timestamp": "15:31:23.639518", "frame": 28, "mu": [0.7706941418740905, 1.9702111766878114, 1.4165766744506278], "Sigma": [[0.004340721674235211, -0.0016784312873091387, -0.00241426316187321], [-0.0016784312873091387, 0.004231195924198029, -0.0013045161005920828], [-0.0024142631618732095, -0.0013045161005920828, 0.012306090060696348]], "chi2_level": 0.95, "chi2_df": 3, "chi2_threshold": 7.814727903251179, "N_raw": 48, "N_roi": 45, "N_inlier": 40, "refit": true}
{"timestamp": "15:31:23.691847", "frame": 29, "mu": [0.6686486198814048, 1.913953584946856, 0.8605583419281421], "Sigma": [[0.006337040550463815, 0.0004954232260129933, 0.022185263737768128], [0.0004954232260129933, 0.0020646293592291656, -0.00018212949629317285], [0.022185263737768128, -0.00018212949629317328, 0.19002564240766082]], "chi2_level": 0.95, "chi2_df": 3, "chi2_threshold": 7.814727903251179, "N_raw": 27, "N_roi": 22, "N_inlier": 20, "refit": true}
{"timestamp": "15:31:23.750578", "frame": 30, "mu": [0.5798871186619757, 1.930817466905825, 1.3644055778145086], "Sigma": [[0.006306506174540555, -0.0018073075533984323, -0.0034357444638534367], [-0.0018073075533984327, 0.006929344254818648, 0.002720780843090847], [-0.0034357444638534367, 0.0027207808430908466, 0.005765414797967332]], "chi2_level": 0.95, "chi2_df": 3, "chi2_threshold": 7.814727903251179, "N_raw": 57, "N_roi": 57, "N_inlier": 51, "refit": true}
{"timestamp": "15:31:23.804798", "frame": 31, "mu": [0.4619854642841416, 1.9818283870208295, 1.4095557429368721], "Sigma": [[0.0052187555067983084, -0.0026214779668859013, -0.006982961388724299], [-0.0026214779668859013, 0.005118209522960387, 0.0024551259317201384], [-0.006982961388724298, 0.0024551259317201384, 0.012579981216408987]], "chi2_level": 0.95, "chi2_df": 3, "chi2_threshold": 7.814727903251179, "N_raw": 49, "N_roi": 49, "N_inlier": 43, "refit": true}
{"timestamp": "15:31:23.863637", "frame": 32, "mu": [0.3449790095586385, 2.089871531968078, -0.16923278065995492], "Sigma": [[0.006843367477700469, -0.0002163485506919883, -0.006759367076051265], [-0.00021634855069198824, 0.005199308653572643, -0.007568904548714473], [-0.006759367076051265, -0.007568904548714473, 0.030119129991892993]], "chi2_level": 0.95, "chi2_df": 3, "chi2_threshold": 7.814727903251179, "N_raw": 75, "N_roi": 70, "N_inlier": 66, "refit": true}
{"timestamp": "15:31:23.917983", "frame": 33, "mu": [0.23817680996553467, 1.990160169511371, 1.3377602913479285], "Sigma": [[0.0087213420281331, -0.004465261452040766, -0.022010669239049374], [-0.004465261452040766, 0.005167539891549782, 0.013152481475066936], [-0.022010669239049374, 0.013152481475066936, 0.08659012976503772]], "chi2_level": 0.95, "chi2_df": 3, "chi2_threshold": 7.814727903251179, "N_raw": 68, "N_roi": 62, "N_inlier": 58, "refit": true}
{"timestamp": "15:31:23.969736", "frame": 34, "mu": [0.1404035537554688, 2.013388138553552, 1.3489192282678322], "Sigma": [[0.0033451326694433677, -0.0019416381764737279, -0.006063909189402935], [-0.0019416381764737279, 0.0030155770532180916, 0.004900907907292763], [-0.006063909189402935, 0.004900907907292763, 0.046656500690149545]], "chi2_level": 0.95, "chi2_df": 3, "chi2_threshold": 7.814727903251179, "N_raw": 45, "N_roi": 43, "N_inlier": 39, "refit": true}
{"timestamp": "15:31:24.028885", "frame": 35, "mu": [0.037762813877025285, 2.0106859202902294, 1.3857769772139894], "Sigma": [[0.018862120168430023, -0.007130498813123156, -0.0489253160128629], [-0.007130498813123156, 0.008657443806547148, 0.017086815166990694], [-0.0489253160128629, 0.017086815166990697, 0.1573844961532124]], "chi2_level": 0.95, "chi2_df": 3, "chi2_threshold": 7.814727903251179, "N_raw": 75, "N_roi": 74, "N_inlier": 70, "refit": true}
{"timestamp": "15:31:24.077826", "frame": 36, "mu": [0.030338388779201017, 1.96921421425239, 0.2948809594868165], "Sigma": [[0.01125491641552181, -0.003210584841583016, -0.026793327696983362], [-0.003210584841583016, 0.0017542318218653427, 0.00673172447015527], [-0.026793327696983362, 0.00673172447015527, 0.1803713032750913]], "chi2_level": 0.95, "chi2_df": 3, "chi2_threshold": 7.814727903251179, "N_raw": 36, "N_roi": 30, "N_inlier": 28, "refit": true}
{"timestamp": "15:31:24.140299", "frame": 37, "mu": [-0.23539910998331678, 1.9848671415252304, 1.2399388021411286], "Sigma": [[0.007773928435712447, -0.002014593164124395, -0.009405293703886325], [-0.002014593164124395, 0.008578943038626998, 0.02719382355356581], [-0.009405293703886323, 0.02719382355356581, 0.3679919169263865]], "chi2_level": 0.95, "chi2_df": 3, "chi2_threshold": 7.814727903251179, "N_raw": 88, "N_roi": 84, "N_inlier": 84, "refit": true}
{"timestamp": "15:31:24.197899", "frame": 38, "mu": [-0.37617973605286664, 1.9727512681130177, 1.1256458538019602], "Sigma": [[0.014846765892132777, 0.001259086358549964, 0.044387882620422564], [0.001259086358549964, 0.008529906123441405, 0.023073098928707042], [0.044387882620422564, 0.023073098928707042, 0.3797289234426881]], "chi2_level": 0.95, "chi2_df": 3, "chi2_threshold": 7.814727903251179, "N_raw": 98, "N_roi": 98, "N_inlier": 98, "refit": true}
{"timestamp": "15:31:24.250125", "frame": 39, "mu": [-0.4636226370956593, 1.965529101495893, 1.265847008210453], "Sigma": [[0.01631670964447004, 0.004283221615395731, 0.0458445398098708], [0.004283221615395731, 0.008704290739059829, 0.024486332162871355], [0.0458445398098708, 0.02448633216287135, 0.24927848131788796]], "chi2_level": 0.95, "chi2_df": 3, "chi2_threshold": 7.814727903251179, "N_raw": 81, "N_roi": 81, "N_inlier": 78, "refit": true}
{"timestamp": "15:31:24.295501", "frame": 40, "mu": [-0.5886458221812937, 1.9354021704748678, 0.7973820960625052], "Sigma": [[0.009520244571327876, 0.0028430973321216277, 0.052656205349245255], [0.0028430973321216277, 0.002407009638335283, 0.018327047868641682], [0.052656205349245255, 0.018327047868641682, 0.37137744758910435]], "chi2_level": 0.95, "chi2_df": 3, "chi2_threshold": 7.814727903251179, "N_raw": 14, "N_roi": 14, "N_inlier": 13, "refit": true}
{"timestamp": "15:31:24.353351", "frame": 41, "mu": [-0.6707462643114254, 1.9476549865231574, 1.4493122751899457], "Sigma": [[0.005206090112024169, -0.00039424840436234735, -0.003446463234598118], [-0.00039424840436234714, 0.0038854925494823268, 0.0008242151779205605], [-0.003446463234598118, 0.0008242151779205605, 0.002643762945022572]], "chi2_level": 0.95, "chi2_df": 3, "chi2_threshold": 7.814727903251179, "N_raw": 41, "N_roi": 41, "N_inlier": 36, "refit": true}
{"timestamp": "15:31:24.409943", "frame": 42, "mu": [-0.48659430390343406, 2.0984031813491315, 0.3768678401095358], "Sigma": [[0.013130913137270338, 0.0016619047408048427, -0.013288972538210389], [0.0016619047408048427, 0.0017167325437928095, -0.004925987469869172], [-0.01328897253821039, -0.004925987469869173, 0.025459065892510246]], "chi2_level": 0.95, "chi2_df": 3, "chi2_threshold": 7.814727903251179, "N_raw": 49, "N_roi": 47, "N_inlier": 40, "refit": true}
{"timestamp": "15:31:24.471300", "frame": 43, "mu": [-0.7723811618536702, 2.0370230332929893, 0.882156038603341], "Sigma": [[0.031191940025025976, 0.006538095412972355, -0.09753701921251655], [0.006538095412972357, 0.004651618454741379, -0.03062243922850088], [-0.09753701921251655, -0.030622439228500883, 0.395093186183932]], "chi2_level": 0.95, "chi2_df": 3, "chi2_threshold": 7.814727903251179, "N_raw": 100, "N_roi": 99, "N_inlier": 96, "refit": true}
{"timestamp": "15:31:24.523777", "frame": 44, "mu": [-0.9246919820490052, 2.024131003626348, 1.11909846160879], "Sigma": [[0.021904964736600356, 0.0052264572273855074, -0.07794437909956754], [0.005226457227385507, 0.003842316223404763, -0.0235411603627584], [-0.07794437909956753, -0.023541160362758405, 0.34497766887641296]], "chi2_level": 0.95, "chi2_df": 3, "chi2_threshold": 7.814727903251179, "N_raw": 79, "N_roi": 77, "N_inlier": 72, "refit": true}
{"timestamp": "15:31:24.578458", "frame": 45, "mu": [-1.076192034305103, 2.036982602951937, 0.9055821226209902], "Sigma": [[0.0072391927670548304, 0.0024537462601791835, -0.020686375405981346], [0.0024537462601791835, 0.004832063230038636, -0.026991414870674395], [-0.020686375405981346, -0.026991414870674392, 0.3110969569838446]], "chi2_level": 0.95, "chi2_df": 3, "chi2_threshold": 7.814727903251179, "N_raw": 74, "N_roi": 74, "N_inlier": 72, "refit": true}
{"timestamp": "15:31:24.628778", "frame": 46, "mu": [-1.2940916445628163, 1.9196528036253855, 1.659970383459832], "Sigma": [[0.006541976295877797, 0.002840700279993379, -0.009006711191379744], [0.0028407002799933794, 0.005908590742120333, -0.0073679025794207344], [-0.009006711191379744, -0.0073679025794207344, 0.0212434902407368]], "chi2_level": 0.95, "chi2_df": 3, "chi2_threshold": 7.814727903251179, "N_raw": 43, "N_roi": 43, "N_inlier": 38, "refit": true}
{"timestamp": "15:31:24.681450", "frame": 47, "mu": [-1.2943666320248162, 1.9987529938232447, 1.1518651771562878], "Sigma": [[0.005881168588936335, 0.0015989083340034373, -0.02037777376142651], [0.0015989083340034371, 0.002115770235768341, -0.007465021593129537], [-0.02037777376142651, -0.007465021593129538, 0.14636296744937302]], "chi2_level": 0.95, "chi2_df": 3, "chi2_threshold": 7.814727903251179, "N_raw": 23, "N_roi": 19, "N_inlier": 16, "refit": true}
{"timestamp": "15:31:24.735258", "frame": 48, "mu": [-1.5004920459594306, 1.9744918225086332, 1.5305864901692852], "Sigma": [[0.010566756569950247, 0.009167607069951856, -0.01508804165250055], [0.009167607069951855, 0.020795846812043977, -0.018659761005252604], [-0.015088041652500547, -0.018659761005252604, 0.03097601111565193]], "chi2_level": 0.95, "chi2_df": 3, "chi2_threshold": 7.814727903251179, "N_raw": 19, "N_roi": 19, "N_inlier": 15, "refit": true}
{"timestamp": "15:31:24.795282", "frame": 49, "mu": [-1.8018285985230047, 1.7312792410373399, 1.7553337596145344], "Sigma": [[0.04193671611669502, 0.04277263073438231, -0.05209514654264957], [0.042772630734382304, 0.05093013281945338, -0.05992400781710187], [-0.05209514654264957, -0.05992400781710187, 0.08183954439006004]], "chi2_level": 0.95, "chi2_df": 3, "chi2_threshold": 7.814727903251179, "N_raw": 60, "N_roi": 60, "N_inlier": 58, "refit": true}
{"timestamp": "15:31:24.853455", "frame": 50, "mu": [-2.008230992297297, 1.6741960936253626, 1.6620504181638756], "Sigma": [[0.057432770862070597, 0.04655734361253937, -0.0367429056019589], [0.04655734361253937, 0.04324579422177838, -0.03843447155026944], [-0.0367429056019589, -0.03843447155026944, 0.07604559140847938]], "chi2_level": 0.95, "chi2_df": 3, "chi2_threshold": 7.814727903251179, "N_raw": 75, "N_roi": 75, "N_inlier": 73, "refit": true}
{"timestamp": "15:31:24.902059", "frame": 51, "mu": [-2.079794020058162, 1.7094377668375098, 1.7498377748660159], "Sigma": [[0.04885765780471782, 0.047237231901004956, -0.06276384345691367], [0.047237231901004956, 0.05222589582438572, -0.07176965345238637], [-0.06276384345691367, -0.07176965345238637, 0.10583794476708737]], "chi2_level": 0.95, "chi2_df": 3, "chi2_threshold": 7.814727903251179, "N_raw": 31, "N_roi": 31, "N_inlier": 30, "refit": true}
{"timestamp": "15:31:24.962189", "frame": 52, "mu": [-2.1516843391125424, 1.6245205647821344, 1.7598685621364185], "Sigma": [[0.02040896473169205, 0.015254460546105995, -0.016294493971494864], [0.015254460546105996, 0.02130404132119111, -0.017341062595619433], [-0.016294493971494864, -0.017341062595619433, 0.023761508232417246]], "chi2_level": 0.95, "chi2_df": 3, "chi2_threshold": 7.814727903251179, "N_raw": 74, "N_roi": 72, "N_inlier": 67, "refit": true}
{"timestamp": "15:31:25.015777", "frame": 53, "mu": [-2.1579310569331582, 1.6295063443190287, 1.5130612527139435], "Sigma": [[0.016594599512032508, 0.011103698226378501, -0.017226310748928164], [0.011103698226378501, 0.018782831442011063, -0.020199525670221027], [-0.017226310748928164, -0.020199525670221027, 0.029037731871596136]], "chi2_level": 0.95, "chi2_df": 3, "chi2_threshold": 7.814727903251179, "N_raw": 53, "N_roi": 53, "N_inlier": 50, "refit": true}
{"timestamp": "15:31:25.069302", "frame": 54, "mu": [-2.2564266980043746, 1.7197898840284789, 0.10524951504625171], "Sigma": [[0.00967774824254236, 0.013169082028674282, -0.007137106135316424], [0.013169082028674282, 0.029221370348955347, -0.013531793054524262], [-0.0071371061353164246, -0.013531793054524262, 0.009783387415986914]], "chi2_level": 0.95, "chi2_df": 3, "chi2_threshold": 7.814727903251179, "N_raw": 43, "N_roi": 43, "N_inlier": 40, "refit": true}
{"timestamp": "15:31:25.123697", "frame": 55, "mu": [-2.283854918693166, 1.5976558098592897, 1.6186722006155463], "Sigma": [[0.009167236116859497, 0.005839057603021679, -0.008931935606697175], [0.005839057603021679, 0.014679200639997196, -0.005888773861957509], [-0.008931935606697175, -0.005888773861957509, 0.009952411685954524]], "chi2_level": 0.95, "chi2_df": 3, "chi2_threshold": 7.814727903251179, "N_raw": 47, "N_roi": 45, "N_inlier": 42, "refit": true}
{"timestamp": "15:31:25.181868", "frame": 56, "mu": [-2.3419070295464577, 1.5449325516921837, 1.5650650167229412], "Sigma": [[0.008042398562936183, 0.004127258075596554, -0.0065763072751894615], [0.004127258075596554, 0.015129886056253084, -0.004132563989758215], [-0.006576307275189462, -0.004132563989758215, 0.007321372771615112]], "chi2_level": 0.95, "chi2_df": 3, "chi2_threshold": 7.814727903251179, "N_raw": 49, "N_roi": 44, "N_inlier": 43, "refit": true}
{"timestamp": "15:31:25.233876", "frame": 57, "mu": [-2.3681969900936104, 1.634784629104945, 1.4451239550684405], "Sigma": [[0.006456283136587466, 0.004913869733100051, -0.017420130720465228], [0.004913869733100051, 0.023208054119356683, -0.03818912182848157], [-0.017420130720465228, -0.03818912182848157, 0.12201457096567596]], "chi2_level": 0.95, "chi2_df": 3, "chi2_threshold": 7.814727903251179, "N_raw": 43, "N_roi": 35, "N_inlier": 34, "refit": true}
{"timestamp": "15:31:25.288662", "frame": 58, "mu": [-2.406820298941268, 1.7081211855428686, -0.3505861214152492], "Sigma": [[0.003799019590284416, 0.001313707897404916, 0.00012420628763076244], [0.0013137078974049157, 0.020397439084979527, 0.02092440872724082], [0.0001242062876307624, 0.02092440872724082, 0.04128374058253567]], "chi2_level": 0.95, "chi2_df": 3, "chi2_threshold": 7.814727903251179, "N_raw": 42, "N_roi": 30, "N_inlier": 27, "refit": true}
{"timestamp": "15:31:25.340424", "frame": 59, "mu": [-2.383977073039577, 1.7889911500722528, 1.1433440597295803], "Sigma": [[0.010550948601235883, 0.013866158572863472, -0.04902540739785834], [0.013866158572863472, 0.022035494863384866, -0.07467176297093417], [-0.049025407397858344, -0.07467176297093417, 0.2697595247405122]], "chi2_level": 0.95, "chi2_df": 3, "chi2_threshold": 7.814727903251179, "N_raw": 26, "N_roi": 12, "N_inlier": 12, "refit": true}
