{"timestamp": "15:26:09.472632", "frame": 12, "mu": [-2.447090858737969, 4.355437525180741, 0.9041857898235344], "Sigma": [[0.0016618579037779525, 0.0009810849613375702, -0.001592061895576393], [0.0009810849613375702, 0.005736491294758569, -0.006197764699630525], [-0.001592061895576393, -0.006197764699630524, 0.009112431521871214]], "chi2_level": 0.95, "chi2_df": 3, "chi2_threshold": 7.814727903251179, "N_raw": 66, "N_roi": 11, "N_inlier": 11, "refit": true}
{"timestamp": "15:26:09.580704", "frame": 14, "mu": [-2.439857808376846, 4.390728303351463, -0.05023620943789885], "Sigma": [[0.0021068277826840746, 0.0008930422337911742, 2.4000287591432626e-06], [0.0008930422337911742, 0.005472203056532349, -4.334658042413187e-05], [2.4000287591432626e-06, -4.334658042413187e-05, 1.3892368381441237e-06]], "chi2_level": 0.95, "chi2_df": 3, "chi2_threshold": 7.814727903251179, "N_raw": 52, "N_roi": 12, "N_inlier": 11, "refit": true}
{"timestamp": "15:26:09.635757", "frame": 15, "mu": [-2.4176807859930523, 4.185610424531788, 0.8128348243702015], "Sigma": [[0.0028598706181993884, 0.0006354540405068142, -0.0008983710925902061], [0.0006354540405068142, 0.002502231780168474, -0.0012188627461969348], [-0.0008983710925902061, -0.0012188627461969346, 0.0010104009571274544]], "chi2_level": 0.95, "chi2_df": 3, "chi2_threshold": 7.814727903251179, "N_raw": 44, "N_roi": 12, "N_inlier": 11, "refit": true}
{"timestamp": "15:26:09.744410", "frame": 17, "mu": [-2.3479263070429752, 4.282452701927462, 0.995084339346044], "Sigma": [[0.009014124229738246, 0.005527912109545492, -0.0016136715413344912], [0.005527912109545493, 0.005709562560119238, -0.0023803653776983897], [-0.0016136715413344912, -0.0023803653776983897, 0.0013080230343676285]], "chi2_level": 0.95, "chi2_df": 3, "chi2_threshold": 7.814727903251179, "N_raw": 44, "N_roi": 18, "N_inlier": 17, "refit": true}
{"timestamp": "15:26:09.799110", "frame": 18, "mu": [-2.308735122511534, 4.216654142425211, 0.9269402321030997], "Sigma": [[0.016437660642827104, 0.0035992562236259974, -0.01041911161190726], [0.0035992562236259974, 0.004359254229402567, -0.0021951063199480043], [-0.01041911161190726, -0.0021951063199480043, 0.007823601378035318]], "chi2_level": 0.95, "chi2_df": 3, "chi2_threshold": 7.814727903251179, "N_raw": 43, "N_roi": 27, "N_inlier": 25, "refit": true}
{"timestamp": "15:26:09.853548", "frame": 19, "mu": [-2.297657831385905, 4.172025335335602, 0.9019821244561584], "Sigma": [[0.015344322441238087, 0.0031808651778478174, -0.009287359315228377], [0.003180865177847817, 0.003391371416058748, -0.0008824770416300323], [-0.009287359315228377, -0.0008824770416300323, 0.007519404462370007]], "chi2_level": 0.95, "chi2_df": 3, "chi2_threshold": 7.814727903251179, "N_raw": 24, "N_roi": 19, "N_inlier": 19, "refit": true}
{"timestamp": "15:26:09.908379", "frame": 20, "mu": [-2.2171222923673746, 4.145103630450711, 0.8853984710932252], "Sigma": [[0.024123165036567955, 0.007470417121404566, -0.018531172942207345], [0.007470417121404566, 0.004485605747869641, -0.005623200557718738], [-0.018531172942207345, -0.005623200557718738, 0.016307218417840857]], "chi2_level": 0.95, "chi2_df": 3, "chi2_threshold": 7.814727903251179, "N_raw": 26, "N_roi": 26, "N_inlier": 25, "refit": true}
{"timestamp": "15:26:09.963593", "frame": 21, "mu": [-2.26742231622419, 4.161880083641615, 1.0566180193008912], "Sigma": [[0.020788179529471644, 0.007747579063341715, -0.008840346793145607], [0.007747579063341716, 0.004473165973635016, -0.004384380026392964], [-0.008840346793145607, -0.004384380026392964, 0.006078773600558667]], "chi2_level": 0.95, "chi2_df": 3, "chi2_threshold": 7.814727903251179, "N_raw": 26, "N_roi": 24, "N_inlier": 23, "refit": true}
{"timestamp": "15:26:10.019290", "frame": 22, "mu": [-2.0613459540748162, 4.174115256344369, 0.9781569327338002], "Sigma": [[0.021354232920482677, 0.008219230439416591, -0.010429208173365616], [0.008219230439416591, 0.004903252737249338, -0.003772168874118933], [-0.010429208173365616, -0.003772168874118933, 0.00666035567594684]], "chi2_level": 0.95, "chi2_df": 3, "chi2_threshold": 7.814727903251179, "N_raw": 30, "N_roi": 25, "N_inlier": 23, "refit": true}
{"timestamp": "15:26:10.074739", "frame": 23, "mu": [-2.1119882994235186, 4.208182971621599, 1.2162743010541894], "Sigma": [[0.022081225804014427, 0.009777381087902777, -0.0058886759861182265], [0.009777381087902775, 0.006420037743958496, -0.0025870974323803056], [-0.0058886759861182265, -0.002587097432380306, 0.0023029563963199435]], "chi2_level": 0.95, "chi2_df": 3, "chi2_threshold": 7.814727903251179, "N_raw": 30, "N_roi": 27, "N_inlier": 24, "refit": true}
{"timestamp": "15:26:10.128516", "frame": 24, "mu": [-2.058906844516575, 4.101159860563778, 0.9567839478302806], "Sigma": [[0.020850863454546755, 0.006463673234126218, -0.012159604536959922], [0.006463673234126219, 0.003423963139362152, -0.004696869633560067], [-0.012159604536959922, -0.004696869633560067, 0.009630727659594199]], "chi2_level": 0.95, "chi2_df": 3, "chi2_threshold": 7.814727903251179, "N_raw": 25, "N_roi": 25, "N_inlier": 24, "refit": true}
{"timestamp": "15:26:10.183289", "frame": 25, "mu": [-1.9626380798675036, 4.281297816647844, 1.0515680765189703], "Sigma": [[0.025338398168832384, 0.013649482021659002, -0.05658044804948918], [0.013649482021659002, 0.009845883377261196, -0.0330170757868916], [-0.05658044804948918, -0.0330170757868916, 0.15003132741798778]], "chi2_level": 0.95, "chi2_df": 3, "chi2_threshold": 7.814727903251179, "N_raw": 20, "N_roi": 17, "N_inlier": 17, "refit": true}
{"timestamp": "15:26:10.238666", "frame": 26, "mu": [-1.98725943538661, 4.202835946186667, 1.1596134917119274], "Sigma": [[0.014156665688949204, 0.0032292318997537445, -0.020171776679485928], [0.0032292318997537445, 0.003936920867726213, -0.005237009623316257], [-0.020171776679485928, -0.005237009623316257, 0.039473339592895854]], "chi2_level": 0.95, "chi2_df": 3, "chi2_threshold": 7.814727903251179, "N_raw": 20, "N_roi": 18, "N_inlier": 16, "refit": true}
{"timestamp": "15:26:10.295309", "frame": 27, "mu": [-1.8113244834358322, 4.2052507388260905, 1.0659647364732692], "Sigma": [[0.026390690633970603, 0.007710240512073066, -0.012967151081815748], [0.007710240512073066, 0.006740140338517098, -0.0025778822201660634], [-0.01296715108181575, -0.0025778822201660634, 0.007812079935427361]], "chi2_level": 0.95, "chi2_df": 3, "chi2_threshold": 7.814727903251179, "N_raw": 41, "N_roi": 39, "N_inlier": 38, "refit": true}
{"timestamp": "15:26:10.350416", "frame": 28, "mu": [-1.7512917940194672, 4.223693080727239, 1.0311132447484308], "Sigma": [[0.01789186685325429, 0.004544564115380862, -0.008643805736712947], [0.004544564115380861, 0.00448476482656653, -0.0034966898737404228], [-0.008643805736712947, -0.0034966898737404228, 0.00658735005601025]], "chi2_level": 0.95, "chi2_df": 3, "chi2_threshold": 7.814727903251179, "N_raw": 33, "N_roi": 31, "N_inlier": 30, "refit": true}
{"timestamp": "15:26:10.406479", "frame": 29, "mu": [-1.83525793161054, 4.2168058224343685, 1.1526993156454064], "Sigma": [[0.023135858986333857, 0.006814224797646035, -0.01398487100598939], [0.006814224797646035, 0.004019817118313446, -0.007447144449342624], [-0.013984871005989389, -0.007447144449342623, 0.01635879074821857]], "chi2_level": 0.95, "chi2_df": 3, "chi2_threshold": 7.814727903251179, "N_raw": 36, "N_roi": 35, "N_inlier": 34, "refit": true}
{"timestamp": "15:26:10.462801", "frame": 30, "mu": [-1.6881858153438334, 4.269459336529126, 1.1241225533651307], "Sigma": [[0.032764882138575285, 0.01001607114538455, -0.014506630242335526], [0.01001607114538455, 0.005960692644727609, -0.00644168621941025], [-0.014506630242335526, -0.006441686219410249, 0.00980394319628121]], "chi2_level": 0.95, "chi2_df": 3, "chi2_threshold": 7.814727903251179, "N_raw": 48, "N_roi": 45, "N_inlier": 42, "refit": true}
{"timestamp": "15:26:10.572287", "frame": 32, "mu": [-1.5169738058731141, 4.2443351873001305, -0.8679558306848721], "Sigma": [[0.026700237993571276, 0.006630236034769821, -0.010725755257100938], [0.006630236034769821, 0.007214789834604675, -0.002066780915269414], [-0.010725755257100938, -0.002066780915269414, 0.006338188237856379]], "chi2_level": 0.95, "chi2_df": 3, "chi2_threshold": 7.814727903251179, "N_raw": 52, "N_roi": 47, "N_inlier": 47, "refit": true}
{"timestamp": "15:26:10.626690", "frame": 33, "mu": [-1.4662325521656425, 4.192435845144177, 0.928127780930074], "Sigma": [[0.025994482640481886, 0.0030276264023039678, -0.01279332380368986], [0.003027626402303968, 0.0047970180179759065, -0.0022421566302846295], [-0.01279332380368986, -0.002242156630284629, 0.007903431710641947]], "chi2_level": 0.95, "chi2_df": 3, "chi2_threshold": 7.814727903251179, "N_raw": 48, "N_roi": 48, "N_inlier": 46, "refit": true}
{"timestamp": "15:26:10.678359", "frame": 34, "mu": [-1.350295295020822, 4.2973316919647875, 0.8679278285794155], "Sigma": [[0.014864661062174182, 0.0020966581053734386, -0.008574001239300045], [0.0020966581053734378, 0.0015281500437739324, -0.002127110726902519], [-0.008574001239300045, -0.002127110726902519, 0.009166065969374899]], "chi2_level": 0.95, "chi2_df": 3, "chi2_threshold": 7.814727903251179, "N_raw": 24, "N_roi": 24, "N_inlier": 22, "refit": true}
{"timestamp": "15:26:10.793009", "frame": 36, "mu": [-1.2086099817801026, 4.222743071335386, 1.04257495714263], "Sigma": [[0.023838035092210143, 0.004125154804507062, -0.011676399817907085], [0.004125154804507062, 0.007392839775989968, 0.0036464095114990993], [-0.011676399817907085, 0.0036464095114990985, 0.011619221154990894]], "chi2_level": 0.95, "chi2_df": 3, "chi2_threshold": 7.814727903251179, "N_raw": 49, "N_roi": 47, "N_inlier": 44, "refit": true}
{"timestamp": "15:26:10.848494", "frame": 37, "mu": [-1.1380915311255584, 4.3615525921938705, 0.011984555193701448], "Sigma": [[0.025250239351972396, 0.0062275594198826795, -0.010498961160661017], [0.0062275594198826795, 0.006940963661116674, -0.004633488679468124], [-0.010498961160661019, -0.004633488679468124, 0.006352139577971222]], "chi2_level": 0.95, "chi2_df": 3, "chi2_threshold": 7.814727903251179, "N_raw": 56, "N_roi": 51, "N_inlier": 51, "refit": true}
{"timestamp": "15:26:10.907424", "frame": 38, "mu": [-1.0950674541954073, 4.223135359671479, 0.9854963292191844], "Sigma": [[0.032454063511975315, 0.0030253895885984134, -0.016540795967689675], [0.003025389588598413, 0.006973077343450629, -0.005675124703311217], [-0.016540795967689675, -0.0056751247033112176, 0.012775352029242997]], "chi2_level": 0.95, "chi2_df": 3, "chi2_threshold": 7.814727903251179, "N_raw": 78, "N_roi": 73, "N_inlier": 73, "refit": true}
{"timestamp": "15:26:10.961700", "frame": 39, "mu": [-0.9539202219463094, 4.23163315200104, 0.8995519930721617], "Sigma": [[0.03077190598964834, 0.00545617331502986, -0.013936137311864136], [0.00545617331502986, 0.007335887259559884, -0.0057650905312449175], [-0.013936137311864136, -0.0057650905312449175, 0.009935373176716592]], "chi2_level": 0.95, "chi2_df": 3, "chi2_threshold": 7.814727903251179, "N_raw": 74, "N_roi": 69, "N_inlier": 67, "refit": true}
{"timestamp": "15:26:11.013765", "frame": 40, "mu": [-0.8942212320310835, 4.250316105426692, 0.993770019935698], "Sigma": [[0.02496259356925533, 0.004600453650271835, -0.006819695342084564], [0.004600453650271834, 0.007652516330273806, 0.001467338793698039], [-0.006819695342084564, 0.0014673387936980395, 0.005605310903276491]], "chi2_level": 0.95, "chi2_df": 3, "chi2_threshold": 7.814727903251179, "N_raw": 57, "N_roi": 53, "N_inlier": 49, "refit": true}
{"timestamp": "15:26:11.067967", "frame": 41, "mu": [-0.8499988012078551, 4.1434537359849015, 0.9457409460285496], "Sigma": [[0.030884217942236128, 0.0034833548376430466, -0.012304150160107509], [0.003483354837643047, 0.0032302929874787924, -0.0017564829389944154], [-0.012304150160107507, -0.0017564829389944152, 0.005790639608470778]], "chi2_level": 0.95, "chi2_df": 3, "chi2_threshold": 7.814727903251179, "N_raw": 49, "N_roi": 45, "N_inlier": 41, "refit": true}
{"timestamp": "15:26:11.123597", "frame": 42, "mu": [-0.8087549255699212, 4.192092145478917, 1.0334494671651602], "Sigma": [[0.03259286895210801, 0.0051066067946265925, -0.008516518470416895], [0.0051066067946265925, 0.0059234420892880085, -0.0014097303870805235], [-0.008516518470416895, -0.0014097303870805231, 0.0039098133277981235]], "chi2_level": 0.95, "chi2_df": 3, "chi2_threshold": 7.814727903251179, "N_raw": 59, "N_roi": 57, "N_inlier": 53, "refit": true}
{"timestamp": "15:26:11.177235", "frame": 43, "mu": [-0.782191600106806, 4.2806283106163745, 0.217131483764282], "Sigma": [[0.029925206270942868, 0.0047844162296372715, -0.012177499204971964], [0.004784416229637271, 0.003983716724225786, -0.0011640525993254047], [-0.012177499204971964, -0.001164052599325405, 0.005991782998245578]], "chi2_level": 0.95, "chi2_df": 3, "chi2_threshold": 7.814727903251179, "N_raw": 44, "N_roi": 42, "N_inlier": 41, "refit": true}
{"timestamp": "15:26:11.229316", "frame": 44, "mu": [-0.6644867124128431, 4.232994381953577, 1.12693416478858], "Sigma": [[0.01697051141540829, 0.00046824683318282044, -0.0066714855810572175], [0.00046824683318282033, 0.0031989880371140495, 0.0010558298973804784], [-0.006671485581057217, 0.0010558298973804786, 0.0036949355706789155]], "chi2_level": 0.95, "chi2_df": 3, "chi2_threshold": 7.814727903251179, "N_raw": 32, "N_roi": 28, "N_inlier": 25, "refit": true}
{"timestamp": "15:26:11.283288", "frame": 45, "mu": [-0.7224586664765583, 4.168425367481468, 1.1395088044113117], "Sigma": [[0.023829451190086004, 0.00671371088960945, -0.0069100939198230606], [0.00671371088960945, 0.005298301619044395, -0.0007594069737636084], [-0.006910093919823061, -0.0007594069737636084, 0.0034145832608181836]], "chi2_level": 0.95, "chi2_df": 3, "chi2_threshold": 7.814727903251179, "N_raw": 23, "N_roi": 17, "N_inlier": 15, "refit": true}
{"timestamp": "15:26:11.343988", "frame": 46, "mu": [-0.5888287409815514, 4.333641377181196, 0.3546877780717982], "Sigma": [[0.026984535193541034, 0.004681125909129224, -0.009368471389663367], [0.004681125909129224, 0.005254579664094628, 0.0010454512999813319], [-0.009368471389663367, 0.0010454512999813319, 0.005996519312134872]], "chi2_level": 0.95, "chi2_df": 3, "chi2_threshold": 7.814727903251179, "N_raw": 55, "N_roi": 52, "N_inlier": 47, "refit": true}
{"timestamp": "15:26:11.451320", "frame": 48, "mu": [-0.46467727804113124, 4.272909820705924, 1.283300013016541], "Sigma": [[0.023134738572451647, 0.002457364446920561, -0.006621561843468586], [0.002457364446920561, 0.004647533687081141, 0.002459800493069014], [-0.006621561843468586, 0.002459800493069014, 0.005318045700624749]], "chi2_level": 0.95, "chi2_df": 3, "chi2_threshold": 7.814727903251179, "N_raw": 42, "N_roi": 36, "N_inlier": 35, "refit": true}
{"timestamp": "15:26:11.504245", "frame": 49, "mu": [-0.4468137735073841, 4.26284978558843, 1.1960578258490913], "Sigma": [[0.011901568697697694, -0.0001487568053813948, -0.004048731373411732], [-0.0001487568053813947, 0.0019189538735671613, -0.000396778512142105], [-0.004048731373411732, -0.000396778512142105, 0.0026086255477319195]], "chi2_level": 0.95, "chi2_df": 3, "chi2_threshold": 7.814727903251179, "N_raw": 27, "N_roi": 14, "N_inlier": 13, "refit": true}
{"timestamp": "15:26:11.781555", "frame": 54, "mu": [-0.09557476720118215, 4.2896394243504385, 1.24776664857206], "Sigma": [[0.017958038571827567, -0.0002876160608902481, -0.009184775990388944], [-0.0002876160608902481, 0.002652519959826627, -0.00048701695992121283], [-0.009184775990388944, -0.0004870169599212129, 0.005777029907600504]], "chi2_level": 0.95, "chi2_df": 3, "chi2_threshold": 7.814727903251179, "N_raw": 41, "N_roi": 37, "N_inlier": 33, "refit": true}
{"timestamp": "15:26:11.888167", "frame": 56, "mu": [0.045845084217663375, 4.302461407657478, 0.9809718864441103], "Sigma": [[0.01731801461670082, 0.006678878192300172, -0.05330681606501085], [0.0066788781923001715, 0.007200317754163597, -0.02902896433717653], [-0.05330681606501085, -0.029028964337176534, 0.19982170940960547]], "chi2_level": 0.95, "chi2_df": 3, "chi2_threshold": 7.814727903251179, "N_raw": 20, "N_roi": 13, "N_inlier": 12, "refit": true}
{"timestamp": "15:26:11.944351", "frame": 57, "mu": [0.05565106567243268, 4.270060915432691, 1.3312481561401777], "Sigma": [[0.019645118498214653, -0.0021278676961148007, -0.009292380776625472], [-0.0021278676961148007, 0.002311313427201141, 0.0037111170652089566], [-0.009292380776625472, 0.0037111170652089566, 0.008622064972591619]], "chi2_level": 0.95, "chi2_df": 3, "chi2_threshold": 7.814727903251179, "N_raw": 30, "N_roi": 27, "N_inlier": 24, "refit": true}
{"timestamp": "15:26:12.001957", "frame": 58, "mu": [0.15014165260510118, 4.330585013693603, 1.5201635398547233], "Sigma": [[0.019192392273405447, -0.0006412988271722335, -0.008475527426195513], [-0.0006412988271722328, 0.0038629680243516544, 0.002940450994753641], [-0.008475527426195515, 0.0029404509947536413, 0.007835950002981448]], "chi2_level": 0.95, "chi2_df": 3, "chi2_threshold": 7.814727903251179, "N_raw": 42, "N_roi": 38, "N_inlier": 36, "refit": true}
{"timestamp": "15:26:12.059716", "frame": 59, "mu": [0.14934197214745631, 4.373057779760516, 1.028527078962289], "Sigma": [[0.028979888840045702, -0.009470742028941787, 0.04141234070283921], [-0.009470742028941789, 0.010300923708464573, -0.03955008879993016], [0.04141234070283921, -0.03955008879993016, 0.2571515194526124]], "chi2_level": 0.95, "chi2_df": 3, "chi2_threshold": 7.814727903251179, "N_raw": 65, "N_roi": 60, "N_inlier": 60, "refit": true}
{"timestamp": "15:26:12.111797", "frame": 60, "mu": [0.20233593801804206, 4.324804743189091, 1.145548295073737], "Sigma": [[0.024433186468729766, -0.009668884361423971, 0.037712012844246356], [-0.00966888436142397, 0.011145295881674759, -0.044452156890971], [0.037712012844246356, -0.044452156890971, 0.24898660825178787]], "chi2_level": 0.95, "chi2_df": 3, "chi2_threshold": 7.814727903251179, "N_raw": 40, "N_roi": 37, "N_inlier": 36, "refit": true}
{"timestamp": "15:26:12.221896", "frame": 62, "mu": [0.3780123816917753, 4.383880144671959, 0.4638225381370937], "Sigma": [[0.008219125854154203, -0.0003359393177055789, -0.0031095457304822684], [-0.0003359393177055789, 0.0008099233298722229, 0.00012942904012486667], [-0.0031095457304822684, 0.0001294290401248667, 0.0028272874037154165]], "chi2_level": 0.95, "chi2_df": 3, "chi2_threshold": 7.814727903251179, "N_raw": 52, "N_roi": 12, "N_inlier": 10, "refit": true}
{"timestamp": "15:26:12.273715", "frame": 63, "mu": [0.42456981553655193, 4.232049635677221, 1.2607113906508136], "Sigma": [[0.008486882981799842, 4.907377457925323e-05, -0.00807713635776322], [4.907377457925323e-05, 0.0013555611728576335, -0.002957064659773793], [-0.008077136357763222, -0.002957064659773793, 0.01811437175004908]], "chi2_level": 0.95, "chi2_df": 3, "chi2_threshold": 7.814727903251179, "N_raw": 23, "N_roi": 14, "N_inlier": 12, "refit": true}
{"timestamp": "15:26:12.328096", "frame": 64, "mu": [0.43072533288127873, 4.270419493353348, 0.5395300697126225], "Sigma": [[0.014389033514144608, -5.548027600009377e-06, -0.008148780868282617], [-5.548027600009472e-06, 0.001700240233228045, 0.0001867408542567707], [-0.008148780868282617, 0.00018674085425677073, 0.006182572725066475]], "chi2_level": 0.95, "chi2_df": 3, "chi2_threshold": 7.814727903251179, "N_raw": 24, "N_roi": 23, "N_inlier": 22, "refit": true}
{"timestamp": "15:26:12.381506", "frame": 65, "mu": [0.4860221545138153, 4.222395132348402, 1.357254518988499], "Sigma": [[0.007648895159345222, -0.0007698698204170532, 0.00021620818600767979], [-0.000769869820417053, 0.0008704139181635879, -0.0001435986168279229], [0.00021620818600767979, -0.00014359861682792288, 2.5867823958590405e-05]], "chi2_level": 0.95, "chi2_df": 3, "chi2_threshold": 7.814727903251179, "N_raw": 10, "N_roi": 10, "N_inlier": 10, "refit": true}
{"timestamp": "15:26:12.439686", "frame": 66, "mu": [0.5521465979004027, 4.387654483125268, 1.4632626081727316], "Sigma": [[0.014595044406237887, -0.002117953190681818, -0.004304045372060286], [-0.002117953190681818, 0.0014245871629740062, -0.0015872444100685382], [-0.004304045372060286, -0.0015872444100685382, 0.009539056149992205]], "chi2_level": 0.95, "chi2_df": 3, "chi2_threshold": 7.814727903251179, "N_raw": 36, "N_roi": 23, "N_inlier": 22, "refit": true}
{"timestamp": "15:26:12.549442", "frame": 68, "mu": [0.6000244212913874, 4.320748739422065, 0.5516752732687598], "Sigma": [[0.015651464519018568, -0.0004749591350474058, -0.008026689146528848], [-0.00047495913504740604, 0.0023512862470536906, -0.0011571753396375686], [-0.008026689146528848, -0.0011571753396375686, 0.006412154048790491]], "chi2_level": 0.95, "chi2_df": 3, "chi2_threshold": 7.814727903251179, "N_raw": 31, "N_roi": 27, "N_inlier": 24, "refit": true}
{"timestamp": "15:26:13.154147", "frame": 79, "mu": [1.279648807742203, 4.213176616783574, 1.1277853548727252], "Sigma": [[0.015298025496300301, -0.00697218466605588, -0.006576478529903442], [-0.006972184666055882, 0.0060365416725324484, 0.0013494022793409549], [-0.0065764785299034425, 0.0013494022793409549, 0.005904817931639506]], "chi2_level": 0.95, "chi2_df": 3, "chi2_threshold": 7.814727903251179, "N_raw": 33, "N_roi": 30, "N_inlier": 30, "refit": true}
{"timestamp": "15:26:13.206211", "frame": 80, "mu": [1.368722540486542, 4.16893326072737, 1.1162447773566775], "Sigma": [[0.008130043464870597, -0.00236473325120136, -0.004043389451808994], [-0.00236473325120136, 0.004151226551663139, 0.0044957147202084775], [-0.004043389451808994, 0.0044957147202084775, 0.006100496477141777]], "chi2_level": 0.95, "chi2_df": 3, "chi2_threshold": 7.814727903251179, "N_raw": 10, "N_roi": 10, "N_inlier": 10, "refit": true}
{"timestamp": "15:26:13.263174", "frame": 81, "mu": [1.3872255053195266, 4.16248891302675, 1.2390089387917596], "Sigma": [[0.01388564365895528, -0.0032185540896722794, -0.006614563025060297], [-0.0032185540896722794, 0.0018661270915241673, 0.0003512977728578005], [-0.006614563025060297, 0.0003512977728578005, 0.008114761915346469]], "chi2_level": 0.95, "chi2_df": 3, "chi2_threshold": 7.814727903251179, "N_raw": 22, "N_roi": 17, "N_inlier": 17, "refit": true}
{"timestamp": "15:26:13.321454", "frame": 82, "mu": [1.4333197937037074, 4.064664609437571, 0.8792708963804531], "Sigma": [[0.02160283313659246, -0.010058983799385, -0.010484456072471351], [-0.010058983799385001, 0.01110569007203656, 0.00785665949549854], [-0.010484456072471351, 0.00785665949549854, 0.008187366420969166]], "chi2_level": 0.95, "chi2_df": 3, "chi2_threshold": 7.814727903251179, "N_raw": 44, "N_roi": 40, "N_inlier": 40, "refit": true}
{"timestamp": "15:26:13.373433", "frame": 83, "mu": [1.4270346953964, 4.084315229898507, 0.9286626417410788], "Sigma": [[0.01888239093137151, -0.008233329243813422, -0.008744673007699958], [-0.008233329243813422, 0.0055004704274306615, 0.0038265189941792442], [-0.008744673007699958, 0.0038265189941792434, 0.0054478374458009]], "chi2_level": 0.95, "chi2_df": 3, "chi2_threshold": 7.814727903251179, "N_raw": 26, "N_roi": 23, "N_inlier": 22, "refit": true}
{"timestamp": "15:26:13.428349", "frame": 84, "mu": [1.4776682715986635, 4.002145360819668, 1.0001170788143767], "Sigma": [[0.022625693486411563, -0.009562239193425637, -0.007789952009521628], [-0.009562239193425637, 0.005654546774485082, 0.003139416137383988], [-0.007789952009521628, 0.0031394161373839878, 0.004661518211774243]], "chi2_level": 0.95, "chi2_df": 3, "chi2_threshold": 7.814727903251179, "N_raw": 26, "N_roi": 26, "N_inlier": 25, "refit": true}
{"timestamp": "15:26:13.485708", "frame": 85, "mu": [1.5620356291843818, 3.950725453814518, 0.8959506727015006], "Sigma": [[0.009914603576448806, -0.003560339707326441, 0.0009532332172238296], [-0.003560339707326441, 0.0032837431692847047, -0.0008993479493900798], [0.0009532332172238296, -0.0008993479493900798, 0.00024746888345275446]], "chi2_level": 0.95, "chi2_df": 3, "chi2_threshold": 7.814727903251179, "N_raw": 20, "N_roi": 20, "N_inlier": 18, "refit": true}
{"timestamp": "15:26:13.540100", "frame": 86, "mu": [1.4545084847495966, 3.9689939853147753, 1.013689400218961], "Sigma": [[0.02028316565453797, -0.009843559364056068, -0.010819157359111169], [-0.009843559364056068, 0.007941900041402288, 0.005151498497870909], [-0.010819157359111167, 0.005151498497870909, 0.008102732569453134]], "chi2_level": 0.95, "chi2_df": 3, "chi2_threshold": 7.814727903251179, "N_raw": 29, "N_roi": 29, "N_inlier": 28, "refit": true}
{"timestamp": "15:26:13.595608", "frame": 87, "mu": [1.69523832735077, 3.9067606094403446, 0.778437201736882], "Sigma": [[0.04864754580965601, -0.005570494845118208, -0.03863349707160188], [-0.005570494845118208, 0.0041944876679188775, 0.0017152445019155884], [-0.03863349707160188, 0.0017152445019155882, 0.036381276118407524]], "chi2_level": 0.95, "chi2_df": 3, "chi2_threshold": 7.814727903251179, "N_raw": 39, "N_roi": 37, "N_inlier": 37, "refit": true}
{"timestamp": "15:26:13.649867", "frame": 88, "mu": [1.5877410116347341, 3.8658483796114167, 0.8072426421041867], "Sigma": [[0.02298578139019275, -0.00658147407814812, -0.011035863209960731], [-0.00658147407814812, 0.003653343503414017, 0.0021456220402791253], [-0.011035863209960731, 0.0021456220402791258, 0.008009976661391579]], "chi2_level": 0.95, "chi2_df": 3, "chi2_threshold": 7.814727903251179, "N_raw": 29, "N_roi": 25, "N_inlier": 23, "refit": true}
{"timestamp": "15:26:13.706035", "frame": 89, "mu": [1.5406968628671918, 4.035220810484925, -0.03070764361299144], "Sigma": [[0.023111945464992373, -0.006769985038008155, -0.0026107583437685765], [-0.006769985038008155, 0.004337882212849005, -0.001024406990378355], [-0.0026107583437685765, -0.0010244069903783547, 0.002710196409286452]], "chi2_level": 0.95, "chi2_df": 3, "chi2_threshold": 7.814727903251179, "N_raw": 38, "N_roi": 33, "N_inlier": 30, "refit": true}
{"timestamp": "15:26:13.763051", "frame": 90, "mu": [1.7566914316237112, 3.855434376489648, 0.8513814800292213], "Sigma": [[0.04254440248709831, -0.016678423775114967, -0.031647560949840545], [-0.016678423775114967, 0.008922792422291421, 0.011273840249782889], [-0.03164756094984055, 0.01127384024978289, 0.027436456097054703]], "chi2_level": 0.95, "chi2_df": 3, "chi2_threshold": 7.814727903251179, "N_raw": 50, "N_roi": 49, "N_inlier": 46, "refit": true}
{"timestamp": "15:26:13.818207", "frame": 91, "mu": [1.676587663911135, 3.9102081848247794, 0.12691272453357266], "Sigma": [[0.023104272891456428, -0.006546318463122992, -0.009278529194607121], [-0.006546318463122992, 0.007699067131805963, -0.004349154034179784], [-0.00927852919460712, -0.004349154034179784, 0.01577318641831757]], "chi2_level": 0.95, "chi2_df": 3, "chi2_threshold": 7.814727903251179, "N_raw": 50, "N_roi": 49, "N_inlier": 48, "refit": true}
{"timestamp": "15:26:13.870210", "frame": 92, "mu": [1.7598124757678226, 3.74398913476731, 0.8560937127678397], "Sigma": [[0.020431715136891085, -0.009187228663226982, -0.0057281473558005395], [-0.009187228663226982, 0.005849331428602619, 0.0005337537265955993], [-0.0057281473558005395, 0.0005337537265955993, 0.0073383598522271925]], "chi2_level": 0.95, "chi2_df": 3, "chi2_threshold": 7.814727903251179, "N_raw": 37, "N_roi": 37, "N_inlier": 34, "refit": true}
{"timestamp": "15:26:13.930039", "frame": 93, "mu": [1.7760232414825532, 3.873369803837321, -0.02072638907285537], "Sigma": [[0.029754958380427757, -0.008413204490653744, -0.017249251208267], [-0.008413204490653744, 0.009061679609525293, -0.0030537866545478523], [-0.017249251208267, -0.0030537866545478527, 0.022718552345978527]], "chi2_level": 0.95, "chi2_df": 3, "chi2_threshold": 7.814727903251179, "N_raw": 61, "N_roi": 61, "N_inlier": 58, "refit": true}
{"timestamp": "15:26:13.983909", "frame": 94, "mu": [1.7737488703725939, 3.8154715005981235, -0.5653984189401138], "Sigma": [[0.030277918692058134, -0.0007581896777745973, 0.0537973194541284], [-0.0007581896777745973, 0.005097634386877285, 0.0022233219242695818], [0.0537973194541284, 0.0022233219242695805, 0.18037446366758864]], "chi2_level": 0.95, "chi2_df": 3, "chi2_threshold": 7.814727903251179, "N_raw": 56, "N_roi": 56, "N_inlier": 56, "refit": true}
{"timestamp": "15:26:14.036141", "frame": 95, "mu": [1.778526381548699, 3.8543105459217526, -0.07869615037473776], "Sigma": [[0.03181965730109455, -0.006588743087937754, -0.016643691116642923], [-0.0065887430879377545, 0.004980453206694172, -0.0024249456364488866], [-0.016643691116642923, -0.0024249456364488866, 0.020199157175540685]], "chi2_level": 0.95, "chi2_df": 3, "chi2_threshold": 7.814727903251179, "N_raw": 47, "N_roi": 47, "N_inlier": 45, "refit": true}
{"timestamp": "15:26:14.093751", "frame": 96, "mu": [1.7519142279073878, 3.6687922638403565, 0.971309043525906], "Sigma": [[0.026685937653400674, -0.013606412946901528, -0.014820526183586197], [-0.013606412946901528, 0.0081838488610493, 0.0026238420850165324], [-0.014820526183586197, 0.0026238420850165324, 0.03654832791465431]], "chi2_level": 0.95, "chi2_df": 3, "chi2_threshold": 7.814727903251179, "N_raw": 56, "N_roi": 55, "N_inlier": 53, "refit": true}
{"timestamp": "15:26:14.151787", "frame": 97, "mu": [1.7561870081863935, 3.6184025532673503, 1.078354639587762], "Sigma": [[0.028342760061075865, -0.010481404283293645, -0.015319149153103478], [-0.010481404283293643, 0.006420713599908828, -0.005640437907265693], [-0.015319149153103478, -0.005640437907265693, 0.07379756968150966]], "chi2_level": 0.95, "chi2_df": 3, "chi2_threshold": 7.814727903251179, "N_raw": 81, "N_roi": 80, "N_inlier": 77, "refit": true}
{"timestamp": "15:26:14.202717", "frame": 98, "mu": [1.7046506355903608, 3.6911118530623654, 0.06413140068430023], "Sigma": [[0.0160492502863623, -0.0017050666812141802, -0.013844993639854211], [-0.00170506668121418, 0.016789310532356782, -0.03840754425350945], [-0.013844993639854213, -0.038407544253509444, 0.11131510200620513]], "chi2_level": 0.95, "chi2_df": 3, "chi2_threshold": 7.814727903251179, "N_raw": 53, "N_roi": 53, "N_inlier": 51, "refit": true}
{"timestamp": "15:26:14.263347", "frame": 99, "mu": [1.7175834149983735, 3.585095694483966, 0.9569822161985428], "Sigma": [[0.02419669605625584, -0.011832229634539402, -0.009657350923393038], [-0.0118322296345394, 0.008418936868446289, -0.003271544926604881], [-0.009657350923393038, -0.003271544926604881, 0.08680464424099656]], "chi2_level": 0.95, "chi2_df": 3, "chi2_threshold": 7.814727903251179, "N_raw": 82, "N_roi": 80, "N_inlier": 77, "refit": true}
{"timestamp": "15:26:14.544196", "frame": 100, "mu": [1.768712020764076, 3.6664973995843693, -0.33882171883158946], "Sigma": [[0.02109283916337379, -0.006525267332722081, 0.02635573827147717], [-0.00652526733272208, 0.01059167689524886, -0.014038177386720176], [0.026355738271477167, -0.014038177386720172, 0.16966714822099904]], "chi2_level": 0.95, "chi2_df": 3, "chi2_threshold": 7.814727903251179, "N_raw": 66, "N_roi": 63, "N_inlier": 62, "refit": true}
{"timestamp": "15:26:14.571907", "frame": 101, "mu": [1.7310146881476582, 3.6579973543126476, -0.23230776168298614], "Sigma": [[0.021133793941618538, -0.008082434463871024, -0.014277587960260558], [-0.008082434463871024, 0.01600800095759738, -0.02967640613018485], [-0.014277587960260558, -0.02967640613018485, 0.13422436230341336]], "chi2_level": 0.95, "chi2_df": 3, "chi2_threshold": 7.814727903251179, "N_raw": 72, "N_roi": 72, "N_inlier": 71, "refit": true}
{"timestamp": "15:26:14.598193", "frame": 102, "mu": [1.7081207075732514, 3.5847275486695875, -0.12907819556151037], "Sigma": [[0.02177809300617222, -0.008291906609846932, -0.01980442579642489], [-0.008291906609846932, 0.011698761405081639, -0.014819613377161048], [-0.01980442579642489, -0.014819613377161048, 0.08228872532304565]], "chi2_level": 0.95, "chi2_df": 3, "chi2_threshold": 7.814727903251179, "N_raw": 68, "N_roi": 67, "N_inlier": 62, "refit": true}
{"timestamp": "15:26:14.628246", "frame": 103, "mu": [1.8191350255529406, 3.448890580420071, -0.32632654841383246], "Sigma": [[0.022532464169486538, -0.00633643307435555, 0.007963664902959428], [-0.006336433074355549, 0.006155909464366735, 0.003656166152126059], [0.007963664902959426, 0.0036561661521260593, 0.06954063484943629]], "chi2_level": 0.95, "chi2_df": 3, "chi2_threshold": 7.814727903251179, "N_raw": 41, "N_roi": 41, "N_inlier": 38, "refit": true}
{"timestamp": "15:26:14.676236", "frame": 104, "mu": [1.6197049019904637, 3.41164209007238, 0.6724696184974925], "Sigma": [[0.0165770445942949, -0.009425001581804593, -0.0051899330341498955], [-0.009425001581804595, 0.008978811875410926, -0.00146566090559711], [-0.0051899330341498955, -0.0014656609055971096, 0.018673823916220616]], "chi2_level": 0.95, "chi2_df": 3, "chi2_threshold": 7.814727903251179, "N_raw": 53, "N_roi": 53, "N_inlier": 51, "refit": true}
{"timestamp": "15:26:14.722053", "frame": 105, "mu": [1.6863584297956573, 3.288658908936685, 0.8332718621549922], "Sigma": [[0.02390493641540748, -0.022363464922222707, -0.012589571526968026], [-0.022363464922222707, 0.03141264862940433, 0.0035680928182501123], [-0.012589571526968026, 0.0035680928182501123, 0.01526968629962874]], "chi2_level": 0.95, "chi2_df": 3, "chi2_threshold": 7.814727903251179, "N_raw": 68, "N_roi": 68, "N_inlier": 62, "refit": true}
{"timestamp": "15:26:14.743876", "frame": 106, "mu": [1.5454472377940616, 3.4913001683485896, 0.0038147935790094484], "Sigma": [[0.020158310632882447, -0.003617649992254948, -0.03260517614743254], [-0.003617649992254948, 0.005365536099272437, 0.00035622882767902026], [-0.03260517614743254, 0.00035622882767902026, 0.0613599241074332]], "chi2_level": 0.95, "chi2_df": 3, "chi2_threshold": 7.814727903251179, "N_raw": 44, "N_roi": 44, "N_inlier": 43, "refit": true}
{"timestamp": "15:26:14.799693", "frame": 108, "mu": [1.3268883138431267, 3.369548760942378, 1.4658347633884654], "Sigma": [[0.015702338342825153, -0.007782804534646576, -0.025639722038988615], [-0.007782804534646575, 0.006896576691532714, 0.012810288725030702], [-0.025639722038988615, 0.012810288725030702, 0.045618318149121276]], "chi2_level": 0.95, "chi2_df": 3, "chi2_threshold": 7.814727903251179, "N_raw": 39, "N_roi": 37, "N_inlier": 36, "refit": true}
{"timestamp": "15:26:14.850004", "frame": 109, "mu": [1.3624475845692967, 3.5705566129949506, 0.06493006278104428], "Sigma": [[0.014849309914640408, 0.005045789109363943, -0.02534091706651769], [0.005045789109363943, 0.026686670277345448, -0.04241706336100738], [-0.02534091706651769, -0.04241706336100739, 0.09810024172033562]], "chi2_level": 0.95, "chi2_df": 3, "chi2_threshold": 7.814727903251179, "N_raw": 76, "N_roi": 75, "N_inlier": 73, "refit": true}
{"timestamp": "15:26:14.878295", "frame": 110, "mu": [1.3563350892342996, 3.4045132212012668, 0.07448699193376718], "Sigma": [[0.017193437888023973, -0.0004975407083394344, -0.029452141128519207], [-0.0004975407083394345, 0.015438301878125593, -0.012831928663926552], [-0.029452141128519203, -0.012831928663926552, 0.06586526421063692]], "chi2_level": 0.95, "chi2_df": 3, "chi2_threshold": 7.814727903251179, "N_raw": 61, "N_roi": 59, "N_inlier": 56, "refit": true}
{"timestamp": "15:26:14.919632", "frame": 111, "mu": [1.2987285560785695, 3.285179220205497, 1.1774396482412932], "Sigma": [[0.020511477713729152, -0.007853465173681153, -0.008512285451075078], [-0.007853465173681153, 0.006482462721976847, -0.0009311696273049434], [-0.008512285451075078, -0.0009311696273049434, 0.018603022631911582]], "chi2_level": 0.95, "chi2_df": 3, "chi2_threshold": 7.814727903251179, "N_raw": 65, "N_roi": 61, "N_inlier": 55, "refit": true}
{"timestamp": "15:26:14.971785", "frame": 112, "mu": [1.2676673187252594, 3.2760407527007427, 0.7087994443603277], "Sigma": [[0.0149948878596885, -0.00734015535377157, 0.0441236372856016], [-0.007340155353771569, 0.006598791806025015, -0.03461128528393848], [0.044123637285601605, -0.03461128528393848, 0.2712637098649589]], "chi2_level": 0.95, "chi2_df": 3, "chi2_threshold": 7.814727903251179, "N_raw": 41, "N_roi": 37, "N_inlier": 35, "refit": true}
{"timestamp": "15:26:15.027436", "frame": 113, "mu": [1.3403341324699285, 3.1031720918623864, 0.8394546764370422], "Sigma": [[0.010849359159132892, -0.007743988585425634, -0.004562137938756351], [-0.007743988585425634, 0.006314696894341224, 0.0017438125593890075], [-0.004562137938756352, 0.0017438125593890077, 0.011913346263818113]], "chi2_level": 0.95, "chi2_df": 3, "chi2_threshold": 7.814727903251179, "N_raw": 25, "N_roi": 25, "N_inlier": 24, "refit": true}
{"timestamp": "15:26:15.082833", "frame": 114, "mu": [1.223542074069406, 3.187026020356583, 0.9711028474768163], "Sigma": [[0.014436825547591943, -0.007814070996195428, -0.006476320359808474], [-0.007814070996195428, 0.006003583577477646, -0.0004652124258255621], [-0.006476320359808474, -0.0004652124258255622, 0.02395814082647551]], "chi2_level": 0.95, "chi2_df": 3, "chi2_threshold": 7.814727903251179, "N_raw": 51, "N_roi": 51, "N_inlier": 46, "refit": true}
{"timestamp": "15:26:15.132860", "frame": 115, "mu": [1.0309694130910938, 3.302280616517017, 0.26546019260920656], "Sigma": [[0.008889275602264584, -0.0010941465587055244, -0.007591631291979211], [-0.0010941465587055244, 0.0011169682900738923, 0.0003458572145155524], [-0.007591631291979211, 0.0003458572145155524, 0.00892133147040295]], "chi2_level": 0.95, "chi2_df": 3, "chi2_threshold": 7.814727903251179, "N_raw": 18, "N_roi": 14, "N_inlier": 12, "refit": true}
{"timestamp": "15:26:15.192628", "frame": 116, "mu": [1.050997424708103, 3.2378026382845286, 1.1911847931476451], "Sigma": [[0.02032329696170078, -0.009385384885102148, -0.022497806794276782], [-0.009385384885102148, 0.006303124259768156, 0.006178964624092589], [-0.02249780679427678, 0.00617896462409259, 0.04099503558172808]], "chi2_level": 0.95, "chi2_df": 3, "chi2_threshold": 7.814727903251179, "N_raw": 53, "N_roi": 52, "N_inlier": 50, "refit": true}
{"timestamp": "15:26:15.248727", "frame": 117, "mu": [0.981783466044278, 3.3268802405656936, -0.14844053877777438], "Sigma": [[0.020003328557308846, -0.005233443254221577, -0.020478768688292792], [-0.005233443254221577, 0.0046287544387653996, 0.0017610660206401935], [-0.020478768688292792, 0.0017610660206401935, 0.027799405811268774]], "chi2_level": 0.95, "chi2_df": 3, "chi2_threshold": 7.814727903251179, "N_raw": 49, "N_roi": 46, "N_inlier": 43, "refit": true}
{"timestamp": "15:26:15.357243", "frame": 119, "mu": [0.8029115429796143, 3.2243693782276397, 1.0773384778891275], "Sigma": [[0.01613218343362302, -0.005991438099530324, -0.02311739355248891], [-0.005991438099530324, 0.0028060705551906442, 0.010153726416437893], [-0.02311739355248891, 0.010153726416437893, 0.08646522295430109]], "chi2_level": 0.95, "chi2_df": 3, "chi2_threshold": 7.814727903251179, "N_raw": 46, "N_roi": 42, "N_inlier": 40, "refit": true}
{"timestamp": "15:26:15.408734", "frame": 120, "mu": [0.7872898069363442, 3.364727750217832, 0.8566465630070799], "Sigma": [[0.0034749555964059776, -0.00637446385120858, 0.0020434678049225737], [-0.00637446385120858, 0.030682768078376374, -0.021982212245516896], [0.0020434678049225737, -0.021982212245516896, 0.02309031348565993]], "chi2_level": 0.95, "chi2_df": 3, "chi2_threshold": 7.814727903251179, "N_raw": 17, "N_roi": 13, "N_inlier": 13, "refit": true}
{"timestamp": "15:26:15.469840", "frame": 121, "mu": [0.7145784585832253, 3.2461719453527658, -0.5159456059023464], "Sigma": [[0.015566171808571313, -0.0008184500321206321, 0.009087337861315336], [-0.000818450032120632, 0.004300247146068086, 0.0020646831110412087], [0.009087337861315336, 0.0020646831110412082, 0.08612232325011104]], "chi2_level": 0.95, "chi2_df": 3, "chi2_threshold": 7.814727903251179, "N_raw": 59, "N_roi": 54, "N_inlier": 51, "refit": true}
