{"timestamp": "15:27:54.852979", "frame": 19, "mu": [-2.1056199331190677, 4.951407366659842, 0.9104465595407543], "Sigma": [[0.027074993762354758, 0.003776573465355468, 0.007023302271267025], [0.003776573465355468, 0.0010554056376621689, 0.00020272133595330494], [0.007023302271267025, 0.00020272133595330494, 0.009448999380164408]], "chi2_level": 0.95, "chi2_df": 3, "chi2_threshold": 7.814727903251179, "N_raw": 50, "N_roi": 16, "N_inlier": 16, "refit": true}
{"timestamp": "15:27:55.070415", "frame": 23, "mu": [-1.7497447120230687, 4.904960578680542, 0.6277699526719462], "Sigma": [[0.029349526238248567, 0.004702521430418524, -0.0018957430670994], [0.004702521430418524, 0.0028653254438155986, -0.0009310160735341091], [-0.0018957430670994, -0.0009310160735341091, 0.0004098549268817005]], "chi2_level": 0.95, "chi2_df": 3, "chi2_threshold": 7.814727903251179, "N_raw": 31, "N_roi": 28, "N_inlier": 26, "refit": true}
{"timestamp": "15:27:55.128951", "frame": 24, "mu": [-1.8601969514065262, 4.867564227119436, 0.4823804624340541], "Sigma": [[0.03773488724418383, 0.004881372161829193, -0.020252745856807024], [0.0048813721618291925, 0.0033366700466289064, -0.003238960657962478], [-0.020252745856807024, -0.0032389606579624783, 0.012556741008097802]], "chi2_level": 0.95, "chi2_df": 3, "chi2_threshold": 7.814727903251179, "N_raw": 38, "N_roi": 38, "N_inlier": 35, "refit": true}
{"timestamp": "15:27:55.182270", "frame": 25, "mu": [-1.6181056709081016, 4.792950445028481, 0.6300558201907765], "Sigma": [[0.021298255094477584, 0.00015969878670769514, -0.008519344511930432], [0.00015969878670769514, 0.0011238017909903444, -0.0028678004502805266], [-0.008519344511930434, -0.002867800450280527, 0.019509196811454375]], "chi2_level": 0.95, "chi2_df": 3, "chi2_threshold": 7.814727903251179, "N_raw": 24, "N_roi": 24, "N_inlier": 23, "refit": true}
{"timestamp": "15:27:55.297043", "frame": 27, "mu": [-1.771298771028748, 4.760274631075639, 0.7431467990711843], "Sigma": [[0.03487708441009514, 0.003702204816895343, -0.003327887296271106], [0.0037022048168953428, 0.0026289597711375854, -0.006736981073118663], [-0.003327887296271107, -0.006736981073118663, 0.02932451881013682]], "chi2_level": 0.95, "chi2_df": 3, "chi2_threshold": 7.814727903251179, "N_raw": 58, "N_roi": 56, "N_inlier": 54, "refit": true}
{"timestamp": "15:27:55.348931", "frame": 28, "mu": [-1.9526628154150107, 4.738545693325521, 0.6466071580644384], "Sigma": [[0.03198698672712742, 0.004744555371282965, -0.01739936285583359], [0.004744555371282964, 0.003826518758875019, -0.002376401690212411], [-0.017399362855833586, -0.002376401690212411, 0.011871510240553433]], "chi2_level": 0.95, "chi2_df": 3, "chi2_threshold": 7.814727903251179, "N_raw": 35, "N_roi": 34, "N_inlier": 32, "refit": true}
{"timestamp": "15:27:55.454978", "frame": 30, "mu": [-1.765887976476574, 4.862208015718513, -0.2079195156971365], "Sigma": [[0.012169058547126113, -0.0007617194271990953, -0.009230469297023888], [-0.0007617194271990953, 0.0018898584574203311, 0.00022522306290088582], [-0.009230469297023888, 0.00022522306290088582, 0.007984823247402979]], "chi2_level": 0.95, "chi2_df": 3, "chi2_threshold": 7.814727903251179, "N_raw": 11, "N_roi": 11, "N_inlier": 10, "refit": true}
{"timestamp": "15:27:55.515345", "frame": 31, "mu": [-1.729169248997479, 4.575824063151412, 0.7484765829902768], "Sigma": [[0.03743213640379263, 8.650106814778699e-05, -0.04539821787038267], [8.65010681477871e-05, 0.0011119892570361453, -0.002223011551115007], [-0.04539821787038267, -0.002223011551115007, 0.0731829433459292]], "chi2_level": 0.95, "chi2_df": 3, "chi2_threshold": 7.814727903251179, "N_raw": 44, "N_roi": 42, "N_inlier": 41, "refit": true}
{"timestamp": "15:27:55.567818", "frame": 32, "mu": [-1.7043755574551878, 4.574153477590456, 0.7069380990852387], "Sigma": [[0.024260540363071827, -0.0005405906623291221, -0.020181520456863715], [-0.0005405906623291216, 0.0018830173059620852, -0.0017116779584368095], [-0.020181520456863715, -0.0017116779584368095, 0.021773195717263345]], "chi2_level": 0.95, "chi2_df": 3, "chi2_threshold": 7.814727903251179, "N_raw": 34, "N_roi": 31, "N_inlier": 31, "refit": true}
{"timestamp": "15:27:55.625686", "frame": 33, "mu": [-1.74110193020642, 4.507288482897865, 0.8827734162363681], "Sigma": [[0.03888465721623353, 0.005494872904867805, -0.035969969691620966], [0.005494872904867805, 0.0027185749142856234, -0.00979165935781278], [-0.035969969691620966, -0.009791659357812782, 0.051049421310960075]], "chi2_level": 0.95, "chi2_df": 3, "chi2_threshold": 7.814727903251179, "N_raw": 54, "N_roi": 53, "N_inlier": 52, "refit": true}
{"timestamp": "15:27:55.680419", "frame": 34, "mu": [-1.6913919695491384, 4.4594859142353975, 0.5482355180294755], "Sigma": [[0.034865012919571406, 0.008311775782945787, -0.003972687733330848], [0.008311775782945788, 0.0035862396244717384, -0.002273290682871669], [-0.003972687733330848, -0.002273290682871669, 0.0028555084438943476]], "chi2_level": 0.95, "chi2_df": 3, "chi2_threshold": 7.814727903251179, "N_raw": 38, "N_roi": 37, "N_inlier": 34, "refit": true}
{"timestamp": "15:27:55.733078", "frame": 35, "mu": [-1.6458178830665535, 4.593852824333239, -0.4654565183846228], "Sigma": [[0.02956657028687476, 0.017123930808736525, 0.04379791237814497], [0.017123930808736528, 0.014048934421003233, 0.034947238804869794], [0.043797912378144975, 0.034947238804869794, 0.20093162804033182]], "chi2_level": 0.95, "chi2_df": 3, "chi2_threshold": 7.814727903251179, "N_raw": 37, "N_roi": 37, "N_inlier": 36, "refit": true}
{"timestamp": "15:27:55.788138", "frame": 36, "mu": [-1.7592233009278455, 4.322785529269187, 0.7626290907184232], "Sigma": [[0.022054282883145405, 0.0024094558826053135, -0.03218684348266025], [0.0024094558826053135, 0.0013855961554228556, -0.008269286111175602], [-0.03218684348266025, -0.008269286111175602, 0.07851910581789939]], "chi2_level": 0.95, "chi2_df": 3, "chi2_threshold": 7.814727903251179, "N_raw": 36, "N_roi": 36, "N_inlier": 34, "refit": true}
{"timestamp": "15:27:55.898410", "frame": 38, "mu": [-1.6578779208360763, 4.223360567384288, 0.629768085468844], "Sigma": [[0.029350034351957526, 0.0052834809956946865, -0.021465039141463277], [0.0052834809956946865, 0.002317892546553493, -0.006392057021035057], [-0.021465039141463277, -0.006392057021035057, 0.027700756817127154]], "chi2_level": 0.95, "chi2_df": 3, "chi2_threshold": 7.814727903251179, "N_raw": 40, "N_roi": 40, "N_inlier": 37, "refit": true}
{"timestamp": "15:27:55.957242", "frame": 39, "mu": [-1.7512656955754744, 4.202877765849328, 0.7322284823713343], "Sigma": [[0.033989802578291164, 0.0038309323758119514, -0.02002640803676361], [0.0038309323758119514, 0.004060078596401933, -0.007160972339618522], [-0.02002640803676361, -0.007160972339618522, 0.02183322687457637]], "chi2_level": 0.95, "chi2_df": 3, "chi2_threshold": 7.814727903251179, "N_raw": 59, "N_roi": 59, "N_inlier": 57, "refit": true}
{"timestamp": "15:27:56.011401", "frame": 40, "mu": [-1.8505036732876043, 4.116342380566884, -1.1805648868345542], "Sigma": [[0.01786659346703967, 0.0024104938642739195, -0.007602782038209913], [0.002410493864273919, 0.0016362904937909672, -0.008058540914406529], [-0.007602782038209913, -0.008058540914406529, 0.06253254452938038]], "chi2_level": 0.95, "chi2_df": 3, "chi2_threshold": 7.814727903251179, "N_raw": 54, "N_roi": 54, "N_inlier": 50, "refit": true}
{"timestamp": "15:27:56.064504", "frame": 41, "mu": [-1.6731213431434973, 4.070089911740136, 0.7851721130882936], "Sigma": [[0.022602557985529133, 0.0060149188614687515, -0.007737132258924519], [0.0060149188614687515, 0.0023777199987285434, -0.004145761397131954], [-0.00773713225892452, -0.004145761397131954, 0.03262514261552804]], "chi2_level": 0.95, "chi2_df": 3, "chi2_threshold": 7.814727903251179, "N_raw": 36, "N_roi": 34, "N_inlier": 31, "refit": true}
{"timestamp": "15:27:56.122848", "frame": 42, "mu": [-1.7507073886541773, 4.026239212955095, 0.6831485412272599], "Sigma": [[0.03188573886581059, 0.002717803322584181, -0.004165731794921742], [0.002717803322584181, 0.0025593577651333048, -0.0044033515088592375], [-0.004165731794921742, -0.0044033515088592375, 0.014297850391827968]], "chi2_level": 0.95, "chi2_df": 3, "chi2_threshold": 7.814727903251179, "N_raw": 56, "N_roi": 53, "N_inlier": 51, "refit": true}
{"timestamp": "15:27:56.173490", "frame": 43, "mu": [-1.7579903628489506, 4.116084726753098, -0.057723570805053685], "Sigma": [[0.013609563958275754, 0.005680282145388484, -0.0031521160053296035], [0.005680282145388484, 0.00559256546240928, -0.007699470173771764], [-0.0031521160053296035, -0.007699470173771764, 0.014825156619075517]], "chi2_level": 0.95, "chi2_df": 3, "chi2_threshold": 7.814727903251179, "N_raw": 30, "N_roi": 29, "N_inlier": 27, "refit": true}
{"timestamp": "15:27:56.232035", "frame": 44, "mu": [-1.807576625169751, 3.932439918991696, 0.8246216650826326], "Sigma": [[0.033734173783211495, 0.0074518552362624006, 0.0077252175862706635], [0.0074518552362624006, 0.003913668463572355, -0.002273453320309958], [0.0077252175862706635, -0.002273453320309958, 0.011560747099607607]], "chi2_level": 0.95, "chi2_df": 3, "chi2_threshold": 7.814727903251179, "N_raw": 60, "N_roi": 56, "N_inlier": 52, "refit": true}
{"timestamp": "15:27:56.287855", "frame": 45, "mu": [-1.8119057279418915, 3.848823173966267, 0.7515179062720209], "Sigma": [[0.044634898775564896, 0.004888751787185999, 0.009332114913816313], [0.004888751787185999, 0.0037462075453944116, -0.0032878788735950333], [0.009332114913816315, -0.003287878873595033, 0.02186392112537503]], "chi2_level": 0.95, "chi2_df": 3, "chi2_threshold": 7.814727903251179, "N_raw": 64, "N_roi": 64, "N_inlier": 62, "refit": true}
{"timestamp": "15:27:56.343115", "frame": 46, "mu": [-1.7628333914289793, 3.781944586095169, 0.8067854059250843], "Sigma": [[0.028156975607084925, 0.006291094415712817, 0.0012869550175532347], [0.006291094415712818, 0.0027161499105034952, -0.0028531941013297066], [0.0012869550175532351, -0.0028531941013297058, 0.0522265166260174]], "chi2_level": 0.95, "chi2_df": 3, "chi2_threshold": 7.814727903251179, "N_raw": 63, "N_roi": 59, "N_inlier": 58, "refit": true}
{"timestamp": "15:27:56.398121", "frame": 47, "mu": [-1.7887322822184066, 3.7296025122072507, 0.7534281738499313], "Sigma": [[0.026888768517968446, 0.004003090817408306, -0.02109202200208857], [0.004003090817408307, 0.0010474695586869531, -0.004491137079315683], [-0.021092022002088574, -0.004491137079315683, 0.07772760567132928]], "chi2_level": 0.95, "chi2_df": 3, "chi2_threshold": 7.814727903251179, "N_raw": 60, "N_roi": 59, "N_inlier": 57, "refit": true}
{"timestamp": "15:27:56.448368", "frame": 48, "mu": [-1.7044045044728178, 3.6500808057278538, 0.9078599809427326], "Sigma": [[0.013513441876325713, 0.0034308456769866717, -0.017876162365653918], [0.003430845676986672, 0.0023386101408020476, -0.007386093471536478], [-0.01787616236565392, -0.007386093471536478, 0.03334943519450959]], "chi2_level": 0.95, "chi2_df": 3, "chi2_threshold": 7.814727903251179, "N_raw": 33, "N_roi": 33, "N_inlier": 30, "refit": true}
{"timestamp": "15:27:56.504381", "frame": 49, "mu": [-1.7597854189193554, 3.5747363687504192, 1.022363078864065], "Sigma": [[0.019757449313162402, 0.005203482296214312, -0.029421896757954008], [0.005203482296214312, 0.0029483779101360814, -0.010253766478431174], [-0.029421896757954008, -0.010253766478431176, 0.05364894535415104]], "chi2_level": 0.95, "chi2_df": 3, "chi2_threshold": 7.814727903251179, "N_raw": 40, "N_roi": 40, "N_inlier": 36, "refit": true}
{"timestamp": "15:27:56.562380", "frame": 50, "mu": [-1.8627700114232226, 3.522758497588884, 0.8884836782501658], "Sigma": [[0.027596171376369532, 0.005893660966917638, -0.009261314822263365], [0.005893660966917638, 0.0032171478730801174, -0.008310563965037224], [-0.009261314822263366, -0.008310563965037224, 0.03246106747452828]], "chi2_level": 0.95, "chi2_df": 3, "chi2_threshold": 7.814727903251179, "N_raw": 62, "N_roi": 62, "N_inlier": 59, "refit": true}
{"timestamp": "15:27:56.615469", "frame": 51, "mu": [-1.6881999945977735, 3.51118590074194, 0.7079147046891414], "Sigma": [[0.027578390942605738, 0.0051969942449655825, -0.01749413867089215], [0.005196994244965582, 0.0039062358181867086, -0.004708732227595725], [-0.01749413867089215, -0.004708732227595725, 0.013835428823361568]], "chi2_level": 0.95, "chi2_df": 3, "chi2_threshold": 7.814727903251179, "N_raw": 49, "N_roi": 49, "N_inlier": 45, "refit": true}
{"timestamp": "15:27:56.667731", "frame": 52, "mu": [-1.8186278894143841, 3.428166847891857, 0.7389310172952681], "Sigma": [[0.017660339328295208, 4.858537566072861e-05, -0.01203013553204995], [4.8585375660728554e-05, 0.00016830580793863258, -5.06009724927874e-05], [-0.01203013553204995, -5.06009724927874e-05, 0.027568931109636746]], "chi2_level": 0.95, "chi2_df": 3, "chi2_threshold": 7.814727903251179, "N_raw": 26, "N_roi": 26, "N_inlier": 21, "refit": true}
{"timestamp": "15:27:56.724870", "frame": 53, "mu": [-1.9641469741434072, 3.3123665613988975, 1.108508586475973], "Sigma": [[0.019376344446079614, 0.005606242211843363, -0.02506778151110507], [0.005606242211843363, 0.004993078119191359, -0.010697814839735354], [-0.025067781511105072, -0.010697814839735354, 0.03901155419584555]], "chi2_level": 0.95, "chi2_df": 3, "chi2_threshold": 7.814727903251179, "N_raw": 46, "N_roi": 45, "N_inlier": 44, "refit": true}
{"timestamp": "15:27:56.777141", "frame": 54, "mu": [-1.7038997083854073, 3.3325937683478832, 0.7439900164319474], "Sigma": [[0.018007323349600195, 0.003999935789843544, -0.011700135176169567], [0.003999935789843544, 0.002129251584702222, -0.0035110842955616015], [-0.011700135176169569, -0.003511084295561602, 0.009807141110123624]], "chi2_level": 0.95, "chi2_df": 3, "chi2_threshold": 7.814727903251179, "N_raw": 28, "N_roi": 28, "N_inlier": 26, "refit": true}
{"timestamp": "15:27:56.836969", "frame": 55, "mu": [-1.8468635244672167, 3.3903577183227704, -0.4597441774819165], "Sigma": [[0.022548571281056463, 0.01424379730208632, 0.02313521855638189], [0.014243797302086322, 0.025255138446068477, 0.015143138488221615], [0.02313521855638189, 0.015143138488221615, 0.092191131861696]], "chi2_level": 0.95, "chi2_df": 3, "chi2_threshold": 7.814727903251179, "N_raw": 55, "N_roi": 55, "N_inlier": 54, "refit": true}
{"timestamp": "15:27:56.891104", "frame": 56, "mu": [-1.8536284457976593, 3.1964713035249437, 0.984091543424729], "Sigma": [[0.015485848677871042, 0.002752491832240547, -0.010059004637500483], [0.0027524918322405466, 0.0015021593120374919, -0.0055578061314750515], [-0.010059004637500483, -0.0055578061314750515, 0.059514741317776544]], "chi2_level": 0.95, "chi2_df": 3, "chi2_threshold": 7.814727903251179, "N_raw": 52, "N_roi": 52, "N_inlier": 49, "refit": true}
{"timestamp": "15:27:56.941304", "frame": 57, "mu": [-1.6990538022033563, 3.356406783802487, -0.547814557802285], "Sigma": [[0.019813892517071795, 0.015209389567794569, -0.04238441736850675], [0.015209389567794569, 0.01758005801923223, -0.042716684801219776], [-0.04238441736850673, -0.04271668480121977, 0.10948810147814086]], "chi2_level": 0.95, "chi2_df": 3, "chi2_threshold": 7.814727903251179, "N_raw": 14, "N_roi": 14, "N_inlier": 12, "refit": true}
{"timestamp": "15:27:56.998712", "frame": 58, "mu": [-1.8057192237495987, 3.0429037166126127, 1.0581556710148587], "Sigma": [[0.01696706201724136, 0.004789508745026958, -0.01801062462862537], [0.004789508745026958, 0.003727356637722851, -0.007676776692093448], [-0.01801062462862537, -0.007676776692093448, 0.025239850057791353]], "chi2_level": 0.95, "chi2_df": 3, "chi2_threshold": 7.814727903251179, "N_raw": 40, "N_roi": 40, "N_inlier": 39, "refit": true}
{"timestamp": "15:27:57.159619", "frame": 61, "mu": [-1.790431684412383, 2.829441984462058, 1.032265730061235], "Sigma": [[0.013339737634126107, 0.002562334358692952, -0.012957290823831265], [0.002562334358692952, 0.005281879612418211, -0.017306804726104318], [-0.012957290823831269, -0.017306804726104314, 0.06047961705547967]], "chi2_level": 0.95, "chi2_df": 3, "chi2_threshold": 7.814727903251179, "N_raw": 12, "N_roi": 12, "N_inlier": 11, "refit": true}
{"timestamp": "15:27:57.216527", "frame": 62, "mu": [-1.8291849711952681, 2.7739179326011034, 1.1415568642138942], "Sigma": [[0.007873383114522457, -0.0005664586638999057, 0.005633043678812228], [-0.0005664586638999055, 0.0034047120543738785, -0.010201746515354316], [0.005633043678812226, -0.010201746515354316, 0.04095753585221032]], "chi2_level": 0.95, "chi2_df": 3, "chi2_threshold": 7.814727903251179, "N_raw": 19, "N_roi": 19, "N_inlier": 18, "refit": true}
{"timestamp": "15:27:57.271979", "frame": 63, "mu": [-1.8408200909349206, 2.8023612111189866, 0.8411417491131595], "Sigma": [[0.02895645691229922, 0.00015132528947288181, -0.0025787696473447705], [0.00015132528947288154, 0.00185192389647015, -0.0010289205352909218], [-0.0025787696473447705, -0.0010289205352909218, 0.004865927887065403]], "chi2_level": 0.95, "chi2_df": 3, "chi2_threshold": 7.814727903251179, "N_raw": 22, "N_roi": 22, "N_inlier": 20, "refit": true}
{"timestamp": "15:27:57.332075", "frame": 64, "mu": [-1.647416564558731, 2.726701922608705, 0.8699181740388501], "Sigma": [[0.01486110428772853, -0.0012500640183428146, -0.012861225338831907], [-0.0012500640183428146, 0.0026496137833394895, -0.0007653764356177829], [-0.012861225338831907, -0.0007653764356177829, 0.018843399262753375]], "chi2_level": 0.95, "chi2_df": 3, "chi2_threshold": 7.814727903251179, "N_raw": 61, "N_roi": 44, "N_inlier": 41, "refit": true}
{"timestamp": "15:27:57.391198", "frame": 65, "mu": [-1.885762800987997, 2.618957136306228, 1.223740461144069], "Sigma": [[0.02480527389695108, 0.0028056231438841816, -0.004903267590139715], [0.0028056231438841808, 0.007379857346072495, -0.012231436699694162], [-0.004903267590139715, -0.012231436699694162, 0.036395276434780466]], "chi2_level": 0.95, "chi2_df": 3, "chi2_threshold": 7.814727903251179, "N_raw": 80, "N_roi": 80, "N_inlier": 78, "refit": true}
{"timestamp": "15:27:57.446852", "frame": 66, "mu": [-1.9067583863963418, 2.63961832690586, -0.4270425824217391], "Sigma": [[0.028142483663901187, 0.002607253491867997, 0.08709911218483601], [0.002607253491867997, 0.007984896303198027, 0.0184785832932875], [0.08709911218483601, 0.0184785832932875, 0.523110662054137]], "chi2_level": 0.95, "chi2_df": 3, "chi2_threshold": 7.814727903251179, "N_raw": 86, "N_roi": 86, "N_inlier": 83, "refit": true}
{"timestamp": "15:27:57.494469", "frame": 67, "mu": [-1.9648867991880956, 2.554862876136837, 0.7610678267496], "Sigma": [[0.019126413107217632, -0.0017924125063919147, -0.006754383733432557], [-0.0017924125063919147, 0.004251777466016719, -0.003372965138682709], [-0.006754383733432557, -0.003372965138682709, 0.019741690285378227]], "chi2_level": 0.95, "chi2_df": 3, "chi2_threshold": 7.814727903251179, "N_raw": 40, "N_roi": 40, "N_inlier": 38, "refit": true}
{"timestamp": "15:27:57.548765", "frame": 68, "mu": [-1.823684997774339, 2.381467575725012, 1.096683142447782], "Sigma": [[0.01442356385040937, -0.00018522722680005535, -0.0009484472014429767], [-0.0001852272268000549, 0.006370694995326839, -0.0065611919380298405], [-0.0009484472014429767, -0.0065611919380298405, 0.009742955905078897]], "chi2_level": 0.95, "chi2_df": 3, "chi2_threshold": 7.814727903251179, "N_raw": 38, "N_roi": 38, "N_inlier": 36, "refit": true}
{"timestamp": "15:27:57.603248", "frame": 69, "mu": [-1.784354285528204, 2.4588764627494006, 1.0683378945899589], "Sigma": [[0.05254672433069178, 0.009024611967077073, 0.001183041517030537], [0.009024611967077073, 0.0052310652176374255, -0.0008813975139795459], [0.001183041517030537, -0.000881397513979546, 0.004487574879793124]], "chi2_level": 0.95, "chi2_df": 3, "chi2_threshold": 7.814727903251179, "N_raw": 33, "N_roi": 33, "N_inlier": 30, "refit": true}
{"timestamp": "15:27:57.660330", "frame": 70, "mu": [-1.9074288425869754, 2.3492426921748217, 1.0646036989775187], "Sigma": [[0.02845079359767337, 0.008010782772775131, 0.017699179667006616], [0.008010782772775131, 0.00470537843796578, 0.0026498740036172905], [0.01769917966700662, 0.00264987400361729, 0.03153791248447666]], "chi2_level": 0.95, "chi2_df": 3, "chi2_threshold": 7.814727903251179, "N_raw": 48, "N_roi": 48, "N_inlier": 46, "refit": true}
{"timestamp": "15:27:57.715388", "frame": 71, "mu": [-1.8120168375794192, 2.2964676578457714, 1.1942553104937326], "Sigma": [[0.013466036012463049, 0.004372048738716281, -0.005395972841517429], [0.004372048738716281, 0.0041154781640478765, -0.004719107987395516], [-0.00539597284151743, -0.004719107987395516, 0.008615588980367992]], "chi2_level": 0.95, "chi2_df": 3, "chi2_threshold": 7.814727903251179, "N_raw": 43, "N_roi": 43, "N_inlier": 39, "refit": true}
{"timestamp": "15:27:57.771860", "frame": 72, "mu": [-1.795198360708591, 2.2027325703697724, 1.0240953367633225], "Sigma": [[0.015145241248934469, 0.006326768069617515, -0.003217173404379747], [0.006326768069617514, 0.0042981396406721354, -0.004974050761400008], [-0.003217173404379746, -0.004974050761400008, 0.02598080387952413]], "chi2_level": 0.95, "chi2_df": 3, "chi2_threshold": 7.814727903251179, "N_raw": 61, "N_roi": 60, "N_inlier": 53, "refit": true}
{"timestamp": "15:27:57.828422", "frame": 73, "mu": [-1.8808376354588432, 2.18121345916501, -0.6699220912730597], "Sigma": [[0.026613291129061963, 0.02603312702398887, -0.010762485690028547], [0.02603312702398887, 0.0356018118269045, -0.009309392717559352], [-0.010762485690028547, -0.00930939271755935, 0.07625079077239197]], "chi2_level": 0.95, "chi2_df": 3, "chi2_threshold": 7.814727903251179, "N_raw": 68, "N_roi": 68, "N_inlier": 63, "refit": true}
{"timestamp": "15:27:57.883161", "frame": 74, "mu": [-1.9261900157126133, 2.096150358195261, 1.1792270460563108], "Sigma": [[0.03641971000671716, 0.021851762028425575, -0.031439224446003285], [0.02185176202842557, 0.01683444647582986, -0.023504051141624144], [-0.031439224446003285, -0.023504051141624148, 0.04133740151550543]], "chi2_level": 0.95, "chi2_df": 3, "chi2_threshold": 7.814727903251179, "N_raw": 60, "N_roi": 59, "N_inlier": 52, "refit": true}
{"timestamp": "15:27:57.934430", "frame": 75, "mu": [-2.139322665604317, 1.8359233166115578, 1.3956622171885327], "Sigma": [[0.076110058176734, 0.05557998199216072, -0.03939683438990793], [0.05557998199216073, 0.04567135503730571, -0.032097797658491536], [-0.03939683438990793, -0.03209779765849154, 0.025509571443224594]], "chi2_level": 0.95, "chi2_df": 3, "chi2_threshold": 7.814727903251179, "N_raw": 42, "N_roi": 39, "N_inlier": 36, "refit": true}
{"timestamp": "15:27:57.988692", "frame": 76, "mu": [-1.9506251105644974, 2.0182511381861006, -0.37229888900497793], "Sigma": [[0.030760691609049533, 0.045100700088931134, -0.014006941145918765], [0.04510070008893114, 0.07781999968890577, -0.031643890843527846], [-0.014006941145918762, -0.031643890843527846, 0.042977607572189845]], "chi2_level": 0.95, "chi2_df": 3, "chi2_threshold": 7.814727903251179, "N_raw": 33, "N_roi": 33, "N_inlier": 31, "refit": true}
{"timestamp": "15:27:58.047360", "frame": 77, "mu": [-2.0021534185671457, 1.8649793872868714, 1.2642140554108707], "Sigma": [[0.024064933990643883, 0.016378453920598245, -0.020255966147393716], [0.016378453920598248, 0.013345292361453041, -0.017509601037196138], [-0.020255966147393712, -0.017509601037196138, 0.02599658683722273]], "chi2_level": 0.95, "chi2_df": 3, "chi2_threshold": 7.814727903251179, "N_raw": 60, "N_roi": 60, "N_inlier": 54, "refit": true}
{"timestamp": "15:27:58.107252", "frame": 78, "mu": [-1.9713811892199071, 1.8085906754600656, -0.09401110476634189], "Sigma": [[0.01943686424336012, 0.020573560970078668, 0.06620427366851526], [0.020573560970078668, 0.03492901385931031, 0.06189738670698601], [0.06620427366851526, 0.06189738670698601, 0.48777534925020855]], "chi2_level": 0.95, "chi2_df": 3, "chi2_threshold": 7.814727903251179, "N_raw": 96, "N_roi": 96, "N_inlier": 94, "refit": true}
{"timestamp": "15:27:58.162674", "frame": 79, "mu": [-1.9760760957426395, 1.7452487134432413, 1.329457584236228], "Sigma": [[0.022443860514401417, 0.013075846788515796, -0.022109090655072217], [0.013075846788515796, 0.014978563051596082, -0.020462376465230823], [-0.022109090655072217, -0.02046237646523082, 0.0325310381104121]], "chi2_level": 0.95, "chi2_df": 3, "chi2_threshold": 7.814727903251179, "N_raw": 92, "N_roi": 92, "N_inlier": 87, "refit": true}
{"timestamp": "15:27:58.210514", "frame": 80, "mu": [-1.9745464606855265, 1.609552219424303, 1.4095285268695261], "Sigma": [[0.019707950179507, 0.015590958349646532, -0.013510216596979945], [0.015590958349646532, 0.01656495341265804, -0.01343171108478353], [-0.013510216596979945, -0.01343171108478353, 0.012788566706311332]], "chi2_level": 0.95, "chi2_df": 3, "chi2_threshold": 7.814727903251179, "N_raw": 52, "N_roi": 52, "N_inlier": 50, "refit": true}
{"timestamp": "15:27:58.269702", "frame": 81, "mu": [-1.9137351733726713, 1.6062241614835513, 1.0816940789268257], "Sigma": [[0.02148719798394711, 0.014208325192105284, -0.009224331770445548], [0.014208325192105284, 0.0105944276918976, -0.008759229782238415], [-0.009224331770445548, -0.008759229782238415, 0.030650781783555084]], "chi2_level": 0.95, "chi2_df": 3, "chi2_threshold": 7.814727903251179, "N_raw": 79, "N_roi": 79, "N_inlier": 74, "refit": true}
{"timestamp": "15:27:58.331427", "frame": 82, "mu": [-1.9530158683021621, 1.5496118082881194, 1.068846025672149], "Sigma": [[0.019488683453784933, 0.013558262714284532, 0.0005976796959018147], [0.013558262714284532, 0.013732613457234286, -0.006501324993686798], [0.0005976796959018146, -0.006501324993686798, 0.07092389612053995]], "chi2_level": 0.95, "chi2_df": 3, "chi2_threshold": 7.814727903251179, "N_raw": 121, "N_roi": 121, "N_inlier": 117, "refit": true}
{"timestamp": "15:27:58.373384", "frame": 83, "mu": [-1.9218191204411466, 1.4365505746970535, 1.1668757817687145], "Sigma": [[0.015460371772707966, 0.010031312034541714, -0.011195204906584332], [0.010031312034541716, 0.010039848503247557, -0.02062952646909696], [-0.011195204906584332, -0.02062952646909696, 0.09800704352631855]], "chi2_level": 0.95, "chi2_df": 3, "chi2_threshold": 7.814727903251179, "N_raw": 29, "N_roi": 29, "N_inlier": 27, "refit": true}
{"timestamp": "15:27:58.436272", "frame": 84, "mu": [-1.9812952392291834, 1.406318622030764, 1.162977798434043], "Sigma": [[0.0327171272364948, 0.023092603867072015, -0.010109414083770666], [0.02309260386707201, 0.02146555979707284, -0.014290193336420896], [-0.010109414083770665, -0.014290193336420898, 0.06279349817627083]], "chi2_level": 0.95, "chi2_df": 3, "chi2_threshold": 7.814727903251179, "N_raw": 88, "N_roi": 88, "N_inlier": 84, "refit": true}
{"timestamp": "15:27:58.494627", "frame": 85, "mu": [-1.963899550012728, 1.3243740133670099, 0.9878335880881013], "Sigma": [[0.02316011724853095, 0.014207706930036276, 0.018444115460915487], [0.014207706930036278, 0.015463998609353246, 0.012076121034432903], [0.018444115460915483, 0.012076121034432903, 0.11213227767669388]], "chi2_level": 0.95, "chi2_df": 3, "chi2_threshold": 7.814727903251179, "N_raw": 112, "N_roi": 112, "N_inlier": 111, "refit": true}
{"timestamp": "15:27:58.554404", "frame": 86, "mu": [-1.897452220040844, 1.3519378454774267, 1.0500058549354994], "Sigma": [[0.02597191172792672, 0.017729012821929388, 0.004436713874740116], [0.017729012821929388, 0.016883934861702275, -0.004988598697333952], [0.004436713874740117, -0.004988598697333953, 0.06749198797291309]], "chi2_level": 0.95, "chi2_df": 3, "chi2_threshold": 7.814727903251179, "N_raw": 137, "N_roi": 137, "N_inlier": 132, "refit": true}
{"timestamp": "15:27:58.609592", "frame": 87, "mu": [-1.8668337111380444, 1.2880492241510741, 1.0558072209486733], "Sigma": [[0.02655667046800494, 0.017130679360780204, 0.001105051397849523], [0.017130679360780204, 0.016428982952036313, -0.012112933922949688], [0.0011050513978495236, -0.012112933922949688, 0.03798645720948968]], "chi2_level": 0.95, "chi2_df": 3, "chi2_threshold": 7.814727903251179, "N_raw": 136, "N_roi": 136, "N_inlier": 128, "refit": true}
{"timestamp": "15:27:58.664387", "frame": 88, "mu": [-1.7890643359197536, 1.3358761161728658, 1.2043085150418644], "Sigma": [[0.03220182575008502, 0.024713195495522006, -0.0069186138214534405], [0.024713195495522006, 0.026549727828250998, -0.009534342640630269], [-0.00691861382145344, -0.009534342640630269, 0.0538111950803348]], "chi2_level": 0.95, "chi2_df": 3, "chi2_threshold": 7.814727903251179, "N_raw": 138, "N_roi": 138, "N_inlier": 130, "refit": true}
{"timestamp": "15:27:58.714925", "frame": 89, "mu": [-1.8416908962100678, 1.1619573428359868, 1.0503345711736736], "Sigma": [[0.02240911482559922, 0.016222074441027193, 0.005538609530541515], [0.016222074441027193, 0.015347881871872965, -0.004861692459579921], [0.005538609530541515, -0.004861692459579921, 0.042333220970474435]], "chi2_level": 0.95, "chi2_df": 3, "chi2_threshold": 7.814727903251179, "N_raw": 103, "N_roi": 103, "N_inlier": 102, "refit": true}
{"timestamp": "15:27:58.767489", "frame": 90, "mu": [-1.8338948402493966, 1.1570154065714697, 1.1521887341071153], "Sigma": [[0.022377256061604508, 0.01321321256912649, -0.002582766003644636], [0.013213212569126487, 0.012066798203643472, -0.007125105496496904], [-0.002582766003644636, -0.007125105496496904, 0.017545646253622878]], "chi2_level": 0.95, "chi2_df": 3, "chi2_threshold": 7.814727903251179, "N_raw": 92, "N_roi": 92, "N_inlier": 88, "refit": true}
{"timestamp": "15:27:58.821236", "frame": 91, "mu": [-1.767741995820426, 1.0577382965050357, 1.2405869879408564], "Sigma": [[0.010148741374927222, 0.007050352894805592, 0.003501050374146308], [0.007050352894805592, 0.02080294020357786, -0.011908545084748635], [0.0035010503741463076, -0.011908545084748635, 0.022104392721496505]], "chi2_level": 0.95, "chi2_df": 3, "chi2_threshold": 7.814727903251179, "N_raw": 92, "N_roi": 92, "N_inlier": 83, "refit": true}
{"timestamp": "15:27:58.878998", "frame": 92, "mu": [-1.8032608930240392, 0.9276802653217786, 1.2479228335796198], "Sigma": [[0.014657596824712571, 0.005185502283874495, 0.01442329480434822], [0.005185502283874495, 0.011586908754009419, -0.003992433511218138], [0.01442329480434822, -0.003992433511218137, 0.04473682616050907]], "chi2_level": 0.95, "chi2_df": 3, "chi2_threshold": 7.814727903251179, "N_raw": 97, "N_roi": 97, "N_inlier": 95, "refit": true}
{"timestamp": "15:27:58.936181", "frame": 93, "mu": [-1.7960697748913572, 0.9289156268097959, -0.7833453301004027], "Sigma": [[0.01929894047345085, 0.012575985652663851, 0.016214236905896125], [0.012575985652663851, 0.020434358964096004, 0.0024440073979720414], [0.01621423690589613, 0.002444007397972043, 0.035299941864828564]], "chi2_level": 0.95, "chi2_df": 3, "chi2_threshold": 7.814727903251179, "N_raw": 116, "N_roi": 116, "N_inlier": 110, "refit": true}
{"timestamp": "15:27:58.991053", "frame": 94, "mu": [-1.8057242947043504, 0.8456115916250004, 1.1755025882167742], "Sigma": [[0.024479531884117913, 0.014629709666451416, 0.026147855017425496], [0.014629709666451416, 0.01777872827726083, 0.007986708188404617], [0.026147855017425496, 0.007986708188404617, 0.051241480924107685]], "chi2_level": 0.95, "chi2_df": 3, "chi2_threshold": 7.814727903251179, "N_raw": 108, "N_roi": 108, "N_inlier": 107, "refit": true}
{"timestamp": "15:27:59.048598", "frame": 95, "mu": [-1.7393561972914007, 0.8746618051912864, 1.1537042732246494], "Sigma": [[0.020599137940553888, 0.019327593209968633, 0.012981030932323064], [0.019327593209968633, 0.029389547822530265, 0.003652659816281426], [0.012981030932323064, 0.0036526598162814265, 0.03183255309652086]], "chi2_level": 0.95, "chi2_df": 3, "chi2_threshold": 7.814727903251179, "N_raw": 128, "N_roi": 128, "N_inlier": 124, "refit": true}
{"timestamp": "15:27:59.101629", "frame": 96, "mu": [-1.686110214193297, 0.9001615785795285, 0.06344376740868428], "Sigma": [[0.01756993009242716, 0.013033659959825212, 0.05570742842232798], [0.013033659959825212, 0.018996770737304103, 0.08348218560792336], [0.05570742842232798, 0.08348218560792336, 0.7999325924305465]], "chi2_level": 0.95, "chi2_df": 3, "chi2_threshold": 7.814727903251179, "N_raw": 117, "N_roi": 117, "N_inlier": 113, "refit": true}
{"timestamp": "15:27:59.153178", "frame": 97, "mu": [-1.692254520840096, 0.8288659690857512, 1.2372333645758815], "Sigma": [[0.012401356862025861, 0.006490244769946858, 0.011152885085547796], [0.006490244769946858, 0.010267910945114164, -0.004491955965832303], [0.011152885085547796, -0.004491955965832303, 0.03469856170245531]], "chi2_level": 0.95, "chi2_df": 3, "chi2_threshold": 7.814727903251179, "N_raw": 97, "N_roi": 97, "N_inlier": 95, "refit": true}
{"timestamp": "15:27:59.208437", "frame": 98, "mu": [-1.7016129012241428, 0.9506116569656671, -0.6001613709492909], "Sigma": [[0.01483077713408404, 0.010932902732837386, 0.01576647262891326], [0.010932902732837388, 0.01749937281313406, 0.0021575966257638673], [0.01576647262891326, 0.002157596625763867, 0.030520301546244785]], "chi2_level": 0.95, "chi2_df": 3, "chi2_threshold": 7.814727903251179, "N_raw": 93, "N_roi": 93, "N_inlier": 90, "refit": true}
{"timestamp": "15:27:59.265907", "frame": 99, "mu": [-1.6401690876661232, 0.7629788667563685, 1.2530931589394982], "Sigma": [[0.01908484972373738, 0.013522397914248231, 0.014715966277099037], [0.013522397914248231, 0.01797256583232021, 0.001466092382020074], [0.014715966277099039, 0.0014660923820200742, 0.030734953655443424]], "chi2_level": 0.95, "chi2_df": 3, "chi2_threshold": 7.814727903251179, "N_raw": 119, "N_roi": 119, "N_inlier": 116, "refit": true}
{"timestamp": "15:27:59.437739", "frame": 100, "mu": [-1.6082623736231703, 0.7126705003223108, 1.3076034917593342], "Sigma": [[0.01596169867240646, 0.013335709130808872, 0.012134031107104374], [0.013335709130808872, 0.01625088141958872, 0.0039445408866590065], [0.012134031107104374, 0.003944540886659007, 0.02331513953421885]], "chi2_level": 0.95, "chi2_df": 3, "chi2_threshold": 7.814727903251179, "N_raw": 85, "N_roi": 85, "N_inlier": 83, "refit": true}
{"timestamp": "15:27:59.469920", "frame": 101, "mu": [-1.5705488970269856, 0.7333197362901663, 1.3097482751995497], "Sigma": [[0.011962347442605081, 0.007724882580918276, 0.0057752517248473734], [0.007724882580918276, 0.013312670338867174, -0.007518490492717988], [0.0057752517248473734, -0.007518490492717987, 0.024733839186041138]], "chi2_level": 0.95, "chi2_df": 3, "chi2_threshold": 7.814727903251179, "N_raw": 99, "N_roi": 99, "N_inlier": 98, "refit": true}
{"timestamp": "15:27:59.500868", "frame": 102, "mu": [-1.5216606702519886, 0.7711676428490787, -0.13252295425893812], "Sigma": [[0.01156360835911521, 0.008384099458431134, 0.038169728273107745], [0.008384099458431134, 0.011975702988665658, 0.06356351819329716], [0.038169728273107745, 0.06356351819329716, 0.6937783613334318]], "chi2_level": 0.95, "chi2_df": 3, "chi2_threshold": 7.814727903251179, "N_raw": 97, "N_roi": 97, "N_inlier": 95, "refit": true}
{"timestamp": "15:27:59.534042", "frame": 103, "mu": [-1.4788186458792718, 0.7804540484401431, 1.300704288715527], "Sigma": [[0.009683226275126354, 0.0057387686069113875, 0.004549417512256347], [0.005738768606911388, 0.010345507200705713, -0.00635509895481878], [0.004549417512256348, -0.00635509895481878, 0.02378184561323704]], "chi2_level": 0.95, "chi2_df": 3, "chi2_threshold": 7.814727903251179, "N_raw": 97, "N_roi": 97, "N_inlier": 92, "refit": true}
{"timestamp": "15:27:59.550016", "frame": 104, "mu": [-1.4278895945408425, 0.7903577493779678, 1.3578050949165417], "Sigma": [[0.011668012168238767, 0.008206520023279672, 0.005840451795000518], [0.008206520023279673, 0.013609702783503706, -0.0056340640478287525], [0.005840451795000517, -0.0056340640478287525, 0.02008422458796635]], "chi2_level": 0.95, "chi2_df": 3, "chi2_threshold": 7.814727903251179, "N_raw": 104, "N_roi": 104, "N_inlier": 99, "refit": true}
{"timestamp": "15:27:59.597371", "frame": 105, "mu": [-1.383290176390509, 0.7853053539187529, 1.3891066444699887], "Sigma": [[0.012477128081459865, 0.007261509549331738, 0.005045628159118324], [0.007261509549331737, 0.009254807769870444, -0.0036264259354610337], [0.0050456281591183235, -0.0036264259354610332, 0.01509048215969945]], "chi2_level": 0.95, "chi2_df": 3, "chi2_threshold": 7.814727903251179, "N_raw": 93, "N_roi": 93, "N_inlier": 91, "refit": true}
{"timestamp": "15:27:59.645804", "frame": 106, "mu": [-1.389180980673934, 0.759411378334664, 1.3669465477882359], "Sigma": [[0.009848697174857545, 0.00814455331259616, 0.0061663572063700225], [0.00814455331259616, 0.012068750729741291, -0.0021560990186803575], [0.0061663572063700225, -0.0021560990186803575, 0.01862892380376579]], "chi2_level": 0.95, "chi2_df": 3, "chi2_threshold": 7.814727903251179, "N_raw": 85, "N_roi": 85, "N_inlier": 82, "refit": true}
{"timestamp": "15:27:59.700306", "frame": 107, "mu": [-1.3374865827072513, 0.771686857127951, 1.3982359599468133], "Sigma": [[0.007645364118273502, 0.00679585465528079, 0.00861364159945794], [0.00679585465528079, 0.012882458156003791, 0.003700485328521308], [0.00861364159945794, 0.003700485328521308, 0.024374882350571954]], "chi2_level": 0.95, "chi2_df": 3, "chi2_threshold": 7.814727903251179, "N_raw": 74, "N_roi": 74, "N_inlier": 69, "refit": true}
{"timestamp": "15:27:59.753770", "frame": 108, "mu": [-1.3204813278856928, 0.7612779245433784, 1.4176198873549517], "Sigma": [[0.006597059181551402, 0.005972675627816422, 0.004046848568439162], [0.005972675627816422, 0.012397601471038138, -0.0006647899184016744], [0.004046848568439162, -0.0006647899184016749, 0.018773471388972708]], "chi2_level": 0.95, "chi2_df": 3, "chi2_threshold": 7.814727903251179, "N_raw": 66, "N_roi": 66, "N_inlier": 62, "refit": true}
{"timestamp": "15:27:59.808486", "frame": 109, "mu": [-1.2941044062509082, 0.9739704031855994, -0.30123054371080277], "Sigma": [[0.007091971439208096, 0.0036685861096948397, 0.0009077486867073324], [0.0036685861096948397, 0.008720461254830945, -0.006470925272934701], [0.0009077486867073324, -0.006470925272934701, 0.012642192213484683]], "chi2_level": 0.95, "chi2_df": 3, "chi2_threshold": 7.814727903251179, "N_raw": 64, "N_roi": 64, "N_inlier": 59, "refit": true}
{"timestamp": "15:27:59.864541", "frame": 110, "mu": [-1.2578050573684174, 0.8451975590218053, 1.4628275489386113], "Sigma": [[0.008520028966477114, 0.005134853746171864, 0.0029249088541176476], [0.005134853746171864, 0.008629980875237576, 0.000436692780605428], [0.002924908854117647, 0.00043669278060542814, 0.028086902958338315]], "chi2_level": 0.95, "chi2_df": 3, "chi2_threshold": 7.814727903251179, "N_raw": 77, "N_roi": 77, "N_inlier": 75, "refit": true}
{"timestamp": "15:27:59.923819", "frame": 111, "mu": [-1.1770911503714707, 1.0310332896332521, -0.22929867483135064], "Sigma": [[0.010935810904509072, 0.006347321177534885, 0.0015107424798638503], [0.006347321177534885, 0.011256702529837006, -0.00884898239123258], [0.0015107424798638507, -0.00884898239123258, 0.017577127759915823]], "chi2_level": 0.95, "chi2_df": 3, "chi2_threshold": 7.814727903251179, "N_raw": 101, "N_roi": 101, "N_inlier": 98, "refit": true}
{"timestamp": "15:27:59.973887", "frame": 112, "mu": [-1.180024858732698, 0.9250299436280726, 1.6169221073983158], "Sigma": [[0.008237758470014699, 0.0037274554196802235, -0.0036330550437401353], [0.0037274554196802235, 0.006135007279494898, -0.006214702188956604], [-0.003633055043740135, -0.006214702188956604, 0.009102911157427685]], "chi2_level": 0.95, "chi2_df": 3, "chi2_threshold": 7.814727903251179, "N_raw": 70, "N_roi": 70, "N_inlier": 66, "refit": true}
