{"timestamp": "18:45:07.285781", "frame": 19, "mu": [-0.6927827361968238, 0.32865709209169547, 1.3176982886693573], "Sigma": [[1.0641971787688813, 0.0013342578523800374, 0.024523005660211594], [0.0013342578523800356, 0.002971466468077673, -0.0009425882979776702], [0.024523005660211594, -0.0009425882979776702, 0.0028767160120802774]], "chi2_level": 0.99, "chi2_df": 3, "chi2_threshold": 11.344866730144373, "N_raw": 27, "N_roi": 27, "N_inlier": 27, "refit": true}
{"timestamp": "18:45:07.398093", "frame": 21, "mu": [-0.997736637334818, 0.38922123881240667, 1.4474167424413478], "Sigma": [[0.41429107201209664, -0.016855720124429825, 0.009370567792863372], [-0.016855720124429825, 0.0046793910863077515, -0.0026400315254750274], [0.009370567792863372, -0.0026400315254750274, 0.002418640803958568]], "chi2_level": 0.99, "chi2_df": 3, "chi2_threshold": 11.344866730144373, "N_raw": 42, "N_roi": 42, "N_inlier": 41, "refit": true}
{"timestamp": "18:45:07.449593", "frame": 22, "mu": [-1.2069421461670977, 0.43882271172357795, 1.387724659556313], "Sigma": [[0.0017956595789056782, 0.0016853009532905904, -0.0004273615770022996], [0.0016853009532905904, 0.0029257570695876874, -0.0014036402309268534], [-0.0004273615770022996, -0.0014036402309268534, 0.0014321260913097611]], "chi2_level": 0.99, "chi2_df": 3, "chi2_threshold": 11.344866730144373, "N_raw": 16, "N_roi": 16, "N_inlier": 16, "refit": true}
{"timestamp": "18:45:07.510878", "frame": 23, "mu": [-1.1390320673324468, 0.4429980214766763, 1.4875449078157974], "Sigma": [[0.007975004282032155, 0.002551333612572128, 0.0009183434920571801], [0.002551333612572128, 0.0060337795491741475, -0.003413622996253003], [0.0009183434920571802, -0.003413622996253003, 0.003185284068890926]], "chi2_level": 0.99, "chi2_df": 3, "chi2_threshold": 11.344866730144373, "N_raw": 61, "N_roi": 61, "N_inlier": 58, "refit": true}
{"timestamp": "18:45:07.565802", "frame": 24, "mu": [-1.1133867180406276, 0.4731062887382811, 1.479622967222594], "Sigma": [[0.0062692554171802015, 0.0020121150076520414, 0.0016087648177638852], [0.0020121150076520414, 0.004396777654862616, -0.003067593761736201], [0.0016087648177638852, -0.0030675937617362014, 0.005139163804705991]], "chi2_level": 0.99, "chi2_df": 3, "chi2_threshold": 11.344866730144373, "N_raw": 60, "N_roi": 60, "N_inlier": 57, "refit": true}
{"timestamp": "18:45:07.623420", "frame": 25, "mu": [-1.0733359263000886, 0.5334262131200526, 1.4719979482291823], "Sigma": [[0.008810103126158365, 0.0035251486534815506, 3.3779340769991384e-05], [0.0035251486534815506, 0.00694319776700189, -0.004313947862115041], [3.3779340769991275e-05, -0.004313947862115041, 0.004237757709333318]], "chi2_level": 0.99, "chi2_df": 3, "chi2_threshold": 11.344866730144373, "N_raw": 80, "N_roi": 80, "N_inlier": 78, "refit": true}
{"timestamp": "18:45:07.682296", "frame": 26, "mu": [-0.9940354280550137, 0.5854746523175772, 1.4730566048673626], "Sigma": [[0.009270725992889835, 0.0017017487991417158, -0.0025836043955960674], [0.001701748799141716, 0.006869074875463058, -0.003691425148535842], [-0.002583604395596067, -0.003691425148535842, 0.0028085143707305103]], "chi2_level": 0.99, "chi2_df": 3, "chi2_threshold": 11.344866730144373, "N_raw": 88, "N_roi": 88, "N_inlier": 83, "refit": true}
{"timestamp": "18:45:07.735078", "frame": 27, "mu": [-0.975002634347497, 0.6289679785160142, 1.4710591069378636], "Sigma": [[0.01199410867671377, 0.0033223347570907084, -0.0028303903920312095], [0.0033223347570907084, 0.0039879661399982195, -0.00256789569489026], [-0.0028303903920312095, -0.00256789569489026, 0.0024749180364118783]], "chi2_level": 0.99, "chi2_df": 3, "chi2_threshold": 11.344866730144373, "N_raw": 72, "N_roi": 72, "N_inlier": 70, "refit": true}
{"timestamp": "18:45:07.784262", "frame": 28, "mu": [-0.9134584076545506, 0.7115674563958767, 1.528199042016566], "Sigma": [[0.009424774040911006, 0.0012980823160283065, -0.017773151631529444], [0.0012980823160283063, 0.004245384705697447, -0.006030361643243913], [-0.017773151631529444, -0.006030361643243913, 0.06436229902703403]], "chi2_level": 0.99, "chi2_df": 3, "chi2_threshold": 11.344866730144373, "N_raw": 27, "N_roi": 27, "N_inlier": 27, "refit": true}
{"timestamp": "18:45:07.839501", "frame": 29, "mu": [-1.0530450043030972, 0.6678713523087302, 1.656560303159509], "Sigma": [[0.004914923344771764, 0.00184852396343685, 0.0028336168289895573], [0.00184852396343685, 0.0029876768653641196, -0.0007659997235303448], [0.0028336168289895573, -0.0007659997235303449, 0.005174136665636976]], "chi2_level": 0.99, "chi2_df": 3, "chi2_threshold": 11.344866730144373, "N_raw": 35, "N_roi": 35, "N_inlier": 33, "refit": true}
{"timestamp": "18:45:07.896376", "frame": 30, "mu": [-0.7755168494432945, 0.8198914561299938, 1.1544112109158573], "Sigma": [[0.024419492097642694, 0.008729688893016263, -0.048688635151137985], [0.008729688893016263, 0.004200489264001374, -0.01822266614284774], [-0.048688635151137985, -0.01822266614284774, 0.11024141794709769]], "chi2_level": 0.99, "chi2_df": 3, "chi2_threshold": 11.344866730144373, "N_raw": 51, "N_roi": 51, "N_inlier": 50, "refit": true}
{"timestamp": "18:45:07.948667", "frame": 31, "mu": [-0.9671265080888201, 0.7787838699433249, 1.7991026472710958], "Sigma": [[0.01958288623140217, 0.012416384612049908, -0.029933632696549382], [0.012416384612049908, 0.011907812652183861, -0.019725344475125667], [-0.029933632696549382, -0.01972534447512566, 0.06213938048945498]], "chi2_level": 0.99, "chi2_df": 3, "chi2_threshold": 11.344866730144373, "N_raw": 28, "N_roi": 28, "N_inlier": 27, "refit": true}
{"timestamp": "18:45:08.007494", "frame": 32, "mu": [-0.6793451902302873, 1.1639541622406786, -0.46103590774685704], "Sigma": [[0.005251150645919759, -0.0008982995428590226, -0.007248908533579589], [-0.0008982995428590231, 0.019974126309791992, -0.05405566653247789], [-0.007248908533579589, -0.05405566653247789, 0.1814215960811423]], "chi2_level": 0.99, "chi2_df": 3, "chi2_threshold": 11.344866730144373, "N_raw": 55, "N_roi": 55, "N_inlier": 53, "refit": true}
{"timestamp": "18:45:08.065271", "frame": 33, "mu": [-0.6173503705003383, 1.020871048384658, 1.2781103258796838], "Sigma": [[0.0029357267908239294, -0.0012697737623839492, -0.00253451314801273], [-0.0012697737623839492, 0.003879166339474119, -0.00024468146730344644], [-0.00253451314801273, -0.00024468146730344655, 0.08931010672055113]], "chi2_level": 0.99, "chi2_df": 3, "chi2_threshold": 11.344866730144373, "N_raw": 71, "N_roi": 71, "N_inlier": 67, "refit": true}
{"timestamp": "18:45:08.116349", "frame": 34, "mu": [-0.5898182190667844, 1.0847642246778921, 1.20480302126497], "Sigma": [[0.002378895914352873, 0.001672042132325903, 0.003292515775432496], [0.0016720421323259027, 0.005388848787568362, 0.010651643855974221], [0.0032925157754324958, 0.010651643855974221, 0.1117862275715377]], "chi2_level": 0.99, "chi2_df": 3, "chi2_threshold": 11.344866730144373, "N_raw": 39, "N_roi": 39, "N_inlier": 37, "refit": true}
{"timestamp": "18:45:08.171196", "frame": 35, "mu": [-0.605598160146464, 1.2004061058133961, 1.401960350054092], "Sigma": [[0.0028272792787709874, -0.0002739834924835806, -0.003853926853968521], [-0.0002739834924835806, 0.002131203156972937, -0.0037217416658661727], [-0.003853926853968521, -0.0037217416658661727, 0.07306390337359718]], "chi2_level": 0.99, "chi2_df": 3, "chi2_threshold": 11.344866730144373, "N_raw": 41, "N_roi": 41, "N_inlier": 38, "refit": true}
{"timestamp": "18:45:08.234545", "frame": 36, "mu": [-0.5184254548515838, 1.232411453148226, 1.1948812240077653], "Sigma": [[0.005466527105868736, -0.0015181416850152335, 0.01576888386281213], [-0.0015181416850152335, 0.004132460585262688, -0.008824506686879317], [0.01576888386281213, -0.008824506686879317, 0.2618432961054697]], "chi2_level": 0.99, "chi2_df": 3, "chi2_threshold": 11.344866730144373, "N_raw": 95, "N_roi": 95, "N_inlier": 95, "refit": true}
{"timestamp": "18:45:08.284391", "frame": 37, "mu": [-0.4336521215336396, 1.3035570911701218, 1.4950880345087998], "Sigma": [[0.003699249517462531, -0.0019131731100089898, -0.0016831979000291276], [-0.0019131731100089898, 0.005021364273937089, -0.003616552469301292], [-0.001683197900029128, -0.003616552469301292, 0.008007105892961308]], "chi2_level": 0.99, "chi2_df": 3, "chi2_threshold": 11.344866730144373, "N_raw": 63, "N_roi": 63, "N_inlier": 58, "refit": true}
{"timestamp": "18:45:08.336626", "frame": 38, "mu": [-0.454453974215273, 1.2997465078000252, 1.568382574417309], "Sigma": [[0.003849196800858979, -0.0011837877949901596, -0.00682501572247892], [-0.0011837877949901596, 0.0039828069324166744, -0.012124020832249718], [-0.006825015722478921, -0.012124020832249718, 0.1173501063941061]], "chi2_level": 0.99, "chi2_df": 3, "chi2_threshold": 11.344866730144373, "N_raw": 48, "N_roi": 48, "N_inlier": 46, "refit": true}
{"timestamp": "18:45:08.398828", "frame": 39, "mu": [-0.3261429198929456, 1.3650147307300766, -0.31483113840680277], "Sigma": [[0.006423501764014552, -0.003143775985845058, 0.0396911898464621], [-0.0031437759858450576, 0.008599210169524947, -0.0034876012208647465], [0.0396911898464621, -0.0034876012208647474, 0.6227518534066918]], "chi2_level": 0.99, "chi2_df": 3, "chi2_threshold": 11.344866730144373, "N_raw": 90, "N_roi": 87, "N_inlier": 86, "refit": true}
{"timestamp": "18:45:08.454681", "frame": 40, "mu": [-0.2607258330600322, 1.4796967520767776, -0.42897886984507716], "Sigma": [[0.005647167852859797, -0.005837953087468029, 0.04938445090635174], [-0.005837953087468029, 0.0476559107752076, -0.09364010748431496], [0.04938445090635173, -0.09364010748431496, 0.6336452909857605]], "chi2_level": 0.99, "chi2_df": 3, "chi2_threshold": 11.344866730144373, "N_raw": 90, "N_roi": 90, "N_inlier": 90, "refit": true}
{"timestamp": "18:45:08.506530", "frame": 41, "mu": [-0.2602046732620592, 1.4934607570439802, 1.3768293036072028], "Sigma": [[0.005809645612518862, -0.0040588417928834695, -0.0031899631289467392], [-0.0040588417928834695, 0.006631353574022407, -0.012006775642128816], [-0.0031899631289467392, -0.012006775642128816, 0.19464846890841814]], "chi2_level": 0.99, "chi2_df": 3, "chi2_threshold": 11.344866730144373, "N_raw": 75, "N_roi": 75, "N_inlier": 72, "refit": true}
{"timestamp": "18:45:08.562461", "frame": 42, "mu": [-0.21459272111544403, 1.5541102010812604, 1.4554830145844386], "Sigma": [[0.006056310902949373, -0.0031403738708250225, -0.011873373143124328], [-0.0031403738708250225, 0.011694820426617512, 0.013944601296540158], [-0.011873373143124328, 0.013944601296540158, 0.06538906046257659]], "chi2_level": 0.99, "chi2_df": 3, "chi2_threshold": 11.344866730144373, "N_raw": 86, "N_roi": 86, "N_inlier": 83, "refit": true}
{"timestamp": "18:45:08.616837", "frame": 43, "mu": [-0.1633540258772114, 1.6126404387209818, 1.5056161778381052], "Sigma": [[0.005898065543180822, -0.0002514362067854702, -0.003979662932376645], [-0.00025143620678547005, 0.007468786605249662, -0.0009260955316640293], [-0.003979662932376645, -0.0009260955316640293, 0.003268414590374989]], "chi2_level": 0.99, "chi2_df": 3, "chi2_threshold": 11.344866730144373, "N_raw": 77, "N_roi": 73, "N_inlier": 71, "refit": true}
{"timestamp": "18:45:08.674693", "frame": 44, "mu": [-0.08597277164455092, 1.6069705423221772, 1.253330433450508], "Sigma": [[0.004899065946078734, -0.0022100748780046102, -0.006661586196168053], [-0.00221007487800461, 0.009082393206753222, 0.009661272305366758], [-0.006661586196168053, 0.009661272305366758, 0.2565898540271646]], "chi2_level": 0.99, "chi2_df": 3, "chi2_threshold": 11.344866730144373, "N_raw": 98, "N_roi": 96, "N_inlier": 93, "refit": true}
{"timestamp": "18:45:08.734366", "frame": 45, "mu": [-0.13069082758398404, 1.6954951376458063, 1.1313287543261619], "Sigma": [[0.025843085795831278, -0.000544138721999148, 0.05470855797836413], [-0.0005441387219991484, 0.0070348822605225325, 0.011875040392901895], [0.05470855797836413, 0.011875040392901895, 0.2723135680444883]], "chi2_level": 0.99, "chi2_df": 3, "chi2_threshold": 11.344866730144373, "N_raw": 134, "N_roi": 134, "N_inlier": 132, "refit": true}
{"timestamp": "18:45:08.790757", "frame": 46, "mu": [-0.07935894657239177, 1.917057256144734, -0.46996284481827366], "Sigma": [[0.022444721046868815, -0.014713627169954786, 0.056956680351469], [-0.014713627169954786, 0.018420198019738744, -0.05910196652945341], [0.056956680351469, -0.05910196652945341, 0.23607296989171792]], "chi2_level": 0.99, "chi2_df": 3, "chi2_threshold": 11.344866730144373, "N_raw": 129, "N_roi": 128, "N_inlier": 119, "refit": true}
{"timestamp": "18:45:08.842791", "frame": 47, "mu": [-0.008763252782346569, 1.8013627483775478, 0.9954023180227656], "Sigma": [[0.020236601009810486, -0.006644833507641098, 0.049153286225271445], [-0.006644833507641098, 0.00636840872740987, -0.03293845833639201], [0.049153286225271445, -0.032938458336392015, 0.28682500772711256]], "chi2_level": 0.99, "chi2_df": 3, "chi2_threshold": 11.344866730144373, "N_raw": 112, "N_roi": 109, "N_inlier": 108, "refit": true}
{"timestamp": "18:45:08.898405", "frame": 48, "mu": [0.07133322047456876, 2.0392816505465454, -0.4791842454655313], "Sigma": [[0.009549209774414669, -0.009533373578860822, 0.01817150456106858], [-0.009533373578860822, 0.03905226368619397, -0.11789642057375294], [0.01817150456106858, -0.11789642057375294, 0.4391606872759477]], "chi2_level": 0.99, "chi2_df": 3, "chi2_threshold": 11.344866730144373, "N_raw": 111, "N_roi": 111, "N_inlier": 111, "refit": true}
{"timestamp": "18:45:08.947711", "frame": 49, "mu": [0.1275510840011711, 1.8738765794028125, 1.317948946481419], "Sigma": [[0.0061266172496548905, -0.0004976185388798002, 0.009684952076020688], [-0.0004976185388798002, 0.005310371691052042, 0.008559991034273046], [0.00968495207602069, 0.008559991034273046, 0.23454918910660152]], "chi2_level": 0.99, "chi2_df": 3, "chi2_threshold": 11.344866730144373, "N_raw": 85, "N_roi": 85, "N_inlier": 84, "refit": true}
{"timestamp": "18:45:08.999501", "frame": 50, "mu": [0.15738316221081475, 1.9032148806638403, 1.0533591107613813], "Sigma": [[0.00826633980574913, 0.0001533440346199191, 0.045022381087497135], [0.00015334403461991913, 0.004239378937178314, 0.016481514666521348], [0.045022381087497135, 0.016481514666521348, 0.47167959566674106]], "chi2_level": 0.99, "chi2_df": 3, "chi2_threshold": 11.344866730144373, "N_raw": 63, "N_roi": 62, "N_inlier": 60, "refit": true}
{"timestamp": "18:45:09.053144", "frame": 51, "mu": [0.18829029262952268, 2.0874662377615008, 0.01799621908266045], "Sigma": [[0.005490125876201859, -0.001156646654092596, -0.001171203747142888], [-0.0011566466540925962, 0.006923613772661177, -0.016497946227426542], [-0.0011712037471428881, -0.016497946227426542, 0.09561774486571706]], "chi2_level": 0.99, "chi2_df": 3, "chi2_threshold": 11.344866730144373, "N_raw": 48, "N_roi": 47, "N_inlier": 43, "refit": true}
{"timestamp": "18:45:09.106342", "frame": 52, "mu": [0.2135115038499802, 2.096588380514497, 1.2671179559106789], "Sigma": [[0.005012901961042033, -0.0018768524082632787, 0.0014869604039050499], [-0.0018768524082632787, 0.006094454305834593, 0.019674057644526722], [0.0014869604039050499, 0.019674057644526725, 0.20888673518809334]], "chi2_level": 0.99, "chi2_df": 3, "chi2_threshold": 11.344866730144373, "N_raw": 33, "N_roi": 33, "N_inlier": 30, "refit": true}
{"timestamp": "18:45:09.160656", "frame": 53, "mu": [0.2691955256389633, 2.102361836179234, 1.4642147901743388], "Sigma": [[0.005676858779302901, -0.003896920293025399, -0.008597070165068287], [-0.003896920293025399, 0.00530365618871789, 0.003487572326086474], [-0.00859707016506829, 0.003487572326086474, 0.24692953767083295]], "chi2_level": 0.99, "chi2_df": 3, "chi2_threshold": 11.344866730144373, "N_raw": 26, "N_roi": 26, "N_inlier": 25, "refit": true}
{"timestamp": "18:45:09.215220", "frame": 54, "mu": [0.3205172929787336, 2.133159774612112, 1.2683202269948546], "Sigma": [[0.00883005241894306, -0.007385318885708996, 0.015946633516229443], [-0.007385318885708996, 0.018782121910167923, 0.023012695882375332], [0.015946633516229443, 0.023012695882375332, 0.2205605554371898]], "chi2_level": 0.99, "chi2_df": 3, "chi2_threshold": 11.344866730144373, "N_raw": 36, "N_roi": 36, "N_inlier": 34, "refit": true}
{"timestamp": "18:45:09.272205", "frame": 55, "mu": [0.43680808842291385, 2.2905737155879273, -0.07310450840764203], "Sigma": [[0.004640934061929009, -0.0002484876308466488, -0.004446980934175616], [-0.0002484876308466487, 0.015252439273444164, -0.03182102048172429], [-0.004446980934175615, -0.03182102048172429, 0.08722117172809762]], "chi2_level": 0.99, "chi2_df": 3, "chi2_threshold": 11.344866730144373, "N_raw": 48, "N_roi": 48, "N_inlier": 46, "refit": true}
{"timestamp": "18:45:09.323912", "frame": 56, "mu": [0.47120430173181566, 2.2195023512995826, 1.1191516043541458], "Sigma": [[0.0059464887300192965, -0.0017730566400487662, 0.03002152030146065], [-0.0017730566400487662, 0.0038531256123445212, -0.024432735899363796], [0.03002152030146065, -0.024432735899363792, 0.4035634958471074]], "chi2_level": 0.99, "chi2_df": 3, "chi2_threshold": 11.344866730144373, "N_raw": 28, "N_roi": 28, "N_inlier": 27, "refit": true}
{"timestamp": "18:45:09.383535", "frame": 57, "mu": [0.5236224741842705, 2.307209291930161, 0.8185187946610116], "Sigma": [[0.007021683809696623, -0.0017716274356922765, -0.00815992038899448], [-0.0017716274356922765, 0.004075930219613915, -0.021867435094604426], [-0.00815992038899448, -0.021867435094604426, 0.5957747677299676]], "chi2_level": 0.99, "chi2_df": 3, "chi2_threshold": 11.344866730144373, "N_raw": 64, "N_roi": 61, "N_inlier": 60, "refit": true}
{"timestamp": "18:45:09.433902", "frame": 58, "mu": [0.5560529595330139, 2.3497206791638807, 1.1879548050213087], "Sigma": [[0.0019430326603459985, -0.0002542160703218314, -0.0026114989509121713], [-0.0002542160703218314, 0.0057640047013590495, -0.015043894102188307], [-0.0026114989509121718, -0.015043894102188307, 0.3680387244006247]], "chi2_level": 0.99, "chi2_df": 3, "chi2_threshold": 11.344866730144373, "N_raw": 27, "N_roi": 26, "N_inlier": 25, "refit": true}
{"timestamp": "18:45:09.490855", "frame": 59, "mu": [0.6273377476550003, 2.471540694822834, 0.40264034201760457], "Sigma": [[0.00829921961927217, -0.0009100231043755465, -0.02220447809606931], [-0.0009100231043755465, 0.010834219891031645, -0.038215031834204355], [-0.022204478096069312, -0.038215031834204355, 0.4280731719666882]], "chi2_level": 0.99, "chi2_df": 3, "chi2_threshold": 11.344866730144373, "N_raw": 44, "N_roi": 44, "N_inlier": 44, "refit": true}
{"timestamp": "18:45:09.545296", "frame": 60, "mu": [0.6078204144893876, 2.4716578146948343, 1.4060583910525613], "Sigma": [[0.005606282987466425, -0.0017250664999490868, -0.004161416022333982], [-0.0017250664999490868, 0.0028752113118189018, -0.005984611720546656], [-0.004161416022333981, -0.005984611720546656, 0.06535623899711736]], "chi2_level": 0.99, "chi2_df": 3, "chi2_threshold": 11.344866730144373, "N_raw": 38, "N_roi": 38, "N_inlier": 35, "refit": true}
{"timestamp": "18:45:09.606296", "frame": 61, "mu": [0.5685991795014959, 2.5543079911738924, 0.9952247955474306], "Sigma": [[0.008982385256737136, -0.000704548181706559, 0.00576146345154139], [-0.000704548181706559, 0.00373666954990244, 0.011135018641980065], [0.005761463451541389, 0.011135018641980065, 0.18830389216157634]], "chi2_level": 0.99, "chi2_df": 3, "chi2_threshold": 11.344866730144373, "N_raw": 81, "N_roi": 81, "N_inlier": 79, "refit": true}
{"timestamp": "18:45:09.658108", "frame": 62, "mu": [0.7332378939383452, 2.6505114258051594, -0.050338037608690385], "Sigma": [[0.008962340206474741, -0.0046092868442402755, 0.005324482925353048], [-0.0046092868442402755, 0.0097433028524752, -0.014120576523745284], [0.005324482925353048, -0.014120576523745284, 0.06169162147014107]], "chi2_level": 0.99, "chi2_df": 3, "chi2_threshold": 11.344866730144373, "N_raw": 56, "N_roi": 56, "N_inlier": 52, "refit": true}
{"timestamp": "18:45:09.710022", "frame": 63, "mu": [0.8234205438147651, 2.6010513435844813, 1.3559859448826108], "Sigma": [[0.005383682403946232, -0.0025452064184858544, -0.0038362270813061335], [-0.0025452064184858544, 0.004929694886839554, -0.0032590769454987614], [-0.0038362270813061335, -0.0032590769454987614, 0.01294204277498963]], "chi2_level": 0.99, "chi2_df": 3, "chi2_threshold": 11.344866730144373, "N_raw": 37, "N_roi": 37, "N_inlier": 35, "refit": true}
{"timestamp": "18:45:09.764660", "frame": 64, "mu": [0.8659657240005264, 2.666675466413156, 1.2043544457357582], "Sigma": [[0.010122866630298133, -0.00411285256236619, 0.002014589795843038], [-0.00411285256236619, 0.003142201431149392, -0.006352670851892965], [0.002014589795843037, -0.006352670851892966, 0.13689546549388515]], "chi2_level": 0.99, "chi2_df": 3, "chi2_threshold": 11.344866730144373, "N_raw": 38, "N_roi": 38, "N_inlier": 37, "refit": true}
{"timestamp": "18:45:09.821758", "frame": 65, "mu": [0.9314674245358794, 2.7490795224445934, 0.8225789907036486], "Sigma": [[0.009980750028758109, -0.0032387924552862504, 0.009355779657917717], [-0.0032387924552862504, 0.0074902973051248515, -0.05105793926024254], [0.009355779657917718, -0.05105793926024253, 0.4828500264737259]], "chi2_level": 0.99, "chi2_df": 3, "chi2_threshold": 11.344866730144373, "N_raw": 52, "N_roi": 52, "N_inlier": 52, "refit": true}
{"timestamp": "18:45:09.876819", "frame": 66, "mu": [0.9647056874228088, 2.765281306399786, 1.2561914946921768], "Sigma": [[0.013294789049503675, -0.008129099191789037, -0.0030251987449979967], [-0.008129099191789037, 0.008199338338637422, -0.012839512797827565], [-0.0030251987449979967, -0.012839512797827567, 0.22758708041777245]], "chi2_level": 0.99, "chi2_df": 3, "chi2_threshold": 11.344866730144373, "N_raw": 47, "N_roi": 46, "N_inlier": 45, "refit": true}
{"timestamp": "18:45:09.930984", "frame": 67, "mu": [1.0407255467551977, 2.776511850019136, 1.2534031389835012], "Sigma": [[0.012881193959158726, -0.005513960139699587, -0.004597128180814472], [-0.005513960139699587, 0.0059128397516895964, -0.005639281618758093], [-0.004597128180814472, -0.005639281618758091, 0.03152376198166024]], "chi2_level": 0.99, "chi2_df": 3, "chi2_threshold": 11.344866730144373, "N_raw": 49, "N_roi": 49, "N_inlier": 45, "refit": true}
{"timestamp": "18:45:09.984425", "frame": 68, "mu": [1.0663894688758373, 2.8358821185431577, 1.348788430724919], "Sigma": [[0.013178859959944991, -0.004649663752525736, -0.00958572597850807], [-0.004649663752525736, 0.0038032968821834394, 0.001024534087144474], [-0.00958572597850807, 0.001024534087144474, 0.012712891106157245]], "chi2_level": 0.99, "chi2_df": 3, "chi2_threshold": 11.344866730144373, "N_raw": 37, "N_roi": 37, "N_inlier": 37, "refit": true}
{"timestamp": "18:45:10.093229", "frame": 70, "mu": [1.013249900602286, 3.054117501346133, 1.0873247506451058], "Sigma": [[0.008818461172252134, -0.003578706267901341, -0.006618880301550464], [-0.003578706267901342, 0.002957774007494511, 0.0009645981405231885], [-0.006618880301550465, 0.0009645981405231885, 0.030403803430714166]], "chi2_level": 0.99, "chi2_df": 3, "chi2_threshold": 11.344866730144373, "N_raw": 32, "N_roi": 32, "N_inlier": 30, "refit": true}
{"timestamp": "18:45:10.151737", "frame": 71, "mu": [1.0098896432804283, 3.125795956076709, 1.27236164156939], "Sigma": [[0.01287770225119489, -0.006246562430606537, -0.004097796434991065], [-0.006246562430606537, 0.004811008785573299, 0.007424962684829875], [-0.004097796434991066, 0.007424962684829874, 0.12314224763271972]], "chi2_level": 0.99, "chi2_df": 3, "chi2_threshold": 11.344866730144373, "N_raw": 47, "N_roi": 47, "N_inlier": 46, "refit": true}
{"timestamp": "18:45:10.202390", "frame": 72, "mu": [1.034849596797779, 3.0261729127097303, 0.6917048187453929], "Sigma": [[0.010449067663775595, -0.009213312107673047, -0.007976302963164723], [-0.009213312107673045, 0.03333037706029406, 0.09523757790849255], [-0.00797630296316472, 0.09523757790849255, 0.34643289363178614]], "chi2_level": 0.99, "chi2_df": 3, "chi2_threshold": 11.344866730144373, "N_raw": 22, "N_roi": 22, "N_inlier": 21, "refit": true}
{"timestamp": "18:45:10.259420", "frame": 73, "mu": [1.2543299168668607, 3.1285693894918856, 1.4544066210143098], "Sigma": [[0.008558863170286668, -0.0033305850389929517, -0.004602369065110782], [-0.0033305850389929513, 0.004452759773465504, 1.716712253836092e-05], [-0.004602369065110782, 1.7167122538360976e-05, 0.005042874075072743]], "chi2_level": 0.99, "chi2_df": 3, "chi2_threshold": 11.344866730144373, "N_raw": 35, "N_roi": 33, "N_inlier": 32, "refit": true}
{"timestamp": "18:45:10.317289", "frame": 74, "mu": [1.296689331231604, 3.212055711548061, 1.4907598995389888], "Sigma": [[0.018082139741074886, -0.005272854717710178, -0.015013098431351833], [-0.005272854717710178, 0.005066876374695462, 0.0005933647821902382], [-0.015013098431351835, 0.0005933647821902387, 0.018719326873768077]], "chi2_level": 0.99, "chi2_df": 3, "chi2_threshold": 11.344866730144373, "N_raw": 54, "N_roi": 51, "N_inlier": 51, "refit": true}
{"timestamp": "18:45:10.365471", "frame": 75, "mu": [1.3469211536125876, 3.272591497496926, 1.3493794355733293], "Sigma": [[0.002229955704701355, -0.000852661522059224, -0.002592207391372349], [-0.000852661522059224, 0.0032010098471560587, -0.0019518331709668713], [-0.002592207391372349, -0.0019518331709668711, 0.007783499773984408]], "chi2_level": 0.99, "chi2_df": 3, "chi2_threshold": 11.344866730144373, "N_raw": 10, "N_roi": 10, "N_inlier": 10, "refit": true}
{"timestamp": "18:45:10.421095", "frame": 76, "mu": [1.3283109745523043, 3.349040122001073, 1.3421470959373678], "Sigma": [[0.004607825717543457, -0.0004251327271821754, -0.008031552022051485], [-0.0004251327271821754, 0.006946574353666458, -0.029578615345180453], [-0.008031552022051485, -0.029578615345180453, 0.1651259844841676]], "chi2_level": 0.99, "chi2_df": 3, "chi2_threshold": 11.344866730144373, "N_raw": 16, "N_roi": 16, "N_inlier": 15, "refit": true}
{"timestamp": "18:45:10.478243", "frame": 77, "mu": [1.3649942853229893, 3.337278129593531, 1.6820658528764565], "Sigma": [[0.00994293774163747, -0.0033595619458666928, -0.0059269614073189075], [-0.003359561945866693, 0.004195071199337691, -5.2100232668091735e-06], [-0.0059269614073189075, -5.210023266809011e-06, 0.017100042909650323]], "chi2_level": 0.99, "chi2_df": 3, "chi2_threshold": 11.344866730144373, "N_raw": 27, "N_roi": 27, "N_inlier": 26, "refit": true}
{"timestamp": "18:45:10.533775", "frame": 78, "mu": [1.4762655066287282, 3.3823409519252854, 0.7119191065671696], "Sigma": [[0.012249026808511561, -0.005037941964604411, -0.010431200021470995], [-0.005037941964604411, 0.004183028643279684, 0.005022897247137467], [-0.010431200021470997, 0.005022897247137467, 0.12074964523590337]], "chi2_level": 0.99, "chi2_df": 3, "chi2_threshold": 11.344866730144373, "N_raw": 27, "N_roi": 27, "N_inlier": 26, "refit": true}
{"timestamp": "18:45:10.645149", "frame": 80, "mu": [1.5268261693346508, 3.526426587946013, 1.372909114659749], "Sigma": [[0.014767483404905595, -0.005452170210378242, -0.0005900923821786563], [-0.005452170210378242, 0.0034503466845824983, -0.006286846316394919], [-0.0005900923821786567, -0.006286846316394919, 0.047804131301345185]], "chi2_level": 0.99, "chi2_df": 3, "chi2_threshold": 11.344866730144373, "N_raw": 43, "N_roi": 43, "N_inlier": 41, "refit": true}
{"timestamp": "18:45:10.696788", "frame": 81, "mu": [1.494218617869429, 3.528284918745049, 0.7208383978518926], "Sigma": [[0.006877140144219778, -0.0019126816682143383, 0.01655091376939987], [-0.0019126816682143383, 0.0013292404956606072, 0.0006165686092942403], [0.01655091376939987, 0.0006165686092942403, 0.15771032337226445]], "chi2_level": 0.99, "chi2_df": 3, "chi2_threshold": 11.344866730144373, "N_raw": 18, "N_roi": 18, "N_inlier": 17, "refit": true}
{"timestamp": "18:45:10.862268", "frame": 84, "mu": [1.7045312897696512, 3.699430583135851, 1.4754059270660014], "Sigma": [[0.007502629628686243, -0.0023465241480267454, -0.0012844028362532852], [-0.0023465241480267454, 0.0029483216473931958, -0.0038786570663361195], [-0.001284402836253285, -0.0038786570663361195, 0.009960959992784232]], "chi2_level": 0.99, "chi2_df": 3, "chi2_threshold": 11.344866730144373, "N_raw": 14, "N_roi": 13, "N_inlier": 12, "refit": true}
{"timestamp": "18:45:10.919574", "frame": 85, "mu": [1.7234711396841116, 3.7289657177905697, 1.8250527344538487], "Sigma": [[0.015301099084614201, -0.005902354976470774, -0.00882603645148668], [-0.005902354976470774, 0.005782298509032145, 0.0017557695662827838], [-0.00882603645148668, 0.0017557695662827836, 0.009531794658386635]], "chi2_level": 0.99, "chi2_df": 3, "chi2_threshold": 11.344866730144373, "N_raw": 35, "N_roi": 34, "N_inlier": 33, "refit": true}
{"timestamp": "18:45:11.248096", "frame": 91, "mu": [1.9106398189640146, 4.024014165981565, 0.5514472990728222], "Sigma": [[0.012317115925186533, -0.004545267079947674, -0.003218752167012363], [-0.004545267079947675, 0.0072076793267775875, -0.0044211184301369095], [-0.003218752167012363, -0.0044211184301369095, 0.008291743105544836]], "chi2_level": 0.99, "chi2_df": 3, "chi2_threshold": 11.344866730144373, "N_raw": 27, "N_roi": 27, "N_inlier": 27, "refit": true}
{"timestamp": "18:45:11.472893", "frame": 95, "mu": [2.0743325937890766, 4.17881047667882, 1.4034351934438996], "Sigma": [[0.029803703437931418, -0.014630556553761324, -0.010850012904632392], [-0.014630556553761324, 0.011918130605756675, 0.0014327522763357729], [-0.010850012904632392, 0.001432752276335773, 0.011228718798604206]], "chi2_level": 0.99, "chi2_df": 3, "chi2_threshold": 11.344866730144373, "N_raw": 55, "N_roi": 50, "N_inlier": 49, "refit": true}
{"timestamp": "18:45:11.526133", "frame": 96, "mu": [2.09757756134001, 4.165872678914337, 1.5854135763626624], "Sigma": [[0.024288348290973316, -0.008039879605781002, -0.009139463262698783], [-0.008039879605781002, 0.007876979677339448, -0.007538600561296068], [-0.009139463262698783, -0.007538600561296068, 0.034642983381924224]], "chi2_level": 0.99, "chi2_df": 3, "chi2_threshold": 11.344866730144373, "N_raw": 41, "N_roi": 37, "N_inlier": 36, "refit": true}
{"timestamp": "18:45:12.029888", "frame": 103, "mu": [2.2727813315012018, 4.450022731829597, 0.04300025943239384], "Sigma": [[0.010997265109358239, 0.00022731108029687094, -0.014634367800047041], [0.00022731108029687072, 0.01215825869625249, -0.044144717465741785], [-0.014634367800047041, -0.04414471746574178, 0.19925140127905508]], "chi2_level": 0.99, "chi2_df": 3, "chi2_threshold": 11.344866730144373, "N_raw": 15, "N_roi": 12, "N_inlier": 12, "refit": true}
