{"timestamp": "17:41:45.994348", "frame": 21, "mu": [-2.4171973406677383, 3.1823846946645062, 1.4395270025811107], "Sigma": [[0.0024593968726131757, 0.0011891611149379238, -0.00035469302152724543], [0.001189161114937924, 0.004300324099103868, -0.0009505102268960926], [-0.00035469302152724543, -0.0009505102268960927, 0.00021510056826062963]], "chi2_level": 0.95, "chi2_df": 3, "chi2_threshold": 7.814727903251179, "N_raw": 78, "N_roi": 12, "N_inlier": 12, "refit": true}
{"timestamp": "17:41:46.044296", "frame": 22, "mu": [-2.464953920641436, 3.1766330195604633, 1.0596268464019643], "Sigma": [[0.0008500814041486846, -0.000999684233308415, 0.007478545494322487], [-0.000999684233308415, 0.005581045065698189, -0.029853525108480817], [0.007478545494322487, -0.029853525108480817, 0.18711967576333974]], "chi2_level": 0.95, "chi2_df": 3, "chi2_threshold": 7.814727903251179, "N_raw": 41, "N_roi": 6, "N_inlier": 6, "refit": true}
{"timestamp": "17:41:46.266184", "frame": 26, "mu": [-2.362175680873107, 3.1402216816562825, 1.2217149210334817], "Sigma": [[0.0076465055574018595, 0.0052821142863920725, -0.004497224027673536], [0.0052821142863920725, 0.010283568071359956, -0.006704027059789662], [-0.004497224027673536, -0.006704027059789662, 0.006085068044173783]], "chi2_level": 0.95, "chi2_df": 3, "chi2_threshold": 7.814727903251179, "N_raw": 56, "N_roi": 28, "N_inlier": 28, "refit": true}
{"timestamp": "17:41:46.324216", "frame": 27, "mu": [-2.3285043526906724, 3.14640738620554, 1.1994616315087636], "Sigma": [[0.010437626786197638, 0.00550538048150285, -0.0019423597843116606], [0.00550538048150285, 0.007537877353117353, -0.0068418640046165055], [-0.001942359784311661, -0.0068418640046165055, 0.009608727898810962]], "chi2_level": 0.95, "chi2_df": 3, "chi2_threshold": 7.814727903251179, "N_raw": 54, "N_roi": 35, "N_inlier": 34, "refit": true}
{"timestamp": "17:41:46.378684", "frame": 28, "mu": [-2.310462751152542, 3.1748854506925044, 1.2640991380606919], "Sigma": [[0.012465158168756528, 0.004381377415871109, -0.005706366987409878], [0.00438137741587111, 0.005248261835028309, -0.008721727665896482], [-0.005706366987409877, -0.008721727665896482, 0.01696580169825807]], "chi2_level": 0.95, "chi2_df": 3, "chi2_threshold": 7.814727903251179, "N_raw": 55, "N_roi": 39, "N_inlier": 37, "refit": true}
{"timestamp": "17:41:46.436100", "frame": 29, "mu": [-2.280000326620153, 3.1105045816103063, 1.3273295178334794], "Sigma": [[0.01544878178757614, 0.008005913755832414, -0.00991787849955246], [0.008005913755832414, 0.015021416651154152, -0.007770340008034188], [-0.00991787849955246, -0.007770340008034188, 0.008429879474659783]], "chi2_level": 0.95, "chi2_df": 3, "chi2_threshold": 7.814727903251179, "N_raw": 69, "N_roi": 57, "N_inlier": 55, "refit": true}
{"timestamp": "17:41:46.487108", "frame": 30, "mu": [-2.2231963963066765, 3.156139739985697, 1.2365767904595049], "Sigma": [[0.018537934650703178, 0.013400929647066035, -0.01005905811466393], [0.013400929647066035, 0.017758793057848304, -0.013736093797094902], [-0.01005905811466393, -0.013736093797094902, 0.012928442345723568]], "chi2_level": 0.95, "chi2_df": 3, "chi2_threshold": 7.814727903251179, "N_raw": 43, "N_roi": 42, "N_inlier": 40, "refit": true}
{"timestamp": "17:41:46.544775", "frame": 31, "mu": [-2.2113821600941876, 3.1032244437719623, 1.242496591929257], "Sigma": [[0.02060693755436347, 0.009736073124148124, -0.013265117425509109], [0.009736073124148122, 0.01045176459166246, -0.012534298031975576], [-0.01326511742550911, -0.012534298031975576, 0.017340994882276962]], "chi2_level": 0.95, "chi2_df": 3, "chi2_threshold": 7.814727903251179, "N_raw": 57, "N_roi": 54, "N_inlier": 53, "refit": true}
{"timestamp": "17:41:46.596414", "frame": 32, "mu": [-2.1543016215503457, 3.090346540370837, 1.22601622549061], "Sigma": [[0.01997450168873536, 0.007780066084623024, -0.01132078800867523], [0.007780066084623024, 0.006948056288406901, -0.005484181002305166], [-0.01132078800867523, -0.005484181002305166, 0.007794350585473334]], "chi2_level": 0.95, "chi2_df": 3, "chi2_threshold": 7.814727903251179, "N_raw": 40, "N_roi": 40, "N_inlier": 37, "refit": true}
{"timestamp": "17:41:46.650651", "frame": 33, "mu": [-2.014340857163573, 3.2172415704835986, 1.462181308957438], "Sigma": [[0.013154281993768334, 0.006758375803452709, -0.007991552597995413], [0.006758375803452709, 0.008953087538567142, -0.008555489493324795], [-0.007991552597995413, -0.008555489493324795, 0.011837668764686388]], "chi2_level": 0.95, "chi2_df": 3, "chi2_threshold": 7.814727903251179, "N_raw": 32, "N_roi": 28, "N_inlier": 26, "refit": true}
{"timestamp": "17:41:46.707315", "frame": 34, "mu": [-1.9988367443909465, 3.1462841645076964, 1.322904062577103], "Sigma": [[0.02355245578681087, 0.011531568957999776, -0.012302453569874621], [0.011531568957999776, 0.010077735714496796, -0.006336047895236957], [-0.012302453569874621, -0.006336047895236956, 0.007346338643151303]], "chi2_level": 0.95, "chi2_df": 3, "chi2_threshold": 7.814727903251179, "N_raw": 49, "N_roi": 47, "N_inlier": 45, "refit": true}
{"timestamp": "17:41:46.763942", "frame": 35, "mu": [-1.8911742795683422, 3.157642951933911, 1.2819884756320448], "Sigma": [[0.0156291143932338, 0.007475688366008935, -0.0053062295309273715], [0.007475688366008935, 0.009005930531875579, -0.003977891140411896], [-0.0053062295309273715, -0.003977891140411896, 0.0033876121267171393]], "chi2_level": 0.95, "chi2_df": 3, "chi2_threshold": 7.814727903251179, "N_raw": 51, "N_roi": 49, "N_inlier": 44, "refit": true}
{"timestamp": "17:41:46.820007", "frame": 36, "mu": [-1.8246555349122402, 3.2721024497986213, 1.266512734627696], "Sigma": [[0.01856395464966917, 0.01411489557778867, -0.01004294879388999], [0.014114895577788672, 0.032929738328778935, -0.01734250407833687], [-0.01004294879388999, -0.01734250407833687, 0.011687883139291052]], "chi2_level": 0.95, "chi2_df": 3, "chi2_threshold": 7.814727903251179, "N_raw": 64, "N_roi": 64, "N_inlier": 62, "refit": true}
{"timestamp": "17:41:46.873763", "frame": 37, "mu": [-1.7966777142977064, 3.1505707884825638, 1.3251523101818692], "Sigma": [[0.015958954332682657, 0.005495869537875488, -0.012289303375206931], [0.005495869537875488, 0.011295890570144579, -0.0070501740627664], [-0.012289303375206931, -0.0070501740627664, 0.012727330392856022]], "chi2_level": 0.95, "chi2_df": 3, "chi2_threshold": 7.814727903251179, "N_raw": 50, "N_roi": 45, "N_inlier": 43, "refit": true}
{"timestamp": "17:41:46.926458", "frame": 38, "mu": [-1.732254643367438, 3.223618179657662, 1.335638915893955], "Sigma": [[0.017101152724070683, 0.003527083863725991, -0.016458716664393823], [0.003527083863725991, 0.005586787775418998, -0.0026829081906913285], [-0.016458716664393823, -0.0026829081906913285, 0.01723431695830304]], "chi2_level": 0.95, "chi2_df": 3, "chi2_threshold": 7.814727903251179, "N_raw": 42, "N_roi": 40, "N_inlier": 39, "refit": true}
{"timestamp": "17:41:46.981559", "frame": 39, "mu": [-1.5982317189591315, 3.19692551423748, 1.2490096844172662], "Sigma": [[0.017497220660882606, -0.0022272063212418892, -0.032957626935522566], [-0.0022272063212418892, 0.00351253917967885, 0.004677409715453093], [-0.03295762693552257, 0.004677409715453093, 0.06560001150282488]], "chi2_level": 0.95, "chi2_df": 3, "chi2_threshold": 7.814727903251179, "N_raw": 39, "N_roi": 37, "N_inlier": 36, "refit": true}
{"timestamp": "17:41:47.040574", "frame": 40, "mu": [-1.5984257333777643, 3.268830850766834, -0.06546129488888698], "Sigma": [[0.01744976329365854, 0.007901408414064042, 0.00631644693046723], [0.007901408414064042, 0.013814097958099904, 0.008300020862694778], [0.00631644693046723, 0.008300020862694777, 0.045228840917511906]], "chi2_level": 0.95, "chi2_df": 3, "chi2_threshold": 7.814727903251179, "N_raw": 69, "N_roi": 64, "N_inlier": 61, "refit": true}
{"timestamp": "17:41:47.089869", "frame": 41, "mu": [-1.543415754900516, 3.154097518274884, 1.3409176312517366], "Sigma": [[0.013131583654378382, 0.002816112700658472, -0.014584780385865283], [0.002816112700658472, 0.002916218625242144, -0.003456412078029262], [-0.014584780385865284, -0.003456412078029262, 0.025222484288962194]], "chi2_level": 0.95, "chi2_df": 3, "chi2_threshold": 7.814727903251179, "N_raw": 29, "N_roi": 29, "N_inlier": 27, "refit": true}
{"timestamp": "17:41:47.150952", "frame": 42, "mu": [-1.489855196510885, 3.2593923733601087, 0.22433365226203117], "Sigma": [[0.020951280367837406, 0.0067347219024874476, -0.020651422922110224], [0.006734721902487448, 0.00900016222926622, -0.0007347054302420731], [-0.02065142292211022, -0.0007347054302420733, 0.02866208688008056]], "chi2_level": 0.95, "chi2_df": 3, "chi2_threshold": 7.814727903251179, "N_raw": 69, "N_roi": 67, "N_inlier": 63, "refit": true}
{"timestamp": "17:41:47.204657", "frame": 43, "mu": [-1.3999907588654448, 3.215706386353426, 1.3341374855952794], "Sigma": [[0.019613699480058602, 0.004626347776521532, -0.01480847566422286], [0.004626347776521532, 0.0076844532139621795, -0.0033391930390162536], [-0.01480847566422286, -0.003339193039016253, 0.01259897769702437]], "chi2_level": 0.95, "chi2_df": 3, "chi2_threshold": 7.814727903251179, "N_raw": 58, "N_roi": 58, "N_inlier": 55, "refit": true}
{"timestamp": "17:41:47.256918", "frame": 44, "mu": [-1.3415564777622881, 3.178479871678717, 1.2311317608029628], "Sigma": [[0.015505379047979747, 0.0032775024287822847, -0.007640114113428884], [0.0032775024287822847, 0.005037626692395267, -0.00034311273364924863], [-0.007640114113428884, -0.0003431127336492487, 0.005187081672965354]], "chi2_level": 0.95, "chi2_df": 3, "chi2_threshold": 7.814727903251179, "N_raw": 40, "N_roi": 38, "N_inlier": 37, "refit": true}
{"timestamp": "17:41:47.313681", "frame": 45, "mu": [-1.28580725321166, 3.2476362480433636, 1.3394895511772427], "Sigma": [[0.019690045597316977, 0.0016959700544608362, -0.018095098565396046], [0.0016959700544608362, 0.005797944303659549, -0.0013440916965256425], [-0.018095098565396046, -0.0013440916965256425, 0.01775962153222745]], "chi2_level": 0.95, "chi2_df": 3, "chi2_threshold": 7.814727903251179, "N_raw": 55, "N_roi": 53, "N_inlier": 52, "refit": true}
{"timestamp": "17:41:47.368416", "frame": 46, "mu": [-1.2465718476034635, 3.2748226015414286, 1.3721359407677793], "Sigma": [[0.017020914539211174, 0.004778198990316231, -0.008597601459914266], [0.004778198990316231, 0.007705851578014466, -0.0015496215237455731], [-0.008597601459914266, -0.0015496215237455731, 0.006416825994868426]], "chi2_level": 0.95, "chi2_df": 3, "chi2_threshold": 7.814727903251179, "N_raw": 52, "N_roi": 52, "N_inlier": 50, "refit": true}
{"timestamp": "17:41:47.420901", "frame": 47, "mu": [-1.2076699318356576, 3.1997349635412626, 1.2775351814414242], "Sigma": [[0.014355185789659204, 0.0023221954712156303, -0.008052245367057264], [0.00232219547121563, 0.0035054181010583858, -0.0024724447695069467], [-0.008052245367057264, -0.0024724447695069463, 0.006816581445924368]], "chi2_level": 0.95, "chi2_df": 3, "chi2_threshold": 7.814727903251179, "N_raw": 36, "N_roi": 36, "N_inlier": 33, "refit": true}
{"timestamp": "17:41:47.473134", "frame": 48, "mu": [-1.1355287156673215, 3.221481708544984, 1.2595047484430288], "Sigma": [[0.006183842908353875, 0.0007299609169603269, -0.0024003627660300828], [0.0007299609169603269, 0.003025222161549772, -0.0017662129230389828], [-0.0024003627660300823, -0.0017662129230389826, 0.0032247400472106783]], "chi2_level": 0.95, "chi2_df": 3, "chi2_threshold": 7.814727903251179, "N_raw": 15, "N_roi": 15, "N_inlier": 13, "refit": true}
{"timestamp": "17:41:47.534331", "frame": 49, "mu": [-1.0848715095607384, 3.2558059642945127, 1.3404914649145234], "Sigma": [[0.017833102443688808, 0.004056831260755573, -0.0019902260868982823], [0.004056831260755574, 0.008998326454130826, 0.006726027564089663], [-0.0019902260868982823, 0.006726027564089663, 0.00976818712580037]], "chi2_level": 0.95, "chi2_df": 3, "chi2_threshold": 7.814727903251179, "N_raw": 59, "N_roi": 57, "N_inlier": 53, "refit": true}
{"timestamp": "17:41:47.588440", "frame": 50, "mu": [-1.0573075472347624, 3.268827804231212, 1.2694393226101088], "Sigma": [[0.010694782570021093, 0.004289891437793356, 0.0006903171628215234], [0.004289891437793356, 0.005308906855037785, -0.002845001500069392], [0.0006903171628215233, -0.0028450015000693915, 0.008192185271992967]], "chi2_level": 0.95, "chi2_df": 3, "chi2_threshold": 7.814727903251179, "N_raw": 48, "N_roi": 46, "N_inlier": 42, "refit": true}
{"timestamp": "17:41:47.645296", "frame": 51, "mu": [-0.9535935023695137, 3.2522827444432347, 1.2427851036408528], "Sigma": [[0.017565007700354383, 0.005443325993531594, -0.00019862498028909458], [0.005443325993531594, 0.0047076704044543135, -0.0008514534228093982], [-0.00019862498028909458, -0.0008514534228093984, 0.003864156313483159]], "chi2_level": 0.95, "chi2_df": 3, "chi2_threshold": 7.814727903251179, "N_raw": 49, "N_roi": 47, "N_inlier": 44, "refit": true}
{"timestamp": "17:41:47.700340", "frame": 52, "mu": [-0.9016685602118351, 3.291972839925819, 1.1691517987485416], "Sigma": [[0.015375928734830785, 0.00481043931843325, -0.008283181890414779], [0.00481043931843325, 0.005367756411620018, -0.009692731528422854], [-0.008283181890414777, -0.009692731528422854, 0.021974062497188127]], "chi2_level": 0.95, "chi2_df": 3, "chi2_threshold": 7.814727903251179, "N_raw": 61, "N_roi": 60, "N_inlier": 52, "refit": true}
{"timestamp": "17:41:47.750720", "frame": 53, "mu": [-0.8100304442397559, 3.349747365496452, 0.9881513767782738], "Sigma": [[0.013001198844319306, 0.013746037065193567, -0.01842733922660244], [0.013746037065193568, 0.024408873627109973, -0.027814674086281778], [-0.018427339226602436, -0.02781467408628178, 0.15531975043811164]], "chi2_level": 0.95, "chi2_df": 3, "chi2_threshold": 7.814727903251179, "N_raw": 28, "N_roi": 27, "N_inlier": 26, "refit": true}
{"timestamp": "17:41:47.817275", "frame": 54, "mu": [-0.660827192851929, 3.516797431661454, -0.26830822747654626], "Sigma": [[0.033756315543314874, 0.02874662951268603, -0.0024927019437749123], [0.02874662951268603, 0.04829650817970037, 0.010271719814098709], [-0.002492701943774913, 0.010271719814098707, 0.16298489250818857]], "chi2_level": 0.95, "chi2_df": 3, "chi2_threshold": 7.814727903251179, "N_raw": 117, "N_roi": 117, "N_inlier": 113, "refit": true}
{"timestamp": "17:41:47.865527", "frame": 55, "mu": [-0.6862854288527577, 3.321000684067557, 1.1178898265325925], "Sigma": [[0.01672426641198335, 0.009424702948876186, -0.003563170480048834], [0.009424702948876186, 0.027232835849952734, -0.0007044862033039158], [-0.003563170480048834, -0.0007044862033039162, 0.0036853204285748763]], "chi2_level": 0.95, "chi2_df": 3, "chi2_threshold": 7.814727903251179, "N_raw": 62, "N_roi": 62, "N_inlier": 61, "refit": true}
{"timestamp": "17:41:47.911852", "frame": 56, "mu": [-0.6454737030296646, 3.3034643413576537, 0.9666558415932742], "Sigma": [[0.012386532497105912, -0.010960946941166883, 0.05676711141690827], [-0.010960946941166883, 0.01574833946147999, -0.06787302225695029], [0.05676711141690826, -0.06787302225695029, 0.34656427599210043]], "chi2_level": 0.95, "chi2_df": 3, "chi2_threshold": 7.814727903251179, "N_raw": 8, "N_roi": 6, "N_inlier": 6, "refit": true}
{"timestamp": "17:41:47.972396", "frame": 57, "mu": [-0.5105900834657874, 3.286225483526268, 1.2660563702202037], "Sigma": [[0.020064210770054117, 0.0013266294573627251, -0.006590920081795414], [0.0013266294573627251, 0.005055748368380042, 0.004339248872901147], [-0.0065909200817954134, 0.004339248872901147, 0.010071092159492253]], "chi2_level": 0.95, "chi2_df": 3, "chi2_threshold": 7.814727903251179, "N_raw": 47, "N_roi": 44, "N_inlier": 42, "refit": true}
{"timestamp": "17:41:48.024874", "frame": 58, "mu": [-0.46631412519652804, 3.3254223105848952, 1.3162344465262499], "Sigma": [[0.006028641659925984, 0.0010500127019685496, -0.004050461952058725], [0.0010500127019685494, 0.003994993589045157, -0.0017770205925781196], [-0.004050461952058725, -0.0017770205925781192, 0.004455715686936616]], "chi2_level": 0.95, "chi2_df": 3, "chi2_threshold": 7.814727903251179, "N_raw": 22, "N_roi": 20, "N_inlier": 18, "refit": true}
{"timestamp": "17:41:48.076990", "frame": 59, "mu": [-0.45682713539150793, 3.301201925727466, 1.4142931143274828], "Sigma": [[0.0003322194085031632, -0.00017667399699219843, -0.0006267222464010469], [-0.00017667399699219832, 0.00945563054291852, -0.0012543699735969027], [-0.000626722246401047, -0.0012543699735969025, 0.004643413341251786]], "chi2_level": 0.95, "chi2_df": 3, "chi2_threshold": 7.814727903251179, "N_raw": 7, "N_roi": 7, "N_inlier": 6, "refit": true}
{"timestamp": "17:41:48.139978", "frame": 60, "mu": [-0.3450654371531836, 3.2568433254701206, 1.2736398894124046], "Sigma": [[0.01851823571675073, 0.0002537832248402335, -0.009921011472610191], [0.0002537832248402334, 0.00406066955572468, -0.005106704699678751], [-0.009921011472610193, -0.005106704699678752, 0.015080493042976475]], "chi2_level": 0.95, "chi2_df": 3, "chi2_threshold": 7.814727903251179, "N_raw": 65, "N_roi": 62, "N_inlier": 61, "refit": true}
{"timestamp": "17:41:48.187231", "frame": 61, "mu": [-0.3470835359791576, 3.3339197783735415, 0.948872040895467], "Sigma": [[0.0005154514512359103, 0.0014585574805392474, -0.006794705723788255], [0.0014585574805392474, 0.0181577287142856, -0.07383544133051886], [-0.006794705723788255, -0.07383544133051886, 0.32199388432333315]], "chi2_level": 0.95, "chi2_df": 3, "chi2_threshold": 7.814727903251179, "N_raw": 11, "N_roi": 8, "N_inlier": 8, "refit": true}
{"timestamp": "17:41:48.244930", "frame": 62, "mu": [-0.3239526406550035, 3.3262639987912865, 1.2843060085603848], "Sigma": [[0.01124749563877978, -0.0013750558390772803, -0.005581507939514115], [-0.0013750558390772803, 0.001937455149179015, -0.0012229606536370422], [-0.005581507939514115, -0.0012229606536370424, 0.005928801346580433]], "chi2_level": 0.95, "chi2_df": 3, "chi2_threshold": 7.814727903251179, "N_raw": 34, "N_roi": 31, "N_inlier": 30, "refit": true}
{"timestamp": "17:41:48.307385", "frame": 63, "mu": [-0.2570745178210907, 3.30876878368289, 1.3668493391668868], "Sigma": [[0.02039796917730031, -0.002741671628950295, -0.006637710861949093], [-0.002741671628950294, 0.007311189376318844, -0.005114348653435057], [-0.006637710861949093, -0.005114348653435057, 0.008391036300256128]], "chi2_level": 0.95, "chi2_df": 3, "chi2_threshold": 7.814727903251179, "N_raw": 83, "N_roi": 78, "N_inlier": 77, "refit": true}
{"timestamp": "17:41:48.363361", "frame": 64, "mu": [-0.173231216567668, 3.338143653762311, 1.330336306803067], "Sigma": [[0.020783443695615633, -0.001662489818624993, -0.010165049972590831], [-0.001662489818624993, 0.006207196098974095, -0.0041011208365081975], [-0.010165049972590831, -0.0041011208365081975, 0.010401874512183646]], "chi2_level": 0.95, "chi2_df": 3, "chi2_threshold": 7.814727903251179, "N_raw": 74, "N_roi": 72, "N_inlier": 72, "refit": true}
{"timestamp": "17:41:48.414718", "frame": 65, "mu": [-0.1461137116545065, 3.3742856063917905, 0.21140268073227594], "Sigma": [[0.01560010991455778, -0.0012595260633397624, -0.0023564078772313687], [-0.001259526063339762, 0.006075048663472954, -0.009778187836966296], [-0.0023564078772313687, -0.009778187836966296, 0.018462335034981833]], "chi2_level": 0.95, "chi2_df": 3, "chi2_threshold": 7.814727903251179, "N_raw": 55, "N_roi": 55, "N_inlier": 51, "refit": true}
{"timestamp": "17:41:48.467652", "frame": 66, "mu": [-0.06557947213208813, 3.377954076880571, 1.3714980555418363], "Sigma": [[0.012346294378791783, -0.000916596214135671, -0.010499049815509358], [-0.000916596214135671, 0.0033441340312654554, -0.002009984582546896], [-0.010499049815509358, -0.002009984582546896, 0.012569533064434157]], "chi2_level": 0.95, "chi2_df": 3, "chi2_threshold": 7.814727903251179, "N_raw": 46, "N_roi": 46, "N_inlier": 42, "refit": true}
{"timestamp": "17:41:48.525498", "frame": 67, "mu": [0.013015361667725251, 3.361911044850774, 1.4583904930407945], "Sigma": [[0.0161605509050115, -0.000978741063036051, -0.005645344334770975], [-0.0009787410630360514, 0.005225262260928758, -0.006029578611446575], [-0.005645344334770976, -0.006029578611446575, 0.022858491923371957]], "chi2_level": 0.95, "chi2_df": 3, "chi2_threshold": 7.814727903251179, "N_raw": 70, "N_roi": 70, "N_inlier": 66, "refit": true}
{"timestamp": "17:41:48.576850", "frame": 68, "mu": [0.04354988293471838, 3.3961518060805806, 1.1555009614930563], "Sigma": [[0.013911807915151649, -0.0021603660113961943, -0.009377376858398437], [-0.0021603660113961943, 0.002905511105423509, -0.003496426434983004], [-0.009377376858398437, -0.003496426434983004, 0.050054764611605004]], "chi2_level": 0.95, "chi2_df": 3, "chi2_threshold": 7.814727903251179, "N_raw": 36, "N_roi": 33, "N_inlier": 29, "refit": true}
{"timestamp": "17:41:48.635215", "frame": 69, "mu": [0.06853519433928747, 3.3976277901172547, -0.43345251773579757], "Sigma": [[0.01577124035224197, 0.0028153755888702297, 0.03718933613505124], [0.0028153755888702297, 0.005723372562090208, 0.009680695123703604], [0.03718933613505124, 0.009680695123703606, 0.15496283333534777]], "chi2_level": 0.95, "chi2_df": 3, "chi2_threshold": 7.814727903251179, "N_raw": 57, "N_roi": 55, "N_inlier": 52, "refit": true}
{"timestamp": "17:41:48.682203", "frame": 70, "mu": [0.15181440680174627, 3.388325198129909, 1.0051570750524474], "Sigma": [[0.0012516773405622924, -7.359907777350707e-05, 0.0015575551244150323], [-7.359907777350729e-05, 0.009103306102716877, -0.04378073921279858], [0.0015575551244150327, -0.04378073921279858, 0.2289453329130758]], "chi2_level": 0.95, "chi2_df": 3, "chi2_threshold": 7.814727903251179, "N_raw": 8, "N_roi": 8, "N_inlier": 8, "refit": true}
{"timestamp": "17:41:48.737238", "frame": 71, "mu": [0.23996876044452448, 3.431100136279852, 0.9108114225470858], "Sigma": [[0.0021868369576058195, 0.0038797269619045803, -0.01606488397526893], [0.0038797269619045807, 0.0114034556059212, -0.04515656112171001], [-0.01606488397526893, -0.04515656112171001, 0.3410133633063798]], "chi2_level": 0.95, "chi2_df": 3, "chi2_threshold": 7.814727903251179, "N_raw": 9, "N_roi": 9, "N_inlier": 9, "refit": true}
{"timestamp": "17:41:48.794256", "frame": 72, "mu": [0.30522775972957067, 3.41433244019817, -0.030768098133518135], "Sigma": [[0.006362549255667808, -0.00032036725540146685, -0.005112193260540078], [-0.0003203672554014668, 0.003239648379394173, -0.0047753258607388495], [-0.005112193260540078, -0.0047753258607388495, 0.015073103782249594]], "chi2_level": 0.95, "chi2_df": 3, "chi2_threshold": 7.814727903251179, "N_raw": 27, "N_roi": 27, "N_inlier": 23, "refit": true}
{"timestamp": "17:41:48.856520", "frame": 73, "mu": [0.2891881236583276, 3.3540052906510436, 1.4388568730307336], "Sigma": [[0.01898026183605838, -0.004745454349227648, -0.016205393249874203], [-0.004745454349227648, 0.012712277366976544, 0.022422834436022464], [-0.016205393249874203, 0.022422834436022464, 0.04990162217651802]], "chi2_level": 0.95, "chi2_df": 3, "chi2_threshold": 7.814727903251179, "N_raw": 72, "N_roi": 70, "N_inlier": 66, "refit": true}
{"timestamp": "17:41:48.903765", "frame": 74, "mu": [0.3000300246994414, 3.5025812197609194, 1.6143790749168019], "Sigma": [[0.02182553243639622, 0.007219568011950842, -0.10348593188871437], [0.007219568011950842, 0.004001919912840654, -0.04269042588171228], [-0.10348593188871436, -0.04269042588171228, 0.590915892212552]], "chi2_level": 0.95, "chi2_df": 3, "chi2_threshold": 7.814727903251179, "N_raw": 16, "N_roi": 14, "N_inlier": 11, "refit": true}
{"timestamp": "17:41:48.957505", "frame": 75, "mu": [0.4927662702565086, 3.5739969195388266, -0.41416905146207417], "Sigma": [[0.003901908156460368, -0.010866132616395097, 0.010562266152081555], [-0.010866132616395097, 0.06550216422991996, -0.09644694387480468], [0.010562266152081555, -0.09644694387480468, 0.16003304226018344]], "chi2_level": 0.95, "chi2_df": 3, "chi2_threshold": 7.814727903251179, "N_raw": 11, "N_roi": 9, "N_inlier": 8, "refit": true}
{"timestamp": "17:41:49.012775", "frame": 76, "mu": [0.5162551892764484, 3.246449431956178, 1.0819233830887531], "Sigma": [[0.006751500414861081, 1.384700882013236e-05, 0.0018142036322152536], [1.3847008820132414e-05, 0.0006767281323857625, 2.7345554932454477e-05], [0.0018142036322152536, 2.734555493245448e-05, 0.0015883071628059976]], "chi2_level": 0.95, "chi2_df": 3, "chi2_threshold": 7.814727903251179, "N_raw": 14, "N_roi": 14, "N_inlier": 11, "refit": true}
{"timestamp": "17:41:49.075398", "frame": 77, "mu": [0.5782243439493433, 3.302654198770813, 1.2625353159458859], "Sigma": [[0.014068668204814104, 1.5107126943265974e-05, 0.004862352125878276], [1.5107126943265974e-05, 0.0030032110967838825, -0.0032222749308609827], [0.004862352125878277, -0.0032222749308609827, 0.01046660531352247]], "chi2_level": 0.95, "chi2_df": 3, "chi2_threshold": 7.814727903251179, "N_raw": 63, "N_roi": 52, "N_inlier": 47, "refit": true}
{"timestamp": "17:41:49.130708", "frame": 78, "mu": [0.632209054300424, 3.319175903576426, 1.31429763507847], "Sigma": [[0.016436384217420958, -0.004287144489882853, -0.0065020213815321784], [-0.004287144489882853, 0.00846510556729286, 0.007421315084128478], [-0.0065020213815321784, 0.007421315084128478, 0.008631871430718802]], "chi2_level": 0.95, "chi2_df": 3, "chi2_threshold": 7.814727903251179, "N_raw": 58, "N_roi": 56, "N_inlier": 53, "refit": true}
{"timestamp": "17:41:49.184438", "frame": 79, "mu": [0.6816659250441687, 3.3614753240464754, 1.3719911447327453], "Sigma": [[0.016208056269792374, -0.006516253628414662, -0.014855354117100652], [-0.006516253628414662, 0.009190517442397845, 0.006124856391448507], [-0.014855354117100652, 0.006124856391448507, 0.01574771374228713]], "chi2_level": 0.95, "chi2_df": 3, "chi2_threshold": 7.814727903251179, "N_raw": 60, "N_roi": 60, "N_inlier": 57, "refit": true}
{"timestamp": "17:41:49.237680", "frame": 80, "mu": [0.7450517870781651, 3.364755080661355, 1.3936542231357256], "Sigma": [[0.015750359445813315, -0.00599121696931304, -0.02357403492460501], [-0.00599121696931304, 0.005203384646181104, 0.004056193758097025], [-0.02357403492460501, 0.004056193758097026, 0.04906399509744204]], "chi2_level": 0.95, "chi2_df": 3, "chi2_threshold": 7.814727903251179, "N_raw": 50, "N_roi": 50, "N_inlier": 49, "refit": true}
{"timestamp": "17:41:49.290371", "frame": 81, "mu": [0.8696247597380136, 3.355621385329623, -0.35600602556184174], "Sigma": [[0.00727915312902878, 0.0020909446137095736, 0.026051168825011406], [0.0020909446137095736, 0.0055766927943724206, 0.012743483270143042], [0.026051168825011406, 0.012743483270143042, 0.16943939397543276]], "chi2_level": 0.95, "chi2_df": 3, "chi2_threshold": 7.814727903251179, "N_raw": 34, "N_roi": 34, "N_inlier": 31, "refit": true}
{"timestamp": "17:41:49.347251", "frame": 82, "mu": [0.8900154739865751, 3.346070566574977, 1.3325495388341895], "Sigma": [[0.015315490123388396, -0.005582512714034758, -0.017554804377094734], [-0.005582512714034758, 0.004519381928563267, 0.0036164863702196548], [-0.017554804377094738, 0.0036164863702196543, 0.026218281690285446]], "chi2_level": 0.95, "chi2_df": 3, "chi2_threshold": 7.814727903251179, "N_raw": 45, "N_roi": 45, "N_inlier": 41, "refit": true}
{"timestamp": "17:41:49.397371", "frame": 83, "mu": [0.9388751171134352, 3.3199544105263614, 1.4424269232549924], "Sigma": [[0.0068709523456048265, -0.0010398679939575047, -0.019219966674148076], [-0.0010398679939575047, 0.0007163524512035363, 0.003452449230426983], [-0.019219966674148072, 0.003452449230426983, 0.08730972677069662]], "chi2_level": 0.95, "chi2_df": 3, "chi2_threshold": 7.814727903251179, "N_raw": 10, "N_roi": 9, "N_inlier": 8, "refit": true}
{"timestamp": "17:41:49.453535", "frame": 84, "mu": [0.9605396149144956, 3.3292290235757775, 1.3996076248220317], "Sigma": [[0.0062464317015879295, -0.0008799679302431017, -0.003321884306171861], [-0.0008799679302431016, 0.001422821868526083, -0.0019850373844139454], [-0.003321884306171861, -0.0019850373844139454, 0.008605953478126956]], "chi2_level": 0.95, "chi2_df": 3, "chi2_threshold": 7.814727903251179, "N_raw": 23, "N_roi": 23, "N_inlier": 20, "refit": true}
{"timestamp": "17:41:49.507554", "frame": 85, "mu": [1.0214167080443892, 3.33100000227991, 1.2096440768934256], "Sigma": [[0.0017225144710025792, 0.0006911994335127415, 0.0007869828429991263], [0.0006911994335127415, 0.004569899360403835, -0.008814943682767425], [0.0007869828429991264, -0.008814943682767425, 0.0714083650084969]], "chi2_level": 0.95, "chi2_df": 3, "chi2_threshold": 7.814727903251179, "N_raw": 9, "N_roi": 6, "N_inlier": 6, "refit": true}
{"timestamp": "17:41:49.568482", "frame": 86, "mu": [1.0589601429726452, 3.3510597631825143, 1.3158428728039386], "Sigma": [[0.01692284746398275, -0.003963945878251708, -0.007397320815659591], [-0.003963945878251708, 0.004161705728455306, -0.002914337430773144], [-0.007397320815659591, -0.0029143374307731445, 0.013151291360897039]], "chi2_level": 0.95, "chi2_df": 3, "chi2_threshold": 7.814727903251179, "N_raw": 50, "N_roi": 48, "N_inlier": 45, "refit": true}
{"timestamp": "17:41:49.621355", "frame": 87, "mu": [1.1399379904929055, 3.3961708765736907, 1.2654723220560062], "Sigma": [[0.015647357788003517, -0.005448147470028799, -0.007245566661043782], [-0.005448147470028799, 0.004945073532277131, 0.00030800584954136605], [-0.007245566661043783, 0.00030800584954136605, 0.007157073386203029]], "chi2_level": 0.95, "chi2_df": 3, "chi2_threshold": 7.814727903251179, "N_raw": 40, "N_roi": 40, "N_inlier": 36, "refit": true}
{"timestamp": "17:41:49.675977", "frame": 88, "mu": [1.2107503764830052, 3.329820587217745, 1.2187168879993198], "Sigma": [[0.009089906557545555, -0.0019787940428883906, -0.008195477463976027], [-0.0019787940428883906, 0.0022380938791710676, -0.0037394335996406448], [-0.008195477463976027, -0.0037394335996406448, 0.034551083787286406]], "chi2_level": 0.95, "chi2_df": 3, "chi2_threshold": 7.814727903251179, "N_raw": 37, "N_roi": 37, "N_inlier": 33, "refit": true}
{"timestamp": "17:41:49.727499", "frame": 89, "mu": [1.3684348408742548, 3.3635253824374405, 0.786006589086947], "Sigma": [[0.0025317635976099635, -0.001765137361065107, 0.006623512570533938], [-0.001765137361065107, 0.012330548475854521, -0.04984038758765618], [0.006623512570533936, -0.049840387587656174, 0.2505416897458555]], "chi2_level": 0.95, "chi2_df": 3, "chi2_threshold": 7.814727903251179, "N_raw": 11, "N_roi": 11, "N_inlier": 10, "refit": true}
{"timestamp": "17:41:49.786017", "frame": 90, "mu": [1.282288656644131, 3.3998683724969334, 1.1863473858946858], "Sigma": [[0.009462733693232793, -0.002817635123677854, -0.01751845773056884], [-0.002817635123677854, 0.004008484565206898, -0.020529582309173018], [-0.01751845773056884, -0.020529582309173015, 0.5318309208358178]], "chi2_level": 0.95, "chi2_df": 3, "chi2_threshold": 7.814727903251179, "N_raw": 35, "N_roi": 33, "N_inlier": 32, "refit": true}
{"timestamp": "17:41:49.835986", "frame": 91, "mu": [1.3985759158611015, 3.336280508709688, 1.2554534639704928], "Sigma": [[0.005112072801162379, 0.0017207238056707493, -0.018222663605363593], [0.0017207238056707493, 0.0014730864140580968, -0.004544746951653908], [-0.018222663605363593, -0.004544746951653908, 0.06972165387537863]], "chi2_level": 0.95, "chi2_df": 3, "chi2_threshold": 7.814727903251179, "N_raw": 7, "N_roi": 7, "N_inlier": 6, "refit": true}
{"timestamp": "17:41:49.893977", "frame": 92, "mu": [1.4892160414317144, 3.337088585924918, -0.502375437716497], "Sigma": [[0.011016583137959179, -0.0013315549161998196, 0.015985016958961703], [-0.0013315549161998196, 0.0034134779937474236, 0.006363162692025829], [0.015985016958961703, 0.006363162692025831, 0.10226047808727666]], "chi2_level": 0.95, "chi2_df": 3, "chi2_threshold": 7.814727903251179, "N_raw": 25, "N_roi": 23, "N_inlier": 22, "refit": true}
{"timestamp": "17:41:49.947813", "frame": 93, "mu": [1.4957550265237078, 3.412688974596762, 0.009086144731401295], "Sigma": [[0.004365767162045977, -0.00029802117324873094, -0.00544810633438271], [-0.0002980211732487309, 0.0030060651826516235, -0.0006655592163097413], [-0.00544810633438271, -0.0006655592163097416, 0.008310362310220278]], "chi2_level": 0.95, "chi2_df": 3, "chi2_threshold": 7.814727903251179, "N_raw": 12, "N_roi": 12, "N_inlier": 10, "refit": true}
{"timestamp": "17:41:50.004043", "frame": 94, "mu": [1.5473982872897567, 3.3601671112323, 0.05332886162732303], "Sigma": [[0.013150735214197334, -0.005750661910471426, -0.0070652788693757115], [-0.005750661910471426, 0.00485307734812968, 0.003393868189091296], [-0.0070652788693757115, 0.003393868189091296, 0.004730622489930453]], "chi2_level": 0.95, "chi2_df": 3, "chi2_threshold": 7.814727903251179, "N_raw": 29, "N_roi": 29, "N_inlier": 25, "refit": true}
{"timestamp": "17:41:50.063342", "frame": 95, "mu": [1.5740085115457536, 3.4114850280379536, 0.24928902148661247], "Sigma": [[0.019774996662457134, -0.007435089096238057, -0.0156916441841445], [-0.007435089096238056, 0.00829610337110937, 0.00852399410352545], [-0.015691644184144503, 0.008523994103525449, 0.016813652455673036]], "chi2_level": 0.95, "chi2_df": 3, "chi2_threshold": 7.814727903251179, "N_raw": 53, "N_roi": 52, "N_inlier": 50, "refit": true}
{"timestamp": "17:41:50.114783", "frame": 96, "mu": [1.4721638451955816, 3.4373391524373034, 1.601135383587268], "Sigma": [[0.013261578129821676, -0.005862023273334042, -0.003686562196528762], [-0.005862023273334042, 0.005007603504191859, 0.003485015884522263], [-0.003686562196528762, 0.003485015884522263, 0.00389962825914788]], "chi2_level": 0.95, "chi2_df": 3, "chi2_threshold": 7.814727903251179, "N_raw": 25, "N_roi": 23, "N_inlier": 23, "refit": true}
{"timestamp": "17:41:50.168545", "frame": 97, "mu": [1.6814313000771444, 3.223111544174709, 1.0907451616557537], "Sigma": [[0.009990152883355587, -0.0036253573141828404, 0.0002324896183030282], [-0.0036253573141828404, 0.002793836492217856, -0.00020434524639975567], [0.0002324896183030282, -0.00020434524639975572, 0.0001241938876471432]], "chi2_level": 0.95, "chi2_df": 3, "chi2_threshold": 7.814727903251179, "N_raw": 19, "N_roi": 19, "N_inlier": 17, "refit": true}
{"timestamp": "17:41:50.278095", "frame": 99, "mu": [1.7487961274904416, 3.2302451548638196, 1.2044848656299498], "Sigma": [[0.005988220057308906, -0.0021084427298239646, -0.003234035313495842], [-0.0021084427298239646, 0.0033024033781790638, 0.0020905760999704636], [-0.003234035313495842, 0.002090576099970464, 0.003127872045123975]], "chi2_level": 0.95, "chi2_df": 3, "chi2_threshold": 7.814727903251179, "N_raw": 21, "N_roi": 17, "N_inlier": 15, "refit": true}
{"timestamp": "17:41:50.453444", "frame": 100, "mu": [1.7229403213388357, 3.439327240790716, 0.8287385790388749], "Sigma": [[0.013279577869664006, -0.004536242905066167, -0.007379526353477138], [-0.004536242905066167, 0.011507088479214124, -0.03370220236536538], [-0.007379526353477139, -0.03370220236536538, 0.1771264714215642]], "chi2_level": 0.95, "chi2_df": 3, "chi2_threshold": 7.814727903251179, "N_raw": 40, "N_roi": 40, "N_inlier": 39, "refit": true}
{"timestamp": "17:41:50.475112", "frame": 101, "mu": [1.8806093491046207, 3.502913139196713, 0.6283096935890846], "Sigma": [[0.01292743349278362, -0.004227328602442418, -0.01495134840921903], [-0.004227328602442418, 0.0042765352272506755, -0.006796429083393683], [-0.01495134840921903, -0.006796429083393683, 0.10971120097422676]], "chi2_level": 0.95, "chi2_df": 3, "chi2_threshold": 7.814727903251179, "N_raw": 24, "N_roi": 24, "N_inlier": 23, "refit": true}
{"timestamp": "17:41:50.538487", "frame": 103, "mu": [1.8755889650539492, 3.377810706458026, 1.3629357879211934], "Sigma": [[0.015753486339242673, -0.0077021510071582765, -0.0091834621573616], [-0.0077021510071582765, 0.006686647811694229, 0.0023451205927081825], [-0.0091834621573616, 0.002345120592708182, 0.009100397945162693]], "chi2_level": 0.95, "chi2_df": 3, "chi2_threshold": 7.814727903251179, "N_raw": 34, "N_roi": 34, "N_inlier": 34, "refit": true}
{"timestamp": "17:41:50.568697", "frame": 104, "mu": [1.859661561959191, 3.427082516646035, 1.3677069279649738], "Sigma": [[0.008752720773653837, -0.0041550632625670415, -0.0011814486934429848], [-0.0041550632625670415, 0.004030613385979753, -7.473956240590195e-05], [-0.0011814486934429848, -7.473956240590187e-05, 0.001331313264794744]], "chi2_level": 0.95, "chi2_df": 3, "chi2_threshold": 7.814727903251179, "N_raw": 25, "N_roi": 23, "N_inlier": 20, "refit": true}
{"timestamp": "17:41:50.662295", "frame": 106, "mu": [1.9606300279217095, 3.38234117142881, 1.3909039003632482], "Sigma": [[0.006270012639766917, -0.0032200968543255578, 0.00029316357580448107], [-0.0032200968543255578, 0.0038598051072289198, -0.0015237172657397186], [0.00029316357580448107, -0.0015237172657397184, 0.001969859817057284]], "chi2_level": 0.95, "chi2_df": 3, "chi2_threshold": 7.814727903251179, "N_raw": 16, "N_roi": 16, "N_inlier": 15, "refit": true}
{"timestamp": "17:41:50.771974", "frame": 108, "mu": [1.9893318148140073, 3.4826746504404444, 1.535419288704367], "Sigma": [[0.0006601907351405377, 0.0006414016968583975, 0.0004993978423345723], [0.0006414016968583977, 0.005111876438291348, -0.01168623360836854], [0.0004993978423345723, -0.01168623360836854, 0.03378678341026112]], "chi2_level": 0.95, "chi2_df": 3, "chi2_threshold": 7.814727903251179, "N_raw": 10, "N_roi": 6, "N_inlier": 5, "refit": true}
{"timestamp": "17:41:50.827265", "frame": 109, "mu": [2.050272119018002, 3.4698855498291428, 1.6619523284176072], "Sigma": [[9.350106955979647e-05, -0.0003173289432796337, 0.0009955954408856123], [-0.00031732894327963357, 0.007517827462861893, -0.011395332560557442], [0.0009955954408856123, -0.011395332560557444, 0.026545894210246848]], "chi2_level": 0.95, "chi2_df": 3, "chi2_threshold": 7.814727903251179, "N_raw": 11, "N_roi": 5, "N_inlier": 5, "refit": true}
{"timestamp": "17:41:50.881109", "frame": 110, "mu": [2.10169752757082, 3.479133681209136, 1.548735508857618], "Sigma": [[0.0007407125913756846, 0.001460566005654083, -0.001332105133755019], [0.001460566005654083, 0.0030344699453099346, -0.0044983771124021835], [-0.0013321051337550187, -0.0044983771124021835, 0.08098529453447578]], "chi2_level": 0.95, "chi2_df": 3, "chi2_threshold": 7.814727903251179, "N_raw": 5, "N_roi": 5, "N_inlier": 5, "refit": true}
{"timestamp": "17:41:50.936322", "frame": 111, "mu": [2.1600960981495496, 3.458566823059194, 0.91688509023538], "Sigma": [[0.000334045848822089, -0.0002070890617130996, -0.005411361388520198], [-0.00020708906171309954, 0.001389023566479472, 0.009182270766132154], [-0.005411361388520198, 0.009182270766132154, 0.1512592930382845]], "chi2_level": 0.95, "chi2_df": 3, "chi2_threshold": 7.814727903251179, "N_raw": 7, "N_roi": 5, "N_inlier": 5, "refit": true}
{"timestamp": "17:41:50.996157", "frame": 112, "mu": [2.1660300262101067, 3.500786032640424, 1.0837692261052005], "Sigma": [[0.012204534084861966, -0.007109119906058182, 0.003448806922542612], [-0.007109119906058182, 0.005206682904426275, -0.000783385013624697], [0.0034488069225426118, -0.0007833850136246987, 0.19568246929766284]], "chi2_level": 0.95, "chi2_df": 3, "chi2_threshold": 7.814727903251179, "N_raw": 42, "N_roi": 39, "N_inlier": 38, "refit": true}
{"timestamp": "17:41:51.049843", "frame": 113, "mu": [2.174275067064144, 3.500342655315225, 1.3376344288927853], "Sigma": [[0.0036824853505879, 0.0026780744988890237, -0.0032730472493416487], [0.002678074498889024, 0.0028359338612951373, -0.0018019446086226473], [-0.0032730472493416487, -0.0018019446086226473, 0.004346907162661347]], "chi2_level": 0.95, "chi2_df": 3, "chi2_threshold": 7.814727903251179, "N_raw": 13, "N_roi": 6, "N_inlier": 5, "refit": true}
