{"timestamp": "19:00:54.735820", "frame": 46, "mu": [1.6160418565469654, 0.7789948510630711, 1.1478450212188316], "Sigma": [[0.010935293421287315, -0.018473964216336597, 0.052811519094466186], [-0.018473964216336597, 0.038905058282474314, -0.11721218834382945], [0.052811519094466186, -0.11721218834382946, 0.36343025502461307]], "chi2_level": 0.95, "chi2_df": 3, "chi2_threshold": 7.814727903251179, "N_raw": 7, "N_roi": 7, "N_inlier": 6, "refit": true}
{"timestamp": "19:00:54.955952", "frame": 50, "mu": [1.4810061693569097, 0.8330693150007149, 1.351548556034627], "Sigma": [[0.0011748057302483153, 0.0013636433058954174, -0.002792018279977292], [0.0013636433058954174, 0.0035581338452606165, -0.003205401054503494], [-0.002792018279977292, -0.003205401054503494, 0.0120422317217124]], "chi2_level": 0.95, "chi2_df": 3, "chi2_threshold": 7.814727903251179, "N_raw": 5, "N_roi": 5, "N_inlier": 5, "refit": true}
{"timestamp": "19:00:55.011104", "frame": 51, "mu": [1.4463279836100837, 0.9219335562141376, 1.5710152911806199], "Sigma": [[0.001720636681385661, 0.001646291858367631, 0.0032097065361313677], [0.001646291858367631, 0.002962856065362922, 0.008833218449453246], [0.0032097065361313677, 0.008833218449453244, 0.058949786057016326]], "chi2_level": 0.95, "chi2_df": 3, "chi2_threshold": 7.814727903251179, "N_raw": 8, "N_roi": 8, "N_inlier": 7, "refit": true}
{"timestamp": "19:00:55.067662", "frame": 52, "mu": [1.3947998883051116, 1.0048852257660852, 1.639799645871521], "Sigma": [[0.003510859418179827, -0.0010397764021914538, 0.00016758234596916705], [-0.0010397764021914538, 0.0026636602159090033, -0.0007570111198118073], [0.00016758234596916705, -0.0007570111198118073, 0.00022150853955155579]], "chi2_level": 0.95, "chi2_df": 3, "chi2_threshold": 7.814727903251179, "N_raw": 22, "N_roi": 22, "N_inlier": 20, "refit": true}
{"timestamp": "19:00:55.120728", "frame": 53, "mu": [1.304740844997859, 0.9820013575758082, 1.1857698748239154], "Sigma": [[0.005886645360758784, 0.008455214642465538, -0.01979645481023137], [0.008455214642465538, 0.012822959335204043, -0.03317733478800961], [-0.01979645481023137, -0.033177334788009605, 0.17198536579347365]], "chi2_level": 0.95, "chi2_df": 3, "chi2_threshold": 7.814727903251179, "N_raw": 5, "N_roi": 5, "N_inlier": 5, "refit": true}
{"timestamp": "19:00:55.234457", "frame": 55, "mu": [1.2205570473591363, 1.1113595692062752, 1.5547243014227494], "Sigma": [[0.004357661225467561, -0.001711319145137893, 8.167750325854128e-05], [-0.001711319145137893, 0.004617691668912504, 0.0007604084106325611], [8.167750325854128e-05, 0.000760408410632561, 0.0003059008366553191]], "chi2_level": 0.95, "chi2_df": 3, "chi2_threshold": 7.814727903251179, "N_raw": 31, "N_roi": 31, "N_inlier": 27, "refit": true}
{"timestamp": "19:00:55.288959", "frame": 56, "mu": [1.183737829159525, 1.1840377857313564, 1.5917178355443142], "Sigma": [[0.004571144042663574, -0.001067310918470833, 0.0006454741981782013], [-0.001067310918470833, 0.003645098397895497, 0.0005918602199520197], [0.0006454741981782013, 0.0005918602199520197, 0.0004611648100308558]], "chi2_level": 0.95, "chi2_df": 3, "chi2_threshold": 7.814727903251179, "N_raw": 31, "N_roi": 31, "N_inlier": 28, "refit": true}
{"timestamp": "19:00:55.346923", "frame": 57, "mu": [1.1769711571157677, 1.262112419302041, 1.6305795222967037], "Sigma": [[0.004936519675109266, -0.0009337630561411003, -1.1074019324496182e-06], [-0.0009337630561411004, 0.0041062519797500025, 0.0003666043684500563], [-1.1074019324496453e-06, 0.00036660436845005625, 0.00023124748477056466]], "chi2_level": 0.95, "chi2_df": 3, "chi2_threshold": 7.814727903251179, "N_raw": 35, "N_roi": 35, "N_inlier": 34, "refit": true}
{"timestamp": "19:00:55.402253", "frame": 58, "mu": [1.1274074759292816, 1.3234368167469348, 1.701840880296869], "Sigma": [[0.0034671021588677793, -0.0009660027609379298, -0.0001258154070823862], [-0.0009660027609379296, 0.004749724464030636, 0.00022367258588837464], [-0.00012581540708238618, 0.0002236725858883747, 0.00025498642651766105]], "chi2_level": 0.95, "chi2_df": 3, "chi2_threshold": 7.814727903251179, "N_raw": 34, "N_roi": 34, "N_inlier": 32, "refit": true}
{"timestamp": "19:00:55.452650", "frame": 59, "mu": [1.1442607604242356, 1.2556167405020502, 1.2731990524593257], "Sigma": [[0.006323740708579572, -0.008910559527300651, -0.04201729906208379], [-0.008910559527300653, 0.017638943596827678, 0.06854094899773483], [-0.04201729906208379, 0.06854094899773482, 0.29769185613915355]], "chi2_level": 0.95, "chi2_df": 3, "chi2_threshold": 7.814727903251179, "N_raw": 6, "N_roi": 6, "N_inlier": 6, "refit": true}
{"timestamp": "19:00:55.507769", "frame": 60, "mu": [1.037088911548178, 1.3671205304898566, 1.5327059550544946], "Sigma": [[0.0038095829418427346, 0.0008634784039556252, -0.010316580810125715], [0.0008634784039556252, 0.0031638043699668424, 0.005397837535364135], [-0.010316580810125715, 0.005397837535364135, 0.049220353107461756]], "chi2_level": 0.95, "chi2_df": 3, "chi2_threshold": 7.814727903251179, "N_raw": 6, "N_roi": 6, "N_inlier": 6, "refit": true}
{"timestamp": "19:00:55.564389", "frame": 61, "mu": [1.030918007625102, 1.4512523709089775, 1.7021009795523512], "Sigma": [[0.002516994634973326, -8.481216657992062e-05, -0.001823689046670705], [-8.481216657992073e-05, 0.0010511396547221983, -0.0005137104855408949], [-0.001823689046670705, -0.000513710485540895, 0.003943868772595869]], "chi2_level": 0.95, "chi2_df": 3, "chi2_threshold": 7.814727903251179, "N_raw": 16, "N_roi": 16, "N_inlier": 14, "refit": true}
{"timestamp": "19:00:55.618404", "frame": 62, "mu": [1.0140040866568243, 1.4305045779513956, 1.5408937462916639], "Sigma": [[0.004176274530171196, -0.002407472548639985, -0.016435271049786024], [-0.002407472548639985, 0.005224172915021007, 0.014665674977302921], [-0.016435271049786024, 0.014665674977302921, 0.07272412559979113]], "chi2_level": 0.95, "chi2_df": 3, "chi2_threshold": 7.814727903251179, "N_raw": 6, "N_roi": 6, "N_inlier": 5, "refit": true}
{"timestamp": "19:00:55.672889", "frame": 63, "mu": [1.0161593929556259, 1.330416348534092, 0.9248634533121205], "Sigma": [[0.003075060493848932, -0.002622335390641406, -0.010533628237759418], [-0.002622335390641406, 0.009375909502248514, 0.06108244571163953], [-0.010533628237759418, 0.06108244571163953, 0.5745696081247395]], "chi2_level": 0.95, "chi2_df": 3, "chi2_threshold": 7.814727903251179, "N_raw": 8, "N_roi": 8, "N_inlier": 8, "refit": true}
{"timestamp": "19:00:55.729806", "frame": 64, "mu": [0.9907760522581261, 1.4278938398885344, 1.2018617154790756], "Sigma": [[0.003383145425218426, -0.00304302871516274, 0.0045283337293717234], [-0.0030430287151627404, 0.014059149382007722, 0.03318539245242597], [0.004528333729371722, 0.03318539245242597, 0.20576411189978083]], "chi2_level": 0.95, "chi2_df": 3, "chi2_threshold": 7.814727903251179, "N_raw": 19, "N_roi": 19, "N_inlier": 16, "refit": true}
{"timestamp": "19:00:55.786632", "frame": 65, "mu": [0.845761941025503, 1.5307625172494814, 1.264966766862877], "Sigma": [[0.005655906008818617, -0.0025980922559270007, 0.026692183342126002], [-0.0025980922559270007, 0.003453482625307718, -0.010564667560747278], [0.026692183342125995, -0.010564667560747277, 0.4030954502914909]], "chi2_level": 0.95, "chi2_df": 3, "chi2_threshold": 7.814727903251179, "N_raw": 33, "N_roi": 33, "N_inlier": 31, "refit": true}
{"timestamp": "19:00:55.838027", "frame": 66, "mu": [0.82593807467051, 1.5748296336833976, 1.155069774868412], "Sigma": [[0.012846329928158958, -0.0041255959486993675, 0.06651344656526864], [-0.004125595948699367, 0.005811651583130647, -0.04210329917517426], [0.06651344656526863, -0.04210329917517426, 0.4563455745986886]], "chi2_level": 0.95, "chi2_df": 3, "chi2_threshold": 7.814727903251179, "N_raw": 8, "N_roi": 8, "N_inlier": 7, "refit": true}
{"timestamp": "19:00:55.895947", "frame": 67, "mu": [0.7959613329966698, 1.4822840467488847, 1.2528916501501246], "Sigma": [[0.0026130608777488254, -0.0019566190322173518, 0.005468844791078563], [-0.0019566190322173518, 0.0043170333668949195, -0.014327717943270405], [0.005468844791078563, -0.014327717943270406, 0.08452126132768777]], "chi2_level": 0.95, "chi2_df": 3, "chi2_threshold": 7.814727903251179, "N_raw": 26, "N_roi": 26, "N_inlier": 23, "refit": true}
{"timestamp": "19:00:55.952145", "frame": 68, "mu": [0.8270627036822077, 1.5349530699492113, -0.5177239471815098], "Sigma": [[0.005146892318161705, 0.0032849042015756016, 0.009790260469063302], [0.003284904201575602, 0.004450405636413108, 0.007731159083954196], [0.009790260469063304, 0.007731159083954196, 0.03331412545833268]], "chi2_level": 0.95, "chi2_df": 3, "chi2_threshold": 7.814727903251179, "N_raw": 38, "N_roi": 38, "N_inlier": 33, "refit": true}
{"timestamp": "19:00:56.012808", "frame": 69, "mu": [0.7436338164092442, 1.6269008770911335, -0.5900707818026918], "Sigma": [[0.0042356866286505715, 0.0027515586436058026, 0.009999485036123931], [0.0027515586436058026, 0.0064394023766977835, 0.011200095547172476], [0.009999485036123931, 0.011200095547172474, 0.12040667823199183]], "chi2_level": 0.95, "chi2_df": 3, "chi2_threshold": 7.814727903251179, "N_raw": 71, "N_roi": 71, "N_inlier": 67, "refit": true}
{"timestamp": "19:00:56.068634", "frame": 70, "mu": [0.7009383840245047, 1.5686609068375885, 1.0101421284328531], "Sigma": [[0.005327277990926599, -0.0022573288634396334, -0.0037006956951800723], [-0.0022573288634396334, 0.002432443035008453, 0.0013768562789812449], [-0.003700695695180072, 0.0013768562789812449, 0.021550670904487545]], "chi2_level": 0.95, "chi2_df": 3, "chi2_threshold": 7.814727903251179, "N_raw": 53, "N_roi": 53, "N_inlier": 49, "refit": true}
{"timestamp": "19:00:56.125382", "frame": 71, "mu": [0.7845619236269085, 1.9113583310431668, -0.6575398279914817], "Sigma": [[0.016357048739527702, 0.004160633202807479, -0.009904540507657371], [0.004160633202807479, 0.02838145054468852, -0.08838457202088368], [-0.009904540507657373, -0.08838457202088368, 0.31196748652960565]], "chi2_level": 0.95, "chi2_df": 3, "chi2_threshold": 7.814727903251179, "N_raw": 85, "N_roi": 85, "N_inlier": 79, "refit": true}
{"timestamp": "19:00:56.178857", "frame": 72, "mu": [0.6150306130225789, 1.7697860895143367, -0.10337092929435705], "Sigma": [[0.0066551285170440766, -0.0005496339439813922, 0.025710192008510296], [-0.0005496339439813922, 0.0074531557876162426, -0.030924595525982132], [0.025710192008510293, -0.030924595525982132, 0.3557359961734296]], "chi2_level": 0.95, "chi2_df": 3, "chi2_threshold": 7.814727903251179, "N_raw": 81, "N_roi": 81, "N_inlier": 77, "refit": true}
{"timestamp": "19:00:56.230791", "frame": 73, "mu": [0.48647734677421756, 1.6730673497173485, 1.3356938022780456], "Sigma": [[0.004253881030473868, 0.0004404653163441497, -0.0008598123168991577], [0.0004404653163441497, 0.004189934443123828, -0.00304519053477069], [-0.0008598123168991575, -0.00304519053477069, 0.004453186113059711]], "chi2_level": 0.95, "chi2_df": 3, "chi2_threshold": 7.814727903251179, "N_raw": 54, "N_roi": 54, "N_inlier": 50, "refit": true}
{"timestamp": "19:00:56.291168", "frame": 74, "mu": [0.5106348094303332, 1.7370621334189074, 1.328358568245346], "Sigma": [[0.00822788353123179, -0.00019313114223453917, -0.007585651977262239], [-0.00019313114223453907, 0.0056974488882003665, -0.0038517718402696025], [-0.00758565197726224, -0.0038517718402696025, 0.02529213897469899]], "chi2_level": 0.95, "chi2_df": 3, "chi2_threshold": 7.814727903251179, "N_raw": 98, "N_roi": 98, "N_inlier": 94, "refit": true}
{"timestamp": "19:00:56.342860", "frame": 75, "mu": [0.4578304027745116, 1.8451458436720931, -0.09600325728752789], "Sigma": [[0.006391234498978319, 0.0023733577792124996, 0.0020204998743262874], [0.002373357779212499, 0.006798726245030373, 0.004562036504836595], [0.002020499874326287, 0.004562036504836595, 0.004356302108917972]], "chi2_level": 0.95, "chi2_df": 3, "chi2_threshold": 7.814727903251179, "N_raw": 66, "N_roi": 66, "N_inlier": 62, "refit": true}
{"timestamp": "19:00:56.398504", "frame": 76, "mu": [0.4353963774595596, 1.8107925046396869, 1.4170104834854664], "Sigma": [[0.005576599618461713, -0.00036532310091312944, -0.004243354370896499], [-0.00036532310091312933, 0.005233108528582406, 0.006903914692565164], [-0.004243354370896499, 0.006903914692565164, 0.06736186861556033]], "chi2_level": 0.95, "chi2_df": 3, "chi2_threshold": 7.814727903251179, "N_raw": 80, "N_roi": 80, "N_inlier": 75, "refit": true}
{"timestamp": "19:00:56.449157", "frame": 77, "mu": [0.4499124696012684, 1.8578493770681155, 1.423340329626389], "Sigma": [[0.006915449095159399, 0.0038762777828625777, 0.0056327085640433], [0.0038762777828625777, 0.005041801331397003, 0.0022312618634938147], [0.0056327085640433, 0.0022312618634938147, 0.019065097574086455]], "chi2_level": 0.95, "chi2_df": 3, "chi2_threshold": 7.814727903251179, "N_raw": 45, "N_roi": 45, "N_inlier": 41, "refit": true}
{"timestamp": "19:00:56.501779", "frame": 78, "mu": [0.4070894848773896, 1.9238293286705481, 1.5772397255192825], "Sigma": [[0.0034440006335813202, -6.466340965949086e-05, 0.002180344544446088], [-6.466340965949086e-05, 0.002253238174786014, 0.0012976770883519465], [0.002180344544446088, 0.0012976770883519465, 0.027252960957123443]], "chi2_level": 0.95, "chi2_df": 3, "chi2_threshold": 7.814727903251179, "N_raw": 36, "N_roi": 35, "N_inlier": 33, "refit": true}
{"timestamp": "19:00:56.559242", "frame": 79, "mu": [0.3978263371500732, 1.9865845497298518, 1.675473801427632], "Sigma": [[0.004169475384717145, 0.00019416215910080838, -0.001617571432413286], [0.00019416215910080816, 0.004877223271845072, 0.001809898387463493], [-0.001617571432413286, 0.0018098983874634928, 0.018919444687439575]], "chi2_level": 0.95, "chi2_df": 3, "chi2_threshold": 7.814727903251179, "N_raw": 50, "N_roi": 50, "N_inlier": 46, "refit": true}
{"timestamp": "19:00:56.616316", "frame": 80, "mu": [0.31616482534167756, 1.991293914905377, 1.2435691616076985], "Sigma": [[0.00787380934419962, 0.001001925027059726, -0.01803098191812543], [0.001001925027059726, 0.0024453189107206427, -0.00495147251222331], [-0.01803098191812543, -0.004951472512223311, 0.11697507778886905]], "chi2_level": 0.95, "chi2_df": 3, "chi2_threshold": 7.814727903251179, "N_raw": 63, "N_roi": 62, "N_inlier": 59, "refit": true}
{"timestamp": "19:00:56.671431", "frame": 81, "mu": [0.26279354188300896, 1.9993732453824116, 1.3712502408569245], "Sigma": [[0.007736205128835604, 0.0007323107177498713, -0.00254368604791025], [0.0007323107177498713, 0.00293246091919901, -0.003049310402465294], [-0.00254368604791025, -0.003049310402465294, 0.004840573625022199]], "chi2_level": 0.95, "chi2_df": 3, "chi2_threshold": 7.814727903251179, "N_raw": 63, "N_roi": 61, "N_inlier": 56, "refit": true}
{"timestamp": "19:00:56.725031", "frame": 82, "mu": [0.23832684140419952, 2.1048931062792295, 1.107417917011345], "Sigma": [[0.006701481686046408, 0.0017588333816006964, -0.025228846106579605], [0.0017588333816006966, 0.0034579880210306676, -0.004487076872569998], [-0.025228846106579602, -0.004487076872569997, 0.3401395378697621]], "chi2_level": 0.95, "chi2_df": 3, "chi2_threshold": 7.814727903251179, "N_raw": 59, "N_roi": 59, "N_inlier": 59, "refit": true}
{"timestamp": "19:00:56.784221", "frame": 83, "mu": [0.2093151293801291, 2.0850126693914692, 1.2875153455891035], "Sigma": [[0.008470995814142047, -0.0005896550867660076, -0.005768526145884395], [-0.0005896550867660076, 0.00268722434148817, -0.009821039926875717], [-0.005768526145884394, -0.009821039926875719, 0.06479040673091795]], "chi2_level": 0.95, "chi2_df": 3, "chi2_threshold": 7.814727903251179, "N_raw": 85, "N_roi": 85, "N_inlier": 77, "refit": true}
{"timestamp": "19:00:56.844607", "frame": 84, "mu": [0.1320806120946722, 2.135315031150787, 1.121078062593163], "Sigma": [[0.007599782544434378, -0.0007947702676745255, -0.0007836552588090316], [-0.0007947702676745255, 0.0035323306488595167, -0.010526532160097357], [-0.0007836552588090327, -0.010526532160097357, 0.3045094302133411]], "chi2_level": 0.95, "chi2_df": 3, "chi2_threshold": 7.814727903251179, "N_raw": 106, "N_roi": 103, "N_inlier": 99, "refit": true}
{"timestamp": "19:00:56.894857", "frame": 85, "mu": [0.12584711170808804, 2.2047211023301116, 1.5082638217741127], "Sigma": [[0.009202246657084386, 0.0003942794996262901, -0.0044068418275217455], [0.00039427949962629014, 0.006778447070406225, -0.0018752001528219771], [-0.0044068418275217455, -0.0018752001528219771, 0.004976549511966564]], "chi2_level": 0.95, "chi2_df": 3, "chi2_threshold": 7.814727903251179, "N_raw": 82, "N_roi": 82, "N_inlier": 72, "refit": true}
{"timestamp": "19:00:56.948846", "frame": 86, "mu": [0.1313486344735855, 2.2480806383338443, 1.4503847551488684], "Sigma": [[0.009130167994760059, 0.0010087254543542715, -0.003550030963327071], [0.0010087254543542715, 0.002617782288376255, -0.0060964916595528384], [-0.003550030963327071, -0.0060964916595528384, 0.04475269174395893]], "chi2_level": 0.95, "chi2_df": 3, "chi2_threshold": 7.814727903251179, "N_raw": 78, "N_roi": 78, "N_inlier": 73, "refit": true}
{"timestamp": "19:00:57.002315", "frame": 87, "mu": [0.05420069798968876, 2.266980554478953, 1.6063954617333016], "Sigma": [[0.009174279984435058, 0.002471091633924224, 0.006676115879503564], [0.002471091633924224, 0.006131557167981082, 0.0026574139249938645], [0.0066761158795035636, 0.0026574139249938645, 0.009427452477417799]], "chi2_level": 0.95, "chi2_df": 3, "chi2_threshold": 7.814727903251179, "N_raw": 65, "N_roi": 65, "N_inlier": 59, "refit": true}
{"timestamp": "19:00:57.058375", "frame": 88, "mu": [0.019019813486044174, 2.329168433306493, 1.507600212191638], "Sigma": [[0.009416618233067851, 0.0016373545456900612, -0.004344672955348569], [0.0016373545456900614, 0.0047646387371046124, -0.003335475526579636], [-0.004344672955348568, -0.003335475526579636, 0.012577778829254605]], "chi2_level": 0.95, "chi2_df": 3, "chi2_threshold": 7.814727903251179, "N_raw": 73, "N_roi": 68, "N_inlier": 64, "refit": true}
{"timestamp": "19:00:57.110399", "frame": 89, "mu": [-0.03872156098151969, 2.3481857657382186, 1.4418884842325372], "Sigma": [[0.005870484552013013, 0.0008845508691984296, 0.0015154387216942187], [0.0008845508691984297, 0.0034199313037529145, 0.00776358044304678], [0.0015154387216942198, 0.00776358044304678, 0.08358043873137222]], "chi2_level": 0.95, "chi2_df": 3, "chi2_threshold": 7.814727903251179, "N_raw": 53, "N_roi": 53, "N_inlier": 48, "refit": true}
{"timestamp": "19:00:57.170493", "frame": 90, "mu": [-0.0090741241233254, 2.406590769407511, 1.2460678197772361], "Sigma": [[0.02125768218190118, 0.002023275721646174, -0.05447960447062837], [0.002023275721646174, 0.0022734943816722832, -0.015905790728833163], [-0.05447960447062836, -0.015905790728833163, 0.2414092799193114]], "chi2_level": 0.95, "chi2_df": 3, "chi2_threshold": 7.814727903251179, "N_raw": 89, "N_roi": 87, "N_inlier": 83, "refit": true}
{"timestamp": "19:00:57.224738", "frame": 91, "mu": [-0.14796688765960175, 2.407547358387812, 1.4402610777528402], "Sigma": [[0.012940533492305424, 0.0018024939047937172, -0.009775829248970063], [0.0018024939047937174, 0.008205994747549879, -0.0036099426390749203], [-0.009775829248970063, -0.0036099426390749203, 0.011857144894262194]], "chi2_level": 0.95, "chi2_df": 3, "chi2_threshold": 7.814727903251179, "N_raw": 87, "N_roi": 87, "N_inlier": 84, "refit": true}
{"timestamp": "19:00:57.276466", "frame": 92, "mu": [-0.07113923921704866, 2.446132956795104, 1.17180596477169], "Sigma": [[0.023280041717965515, 0.0009040468173322207, -0.07218488896404199], [0.0009040468173322205, 0.0027314998562237456, -0.008460415494984923], [-0.07218488896404197, -0.008460415494984923, 0.28775068220082917]], "chi2_level": 0.95, "chi2_df": 3, "chi2_threshold": 7.814727903251179, "N_raw": 65, "N_roi": 65, "N_inlier": 60, "refit": true}
{"timestamp": "19:00:57.339477", "frame": 93, "mu": [-0.14304290000582442, 2.5201577659712617, -0.23753191646625368], "Sigma": [[0.01959108985001028, 0.0021501593054504917, 0.06642127504062592], [0.0021501593054504917, 0.005111496268056233, -0.005821330665570942], [0.06642127504062592, -0.005821330665570942, 0.576696748282986]], "chi2_level": 0.95, "chi2_df": 3, "chi2_threshold": 7.814727903251179, "N_raw": 119, "N_roi": 119, "N_inlier": 118, "refit": true}
{"timestamp": "19:00:57.391989", "frame": 94, "mu": [-0.19148265932928676, 2.549237739684248, 1.1619505345372367], "Sigma": [[0.013809942303420884, 0.004119712108510225, -0.024846047282640085], [0.004119712108510225, 0.01069867522890774, -0.04252837897269653], [-0.024846047282640085, -0.04252837897269653, 0.217687653090152]], "chi2_level": 0.95, "chi2_df": 3, "chi2_threshold": 7.814727903251179, "N_raw": 90, "N_roi": 90, "N_inlier": 87, "refit": true}
{"timestamp": "19:00:57.442843", "frame": 95, "mu": [-0.2555791354365582, 2.5185781923209616, 1.3343101428079194], "Sigma": [[0.013148167192279537, -0.0012802789717339534, -0.015721606816060708], [-0.0012802789717339534, 0.0026242654861740253, -0.002352480385534579], [-0.015721606816060708, -0.002352480385534579, 0.03255544399783232]], "chi2_level": 0.95, "chi2_df": 3, "chi2_threshold": 7.814727903251179, "N_raw": 66, "N_roi": 64, "N_inlier": 59, "refit": true}
{"timestamp": "19:00:57.497457", "frame": 96, "mu": [-0.2575153904845707, 2.5183229781106666, 0.7026995216738398], "Sigma": [[0.009064225286174534, -0.0008923637888373687, -0.010523334896104972], [-0.000892363788837369, 0.0031838032042486313, 0.020254077028124283], [-0.01052333489610497, 0.02025407702812428, 0.4403468353611864]], "chi2_level": 0.95, "chi2_df": 3, "chi2_threshold": 7.814727903251179, "N_raw": 72, "N_roi": 71, "N_inlier": 69, "refit": true}
{"timestamp": "19:00:57.552402", "frame": 97, "mu": [-0.3011900168965864, 2.6577457500415576, -0.5471829381411822], "Sigma": [[0.014893406316590857, 0.004205480840376919, 0.023714156981207907], [0.004205480840376919, 0.008402390972833622, 0.015542204541186483], [0.02371415698120791, 0.015542204541186483, 0.08689837613003529]], "chi2_level": 0.95, "chi2_df": 3, "chi2_threshold": 7.814727903251179, "N_raw": 64, "N_roi": 64, "N_inlier": 60, "refit": true}
{"timestamp": "19:00:57.614457", "frame": 98, "mu": [-0.4577066962714129, 2.632899144117856, -0.43685152285955736], "Sigma": [[0.02097873715880752, -0.004606594664040554, 0.13448428177305338], [-0.004606594664040554, 0.008319520640944085, -0.03477620621811093], [0.13448428177305338, -0.03477620621811093, 1.229077813423845]], "chi2_level": 0.95, "chi2_df": 3, "chi2_threshold": 7.814727903251179, "N_raw": 116, "N_roi": 116, "N_inlier": 113, "refit": true}
{"timestamp": "19:00:57.665150", "frame": 99, "mu": [-0.48243022645479294, 2.6990897311886277, 0.746502912468188], "Sigma": [[0.02247259910124989, -0.006468239144066659, 0.045160847271588346], [-0.0064682391440666585, 0.011997795037435654, -0.0329205209055108], [0.04516084727158834, -0.0329205209055108, 0.28287241705481375]], "chi2_level": 0.95, "chi2_df": 3, "chi2_threshold": 7.814727903251179, "N_raw": 82, "N_roi": 82, "N_inlier": 80, "refit": true}
{"timestamp": "19:00:57.794766", "frame": 100, "mu": [-0.4464200027969316, 2.797054997050338, 0.035622923201761046], "Sigma": [[0.011429936370606613, 0.008626038896689517, -0.03316614894121281], [0.008626038896689517, 0.01523010342512253, -0.047833600114548264], [-0.03316614894121281, -0.047833600114548264, 0.17174534846831194]], "chi2_level": 0.95, "chi2_df": 3, "chi2_threshold": 7.814727903251179, "N_raw": 65, "N_roi": 65, "N_inlier": 61, "refit": true}
{"timestamp": "19:00:57.801535", "frame": 101, "mu": [-0.40724054670749127, 2.989950143645211, -0.506155172823139], "Sigma": [[0.010486932978555488, -0.0015828158777924975, -0.009191935112821056], [-0.0015828158777924975, 0.00517943265766732, -0.011117613852531566], [-0.009191935112821056, -0.011117613852531565, 0.046541234600225426]], "chi2_level": 0.95, "chi2_df": 3, "chi2_threshold": 7.814727903251179, "N_raw": 30, "N_roi": 30, "N_inlier": 26, "refit": true}
{"timestamp": "19:00:57.833432", "frame": 102, "mu": [-0.5598632425916947, 2.8136247752935564, 1.204789547923187], "Sigma": [[0.017995979830548757, -0.0006137555032783191, -0.008904714874236243], [-0.0006137555032783189, 0.01327773512242801, -0.03514661402678469], [-0.008904714874236243, -0.03514661402678469, 0.2533585528204042]], "chi2_level": 0.95, "chi2_df": 3, "chi2_threshold": 7.814727903251179, "N_raw": 86, "N_roi": 86, "N_inlier": 85, "refit": true}
{"timestamp": "19:00:57.887878", "frame": 103, "mu": [-0.55888131207578, 2.8173504342403017, 1.3182652248749762], "Sigma": [[0.015685127304358573, 0.0026672384308520326, -0.027868031992233644], [0.002667238430852033, 0.006632975744353714, -0.00843024562677517], [-0.02786803199223365, -0.00843024562677517, 0.11446962003666403]], "chi2_level": 0.95, "chi2_df": 3, "chi2_threshold": 7.814727903251179, "N_raw": 102, "N_roi": 98, "N_inlier": 93, "refit": true}
{"timestamp": "19:00:57.945507", "frame": 104, "mu": [-0.5949851589903035, 2.8912373122740074, 1.1941571191271678], "Sigma": [[0.0130134187619286, 0.003031628872825345, -0.017561734842918616], [0.0030316288728253447, 0.007348683495916203, -0.02090962466051932], [-0.017561734842918616, -0.02090962466051932, 0.12033974547998322]], "chi2_level": 0.95, "chi2_df": 3, "chi2_threshold": 7.814727903251179, "N_raw": 118, "N_roi": 113, "N_inlier": 108, "refit": true}
{"timestamp": "19:00:57.994927", "frame": 105, "mu": [-0.6750501117594331, 2.917663578770292, 1.1526844477702185], "Sigma": [[0.00980315287134667, 0.00023434931797705985, -0.0004799321082321847], [0.00023434931797705963, 0.008080120490314204, -0.034816713256424464], [-0.00047993210823218696, -0.034816713256424464, 0.21389935196371956]], "chi2_level": 0.95, "chi2_df": 3, "chi2_threshold": 7.814727903251179, "N_raw": 80, "N_roi": 78, "N_inlier": 77, "refit": true}
{"timestamp": "19:00:58.050785", "frame": 106, "mu": [-0.6945806779321496, 2.9334865906830894, -0.28229937253142584], "Sigma": [[0.014295951621194226, 0.0003589063210593183, 0.07841269473235105], [0.00035890632105931816, 0.01015235085105571, -0.010536189822695803], [0.07841269473235103, -0.010536189822695805, 0.6705441643996645]], "chi2_level": 0.95, "chi2_df": 3, "chi2_threshold": 7.814727903251179, "N_raw": 91, "N_roi": 91, "N_inlier": 89, "refit": true}
{"timestamp": "19:00:58.100848", "frame": 107, "mu": [-0.7086246824660202, 2.947785944528981, 1.4375625545743649], "Sigma": [[0.011317613454927712, -0.00030236916710956894, 0.004443074061164249], [-0.0003023691671095689, 0.0030784539186205955, -0.00870000178471141], [0.004443074061164249, -0.00870000178471141, 0.03673752204145114]], "chi2_level": 0.95, "chi2_df": 3, "chi2_threshold": 7.814727903251179, "N_raw": 54, "N_roi": 52, "N_inlier": 48, "refit": true}
{"timestamp": "19:00:58.155021", "frame": 108, "mu": [-0.7632059525625977, 3.028720724592995, 1.158775754894864], "Sigma": [[0.009964933163299583, -0.0001481719413359888, 0.027739769959066293], [-0.00014817194133598873, 0.005320288870181613, -0.022833342944453945], [0.027739769959066293, -0.022833342944453945, 0.3547374039700091]], "chi2_level": 0.95, "chi2_df": 3, "chi2_threshold": 7.814727903251179, "N_raw": 52, "N_roi": 51, "N_inlier": 50, "refit": true}
{"timestamp": "19:00:58.202994", "frame": 109, "mu": [-0.792089398672823, 3.1730001870431295, -0.1278750467604776], "Sigma": [[0.0022868714505481003, 0.0015008378213027904, -0.002558381191419358], [0.0015008378213027908, 0.04739244001573109, -0.09025536040317425], [-0.002558381191419358, -0.09025536040317425, 0.17662812527560387]], "chi2_level": 0.95, "chi2_df": 3, "chi2_threshold": 7.814727903251179, "N_raw": 11, "N_roi": 11, "N_inlier": 10, "refit": true}
{"timestamp": "19:00:58.258635", "frame": 110, "mu": [-0.784767013548952, 3.0700566794317945, 1.2172595515057094], "Sigma": [[0.001962469993384182, 0.0026368010849202755, -0.006248749889208628], [0.002636801084920275, 0.0039821692289367105, -0.009577924986430116], [-0.006248749889208628, -0.009577924986430116, 0.04008974018589192]], "chi2_level": 0.95, "chi2_df": 3, "chi2_threshold": 7.814727903251179, "N_raw": 12, "N_roi": 9, "N_inlier": 8, "refit": true}
{"timestamp": "19:00:58.320912", "frame": 111, "mu": [-0.7565759431595545, 3.13192877292851, 0.9166294095336944], "Sigma": [[0.017984402858755195, 0.0036780606836267016, -0.027086182899855118], [0.0036780606836267016, 0.002899604857444472, -0.00920438366933998], [-0.027086182899855118, -0.009204383669339978, 0.06710400853908124]], "chi2_level": 0.95, "chi2_df": 3, "chi2_threshold": 7.814727903251179, "N_raw": 63, "N_roi": 60, "N_inlier": 57, "refit": true}
{"timestamp": "19:00:58.378349", "frame": 112, "mu": [-0.8862437061112798, 3.1163013953524286, 1.18295522616314], "Sigma": [[0.018638528946064322, 0.008564863731809966, -0.03081553632266813], [0.008564863731809966, 0.008722400623095873, -0.023216645517672333], [-0.03081553632266813, -0.023216645517672333, 0.08054857352827091]], "chi2_level": 0.95, "chi2_df": 3, "chi2_threshold": 7.814727903251179, "N_raw": 78, "N_roi": 78, "N_inlier": 75, "refit": true}
{"timestamp": "19:00:58.426518", "frame": 113, "mu": [-0.8092232891086121, 3.2012539842348513, 0.77969918657847], "Sigma": [[0.022532250679575143, 0.0063005436339700245, -0.035148232590417314], [0.0063005436339700245, 0.004407307079694553, -0.014075795195924227], [-0.035148232590417314, -0.014075795195924227, 0.06555671251134958]], "chi2_level": 0.95, "chi2_df": 3, "chi2_threshold": 7.814727903251179, "N_raw": 30, "N_roi": 27, "N_inlier": 25, "refit": true}
{"timestamp": "19:00:58.483402", "frame": 114, "mu": [-1.0383044466224625, 3.1583948322681477, 1.3115996732236659], "Sigma": [[0.008583743794853273, 0.0030922164351096333, -0.005463079893815948], [0.0030922164351096337, 0.005416599321719124, -0.014443644835448365], [-0.005463079893815948, -0.014443644835448365, 0.04611394877823391]], "chi2_level": 0.95, "chi2_df": 3, "chi2_threshold": 7.814727903251179, "N_raw": 44, "N_roi": 44, "N_inlier": 41, "refit": true}
{"timestamp": "19:00:58.537472", "frame": 115, "mu": [-1.0427642073602832, 3.194464366979145, 1.4131477121354026], "Sigma": [[0.01162774040056756, 0.002476889677323562, -0.007747671043242306], [0.002476889677323562, 0.0018305470309606493, -0.005575254668803016], [-0.007747671043242306, -0.005575254668803016, 0.022938100552190997]], "chi2_level": 0.95, "chi2_df": 3, "chi2_threshold": 7.814727903251179, "N_raw": 38, "N_roi": 38, "N_inlier": 34, "refit": true}
{"timestamp": "19:00:58.588497", "frame": 116, "mu": [-1.1316717888621823, 3.2550803375906807, 1.103536779744461], "Sigma": [[0.012900066789419597, -0.006469764444645244, 0.05502320079204893], [-0.006469764444645244, 0.004567442197611207, -0.023068506697123792], [0.05502320079204893, -0.023068506697123795, 0.25460819133170665]], "chi2_level": 0.95, "chi2_df": 3, "chi2_threshold": 7.814727903251179, "N_raw": 6, "N_roi": 6, "N_inlier": 6, "refit": true}
{"timestamp": "19:00:58.649342", "frame": 117, "mu": [-1.164720941739429, 3.336673267427723, 1.0492746023327877], "Sigma": [[0.01205892535626086, 4.0083527137737326e-05, -0.0007592090465269549], [4.008352713773754e-05, 0.018561958877474236, -0.06268428708274232], [-0.0007592090465269555, -0.06268428708274232, 0.22903958811774552]], "chi2_level": 0.95, "chi2_df": 3, "chi2_threshold": 7.814727903251179, "N_raw": 47, "N_roi": 47, "N_inlier": 46, "refit": true}
{"timestamp": "19:00:58.704254", "frame": 118, "mu": [-1.157608709385688, 3.263072306023998, 1.468456834922482], "Sigma": [[0.016757584019710482, 0.005878567259682048, -0.00935025714767457], [0.005878567259682048, 0.006036429617052755, -0.008136045913785871], [-0.00935025714767457, -0.008136045913785871, 0.01285203282868661]], "chi2_level": 0.95, "chi2_df": 3, "chi2_threshold": 7.814727903251179, "N_raw": 52, "N_roi": 52, "N_inlier": 51, "refit": true}
{"timestamp": "19:00:58.758726", "frame": 119, "mu": [-1.281647452684802, 3.2411782179128883, 1.5695038975254327], "Sigma": [[0.014063712631436033, 0.0024143466716322103, -0.010863714079506865], [0.0024143466716322103, 0.0043724311963934896, -0.005696293843149778], [-0.010863714079506865, -0.005696293843149777, 0.0176055000190167]], "chi2_level": 0.95, "chi2_df": 3, "chi2_threshold": 7.814727903251179, "N_raw": 49, "N_roi": 49, "N_inlier": 44, "refit": true}
{"timestamp": "19:00:58.816746", "frame": 120, "mu": [-1.1420276769190734, 3.391542311579474, 1.1063124693757298], "Sigma": [[0.0173991604671297, 0.0007024284884040397, -0.028223436998445664], [0.0007024284884040398, 0.0029189217147441897, 0.010387652114507675], [-0.028223436998445664, 0.010387652114507675, 0.2181845180725627]], "chi2_level": 0.95, "chi2_df": 3, "chi2_threshold": 7.814727903251179, "N_raw": 66, "N_roi": 64, "N_inlier": 63, "refit": true}
{"timestamp": "19:00:58.870742", "frame": 121, "mu": [-1.2578638997458884, 3.402029506650997, 1.3070136654504565], "Sigma": [[0.016486445407864682, 0.004930267412282582, -0.02065303245978199], [0.004930267412282581, 0.0037308634737817674, -0.011908330707045257], [-0.020653032459781985, -0.011908330707045257, 0.07352555013958122]], "chi2_level": 0.95, "chi2_df": 3, "chi2_threshold": 7.814727903251179, "N_raw": 56, "N_roi": 54, "N_inlier": 53, "refit": true}
{"timestamp": "19:00:58.922104", "frame": 122, "mu": [-1.232036422013673, 3.451043911807599, 0.9949157397549444], "Sigma": [[0.009934104036613612, 0.0019267627538722327, -0.016295579326061457], [0.0019267627538722327, 0.0030718569689438206, -0.008046002315751383], [-0.01629557932606146, -0.008046002315751385, 0.04326803256640089]], "chi2_level": 0.95, "chi2_df": 3, "chi2_threshold": 7.814727903251179, "N_raw": 36, "N_roi": 36, "N_inlier": 34, "refit": true}
{"timestamp": "19:00:58.977912", "frame": 123, "mu": [-1.3505730712716688, 3.4582738305708385, 1.1102548918884407], "Sigma": [[0.015647954083417303, 0.004702068669163611, -0.023611653992423265], [0.004702068669163612, 0.002861100534554466, -0.011656807278381927], [-0.023611653992423265, -0.011656807278381927, 0.05728584739772345]], "chi2_level": 0.95, "chi2_df": 3, "chi2_threshold": 7.814727903251179, "N_raw": 43, "N_roi": 41, "N_inlier": 41, "refit": true}
{"timestamp": "19:00:59.032845", "frame": 124, "mu": [-1.4436320184135387, 3.4806551959720773, -0.09353787104706132], "Sigma": [[0.01643261880605539, 0.007785299949104719, 0.030812396730987263], [0.00778529994910472, 0.00732102331982824, 0.01603979820060128], [0.030812396730987263, 0.01603979820060128, 0.12239343540586786]], "chi2_level": 0.95, "chi2_df": 3, "chi2_threshold": 7.814727903251179, "N_raw": 40, "N_roi": 40, "N_inlier": 36, "refit": true}
{"timestamp": "19:00:59.089289", "frame": 125, "mu": [-1.4575284220240938, 3.5120244723196405, 1.5419138300493598], "Sigma": [[0.013513839620828654, 0.0033316130124945854, -0.014004227100182091], [0.0033316130124945854, 0.003887748919993853, -0.009030128570116185], [-0.01400422710018209, -0.009030128570116185, 0.03491549277259902]], "chi2_level": 0.95, "chi2_df": 3, "chi2_threshold": 7.814727903251179, "N_raw": 47, "N_roi": 43, "N_inlier": 40, "refit": true}
{"timestamp": "19:00:59.142335", "frame": 126, "mu": [-1.5251365693961665, 3.5330378876441215, -0.25476683685563867], "Sigma": [[0.014488569820244733, 0.0036577627492146852, -0.009457090126170969], [0.0036577627492146852, 0.004455911708097904, -0.0029801414234615674], [-0.009457090126170969, -0.0029801414234615674, 0.008388590007831957]], "chi2_level": 0.95, "chi2_df": 3, "chi2_threshold": 7.814727903251179, "N_raw": 38, "N_roi": 38, "N_inlier": 34, "refit": true}
{"timestamp": "19:00:59.201186", "frame": 127, "mu": [-1.534941339517302, 3.6370586446493145, 1.2961310579647227], "Sigma": [[0.01566393500835626, 0.00628852984633272, -0.015528978079983262], [0.006288529846332721, 0.008009815932695319, -0.03329719783550097], [-0.01552897807998326, -0.03329719783550097, 0.219290776512692]], "chi2_level": 0.95, "chi2_df": 3, "chi2_threshold": 7.814727903251179, "N_raw": 57, "N_roi": 57, "N_inlier": 56, "refit": true}
{"timestamp": "19:00:59.251320", "frame": 128, "mu": [-1.601646494442043, 3.7463525730570932, 0.6804187724361654], "Sigma": [[0.014942872510779229, 0.0026787664379837573, -0.004895968383969011], [0.0026787664379837573, 0.0019913887696577795, -0.004529971707606613], [-0.004895968383969011, -0.004529971707606613, 0.017989439189202643]], "chi2_level": 0.95, "chi2_df": 3, "chi2_threshold": 7.814727903251179, "N_raw": 31, "N_roi": 31, "N_inlier": 28, "refit": true}
{"timestamp": "19:00:59.304546", "frame": 129, "mu": [-1.6171305688667748, 3.7168829310575693, 0.8926280421618212], "Sigma": [[0.010337400155651794, -0.0015038027312521416, 0.01583653666921171], [-0.0015038027312521411, 0.018700268872967562, -0.04929767904550523], [0.01583653666921171, -0.04929767904550523, 0.1570470743245959]], "chi2_level": 0.95, "chi2_df": 3, "chi2_threshold": 7.814727903251179, "N_raw": 12, "N_roi": 12, "N_inlier": 11, "refit": true}
{"timestamp": "19:00:59.359384", "frame": 130, "mu": [-1.4514139467678597, 3.754496397053045, 0.8561906934518188], "Sigma": [[0.02198915294893797, 0.01089006360643018, -0.06579030386408233], [0.01089006360643018, 0.007855830992593555, -0.04120615546892883], [-0.06579030386408233, -0.04120615546892883, 0.25849570782503756]], "chi2_level": 0.95, "chi2_df": 3, "chi2_threshold": 7.814727903251179, "N_raw": 18, "N_roi": 18, "N_inlier": 15, "refit": true}
{"timestamp": "19:00:59.412901", "frame": 131, "mu": [-1.5320336041660199, 3.7411613857455452, 1.2600119204722853], "Sigma": [[0.012100439063883651, 0.004558598530544885, -0.04444930595715265], [0.0045585985305448854, 0.0035433243851447165, -0.01708877488783449], [-0.04444930595715265, -0.01708877488783449, 0.18407114241029435]], "chi2_level": 0.95, "chi2_df": 3, "chi2_threshold": 7.814727903251179, "N_raw": 12, "N_roi": 12, "N_inlier": 12, "refit": true}
{"timestamp": "19:00:59.468416", "frame": 132, "mu": [-1.5870885420861716, 3.7858815111167257, 1.0996197892096027], "Sigma": [[0.011323867617375702, 0.005386686092404413, -0.0033982045288237198], [0.005386686092404413, 0.003825469231876423, -0.00220145899364763], [-0.00339820452882372, -0.0022014589936476298, 0.0027935636368551188]], "chi2_level": 0.95, "chi2_df": 3, "chi2_threshold": 7.814727903251179, "N_raw": 18, "N_roi": 18, "N_inlier": 16, "refit": true}
{"timestamp": "19:00:59.525640", "frame": 133, "mu": [-1.8150305667339048, 3.6901532317138415, 1.5295240288208969], "Sigma": [[0.018045592459180033, 0.0066000612116126145, -0.010300620435127323], [0.0066000612116126145, 0.004072038601091925, -0.004963035987186096], [-0.010300620435127323, -0.004963035987186096, 0.00807732818251599]], "chi2_level": 0.95, "chi2_df": 3, "chi2_threshold": 7.814727903251179, "N_raw": 28, "N_roi": 27, "N_inlier": 25, "refit": true}
{"timestamp": "19:00:59.581652", "frame": 134, "mu": [-1.7446491220956197, 3.8100388425806626, 1.351252060912394], "Sigma": [[0.022844572668990273, 0.01217905692847918, -0.03563107052557246], [0.01217905692847918, 0.007460138041212334, -0.022261625877881514], [-0.03563107052557246, -0.022261625877881514, 0.08436881465272855]], "chi2_level": 0.95, "chi2_df": 3, "chi2_threshold": 7.814727903251179, "N_raw": 35, "N_roi": 34, "N_inlier": 32, "refit": true}
{"timestamp": "19:00:59.633578", "frame": 135, "mu": [-1.8219922546574925, 3.840537177961452, 0.0754341448876927], "Sigma": [[0.0168023659991154, 0.016571078922450026, 0.011848555809085564], [0.016571078922450026, 0.021014378459491986, 0.00437182992662742], [0.011848555809085566, 0.00437182992662742, 0.17353576642841553]], "chi2_level": 0.95, "chi2_df": 3, "chi2_threshold": 7.814727903251179, "N_raw": 13, "N_roi": 13, "N_inlier": 13, "refit": true}
