{"timestamp": "18:38:25.929721", "frame": 19, "mu": [-2.078140077259168, 4.983973716748759, 0.9934019058969354], "Sigma": [[0.009730998303423588, -6.525310129561818e-05, 0.011766166327949237], [-6.525310129561818e-05, 0.00010291460329197097, -0.0023067908004652323], [0.011766166327949235, -0.002306790800465232, 0.08338071875410466]], "chi2_level": 0.95, "chi2_df": 3, "chi2_threshold": 7.814727903251179, "N_raw": 50, "N_roi": 7, "N_inlier": 7, "refit": true}
{"timestamp": "18:38:25.981615", "frame": 20, "mu": [-1.9495906366701008, 4.960587509035186, -1.2405504276731458], "Sigma": [[0.0049340281442223155, 0.0005959223380701198, -0.0011748541184123506], [0.0005959223380701197, 0.00025941807797088043, -0.0005276901773119008], [-0.0011748541184123506, -0.0005276901773119008, 0.009260808137648954]], "chi2_level": 0.95, "chi2_df": 3, "chi2_threshold": 7.814727903251179, "N_raw": 24, "N_roi": 7, "N_inlier": 7, "refit": true}
{"timestamp": "18:38:26.038188", "frame": 21, "mu": [-1.8504073357899908, 4.935459546674614, 0.9632643043349095], "Sigma": [[0.028533330910513403, 0.005545696763420373, -0.0037485681698089615], [0.005545696763420373, 0.0019900224283944685, -0.003838418287225467], [-0.0037485681698089615, -0.003838418287225467, 0.01775330851124766]], "chi2_level": 0.95, "chi2_df": 3, "chi2_threshold": 7.814727903251179, "N_raw": 37, "N_roi": 30, "N_inlier": 29, "refit": true}
{"timestamp": "18:38:26.092326", "frame": 22, "mu": [-1.7881500520844456, 4.941328878342241, 0.8469337000873949], "Sigma": [[0.008508188322318342, -0.0010841767677107496, 0.011150580649287757], [-0.0010841767677107496, 0.0007294875364470719, -0.0029761427357763385], [0.011150580649287757, -0.002976142735776338, 0.020702287397048918]], "chi2_level": 0.95, "chi2_df": 3, "chi2_threshold": 7.814727903251179, "N_raw": 12, "N_roi": 7, "N_inlier": 6, "refit": true}
{"timestamp": "18:38:26.152698", "frame": 23, "mu": [-1.7701117439491216, 4.902777166391408, 0.8862619852715373], "Sigma": [[0.03396186353934688, 0.006950367766741442, -0.005195932207021155], [0.006950367766741442, 0.0033423209224911887, -0.006399343974690583], [-0.005195932207021153, -0.006399343974690583, 0.025073023950008207]], "chi2_level": 0.95, "chi2_df": 3, "chi2_threshold": 7.814727903251179, "N_raw": 49, "N_roi": 46, "N_inlier": 46, "refit": true}
{"timestamp": "18:38:26.204791", "frame": 24, "mu": [-1.8063257732926408, 4.852479590564332, 0.8543787222212254], "Sigma": [[0.021895731235634604, 0.00537194404723266, -0.0026564370627472967], [0.0053719440472326605, 0.0023786095726088165, -0.004979696278767021], [-0.0026564370627472963, -0.00497969627876702, 0.02790468753681101]], "chi2_level": 0.95, "chi2_df": 3, "chi2_threshold": 7.814727903251179, "N_raw": 32, "N_roi": 32, "N_inlier": 31, "refit": true}
{"timestamp": "18:38:26.259150", "frame": 25, "mu": [-1.8324549920276862, 4.803293321822994, 0.7718239680668159], "Sigma": [[0.02382077499184023, 0.0016717313889620519, -0.0070973497431582305], [0.0016717313889620519, 0.0012180046423256247, -0.0031061045489020065], [-0.0070973497431582305, -0.0031061045489020056, 0.014243979364459437]], "chi2_level": 0.95, "chi2_df": 3, "chi2_threshold": 7.814727903251179, "N_raw": 26, "N_roi": 25, "N_inlier": 23, "refit": true}
{"timestamp": "18:38:26.316608", "frame": 26, "mu": [-1.6521082468356953, 4.722280245032095, 0.9492131258464965], "Sigma": [[0.025927933017986956, 0.003369497943745344, -0.022485073491737066], [0.0033694979437453435, 0.0012102595462545925, -0.006490883396894067], [-0.022485073491737066, -0.006490883396894067, 0.052194727890417146]], "chi2_level": 0.95, "chi2_df": 3, "chi2_threshold": 7.814727903251179, "N_raw": 42, "N_roi": 37, "N_inlier": 35, "refit": true}
{"timestamp": "18:38:26.366944", "frame": 27, "mu": [-1.7380096982431665, 4.676865048623308, 0.8528709539015753], "Sigma": [[0.024830810096933553, -0.005302337362097858, 0.0011375045502955098], [-0.005302337362097858, 0.0016482527762634583, -0.00037100331985389035], [0.00113750455029551, -0.00037100331985389035, 8.497429901374991e-05]], "chi2_level": 0.95, "chi2_df": 3, "chi2_threshold": 7.814727903251179, "N_raw": 7, "N_roi": 6, "N_inlier": 5, "refit": true}
{"timestamp": "18:38:26.426584", "frame": 28, "mu": [-1.734539527426118, 4.580379466222259, 0.8270169277890353], "Sigma": [[0.029929860758844726, 0.006983181740666667, -0.0049400570590288646], [0.006983181740666667, 0.0033230549885156484, -0.005152209527546855], [-0.004940057059028864, -0.005152209527546856, 0.02068145875848506]], "chi2_level": 0.95, "chi2_df": 3, "chi2_threshold": 7.814727903251179, "N_raw": 42, "N_roi": 42, "N_inlier": 41, "refit": true}
{"timestamp": "18:38:26.480539", "frame": 29, "mu": [-1.741432587834647, 4.47329513861658, 0.8466712169306345], "Sigma": [[0.02949962801521308, 0.0024208658068218306, -0.007165809406160605], [0.00242086580682183, 0.0009358553501005355, -0.001668389610202548], [-0.0071658094061606056, -0.0016683896102025477, 0.03316904658636159]], "chi2_level": 0.95, "chi2_df": 3, "chi2_threshold": 7.814727903251179, "N_raw": 36, "N_roi": 35, "N_inlier": 34, "refit": true}
{"timestamp": "18:38:26.540354", "frame": 30, "mu": [-1.7790327324523019, 4.397292674633135, 0.5823895818274181], "Sigma": [[0.0343198822467564, 0.00862216924946973, 0.009838886429052073], [0.00862216924946973, 0.0037773966743440404, 0.0020750117770036163], [0.009838886429052073, 0.0020750117770036163, 0.10663271867099014]], "chi2_level": 0.95, "chi2_df": 3, "chi2_threshold": 7.814727903251179, "N_raw": 72, "N_roi": 67, "N_inlier": 67, "refit": true}
{"timestamp": "18:38:26.591635", "frame": 31, "mu": [-1.6748309383216808, 4.392546005027205, 1.0572634895835917], "Sigma": [[0.026376875773728846, 0.006819578663381107, -0.015543211572402429], [0.006819578663381108, 0.004704322215397498, -0.004548688707766244], [-0.015543211572402429, -0.004548688707766244, 0.01070137778928693]], "chi2_level": 0.95, "chi2_df": 3, "chi2_threshold": 7.814727903251179, "N_raw": 39, "N_roi": 36, "N_inlier": 34, "refit": true}
{"timestamp": "18:38:26.646126", "frame": 32, "mu": [-1.7633842982501204, 4.331561079702608, 0.8638926476863414], "Sigma": [[0.028112152663168598, 0.00798437898284031, 0.004621574964834967], [0.00798437898284031, 0.002933106453290585, -0.0011974766521779241], [0.004621574964834965, -0.001197476652177924, 0.06831740095012591]], "chi2_level": 0.95, "chi2_df": 3, "chi2_threshold": 7.814727903251179, "N_raw": 49, "N_roi": 49, "N_inlier": 48, "refit": true}
{"timestamp": "18:38:26.697208", "frame": 33, "mu": [-1.7565237343764981, 4.283937786695226, 0.8268540616867819], "Sigma": [[0.011978365442202031, 0.0005831049105070889, 0.004788918373067134], [0.000583104910507089, 0.0015492969393219134, -0.0018899644061885917], [0.004788918373067134, -0.0018899644061885915, 0.0055971747771479344]], "chi2_level": 0.95, "chi2_df": 3, "chi2_threshold": 7.814727903251179, "N_raw": 11, "N_roi": 11, "N_inlier": 10, "refit": true}
{"timestamp": "18:38:26.758844", "frame": 34, "mu": [-1.7695068714817794, 4.323833173322904, 0.09680989471420491], "Sigma": [[0.03225054639061122, 0.0073884654432678975, -0.013481545983680659], [0.007388465443267897, 0.00958585067605666, -0.013587976086466398], [-0.013481545983680659, -0.013587976086466398, 0.02230463267840638]], "chi2_level": 0.95, "chi2_df": 3, "chi2_threshold": 7.814727903251179, "N_raw": 60, "N_roi": 60, "N_inlier": 59, "refit": true}
{"timestamp": "18:38:26.809398", "frame": 35, "mu": [-1.8054033696268676, 4.135251227682799, 0.9400558626151851], "Sigma": [[0.019085386866648332, 0.0026387831089411213, -0.0022868594250845145], [0.0026387831089411213, 0.0019993541765412712, -0.0044305150166438715], [-0.002286859425084514, -0.0044305150166438715, 0.016142019137032938]], "chi2_level": 0.95, "chi2_df": 3, "chi2_threshold": 7.814727903251179, "N_raw": 35, "N_roi": 35, "N_inlier": 33, "refit": true}
{"timestamp": "18:38:26.866743", "frame": 36, "mu": [-1.8093880554479844, 4.059154591642926, 0.8962120154204397], "Sigma": [[0.026850557024901453, 0.006988813951477071, -0.011307598504095474], [0.006988813951477071, 0.005540145643978226, -0.005553266760773263], [-0.011307598504095476, -0.005553266760773263, 0.012126617994927752]], "chi2_level": 0.95, "chi2_df": 3, "chi2_threshold": 7.814727903251179, "N_raw": 48, "N_roi": 47, "N_inlier": 45, "refit": true}
{"timestamp": "18:38:26.925233", "frame": 37, "mu": [-1.8417719381550324, 3.9622838774615756, 1.0248621903715147], "Sigma": [[0.03236498062849277, 0.0064734034443813294, -0.019354119969470323], [0.006473403444381328, 0.006111077186904981, -0.010152797241543277], [-0.019354119969470323, -0.010152797241543277, 0.02411195264397961]], "chi2_level": 0.95, "chi2_df": 3, "chi2_threshold": 7.814727903251179, "N_raw": 68, "N_roi": 67, "N_inlier": 64, "refit": true}
{"timestamp": "18:38:26.977840", "frame": 38, "mu": [-1.8476770538518394, 3.8691705771923814, 1.0161718132309714], "Sigma": [[0.029083175698585206, 0.0048969476253524205, -0.020384574832148263], [0.0048969476253524205, 0.0022587890433079724, -0.008363870449424413], [-0.020384574832148256, -0.008363870449424413, 0.04658380333535024]], "chi2_level": 0.95, "chi2_df": 3, "chi2_threshold": 7.814727903251179, "N_raw": 53, "N_roi": 53, "N_inlier": 52, "refit": true}
{"timestamp": "18:38:27.031403", "frame": 39, "mu": [-1.790278563628712, 3.7654311121484514, 0.6020603317604013], "Sigma": [[0.018555751716532946, -0.0012077566964020417, -0.029905567375694], [-0.0012077566964020419, 0.0017026236031580857, -0.002060050202904222], [-0.029905567375693998, -0.002060050202904222, 0.0629941592186467]], "chi2_level": 0.95, "chi2_df": 3, "chi2_threshold": 7.814727903251179, "N_raw": 44, "N_roi": 44, "N_inlier": 43, "refit": true}
{"timestamp": "18:38:27.086136", "frame": 40, "mu": [-1.7715060056518783, 3.692829496732487, 0.7241585449845347], "Sigma": [[0.014172556594285417, -0.0003227516721238966, -0.013309997332960184], [-0.00032275167212389693, 0.0026096661222642452, -0.0028372013534156376], [-0.013309997332960184, -0.002837201353415638, 0.018334743027280373]], "chi2_level": 0.95, "chi2_df": 3, "chi2_threshold": 7.814727903251179, "N_raw": 28, "N_roi": 27, "N_inlier": 26, "refit": true}
{"timestamp": "18:38:27.138170", "frame": 41, "mu": [-1.71259693808127, 3.6438659581589605, 0.8002696340579809], "Sigma": [[0.014375891693545665, 0.002002080749101678, -0.011540690869550363], [0.002002080749101678, 0.0009374768929783652, -0.002934182446425831], [-0.011540690869550363, -0.002934182446425831, 0.015129258321493843]], "chi2_level": 0.95, "chi2_df": 3, "chi2_threshold": 7.814727903251179, "N_raw": 27, "N_roi": 26, "N_inlier": 24, "refit": true}
{"timestamp": "18:38:27.195548", "frame": 42, "mu": [-1.848295570572653, 3.5522392136930523, 1.0008024080214493], "Sigma": [[0.015899168320664233, 0.003491021614899615, -0.013026425936625861], [0.003491021614899615, 0.002576837154659095, -0.007387275775878262], [-0.013026425936625861, -0.007387275775878262, 0.027183545194527762]], "chi2_level": 0.95, "chi2_df": 3, "chi2_threshold": 7.814727903251179, "N_raw": 37, "N_roi": 37, "N_inlier": 36, "refit": true}
{"timestamp": "18:38:27.250044", "frame": 43, "mu": [-1.787505734559301, 3.5218187347359184, 0.8816117839596892], "Sigma": [[0.014382455481862065, 0.0031906822476818752, -0.007183227704522116], [0.0031906822476818752, 0.0025042203797558363, -0.0043758334209431675], [-0.007183227704522116, -0.004375833420943168, 0.011115955826526486]], "chi2_level": 0.95, "chi2_df": 3, "chi2_threshold": 7.814727903251179, "N_raw": 35, "N_roi": 33, "N_inlier": 32, "refit": true}
{"timestamp": "18:38:27.301554", "frame": 44, "mu": [-1.7472741406484298, 3.4494220310095542, 0.8169287546126258], "Sigma": [[0.03448566308435464, -0.0010365422211149058, 0.007046631969440999], [-0.0010365422211149058, 0.000930806833516887, -0.0009992856966100309], [0.007046631969440998, -0.0009992856966100309, 0.010370016173582557]], "chi2_level": 0.95, "chi2_df": 3, "chi2_threshold": 7.814727903251179, "N_raw": 12, "N_roi": 12, "N_inlier": 12, "refit": true}
{"timestamp": "18:38:27.361995", "frame": 45, "mu": [-1.7969581588930326, 3.3553793490539245, 0.9197286997353227], "Sigma": [[0.03147194284825146, -0.00032982372928032713, -0.023641875149534454], [-0.00032982372928032713, 0.0020993084025993976, -0.002737997608316377], [-0.023641875149534454, -0.002737997608316377, 0.024088241825382807]], "chi2_level": 0.95, "chi2_df": 3, "chi2_threshold": 7.814727903251179, "N_raw": 44, "N_roi": 44, "N_inlier": 41, "refit": true}
{"timestamp": "18:38:27.418917", "frame": 46, "mu": [-1.7788685300527374, 3.294966554898754, 0.8845180108166191], "Sigma": [[0.02115033210051346, 0.0048426931433723525, -0.0011776793499065174], [0.004842693143372352, 0.0035565438728476337, -0.005697050070257052], [-0.0011776793499065168, -0.005697050070257052, 0.02188806808939796]], "chi2_level": 0.95, "chi2_df": 3, "chi2_threshold": 7.814727903251179, "N_raw": 59, "N_roi": 59, "N_inlier": 58, "refit": true}
{"timestamp": "18:38:27.475031", "frame": 47, "mu": [-1.7917425478141311, 3.3529078259384657, -0.11477982860452657], "Sigma": [[0.028047963919836518, 0.007020388200611627, -0.01177212471805831], [0.007020388200611627, 0.008470765803699454, -0.012874615111197318], [-0.01177212471805831, -0.012874615111197318, 0.024815050469092013]], "chi2_level": 0.95, "chi2_df": 3, "chi2_threshold": 7.814727903251179, "N_raw": 68, "N_roi": 68, "N_inlier": 65, "refit": true}
{"timestamp": "18:38:27.529805", "frame": 48, "mu": [-1.775431709275781, 3.132329879698913, 0.8764260750919425], "Sigma": [[0.024153376965911258, 0.003688979627800799, -0.0008787488447407924], [0.0036889796278007994, 0.0026336999593243467, -0.0022935749520825526], [-0.000878748844740792, -0.002293574952082552, 0.0450046706871962]], "chi2_level": 0.95, "chi2_df": 3, "chi2_threshold": 7.814727903251179, "N_raw": 65, "N_roi": 65, "N_inlier": 64, "refit": true}
{"timestamp": "18:38:27.581385", "frame": 49, "mu": [-1.7339629785031485, 3.198028274686635, -0.05050561036280385], "Sigma": [[0.017618761697373933, 0.006127527721189248, -0.0107059060071737], [0.006127527721189248, 0.006907715108565557, -0.004565676232290488], [-0.0107059060071737, -0.004565676232290488, 0.00854301926866354]], "chi2_level": 0.95, "chi2_df": 3, "chi2_threshold": 7.814727903251179, "N_raw": 46, "N_roi": 45, "N_inlier": 43, "refit": true}
{"timestamp": "18:38:27.637992", "frame": 50, "mu": [-1.7918205607576485, 2.9562612334129246, 1.0222008948434784], "Sigma": [[0.019893380272521775, 0.00437577354014747, -0.002383937221801854], [0.00437577354014747, 0.004533724233121769, -0.005819792294246106], [-0.0023839372218018534, -0.0058197922942461065, 0.012280509908210719]], "chi2_level": 0.95, "chi2_df": 3, "chi2_threshold": 7.814727903251179, "N_raw": 61, "N_roi": 59, "N_inlier": 58, "refit": true}
{"timestamp": "18:38:27.688700", "frame": 51, "mu": [-1.8198424145466445, 2.900531257197123, 1.0101608212930162], "Sigma": [[0.015131067237112378, 0.0005727739181863053, 0.004873737207742831], [0.0005727739181863054, 0.0011158294723799765, -0.00233441482542021], [0.004873737207742831, -0.00233441482542021, 0.011132774342141312]], "chi2_level": 0.95, "chi2_df": 3, "chi2_threshold": 7.814727903251179, "N_raw": 22, "N_roi": 22, "N_inlier": 21, "refit": true}
{"timestamp": "18:38:27.746398", "frame": 52, "mu": [-1.7989826208065338, 2.9373748186782658, -0.03475930886960927], "Sigma": [[0.013161927551863828, 0.005526099595730446, -0.007959272441368912], [0.005526099595730446, 0.00834419024781294, -0.009255957656965233], [-0.007959272441368912, -0.009255957656965233, 0.01146766384222469]], "chi2_level": 0.95, "chi2_df": 3, "chi2_threshold": 7.814727903251179, "N_raw": 47, "N_roi": 47, "N_inlier": 44, "refit": true}
{"timestamp": "18:38:27.799485", "frame": 53, "mu": [-1.7701522211908503, 2.8138114276780235, -0.6828827252037991], "Sigma": [[0.012479292987978667, 0.008360941829440308, 0.020172781571972064], [0.008360941829440308, 0.017924800956947096, 0.017365514750212214], [0.020172781571972068, 0.017365514750212214, 0.09181211281601848]], "chi2_level": 0.95, "chi2_df": 3, "chi2_threshold": 7.814727903251179, "N_raw": 31, "N_roi": 31, "N_inlier": 29, "refit": true}
{"timestamp": "18:38:27.855880", "frame": 54, "mu": [-1.8221001962407053, 2.6751127083335944, 1.140444607573804], "Sigma": [[0.01738432932382286, 0.005234660171396722, -0.013426456213749554], [0.005234660171396722, 0.003263713677723227, -0.007639644641034575], [-0.013426456213749553, -0.0076396446410345745, 0.02701951258290026]], "chi2_level": 0.95, "chi2_df": 3, "chi2_threshold": 7.814727903251179, "N_raw": 46, "N_roi": 46, "N_inlier": 43, "refit": true}
{"timestamp": "18:38:27.911991", "frame": 55, "mu": [-1.8879522256582413, 2.6303395314236973, -0.6119747750335743], "Sigma": [[0.022205101065611944, 0.01637011924258574, 0.03975931004347712], [0.01637011924258574, 0.01883990299814766, 0.034992000696386416], [0.03975931004347712, 0.034992000696386416, 0.10597293952353148]], "chi2_level": 0.95, "chi2_df": 3, "chi2_threshold": 7.814727903251179, "N_raw": 53, "N_roi": 53, "N_inlier": 53, "refit": true}
{"timestamp": "18:38:27.967619", "frame": 56, "mu": [-1.8759549354919633, 2.5286187859718243, 1.2163611263179703], "Sigma": [[0.01491213656714306, 0.005815802838002605, -0.013912418146633208], [0.005815802838002605, 0.005323593430663337, -0.01124048493136993], [-0.013912418146633208, -0.01124048493136993, 0.02954629615914757]], "chi2_level": 0.95, "chi2_df": 3, "chi2_threshold": 7.814727903251179, "N_raw": 56, "N_roi": 56, "N_inlier": 54, "refit": true}
{"timestamp": "18:38:28.023121", "frame": 57, "mu": [-1.878256372484646, 2.482596336852545, -0.2495534091611306], "Sigma": [[0.016474177465542115, 0.007814549597688972, 0.01320875724427786], [0.007814549597688972, 0.010841332322706764, 0.010500218147970898], [0.01320875724427786, 0.010500218147970898, 0.04079113709854511]], "chi2_level": 0.95, "chi2_df": 3, "chi2_threshold": 7.814727903251179, "N_raw": 52, "N_roi": 48, "N_inlier": 45, "refit": true}
{"timestamp": "18:38:28.079707", "frame": 58, "mu": [-1.8444913068297495, 2.342852327917105, 1.2053711645920058], "Sigma": [[0.013324236531041181, 0.0037026189312140477, -0.007944434428689738], [0.0037026189312140477, 0.0035264035418918534, -0.009330638918586025], [-0.007944434428689737, -0.009330638918586027, 0.03409501634871695]], "chi2_level": 0.95, "chi2_df": 3, "chi2_threshold": 7.814727903251179, "N_raw": 66, "N_roi": 63, "N_inlier": 58, "refit": true}
{"timestamp": "18:38:28.130613", "frame": 59, "mu": [-1.8338497890751762, 2.258573614641592, 1.1213100545921904], "Sigma": [[0.0087177747068787, 0.002028263767470512, -0.0049691651607752605], [0.002028263767470512, 0.0018066021969935571, -0.004756551229834828], [-0.0049691651607752605, -0.004756551229834828, 0.016594880843279206]], "chi2_level": 0.95, "chi2_df": 3, "chi2_threshold": 7.814727903251179, "N_raw": 35, "N_roi": 35, "N_inlier": 33, "refit": true}
{"timestamp": "18:38:28.187793", "frame": 60, "mu": [-1.7797204436765748, 2.181278641531387, 1.0281042394774782], "Sigma": [[0.020941076498511402, 0.009083885190768606, -0.019798993693496136], [0.009083885190768606, 0.007297223552552675, -0.01248700288378794], [-0.019798993693496136, -0.01248700288378794, 0.02579500156558353]], "chi2_level": 0.95, "chi2_df": 3, "chi2_threshold": 7.814727903251179, "N_raw": 54, "N_roi": 54, "N_inlier": 46, "refit": true}
{"timestamp": "18:38:28.246788", "frame": 61, "mu": [-1.9371419757811754, 2.0147698481539025, 1.2283483745514432], "Sigma": [[0.056312128212413125, 0.03054909893600675, -0.029975490235132102], [0.03054909893600675, 0.022199756313206857, -0.021111875618192083], [-0.029975490235132102, -0.021111875618192083, 0.02161789143358692]], "chi2_level": 0.95, "chi2_df": 3, "chi2_threshold": 7.814727903251179, "N_raw": 81, "N_roi": 77, "N_inlier": 74, "refit": true}
{"timestamp": "18:38:28.303787", "frame": 62, "mu": [-1.9858558046744956, 1.9013875317871136, 1.1129861727563493], "Sigma": [[0.06655687932237414, 0.037639239598623316, -0.030296218705116357], [0.037639239598623316, 0.025698002812478773, -0.02294350801589446], [-0.03029621870511636, -0.02294350801589446, 0.02591967919533557]], "chi2_level": 0.95, "chi2_df": 3, "chi2_threshold": 7.814727903251179, "N_raw": 93, "N_roi": 90, "N_inlier": 86, "refit": true}
{"timestamp": "18:38:28.357521", "frame": 63, "mu": [-2.2088490572956476, 1.7547955516511846, 1.2523875093313754], "Sigma": [[0.04421194306544871, 0.03171519737950639, -0.04429547153843101], [0.0317151973795064, 0.041575423765222067, -0.052151064179414314], [-0.04429547153843101, -0.052151064179414314, 0.07789465649316071]], "chi2_level": 0.95, "chi2_df": 3, "chi2_threshold": 7.814727903251179, "N_raw": 76, "N_roi": 72, "N_inlier": 69, "refit": true}
{"timestamp": "18:38:28.411791", "frame": 64, "mu": [-2.065763930577204, 1.6543115404263744, 1.2395852379867722], "Sigma": [[0.04524839034207517, 0.03366616907523358, -0.03848001001722902], [0.03366616907523358, 0.03425552727292079, -0.05157898442608114], [-0.03848001001722902, -0.051578984426081144, 0.11746222794802974]], "chi2_level": 0.95, "chi2_df": 3, "chi2_threshold": 7.814727903251179, "N_raw": 83, "N_roi": 83, "N_inlier": 82, "refit": true}
{"timestamp": "18:38:28.470090", "frame": 65, "mu": [-1.9815750182023963, 1.6336023128197137, 1.2527573400262777], "Sigma": [[0.05212907234564247, 0.023105594935089242, -0.04624789539869695], [0.023105594935089242, 0.021097689207018797, -0.03845122465639577], [-0.04624789539869695, -0.03845122465639577, 0.12670126378048077]], "chi2_level": 0.95, "chi2_df": 3, "chi2_threshold": 7.814727903251179, "N_raw": 94, "N_roi": 94, "N_inlier": 93, "refit": true}
{"timestamp": "18:38:28.517521", "frame": 66, "mu": [-2.042256902448612, 1.5336862625568575, 1.4318461785926764], "Sigma": [[0.016965039122812022, 0.010847977871759893, -0.013083191560114744], [0.010847977871759893, 0.0128896502726346, -0.01380135182584719], [-0.013083191560114744, -0.01380135182584719, 0.0168640117109679]], "chi2_level": 0.95, "chi2_df": 3, "chi2_threshold": 7.814727903251179, "N_raw": 43, "N_roi": 43, "N_inlier": 40, "refit": true}
{"timestamp": "18:38:28.571557", "frame": 67, "mu": [-1.9115466401661378, 1.50942840145918, 1.3466887994234535], "Sigma": [[0.043592486910817546, 0.021925267090921456, -0.03208022599177183], [0.021925267090921456, 0.01605410985601817, -0.018963678819273286], [-0.03208022599177183, -0.018963678819273286, 0.03629097069047947]], "chi2_level": 0.95, "chi2_df": 3, "chi2_threshold": 7.814727903251179, "N_raw": 42, "N_roi": 42, "N_inlier": 40, "refit": true}
{"timestamp": "18:38:28.635549", "frame": 68, "mu": [-1.8080318987226283, 1.4623555665075458, 1.2120394884846715], "Sigma": [[0.02367591679574277, 0.009597708742850944, -0.012459197119314652], [0.009597708742850944, 0.0131730906462678, -0.007203517383316644], [-0.012459197119314652, -0.007203517383316645, 0.04594055821891489]], "chi2_level": 0.95, "chi2_df": 3, "chi2_threshold": 7.814727903251179, "N_raw": 106, "N_roi": 106, "N_inlier": 99, "refit": true}
{"timestamp": "18:38:28.688077", "frame": 69, "mu": [-1.8006247341844541, 1.4140207009812555, 1.2452094055986485], "Sigma": [[0.021617844559020497, 0.012647387734036708, -0.012542066562235993], [0.012647387734036708, 0.012824942381514033, -0.010366338002069837], [-0.012542066562235993, -0.010366338002069837, 0.012389209457480456]], "chi2_level": 0.95, "chi2_df": 3, "chi2_threshold": 7.814727903251179, "N_raw": 79, "N_roi": 79, "N_inlier": 72, "refit": true}
{"timestamp": "18:38:28.738675", "frame": 70, "mu": [-1.9007639298996926, 1.2901581411678213, 1.365253372901015], "Sigma": [[0.009713463881164007, 0.005978673508026523, -0.005849619346560163], [0.005978673508026523, 0.009744755119112594, -0.010492949111641824], [-0.005849619346560163, -0.010492949111641824, 0.01675684339428412]], "chi2_level": 0.95, "chi2_df": 3, "chi2_threshold": 7.814727903251179, "N_raw": 57, "N_roi": 57, "N_inlier": 56, "refit": true}
{"timestamp": "18:38:28.790724", "frame": 71, "mu": [-1.8356090214042124, 1.3148003439711329, -0.601225548599377], "Sigma": [[0.00939282221821332, 0.013319211889625652, 0.008457502040141184], [0.013319211889625652, 0.02964001645632801, 0.014692502590973436], [0.008457502040141184, 0.014692502590973436, 0.019021045636850177]], "chi2_level": 0.95, "chi2_df": 3, "chi2_threshold": 7.814727903251179, "N_raw": 38, "N_roi": 38, "N_inlier": 36, "refit": true}
{"timestamp": "18:38:28.853594", "frame": 72, "mu": [-1.8203895912537906, 1.2016318208344958, 1.196199640463546], "Sigma": [[0.020996958392904604, 0.01532911209419481, -0.014234007359045224], [0.01532911209419481, 0.015543497925073967, -0.016434477566144707], [-0.014234007359045224, -0.016434477566144707, 0.026839761806682554]], "chi2_level": 0.95, "chi2_df": 3, "chi2_threshold": 7.814727903251179, "N_raw": 92, "N_roi": 92, "N_inlier": 89, "refit": true}
{"timestamp": "18:38:28.906215", "frame": 73, "mu": [-1.8838900779270715, 1.0616277426604295, 1.3142689990451388], "Sigma": [[0.0084256006309711, 0.006385908070908213, -0.004593610797686567], [0.006385908070908214, 0.011774538354120428, -0.013146659065986686], [-0.004593610797686567, -0.013146659065986688, 0.02532667689492024]], "chi2_level": 0.95, "chi2_df": 3, "chi2_threshold": 7.814727903251179, "N_raw": 65, "N_roi": 65, "N_inlier": 63, "refit": true}
{"timestamp": "18:38:28.965844", "frame": 74, "mu": [-1.9312589782607978, 0.9222119471518393, 1.1368602861171422], "Sigma": [[0.018616202824344116, 0.014915869469543434, 0.01294049411450033], [0.014915869469543434, 0.016913694070012912, 0.00026579229661520185], [0.012940494114500328, 0.00026579229661520315, 0.061521157847649874]], "chi2_level": 0.95, "chi2_df": 3, "chi2_threshold": 7.814727903251179, "N_raw": 107, "N_roi": 107, "N_inlier": 105, "refit": true}
{"timestamp": "18:38:29.020558", "frame": 75, "mu": [-1.8930584256218088, 0.8818604971496186, 1.051383039844698], "Sigma": [[0.023161890762384986, 0.019280129302977456, 0.008368965901969248], [0.019280129302977456, 0.01921220551580045, 0.0010139359308645305], [0.008368965901969247, 0.0010139359308645303, 0.028737455396464318]], "chi2_level": 0.95, "chi2_df": 3, "chi2_threshold": 7.814727903251179, "N_raw": 97, "N_roi": 97, "N_inlier": 95, "refit": true}
{"timestamp": "18:38:29.070310", "frame": 76, "mu": [-1.8259153431823554, 0.8346503930648119, 1.2438823466176827], "Sigma": [[0.007202419878753998, 0.005893624635022691, -0.0006688260942817364], [0.005893624635022691, 0.009276007573092, -0.008257032875762212], [-0.0006688260942817363, -0.008257032875762214, 0.03284870560750897]], "chi2_level": 0.95, "chi2_df": 3, "chi2_threshold": 7.814727903251179, "N_raw": 65, "N_roi": 65, "N_inlier": 64, "refit": true}
{"timestamp": "18:38:29.120660", "frame": 77, "mu": [-1.7946465185504676, 0.7980906444243434, 1.1050354683651953], "Sigma": [[0.006455530560658882, 0.005029033882075442, 0.0036856956082075626], [0.005029033882075442, 0.005135455020091661, 0.0018915822272335154], [0.0036856956082075626, 0.0018915822272335156, 0.019743197901491115]], "chi2_level": 0.95, "chi2_df": 3, "chi2_threshold": 7.814727903251179, "N_raw": 40, "N_roi": 40, "N_inlier": 38, "refit": true}
{"timestamp": "18:38:29.182479", "frame": 78, "mu": [-1.8406063217631585, 0.6573784416666022, 1.1085871332913648], "Sigma": [[0.01723467870686609, 0.013953844923313717, 0.010927411557063607], [0.013953844923313715, 0.01499851016717012, 0.004484367123766615], [0.010927411557063605, 0.004484367123766615, 0.02793815549307784]], "chi2_level": 0.95, "chi2_df": 3, "chi2_threshold": 7.814727903251179, "N_raw": 86, "N_roi": 86, "N_inlier": 79, "refit": true}
{"timestamp": "18:38:29.233439", "frame": 79, "mu": [-1.7145794757979207, 0.6682053777445561, 1.171501562416718], "Sigma": [[0.005793372142553432, 0.006771246935635162, 0.00411672270992562], [0.006771246935635163, 0.011907426129962968, 0.008675901069739554], [0.004116722709925618, 0.008675901069739554, 0.04094562219441233]], "chi2_level": 0.95, "chi2_df": 3, "chi2_threshold": 7.814727903251179, "N_raw": 53, "N_roi": 53, "N_inlier": 52, "refit": true}
{"timestamp": "18:38:29.287695", "frame": 80, "mu": [-1.7167572047835589, 0.6469878408280042, 1.230917929632067], "Sigma": [[0.006617560066598588, 0.005755086933665832, 0.0003842538816058239], [0.005755086933665833, 0.007773050755725734, -0.0036825075582866233], [0.00038425388160582413, -0.0036825075582866233, 0.02037013810532915]], "chi2_level": 0.95, "chi2_df": 3, "chi2_threshold": 7.814727903251179, "N_raw": 55, "N_roi": 55, "N_inlier": 52, "refit": true}
{"timestamp": "18:38:29.343510", "frame": 81, "mu": [-1.6774330891690463, 0.5934205565505045, 1.1162744042605395], "Sigma": [[0.005685228603771622, 0.005105848514199655, 0.0032048688031355763], [0.005105848514199655, 0.007706598822538646, 0.0019884122768503007], [0.0032048688031355754, 0.0019884122768503007, 0.024003212190950984]], "chi2_level": 0.95, "chi2_df": 3, "chi2_threshold": 7.814727903251179, "N_raw": 50, "N_roi": 50, "N_inlier": 45, "refit": true}
{"timestamp": "18:38:29.397613", "frame": 82, "mu": [-1.6539766246411542, 0.7193222613944588, -0.6948918734758183], "Sigma": [[0.00576038664597995, 0.006481049699369504, 0.0036659331869885437], [0.006481049699369504, 0.01975438706573581, 1.6030232366198325e-05], [0.003665933186988544, 1.6030232366198325e-05, 0.02291893304905776]], "chi2_level": 0.95, "chi2_df": 3, "chi2_threshold": 7.814727903251179, "N_raw": 56, "N_roi": 56, "N_inlier": 55, "refit": true}
{"timestamp": "18:38:29.451720", "frame": 83, "mu": [-1.6150513015734316, 0.5208628893623104, 1.2355027100890958], "Sigma": [[0.006495429444838721, 0.002015258893761515, -0.0020443998829687195], [0.0020152588937615156, 0.0073694910622162995, -0.0048491935335497685], [-0.0020443998829687195, -0.0048491935335497685, 0.00418066623561071]], "chi2_level": 0.95, "chi2_df": 3, "chi2_threshold": 7.814727903251179, "N_raw": 46, "N_roi": 46, "N_inlier": 40, "refit": true}
{"timestamp": "18:38:29.506172", "frame": 84, "mu": [-0.5742655583855274, 0.39025861516455146, 1.1318303901792546], "Sigma": [[2.1057107192503186, -0.01677901840452524, -0.02076554329334693], [-0.01677901840452524, 0.007320224981596498, 0.002365012498282002], [-0.020765543293346934, 0.002365012498282003, 0.014556301162053097]], "chi2_level": 0.95, "chi2_df": 3, "chi2_threshold": 7.814727903251179, "N_raw": 38, "N_roi": 38, "N_inlier": 35, "refit": true}
{"timestamp": "18:38:29.560601", "frame": 85, "mu": [-0.4801297583417916, 0.4185352345198499, 1.0374251822540113], "Sigma": [[2.3031705126529447, -0.0013907295629048376, -0.09472526248423321], [-0.0013907295629048376, 0.017407682755761066, 0.006684614004534082], [-0.09472526248423323, 0.006684614004534083, 0.020086994658669317]], "chi2_level": 0.95, "chi2_df": 3, "chi2_threshold": 7.814727903251179, "N_raw": 40, "N_roi": 40, "N_inlier": 38, "refit": true}
{"timestamp": "18:38:29.614532", "frame": 86, "mu": [0.19989531305075536, 0.3659802383825123, 0.9267293981669471], "Sigma": [[2.4878897417908794, 0.06780823197925352, -0.08949064214890418], [0.06780823197925352, 0.013126969290220843, 0.000307529278646394], [-0.08949064214890418, 0.0003075292786463937, 0.007507960887389774]], "chi2_level": 0.95, "chi2_df": 3, "chi2_threshold": 7.814727903251179, "N_raw": 21, "N_roi": 21, "N_inlier": 19, "refit": true}
{"timestamp": "18:38:29.758170", "frame": 87, "mu": [0.09615356329778876, 0.38389858437395635, 0.9744269886129336], "Sigma": [[2.5737106350425845, 0.06482962934920315, -0.03432261305248549], [0.06482962934920315, 0.010782761251109265, 0.001631055788673844], [-0.03432261305248549, 0.001631055788673844, 0.00611645064329347]], "chi2_level": 0.95, "chi2_df": 3, "chi2_threshold": 7.814727903251179, "N_raw": 24, "N_roi": 24, "N_inlier": 23, "refit": true}
{"timestamp": "18:38:29.785232", "frame": 88, "mu": [0.6122168615859762, 0.3110287218066903, 0.6372991544757614], "Sigma": [[2.1337492478520437, 0.15957674339074132, 0.4240449177816379], [0.15957674339074135, 0.015972886985146203, 0.030634046557033886], [0.4240449177816379, 0.030634046557033886, 0.08593337867464436]], "chi2_level": 0.95, "chi2_df": 3, "chi2_threshold": 7.814727903251179, "N_raw": 8, "N_roi": 8, "N_inlier": 8, "refit": true}
{"timestamp": "18:38:29.819086", "frame": 89, "mu": [0.6722072616517107, 0.3492426045547131, 0.7520776225259566], "Sigma": [[1.9454554768795052, 0.08438458717364558, 0.2568460058329913], [0.08438458717364558, 0.019078205731483285, 0.005854368084796198], [0.2568460058329913, 0.005854368084796197, 0.083160744785583]], "chi2_level": 0.95, "chi2_df": 3, "chi2_threshold": 7.814727903251179, "N_raw": 7, "N_roi": 7, "N_inlier": 7, "refit": true}
