{"timestamp": "17:54:36.892628", "frame": 1, "mu": [1.567499183301536, 2.5313996101994802, 1.3612475309044347], "Sigma": [[0.008347459944649445, -0.004172901169085284, -0.0010643150558957868], [-0.004172901169085284, 0.006496673837412593, 0.0025821050460638553], [-0.0010643150558957868, 0.0025821050460638558, 0.001644576884943987]], "chi2_level": 0.99, "chi2_df": 3, "chi2_threshold": 11.344866730144373, "N_raw": 30, "N_roi": 30, "N_inlier": 29, "refit": true}
{"timestamp": "17:54:37.056555", "frame": 4, "mu": [1.6112159268416786, 2.608734930932395, -0.4496982628928813], "Sigma": [[0.0073646498038409435, 0.0020915402533963332, 0.020686762034404796], [0.0020915402533963337, 0.0032738320687012625, 0.009890600553529331], [0.020686762034404792, 0.00989060055352933, 0.09808060021754195]], "chi2_level": 0.99, "chi2_df": 3, "chi2_threshold": 11.344866730144373, "N_raw": 22, "N_roi": 22, "N_inlier": 21, "refit": true}
{"timestamp": "17:54:37.225859", "frame": 7, "mu": [1.5630705908982307, 2.369679670541281, 0.6882599856293579], "Sigma": [[0.017013078940247086, -0.010001181872977764, -0.0062748611485408225], [-0.010001181872977764, 0.008601757941388916, 0.0012446290349931073], [-0.0062748611485408225, 0.001244629034993107, 0.006288284854262415]], "chi2_level": 0.99, "chi2_df": 3, "chi2_threshold": 11.344866730144373, "N_raw": 51, "N_roi": 51, "N_inlier": 51, "refit": true}
{"timestamp": "17:54:37.386120", "frame": 10, "mu": [1.5635776019273981, 2.5260803844443633, 1.2676501001405966], "Sigma": [[0.00776222690145073, -0.0030059421614440085, -0.0024378618353883283], [-0.0030059421614440085, 0.002502345250917062, 0.00028752380294470094], [-0.0024378618353883283, 0.0002875238029447009, 0.002297370600100469]], "chi2_level": 0.99, "chi2_df": 3, "chi2_threshold": 11.344866730144373, "N_raw": 19, "N_roi": 19, "N_inlier": 19, "refit": true}
{"timestamp": "17:54:37.495691", "frame": 12, "mu": [1.489963460451964, 2.5514188740148303, 1.4697285115860423], "Sigma": [[0.0060292172322987505, -0.002436124790223307, -0.003258158068867844], [-0.0024361247902233074, 0.00297892732504341, 0.0011543477030462473], [-0.0032581580688678443, 0.0011543477030462473, 0.0021429630171939675]], "chi2_level": 0.99, "chi2_df": 3, "chi2_threshold": 11.344866730144373, "N_raw": 19, "N_roi": 19, "N_inlier": 18, "refit": true}
{"timestamp": "17:54:37.551501", "frame": 13, "mu": [1.471005209856685, 2.5789164008138563, 1.5363169189832238], "Sigma": [[0.0065662142734104235, -0.0024005790321075366, -0.004285107189910545], [-0.002400579032107536, 0.0031941385942162136, -0.0012339520054814742], [-0.004285107189910545, -0.0012339520054814742, 0.01116400393728397]], "chi2_level": 0.99, "chi2_df": 3, "chi2_threshold": 11.344866730144373, "N_raw": 22, "N_roi": 22, "N_inlier": 21, "refit": true}
{"timestamp": "17:54:37.610055", "frame": 14, "mu": [1.5611974404862037, 2.4842894422557915, 1.4197724837192713], "Sigma": [[0.012090434878263853, -0.00548680352589231, -0.006508590872590198], [-0.005486803525892311, 0.00615448956237851, -0.0015797810209450007], [-0.006508590872590198, -0.0015797810209450007, 0.011466805247384663]], "chi2_level": 0.99, "chi2_df": 3, "chi2_threshold": 11.344866730144373, "N_raw": 47, "N_roi": 47, "N_inlier": 46, "refit": true}
{"timestamp": "17:54:37.664802", "frame": 15, "mu": [1.6051662870118055, 2.464683501123499, 1.4612426906951441], "Sigma": [[0.00871017855624903, -0.004485124127859957, -0.0034999931785746063], [-0.004485124127859957, 0.005018841833539191, -0.002187846135160251], [-0.0034999931785746063, -0.0021878461351602513, 0.009083736649236377]], "chi2_level": 0.99, "chi2_df": 3, "chi2_threshold": 11.344866730144373, "N_raw": 30, "N_roi": 30, "N_inlier": 28, "refit": true}
{"timestamp": "17:54:37.718542", "frame": 16, "mu": [1.5847524882769402, 2.4614583541318327, 1.4701963668983993], "Sigma": [[0.009418100274969044, -0.004297645264556454, -0.008320727851229913], [-0.004297645264556455, 0.004084949955438041, 0.0005245113318768657], [-0.008320727851229913, 0.0005245113318768655, 0.017258478989702786]], "chi2_level": 0.99, "chi2_df": 3, "chi2_threshold": 11.344866730144373, "N_raw": 35, "N_roi": 35, "N_inlier": 32, "refit": true}
{"timestamp": "17:54:37.775871", "frame": 17, "mu": [1.623081403870282, 2.504677885844848, 1.2353450162643078], "Sigma": [[0.012860710018092183, -0.0033973116888479024, -0.010055369119521424], [-0.0033973116888479015, 0.0037258019163256867, -0.0038372687746075235], [-0.010055369119521426, -0.0038372687746075235, 0.03424288380149422]], "chi2_level": 0.99, "chi2_df": 3, "chi2_threshold": 11.344866730144373, "N_raw": 51, "N_roi": 51, "N_inlier": 51, "refit": true}
{"timestamp": "17:54:37.826153", "frame": 18, "mu": [1.5792427612805826, 2.4508869228773973, 1.2787602364984105], "Sigma": [[0.009109494621936755, -0.004020594013190545, -0.015775252331147165], [-0.004020594013190545, 0.003308754594515682, 0.005596533666116967], [-0.015775252331147165, 0.005596533666116967, 0.04576936538936548]], "chi2_level": 0.99, "chi2_df": 3, "chi2_threshold": 11.344866730144373, "N_raw": 15, "N_roi": 15, "N_inlier": 14, "refit": true}
{"timestamp": "17:54:37.941795", "frame": 20, "mu": [1.5930629966228314, 2.59678720576369, -0.31739308337642114], "Sigma": [[0.012793509690687998, -0.0004128749610502557, -0.015012439603040202], [-0.00041287496105025563, 0.007974071680485773, -0.013745160845700755], [-0.0150124396030402, -0.013745160845700757, 0.0691528809711457]], "chi2_level": 0.99, "chi2_df": 3, "chi2_threshold": 11.344866730144373, "N_raw": 56, "N_roi": 56, "N_inlier": 56, "refit": true}
{"timestamp": "17:54:37.995954", "frame": 21, "mu": [1.6828609187530184, 2.4067777834648814, 1.1422903530645785], "Sigma": [[0.010620620600902632, -0.004852279823780334, -0.009029036100204307], [-0.004852279823780334, 0.0055287507859381035, 0.001058924366810475], [-0.009029036100204307, 0.0010589243668104754, 0.01617501404536885]], "chi2_level": 0.99, "chi2_df": 3, "chi2_threshold": 11.344866730144373, "N_raw": 40, "N_roi": 40, "N_inlier": 39, "refit": true}
{"timestamp": "17:54:38.048898", "frame": 22, "mu": [1.5455809154768156, 2.4666154607690007, 1.2975218987574808], "Sigma": [[0.0073237759795484565, -0.004617509906661357, -0.004210964412039839], [-0.004617509906661358, 0.004667541827853359, 0.001266214568453784], [-0.00421096441203984, 0.001266214568453784, 0.011406353587020107]], "chi2_level": 0.99, "chi2_df": 3, "chi2_threshold": 11.344866730144373, "N_raw": 26, "N_roi": 26, "N_inlier": 23, "refit": true}
{"timestamp": "17:54:38.103907", "frame": 23, "mu": [1.5532536248536728, 2.423457797181272, 1.428794394174926], "Sigma": [[0.007952839832688621, -0.004019739141376183, -0.003188130364167129], [-0.004019739141376183, 0.004052090752224099, -0.0014755143105178], [-0.0031881303641671296, -0.0014755143105178, 0.01637356654766883]], "chi2_level": 0.99, "chi2_df": 3, "chi2_threshold": 11.344866730144373, "N_raw": 26, "N_roi": 26, "N_inlier": 25, "refit": true}
{"timestamp": "17:54:38.160065", "frame": 24, "mu": [1.650826209134225, 2.322989005563114, 0.936330697220371], "Sigma": [[0.009648422478131677, -0.006154340331571794, -0.0033310665283294945], [-0.006154340331571794, 0.006199398113447406, 0.00023926783759142372], [-0.0033310665283294945, 0.00023926783759142388, 0.0044632177476033675]], "chi2_level": 0.99, "chi2_df": 3, "chi2_threshold": 11.344866730144373, "N_raw": 33, "N_roi": 33, "N_inlier": 32, "refit": true}
{"timestamp": "17:54:38.218953", "frame": 25, "mu": [1.5141142236093323, 2.370926379170694, 1.0892112908318694], "Sigma": [[0.01509461140002698, -0.008574364865824392, -0.01534188880843913], [-0.008574364865824392, 0.007619724606471404, 0.004460035045987274], [-0.01534188880843913, 0.004460035045987274, 0.027040374625966604]], "chi2_level": 0.99, "chi2_df": 3, "chi2_threshold": 11.344866730144373, "N_raw": 61, "N_roi": 61, "N_inlier": 59, "refit": true}
{"timestamp": "17:54:38.277379", "frame": 26, "mu": [1.556200252060465, 2.3877646491546707, -0.18091748220538761], "Sigma": [[0.01645890242919259, -0.007163620057669538, 0.016102280449762012], [-0.007163620057669538, 0.017725278062867365, -0.055208182678863627], [0.016102280449762012, -0.055208182678863627, 0.30474242981551625]], "chi2_level": 0.99, "chi2_df": 3, "chi2_threshold": 11.344866730144373, "N_raw": 82, "N_roi": 82, "N_inlier": 81, "refit": true}
{"timestamp": "17:54:38.329495", "frame": 27, "mu": [1.4886699603851932, 2.2482694151119853, 0.9692801830944816], "Sigma": [[0.013788544758543918, -0.006300381741646889, -0.00046274394447662045], [-0.006300381741646889, 0.00649141509082522, -0.002473859897468783], [-0.00046274394447662045, -0.002473859897468783, 0.0032762124397367662]], "chi2_level": 0.99, "chi2_df": 3, "chi2_threshold": 11.344866730144373, "N_raw": 54, "N_roi": 54, "N_inlier": 51, "refit": true}
{"timestamp": "17:54:38.386995", "frame": 28, "mu": [1.5346914628265629, 2.198933787594804, 0.988658835902741], "Sigma": [[0.016258706732550865, -0.00737238849578454, -0.007167061493719128], [-0.00737238849578454, 0.0081373921891547, -0.002636020746994855], [-0.007167061493719128, -0.002636020746994855, 0.014037339762309845]], "chi2_level": 0.99, "chi2_df": 3, "chi2_threshold": 11.344866730144373, "N_raw": 77, "N_roi": 77, "N_inlier": 76, "refit": true}
{"timestamp": "17:54:38.441917", "frame": 29, "mu": [1.4858939165613643, 2.1259841786335865, 0.8691128637097433], "Sigma": [[0.01809253193098608, -0.006799204272426213, -0.003995050487642099], [-0.006799204272426213, 0.012198986268418201, 0.0014487477945974438], [-0.0039950504876421, 0.0014487477945974438, 0.001716385462484746]], "chi2_level": 0.99, "chi2_df": 3, "chi2_threshold": 11.344866730144373, "N_raw": 70, "N_roi": 70, "N_inlier": 69, "refit": true}
{"timestamp": "17:54:38.494013", "frame": 30, "mu": [1.4317296387449132, 2.1745590915751363, 1.1143251770092926], "Sigma": [[0.014447766804638088, -0.008277181740086355, -0.00959491481794451], [-0.008277181740086355, 0.007244362737149675, 0.0009200251880155218], [-0.00959491481794451, 0.0009200251880155218, 0.022847082440239645]], "chi2_level": 0.99, "chi2_df": 3, "chi2_threshold": 11.344866730144373, "N_raw": 61, "N_roi": 61, "N_inlier": 59, "refit": true}
{"timestamp": "17:54:38.548199", "frame": 31, "mu": [1.4477219062195748, 2.1196628179621837, 1.0310504712987134], "Sigma": [[0.011139100745682256, -0.0024978883402401847, 0.0028740006065426493], [-0.0024978883402401847, 0.004734098592766401, -0.0027910764723895363], [0.0028740006065426493, -0.0027910764723895363, 0.007862846918154295]], "chi2_level": 0.99, "chi2_df": 3, "chi2_threshold": 11.344866730144373, "N_raw": 50, "N_roi": 50, "N_inlier": 49, "refit": true}
{"timestamp": "17:54:38.605112", "frame": 32, "mu": [1.4207213486695487, 2.0408350031952147, 0.9527969668430708], "Sigma": [[0.010176207808997481, -0.003005060953212735, -0.00013113089434691898], [-0.003005060953212735, 0.003556053287002068, 0.0026652394976288936], [-0.00013113089434691882, 0.0026652394976288936, 0.05275425317293954]], "chi2_level": 0.99, "chi2_df": 3, "chi2_threshold": 11.344866730144373, "N_raw": 62, "N_roi": 62, "N_inlier": 60, "refit": true}
{"timestamp": "17:54:38.658943", "frame": 33, "mu": [1.4230449925506252, 2.03089589060171, 0.8927729620539833], "Sigma": [[0.009422198710166238, -0.004890818520387467, -0.0031883737165056903], [-0.004890818520387467, 0.0037284495494652988, 0.0003744340280045571], [-0.0031883737165056885, 0.0003744340280045571, 0.046159220907461516]], "chi2_level": 0.99, "chi2_df": 3, "chi2_threshold": 11.344866730144373, "N_raw": 59, "N_roi": 59, "N_inlier": 56, "refit": true}
{"timestamp": "17:54:38.716203", "frame": 34, "mu": [1.4199729192153534, 2.031296636247436, 1.1481040367416764], "Sigma": [[0.009163673949157304, -0.002967629560480461, 0.00013543374479399315], [-0.002967629560480461, 0.004314869705609041, -0.006508236425817728], [0.00013543374479399337, -0.006508236425817729, 0.03576035659685016]], "chi2_level": 0.99, "chi2_df": 3, "chi2_threshold": 11.344866730144373, "N_raw": 71, "N_roi": 71, "N_inlier": 69, "refit": true}
{"timestamp": "17:54:38.765891", "frame": 35, "mu": [1.3133300191123929, 2.049775700915037, 1.0581502056027714], "Sigma": [[0.004623861464808644, -0.00347412483974592, 0.0010534974056377888], [-0.00347412483974592, 0.00323001383947811, 0.0008897257059896581], [0.0010534974056377888, 0.000889725705989658, 0.051010448240895095]], "chi2_level": 0.99, "chi2_df": 3, "chi2_threshold": 11.344866730144373, "N_raw": 31, "N_roi": 31, "N_inlier": 28, "refit": true}
{"timestamp": "17:54:38.828173", "frame": 36, "mu": [1.3908631901082333, 1.9558486962720723, 1.1080025175333024], "Sigma": [[0.010989244035008767, -0.00537735680392782, -0.0045130151702771765], [-0.00537735680392782, 0.004797344592913244, -0.001205003123746955], [-0.0045130151702771765, -0.0012050031237469546, 0.0754942026936666]], "chi2_level": 0.99, "chi2_df": 3, "chi2_threshold": 11.344866730144373, "N_raw": 86, "N_roi": 86, "N_inlier": 86, "refit": true}
{"timestamp": "17:54:38.880523", "frame": 37, "mu": [1.3889272547513358, 1.9078161807501242, 1.1133543249024347], "Sigma": [[0.008827616735785323, -0.004349766303167677, 0.00079013925385686], [-0.004349766303167678, 0.00411104558394766, -0.0008112741910830416], [0.0007901392538568608, -0.0008112741910830418, 0.05327509556676933]], "chi2_level": 0.99, "chi2_df": 3, "chi2_threshold": 11.344866730144373, "N_raw": 67, "N_roi": 67, "N_inlier": 67, "refit": true}
{"timestamp": "17:54:38.932846", "frame": 38, "mu": [1.3890408099352074, 1.8654246007390454, 0.8187585766673127], "Sigma": [[0.008757113310775033, -0.004614276916140787, -0.010041287275792756], [-0.004614276916140787, 0.004151846457925355, -0.00018051577411651093], [-0.010041287275792756, -0.00018051577411651103, 0.041533381008996215]], "chi2_level": 0.99, "chi2_df": 3, "chi2_threshold": 11.344866730144373, "N_raw": 40, "N_roi": 40, "N_inlier": 38, "refit": true}
{"timestamp": "17:54:38.983983", "frame": 39, "mu": [1.3304391437716077, 1.7827265460562758, 1.1716776769693207], "Sigma": [[0.0096977719927464, -0.009309470398044948, -0.020433695190951548], [-0.009309470398044948, 0.01052596992335857, 0.01578483941815883], [-0.020433695190951548, 0.015784839418158825, 0.0873134960920029]], "chi2_level": 0.99, "chi2_df": 3, "chi2_threshold": 11.344866730144373, "N_raw": 20, "N_roi": 20, "N_inlier": 19, "refit": true}
{"timestamp": "17:54:39.046250", "frame": 40, "mu": [1.3332462519995731, 1.7492968867295415, 1.194732424972875], "Sigma": [[0.009557796297177281, -0.006671167717815632, -0.013310253593879526], [-0.006671167717815634, 0.007525863883400853, 0.004451486482468278], [-0.013310253593879526, 0.004451486482468278, 0.04908286847747033]], "chi2_level": 0.99, "chi2_df": 3, "chi2_threshold": 11.344866730144373, "N_raw": 68, "N_roi": 68, "N_inlier": 65, "refit": true}
{"timestamp": "17:54:39.100389", "frame": 41, "mu": [1.3167053330121852, 1.6862647174379144, 0.944822621021969], "Sigma": [[0.007186788397802143, -0.006854616447543333, -0.011165908601640389], [-0.006854616447543333, 0.008740272898679116, 0.014637966365166006], [-0.011165908601640389, 0.014637966365166006, 0.06967945377304705]], "chi2_level": 0.99, "chi2_df": 3, "chi2_threshold": 11.344866730144373, "N_raw": 62, "N_roi": 62, "N_inlier": 60, "refit": true}
{"timestamp": "17:54:39.156295", "frame": 42, "mu": [1.2385815368499495, 1.6843255555424517, 1.2266996461205897], "Sigma": [[0.010289709306520246, -0.00648306113350529, -0.016841094145114824], [-0.00648306113350529, 0.007381486745061947, 0.006736522377740836], [-0.016841094145114824, 0.006736522377740836, 0.04857727959460777]], "chi2_level": 0.99, "chi2_df": 3, "chi2_threshold": 11.344866730144373, "N_raw": 68, "N_roi": 68, "N_inlier": 65, "refit": true}
{"timestamp": "17:54:39.212219", "frame": 43, "mu": [1.2434454890567725, 1.6399970846657816, 1.0149977975425646], "Sigma": [[0.00819343227999251, -0.004266978865238435, -0.0029764443977230515], [-0.004266978865238434, 0.0051796640026348, -0.0034316343969237047], [-0.002976444397723052, -0.0034316343969237047, 0.029651729031435148]], "chi2_level": 0.99, "chi2_df": 3, "chi2_threshold": 11.344866730144373, "N_raw": 75, "N_roi": 75, "N_inlier": 75, "refit": true}
{"timestamp": "17:54:39.270318", "frame": 44, "mu": [1.1701876126969637, 1.794566489513814, -0.0003301278460728146], "Sigma": [[0.009115337835332015, -0.005666148999171646, 0.02342667492955117], [-0.005666148999171646, 0.018075970837245797, -0.08337725594257334], [0.023426674929551167, -0.08337725594257334, 0.5113485341954377]], "chi2_level": 0.99, "chi2_df": 3, "chi2_threshold": 11.344866730144373, "N_raw": 92, "N_roi": 92, "N_inlier": 92, "refit": true}
{"timestamp": "17:54:39.320011", "frame": 45, "mu": [1.2123539962577357, 1.6014544930375514, 1.0066438187092648], "Sigma": [[0.009095382992166659, -0.0067702196352718395, -0.013900872103391242], [-0.0067702196352718395, 0.006829871696787278, 0.013189061987161034], [-0.013900872103391242, 0.013189061987161034, 0.06411268680681888]], "chi2_level": 0.99, "chi2_df": 3, "chi2_threshold": 11.344866730144373, "N_raw": 53, "N_roi": 53, "N_inlier": 49, "refit": true}
{"timestamp": "17:54:39.378066", "frame": 46, "mu": [1.1680233860660134, 1.7102924395957328, -0.49958251016388106], "Sigma": [[0.012190763140731656, -0.0038175284026814096, -0.02475673199666837], [-0.0038175284026814105, 0.005591545635799804, 0.0013843827413900682], [-0.02475673199666837, 0.0013843827413900678, 0.08807178946074323]], "chi2_level": 0.99, "chi2_df": 3, "chi2_threshold": 11.344866730144373, "N_raw": 83, "N_roi": 83, "N_inlier": 83, "refit": true}
{"timestamp": "17:54:39.433272", "frame": 47, "mu": [1.1258974492324767, 1.5267115793892532, -0.7720143893316718], "Sigma": [[0.00848184794787654, -0.005684809612932933, 0.004025202205761501], [-0.005684809612932933, 0.008929100291998731, 0.003318465191642973], [0.004025202205761499, 0.0033184651916429737, 0.4319295366182994]], "chi2_level": 0.99, "chi2_df": 3, "chi2_threshold": 11.344866730144373, "N_raw": 76, "N_roi": 76, "N_inlier": 75, "refit": true}
{"timestamp": "17:54:39.485804", "frame": 48, "mu": [1.0754676101414031, 1.507715171823312, 1.2616096272874597], "Sigma": [[0.009042244799182144, -0.005117959150581717, -0.008613226831222716], [-0.005117959150581717, 0.005508647005931347, 0.0021174769836362047], [-0.008613226831222716, 0.0021174769836362047, 0.01927332279125946]], "chi2_level": 0.99, "chi2_df": 3, "chi2_threshold": 11.344866730144373, "N_raw": 63, "N_roi": 63, "N_inlier": 60, "refit": true}
{"timestamp": "17:54:39.545176", "frame": 49, "mu": [1.0513957695443708, 1.512453970403534, 1.2401536104571715], "Sigma": [[0.011261788252109448, -0.0039848698310707455, -0.003491855439620094], [-0.0039848698310707455, 0.007819766085729847, -0.006227284881636366], [-0.0034918554396200932, -0.006227284881636366, 0.013851024693582003]], "chi2_level": 0.99, "chi2_df": 3, "chi2_threshold": 11.344866730144373, "N_raw": 101, "N_roi": 101, "N_inlier": 100, "refit": true}
{"timestamp": "17:54:39.601533", "frame": 50, "mu": [0.9880089470407483, 1.658653556954796, -0.4036633850145957], "Sigma": [[0.009152936568608307, -0.006871274120158078, -0.003370895474874739], [-0.00687127412015808, 0.01694916444493682, -0.004345247185783764], [-0.003370895474874739, -0.004345247185783764, 0.008983252438040724]], "chi2_level": 0.99, "chi2_df": 3, "chi2_threshold": 11.344866730144373, "N_raw": 98, "N_roi": 98, "N_inlier": 98, "refit": true}
{"timestamp": "17:54:39.660662", "frame": 51, "mu": [0.9334959665827389, 1.456736074615229, 0.08829622159729855], "Sigma": [[0.012114747190780883, -0.0071435177273092365, 0.08173321232101521], [-0.0071435177273092365, 0.009119632418548048, -0.08536052361378776], [0.08173321232101521, -0.08536052361378776, 1.15581856836283]], "chi2_level": 0.99, "chi2_df": 3, "chi2_threshold": 11.344866730144373, "N_raw": 129, "N_roi": 129, "N_inlier": 127, "refit": true}
{"timestamp": "17:54:39.712768", "frame": 52, "mu": [0.8865692804267306, 1.4048544664496305, 1.1979455502483385], "Sigma": [[0.012893414786076364, -0.011255395337893546, 0.002192044438636853], [-0.011255395337893546, 0.013842134834457521, -0.013448398420758487], [0.0021920444386368536, -0.013448398420758487, 0.0394283637948518]], "chi2_level": 0.99, "chi2_df": 3, "chi2_threshold": 11.344866730144373, "N_raw": 103, "N_roi": 103, "N_inlier": 102, "refit": true}
{"timestamp": "17:54:39.763092", "frame": 53, "mu": [0.9114011803432265, 1.3086287181874738, 1.2196805047855483], "Sigma": [[0.0063448646297396515, -0.0028984425311966134, -0.0020827124090495993], [-0.0028984425311966134, 0.0036931317740325265, -0.003618292427885696], [-0.0020827124090495993, -0.003618292427885696, 0.028393126881433084]], "chi2_level": 0.99, "chi2_df": 3, "chi2_threshold": 11.344866730144373, "N_raw": 74, "N_roi": 74, "N_inlier": 73, "refit": true}
{"timestamp": "17:54:39.820612", "frame": 54, "mu": [0.9146270829766544, 1.251895720772395, 1.2133080579117113], "Sigma": [[0.011421209883425073, -0.0037451940947195285, -0.007557159312467561], [-0.0037451940947195285, 0.0046878100309065964, -0.0014272683584851545], [-0.00755715931246756, -0.0014272683584851545, 0.01225813584979335]], "chi2_level": 0.99, "chi2_df": 3, "chi2_threshold": 11.344866730144373, "N_raw": 95, "N_roi": 95, "N_inlier": 92, "refit": true}
{"timestamp": "17:54:39.874808", "frame": 55, "mu": [0.8444262880211858, 1.259380224929928, 1.317363423218493], "Sigma": [[0.008480798722640839, -0.002965469467447341, -0.010081557134092593], [-0.0029654694674473413, 0.004625905560506874, -0.0013306545913123924], [-0.010081557134092593, -0.0013306545913123922, 0.02628393854329241]], "chi2_level": 0.99, "chi2_df": 3, "chi2_threshold": 11.344866730144373, "N_raw": 89, "N_roi": 89, "N_inlier": 85, "refit": true}
{"timestamp": "17:54:39.927867", "frame": 56, "mu": [0.7572548068253921, 1.2620206297970844, -0.4779853910505429], "Sigma": [[0.007566796451799362, -0.0019865838704593076, -9.622711108252984e-05], [-0.001986583870459307, 0.004138878148905103, -0.004085745524400277], [-9.62271110825294e-05, -0.004085745524400277, 0.1090288149075868]], "chi2_level": 0.99, "chi2_df": 3, "chi2_threshold": 11.344866730144373, "N_raw": 76, "N_roi": 76, "N_inlier": 69, "refit": true}
{"timestamp": "17:54:39.986432", "frame": 57, "mu": [0.7379702614030189, 1.2558656150251677, 1.2801015357434726], "Sigma": [[0.006189229464948366, -0.0027244152385283845, -0.004405530280328277], [-0.002724415238528385, 0.004771499690927538, -0.006741277171402611], [-0.004405530280328277, -0.00674127717140261, 0.0625678462035513]], "chi2_level": 0.99, "chi2_df": 3, "chi2_threshold": 11.344866730144373, "N_raw": 100, "N_roi": 100, "N_inlier": 95, "refit": true}
{"timestamp": "17:54:40.043738", "frame": 58, "mu": [0.6807076899333978, 1.2362477691239298, 0.0233582420871114], "Sigma": [[0.0055320588716383685, -0.0018139160774942745, 0.03358245541181143], [-0.0018139160774942745, 0.004256687971423946, -0.030401721149771965], [0.03358245541181143, -0.030401721149771965, 1.5161273863175222]], "chi2_level": 0.99, "chi2_df": 3, "chi2_threshold": 11.344866730144373, "N_raw": 110, "N_roi": 110, "N_inlier": 109, "refit": true}
{"timestamp": "17:54:40.098122", "frame": 59, "mu": [0.6611103157923661, 1.19637380806571, 1.3469077959831224], "Sigma": [[0.005895302213001941, -0.0014720634557507184, -0.005010277574536798], [-0.0014720634557507184, 0.003647658719427891, -0.007277799928542425], [-0.005010277574536798, -0.007277799928542426, 0.06433572967616163]], "chi2_level": 0.99, "chi2_df": 3, "chi2_threshold": 11.344866730144373, "N_raw": 106, "N_roi": 106, "N_inlier": 102, "refit": true}
{"timestamp": "17:54:40.145004", "frame": 60, "mu": [0.6607806917353811, 1.1883289244282476, 1.2183899620393794], "Sigma": [[0.003193913239089669, -0.0013806725145491965, 0.002216365400005533], [-0.0013806725145491965, 0.0021470182829630155, -0.00011624703037644489], [0.002216365400005533, -0.00011624703037644478, 0.07372272967229412]], "chi2_level": 0.99, "chi2_df": 3, "chi2_threshold": 11.344866730144373, "N_raw": 56, "N_roi": 56, "N_inlier": 51, "refit": true}
{"timestamp": "17:54:40.192972", "frame": 61, "mu": [0.5892695073737215, 1.1545482562924574, 0.7903713874006406], "Sigma": [[0.01485419965485592, -0.008484190921055613, 0.01209750673274907], [-0.008484190921055613, 0.021129646273461686, 0.004601706136203695], [0.01209750673274907, 0.004601706136203698, 0.5123718509009615]], "chi2_level": 0.99, "chi2_df": 3, "chi2_threshold": 11.344866730144373, "N_raw": 12, "N_roi": 12, "N_inlier": 12, "refit": true}
{"timestamp": "17:54:40.249645", "frame": 62, "mu": [0.4825995063731697, 1.3700691698994762, -0.6261272862739957], "Sigma": [[0.014390297625041059, -0.014142524954521247, 0.038928286600913346], [-0.014142524954521247, 0.02735847891393461, -0.08085207907027953], [0.038928286600913346, -0.08085207907027953, 0.2459144901572672]], "chi2_level": 0.99, "chi2_df": 3, "chi2_threshold": 11.344866730144373, "N_raw": 22, "N_roi": 22, "N_inlier": 21, "refit": true}
{"timestamp": "17:54:40.311405", "frame": 63, "mu": [0.49538909223836275, 1.1443859766153661, 1.401825290669425], "Sigma": [[0.0028481231363892434, -0.00045483324831095337, -0.002178415312548558], [-0.0004548332483109533, 0.0022183756413985687, -0.0017269059703486482], [-0.0021784153125485586, -0.0017269059703486484, 0.01887788642837199]], "chi2_level": 0.99, "chi2_df": 3, "chi2_threshold": 11.344866730144373, "N_raw": 67, "N_roi": 67, "N_inlier": 62, "refit": true}
{"timestamp": "17:54:40.365882", "frame": 64, "mu": [0.4331244273452587, 1.2678409858954203, -0.3091866735848342], "Sigma": [[0.0035089309272688684, -0.0010518471987519189, -0.004385757476214995], [-0.0010518471987519189, 0.007203389662266198, -0.000997247584659276], [-0.004385757476214995, -0.0009972475846592764, 0.007154539555645228]], "chi2_level": 0.99, "chi2_df": 3, "chi2_threshold": 11.344866730144373, "N_raw": 71, "N_roi": 71, "N_inlier": 68, "refit": true}
{"timestamp": "17:54:40.418212", "frame": 65, "mu": [0.3742078016915349, 1.1495167317733115, 1.5113029547940409], "Sigma": [[0.003638257612881098, 0.0009696035569088988, -0.0019781320248551037], [0.0009696035569088988, 0.0033532775536457915, -0.0013271970548238378], [-0.0019781320248551037, -0.0013271970548238378, 0.001618154438572021]], "chi2_level": 0.99, "chi2_df": 3, "chi2_threshold": 11.344866730144373, "N_raw": 50, "N_roi": 50, "N_inlier": 48, "refit": true}
{"timestamp": "17:54:40.478085", "frame": 66, "mu": [0.34525069094373007, 1.236880281249149, -0.26017114178354034], "Sigma": [[0.005915771744346662, 0.00021297254848356032, -0.007100749271107862], [0.00021297254848356037, 0.0055576099673938706, -0.000824296512042038], [-0.007100749271107862, -0.0008242965120420381, 0.010844510399031011]], "chi2_level": 0.99, "chi2_df": 3, "chi2_threshold": 11.344866730144373, "N_raw": 84, "N_roi": 84, "N_inlier": 82, "refit": true}
{"timestamp": "17:54:40.530574", "frame": 67, "mu": [0.2926205655094783, 1.196176808154634, -0.1781507541953345], "Sigma": [[0.003206199711268679, 0.0009500417853954275, 0.00140583258893604], [0.0009500417853954275, 0.0051882369013879865, -0.0013312427739564493], [0.00140583258893604, -0.0013312427739564493, 0.0024459242620869506]], "chi2_level": 0.99, "chi2_df": 3, "chi2_threshold": 11.344866730144373, "N_raw": 59, "N_roi": 59, "N_inlier": 59, "refit": true}
{"timestamp": "17:54:40.583056", "frame": 68, "mu": [0.2480035440457245, 1.156441990041476, 1.525546854173922], "Sigma": [[0.0037691351384207456, -0.0005380734423368221, -0.006656355231359481], [-0.0005380734423368224, 0.0030181019282948564, 0.0007947983078974443], [-0.006656355231359481, 0.0007947983078974441, 0.013981701134850744]], "chi2_level": 0.99, "chi2_df": 3, "chi2_threshold": 11.344866730144373, "N_raw": 46, "N_roi": 46, "N_inlier": 45, "refit": true}
{"timestamp": "17:54:40.635192", "frame": 69, "mu": [0.22158005451643678, 1.066468617621632, 1.4210537483889467], "Sigma": [[0.0018768809648828844, -0.0022570583734044503, -0.002803703820513129], [-0.0022570583734044503, 0.005238358827504766, 0.0028577342277660784], [-0.002803703820513129, 0.0028577342277660784, 0.004805695522620865]], "chi2_level": 0.99, "chi2_df": 3, "chi2_threshold": 11.344866730144373, "N_raw": 31, "N_roi": 31, "N_inlier": 28, "refit": true}
{"timestamp": "17:54:40.694244", "frame": 70, "mu": [0.1598792242044439, 1.1496500907581935, 1.4358577412212332], "Sigma": [[0.0023369687164458875, -0.0005374427527232458, -0.001605790759675847], [-0.0005374427527232457, 0.0075942284526103404, 0.0012441421501253214], [-0.001605790759675847, 0.0012441421501253214, 0.0015566152709888428]], "chi2_level": 0.99, "chi2_df": 3, "chi2_threshold": 11.344866730144373, "N_raw": 57, "N_roi": 57, "N_inlier": 55, "refit": true}
{"timestamp": "17:54:40.749745", "frame": 71, "mu": [0.15740130589543247, 1.1950873307746201, 1.5450842857087597], "Sigma": [[0.0023466132555135773, -2.3454541413872132e-05, -0.0015540042868419362], [-2.3454541413872132e-05, 0.004502005298475874, -0.0010844756213996393], [-0.0015540042868419362, -0.0010844756213996393, 0.0023726857878938034]], "chi2_level": 0.99, "chi2_df": 3, "chi2_threshold": 11.344866730144373, "N_raw": 57, "N_roi": 57, "N_inlier": 52, "refit": true}
{"timestamp": "17:54:40.805256", "frame": 72, "mu": [0.035905182604063515, 1.1547318975535088, 1.557161278116912], "Sigma": [[0.0029163830415695913, -0.00017733547315329842, -0.003017592094315197], [-0.00017733547315329842, 0.004618278799131245, -0.0009911202346599658], [-0.0030175920943151975, -0.0009911202346599658, 0.007728936481349998]], "chi2_level": 0.99, "chi2_df": 3, "chi2_threshold": 11.344866730144373, "N_raw": 65, "N_roi": 65, "N_inlier": 61, "refit": true}
{"timestamp": "17:54:40.860296", "frame": 73, "mu": [0.009302490007325016, 1.1398984668078729, 1.5174973440523825], "Sigma": [[0.002690791404486606, 1.190917943068e-06, -0.00029944822031087405], [1.1909179430681085e-06, 0.004658832973075725, -0.0015032067705622971], [-0.000299448220310874, -0.0015032067705622971, 0.0012624851403462804]], "chi2_level": 0.99, "chi2_df": 3, "chi2_threshold": 11.344866730144373, "N_raw": 64, "N_roi": 64, "N_inlier": 60, "refit": true}
{"timestamp": "17:54:40.916251", "frame": 74, "mu": [-0.06756913545645947, 1.2521567567533274, -0.1315007005710974], "Sigma": [[0.0034829431003835032, 0.0011535149616698488, -0.0005987724294737207], [0.0011535149616698488, 0.0062361611418675885, 0.00031123485753262387], [-0.0005987724294737207, 0.00031123485753262387, 0.0005827111212383128]], "chi2_level": 0.99, "chi2_df": 3, "chi2_threshold": 11.344866730144373, "N_raw": 69, "N_roi": 69, "N_inlier": 66, "refit": true}
{"timestamp": "17:54:40.968201", "frame": 75, "mu": [-0.07341728938360144, 1.18769921443337, 1.5917065925860086], "Sigma": [[0.002040016814793523, 0.0005252856229604227, 0.0011111011452890837], [0.0005252856229604225, 0.004060037269251352, 0.0015797973360605114], [0.0011111011452890837, 0.0015797973360605112, 0.008133359729966453]], "chi2_level": 0.99, "chi2_df": 3, "chi2_threshold": 11.344866730144373, "N_raw": 44, "N_roi": 44, "N_inlier": 40, "refit": true}
{"timestamp": "17:54:41.026530", "frame": 76, "mu": [-0.09750377228548243, 1.3311253616469878, -0.32248980154101486], "Sigma": [[0.007903894614041469, 0.009195241509610482, -0.040700310369395976], [0.009195241509610484, 0.018782324258646045, -0.07092931904009653], [-0.040700310369395976, -0.07092931904009653, 0.32336101748776125]], "chi2_level": 0.99, "chi2_df": 3, "chi2_threshold": 11.344866730144373, "N_raw": 72, "N_roi": 72, "N_inlier": 70, "refit": true}
{"timestamp": "17:54:41.080143", "frame": 77, "mu": [-0.22439874486927486, 1.1987192645112994, 1.580845242296103], "Sigma": [[0.0031965148203288926, -0.00043701326667457406, -0.001478081116089721], [-0.000437013266674574, 0.0038622818157878166, -0.002074440980308325], [-0.001478081116089721, -0.002074440980308325, 0.0023432669429152486]], "chi2_level": 0.99, "chi2_df": 3, "chi2_threshold": 11.344866730144373, "N_raw": 62, "N_roi": 62, "N_inlier": 59, "refit": true}
{"timestamp": "17:54:41.134332", "frame": 78, "mu": [-0.25834270266741, 1.2414584686067964, -0.03475142801826979], "Sigma": [[0.0024269230798225194, 0.00027506678900813424, -0.0017600811182830025], [0.00027506678900813435, 0.004454970658636891, -0.0015673718333654536], [-0.0017600811182830025, -0.0015673718333654538, 0.00389641958660824]], "chi2_level": 0.99, "chi2_df": 3, "chi2_threshold": 11.344866730144373, "N_raw": 48, "N_roi": 48, "N_inlier": 43, "refit": true}
{"timestamp": "17:54:41.196157", "frame": 79, "mu": [-0.33586614627396777, 1.1934297494728827, 1.4384779905955933], "Sigma": [[0.0033719656997726892, -0.0006040540582729049, -0.006159074838990439], [-0.0006040540582729049, 0.005898877746296077, -0.0032925052091034267], [-0.006159074838990439, -0.0032925052091034267, 0.12406154051243741]], "chi2_level": 0.99, "chi2_df": 3, "chi2_threshold": 11.344866730144373, "N_raw": 99, "N_roi": 99, "N_inlier": 97, "refit": true}
{"timestamp": "17:54:41.254273", "frame": 80, "mu": [-0.3712821929179126, 1.1868937688908618, 1.4378726364280818], "Sigma": [[0.005201300070480368, -0.00016418667437005234, -0.008043980206608084], [-0.00016418667437005267, 0.0056152767164123814, 0.001841660573262939], [-0.008043980206608084, 0.001841660573262939, 0.06128233057671359]], "chi2_level": 0.99, "chi2_df": 3, "chi2_threshold": 11.344866730144373, "N_raw": 120, "N_roi": 120, "N_inlier": 119, "refit": true}
{"timestamp": "17:54:41.310285", "frame": 81, "mu": [-0.4225650704168978, 1.2235585411261907, 0.26235451686830785], "Sigma": [[0.005733393780152203, -0.0009620143472836929, 0.04198694917194044], [-0.0009620143472836929, 0.008816693415065862, 0.007912672918048147], [0.04198694917194044, 0.007912672918048145, 0.6537774824810415]], "chi2_level": 0.99, "chi2_df": 3, "chi2_threshold": 11.344866730144373, "N_raw": 116, "N_roi": 116, "N_inlier": 115, "refit": true}
{"timestamp": "17:54:41.361122", "frame": 82, "mu": [-0.45582796805320913, 1.2778527252670315, -0.341594885012164], "Sigma": [[0.005770648973922497, 0.002252487431033319, -0.007512807074360221], [0.0022524874310333193, 0.006463875864474379, -0.008484049671649528], [-0.007512807074360221, -0.008484049671649532, 0.08620164445320731]], "chi2_level": 0.99, "chi2_df": 3, "chi2_threshold": 11.344866730144373, "N_raw": 101, "N_roi": 101, "N_inlier": 100, "refit": true}
{"timestamp": "17:54:41.415067", "frame": 83, "mu": [-0.5168769425527625, 1.2931746674009907, -0.21482048854578073], "Sigma": [[0.0044515444744257756, 0.0003573651422363199, -0.004051901013718579], [0.0003573651422363201, 0.01035395767638076, -0.0020997625515669594], [-0.004051901013718579, -0.0020997625515669594, 0.0095508084372213]], "chi2_level": 0.99, "chi2_df": 3, "chi2_threshold": 11.344866730144373, "N_raw": 87, "N_roi": 87, "N_inlier": 84, "refit": true}
{"timestamp": "17:54:41.470796", "frame": 84, "mu": [-0.5311653880671716, 1.2149614306869734, 1.3594815279786672], "Sigma": [[0.005567834715019361, -0.0018926442080954406, -0.016887826764283728], [-0.0018926442080954408, 0.009179893203356075, 0.02254092455034224], [-0.016887826764283728, 0.02254092455034224, 0.131290412974927]], "chi2_level": 0.99, "chi2_df": 3, "chi2_threshold": 11.344866730144373, "N_raw": 92, "N_roi": 92, "N_inlier": 89, "refit": true}
{"timestamp": "17:54:41.523757", "frame": 85, "mu": [-0.6293122971068831, 1.2541033464108715, 1.4390048032767266], "Sigma": [[0.004830204060836355, -0.0012483144451815088, -0.010150344604090433], [-0.0012483144451815088, 0.004382042231746269, 0.006161645553753586], [-0.010150344604090434, 0.006161645553753585, 0.07377994116958683]], "chi2_level": 0.99, "chi2_df": 3, "chi2_threshold": 11.344866730144373, "N_raw": 85, "N_roi": 85, "N_inlier": 82, "refit": true}
{"timestamp": "17:54:41.574734", "frame": 86, "mu": [-0.6331757958468325, 1.3173481024915628, 1.3699899842122285], "Sigma": [[0.005589988910642312, 0.0010052275044510868, -0.024963140239730938], [0.0010052275044510866, 0.004599864653280575, 0.008617061476951744], [-0.024963140239730938, 0.008617061476951744, 0.29662349560907864]], "chi2_level": 0.99, "chi2_df": 3, "chi2_threshold": 11.344866730144373, "N_raw": 59, "N_roi": 59, "N_inlier": 57, "refit": true}
{"timestamp": "17:54:41.629598", "frame": 87, "mu": [-0.718089011962513, 1.2472893101910396, 1.2927661686388645], "Sigma": [[0.004036944984998695, 0.0003546043826203576, -0.008063222789750413], [0.0003546043826203577, 0.002080018866892271, -0.001293749716290359], [-0.008063222789750413, -0.001293749716290359, 0.07224481986843123]], "chi2_level": 0.99, "chi2_df": 3, "chi2_threshold": 11.344866730144373, "N_raw": 61, "N_roi": 61, "N_inlier": 61, "refit": true}
{"timestamp": "17:54:41.691980", "frame": 88, "mu": [-0.7407276635635315, 1.394234871722507, 0.03591231132767655], "Sigma": [[0.005458354681393153, -0.0006695876081006652, 0.02026631968671805], [-0.0006695876081006652, 0.007782361522260066, -0.019524555524363645], [0.02026631968671805, -0.019524555524363645, 0.2685542571803121]], "chi2_level": 0.99, "chi2_df": 3, "chi2_threshold": 11.344866730144373, "N_raw": 106, "N_roi": 105, "N_inlier": 105, "refit": true}
{"timestamp": "17:54:41.743189", "frame": 89, "mu": [-0.7498987733559095, 1.2967072730686573, 0.8952471193217825], "Sigma": [[0.003526408935344466, 0.0011437445438656597, -0.00431799723888906], [0.0011437445438656597, 0.006063185838505181, 0.011991662189363077], [-0.004317997238889059, 0.011991662189363077, 0.18086587711613705]], "chi2_level": 0.99, "chi2_df": 3, "chi2_threshold": 11.344866730144373, "N_raw": 81, "N_roi": 81, "N_inlier": 79, "refit": true}
{"timestamp": "17:54:41.795369", "frame": 90, "mu": [-0.8214040223512316, 1.6230722228005123, -0.9472670649509255], "Sigma": [[0.008764213167451655, 0.00729742323997541, -0.03146189949812771], [0.007297423239975409, 0.015538342065777103, -0.05202733667984474], [-0.03146189949812771, -0.052027336679844736, 0.2003839491345374]], "chi2_level": 0.99, "chi2_df": 3, "chi2_threshold": 11.344866730144373, "N_raw": 53, "N_roi": 53, "N_inlier": 50, "refit": true}
{"timestamp": "17:54:41.852133", "frame": 91, "mu": [-0.9492163560706147, 1.384406468925957, 1.3138766817678385], "Sigma": [[0.005049641483607994, 0.0011524189484080549, -0.02405937400057379], [0.0011524189484080549, 0.0028187451922093935, -0.01120574588210262], [-0.024059374000573786, -0.01120574588210262, 0.3892884927175555]], "chi2_level": 0.99, "chi2_df": 3, "chi2_threshold": 11.344866730144373, "N_raw": 56, "N_roi": 56, "N_inlier": 55, "refit": true}
{"timestamp": "17:54:41.903066", "frame": 92, "mu": [-1.0489504708036064, 1.3967976979697536, 1.1709426303211032], "Sigma": [[0.020241893542119346, 0.015469614872976734, -0.05526842223825912], [0.015469614872976734, 0.016784927199433294, -0.0682673823655699], [-0.05526842223825912, -0.0682673823655699, 0.58173029755582]], "chi2_level": 0.99, "chi2_df": 3, "chi2_threshold": 11.344866730144373, "N_raw": 51, "N_roi": 51, "N_inlier": 51, "refit": true}
{"timestamp": "17:54:41.954943", "frame": 93, "mu": [-1.038380067024706, 1.4593953900530277, -1.0395954635197535], "Sigma": [[0.002887409084227464, 0.0010627291490375795, -0.0036224556640228303], [0.00106272914903758, 0.011116202387879423, -0.04025289881803276], [-0.0036224556640228295, -0.04025289881803276, 0.3789627077994511]], "chi2_level": 0.99, "chi2_df": 3, "chi2_threshold": 11.344866730144373, "N_raw": 24, "N_roi": 24, "N_inlier": 21, "refit": true}
{"timestamp": "17:54:42.008768", "frame": 94, "mu": [-1.0471291697166885, 1.4073157100311307, 1.313649656775287], "Sigma": [[0.002451789906366386, 0.0012949176032741134, -0.002136883371658089], [0.0012949176032741139, 0.007498758288540705, -0.027518938561276702], [-0.002136883371658089, -0.027518938561276702, 0.19249938444481865]], "chi2_level": 0.99, "chi2_df": 3, "chi2_threshold": 11.344866730144373, "N_raw": 24, "N_roi": 24, "N_inlier": 22, "refit": true}
