{"timestamp": "18:53:49.811929", "frame": 15, "mu": [-1.9638655479019698, 4.9637321785690185, 1.158006436909592], "Sigma": [[0.0324931830571997, 0.0011447012271432226, -0.02105799359055844], [0.0011447012271432223, 0.0005693808900080782, -0.001716032288728906], [-0.02105799359055844, -0.001716032288728906, 0.018768860666455424]], "chi2_level": 0.99, "chi2_df": 3, "chi2_threshold": 11.344866730144373, "N_raw": 51, "N_roi": 14, "N_inlier": 14, "refit": true}
{"timestamp": "18:53:49.865502", "frame": 16, "mu": [-1.9191537487575858, 4.9389015286771825, 1.0181458697008778], "Sigma": [[0.035682059773672156, 0.005430723282025245, -0.013989787594250402], [0.005430723282025245, 0.0018820199441792458, -0.002490878486065424], [-0.0139897875942504, -0.002490878486065424, 0.0071394492337606835]], "chi2_level": 0.99, "chi2_df": 3, "chi2_threshold": 11.344866730144373, "N_raw": 40, "N_roi": 17, "N_inlier": 17, "refit": true}
{"timestamp": "18:53:49.922550", "frame": 17, "mu": [-2.0181715121968757, 4.91263648178062, 1.13087695886268], "Sigma": [[0.03132644958338126, 0.0029333864254867197, -0.008439824535492916], [0.0029333864254867197, 0.002082181460182121, -0.003126658007142026], [-0.008439824535492918, -0.003126658007142026, 0.008262580342926396]], "chi2_level": 0.99, "chi2_df": 3, "chi2_threshold": 11.344866730144373, "N_raw": 55, "N_roi": 29, "N_inlier": 29, "refit": true}
{"timestamp": "18:53:50.032331", "frame": 19, "mu": [-1.9526903567599456, 4.89295915550141, 0.8989337784660641], "Sigma": [[0.038257561042340085, 0.007792946167757604, -0.015207185301834672], [0.007792946167757603, 0.004261450211808496, -0.006160841203417162], [-0.015207185301834675, -0.006160841203417162, 0.013823172889826655]], "chi2_level": 0.99, "chi2_df": 3, "chi2_threshold": 11.344866730144373, "N_raw": 45, "N_roi": 40, "N_inlier": 40, "refit": true}
{"timestamp": "18:53:50.138732", "frame": 21, "mu": [-1.8527473583583474, 4.857552690566486, 0.771668984085703], "Sigma": [[0.017502694598805497, 0.004232547542410704, -0.008722149072485792], [0.004232547542410704, 0.0033088151072125306, -0.0015780162491273537], [-0.00872214907248579, -0.0015780162491273535, 0.006733871649855964]], "chi2_level": 0.99, "chi2_df": 3, "chi2_threshold": 11.344866730144373, "N_raw": 19, "N_roi": 19, "N_inlier": 19, "refit": true}
{"timestamp": "18:53:50.199648", "frame": 22, "mu": [-1.881048215869027, 4.768722324278735, 0.9488733239136269], "Sigma": [[0.043295724469588875, 0.00852398223620998, 0.0012992468847198534], [0.008523982236209978, 0.0035944589104579695, -0.005550757374399778], [0.001299246884719853, -0.005550757374399778, 0.09156807961259442]], "chi2_level": 0.99, "chi2_df": 3, "chi2_threshold": 11.344866730144373, "N_raw": 62, "N_roi": 62, "N_inlier": 62, "refit": true}
{"timestamp": "18:53:50.252280", "frame": 23, "mu": [-1.8313307978831608, 4.758519570555521, 1.0646376890190141], "Sigma": [[0.037993357510077784, 0.009605183296023837, -0.0031841603112169126], [0.009605183296023837, 0.00436507498176564, -0.0033731271865115684], [-0.003184160311216913, -0.0033731271865115684, 0.0073105196612160365]], "chi2_level": 0.99, "chi2_df": 3, "chi2_threshold": 11.344866730144373, "N_raw": 37, "N_roi": 37, "N_inlier": 37, "refit": true}
{"timestamp": "18:53:50.311100", "frame": 24, "mu": [-1.8757366843716732, 4.693540364023532, 0.8824446635191757], "Sigma": [[0.046011800190496596, 0.009533879189812638, 0.0040877145184753955], [0.009533879189812638, 0.004001984421041381, -0.006002958265404426], [0.0040877145184753955, -0.006002958265404425, 0.046221536228687264]], "chi2_level": 0.99, "chi2_df": 3, "chi2_threshold": 11.344866730144373, "N_raw": 63, "N_roi": 63, "N_inlier": 63, "refit": true}
{"timestamp": "18:53:50.365038", "frame": 25, "mu": [-1.8472589485847546, 4.66654749640437, 0.8964774062742106], "Sigma": [[0.03688879167132467, 0.00706649418477044, -0.009002743183907204], [0.00706649418477044, 0.0020117799107342285, -0.004998540206854335], [-0.009002743183907206, -0.004998540206854335, 0.066115074501265]], "chi2_level": 0.99, "chi2_df": 3, "chi2_threshold": 11.344866730144373, "N_raw": 55, "N_roi": 50, "N_inlier": 49, "refit": true}
{"timestamp": "18:53:50.420843", "frame": 26, "mu": [-1.9462177226037312, 4.761159010350416, -0.014290307116216004], "Sigma": [[0.03956445656376257, 0.009665113372801872, -0.009408332094195716], [0.009665113372801872, 0.006996175772185342, -0.010184227590562554], [-0.009408332094195716, -0.010184227590562554, 0.01979744387282427]], "chi2_level": 0.99, "chi2_df": 3, "chi2_threshold": 11.344866730144373, "N_raw": 59, "N_roi": 47, "N_inlier": 47, "refit": true}
{"timestamp": "18:53:50.476163", "frame": 27, "mu": [-1.8297655336965348, 4.565496569627791, 0.9796728560148434], "Sigma": [[0.03933243410629216, 0.006652091623789812, -0.021725249544716198], [0.006652091623789812, 0.00439514789307315, -0.009468409173455792], [-0.021725249544716198, -0.009468409173455792, 0.030212978095002164]], "chi2_level": 0.99, "chi2_df": 3, "chi2_threshold": 11.344866730144373, "N_raw": 57, "N_roi": 55, "N_inlier": 55, "refit": true}
{"timestamp": "18:53:50.524912", "frame": 28, "mu": [-1.8484989659597308, 4.509676360416573, 0.9642587220821878], "Sigma": [[0.019823562937680103, 0.0027650450798951663, 0.0016301103001952557], [0.0027650450798951663, 0.0017879512545352888, -0.0046299712790277775], [0.001630110300195255, -0.0046299712790277775, 0.027533264163747212]], "chi2_level": 0.99, "chi2_df": 3, "chi2_threshold": 11.344866730144373, "N_raw": 21, "N_roi": 20, "N_inlier": 20, "refit": true}
{"timestamp": "18:53:50.581262", "frame": 29, "mu": [-1.8582462633316519, 4.503558243463932, 0.9295803702814243], "Sigma": [[0.035489685490064884, 0.003238014838356421, -0.02169993686908399], [0.0032380148383564216, 0.0026948525402418757, -0.0029058518411005665], [-0.02169993686908399, -0.0029058518411005665, 0.016119851684624424]], "chi2_level": 0.99, "chi2_df": 3, "chi2_threshold": 11.344866730144373, "N_raw": 37, "N_roi": 36, "N_inlier": 35, "refit": true}
{"timestamp": "18:53:50.636908", "frame": 30, "mu": [-1.8016585502454139, 4.446301385772901, 0.9124362632595949], "Sigma": [[0.027603254211934564, 0.0065981555663175255, -0.020064484849562948], [0.0065981555663175255, 0.0032178474261139924, -0.008288705812522362], [-0.020064484849562948, -0.008288705812522362, 0.024879274315879503]], "chi2_level": 0.99, "chi2_df": 3, "chi2_threshold": 11.344866730144373, "N_raw": 35, "N_roi": 35, "N_inlier": 35, "refit": true}
{"timestamp": "18:53:50.691785", "frame": 31, "mu": [-1.8231834579075854, 4.403220973075178, 1.0339610650190239], "Sigma": [[0.027537949365546724, 0.007096044458906173, -0.014018839501638276], [0.007096044458906173, 0.004758369126938548, -0.0054693964014336394], [-0.014018839501638276, -0.0054693964014336394, 0.01053240625984766]], "chi2_level": 0.99, "chi2_df": 3, "chi2_threshold": 11.344866730144373, "N_raw": 37, "N_roi": 37, "N_inlier": 36, "refit": true}
{"timestamp": "18:53:50.749124", "frame": 32, "mu": [-1.9091286675002412, 4.3466813107286315, 1.1228914191432335], "Sigma": [[0.03911428833670461, 0.011421188291230079, -0.020282020892412458], [0.011421188291230077, 0.006157864823030812, -0.012545743585150228], [-0.02028202089241246, -0.012545743585150228, 0.03341138041193406]], "chi2_level": 0.99, "chi2_df": 3, "chi2_threshold": 11.344866730144373, "N_raw": 57, "N_roi": 57, "N_inlier": 57, "refit": true}
{"timestamp": "18:53:50.799299", "frame": 33, "mu": [-1.8684444571172865, 4.232646170312302, 0.6318030215241917], "Sigma": [[0.01990754180183192, 0.004756655652858237, -0.010347140022615775], [0.0047566556528582365, 0.0012901788225636553, -0.0019962761511525826], [-0.010347140022615775, -0.001996276151152583, 0.024366108699452434]], "chi2_level": 0.99, "chi2_df": 3, "chi2_threshold": 11.344866730144373, "N_raw": 22, "N_roi": 22, "N_inlier": 21, "refit": true}
{"timestamp": "18:53:50.859032", "frame": 34, "mu": [-2.0462266571052825, 4.254088687292269, -0.5967207629975745], "Sigma": [[0.05039788980191304, 0.015736147338668655, 0.06436577121770409], [0.015736147338668655, 0.008717618105445428, 0.022618695516486872], [0.06436577121770409, 0.022618695516486872, 0.18657029241975429]], "chi2_level": 0.99, "chi2_df": 3, "chi2_threshold": 11.344866730144373, "N_raw": 58, "N_roi": 58, "N_inlier": 58, "refit": true}
{"timestamp": "18:53:50.911409", "frame": 35, "mu": [-1.9129370613428187, 4.215915630028073, 0.7310305239398633], "Sigma": [[0.01802351168480721, 0.00277149296389184, -0.009708953627081799], [0.00277149296389184, 0.003073799461817388, -0.003205146055262403], [-0.009708953627081799, -0.003205146055262403, 0.008850776453965025]], "chi2_level": 0.99, "chi2_df": 3, "chi2_threshold": 11.344866730144373, "N_raw": 31, "N_roi": 31, "N_inlier": 30, "refit": true}
{"timestamp": "18:53:51.018661", "frame": 37, "mu": [-1.8838732046455016, 4.116595073819504, 0.8720821009052422], "Sigma": [[0.02278801735852964, 0.0015156028316152142, -0.00885001673835161], [0.0015156028316152142, 0.002141440732358236, -0.0025232867502393225], [-0.008850016738351611, -0.0025232867502393225, 0.0086065838158328]], "chi2_level": 0.99, "chi2_df": 3, "chi2_threshold": 11.344866730144373, "N_raw": 23, "N_roi": 23, "N_inlier": 23, "refit": true}
{"timestamp": "18:53:51.076158", "frame": 38, "mu": [-1.8099253975257739, 4.096179192759316, 0.9247459938360674], "Sigma": [[0.022949564513583143, 0.00399940813442762, -0.007922216053182152], [0.0039994081344276195, 0.0029281427660542304, -0.004826249128198658], [-0.007922216053182152, -0.004826249128198658, 0.01061307365773358]], "chi2_level": 0.99, "chi2_df": 3, "chi2_threshold": 11.344866730144373, "N_raw": 31, "N_roi": 31, "N_inlier": 29, "refit": true}
{"timestamp": "18:53:51.130269", "frame": 39, "mu": [-1.8844751330535479, 4.015938739380665, 1.0522445077117264], "Sigma": [[0.013398998745473614, 0.0017501610406796169, -0.011569381675131517], [0.0017501610406796169, 0.0012503960107570456, -0.005971891920171618], [-0.011569381675131515, -0.005971891920171617, 0.042927099274932934]], "chi2_level": 0.99, "chi2_df": 3, "chi2_threshold": 11.344866730144373, "N_raw": 24, "N_roi": 24, "N_inlier": 23, "refit": true}
{"timestamp": "18:53:51.190141", "frame": 40, "mu": [-1.8976114842193152, 4.029942726994381, 0.8882349834471047], "Sigma": [[0.03378669551214436, 0.0023854081362137823, -0.007443076083411706], [0.0023854081362137815, 0.0050507240326946165, -0.006738226057208262], [-0.007443076083411706, -0.006738226057208262, 0.013075544686076588]], "chi2_level": 0.99, "chi2_df": 3, "chi2_threshold": 11.344866730144373, "N_raw": 59, "N_roi": 59, "N_inlier": 59, "refit": true}
{"timestamp": "18:53:51.246582", "frame": 41, "mu": [-1.8951936086600658, 3.9819873784603037, 1.100351844541743], "Sigma": [[0.03379921664306673, 0.005245468276575878, 0.009707428949943829], [0.005245468276575877, 0.004054010574457098, -0.008416854341528678], [0.009707428949943833, -0.008416854341528678, 0.046171744210589616]], "chi2_level": 0.99, "chi2_df": 3, "chi2_threshold": 11.344866730144373, "N_raw": 66, "N_roi": 66, "N_inlier": 65, "refit": true}
{"timestamp": "18:53:51.297485", "frame": 42, "mu": [-1.788231015012654, 3.9309518424875787, 0.9217470822435392], "Sigma": [[0.028865526996248607, 0.002315601393189188, -0.004139696527133028], [0.0023156013931891874, 0.002411515758289697, -0.0034240806767045764], [-0.004139696527133027, -0.0034240806767045764, 0.009073739144743352]], "chi2_level": 0.99, "chi2_df": 3, "chi2_threshold": 11.344866730144373, "N_raw": 42, "N_roi": 40, "N_inlier": 40, "refit": true}
{"timestamp": "18:53:51.354109", "frame": 43, "mu": [-1.9466475639019676, 3.8634512864911787, 1.074034877318743], "Sigma": [[0.02316843220651228, 0.005801299555764883, -0.004553929689407627], [0.005801299555764884, 0.0034863858756841466, -0.009177302337248215], [-0.004553929689407627, -0.009177302337248214, 0.038620599906610625]], "chi2_level": 0.99, "chi2_df": 3, "chi2_threshold": 11.344866730144373, "N_raw": 54, "N_roi": 54, "N_inlier": 53, "refit": true}
{"timestamp": "18:53:51.415125", "frame": 44, "mu": [-1.8788050156860392, 3.959742215992393, 0.0349602192947235], "Sigma": [[0.04138880052571257, 0.011955787834351944, -0.015403746435687513], [0.011955787834351944, 0.008645895090908821, -0.010408442101860958], [-0.015403746435687512, -0.010408442101860958, 0.015852481787646876]], "chi2_level": 0.99, "chi2_df": 3, "chi2_threshold": 11.344866730144373, "N_raw": 59, "N_roi": 59, "N_inlier": 58, "refit": true}
{"timestamp": "18:53:51.464250", "frame": 45, "mu": [-1.8531664925747613, 3.7868129371498824, 1.020972026179166], "Sigma": [[0.03528575836724643, 0.005187149983111592, -0.016752394083653012], [0.005187149983111592, 0.002725106744491969, -0.0071059808570691895], [-0.016752394083653012, -0.0071059808570691895, 0.0232727266343764]], "chi2_level": 0.99, "chi2_df": 3, "chi2_threshold": 11.344866730144373, "N_raw": 56, "N_roi": 56, "N_inlier": 54, "refit": true}
{"timestamp": "18:53:51.523617", "frame": 46, "mu": [-1.9114928117078755, 3.873143488187278, -0.31145607302163336], "Sigma": [[0.025549994198361514, 0.013294642558686919, 0.05164315039646909], [0.013294642558686919, 0.017028018165111028, 0.03334522539186507], [0.05164315039646909, 0.03334522539186507, 0.17525021231131968]], "chi2_level": 0.99, "chi2_df": 3, "chi2_threshold": 11.344866730144373, "N_raw": 58, "N_roi": 58, "N_inlier": 58, "refit": true}
{"timestamp": "18:53:51.578267", "frame": 47, "mu": [-1.8466927119129277, 3.731777652101426, 1.0789012681373527], "Sigma": [[0.04059529439500109, 0.009987075624987695, 0.007935454724921482], [0.009987075624987695, 0.006218798347296864, -0.004753636543827159], [0.007935454724921482, -0.004753636543827159, 0.048861780730658166]], "chi2_level": 0.99, "chi2_df": 3, "chi2_threshold": 11.344866730144373, "N_raw": 84, "N_roi": 84, "N_inlier": 83, "refit": true}
{"timestamp": "18:53:51.632712", "frame": 48, "mu": [-1.84895517960996, 3.7425873329784833, -0.4846206623655253], "Sigma": [[0.0326223712325353, 0.015733606735675, 0.07721197686708571], [0.015733606735675, 0.01472179961553526, 0.04097656719445976], [0.07721197686708571, 0.04097656719445976, 0.27016636619209644]], "chi2_level": 0.99, "chi2_df": 3, "chi2_threshold": 11.344866730144373, "N_raw": 67, "N_roi": 67, "N_inlier": 67, "refit": true}
{"timestamp": "18:53:51.687901", "frame": 49, "mu": [-1.8952255727167624, 3.6391651920877686, 0.9855034135833917], "Sigma": [[0.03182972281705024, 0.007002829755021798, -0.010115831538955863], [0.007002829755021797, 0.004226853501518545, -0.010637951388511454], [-0.010115831538955863, -0.010637951388511454, 0.037696638770333885]], "chi2_level": 0.99, "chi2_df": 3, "chi2_threshold": 11.344866730144373, "N_raw": 72, "N_roi": 72, "N_inlier": 72, "refit": true}
{"timestamp": "18:53:51.746214", "frame": 50, "mu": [-1.8440914040396026, 3.598880991562369, 1.0552899625943477], "Sigma": [[0.03471017281307655, 0.005999350430875171, -0.011308042957885182], [0.005999350430875171, 0.00475955047392886, -0.0077664527285239435], [-0.011308042957885182, -0.007766452728523944, 0.017758451437168712]], "chi2_level": 0.99, "chi2_df": 3, "chi2_threshold": 11.344866730144373, "N_raw": 70, "N_roi": 67, "N_inlier": 67, "refit": true}
{"timestamp": "18:53:51.792350", "frame": 51, "mu": [-1.899410962634861, 3.4988903441385655, 0.9485198395835963], "Sigma": [[0.02203418568320105, 0.0034259638086069754, -0.006595131166095373], [0.0034259638086069754, 0.002827131432049601, -0.0037630782563824565], [-0.006595131166095373, -0.0037630782563824565, 0.007298109579227704]], "chi2_level": 0.99, "chi2_df": 3, "chi2_threshold": 11.344866730144373, "N_raw": 37, "N_roi": 37, "N_inlier": 37, "refit": true}
{"timestamp": "18:53:51.849420", "frame": 52, "mu": [-1.9763472805270736, 3.44209282586661, 1.10212360655102], "Sigma": [[0.024241981138865, 0.008227286460285676, -0.005165587405629126], [0.008227286460285678, 0.006275626898935348, -0.006957612770378762], [-0.005165587405629126, -0.006957612770378762, 0.010446064272081154]], "chi2_level": 0.99, "chi2_df": 3, "chi2_threshold": 11.344866730144373, "N_raw": 51, "N_roi": 51, "N_inlier": 51, "refit": true}
{"timestamp": "18:53:51.903322", "frame": 53, "mu": [-1.9187297826532639, 3.44957576937528, 1.0548690432106973], "Sigma": [[0.022036588316638905, 0.006866421166645577, -0.004897191585086518], [0.006866421166645576, 0.004538208895479222, -0.0069143052945743085], [-0.004897191585086518, -0.0069143052945743085, 0.01657138458328322]], "chi2_level": 0.99, "chi2_df": 3, "chi2_threshold": 11.344866730144373, "N_raw": 47, "N_roi": 47, "N_inlier": 47, "refit": true}
{"timestamp": "18:53:51.956915", "frame": 54, "mu": [-1.8256786486126213, 3.5189494687561558, -0.15838485553296341], "Sigma": [[0.013104174874731946, 0.006446134854428695, 0.005134430018286223], [0.006446134854428695, 0.008259626803880076, 0.005747830763113427], [0.005134430018286222, 0.0057478307631134255, 0.056673299028127525]], "chi2_level": 0.99, "chi2_df": 3, "chi2_threshold": 11.344866730144373, "N_raw": 33, "N_roi": 31, "N_inlier": 30, "refit": true}
{"timestamp": "18:53:52.009538", "frame": 55, "mu": [-1.673147467346957, 3.5667315261761323, -0.25893980549701856], "Sigma": [[0.017326945783255894, 0.004958451896898362, -0.008840770109868463], [0.004958451896898361, 0.00416800674341982, -0.005379706314403917], [-0.008840770109868463, -0.005379706314403917, 0.008804043455450683]], "chi2_level": 0.99, "chi2_df": 3, "chi2_threshold": 11.344866730144373, "N_raw": 21, "N_roi": 21, "N_inlier": 20, "refit": true}
{"timestamp": "18:53:52.067914", "frame": 56, "mu": [-1.8786255147403175, 3.2928802790917775, 1.107990203328389], "Sigma": [[0.02374084298354537, 0.005270416222657023, -0.014182414054230687], [0.005270416222657023, 0.0037577674234113905, -0.008708358545069898], [-0.014182414054230687, -0.008708358545069895, 0.02323206383079278]], "chi2_level": 0.99, "chi2_df": 3, "chi2_threshold": 11.344866730144373, "N_raw": 51, "N_roi": 51, "N_inlier": 51, "refit": true}
{"timestamp": "18:53:52.123414", "frame": 57, "mu": [-1.8808584458726136, 3.280264866832799, 1.1680301816422278], "Sigma": [[0.027393042309843803, 0.009696670205428415, -0.01129292743703598], [0.009696670205428417, 0.006256881082802142, -0.009784953115796052], [-0.01129292743703598, -0.009784953115796052, 0.02210918298391639]], "chi2_level": 0.99, "chi2_df": 3, "chi2_threshold": 11.344866730144373, "N_raw": 57, "N_roi": 57, "N_inlier": 56, "refit": true}
{"timestamp": "18:53:52.178016", "frame": 58, "mu": [-2.0989616668884366, 3.181174002030753, 1.090955484680607], "Sigma": [[0.022189314653660457, 0.009134088294877128, -0.004334722174708889], [0.009134088294877128, 0.007095770515847599, -0.003121582273459571], [-0.004334722174708889, -0.003121582273459571, 0.0015624254739579583]], "chi2_level": 0.99, "chi2_df": 3, "chi2_threshold": 11.344866730144373, "N_raw": 39, "N_roi": 39, "N_inlier": 38, "refit": true}
{"timestamp": "18:53:52.229650", "frame": 59, "mu": [-1.865680967103416, 3.2116219169589635, 1.118488262731305], "Sigma": [[0.007720013123424859, -0.0019432888770822957, 0.0029403639105527414], [-0.0019432888770822962, 0.0024354258506195554, -0.003826443188141453], [0.0029403639105527414, -0.003826443188141453, 0.00863055197827728]], "chi2_level": 0.99, "chi2_df": 3, "chi2_threshold": 11.344866730144373, "N_raw": 19, "N_roi": 19, "N_inlier": 19, "refit": true}
{"timestamp": "18:53:52.285968", "frame": 60, "mu": [-1.9144984489383832, 3.15016342192648, 1.1297664755407726], "Sigma": [[0.017758064681919757, 0.0019011354384982475, -0.010900632573712158], [0.0019011354384982477, 0.0014252394652156507, -0.0034059595971446628], [-0.010900632573712158, -0.003405959597144663, 0.012722024602266712]], "chi2_level": 0.99, "chi2_df": 3, "chi2_threshold": 11.344866730144373, "N_raw": 31, "N_roi": 31, "N_inlier": 30, "refit": true}
{"timestamp": "18:53:52.343127", "frame": 61, "mu": [-1.8077228971314545, 3.0960206483336936, 0.9553080870428936], "Sigma": [[0.02027252710603021, 0.004868171264502475, -0.013245054612871912], [0.004868171264502475, 0.004262644875091798, -0.0069500064739450515], [-0.01324505461287191, -0.0069500064739450515, 0.015122691980048768]], "chi2_level": 0.99, "chi2_df": 3, "chi2_threshold": 11.344866730144373, "N_raw": 47, "N_roi": 45, "N_inlier": 44, "refit": true}
{"timestamp": "18:53:52.397099", "frame": 62, "mu": [-1.7886082458777492, 3.0563021532288133, 1.0426620454269984], "Sigma": [[0.01912496502134029, 0.003315057066369759, -0.008988452479397113], [0.003315057066369759, 0.0026475155120787037, -0.00450160861669433], [-0.008988452479397113, -0.00450160861669433, 0.01044559501541285]], "chi2_level": 0.99, "chi2_df": 3, "chi2_threshold": 11.344866730144373, "N_raw": 40, "N_roi": 40, "N_inlier": 38, "refit": true}
{"timestamp": "18:53:52.448883", "frame": 63, "mu": [-1.7343837733347547, 3.0197445215629513, 0.9064141238383099], "Sigma": [[0.028209935915002038, -0.0006640895116023083, -0.01274708716565372], [-0.0006640895116023083, 0.0014434915761351041, -0.0013587481169110636], [-0.01274708716565372, -0.0013587481169110636, 0.009439399569430502]], "chi2_level": 0.99, "chi2_df": 3, "chi2_threshold": 11.344866730144373, "N_raw": 21, "N_roi": 21, "N_inlier": 20, "refit": true}
{"timestamp": "18:53:52.506274", "frame": 64, "mu": [-1.6557356487972243, 2.9940295417741525, 0.8841329885541576], "Sigma": [[0.01268880355853799, 0.0027289551519643095, -0.012649498939537311], [0.00272895515196431, 0.0015826172774554414, -0.005521083209107443], [-0.01264949893953731, -0.005521083209107443, 0.027158395492407547]], "chi2_level": 0.99, "chi2_df": 3, "chi2_threshold": 11.344866730144373, "N_raw": 34, "N_roi": 34, "N_inlier": 32, "refit": true}
{"timestamp": "18:53:52.558398", "frame": 65, "mu": [-1.7292210627924005, 2.9141742191128084, 0.9806589930924856], "Sigma": [[0.01880986393507455, -0.002684160302393028, 0.004097575755043893], [-0.002684160302393028, 0.0017296191730075943, -0.0021385486922155857], [0.004097575755043893, -0.0021385486922155857, 0.008093588225379821]], "chi2_level": 0.99, "chi2_df": 3, "chi2_threshold": 11.344866730144373, "N_raw": 13, "N_roi": 13, "N_inlier": 13, "refit": true}
{"timestamp": "18:53:52.613383", "frame": 66, "mu": [-1.8308326634173724, 2.845992143271269, 1.182375134579729], "Sigma": [[0.010733889214508779, -0.0033967633834525476, 0.0002213104736058125], [-0.0033967633834525476, 0.003063063511613215, -0.004334446024396657], [0.00022131047360581164, -0.004334446024396657, 0.01774818308323106]], "chi2_level": 0.99, "chi2_df": 3, "chi2_threshold": 11.344866730144373, "N_raw": 15, "N_roi": 14, "N_inlier": 14, "refit": true}
{"timestamp": "18:53:52.677942", "frame": 67, "mu": [-1.8117800824606751, 2.8576350760236533, 1.114561707123468], "Sigma": [[0.021129023624568394, 0.0030593768164792084, -0.0005541700499439926], [0.0030593768164792084, 0.002359588739398295, -0.006334661494729521], [-0.0005541700499439922, -0.00633466149472952, 0.054944802899181314]], "chi2_level": 0.99, "chi2_df": 3, "chi2_threshold": 11.344866730144373, "N_raw": 75, "N_roi": 75, "N_inlier": 73, "refit": true}
{"timestamp": "18:53:52.729290", "frame": 68, "mu": [-1.7772828183242289, 2.8075482409053256, 1.0166629920441548], "Sigma": [[0.04401087045640884, 0.0010315814816996712, -0.002779131681782701], [0.0010315814816996712, 0.0016631557276793835, -0.0004224576128937943], [-0.002779131681782702, -0.00042245761289379447, 0.020759484626959236]], "chi2_level": 0.99, "chi2_df": 3, "chi2_threshold": 11.344866730144373, "N_raw": 47, "N_roi": 47, "N_inlier": 44, "refit": true}
{"timestamp": "18:53:52.781534", "frame": 69, "mu": [-1.7540101785072846, 2.725885696003211, 0.948569733290394], "Sigma": [[0.04889238017526279, 0.0006764754377192458, -0.004694280272423427], [0.0006764754377192457, 0.0012424507476563203, -0.0009554832234000741], [-0.004694280272423426, -0.0009554832234000741, 0.009951553404900587]], "chi2_level": 0.99, "chi2_df": 3, "chi2_threshold": 11.344866730144373, "N_raw": 33, "N_roi": 33, "N_inlier": 30, "refit": true}
{"timestamp": "18:53:52.840721", "frame": 70, "mu": [-1.7997874887730825, 2.7467467048342127, 1.1449618239334391], "Sigma": [[0.01877438276745127, 0.0043830466214720264, 0.0009558817370181119], [0.0043830466214720264, 0.0026173992665576963, -0.0040713020139269245], [0.0009558817370181113, -0.0040713020139269245, 0.047481968205164]], "chi2_level": 0.99, "chi2_df": 3, "chi2_threshold": 11.344866730144373, "N_raw": 60, "N_roi": 58, "N_inlier": 58, "refit": true}
{"timestamp": "18:53:52.899542", "frame": 71, "mu": [-1.8315585188369867, 2.689207041105398, 1.1433428593027193], "Sigma": [[0.03378595092687904, 0.0027046903945186847, -0.009737783707520683], [0.0027046903945186843, 0.0042168964567431575, -0.00783157253791763], [-0.009737783707520683, -0.00783157253791763, 0.022408654818798356]], "chi2_level": 0.99, "chi2_df": 3, "chi2_threshold": 11.344866730144373, "N_raw": 82, "N_roi": 80, "N_inlier": 79, "refit": true}
{"timestamp": "18:53:52.952799", "frame": 72, "mu": [-1.7982047928748488, 2.6488775530586923, 1.0689293377536764], "Sigma": [[0.02658739217697175, -0.0006247035294135085, 0.0018008368656171074], [-0.0006247035294135086, 0.0023037617555021483, -0.004785061185242665], [0.0018008368656171072, -0.004785061185242665, 0.030265898922624074]], "chi2_level": 0.99, "chi2_df": 3, "chi2_threshold": 11.344866730144373, "N_raw": 75, "N_roi": 72, "N_inlier": 71, "refit": true}
{"timestamp": "18:53:53.004040", "frame": 73, "mu": [-1.9089661424147368, 2.5825885108135904, 1.0512146769736106], "Sigma": [[0.07405205506746856, 0.011415161298209938, -0.009455978312414948], [0.011415161298209938, 0.004681525109159409, -0.0052302946134138075], [-0.009455978312414948, -0.0052302946134138075, 0.008414104002359136]], "chi2_level": 0.99, "chi2_df": 3, "chi2_threshold": 11.344866730144373, "N_raw": 49, "N_roi": 40, "N_inlier": 39, "refit": true}
{"timestamp": "18:53:53.056692", "frame": 74, "mu": [-1.8490224242514353, 2.578178372581394, 1.0700053656958493], "Sigma": [[0.04343170599866328, 0.002178126528540233, -0.002400998755523679], [0.002178126528540233, 0.0020615992784932527, -0.0020478753915036327], [-0.0024009987555236798, -0.0020478753915036327, 0.004929295984534242]], "chi2_level": 0.99, "chi2_df": 3, "chi2_threshold": 11.344866730144373, "N_raw": 32, "N_roi": 22, "N_inlier": 21, "refit": true}
{"timestamp": "18:53:53.110993", "frame": 75, "mu": [-1.9329059876735535, 2.5139279598074356, 1.259410411370142], "Sigma": [[0.01428725577604559, -0.0003648729512119739, 0.013204617763345885], [-0.00036487295121197363, 0.0018096023238252715, -0.003594491945528702], [0.013204617763345885, -0.003594491945528702, 0.022874719510988708]], "chi2_level": 0.99, "chi2_df": 3, "chi2_threshold": 11.344866730144373, "N_raw": 25, "N_roi": 22, "N_inlier": 21, "refit": true}
{"timestamp": "18:53:53.167639", "frame": 76, "mu": [-2.0008077228147543, 2.404735636551038, 1.09798337472679], "Sigma": [[0.019939336260820596, 0.007626871320317571, 0.005242325731260375], [0.007626871320317571, 0.004986750824153087, -0.0011874170621902175], [0.005242325731260375, -0.0011874170621902175, 0.008262172855419669]], "chi2_level": 0.99, "chi2_df": 3, "chi2_threshold": 11.344866730144373, "N_raw": 43, "N_roi": 42, "N_inlier": 42, "refit": true}
{"timestamp": "18:53:53.222814", "frame": 77, "mu": [-2.1400420329474032, 2.2430423978725105, 1.2958653517118268], "Sigma": [[0.05680189483998386, 0.028769839966562377, 0.03945385855611895], [0.028769839966562377, 0.02228150685294553, 0.011867651421180294], [0.03945385855611895, 0.011867651421180295, 0.07089868254645251]], "chi2_level": 0.99, "chi2_df": 3, "chi2_threshold": 11.344866730144373, "N_raw": 45, "N_roi": 30, "N_inlier": 28, "refit": true}
{"timestamp": "18:53:53.279484", "frame": 78, "mu": [-1.8488086891736182, 2.3591632891371703, 1.2143288775376164], "Sigma": [[0.008527578634632013, 0.0026977390301334827, -0.005015892741811801], [0.0026977390301334827, 0.002726638357158067, -0.0064187200090093915], [-0.005015892741811801, -0.0064187200090093915, 0.01700949889793333]], "chi2_level": 0.99, "chi2_df": 3, "chi2_threshold": 11.344866730144373, "N_raw": 50, "N_roi": 30, "N_inlier": 28, "refit": true}
{"timestamp": "18:53:53.336092", "frame": 79, "mu": [-1.7902923132864865, 2.3671793306653885, 1.2125249291769848], "Sigma": [[0.013582358681069186, 0.0050236822583215185, -0.011245828084702154], [0.0050236822583215185, 0.005260176937011201, -0.011467430613577275], [-0.011245828084702154, -0.011467430613577275, 0.02834783308688576]], "chi2_level": 0.99, "chi2_df": 3, "chi2_threshold": 11.344866730144373, "N_raw": 67, "N_roi": 54, "N_inlier": 51, "refit": true}
{"timestamp": "18:53:53.396754", "frame": 80, "mu": [-1.995029218379362, 2.197451469524965, 0.5151651135469412], "Sigma": [[0.054580086974395564, 0.04226575112749921, 0.06221653441778516], [0.042265751127499196, 0.04614830289954423, 0.01677920813743059], [0.06221653441778515, 0.016779208137430588, 0.29194125877645355]], "chi2_level": 0.99, "chi2_df": 3, "chi2_threshold": 11.344866730144373, "N_raw": 105, "N_roi": 95, "N_inlier": 94, "refit": true}
{"timestamp": "18:53:53.442188", "frame": 81, "mu": [-1.921165301631262, 2.203560332283865, 1.3275242145143569], "Sigma": [[0.05162645993503323, 0.0353514299547769, -0.03943831020990375], [0.0353514299547769, 0.0273185524812734, -0.03335689108871859], [-0.03943831020990375, -0.03335689108871859, 0.05773153952385472]], "chi2_level": 0.99, "chi2_df": 3, "chi2_threshold": 11.344866730144373, "N_raw": 30, "N_roi": 30, "N_inlier": 29, "refit": true}
{"timestamp": "18:53:53.496372", "frame": 82, "mu": [-2.230200771859815, 1.8879190181227257, 1.621975230909467], "Sigma": [[0.048387620136462646, 0.046537783914368545, -0.03068252210402148], [0.046537783914368545, 0.05409402222137111, -0.05687786991381738], [-0.03068252210402148, -0.05687786991381738, 0.13845485126165855]], "chi2_level": 0.99, "chi2_df": 3, "chi2_threshold": 11.344866730144373, "N_raw": 33, "N_roi": 30, "N_inlier": 30, "refit": true}
{"timestamp": "18:53:53.557028", "frame": 83, "mu": [-2.012400630219878, 2.015957759240788, 1.2682945380796184], "Sigma": [[0.06993520407989556, 0.05075872939133994, -0.05476768272292566], [0.050758729391339935, 0.041517775281501745, -0.052465364504958985], [-0.054767682722925655, -0.05246536450495898, 0.09456372466695283]], "chi2_level": 0.99, "chi2_df": 3, "chi2_threshold": 11.344866730144373, "N_raw": 75, "N_roi": 67, "N_inlier": 67, "refit": true}
{"timestamp": "18:53:53.613694", "frame": 84, "mu": [-2.054003809741998, 1.9951410270862333, 1.3806445129422114], "Sigma": [[0.08470177909302487, 0.04819158778443479, -0.04456215611654427], [0.04819158778443479, 0.03425795481887278, -0.034112666602571284], [-0.04456215611654427, -0.034112666602571284, 0.043397637348760426]], "chi2_level": 0.99, "chi2_df": 3, "chi2_threshold": 11.344866730144373, "N_raw": 82, "N_roi": 79, "N_inlier": 78, "refit": true}
{"timestamp": "18:53:53.661922", "frame": 85, "mu": [-1.9831465981740284, 1.9921346144335212, 1.1087036935152101], "Sigma": [[0.03623055861853263, 0.026848323343569937, -0.014285140871648186], [0.026848323343569933, 0.023138800399738237, -0.014566656295044077], [-0.014285140871648186, -0.014566656295044077, 0.012023746775478667]], "chi2_level": 0.99, "chi2_df": 3, "chi2_threshold": 11.344866730144373, "N_raw": 36, "N_roi": 36, "N_inlier": 34, "refit": true}
{"timestamp": "18:53:53.713718", "frame": 86, "mu": [-1.9965348548435726, 1.9594662270500154, 1.291000819309921], "Sigma": [[0.04379301759545141, 0.027021780812231853, -0.001589052768477677], [0.027021780812231853, 0.020427497235085766, -0.01204982757141159], [-0.001589052768477677, -0.01204982757141159, 0.04643862945335333]], "chi2_level": 0.99, "chi2_df": 3, "chi2_threshold": 11.344866730144373, "N_raw": 12, "N_roi": 12, "N_inlier": 11, "refit": true}
{"timestamp": "18:53:53.777047", "frame": 87, "mu": [-1.9784501579769764, 1.878812289028757, 1.3543375299404694], "Sigma": [[0.04528797975241277, 0.025948127177243173, -0.022986397899215125], [0.025948127177243173, 0.019088104810531564, -0.01919468277019215], [-0.022986397899215125, -0.01919468277019215, 0.027085273607482717]], "chi2_level": 0.99, "chi2_df": 3, "chi2_threshold": 11.344866730144373, "N_raw": 75, "N_roi": 75, "N_inlier": 74, "refit": true}
{"timestamp": "18:53:53.836712", "frame": 88, "mu": [-1.951497579372293, 1.8168925641397016, 0.045180685718100834], "Sigma": [[0.03615059744574131, 0.028385342503202588, 0.09692173860720096], [0.028385342503202588, 0.027215189800887093, 0.06735467693489584], [0.09692173860720096, 0.06735467693489586, 0.6569816919112116]], "chi2_level": 0.99, "chi2_df": 3, "chi2_threshold": 11.344866730144373, "N_raw": 100, "N_roi": 100, "N_inlier": 99, "refit": true}
{"timestamp": "18:53:53.884037", "frame": 89, "mu": [-1.9055222630681523, 1.851368278025035, 1.1736676080491486], "Sigma": [[0.018232851610302324, 0.014328319523384635, -0.012004995003837376], [0.014328319523384635, 0.015676665378049626, -0.02643081236362794], [-0.012004995003837376, -0.026430812363627945, 0.09131248066960161]], "chi2_level": 0.99, "chi2_df": 3, "chi2_threshold": 11.344866730144373, "N_raw": 42, "N_roi": 42, "N_inlier": 42, "refit": true}
{"timestamp": "18:53:53.948507", "frame": 90, "mu": [-1.931437612119909, 1.781473246595269, 1.3446732930203107], "Sigma": [[0.0670031518072681, 0.036912340241140554, -0.030929437419723788], [0.036912340241140554, 0.029639401472009858, -0.034582798536890766], [-0.030929437419723788, -0.034582798536890766, 0.062226717198614126]], "chi2_level": 0.99, "chi2_df": 3, "chi2_threshold": 11.344866730144373, "N_raw": 115, "N_roi": 115, "N_inlier": 114, "refit": true}
{"timestamp": "18:53:54.000883", "frame": 91, "mu": [-1.9044299298308613, 1.70485923468784, 1.3947292679176175], "Sigma": [[0.05576629581207891, 0.04320176750017417, -0.049234272012020325], [0.04320176750017417, 0.04505890982285811, -0.05595888201141667], [-0.04923427201202033, -0.05595888201141667, 0.07875492208676572]], "chi2_level": 0.99, "chi2_df": 3, "chi2_threshold": 11.344866730144373, "N_raw": 92, "N_roi": 92, "N_inlier": 91, "refit": true}
{"timestamp": "18:53:54.056061", "frame": 92, "mu": [-1.9723635211630477, 1.7904581328953237, -0.2506546681633858], "Sigma": [[0.03332043798794225, 0.027577674189907083, -0.018465971954943823], [0.027577674189907083, 0.05083956015819238, -0.057690791293528075], [-0.018465971954943823, -0.057690791293528075, 0.08439513284993881]], "chi2_level": 0.99, "chi2_df": 3, "chi2_threshold": 11.344866730144373, "N_raw": 86, "N_roi": 84, "N_inlier": 82, "refit": true}
{"timestamp": "18:53:54.120078", "frame": 93, "mu": [-1.876929174888133, 1.678718030496164, 1.201984921450575], "Sigma": [[0.02600462278970649, 0.01279866425023524, 0.0009674644475464408], [0.01279866425023524, 0.013505252286813912, -0.016187767207807638], [0.0009674644475464395, -0.016187767207807638, 0.0836066049560622]], "chi2_level": 0.99, "chi2_df": 3, "chi2_threshold": 11.344866730144373, "N_raw": 150, "N_roi": 150, "N_inlier": 150, "refit": true}
{"timestamp": "18:53:54.173937", "frame": 94, "mu": [-1.8746208098257888, 1.6158637518794376, 1.2420037884748694], "Sigma": [[0.036200926509094476, 0.017230212124896428, -0.001943052446187947], [0.017230212124896428, 0.015165649435618387, -0.015193742086416205], [-0.0019430524461879466, -0.015193742086416205, 0.07785728798780497]], "chi2_level": 0.99, "chi2_df": 3, "chi2_threshold": 11.344866730144373, "N_raw": 136, "N_roi": 136, "N_inlier": 135, "refit": true}
{"timestamp": "18:53:54.217658", "frame": 95, "mu": [-1.8511746949789103, 1.58786176198092, 1.334184473129867], "Sigma": [[0.029956696246592973, 0.015595633851604358, -0.007779168253741082], [0.015595633851604358, 0.01164605463148201, -0.012900490689010714], [-0.00777916825374108, -0.012900490689010714, 0.03242828365891747]], "chi2_level": 0.99, "chi2_df": 3, "chi2_threshold": 11.344866730144373, "N_raw": 72, "N_roi": 72, "N_inlier": 70, "refit": true}
{"timestamp": "18:53:54.267851", "frame": 96, "mu": [-1.9360438915981588, 1.4751910849368077, 1.3958290634415276], "Sigma": [[0.012757741540901231, 0.008349423596309684, -0.004044587387178642], [0.008349423596309684, 0.008343956847918414, -0.008693468344477696], [-0.004044587387178641, -0.008693468344477696, 0.016944238381676146]], "chi2_level": 0.99, "chi2_df": 3, "chi2_threshold": 11.344866730144373, "N_raw": 45, "N_roi": 45, "N_inlier": 44, "refit": true}
{"timestamp": "18:53:54.326959", "frame": 97, "mu": [-1.896391711247996, 1.687761627410279, -0.4921789578196711], "Sigma": [[0.01238699997765148, 0.011588563885954877, -0.002034313542509946], [0.011588563885954877, 0.01593559503021566, -0.017910640726284715], [-0.002034313542509947, -0.01791064072628471, 0.07164181074626347]], "chi2_level": 0.99, "chi2_df": 3, "chi2_threshold": 11.344866730144373, "N_raw": 67, "N_roi": 67, "N_inlier": 66, "refit": true}
{"timestamp": "18:53:54.376684", "frame": 98, "mu": [-1.8501304221495152, 1.4308131223239406, 1.2441840394093013], "Sigma": [[0.009328238226591451, 0.006229048302660821, -0.007829745124805703], [0.006229048302660822, 0.013436000282423881, -0.02047363399445387], [-0.007829745124805703, -0.02047363399445387, 0.04403515327331428]], "chi2_level": 0.99, "chi2_df": 3, "chi2_threshold": 11.344866730144373, "N_raw": 33, "N_roi": 33, "N_inlier": 31, "refit": true}
{"timestamp": "18:53:54.433995", "frame": 99, "mu": [-1.8914823628798632, 1.341389607256525, 1.361157094160033], "Sigma": [[0.008959449430749663, 0.00604375898041128, -0.0065089437498161325], [0.00604375898041128, 0.007415924755137536, -0.011843955682503375], [-0.0065089437498161325, -0.011843955682503375, 0.024380530294858847]], "chi2_level": 0.99, "chi2_df": 3, "chi2_threshold": 11.344866730144373, "N_raw": 55, "N_roi": 55, "N_inlier": 51, "refit": true}
{"timestamp": "18:53:54.605109", "frame": 100, "mu": [-1.8721311510299539, 1.283661269621499, 1.400201387241768], "Sigma": [[0.00907114867968389, 0.007161477876256005, -0.0074185548730699895], [0.007161477876256005, 0.008583136882873548, -0.009273633790271688], [-0.00741855487306999, -0.009273633790271688, 0.011020558035191799]], "chi2_level": 0.99, "chi2_df": 3, "chi2_threshold": 11.344866730144373, "N_raw": 26, "N_roi": 26, "N_inlier": 26, "refit": true}
{"timestamp": "18:53:54.627387", "frame": 101, "mu": [-1.8676822804135185, 1.1779194974130165, 1.449119451970498], "Sigma": [[0.006363802409836624, 0.004955511786993349, -0.00343191823871693], [0.004955511786993348, 0.008188821426206817, -0.006858564079405027], [-0.00343191823871693, -0.006858564079405029, 0.007245323442012322]], "chi2_level": 0.99, "chi2_df": 3, "chi2_threshold": 11.344866730144373, "N_raw": 35, "N_roi": 35, "N_inlier": 34, "refit": true}
{"timestamp": "18:53:54.658387", "frame": 102, "mu": [-1.869704453771597, 1.1755772844981907, -0.3635790269567056], "Sigma": [[0.006387539501605517, 0.006154191139416983, 0.0031882997093523797], [0.006154191139416982, 0.02135681913166928, 0.012231573020015549], [0.0031882997093523797, 0.012231573020015549, 0.014780557751036575]], "chi2_level": 0.99, "chi2_df": 3, "chi2_threshold": 11.344866730144373, "N_raw": 42, "N_roi": 42, "N_inlier": 38, "refit": true}
{"timestamp": "18:53:54.690316", "frame": 103, "mu": [-1.858485022711339, 1.1449968186825874, 1.4379849547227586], "Sigma": [[0.007616643665437703, 0.006470713915200423, -0.006974028161297533], [0.006470713915200423, 0.01489177485680041, -0.015445231958519889], [-0.006974028161297532, -0.015445231958519887, 0.019536528959674164]], "chi2_level": 0.99, "chi2_df": 3, "chi2_threshold": 11.344866730144373, "N_raw": 58, "N_roi": 58, "N_inlier": 56, "refit": true}
