{"timestamp": "17:42:39.056634", "frame": 14, "mu": [-2.444456078034487, 0.8669222059917389, 0.6291747907021157], "Sigma": [[0.0015271404682840604, 0.001272003584428933, -0.0005293124117814052], [0.001272003584428933, 0.004344537636120975, -0.001604822452105202], [-0.0005293124117814052, -0.0016048224521052017, 0.0006483416502066579]], "chi2_level": 0.95, "chi2_df": 3, "chi2_threshold": 7.814727903251179, "N_raw": 22, "N_roi": 7, "N_inlier": 7, "refit": true}
{"timestamp": "17:42:39.113649", "frame": 15, "mu": [-2.3883309473191012, 0.6818435223727165, 0.7524454525563706], "Sigma": [[0.0051959449981761946, 0.004774043274916982, -0.0026915103059613373], [0.004774043274916983, 0.011469217829182638, -0.007828165836946913], [-0.0026915103059613373, -0.007828165836946913, 0.008507041061115926]], "chi2_level": 0.95, "chi2_df": 3, "chi2_threshold": 7.814727903251179, "N_raw": 35, "N_roi": 28, "N_inlier": 26, "refit": true}
{"timestamp": "17:42:39.172126", "frame": 16, "mu": [-1.6214166615732148, 0.7001289571827763, 0.7637260735333441], "Sigma": [[3.1755630661578333, -0.07723803379478965, 0.09711086297961101], [-0.07723803379478966, 0.017730673506599987, -0.011642002716824078], [0.097110862979611, -0.011642002716824078, 0.01051106580395468]], "chi2_level": 0.95, "chi2_df": 3, "chi2_threshold": 7.814727903251179, "N_raw": 54, "N_roi": 34, "N_inlier": 33, "refit": true}
{"timestamp": "17:42:39.223064", "frame": 17, "mu": [-1.4201552677101659, 0.6631739532364422, 0.8304210983195348], "Sigma": [[3.5061331003281317, -0.060819025417166384, 0.061293747461636794], [-0.060819025417166384, 0.012684174964070314, -0.007652432173685252], [0.061293747461636794, -0.007652432173685252, 0.006336406544483252]], "chi2_level": 0.95, "chi2_df": 3, "chi2_threshold": 7.814727903251179, "N_raw": 34, "N_roi": 32, "N_inlier": 32, "refit": true}
{"timestamp": "17:42:39.277024", "frame": 18, "mu": [-0.610006690512348, 0.6337159670749545, 0.7669880363095384], "Sigma": [[4.971555250337823, -0.00369372774212603, 0.05225689048229419], [-0.0036937277421260264, 0.014628289105585869, -0.004491394072928243], [0.05225689048229419, -0.0044913940729282426, 0.0028202318911679973]], "chi2_level": 0.95, "chi2_df": 3, "chi2_threshold": 7.814727903251179, "N_raw": 26, "N_roi": 26, "N_inlier": 26, "refit": true}
{"timestamp": "17:42:39.336137", "frame": 19, "mu": [-1.5554242329695331, 0.6615272518640413, 0.7885784768248434], "Sigma": [[3.0778700939228045, -0.06131443445482526, 0.07659277948047509], [-0.06131443445482526, 0.014341076222135013, -0.007270229444501685], [0.07659277948047509, -0.007270229444501686, 0.007480944759608239]], "chi2_level": 0.95, "chi2_df": 3, "chi2_threshold": 7.814727903251179, "N_raw": 56, "N_roi": 49, "N_inlier": 49, "refit": true}
{"timestamp": "17:42:39.389121", "frame": 20, "mu": [-1.6311405606851466, 0.7151661323213077, 0.7621119347823466], "Sigma": [[2.853877505419659, -0.09208629624624423, 0.05030081934279465], [-0.09208629624624423, 0.01831685691716276, -0.00656773119261218], [0.05030081934279465, -0.006567731192612181, 0.00804500630090035]], "chi2_level": 0.95, "chi2_df": 3, "chi2_threshold": 7.814727903251179, "N_raw": 40, "N_roi": 37, "N_inlier": 36, "refit": true}
{"timestamp": "17:42:39.441682", "frame": 21, "mu": [-2.2527048387698207, 0.7754635821401293, 0.9316328374912316], "Sigma": [[0.00470733705615018, 0.007762291343831003, -0.00464488068928358], [0.007762291343831002, 0.015732308454226393, -0.009116551797497001], [-0.00464488068928358, -0.009116551797497003, 0.00687446049098612]], "chi2_level": 0.95, "chi2_df": 3, "chi2_threshold": 7.814727903251179, "N_raw": 19, "N_roi": 19, "N_inlier": 18, "refit": true}
{"timestamp": "17:42:39.497275", "frame": 22, "mu": [-2.1885531150784687, 0.7300240363141035, 1.0405992354254747], "Sigma": [[0.0063654257184347736, 0.009444265565853318, -0.003872513211768611], [0.00944426556585332, 0.015789277241050885, -0.007696004123070005], [-0.003872513211768611, -0.007696004123070005, 0.008063553942601963]], "chi2_level": 0.95, "chi2_df": 3, "chi2_threshold": 7.814727903251179, "N_raw": 26, "N_roi": 26, "N_inlier": 24, "refit": true}
{"timestamp": "17:42:39.666179", "frame": 25, "mu": [-1.3218041800161704, 0.6786393668028732, 0.9439173663127188], "Sigma": [[2.8211699786503583, -0.07885275398397561, -0.04523969642806623], [-0.07885275398397562, 0.018822419070344824, 0.0047882214455296675], [-0.04523969642806623, 0.0047882214455296675, 0.024732512131688925]], "chi2_level": 0.95, "chi2_df": 3, "chi2_threshold": 7.814727903251179, "N_raw": 53, "N_roi": 53, "N_inlier": 53, "refit": true}
{"timestamp": "17:42:39.720772", "frame": 26, "mu": [-2.0691192246843144, 0.9309529387530864, -0.7976384280106464], "Sigma": [[0.00804796690539645, 0.009892338477898397, 0.0033693047237279717], [0.009892338477898398, 0.018317962606590577, -0.0028157683894575753], [0.0033693047237279717, -0.0028157683894575753, 0.013232328677901098]], "chi2_level": 0.95, "chi2_df": 3, "chi2_threshold": 7.814727903251179, "N_raw": 49, "N_roi": 49, "N_inlier": 46, "refit": true}
{"timestamp": "17:42:39.775012", "frame": 27, "mu": [-2.091082232144851, 0.782741557262578, 0.8961972785568483], "Sigma": [[0.008117363815351051, 0.00630946712218061, -0.004139789617073416], [0.00630946712218061, 0.01456020313433532, -0.008289828299733192], [-0.004139789617073416, -0.008289828299733192, 0.006036367861700983]], "chi2_level": 0.95, "chi2_df": 3, "chi2_threshold": 7.814727903251179, "N_raw": 43, "N_roi": 43, "N_inlier": 41, "refit": true}
{"timestamp": "17:42:39.834004", "frame": 28, "mu": [-1.9856744452826982, 0.7986034140031122, 1.008317812645719], "Sigma": [[0.006783546008105345, 0.0063021933013067515, 0.0004907934175044376], [0.0063021933013067515, 0.014690139276863308, -0.011991864841786808], [0.0004907934175044379, -0.011991864841786808, 0.021523039520564807]], "chi2_level": 0.95, "chi2_df": 3, "chi2_threshold": 7.814727903251179, "N_raw": 64, "N_roi": 64, "N_inlier": 62, "refit": true}
{"timestamp": "17:42:39.887705", "frame": 29, "mu": [-1.9044439468795655, 0.8365592268566193, 0.9034036063834533], "Sigma": [[0.013127066546777874, 0.0033703704876883733, -0.006305430233029732], [0.0033703704876883733, 0.010107123863956104, -0.004373614748060053], [-0.006305430233029732, -0.004373614748060053, 0.0048061999707172875]], "chi2_level": 0.95, "chi2_df": 3, "chi2_threshold": 7.814727903251179, "N_raw": 45, "N_roi": 45, "N_inlier": 44, "refit": true}
{"timestamp": "17:42:39.943900", "frame": 30, "mu": [-1.9429168483856374, 0.7311161595889223, 1.111513701100865], "Sigma": [[0.009697594231381024, 0.007512373649164273, -0.003104609623696853], [0.007512373649164273, 0.019606043943000098, -0.011225053923105709], [-0.003104609623696853, -0.011225053923105709, 0.007997445633677736]], "chi2_level": 0.95, "chi2_df": 3, "chi2_threshold": 7.814727903251179, "N_raw": 61, "N_roi": 61, "N_inlier": 59, "refit": true}
{"timestamp": "17:42:40.000130", "frame": 31, "mu": [-1.8526018571508673, 0.8184292510378812, 1.153972345043768], "Sigma": [[0.007281558699432931, 0.005670801956875644, 0.0009108012425094388], [0.005670801956875644, 0.014717008568830004, -0.008727441000567495], [0.0009108012425094389, -0.008727441000567495, 0.011123682296402584]], "chi2_level": 0.95, "chi2_df": 3, "chi2_threshold": 7.814727903251179, "N_raw": 59, "N_roi": 59, "N_inlier": 58, "refit": true}
{"timestamp": "17:42:40.053946", "frame": 32, "mu": [-1.7661455177034788, 0.7412857781112338, 1.1820947059980023], "Sigma": [[0.006315792256169644, 0.0030185269993871825, 0.003161808091713828], [0.0030185269993871825, 0.010616512495166193, -0.010488892386605322], [0.003161808091713828, -0.010488892386605322, 0.020194848318325867]], "chi2_level": 0.95, "chi2_df": 3, "chi2_threshold": 7.814727903251179, "N_raw": 53, "N_roi": 53, "N_inlier": 51, "refit": true}
{"timestamp": "17:42:40.109570", "frame": 33, "mu": [-1.7461943816821652, 0.739502901131912, 1.2155212408630518], "Sigma": [[0.0094331708702918, 0.006177171372763806, 0.004696909851772908], [0.006177171372763806, 0.010343654534652852, -0.0061001126710840915], [0.004696909851772908, -0.006100112671084091, 0.025437257926101395]], "chi2_level": 0.95, "chi2_df": 3, "chi2_threshold": 7.814727903251179, "N_raw": 57, "N_roi": 57, "N_inlier": 57, "refit": true}
{"timestamp": "17:42:40.168072", "frame": 34, "mu": [-1.7236743226958176, 0.6738310817045031, 1.1497381779965679], "Sigma": [[0.009662748496304044, 0.0058683566517036025, 0.0013129657673769909], [0.0058683566517036025, 0.013819826367290686, -0.00904536420684329], [0.0013129657673769906, -0.00904536420684329, 0.012405616489297572]], "chi2_level": 0.95, "chi2_df": 3, "chi2_threshold": 7.814727903251179, "N_raw": 78, "N_roi": 78, "N_inlier": 71, "refit": true}
{"timestamp": "17:42:40.228406", "frame": 35, "mu": [-1.6586775846027206, 0.8033683471050319, 1.1472813226435092], "Sigma": [[0.009121850011391985, 0.00635861308296619, 0.0018129570473305358], [0.006358613082966191, 0.02033437328544281, -0.0206491135369278], [0.0018129570473305353, -0.0206491135369278, 0.033553907207915845]], "chi2_level": 0.95, "chi2_df": 3, "chi2_threshold": 7.814727903251179, "N_raw": 106, "N_roi": 106, "N_inlier": 104, "refit": true}
{"timestamp": "17:42:40.278341", "frame": 36, "mu": [-1.6416114912607545, 0.6556125839112524, 1.124265313701476], "Sigma": [[0.007523903056607054, 0.003073542050251443, 0.005801866797215655], [0.003073542050251443, 0.010252416699996708, -0.007894474497531554], [0.005801866797215655, -0.007894474497531556, 0.02159904122773857]], "chi2_level": 0.95, "chi2_df": 3, "chi2_threshold": 7.814727903251179, "N_raw": 73, "N_roi": 73, "N_inlier": 70, "refit": true}
{"timestamp": "17:42:40.334285", "frame": 37, "mu": [-1.5413258351100243, 0.8419658694254835, -0.4787030086062641], "Sigma": [[0.010198296043002998, 0.005326233157573822, 0.003879055753174141], [0.005326233157573822, 0.01819504262233894, -0.007428666198148595], [0.0038790557531741413, -0.007428666198148595, 0.008192783405286267]], "chi2_level": 0.95, "chi2_df": 3, "chi2_threshold": 7.814727903251179, "N_raw": 87, "N_roi": 87, "N_inlier": 85, "refit": true}
{"timestamp": "17:42:40.390071", "frame": 38, "mu": [-1.5159713330467155, 0.8534195951057315, -0.4973847451414397], "Sigma": [[0.008517627325489935, 0.0034250659430004517, 0.004901448137539162], [0.003425065943000451, 0.014919185276930567, -0.011971965672481138], [0.004901448137539162, -0.011971965672481138, 0.020486341798437075]], "chi2_level": 0.95, "chi2_df": 3, "chi2_threshold": 7.814727903251179, "N_raw": 85, "N_roi": 85, "N_inlier": 79, "refit": true}
{"timestamp": "17:42:40.441695", "frame": 39, "mu": [-1.4400994683109127, 0.703834524174921, 1.3847218064024482], "Sigma": [[0.006918405000988529, 0.0043246727746486455, 0.004170267090194593], [0.0043246727746486455, 0.007510021095370067, -0.004184232685046521], [0.004170267090194594, -0.004184232685046521, 0.015586990766189485]], "chi2_level": 0.95, "chi2_df": 3, "chi2_threshold": 7.814727903251179, "N_raw": 65, "N_roi": 65, "N_inlier": 62, "refit": true}
{"timestamp": "17:42:40.499232", "frame": 40, "mu": [-1.3760277956770817, 0.7757525466186124, -0.172171728510844], "Sigma": [[0.009163308902087863, 0.0075393301644460925, 0.030592737594340204], [0.0075393301644460925, 0.02238404050891092, 0.03901832659561556], [0.03059273759434021, 0.03901832659561556, 0.4713982447134455]], "chi2_level": 0.95, "chi2_df": 3, "chi2_threshold": 7.814727903251179, "N_raw": 88, "N_roi": 88, "N_inlier": 85, "refit": true}
{"timestamp": "17:42:40.553951", "frame": 41, "mu": [-1.333737592380941, 0.7683520127418921, 1.4112110847956647], "Sigma": [[0.008316153964761121, 0.00436044995091901, 0.0004440583720057953], [0.004360449950919009, 0.007654392644012825, -0.007721793268397576], [0.0004440583720057954, -0.007721793268397576, 0.013823077930830424]], "chi2_level": 0.95, "chi2_df": 3, "chi2_threshold": 7.814727903251179, "N_raw": 88, "N_roi": 88, "N_inlier": 83, "refit": true}
{"timestamp": "17:42:40.608544", "frame": 42, "mu": [-1.2621161582283198, 0.7791511660269347, 1.431836485117479], "Sigma": [[0.009197316431594675, 0.006505801718038329, 0.0063158726700281356], [0.006505801718038329, 0.01031677800919902, -0.0008094023980060327], [0.006315872670028135, -0.0008094023980060329, 0.011121020136803434]], "chi2_level": 0.95, "chi2_df": 3, "chi2_threshold": 7.814727903251179, "N_raw": 80, "N_roi": 80, "N_inlier": 76, "refit": true}
{"timestamp": "17:42:40.663095", "frame": 43, "mu": [-1.2392366861201838, 0.8535524780890585, -0.10508538015550732], "Sigma": [[0.010169094060583753, 0.0020988625575930763, 0.03216602492908506], [0.002098862557593076, 0.004618870542086, -0.006280178456838722], [0.03216602492908506, -0.006280178456838724, 0.3658278795583082]], "chi2_level": 0.95, "chi2_df": 3, "chi2_threshold": 7.814727903251179, "N_raw": 83, "N_roi": 83, "N_inlier": 81, "refit": true}
{"timestamp": "17:42:40.715499", "frame": 44, "mu": [-1.1492947821055333, 0.846944540139869, 1.551806062102977], "Sigma": [[0.005467349296293307, 0.0025234840298794014, -0.0006338153018527165], [0.002523484029879402, 0.009593199466020642, -0.005415207869707336], [-0.0006338153018527165, -0.005415207869707335, 0.0035160718769329147]], "chi2_level": 0.95, "chi2_df": 3, "chi2_threshold": 7.814727903251179, "N_raw": 69, "N_roi": 69, "N_inlier": 66, "refit": true}
{"timestamp": "17:42:40.775974", "frame": 45, "mu": [-1.11763621620589, 0.8349233742868561, 1.5362055404207815], "Sigma": [[0.009063255243198563, 0.005023659220194271, -0.0015123616707683968], [0.005023659220194271, 0.01304088240879578, -0.005573125856310621], [-0.0015123616707683968, -0.005573125856310621, 0.0038503439809402396]], "chi2_level": 0.95, "chi2_df": 3, "chi2_threshold": 7.814727903251179, "N_raw": 95, "N_roi": 95, "N_inlier": 93, "refit": true}
{"timestamp": "17:42:40.831446", "frame": 46, "mu": [-1.089206994615016, 0.7455718371864013, 1.3726778015817787], "Sigma": [[0.011166316607044226, 0.012220854481989996, 0.003608053253619575], [0.012220854481989996, 0.033534023450558864, 0.006698730463623805], [0.003608053253619575, 0.006698730463623806, 0.006576098120585988]], "chi2_level": 0.95, "chi2_df": 3, "chi2_threshold": 7.814727903251179, "N_raw": 104, "N_roi": 104, "N_inlier": 95, "refit": true}
{"timestamp": "17:42:40.887568", "frame": 47, "mu": [-1.044036087058203, 0.7701744691881021, 1.484227600104503], "Sigma": [[0.014048193966347418, 0.014222796077802004, 0.0065474787157782195], [0.014222796077802004, 0.01984009522980831, 0.006628951983126737], [0.0065474787157782195, 0.006628951983126737, 0.010838117132897911]], "chi2_level": 0.95, "chi2_df": 3, "chi2_threshold": 7.814727903251179, "N_raw": 85, "N_roi": 85, "N_inlier": 81, "refit": true}
{"timestamp": "17:42:40.935579", "frame": 48, "mu": [-1.0399019266605738, 0.664444807584247, 1.3222650841610115], "Sigma": [[0.011799323309270875, 0.014390875226539205, -0.011009154637362224], [0.014390875226539205, 0.0410188881324309, -0.014805661921527328], [-0.011009154637362224, -0.014805661921527326, 0.012689726363830629]], "chi2_level": 0.95, "chi2_df": 3, "chi2_threshold": 7.814727903251179, "N_raw": 61, "N_roi": 61, "N_inlier": 55, "refit": true}
{"timestamp": "17:42:40.996795", "frame": 49, "mu": [-1.0001919491152915, 0.8153865729273938, 1.5547859781656241], "Sigma": [[0.02134937908996519, 0.007474589454817141, -0.007819354433078806], [0.007474589454817141, 0.009167663089988178, -0.00477301258130629], [-0.007819354433078806, -0.00477301258130629, 0.00851995696513012]], "chi2_level": 0.95, "chi2_df": 3, "chi2_threshold": 7.814727903251179, "N_raw": 100, "N_roi": 100, "N_inlier": 97, "refit": true}
{"timestamp": "17:42:41.043783", "frame": 50, "mu": [-0.8181200926676567, 0.8946954660929802, 1.5244659860432026], "Sigma": [[0.034841861449696705, 0.022591990109191634, 0.0007453200843577151], [0.022591990109191638, 0.021112533694621717, -7.65237293913442e-05], [0.0007453200843577149, -7.652372939134398e-05, 0.0035298457382803537]], "chi2_level": 0.95, "chi2_df": 3, "chi2_threshold": 7.814727903251179, "N_raw": 41, "N_roi": 41, "N_inlier": 38, "refit": true}
{"timestamp": "17:42:41.097314", "frame": 51, "mu": [-0.6698147761066169, 0.9779584201155803, 1.4665616344834047], "Sigma": [[0.017351617973631397, 0.0109693696389602, -0.003853680082374753], [0.0109693696389602, 0.0095073978307943, -0.006235815160018735], [-0.003853680082374753, -0.006235815160018735, 0.012865479182966611]], "chi2_level": 0.95, "chi2_df": 3, "chi2_threshold": 7.814727903251179, "N_raw": 44, "N_roi": 44, "N_inlier": 37, "refit": true}
{"timestamp": "17:42:41.153297", "frame": 52, "mu": [-0.540462936377239, 1.0074354914367794, 1.3857604754019048], "Sigma": [[0.007128754738857748, 0.00325918927507912, -0.01610854326897608], [0.0032591892750791196, 0.006076226537309036, -0.016336782646838167], [-0.01610854326897608, -0.016336782646838167, 0.06877645117284109]], "chi2_level": 0.95, "chi2_df": 3, "chi2_threshold": 7.814727903251179, "N_raw": 46, "N_roi": 46, "N_inlier": 41, "refit": true}
{"timestamp": "17:42:41.212562", "frame": 53, "mu": [-0.5243956209221431, 0.9632211120417153, 1.5418926817617449], "Sigma": [[0.004441713652012171, -0.0004020905774717085, -0.0013462384443297044], [-0.00040209057747170833, 0.0048293749273476605, -0.005683039577242705], [-0.0013462384443297046, -0.005683039577242705, 0.017890548817796025]], "chi2_level": 0.95, "chi2_df": 3, "chi2_threshold": 7.814727903251179, "N_raw": 75, "N_roi": 74, "N_inlier": 66, "refit": true}
{"timestamp": "17:42:41.272471", "frame": 54, "mu": [-0.48620931243703397, 0.967648868110398, 1.5087449441039567], "Sigma": [[0.004536256196212762, -0.001035716048342721, -0.00035190060893337566], [-0.001035716048342721, 0.004635038287893711, -0.005920895230711068], [-0.00035190060893337593, -0.005920895230711068, 0.013500210477694752]], "chi2_level": 0.95, "chi2_df": 3, "chi2_threshold": 7.814727903251179, "N_raw": 110, "N_roi": 110, "N_inlier": 105, "refit": true}
{"timestamp": "17:42:41.324475", "frame": 55, "mu": [-0.42692435829357844, 0.9470645279200666, 1.5223704180178135], "Sigma": [[0.003552328222475224, -0.0008927470038660788, 0.0008178677696266815], [-0.0008927470038660788, 0.003242925848983791, -0.0040126621358725035], [0.0008178677696266815, -0.004012662135872504, 0.007030431002622995]], "chi2_level": 0.95, "chi2_df": 3, "chi2_threshold": 7.814727903251179, "N_raw": 87, "N_roi": 87, "N_inlier": 79, "refit": true}
{"timestamp": "17:42:41.374681", "frame": 56, "mu": [-0.36211328653899405, 0.9403278965927788, 1.5866222370754064], "Sigma": [[0.001784600609071851, 0.0001921842160464926, -0.00021564499918441053], [0.00019218421604649266, 0.0031365229550670863, -0.0018020452070854794], [-0.00021564499918441053, -0.0018020452070854794, 0.001314896100606292]], "chi2_level": 0.95, "chi2_df": 3, "chi2_threshold": 7.814727903251179, "N_raw": 47, "N_roi": 47, "N_inlier": 45, "refit": true}
{"timestamp": "17:42:41.429204", "frame": 57, "mu": [-0.2757082169841609, 0.9680163664267967, 1.557614145445794], "Sigma": [[0.0019817113246818163, 0.0004628522181822102, -0.0016809237042324345], [0.00046285221818221007, 0.003647563845473117, -0.0025755405181536995], [-0.0016809237042324345, -0.0025755405181536995, 0.0029553776633938784]], "chi2_level": 0.95, "chi2_df": 3, "chi2_threshold": 7.814727903251179, "N_raw": 59, "N_roi": 57, "N_inlier": 55, "refit": true}
{"timestamp": "17:42:41.483732", "frame": 58, "mu": [-0.2676935820054173, 0.9575416735967585, 1.583040591845487], "Sigma": [[0.0028456063682389464, -0.0003431968238955052, -0.0007858861264081784], [-0.0003431968238955052, 0.0020125642380699194, -0.0013229619596744012], [-0.0007858861264081784, -0.0013229619596744012, 0.0013687111640717298]], "chi2_level": 0.95, "chi2_df": 3, "chi2_threshold": 7.814727903251179, "N_raw": 54, "N_roi": 54, "N_inlier": 52, "refit": true}
{"timestamp": "17:42:41.542492", "frame": 59, "mu": [-0.23405389964656, 0.9838955347774404, 1.5919463554365156], "Sigma": [[0.0024074141790443706, -0.0009664803479477871, -7.385351243322863e-05], [-0.0009664803479477873, 0.004595295138607706, -0.0032888511503637655], [-7.385351243322861e-05, -0.0032888511503637655, 0.0035714841106196725]], "chi2_level": 0.95, "chi2_df": 3, "chi2_threshold": 7.814727903251179, "N_raw": 79, "N_roi": 79, "N_inlier": 73, "refit": true}
{"timestamp": "17:42:41.598080", "frame": 60, "mu": [-0.18971522735046772, 0.9533748015847671, -0.48676803390921075], "Sigma": [[0.0021403240290395384, -0.00113092514486844, -0.0006697697542496601], [-0.00113092514486844, 0.006644177769738528, -0.0010489412196259692], [-0.0006697697542496601, -0.0010489412196259692, 0.0007548552531357473]], "chi2_level": 0.95, "chi2_df": 3, "chi2_threshold": 7.814727903251179, "N_raw": 70, "N_roi": 69, "N_inlier": 67, "refit": true}
{"timestamp": "17:42:41.645648", "frame": 61, "mu": [-0.11549968970644647, 1.0403042770898006, -0.2266917865103883], "Sigma": [[0.0013811376043780935, 0.001526555659330243, 0.00044756104923436937], [0.001526555659330243, 0.005919694953573892, 0.0063285672136763355], [0.0004475610492343695, 0.0063285672136763355, 0.009127752132980454]], "chi2_level": 0.95, "chi2_df": 3, "chi2_threshold": 7.814727903251179, "N_raw": 28, "N_roi": 28, "N_inlier": 25, "refit": true}
{"timestamp": "17:42:41.702912", "frame": 62, "mu": [-0.10075604844991022, 0.8505967967747299, 1.361108729524138], "Sigma": [[0.0018873139644522087, -0.0011307018538645407, -0.0011536172967467175], [-0.0011307018538645407, 0.0035090592353206446, -7.951653405196299e-05], [-0.0011536172967467175, -7.951653405196277e-05, 0.0017772219252781898]], "chi2_level": 0.95, "chi2_df": 3, "chi2_threshold": 7.814727903251179, "N_raw": 52, "N_roi": 52, "N_inlier": 46, "refit": true}
{"timestamp": "17:42:41.760476", "frame": 63, "mu": [0.0036316237468772806, 0.969375198568653, 1.503864602458362], "Sigma": [[0.0020316068323115327, -0.000824872909420109, -0.0008327421705415136], [-0.000824872909420109, 0.001896839681923135, -0.000900092724296952], [-0.0008327421705415135, -0.0009000927242969517, 0.014235106419555605]], "chi2_level": 0.95, "chi2_df": 3, "chi2_threshold": 7.814727903251179, "N_raw": 62, "N_roi": 62, "N_inlier": 58, "refit": true}
{"timestamp": "17:42:41.815885", "frame": 64, "mu": [0.05744374800726575, 0.9878333669501277, 1.5354301310218534], "Sigma": [[0.0020628066568923035, -0.0010331630109780656, -0.0009306760202058618], [-0.0010331630109780656, 0.006066709553423348, -0.0013106845594209279], [-0.0009306760202058618, -0.0013106845594209279, 0.0013259740333151759]], "chi2_level": 0.95, "chi2_df": 3, "chi2_threshold": 7.814727903251179, "N_raw": 68, "N_roi": 68, "N_inlier": 65, "refit": true}
{"timestamp": "17:42:41.867861", "frame": 65, "mu": [0.1530001115444154, 0.9759338585017294, 1.5568913000327602], "Sigma": [[0.001414197833297644, -0.0004826569104059777, -0.002720588803697514], [-0.0004826569104059777, 0.0063908753711800085, 0.002381449066320372], [-0.002720588803697514, 0.002381449066320372, 0.00798049872751728]], "chi2_level": 0.95, "chi2_df": 3, "chi2_threshold": 7.814727903251179, "N_raw": 45, "N_roi": 45, "N_inlier": 40, "refit": true}
{"timestamp": "17:42:41.926564", "frame": 66, "mu": [0.17450835615713398, 1.0033772636680287, 1.5319425209231379], "Sigma": [[0.001990787491407768, -0.0008269736428889603, -0.002030750059565001], [-0.0008269736428889602, 0.0026397440618953607, -0.0017051407832908113], [-0.002030750059565001, -0.0017051407832908115, 0.020143285581733904]], "chi2_level": 0.95, "chi2_df": 3, "chi2_threshold": 7.814727903251179, "N_raw": 69, "N_roi": 69, "N_inlier": 67, "refit": true}
{"timestamp": "17:42:41.974679", "frame": 67, "mu": [0.21308284913428094, 1.0171515541632938, 1.000660258469095], "Sigma": [[0.0029215656870611637, 0.0007015165856517384, -0.014763655432150571], [0.0007015165856517384, 0.004948648066120117, 0.008236999738418724], [-0.014763655432150571, 0.008236999738418726, 0.5108680964096581]], "chi2_level": 0.95, "chi2_df": 3, "chi2_threshold": 7.814727903251179, "N_raw": 11, "N_roi": 11, "N_inlier": 11, "refit": true}
{"timestamp": "17:42:42.035460", "frame": 68, "mu": [0.2558443390077018, 1.0110367430011062, -0.3622131674251454], "Sigma": [[0.001971111371827612, 0.0006413063887888666, 0.003487889890348947], [0.0006413063887888666, 0.008191538452457821, 0.0050707197887646886], [0.003487889890348947, 0.005070719788764689, 0.01269189315019892]], "chi2_level": 0.95, "chi2_df": 3, "chi2_threshold": 7.814727903251179, "N_raw": 61, "N_roi": 61, "N_inlier": 57, "refit": true}
{"timestamp": "17:42:42.089789", "frame": 69, "mu": [0.3480052207986072, 1.0326632055178644, 1.5872304793573464], "Sigma": [[0.00215635249364177, 0.00022652795362404813, -0.0009981209611554733], [0.00022652795362404818, 0.003675216155221598, -0.002251896375790897], [-0.0009981209611554733, -0.002251896375790897, 0.0018584095250289581]], "chi2_level": 0.95, "chi2_df": 3, "chi2_threshold": 7.814727903251179, "N_raw": 56, "N_roi": 56, "N_inlier": 49, "refit": true}
{"timestamp": "17:42:42.139198", "frame": 70, "mu": [0.32997073891123146, 0.9540365856187931, 0.8878031852937148], "Sigma": [[0.0014025029458176502, -0.001830374757920718, 0.010082472014690196], [-0.001830374757920718, 0.00656807903419893, -0.04150842349567235], [0.010082472014690196, -0.04150842349567235, 0.4089976383038653]], "chi2_level": 0.95, "chi2_df": 3, "chi2_threshold": 7.814727903251179, "N_raw": 11, "N_roi": 11, "N_inlier": 11, "refit": true}
{"timestamp": "17:42:42.192775", "frame": 71, "mu": [0.455293185340377, 1.0106441220453168, 1.1604173064541854], "Sigma": [[0.0027524502237633625, 0.002207680066484463, -0.010226212172773514], [0.002207680066484463, 0.005065524154978616, 0.012961548263627368], [-0.010226212172773514, 0.01296154826362737, 0.409306808809864]], "chi2_level": 0.95, "chi2_df": 3, "chi2_threshold": 7.814727903251179, "N_raw": 10, "N_roi": 10, "N_inlier": 9, "refit": true}
{"timestamp": "17:42:42.252354", "frame": 72, "mu": [0.5314030064855018, 1.0621498858501168, -0.17276297716585012], "Sigma": [[0.003747245180714498, 0.0012301591932748438, 0.0036663978494505716], [0.0012301591932748438, 0.0033275703987604086, 0.0006113606603154823], [0.003666397849450572, 0.0006113606603154824, 0.019366179633578298]], "chi2_level": 0.95, "chi2_df": 3, "chi2_threshold": 7.814727903251179, "N_raw": 47, "N_roi": 47, "N_inlier": 44, "refit": true}
{"timestamp": "17:42:42.309258", "frame": 73, "mu": [0.584628075471712, 0.9554340662088624, 1.5034017432634683], "Sigma": [[0.0037049455919388853, 0.0007124473265090014, -0.0017175030349612494], [0.0007124473265090014, 0.0030246626936257758, -0.0019109928083829322], [-0.0017175030349612494, -0.0019109928083829325, 0.0018452748378235955]], "chi2_level": 0.95, "chi2_df": 3, "chi2_threshold": 7.814727903251179, "N_raw": 56, "N_roi": 56, "N_inlier": 52, "refit": true}
{"timestamp": "17:42:42.363012", "frame": 74, "mu": [0.5994438988275385, 0.8884963809998349, 1.4593236530878568], "Sigma": [[0.002092314015160062, -6.914603622438164e-05, -0.001761042085104753], [-6.914603622438172e-05, 0.002270929576203988, -0.001675916058708388], [-0.001761042085104753, -0.001675916058708388, 0.0032327166913539707]], "chi2_level": 0.95, "chi2_df": 3, "chi2_threshold": 7.814727903251179, "N_raw": 35, "N_roi": 35, "N_inlier": 33, "refit": true}
{"timestamp": "17:42:42.412264", "frame": 75, "mu": [0.646409539531767, 0.9404943048821409, 1.1725740914922365], "Sigma": [[0.0038569356361084313, 0.0013107626756835087, 0.017524793179229992], [0.0013107626756835085, 0.017868917436058878, -0.026175585139067373], [0.017524793179229996, -0.02617558513906737, 0.16444071368246807]], "chi2_level": 0.95, "chi2_df": 3, "chi2_threshold": 7.814727903251179, "N_raw": 8, "N_roi": 8, "N_inlier": 8, "refit": true}
{"timestamp": "17:42:42.473885", "frame": 76, "mu": [0.7039887325199577, 0.9719504683024854, -1.030130743798914], "Sigma": [[0.0032784801856877957, -0.0012365092176718814, 0.0035692682261245405], [-0.0012365092176718816, 0.014576850796103108, -0.04649812188623979], [0.0035692682261245405, -0.04649812188623979, 0.23518076384827521]], "chi2_level": 0.95, "chi2_df": 3, "chi2_threshold": 7.814727903251179, "N_raw": 55, "N_roi": 55, "N_inlier": 54, "refit": true}
{"timestamp": "17:42:42.524198", "frame": 77, "mu": [0.7305889619451671, 0.9099409678398271, 1.4130744196286786], "Sigma": [[0.0017906601861501857, -3.982119499476083e-05, -0.0023507795983916803], [-3.982119499476077e-05, 0.001839455515662144, -0.00030730175839235267], [-0.0023507795983916803, -0.00030730175839235267, 0.006261043373268425]], "chi2_level": 0.95, "chi2_df": 3, "chi2_threshold": 7.814727903251179, "N_raw": 23, "N_roi": 23, "N_inlier": 20, "refit": true}
{"timestamp": "17:42:42.580885", "frame": 78, "mu": [0.7891472822650833, 0.8717544332278471, 1.3687967451625505], "Sigma": [[0.002075852736578314, -0.00036215177106508543, -0.0030127937626143746], [-0.00036215177106508543, 0.0019571686303430816, 0.0001296667509271723], [-0.003012793762614375, 0.00012966675092717256, 0.012897776047637371]], "chi2_level": 0.95, "chi2_df": 3, "chi2_threshold": 7.814727903251179, "N_raw": 32, "N_roi": 32, "N_inlier": 28, "refit": true}
{"timestamp": "17:42:42.633344", "frame": 79, "mu": [0.8663216280923475, 0.9087107741367796, 1.3887951200369486], "Sigma": [[0.0019385920128718102, -0.0006423528773122427, -0.0007402198526494862], [-0.0006423528773122425, 0.0010666088185246028, 0.0004750486647328503], [-0.0007402198526494864, 0.00047504866473285025, 0.018848214635669578]], "chi2_level": 0.95, "chi2_df": 3, "chi2_threshold": 7.814727903251179, "N_raw": 22, "N_roi": 22, "N_inlier": 20, "refit": true}
{"timestamp": "17:42:42.687413", "frame": 80, "mu": [0.8615327763286349, 0.9570216365498133, 1.190999941068068], "Sigma": [[0.003101152957951098, -0.004799660447964285, -0.013871505708199575], [-0.004799660447964285, 0.0120210180902932, 0.024476380012178903], [-0.013871505708199576, 0.024476380012178903, 0.06625635207272738]], "chi2_level": 0.95, "chi2_df": 3, "chi2_threshold": 7.814727903251179, "N_raw": 6, "N_roi": 6, "N_inlier": 6, "refit": true}
{"timestamp": "17:42:42.745879", "frame": 81, "mu": [0.9225771859944799, 1.0290289395760404, 1.3610972817120952], "Sigma": [[0.0014248535493879848, -0.0005781859415436681, -0.0020683002138259586], [-0.0005781859415436681, 0.0024311766246542274, -0.0007730692394408902], [-0.0020683002138259586, -0.0007730692394408902, 0.018021213969075214]], "chi2_level": 0.95, "chi2_df": 3, "chi2_threshold": 7.814727903251179, "N_raw": 32, "N_roi": 32, "N_inlier": 30, "refit": true}
{"timestamp": "17:42:42.798432", "frame": 82, "mu": [1.0040994400394732, 0.9829666844219236, 1.3784704941740806], "Sigma": [[0.0017623606280787816, 0.0004252969337213617, -0.0013055057685304999], [0.0004252969337213617, 0.0028518435854445225, -0.0023551361414025597], [-0.0013055057685305, -0.00235513614140256, 0.022645477750677684]], "chi2_level": 0.95, "chi2_df": 3, "chi2_threshold": 7.814727903251179, "N_raw": 14, "N_roi": 14, "N_inlier": 14, "refit": true}
{"timestamp": "17:42:42.854612", "frame": 83, "mu": [1.0500819396111982, 0.9830367700396093, 1.3675937151291615], "Sigma": [[0.0016458062597365512, -0.00040257385772182915, -0.0039934275845030925], [-0.00040257385772182915, 0.0022997609551001935, 0.00012514252427589176], [-0.0039934275845030925, 0.00012514252427589176, 0.028703844782599852]], "chi2_level": 0.95, "chi2_df": 3, "chi2_threshold": 7.814727903251179, "N_raw": 18, "N_roi": 18, "N_inlier": 17, "refit": true}
{"timestamp": "17:42:42.908583", "frame": 84, "mu": [1.1207814107994516, 0.9830966186467359, 1.3183670050508982], "Sigma": [[0.002400374756001261, -0.0008348841601837703, 0.001137177780855525], [-0.0008348841601837703, 0.002641794925536048, -0.004309162995565533], [0.001137177780855525, -0.004309162995565533, 0.02433841428399505]], "chi2_level": 0.95, "chi2_df": 3, "chi2_threshold": 7.814727903251179, "N_raw": 20, "N_roi": 20, "N_inlier": 18, "refit": true}
{"timestamp": "17:42:42.964287", "frame": 85, "mu": [1.1600005918827727, 1.0241713364825098, 1.3426701332699058], "Sigma": [[0.0021256435073741162, -0.00032323412077681817, -0.0008645534238521835], [-0.00032323412077681817, 0.0030602236815608736, -0.006366078205986099], [-0.0008645534238521835, -0.006366078205986099, 0.04973736501614131]], "chi2_level": 0.95, "chi2_df": 3, "chi2_threshold": 7.814727903251179, "N_raw": 18, "N_roi": 18, "N_inlier": 16, "refit": true}
{"timestamp": "17:42:43.018907", "frame": 86, "mu": [1.1760107535709718, 1.0186761610754673, 0.9471012110638601], "Sigma": [[0.017062862430717675, -0.003361816969307719, 0.06364484961546882], [-0.0033618169693077193, 0.00752058801614509, -0.026173572670879126], [0.06364484961546882, -0.026173572670879126, 0.3173634695368418]], "chi2_level": 0.95, "chi2_df": 3, "chi2_threshold": 7.814727903251179, "N_raw": 10, "N_roi": 10, "N_inlier": 9, "refit": true}
{"timestamp": "17:42:43.072768", "frame": 87, "mu": [1.2250114849524132, 1.124831836385967, 0.7830228620784662], "Sigma": [[0.005946976502449456, -0.0040465413801398405, 0.034822868238854], [-0.0040465413801398405, 0.005552804596687978, -0.03313215843565284], [0.03482286823885399, -0.03313215843565284, 0.2604988532294331]], "chi2_level": 0.95, "chi2_df": 3, "chi2_threshold": 7.814727903251179, "N_raw": 13, "N_roi": 13, "N_inlier": 13, "refit": true}
{"timestamp": "17:42:43.127116", "frame": 88, "mu": [1.3418688847601272, 1.057969912276083, 1.216188736094336], "Sigma": [[0.0008763316192233966, 0.0007881971730382439, -0.0069055390493946225], [0.0007881971730382439, 0.0034089444874900307, -0.013292306938229588], [-0.006905539049394622, -0.013292306938229588, 0.10496899973720925]], "chi2_level": 0.95, "chi2_df": 3, "chi2_threshold": 7.814727903251179, "N_raw": 6, "N_roi": 6, "N_inlier": 6, "refit": true}
{"timestamp": "17:42:43.182018", "frame": 89, "mu": [1.3898925348143063, 0.9890424658618042, 1.3460198026302637], "Sigma": [[0.0022659931783091743, 0.0018137079950315096, -0.003834024085857429], [0.0018137079950315096, 0.0015133301818755483, -0.0032964527643123804], [-0.003834024085857429, -0.003296452764312381, 0.007357562584110024]], "chi2_level": 0.95, "chi2_df": 3, "chi2_threshold": 7.814727903251179, "N_raw": 5, "N_roi": 5, "N_inlier": 5, "refit": true}
{"timestamp": "17:42:43.237021", "frame": 90, "mu": [1.4338849978584132, 0.95743454622636, 1.4052936369010474], "Sigma": [[0.0015222349485275385, -8.941524315185111e-05, -0.0002040278354467758], [-8.941524315185108e-05, 0.0026039775768700243, -0.0010007674069255658], [-0.00020402783544677574, -0.001000767406925566, 0.0004232154970144752]], "chi2_level": 0.95, "chi2_df": 3, "chi2_threshold": 7.814727903251179, "N_raw": 9, "N_roi": 9, "N_inlier": 8, "refit": true}
{"timestamp": "17:42:43.292382", "frame": 91, "mu": [1.4875415958914624, 1.0205550770381413, 1.4716121014097256], "Sigma": [[0.0026139444548034, 0.0014137203170481044, 0.0010934635343268985], [0.0014137203170481046, 0.0029572283624355023, 0.001117111461755053], [0.0010934635343268985, 0.001117111461755053, 0.0006523448974918947]], "chi2_level": 0.95, "chi2_df": 3, "chi2_threshold": 7.814727903251179, "N_raw": 7, "N_roi": 7, "N_inlier": 7, "refit": true}
{"timestamp": "17:42:43.346363", "frame": 92, "mu": [1.6132014528820928, 0.9214454735554973, 1.3029921233822366], "Sigma": [[0.005418278759132541, -0.002213937768357031, 0.007724640268573021], [-0.0022139377683570304, 0.006928629565056574, 0.013528804152563387], [0.007724640268573021, 0.013528804152563387, 0.09995999666144516]], "chi2_level": 0.95, "chi2_df": 3, "chi2_threshold": 7.814727903251179, "N_raw": 5, "N_roi": 5, "N_inlier": 5, "refit": true}
{"timestamp": "17:42:43.402390", "frame": 93, "mu": [1.6083233570782236, 0.9819130057973984, 1.4616574086376644], "Sigma": [[0.0017113645620075199, 6.8308569283750075e-06, -0.0005554979330172488], [6.83085692837498e-06, 0.0006079558881117253, -0.00010907083001085745], [-0.0005554979330172488, -0.00010907083001085745, 0.00021435208105059306]], "chi2_level": 0.95, "chi2_df": 3, "chi2_threshold": 7.814727903251179, "N_raw": 6, "N_roi": 6, "N_inlier": 5, "refit": true}
{"timestamp": "17:42:43.458743", "frame": 94, "mu": [1.6643976543744032, 1.0724679160831823, 1.1458664780041117], "Sigma": [[0.006934534477210545, -0.011392826921107784, 0.024539932180972158], [-0.011392826921107784, 0.025810641536919372, -0.055075708240361926], [0.024539932180972158, -0.055075708240361926, 0.14791947971282018]], "chi2_level": 0.95, "chi2_df": 3, "chi2_threshold": 7.814727903251179, "N_raw": 25, "N_roi": 25, "N_inlier": 24, "refit": true}
{"timestamp": "17:42:43.512449", "frame": 95, "mu": [1.734108669463565, 0.9539214675859577, 1.2481915118976152], "Sigma": [[0.0010917436154121568, 0.0001606495148234203, -0.0011090394106920882], [0.0001606495148234204, 0.008275498820109372, -0.011296432685654343], [-0.001109039410692088, -0.011296432685654344, 0.020361763023821897]], "chi2_level": 0.95, "chi2_df": 3, "chi2_threshold": 7.814727903251179, "N_raw": 7, "N_roi": 7, "N_inlier": 6, "refit": true}
{"timestamp": "17:42:43.567997", "frame": 96, "mu": [1.7847020724166345, 0.9593536136333043, 1.010432280849536], "Sigma": [[0.008488635552681556, -0.01673356157555556, 0.013575787542260392], [-0.016733561575555563, 0.043958983910277985, -0.042215801531378244], [0.013575787542260395, -0.04221580153137824, 0.07930269435097881]], "chi2_level": 0.95, "chi2_df": 3, "chi2_threshold": 7.814727903251179, "N_raw": 16, "N_roi": 16, "N_inlier": 15, "refit": true}
{"timestamp": "17:42:43.625231", "frame": 97, "mu": [1.8666702996666735, 0.9071319061857246, -0.6447912248345837], "Sigma": [[0.002453301544155784, -0.0010800386763969072, 0.0004711763482418852], [-0.0010800386763969072, 0.006124617018119288, 0.01233515487086924], [0.0004711763482418852, 0.01233515487086924, 0.07756603021372262]], "chi2_level": 0.95, "chi2_df": 3, "chi2_threshold": 7.814727903251179, "N_raw": 30, "N_roi": 30, "N_inlier": 27, "refit": true}
{"timestamp": "17:42:43.677346", "frame": 98, "mu": [1.864888803656145, 0.9908163442235025, 1.0942600074686182], "Sigma": [[0.0025167427906195227, -0.00945559523143238, 0.008039417238642524], [-0.009455595231432381, 0.07200275427404298, -0.08347649262997563], [0.008039417238642523, -0.08347649262997563, 0.10970159911751243]], "chi2_level": 0.95, "chi2_df": 3, "chi2_threshold": 7.814727903251179, "N_raw": 7, "N_roi": 7, "N_inlier": 7, "refit": true}
