{"timestamp": "18:38:48.573354", "frame": 20, "mu": [-0.6959279667020419, 0.2186474412347, 0.44901446944419815], "Sigma": [[0.16197785739145648, -0.025355646472175537, 0.2607981135702977], [-0.025355646472175537, 0.034477992497042684, -0.041527777551840596], [0.2607981135702977, -0.0415277775518406, 0.4213043171971339]], "chi2_level": 0.95, "chi2_df": 3, "chi2_threshold": 7.814727903251179, "N_raw": 5, "N_roi": 5, "N_inlier": 5, "refit": true}
{"timestamp": "18:38:48.794735", "frame": 24, "mu": [-0.6587033160884224, 0.3867555623254432, 0.4862811270798924], "Sigma": [[0.13136559637927173, -0.05241507534023238, 0.20799736879635045], [-0.052415075340232375, 0.02459815190123121, -0.08323714156556448], [0.20799736879635045, -0.08323714156556448, 0.33682005371470697]], "chi2_level": 0.95, "chi2_df": 3, "chi2_threshold": 7.814727903251179, "N_raw": 7, "N_roi": 5, "N_inlier": 5, "refit": true}
{"timestamp": "18:38:49.014874", "frame": 28, "mu": [-0.20625892492175102, 0.1640806422508633, 0.8014490329679491], "Sigma": [[0.5884867166714964, 0.007043623048616015, 0.5036856789798657], [0.007043623048616015, 0.0036215310410817724, 0.010563062405173788], [0.5036856789798657, 0.010563062405173788, 0.5649464193211764]], "chi2_level": 0.95, "chi2_df": 3, "chi2_threshold": 7.814727903251179, "N_raw": 7, "N_roi": 7, "N_inlier": 7, "refit": true}
{"timestamp": "18:38:49.069134", "frame": 29, "mu": [0.2532373192833117, 0.18251780112273744, 0.9765395840686135], "Sigma": [[0.5537167995577775, -0.008087899246709142, 0.4724910771703726], [-0.008087899246709144, 0.0019883885513437816, -0.008247609958754834], [0.4724910771703726, -0.008247609958754832, 0.4066394990394741]], "chi2_level": 0.95, "chi2_df": 3, "chi2_threshold": 7.814727903251179, "N_raw": 10, "N_roi": 10, "N_inlier": 9, "refit": true}
{"timestamp": "18:38:49.126449", "frame": 30, "mu": [-0.035993328880688916, 0.18959890184162284, 1.4696568847442308], "Sigma": [[0.608853269476361, 0.004061184637855521, 0.0465579538743988], [0.004061184637855522, 0.0023985433008910026, -0.0032703214672913945], [0.0465579538743988, -0.0032703214672913945, 0.07852148887167257]], "chi2_level": 0.95, "chi2_df": 3, "chi2_threshold": 7.814727903251179, "N_raw": 22, "N_roi": 22, "N_inlier": 20, "refit": true}
{"timestamp": "18:38:49.185274", "frame": 31, "mu": [-0.4574209291782466, 0.15700045305074598, 1.444166160889121], "Sigma": [[0.38688125948131596, 0.002433791126698235, 0.0021437290083213757], [0.002433791126698235, 0.0008585300009766997, -0.000297490534329379], [0.0021437290083213753, -0.00029749053432937895, 0.0034779557752617563]], "chi2_level": 0.95, "chi2_df": 3, "chi2_threshold": 7.814727903251179, "N_raw": 49, "N_roi": 49, "N_inlier": 45, "refit": true}
{"timestamp": "18:38:49.242270", "frame": 32, "mu": [-0.7965166792484781, 0.20074870569096112, 1.4563785511635639], "Sigma": [[0.003853779398171364, 0.0011255920005742645, 0.00018443031936148], [0.0011255920005742645, 0.0017079206460819142, -0.001560700461378078], [0.00018443031936147988, -0.001560700461378078, 0.003792177574262239]], "chi2_level": 0.95, "chi2_df": 3, "chi2_threshold": 7.814727903251179, "N_raw": 46, "N_roi": 46, "N_inlier": 41, "refit": true}
{"timestamp": "18:38:49.296895", "frame": 33, "mu": [-0.8307224179649735, 0.2668268533151357, 1.548763205258803], "Sigma": [[0.0030824809063686115, 0.0009398727072926911, 0.0016107054715560106], [0.0009398727072926911, 0.004491632488317938, 0.0020975793307615935], [0.0016107054715560109, 0.0020975793307615935, 0.007081756831197204]], "chi2_level": 0.95, "chi2_df": 3, "chi2_threshold": 7.814727903251179, "N_raw": 43, "N_roi": 43, "N_inlier": 36, "refit": true}
{"timestamp": "18:38:49.354466", "frame": 34, "mu": [-0.5685707578777641, 0.3685990685378631, -0.43031448209809786], "Sigma": [[0.4170404989956579, -0.014793295162475874, -0.012545214524555502], [-0.014793295162475873, 0.0071096272297271204, -0.000984991475574344], [-0.012545214524555502, -0.000984991475574344, 0.008426793327420905]], "chi2_level": 0.95, "chi2_df": 3, "chi2_threshold": 7.814727903251179, "N_raw": 59, "N_roi": 59, "N_inlier": 56, "refit": true}
{"timestamp": "18:38:49.409607", "frame": 35, "mu": [-0.8376367336701901, 0.3375498832751573, 1.5856214076313448], "Sigma": [[0.004679179299819041, 0.0012485965632944014, 0.0015760003784052144], [0.0012485965632944016, 0.003467082343049401, -0.0031740526467151833], [0.0015760003784052146, -0.0031740526467151833, 0.005528009376832081]], "chi2_level": 0.95, "chi2_df": 3, "chi2_threshold": 7.814727903251179, "N_raw": 62, "N_roi": 62, "N_inlier": 56, "refit": true}
{"timestamp": "18:38:49.464131", "frame": 36, "mu": [-0.8081896774404883, 0.3922488631636053, 1.5851940318866298], "Sigma": [[0.00585483076528097, 0.002855009210380884, -0.0017326294834758465], [0.002855009210380884, 0.003813309572004752, -0.0050305269685808444], [-0.0017326294834758462, -0.0050305269685808444, 0.009616987814297411]], "chi2_level": 0.95, "chi2_df": 3, "chi2_threshold": 7.814727903251179, "N_raw": 56, "N_roi": 56, "N_inlier": 51, "refit": true}
{"timestamp": "18:38:49.519868", "frame": 37, "mu": [-0.8457863610306028, 0.4792268466020971, 1.6689320125265017], "Sigma": [[0.006532133965403644, 0.002192486422676482, -0.0038479965429931325], [0.0021924864226764815, 0.004485115854507351, -0.004361560032625197], [-0.0038479965429931325, -0.004361560032625197, 0.009089180130933594]], "chi2_level": 0.95, "chi2_df": 3, "chi2_threshold": 7.814727903251179, "N_raw": 65, "N_roi": 65, "N_inlier": 60, "refit": true}
{"timestamp": "18:38:49.577317", "frame": 38, "mu": [-0.8832550900466233, 0.45214013887884713, 1.616611913741114], "Sigma": [[0.009421779388808836, 0.005279445919760014, 0.004240519086801203], [0.005279445919760014, 0.005866467381822908, -0.00011321630731929266], [0.004240519086801203, -0.00011321630731929266, 0.006236008399777306]], "chi2_level": 0.95, "chi2_df": 3, "chi2_threshold": 7.814727903251179, "N_raw": 77, "N_roi": 77, "N_inlier": 75, "refit": true}
{"timestamp": "18:38:49.631791", "frame": 39, "mu": [-0.9055931592978878, 0.5742333750433753, 1.7245073640446318], "Sigma": [[0.006613305233450643, 0.0015151560373218877, -0.0014758297544720336], [0.0015151560373218881, 0.005501920201900389, -0.004243493859295344], [-0.0014758297544720336, -0.004243493859295344, 0.003500152761404627]], "chi2_level": 0.95, "chi2_df": 3, "chi2_threshold": 7.814727903251179, "N_raw": 73, "N_roi": 72, "N_inlier": 69, "refit": true}
{"timestamp": "18:38:49.681662", "frame": 40, "mu": [-0.8723081245190076, 0.6451021445826293, 1.705197974341052], "Sigma": [[0.01618772024829939, 0.006398339836813539, -0.0117498123284847], [0.006398339836813539, 0.007555797024201462, -0.008955346739414147], [-0.0117498123284847, -0.008955346739414147, 0.012811322198553203]], "chi2_level": 0.95, "chi2_df": 3, "chi2_threshold": 7.814727903251179, "N_raw": 34, "N_roi": 34, "N_inlier": 32, "refit": true}
{"timestamp": "18:38:49.742496", "frame": 41, "mu": [-0.7765795993046547, 0.7744956522229389, 1.6291405617237988], "Sigma": [[0.027822452004003302, 0.01297700221012259, -0.022178440128148], [0.01297700221012259, 0.011690972875593966, -0.01329460921504913], [-0.022178440128148, -0.01329460921504913, 0.0408947089822692]], "chi2_level": 0.95, "chi2_df": 3, "chi2_threshold": 7.814727903251179, "N_raw": 74, "N_roi": 74, "N_inlier": 70, "refit": true}
{"timestamp": "18:38:49.796182", "frame": 42, "mu": [-0.8259973355927532, 0.8726780605895449, 1.78076692454524], "Sigma": [[0.02618972294858806, 0.018220158141302883, -0.022576959877805135], [0.018220158141302883, 0.021306228416753073, -0.01613287332295886], [-0.02257695987780513, -0.01613287332295886, 0.029267913092146262]], "chi2_level": 0.95, "chi2_df": 3, "chi2_threshold": 7.814727903251179, "N_raw": 59, "N_roi": 59, "N_inlier": 55, "refit": true}
{"timestamp": "18:38:49.852849", "frame": 43, "mu": [-0.5839106029479715, 0.9663449304073731, 1.1737097913554275], "Sigma": [[0.00290365125323668, -0.0014763953868437481, -0.008119510619383936], [-0.0014763953868437477, 0.005214574090855612, 0.013674588007152226], [-0.008119510619383936, 0.013674588007152226, 0.08084106210577732]], "chi2_level": 0.95, "chi2_df": 3, "chi2_threshold": 7.814727903251179, "N_raw": 73, "N_roi": 70, "N_inlier": 62, "refit": true}
{"timestamp": "18:38:49.911225", "frame": 44, "mu": [-0.6219759553092338, 1.1404401740945544, 0.7775837005184495], "Sigma": [[0.004895726527711932, -0.0023712499648275813, 0.008092923984090984], [-0.0023712499648275813, 0.02131683065823358, -0.06920912544874269], [0.008092923984090984, -0.06920912544874269, 0.4044981146134184]], "chi2_level": 0.95, "chi2_df": 3, "chi2_threshold": 7.814727903251179, "N_raw": 100, "N_roi": 100, "N_inlier": 98, "refit": true}
{"timestamp": "18:38:49.958535", "frame": 45, "mu": [-0.5770687629243114, 1.1321772010525137, 0.9797190730954437], "Sigma": [[0.0043514917784856205, -0.000615443564855092, -0.003515328962227991], [-0.0006154435648550921, 0.002449972692580702, 0.00029357088982456673], [-0.003515328962227991, 0.00029357088982456673, 0.007246137558857686]], "chi2_level": 0.95, "chi2_df": 3, "chi2_threshold": 7.814727903251179, "N_raw": 48, "N_roi": 48, "N_inlier": 41, "refit": true}
{"timestamp": "18:38:50.015125", "frame": 46, "mu": [-0.6401461601903369, 1.1691998121751686, 1.141764238465583], "Sigma": [[0.008012894749662065, -0.0019489830991560177, -0.02063952220413889], [-0.0019489830991560177, 0.0023365500588728902, 0.010219019773283381], [-0.02063952220413889, 0.010219019773283381, 0.10619836889550452]], "chi2_level": 0.95, "chi2_df": 3, "chi2_threshold": 7.814727903251179, "N_raw": 64, "N_roi": 64, "N_inlier": 63, "refit": true}
{"timestamp": "18:38:50.066165", "frame": 47, "mu": [-0.6725903330464753, 1.2201638223099232, 0.6711190198554902], "Sigma": [[0.0034250500489876306, -0.0002823330739276323, 0.008838879541156214], [-0.0002823330739276324, 0.0029262158171614767, -0.0029893766263717437], [0.008838879541156214, -0.0029893766263717437, 0.1408666927600041]], "chi2_level": 0.95, "chi2_df": 3, "chi2_threshold": 7.814727903251179, "N_raw": 33, "N_roi": 33, "N_inlier": 32, "refit": true}
{"timestamp": "18:38:50.122114", "frame": 48, "mu": [-0.6579812944277064, 1.323996929101058, 0.8563523464947334], "Sigma": [[0.0048395219805333475, -0.0033395481979747637, 0.00449024197450681], [-0.0033395481979747637, 0.010812558158359688, -0.02154348365518033], [0.00449024197450681, -0.02154348365518033, 0.1274492166678377]], "chi2_level": 0.95, "chi2_df": 3, "chi2_threshold": 7.814727903251179, "N_raw": 39, "N_roi": 39, "N_inlier": 38, "refit": true}
{"timestamp": "18:38:50.180180", "frame": 49, "mu": [-0.6936290333277411, 1.4385593639290974, 1.4554429359071694], "Sigma": [[0.00508955706419661, -0.0007429896313845592, 0.005299300816196905], [-0.0007429896313845591, 0.0020030497060912794, -0.007863585754502082], [0.005299300816196905, -0.007863585754502082, 0.0972095279695823]], "chi2_level": 0.95, "chi2_df": 3, "chi2_threshold": 7.814727903251179, "N_raw": 55, "N_roi": 55, "N_inlier": 50, "refit": true}
{"timestamp": "18:38:50.243443", "frame": 50, "mu": [-0.6663493844798278, 1.529573537624474, 1.287916735680862], "Sigma": [[0.006863719880937696, -0.0023800495169423817, -0.0002477463763750791], [-0.0023800495169423817, 0.006774542293900319, -0.020268014159812074], [-0.00024774637637507886, -0.020268014159812074, 0.14516012268664563]], "chi2_level": 0.95, "chi2_df": 3, "chi2_threshold": 7.814727903251179, "N_raw": 119, "N_roi": 119, "N_inlier": 115, "refit": true}
{"timestamp": "18:38:50.299170", "frame": 51, "mu": [-0.6571434886580741, 1.633961136607145, 1.2043958549054636], "Sigma": [[0.0065549816734241035, -0.0021688671273365793, 0.008521460123572131], [-0.0021688671273365793, 0.009548450154040183, -0.032241699932412805], [0.008521460123572133, -0.03224169993241281, 0.16281045826306392]], "chi2_level": 0.95, "chi2_df": 3, "chi2_threshold": 7.814727903251179, "N_raw": 109, "N_roi": 108, "N_inlier": 104, "refit": true}
{"timestamp": "18:38:50.346650", "frame": 52, "mu": [-0.64788980072483, 1.6826262155615805, 1.3480379838667131], "Sigma": [[0.006222592371155604, -0.00118710813912838, -0.001228778827260767], [-0.00118710813912838, 0.001484246154992567, -0.0033910069320238104], [-0.001228778827260767, -0.0033910069320238104, 0.026034195154389796]], "chi2_level": 0.95, "chi2_df": 3, "chi2_threshold": 7.814727903251179, "N_raw": 59, "N_roi": 59, "N_inlier": 54, "refit": true}
{"timestamp": "18:38:50.404246", "frame": 53, "mu": [-0.6869154795968153, 1.774499539648208, -0.04504489560093048], "Sigma": [[0.00706073996388419, 0.0012297602619708672, -0.005145004428744724], [0.001229760261970867, 0.008433804691036105, -0.0061341320683060765], [-0.005145004428744724, -0.0061341320683060765, 0.011879538271637204]], "chi2_level": 0.95, "chi2_df": 3, "chi2_threshold": 7.814727903251179, "N_raw": 77, "N_roi": 77, "N_inlier": 71, "refit": true}
{"timestamp": "18:38:50.456949", "frame": 54, "mu": [-0.6628068155177818, 1.859650932015215, -0.09238072615796944], "Sigma": [[0.006510250945134213, 0.0010265109390988037, -0.00291581616592929], [0.0010265109390988037, 0.007500331810654006, -0.005544003714060335], [-0.00291581616592929, -0.005544003714060335, 0.006801485160638156]], "chi2_level": 0.95, "chi2_df": 3, "chi2_threshold": 7.814727903251179, "N_raw": 71, "N_roi": 69, "N_inlier": 64, "refit": true}
{"timestamp": "18:38:50.515105", "frame": 55, "mu": [-0.7177566973623486, 1.7554184762045308, 0.8688178720619484], "Sigma": [[0.009732981067681347, 0.0053536422507288765, 0.03298362930410671], [0.005353642250728876, 0.009792283066479742, 0.028089773015185632], [0.03298362930410671, 0.028089773015185636, 0.2436382402568182]], "chi2_level": 0.95, "chi2_df": 3, "chi2_threshold": 7.814727903251179, "N_raw": 73, "N_roi": 73, "N_inlier": 69, "refit": true}
{"timestamp": "18:38:50.572956", "frame": 56, "mu": [-0.7278867743982625, 2.001264895819911, 0.25795009150338655], "Sigma": [[0.013045240120821403, -0.005566571660911752, 0.06562504110249129], [-0.005566571660911752, 0.013080847509604818, -0.042887703436970195], [0.06562504110249129, -0.042887703436970195, 0.5975931594964565]], "chi2_level": 0.95, "chi2_df": 3, "chi2_threshold": 7.814727903251179, "N_raw": 107, "N_roi": 107, "N_inlier": 105, "refit": true}
{"timestamp": "18:38:50.626304", "frame": 57, "mu": [-0.6845524138095349, 2.01367629065335, 1.12330737270222], "Sigma": [[0.013090131432379486, 0.009163270325435844, 0.031154493274837887], [0.009163270325435844, 0.017279517026540993, 0.04445434000305518], [0.031154493274837894, 0.04445434000305519, 0.2351796278040553]], "chi2_level": 0.95, "chi2_df": 3, "chi2_threshold": 7.814727903251179, "N_raw": 101, "N_roi": 101, "N_inlier": 99, "refit": true}
{"timestamp": "18:38:50.678524", "frame": 58, "mu": [-0.656416796909966, 2.123930018762604, 1.4433303530786066], "Sigma": [[0.007822953409769743, 0.0009973120975966575, -0.006907396613526996], [0.0009973120975966575, 0.005426536065149804, -0.008022634477178863], [-0.006907396613526996, -0.008022634477178865, 0.031143903523779]], "chi2_level": 0.95, "chi2_df": 3, "chi2_threshold": 7.814727903251179, "N_raw": 84, "N_roi": 84, "N_inlier": 79, "refit": true}
{"timestamp": "18:38:50.734341", "frame": 59, "mu": [-0.7887279419039882, 2.2406461521268444, 0.9548059146912989], "Sigma": [[0.02138922359734416, -0.00522863126428651, 0.03961316811429781], [-0.00522863126428651, 0.007712998446220081, -0.022827910126115552], [0.03961316811429781, -0.022827910126115552, 0.19098077241663117]], "chi2_level": 0.95, "chi2_df": 3, "chi2_threshold": 7.814727903251179, "N_raw": 87, "N_roi": 87, "N_inlier": 82, "refit": true}
{"timestamp": "18:38:50.791885", "frame": 60, "mu": [-0.7124230849777307, 2.315212479783296, 1.1276356221668435], "Sigma": [[0.018734085545332513, -0.0058850238808877305, 0.024079455843321974], [-0.0058850238808877305, 0.006617108798232454, -0.02386651901069868], [0.024079455843321974, -0.02386651901069868, 0.1523241768733194]], "chi2_level": 0.95, "chi2_df": 3, "chi2_threshold": 7.814727903251179, "N_raw": 107, "N_roi": 107, "N_inlier": 103, "refit": true}
{"timestamp": "18:38:50.843768", "frame": 61, "mu": [-0.7214035342773529, 2.3958256222841223, 0.0715146898107858], "Sigma": [[0.009908387590579772, 0.004573564517596751, -0.0029320969570681976], [0.004573564517596751, 0.012227948046167149, -0.012994231919398433], [-0.0029320969570681976, -0.01299423191939843, 0.08606916837977585]], "chi2_level": 0.95, "chi2_df": 3, "chi2_threshold": 7.814727903251179, "N_raw": 80, "N_roi": 80, "N_inlier": 73, "refit": true}
{"timestamp": "18:38:50.894952", "frame": 62, "mu": [-0.8450184031426483, 2.344519619045727, 1.5573833452058283], "Sigma": [[0.009646358277737004, -0.0015794047492499732, -0.003279497147740786], [-0.0015794047492499734, 0.006126585772710727, -0.0021356858868843975], [-0.003279497147740786, -0.0021356858868843975, 0.0036449929984118295]], "chi2_level": 0.95, "chi2_df": 3, "chi2_threshold": 7.814727903251179, "N_raw": 60, "N_roi": 60, "N_inlier": 57, "refit": true}
{"timestamp": "18:38:50.945951", "frame": 63, "mu": [-0.7732900578327282, 2.3990127948826765, 1.1159055580809683], "Sigma": [[0.0309085626471105, -0.0005554573683440177, -0.0907923837321607], [-0.0005554573683440173, 0.004305947077248173, 0.003709504782272872], [-0.0907923837321607, 0.003709504782272872, 0.28452092131111445]], "chi2_level": 0.95, "chi2_df": 3, "chi2_threshold": 7.814727903251179, "N_raw": 34, "N_roi": 34, "N_inlier": 32, "refit": true}
{"timestamp": "18:38:51.000603", "frame": 64, "mu": [-0.6847945294069082, 2.147886394449881, 0.5928083091138012], "Sigma": [[0.011913642044800018, 0.04007484387732006, 0.009162752489509523], [0.04007484387732006, 0.8155203204827415, 0.731753845863616], [0.009162752489509523, 0.7317538458636161, 0.7658637128633562]], "chi2_level": 0.95, "chi2_df": 3, "chi2_threshold": 7.814727903251179, "N_raw": 35, "N_roi": 35, "N_inlier": 33, "refit": true}
{"timestamp": "18:38:51.057350", "frame": 65, "mu": [-0.7187010002806804, 2.6011715448993535, 1.2617320413490267], "Sigma": [[0.008371156081862242, -0.0024919596138887473, 0.006269450610412721], [-0.002491959613888747, 0.012320505625641484, 0.014420500947705467], [0.006269450610412721, 0.014420500947705464, 0.21787181337322706]], "chi2_level": 0.95, "chi2_df": 3, "chi2_threshold": 7.814727903251179, "N_raw": 50, "N_roi": 50, "N_inlier": 49, "refit": true}
{"timestamp": "18:38:51.117119", "frame": 66, "mu": [-0.7147913391465456, 2.7278432781252158, 1.4141237977856025], "Sigma": [[0.009218212606521241, -0.00048006715448502393, -0.004325528077653093], [-0.0004800671544850241, 0.006591896476917524, -0.013200201050580344], [-0.004325528077653093, -0.013200201050580344, 0.04729435754072049]], "chi2_level": 0.95, "chi2_df": 3, "chi2_threshold": 7.814727903251179, "N_raw": 79, "N_roi": 79, "N_inlier": 78, "refit": true}
{"timestamp": "18:38:51.171716", "frame": 67, "mu": [-0.7258571771624308, 2.863118505484345, -0.007792072681983196], "Sigma": [[0.010533854576780423, 0.0007903215899660733, 0.00977684114230432], [0.0007903215899660735, 0.009721115747483597, -0.004235903435662944], [0.00977684114230432, -0.004235903435662945, 0.052923698311666836]], "chi2_level": 0.95, "chi2_df": 3, "chi2_threshold": 7.814727903251179, "N_raw": 63, "N_roi": 62, "N_inlier": 57, "refit": true}
{"timestamp": "18:38:51.224835", "frame": 68, "mu": [-0.7612342877226793, 2.8526377799770577, 1.3781481810029859], "Sigma": [[0.009615779902967915, -0.000934752449010926, 0.001011809076549368], [-0.000934752449010926, 0.003841519913920342, -0.01352210947950409], [0.0010118090765493678, -0.01352210947950409, 0.06867440368699697]], "chi2_level": 0.95, "chi2_df": 3, "chi2_threshold": 7.814727903251179, "N_raw": 52, "N_roi": 52, "N_inlier": 47, "refit": true}
{"timestamp": "18:38:51.278170", "frame": 69, "mu": [-0.7734823928127447, 2.938604970284833, 1.3371731476633766], "Sigma": [[0.012138065573171089, -0.0034844109683845803, 0.02062232147191014], [-0.0034844109683845807, 0.005832998861371775, -0.029280497840729315], [0.02062232147191014, -0.029280497840729315, 0.20868847680203434]], "chi2_level": 0.95, "chi2_df": 3, "chi2_threshold": 7.814727903251179, "N_raw": 51, "N_roi": 51, "N_inlier": 49, "refit": true}
{"timestamp": "18:38:51.337398", "frame": 70, "mu": [-0.7466190058913968, 3.012380948824858, 1.2099618026784391], "Sigma": [[0.009846152191048617, 0.0020399017550890184, -0.018396584393385818], [0.0020399017550890184, 0.007106042881502516, -0.030057155813859503], [-0.018396584393385818, -0.030057155813859503, 0.2434745277605996]], "chi2_level": 0.95, "chi2_df": 3, "chi2_threshold": 7.814727903251179, "N_raw": 78, "N_roi": 78, "N_inlier": 75, "refit": true}
{"timestamp": "18:38:51.390706", "frame": 71, "mu": [-0.7228151658086466, 3.0393024478962554, 1.3339488144078586], "Sigma": [[0.010238868873508552, 0.0009715489683891568, 0.003168123589621234], [0.000971548968389157, 0.002118082326788785, -0.004682317951682441], [0.0031681235896212348, -0.00468231795168244, 0.11491138477624835]], "chi2_level": 0.95, "chi2_df": 3, "chi2_threshold": 7.814727903251179, "N_raw": 62, "N_roi": 62, "N_inlier": 57, "refit": true}
{"timestamp": "18:38:51.448430", "frame": 72, "mu": [-0.7524245687431643, 3.1162509090733956, 1.4399773609382045], "Sigma": [[0.015452021568466834, -0.0016582183074462936, 0.0007133677821557999], [-0.001658218307446294, 0.0050803738142577185, -0.010415340847940982], [0.0007133677821558001, -0.010415340847940982, 0.05267832295127105]], "chi2_level": 0.95, "chi2_df": 3, "chi2_threshold": 7.814727903251179, "N_raw": 85, "N_roi": 85, "N_inlier": 82, "refit": true}
{"timestamp": "18:38:51.507587", "frame": 73, "mu": [-0.7367678140161957, 3.2574143636023862, 1.1334842178975526], "Sigma": [[0.01924693027659937, -0.003967134876253476, 0.01526475299502556], [-0.003967134876253476, 0.007580615928828937, -0.026859925037827484], [0.01526475299502556, -0.02685992503782749, 0.19872280440782525]], "chi2_level": 0.95, "chi2_df": 3, "chi2_threshold": 7.814727903251179, "N_raw": 78, "N_roi": 78, "N_inlier": 76, "refit": true}
{"timestamp": "18:38:51.560738", "frame": 74, "mu": [-0.7320978312889035, 3.345873007106044, 1.2497737703901723], "Sigma": [[0.020754492907376406, -0.0018406029595943456, -0.010818182360782903], [-0.0018406029595943456, 0.008874562556430123, -0.03671264750788852], [-0.010818182360782903, -0.03671264750788852, 0.2882434709636429]], "chi2_level": 0.95, "chi2_df": 3, "chi2_threshold": 7.814727903251179, "N_raw": 97, "N_roi": 97, "N_inlier": 96, "refit": true}
{"timestamp": "18:38:51.612562", "frame": 75, "mu": [-0.8110904661931989, 3.4123636597765112, 1.1140461674881106], "Sigma": [[0.020911432132506645, -0.004981685389745543, 0.034699310223458846], [-0.004981685389745542, 0.009518338515220544, -0.045490536251333105], [0.034699310223458846, -0.045490536251333105, 0.2967396938536682]], "chi2_level": 0.95, "chi2_df": 3, "chi2_threshold": 7.814727903251179, "N_raw": 73, "N_roi": 73, "N_inlier": 71, "refit": true}
{"timestamp": "18:38:51.664109", "frame": 76, "mu": [-0.8106792144217103, 3.4386196180281847, 1.5176403955620128], "Sigma": [[0.014363877605458332, 0.0014181579300357233, -0.012227708277878831], [0.0014181579300357235, 0.0044228454047156645, -0.009238172509235108], [-0.012227708277878831, -0.009238172509235108, 0.03112376103298703]], "chi2_level": 0.95, "chi2_df": 3, "chi2_threshold": 7.814727903251179, "N_raw": 57, "N_roi": 57, "N_inlier": 52, "refit": true}
{"timestamp": "18:38:51.723670", "frame": 77, "mu": [-0.783370601560699, 3.507409750967444, 0.3948548088098436], "Sigma": [[0.020038583597106807, 0.008506683146771162, -0.0222173046620866], [0.008506683146771162, 0.014375722633987677, -0.016995752241040975], [-0.0222173046620866, -0.016995752241040975, 0.03265134866434666]], "chi2_level": 0.95, "chi2_df": 3, "chi2_threshold": 7.814727903251179, "N_raw": 81, "N_roi": 81, "N_inlier": 76, "refit": true}
{"timestamp": "18:38:51.775351", "frame": 78, "mu": [-0.808923739116168, 3.5799390494483565, 1.5195407493947297], "Sigma": [[0.01669759485458394, 0.0012595136278071468, -0.014413700973839235], [0.0012595136278071473, 0.008095593602154, -0.017317243197571764], [-0.014413700973839235, -0.01731724319757176, 0.08078253775416648]], "chi2_level": 0.95, "chi2_df": 3, "chi2_threshold": 7.814727903251179, "N_raw": 65, "N_roi": 65, "N_inlier": 62, "refit": true}
{"timestamp": "18:38:51.829247", "frame": 79, "mu": [-0.8247208179239375, 3.6312464105981315, 1.5246022467665319], "Sigma": [[0.01872023875681456, 0.001781849571061853, -0.02120969559944589], [0.001781849571061853, 0.004206328415158304, -0.007028062133136917], [-0.02120969559944589, -0.007028062133136917, 0.033440505851255686]], "chi2_level": 0.95, "chi2_df": 3, "chi2_threshold": 7.814727903251179, "N_raw": 58, "N_roi": 58, "N_inlier": 54, "refit": true}
{"timestamp": "18:38:51.885954", "frame": 80, "mu": [-0.743260867278874, 3.730221112506235, 0.9184544981751315], "Sigma": [[0.013034626187628006, -0.0008335444945357139, -0.013672600162831037], [-0.0008335444945357138, 0.0008721087903819847, -0.0006410099263735451], [-0.013672600162831039, -0.0006410099263735451, 0.06587979395450193]], "chi2_level": 0.95, "chi2_df": 3, "chi2_threshold": 7.814727903251179, "N_raw": 39, "N_roi": 39, "N_inlier": 37, "refit": true}
{"timestamp": "18:38:51.938095", "frame": 81, "mu": [-0.8093476969201862, 3.772909604504538, 1.4595062935214564], "Sigma": [[0.015149359771222127, 0.001998644299370039, -0.026152202836868102], [0.001998644299370039, 0.002914920237237931, -0.01140046219214465], [-0.026152202836868102, -0.01140046219214465, 0.11481815273604526]], "chi2_level": 0.95, "chi2_df": 3, "chi2_threshold": 7.814727903251179, "N_raw": 52, "N_roi": 52, "N_inlier": 52, "refit": true}
{"timestamp": "18:38:51.994689", "frame": 82, "mu": [-0.8052375303423036, 3.8510981282975605, 1.572158203863298], "Sigma": [[0.019290254815429335, 0.0004210339478390282, -0.016302645413484345], [0.0004210339478390282, 0.0036290585784040643, -0.005566523755177287], [-0.016302645413484345, -0.005566523755177287, 0.0318812266510194]], "chi2_level": 0.95, "chi2_df": 3, "chi2_threshold": 7.814727903251179, "N_raw": 56, "N_roi": 54, "N_inlier": 51, "refit": true}
{"timestamp": "18:38:52.049248", "frame": 83, "mu": [-0.8564548817965987, 3.8943567409243416, 1.6727354740578584], "Sigma": [[0.015933010715830975, 0.002758413959925538, -0.008715727987368457], [0.002758413959925538, 0.005210458425771479, -0.0029778224641627566], [-0.008715727987368457, -0.0029778224641627557, 0.007174049404666101]], "chi2_level": 0.95, "chi2_df": 3, "chi2_threshold": 7.814727903251179, "N_raw": 53, "N_roi": 48, "N_inlier": 46, "refit": true}
{"timestamp": "18:38:52.104659", "frame": 84, "mu": [-0.8661837745482499, 3.9950395393307607, 1.7016393714127234], "Sigma": [[0.018381154653520866, 0.0024603677333455316, -0.01056183240420195], [0.002460367733345532, 0.00709252077700018, -0.008237096613963525], [-0.01056183240420195, -0.008237096613963527, 0.02004871817737833]], "chi2_level": 0.95, "chi2_df": 3, "chi2_threshold": 7.814727903251179, "N_raw": 60, "N_roi": 60, "N_inlier": 59, "refit": true}
{"timestamp": "18:38:52.160053", "frame": 85, "mu": [-0.9183671952428102, 4.057609938244586, 1.6715323947493033], "Sigma": [[0.021062545269999143, 0.003716021899548989, -0.01180160881611894], [0.0037160218995489895, 0.007283083012956528, -0.006857735782233961], [-0.011801608816118941, -0.006857735782233961, 0.0123603064436509]], "chi2_level": 0.95, "chi2_df": 3, "chi2_threshold": 7.814727903251179, "N_raw": 64, "N_roi": 64, "N_inlier": 60, "refit": true}
{"timestamp": "18:38:52.217769", "frame": 86, "mu": [-0.9086965953444577, 4.1144905361741, 1.645210993743756], "Sigma": [[0.024901367895646866, 0.0033877840333669104, -0.010674989313948512], [0.0033877840333669113, 0.007615142652485737, -0.004824551662761345], [-0.010674989313948512, -0.004824551662761344, 0.00807599523688579]], "chi2_level": 0.95, "chi2_df": 3, "chi2_threshold": 7.814727903251179, "N_raw": 73, "N_roi": 73, "N_inlier": 67, "refit": true}
{"timestamp": "18:38:52.265531", "frame": 87, "mu": [-0.9289349423524341, 4.159926481310707, 1.4890367761702454], "Sigma": [[0.011703808541224521, 0.0019630934090465344, -0.006716635493636495], [0.0019630934090465344, 0.002241004496807145, -0.004860727841401449], [-0.006716635493636495, -0.004860727841401447, 0.01332860708006431]], "chi2_level": 0.95, "chi2_df": 3, "chi2_threshold": 7.814727903251179, "N_raw": 32, "N_roi": 32, "N_inlier": 28, "refit": true}
{"timestamp": "18:38:52.323398", "frame": 88, "mu": [-0.8646259721036889, 4.299135667838751, 1.2529426898560407], "Sigma": [[0.024015847823017054, -0.004982870230978905, 0.012913278783614035], [-0.004982870230978905, 0.009741435718656018, -0.02289607664746326], [0.012913278783614037, -0.022896076647463258, 0.06862997807963564]], "chi2_level": 0.95, "chi2_df": 3, "chi2_threshold": 7.814727903251179, "N_raw": 50, "N_roi": 50, "N_inlier": 48, "refit": true}
{"timestamp": "18:38:52.379413", "frame": 89, "mu": [-0.8666152525125637, 4.312302948010767, 1.3734425933680856], "Sigma": [[0.02350646367972741, 0.0028791592976081344, 0.0012667632201403803], [0.0028791592976081344, 0.0037655639024820726, -0.006773282132990699], [0.0012667632201403805, -0.006773282132990699, 0.01797507564334558]], "chi2_level": 0.95, "chi2_df": 3, "chi2_threshold": 7.814727903251179, "N_raw": 54, "N_roi": 53, "N_inlier": 48, "refit": true}
{"timestamp": "18:38:52.434345", "frame": 90, "mu": [-0.8843965727688353, 4.381727639240459, 1.4236673228377765], "Sigma": [[0.028940526573339072, 0.003936254248199404, -0.009852640202237748], [0.003936254248199404, 0.0036874771830124626, -0.006990919555514841], [-0.00985264020223775, -0.006990919555514841, 0.020336614784652263]], "chi2_level": 0.95, "chi2_df": 3, "chi2_threshold": 7.814727903251179, "N_raw": 58, "N_roi": 56, "N_inlier": 54, "refit": true}
{"timestamp": "18:38:52.575840", "frame": 91, "mu": [-0.8369581700070543, 4.459807920720394, 0.5486643683237968], "Sigma": [[0.01956286019699061, -0.0010127310380127195, 0.008674171326542945], [-0.0010127310380127195, 0.007686794444697992, -0.019008482095669993], [0.008674171326542943, -0.019008482095669993, 0.05503383738255088]], "chi2_level": 0.95, "chi2_df": 3, "chi2_threshold": 7.814727903251179, "N_raw": 43, "N_roi": 41, "N_inlier": 40, "refit": true}
{"timestamp": "18:38:52.599067", "frame": 92, "mu": [-0.8833880916497594, 4.509511299016724, 1.4086167971366648], "Sigma": [[0.016605512894062462, 0.0008463596436402967, 0.005731003496953725], [0.000846359643640297, 0.001724915541054834, -0.004038457465236244], [0.005731003496953725, -0.004038457465236244, 0.017334907535635338]], "chi2_level": 0.95, "chi2_df": 3, "chi2_threshold": 7.814727903251179, "N_raw": 33, "N_roi": 29, "N_inlier": 27, "refit": true}
{"timestamp": "18:38:52.632744", "frame": 93, "mu": [-0.8805686291824597, 4.568524214929872, 1.6265394615561322], "Sigma": [[0.027652462133091922, 0.0017957858413463995, -0.007388333381788459], [0.0017957858413463993, 0.006188509501519139, -0.004588867718004598], [-0.00738833338178846, -0.004588867718004598, 0.008395357795409382]], "chi2_level": 0.95, "chi2_df": 3, "chi2_threshold": 7.814727903251179, "N_raw": 68, "N_roi": 63, "N_inlier": 60, "refit": true}
{"timestamp": "18:38:52.663237", "frame": 94, "mu": [-0.9110509839748845, 4.616448039143835, 1.5406534072775693], "Sigma": [[0.03077226811672129, 0.0045196770536314965, -0.009881749331589411], [0.004519677053631498, 0.006637459238063967, -0.00884888519873014], [-0.009881749331589411, -0.00884888519873014, 0.016910498632774742]], "chi2_level": 0.95, "chi2_df": 3, "chi2_threshold": 7.814727903251179, "N_raw": 70, "N_roi": 68, "N_inlier": 66, "refit": true}
{"timestamp": "18:38:52.706199", "frame": 95, "mu": [-0.9142194596042736, 4.651829459857268, 1.6577583085446401], "Sigma": [[0.021504777295180435, 0.0035540432533973246, -0.013164926849925953], [0.0035540432533973246, 0.0035758428832817343, -0.005932222279030916], [-0.013164926849925953, -0.005932222279030916, 0.01648056230222868]], "chi2_level": 0.95, "chi2_df": 3, "chi2_threshold": 7.814727903251179, "N_raw": 40, "N_roi": 40, "N_inlier": 37, "refit": true}
{"timestamp": "18:38:52.764535", "frame": 96, "mu": [-0.8797145492070598, 4.71531209501908, 0.2678016469124992], "Sigma": [[0.03273241018124197, 0.0049567674878113355, 0.07387487511662749], [0.0049567674878113355, 0.006549270061568084, 0.006872608462337482], [0.07387487511662749, 0.006872608462337481, 0.2873857377270243]], "chi2_level": 0.95, "chi2_df": 3, "chi2_threshold": 7.814727903251179, "N_raw": 60, "N_roi": 57, "N_inlier": 56, "refit": true}
{"timestamp": "18:38:52.814212", "frame": 97, "mu": [-0.7694681502010191, 4.790053864264608, 1.3115978356724254], "Sigma": [[0.011551938246093909, 0.0009179951657914016, -0.004890406602902361], [0.0009179951657914017, 0.001436636625587418, -0.0023560079736181933], [-0.004890406602902362, -0.0023560079736181937, 0.007819723905034012]], "chi2_level": 0.95, "chi2_df": 3, "chi2_threshold": 7.814727903251179, "N_raw": 20, "N_roi": 19, "N_inlier": 17, "refit": true}
{"timestamp": "18:38:52.872639", "frame": 98, "mu": [-0.7885418478379232, 4.819316767119799, 1.3773084167837317], "Sigma": [[0.03194679295007958, 0.003270924264148778, -0.014017009476157043], [0.003270924264148779, 0.002843613035278294, -0.002875085254298501], [-0.014017009476157041, -0.002875085254298501, 0.008357028409478103]], "chi2_level": 0.95, "chi2_df": 3, "chi2_threshold": 7.814727903251179, "N_raw": 44, "N_roi": 40, "N_inlier": 38, "refit": true}
{"timestamp": "18:38:52.926457", "frame": 99, "mu": [-0.8389005366287096, 4.846744854437602, 1.6043511454096597], "Sigma": [[0.02878142095105733, 0.0030395991177770867, -0.016631334442994052], [0.0030395991177770863, 0.003779145712732926, -0.004327471234991177], [-0.016631334442994052, -0.004327471234991177, 0.014732094627550119]], "chi2_level": 0.95, "chi2_df": 3, "chi2_threshold": 7.814727903251179, "N_raw": 46, "N_roi": 43, "N_inlier": 43, "refit": true}
{"timestamp": "18:38:53.088737", "frame": 100, "mu": [-0.8269984902343969, 4.840567455397925, 0.8459875002766255], "Sigma": [[0.014580331360488868, 0.0025760817895387573, -0.007885503356384178], [0.0025760817895387573, 0.0033749127305831243, -0.0036093836755930093], [-0.007885503356384178, -0.003609383675593009, 0.0072698068559581466]], "chi2_level": 0.95, "chi2_df": 3, "chi2_threshold": 7.814727903251179, "N_raw": 35, "N_roi": 23, "N_inlier": 22, "refit": true}
