{"timestamp": "18:43:49.351239", "frame": 2, "mu": [-2.4545416724672107, 3.6431034839132335, 0.0649889174903707], "Sigma": [[0.0012276656712239627, 3.8356367305939756e-05, 0.0002758502631504372], [3.83563673059397e-05, 0.005739454438324683, -0.004672811883944589], [0.0002758502631504373, -0.004672811883944588, 0.0054557763065947095]], "chi2_level": 0.99, "chi2_df": 3, "chi2_threshold": 11.344866730144373, "N_raw": 62, "N_roi": 11, "N_inlier": 10, "refit": true}
{"timestamp": "18:43:49.792952", "frame": 10, "mu": [-2.4267299542324237, 3.521874401130373, 1.2021957419612512], "Sigma": [[0.00344020816307293, 0.001686159507356198, 0.0037621382990091923], [0.001686159507356198, 0.003194199576721836, -0.004210185606411062], [0.0037621382990091923, -0.004210185606411062, 0.022945173127890888]], "chi2_level": 0.99, "chi2_df": 3, "chi2_threshold": 11.344866730144373, "N_raw": 68, "N_roi": 14, "N_inlier": 14, "refit": true}
{"timestamp": "18:43:50.008048", "frame": 14, "mu": [-2.4271897191515803, 3.353996703137068, 1.2050110523357414], "Sigma": [[0.003312535284506834, 0.002033089968532904, -0.0013775372864785454], [0.002033089968532904, 0.005208671434859194, -0.0032269654511990283], [-0.0013775372864785454, -0.0032269654511990283, 0.003551243216244972]], "chi2_level": 0.99, "chi2_df": 3, "chi2_threshold": 11.344866730144373, "N_raw": 37, "N_roi": 14, "N_inlier": 13, "refit": true}
{"timestamp": "18:43:50.061084", "frame": 15, "mu": [-2.393793237972014, 3.2920892586462682, 1.285800498511948], "Sigma": [[0.0049064847676495256, 0.0032824096326511273, -0.003823008342358822], [0.0032824096326511264, 0.0047111854282168965, -0.002169608215118837], [-0.003823008342358822, -0.002169608215118837, 0.004362628258073511]], "chi2_level": 0.99, "chi2_df": 3, "chi2_threshold": 11.344866730144373, "N_raw": 28, "N_roi": 14, "N_inlier": 13, "refit": true}
{"timestamp": "18:43:50.118781", "frame": 16, "mu": [-2.3495068318266186, 3.2601783047996697, 1.2020750536268097], "Sigma": [[0.007996199450280869, 0.0028034455430573026, -0.00469422301240279], [0.0028034455430573026, 0.004585804457858168, -0.0030021556533610656], [-0.004694223012402791, -0.0030021556533610656, 0.004554877836206621]], "chi2_level": 0.99, "chi2_df": 3, "chi2_threshold": 11.344866730144373, "N_raw": 42, "N_roi": 23, "N_inlier": 23, "refit": true}
{"timestamp": "18:43:50.175868", "frame": 17, "mu": [-2.2825985561274647, 3.2756838123403536, 0.9271845565869447], "Sigma": [[0.014737275321283966, 0.01151432793777836, -0.02402108204873423], [0.011514327937778361, 0.013534713965912082, -0.027771730446672194], [-0.02402108204873423, -0.027771730446672194, 0.07016415390070407]], "chi2_level": 0.99, "chi2_df": 3, "chi2_threshold": 11.344866730144373, "N_raw": 46, "N_roi": 31, "N_inlier": 31, "refit": true}
{"timestamp": "18:43:50.234601", "frame": 18, "mu": [-2.2832948606791406, 3.2070037354966967, 1.0700985869583415], "Sigma": [[0.013916609747558319, 0.007458228514995085, -0.006125383370614066], [0.007458228514995085, 0.008175055197008238, -0.006862196207434984], [-0.006125383370614066, -0.006862196207434984, 0.009047186645745636]], "chi2_level": 0.99, "chi2_df": 3, "chi2_threshold": 11.344866730144373, "N_raw": 63, "N_roi": 35, "N_inlier": 33, "refit": true}
{"timestamp": "18:43:50.284602", "frame": 19, "mu": [-2.2524802682295455, 3.180717844872248, -0.7723590829281467], "Sigma": [[0.011401591825861894, 0.009943497677498492, 0.013550360950400582], [0.009943497677498492, 0.017864452988348715, 0.025354146276963314], [0.013550360950400582, 0.025354146276963314, 0.07600408577718985]], "chi2_level": 0.99, "chi2_df": 3, "chi2_threshold": 11.344866730144373, "N_raw": 31, "N_roi": 31, "N_inlier": 30, "refit": true}
{"timestamp": "18:43:50.447002", "frame": 22, "mu": [-2.096845686480343, 3.0823378838176723, 1.1581389947948668], "Sigma": [[0.007467617709951385, 0.00467346280463179, -0.004547025452652002], [0.00467346280463179, 0.005563676551529895, -0.005492263046642718], [-0.004547025452652002, -0.005492263046642718, 0.00708562187228257]], "chi2_level": 0.99, "chi2_df": 3, "chi2_threshold": 11.344866730144373, "N_raw": 17, "N_roi": 17, "N_inlier": 17, "refit": true}
{"timestamp": "18:43:50.505757", "frame": 23, "mu": [-2.0209790900490487, 3.113469383831295, 1.1559458570271535], "Sigma": [[0.010877249210553466, 0.005319668009133893, -0.004533995813752804], [0.005319668009133893, 0.004929266712171876, -0.008622426025071303], [-0.004533995813752804, -0.008622426025071302, 0.02319573312408285]], "chi2_level": 0.99, "chi2_df": 3, "chi2_threshold": 11.344866730144373, "N_raw": 38, "N_roi": 38, "N_inlier": 36, "refit": true}
{"timestamp": "18:43:50.559133", "frame": 24, "mu": [-1.8803251550463256, 3.096033748682643, 0.9829969205995358], "Sigma": [[0.009688579025688792, 0.006369866338088101, -0.01482334022817159], [0.006369866338088101, 0.0072320645323011344, -0.012621838819224088], [-0.01482334022817159, -0.012621838819224088, 0.04007067429597444]], "chi2_level": 0.99, "chi2_df": 3, "chi2_threshold": 11.344866730144373, "N_raw": 23, "N_roi": 21, "N_inlier": 19, "refit": true}
{"timestamp": "18:43:50.611241", "frame": 25, "mu": [-1.7992755562248601, 3.083979106153556, 1.0698824328977063], "Sigma": [[0.00759953056045763, 0.004009471000680965, -0.014760758275240872], [0.004009471000680965, 0.0028914467093515534, -0.010216769580219845], [-0.014760758275240872, -0.010216769580219845, 0.040602415236276994]], "chi2_level": 0.99, "chi2_df": 3, "chi2_threshold": 11.344866730144373, "N_raw": 12, "N_roi": 12, "N_inlier": 11, "refit": true}
{"timestamp": "18:43:50.670045", "frame": 26, "mu": [-1.776632888417321, 3.0531096206474992, 1.0352316992841695], "Sigma": [[0.015462937298669455, 0.0030125950841910797, -0.013166918007653104], [0.0030125950841910793, 0.0016676715248381765, -0.00589048564768392], [-0.013166918007653104, -0.00589048564768392, 0.02562677597546681]], "chi2_level": 0.99, "chi2_df": 3, "chi2_threshold": 11.344866730144373, "N_raw": 37, "N_roi": 37, "N_inlier": 36, "refit": true}
{"timestamp": "18:43:50.727483", "frame": 27, "mu": [-1.640240106312101, 2.9893785851908383, 0.9072195018384163], "Sigma": [[0.013500107038265806, 0.0024879331671284416, -0.02602638351773982], [0.0024879331671284416, 0.0009607297370667762, -0.006553940823228179], [-0.02602638351773982, -0.006553940823228179, 0.11579143786542948]], "chi2_level": 0.99, "chi2_df": 3, "chi2_threshold": 11.344866730144373, "N_raw": 51, "N_roi": 51, "N_inlier": 51, "refit": true}
{"timestamp": "18:43:50.782285", "frame": 28, "mu": [-1.5620172077386794, 3.0103724389156095, 0.7143369253653609], "Sigma": [[0.016900346943009383, 0.004354074242993191, -0.006736467153658902], [0.004354074242993191, 0.005053143145666782, -0.004507006485404482], [-0.006736467153658902, -0.004507006485404482, 0.006936958741385168]], "chi2_level": 0.99, "chi2_df": 3, "chi2_threshold": 11.344866730144373, "N_raw": 52, "N_roi": 49, "N_inlier": 48, "refit": true}
{"timestamp": "18:43:50.837460", "frame": 29, "mu": [-1.5020288874398589, 2.9314240871716892, 0.9884116933874566], "Sigma": [[0.011651278391738825, 0.006133665231666642, -0.01388466375047463], [0.006133665231666643, 0.005493650316504736, -0.012806226681859469], [-0.01388466375047463, -0.012806226681859469, 0.04401634531262814]], "chi2_level": 0.99, "chi2_df": 3, "chi2_threshold": 11.344866730144373, "N_raw": 42, "N_roi": 42, "N_inlier": 42, "refit": true}
{"timestamp": "18:43:50.890304", "frame": 30, "mu": [-1.4406215943629344, 2.867671110420408, 0.7419925890951233], "Sigma": [[0.011088248435230754, 0.0016447922841981, -0.004892987220951259], [0.0016447922841981001, 0.006095615627704998, 0.0001734022286650305], [-0.004892987220951259, 0.00017340222866503072, 0.0034702401438519897]], "chi2_level": 0.99, "chi2_df": 3, "chi2_threshold": 11.344866730144373, "N_raw": 38, "N_roi": 38, "N_inlier": 36, "refit": true}
{"timestamp": "18:43:50.947769", "frame": 31, "mu": [-1.445555567960352, 3.0299603824829955, -0.2699119478814008], "Sigma": [[0.022052402467315553, 0.023220778668905123, -0.03209707284814847], [0.023220778668905123, 0.032775513757677996, -0.04653715419680293], [-0.03209707284814847, -0.04653715419680293, 0.06733359468567458]], "chi2_level": 0.99, "chi2_df": 3, "chi2_threshold": 11.344866730144373, "N_raw": 50, "N_roi": 48, "N_inlier": 47, "refit": true}
{"timestamp": "18:43:51.009059", "frame": 32, "mu": [-1.3288780597762178, 2.876049171221439, 0.971851079405865], "Sigma": [[0.02062550399335839, 0.010573152125920927, -0.02094159919866306], [0.010573152125920929, 0.011877107110555412, -0.021001025445052095], [-0.020941599198663056, -0.021001025445052095, 0.04597842643362686]], "chi2_level": 0.99, "chi2_df": 3, "chi2_threshold": 11.344866730144373, "N_raw": 93, "N_roi": 93, "N_inlier": 91, "refit": true}
{"timestamp": "18:43:51.065595", "frame": 33, "mu": [-1.2941307450265505, 2.9643646940487685, -0.3150910301389164], "Sigma": [[0.020922376832800245, 0.013459535022741224, -0.02372621786202289], [0.013459535022741225, 0.025301404671701985, -0.019273216864483248], [-0.02372621786202289, -0.019273216864483248, 0.03889322869690705]], "chi2_level": 0.99, "chi2_df": 3, "chi2_threshold": 11.344866730144373, "N_raw": 99, "N_roi": 99, "N_inlier": 97, "refit": true}
{"timestamp": "18:43:51.114223", "frame": 34, "mu": [-1.2181804857274448, 2.8210081765154404, -0.634415987258968], "Sigma": [[0.02058804034392661, 0.02464845293513819, 0.0003172231883923586], [0.02464845293513819, 0.04297644050755331, 0.00584884507989095], [0.00031722318839235797, 0.00584884507989095, 0.030158873339866683]], "chi2_level": 0.99, "chi2_df": 3, "chi2_threshold": 11.344866730144373, "N_raw": 56, "N_roi": 56, "N_inlier": 54, "refit": true}
{"timestamp": "18:43:51.170992", "frame": 35, "mu": [-1.1918164166954068, 2.800763414329004, -0.4124934888648727], "Sigma": [[0.022008523704644727, 0.014341985037466693, -0.03421791147668684], [0.014341985037466693, 0.02321186775187175, -0.02301865175672313], [-0.03421791147668684, -0.02301865175672313, 0.0583413655498391]], "chi2_level": 0.99, "chi2_df": 3, "chi2_threshold": 11.344866730144373, "N_raw": 72, "N_roi": 72, "N_inlier": 71, "refit": true}
{"timestamp": "18:43:51.228274", "frame": 36, "mu": [-1.0817276122654975, 2.589447068277923, 0.7937823764711315], "Sigma": [[0.0216358175526513, 0.007391746436590522, -0.03518061304102155], [0.007391746436590522, 0.013097653421554216, -0.019051559419024464], [-0.03518061304102155, -0.019051559419024464, 0.06924504943085735]], "chi2_level": 0.99, "chi2_df": 3, "chi2_threshold": 11.344866730144373, "N_raw": 84, "N_roi": 84, "N_inlier": 83, "refit": true}
{"timestamp": "18:43:51.275718", "frame": 37, "mu": [-1.011572614911215, 2.393616575698336, 0.8771397116473391], "Sigma": [[0.013385879426297846, -0.008880665833823534, -0.023033772373572747], [-0.008880665833823534, 0.0080686820566055, 0.01522308198092922], [-0.023033772373572747, 0.01522308198092922, 0.044290415863685116]], "chi2_level": 0.99, "chi2_df": 3, "chi2_threshold": 11.344866730144373, "N_raw": 40, "N_roi": 40, "N_inlier": 37, "refit": true}
{"timestamp": "18:43:51.335549", "frame": 38, "mu": [-1.006288874624058, 2.442749042836623, 1.0018201277860288], "Sigma": [[0.016823818191196736, -0.007297179423155917, -0.02217391063742648], [-0.007297179423155917, 0.010294851579515039, 0.00853477873902902], [-0.02217391063742648, 0.008534778739029022, 0.032029441652900045]], "chi2_level": 0.99, "chi2_df": 3, "chi2_threshold": 11.344866730144373, "N_raw": 68, "N_roi": 67, "N_inlier": 64, "refit": true}
{"timestamp": "18:43:51.393814", "frame": 39, "mu": [-0.8699657106299481, 2.461568697967752, 0.9243899822132328], "Sigma": [[0.017416160650944514, 0.0024339207999305194, -0.02298240131124691], [0.00243392079993052, 0.008287599420205214, -0.010134403538549918], [-0.02298240131124691, -0.010134403538549918, 0.043194554658496045]], "chi2_level": 0.99, "chi2_df": 3, "chi2_threshold": 11.344866730144373, "N_raw": 94, "N_roi": 94, "N_inlier": 91, "refit": true}
{"timestamp": "18:43:51.447694", "frame": 40, "mu": [-0.8063457009894883, 2.3774045163990465, 0.931396974122894], "Sigma": [[0.014252364490529286, -0.002465640999571076, -0.011095520827136787], [-0.002465640999571076, 0.00731681673422572, -0.0011505032932589796], [-0.011095520827136784, -0.0011505032932589794, 0.011431890258058922]], "chi2_level": 0.99, "chi2_df": 3, "chi2_threshold": 11.344866730144373, "N_raw": 79, "N_roi": 78, "N_inlier": 73, "refit": true}
{"timestamp": "18:43:51.501127", "frame": 41, "mu": [-0.8280004548716078, 2.3961443003344236, 1.0656148969308874], "Sigma": [[0.011992428160279353, 0.002812370007315891, -0.002853605049811857], [0.0028123700073158916, 0.002634988473475047, -0.005067893521060763], [-0.0028536050498118564, -0.005067893521060763, 0.023828312339394288]], "chi2_level": 0.99, "chi2_df": 3, "chi2_threshold": 11.344866730144373, "N_raw": 69, "N_roi": 69, "N_inlier": 65, "refit": true}
{"timestamp": "18:43:51.556240", "frame": 42, "mu": [-0.8394030561561847, 2.309187177251796, 1.040203780773119], "Sigma": [[0.013918742455171395, 0.0024791065132130762, -0.0010500528453393804], [0.0024791065132130762, 0.0034418014037547445, -0.004335647816099937], [-0.0010500528453393804, -0.004335647816099937, 0.009066383078124586]], "chi2_level": 0.99, "chi2_df": 3, "chi2_threshold": 11.344866730144373, "N_raw": 70, "N_roi": 70, "N_inlier": 67, "refit": true}
{"timestamp": "18:43:51.612965", "frame": 43, "mu": [-0.7422121643151254, 2.29795318901263, 1.022596256055521], "Sigma": [[0.010767850185323209, 0.0010199457568338148, -0.005626116984838119], [0.0010199457568338148, 0.0018698930428420462, 0.0021012481123085396], [-0.005626116984838118, 0.0021012481123085396, 0.08605731452324754]], "chi2_level": 0.99, "chi2_df": 3, "chi2_threshold": 11.344866730144373, "N_raw": 83, "N_roi": 82, "N_inlier": 76, "refit": true}
{"timestamp": "18:43:51.667666", "frame": 44, "mu": [-0.6114626857780803, 2.289010183892335, 1.1361597442919125], "Sigma": [[0.011294649161589461, -9.247647278600501e-05, -0.0014754745251103962], [-9.247647278600512e-05, 0.001246289375769057, 0.0004961372671272313], [-0.001475474525110396, 0.0004961372671272312, 0.05445635591206982]], "chi2_level": 0.99, "chi2_df": 3, "chi2_threshold": 11.344866730144373, "N_raw": 76, "N_roi": 76, "N_inlier": 71, "refit": true}
{"timestamp": "18:43:51.717024", "frame": 45, "mu": [-0.45852917335876897, 2.2526348398784894, 0.8094487407603693], "Sigma": [[0.030933764347445082, 0.008710590588221906, 0.0033021358390900716], [0.008710590588221906, 0.00865070127737921, -0.01693648335160357], [0.003302135839090071, -0.01693648335160357, 0.08102911977825639]], "chi2_level": 0.99, "chi2_df": 3, "chi2_threshold": 11.344866730144373, "N_raw": 39, "N_roi": 37, "N_inlier": 36, "refit": true}
{"timestamp": "18:43:51.776721", "frame": 46, "mu": [-0.48001971979789765, 2.1789027405684886, 1.1325225993592776], "Sigma": [[0.01178463702394308, 0.002874845406609327, 0.008763441230120768], [0.0028748454066093274, 0.0025966526953344563, 0.007985178919773891], [0.008763441230120768, 0.007985178919773891, 0.06869598687776268]], "chi2_level": 0.99, "chi2_df": 3, "chi2_threshold": 11.344866730144373, "N_raw": 67, "N_roi": 66, "N_inlier": 63, "refit": true}
{"timestamp": "18:43:51.829861", "frame": 47, "mu": [-0.4479137891015632, 2.138255263430066, 1.2522263267382037], "Sigma": [[0.009836496170486134, 0.004023435417982821, 0.009790474046820916], [0.004023435417982821, 0.003694676878369927, 0.0018919194427915078], [0.009790474046820916, 0.0018919194427915083, 0.02513889482603087]], "chi2_level": 0.99, "chi2_df": 3, "chi2_threshold": 11.344866730144373, "N_raw": 59, "N_roi": 57, "N_inlier": 52, "refit": true}
{"timestamp": "18:43:51.888657", "frame": 48, "mu": [-0.3408053283190476, 2.098429359887257, 1.1195443711592972], "Sigma": [[0.015514965200798906, 0.0032758056809447074, -0.004044277464189364], [0.0032758056809447074, 0.006607796683249352, -0.013960036092143703], [-0.004044277464189362, -0.013960036092143703, 0.10234506943227399]], "chi2_level": 0.99, "chi2_df": 3, "chi2_threshold": 11.344866730144373, "N_raw": 80, "N_roi": 77, "N_inlier": 75, "refit": true}
{"timestamp": "18:43:51.943011", "frame": 49, "mu": [-0.32213433367445093, 2.026116941409886, 1.024264778701852], "Sigma": [[0.011104760406299477, 0.0017677743092243173, 0.009290787299582501], [0.0017677743092243173, 0.002339158330580164, -0.0011596958053965508], [0.009290787299582501, -0.0011596958053965508, 0.02533698333991192]], "chi2_level": 0.99, "chi2_df": 3, "chi2_threshold": 11.344866730144373, "N_raw": 83, "N_roi": 77, "N_inlier": 71, "refit": true}
{"timestamp": "18:43:52.006115", "frame": 50, "mu": [-0.1806591592041128, 2.0771828472157177, 1.1422368435970731], "Sigma": [[0.0230600229871723, 0.012875258373689285, -0.013906160442211803], [0.012875258373689285, 0.013059001703183026, -0.014896380331620924], [-0.013906160442211803, -0.014896380331620924, 0.043721247242406155]], "chi2_level": 0.99, "chi2_df": 3, "chi2_threshold": 11.344866730144373, "N_raw": 142, "N_roi": 141, "N_inlier": 137, "refit": true}
{"timestamp": "18:43:52.057875", "frame": 51, "mu": [-0.2320466690475749, 1.9202264117284795, 1.1095151194957413], "Sigma": [[0.013721551663529953, 0.006767947278313338, 0.014890847159264623], [0.0067679472783133375, 0.005841315034160783, 0.002551749960846405], [0.014890847159264623, 0.0025517499608464053, 0.13058330301153248]], "chi2_level": 0.99, "chi2_df": 3, "chi2_threshold": 11.344866730144373, "N_raw": 110, "N_roi": 107, "N_inlier": 105, "refit": true}
{"timestamp": "18:43:52.118360", "frame": 52, "mu": [-0.19314425351737047, 1.8445913595903831, 1.023424412492052], "Sigma": [[0.013653240618436011, 0.011002994062743226, 0.014152188511042735], [0.011002994062743228, 0.015735357259489272, 0.025114908336219165], [0.014152188511042734, 0.025114908336219165, 0.19582806310769008]], "chi2_level": 0.99, "chi2_df": 3, "chi2_threshold": 11.344866730144373, "N_raw": 144, "N_roi": 141, "N_inlier": 140, "refit": true}
{"timestamp": "18:43:52.171100", "frame": 53, "mu": [-0.1562601423228367, 1.9657777038337698, -0.4269884079193758], "Sigma": [[0.010876725870116654, 0.003693817686311073, 0.023769730524298933], [0.0036938176863110734, 0.01867158952687618, -0.03546620772258374], [0.02376973052429893, -0.035466207722583735, 0.2743825252939687]], "chi2_level": 0.99, "chi2_df": 3, "chi2_threshold": 11.344866730144373, "N_raw": 120, "N_roi": 116, "N_inlier": 114, "refit": true}
{"timestamp": "18:43:52.219853", "frame": 54, "mu": [-0.09192965996777389, 1.7260472923981398, 1.1894092895716957], "Sigma": [[0.007917697773012008, 0.003514567831030363, 0.005779113394720054], [0.003514567831030363, 0.012810974558846335, 0.02970026885480036], [0.005779113394720054, 0.02970026885480036, 0.10461885035114171]], "chi2_level": 0.99, "chi2_df": 3, "chi2_threshold": 11.344866730144373, "N_raw": 90, "N_roi": 90, "N_inlier": 85, "refit": true}
{"timestamp": "18:43:52.276116", "frame": 55, "mu": [0.02117033067544808, 1.6255833929207875, 1.0427349019055985], "Sigma": [[0.011649105312342553, -0.007071330718708581, -0.02526993537895271], [-0.007071330718708581, 0.017669500541968988, 0.035631621271796726], [-0.02526993537895271, 0.035631621271796726, 0.1342695813586031]], "chi2_level": 0.99, "chi2_df": 3, "chi2_threshold": 11.344866730144373, "N_raw": 95, "N_roi": 93, "N_inlier": 89, "refit": true}
{"timestamp": "18:43:52.328790", "frame": 56, "mu": [-0.0017336995808790502, 1.7312857432887248, 1.3850699804228557], "Sigma": [[0.007950167856496939, -0.001727082169897823, -2.2798676992931855e-05], [-0.001727082169897823, 0.0044906670631106645, -0.0016239407942040531], [-2.279867699293229e-05, -0.001623940794204053, 0.0698725261030389]], "chi2_level": 0.99, "chi2_df": 3, "chi2_threshold": 11.344866730144373, "N_raw": 81, "N_roi": 76, "N_inlier": 70, "refit": true}
{"timestamp": "18:43:52.386822", "frame": 57, "mu": [0.17030543653197383, 1.6000511257809762, 0.983465773412106], "Sigma": [[0.010752548478710022, -0.0045568091656950725, -0.01715667130332635], [-0.0045568091656950725, 0.013074762157332465, 0.020975390290161315], [-0.01715667130332635, 0.020975390290161315, 0.27469495530499427]], "chi2_level": 0.99, "chi2_df": 3, "chi2_threshold": 11.344866730144373, "N_raw": 100, "N_roi": 97, "N_inlier": 96, "refit": true}
{"timestamp": "18:43:52.439940", "frame": 58, "mu": [0.21834201873540432, 1.6109070489112771, 1.2881643401683847], "Sigma": [[0.009899486980196288, -0.0022364860749232566, -0.004641581190242611], [-0.002236486074923257, 0.006635067982227809, 0.00810841816853742], [-0.00464158119024261, 0.00810841816853742, 0.033277398612416895]], "chi2_level": 0.99, "chi2_df": 3, "chi2_threshold": 11.344866730144373, "N_raw": 79, "N_roi": 79, "N_inlier": 76, "refit": true}
{"timestamp": "18:43:52.490391", "frame": 59, "mu": [0.2430485416971684, 1.5511862702516614, 0.6426206586205581], "Sigma": [[0.012699609519652386, -0.004195501911300665, 0.021766319148402612], [-0.004195501911300664, 0.006439279889669568, -0.012301119227726623], [0.021766319148402612, -0.012301119227726625, 0.40650558743948184]], "chi2_level": 0.99, "chi2_df": 3, "chi2_threshold": 11.344866730144373, "N_raw": 60, "N_roi": 60, "N_inlier": 60, "refit": true}
{"timestamp": "18:43:52.552258", "frame": 60, "mu": [0.2924080700384928, 1.5388100965694256, 1.0688415204330972], "Sigma": [[0.010725602568080068, 0.003055589795476888, 0.02919831181672742], [0.0030555897954768875, 0.005823928130261347, 0.02130781531077232], [0.02919831181672742, 0.02130781531077232, 0.35796190741408423]], "chi2_level": 0.99, "chi2_df": 3, "chi2_threshold": 11.344866730144373, "N_raw": 111, "N_roi": 109, "N_inlier": 109, "refit": true}
{"timestamp": "18:43:52.603577", "frame": 61, "mu": [0.351282942114577, 1.457051357122494, 1.0379215078957482], "Sigma": [[0.008989325030525958, -0.0030011591100730086, 0.003202184683265382], [-0.0030011591100730086, 0.007133522337589357, 0.019597852524723], [0.0032021846832653825, 0.019597852524723, 0.30806433782947307]], "chi2_level": 0.99, "chi2_df": 3, "chi2_threshold": 11.344866730144373, "N_raw": 83, "N_roi": 68, "N_inlier": 67, "refit": true}
{"timestamp": "18:43:52.655164", "frame": 62, "mu": [0.40344505821840787, 1.6082063536450877, -0.5123682753370795], "Sigma": [[0.0033764344875429177, -0.001308523094810701, 0.006546069000438318], [-0.0013085230948107005, 0.02180744687100193, -0.09085467859118708], [0.006546069000438318, -0.09085467859118708, 0.43838508669535636]], "chi2_level": 0.99, "chi2_df": 3, "chi2_threshold": 11.344866730144373, "N_raw": 60, "N_roi": 60, "N_inlier": 57, "refit": true}
{"timestamp": "18:43:52.708528", "frame": 63, "mu": [0.48409401005899694, 1.430795778572286, 1.4274501188746558], "Sigma": [[0.005143665484748088, 0.0009680573664337941, -0.0016666590764630382], [0.0009680573664337943, 0.0027509303488465653, 0.0007023308468084935], [-0.001666659076463038, 0.0007023308468084933, 0.10499366212971792]], "chi2_level": 0.99, "chi2_df": 3, "chi2_threshold": 11.344866730144373, "N_raw": 56, "N_roi": 56, "N_inlier": 52, "refit": true}
{"timestamp": "18:43:52.769511", "frame": 64, "mu": [0.538227998176236, 1.2854573841030206, 0.7135511489025432], "Sigma": [[0.004310032654812831, -0.002784840600816311, -0.015984930662001323], [-0.0027848406008163106, 0.013097924698152309, 0.0681911377152428], [-0.015984930662001323, 0.0681911377152428, 0.5758058671019914]], "chi2_level": 0.99, "chi2_df": 3, "chi2_threshold": 11.344866730144373, "N_raw": 72, "N_roi": 72, "N_inlier": 70, "refit": true}
{"timestamp": "18:43:52.823089", "frame": 65, "mu": [0.5077672356662203, 1.2714835860740268, 1.1552108486005763], "Sigma": [[0.012069159011475213, 0.0022931700372493284, 0.024955503901828675], [0.0022931700372493284, 0.0015582489778271458, 0.002820359578942608], [0.024955503901828675, 0.002820359578942608, 0.08687471875547925]], "chi2_level": 0.99, "chi2_df": 3, "chi2_threshold": 11.344866730144373, "N_raw": 86, "N_roi": 86, "N_inlier": 82, "refit": true}
{"timestamp": "18:43:52.875611", "frame": 66, "mu": [0.6008867914121402, 1.218946182798054, -0.8034155404519685], "Sigma": [[0.0049872456805716975, 0.0009975113212680284, -0.00165514732245953], [0.0009975113212680284, 0.004159707658661847, 0.017910745301041905], [-0.0016551473224595303, 0.017910745301041905, 0.13818269663048224]], "chi2_level": 0.99, "chi2_df": 3, "chi2_threshold": 11.344866730144373, "N_raw": 67, "N_roi": 67, "N_inlier": 63, "refit": true}
{"timestamp": "18:43:52.934723", "frame": 67, "mu": [0.6621135353225773, 1.1695525960796687, 1.2504272088191746], "Sigma": [[0.005014672000543362, 0.0004881245968469292, 0.0003568310432262859], [0.0004881245968469292, 0.003980589904070068, 0.009100717065768173], [0.00035683104322628643, 0.009100717065768173, 0.06612617978613643]], "chi2_level": 0.99, "chi2_df": 3, "chi2_threshold": 11.344866730144373, "N_raw": 98, "N_roi": 98, "N_inlier": 91, "refit": true}
{"timestamp": "18:43:52.983304", "frame": 68, "mu": [0.6927488412563068, 1.1729204875403858, 1.4397523999447894], "Sigma": [[0.00856417202215152, 0.0009767068373159726, -0.0009322362796044888], [0.0009767068373159723, 0.0020646879880567223, 0.005997329572233841], [-0.0009322362796044866, 0.005997329572233842, 0.06402046023155158]], "chi2_level": 0.99, "chi2_df": 3, "chi2_threshold": 11.344866730144373, "N_raw": 45, "N_roi": 45, "N_inlier": 40, "refit": true}
{"timestamp": "18:43:53.039672", "frame": 69, "mu": [0.7087942249468311, 1.0648650962513624, 1.3151686636045057], "Sigma": [[0.004025229720782274, -0.00012071294168809094, -0.000592742915574925], [-0.00012071294168809097, 0.00418715081003942, 0.003578180638764388], [-0.0005927429155749247, 0.003578180638764388, 0.027306890630341203]], "chi2_level": 0.99, "chi2_df": 3, "chi2_threshold": 11.344866730144373, "N_raw": 64, "N_roi": 64, "N_inlier": 60, "refit": true}
{"timestamp": "18:43:53.091389", "frame": 70, "mu": [0.742855942815736, 1.0058855668454296, 1.371485151657114], "Sigma": [[0.0038137239189494593, 0.0013156365509169425, 0.002813579338382542], [0.001315636550916943, 0.0016315246094003768, 0.0015451150652392052], [0.0028135793383825417, 0.0015451150652392052, 0.009700929536559494]], "chi2_level": 0.99, "chi2_df": 3, "chi2_threshold": 11.344866730144373, "N_raw": 40, "N_roi": 40, "N_inlier": 34, "refit": true}
{"timestamp": "18:43:53.148019", "frame": 71, "mu": [0.7769346954124932, 0.9828552391602756, 1.2879900094607193], "Sigma": [[0.00336843361253946, 0.004587110612339075, 0.009406917261893404], [0.004587110612339075, 0.01619784263057642, 0.03686545777559761], [0.009406917261893404, 0.03686545777559761, 0.11432392319286895]], "chi2_level": 0.99, "chi2_df": 3, "chi2_threshold": 11.344866730144373, "N_raw": 53, "N_roi": 53, "N_inlier": 53, "refit": true}
{"timestamp": "18:43:53.201207", "frame": 72, "mu": [0.8294088615406805, 0.9838076367493828, 0.8907299278458873], "Sigma": [[0.00800531167269263, 0.005194039053591179, -0.04769709275453703], [0.005194039053591178, 0.008833431030747413, -0.048770802278033806], [-0.04769709275453703, -0.048770802278033806, 0.3811206819797352]], "chi2_level": 0.99, "chi2_df": 3, "chi2_threshold": 11.344866730144373, "N_raw": 35, "N_roi": 35, "N_inlier": 34, "refit": true}
{"timestamp": "18:43:53.259190", "frame": 73, "mu": [0.8666415824985513, 0.9930874488217213, 1.4367542745449042], "Sigma": [[0.0036310223308454667, 9.333757155485399e-05, 6.264088621162832e-05], [9.333757155485399e-05, 0.006098347847033771, 0.003811780964333597], [6.264088621162799e-05, 0.0038117809643335963, 0.040219347607177526]], "chi2_level": 0.99, "chi2_df": 3, "chi2_threshold": 11.344866730144373, "N_raw": 63, "N_roi": 63, "N_inlier": 60, "refit": true}
{"timestamp": "18:43:53.311241", "frame": 74, "mu": [0.9579856640900167, 1.0428264674477739, 1.5611292811647803], "Sigma": [[0.0024809151330285597, 0.000695129234119122, 0.009209424877338404], [0.0006951292341191219, 0.003916245584976614, 0.004890139317039729], [0.009209424877338404, 0.004890139317039729, 0.18449089100482127]], "chi2_level": 0.99, "chi2_df": 3, "chi2_threshold": 11.344866730144373, "N_raw": 33, "N_roi": 31, "N_inlier": 29, "refit": true}
{"timestamp": "18:43:53.362648", "frame": 75, "mu": [1.0024914206250337, 0.935701346208655, 0.920263564842616], "Sigma": [[0.006122758526235295, -0.000775659179735535, 0.028800601193964555], [-0.0007756591797355348, 0.014544101274024517, -0.052776589379767334], [0.028800601193964555, -0.052776589379767334, 0.4257147179653295]], "chi2_level": 0.99, "chi2_df": 3, "chi2_threshold": 11.344866730144373, "N_raw": 12, "N_roi": 12, "N_inlier": 12, "refit": true}
{"timestamp": "18:43:53.472685", "frame": 77, "mu": [1.0415080970228163, 0.9070591785287382, 1.4119426156516766], "Sigma": [[0.002444005546504962, 0.0010090820059547624, -0.0004550214283607172], [0.0010090820059547624, 0.003936614910668732, -0.001064525555820338], [-0.0004550214283607172, -0.001064525555820338, 0.00044118733999732663]], "chi2_level": 0.99, "chi2_df": 3, "chi2_threshold": 11.344866730144373, "N_raw": 18, "N_roi": 18, "N_inlier": 16, "refit": true}
{"timestamp": "18:43:53.529333", "frame": 78, "mu": [1.1531367406545883, 0.7090994735735183, 1.372196211014787], "Sigma": [[0.004177427016174177, -0.00012110227876091278, 0.010948648432410866], [-0.00012110227876091278, 0.002031144450771706, -0.001932122804567767], [0.010948648432410866, -0.001932122804567767, 0.15155060937651246]], "chi2_level": 0.99, "chi2_df": 3, "chi2_threshold": 11.344866730144373, "N_raw": 26, "N_roi": 26, "N_inlier": 25, "refit": true}
{"timestamp": "18:43:53.911130", "frame": 85, "mu": [1.3345614753964505, 0.3915204120249915, 1.3673365361916738], "Sigma": [[0.0035137563307405537, -9.54832606829256e-05, -0.0011949482309949729], [-9.54832606829256e-05, 0.0017055472371430042, -0.0006702315805194382], [-0.0011949482309949729, -0.0006702315805194382, 0.0006977585350683709]], "chi2_level": 0.99, "chi2_df": 3, "chi2_threshold": 11.344866730144373, "N_raw": 10, "N_roi": 10, "N_inlier": 10, "refit": true}
