{"timestamp": "17:42:14.696066", "frame": 1, "mu": [2.175689007505798, 1.8244722136063662, 1.3248770239077654], "Sigma": [[0.5491663570912559, 0.4761882235492607, -0.12058606907044657], [0.4761882235492607, 0.414509573770305, -0.10526508706691949], [-0.12058606907044658, -0.10526508706691949, 0.027089357944788266]], "chi2_level": 0.95, "chi2_df": 3, "chi2_threshold": 7.814727903251179, "N_raw": 12, "N_roi": 6, "N_inlier": 6, "refit": true}
{"timestamp": "17:42:14.749781", "frame": 2, "mu": [2.3461047352153663, 2.3106202577838637, -0.04544166628423412], "Sigma": [[0.006456389673517737, -0.0011329600328453633, -0.00042548765883247425], [-0.0011329600328453633, 0.005455983102441327, 0.0005649806686195617], [-0.00042548765883247425, 0.0005649806686195617, 0.00025260846759403823]], "chi2_level": 0.95, "chi2_df": 3, "chi2_threshold": 7.814727903251179, "N_raw": 7, "N_roi": 7, "N_inlier": 7, "refit": true}
{"timestamp": "17:42:14.918963", "frame": 5, "mu": [2.3534846568242065, 2.249671827988047, 1.362838123619924], "Sigma": [[0.006778011417130528, -0.0049958291658249564, 0.0013266993195254393], [-0.0049958291658249564, 0.007070324957631537, -0.0019110011284367097], [0.0013266993195254393, -0.0019110011284367097, 0.0005177621044712835]], "chi2_level": 0.95, "chi2_df": 3, "chi2_threshold": 7.814727903251179, "N_raw": 26, "N_roi": 18, "N_inlier": 16, "refit": true}
{"timestamp": "17:42:14.970065", "frame": 6, "mu": [2.0968363224478175, 1.85910274530989, 1.3280957885405977], "Sigma": [[0.5454910402419783, 0.46447850949789565, -0.21688618702304197], [0.4644785094978957, 0.3974312831664708, -0.1826432606090199], [-0.21688618702304197, -0.1826432606090199, 0.09380196788440254]], "chi2_level": 0.95, "chi2_df": 3, "chi2_threshold": 7.814727903251179, "N_raw": 6, "N_roi": 5, "N_inlier": 5, "refit": true}
{"timestamp": "17:42:15.025029", "frame": 7, "mu": [2.4286112891574403, 2.088279527533243, 1.2875218630225413], "Sigma": [[0.0017777155556630748, 0.0008310069343777704, -0.0068203181798170915], [0.0008310069343777704, 0.0004491184526361693, -0.002490022561898013], [-0.0068203181798170915, -0.0024900225618980126, 0.04006276748618144]], "chi2_level": 0.95, "chi2_df": 3, "chi2_threshold": 7.814727903251179, "N_raw": 7, "N_roi": 5, "N_inlier": 5, "refit": true}
{"timestamp": "17:42:15.079977", "frame": 8, "mu": [2.031443838342788, 1.9538957990203987, 1.5712399466047666], "Sigma": [[0.4934815852967495, 0.46063884091381174, -0.14962949772811604], [0.46063884091381174, 0.43242547378942653, -0.13766540474321057], [-0.14962949772811604, -0.1376654047432106, 0.1067398473018897]], "chi2_level": 0.95, "chi2_df": 3, "chi2_threshold": 7.814727903251179, "N_raw": 8, "N_roi": 6, "N_inlier": 6, "refit": true}
{"timestamp": "17:42:15.135531", "frame": 9, "mu": [2.3676825749287134, 2.0957403100292566, 1.1637836873915914], "Sigma": [[0.002946270209036898, -0.0006247016877677349, -0.011634932816161892], [-0.0006247016877677349, 0.001478651485666712, 0.0035452610244283353], [-0.011634932816161892, 0.0035452610244283344, 0.049636488038339956]], "chi2_level": 0.95, "chi2_df": 3, "chi2_threshold": 7.814727903251179, "N_raw": 8, "N_roi": 5, "N_inlier": 5, "refit": true}
{"timestamp": "17:42:15.249976", "frame": 11, "mu": [2.201862527561979, 2.163790995631307, 1.3681188133617186], "Sigma": [[0.00804932218229243, -0.006350672710902347, -0.0075240461145456555], [-0.006350672710902347, 0.008581265047551101, -0.003776257380605571], [-0.0075240461145456555, -0.003776257380605571, 0.050870385758446976]], "chi2_level": 0.95, "chi2_df": 3, "chi2_threshold": 7.814727903251179, "N_raw": 40, "N_roi": 40, "N_inlier": 39, "refit": true}
{"timestamp": "17:42:15.302515", "frame": 12, "mu": [2.1550711034530483, 2.111326794356045, 1.4421867710270186], "Sigma": [[0.005751535977180164, -0.0030062039078062224, -0.010262195231392261], [-0.0030062039078062224, 0.004143259674548499, 0.0025659362183418763], [-0.010262195231392261, 0.002565936218341877, 0.03500919264557454]], "chi2_level": 0.95, "chi2_df": 3, "chi2_threshold": 7.814727903251179, "N_raw": 9, "N_roi": 9, "N_inlier": 8, "refit": true}
{"timestamp": "17:42:15.358122", "frame": 13, "mu": [2.0411592443985387, 2.1462843933701037, 1.4614927138735911], "Sigma": [[0.004708221569184691, -0.0016230681412520332, -0.007881817972426555], [-0.0016230681412520332, 0.002345352352682324, 0.0022720820313821095], [-0.007881817972426555, 0.00227208203138211, 0.017748111012203353]], "chi2_level": 0.95, "chi2_df": 3, "chi2_threshold": 7.814727903251179, "N_raw": 14, "N_roi": 12, "N_inlier": 12, "refit": true}
{"timestamp": "17:42:15.413850", "frame": 14, "mu": [1.9871416812864584, 2.1291999444545002, 1.5688558524382965], "Sigma": [[0.00537031846819295, -0.003398507518440702, -0.0071000693115374075], [-0.003398507518440702, 0.004174171507297122, 0.003791415010346206], [-0.0071000693115374075, 0.0037914150103462055, 0.024641875161055007]], "chi2_level": 0.95, "chi2_df": 3, "chi2_threshold": 7.814727903251179, "N_raw": 19, "N_roi": 19, "N_inlier": 17, "refit": true}
{"timestamp": "17:42:15.469195", "frame": 15, "mu": [1.9211052315418988, 2.1472110466754444, 1.656316232155528], "Sigma": [[0.0055414717181095415, -0.0026969604388706213, -0.0005615651863908875], [-0.0026969604388706213, 0.005905146589005166, 0.0009215501510241763], [-0.0005615651863908875, 0.0009215501510241762, 0.0009902951344607613]], "chi2_level": 0.95, "chi2_df": 3, "chi2_threshold": 7.814727903251179, "N_raw": 25, "N_roi": 25, "N_inlier": 24, "refit": true}
{"timestamp": "17:42:15.521659", "frame": 16, "mu": [1.9399446608925595, 2.1070525352759035, 1.523827690882282], "Sigma": [[0.00412360527530659, 0.0018171763040691858, -0.007522433295410278], [0.0018171763040691863, 0.0011717783253440421, -0.004329510382506108], [-0.007522433295410278, -0.004329510382506108, 0.025075856675540444]], "chi2_level": 0.95, "chi2_df": 3, "chi2_threshold": 7.814727903251179, "N_raw": 5, "N_roi": 5, "N_inlier": 5, "refit": true}
{"timestamp": "17:42:15.575944", "frame": 17, "mu": [1.9162300045649947, 2.100571661280783, 1.442100347567552], "Sigma": [[0.0021817822220977713, 0.001262898757919539, -0.004514442940439297], [0.001262898757919539, 0.002009417338827124, -0.006176287588849274], [-0.004514442940439298, -0.006176287588849274, 0.03875344065483908]], "chi2_level": 0.95, "chi2_df": 3, "chi2_threshold": 7.814727903251179, "N_raw": 5, "N_roi": 5, "N_inlier": 5, "refit": true}
{"timestamp": "17:42:15.633540", "frame": 18, "mu": [1.853960718268849, 2.0585304748610076, -0.36567931787237173], "Sigma": [[0.003451482510133365, -0.0032332259734108495, -0.005820776250796389], [-0.0032332259734108495, 0.0055669410198151735, 0.006730443017273288], [-0.005820776250796389, 0.006730443017273289, 0.16157481982345548]], "chi2_level": 0.95, "chi2_df": 3, "chi2_threshold": 7.814727903251179, "N_raw": 20, "N_roi": 20, "N_inlier": 18, "refit": true}
{"timestamp": "17:42:15.693239", "frame": 19, "mu": [1.7835062598753537, 1.965160543620346, 0.9585597500936712], "Sigma": [[0.008167548781167376, 0.00134511485301577, 0.002879193168311555], [0.00134511485301577, 0.016871635256907724, -0.015458748777259683], [0.002879193168311555, -0.015458748777259683, 0.02336285406954408]], "chi2_level": 0.95, "chi2_df": 3, "chi2_threshold": 7.814727903251179, "N_raw": 53, "N_roi": 53, "N_inlier": 50, "refit": true}
{"timestamp": "17:42:15.747020", "frame": 20, "mu": [1.6405123295194008, 2.083933100002477, -0.6142297243221992], "Sigma": [[0.007571606068406259, -0.0025090336384892865, 0.004299754498662366], [-0.0025090336384892865, 0.004823300783415838, -0.0035400274162491487], [0.004299754498662366, -0.0035400274162491487, 0.009583185381019604]], "chi2_level": 0.95, "chi2_df": 3, "chi2_threshold": 7.814727903251179, "N_raw": 37, "N_roi": 37, "N_inlier": 35, "refit": true}
{"timestamp": "17:42:15.800853", "frame": 21, "mu": [1.5479580139446703, 1.9021881287175586, 0.8655137284997417], "Sigma": [[0.007349377216369602, -0.0044233520840716795, -0.00026751380530895124], [-0.0044233520840716795, 0.00728991057918908, -0.0002344970325034993], [-0.0002675138053089513, -0.00023449703250349953, 0.0007215606295719591]], "chi2_level": 0.95, "chi2_df": 3, "chi2_threshold": 7.814727903251179, "N_raw": 34, "N_roi": 34, "N_inlier": 31, "refit": true}
{"timestamp": "17:42:15.852700", "frame": 22, "mu": [1.5731873059254695, 2.0023973450780166, 0.8155403359341679], "Sigma": [[0.007637072440374936, 0.004942803786473242, 0.0027303039439406296], [0.004942803786473242, 0.010233168287018797, -0.023938096430140686], [0.002730303943940628, -0.023938096430140686, 0.10655218520493301]], "chi2_level": 0.95, "chi2_df": 3, "chi2_threshold": 7.814727903251179, "N_raw": 8, "N_roi": 7, "N_inlier": 7, "refit": true}
{"timestamp": "17:42:15.910552", "frame": 23, "mu": [1.4551110055755447, 1.982953283786669, 1.015480576607437], "Sigma": [[0.007367505026300331, -0.0025498829292953844, 0.0001867350899554955], [-0.0025498829292953844, 0.006061097933525666, 0.0009915199037715452], [0.00018673508995549544, 0.0009915199037715452, 0.0009499591101780316]], "chi2_level": 0.95, "chi2_df": 3, "chi2_threshold": 7.814727903251179, "N_raw": 36, "N_roi": 36, "N_inlier": 31, "refit": true}
{"timestamp": "17:42:15.968185", "frame": 24, "mu": [1.4648903634829722, 2.0328324267334446, 1.2444946839852336], "Sigma": [[0.010572140405643983, -0.0032747063520002996, 0.0012699538124933177], [-0.0032747063520002996, 0.004703715298337792, -0.0036189935449025034], [0.0012699538124933177, -0.0036189935449025034, 0.0044370789939060466]], "chi2_level": 0.95, "chi2_df": 3, "chi2_threshold": 7.814727903251179, "N_raw": 51, "N_roi": 51, "N_inlier": 48, "refit": true}
{"timestamp": "17:42:16.022517", "frame": 25, "mu": [1.404989590551659, 2.1302770942113045, 1.4679491307604788], "Sigma": [[0.007575633917104156, -0.004326641063205377, -0.002635648839949301], [-0.004326641063205377, 0.008271734431902886, -0.0005522308762219634], [-0.002635648839949301, -0.0005522308762219634, 0.003286216334614595]], "chi2_level": 0.95, "chi2_df": 3, "chi2_threshold": 7.814727903251179, "N_raw": 45, "N_roi": 45, "N_inlier": 44, "refit": true}
{"timestamp": "17:42:16.076235", "frame": 26, "mu": [1.331785462368343, 2.157810271115714, 1.4856755232567986], "Sigma": [[0.008685986764321913, -0.006837804642107629, -0.008959000089078536], [-0.006837804642107629, 0.009904301465673313, 0.006742806260938887], [-0.008959000089078534, 0.006742806260938887, 0.010128574459715134]], "chi2_level": 0.95, "chi2_df": 3, "chi2_threshold": 7.814727903251179, "N_raw": 40, "N_roi": 40, "N_inlier": 39, "refit": true}
{"timestamp": "17:42:16.130147", "frame": 27, "mu": [1.296516112030086, 2.1070277512520352, 1.512311591828602], "Sigma": [[0.00663125281827671, -0.0038176924778129152, -0.0045994334861840964], [-0.0038176924778129152, 0.006212376652800952, 0.0036301587833436834], [-0.0045994334861840964, 0.0036301587833436834, 0.00408471770569679]], "chi2_level": 0.95, "chi2_df": 3, "chi2_threshold": 7.814727903251179, "N_raw": 33, "N_roi": 33, "N_inlier": 32, "refit": true}
{"timestamp": "17:42:16.185042", "frame": 28, "mu": [1.2586645696627774, 2.1103490108941987, 1.5344817785474385], "Sigma": [[0.005663210861218286, -0.0034271631258333576, -0.00551629957092808], [-0.003427163125833358, 0.004570095066650001, 0.002748303314197959], [-0.00551629957092808, 0.0027483033141979586, 0.008584406547318103]], "chi2_level": 0.95, "chi2_df": 3, "chi2_threshold": 7.814727903251179, "N_raw": 27, "N_roi": 27, "N_inlier": 24, "refit": true}
{"timestamp": "17:42:16.241133", "frame": 29, "mu": [1.194111777073297, 2.1449909018185647, 1.5964672292253574], "Sigma": [[0.008275479211933808, -0.0048813457368250095, -0.009223444388008747], [-0.0048813457368250095, 0.005945468426155897, 0.008507108876154548], [-0.009223444388008747, 0.008507108876154548, 0.025273404486932268]], "chi2_level": 0.95, "chi2_df": 3, "chi2_threshold": 7.814727903251179, "N_raw": 34, "N_roi": 34, "N_inlier": 30, "refit": true}
{"timestamp": "17:42:16.296165", "frame": 30, "mu": [1.1808711563866137, 2.1263064901457023, -0.38511107207992284], "Sigma": [[0.006259311327253, -0.001346252102443545, 0.0036816493685813273], [-0.0013462521024435448, 0.003467647999650907, 0.0022399667639393947], [0.0036816493685813273, 0.0022399667639393943, 0.045363703117128854]], "chi2_level": 0.95, "chi2_df": 3, "chi2_threshold": 7.814727903251179, "N_raw": 38, "N_roi": 38, "N_inlier": 32, "refit": true}
{"timestamp": "17:42:16.349265", "frame": 31, "mu": [1.1368100506076944, 2.0897354114481796, 1.5010487135837645], "Sigma": [[0.006905776017006748, -0.0031086743091741672, -0.001535981335753518], [-0.0031086743091741672, 0.002899195515656086, -0.00014506775386340087], [-0.001535981335753518, -0.00014506775386340087, 0.002408221144055876]], "chi2_level": 0.95, "chi2_df": 3, "chi2_threshold": 7.814727903251179, "N_raw": 27, "N_roi": 27, "N_inlier": 25, "refit": true}
{"timestamp": "17:42:16.413040", "frame": 32, "mu": [1.1569004079985314, 2.183408984536949, 0.9700689154307401], "Sigma": [[0.01078280258997522, -0.009414070897766469, 0.001413442877991544], [-0.009414070897766467, 0.019801462500271108, -0.0035699267460420963], [0.0014134428779915436, -0.0035699267460420963, 0.008217166576491323]], "chi2_level": 0.95, "chi2_df": 3, "chi2_threshold": 7.814727903251179, "N_raw": 78, "N_roi": 78, "N_inlier": 74, "refit": true}
{"timestamp": "17:42:16.463772", "frame": 33, "mu": [1.06805357298583, 2.0526764445050927, 1.3160313245585677], "Sigma": [[0.00866919454055751, -0.0052796238263156155, -0.016578175024726586], [-0.0052796238263156155, 0.005031736472974366, 0.012602755610792849], [-0.01657817502472659, 0.012602755610792847, 0.09289988251919935]], "chi2_level": 0.95, "chi2_df": 3, "chi2_threshold": 7.814727903251179, "N_raw": 47, "N_roi": 47, "N_inlier": 42, "refit": true}
{"timestamp": "17:42:16.519204", "frame": 34, "mu": [1.0238165698150714, 2.074151086243214, 1.0287727242719376], "Sigma": [[0.008234686556897753, -0.008327549768362644, -0.0013928504068237285], [-0.008327549768362644, 0.016226000905628233, -0.0051964135825257815], [-0.001392850406823729, -0.0051964135825257815, 0.023365601771456468]], "chi2_level": 0.95, "chi2_df": 3, "chi2_threshold": 7.814727903251179, "N_raw": 57, "N_roi": 57, "N_inlier": 52, "refit": true}
{"timestamp": "17:42:16.574267", "frame": 35, "mu": [0.9923182911157138, 1.992855476919032, 1.0341181562018378], "Sigma": [[0.006822290367426016, -0.004705959063093979, 0.0008371458685759857], [-0.004705959063093979, 0.005479627270051957, -0.004508979646323626], [0.0008371458685759858, -0.004508979646323626, 0.012126652854891107]], "chi2_level": 0.95, "chi2_df": 3, "chi2_threshold": 7.814727903251179, "N_raw": 54, "N_roi": 54, "N_inlier": 47, "refit": true}
{"timestamp": "17:42:16.627291", "frame": 36, "mu": [0.8580511382158053, 2.0472863878360563, 1.1958766280081923], "Sigma": [[0.008542349458711159, -0.005202894120187655, -0.015188313673032104], [-0.0052028941201876545, 0.003946899212723149, 0.01227958010511189], [-0.015188313673032104, 0.01227958010511189, 0.07392208632745692]], "chi2_level": 0.95, "chi2_df": 3, "chi2_threshold": 7.814727903251179, "N_raw": 47, "N_roi": 47, "N_inlier": 44, "refit": true}
{"timestamp": "17:42:16.684335", "frame": 37, "mu": [0.7977401550368521, 2.047984904599025, 1.4122121474337481], "Sigma": [[0.0053473089485495, -0.0037799639822829758, -0.009178257194488646], [-0.0037799639822829753, 0.006259456475642365, 0.012305802935551757], [-0.009178257194488646, 0.012305802935551757, 0.0741943309367572]], "chi2_level": 0.95, "chi2_df": 3, "chi2_threshold": 7.814727903251179, "N_raw": 51, "N_roi": 51, "N_inlier": 49, "refit": true}
{"timestamp": "17:42:16.737168", "frame": 38, "mu": [0.7501320192006997, 2.008582652887928, 1.4756248998086638], "Sigma": [[0.006271537167758585, -0.002959450423552115, -0.006367090266909759], [-0.002959450423552115, 0.005488137638053814, 0.005936525932785321], [-0.006367090266909759, 0.005936525932785321, 0.016784924638443798]], "chi2_level": 0.95, "chi2_df": 3, "chi2_threshold": 7.814727903251179, "N_raw": 44, "N_roi": 42, "N_inlier": 37, "refit": true}
{"timestamp": "17:42:16.796256", "frame": 39, "mu": [0.7098708765993086, 1.9191793086257942, 1.207146001498817], "Sigma": [[0.007114185412063101, -0.002153327089722396, 0.0004404981530112149], [-0.002153327089722396, 0.004972029485679794, 0.004668444452114871], [0.00044049815301121513, 0.004668444452114871, 0.04642638206314536]], "chi2_level": 0.95, "chi2_df": 3, "chi2_threshold": 7.814727903251179, "N_raw": 69, "N_roi": 69, "N_inlier": 63, "refit": true}
{"timestamp": "17:42:16.850501", "frame": 40, "mu": [0.6803632367730118, 2.057717883505313, -0.12396374889204217], "Sigma": [[0.007084963044365814, -0.001021517286871787, -0.0053903209103940575], [-0.001021517286871787, 0.005564980017354201, 0.0012669546871937809], [-0.0053903209103940575, 0.0012669546871937809, 0.00533381696699725]], "chi2_level": 0.95, "chi2_df": 3, "chi2_threshold": 7.814727903251179, "N_raw": 56, "N_roi": 54, "N_inlier": 50, "refit": true}
{"timestamp": "17:42:16.906999", "frame": 41, "mu": [0.5740571361264386, 2.1307679750883066, -0.31120938625489175], "Sigma": [[0.006562665871695413, -0.0013283907554740649, -0.004964090634813666], [-0.0013283907554740649, 0.007942870376225484, -0.006607993002924465], [-0.004964090634813666, -0.006607993002924465, 0.014943850599765374]], "chi2_level": 0.95, "chi2_df": 3, "chi2_threshold": 7.814727903251179, "N_raw": 72, "N_roi": 72, "N_inlier": 67, "refit": true}
{"timestamp": "17:42:16.964795", "frame": 42, "mu": [0.5422566590815252, 2.145263081530941, -0.40194545552459254], "Sigma": [[0.004189386751036479, -0.0013750390467956023, -0.0004493485034293851], [-0.0013750390467956028, 0.011604067087196036, -0.010681723438160354], [-0.00044934850342938506, -0.010681723438160354, 0.025536779908021195]], "chi2_level": 0.95, "chi2_df": 3, "chi2_threshold": 7.814727903251179, "N_raw": 46, "N_roi": 43, "N_inlier": 39, "refit": true}
{"timestamp": "17:42:17.015154", "frame": 43, "mu": [0.44767859899687223, 1.9805665008532265, 1.3177910609429964], "Sigma": [[0.006120123397634711, -0.001618603872189799, -0.00734783139428744], [-0.001618603872189799, 0.004580313356851319, -0.0028337226760445804], [-0.00734783139428744, -0.00283372267604458, 0.03188599461100717]], "chi2_level": 0.95, "chi2_df": 3, "chi2_threshold": 7.814727903251179, "N_raw": 56, "N_roi": 52, "N_inlier": 48, "refit": true}
{"timestamp": "17:42:17.070312", "frame": 44, "mu": [0.3732704806633695, 2.00263881385824, 1.2821105553929044], "Sigma": [[0.007930319350580984, -0.0007028120061395259, -0.009767832345069411], [-0.0007028120061395259, 0.004040915962870672, -0.0017620247202004727], [-0.009767832345069411, -0.001762024720200473, 0.06985424915732927]], "chi2_level": 0.95, "chi2_df": 3, "chi2_threshold": 7.814727903251179, "N_raw": 63, "N_roi": 61, "N_inlier": 57, "refit": true}
{"timestamp": "17:42:17.127760", "frame": 45, "mu": [0.2972725125310787, 2.0569245500076896, 1.498370665188996], "Sigma": [[0.008106226255142806, -0.0016829087238082944, -0.005391352890012993], [-0.0016829087238082942, 0.008370924220826406, 0.0017340737717162205], [-0.005391352890012993, 0.0017340737717162205, 0.005215125630113685]], "chi2_level": 0.95, "chi2_df": 3, "chi2_threshold": 7.814727903251179, "N_raw": 77, "N_roi": 76, "N_inlier": 72, "refit": true}
{"timestamp": "17:42:17.183538", "frame": 46, "mu": [0.19971301303875916, 2.072631057971219, 1.5414773884477198], "Sigma": [[0.007279545951254311, -0.0018351881801565925, -0.005135111918550013], [-0.0018351881801565925, 0.006181563922069139, 0.0038213408813631096], [-0.005135111918550015, 0.0038213408813631096, 0.04412260608303363]], "chi2_level": 0.95, "chi2_df": 3, "chi2_threshold": 7.814727903251179, "N_raw": 76, "N_roi": 76, "N_inlier": 70, "refit": true}
{"timestamp": "17:42:17.237172", "frame": 47, "mu": [0.15272953057690156, 2.083665614709558, 1.5465633872842626], "Sigma": [[0.007448353217215239, -0.0011274995777647194, -0.005588374603887762], [-0.0011274995777647192, 0.005784181405276377, -0.0005640497472372143], [-0.005588374603887763, -0.0005640497472372141, 0.033054716825145825]], "chi2_level": 0.95, "chi2_df": 3, "chi2_threshold": 7.814727903251179, "N_raw": 76, "N_roi": 76, "N_inlier": 74, "refit": true}
{"timestamp": "17:42:17.292759", "frame": 48, "mu": [0.0812590018397687, 2.112326016136672, 1.6729819871331197], "Sigma": [[0.00757898853249177, -0.0010794982299919557, -0.005382426996802804], [-0.0010794982299919557, 0.007622116576332809, 0.0002768110457674346], [-0.005382426996802804, 0.0002768110457674346, 0.0044906936906295575]], "chi2_level": 0.95, "chi2_df": 3, "chi2_threshold": 7.814727903251179, "N_raw": 75, "N_roi": 73, "N_inlier": 70, "refit": true}
{"timestamp": "17:42:17.347292", "frame": 49, "mu": [0.01720996628108745, 2.1127395759990018, 1.6759493434574584], "Sigma": [[0.006874048257576964, -0.0008752140505602271, -0.004985695600115643], [-0.0008752140505602271, 0.005544303646201123, -0.0015696315588356533], [-0.004985695600115643, -0.0015696315588356528, 0.01770523497215369]], "chi2_level": 0.95, "chi2_df": 3, "chi2_threshold": 7.814727903251179, "N_raw": 71, "N_roi": 69, "N_inlier": 65, "refit": true}
{"timestamp": "17:42:17.400553", "frame": 50, "mu": [-0.06704444780717458, 2.065519955930876, 1.412519823882657], "Sigma": [[0.009642832940502652, -0.0005693588733326335, 0.024594401966387167], [-0.0005693588733326337, 0.003259607705043515, 0.008153612176445748], [0.02459440196638717, 0.008153612176445748, 0.424420872254091]], "chi2_level": 0.95, "chi2_df": 3, "chi2_threshold": 7.814727903251179, "N_raw": 55, "N_roi": 55, "N_inlier": 53, "refit": true}
{"timestamp": "17:42:17.461613", "frame": 51, "mu": [-0.1965330150075097, 2.12943309029246, 0.9033054151266368], "Sigma": [[0.01996049759966763, 0.00026089605113849545, 0.07364924397736405], [0.00026089605113849566, 0.01768638336764471, 0.023855105044584667], [0.07364924397736407, 0.02385510504458467, 0.5525479472381428]], "chi2_level": 0.95, "chi2_df": 3, "chi2_threshold": 7.814727903251179, "N_raw": 97, "N_roi": 97, "N_inlier": 97, "refit": true}
{"timestamp": "17:42:17.507998", "frame": 52, "mu": [-0.4543837494739861, 1.9592218298636934, 0.057289107114300575], "Sigma": [[0.014033335676444039, 0.0018136960469415696, 0.017730603769939172], [0.00181369604694157, 0.005162707103151957, 0.010818975328311137], [0.017730603769939172, 0.010818975328311137, 0.08622109441901465]], "chi2_level": 0.95, "chi2_df": 3, "chi2_threshold": 7.814727903251179, "N_raw": 44, "N_roi": 44, "N_inlier": 40, "refit": true}
{"timestamp": "17:42:17.561342", "frame": 53, "mu": [-0.5413052108228926, 1.9802881764745799, 0.14341673270328964], "Sigma": [[0.022169172349489237, 0.0057932659613467285, 0.02829309136439961], [0.0057932659613467285, 0.003065681482106674, 0.002328202054730142], [0.02829309136439961, 0.002328202054730143, 0.09915102708911602]], "chi2_level": 0.95, "chi2_df": 3, "chi2_threshold": 7.814727903251179, "N_raw": 32, "N_roi": 28, "N_inlier": 25, "refit": true}
{"timestamp": "17:42:17.617061", "frame": 54, "mu": [-0.22313612144083586, 2.003897906600391, 0.9367878265432104], "Sigma": [[0.005311488451320858, 0.00015554502762644035, -0.002286977495446549], [0.0001555450276264404, 0.003552884513444916, -0.007483457461938767], [-0.002286977495446549, -0.007483457461938767, 0.024803626728687172]], "chi2_level": 0.95, "chi2_df": 3, "chi2_threshold": 7.814727903251179, "N_raw": 39, "N_roi": 38, "N_inlier": 33, "refit": true}
{"timestamp": "17:42:17.676528", "frame": 55, "mu": [-0.3024016576688936, 2.1224345559712616, -0.06530202949728828], "Sigma": [[0.007441751254293401, 0.0003439367882347984, -0.004768748511381643], [0.00034393678823479843, 0.007688454276001857, -0.001520109232241799], [-0.004768748511381643, -0.001520109232241799, 0.006189475707736738]], "chi2_level": 0.95, "chi2_df": 3, "chi2_threshold": 7.814727903251179, "N_raw": 68, "N_roi": 68, "N_inlier": 63, "refit": true}
{"timestamp": "17:42:17.723830", "frame": 56, "mu": [-0.28846583394706193, 2.067119865365596, 0.871336399188686], "Sigma": [[0.008997126883689475, 0.0022811710545421935, -0.07656139751714333], [0.0022811710545421935, 0.004092684296168902, -0.014521426985759367], [-0.07656139751714333, -0.01452142698575937, 0.690335612687495]], "chi2_level": 0.95, "chi2_df": 3, "chi2_threshold": 7.814727903251179, "N_raw": 9, "N_roi": 9, "N_inlier": 9, "refit": true}
{"timestamp": "17:42:17.791052", "frame": 57, "mu": [-0.45967566309407004, 1.9614424801233752, 1.4478219261059095], "Sigma": [[0.006318953275775091, -2.0977523648648246e-05, -0.0033365335419568696], [-2.0977523648648246e-05, 0.008427524953569925, 0.002375363757440274], [-0.00333653354195687, 0.002375363757440274, 0.003082955292883923]], "chi2_level": 0.95, "chi2_df": 3, "chi2_threshold": 7.814727903251179, "N_raw": 67, "N_roi": 67, "N_inlier": 62, "refit": true}
{"timestamp": "17:42:17.843323", "frame": 58, "mu": [-0.50500316811149, 1.9583600469435378, 1.4165748353337329], "Sigma": [[0.007709384619402738, -0.00318848652757247, -0.013828655549397327], [-0.00318848652757247, 0.008262821153473756, 0.0028607998515287614], [-0.013828655549397327, 0.0028607998515287614, 0.0325288217733985]], "chi2_level": 0.95, "chi2_df": 3, "chi2_threshold": 7.814727903251179, "N_raw": 77, "N_roi": 72, "N_inlier": 71, "refit": true}
{"timestamp": "17:42:17.898564", "frame": 59, "mu": [-0.5330023966042153, 1.9869485434840044, 1.4021998180699535], "Sigma": [[0.0075176678907300796, -0.001772111299917389, -0.014696065830098467], [-0.001772111299917389, 0.007572220618289232, 0.00024951588864208414], [-0.014696065830098467, 0.0002495158886420837, 0.03473131467754517]], "chi2_level": 0.95, "chi2_df": 3, "chi2_threshold": 7.814727903251179, "N_raw": 84, "N_roi": 81, "N_inlier": 77, "refit": true}
{"timestamp": "17:42:17.951561", "frame": 60, "mu": [-0.6343878325086802, 1.9972962964508034, 1.4894445592242238], "Sigma": [[0.005822976671566457, -0.0010155320576225244, -0.009346048830418948], [-0.0010155320576225246, 0.007269670206265605, 0.001744233301195154], [-0.009346048830418948, 0.0017442333011951539, 0.03892982975098787]], "chi2_level": 0.95, "chi2_df": 3, "chi2_threshold": 7.814727903251179, "N_raw": 69, "N_roi": 69, "N_inlier": 65, "refit": true}
{"timestamp": "17:42:18.010119", "frame": 61, "mu": [-0.6529631842531161, 1.979934421513771, -0.2169220292957068], "Sigma": [[0.009196631293433942, 0.003422895835988916, 0.041925622768828705], [0.003422895835988916, 0.01275881649074956, 0.021100780115515725], [0.0419256227688287, 0.02110078011551572, 0.4137373342647485]], "chi2_level": 0.95, "chi2_df": 3, "chi2_threshold": 7.814727903251179, "N_raw": 88, "N_roi": 88, "N_inlier": 87, "refit": true}
{"timestamp": "17:42:18.060835", "frame": 62, "mu": [-0.7434004084779782, 2.067246430452437, -0.08377120832586546], "Sigma": [[0.005781043654456977, 0.0018063694089534522, -0.008036583593722457], [0.0018063694089534518, 0.012585361077352796, 0.005164798009410449], [-0.008036583593722457, 0.00516479800941045, 0.028896384952863226]], "chi2_level": 0.95, "chi2_df": 3, "chi2_threshold": 7.814727903251179, "N_raw": 53, "N_roi": 52, "N_inlier": 48, "refit": true}
{"timestamp": "17:42:18.110557", "frame": 63, "mu": [-0.8123824388759353, 1.9001165178009982, 1.5148848689481351], "Sigma": [[0.004935709750411044, -0.0012321914811504462, -0.008404948672843596], [-0.0012321914811504464, 0.003625177067796275, 0.0037867596097044673], [-0.008404948672843596, 0.0037867596097044673, 0.016178705336514634]], "chi2_level": 0.95, "chi2_df": 3, "chi2_threshold": 7.814727903251179, "N_raw": 29, "N_roi": 29, "N_inlier": 25, "refit": true}
{"timestamp": "17:42:18.174205", "frame": 64, "mu": [-0.882584997384592, 2.0278486808290492, 1.4333476040451767], "Sigma": [[0.009971454717746037, 0.0015957799028080435, -0.016607688234239023], [0.0015957799028080435, 0.004619983583655375, -0.004293841671421697], [-0.016607688234239023, -0.004293841671421697, 0.1133556473117936]], "chi2_level": 0.95, "chi2_df": 3, "chi2_threshold": 7.814727903251179, "N_raw": 93, "N_roi": 93, "N_inlier": 88, "refit": true}
{"timestamp": "17:42:18.231332", "frame": 65, "mu": [-0.9367860401044962, 2.0091663554378356, 1.4930554090278323], "Sigma": [[0.007956920738196614, 0.0014243501174607002, -0.012207228936111938], [0.0014243501174607, 0.007490202073751967, -0.005207131057841466], [-0.012207228936111938, -0.005207131057841466, 0.058699400025751]], "chi2_level": 0.95, "chi2_df": 3, "chi2_threshold": 7.814727903251179, "N_raw": 82, "N_roi": 82, "N_inlier": 77, "refit": true}
{"timestamp": "17:42:18.279828", "frame": 66, "mu": [-1.0606995836645676, 2.005947656563099, 1.5974692346444268], "Sigma": [[0.0066218178292997655, 0.0019791368356549366, -0.007195892117158022], [0.001979136835654936, 0.008155809253827985, -0.003740764308051289], [-0.007195892117158022, -0.003740764308051289, 0.021960271557277453]], "chi2_level": 0.95, "chi2_df": 3, "chi2_threshold": 7.814727903251179, "N_raw": 58, "N_roi": 58, "N_inlier": 56, "refit": true}
{"timestamp": "17:42:18.342398", "frame": 67, "mu": [-1.111956989521875, 2.128495985743629, -0.0777086445201901], "Sigma": [[0.010367095561593891, 0.008211589376505395, -0.0217161095907133], [0.008211589376505395, 0.017256723800787993, -0.04029631334463503], [-0.0217161095907133, -0.04029631334463503, 0.12396163254807502]], "chi2_level": 0.95, "chi2_df": 3, "chi2_threshold": 7.814727903251179, "N_raw": 83, "N_roi": 82, "N_inlier": 80, "refit": true}
{"timestamp": "17:42:18.385548", "frame": 68, "mu": [-1.1183501800908773, 2.0346268888142145, 1.1462903779973492], "Sigma": [[0.006846780550057095, -0.001064249989586865, -0.01172734007005494], [-0.001064249989586865, 0.0034940554372130473, 0.0025568429353301572], [-0.011727340070054939, 0.0025568429353301572, 0.035734943659833034]], "chi2_level": 0.95, "chi2_df": 3, "chi2_threshold": 7.814727903251179, "N_raw": 32, "N_roi": 32, "N_inlier": 28, "refit": true}
{"timestamp": "17:42:18.442821", "frame": 69, "mu": [-1.2523607958041227, 2.015904083485591, 0.9084838197664655], "Sigma": [[0.014289664104121034, 0.0026017965625109362, 0.021609709147202907], [0.002601796562510936, 0.002865789546523844, -0.0019793579796893337], [0.02160970914720291, -0.0019793579796893333, 0.07309478541242238]], "chi2_level": 0.95, "chi2_df": 3, "chi2_threshold": 7.814727903251179, "N_raw": 52, "N_roi": 52, "N_inlier": 50, "refit": true}
{"timestamp": "17:42:18.503092", "frame": 70, "mu": [-1.2757640535260202, 1.9065308158102554, 1.3601583620852893], "Sigma": [[0.00774775118618055, 0.004188193961757255, -0.009851866014283003], [0.004188193961757255, 0.010228958496479467, -0.018313110150326502], [-0.009851866014283003, -0.018313110150326502, 0.05244128608093303]], "chi2_level": 0.95, "chi2_df": 3, "chi2_threshold": 7.814727903251179, "N_raw": 76, "N_roi": 76, "N_inlier": 74, "refit": true}
{"timestamp": "17:42:18.547602", "frame": 71, "mu": [-1.32894103641573, 1.9355745196319853, 1.141200135400898], "Sigma": [[0.0014301755995987607, -0.0015421673598188077, -0.005909930756073175], [-0.0015421673598188077, 0.011886210401875508, -0.0278574187910404], [-0.005909930756073175, -0.0278574187910404, 0.274223724684864]], "chi2_level": 0.95, "chi2_df": 3, "chi2_threshold": 7.814727903251179, "N_raw": 8, "N_roi": 8, "N_inlier": 8, "refit": true}
{"timestamp": "17:42:18.607782", "frame": 72, "mu": [-1.47220479728469, 1.8740888838938718, 1.7039086549247133], "Sigma": [[0.009637204663526786, 0.003729379219583588, -0.010288676549477236], [0.003729379219583587, 0.0067199768160777764, -0.0022712856776455825], [-0.010288676549477236, -0.0022712856776455834, 0.018458951120125217]], "chi2_level": 0.95, "chi2_df": 3, "chi2_threshold": 7.814727903251179, "N_raw": 49, "N_roi": 49, "N_inlier": 42, "refit": true}
{"timestamp": "17:42:18.659611", "frame": 73, "mu": [-1.4953071729205492, 1.9226680282603361, 1.7071987635074133], "Sigma": [[0.0028602848103600853, 0.002703541246044577, -0.0059529825241047985], [0.0027035412460445765, 0.009435541580530194, -0.005791587089378941], [-0.0059529825241047985, -0.005791587089378941, 0.02057992880241888]], "chi2_level": 0.95, "chi2_df": 3, "chi2_threshold": 7.814727903251179, "N_raw": 19, "N_roi": 16, "N_inlier": 15, "refit": true}
{"timestamp": "17:42:18.713484", "frame": 74, "mu": [-1.5655186909129712, 1.8982440432146204, 1.3994665197879756], "Sigma": [[0.002501011170265905, 0.0004616840877086063, -0.026229860396064633], [0.00046168408770860624, 0.004714027993057938, -0.00662824715594032], [-0.026229860396064633, -0.006628247155940315, 0.591848600144069]], "chi2_level": 0.95, "chi2_df": 3, "chi2_threshold": 7.814727903251179, "N_raw": 14, "N_roi": 14, "N_inlier": 12, "refit": true}
{"timestamp": "17:42:18.777709", "frame": 75, "mu": [-1.7572646479783938, 1.7491406446356659, 0.1483657649636991], "Sigma": [[0.0300237238267319, 0.022920543536594565, -0.019220480985739165], [0.022920543536594565, 0.02404246121685496, -0.011251782521936234], [-0.019220480985739165, -0.011251782521936236, 0.015153960174944055]], "chi2_level": 0.95, "chi2_df": 3, "chi2_threshold": 7.814727903251179, "N_raw": 84, "N_roi": 84, "N_inlier": 83, "refit": true}
{"timestamp": "17:42:18.839346", "frame": 76, "mu": [-1.7964088428845477, 1.7923736764923914, 0.16066263545192938], "Sigma": [[0.027067183110513034, 0.027023158337799176, -0.014703976192658738], [0.027023158337799176, 0.036472240170204305, -0.01299549376426697], [-0.014703976192658737, -0.012995493764266968, 0.01062385022133682]], "chi2_level": 0.95, "chi2_df": 3, "chi2_threshold": 7.814727903251179, "N_raw": 91, "N_roi": 91, "N_inlier": 88, "refit": true}
{"timestamp": "17:42:18.881462", "frame": 77, "mu": [-1.8112717937815646, 1.868981192136451, 1.3363613028035477], "Sigma": [[0.023693648568520312, 0.0196602297582521, -0.035700357927069666], [0.0196602297582521, 0.019748273053246605, -0.03816519928043767], [-0.035700357927069666, -0.03816519928043768, 0.08903333051078813]], "chi2_level": 0.95, "chi2_df": 3, "chi2_threshold": 7.814727903251179, "N_raw": 32, "N_roi": 32, "N_inlier": 30, "refit": true}
{"timestamp": "17:42:18.948216", "frame": 78, "mu": [-1.9552231601493946, 1.703416310964844, 1.6311289630174364], "Sigma": [[0.022117393821230152, 0.01901504275284007, -0.022137348225734075], [0.01901504275284007, 0.030834233002442604, -0.02555301371170262], [-0.022137348225734075, -0.02555301371170262, 0.03960702008785277]], "chi2_level": 0.95, "chi2_df": 3, "chi2_threshold": 7.814727903251179, "N_raw": 110, "N_roi": 110, "N_inlier": 105, "refit": true}
{"timestamp": "17:42:18.998742", "frame": 79, "mu": [-2.0086309719612943, 1.7962083967249451, -0.014831198481682928], "Sigma": [[0.01786701090551107, 0.017298518453412837, -0.0081779118238357], [0.017298518453412837, 0.02898810745877975, -0.011290426948317351], [-0.0081779118238357, -0.011290426948317351, 0.02369050526594644]], "chi2_level": 0.95, "chi2_df": 3, "chi2_threshold": 7.814727903251179, "N_raw": 77, "N_roi": 77, "N_inlier": 73, "refit": true}
{"timestamp": "17:42:19.052857", "frame": 80, "mu": [-2.0326519453599787, 1.6916046407281615, 1.6768712800563663], "Sigma": [[0.02020800592032656, 0.015811245418593484, -0.02019975820185979], [0.01581124541859348, 0.02367581770320147, -0.019760156938527243], [-0.02019975820185979, -0.01976015693852724, 0.025281729504602023]], "chi2_level": 0.95, "chi2_df": 3, "chi2_threshold": 7.814727903251179, "N_raw": 83, "N_roi": 83, "N_inlier": 81, "refit": true}
{"timestamp": "17:42:19.109409", "frame": 81, "mu": [-2.1024023235284024, 1.6046105331627356, 1.6678216662819012], "Sigma": [[0.02095505716861007, 0.015728156388943634, -0.019522121271780137], [0.015728156388943634, 0.0302743083182775, -0.01667874754775817], [-0.019522121271780137, -0.01667874754775817, 0.020334119121981468]], "chi2_level": 0.95, "chi2_df": 3, "chi2_threshold": 7.814727903251179, "N_raw": 96, "N_roi": 96, "N_inlier": 91, "refit": true}
{"timestamp": "17:42:19.164789", "frame": 82, "mu": [-2.1829443276833973, 1.6277606537225213, 0.3388409569281232], "Sigma": [[0.01893560571415827, 0.016116034275585014, 0.04634730939666695], [0.01611603427558501, 0.0321290787219992, 0.07213938177372164], [0.04634730939666695, 0.07213938177372164, 0.3758082894043078]], "chi2_level": 0.95, "chi2_df": 3, "chi2_threshold": 7.814727903251179, "N_raw": 88, "N_roi": 87, "N_inlier": 86, "refit": true}
{"timestamp": "17:42:19.213548", "frame": 83, "mu": [-2.1802076272244015, 1.850608346952102, -0.19933660039330084], "Sigma": [[0.011882830909258906, 0.013324290586422137, -0.009536679909319123], [0.013324290586422136, 0.021302366312518306, -0.017407612742723462], [-0.009536679909319123, -0.017407612742723462, 0.016457001316368916]], "chi2_level": 0.95, "chi2_df": 3, "chi2_threshold": 7.814727903251179, "N_raw": 43, "N_roi": 43, "N_inlier": 41, "refit": true}
{"timestamp": "17:42:19.271183", "frame": 84, "mu": [-2.2555698155687693, 1.6846848845520102, 1.668270736382734], "Sigma": [[0.014646605951816041, 0.013910559453916772, -0.015016261375488654], [0.013910559453916772, 0.02805045959218945, -0.02315713258533723], [-0.015016261375488655, -0.02315713258533723, 0.029569668136323717]], "chi2_level": 0.95, "chi2_df": 3, "chi2_threshold": 7.814727903251179, "N_raw": 74, "N_roi": 73, "N_inlier": 72, "refit": true}
{"timestamp": "17:42:19.326674", "frame": 85, "mu": [-2.31515114934797, 1.6458328199501213, 0.1518832617303439], "Sigma": [[0.011857979229282046, 0.011412252439900319, -0.007981964220624077], [0.011412252439900319, 0.026033856516707317, -0.004405961604659607], [-0.007981964220624077, -0.004405961604659607, 0.007716834896653751]], "chi2_level": 0.95, "chi2_df": 3, "chi2_threshold": 7.814727903251179, "N_raw": 71, "N_roi": 61, "N_inlier": 56, "refit": true}
{"timestamp": "17:42:19.385984", "frame": 86, "mu": [-2.3083928774485574, 1.7271085975059624, 1.4651909099783018], "Sigma": [[0.012694781271038968, 0.012580273459795056, -0.01042057905504094], [0.012580273459795056, 0.030040963893583038, -0.023107872152864653], [-0.01042057905504094, -0.023107872152864653, 0.020918786274673154]], "chi2_level": 0.95, "chi2_df": 3, "chi2_threshold": 7.814727903251179, "N_raw": 95, "N_roi": 79, "N_inlier": 72, "refit": true}
{"timestamp": "17:42:19.435810", "frame": 87, "mu": [-2.366943118873843, 1.7230876912185147, -0.02861995775767241], "Sigma": [[0.00648262763909102, 0.0060478746419277635, -0.004641407435530356], [0.0060478746419277635, 0.025935801846180002, -0.016069620022959086], [-0.004641407435530357, -0.016069620022959086, 0.01413639747567875]], "chi2_level": 0.95, "chi2_df": 3, "chi2_threshold": 7.814727903251179, "N_raw": 61, "N_roi": 47, "N_inlier": 43, "refit": true}
{"timestamp": "17:42:19.490527", "frame": 88, "mu": [-2.389296706806646, 1.778519411960238, 1.4818073908779579], "Sigma": [[0.0042376268656632915, 0.0014476899475326854, -0.005072561095475889], [0.001447689947532685, 0.012145488276193788, -0.006526536427692296], [-0.005072561095475889, -0.006526536427692296, 0.01891939875422818]], "chi2_level": 0.95, "chi2_df": 3, "chi2_threshold": 7.814727903251179, "N_raw": 62, "N_roi": 34, "N_inlier": 30, "refit": true}
{"timestamp": "17:42:19.549898", "frame": 89, "mu": [-2.4196825625084486, 1.9110669017725104, -0.373989783477491], "Sigma": [[0.0028533341801700455, -0.00011926599758197288, 0.001961268376584939], [-0.0001192659975819731, 0.0491574061536391, -0.06397792091795006], [0.001961268376584939, -0.06397792091795006, 0.1013161996812325]], "chi2_level": 0.95, "chi2_df": 3, "chi2_threshold": 7.814727903251179, "N_raw": 90, "N_roi": 37, "N_inlier": 37, "refit": true}
