{"timestamp": "19:00:18.187122", "frame": 14, "mu": [-1.9072548916960856, 4.957827837232085, 1.2809045010609403], "Sigma": [[0.012140647854017297, 0.0017735118613818152, -0.0007579514024241273], [0.0017735118613818152, 0.00043015832951150574, -0.00013938646689262737], [-0.0007579514024241272, -0.00013938646689262734, 5.315253512789739e-05]], "chi2_level": 0.95, "chi2_df": 3, "chi2_threshold": 7.814727903251179, "N_raw": 37, "N_roi": 5, "N_inlier": 5, "refit": true}
{"timestamp": "19:00:18.241593", "frame": 15, "mu": [-1.9869759304840955, 4.950170276845239, 1.2581658668282372], "Sigma": [[0.01514818802755463, 0.0020853413041395214, -0.0034569655185367125], [0.002085341304139522, 0.0012220514012371481, -0.0007748397102111631], [-0.0034569655185367125, -0.000774839710211163, 0.001190330606448935]], "chi2_level": 0.95, "chi2_df": 3, "chi2_threshold": 7.814727903251179, "N_raw": 27, "N_roi": 10, "N_inlier": 10, "refit": true}
{"timestamp": "19:00:18.299650", "frame": 16, "mu": [-1.8997442175733876, 4.9446229070174645, 1.2720255598461534], "Sigma": [[0.02258374881353887, 0.0030496802147291857, -0.003492324578538066], [0.003049680214729186, 0.0015427679236037749, -0.0008608038354382015], [-0.003492324578538066, -0.0008608038354382014, 0.0009016852202890121]], "chi2_level": 0.95, "chi2_df": 3, "chi2_threshold": 7.814727903251179, "N_raw": 54, "N_roi": 16, "N_inlier": 15, "refit": true}
{"timestamp": "19:00:18.460966", "frame": 19, "mu": [-1.7920392315624625, 4.942085995766772, 1.3445347152850091], "Sigma": [[0.01231609982007541, 0.000868536224236751, 0.002146672313282671], [0.0008685362242367507, 0.0009956485304280992, -0.0017088052951017795], [0.002146672313282671, -0.0017088052951017797, 0.007039945719937418]], "chi2_level": 0.95, "chi2_df": 3, "chi2_threshold": 7.814727903251179, "N_raw": 25, "N_roi": 12, "N_inlier": 12, "refit": true}
{"timestamp": "19:00:18.515853", "frame": 20, "mu": [-1.6750562945824319, 4.93811922663258, 1.3023218070146596], "Sigma": [[0.0223500509920969, 0.004024130154423238, -0.009540489748336788], [0.004024130154423238, 0.001971725725167931, -0.00141435375732923], [-0.009540489748336788, -0.0014143537573292303, 0.00567709064906937]], "chi2_level": 0.95, "chi2_df": 3, "chi2_threshold": 7.814727903251179, "N_raw": 27, "N_roi": 16, "N_inlier": 16, "refit": true}
{"timestamp": "19:00:18.573248", "frame": 21, "mu": [-1.5466613329045442, 4.9671895216703685, 1.3193692373881587], "Sigma": [[0.005956825294749429, -0.0003197592319545996, -0.002974746083521394], [-0.00031975923195459965, 0.0005647729683899716, -0.0002979604348085929], [-0.002974746083521394, -0.00029796043480859283, 0.005115840340866448]], "chi2_level": 0.95, "chi2_df": 3, "chi2_threshold": 7.814727903251179, "N_raw": 40, "N_roi": 7, "N_inlier": 7, "refit": true}
{"timestamp": "19:00:18.627075", "frame": 22, "mu": [-1.5097397894646152, 4.977690882698008, 1.0346804663128344], "Sigma": [[0.009173563529065376, -0.0005695822960293624, 0.005642247231729928], [-0.0005695822960293622, 0.0003130661971713444, -0.004319640143459654], [0.00564224723172993, -0.004319640143459654, 0.07990997267986766]], "chi2_level": 0.95, "chi2_df": 3, "chi2_threshold": 7.814727903251179, "N_raw": 30, "N_roi": 5, "N_inlier": 5, "refit": true}
{"timestamp": "19:00:18.680082", "frame": 23, "mu": [-1.4573940137743726, 4.959203218103628, 0.8505833495050784], "Sigma": [[0.007508925811816281, 0.0015890162330875058, -0.0008532251342613907], [0.0015890162330875058, 0.0005692716935305093, -0.0026382163075623563], [-0.0008532251342613905, -0.0026382163075623563, 0.02782800067827078]], "chi2_level": 0.95, "chi2_df": 3, "chi2_threshold": 7.814727903251179, "N_raw": 18, "N_roi": 12, "N_inlier": 10, "refit": true}
{"timestamp": "19:00:18.739004", "frame": 24, "mu": [-1.3631633224795603, 4.918993112271434, 1.0224877376769383], "Sigma": [[0.022734710033605783, 0.00392461752866659, -0.0071451523443344], [0.00392461752866659, 0.001964487357187548, -0.004628792261594154], [-0.0071451523443344, -0.004628792261594154, 0.01638272703646175]], "chi2_level": 0.95, "chi2_df": 3, "chi2_threshold": 7.814727903251179, "N_raw": 42, "N_roi": 31, "N_inlier": 30, "refit": true}
{"timestamp": "19:00:18.792284", "frame": 25, "mu": [-1.414196048287245, 4.854836967224268, 1.1150833350840887], "Sigma": [[0.011338567470714574, 0.0016084295760165992, -0.0061324371021556435], [0.0016084295760165992, 0.0010440964210998616, -0.0033568032104431926], [-0.006132437102155643, -0.0033568032104431926, 0.014204257392297586]], "chi2_level": 0.95, "chi2_df": 3, "chi2_threshold": 7.814727903251179, "N_raw": 17, "N_roi": 14, "N_inlier": 13, "refit": true}
{"timestamp": "19:00:18.850217", "frame": 26, "mu": [-1.3753169530451372, 4.842581475681274, 1.1294998022887892], "Sigma": [[0.0241441882891702, 0.004815785820701113, -0.009220435004762502], [0.0048157858207011125, 0.003195705558249086, -0.004146544336233075], [-0.009220435004762502, -0.004146544336233075, 0.008641829174406084]], "chi2_level": 0.95, "chi2_df": 3, "chi2_threshold": 7.814727903251179, "N_raw": 38, "N_roi": 36, "N_inlier": 34, "refit": true}
{"timestamp": "19:00:18.905304", "frame": 27, "mu": [-1.3867049105203628, 4.830082974808819, 1.0077295021569928], "Sigma": [[0.022301317590728537, 0.0047855257945802095, -0.010311613339404863], [0.0047855257945802095, 0.0035610987149927048, -0.004331506232269536], [-0.010311613339404864, -0.004331506232269536, 0.008725580550283498]], "chi2_level": 0.95, "chi2_df": 3, "chi2_threshold": 7.814727903251179, "N_raw": 35, "N_roi": 34, "N_inlier": 34, "refit": true}
{"timestamp": "19:00:18.960330", "frame": 28, "mu": [-1.1870513443771546, 4.885877444389891, 1.0759925194952573], "Sigma": [[0.03267948356104559, 0.005720231583559648, -0.005149202637690855], [0.005720231583559648, 0.00388578917442952, -0.0023717763986122915], [-0.005149202637690855, -0.0023717763986122915, 0.0031631043881610085]], "chi2_level": 0.95, "chi2_df": 3, "chi2_threshold": 7.814727903251179, "N_raw": 44, "N_roi": 41, "N_inlier": 40, "refit": true}
{"timestamp": "19:00:19.014495", "frame": 29, "mu": [-1.2509823710466081, 4.772332979158852, 1.062383377232289], "Sigma": [[0.015632368168447784, 0.001863987305093318, -0.013122361186756562], [0.001863987305093318, 0.001587626861027198, -0.0025232787230499406], [-0.013122361186756562, -0.0025232787230499406, 0.017000905872309617]], "chi2_level": 0.95, "chi2_df": 3, "chi2_threshold": 7.814727903251179, "N_raw": 29, "N_roi": 22, "N_inlier": 21, "refit": true}
{"timestamp": "19:00:19.072449", "frame": 30, "mu": [-1.26148080451902, 4.7448505228748585, 0.9477612423705156], "Sigma": [[0.030016775254008393, 0.005141188884310616, -0.019702511295157037], [0.005141188884310616, 0.0046500513655817356, -0.006923346930720036], [-0.019702511295157037, -0.006923346930720036, 0.019195587553285702]], "chi2_level": 0.95, "chi2_df": 3, "chi2_threshold": 7.814727903251179, "N_raw": 53, "N_roi": 50, "N_inlier": 50, "refit": true}
{"timestamp": "19:00:19.124654", "frame": 31, "mu": [-1.1785529483381836, 4.665217034961701, 0.7990883276578103], "Sigma": [[0.025746707401614714, 0.002853726291313004, -0.017059576498670015], [0.002853726291313004, 0.0015997831199427131, -0.0025745318300617872], [-0.01705957649867002, -0.0025745318300617872, 0.013939972141035447]], "chi2_level": 0.95, "chi2_df": 3, "chi2_threshold": 7.814727903251179, "N_raw": 32, "N_roi": 27, "N_inlier": 26, "refit": true}
{"timestamp": "19:00:19.184521", "frame": 32, "mu": [-1.12775326376992, 4.733437767624744, 0.8991243930178364], "Sigma": [[0.02503109553167858, 0.009852773427453653, -0.006586363973001927], [0.009852773427453651, 0.014950294161236609, 0.005062631914199752], [-0.006586363973001927, 0.005062631914199752, 0.015404556840312724]], "chi2_level": 0.95, "chi2_df": 3, "chi2_threshold": 7.814727903251179, "N_raw": 63, "N_roi": 56, "N_inlier": 55, "refit": true}
{"timestamp": "19:00:19.240545", "frame": 33, "mu": [-1.0836020309743244, 4.807392753903774, 0.17475273104930997], "Sigma": [[0.03038683309392421, 0.007673323744388735, -0.0038563622528900044], [0.007673323744388736, 0.009877684565378788, -0.00453055312434031], [-0.0038563622528900044, -0.00453055312434031, 0.004103555058787179]], "chi2_level": 0.95, "chi2_df": 3, "chi2_threshold": 7.814727903251179, "N_raw": 71, "N_roi": 65, "N_inlier": 61, "refit": true}
{"timestamp": "19:00:19.295143", "frame": 34, "mu": [-1.0061856819743344, 4.671213949513051, -1.141586226684805], "Sigma": [[0.040440150111568415, 0.005699894036526925, -0.018537090143658667], [0.005699894036526926, 0.005599546683175782, -0.008583481944487931], [-0.018537090143658667, -0.008583481944487931, 0.01897138935794227]], "chi2_level": 0.95, "chi2_df": 3, "chi2_threshold": 7.814727903251179, "N_raw": 72, "N_roi": 70, "N_inlier": 68, "refit": true}
{"timestamp": "19:00:19.350497", "frame": 35, "mu": [-1.0015033440505363, 4.5850586169615015, 0.8011539026334364], "Sigma": [[0.0360251244772392, 0.002214958679197685, -0.01937785239277924], [0.0022149586791976846, 0.0028884587887633463, -0.006655084809192323], [-0.01937785239277924, -0.006655084809192323, 0.029233740029610156]], "chi2_level": 0.95, "chi2_df": 3, "chi2_threshold": 7.814727903251179, "N_raw": 65, "N_roi": 62, "N_inlier": 59, "refit": true}
{"timestamp": "19:00:19.405882", "frame": 36, "mu": [-0.9113227024891968, 4.598857385403091, 1.0068028947412928], "Sigma": [[0.04075159486556941, 0.008827760191679981, -0.0008432462194463042], [0.008827760191679981, 0.006732900749761491, -0.006446290746651666], [-0.0008432462194463033, -0.006446290746651666, 0.012010110604555774]], "chi2_level": 0.95, "chi2_df": 3, "chi2_threshold": 7.814727903251179, "N_raw": 75, "N_roi": 70, "N_inlier": 69, "refit": true}
{"timestamp": "19:00:19.459722", "frame": 37, "mu": [-0.9025388594537493, 4.548576904390322, 0.979252459951037], "Sigma": [[0.03774442194130603, 0.007081949747390455, -0.01263264175226676], [0.007081949747390455, 0.00780875522437497, -0.004137768321537783], [-0.01263264175226676, -0.004137768321537783, 0.00674877531473017]], "chi2_level": 0.95, "chi2_df": 3, "chi2_threshold": 7.814727903251179, "N_raw": 66, "N_roi": 64, "N_inlier": 63, "refit": true}
{"timestamp": "19:00:19.512507", "frame": 38, "mu": [-0.8510766344657975, 4.604673328545461, 0.9150300705658986], "Sigma": [[0.030466035738338736, 0.01130828345346136, -0.0025529216290461755], [0.011308283453461358, 0.016049414034189496, 0.009875930769251702], [-0.002552921629046175, 0.009875930769251702, 0.013378501641378571]], "chi2_level": 0.95, "chi2_df": 3, "chi2_threshold": 7.814727903251179, "N_raw": 56, "N_roi": 56, "N_inlier": 53, "refit": true}
{"timestamp": "19:00:19.565880", "frame": 39, "mu": [-0.9130203198433435, 4.438773262819777, 1.006140955503909], "Sigma": [[0.02466646745367794, 0.00347653625583813, -0.009723135904330677], [0.0034765362558381308, 0.004278426892145643, -0.0034730928560869354], [-0.009723135904330677, -0.003473092856086936, 0.0071830950287248155]], "chi2_level": 0.95, "chi2_df": 3, "chi2_threshold": 7.814727903251179, "N_raw": 45, "N_roi": 45, "N_inlier": 44, "refit": true}
{"timestamp": "19:00:19.622827", "frame": 40, "mu": [-0.819761626575573, 4.503773870374346, -0.3910399698022645], "Sigma": [[0.03755158228063661, 0.020749412818149744, 0.07458228627576856], [0.020749412818149744, 0.01945484262798996, 0.04814961978987397], [0.07458228627576856, 0.04814961978987397, 0.2451575624962373]], "chi2_level": 0.95, "chi2_df": 3, "chi2_threshold": 7.814727903251179, "N_raw": 65, "N_roi": 64, "N_inlier": 64, "refit": true}
{"timestamp": "19:00:19.680868", "frame": 41, "mu": [-0.721667601733665, 4.473190170676062, 0.8608321058883754], "Sigma": [[0.040380131978272046, 0.001583993878677661, -0.03389560850211548], [0.0015839938786776607, 0.004437165631642848, -0.00712949543179956], [-0.03389560850211548, -0.00712949543179956, 0.04391499794753363]], "chi2_level": 0.95, "chi2_df": 3, "chi2_threshold": 7.814727903251179, "N_raw": 74, "N_roi": 70, "N_inlier": 67, "refit": true}
{"timestamp": "19:00:19.734331", "frame": 42, "mu": [-0.7495848243495963, 4.395444030062146, 1.0268084958850379], "Sigma": [[0.038716746514401254, 0.002831081324373359, -0.022307507248354723], [0.0028310813243733594, 0.00392409374683262, -0.0033854058894048555], [-0.022307507248354723, -0.0033854058894048555, 0.01932236216490902]], "chi2_level": 0.95, "chi2_df": 3, "chi2_threshold": 7.814727903251179, "N_raw": 59, "N_roi": 56, "N_inlier": 53, "refit": true}
{"timestamp": "19:00:19.790026", "frame": 43, "mu": [-0.6543635992444481, 4.382947926059629, 0.7457002631262698], "Sigma": [[0.036474550374763146, 0.005400474232202574, -0.02205782367900584], [0.0054004742322025755, 0.00576804827755102, -0.0073796404436599905], [-0.02205782367900584, -0.0073796404436599905, 0.018624326357062324]], "chi2_level": 0.95, "chi2_df": 3, "chi2_threshold": 7.814727903251179, "N_raw": 67, "N_roi": 65, "N_inlier": 61, "refit": true}
{"timestamp": "19:00:19.847394", "frame": 44, "mu": [-0.703987802607963, 4.300848489992621, 0.9123727133169568], "Sigma": [[0.03730971494824355, 0.007221553895815518, -0.02022156636057703], [0.007221553895815517, 0.009459170677191747, -0.011761259893246214], [-0.02022156636057703, -0.011761259893246214, 0.023289638395813994]], "chi2_level": 0.95, "chi2_df": 3, "chi2_threshold": 7.814727903251179, "N_raw": 87, "N_roi": 84, "N_inlier": 83, "refit": true}
{"timestamp": "19:00:19.902431", "frame": 45, "mu": [-0.614007824327564, 4.308223196706737, 0.9864195177328947], "Sigma": [[0.03718634775640456, 0.005213487154984519, -0.01785728755957872], [0.005213487154984519, 0.005707746383563208, -0.011113073420763543], [-0.017857287559578723, -0.011113073420763543, 0.03403329465510389]], "chi2_level": 0.95, "chi2_df": 3, "chi2_threshold": 7.814727903251179, "N_raw": 83, "N_roi": 79, "N_inlier": 77, "refit": true}
{"timestamp": "19:00:19.954182", "frame": 46, "mu": [-0.6016750112197787, 4.33912739836707, -0.29650207516507837], "Sigma": [[0.029737612626526685, 0.018833627489168975, 0.06456045570531951], [0.018833627489168975, 0.02256211161454371, 0.048819867189312346], [0.0645604557053195, 0.048819867189312346, 0.22896180807507566]], "chi2_level": 0.95, "chi2_df": 3, "chi2_threshold": 7.814727903251179, "N_raw": 60, "N_roi": 60, "N_inlier": 59, "refit": true}
{"timestamp": "19:00:20.009528", "frame": 47, "mu": [-0.5273754953339045, 4.21551137939739, 0.9939648612310721], "Sigma": [[0.034365144461106625, 0.00506382076162928, -0.02480822371158713], [0.00506382076162928, 0.005440832445509959, -0.006393540096886032], [-0.024808223711587134, -0.00639354009688603, 0.022712520543278616]], "chi2_level": 0.95, "chi2_df": 3, "chi2_threshold": 7.814727903251179, "N_raw": 61, "N_roi": 61, "N_inlier": 59, "refit": true}
{"timestamp": "19:00:20.064571", "frame": 48, "mu": [-0.508454582589722, 4.192606714281393, 1.0113420545137355], "Sigma": [[0.03084989829982194, 0.0044623598504596705, -0.010505899946485217], [0.0044623598504596705, 0.005603620708453643, -0.006952135981966976], [-0.010505899946485216, -0.006952135981966976, 0.011810069976586674]], "chi2_level": 0.95, "chi2_df": 3, "chi2_threshold": 7.814727903251179, "N_raw": 65, "N_roi": 65, "N_inlier": 62, "refit": true}
{"timestamp": "19:00:20.118389", "frame": 49, "mu": [-0.4659709022999001, 4.181211955012594, 1.0965221949541937], "Sigma": [[0.028638699170630652, 0.002543517455221903, -0.011439741070143141], [0.002543517455221903, 0.005737704750430738, -0.003597204304249953], [-0.01143974107014314, -0.003597204304249953, 0.007206779042925343]], "chi2_level": 0.95, "chi2_df": 3, "chi2_threshold": 7.814727903251179, "N_raw": 63, "N_roi": 60, "N_inlier": 58, "refit": true}
{"timestamp": "19:00:20.178229", "frame": 50, "mu": [-0.47395451802254257, 4.118608155174535, 1.0276686590382775], "Sigma": [[0.034504845096552134, 0.006187175163217736, -0.013998567524348315], [0.006187175163217736, 0.006267864681693638, -0.009464537238952856], [-0.013998567524348315, -0.009464537238952854, 0.021716656331528476]], "chi2_level": 0.95, "chi2_df": 3, "chi2_threshold": 7.814727903251179, "N_raw": 84, "N_roi": 81, "N_inlier": 75, "refit": true}
{"timestamp": "19:00:20.228652", "frame": 51, "mu": [-0.40392467413508115, 4.0633662603938205, 0.9193029282604771], "Sigma": [[0.028186215537836914, 0.002136147115530142, -0.00768152368432965], [0.002136147115530142, 0.005100541880440871, 0.0012653092442422276], [-0.00768152368432965, 0.0012653092442422276, 0.004627771733630967]], "chi2_level": 0.95, "chi2_df": 3, "chi2_threshold": 7.814727903251179, "N_raw": 56, "N_roi": 51, "N_inlier": 46, "refit": true}
{"timestamp": "19:00:20.285219", "frame": 52, "mu": [-0.39108598261502314, 4.0450672611689615, 1.048240605145383], "Sigma": [[0.034141578809812036, -0.00034062423078259343, -0.018487392236842863], [-0.00034062423078259343, 0.0056998646719757665, -0.0037643533635627387], [-0.018487392236842863, -0.0037643533635627387, 0.015626911264867822]], "chi2_level": 0.95, "chi2_df": 3, "chi2_threshold": 7.814727903251179, "N_raw": 74, "N_roi": 74, "N_inlier": 72, "refit": true}
{"timestamp": "19:00:20.338707", "frame": 53, "mu": [-0.2892386176536183, 4.092162941946157, -0.6728321114641612], "Sigma": [[0.02943313760738655, 0.008656217077635954, 0.062193003978437786], [0.008656217077635954, 0.010252954968247527, 0.0337494396992932], [0.062193003978437786, 0.0337494396992932, 0.22290883511580875]], "chi2_level": 0.95, "chi2_df": 3, "chi2_threshold": 7.814727903251179, "N_raw": 59, "N_roi": 59, "N_inlier": 59, "refit": true}
{"timestamp": "19:00:20.396700", "frame": 54, "mu": [-0.22380194070603587, 4.0335592800797935, 0.9259484798778175], "Sigma": [[0.04522914986135604, 0.015094306380123605, 0.00022509370179087042], [0.015094306380123605, 0.014779997935015185, 0.004150170782092874], [0.0002250937017908702, 0.004150170782092875, 0.0029140049345454224]], "chi2_level": 0.95, "chi2_df": 3, "chi2_threshold": 7.814727903251179, "N_raw": 83, "N_roi": 83, "N_inlier": 83, "refit": true}
{"timestamp": "19:00:20.453522", "frame": 55, "mu": [-0.17173066366394352, 4.119348181400946, 0.02897600915988873], "Sigma": [[0.052682939234029974, 0.018659666439817355, -0.01945469553081656], [0.018659666439817355, 0.013532338455001871, -0.009716396113739027], [-0.01945469553081656, -0.009716396113739027, 0.015723905379650953]], "chi2_level": 0.95, "chi2_df": 3, "chi2_threshold": 7.814727903251179, "N_raw": 85, "N_roi": 83, "N_inlier": 80, "refit": true}
{"timestamp": "19:00:20.507658", "frame": 56, "mu": [-0.13537161963519484, 3.9710391785927186, 0.9835223685120891], "Sigma": [[0.03587718908354152, 0.011895160277723249, -0.01312125099270598], [0.011895160277723249, 0.015326284140980523, -0.00414719644078583], [-0.01312125099270598, -0.004147196440785829, 0.007870302967740241]], "chi2_level": 0.95, "chi2_df": 3, "chi2_threshold": 7.814727903251179, "N_raw": 91, "N_roi": 91, "N_inlier": 88, "refit": true}
{"timestamp": "19:00:20.564283", "frame": 57, "mu": [-0.04147626941593331, 3.9087000655955273, 1.0361789141658428], "Sigma": [[0.03626150541599482, 0.008637466460154905, -0.00883205660568856], [0.008637466460154905, 0.013242369618566485, -0.003492457330377732], [-0.00883205660568856, -0.003492457330377732, 0.00452270770467779]], "chi2_level": 0.95, "chi2_df": 3, "chi2_threshold": 7.814727903251179, "N_raw": 99, "N_roi": 99, "N_inlier": 95, "refit": true}
{"timestamp": "19:00:20.620514", "frame": 58, "mu": [0.009233748968007095, 3.879678581913679, 1.033805395646116], "Sigma": [[0.028835331351814306, 0.006484688645762703, -0.005865145673744433], [0.006484688645762702, 0.015520932025177658, -0.0035415667775665184], [-0.005865145673744432, -0.0035415667775665184, 0.005715279706239018]], "chi2_level": 0.95, "chi2_df": 3, "chi2_threshold": 7.814727903251179, "N_raw": 101, "N_roi": 99, "N_inlier": 96, "refit": true}
{"timestamp": "19:00:20.671648", "frame": 59, "mu": [0.0018772463024970233, 3.8312738412169756, 1.077021886694369], "Sigma": [[0.027162416129192367, 0.005051883980657286, -0.003467598350238408], [0.005051883980657286, 0.009218416191310514, -0.0018277930205365406], [-0.003467598350238408, -0.0018277930205365406, 0.0007560002298487211]], "chi2_level": 0.95, "chi2_df": 3, "chi2_threshold": 7.814727903251179, "N_raw": 79, "N_roi": 77, "N_inlier": 69, "refit": true}
{"timestamp": "19:00:20.724214", "frame": 60, "mu": [-0.07973062074025754, 3.7199905544219387, 1.1499451368068985], "Sigma": [[0.022978356939304053, 0.0006181585998775943, -0.003445320997990489], [0.0006181585998775938, 0.005529383830046539, 2.8329642263851158e-05], [-0.003445320997990489, 2.832964226385105e-05, 0.002982289365753586]], "chi2_level": 0.95, "chi2_df": 3, "chi2_threshold": 7.814727903251179, "N_raw": 59, "N_roi": 59, "N_inlier": 57, "refit": true}
{"timestamp": "19:00:20.780029", "frame": 61, "mu": [-0.052854315633989374, 3.759146714197021, 0.0016586943365479796], "Sigma": [[0.024761207787303223, 0.0016612647460243308, -0.008232467360561626], [0.0016612647460243308, 0.006161521250569847, -0.0008684138170600046], [-0.008232467360561626, -0.0008684138170600045, 0.0038776063857273446]], "chi2_level": 0.95, "chi2_df": 3, "chi2_threshold": 7.814727903251179, "N_raw": 65, "N_roi": 63, "N_inlier": 61, "refit": true}
{"timestamp": "19:00:20.837602", "frame": 62, "mu": [0.017889628443792074, 3.6391441473919244, 1.099807161731097], "Sigma": [[0.02536526297778565, 0.0017321432586590185, -0.007269119220969015], [0.0017321432586590178, 0.010633629838407483, 0.00027678391325438597], [-0.007269119220969015, 0.0002767839132543858, 0.0036420952395361493]], "chi2_level": 0.95, "chi2_df": 3, "chi2_threshold": 7.814727903251179, "N_raw": 88, "N_roi": 88, "N_inlier": 85, "refit": true}
{"timestamp": "19:00:20.894605", "frame": 63, "mu": [0.09725197360311318, 3.6605374626560416, 1.064000940008173], "Sigma": [[0.02678634008119353, 0.0036060399989718255, -0.015935010512743118], [0.0036060399989718264, 0.012385067736307554, -0.0066750406389184044], [-0.015935010512743118, -0.0066750406389184044, 0.015372569163606376]], "chi2_level": 0.95, "chi2_df": 3, "chi2_threshold": 7.814727903251179, "N_raw": 102, "N_roi": 102, "N_inlier": 99, "refit": true}
{"timestamp": "19:00:20.946538", "frame": 64, "mu": [0.06928046621842625, 3.5400089104588655, 1.1412676240011588], "Sigma": [[0.021943685421631956, -0.005019121098383288, -0.01939224819861067], [-0.005019121098383288, 0.007563859151210119, 0.002417002482376631], [-0.01939224819861067, 0.002417002482376631, 0.01995697995910278]], "chi2_level": 0.95, "chi2_df": 3, "chi2_threshold": 7.814727903251179, "N_raw": 73, "N_roi": 71, "N_inlier": 67, "refit": true}
{"timestamp": "19:00:20.995299", "frame": 65, "mu": [0.18775463169924653, 3.6270286806817977, 1.1506560899999365], "Sigma": [[0.02191773004524951, 0.006007631940275508, -0.03684871930327734], [0.00600763194027551, 0.005986360065223745, -0.015375976675238361], [-0.03684871930327734, -0.015375976675238361, 0.08131200216405407]], "chi2_level": 0.95, "chi2_df": 3, "chi2_threshold": 7.814727903251179, "N_raw": 41, "N_roi": 41, "N_inlier": 38, "refit": true}
{"timestamp": "19:00:21.050217", "frame": 66, "mu": [0.1809713775563325, 3.5518108361190226, 1.3400536704029624], "Sigma": [[0.012631936315995495, 0.00046022698000144886, -0.006496240014944225], [0.00046022698000144886, 0.003540045939581401, 0.0022205094841773456], [-0.006496240014944225, 0.0022205094841773456, 0.0062043122322080054]], "chi2_level": 0.95, "chi2_df": 3, "chi2_threshold": 7.814727903251179, "N_raw": 35, "N_roi": 31, "N_inlier": 28, "refit": true}
{"timestamp": "19:00:21.107727", "frame": 67, "mu": [0.20126004576203801, 3.459689634059833, 1.3089650510846937], "Sigma": [[0.016837756504580574, -0.001525897653662467, -0.012659878722427069], [-0.0015258976536624668, 0.008279084558694852, 0.006364876282150145], [-0.012659878722427069, 0.006364876282150145, 0.014133140748552939]], "chi2_level": 0.95, "chi2_df": 3, "chi2_threshold": 7.814727903251179, "N_raw": 59, "N_roi": 58, "N_inlier": 55, "refit": true}
{"timestamp": "19:00:21.170771", "frame": 68, "mu": [0.290886483920946, 3.459316622623107, 1.0896806663647542], "Sigma": [[0.02584832859994887, 0.001324269090848706, -0.021478701758137153], [0.001324269090848706, 0.00859851757173896, -0.008051099444974308], [-0.021478701758137153, -0.008051099444974308, 0.03585385681485016]], "chi2_level": 0.95, "chi2_df": 3, "chi2_threshold": 7.814727903251179, "N_raw": 106, "N_roi": 104, "N_inlier": 101, "refit": true}
{"timestamp": "19:00:21.217848", "frame": 69, "mu": [0.27988131288454876, 3.3115853983457257, 1.0661875329804567], "Sigma": [[0.01947110070226451, -0.0025428463645378995, -0.008622554982804956], [-0.0025428463645378995, 0.004582786431883872, -0.00010816135758603914], [-0.008622554982804956, -0.00010816135758603908, 0.005362461808083775]], "chi2_level": 0.95, "chi2_df": 3, "chi2_threshold": 7.814727903251179, "N_raw": 57, "N_roi": 57, "N_inlier": 55, "refit": true}
{"timestamp": "19:00:21.275521", "frame": 70, "mu": [0.32289212010618434, 3.3320728432827047, 1.1057019324164181], "Sigma": [[0.021264675790943613, -0.0016195664946270633, -0.025191783527966284], [-0.0016195664946270633, 0.005403766020303453, -0.004723767039902146], [-0.025191783527966284, -0.004723767039902146, 0.046881982851068524]], "chi2_level": 0.95, "chi2_df": 3, "chi2_threshold": 7.814727903251179, "N_raw": 73, "N_roi": 73, "N_inlier": 68, "refit": true}
{"timestamp": "19:00:21.329614", "frame": 71, "mu": [0.3699712091590879, 3.3054752455462317, 1.0901101511179383], "Sigma": [[0.020561709747533845, 0.0006570338431443524, -0.004174451145003447], [0.0006570338431443525, 0.00601368626280237, 2.7210386965887887e-05], [-0.004174451145003446, 2.7210386965887995e-05, 0.0057256720789212595]], "chi2_level": 0.95, "chi2_df": 3, "chi2_threshold": 7.814727903251179, "N_raw": 63, "N_roi": 63, "N_inlier": 58, "refit": true}
{"timestamp": "19:00:21.385937", "frame": 72, "mu": [0.4041172135077201, 3.2956121136748315, 0.9379189449171215], "Sigma": [[0.020047659681775964, -0.0039331847510469635, -0.022031616418756905], [-0.003933184751046963, 0.0055830837363128475, -0.009382935326923237], [-0.022031616418756905, -0.009382935326923239, 0.10350372005202459]], "chi2_level": 0.95, "chi2_df": 3, "chi2_threshold": 7.814727903251179, "N_raw": 76, "N_roi": 76, "N_inlier": 72, "refit": true}
{"timestamp": "19:00:21.442490", "frame": 73, "mu": [0.4097625308235963, 3.3678242083317267, 0.15050797204904492], "Sigma": [[0.027905941420140797, -0.0016305208782759774, 0.023718119324230815], [-0.0016305208782759777, 0.008177704568086258, -0.01373294597165523], [0.02371811932423082, -0.01373294597165523, 0.11301920106598995]], "chi2_level": 0.95, "chi2_df": 3, "chi2_threshold": 7.814727903251179, "N_raw": 86, "N_roi": 86, "N_inlier": 83, "refit": true}
{"timestamp": "19:00:21.496781", "frame": 74, "mu": [0.48016980686274646, 3.239192914975726, 1.048933802713902], "Sigma": [[0.023278708902036017, -0.0034597773481822034, -0.011322391494925314], [-0.0034597773481822034, 0.005708295279062882, -0.002730932494215815], [-0.011322391494925314, -0.0027309324942158156, 0.01421776614308427]], "chi2_level": 0.95, "chi2_df": 3, "chi2_threshold": 7.814727903251179, "N_raw": 82, "N_roi": 82, "N_inlier": 77, "refit": true}
{"timestamp": "19:00:21.547470", "frame": 75, "mu": [0.5641404705942407, 3.21961056627307, 1.0221038516557264], "Sigma": [[0.04977999925391445, 0.011092973495089503, -0.015859967121794126], [0.011092973495089503, 0.004728142908441447, -0.004882630347222481], [-0.015859967121794126, -0.004882630347222481, 0.010736052369722941]], "chi2_level": 0.95, "chi2_df": 3, "chi2_threshold": 7.814727903251179, "N_raw": 47, "N_roi": 47, "N_inlier": 43, "refit": true}
{"timestamp": "19:00:21.604342", "frame": 76, "mu": [0.5929000512994055, 3.2120376651616507, 1.1666897260471378], "Sigma": [[0.021375529173926437, -0.00077009984471541, -0.006384347743350298], [-0.00077009984471541, 0.001486626620397423, -0.004206981419185081], [-0.006384347743350299, -0.004206981419185081, 0.023347325613881413]], "chi2_level": 0.95, "chi2_df": 3, "chi2_threshold": 7.814727903251179, "N_raw": 62, "N_roi": 58, "N_inlier": 55, "refit": true}
{"timestamp": "19:00:21.665338", "frame": 77, "mu": [0.7667886139580385, 3.1583725400589677, 0.9801447460645462], "Sigma": [[0.04699089555646886, 0.006184474223705718, -0.008094971283864294], [0.006184474223705718, 0.007405225056489109, -0.004176146970078401], [-0.008094971283864293, -0.004176146970078401, 0.005714863049613368]], "chi2_level": 0.95, "chi2_df": 3, "chi2_threshold": 7.814727903251179, "N_raw": 106, "N_roi": 103, "N_inlier": 101, "refit": true}
{"timestamp": "19:00:21.713102", "frame": 78, "mu": [0.6710566466033988, 3.054120051505253, 1.092082757811121], "Sigma": [[0.014425955920591406, 0.0012801345562092484, 0.004152451357526963], [0.0012801345562092484, 0.003197969383683083, -0.0035392633549446726], [0.004152451357526963, -0.0035392633549446726, 0.008562118596314817]], "chi2_level": 0.95, "chi2_df": 3, "chi2_threshold": 7.814727903251179, "N_raw": 56, "N_roi": 53, "N_inlier": 52, "refit": true}
{"timestamp": "19:00:21.771534", "frame": 79, "mu": [0.7610474740094633, 3.0010512643267035, 0.9933825442779842], "Sigma": [[0.039268052824241784, 0.008700666529924272, -0.010495260961676408], [0.008700666529924272, 0.006301435333106029, -0.0039554966851496395], [-0.010495260961676408, -0.0039554966851496395, 0.021918761996452676]], "chi2_level": 0.95, "chi2_df": 3, "chi2_threshold": 7.814727903251179, "N_raw": 79, "N_roi": 76, "N_inlier": 75, "refit": true}
{"timestamp": "19:00:21.827682", "frame": 80, "mu": [0.7192565983984578, 2.9207185871826726, 1.04457509116012], "Sigma": [[0.019025890091613526, -0.0024415878575102883, -0.005483943060497062], [-0.0024415878575102883, 0.004467955650169927, -0.004148928845540946], [-0.005483943060497063, -0.004148928845540946, 0.009653453403329492]], "chi2_level": 0.95, "chi2_df": 3, "chi2_threshold": 7.814727903251179, "N_raw": 80, "N_roi": 80, "N_inlier": 74, "refit": true}
{"timestamp": "19:00:21.880105", "frame": 81, "mu": [0.7240276337555429, 2.887715856994799, -0.8041871939384181], "Sigma": [[0.016967140273846458, 0.008862284971628952, 0.03507455470134648], [0.008862284971628952, 0.009673610306898459, 0.025146233051878263], [0.03507455470134649, 0.025146233051878263, 0.1309751067653264]], "chi2_level": 0.95, "chi2_df": 3, "chi2_threshold": 7.814727903251179, "N_raw": 68, "N_roi": 65, "N_inlier": 63, "refit": true}
{"timestamp": "19:00:21.932418", "frame": 82, "mu": [0.771696115846255, 2.817486949958973, 1.0816776503630474], "Sigma": [[0.013526171368088953, -0.0013845723513790762, -0.0016908780855408498], [-0.0013845723513790762, 0.0031217407728031926, -0.0028176455994594614], [-0.0016908780855408498, -0.0028176455994594614, 0.006352435120353764]], "chi2_level": 0.95, "chi2_df": 3, "chi2_threshold": 7.814727903251179, "N_raw": 54, "N_roi": 54, "N_inlier": 54, "refit": true}
{"timestamp": "19:00:21.989062", "frame": 83, "mu": [0.8203082793096291, 2.875884019620103, -0.2722017727599565], "Sigma": [[0.016237395518736628, -0.0030351148745614088, -0.004971436952291653], [-0.0030351148745614083, 0.006030484096582952, -0.00022271508609801412], [-0.004971436952291653, -0.00022271508609801412, 0.002853471339022231]], "chi2_level": 0.95, "chi2_df": 3, "chi2_threshold": 7.814727903251179, "N_raw": 60, "N_roi": 60, "N_inlier": 58, "refit": true}
{"timestamp": "19:00:22.044846", "frame": 84, "mu": [0.8785660933960711, 2.7476547086046694, 1.1252384719834454], "Sigma": [[0.014249410810416365, -0.0037507303868592017, -0.005710487479160947], [-0.003750730386859202, 0.011509540292217976, 0.0056369068931723535], [-0.005710487479160948, 0.0056369068931723535, 0.005268438773174808]], "chi2_level": 0.95, "chi2_df": 3, "chi2_threshold": 7.814727903251179, "N_raw": 69, "N_roi": 67, "N_inlier": 62, "refit": true}
{"timestamp": "19:00:22.099908", "frame": 85, "mu": [0.8739929394119125, 2.8334686591119085, -0.17896471618387721], "Sigma": [[0.014334163992976148, -0.005245957405708363, -0.007061115079485981], [-0.005245957405708362, 0.009809642960962582, 0.004466532730779708], [-0.007061115079485981, 0.00446653273077971, 0.0067645498849211935]], "chi2_level": 0.95, "chi2_df": 3, "chi2_threshold": 7.814727903251179, "N_raw": 69, "N_roi": 69, "N_inlier": 65, "refit": true}
{"timestamp": "19:00:22.154792", "frame": 86, "mu": [0.9363343077249825, 2.771781604902558, 1.2412981457699699], "Sigma": [[0.015185488119404315, -0.00852446392590128, -0.014306407565694918], [-0.00852446392590128, 0.008295773821816912, 0.0023571487364113016], [-0.014306407565694918, 0.0023571487364113016, 0.05105006073452413]], "chi2_level": 0.95, "chi2_df": 3, "chi2_threshold": 7.814727903251179, "N_raw": 71, "N_roi": 71, "N_inlier": 66, "refit": true}
{"timestamp": "19:00:22.211538", "frame": 87, "mu": [0.9837630646107026, 2.647680910633416, 1.2549085528311437], "Sigma": [[0.011494645280253186, -0.008760504547471896, -0.014003488930920556], [-0.008760504547471896, 0.026275351747241753, 0.030532922298496835], [-0.014003488930920556, 0.030532922298496835, 0.04368686963033492]], "chi2_level": 0.95, "chi2_df": 3, "chi2_threshold": 7.814727903251179, "N_raw": 71, "N_roi": 71, "N_inlier": 66, "refit": true}
{"timestamp": "19:00:22.264354", "frame": 88, "mu": [1.0177237339610072, 2.6448956055910946, -0.4267422395651087], "Sigma": [[0.01392768602433722, 0.0004931346442833915, 0.021148126707276574], [0.0004931346442833914, 0.005530837415370116, 0.004563442726235986], [0.02114812670727657, 0.004563442726235986, 0.07099890992493976]], "chi2_level": 0.95, "chi2_df": 3, "chi2_threshold": 7.814727903251179, "N_raw": 59, "N_roi": 59, "N_inlier": 55, "refit": true}
{"timestamp": "19:00:22.319418", "frame": 89, "mu": [1.036456360414245, 2.6706342010927453, -0.04417477783539048], "Sigma": [[0.013747204171582926, -0.003273766758619583, -0.01757253160179579], [-0.003273766758619582, 0.005768524610879897, 0.006662343934743275], [-0.01757253160179579, 0.006662343934743275, 0.04633422753620248]], "chi2_level": 0.95, "chi2_df": 3, "chi2_threshold": 7.814727903251179, "N_raw": 63, "N_roi": 62, "N_inlier": 59, "refit": true}
{"timestamp": "19:00:22.376196", "frame": 90, "mu": [1.0880462164470246, 2.5717318246937686, 1.2385427963042885], "Sigma": [[0.013862929375669669, -0.005457575514412287, -0.00814008859963286], [-0.005457575514412287, 0.0092560858286999, 0.0014242400296369923], [-0.008140088599632861, 0.0014242400296369919, 0.020348924463510956]], "chi2_level": 0.95, "chi2_df": 3, "chi2_threshold": 7.814727903251179, "N_raw": 77, "N_roi": 74, "N_inlier": 71, "refit": true}
{"timestamp": "19:00:22.430281", "frame": 91, "mu": [1.1460996083892259, 2.5191164399869796, 1.2383756928919503], "Sigma": [[0.015062721016459462, -0.0030920609206900092, -0.0010019721892377755], [-0.0030920609206900092, 0.00859954065396727, 0.0053372796749674946], [-0.0010019721892377755, 0.005337279674967494, 0.00533402377388338]], "chi2_level": 0.95, "chi2_df": 3, "chi2_threshold": 7.814727903251179, "N_raw": 65, "N_roi": 59, "N_inlier": 56, "refit": true}
{"timestamp": "19:00:22.485260", "frame": 92, "mu": [1.184268742678265, 2.513605923057433, 1.2424467950428042], "Sigma": [[0.01520559396497156, -0.007511290945177869, -0.015461080382768708], [-0.007511290945177869, 0.008876095970554146, 0.004859535357476324], [-0.015461080382768704, 0.004859535357476324, 0.022765403448608022]], "chi2_level": 0.95, "chi2_df": 3, "chi2_threshold": 7.814727903251179, "N_raw": 69, "N_roi": 69, "N_inlier": 67, "refit": true}
{"timestamp": "19:00:22.540973", "frame": 93, "mu": [1.2027479160110441, 2.513820879814385, 1.288050226517965], "Sigma": [[0.014882483629490824, -0.00771779161321654, -0.01491524815495286], [-0.007717791613216541, 0.008070741259758539, 0.0067783703412892336], [-0.01491524815495286, 0.006778370341289234, 0.04885398669569967]], "chi2_level": 0.95, "chi2_df": 3, "chi2_threshold": 7.814727903251179, "N_raw": 67, "N_roi": 67, "N_inlier": 67, "refit": true}
{"timestamp": "19:00:22.596035", "frame": 94, "mu": [1.1963566452277679, 2.5672642745964334, -0.13176537391888762], "Sigma": [[0.012790739198805896, -0.0021505346661857888, -0.0028013350751882986], [-0.0021505346661857888, 0.009217134767043519, -0.0012052267371640978], [-0.0028013350751882986, -0.0012052267371640978, 0.001750797685583821]], "chi2_level": 0.95, "chi2_df": 3, "chi2_threshold": 7.814727903251179, "N_raw": 76, "N_roi": 76, "N_inlier": 66, "refit": true}
{"timestamp": "19:00:22.649020", "frame": 95, "mu": [1.2164919572884285, 2.387521364360423, -0.8219162230877456], "Sigma": [[0.016048767858244155, -9.514837404164052e-05, 0.017057239139419714], [-9.514837404164052e-05, 0.004449307929441528, 0.0039346838117530186], [0.017057239139419714, 0.0039346838117530186, 0.06366438346273084]], "chi2_level": 0.95, "chi2_df": 3, "chi2_threshold": 7.814727903251179, "N_raw": 64, "N_roi": 63, "N_inlier": 60, "refit": true}
{"timestamp": "19:00:22.704637", "frame": 96, "mu": [1.2457176378492811, 2.4890912411377464, -0.2642801150111604], "Sigma": [[0.01598307959308826, -0.0058553158118651435, -0.009281807146728742], [-0.005855315811865144, 0.007951104971809201, -0.0005630503638512852], [-0.00928180714672874, -0.0005630503638512851, 0.009027452757302915]], "chi2_level": 0.95, "chi2_df": 3, "chi2_threshold": 7.814727903251179, "N_raw": 68, "N_roi": 67, "N_inlier": 64, "refit": true}
{"timestamp": "19:00:22.761661", "frame": 97, "mu": [1.2886704649197105, 2.4227256339945225, -0.3655058374329172], "Sigma": [[0.01800137191640988, 0.001349422939203944, 0.020960988740972693], [0.001349422939203944, 0.0061895609726910095, 0.000569666082998364], [0.020960988740972696, 0.0005696660829983644, 0.06891460569553995]], "chi2_level": 0.95, "chi2_df": 3, "chi2_threshold": 7.814727903251179, "N_raw": 76, "N_roi": 75, "N_inlier": 72, "refit": true}
{"timestamp": "19:00:22.810444", "frame": 98, "mu": [1.2833037777794725, 2.2220477856654446, 1.0717020690802292], "Sigma": [[0.008087282582890523, -0.004554990857075387, -0.0011824969717110084], [-0.004554990857075388, 0.004419954274918159, -0.0020618517712020137], [-0.0011824969717110084, -0.0020618517712020132, 0.005237193941562755]], "chi2_level": 0.95, "chi2_df": 3, "chi2_threshold": 7.814727903251179, "N_raw": 38, "N_roi": 38, "N_inlier": 36, "refit": true}
{"timestamp": "19:00:22.866227", "frame": 99, "mu": [1.2773262738932938, 2.2346701784039404, 1.1456477625488402], "Sigma": [[0.008436890711532512, -0.004291798925797946, 0.0010578045028190783], [-0.004291798925797946, 0.00326325938309773, -0.003078030669372236], [0.0010578045028190783, -0.003078030669372236, 0.008456675470693249]], "chi2_level": 0.95, "chi2_df": 3, "chi2_threshold": 7.814727903251179, "N_raw": 40, "N_roi": 40, "N_inlier": 36, "refit": true}
{"timestamp": "19:00:23.060672", "frame": 100, "mu": [1.3971229992983194, 2.197046363417461, 1.053934502111332], "Sigma": [[0.014967458061006753, -0.008862307378089015, -0.009323177113031034], [-0.008862307378089015, 0.009704175423624705, 0.0014103408594547554], [-0.009323177113031034, 0.0014103408594547556, 0.029051996722215104]], "chi2_level": 0.95, "chi2_df": 3, "chi2_threshold": 7.814727903251179, "N_raw": 73, "N_roi": 73, "N_inlier": 72, "refit": true}
{"timestamp": "19:00:23.065370", "frame": 101, "mu": [1.3227798822062737, 2.337704307238261, -0.31304924006017104], "Sigma": [[0.007214520105616841, -0.0021149344862614553, -0.007873790309312187], [-0.0021149344862614553, 0.00326447267322023, -0.0026735885623730485], [-0.007873790309312187, -0.002673588562373049, 0.0206520416192674]], "chi2_level": 0.95, "chi2_df": 3, "chi2_threshold": 7.814727903251179, "N_raw": 36, "N_roi": 34, "N_inlier": 33, "refit": true}
