{"timestamp": "17:57:58.249349", "frame": 23, "mu": [-2.3754874695474726, 4.310944000157412, 1.2216717071587462], "Sigma": [[0.0075867341494202725, 0.0022789319951874126, -0.0029375128345705465], [0.002278931995187412, 0.004266478408563174, -0.004460991212093873], [-0.0029375128345705465, -0.004460991212093873, 0.005822943972600292]], "chi2_level": 0.95, "chi2_df": 3, "chi2_threshold": 7.814727903251179, "N_raw": 43, "N_roi": 20, "N_inlier": 19, "refit": true}
{"timestamp": "17:57:58.307340", "frame": 24, "mu": [-2.3371865805903522, 4.285652423617659, 1.0761734248538526], "Sigma": [[0.012206946814767666, 0.006562541067054903, -0.008201031354944736], [0.006562541067054903, 0.008529554801086128, -0.0068259849985657026], [-0.008201031354944734, -0.0068259849985657026, 0.008720273056961129]], "chi2_level": 0.95, "chi2_df": 3, "chi2_threshold": 7.814727903251179, "N_raw": 50, "N_roi": 30, "N_inlier": 28, "refit": true}
{"timestamp": "17:57:58.355885", "frame": 25, "mu": [-2.347802667367039, 4.3562251805380905, 1.2653347712386789], "Sigma": [[0.0074604195653269175, 0.011156758100982931, -0.013830753273586785], [0.011156758100982931, 0.02812594096241039, -0.018358142611484402], [-0.013830753273586785, -0.018358142611484402, 0.028195904352226023]], "chi2_level": 0.95, "chi2_df": 3, "chi2_threshold": 7.814727903251179, "N_raw": 7, "N_roi": 5, "N_inlier": 5, "refit": true}
{"timestamp": "17:57:58.413372", "frame": 26, "mu": [-2.3639858797675735, 4.191088941991409, 1.0008769594433151], "Sigma": [[0.0071612117996223655, 0.003315975686233749, -0.0013801052008163357], [0.0033159756862337496, 0.004468369297073762, -0.0018720739412410006], [-0.0013801052008163357, -0.0018720739412410004, 0.0012914031529290856]], "chi2_level": 0.95, "chi2_df": 3, "chi2_threshold": 7.814727903251179, "N_raw": 27, "N_roi": 16, "N_inlier": 14, "refit": true}
{"timestamp": "17:57:58.465853", "frame": 27, "mu": [-2.2131475145559514, 4.344045571086906, 1.1460471692421428], "Sigma": [[0.00553518164525678, 0.010224918281710347, -0.007426673090460491], [0.010224918281710349, 0.021543592873003982, -0.014717948657699771], [-0.007426673090460491, -0.014717948657699768, 0.013116872144143546]], "chi2_level": 0.95, "chi2_df": 3, "chi2_threshold": 7.814727903251179, "N_raw": 8, "N_roi": 7, "N_inlier": 6, "refit": true}
{"timestamp": "17:57:58.523450", "frame": 28, "mu": [-2.1607125951373636, 4.347481956672059, 1.3915678499025346], "Sigma": [[0.027899362844824683, 0.012891400688581748, -0.003501334182278236], [0.012891400688581748, 0.007508820872258092, -0.0018726568457365757], [-0.003501334182278236, -0.0018726568457365757, 0.0004823826709250702]], "chi2_level": 0.95, "chi2_df": 3, "chi2_threshold": 7.814727903251179, "N_raw": 26, "N_roi": 26, "N_inlier": 25, "refit": true}
{"timestamp": "17:57:58.634780", "frame": 30, "mu": [-2.0722841147025215, 4.248683418118157, 1.17979642801126], "Sigma": [[0.027760408329194904, 0.010882180303629776, -0.007190439835393472], [0.010882180303629776, 0.009256478481903802, 7.690169840329872e-06], [-0.007190439835393471, 7.690169840329872e-06, 0.0061752182982379175]], "chi2_level": 0.95, "chi2_df": 3, "chi2_threshold": 7.814727903251179, "N_raw": 41, "N_roi": 40, "N_inlier": 38, "refit": true}
{"timestamp": "17:57:58.688943", "frame": 31, "mu": [-1.978916581323087, 4.265575395108505, 1.2072315619926492], "Sigma": [[0.019022193052322407, 0.0059480518501779135, -0.013202600493194917], [0.0059480518501779135, 0.004679826769140181, -0.00199804587421639], [-0.013202600493194917, -0.00199804587421639, 0.012641122795589698]], "chi2_level": 0.95, "chi2_df": 3, "chi2_threshold": 7.814727903251179, "N_raw": 27, "N_roi": 25, "N_inlier": 23, "refit": true}
{"timestamp": "17:57:58.744798", "frame": 32, "mu": [-1.9042500131998223, 4.262484347221162, 1.2159229038438393], "Sigma": [[0.03094153138722197, 0.009689451620384568, -0.019856618866540054], [0.00968945162038457, 0.007207525196746928, -0.005617126193802849], [-0.019856618866540054, -0.005617126193802849, 0.014111915460643198]], "chi2_level": 0.95, "chi2_df": 3, "chi2_threshold": 7.814727903251179, "N_raw": 42, "N_roi": 40, "N_inlier": 40, "refit": true}
{"timestamp": "17:57:58.802045", "frame": 33, "mu": [-1.8616925581694852, 4.342650513342643, 0.43531703858008924], "Sigma": [[0.030612592212090665, 0.011605476196422871, -0.01351652724368771], [0.011605476196422871, 0.008305424884262889, -0.0029167957474406014], [-0.01351652724368771, -0.0029167957474406014, 0.008955112826128408]], "chi2_level": 0.95, "chi2_df": 3, "chi2_threshold": 7.814727903251179, "N_raw": 44, "N_roi": 43, "N_inlier": 42, "refit": true}
{"timestamp": "17:57:58.851615", "frame": 34, "mu": [-1.752065880381815, 4.387602786408697, 1.4265308201097007], "Sigma": [[0.007590952157031356, 0.0020994647174653854, -0.002365884587137916], [0.0020994647174653854, 0.00364113488944676, 0.0052358617195808095], [-0.002365884587137916, 0.0052358617195808095, 0.012096750215386611]], "chi2_level": 0.95, "chi2_df": 3, "chi2_threshold": 7.814727903251179, "N_raw": 15, "N_roi": 15, "N_inlier": 13, "refit": true}
{"timestamp": "17:57:58.910801", "frame": 35, "mu": [-1.644995880336737, 4.294937249383134, 1.1491853145841109], "Sigma": [[0.02793175254063706, 0.0008782638074016466, -0.035211438107332876], [0.0008782638074016466, 0.00399899649908478, 0.001955561560848912], [-0.035211438107332876, 0.0019555615608489126, 0.050314235993266676]], "chi2_level": 0.95, "chi2_df": 3, "chi2_threshold": 7.814727903251179, "N_raw": 41, "N_roi": 38, "N_inlier": 36, "refit": true}
{"timestamp": "17:57:58.960256", "frame": 36, "mu": [-1.6786046339854364, 4.492809997259319, 0.2834443714573987], "Sigma": [[0.009196998358493547, -0.005527883509689213, 0.007957971068885192], [-0.005527883509689213, 0.014979829130446626, -0.017925277561944016], [0.007957971068885192, -0.017925277561944016, 0.03138775411726861]], "chi2_level": 0.95, "chi2_df": 3, "chi2_threshold": 7.814727903251179, "N_raw": 10, "N_roi": 7, "N_inlier": 7, "refit": true}
{"timestamp": "17:57:59.023691", "frame": 37, "mu": [-1.6584733965317355, 4.345084323793531, 1.3481527151022636], "Sigma": [[0.030339483967607245, 0.00662849319289229, -0.013775956713150506], [0.00662849319289229, 0.006335552640778987, -0.004541130728298429], [-0.013775956713150506, -0.004541130728298429, 0.009481657504019908]], "chi2_level": 0.95, "chi2_df": 3, "chi2_threshold": 7.814727903251179, "N_raw": 61, "N_roi": 51, "N_inlier": 49, "refit": true}
{"timestamp": "17:57:59.074701", "frame": 38, "mu": [-1.6174315521914686, 4.406749865264875, 1.1864828957128228], "Sigma": [[0.01682340870724136, 0.005296833767806769, -0.004170782221890945], [0.00529683376780677, 0.003603553496442719, -0.0022686127789478534], [-0.004170782221890946, -0.0022686127789478534, 0.0035917690836031664]], "chi2_level": 0.95, "chi2_df": 3, "chi2_threshold": 7.814727903251179, "N_raw": 31, "N_roi": 21, "N_inlier": 19, "refit": true}
{"timestamp": "17:57:59.129422", "frame": 39, "mu": [-1.4623966183521013, 4.42463046826024, 1.3773361331968883], "Sigma": [[0.020186320482016573, 0.0061337312210070355, -0.008161275355756246], [0.006133731221007035, 0.005494331597723698, -0.002787794644247693], [-0.008161275355756246, -0.002787794644247693, 0.005341690378226808]], "chi2_level": 0.95, "chi2_df": 3, "chi2_threshold": 7.814727903251179, "N_raw": 31, "N_roi": 31, "N_inlier": 31, "refit": true}
{"timestamp": "17:57:59.190161", "frame": 40, "mu": [-1.465757992347136, 4.442014674606429, 0.4366025075887637], "Sigma": [[0.02803453800049783, 0.006754112626345756, -0.0065815923026981285], [0.006754112626345756, 0.007315890526078368, -0.0027695409819055734], [-0.0065815923026981285, -0.002769540981905574, 0.004350471196046163]], "chi2_level": 0.95, "chi2_df": 3, "chi2_threshold": 7.814727903251179, "N_raw": 73, "N_roi": 49, "N_inlier": 48, "refit": true}
{"timestamp": "17:57:59.247779", "frame": 41, "mu": [-1.3406715003364422, 4.425983768604031, 1.276728033848051], "Sigma": [[0.027187736313007548, 0.0026277622334360457, -0.011355807283032041], [0.0026277622334360453, 0.006963179621477651, -0.000781490526212288], [-0.011355807283032041, -0.0007814905262122881, 0.006980265514094089]], "chi2_level": 0.95, "chi2_df": 3, "chi2_threshold": 7.814727903251179, "N_raw": 79, "N_roi": 57, "N_inlier": 55, "refit": true}
{"timestamp": "17:57:59.295508", "frame": 42, "mu": [-1.254975486101637, 4.458421957716408, 1.3610146427286542], "Sigma": [[0.016742038557276254, 0.001908396836004109, -0.01098656787624326], [0.0019083968360041094, 0.004606297337583907, 0.0014581261024050598], [-0.01098656787624326, 0.0014581261024050598, 0.011960611716789834]], "chi2_level": 0.95, "chi2_df": 3, "chi2_threshold": 7.814727903251179, "N_raw": 40, "N_roi": 36, "N_inlier": 33, "refit": true}
{"timestamp": "17:57:59.348149", "frame": 43, "mu": [-1.1590763840886134, 4.418627666279214, 1.1637437198253044], "Sigma": [[0.008420908648117916, 0.0011749904306607526, -0.0032533823110584307], [0.0011749904306607526, 0.0022688957463055446, -0.0003982704450663931], [-0.0032533823110584307, -0.0003982704450663932, 0.002684338612336981]], "chi2_level": 0.95, "chi2_df": 3, "chi2_threshold": 7.814727903251179, "N_raw": 22, "N_roi": 20, "N_inlier": 17, "refit": true}
{"timestamp": "17:57:59.403123", "frame": 44, "mu": [-1.1655200607944294, 4.432767559106169, 1.2791157261658277], "Sigma": [[0.022510906033396845, 0.004000508599535503, -0.010334140998560662], [0.004000508599535503, 0.002818406511179158, 0.0005964665332791678], [-0.01033414099856066, 0.0005964665332791679, 0.008955626777061066]], "chi2_level": 0.95, "chi2_df": 3, "chi2_threshold": 7.814727903251179, "N_raw": 28, "N_roi": 26, "N_inlier": 25, "refit": true}
{"timestamp": "17:57:59.459756", "frame": 45, "mu": [-1.0879936287882432, 4.43952720027214, 1.3664010480784046], "Sigma": [[0.023116730219039348, 0.0056430988408346355, -0.0028560414416667324], [0.0056430988408346355, 0.006034219798315367, 0.0072572895568256655], [-0.0028560414416667324, 0.0072572895568256655, 0.01499290764916097]], "chi2_level": 0.95, "chi2_df": 3, "chi2_threshold": 7.814727903251179, "N_raw": 40, "N_roi": 37, "N_inlier": 35, "refit": true}
{"timestamp": "17:57:59.514054", "frame": 46, "mu": [-1.118130682746351, 4.365921881012614, 1.1934555081615457], "Sigma": [[0.020458003718871198, 0.004004559553046237, -0.007345566790210765], [0.004004559553046238, 0.0022624391144681084, -0.001123250825020695], [-0.007345566790210765, -0.001123250825020695, 0.004363134214974785]], "chi2_level": 0.95, "chi2_df": 3, "chi2_threshold": 7.814727903251179, "N_raw": 31, "N_roi": 25, "N_inlier": 24, "refit": true}
{"timestamp": "17:57:59.620993", "frame": 48, "mu": [-0.8958917744988579, 4.445764845547824, 0.8283163080722544], "Sigma": [[0.01024377599876956, 0.008820707447969754, -0.02710451993382025], [0.008820707447969754, 0.011783983361984857, -0.02800147460627068], [-0.02710451993382025, -0.028001474606270685, 0.08517724526262248]], "chi2_level": 0.95, "chi2_df": 3, "chi2_threshold": 7.814727903251179, "N_raw": 9, "N_roi": 7, "N_inlier": 7, "refit": true}
{"timestamp": "17:57:59.677609", "frame": 49, "mu": [-0.9512324589279189, 4.433679375070466, 1.0865855536978206], "Sigma": [[0.009041424757960059, 0.0023258272891319744, -0.003408738317013783], [0.0023258272891319744, 0.004130042765521306, 0.0008247410026142685], [-0.003408738317013783, 0.0008247410026142686, 0.0036187415187238807]], "chi2_level": 0.95, "chi2_df": 3, "chi2_threshold": 7.814727903251179, "N_raw": 23, "N_roi": 19, "N_inlier": 17, "refit": true}
{"timestamp": "17:57:59.788862", "frame": 51, "mu": [-0.7597715395287157, 4.3786425266571625, 1.206371959921903], "Sigma": [[0.02597411261416678, 0.002858087119037868, -0.0076938223832090265], [0.0028580871190378686, 0.004273400337574838, 0.0014454136153550705], [-0.0076938223832090265, 0.0014454136153550707, 0.004748509660622761]], "chi2_level": 0.95, "chi2_df": 3, "chi2_threshold": 7.814727903251179, "N_raw": 35, "N_roi": 35, "N_inlier": 35, "refit": true}
{"timestamp": "17:57:59.845084", "frame": 52, "mu": [-0.6866873286360443, 4.424033252959708, 1.2902467658830192], "Sigma": [[0.029341708347337715, 0.004147551271453996, -0.008572506680661594], [0.004147551271453996, 0.004376100947267205, 0.0012356935354525377], [-0.008572506680661595, 0.0012356935354525377, 0.004969458007036852]], "chi2_level": 0.95, "chi2_df": 3, "chi2_threshold": 7.814727903251179, "N_raw": 41, "N_roi": 38, "N_inlier": 37, "refit": true}
{"timestamp": "17:57:59.898183", "frame": 53, "mu": [-0.6430431906766437, 4.392315802305234, 1.1560526099621815], "Sigma": [[0.025908233251850862, 0.0025637123063688184, -0.007010707669084945], [0.0025637123063688184, 0.0018296272062310838, -0.0009757549808780776], [-0.007010707669084945, -0.0009757549808780776, 0.003205035195856995]], "chi2_level": 0.95, "chi2_df": 3, "chi2_threshold": 7.814727903251179, "N_raw": 26, "N_roi": 26, "N_inlier": 25, "refit": true}
{"timestamp": "17:57:59.952939", "frame": 54, "mu": [-0.5290229329586711, 4.368358740808071, 1.2840303791195384], "Sigma": [[0.023875601628159375, 0.0013452958185783633, -0.009110890988154149], [0.0013452958185783636, 0.0015386347319923273, -0.0008137759525148785], [-0.009110890988154149, -0.0008137759525148785, 0.004765477474291103]], "chi2_level": 0.95, "chi2_df": 3, "chi2_threshold": 7.814727903251179, "N_raw": 26, "N_roi": 26, "N_inlier": 24, "refit": true}
{"timestamp": "17:58:00.005813", "frame": 55, "mu": [-0.5926836545792546, 4.485079559295582, 0.5144416306182769], "Sigma": [[0.00011896061822511735, -3.434117100042217e-05, -0.0005222896120236565], [-3.434117100042217e-05, 0.0075996677383950734, -0.0031039712839245116], [-0.0005222896120236565, -0.003103971283924511, 0.004055983394007009]], "chi2_level": 0.95, "chi2_df": 3, "chi2_threshold": 7.814727903251179, "N_raw": 11, "N_roi": 5, "N_inlier": 5, "refit": true}
{"timestamp": "17:58:00.119822", "frame": 57, "mu": [-0.4660141028594603, 4.467406982696319, 1.2292423665137686], "Sigma": [[0.021029482362886542, 0.0008148973429113082, -0.007752685452716906], [0.0008148973429113082, 0.0021401257207522674, -0.0034697438071382277], [-0.007752685452716906, -0.0034697438071382277, 0.009453703160657193]], "chi2_level": 0.95, "chi2_df": 3, "chi2_threshold": 7.814727903251179, "N_raw": 37, "N_roi": 33, "N_inlier": 31, "refit": true}
{"timestamp": "17:58:00.171065", "frame": 58, "mu": [-0.4052060044107849, 4.477364081209469, 1.4429094721616806], "Sigma": [[0.003414937229066181, -0.0014023481537754846, -0.002344806124871854], [-0.0014023481537754846, 0.0032510189857107505, -0.001773470728844857], [-0.0023448061248718542, -0.0017734707288448574, 0.0050045833246326115]], "chi2_level": 0.95, "chi2_df": 3, "chi2_threshold": 7.814727903251179, "N_raw": 9, "N_roi": 5, "N_inlier": 5, "refit": true}
{"timestamp": "17:58:00.230111", "frame": 59, "mu": [-0.3751473962416622, 4.548731307679866, 0.668701188977973], "Sigma": [[0.02321697568031277, 0.0023716330132223865, -0.0027911742757313653], [0.0023716330132223865, 0.0007941425003688515, -4.924952787219749e-06], [-0.0027911742757313653, -4.9249527872197765e-06, 0.0005962681752073742]], "chi2_level": 0.95, "chi2_df": 3, "chi2_threshold": 7.814727903251179, "N_raw": 35, "N_roi": 13, "N_inlier": 13, "refit": true}
{"timestamp": "17:58:00.280377", "frame": 60, "mu": [-0.302072235465992, 4.52432143838892, 1.1423246475238333], "Sigma": [[0.004067161964690597, 0.0002341718630656564, -0.002295698677100162], [0.0002341718630656564, 0.0011784342650964085, 3.1305382820186276e-05], [-0.002295698677100162, 3.130538282018622e-05, 0.0024035718414907566]], "chi2_level": 0.95, "chi2_df": 3, "chi2_threshold": 7.814727903251179, "N_raw": 11, "N_roi": 8, "N_inlier": 7, "refit": true}
{"timestamp": "17:58:00.338810", "frame": 61, "mu": [-0.2625593222072851, 4.553676959113737, 1.4060776515628686], "Sigma": [[0.02255471972849965, 0.0007840773546464626, -0.011883448804269864], [0.0007840773546464626, 0.0022106760267630735, -0.0023518992222291753], [-0.011883448804269864, -0.0023518992222291758, 0.010258668244503407]], "chi2_level": 0.95, "chi2_df": 3, "chi2_threshold": 7.814727903251179, "N_raw": 35, "N_roi": 32, "N_inlier": 31, "refit": true}
{"timestamp": "17:58:00.394653", "frame": 62, "mu": [-0.15529175832420583, 4.595358497407862, 0.4410038211820565], "Sigma": [[0.01914081567469803, 0.003108391837292085, -0.009013553217201226], [0.003108391837292084, 0.0029830348735379432, -0.0021296735024484846], [-0.009013553217201226, -0.0021296735024484846, 0.005554248759446971]], "chi2_level": 0.95, "chi2_df": 3, "chi2_threshold": 7.814727903251179, "N_raw": 33, "N_roi": 30, "N_inlier": 29, "refit": true}
{"timestamp": "17:58:00.500393", "frame": 64, "mu": [-0.019857959501311362, 4.509160279123481, 1.310216766270898], "Sigma": [[0.0005239354005026342, -0.001678302347133224, 0.0002564499599448316], [-0.001678302347133224, 0.0071305924666540755, -0.0010897261211234343], [0.0002564499599448316, -0.0010897261211234345, 0.0001675597726235675]], "chi2_level": 0.95, "chi2_df": 3, "chi2_threshold": 7.814727903251179, "N_raw": 7, "N_roi": 5, "N_inlier": 5, "refit": true}
{"timestamp": "17:58:00.557713", "frame": 65, "mu": [0.058390808551410815, 4.436255784385149, 1.1652174758487233], "Sigma": [[0.021612918022422455, -0.0022477842502867645, -0.011714142715127406], [-0.0022477842502867645, 0.0010685545344190329, 0.0002434077344674577], [-0.011714142715127406, 0.00024340773446745765, 0.010243184273478067]], "chi2_level": 0.95, "chi2_df": 3, "chi2_threshold": 7.814727903251179, "N_raw": 28, "N_roi": 25, "N_inlier": 24, "refit": true}
{"timestamp": "17:58:00.668999", "frame": 67, "mu": [0.11268196448046458, 4.418316110401521, 1.0787558404167248], "Sigma": [[0.019228500420436626, -0.0020391634110055352, -0.008199532958273865], [-0.0020391634110055352, 0.0020946009353906437, 0.0013721344625713837], [-0.008199532958273865, 0.0013721344625713837, 0.004600295690698871]], "chi2_level": 0.95, "chi2_df": 3, "chi2_threshold": 7.814727903251179, "N_raw": 30, "N_roi": 25, "N_inlier": 24, "refit": true}
{"timestamp": "17:58:00.779598", "frame": 69, "mu": [0.20102322712979037, 4.437613867713274, 1.17768083648064], "Sigma": [[0.022353627076010508, -0.0023360138158197786, -0.0077923485295370905], [-0.0023360138158197786, 0.0017693523425909745, 0.0005573427250031204], [-0.0077923485295370905, 0.0005573427250031206, 0.004511980999924288]], "chi2_level": 0.95, "chi2_df": 3, "chi2_threshold": 7.814727903251179, "N_raw": 31, "N_roi": 29, "N_inlier": 26, "refit": true}
{"timestamp": "17:58:00.831599", "frame": 70, "mu": [0.3534458905641582, 4.610801747916838, 1.1772033430458262], "Sigma": [[0.01458803546675512, 0.023701491475796643, -0.015642615520170565], [0.023701491475796643, 0.04059154618923667, -0.02333796261686681], [-0.015642615520170565, -0.02333796261686681, 0.021767215500752106]], "chi2_level": 0.95, "chi2_df": 3, "chi2_threshold": 7.814727903251179, "N_raw": 10, "N_roi": 7, "N_inlier": 7, "refit": true}
{"timestamp": "17:58:00.889768", "frame": 71, "mu": [0.36343352542660556, 4.491776584281192, 1.2753346492289317], "Sigma": [[0.015261519295164448, -0.0041423806341457136, -0.0038653529252561454], [-0.0041423806341457136, 0.007069279976678253, -0.001189670387523102], [-0.003865352925256146, -0.0011896703875231014, 0.013197300440386023]], "chi2_level": 0.95, "chi2_df": 3, "chi2_threshold": 7.814727903251179, "N_raw": 38, "N_roi": 33, "N_inlier": 31, "refit": true}
{"timestamp": "17:58:00.942897", "frame": 72, "mu": [0.4606533585435856, 4.517289463711302, 1.4099441468982565], "Sigma": [[0.011531092443668898, -0.002306987090796778, -0.010297094606448776], [-0.002306987090796778, 0.0032514067108776984, 0.006274756096386901], [-0.010297094606448776, 0.006274756096386901, 0.01744387143475248]], "chi2_level": 0.95, "chi2_df": 3, "chi2_threshold": 7.814727903251179, "N_raw": 26, "N_roi": 22, "N_inlier": 19, "refit": true}
{"timestamp": "17:58:01.001317", "frame": 73, "mu": [0.410776354382682, 4.568799340651025, 1.6516046473077286], "Sigma": [[0.022500957510662965, -0.003836092815624933, -0.013601952784216269], [-0.003836092815624933, 0.0037688418081823437, 0.004808741676149652], [-0.013601952784216269, 0.004808741676149652, 0.012321191061618032]], "chi2_level": 0.95, "chi2_df": 3, "chi2_threshold": 7.814727903251179, "N_raw": 41, "N_roi": 37, "N_inlier": 34, "refit": true}
{"timestamp": "17:58:01.053298", "frame": 74, "mu": [0.5549639839164746, 4.537268823669138, 1.3720845808610296], "Sigma": [[0.01343416187953206, -0.003162628466277357, -0.011038683504315867], [-0.003162628466277357, 0.003299419471240372, 0.0020278952978446674], [-0.011038683504315867, 0.002027895297844667, 0.0138385158846138]], "chi2_level": 0.95, "chi2_df": 3, "chi2_threshold": 7.814727903251179, "N_raw": 23, "N_roi": 21, "N_inlier": 20, "refit": true}
{"timestamp": "17:58:01.108949", "frame": 75, "mu": [0.5033307514752136, 4.59289817787791, 1.5387363621956525], "Sigma": [[0.019862218282024773, -0.003535404041476125, -0.008513585464193483], [-0.0035354040414761253, 0.002993593298666321, 0.002728323147004708], [-0.008513585464193483, 0.002728323147004708, 0.006834908943721216]], "chi2_level": 0.95, "chi2_df": 3, "chi2_threshold": 7.814727903251179, "N_raw": 29, "N_roi": 29, "N_inlier": 25, "refit": true}
{"timestamp": "17:58:01.162758", "frame": 76, "mu": [0.5716112736919887, 4.568546209278527, 0.6132214431850224], "Sigma": [[0.008283671542968758, 0.0007707989525598776, -0.006911141618368514], [0.0007707989525598777, 0.001878843940634748, -0.00035145803472980304], [-0.0069111416183685135, -0.00035145803472980304, 0.008303732628383522]], "chi2_level": 0.95, "chi2_df": 3, "chi2_threshold": 7.814727903251179, "N_raw": 17, "N_roi": 16, "N_inlier": 16, "refit": true}
{"timestamp": "17:58:01.217238", "frame": 77, "mu": [0.5871916691928449, 4.582627385267106, 0.49570556136458194], "Sigma": [[0.011880713532210405, 0.000131794731757385, -0.008258983791409146], [0.0001317947317573849, 0.0016065137688530489, 0.0006223595000916864], [-0.008258983791409146, 0.0006223595000916864, 0.009171704914702527]], "chi2_level": 0.95, "chi2_df": 3, "chi2_threshold": 7.814727903251179, "N_raw": 20, "N_roi": 19, "N_inlier": 19, "refit": true}
{"timestamp": "17:58:01.271356", "frame": 78, "mu": [0.7121420307266308, 4.503705694558677, 1.2384926540855536], "Sigma": [[0.00893318597842844, -0.0016793997281554637, -0.007626591288422659], [-0.0016793997281554637, 0.0009669589190588944, -0.0009696650105149554], [-0.00762659128842266, -0.0009696650105149553, 0.0189108400395192]], "chi2_level": 0.95, "chi2_df": 3, "chi2_threshold": 7.814727903251179, "N_raw": 11, "N_roi": 11, "N_inlier": 11, "refit": true}
{"timestamp": "17:58:01.381918", "frame": 80, "mu": [0.8220621443379108, 4.553123360503854, 1.2723436408236966], "Sigma": [[0.008441940864216341, -0.000987064132768758, -0.006295775407527805], [-0.000987064132768758, 0.0012965388977148025, -0.0016525351032842875], [-0.006295775407527805, -0.0016525351032842875, 0.01399920721900052]], "chi2_level": 0.95, "chi2_df": 3, "chi2_threshold": 7.814727903251179, "N_raw": 20, "N_roi": 17, "N_inlier": 14, "refit": true}
{"timestamp": "17:58:01.440916", "frame": 81, "mu": [0.8304299436268492, 4.664272839766118, 0.17805209569126518], "Sigma": [[0.013871272928013026, -0.00043889474148105885, 0.03715924060853866], [-0.00043889474148105896, 0.010577550049701052, -0.03472382587988633], [0.03715924060853866, -0.03472382587988633, 0.31114335795563847]], "chi2_level": 0.95, "chi2_df": 3, "chi2_threshold": 7.814727903251179, "N_raw": 44, "N_roi": 39, "N_inlier": 37, "refit": true}
{"timestamp": "17:58:01.491935", "frame": 82, "mu": [0.8815468078017332, 4.634783758719641, 1.3603874366514246], "Sigma": [[0.008011907958988193, -0.002258223866985175, -0.0022482216166392725], [-0.002258223866985175, 0.003230464608336511, -0.00880734906649213], [-0.0022482216166392725, -0.00880734906649213, 0.11556667898970863]], "chi2_level": 0.95, "chi2_df": 3, "chi2_threshold": 7.814727903251179, "N_raw": 17, "N_roi": 15, "N_inlier": 15, "refit": true}
{"timestamp": "17:58:01.547361", "frame": 83, "mu": [0.9757378556247733, 4.659190362945658, 1.2540944241676586], "Sigma": [[0.010511197202282644, -0.0027687337720180387, 0.0008508765405187712], [-0.0027687337720180387, 0.002547844660790426, -0.0029593780252478814], [0.0008508765405187721, -0.002959378025247881, 0.05463402663196985]], "chi2_level": 0.95, "chi2_df": 3, "chi2_threshold": 7.814727903251179, "N_raw": 19, "N_roi": 17, "N_inlier": 16, "refit": true}
{"timestamp": "17:58:01.655956", "frame": 85, "mu": [1.166664300185056, 4.6815833963374525, 1.2570733055529928], "Sigma": [[0.009907686880233114, 0.0035009164936494943, -0.02742967612327507], [0.0035009164936494943, 0.0018484918496620296, -0.006381624384976583], [-0.02742967612327507, -0.0063816243849765825, 0.09627636651163125]], "chi2_level": 0.95, "chi2_df": 3, "chi2_threshold": 7.814727903251179, "N_raw": 7, "N_roi": 7, "N_inlier": 6, "refit": true}
{"timestamp": "17:58:01.710022", "frame": 86, "mu": [1.2078342568198357, 4.606862793033895, 1.3124822288361786], "Sigma": [[0.0006918830902856133, 0.0009903458362656998, -0.00013570537315807707], [0.0009903458362656998, 0.0063337544326251705, -0.0009638720570889529], [-0.00013570537315807707, -0.0009638720570889529, 0.00014812683126187425]], "chi2_level": 0.95, "chi2_df": 3, "chi2_threshold": 7.814727903251179, "N_raw": 5, "N_roi": 5, "N_inlier": 5, "refit": true}
{"timestamp": "17:58:01.764576", "frame": 87, "mu": [1.265495306454484, 4.578979531593509, 1.2687601799705293], "Sigma": [[0.0005309475247895943, 0.0011490490226704207, 0.00017763348828541678], [0.0011490490226704205, 0.00835942405103642, 0.003444266142567059], [0.00017763348828541678, 0.0034442661425670585, 0.004687144104842106]], "chi2_level": 0.95, "chi2_df": 3, "chi2_threshold": 7.814727903251179, "N_raw": 6, "N_roi": 5, "N_inlier": 5, "refit": true}
{"timestamp": "17:58:01.820815", "frame": 88, "mu": [1.3636306847421755, 4.606149493550617, 1.0836972839099044], "Sigma": [[0.009657917585967487, 0.009906538852278553, -0.036427462116595775], [0.009906538852278553, 0.01953982854703427, -0.031176744235811814], [-0.036427462116595775, -0.031176744235811807, 0.1501165217345597]], "chi2_level": 0.95, "chi2_df": 3, "chi2_threshold": 7.814727903251179, "N_raw": 9, "N_roi": 6, "N_inlier": 6, "refit": true}
{"timestamp": "17:58:02.040020", "frame": 92, "mu": [1.2570471301004793, 3.9808535578087225, 0.4868498294986427], "Sigma": [[0.2401582352058941, 0.7445564178494424, 0.11186629194145883], [0.7445564178494424, 2.3514516994192105, 0.28716023647132277], [0.11186629194145883, 0.28716023647132277, 0.13953113845103543]], "chi2_level": 0.95, "chi2_df": 3, "chi2_threshold": 7.814727903251179, "N_raw": 7, "N_roi": 5, "N_inlier": 5, "refit": true}
{"timestamp": "17:58:02.095536", "frame": 93, "mu": [1.5262750650106225, 4.635781214659001, 1.0958667006000713], "Sigma": [[0.0005332734225235239, -0.0029092426931622635, 0.0081943121734092], [-0.002909242693162263, 0.03300590104020767, -0.05059292945132335], [0.0081943121734092, -0.05059292945132335, 0.16200517086160363]], "chi2_level": 0.95, "chi2_df": 3, "chi2_threshold": 7.814727903251179, "N_raw": 9, "N_roi": 6, "N_inlier": 6, "refit": true}
{"timestamp": "17:58:02.150956", "frame": 94, "mu": [1.669182812227848, 4.549615204725651, 1.2534139462215739], "Sigma": [[0.004519399547290095, 0.004817601115983507, -0.016402566608090793], [0.004817601115983507, 0.01686297486627572, -0.032982040888178375], [-0.016402566608090793, -0.032982040888178375, 0.1134365663572808]], "chi2_level": 0.95, "chi2_df": 3, "chi2_threshold": 7.814727903251179, "N_raw": 11, "N_roi": 9, "N_inlier": 9, "refit": true}
{"timestamp": "17:58:02.540866", "frame": 100, "mu": [1.861477465542132, 4.524072865291659, 1.3919077579988426], "Sigma": [[0.003646180915283552, 0.0026990318652974554, -0.008134080742079995], [0.0026990318652974554, 0.002368799190401855, -0.006054784724036087], [-0.008134080742079995, -0.006054784724036088, 0.02094863598523651]], "chi2_level": 0.95, "chi2_df": 3, "chi2_threshold": 7.814727903251179, "N_raw": 8, "N_roi": 5, "N_inlier": 5, "refit": true}
{"timestamp": "17:58:02.576420", "frame": 101, "mu": [1.922366021195644, 4.472577498979199, 1.203811939671705], "Sigma": [[0.010287136229857033, 0.0007850039117814923, -0.025309579372168833], [0.0007850039117814922, 0.0003081146087585282, -0.0006499694722918766], [-0.025309579372168833, -0.0006499694722918766, 0.06918362196973608]], "chi2_level": 0.95, "chi2_df": 3, "chi2_threshold": 7.814727903251179, "N_raw": 5, "N_roi": 5, "N_inlier": 5, "refit": true}
{"timestamp": "17:58:02.866495", "frame": 107, "mu": [2.1683379126841165, 4.459730623692864, 1.162750638052097], "Sigma": [[0.012756491036841296, -0.004456082276666745, 9.318414802206364e-05], [-0.004456082276666745, 0.003657835278101895, -0.00044337999086201504], [9.318414802206358e-05, -0.00044337999086201504, 0.0002589271076237418]], "chi2_level": 0.95, "chi2_df": 3, "chi2_threshold": 7.814727903251179, "N_raw": 21, "N_roi": 18, "N_inlier": 16, "refit": true}
{"timestamp": "17:58:02.924021", "frame": 108, "mu": [2.1242432916250515, 4.449805011716228, 1.0975107084139908], "Sigma": [[0.028350769630633058, -0.013862114382935605, -0.00988000305592703], [-0.013862114382935605, 0.00951358445306237, 0.004951161767167085], [-0.00988000305592703, 0.004951161767167085, 0.005060965134649099]], "chi2_level": 0.95, "chi2_df": 3, "chi2_threshold": 7.814727903251179, "N_raw": 34, "N_roi": 30, "N_inlier": 29, "refit": true}
{"timestamp": "17:58:02.981119", "frame": 109, "mu": [2.162171192045922, 4.469343097500831, 1.1511723900049995], "Sigma": [[0.017702501151845244, -0.004633779516332975, -0.0011533506583219677], [-0.004633779516332974, 0.0027551126431670657, 2.6230904480962767e-05], [-0.0011533506583219677, 2.6230904480962835e-05, 0.00030281716939708434]], "chi2_level": 0.95, "chi2_df": 3, "chi2_threshold": 7.814727903251179, "N_raw": 47, "N_roi": 14, "N_inlier": 13, "refit": true}
{"timestamp": "17:58:03.033026", "frame": 110, "mu": [2.070448281267061, 4.437113599523025, 1.1327782554494323], "Sigma": [[0.02256390748534932, -0.0042780325009470575, -0.0053503643595481185], [-0.0042780325009470575, 0.0022785315002335914, 0.0006306505776984587], [-0.005350364359548117, 0.0006306505776984586, 0.0019614846112515558]], "chi2_level": 0.95, "chi2_df": 3, "chi2_threshold": 7.814727903251179, "N_raw": 21, "N_roi": 16, "N_inlier": 15, "refit": true}
{"timestamp": "17:58:03.089595", "frame": 111, "mu": [2.231200436257657, 4.417532690253317, 1.0328570997753346], "Sigma": [[0.025594484529558037, -0.0125652678719309, -0.006348883368042871], [-0.012565267871930902, 0.008745389140482738, 0.0009759808543950191], [-0.006348883368042871, 0.000975980854395019, 0.005727645329587877]], "chi2_level": 0.95, "chi2_df": 3, "chi2_threshold": 7.814727903251179, "N_raw": 40, "N_roi": 34, "N_inlier": 32, "refit": true}
{"timestamp": "17:58:03.144908", "frame": 112, "mu": [2.3001203190982653, 4.383986971430502, 1.1750835857519788], "Sigma": [[0.015453740410027837, -0.006121901770381382, -9.382918625287388e-05], [-0.006121901770381382, 0.004383214459584658, -0.0002526935706209205], [-9.382918625287385e-05, -0.0002526935706209205, 0.00033326954447011577]], "chi2_level": 0.95, "chi2_df": 3, "chi2_threshold": 7.814727903251179, "N_raw": 40, "N_roi": 21, "N_inlier": 19, "refit": true}
{"timestamp": "17:58:03.201307", "frame": 113, "mu": [2.361311750968978, 4.289985457873165, 1.0819601265621954], "Sigma": [[0.004395524295274369, -0.0022735447284239606, -0.003888101417930067], [-0.0022735447284239606, 0.002947868308000213, -2.026149209757855e-06], [-0.003888101417930067, -2.0261492097579633e-06, 0.0076003146354461345]], "chi2_level": 0.95, "chi2_df": 3, "chi2_threshold": 7.814727903251179, "N_raw": 47, "N_roi": 10, "N_inlier": 9, "refit": true}
{"timestamp": "17:58:03.255021", "frame": 114, "mu": [2.2617095938531464, 4.324028731649966, 1.1860365686228644], "Sigma": [[0.010231467129614147, -0.0053908001003823225, -9.580764768203688e-05], [-0.0053908001003823225, 0.004398108510025341, -0.0004299592144195348], [-9.580764768203685e-05, -0.0004299592144195348, 0.00040717827983168073]], "chi2_level": 0.95, "chi2_df": 3, "chi2_threshold": 7.814727903251179, "N_raw": 31, "N_roi": 18, "N_inlier": 15, "refit": true}
{"timestamp": "17:58:03.306580", "frame": 115, "mu": [2.3453821135049724, 4.276121971281319, 1.2317752594866942], "Sigma": [[0.006005563369700318, 0.0024806905748927387, -0.008888086184598097], [0.0024806905748927387, 0.0024335389703937353, -0.0011352423214725624], [-0.008888086184598095, -0.0011352423214725624, 0.01795118312677758]], "chi2_level": 0.95, "chi2_df": 3, "chi2_threshold": 7.814727903251179, "N_raw": 9, "N_roi": 5, "N_inlier": 5, "refit": true}
{"timestamp": "17:58:03.361226", "frame": 116, "mu": [2.370164613091273, 4.218541284178952, 1.3067016880741238], "Sigma": [[0.003016803627464943, -0.0008977606593860864, -0.0032585513130205766], [-0.0008977606593860861, 0.0030820686955548558, -0.0025520760611386093], [-0.0032585513130205766, -0.0025520760611386093, 0.011054219522952543]], "chi2_level": 0.95, "chi2_df": 3, "chi2_threshold": 7.814727903251179, "N_raw": 16, "N_roi": 6, "N_inlier": 6, "refit": true}
{"timestamp": "17:58:03.419479", "frame": 117, "mu": [2.324416403949808, 4.207923582948466, 1.2643959756504006], "Sigma": [[0.008915414999319913, -0.005143022170391101, -0.005620149263081858], [-0.005143022170391101, 0.005594733291932079, 0.0013998755975494913], [-0.005620149263081858, 0.0013998755975494913, 0.008948674226209237]], "chi2_level": 0.95, "chi2_df": 3, "chi2_threshold": 7.814727903251179, "N_raw": 41, "N_roi": 22, "N_inlier": 20, "refit": true}
{"timestamp": "17:58:03.472095", "frame": 118, "mu": [2.210739492857112, 4.363396513542941, 0.31601453502371474], "Sigma": [[0.005675985623879638, -0.004706059060919044, -0.0013911096839979782], [-0.004706059060919044, 0.006606800094628685, -0.0004915008379551461], [-0.0013911096839979782, -0.0004915008379551461, 0.003114697107843349]], "chi2_level": 0.95, "chi2_df": 3, "chi2_threshold": 7.814727903251179, "N_raw": 15, "N_roi": 12, "N_inlier": 11, "refit": true}
{"timestamp": "17:58:03.525895", "frame": 119, "mu": [2.361735575850031, 4.108697690625328, 1.2372248967795247], "Sigma": [[0.0034124680229445222, -0.0009593313384929992, -0.009509205885932993], [-0.0009593313384929992, 0.003263883965697595, -0.004120238071301476], [-0.009509205885932993, -0.004120238071301477, 0.04423604535356014]], "chi2_level": 0.95, "chi2_df": 3, "chi2_threshold": 7.814727903251179, "N_raw": 11, "N_roi": 7, "N_inlier": 7, "refit": true}
{"timestamp": "17:58:03.581975", "frame": 120, "mu": [2.2604074092044533, 4.2053037749230215, 0.41689789746860156], "Sigma": [[0.0015680096342463189, 0.0022401766316096834, -0.0026952791270357726], [0.0022401766316096834, 0.007686323988427707, -0.0064310530235030345], [-0.0026952791270357726, -0.0064310530235030345, 0.00775357920118118]], "chi2_level": 0.95, "chi2_df": 3, "chi2_threshold": 7.814727903251179, "N_raw": 11, "N_roi": 5, "N_inlier": 5, "refit": true}
{"timestamp": "17:58:03.639113", "frame": 121, "mu": [2.290061419848417, 4.04998972312239, 1.1235983798681812], "Sigma": [[0.011141876633179221, -0.006672814433880261, -0.004048329600062349], [-0.006672814433880261, 0.008912038338403386, 0.004893987669484439], [-0.004048329600062348, 0.004893987669484439, 0.004649191368945185]], "chi2_level": 0.95, "chi2_df": 3, "chi2_threshold": 7.814727903251179, "N_raw": 29, "N_roi": 25, "N_inlier": 24, "refit": true}
{"timestamp": "17:58:03.693908", "frame": 122, "mu": [2.2908610588644907, 4.033784482187224, 1.1384836185589995], "Sigma": [[0.01517185889873644, -0.008084342345239078, -0.006656680272200156], [-0.008084342345239078, 0.006806147991510554, 0.0019389799967606132], [-0.006656680272200156, 0.0019389799967606135, 0.005965083801722]], "chi2_level": 0.95, "chi2_df": 3, "chi2_threshold": 7.814727903251179, "N_raw": 30, "N_roi": 26, "N_inlier": 24, "refit": true}
{"timestamp": "17:58:03.750173", "frame": 123, "mu": [2.2528744852745017, 4.028574965034595, 1.1098828993122078], "Sigma": [[0.017498036096532405, -0.009476258555006101, -0.0052534742077194685], [-0.009476258555006101, 0.010664344095633807, 0.001254129041327786], [-0.005253474207719468, 0.001254129041327786, 0.004374999761206579]], "chi2_level": 0.95, "chi2_df": 3, "chi2_threshold": 7.814727903251179, "N_raw": 41, "N_roi": 38, "N_inlier": 38, "refit": true}
{"timestamp": "17:58:03.803972", "frame": 124, "mu": [2.2464432395485963, 3.9141158117664894, 1.1139111628795941], "Sigma": [[0.017393768323377485, -0.010841189819717219, -0.006034281238035734], [-0.010841189819717219, 0.012414629191886599, 0.00815441328821761], [-0.006034281238035734, 0.00815441328821761, 0.00723521746056811]], "chi2_level": 0.95, "chi2_df": 3, "chi2_threshold": 7.814727903251179, "N_raw": 32, "N_roi": 31, "N_inlier": 30, "refit": true}
{"timestamp": "17:58:03.854602", "frame": 125, "mu": [2.161230636992837, 4.168973446849096, 0.1409321204035211], "Sigma": [[0.0005434262956491669, -0.0005926206090436109, -8.348925267493637e-06], [-0.0005926206090436109, 0.015906819048180473, 0.00041630010155905276], [-8.348925267493639e-06, 0.00041630010155905276, 1.1994331967755215e-05]], "chi2_level": 0.95, "chi2_df": 3, "chi2_threshold": 7.814727903251179, "N_raw": 6, "N_roi": 6, "N_inlier": 6, "refit": true}
{"timestamp": "17:58:03.913132", "frame": 126, "mu": [2.1982205331432425, 3.8923620185177925, 1.112976656340145], "Sigma": [[0.011962653578091642, -0.006009886618461673, -0.006230497076300126], [-0.006009886618461673, 0.005557407897778592, 0.0010790411188633569], [-0.006230497076300126, 0.0010790411188633569, 0.008142551223434292]], "chi2_level": 0.95, "chi2_df": 3, "chi2_threshold": 7.814727903251179, "N_raw": 26, "N_roi": 26, "N_inlier": 25, "refit": true}
{"timestamp": "17:58:03.965975", "frame": 127, "mu": [2.107790777143892, 3.8449501546515, 1.1376645197131605], "Sigma": [[0.0033649116247735722, 0.00030755921480492206, 0.0006232634135468522], [0.00030755921480492206, 0.005125074089012392, 0.0026145253457280676], [0.0006232634135468522, 0.0026145253457280676, 0.0023401805025937993]], "chi2_level": 0.95, "chi2_df": 3, "chi2_threshold": 7.814727903251179, "N_raw": 13, "N_roi": 13, "N_inlier": 13, "refit": true}
{"timestamp": "17:58:04.026908", "frame": 128, "mu": [2.078078368891719, 3.919682639668127, 0.4140172681837115], "Sigma": [[0.019339137185515762, -0.006900333430912594, -0.012935528755595753], [-0.006900333430912594, 0.007910917809137217, 0.005398825833643383], [-0.012935528755595754, 0.005398825833643383, 0.01187626217754219]], "chi2_level": 0.95, "chi2_df": 3, "chi2_threshold": 7.814727903251179, "N_raw": 45, "N_roi": 44, "N_inlier": 43, "refit": true}
{"timestamp": "17:58:04.081276", "frame": 129, "mu": [1.9676548138461474, 3.899194899548584, 1.2077119717629534], "Sigma": [[0.023313166295383395, -0.011587287329788528, -0.007376700696707884], [-0.01158728732978853, 0.012808889230486979, 0.0074520291452709105], [-0.007376700696707884, 0.0074520291452709105, 0.006049729027423837]], "chi2_level": 0.95, "chi2_df": 3, "chi2_threshold": 7.814727903251179, "N_raw": 44, "N_roi": 44, "N_inlier": 44, "refit": true}
{"timestamp": "17:58:04.133473", "frame": 130, "mu": [2.0676920161460024, 3.7742410831521442, 1.1183321675333242], "Sigma": [[0.01487280547490867, -0.00828093875560897, -0.0035339478355062076], [-0.00828093875560897, 0.009029212115815376, 0.005056044526385562], [-0.0035339478355062076, 0.005056044526385562, 0.005864332336607626]], "chi2_level": 0.95, "chi2_df": 3, "chi2_threshold": 7.814727903251179, "N_raw": 26, "N_roi": 25, "N_inlier": 23, "refit": true}
