timestamp,frame,x,y,z,doppler,SNR
21:05:54.331540,1,-2.0440729763192476,5.430546068635659,0.4068400674957328,-0.13916000371682458,19.759999558329582
21:05:54.331540,1,-2.066299755148008,5.489596576022294,0.41126395270123506,-0.13916000371682458,18.879999577999115
21:05:54.331540,1,-1.9896662191405852,5.450714932236289,0.4068400674957328,-0.13916000371682458,22.879999488592148
21:05:54.331540,1,-2.0126110187051713,5.513572491157843,0.3525883669746777,-0.13916000371682458,22.759999491274357
21:05:54.331540,1,-1.9363204812314443,5.473900653982787,0.34879564346938036,-0.13916000371682458,25.75999942421913
21:05:54.331540,1,-1.957375584242213,5.533422589146651,0.3525883669746777,-0.13916000371682458,26.75999940186739
21:05:54.331540,1,-1.8814855730143452,5.492989842904174,0.34879564346938036,-0.13916000371682458,27.99999937415123
21:05:54.331540,1,-1.9045157028984219,5.560226217898707,0.17637354562689486,-0.13916000371682458,30.51999931782484
21:05:54.331540,1,-1.806601985001216,5.451598632291235,0.34500291996408305,-0.13916000371682458,10.87999975681305
21:05:54.331540,1,-1.8289317608790947,5.518980920501846,0.17447633019136746,-0.3480400092958007,28.759999357163906
21:05:54.331540,1,-1.848819143674574,5.5789930481026095,0.17637354562689486,-0.13916000371682458,32.87999926507473
21:05:54.331540,1,-1.7736514269112535,5.536993986147302,0.17447633019136746,-0.3480400092958007,27.99999937415123
21:05:54.331540,1,-1.7929377040853,5.597201983675788,0.17637354562689486,-0.13916000371682458,32.99999926239252
21:05:54.331540,1,-1.812223981259347,5.657409981204274,0.17827076106242226,-0.13916000371682458,17.519999608397484
21:05:54.331540,1,-1.8319682924756782,5.719047871720241,0.12012199451441573,-0.13916000371682458,6.239999860525131
21:05:54.331540,1,-1.718193729286688,5.554453357033041,0.17447633019136746,-0.3480400092958007,25.75999942421913
21:05:54.331540,1,-1.736876972227743,5.614851203739938,0.17637354562689486,-0.13916000371682458,30.879999309778214
21:05:54.331540,1,-1.6625642137286976,5.571357287236602,0.17447633019136746,-0.13916000371682458,22.759999491274357
21:05:54.331540,1,-1.68064255412812,5.6319389433878415,0.17637354562689486,-0.13916000371682458,27.239999391138554
21:05:54.331540,1,-1.6071702725295578,5.589101489794145,0.11632724741392286,-0.13916000371682458,19.63999956101179
21:05:54.331540,1,-1.6242400731811277,5.648463493859849,0.17637354562689486,-0.13916000371682458,22.99999948590994
21:05:54.331540,1,-1.568067222316555,5.665839792463464,0.11759216311408714,-0.13916000371682458,19.119999572634697
21:05:54.331540,1,0.17989460418839848,0.06177848677582466,-0.16682432687146548,-2.5048800669028424,5.119999885559082
21:05:54.386047,2,-2.198095168616794,5.330508824091867,1.2327731218244486,-0.20888000557897612,21.87999951094389
21:05:54.386047,2,-2.1522678537315065,5.310267766223911,0.998309871562044,-0.20888000557897612,26.75999940186739
21:05:54.386047,2,-2.1756711187417817,5.368010395048197,0.9874177237778516,-0.20888000557897612,23.35999947786331
21:05:54.386047,2,-2.0440729763192476,5.35080265632644,0.9874485804937867,-0.20888000557897612,32.51999927312136
21:05:54.386047,2,-2.066299755148008,5.408986052211196,0.9764383295316914,-0.20888000557897612,28.11999937146902
21:05:54.386047,2,-1.9896662191405852,5.370284282565191,0.9822284944758688,-0.20888000557897612,38.99999912828207
21:05:54.386047,2,-2.0113013914207487,5.428679517167373,0.9711614815005132,-0.20888000557897612,33.2399992570281
21:05:54.386047,2,-1.9350604970069527,5.3892394145824705,0.9771494821594133,-0.20888000557897612,45.11999899148941
21:05:54.386047,2,-1.9561018992394175,5.447840762925161,0.9660272411737396,-0.20888000557897612,38.239999145269394
21:05:54.386047,2,-1.8610267321679692,5.337419806082922,0.927015978504943,-0.20888000557897612,22.759999491274357
21:05:54.386047,2,-1.8814855730143452,5.396095708183338,0.9152203342258849,-0.20888000557897612,49.11999890208244
21:05:54.386047,2,-1.9007067985069857,5.466467873376035,0.9610361219711026,-0.20888000557897612,41.879999063909054
21:05:54.386047,2,-1.826462517816255,5.414003871135359,0.910421856424966,-0.13916000371682458,49.51999889314175
21:05:54.386047,2,-1.8451216286871173,5.484558985824559,0.95618862300034,-0.20888000557897612,42.87999904155731
21:05:54.386047,2,-1.7736514269112535,5.3934832884000565,0.7354516971749363,-0.4872000130126253,46.11999896913767
21:05:54.386047,2,-1.7905170566436546,5.4904392373847,0.8938675780691936,-0.20888000557897612,40.99999908357859
21:05:54.386047,2,-1.808599654156147,5.561297427640084,0.9402065624655722,-0.20888000557897612,12.879999712109566
21:05:54.386047,2,-1.718193729286688,5.410347745649351,0.7309328794741985,-0.4872000130126253,40.3599990978837
21:05:54.386047,2,-1.7345320124504477,5.507464058551779,0.8893057909861906,-0.13916000371682458,36.75999917834997
21:05:54.386047,2,-1.6625642137286976,5.426675688398759,0.7265578204004333,-0.4872000130126253,33.99999924004078
21:05:54.386047,2,-1.68064255412812,5.485684110161982,0.7127107033918503,-0.4872000130126253,31.63999929279089
21:05:54.386047,2,-1.606768443142232,5.442465483867685,0.7223269574558819,-0.4872000130126253,27.99999937415123
21:05:54.386047,2,-1.6242400731811277,5.50164560023071,0.7084338350179371,-0.27832000743364915,26.519999407231808
21:05:54.386047,2,-1.5508119970576046,5.457715553089809,0.7182407137232949,-0.13916000371682458,22.99999948590994
21:05:54.386047,2,-1.5676751695876072,5.517061495193722,0.7043031584119954,-0.27832000743364915,21.87999951094389
21:05:54.444304,3,-2.1741935879377183,5.272546098665502,1.2411157702182427,-0.27832000743364915,13.999999687075615
21:05:54.444304,3,-2.198095168616794,5.330508824091867,1.2327731218244486,-0.27832000743364915,15.639999650418758
21:05:54.444304,3,-2.1211927405102715,5.29329139402224,1.2355570850806599,-0.27832000743364915,17.519999608397484
21:05:54.444304,3,-2.146772925853866,5.341978848755505,1.1698122134827513,-0.27832000743364915,19.999999552965164
21:05:54.444304,3,-2.1756711187417817,5.368010395048197,0.9874177237778516,-0.20888000557897612,15.999999642372131
21:05:54.444304,3,-2.0701603366097996,5.304145052462738,1.1734125347209705,-0.27832000743364915,21.99999950826168
21:05:54.444304,3,-2.0440729763192476,5.35080265632644,0.9874485804937867,-0.20888000557897612,26.239999413490295
21:05:54.444304,3,-2.066299755148008,5.408986052211196,0.9764383295316914,-0.20888000557897612,20.119999550282955
21:05:54.444304,3,-1.9630064916477854,5.3431037502352945,1.162973583114646,-0.27832000743364915,27.359999388456345
21:05:54.444304,3,-1.9896662191405852,5.370284282565191,0.9822284944758688,-0.20888000557897612,34.879999220371246
21:05:54.444304,3,-2.0113013914207487,5.428679517167373,0.9711614815005132,-0.20888000557897612,25.119999438524246
21:05:54.444304,3,-1.914019094774488,5.33063806623978,0.988271723145087,-0.20888000557897612,33.519999250769615
21:05:54.444304,3,-1.9350604970069527,5.3892394145824705,0.9771494821594133,-0.20888000557897612,45.99999897181988
21:05:54.444304,3,-1.9561018992394175,5.447840762925161,0.9660272411737396,-0.20888000557897612,30.879999309778214
21:05:54.444304,3,-1.8598157423826431,5.3488644403858885,0.9833879809116901,-0.20888000557897612,38.75999913364649
21:05:54.444304,3,-1.8802612704448145,5.407666156880961,0.9722120514413961,-0.20888000557897612,57.6399987116456
21:05:54.444304,3,-1.9007067985069857,5.466467873376035,0.9610361219711026,-0.20888000557897612,36.35999918729067
21:05:54.444304,3,-1.7810983106932403,5.338538054178193,1.1576855825512182,-0.27832000743364915,9.119999796152115
21:05:54.444304,3,-1.805426409974716,5.366566347779182,0.9786447691211662,-0.20888000557897612,41.11999908089638
21:05:54.444304,3,-1.8252740193309165,5.425562666801871,0.9674166960607529,-0.20888000557897612,64.7599985525012
21:05:54.444304,3,-1.8451216286871173,5.484558985824559,0.95618862300034,-0.20888000557897612,39.759999111294746
21:05:54.444304,3,-1.7508565364383784,5.38374201824376,0.9740425620907198,-0.20888000557897612,39.519999116659164
21:05:54.444304,3,-1.7701042423443012,5.4429271547092,0.9627638955490041,-0.20888000557897612,62.1199986115098
21:05:54.444304,3,-1.7905170566436546,5.4904392373847,0.8938675780691936,-0.20888000557897612,39.35999912023544
21:05:54.444304,3,-1.6961115787152665,5.400389734226957,0.9695818200371993,-0.20888000557897612,34.639999225735664
21:05:54.444304,3,-1.7158739937791059,5.448221354180452,0.9012533094760076,-0.20888000557897612,51.879998840391636
21:05:54.444304,3,-1.7345320124504477,5.507464058551779,0.8893057909861906,-0.20888000557897612,35.51999920606613
21:05:54.444304,3,-1.7520492118188074,5.5784941840522055,0.9355987054725095,-0.06972000186215155,5.519999876618385
21:05:54.444304,3,-1.6411970112552865,5.416507830971128,0.965262989031072,-0.20888000557897612,28.639999359846115
21:05:54.444304,3,-1.6603195836997993,5.4645272525538875,0.8968841571749815,-0.20888000557897612,39.99999910593033
21:05:54.444304,3,-1.678373516509188,5.523947263509152,0.8848891295291859,-0.20888000557897612,29.759999334812164
21:05:54.444304,3,-1.5871511014838595,5.420704256450185,0.904699977286965,-0.20888000557897612,22.99999948590994
21:05:54.444304,3,-1.6045991430531399,5.480295730200159,0.8926590063237949,-0.20888000557897612,29.999999329447746
21:05:54.444304,3,-1.6220471846224203,5.539887203950133,0.8806180353606248,-0.27832000743364915,23.999999463558197
21:05:54.444304,3,-1.5318778382968767,5.435768134675391,0.9006636232816401,-0.20888000557897612,18.35999958962202
21:05:54.444304,3,-1.5508119970576046,5.457715553089809,0.7182407137232949,-0.41748001115047373,22.759999491274357
21:05:54.444304,3,-1.5655586493761426,5.55528228589403,0.8764929355863464,-0.27832000743364915,19.119999572634697
21:05:54.444304,3,-1.4784474423545577,5.412918488667542,0.7282799090090186,-0.5566400148672983,14.759999670088291
21:05:54.444304,3,-1.4947004710725427,5.472424371070987,0.7142994978236221,-0.41748001115047373,17.519999608397484
21:05:54.444304,3,-1.5089135595765537,5.5701309698455495,0.8725142427128718,-0.13916000371682458,15.359999656677246
21:05:54.444304,3,-1.4384394762926347,5.4865904669417445,0.7105037038751507,-0.13916000371682458,13.759999692440033
21:05:54.444304,3,-1.4540807359093468,5.546250388209473,0.6964820181004661,-0.06972000186215155,12.359999723732471
21:05:54.494935,4,-2.0586889766379968,5.494262875629804,0.7143403140117071,-0.27832000743364915,5.119999885559082
21:05:54.494935,4,-1.9389382441852834,5.3396879612066135,0.7498661116529874,-0.41748001115047373,21.639999516308308
21:05:54.494935,4,-1.8438747033833538,5.18502961935717,0.5517640901024208,-0.41748001115047373,5.359999880194664
21:05:54.494935,4,-1.8097682612258252,5.2601779931514505,0.5309759308920177,-0.41748001115047373,17.639999605715275
21:05:54.494935,4,-1.8293891500766928,5.362367100011142,0.6835888944130981,-0.3480400092958007,23.35999947786331
21:05:54.494935,4,-1.848819143674574,5.434542302509979,0.7264141094516721,-0.3480400092958007,15.87999964505434
21:05:54.494935,4,-1.864969238043318,5.543555304847247,0.944960549939927,-0.27832000743364915,7.519999831914902
21:05:54.551132,5,-2.389938640121862,5.404627512322358,0.9247137931086011,-0.3480400092958007,13.239999704062939
21:05:54.551132,5,-2.3133692172870632,5.3313313740305235,0.7560335363373167,-0.3480400092958007,21.87999951094389
21:05:54.551132,5,-2.334832323428696,5.427446593456605,0.9185994387466594,-0.3480400092958007,14.999999664723873
21:05:54.551132,5,-2.2585381342030075,5.353412174474977,0.7501170036899925,-0.3480400092958007,24.639999449253082
21:05:54.551132,5,-2.2794925254593115,5.449732256384786,0.9126280133622611,-0.3480400092958007,16.519999630749226
21:05:54.551132,5,-2.1482039179186234,5.395979452021587,0.738711136047387,-0.3480400092958007,26.6399994045496
21:05:54.551132,5,-2.2239247801471427,5.471482272559281,0.9068001140929414,-0.3480400092958007,17.359999611973763
21:05:54.551132,5,-2.0927118180474857,5.416461672431652,0.7332229416293139,-0.3480400092958007,27.359999388456345
21:05:54.551132,5,-2.114983138030913,5.474105419671176,0.7197414880572874,-0.3480400092958007,17.519999608397484
21:05:54.551132,5,-2.134368948091631,5.571423897375701,0.8839473527370432,-0.3480400092958007,5.759999871253967
21:05:54.551132,5,-2.0158359260205962,5.364670794529074,0.6842811584220168,-0.3480400092958007,17.879999600350857
21:05:54.551132,5,-2.0370104487478193,5.4364068651605475,0.7278786433447233,-0.3480400092958007,26.6399994045496
21:05:54.551132,5,-2.0586889766379968,5.494262875629804,0.7143403140117071,-0.3480400092958007,16.639999628067017
21:05:54.551132,5,-1.9389382441852834,5.3396879612066135,0.7498661116529874,-0.27832000743364915,9.519999787211418
21:05:54.551132,5,-1.981105380109887,5.455813035705712,0.7226787756189657,-0.3480400092958007,24.759999446570873
21:05:54.551132,5,-2.0021889480721886,5.513875572955262,0.7090851076019546,-0.3480400092958007,15.239999659359455
21:05:54.551132,5,-1.9254836176096566,5.460658449349557,0.659870880924118,-0.3480400092958007,22.239999502897263
21:05:54.551132,5,-1.9454887022890088,5.532941550394251,0.7039763943442674,-0.3480400092958007,13.35999970138073
21:05:54.551132,5,-2.3767007858973876,6.768676612192147,1.301447717403485,0.3480400092958007,6.359999857842922
21:05:54.551132,5,-1.8090443780836158,5.317625703654961,0.7538135337976524,-0.41748001115047373,7.239999838173389
21:05:54.551132,5,-2.273389827651647,6.833010720177961,0.9954557194425866,0.3480400092958007,5.639999873936176
21:05:54.612975,6,-2.2877822962318795,5.188528039599216,1.0263499900197917,-0.41748001115047373,14.51999967545271
21:05:54.612975,6,-2.3129325926143713,5.245567128589334,1.0156463551660073,-0.41748001115047373,15.999999642372131
21:05:54.612975,6,-2.2350314625390344,5.210371734227522,1.0204969896844251,-0.41748001115047373,17.999999597668648
21:05:54.612975,6,-2.2596018527372776,5.2676509576897415,1.0097290109927661,-0.41748001115047373,20.239999547600746
21:05:54.612975,6,-2.2841722429355213,5.324930181151965,0.9989610323011069,-0.41748001115047373,17.519999608397484
21:05:54.612975,6,-2.182057127572447,5.2317048112576,1.0147808089221446,-0.41748001115047373,22.759999491274357
21:05:54.612975,6,-2.2060451545680078,5.289218555815181,1.0039499904923759,-0.41748001115047373,25.999999418854713
21:05:54.612975,6,-2.230033181563568,5.346732300372764,0.9931191720626067,-0.41748001115047373,21.519999518990517
21:05:54.612975,6,-2.128864588721232,5.252525137399626,1.009202019346236,-0.41748001115047373,29.23999934643507
21:05:54.612975,6,-2.1522678537315065,5.310267766223911,0.998309871562044,-0.41748001115047373,34.11999923735857
21:05:54.612975,6,-2.1756711187417817,5.368010395048197,0.9874177237778516,-0.41748001115047373,26.239999413490295
21:05:54.612975,6,-1.9997072715424729,5.234665838453709,1.0094255636394711,-0.41748001115047373,17.759999603033066
21:05:54.612975,6,-2.021846197490487,5.292619260441684,0.9984588314558824,-0.41748001115047373,37.75999915599823
21:05:54.612975,6,-2.0440729763192476,5.35080265632644,0.9874485804937867,-0.41748001115047373,44.87999899685383
21:05:54.612975,6,-2.066299755148008,5.408986052211196,0.9764383295316914,-0.41748001115047373,31.359999299049377
21:05:54.612975,6,-1.946481389095199,5.253724624564786,1.0043187772922908,-0.41748001115047373,20.239999547600746
21:05:54.612975,6,-1.9693124993401705,5.300420337714498,0.9369299561746431,-0.41748001115047373,47.999998927116394
21:05:54.612975,6,-1.9896662191405852,5.370284282565191,0.9822284944758688,-0.41748001115047373,57.999998703598976
21:05:54.612975,6,-2.0113013914207487,5.428679517167373,0.9711614815005132,-0.41748001115047373,35.759999200701714
21:05:54.612975,6,-2.0342602783876713,5.475227804314191,0.9018699855800727,-0.41748001115047373,7.999999821186066
21:05:54.612975,6,-1.8942934969609375,5.260937288715341,0.9435984107920581,-0.41748001115047373,22.239999502897263
21:05:54.612975,6,-1.9152653782206754,5.319181564119798,0.9319029007103254,-0.41748001115047373,58.11999870091677
21:05:54.612975,6,-1.9363204812314443,5.377656967601259,0.9201609798743,-0.41748001115047373,70.23999843001366
21:05:54.612975,6,-1.957375584242213,5.436132371082718,0.9084190590382746,-0.41748001115047373,37.99999915063381
21:05:54.612975,6,-1.8406487563051757,5.278975824544167,0.9387649996840843,-0.41748001115047373,23.639999471604824
21:05:54.612975,6,-1.8610267321679692,5.337419806082922,0.927015978504943,-0.41748001115047373,64.11999856680632
21:05:54.612975,6,-1.8814855730143452,5.396095708183338,0.9152203342258849,-0.41748001115047373,75.63999830931425
21:05:54.612975,6,-1.901944413860721,5.454771610283754,0.9034246899468266,-0.41748001115047373,37.119999170303345
21:05:54.612975,6,-1.7868199523158808,5.296495298696997,0.9340706707330155,-0.41748001115047373,23.759999468922615
21:05:54.612975,6,-1.806601985001216,5.3551332397949505,0.9222696782466226,-0.4872000130126253,62.759998597204685
21:05:54.612975,6,-1.826462517816255,5.414003871135359,0.910421856424966,-0.4872000130126253,70.23999843001366
21:05:54.612975,6,-1.8463230506312942,5.472874502475765,0.8985740346033095,-0.41748001115047373,33.519999250769615
21:05:54.612975,6,-1.7351551029077212,5.276420106183096,0.7628981618212876,-0.27832000743364915,22.639999493956566
21:05:54.612975,6,-1.7543651497372066,5.334835793150767,0.7492021042155836,-0.27832000743364915,54.87999877333641
21:05:54.612975,6,-1.771256817896595,5.431379665656028,0.9057660263153036,-0.3480400092958007,58.11999870091677
21:05:54.612975,6,-1.7905170566436546,5.4904392373847,0.8938675780691936,-0.27832000743364915,28.639999359846115
21:05:54.612975,6,-1.680901090214621,5.292918527806359,0.7584774230709461,-0.27832000743364915,20.75999953597784
21:05:54.612975,6,-1.6995104863456327,5.351516870175535,0.7447324230979158,-0.27832000743364915,44.75999899953604
21:05:54.612975,6,-1.718193729286688,5.410347745649351,0.7309328794741985,-0.27832000743364915,45.2399989888072
21:05:54.612975,6,-1.736876972227743,5.469178621123167,0.7171333358504812,-0.27832000743364915,23.639999471604824
21:05:54.612975,6,-1.644485873329275,5.3676672666355385,0.7404049374090156,-0.27832000743364915,35.35999920964241
21:05:54.612975,6,-1.6625642137286976,5.426675688398759,0.7265578204004333,-0.27832000743364915,34.759999223053455
21:05:54.612975,6,-1.68064255412812,5.485684110161982,0.7127107033918503,-0.27832000743364915,19.239999569952488
21:05:54.612975,6,-1.5892968131033365,5.3832853675046595,0.7362200798938268,-0.3480400092958007,27.87999937683344
21:05:54.612975,6,-1.606768443142232,5.442465483867685,0.7223269574558819,-0.27832000743364915,26.87999939918518
21:05:54.612975,6,-1.5339488245276016,5.398369610985897,0.7321782690345946,-0.3480400092958007,22.11999950557947
21:05:54.612975,6,-1.5508119970576046,5.457715553089809,0.7182407137232949,-0.27832000743364915,21.119999527931213
21:05:54.664035,7,-2.182057127572447,5.2317048112576,1.0147808089221446,-0.5566400148672983,17.999999597668648
21:05:54.664035,7,-2.128864588721232,5.252525137399626,1.009202019346236,-0.3480400092958007,22.639999493956566
21:05:54.664035,7,-2.1522678537315065,5.310267766223911,0.998309871562044,-0.5566400148672983,20.239999547600746
21:05:54.664035,7,-1.9997072715424729,5.234665838453709,1.0094255636394711,-0.27832000743364915,21.239999525249004
21:05:54.664035,7,-2.021846197490487,5.292619260441684,0.9984588314558824,-0.3480400092958007,28.879999354481697
21:05:54.664035,7,-2.0440729763192476,5.35080265632644,0.9874485804937867,-0.5566400148672983,25.51999942958355
21:05:54.664035,7,-1.946481389095199,5.253724624564786,1.0043187772922908,-0.27832000743364915,26.75999940186739
21:05:54.664035,7,-1.9680310468604214,5.311889047963007,0.9932955074512249,-0.3480400092958007,37.75999915599823
21:05:54.664035,7,-1.9896662191405852,5.370284282565191,0.9822284944758688,-0.3480400092958007,32.239999279379845
21:05:54.664035,7,-1.8930608601397798,5.272268343779869,0.9993500027039395,-0.27832000743364915,33.7599992454052
21:05:54.664035,7,-1.914019094774488,5.33063806623978,0.988271723145087,-0.3480400092958007,49.63999889045954
21:05:54.664035,7,-1.9350604970069527,5.3892394145824705,0.9771494821594133,-0.3480400092958007,40.879999086260796
21:05:54.664035,7,-1.839451026684354,5.290295141742574,0.9945197367477139,-0.4872000130126253,41.999999061226845
21:05:54.664035,7,-1.8610267321679692,5.337419806082922,0.927015978504943,-0.3480400092958007,64.51999855786562
21:05:54.664035,7,-1.8814855730143452,5.396095708183338,0.9152203342258849,-0.4872000130126253,50.639998868107796
21:05:54.664035,7,-1.7868199523158808,5.296495298696997,0.9340706707330155,-0.4872000130126253,49.87999888509512
21:05:54.664035,7,-1.806601985001216,5.3551332397949505,0.9222696782466226,-0.4872000130126253,79.35999822616577
21:05:54.664035,7,-1.826462517816255,5.414003871135359,0.910421856424966,-0.4872000130126253,59.51999866962433
21:05:54.664035,7,-1.7328124678283532,5.313493959241093,0.9295158933678143,-0.4872000130126253,54.63999877870083
21:05:54.664035,7,-1.751996579149535,5.372320093927358,0.9176644745614129,-0.4872000130126253,87.87999803572893
21:05:54.664035,7,-1.771256817896595,5.431379665656028,0.9057660263153036,-0.4872000130126253,63.999998569488525
21:05:54.664035,7,-1.7929377040853,5.452130783649347,0.7217012901342887,-0.27832000743364915,18.999999575316906
21:05:54.664035,7,-1.6599736848744528,5.270727401953316,0.9370486415522177,-0.4872000130126253,12.639999717473984
21:05:54.664035,7,-1.6786317035457947,5.329970106324642,0.9251011230624011,-0.4872000130126253,53.63999880105257
21:05:54.664035,7,-1.697215975107764,5.3889786498091246,0.9132008279658246,-0.4872000130126253,83.99999812245369
21:05:54.664035,7,-1.7158739937791059,5.448221354180452,0.9012533094760076,-0.4872000130126253,61.519998624920845
21:05:54.664035,7,-1.6242830774992407,5.345922092346739,0.9208268012901075,-0.4872000130126253,47.51999893784523
21:05:54.664035,7,-1.6422656508904103,5.405107241598624,0.9088791848207771,-0.4872000130126253,70.87999841570854
21:05:54.664035,7,-1.6625642137286976,5.426675688398759,0.7265578204004333,-0.27832000743364915,53.75999879837036
21:05:54.664035,7,-1.5697720245057623,5.361348322122147,0.91669335547953,-0.4872000130126253,39.11999912559986
21:05:54.664035,7,-1.5892968131033365,5.3832853675046595,0.7362200798938268,-0.27832000743364915,55.519998759031296
21:05:54.664035,7,-1.606768443142232,5.442465483867685,0.7223269574558819,-0.27832000743364915,43.99999901652336
21:05:54.664035,7,-1.5171523048534488,5.339258237823107,0.7460607351944661,-0.27832000743364915,31.119999304413795
21:05:54.664035,7,-1.5339488245276016,5.398369610985897,0.7321782690345946,-0.27832000743364915,42.35999905318022
21:05:54.664035,7,-1.5508119970576046,5.457715553089809,0.7182407137232949,-0.27832000743364915,35.11999921500683
21:05:54.664035,7,-1.9343082302559136,7.034684956993217,1.2497417787123586,0.4872000130126253,5.239999882876873
21:05:54.664035,7,-1.4622586548568022,5.353647807380317,0.7422050616521803,-0.4872000130126253,24.51999945193529
21:05:54.664035,7,-1.4784474423545577,5.412918488667542,0.7282799090090186,-0.27832000743364915,32.359999276697636
21:05:54.664035,7,-1.4947004710725427,5.472424371070987,0.7142994978236221,-0.27832000743364915,27.759999379515648
21:05:54.664035,7,-1.4072187802197513,5.36750643437177,0.738491653741616,-0.4872000130126253,19.35999956727028
21:05:54.664035,7,-1.422798216675923,5.426930545674015,0.7245253896498354,-0.4872000130126253,25.119999438524246
21:05:54.664035,7,-1.4384394762926347,5.4865904669417445,0.7105037038751507,-0.27832000743364915,22.11999950557947
21:05:54.718546,8,-2.162488748190336,5.1257463473436005,0.8032710738228921,-0.5566400148672983,20.75999953597784
21:05:54.718546,8,-2.0339848562836114,5.109077587412354,0.80577331263579,-0.6263600167294499,18.23999959230423
21:05:54.718546,8,-2.0568467412469484,5.166503356198854,0.7923502662142188,-0.6263600167294499,26.119999416172504
21:05:54.718546,8,-2.079618263028612,5.223702145662088,0.7789802753121005,-0.6263600167294499,22.879999488592148
21:05:54.718546,8,-1.9814432470630907,5.128470777132211,0.8005769231116908,-0.6263600167294499,21.119999527931213
21:05:54.718546,8,-2.003714567046518,5.186114524371734,0.7870954695396644,-0.6263600167294499,33.359999254345894
21:05:54.718546,8,-2.025897858097204,5.243530430713079,0.7736673023453933,-0.6263600167294499,28.519999362528324
21:05:54.718546,8,-1.9287034951779187,5.147355492697547,0.7955167788266677,-0.6263600167294499,23.999999463558197
21:05:54.718546,8,-1.9503820230680966,5.205211503166802,0.7819784494936519,-0.6263600167294499,42.35999905318022
21:05:54.718546,8,-1.9724680272720236,5.2492573837284064,0.7125870144525634,-0.6263600167294499,35.759999200701714
21:05:54.718546,8,-1.8757708745590984,5.165729845652627,0.7905933857909095,-0.6263600167294499,26.239999413490295
21:05:54.718546,8,-1.8973288181924794,5.21036429461553,0.7217040252128508,-0.6263600167294499,52.63999882340431
21:05:54.718546,8,-1.918334303746671,5.2680486721853,0.7075519038857987,-0.6263600167294499,44.23999901115894
21:05:54.718546,8,-1.8226506784243444,5.1835919985775485,0.7858072363395956,-0.6263600167294499,27.119999393820763
21:05:54.718546,8,-1.8435981198852058,5.228431734492686,0.7168628692884691,-0.6263600167294499,61.639998622238636
21:05:54.718546,8,-1.864288393975244,5.242433514624634,0.5357305495833895,-0.41748001115047373,52.63999882340431
21:05:54.718546,8,-1.7697907069702274,5.187670135993071,0.7264753695940356,-0.6263600167294499,26.359999410808086
21:05:54.718546,8,-1.7899515582698458,5.202579798388517,0.5470615338039497,-0.41748001115047373,65.23999854177237
21:05:54.718546,8,-1.8097682612258252,5.2601779931514505,0.5309759308920177,-0.41748001115047373,57.999998703598976
21:05:54.718546,8,-1.716297939537794,5.204506791204409,0.7219640014269162,-0.6263600167294499,24.35999945551157
21:05:54.718546,8,-1.7358494195001335,5.219608251025823,0.542498773671432,-0.41748001115047373,61.359998628497124
21:05:54.718546,8,-1.7550671531665087,5.2773949692078155,0.5263626560616088,-0.41748001115047373,57.999998703598976
21:05:54.718546,8,-1.7743611476807664,5.335410999763545,0.510162506239048,-0.41748001115047373,17.23999961465597
21:05:54.718546,8,-1.6628829782636612,5.177913790278843,0.5543255720445301,-0.41748001115047373,21.519999518990517
21:05:54.718546,8,-1.6815736972427675,5.236113274438091,0.5380762659770579,-0.41748001115047373,52.3599988296628
21:05:54.718546,8,-1.7001905398622728,5.294082721110546,0.5218911864157811,-0.41748001115047373,52.51999882608652
21:05:54.718546,8,-1.6090442446367845,5.193716116643591,0.5500913514565626,-0.41748001115047373,18.519999586045742
21:05:54.718546,8,-1.627129819024501,5.2520932181368085,0.533794452967892,-0.41748001115047373,42.23999905586243
21:05:54.718546,8,-1.6451439089284712,5.3102395800984326,0.5175619690977535,-0.41748001115047373,44.23999901115894
21:05:54.718546,8,-1.5725232291875424,5.2675464841409925,0.5296537628216476,-0.41748001115047373,33.2399992570281
21:05:54.718546,8,-1.5899327649820798,5.325863930499112,0.5133754370256303,-0.27832000743364915,35.759999200701714
21:05:54.718546,8,-1.5175317225497207,5.266950560751661,0.4709079204449056,-0.41748001115047373,26.119999416172504
21:05:54.718546,8,-1.5345626290912375,5.340954209890637,0.5093320088491113,-0.27832000743364915,28.639999359846115
21:05:54.718546,8,-1.4610886529388722,5.231612045235037,0.3037545335329479,-0.41748001115047373,20.75999953597784
21:05:54.718546,8,-1.4790390382231438,5.355508909257709,0.5054320889076267,-0.27832000743364915,22.99999948590994
21:05:54.774800,9,-2.162488748190336,5.1257463473436005,0.8032710738228921,-0.6958000185841229,19.35999956727028
21:05:54.774800,9,-2.1864298414397854,5.182493912563292,0.7900219880924364,-0.6958000185841229,16.359999634325504
21:05:54.774800,9,-2.0568467412469484,5.166503356198854,0.7923502662142188,-0.6958000185841229,24.51999945193529
21:05:54.774800,9,-2.079618263028612,5.223702145662088,0.7789802753121005,-0.6958000185841229,20.51999954134226
21:05:54.774800,9,-1.9814432470630907,5.128470777132211,0.8005769231116908,-0.6958000185841229,20.239999547600746
21:05:54.774800,9,-2.003714567046518,5.186114524371734,0.7870954695396644,-0.6958000185841229,31.359999299049377
21:05:54.774800,9,-2.025897858097204,5.243530430713079,0.7736673023453933,-0.6958000185841229,25.879999421536922
21:05:54.774800,9,-1.9287034951779187,5.147355492697547,0.7955167788266677,-0.6958000185841229,24.759999446570873
21:05:54.774800,9,-1.9508697852075172,5.191778768072738,0.7266840020408991,-0.6958000185841229,40.3599990978837
21:05:54.774800,9,-1.9719748650772857,5.26283883375278,0.7684936313437707,-0.6958000185841229,32.63999927043915
21:05:54.774800,9,-1.8762399775368825,5.152451010785561,0.7359123057515184,-0.6958000185841229,29.879999332129955
21:05:54.774800,9,-1.8973288181924794,5.21036429461553,0.7217040252128508,-0.6958000185841229,51.51999884843826
21:05:54.774800,9,-1.918334303746671,5.2680486721853,0.7075519038857987,-0.6958000185841229,40.51999909430742
21:05:54.774800,9,-1.8231064968146955,5.170317630774793,0.73112495935393,-0.6958000185841229,34.99999921768904
21:05:54.774800,9,-1.8435981198852058,5.228431734492686,0.7168628692884691,-0.6958000185841229,62.759998597204685
21:05:54.774800,9,-1.8640087483981254,5.286316138195882,0.7026571511205004,-0.6958000185841229,47.8799989297986
21:05:54.774800,9,-1.7697907069702274,5.187670135993071,0.7264753695940356,-0.6958000185841229,38.519999139010906
21:05:54.774800,9,-1.7899515582698458,5.202579798388517,0.5470615338039497,-0.5566400148672983,69.87999843806028
21:05:54.774800,9,-1.8094967937364084,5.304057955028856,0.6979032456278438,-0.6958000185841229,51.879998840391636
21:05:54.774800,9,-1.6965825485596278,5.1591251156845175,0.7903989759025822,-0.6263600167294499,8.759999804198742
21:05:54.774800,9,-1.7165554249858757,5.161592220470093,0.558698923493993,-0.5566400148672983,39.23999912291765
21:05:54.774800,9,-1.7358494195001335,5.219608251025823,0.542498773671432,-0.5566400148672983,68.75999846309423
21:05:54.774800,9,-1.7550671531665087,5.2773949692078155,0.5263626560616088,-0.4872000130126253,50.23999887704849
21:05:54.774800,9,-1.7736514269112535,5.3934832884000565,0.7354516971749363,-0.6958000185841229,10.119999773800373
21:05:54.774800,9,-1.6628829782636612,5.177913790278843,0.5543255720445301,-0.5566400148672983,36.999999172985554
21:05:54.774800,9,-1.6815736972427675,5.236113274438091,0.5380762659770579,-0.4872000130126253,60.11999865621328
21:05:54.774800,9,-1.7001905398622728,5.294082721110546,0.5218911864157811,-0.4872000130126253,44.11999901384115
21:05:54.774800,9,-1.6090442446367845,5.193716116643591,0.5500913514565626,-0.4872000130126253,32.51999927312136
21:05:54.774800,9,-1.627129819024501,5.2520932181368085,0.533794452967892,-0.4872000130126253,48.51999891549349
21:05:54.774800,9,-1.6451439089284712,5.3102395800984326,0.5175619690977535,-0.4872000130126253,36.23999918997288
21:05:54.774800,9,-1.555044607933503,5.208997619344944,0.5459966851486013,-0.4872000130126253,27.359999388456345
21:05:54.774800,9,-1.5725232291875424,5.2675464841409925,0.5296537628216476,-0.4872000130126253,37.87999915331602
21:05:54.774800,9,-1.5899327649820798,5.325863930499112,0.5133754370256303,-0.4872000130126253,28.879999354481697
21:05:54.774800,9,-1.500889468072246,5.22375677024543,0.542041982583847,-0.4872000130126253,22.519999496638775
21:05:54.774800,9,-1.5175317225497207,5.266950560751661,0.4709079204449056,-0.4872000130126253,29.519999340176582
21:05:54.774800,9,-1.5345626290912375,5.340954209890637,0.5093320088491113,-0.4872000130126253,22.759999491274357
21:05:54.774800,9,-1.446367251086893,5.22264150753449,0.484090032566441,-0.4872000130126253,18.519999586045742
21:05:54.774800,9,-1.462624344450658,5.281343728930652,0.4670512826548192,-0.4872000130126253,23.11999948322773
21:05:54.774800,9,-1.4790390382231438,5.355508909257709,0.5054320889076267,-0.4872000130126253,18.11999959498644
21:05:54.774800,9,-1.406092817541168,5.2454595834768325,0.30004409684389977,-0.4872000130126253,18.35999958962202
21:05:54.827794,10,-2.0339848562836114,5.109077587412354,0.80577331263579,-0.6958000185841229,17.519999608397484
21:05:54.827794,10,-1.9814432470630907,5.128470777132211,0.8005769231116908,-0.6958000185841229,21.639999516308308
21:05:54.827794,10,-2.004215666878475,5.172677013401395,0.7318023017791031,-0.7655200204462744,18.519999586045742
21:05:54.827794,10,-1.929185835833231,5.134072062672404,0.7408369300561723,-0.6958000185841229,26.75999940186739
21:05:54.827794,10,-1.9511624620028578,5.148371154121857,0.5615866962579874,-0.7655200204462744,22.359999500215054
21:05:54.827794,10,-1.8546873065967966,5.107667308403076,0.8041870538079208,-0.6958000185841229,23.35999947786331
21:05:54.827794,10,-1.8762399775368825,5.152451010785561,0.7359123057515184,-0.6958000185841229,33.11999925971031
21:05:54.827794,10,-1.8976134625713235,5.166959468934983,0.5566059723151549,-0.7655200204462744,26.99999939650297
21:05:54.827794,10,-1.8021641787290508,5.125328691649647,0.7994547004297852,-0.6958000185841229,25.999999418854713
21:05:54.827794,10,-1.8231064968146955,5.170317630774793,0.73112495935393,-0.6958000185841229,40.3599990978837
21:05:54.827794,10,-1.8438747033833538,5.18502961935717,0.5517640901024208,-0.7655200204462744,31.87999928742647
21:05:54.827794,10,-1.7295734531578082,5.084023566416968,0.8085582334296404,-0.6958000185841229,5.759999871253967
21:05:54.827794,10,-1.7498983506299426,5.1293609910107865,0.740789720808781,-0.6958000185841229,27.759999379515648
21:05:54.827794,10,-1.7700562176037238,5.14475303936065,0.5632109684734694,-0.7655200204462744,47.23999894410372
21:05:54.827794,10,-1.7899515582698458,5.202579798388517,0.5470615338039497,-0.7655200204462744,36.35999918729067
21:05:54.827794,10,-1.6970068391467032,5.146008403085225,0.7363290601873671,-0.6958000185841229,28.359999366104603
21:05:54.827794,10,-1.7165554249858757,5.161592220470093,0.558698923493993,-0.7655200204462744,51.639998845756054
21:05:54.827794,10,-1.7358494195001335,5.219608251025823,0.542498773671432,-0.7655200204462744,39.11999912559986
21:05:54.827794,10,-1.7550671531665087,5.2773949692078155,0.5263626560616088,-0.5566400148672983,15.75999964773655
21:05:54.827794,10,-1.6439456284013032,5.162144098552959,0.7320055136174732,-0.6958000185841229,27.639999382197857
21:05:54.827794,10,-1.6628829782636612,5.177913790278843,0.5543255720445301,-0.7655200204462744,51.639998845756054
21:05:54.827794,10,-1.6815736972427675,5.236113274438091,0.5380762659770579,-0.7655200204462744,39.11999912559986
21:05:54.827794,10,-1.5907200244703616,5.177766463857958,0.7278195134501348,-0.6958000185841229,25.63999942690134
21:05:54.827794,10,-1.6090442446367845,5.193716116643591,0.5500913514565626,-0.7655200204462744,47.23999894410372
21:05:54.827794,10,-1.6268857475285035,5.2365768085356015,0.47904654282230164,-0.7655200204462744,36.63999918103218
21:05:54.827794,10,-1.555044607933503,5.208997619344944,0.5459966851486013,-0.6958000185841229,40.3599990978837
21:05:54.827794,10,-1.5722873487479174,5.252027756530671,0.4749064737847273,-0.6958000185841229,32.239999279379845
21:05:54.827794,10,-1.500889468072246,5.22375677024543,0.542041982583847,-0.6958000185841229,33.11999925971031
21:05:54.827794,10,-1.5175317225497207,5.266950560751661,0.4709079204449056,-0.6958000185841229,27.359999388456345
21:05:54.827794,10,-1.446367251086893,5.22264150753449,0.484090032566441,-0.6958000185841229,26.75999940186739
21:05:54.827794,10,-1.4610886529388722,5.231612045235037,0.3037545335329479,-0.7655200204462744,22.759999491274357
21:05:54.827794,10,-1.3919255338745888,5.236349522979563,0.4804169808981005,-0.6958000185841229,21.639999516308308
21:05:54.880385,11,-1.9814432470630907,5.128470777132211,0.8005769231116908,-0.7655200204462744,16.239999637007713
21:05:54.880385,11,-1.907024967287741,5.08949948222829,0.8090551081596835,-0.7655200204462744,18.23999959230423
21:05:54.880385,11,-1.9287034951779187,5.147355492697547,0.7955167788266677,-0.7655200204462744,18.519999586045742
21:05:54.880385,11,-1.8546873065967966,5.107667308403076,0.8041870538079208,-0.7655200204462744,19.999999552965164
21:05:54.880385,11,-1.8757708745590984,5.165729845652627,0.7905933857909095,-0.7655200204462744,20.51999954134226
21:05:54.880385,11,-1.8021641787290508,5.125328691649647,0.7994547004297852,-0.7655200204462744,20.87999953329563
21:05:54.880385,11,-1.8231064968146955,5.170317630774793,0.73112495935393,-0.7655200204462744,21.7599995136261
21:05:54.880385,11,-1.7272383538707639,5.119883404675776,0.9696141361979855,-0.7655200204462744,10.99999975413084
21:05:54.880385,11,-1.7498983506299426,5.1293609910107865,0.740789720808781,-0.7655200204462744,20.87999953329563
21:05:54.880385,11,-1.7700562176037238,5.14475303936065,0.5632109684734694,-0.7655200204462744,21.87999951094389
21:05:54.880385,11,-1.7899515582698458,5.202579798388517,0.5470615338039497,-0.7655200204462744,10.99999975413084
21:05:54.880385,11,-1.6970068391467032,5.146008403085225,0.7363290601873671,-0.7655200204462744,19.879999555647373
21:05:54.880385,11,-1.7165554249858757,5.161592220470093,0.558698923493993,-0.7655200204462744,20.87999953329563
21:05:54.880385,11,-1.6441922592845548,5.119714306119592,0.5705748781120026,-0.7655200204462744,17.999999597668648
21:05:54.880385,11,-1.6628829782636612,5.177913790278843,0.5543255720445301,-0.7655200204462744,19.119999572634697
21:05:54.880385,11,-1.5909586702490683,5.1353390151503735,0.5663882499452335,-0.7655200204462744,15.87999964505434
21:05:54.880385,11,-1.6090442446367845,5.193716116643591,0.5500913514565626,-0.7655200204462744,16.759999625384808
21:05:54.940209,12,-5.786898374588524,4.04157959611082,1.4298345992118504,-0.5566400148672983,4.999999888241291
21:05:54.940209,12,-5.74609535048068,4.097280141505162,1.4149096830554635,-0.5566400148672983,5.239999882876873
21:05:54.940209,12,-5.662769625830317,4.207484985853748,1.3853803840102623,-0.5566400148672983,5.359999880194664
21:05:54.940209,12,-4.710872210856666,5.212855290213781,1.1159922228627592,-0.5566400148672983,5.999999865889549
21:05:54.940209,12,-3.930287357655137,5.946309523580098,1.5120149234398874,-0.06972000186215155,6.11999986320734
21:05:54.940209,12,-3.354063607567066,6.352734437410927,1.412899087234158,-0.06972000186215155,7.239999838173389
21:05:54.940209,12,-3.3198942881804925,6.4408565995686375,1.3990722162878448,-0.06972000186215155,5.999999865889549
21:05:54.940209,12,-2.086199833926156,5.001877160080864,1.058061273082208,-0.8349600223009475,11.879999734461308
21:05:54.940209,12,-2.035344031703887,5.021782853836967,1.052727558515479,-0.8349600223009475,15.119999662041664
21:05:54.940209,12,-2.0600878176539914,5.0683971305285676,0.9873363580809333,-0.7655200204462744,15.519999653100967
21:05:54.940209,12,-1.9330269350561913,5.060115650799444,1.042456316525757,-0.8349600223009475,19.63999956101179
21:05:54.940209,12,-1.9591719270796635,5.070827029892686,0.8140583766837173,-0.8349600223009475,20.359999544918537
21:05:54.940209,12,-1.9814432470630907,5.128470777132211,0.8005769231116908,-0.8349600223009475,18.35999958962202
21:05:54.940209,12,-1.8828010308065426,5.067574028449297,0.9836303913144464,-0.7655200204462744,25.999999418854713
21:05:54.940209,12,-1.907024967287741,5.08949948222829,0.8090551081596835,-0.8349600223009475,27.519999384880066
21:05:54.940209,12,-1.9287034951779187,5.147355492697547,0.7955167788266677,-0.8349600223009475,23.35999947786331
21:05:54.940209,12,-1.8311281879286314,5.0855110782709625,0.9788241733001344,-0.7655200204462744,34.35999923199415
21:05:54.940209,12,-1.8546873065967966,5.107667308403076,0.8041870538079208,-0.8349600223009475,37.87999915331602
21:05:54.940209,12,-1.8757708745590984,5.165729845652627,0.7905933857909095,-0.8349600223009475,29.999999329447746
21:05:54.940209,12,-1.779272233766048,5.102948118242919,0.9741519325212593,-0.7655200204462744,44.11999901384115
21:05:54.940209,12,-1.8021641787290508,5.125328691649647,0.7994547004297852,-0.8349600223009475,52.11999883502722
21:05:54.940209,12,-1.8226506784243444,5.1835919985775485,0.7858072363395956,-0.8349600223009475,37.87999915331602
21:05:54.940209,12,-1.7062668122425508,5.071817939697454,1.0347407546878145,-0.7655200204462744,16.239999637007713
21:05:54.940209,12,-1.7295734531578082,5.084023566416968,0.8085582334296404,-0.8349600223009475,51.99999883770943
21:05:54.940209,12,-1.7494608359532873,5.142481865844478,0.7948585212566501,-0.8349600223009475,67.99999848008156
21:05:54.940209,12,-1.7697907069702274,5.187670135993071,0.7264753695940356,-0.8349600223009475,45.99999897181988
21:05:54.940209,12,-1.6772962713855808,5.100477620435228,0.8041493829432294,-0.8349600223009475,53.23999880999327
21:05:54.940209,12,-1.6965825485596278,5.1591251156845175,0.7903989759025822,-0.8349600223009475,76.87999828159809
21:05:54.940209,12,-1.716297939537794,5.204506791204409,0.7219640014269162,-0.8349600223009475,51.11999885737896
21:05:54.940209,12,-1.7358494195001335,5.219608251025823,0.542498773671432,-0.8349600223009475,15.519999653100967
21:05:54.940209,12,-1.6248513613914555,5.116425901384909,0.7998760539420979,-0.8349600223009475,47.11999894678593
21:05:54.940209,12,-1.6439456284013032,5.162144098552959,0.7320055136174732,-0.8349600223009475,71.23999840766191
21:05:54.940209,12,-1.6626335437493232,5.220825912757394,0.7175913059856087,-0.8349600223009475,50.519998870790005
21:05:54.940209,12,-1.5722439676224926,5.131866814451279,0.7957386737555647,-0.8349600223009475,37.63999915868044
21:05:54.940209,12,-1.5907200244703616,5.177766463857958,0.7278195134501348,-0.8349600223009475,56.519998736679554
21:05:54.940209,12,-1.6090442446367845,5.193716116643591,0.5500913514565626,-0.8349600223009475,44.63999900221825
21:05:54.940209,12,-1.5194793507739948,5.146798815555965,0.7917376561181835,-0.8349600223009475,28.879999354481697
21:05:54.940209,12,-1.53733534986968,5.192873936776781,0.723771478281861,-0.8349600223009475,41.63999906927347
21:05:54.940209,12,-1.555044607933503,5.208997619344944,0.5459966851486013,-0.8349600223009475,36.51999918371439
21:05:54.940209,12,-1.4665627872634406,5.161220411511372,0.7878734011283646,-0.8349600223009475,21.99999950826168
21:05:54.940209,12,-1.483796943021992,5.207465006574793,0.7198618129127776,-0.7655200204462744,30.51999931782484
21:05:54.940209,12,-1.500889468072246,5.22375677024543,0.542041982583847,-0.8349600223009475,28.759999357163906
21:05:54.940209,12,-1.4134995687028475,5.175130160169981,0.7841462952083702,-0.8349600223009475,16.99999962002039
21:05:54.940209,12,-1.4303247082077992,5.179117332251653,0.5546578852319521,-0.8349600223009475,22.639999493956566
21:05:54.940209,12,-1.446584240521628,5.237992093442329,0.538227639229242,-0.8349600223009475,22.519999496638775
21:05:54.940209,12,-1.3602950013696156,5.188526670568582,0.7805567110656699,-0.7655200204462744,13.35999970138073
21:05:54.940209,12,-1.3764868373437398,5.192673303722141,0.5510255736238154,-0.8349600223009475,17.359999611973763
21:05:54.940209,12,-1.3921343557589074,5.251702165415244,0.5345540365159265,-0.8349600223009475,17.759999603033066
21:05:54.940209,12,-1.322511318949168,5.205708572179545,0.547532783967531,-0.8349600223009475,13.639999695122242
21:05:54.940209,12,-1.337545258726942,5.264885615168467,0.5310215418010942,-0.8349600223009475,14.119999684393406
21:05:54.992814,13,-2.0344935262740624,5.095784584640564,0.7510960288750284,-0.974120026017772,18.759999580681324
21:05:54.992814,13,-1.9591719270796635,5.070827029892686,0.8140583766837173,-0.974120026017772,20.359999544918537
21:05:54.992814,13,-1.982236115044203,5.072254652834192,0.5826368525957932,-0.974120026017772,21.639999516308308
21:05:54.992814,13,-1.885346439397563,5.031643471759035,0.8225934374926993,-0.8349600223009475,21.519999518990517
21:05:54.992814,13,-1.907501886458945,5.076365357272069,0.7549898580714458,-0.974120026017772,23.519999474287033
21:05:54.992814,13,-1.9294752595212339,5.091146925056186,0.5775746835107212,-0.974120026017772,24.119999460875988
21:05:54.992814,13,-1.8340622962256887,5.036624443125625,0.7643288668288535,-0.8349600223009475,23.999999463558197
21:05:54.992814,13,-1.8551511368812856,5.094537726955593,0.7501205862901859,-0.974120026017772,26.119999416172504
21:05:54.992814,13,-1.8765214580888288,5.109528630448007,0.5726493203954759,-0.974120026017772,25.879999421536922
21:05:54.992814,13,-1.8973288181924794,5.1514558295020105,0.5018546404132986,-0.974120026017772,14.759999670088291
21:05:54.992814,13,-1.7821232506736748,5.054089423339011,0.7596491394848512,-0.8349600223009475,25.63999942690134
21:05:54.992814,13,-1.8026148737441852,5.112203527056902,0.7453870494193906,-0.974120026017772,27.639999382197857
21:05:54.992814,13,-1.8233800060827656,5.127397930854518,0.567861255782242,-0.974120026017772,26.239999413490295
21:05:54.992814,13,-1.7101136379493733,5.012742701046217,0.7694184232382724,-0.8349600223009475,14.119999684393406
21:05:54.992814,13,-1.7300059942896582,5.071051846028502,0.7551040720235269,-0.8349600223009475,25.999999418854713
21:05:54.992814,13,-1.7498983506299426,5.1293609910107865,0.740789720808781,-0.974120026017772,27.519999384880066
21:05:54.992814,13,-1.7700562176037238,5.14475303936065,0.5632109684734694,-0.974120026017772,25.119999438524246
21:05:54.992814,13,-1.6777157387556125,5.087510014966042,0.750694118947818,-0.8349600223009475,24.759999446570873
21:05:54.992814,13,-1.697261430471618,5.103576189914362,0.5748990733165538,-0.974120026017772,25.75999942421913
21:05:54.992814,13,-1.7165554249858757,5.161592220470093,0.558698923493993,-0.974120026017772,22.879999488592148
21:05:54.992814,13,-1.6252577130532833,5.103462284348524,0.7464197212493382,-0.8349600223009475,22.519999496638775
21:05:54.992814,13,-1.6441922592845548,5.119714306119592,0.5705748781120026,-0.974120026017772,22.879999488592148
21:05:54.992814,13,-1.6628829782636612,5.177913790278843,0.5543255720445301,-0.974120026017772,19.999999552965164
21:05:54.992814,13,-1.572873095861352,5.076961913657157,0.582685148433904,-0.8349600223009475,19.63999956101179
21:05:54.992814,13,-1.5909586702490683,5.1353390151503735,0.5663882499452335,-0.974120026017772,19.63999956101179
21:05:54.992814,13,-1.6090442446367845,5.193716116643591,0.5500913514565626,-0.974120026017772,16.99999962002039
21:05:54.992814,13,-1.5200873654254239,5.0918998897528445,0.5786825298025091,-0.8349600223009475,16.639999628067017
21:05:54.992814,13,-1.5375659866794635,5.1504487545488935,0.5623396074755553,-0.974120026017772,16.359999634325504
21:05:54.992814,13,-1.4840195477993647,5.1650420133538715,0.5584293555638231,-0.8349600223009475,13.639999695122242
21:05:55.047597,14,-1.929185835833231,5.134072062672404,0.7408369300561723,-0.8349600223009475,14.51999967545271
21:05:55.047597,14,-1.812520170672193,4.991542233903978,0.8313743898419426,-0.6958000185841229,25.359999433159828
21:05:55.047597,14,-1.8336037386344948,5.049604771153526,0.8177807218249318,-0.974120026017772,26.519999407231808
21:05:55.047597,14,-1.7407046796431707,4.950538770865947,0.8403970927003543,-0.6958000185841229,9.119999796152115
21:05:55.047597,14,-1.7611911793384643,5.008802077793846,0.826749628610165,-0.6958000185841229,26.99999939650297
21:05:55.047597,14,-1.7816776790337576,5.067065384721747,0.813102164519975,-0.974120026017772,29.519999340176582
21:05:55.047597,14,-1.7096860703623291,5.025565266989459,0.8222579456026304,-0.6958000185841229,27.359999388456345
21:05:55.047597,14,-1.7295734531578082,5.084023566416968,0.8085582334296404,-0.974120026017772,31.5199992954731
21:05:55.047597,14,-1.7498983506299426,5.1293609910107865,0.740789720808781,-0.8349600223009475,22.239999502897263
21:05:55.047597,14,-1.6580099942115338,5.041830125185939,0.8178997899838769,-0.6958000185841229,26.519999407231808
21:05:55.047597,14,-1.6772962713855808,5.100477620435228,0.8041493829432294,-0.974120026017772,32.119999282062054
21:05:55.047597,14,-1.6065697977052635,5.044780470144089,0.7608339288812027,-0.6958000185841229,24.639999449253082
21:05:55.047597,14,-1.6252577130532833,5.103462284348524,0.7464197212493382,-0.974120026017772,31.119999304413795
21:05:55.047597,14,-1.572637162941291,5.118907058962376,0.7422813063642757,-1.1132800297345966,28.759999357163906
21:05:55.047597,14,-1.5200873654254239,5.0918998897528445,0.5786825298025091,-1.1132800297345966,25.63999942690134
21:05:55.047597,14,-1.4671496275264837,5.106327256462313,0.5748167285437993,-1.1132800297345966,22.359999500215054
21:05:55.099735,15,-1.90778805703961,5.2264087061494715,-0.05563907407042868,-0.7655200204462744,20.119999550282955
21:05:55.099735,15,-1.9294752595212339,5.285821062487351,-0.056271563544719586,-0.7655200204462744,7.759999826550484
21:05:55.099735,15,-1.7611911793384643,5.141790826500718,0.16310053645344233,-0.6263600167294499,24.879999443888664
21:05:55.099735,15,-1.7101136379493733,5.160435584100788,0.1087427528797362,-0.6958000185841229,26.99999939650297
21:05:55.099735,15,-1.7300059942896582,5.220462719860673,-0.11000766857990049,-0.7655200204462744,25.119999438524246
21:05:55.099735,15,-1.6387237170374873,5.115775979722722,0.16120332101791493,-0.6263600167294499,17.879999600350857
21:05:55.099735,15,-1.6584246383645216,5.17727841546305,0.1087427528797362,-0.6958000185841229,28.239999368786812
21:05:55.099735,15,-1.5547875214736357,5.210190810278209,-0.05437409512184686,-0.6263600167294499,26.6399994045496
21:05:55.099735,15,-1.5026087441713842,5.2254779186575195,-0.05437409512184686,-1.3221600353135727,24.23999945819378
21:05:55.159213,16,-5.746704423949219,3.9406908453814697,1.1620371926855388,-0.3480400092958007,5.359999880194664
21:05:55.159213,16,-5.665094571620049,4.0509240311239045,1.1325002995867433,-0.3480400092958007,5.519999876618385
21:05:55.159213,16,-5.623437833894614,4.105443909195294,1.117891742286071,-0.3480400092958007,5.639999873936176
21:05:55.159213,16,-4.985187733952919,4.7530415410209494,0.6537692960982804,-0.3480400092958007,5.759999871253967
21:05:55.159213,16,-5.028103354331746,4.867255902275645,0.9157289759053548,-0.3480400092958007,4.999999888241291
21:05:55.159213,16,-2.1916637002238635,4.913465337196476,0.8542591732117537,-0.5566400148672983,20.63999953866005
21:05:55.159213,16,-2.141129133385238,4.934391293601716,0.8486520800921207,-0.5566400148672983,25.239999435842037
21:05:55.159213,16,-2.0663443578393728,4.897855331461354,0.856477719692817,-0.5566400148672983,29.999999329447746
21:05:55.159213,16,-2.0903804554271135,4.954828085431916,0.8431760582253356,-0.5566400148672983,30.759999312460423
21:05:55.159213,16,-1.9653992013936001,4.9368002810528555,0.8460424519005034,-0.5566400148672983,36.35999918729067
21:05:55.159213,16,-1.9887583214984317,4.981231872399765,0.7791712614215314,-0.5566400148672983,36.999999172985554
21:05:55.159213,16,-1.889803092265982,4.933024404707172,1.0118298217302284,-0.6263600167294499,25.51999942958355
21:05:55.159213,16,-1.9146292871128092,4.95553953541364,0.84102128382777,-0.5566400148672983,43.75999902188778
21:05:55.159213,16,-1.9373849977298603,5.000193846141415,0.7740904158705564,-0.5566400148672983,43.239999033510685
21:05:55.159213,16,-1.839502511441542,4.951035717382836,1.00700370504416,-0.6263600167294499,30.35999932140112
21:05:55.159213,16,-1.863667911507385,4.973787461289779,0.8361317668257153,-0.6263600167294499,51.639998845756054
21:05:55.159213,16,-1.886100854557986,4.976698466924841,0.6095506580161891,-0.8349600223009475,48.119998924434185
21:05:55.159213,16,-1.907501886458945,5.018766429253157,0.5400277322433629,-0.8349600223009475,19.63999956101179
21:05:55.159213,16,-1.7890179819070942,4.968560271308044,1.002308014972185,-0.6263600167294499,35.51999920606613
21:05:55.159213,16,-1.812520170672193,4.991542233903978,0.8313743898419426,-0.6263600167294499,58.63999868929386
21:05:55.159213,16,-1.8343374491238391,4.994666953474053,0.604736016556118,-0.8349600223009475,49.99999888241291
21:05:55.159213,16,-1.7407046796431707,4.950538770865947,0.8403970927003543,-0.6263600167294499,40.51999909430742
21:05:55.159213,16,-1.7611911793384643,5.008802077793846,0.826749628610165,-0.6263600167294499,62.879998594522476
21:05:55.159213,16,-1.7823906114815893,5.012134553849214,0.600055587141884,-0.8349600223009475,48.239998921751976
21:05:55.159213,16,-1.68979868756685,4.96710696756195,0.8359576577756203,-0.6263600167294499,44.23999901115894
21:05:55.159213,16,-1.7101136379493733,5.012742701046217,0.7694184232382724,-0.6263600167294499,62.99999859184027
21:05:55.159213,16,-1.7302655362714796,5.029099521304918,0.5955098378125081,-0.8349600223009475,43.5199990272522
21:05:55.159213,16,-1.6387237170374873,4.983182629936651,0.831650197024524,-0.6263600167294499,45.759998977184296
21:05:55.159213,16,-1.6584246383645216,5.029011626846858,0.7650591777082689,-0.6263600167294499,58.999998681247234
21:05:55.159213,16,-1.6779674359573604,5.045560159358632,0.5910992231391141,-0.8349600223009475,37.51999916136265
21:05:55.159213,16,-1.5688016325682899,4.93993327496346,0.8412746848132493,-0.6958000185841229,16.519999630749226
21:05:55.159213,16,-1.587484875509345,4.998764150437277,0.827475141189532,-0.6263600167294499,44.519999004900455
21:05:55.159213,16,-1.606810821326342,5.0033153378010935,0.6030734902469472,-0.8349600223009475,52.3599988296628
21:05:55.159213,16,-1.6255015403054482,5.061514821960343,0.5868241841794748,-0.8349600223009475,31.5199992954731
21:05:55.159213,16,-1.5360872868236477,5.013849970924835,0.8234329077727298,-0.6263600167294499,40.99999908357859
21:05:55.159213,16,-1.5547875214736357,5.018584812163939,0.5989820469225748,-0.8349600223009475,44.87999899685383
21:05:55.159213,16,-1.572637162941291,5.0619628994907675,0.5297628100219269,-1.0438400278799236,26.239999413490295
21:05:55.159213,16,-1.4849073515523232,5.015780509475668,0.7672949078282338,-0.6263600167294499,36.23999918997288
21:05:55.159213,16,-1.5026087441713842,5.033351024956795,0.5950254521294629,-1.0438400278799236,37.63999915868044
21:05:55.159213,16,-1.433194773730399,5.029873977639214,0.763518574415258,-0.6263600167294499,31.239999301731586
21:05:55.159213,16,-1.450279707253603,5.047612499570754,0.5912041015237759,-1.0438400278799236,31.5199992954731
21:05:55.159213,16,-1.3815461112663128,5.002493048679628,0.6039486232400824,-1.2524400334514212,26.519999407231808
21:05:55.219960,17,-2.091889877761326,4.820915767784217,0.8751294716966009,-0.6263600167294499,20.999999530613422
21:05:55.219960,17,-2.0182721626638913,4.783909823520229,0.8830810426277795,-0.5566400148672983,20.239999547600746
21:05:55.219960,17,-2.042308260251632,4.840882577490792,0.8697793811602981,-0.6263600167294499,26.119999416172504
21:05:55.219960,17,-2.066861120469893,4.88500082712315,0.8036467551955964,-0.6263600167294499,22.239999502897263
21:05:55.219960,17,-1.919675431466926,4.821948743479855,0.8728885447436456,-0.5566400148672983,25.119999438524246
21:05:55.219960,17,-1.9425373164302633,4.879374512266355,0.8594654983220744,-0.6263600167294499,33.11999925971031
21:05:55.219960,17,-1.965890719110616,4.923955516279367,0.7932088776947828,-0.6263600167294499,26.99999939650297
21:05:55.219960,17,-1.870086647145955,4.8402520409345895,0.8679841909718229,-0.5566400148672983,31.239999301731586
21:05:55.219960,17,-1.892357967129382,4.8978957881741145,0.8545027373997964,-0.6263600167294499,42.119999058544636
21:05:55.219960,17,-1.9151081080136554,4.942699457054755,0.7881864539010406,-0.6263600167294499,32.359999276697636
21:05:55.219960,17,-1.8203108557270296,4.858075440351267,0.8632084254917467,-0.5566400148672983,38.239999145269394
21:05:55.219960,17,-1.8419893836172074,4.915931450820524,0.8496700961587309,-0.6263600167294499,52.999998815357685
21:05:55.219960,17,-1.8644136520763621,4.919474237859168,0.6255386452689231,-1.0438400278799236,37.75999915599823
21:05:55.219960,17,-1.7703530347475893,4.875417159404877,0.8585617258759646,-0.5566400148672983,44.99999899417162
21:05:55.219960,17,-1.7914366027098911,4.9334796966544285,0.8449680578589533,-0.6263600167294499,64.11999856680632
21:05:55.219960,17,-1.8132454446413444,4.937236114987079,0.6207793646364386,-1.0438400278799236,41.999999061226845
21:05:55.219960,17,-1.832136611130205,4.931738734498297,0.39392343592060186,-1.0438400278799236,13.519999697804451
21:05:55.219960,17,-1.699731680252584,4.834012157010144,0.8676920208807344,-0.5566400148672983,12.11999972909689
21:05:55.219960,17,-1.7202181799478775,4.892275463938044,0.8540445567905444,-0.6263600167294499,49.359998896718025
21:05:55.219960,17,-1.7407046796431707,4.950538770865947,0.8403970927003543,-0.6263600167294499,71.63999839872122
21:05:55.219960,17,-1.761895914181001,4.954502865346563,0.616152752821705,-1.0438400278799236,43.87999901920557
21:05:55.219960,17,-1.6699113047713712,4.908648668134439,0.8496573699486107,-0.7655200204462744,49.359998896718025
21:05:55.219960,17,-1.68979868756685,4.96710696756195,0.8359576577756203,-0.6263600167294499,71.75999839603901
21:05:55.219960,17,-1.7103701956053574,4.971272762277051,0.6116592724820276,-1.0438400278799236,42.51999904960394
21:05:55.219960,17,-1.6194374398634404,4.9245351346873605,0.8454006040651711,-0.7655200204462744,44.99999899417162
21:05:55.219960,17,-1.6387237170374873,4.983182629936651,0.831650197024524,-0.6958000185841229,64.51999855786562
21:05:55.219960,17,-1.6586734414431026,4.987544128802902,0.6072993729616749,-1.0438400278799236,38.519999139010906
21:05:55.219960,17,-1.5688016325682899,4.93993327496346,0.8412746848132493,-0.7655200204462744,38.1199991479516
21:05:55.219960,17,-1.587484875509345,4.998764150437277,0.827475141189532,-0.6958000185841229,53.51999880373478
21:05:55.219960,17,-1.606810821326342,5.0033153378010935,0.6030734902469472,-1.0438400278799236,33.2399992570281
21:05:55.219960,17,-1.5183885783540783,4.9423288442756315,0.7856666851066978,-0.7655200204462744,31.119999304413795
21:05:55.219960,17,-1.5360872868236477,5.013849970924835,0.8234329077727298,-0.6958000185841229,42.63999904692173
21:05:55.219960,17,-1.5547875214736357,5.018584812163939,0.5989820469225748,-1.0438400278799236,27.87999937683344
21:05:55.219960,17,-1.4674313521132045,4.956749367041963,0.7818027176770244,-0.7655200204462744,25.119999438524246
21:05:55.219960,17,-1.4845360906962033,5.028438582829915,0.8195239009940727,-0.6958000185841229,33.639999248087406
21:05:55.219960,17,-1.5026087441713842,5.033351024956795,0.5950254521294629,-1.0438400278799236,22.99999948590994
21:05:55.219960,17,-1.4163273839665347,4.97067696799402,0.778070828249418,-0.6958000185841229,20.239999547600746
21:05:55.219960,17,-1.432836442203435,5.042528527303547,0.8157485117509635,-0.6958000185841229,26.6399994045496
21:05:55.219960,17,-1.3809935112668779,5.05611839536309,0.8121071175791634,-0.6958000185841229,21.359999522566795
21:05:55.219960,17,0.12130784244166634,0.023260726664868246,1.7792006520895067,-2.226560059469193,5.639999873936176
21:05:55.269835,18,-5.826015671233266,3.8289032293979806,-0.808009405887885,-0.41748001115047373,6.7599998489022255
21:05:55.269835,18,-5.746704423949219,3.9406908453814697,-0.8379628073144613,-0.41748001115047373,6.8799998462200165
21:05:55.269835,18,-5.665094571620049,4.0509240311239045,-0.8674997004132566,-0.3480400092958007,6.8799998462200165
21:05:55.269835,18,-5.623437833894614,4.193860717211455,0.2105159245911488,-0.3480400092958007,6.9999998435378075
21:05:55.269835,18,-5.270301340626372,4.629842823038226,0.2105159245911488,-0.3480400092958007,6.8799998462200165
21:05:55.269835,18,-2.0431254831670573,4.970444236288356,-0.05374160564755596,-1.0438400278799236,19.35999956727028
21:05:55.269835,18,-1.919675431466926,4.949362734942876,0.15930610558238753,-0.6263600167294499,17.879999600350857
21:05:55.269835,18,-1.9433146163315327,5.010309965258734,-0.05374160564755596,-1.0438400278799236,22.879999488592148
21:05:55.269835,18,-1.966185649402746,5.069276724397705,-0.05437409512184686,-0.3480400092958007,19.63999956101179
21:05:55.269835,18,-1.870086647145955,4.968311702820723,0.15930610558238753,-0.5566400148672983,21.239999525249004
21:05:55.269835,18,-1.893115187929505,5.029492273704115,-0.05374160564755596,-1.0438400278799236,26.359999410808086
21:05:55.269835,18,-1.8203108557270296,4.986763843690745,0.15930610558238753,-0.5566400148672983,24.759999446570873
21:05:55.269835,18,-1.8427264495947384,5.048171637135837,-0.05374160564755596,-1.0438400278799236,29.519999340176582
21:05:55.269835,18,-1.8644136520763621,5.107583993473716,-0.05437409512184686,-1.0438400278799236,22.11999950557947
21:05:55.269835,18,-1.886100854557986,5.166996349811594,-0.055006584596137775,-0.41748001115047373,7.639999829232693
21:05:55.269835,18,-1.7703530347475893,5.004717312354311,0.15930610558238753,-0.5566400148672983,27.99999937415123
21:05:55.269835,18,-1.79215344015885,5.06634618763321,-0.05374160564755596,-1.0438400278799236,31.119999304413795
21:05:55.269835,18,-1.7202181799478775,5.022170313479598,0.15930610558238753,-0.8349600223009475,30.35999932140112
21:05:55.269835,18,-1.7414012168804127,5.084014107756406,-0.05374160564755596,-1.0438400278799236,31.119999304413795
21:05:55.269835,18,-1.6699113047713712,5.039121101781116,0.15930610558238753,-0.8349600223009475,30.999999307096004
21:05:55.269835,18,-1.6904748549392354,5.101173630728219,-0.05374160564755596,-0.8349600223009475,29.23999934643507
21:05:55.269835,18,-1.6001511626893936,4.99535998466575,0.15740889014686013,-0.8349600223009475,16.99999962002039
21:05:55.269835,18,-1.6194374398634404,5.055567982194237,0.15930610558238753,-0.8349600223009475,29.759999334812164
21:05:55.269835,18,-1.639379446928845,5.117823040610727,-0.05374160564755596,-0.8349600223009475,26.119999416172504
21:05:55.269835,18,-1.5688016325682899,5.0715093100446955,0.15930610558238753,-0.8349600223009475,27.119999393820763
21:05:55.269835,18,-1.5881201023472353,5.13396067247689,-0.05374160564755596,-0.8349600223009475,22.639999493956566
21:05:55.269835,18,-1.5180089464242255,5.086943491213065,0.15930610558238753,-0.8349600223009475,23.759999468922615
21:05:55.325613,19,-2.0190797676141305,4.911946660264679,-0.053109116173265046,-0.8349600223009475,28.519999362528324
21:05:55.325613,19,-2.0431254831670573,4.970444236288356,-0.05374160564755596,-0.8349600223009475,27.99999937415123
21:05:55.325613,19,-1.8968135465035891,4.890419561720293,0.15740889014686013,-0.6958000185841229,28.999999351799488
21:05:55.325613,19,-1.920443583260319,4.9513432061197635,-0.053109116173265046,-0.8349600223009475,35.35999920964241
21:05:55.325613,19,-1.9433146163315327,5.010309965258734,-0.05374160564755596,-0.8349600223009475,32.99999926239252
21:05:55.325613,19,-1.8478153271625277,4.909142861697882,0.15740889014686013,-0.6958000185841229,35.999999195337296
21:05:55.325613,19,-1.8708349561508308,4.970299756364619,-0.053109116173265046,-0.8349600223009475,44.11999901384115
21:05:55.325613,19,-1.893115187929505,5.029492273704115,-0.05374160564755596,-0.8349600223009475,37.99999915063381
21:05:55.325613,19,-1.9153954197081795,5.088684791043611,-0.05437409512184686,-0.41748001115047373,16.119999639689922
21:05:55.325613,19,-1.7986323278368517,4.927375251502185,0.15740889014686013,-0.6958000185841229,44.359999008476734
21:05:55.325613,19,-1.8210392471131145,4.988759280797959,-0.053109116173265046,-0.8349600223009475,54.359998784959316
21:05:55.325613,19,-1.8427264495947384,5.048171637135837,-0.05374160564755596,-0.8349600223009475,42.35999905318022
21:05:55.325613,19,-1.7492694667852875,4.945114907909496,0.15740889014686013,-0.7655200204462744,52.999998815357685
21:05:55.325613,19,-1.7710614356763552,5.006719933482807,-0.053109116173265046,-0.8349600223009475,64.87999854981899
21:05:55.325613,19,-1.79215344015885,5.06634618763321,-0.05374160564755596,-0.8349600223009475,44.99999899417162
21:05:55.325613,19,-1.7001567583916333,4.963601070949548,0.10494800577924333,-0.7655200204462744,59.75999866425991
21:05:55.325613,19,-1.7209065195798248,5.024179918368939,-0.053109116173265046,-0.8349600223009475,72.11999838799238
21:05:55.325613,19,-1.7414012168804127,5.084014107756406,-0.05374160564755596,-0.8349600223009475,45.2399989888072
21:05:55.325613,19,-1.630136539180413,4.919096846579588,0.15551167471133273,-0.7655200204462744,23.23999948054552
21:05:55.325613,19,-1.6504365689285192,4.980354176821133,0.10494800577924333,-0.7655200204462744,61.519998624920845
21:05:55.325613,19,-1.6705795142731135,5.041137489472497,-0.053109116173265046,-0.8349600223009475,72.99999836832285
21:05:55.325613,19,-1.6904748549392354,5.101173630728219,-0.05374160564755596,-0.7655200204462744,42.87999904155731
21:05:55.325613,19,-1.6005513371912496,4.99660925144758,0.10494800577924333,-0.7655200204462744,57.11999872326851
21:05:55.325613,19,-1.6200854524145871,5.057590951050579,-0.053109116173265046,-0.7655200204462744,66.75999850779772
21:05:55.325613,19,-1.639379446928845,5.117823040610727,-0.05374160564755596,-0.7655200204462744,38.6399991363287
21:05:55.325613,19,-1.5314351466861793,4.950713616630903,0.15551167471133273,-0.7655200204462744,20.359999544918537
21:05:55.325613,19,-1.5505060516612041,5.012364669335047,0.10494800577924333,-0.7655200204462744,48.87999890744686
21:05:55.325613,19,-1.569429383368129,5.073538657770807,-0.053109116173265046,-0.7655200204462744,56.519998736679554
21:05:55.325613,19,-1.5881201023472353,5.13396067247689,-0.05374160564755596,-0.7655200204462744,33.639999248087406
21:05:55.325613,19,-1.5003057168250074,5.027618854954943,0.10494800577924333,-0.7655200204462744,39.639999113976955
21:05:55.325613,19,-1.518616372698203,5.088979014875874,-0.053109116173265046,-0.7655200204462744,45.639998979866505
21:05:55.325613,19,-1.5367019470859193,5.149584912577041,-0.05374160564755596,-0.7655200204462744,28.639999359846115
21:05:55.325613,19,-1.4499553526740856,5.042370282901487,0.10494800577924333,-0.7655200204462744,31.359999299049377
21:05:55.325613,19,-1.4676515016633054,5.103910478343004,-0.053109116173265046,-0.7655200204462744,36.23999918997288
21:05:55.325613,19,-1.3994599942026704,5.056617478044242,0.10494800577924333,-0.7655200204462744,24.879999443888664
21:05:55.325613,19,-1.4165398667078408,5.11833155503836,-0.053109116173265046,-0.7655200204462744,28.879999354481697
21:05:55.325613,19,-1.3488246909043038,5.070359015675631,0.10494800577924333,-0.7655200204462744,19.759999558329582
21:05:55.325613,19,-1.365286578952484,5.132240802866356,-0.053109116173265046,-0.7655200204462744,23.11999948322773
21:05:55.325613,19,-1.2982492452679026,5.084356181402411,-0.05247662669897414,-0.7655200204462744,15.87999964505434
21:05:55.376535,20,-2.067171198719984,4.843511724039393,0.6458927395019698,-0.13916000371682458,8.51999980956316
21:05:55.376535,20,-1.943023116722801,4.866679160158968,0.8072464939680344,-0.6263600167294499,10.87999975681305
21:05:55.376535,20,-1.7769537999466736,4.742363419412755,0.8902850841577783,-0.6263600167294499,9.239999793469906
21:05:55.376535,20,-1.799082139587514,4.787831830270401,0.8257544981478124,-0.6263600167294499,18.999999575316906
21:05:55.376535,20,-1.8207660889618003,4.845538535670734,0.8116015701325392,-0.6263600167294499,16.8799996227026
21:05:55.432945,21,-1.9947347944728056,4.852721060843677,-0.10494800577924333,-0.41748001115047373,16.119999639689922
21:05:55.432945,21,-1.89728791194717,4.891642584430653,-0.10494800577924333,-0.41748001115047373,19.239999569952488
21:05:55.432945,21,-1.848277438865041,4.910370566832888,-0.10494800577924333,-0.41748001115047373,22.879999488592148
21:05:55.432945,21,-1.8685903284498142,4.964336390927805,-0.26543937467617856,-0.41748001115047373,19.35999956727028
21:05:55.432945,21,-1.9153954197081795,5.088684791043611,-0.05437409512184686,-0.3480400092958007,5.639999873936176
21:05:55.432945,21,-1.799082139587514,4.928607516292352,-0.10494800577924333,-0.41748001115047373,26.6399994045496
21:05:55.432945,21,-1.8188543643016888,4.982773767624514,-0.26543937467617856,-0.41748001115047373,21.7599995136261
21:05:55.432945,21,-1.749706933603301,4.946351609129378,-0.10494800577924333,-0.6263600167294499,29.639999337494373
21:05:55.432945,21,-1.768936516240971,5.000712871119032,-0.26543937467617856,-0.41748001115047373,23.759999468922615
21:05:55.432945,21,-1.7900032145373823,5.060267585692235,-0.2686005572120981,-0.41748001115047373,11.639999739825726
21:05:55.432945,21,-1.679665135321123,4.903775856764886,-0.10368309007907905,-0.6263600167294499,16.759999625384808
21:05:55.432945,21,-1.7001567583916333,4.963601070949548,-0.10494800577924333,-0.6263600167294499,31.239999301731586
21:05:55.432945,21,-1.7188417760106451,5.018151907516039,-0.26543937467617856,-0.41748001115047373,24.759999446570873
21:05:55.432945,21,-1.6487036828055304,4.975125023030517,-0.2622781921402591,-0.6263600167294499,30.63999931514263
21:05:55.432945,21,-1.6685751530427655,5.035089132926506,-0.26543937467617856,-0.41748001115047373,24.35999945551157
21:05:55.432945,21,-1.598870828377057,4.991363030540434,-0.2622781921402591,-0.6263600167294499,27.99999937415123
21:05:55.432945,21,-1.618141673957515,5.051522853642084,-0.26543937467617856,-0.41748001115047373,22.879999488592148
21:05:55.432945,21,-1.5488780882052815,5.007101905929066,-0.2622781921402591,-0.6263600167294499,24.35999945551157
21:05:55.432945,21,-1.5675463820605495,5.0674514263044665,-0.26543937467617856,-0.6263600167294499,20.51999954134226
21:05:55.432945,21,-1.4987304615223362,5.022340075322058,-0.2622781921402591,-0.6263600167294499,20.51999954134226
21:05:55.432945,21,-1.5167943368386694,5.082873258069734,-0.26543937467617856,-0.6263600167294499,17.879999600350857
21:05:55.432945,21,-1.4484329630488766,5.037076014915239,-0.2622781921402591,-0.6263600167294499,16.99999962002039
21:05:55.496273,22,-2.2393598794848852,4.758156072129843,0.8919458814644132,-0.4872000130126253,14.239999681711197
21:05:55.496273,22,-2.2657150941431947,4.814155210904967,0.8789050994022884,-0.4872000130126253,10.119999773800373
21:05:55.496273,22,-2.111392132803751,4.49982680569437,0.5260173733518116,-0.6263600167294499,16.99999962002039
21:05:55.496273,22,-2.137150750298174,4.554723911579252,0.5080350411817858,-0.6958000185841229,21.359999522566795
21:05:55.496273,22,-2.165507543651595,4.670195925120216,0.693642170432105,-0.4872000130126253,20.999999530613422
21:05:55.496273,22,-2.190968406168643,4.766830130202672,0.8340009609098546,-0.4872000130126253,16.359999634325504
21:05:55.496273,22,-2.2167540975097912,4.822931354696382,0.8202782202069749,-0.4872000130126253,11.759999737143517
21:05:55.496273,22,-2.064007416119572,4.519992604589134,0.5206139638232314,-0.6263600167294499,21.519999518990517
21:05:55.496273,22,-2.0891879482961677,4.575135729719864,0.5025657109949582,-0.6958000185841229,27.359999388456345
21:05:55.496273,22,-2.116590808133525,4.67642860188765,0.636995025003003,-0.4872000130126253,26.519999407231808
21:05:55.496273,22,-2.142119127087157,4.746743399625273,0.6724765351687398,-0.5566400148672983,18.999999575316906
21:05:55.496273,22,-2.1670048049757185,4.84410346035833,0.8146051715927896,-0.5566400148672983,13.119999706745148
21:05:55.496273,22,-1.9939098896650573,4.581853083266604,0.8783272628762406,-0.7655200204462744,15.119999662041664
21:05:55.496273,22,-2.016416300423008,4.539699701624779,0.5153334630873683,-0.6263600167294499,27.87999937683344
21:05:55.496273,22,-2.0410162292496556,4.595083249918302,0.497220789066783,-0.6958000185841229,36.23999918997288
21:05:55.496273,22,-2.065616158076303,4.650466798211825,0.47910811504619755,-0.5566400148672983,33.87999924272299
21:05:55.496273,22,-2.092726940597492,4.767196305544955,0.6669961955446913,-0.5566400148672983,22.99999948590994
21:05:55.496273,22,-2.1173564198723294,4.823301839587048,0.6513079617201021,-0.13916000371682458,13.999999687075615
21:05:55.496273,22,-1.946650577141414,4.600884687062885,0.8732277600083584,-0.7655200204462744,18.879999577999115
21:05:55.496273,22,-1.968623544785757,4.558946126108113,0.5101763991898725,-0.6263600167294499,37.239999167621136
21:05:55.496273,22,-1.9926404102901834,4.614564477439261,0.4920008098849751,-0.7655200204462744,49.11999890208244
21:05:55.496273,22,-2.0166572757946097,4.67018282877041,0.4738252205800775,-0.5566400148672983,43.63999902456999
21:05:55.496273,22,-2.042819011804197,4.772542976734095,0.6099317187872688,-0.5566400148672983,26.99999939650297
21:05:55.496273,22,-1.851552707171539,4.637573735677371,0.8633969590610404,-0.7655200204462744,23.879999466240406
21:05:55.496273,22,-1.9206339284433418,4.577729953412812,0.5051432878328126,-0.6263600167294499,50.99999886006117
21:05:55.496273,22,-1.942995299261994,4.617428159118519,0.43698715904876395,-0.7655200204462744,67.87999848276377
21:05:55.496273,22,-1.9664138029403935,4.6730810257879,0.41814850206431053,-0.5566400148672983,55.359998762607574
21:05:55.496273,22,-1.9409830275373063,4.764262316196353,0.44534400091859627,-0.5566400148672983,29.639999337494373
21:05:55.496273,22,-1.966185649402746,4.882472257324045,0.6354532960716615,-0.5566400148672983,13.879999689757824
21:05:55.496273,22,-1.8039942608148072,4.616159605638118,0.7100855624605635,-0.7655200204462744,30.35999932140112
21:05:55.496273,22,-1.8240833285347509,4.613902349465498,0.4954509235221969,-0.6263600167294499,70.35999842733145
21:05:55.496273,22,-1.8453205893731792,4.654021699643119,0.42718194941700194,-0.7655200204462744,92.63999792933464
21:05:55.496273,22,-1.9127666732230901,4.639965896762479,0.26254099035890244,-0.6958000185841229,66.63999851047993
21:05:55.496273,22,-1.8908438284073457,4.782768772613551,0.44038521086684623,-0.5566400148672983,30.119999326765537
21:05:55.496273,22,-1.7559776396682427,4.633353092530807,0.7054785815325926,-0.7655200204462744,37.99999915063381
21:05:55.496273,22,-1.7755319999476755,4.631287301004184,0.49079263979695154,-0.7655200204462744,93.99999789893627
21:05:55.496273,22,-1.79215919403575,4.620275392779916,0.273702402058432,-0.6958000185841229,116.51999739557505
21:05:55.496273,22,-1.8137597026390107,4.675962576543114,0.2528957090814794,-0.6958000185841229,72.23999838531017
21:05:55.496273,22,-1.839502511441542,4.784220853775568,0.3844421586041653,-0.5566400148672983,28.239999368786812
21:05:55.496273,22,-1.7077854222288709,4.6500819225521965,0.7009961050380435,-0.7655200204462744,45.639998979866505
21:05:55.496273,22,-1.7268031196481477,4.648202421307353,0.4862602469718422,-0.7655200204462744,111.75999750196934
21:05:55.496273,22,-1.7429739859705393,4.637348916867591,0.26912756506718605,-0.6958000185841229,122.5199972614646
21:05:55.496273,22,-1.7623016201992385,4.674970426318486,0.19842619024768604,-0.6958000185841229,68.23999847471714
21:05:55.496273,22,-1.7849893657476388,4.74913485140787,0.22740390006427957,-0.6958000185841229,25.119999438524246
21:05:55.496273,22,-1.65942242767806,4.666344422833301,0.6966385812208105,-0.7655200204462744,50.35999887436628
21:05:55.496273,22,-1.677901560483372,4.664646018877146,0.48185419828235365,-0.7655200204462744,109.11999756097794
21:05:55.496273,22,-1.6936144819669963,4.653946502587587,0.26468025537720674,-0.6958000185841229,104.63999766111374
21:05:55.496273,22,-1.7123947744414472,4.691752060721055,0.19392956486184332,-0.6958000185841229,57.35999871790409
21:05:55.496273,22,-1.7344400228118964,4.76613253137656,0.22284938544346655,-0.6958000185841229,21.359999522566795
21:05:55.496273,22,-1.5904403798455635,4.675046530896446,0.9044020695805985,-0.7655200204462744,13.879999689757824
21:05:55.496273,22,-1.610893492274747,4.6821389671377185,0.6924064458296244,-0.7655200204462744,49.87999888509512
21:05:55.496273,22,-1.6288322125682955,4.680616449367584,0.4775749343296636,-0.7655200204462744,88.51999802142382
21:05:55.496273,22,-1.6440856179341683,4.67006649019524,0.2603609177157362,-0.6958000185841229,78.11999825388193
21:05:55.496273,22,-1.6565658149998692,4.650324567479499,0.04117514893107099,-0.6958000185841229,44.99999899417162
21:05:55.496273,22,-1.6821136273162547,4.764120131270271,0.16800138487535143,-0.6958000185841229,17.999999597668648
21:05:55.496273,22,-1.562203468871814,4.69746397602425,0.6883001220744787,-0.7655200204462744,44.23999901115894
21:05:55.496273,22,-1.579599982796599,4.696112115748996,0.4734228830365821,-0.7655200204462744,64.99999854713678
21:05:55.496273,22,-1.5943923467169632,4.685707267705291,0.25616998401292346,-0.6958000185841229,55.87999875098467
21:05:55.496273,22,-1.606495323879476,4.666084073590699,0.03695240199546168,-0.6958000185841229,34.35999923199415
21:05:55.496273,22,-1.6256274702239264,4.721653611842369,0.013573987276239707,-0.6958000185841229,14.999999664723873
21:05:55.496273,22,-1.51335722643081,4.712317917004845,0.6843200205843085,-0.7655200204462744,36.35999918729067
21:05:55.496273,22,-1.530209794350013,4.711131468467728,0.4693984596047598,-0.7655200204462744,46.759998954832554
21:05:55.496273,22,-1.5430685834535807,4.68275291619757,0.20287809229451348,-0.7655200204462744,40.11999910324812
21:05:55.496273,22,-1.5541517879609341,4.661142283843085,-0.01620646493425415,-0.6958000185841229,26.359999410808086
21:05:55.496273,22,-1.464359649535054,4.726699304697852,0.6804665393659284,-0.7655200204462744,28.879999354481697
21:05:55.496273,22,-1.4822228552959364,4.770939717749377,0.6142899220213027,-0.7655200204462744,34.11999923735857
21:05:55.496273,22,-1.493109049608748,4.697416650012674,0.19894895666073142,-0.7655200204462744,29.639999337494373
21:05:55.496273,22,-1.503833416060145,4.675911341013519,-0.020163821876041155,-0.6958000185841229,20.51999954134226
21:05:55.496273,22,-1.4152156379011864,4.740606700976549,0.676740063764232,-0.7655200204462744,22.639999493956566
21:05:55.496273,22,-1.432694259155226,4.799155565772598,0.6603971414372785,-0.7655200204462744,25.51999942958355
21:05:55.496273,22,-1.4380080678597045,4.6543520855252805,0.04858458054411896,-0.6958000185841229,22.519999496638775
21:05:55.496273,22,-1.4465672918734136,4.626618797999097,-0.16992286673471169,-0.6263600167294499,16.239999637007713
21:05:55.496273,22,-1.365930105889198,4.75403871511296,0.6731409664236572,-0.7655200204462744,17.879999600350857
21:05:55.496273,22,-1.3828000261620788,4.81275347200452,0.656753593443681,-0.7655200204462744,19.63999956101179
21:05:55.496273,22,-1.387928779047503,4.66800042587602,0.044927518769113384,-0.6958000185841229,17.519999608397484
21:05:55.549100,23,-2.0881388642300376,4.503340403223857,0.7403153766381882,-0.6958000185841229,18.519999586045742
21:05:55.549100,23,-2.111392132803751,4.49982680569437,0.5260173733518116,-0.7655200204462744,18.23999959230423
21:05:55.549100,23,-2.011327852596664,4.561548962597156,1.1440053596971602,-0.7655200204462744,18.11999959498644
21:05:55.549100,23,-2.041276006809341,4.523284111332916,0.7349714761562838,-0.6958000185841229,23.519999474287033
21:05:55.549100,23,-2.064007416119572,4.519992604589134,0.5206139638232314,-0.7655200204462744,23.11999948322773
21:05:55.549100,23,-2.0833360747458634,4.507938463097134,0.303802991647125,-0.06972000186215155,17.519999608397484
21:05:55.549100,23,-1.964951402691939,4.580753076328558,1.1388596329314755,-0.7655200204462744,22.99999948590994
21:05:55.549100,23,-1.9942090234981455,4.542774169376583,0.7297491308430477,-0.6958000185841229,30.51999931782484
21:05:55.549100,23,-2.016416300423008,4.539699701624779,0.5153334630873683,-0.7655200204462744,29.999999329447746
21:05:55.549100,23,-2.035299286024213,4.5278301097366915,0.29847304099393046,-0.06972000186215155,21.99999950826168
21:05:55.549100,23,-1.9196275812710504,4.58937953647854,1.0842921249628996,-0.7655200204462744,29.759999334812164
21:05:55.549100,23,-1.9469426209553504,4.561808628365378,0.7246488629286367,-0.8349600223009475,40.3599990978837
21:05:55.549100,23,-1.968623544785757,4.558946126108113,0.5101763991898725,-0.7655200204462744,39.759999111294746
21:05:55.549100,23,-1.9870589690791352,4.547256769797529,0.2932676831189953,-0.06972000186215155,27.87999937683344
21:05:55.549100,23,-1.8728323514824414,4.607695863676514,1.0793842798818982,-0.7655200204462744,38.87999913096428
21:05:55.549100,23,-1.8518304840466784,4.598503181208416,0.7148165871277232,-0.8349600223009475,54.63999877870083
21:05:55.549100,23,-1.9206339284433418,4.577729953412812,0.5051432878328126,-0.8349600223009475,53.63999880105257
21:05:55.549100,23,-1.9386199479019095,4.566216500629914,0.28818743855374596,-0.06972000186215155,35.35999920964241
21:05:55.549100,23,-1.7810893961449872,4.609904892874673,0.9218567188821734,-0.7655200204462744,50.639998868107796
21:05:55.549100,23,-1.8039942608148072,4.616159605638118,0.7100855624605635,-0.8349600223009475,73.99999834597111
21:05:55.549100,23,-1.8240833285347509,4.613902349465498,0.4954509235221969,-0.8349600223009475,71.99999839067459
21:05:55.549100,23,-1.889987066354071,4.584707406276652,0.2832328153183825,-0.06972000186215155,43.99999901652336
21:05:55.549100,23,-1.7096925235429132,4.601651097051173,1.077077453913677,-0.7655200204462744,20.63999953866005
21:05:55.549100,23,-1.7336824300473068,4.626880078357521,0.9173082316406755,-0.7655200204462744,63.75999857485294
21:05:55.549100,23,-1.7559776396682427,4.633353092530807,0.7054785815325926,-0.904680024163099,96.87999783456326
21:05:55.549100,23,-1.7755319999476755,4.631287301004184,0.49079263979695154,-0.8349600223009475,92.51999793201685
21:05:55.549100,23,-1.79215919403575,4.620275392779916,0.273702402058432,-0.8349600223009475,51.759998843073845
21:05:55.549100,23,-1.8137597026390107,4.675962576543114,0.2528957090814794,-0.8349600223009475,12.519999720156193
21:05:55.549100,23,-1.6861020971591025,4.6433965066013405,0.9128826680308975,-0.7655200204462744,74.1199983432889
21:05:55.549100,23,-1.7077854222288709,4.6500819225521965,0.7009961050380435,-0.6263600167294499,114.63999743759632
21:05:55.549100,23,-1.7268031196481477,4.648202421307353,0.4862602469718422,-0.6958000185841229,106.23999762535095
21:05:55.549100,23,-1.7429739859705393,4.637348916867591,0.26912756506718605,-0.8349600223009475,55.359998762607574
21:05:55.549100,23,-1.6156823719786229,4.63377282200125,1.0684704636538092,-0.7655200204462744,21.87999951094389
21:05:55.549100,23,-1.6383531554737998,4.659452525977144,0.9085804706054925,-0.7655200204462744,75.87999830394983
21:05:55.549100,23,-1.6591735122506126,4.705404801031661,0.8452216798776158,-0.6958000185841229,115.23999742418528
21:05:55.549100,23,-1.677901560483372,4.664646018877146,0.48185419828235365,-0.6958000185841229,103.35999768972397
21:05:55.549100,23,-1.6936144819669963,4.653946502587587,0.26468025537720674,-0.8349600223009475,52.7599988207221
21:05:55.549100,23,-1.5705529970500844,4.6165882314689375,0.9181017817535886,-0.7655200204462744,20.87999953329563
21:05:55.549100,23,-1.5904403798455635,4.675046530896446,0.9044020695805985,-0.6958000185841229,68.11999847739935
21:05:55.549100,23,-1.6106518562479502,4.721196976134793,0.8409901793120007,-0.6958000185841229,98.35999780148268
21:05:55.549100,23,-1.6288322125682955,4.680616449367584,0.4775749343296636,-0.6958000185841229,86.35999806970358
21:05:55.549100,23,-1.6440856179341683,4.67006649019524,0.2603609177157362,-0.8349600223009475,45.639998979866505
21:05:55.549100,23,-1.5423685615118146,4.6901769619718205,0.9003478827928173,-0.6958000185841229,55.519998759031296
21:05:55.549100,23,-1.5615786083413,4.748592648939492,0.8866518251871136,-0.6958000185841229,75.99999830126762
21:05:55.549100,23,-1.579599982796599,4.696112115748996,0.4734228830365821,-0.6958000185841229,66.23999851942062
21:05:55.549100,23,-1.5943923467169632,4.685707267705291,0.25616998401292346,-0.8349600223009475,36.999999172985554
21:05:55.549100,23,-1.4941425076141124,4.704842306172833,0.8964183156574315,-0.6958000185841229,43.239999033510685
21:05:55.549100,23,-1.5127519037451242,4.76344064854201,0.8826733156844011,-0.6958000185841229,56.87999872863293
21:05:55.549100,23,-1.530209794350013,4.711131468467728,0.4693984596047598,-0.6958000185841229,49.51999889314175
21:05:55.549100,23,-1.5445396376008698,4.700867271053094,0.2521078733586264,-0.8349600223009475,29.35999934375286
21:05:55.549100,23,-1.4457670407174428,4.719041096977354,0.8926137611278617,-0.6958000185841229,33.359999254345894
21:05:55.549100,23,-1.4637739252259583,4.777816283871947,0.8788213758070602,-0.6958000185841229,42.63999904692173
21:05:55.549100,23,-1.4806665862060029,4.725673005601087,0.46550206647316883,-0.6958000185841229,37.239999167621136
21:05:55.549100,23,-1.4945324758150325,4.715544984251016,0.24817499196050763,-0.8349600223009475,23.11999948322773
21:05:55.549100,23,-1.3972469983279658,4.732771914518196,0.888934599656374,-0.6958000185841229,25.999999418854713
21:05:55.549100,23,-1.4146495705406208,4.79171811737781,0.8750963907458522,-0.6958000185841229,32.63999927043915
21:05:55.549100,23,-1.432694259155226,4.799155565772598,0.6603971414372785,-0.6958000185841229,28.519999362528324
21:05:55.549100,23,-1.4443758620337344,4.729738939540034,0.24437173310341187,-0.8349600223009475,18.519999586045742
21:05:55.549100,23,-1.3485872324092711,4.7460333857251085,0.8853811991560332,-0.6958000185841229,20.51999954134226
21:05:55.549100,23,-1.365383752083424,4.805144758887899,0.8714987329961619,-0.6958000185841229,25.51999942958355
21:05:55.549100,23,-1.3828000261620788,4.81275347200452,0.656753593443681,-0.6958000185841229,22.359999500215054
21:05:55.597485,24,-1.781802093193361,4.559373068141375,0.7259536824634893,-0.6263600167294499,20.359999544918537
21:05:55.597485,24,-1.801829828577219,4.557613541749481,0.5138061610739801,-0.974120026017772,21.119999527931213
21:05:55.597485,24,-1.7341159987744355,4.562576436155605,0.6727345932099189,-0.6263600167294499,23.11999948322773
21:05:55.597485,24,-1.753870817770669,4.574786399897325,0.5092047076015309,-0.974120026017772,23.759999468922615
21:05:55.597485,24,-1.6865237667379156,4.57909699491759,0.6683079228311344,-0.6263600167294499,25.239999435842037
21:05:55.597485,24,-1.7057364213517363,4.591495158669164,0.50472760918209,-0.6263600167294499,25.999999418854713
21:05:55.597485,24,-1.7268031196481477,4.648202421307353,0.4862602469718422,-0.974120026017772,12.879999712109566
21:05:55.597485,24,-1.6185140397855817,4.551308839063187,0.728769287419663,-0.6263600167294499,9.879999779164791
21:05:55.597485,24,-1.638762883737693,4.5951570296700055,0.6640046494888088,-0.6263600167294499,26.359999410808086
21:05:55.597485,24,-1.6574314527197356,4.607738147203123,0.5003753135217479,-0.6263600167294499,27.239999391138554
21:05:55.597485,24,-1.5908381258220539,4.610754934422833,0.659825203506671,-0.6263600167294499,26.119999416172504
21:05:55.597485,24,-1.6089607423310606,4.623513741213952,0.49614825584642475,-0.6263600167294499,27.119999393820763
21:05:55.597485,24,-1.5427542854266376,4.625889149398667,0.6557700028258175,-0.6263600167294499,24.51999945193529
21:05:55.597485,24,-1.5603291372161407,4.638820363155472,0.4920468588583462,-0.6263600167294499,25.879999421536922
21:05:55.597485,24,-1.4945161708951997,4.640558161188685,0.6518394529629195,-0.6263600167294499,22.11999950557947
21:05:55.597485,24,-1.5115415004947448,4.653656482378309,0.48807153269377523,-0.6263600167294499,23.759999468922615
21:05:55.597485,24,-1.4446102342900018,4.610596100025403,0.5028692887911863,-0.6263600167294499,19.35999956727028
21:05:55.656975,25,-2.0878256408040494,4.675221777104116,-0.10241817437891476,-0.8349600223009475,14.999999664723873
21:05:55.656975,25,-1.9901577389661769,4.578957442063362,0.14982752727998977,-0.7655200204462744,14.359999679028988
21:05:55.656975,25,-2.0161648740919405,4.6387946914427625,-0.05058165823449782,-0.8349600223009475,16.119999639689922
21:05:55.656975,25,-2.0409698128702343,4.695865925945911,-0.10241817437891476,-0.8349600223009475,18.999999575316906
21:05:55.656975,25,-1.9442694216714562,4.598629741362937,0.14982752727998977,-0.7655200204462744,18.639999583363533
21:05:55.656975,25,-1.9696768939437628,4.658724065915879,-0.05058165823449782,-0.8349600223009475,21.239999525249004
21:05:55.656975,25,-1.9939098896650573,4.716040492129312,-0.10241817437891476,-0.8349600223009475,24.639999449253082
21:05:55.656975,25,-1.8986613879075154,4.618997036618392,0.09989334264538526,-0.7655200204462744,24.639999449253082
21:05:55.656975,25,-1.922991947756388,4.678187571885486,-0.05058165823449782,-0.8349600223009475,29.11999934911728
21:05:55.656975,25,-1.946650577141414,4.7357434582146025,-0.10241817437891476,-0.8349600223009475,32.119999282062054
21:05:55.656975,25,-1.782594484868577,4.595936672576639,0.14793031184446237,-0.7655200204462744,16.8799996227026
21:05:55.656975,25,-1.805907888176097,4.6560439634569315,0.09989334264538526,-0.7655200204462744,33.359999254345894
21:05:55.656975,25,-1.8290498503156674,4.715709239758104,-0.05058165823449782,-0.8349600223009475,40.99999908357859
21:05:55.656975,25,-1.851552707171539,4.773726756327089,-0.10241817437891476,-0.8349600223009475,41.75999906659126
21:05:55.656975,25,-1.7369810412315119,4.614686302315867,0.09862842694522096,-0.7655200204462744,19.35999956727028
21:05:55.656975,25,-1.7595218614146864,4.674571132186268,-0.04994916876020691,-0.904680024163099,45.639998979866505
21:05:55.656975,25,-1.781802093193361,4.7337636495257644,-0.05058165823449782,-0.904680024163099,58.87999868392944
21:05:55.656975,25,-1.801829828577219,4.786971896448696,-0.2559558270684202,-0.8349600223009475,52.51999882608652
21:05:55.656975,25,-1.6907481000258628,4.631825090462542,0.09862842694522096,-0.7655200204462744,21.359999522566795
21:05:55.656975,25,-1.7126889548729065,4.691932330556545,-0.04994916876020691,-0.904680024163099,60.87999863922596
21:05:55.656975,25,-1.7341159987744355,4.750631979283653,-0.10115825834554955,-0.904680024163099,82.11999816447496
21:05:55.656975,25,-1.753870817770669,4.80475054743872,-0.2559558270684202,-0.8349600223009475,60.99999863654375
21:05:55.656975,25,-1.7755319999476755,4.864091620833984,-0.25911700960433964,-0.904680024163099,18.11999959498644
21:05:55.656975,25,-1.6445927763880368,4.649198085474267,-0.049316679285916,-0.904680024163099,22.639999493956566
21:05:55.656975,25,-1.6656847808705315,4.708824339624669,-0.04994916876020691,-0.904680024163099,74.1199983432889
21:05:55.656975,25,-1.6865237667379156,4.7677353202570005,-0.10115825834554955,-0.904680024163099,100.11999776214361
21:05:55.656975,25,-1.7057364213517363,4.822048727399424,-0.2559558270684202,-0.904680024163099,62.23999860882759
21:05:55.656975,25,-1.5980193424849936,4.665411280816421,-0.049316679285916,-0.904680024163099,22.759999491274357
21:05:55.656975,25,-1.6185140397855817,4.725245470203888,-0.04994916876020691,-0.904680024163099,76.2399982959032
21:05:55.656975,25,-1.638762883737693,4.784361891692734,-0.10115825834554955,-0.904680024163099,96.11999785155058
21:05:55.656975,25,-1.6574314527197356,4.838864706527305,-0.2559558270684202,-0.904680024163099,55.63999875634909
21:05:55.656975,25,-1.5512861079865234,4.68115793893918,-0.049316679285916,-0.904680024163099,21.639999516308308
21:05:55.656975,25,-1.5711814486526456,4.741194080194902,-0.04994916876020691,-0.904680024163099,65.51999853551388
21:05:55.656975,25,-1.5908381258220539,4.800510030947643,-0.10115825834554955,-0.904680024163099,74.63999833166599
21:05:55.656975,25,-1.6089607423310606,4.855196803238537,-0.2559558270684202,-0.904680024163099,45.11999899148941
21:05:55.656975,25,-1.5043977461769236,4.696436485189924,-0.049316679285916,-0.904680024163099,19.63999956101179
21:05:55.656975,25,-1.5234631850355467,4.755955068549505,-0.09989334264538526,-0.904680024163099,49.99999888241291
21:05:55.656975,25,-1.5427542854266376,4.816178123221328,-0.10115825834554955,-0.904680024163099,52.63999882340431
21:05:55.656975,25,-1.5603291372161407,4.871043384337135,-0.2559558270684202,-0.904680024163099,34.99999921768904
21:05:55.656975,25,-1.4571403401991603,4.710538699060192,-0.09862842694522096,-0.904680024163099,17.11999961733818
21:05:55.656975,25,-1.47582825554718,4.77095165038894,-0.09989334264538526,-0.904680024163099,36.75999917834997
21:05:55.656975,25,-1.4945161708951997,4.831364601717689,-0.10115825834554955,-0.904680024163099,36.75999917834997
21:05:55.656975,25,-1.5115415004947448,4.886402865178262,-0.2559558270684202,-0.904680024163099,26.87999939918518
21:05:55.656975,25,-1.4280457444697083,4.785471141060443,-0.09989334264538526,-0.904680024163099,27.119999393820763
21:05:55.656975,25,-1.4461286059987792,4.846067947801599,-0.10115825834554955,-0.904680024163099,26.359999410808086
21:05:55.656975,25,-1.4626027108896698,4.901273709826705,-0.2559558270684202,-0.904680024163099,20.75999953597784
21:05:55.656975,25,-1.378671363999645,4.794472811109832,-0.24964595678921334,-0.904680024163099,20.359999544918537
21:05:55.656975,25,-1.3975964294533263,4.860286691150769,-0.10115825834554955,-0.904680024163099,19.519999563694
21:05:55.656975,25,-1.4135176622388754,4.915654431210455,-0.2559558270684202,-0.904680024163099,16.359999634325504
21:05:55.656975,25,-1.330658503044274,4.808019573032126,-0.24964595678921334,-0.904680024163099,15.75999964773655
21:05:55.656975,25,-1.3475081827875275,4.86890190296091,-0.2528071393251328,-0.904680024163099,14.999999664723873
21:05:55.714122,26,-2.153538900490715,4.457801402217536,0.962612726369708,-0.8349600223009475,18.23999959230423
21:05:55.714122,26,-2.0813327623439553,4.422382579948563,0.9701390292440331,-0.8349600223009475,22.99999948590994
21:05:55.714122,26,-2.108215079069826,4.4664043069031525,0.9079573082113288,-0.8349600223009475,22.879999488592148
21:05:55.714122,26,-2.1347929095137568,4.482945039403504,0.7457802979031904,-0.8349600223009475,15.239999659359455
21:05:55.714122,26,-2.010067797826776,4.386016265763084,0.9779192118122206,-0.8349600223009475,17.759999603033066
21:05:55.714122,26,-2.0363561778503736,4.430444527210745,0.916283165045304,-0.8349600223009475,29.23999934643507
21:05:55.714122,26,-2.0621418691915223,4.486545751704455,0.9025604243424241,-0.8349600223009475,29.35999934375286
21:05:55.714122,26,-2.0881388642300376,4.503340403223857,0.7403153766381882,-0.8349600223009475,18.639999583363533
21:05:55.714122,26,-1.9649570428721608,4.40521432108689,0.9727751083919589,-0.8349600223009475,21.99999950826168
21:05:55.714122,26,-1.990655448432867,4.449893661515375,0.9110717852148937,-0.8349600223009475,37.87999915331602
21:05:55.714122,26,-2.0161648740919405,4.46764009883324,0.7505334575089133,-0.6958000185841229,38.519999139010906
21:05:55.714122,26,-2.041276006809341,4.523284111332916,0.7349714761562838,-0.8349600223009475,22.99999948590994
21:05:55.714122,26,-1.9201298703159673,4.412312217407875,0.9198321657192872,-0.8349600223009475,27.519999384880066
21:05:55.714122,26,-1.945047414668926,4.430784862296516,0.7610635896628799,-0.6958000185841229,49.75999888777733
21:05:55.714122,26,-1.9696768939437628,4.486890396338609,0.7453753558382905,-0.6958000185841229,51.23999885469675
21:05:55.714122,26,-1.9942090234981455,4.542774169376583,0.7297491308430477,-0.8349600223009475,28.359999366104603
21:05:55.714122,26,-1.8746192792418195,4.430639600765903,0.9149213581491278,-0.8349600223009475,34.35999923199415
21:05:55.714122,26,-1.8989462322034611,4.449350080289981,0.7560890544942234,-0.6958000185841229,65.51999853551388
21:05:55.714122,26,-1.922991947756388,4.505690699424783,0.7403378298088898,-0.8349600223009475,68.11999847739935
21:05:55.714122,26,-1.9469426209553504,4.561808628365378,0.7246488629286367,-0.8349600223009475,34.23999923467636
21:05:55.714122,26,-1.7833077841732403,4.428346217022135,0.7623718239818698,-0.8349600223009475,41.879999063909054
21:05:55.714122,26,-1.8061788172444537,4.485140032245261,0.7464991657706572,-0.8349600223009475,83.99999812245369
21:05:55.714122,26,-1.8290498503156674,4.541933847468386,0.7306265075594447,-0.8349600223009475,87.11999805271626
21:05:55.714122,26,-1.851552707171539,4.584558187489582,0.665540239633098,-0.7655200204462744,39.639999113976955
21:05:55.714122,26,-1.737241629636012,4.445349306342356,0.7578158599296823,-0.8349600223009475,48.75999891012907
21:05:55.714122,26,-1.7595218614146864,4.502361187241866,0.7418847711965857,-0.8349600223009475,99.87999776750803
21:05:55.714122,26,-1.7815348206639214,4.545597005426087,0.6772842179618337,-0.8349600223009475,101.11999773979187
21:05:55.714122,26,-1.8037236594326314,4.602211963433667,0.6608099246255206,-0.7655200204462744,42.9999990388751
21:05:55.714122,26,-1.6693145499096589,4.404682358991699,0.7693673369180232,-0.8349600223009475,11.359999746084213
21:05:55.714122,26,-1.6910017523912826,4.46190658805737,0.7533793496652894,-0.8349600223009475,52.23999883234501
21:05:55.714122,26,-1.7124320494001493,4.505524499302575,0.6893311507109265,-0.8349600223009475,104.11999767273664
21:05:55.714122,26,-1.7341159987744355,4.562576436155605,0.6727345932099189,-0.8349600223009475,100.87999774515629
21:05:55.714122,26,-1.755714240838942,4.6194028712819435,0.656203634750417,-0.7655200204462744,42.75999904423952
21:05:55.714122,26,-1.6445927763880368,4.478016406452878,0.7490627368360012,-0.8349600223009475,50.87999886274338
21:05:55.714122,26,-1.6654349260823187,4.521838479634925,0.6849598328555362,-0.8349600223009475,93.87999790161848
21:05:55.714122,26,-1.6865237667379156,4.57909699491759,0.6683079228311344,-0.904680024163099,86.87999805808067
21:05:55.714122,26,-1.7057364213517363,4.591495158669164,0.50472760918209,-0.6958000185841229,39.23999912291765
21:05:55.714122,26,-1.5977796375966724,4.480238359328829,0.6974160885911989,-0.8349600223009475,45.35999898612499
21:05:55.714122,26,-1.6182712606671827,4.537697694499418,0.6807103690400036,-0.904680024163099,76.11999829858541
21:05:55.714122,26,-1.6370422544729513,4.551055207828204,0.5188232227720544,-0.904680024163099,68.23999847471714
21:05:55.714122,26,-1.6574314527197356,4.607738147203123,0.5003753135217479,-0.904680024163099,33.87999924272299
21:05:55.714122,26,-1.5510534131414846,4.495446181552871,0.6933411649076309,-0.904680024163099,37.99999915063381
21:05:55.714122,26,-1.569296345217212,4.50953402731046,0.5332214865419365,-0.904680024163099,58.75999868661165
21:05:55.714122,26,-1.589167815454447,4.566636735464091,0.5146481650251751,-0.904680024163099,51.759998843073845
21:05:55.714122,26,-1.6089607423310606,4.623513741213952,0.49614825584642475,-0.904680024163099,28.11999937146902
21:05:55.714122,26,-1.502592769824887,4.4671715549898945,0.5478451737709835,-0.904680024163099,30.879999309778214
21:05:55.714122,26,-1.5218636154053449,4.524463307583418,0.5292211979492194,-0.904680024163099,44.87999899685383
21:05:55.714122,26,-1.541134460985803,4.581755060176943,0.5105972221274551,-0.904680024163099,39.23999912291765
21:05:55.714122,26,-1.5603291372161407,4.638820363155472,0.4920468588583462,-0.904680024163099,22.99999948590994
21:05:55.714122,26,-1.4556104066516882,4.481458697968119,0.5440169453478205,-0.904680024163099,24.879999443888664
21:05:55.714122,26,-1.4742787005069564,4.538933684057536,0.5253438722588053,-0.904680024163099,34.639999225735664
21:05:55.714122,26,-1.4929469943622244,4.596408670146953,0.5066707991697903,-0.904680024163099,30.23999932408333
21:05:55.714122,26,-1.5115415004947448,4.653656482378309,0.48807153269377523,-0.904680024163099,18.879999577999115
21:05:55.714122,26,-1.4084824836573353,4.495291319389172,0.5403105056088437,-0.904680024163099,20.119999550282955
21:05:55.714122,26,-1.4265463589736687,4.552943709707288,0.521589897200015,-0.904680024163099,27.239999391138554
21:05:55.714122,26,-1.4446102342900018,4.610596100025403,0.5028692887911863,-0.904680024163099,23.759999468922615
21:05:55.761782,27,-2.0388268839429755,4.690935472360668,-0.2559558270684202,-0.904680024163099,6.11999986320734
21:05:55.761782,27,-1.8738637416430775,4.691547582737611,-0.2528071393251328,-0.904680024163099,11.879999734461308
21:05:55.761782,27,-1.7142754361947057,4.554363683898078,0.14603309640893497,-0.6958000185841229,12.23999972641468
21:05:55.761782,27,-1.736546756178133,4.613532525020919,0.14793031184446237,-0.904680024163099,20.999999530613422
21:05:55.761782,27,-1.7592579309477165,4.673869940704163,-0.09989334264538526,-0.904680024163099,18.999999575316906
21:05:55.820155,28,-3.5479396866205946,6.1831899621360735,0.5690101697147532,-0.06972000186215155,5.359999880194664
21:05:55.820155,28,-1.9649570428721608,4.40521432108689,0.9727751083919589,-0.6958000185841229,27.639999382197857
21:05:55.820155,28,-1.8950301660475444,4.367237924446659,0.980986711253645,-0.6958000185841229,27.639999382197857
21:05:55.820155,28,-1.9201298703159673,4.412312217407875,0.9198321657192872,-0.6958000185841229,33.11999925971031
21:05:55.820155,28,-1.945047414668926,4.430784862296516,0.7610635896628799,-0.5566400148672983,25.63999942690134
21:05:55.820155,28,-1.8505771705761238,4.373816372753849,0.9288375591116804,-0.6958000185841229,32.239999279379845
21:05:55.820155,28,-1.8749005166505344,4.393009461155177,0.7718402791795567,-0.6958000185841229,39.23999912291765
21:05:55.820155,28,-1.8986613879075154,4.4357542296668,0.7080260381155339,-0.5566400148672983,29.519999340176582
21:05:55.820155,28,-1.7604367511020265,4.3715524017990095,0.7782444821930823,-0.6958000185841229,36.87999917566776
21:05:55.820155,28,-1.7833077841732403,4.428346217022135,0.7623718239818698,-0.6958000185841229,45.35999898612499
21:05:55.820155,28,-1.805907888176097,4.471538813084788,0.6984375878872002,-0.5566400148672983,32.87999926507473
21:05:55.820155,28,-1.7149613978573375,4.388337425442848,0.7737469486627782,-0.974120026017772,40.639999091625214
21:05:55.820155,28,-1.7369810412315119,4.431917764347373,0.7103635529942713,-0.974120026017772,50.1199988797307
21:05:55.820155,28,-1.7574107871600118,4.445258411723438,0.5504440858314923,-0.974120026017772,34.99999921768904
21:05:55.820155,28,-1.7796642871175434,4.5015472194394555,0.532088848279709,-0.974120026017772,13.35999970138073
21:05:55.820155,28,-1.6476273474280347,4.347458129926026,0.7853553241707574,-0.974120026017772,14.879999667406082
21:05:55.820155,28,-1.6690641506515769,4.391420625596513,0.722524265712942,-0.974120026017772,42.35999905318022
21:05:55.820155,28,-1.6889728885605069,4.405507020296535,0.5643681360437103,-0.974120026017772,51.99999883770943
21:05:55.820155,28,-1.7106340707375136,4.462007921403396,0.5459560682391302,-0.974120026017772,35.23999921232462
21:05:55.820155,28,-1.6215528957482896,4.364890247494427,0.5785240644965595,-0.974120026017772,41.63999906927347
21:05:55.820155,28,-1.642619594044701,4.421597510132615,0.5600567022863117,-0.974120026017772,50.35999887436628
21:05:55.820155,28,-1.6636862923411124,4.478304772770803,0.5415893400760634,-0.974120026017772,33.639999248087406
21:05:55.820155,28,-1.575631931182042,4.380331592806132,0.5743865684902378,-0.974120026017772,38.6399991363287
21:05:55.820155,28,-1.5961020389456786,4.437239464480156,0.5558654532508434,-0.974120026017772,45.759998977184296
21:05:55.820155,28,-1.6156823719786229,4.4787297473920855,0.48984183185071606,-0.974120026017772,30.35999932140112
21:05:55.820155,28,-1.5295534047427422,4.395328611003198,0.5703681295754588,-0.974120026017772,34.23999923467636
21:05:55.820155,28,-1.5485720586651164,4.437200596397361,0.5048960506260185,-0.974120026017772,39.639999113976955
21:05:55.820155,28,-1.5649007025070116,4.445139749135386,0.3441480222933837,-0.974120026017772,26.519999407231808
21:05:55.820155,28,-1.4825054915424545,4.394836405505535,0.5201740176673968,-0.974120026017772,29.35999934375286
21:05:55.820155,28,-1.4983839656846045,4.403551392026214,0.3611769460541634,-0.974120026017772,33.359999254345894
21:05:55.820155,28,-1.5176008330906066,4.460027212079067,0.3401589386202759,-0.974120026017772,22.639999493956566
21:05:55.820155,28,-1.4329171979724327,4.361139976012956,0.37842640778361636,-0.974120026017772,24.759999446570873
21:05:55.820155,28,-1.4515332014173865,4.417798516319585,0.3573594406052889,-0.974120026017772,27.639999382197857
21:05:55.820155,28,-1.404537285046122,4.431592392183307,0.3536633827071092,-0.974120026017772,22.879999488592148
21:05:55.877712,29,-3.3881192348132467,4.646894650670741,0.17257911475584006,-0.6958000185841229,4.999999888241291
21:05:55.877712,29,-3.3782155977447257,4.731997586851663,0.17447633019136746,-0.6958000185841229,5.119999885559082
21:05:55.877712,29,-1.984288553499196,4.443373467625953,0.14603309640893497,-0.7655200204462744,28.11999937146902
21:05:55.877712,29,-2.010067797826776,4.501100359240894,0.14793031184446237,-0.7655200204462744,23.879999466240406
21:05:55.877712,29,-2.0366616796346673,4.560651450546633,-0.04994916876020691,-0.6263600167294499,24.639999449253082
21:05:55.877712,29,-1.9145556506841286,4.405012061756752,0.14413588097340757,-0.7655200204462744,28.239999368786812
21:05:55.877712,29,-1.9397563467781447,4.4629938551922885,0.14603309640893497,-0.7655200204462744,34.879999220371246
21:05:55.877712,29,-1.9657433139530327,4.522784702124815,-0.049316679285916,-0.7655200204462744,28.999999351799488
21:05:55.877712,29,-1.990655448432867,4.5801025726336,-0.09989334264538526,-0.6263600167294499,27.519999384880066
21:05:55.877712,29,-1.8704105382355884,4.423937049986838,0.14413588097340757,-0.6263600167294499,34.51999922841787
21:05:55.877712,29,-1.8950301660475444,4.482167947112205,0.14603309640893497,-0.7655200204462744,43.5199990272522
21:05:55.877712,29,-1.9204179353940891,4.542215669862232,-0.049316679285916,-1.0438400278799236,34.99999921768904
21:05:55.877712,29,-1.944755655138289,4.59977979168873,-0.09989334264538526,-0.6263600167294499,29.639999337494373
21:05:55.877712,29,-1.9693814399606107,4.658025251513418,-0.10115825834554955,-0.6263600167294499,8.999999798834324
21:05:55.877712,29,-1.8260783863002568,4.442419648218304,0.14413588097340757,-0.6263600167294499,41.999999061226845
21:05:55.877712,29,-1.8501144838879975,4.5008938259925735,0.14603309640893497,-0.6263600167294499,53.99999879300594
21:05:55.877712,29,-1.8749005166505344,4.561192419838135,-0.049316679285916,-1.0438400278799236,41.35999907553196
21:05:55.877712,29,-1.8986613879075154,4.618997036618392,-0.09989334264538526,-0.6263600167294499,30.35999932140112
21:05:55.877712,29,-1.7373050810126507,4.479170221301586,0.09609859554489239,-0.6263600167294499,49.63999889045954
21:05:55.877712,29,-1.760172683400466,4.538128135353367,0.09736351124505668,-0.6263600167294499,65.23999854177237
21:05:55.877712,29,-1.7833077841732403,4.597775721480162,-0.049316679285916,-1.0438400278799236,46.879998952150345
21:05:55.877712,29,-1.804011763976154,4.651155321188456,-0.24964595678921334,-1.0438400278799236,29.639999337494373
21:05:55.877712,29,-1.692427261799102,4.496319025539275,0.09609859554489239,-0.6263600167294499,55.87999875098467
21:05:55.877712,29,-1.7149613978573375,4.556186097507277,-0.048684189811625096,-1.0438400278799236,74.63999833166599
21:05:55.877712,29,-1.7369810412315119,4.614686302315867,-0.09862842694522096,-1.0438400278799236,49.99999888241291
21:05:55.877712,29,-1.7574107871600118,4.668962581940198,-0.24964595678921334,-1.0438400278799236,27.519999384880066
21:05:55.877712,29,-1.6256962519030045,4.453614757230876,0.09483367984472811,-0.6263600167294499,12.359999723732471
21:05:55.877712,29,-1.6476273474280347,4.513695261542909,-0.048051700337334184,-0.6263600167294499,58.35999869555235
21:05:55.877712,29,-1.6693145499096589,4.573107617880789,-0.048684189811625096,-1.0438400278799236,77.87999825924635
21:05:55.877712,29,-1.6889728885605069,4.626961876950141,-0.24648477425329388,-1.0438400278799236,49.51999889314175
21:05:55.877712,29,-1.7106340707375136,4.686302950345406,-0.24964595678921334,-1.0438400278799236,24.51999945193529
21:05:55.877712,29,-1.6024087674230476,4.5299455771734625,-0.048051700337334184,-0.6263600167294499,55.75999875366688
21:05:55.877712,29,-1.623257244771125,4.588883389842576,-0.09736351124505668,-0.6263600167294499,73.51999835669994
21:05:55.877712,29,-1.642619594044701,4.643619977808564,-0.24648477425329388,-1.0438400278799236,45.519998982548714
21:05:55.877712,29,-1.557029947883817,4.545742902041489,-0.048051700337334184,-0.6263600167294499,49.359998896718025
21:05:55.877712,29,-1.575631931182042,4.600051320230058,-0.24332359171737442,-1.0438400278799236,63.63999857753515
21:05:55.877712,29,-1.5961020389456786,4.659813720559636,-0.24648477425329388,-1.0438400278799236,39.519999116659164
21:05:55.877712,29,-1.511268700460915,4.560401487908104,-0.09609859554489239,-0.6263600167294499,41.35999907553196
21:05:55.877712,29,-1.5295534047427422,4.615577375946658,-0.24332359171737442,-1.0438400278799236,51.99999883770943
21:05:55.877712,29,-1.5485720586651164,4.672968028991448,-0.29572749639921203,-1.0438400278799236,33.11999925971031
21:05:55.877712,29,-1.4640510786639707,4.570482054690948,-0.24016240918145493,-1.0438400278799236,33.639999248087406
21:05:55.877712,29,-1.4833219242444289,4.6306418777925975,-0.24332359171737442,-1.0438400278799236,41.51999907195568
21:05:55.877712,29,-1.4983839656846045,4.677662634863556,-0.4432585461801059,-1.0438400278799236,27.239999391138554
21:05:55.877712,29,-1.4182738189411517,4.584893798954912,-0.24016240918145493,-1.0438400278799236,27.119999393820763
21:05:55.877712,29,-1.4361512079277219,4.642686538841506,-0.29193477289391473,-1.0438400278799236,32.87999926507473
21:05:55.877712,29,-1.3723547330246688,4.598847057680209,-0.24016240918145493,-1.0438400278799236,21.87999951094389
21:05:55.877712,29,-1.386524007146965,4.646329186781894,-0.43757372780003967,-1.0438400278799236,26.239999413490295
21:05:55.934158,30,-2.0430626320368726,4.2664386686385525,1.155117804487967,-0.6263600167294499,21.7599995136261
21:05:55.934158,30,-2.0727532520217555,4.290576014767177,1.0015282080424899,-0.6263600167294499,23.519999474287033
21:05:55.934158,30,-2.1002069013510787,4.3346349195324265,0.9406457349552453,-0.7655200204462744,20.359999544918537
21:05:55.934158,30,-2.0022671183690273,4.25438516362319,1.0092613754304083,-0.6263600167294499,27.359999388456345
21:05:55.934158,30,-2.0286223330273367,4.310384302398314,0.9962205933682833,-0.6263600167294499,29.519999340176582
21:05:55.934158,30,-2.055491467642488,4.354705568243883,0.9352678208414416,-0.6263600167294499,24.759999446570873
21:05:55.934158,30,-1.9327300648440358,4.217263472854169,1.0172439605441377,-0.6263600167294499,22.239999502897263
21:05:55.934158,30,-1.958509309171616,4.273514403823808,1.0041357109668319,-0.6263600167294499,35.11999921500683
21:05:55.934158,30,-1.984288553499196,4.329765334793446,0.991027461389526,-0.6263600167294499,37.99999915063381
21:05:55.934158,30,-2.0108721198274813,4.336704717324726,0.7869270898189673,-0.6263600167294499,30.23999932408333
21:05:55.934158,30,-1.8893549545901123,4.235722879422931,1.0122977774612802,-0.6263600167294499,27.119999393820763
21:05:55.934158,30,-1.9145556506841286,4.292220026644251,0.9991235544381729,-0.6263600167294499,45.759998977184296
21:05:55.934158,30,-1.9397563467781447,4.3487171738655706,0.9859493314150658,-0.6263600167294499,49.359998896718025
21:05:55.934158,30,-1.9657433139530327,4.355910454687061,0.7817809280026853,-0.6263600167294499,36.63999918103218
21:05:55.934158,30,-1.8462525158490022,4.2425476828606765,0.9613918243708339,-0.6263600167294499,32.51999927312136
21:05:55.934158,30,-1.8704105382355884,4.310500161537908,0.9942254070558854,-0.6263600167294499,59.63999866694212
21:05:55.934158,30,-1.8955040854936456,4.355724039225476,0.9336853852698028,-0.6263600167294499,63.75999857485294
21:05:55.934158,30,-1.9204179353940891,4.374679328254422,0.7767518234874691,-0.6263600167294499,43.119999036192894
21:05:55.934158,30,-1.944755655138289,4.417191796479118,0.7129998270977302,-0.5566400148672983,10.239999771118164
21:05:55.934158,30,-1.8024929532447322,4.260169916729742,0.9566699610367853,-0.6263600167294499,37.51999916136265
21:05:55.934158,30,-1.826535061910428,4.3169931447417955,0.9427537600742326,-0.6263600167294499,74.87999832630157
21:05:55.934158,30,-1.8505771705761238,4.373816372753849,0.9288375591116804,-0.6263600167294499,79.23999822884798
21:05:55.934158,30,-1.8749005166505344,4.393009461155177,0.7718402791795567,-0.6263600167294499,48.63999891281128
21:05:55.934158,30,-1.7146946849595996,4.257964771352758,0.8099897986155067,-0.6263600167294499,40.879999086260796
21:05:55.934158,30,-1.7373050810126507,4.351418343834745,0.9335295557779961,-0.6263600167294499,86.119998075068
21:05:55.934158,30,-1.760172683400466,4.408694699955144,0.919491939504745,-0.6263600167294499,89.51999799907207
21:05:55.934158,30,-1.7833077841732403,4.428346217022135,0.7623718239818698,-0.6263600167294499,50.99999886006117
21:05:55.934158,30,-1.6704009342999884,4.274313663643828,0.8056091261289711,-0.6263600167294499,41.11999908089638
21:05:55.934158,30,-1.692681166078663,4.331325544543338,0.7896780373958745,-0.6263600167294499,85.87999808043242
21:05:55.934158,30,-1.7149613978573375,4.388337425442848,0.7737469486627782,-0.6263600167294499,88.11999803036451
21:05:55.934158,30,-1.737241629636012,4.445349306342356,0.7578158599296823,-0.6263600167294499,49.239998899400234
21:05:55.934158,30,-1.6042529424647871,4.233009671794682,0.8173312986762251,-0.6263600167294499,5.359999880194664
21:05:55.934158,30,-1.6259401449464108,4.290233900860354,0.8013433114234911,-0.6263600167294499,37.99999915063381
21:05:55.934158,30,-1.6476273474280347,4.347458129926026,0.7853553241707574,-0.6263600167294499,74.23999834060669
21:05:55.934158,30,-1.6693145499096589,4.404682358991699,0.7693673369180232,-0.6263600167294499,75.75999830663204
21:05:55.934158,30,-1.6910017523912826,4.46190658805737,0.7533793496652894,-0.6263600167294499,44.11999901384115
21:05:55.934158,30,-1.581316762940553,4.305723890991949,0.7971927810769641,-0.6263600167294499,32.87999926507473
21:05:55.934158,30,-1.6024087674230476,4.363154729478926,0.7811494329966431,-0.6263600167294499,58.35999869555235
21:05:55.934158,30,-1.6235007719055423,4.420585567965902,0.7651060849163218,-0.6263600167294499,59.63999866694212
21:05:55.934158,30,-1.6445927763880368,4.478016406452878,0.7490627368360012,-0.6263600167294499,37.51999916136265
21:05:55.934158,30,-1.5363047683851412,4.307860353817066,0.747533247244784,-0.6263600167294499,27.359999388456345
21:05:55.934158,30,-1.5567963914556517,4.365319688987653,0.7308275276935892,-0.5566400148672983,44.11999901384115
21:05:55.934158,30,-1.5775246451844052,4.436045462057883,0.760963618779305,-0.6263600167294499,45.35999898612499
21:05:55.934158,30,-1.5980193424849936,4.493677150560534,0.7448664530994842,-0.6263600167294499,30.999999307096004
21:05:55.934158,30,-1.4913763441206305,4.322483052247928,0.7436151070090709,-0.6263600167294499,22.239999502897263
21:05:55.934158,30,-1.511268700460915,4.38013742868291,0.7268571263085906,-0.5566400148672983,33.359999254345894
21:05:55.934158,30,-1.5311610568012,4.4377918051178895,0.7100991456081107,-0.5566400148672983,34.51999922841787
21:05:55.934158,30,-1.5512861079865234,4.508887254319052,0.7407909180805958,-0.6263600167294499,25.239999435842037
21:05:55.934158,30,-1.4447802330835127,4.295296297209324,0.6037171012362759,-0.974120026017772,18.11999959498644
21:05:55.934158,30,-1.4640510786639707,4.352588049802848,0.5850931254145117,-0.974120026017772,25.51999942958355
21:05:55.934158,30,-1.4848809842533652,4.452358290683025,0.7061960675643733,-0.5566400148672983,26.519999407231808
21:05:55.934158,30,-1.5043977461769236,4.523645196730797,0.7368365393294236,-0.6263600167294499,20.63999953866005
21:05:55.934158,30,-1.3996055250858832,4.309033739699867,0.6000361646148658,-0.974120026017772,14.759999670088291
21:05:55.934158,30,-1.4182738189411517,4.366508725789284,0.581363091525851,-0.974120026017772,19.879999555647373
21:05:55.934158,30,-1.4369421127964197,4.4239837118787015,0.5626900184368355,-0.974120026017772,20.87999953329563
21:05:55.934158,30,-1.3723547330246688,4.3799865387529415,0.577751722426501,-0.974120026017772,15.75999964773655
21:05:55.934158,30,-1.3904186083410022,4.437638929071056,0.5590311140176725,-0.974120026017772,16.639999628067017
21:05:55.934158,30,0.0,0.22461958736093884,2.1164261442045147,2.7832000743364915,5.359999880194664
21:05:55.987304,31,-2.04173318956546,4.2761215667310815,1.202165628004693,-0.6958000185841229,20.51999954134226
21:05:55.987304,31,-2.0727532520217555,4.290576014767177,1.0015282080424899,-0.6958000185841229,23.35999947786331
21:05:55.987304,31,-1.975911903710718,4.198386024848066,1.0223021574925335,-0.6958000185841229,20.119999550282955
21:05:55.987304,31,-2.0022671183690273,4.25438516362319,1.0092613754304083,-0.6958000185841229,26.239999413490295
21:05:55.987304,31,-2.0286223330273367,4.310384302398314,0.9962205933682833,-0.6958000185841229,29.35999934375286
21:05:55.987304,31,-2.055799840174658,4.317064036725064,0.7921897943244443,-0.6263600167294499,22.359999500215054
21:05:55.987304,31,-1.9327300648440358,4.217263472854169,1.0172439605441377,-0.6958000185841229,25.119999438524246
21:05:55.987304,31,-1.958509309171616,4.273514403823808,1.0041357109668319,-0.6958000185841229,34.23999923467636
21:05:55.987304,31,-1.984784795168077,4.318242078223326,0.9437286464510635,-0.6263600167294499,37.63999915868044
21:05:55.987304,31,-2.0108721198274813,4.336704717324726,0.7869270898189673,-0.6263600167294499,25.63999942690134
21:05:55.987304,31,-1.8893549545901123,4.235722879422931,1.0122977774612802,-0.6263600167294499,31.75999929010868
21:05:55.987304,31,-1.9145556506841286,4.292220026644251,0.9991235544381729,-0.6958000185841229,45.759998977184296
21:05:55.987304,31,-1.940241451590673,4.337198656874396,0.9386492465102523,-0.6263600167294499,48.35999891906977
21:05:55.987304,31,-1.9657433139530327,4.355910454687061,0.7817809280026853,-0.6263600167294499,28.519999362528324
21:05:55.987304,31,-1.846529497569579,4.206362726128144,0.8238165249612366,-0.6958000185841229,39.87999910861254
21:05:55.987304,31,-1.8708783006713239,4.299135861043076,0.9475386048203183,-0.6958000185841229,61.99999861419201
21:05:55.987304,31,-1.8955040854936456,4.355724039225476,0.9336853852698028,-0.6263600167294499,61.75999861955643
21:05:55.987304,31,-1.9204179353940891,4.374679328254422,0.7767518234874691,-0.6263600167294499,30.63999931514263
21:05:55.987304,31,-1.942713746863328,4.37376796404972,0.5695998935522046,-0.8349600223009475,5.999999865889549
21:05:55.987304,31,-1.8027633699917542,4.223987603750767,0.819093953235557,-0.6263600167294499,48.87999890744686
21:05:55.987304,31,-1.826809085544681,4.280328222885571,0.8033427285502235,-0.6958000185841229,83.11999814212322
21:05:55.987304,31,-1.8508548010976076,4.336668842020373,0.7875915038648902,-0.6263600167294499,75.87999830394983
21:05:55.987304,31,-1.8749005166505344,4.393009461155177,0.7718402791795567,-0.6263600167294499,31.5199992954731
21:05:55.987304,31,-1.7146946849595996,4.257964771352758,0.8099897986155067,-0.6263600167294499,56.519998736679554
21:05:55.987304,31,-1.737565718030813,4.314758586575883,0.7941171404042944,-0.6263600167294499,104.99999765306711
21:05:55.987304,31,-1.7604367511020265,4.3715524017990095,0.7782444821930823,-0.6263600167294499,86.23999807238579
21:05:55.987304,31,-1.7833077841732403,4.428346217022135,0.7623718239818698,-0.6263600167294499,30.759999312460423
21:05:55.987304,31,-1.6461432873723532,4.1638143731433495,0.6422202735904095,-0.6263600167294499,9.999999776482582
21:05:55.987304,31,-1.6683967873298848,4.220103180859368,0.623865036038626,-0.6263600167294499,59.99999865889549
21:05:55.987304,31,-1.692681166078663,4.331325544543338,0.7896780373958745,-0.6263600167294499,116.51999739557505
21:05:55.987304,31,-1.7149613978573375,4.388337425442848,0.7737469486627782,-0.6263600167294499,87.35999804735184
21:05:55.987304,31,-1.737241629636012,4.445349306342356,0.7578158599296823,-0.6263600167294499,28.639999359846115
21:05:55.987304,31,-1.6239893420294873,4.236004316975956,0.6196043394574489,-0.6263600167294499,57.51999871432781
21:05:55.987304,31,-1.6473802012772907,4.334368688743482,0.7391208232139501,-0.6263600167294499,108.87999756634235
21:05:55.987304,31,-1.6693145499096589,4.404682358991699,0.7693673369180232,-0.6263600167294499,78.87999823689461
21:05:55.987304,31,-1.6910017523912826,4.46190658805737,0.7533793496652894,-0.6263600167294499,25.75999942421913
21:05:55.987304,31,-1.5785501735504377,4.236847322569118,0.5703600974609748,-0.6263600167294499,50.519998870790005
21:05:55.987304,31,-1.6004861974518783,4.308182984856237,0.5969914267068077,-0.7655200204462744,88.63999801874161
21:05:55.987304,31,-1.6235007719055423,4.420585567965902,0.7651060849163218,-0.5566400148672983,65.23999854177237
21:05:55.987304,31,-1.5303930014744407,4.205424098951044,0.43192106540873976,-0.7655200204462744,41.879999063909054
21:05:55.987304,31,-1.5551618234184057,4.323423721132107,0.5929076837296323,-0.7655200204462744,67.5199984908104
21:05:55.987304,31,-1.577288014526162,4.422779024158241,0.7141218081423939,-0.5566400148672983,51.759998843073845
21:05:55.987304,31,-1.4856374637213714,4.219990528608608,0.4280180023453908,-0.7655200204462744,33.87999924272299
21:05:55.987304,31,-1.509681934505507,4.338225902849568,0.5889414510922202,-0.7655200204462744,50.519998870790005
21:05:55.987304,31,-1.5311610568012,4.4377918051178895,0.7100991456081107,-0.5566400148672983,40.639999091625214
21:05:55.987304,31,-1.440733363466598,4.234123931867656,0.4242309683558254,-0.7655200204462744,27.239999391138554
21:05:55.987304,31,-1.4599502308726,4.290599751920508,0.4032129609219379,-0.7655200204462744,38.359999142587185
21:05:55.987304,31,-1.4833219242444289,4.409879802396371,0.5664691495927476,-0.7655200204462744,31.999999284744263
21:05:55.987304,31,-1.3943559092443196,4.2314543049133215,0.37607506334344865,-0.7655200204462744,21.99999950826168
21:05:55.987304,31,-1.4143011945274793,4.304481435706327,0.3994933749619436,-0.7655200204462744,29.639999337494373
21:05:55.987304,31,-1.4369421127964197,4.4239837118787015,0.5626900184368355,-0.7655200204462744,25.63999942690134
21:05:55.987304,31,-1.368510729247808,4.317921496941012,0.395892121407885,-0.7655200204462744,23.519999474287033
21:05:56.043635,32,-0.16107322483820471,0.05453918427314399,1.812677017695185,2.15712005761452,4.999999888241291
21:05:56.043635,32,-2.0301110999775553,4.144145000783689,1.2283687563138797,-0.8349600223009475,16.759999625384808
21:05:56.043635,32,-2.0616785144503096,4.159384597054794,1.0327525585734014,-0.6958000185841229,22.11999950557947
21:05:56.043635,32,-2.0891777059389187,4.214863524883499,1.0198511666142631,-0.8349600223009475,24.35999945551157
21:05:56.043635,32,-1.9879838011923203,4.163551070255043,1.223168915670768,-0.8349600223009475,20.999999530613422
21:05:56.043635,32,-2.0188961530424496,4.179092423133604,1.027471862491011,-0.6958000185841229,28.239999368786812
21:05:56.043635,32,-2.045824702532103,4.234834218950391,1.0145000352667504,-0.6958000185841229,30.879999309778214
21:05:56.043635,32,-2.0732716174233743,4.279042957518856,0.9542320191878364,-0.7655200204462744,22.99999948590994
21:05:56.043635,32,-1.9469245901228447,4.173133635948641,1.1722657800391567,-0.8349600223009475,26.6399994045496
21:05:56.043635,32,-1.975911903710718,4.198386024848066,1.0223021574925335,-0.6958000185841229,36.87999917566776
21:05:56.043635,32,-2.00276785621515,4.243006829584614,0.9625783334715541,-0.6958000185841229,39.759999111294746
21:05:56.043635,32,-2.029129661928819,4.298856198914249,0.9489230771564978,-0.6958000185841229,27.519999384880066
21:05:56.043635,32,-1.9069508205164556,4.161012541884531,1.030352210121443,-0.8349600223009475,34.11999923735857
21:05:56.043635,32,-1.9327300648440358,4.217263472854169,1.0172439605441377,-0.6958000185841229,48.99999890476465
21:05:56.043635,32,-1.9589991038269288,4.2621408537296155,0.9574513871539432,-0.6958000185841229,51.759998843073845
21:05:56.043635,32,-1.984784795168077,4.318242078223326,0.9437286464510635,-0.6958000185841229,32.359999276697636
21:05:56.043635,32,-1.8641542584960962,4.17922573220161,1.0254720004843874,-0.8349600223009475,43.239999033510685
21:05:56.043635,32,-1.8898274547484792,4.224503652233414,0.966226707805611,-0.6958000185841229,65.75999853014946
21:05:56.043635,32,-1.9153217538141247,4.244180810540884,0.8130283984964572,-1.3916000371682458,66.9999985024333
21:05:56.043635,32,-1.9405325338835786,4.300045632613972,0.7974046632495715,-0.6263600167294499,37.239999167621136
21:05:56.043635,32,-1.8216267310266807,4.1859595046782765,0.9752450439213496,-0.8349600223009475,52.999998815357685
21:05:56.043635,32,-1.846529497569579,4.206362726128144,0.8238165249612366,-0.6958000185841229,86.35999806970358
21:05:56.043635,32,-1.8711589768444157,4.262468260170237,0.8081282911366472,-0.6958000185841229,83.99999812245369
21:05:56.043635,32,-1.8957884561192524,4.3185737942123295,0.7924400573120582,-0.6958000185841229,40.99999908357859
21:05:56.043635,32,-1.9204179353940891,4.374679328254422,0.7767518234874691,-0.6958000185841229,5.759999871253967
21:05:56.043635,32,-1.7539700935370346,4.15743471859492,1.0293467430330476,-0.8349600223009475,14.119999684393406
21:05:56.043635,32,-1.7787176544388275,4.167646984615965,0.8348451779208905,-0.6958000185841229,60.239998653531075
21:05:56.043635,32,-1.8027633699917542,4.223987603750767,0.819093953235557,-0.6958000185841229,105.2399976477027
21:05:56.043635,32,-1.826809085544681,4.280328222885571,0.8033427285502235,-0.6958000185841229,97.23999782651663
21:05:56.043635,32,-1.8508548010976076,4.336668842020373,0.7875915038648902,-0.6958000185841229,42.63999904692173
21:05:56.043635,32,-1.691823651888386,4.201170956129633,0.8258624568267192,-0.5566400148672983,61.519998624920845
21:05:56.043635,32,-1.7146946849595996,4.257964771352758,0.8099897986155067,-0.6958000185841229,111.11999751627445
21:05:56.043635,32,-1.737565718030813,4.314758586575883,0.7941171404042944,-0.6958000185841229,99.63999777287245
21:05:56.043635,32,-1.7604367511020265,4.3715524017990095,0.7782444821930823,-0.6958000185841229,41.51999907195568
21:05:56.043635,32,-1.6478734823666923,4.204559282189948,0.7765222230591469,-0.5566400148672983,55.87999875098467
21:05:56.043635,32,-1.6701503720828972,4.261398902729304,0.7599825555429278,-0.6958000185841229,99.75999777019024
21:05:56.043635,32,-1.692427261799102,4.318238523268661,0.743442888026709,-0.6958000185841229,89.75999799370766
21:05:56.043635,32,-1.7149613978573375,4.388337425442848,0.7737469486627782,-0.6958000185841229,38.1199991479516
21:05:56.043635,32,-1.602328159852481,4.179503415869097,0.6380164072620282,-0.5566400148672983,46.63999895751476
21:05:56.043635,32,-1.6239893420294873,4.236004316975956,0.6196043394574489,-0.5566400148672983,79.35999822616577
21:05:56.043635,32,-1.6473802012772907,4.334368688743482,0.7391208232139501,-0.6958000185841229,73.51999835669994
21:05:56.043635,32,-1.6690641506515769,4.391420625596513,0.722524265712942,-0.6958000185841229,33.519999250769615
21:05:56.043635,32,-1.5583528008590553,4.194768459579859,0.6339261511273035,-0.5566400148672983,37.239999167621136
21:05:56.043635,32,-1.5794194991554666,4.251475722218048,0.6154587889170555,-0.5566400148672983,59.99999865889549
21:05:56.043635,32,-1.6021684041155282,4.3500629337869325,0.7349155629287416,-0.6958000185841229,57.51999871432781
21:05:56.043635,32,-1.623257244771125,4.407321449069596,0.7182636529043396,-0.6958000185841229,28.639999359846115
21:05:56.043635,32,-1.5142216078911326,4.209607977784058,0.6299499142084217,-0.5566400148672983,29.23999934643507
21:05:56.043635,32,-1.534691715654769,4.2665158494580835,0.6114287989690268,-0.5566400148672983,44.99999899417162
21:05:56.043635,32,-1.5551618234184057,4.323423721132107,0.5929076837296323,-0.5566400148672983,44.519999004900455
21:05:56.043635,32,-1.577288014526162,4.422779024158241,0.7141218081423939,-0.6958000185841229,24.119999460875988
21:05:56.043635,32,-1.4691299274049605,4.209571103643564,0.5815952545985672,-0.5566400148672983,23.11999948322773
21:05:56.043635,32,-1.4889904602199995,4.266478476832014,0.56242045360543,-0.5566400148672983,34.11999923735857
21:05:56.043635,32,-1.509681934505507,4.338225902849568,0.5889414510922202,-0.5566400148672983,34.759999223053455
21:05:56.043635,32,-1.443985014048335,4.28064377835211,0.5586248725025769,-0.5566400148672983,26.519999407231808
21:05:56.043635,32,-1.4640510786639707,4.352588049802848,0.5850931254145117,-0.5566400148672983,27.519999384880066
21:05:56.099267,33,-2.0720353893536223,4.12433298993983,1.233677368619928,-0.8349600223009475,18.639999583363533
21:05:56.099267,33,-2.0026669050379713,4.088122094815306,1.2388001057476272,-0.8349600223009475,18.519999586045742
21:05:56.099267,33,-2.0301110999775553,4.144145000783689,1.2283687563138797,-0.8349600223009475,23.35999947786331
21:05:56.099267,33,-2.05755529491714,4.200167906752071,1.2179374068801319,-0.8349600223009475,23.879999466240406
21:05:56.099267,33,-1.9611091070057503,4.107265822017024,1.2336705595038053,-0.8349600223009475,22.359999500215054
21:05:56.099267,33,-1.9879838011923203,4.163551070255043,1.223168915670768,-0.8349600223009475,29.879999332129955
21:05:56.099267,33,-2.0161704388156387,4.2102808733539385,1.1662387240792755,-0.8349600223009475,30.119999326765537
21:05:56.099267,33,-2.045824702532103,4.234834218950391,1.0145000352667504,-0.8349600223009475,23.11999948322773
21:05:56.099267,33,-1.9206049576728805,4.11671884514474,1.183455561372317,-0.8349600223009475,26.87999939918518
21:05:56.099267,33,-1.9469245901228447,4.173133635948641,1.1722657800391567,-0.8349600223009475,38.75999913364649
21:05:56.099267,33,-1.975911903710718,4.198386024848066,1.0223021574925335,-0.8349600223009475,38.519999139010906
21:05:56.099267,33,-2.0022671183690273,4.25438516362319,1.0092613754304083,-0.8349600223009475,27.759999379515648
21:05:56.099267,33,-1.8811715761888754,4.104761610914891,1.0434604596987487,-0.8349600223009475,31.75999929010868
21:05:56.099267,33,-1.9069508205164556,4.161012541884531,1.030352210121443,-0.8349600223009475,50.23999887704849
21:05:56.099267,33,-1.9327300648440358,4.217263472854169,1.0172439605441377,-0.8349600223009475,49.51999889314175
21:05:56.099267,33,-1.9589991038269288,4.2621408537296155,0.9574513871539432,-0.8349600223009475,33.2399992570281
21:05:56.099267,33,-1.8389535624020799,4.1227285849802895,1.0386462235074945,-0.8349600223009475,35.999999195337296
21:05:56.099267,33,-1.8641542584960962,4.17922573220161,1.0254720004843874,-0.8349600223009475,63.75999857485294
21:05:56.099267,33,-1.8898274547484792,4.224503652233414,0.966226707805611,-0.8349600223009475,62.35999860614538
21:05:56.099267,33,-1.9153217538141247,4.244180810540884,0.8130283984964572,-0.8349600223009475,38.75999913364649
21:05:56.099267,33,-1.9654484500117702,4.3424923286310335,0.734325026277266,-0.904680024163099,5.119999885559082
21:05:56.099267,33,-1.7719320269877652,4.083549109902907,1.0471801902648468,-0.8349600223009475,7.1199998408555984
21:05:56.099267,33,-1.797000946204359,4.129371326495877,0.989098263471865,-0.8349600223009475,38.519999139010906
21:05:56.099267,33,-1.8219000182947422,4.15025719208605,0.839504758785826,-0.8349600223009475,75.35999831557274
21:05:56.099267,33,-1.846529497569579,4.206362726128144,0.8238165249612366,-0.8349600223009475,74.5199983343482
21:05:56.099267,33,-1.8711589768444157,4.262468260170237,0.8081282911366472,-0.8349600223009475,43.359999030828476
21:05:56.099267,33,-1.8935138892100325,4.263000867462675,0.6058252415933749,-0.904680024163099,11.879999734461308
21:05:56.099267,33,-1.754671938885901,4.111306365481162,0.8505964026062238,-0.4872000130126253,38.359999142587185
21:05:56.099267,33,-1.7787176544388275,4.167646984615965,0.8348451779208905,-0.8349600223009475,78.9999982342124
21:05:56.099267,33,-1.8027633699917542,4.223987603750767,0.819093953235557,-0.8349600223009475,80.63999819755554
21:05:56.099267,33,-1.826809085544681,4.280328222885571,0.8033427285502235,-0.8349600223009475,45.759998977184296
21:05:56.099267,33,-1.6689526188171726,4.144377140906506,0.8417351150379317,-0.4872000130126253,35.35999920964241
21:05:56.099267,33,-1.69156987623702,4.188430875219309,0.7808438166821299,-0.4872000130126253,72.23999838531017
21:05:56.099267,33,-1.7144374786248353,4.245052462792406,0.7643625709231439,-0.8349600223009475,76.99999827891588
21:05:56.099267,33,-1.737565718030813,4.314758586575883,0.7941171404042944,-0.8349600223009475,44.87999899685383
21:05:56.099267,33,-1.6255965926504876,4.147719661650592,0.7930618905753652,-0.4872000130126253,30.999999307096004
21:05:56.099267,33,-1.6461432873723532,4.1638143731433495,0.6422202735904095,-0.4872000130126253,59.35999867320061
21:05:56.099267,33,-1.6683967873298848,4.220103180859368,0.623865036038626,-0.4872000130126253,65.75999853014946
21:05:56.099267,33,-1.692427261799102,4.318238523268661,0.743442888026709,-0.8349600223009475,41.11999908089638
21:05:56.099267,33,-1.5806669776754743,4.123002514762236,0.6564284750666081,-0.4872000130126253,26.119999416172504
21:05:56.099267,33,-1.6014462251304116,4.1650785355356446,0.5935170022922711,-0.4872000130126253,46.23999896645546
21:05:56.099267,33,-1.6239893420294873,4.236004316975956,0.6196043394574489,-0.4872000130126253,52.51999882608652
21:05:56.099267,33,-1.645650524206494,4.292505218082815,0.6011922716528693,-0.4872000130126253,35.879999198019505
21:05:56.099267,33,-1.5372861025626436,4.1380611969416705,0.6523935133375518,-0.4872000130126253,21.639999516308308
21:05:56.099267,33,-1.5539878113209777,4.1345331322555845,0.4568015997442896,-0.4872000130126253,35.51999920606613
21:05:56.099267,33,-1.5749955012095274,4.190426099525723,0.4359397672428367,-0.4872000130126253,40.879999086260796
21:05:56.099267,33,-1.6004861974518783,4.308182984856237,0.5969914267068077,-0.4872000130126253,30.23999932408333
21:05:56.099267,33,-1.5099802310519905,4.149331084556557,0.45283650037560963,-0.4872000130126253,27.359999388456345
21:05:56.099267,33,-1.5303930014744407,4.205424098951044,0.43192106540873976,-0.4872000130126253,31.75999929010868
21:05:56.099267,33,-1.5551618234184057,4.323423721132107,0.5929076837296323,-0.4872000130126253,25.119999438524246
21:05:56.099267,33,-1.464425572648449,4.147579116003308,0.40508656640192586,-0.4872000130126253,21.519999518990517
21:05:56.099267,33,-1.484222509323846,4.203648446291784,0.3835256207059434,-0.4872000130126253,24.879999443888664
21:05:56.099267,33,-1.5054532734177815,4.276277833740303,0.4070505073323887,-0.4872000130126253,20.75999953597784
21:05:56.099267,33,-1.4343816279112171,4.166177871769365,0.24726572966719607,-0.4872000130126253,19.879999555647373
21:05:56.152984,34,-1.9650390540631435,4.1740025136019545,0.1384442346668254,-0.8349600223009475,28.999999351799488
21:05:56.152984,34,-1.992764682820452,4.232895411371548,-0.04678672138875237,-0.904680024163099,40.759999088943005
21:05:56.152984,34,-1.9236824390741427,4.194492597063606,0.09230384844439952,-0.8349600223009475,35.879999198019505
21:05:56.152984,34,-1.950336797732485,4.252611082631163,-0.04678672138875237,-0.904680024163099,50.639998868107796
21:05:56.152984,34,-1.9767025583430284,4.310100294701999,-0.04741921086304328,-0.904680024163099,51.639998845756054
21:05:56.152984,34,-1.881924320791553,4.214151505505102,-0.04615423191446146,-0.8349600223009475,44.63999900221825
21:05:56.152984,34,-1.907427721144632,4.271260705809301,-0.09356876414456382,-0.904680024163099,63.51999858021736
21:05:56.152984,34,-1.9332134124857803,4.329002034079124,-0.09483367984472811,-0.904680024163099,62.639998599886894
21:05:56.152984,34,-1.8396894136057629,4.2327597288299454,-0.04615423191446146,-0.8349600223009475,54.9999987706542
21:05:56.152984,34,-1.8626626865019669,4.28561666415572,-0.233840044109616,-0.7655200204462744,79.75999821722507
21:05:56.152984,34,-1.887843218678563,4.343552064424562,-0.23700122664553547,-0.904680024163099,75.51999831199646
21:05:56.152984,34,-1.7951141739034415,4.24584439648173,-0.23067886157369652,-0.7655200204462744,66.11999852210283
21:05:56.152984,34,-1.8197141027300894,4.304028701124232,-0.233840044109616,-0.7655200204462744,98.23999780416489
21:05:56.152984,34,-1.844314031556737,4.362213005766735,-0.23700122664553547,-0.6958000185841229,88.7599980160594
21:05:56.152984,34,-1.7306262233329743,4.2102069636960815,-0.04552174244017056,-0.6958000185841229,19.879999555647373
21:05:56.152984,34,-1.7525666835680704,4.263582948194108,-0.23067886157369652,-0.7655200204462744,75.11999832093716
21:05:56.152984,34,-1.7756057027374934,4.319631468455764,-0.28055660237802266,-0.6958000185841229,115.51999741792679
21:05:56.152984,34,-1.799609349159753,4.378026700169326,-0.28434932588332,-0.6958000185841229,99.75999777019024
21:05:56.152984,34,-1.8236129955820124,4.4364219318828875,-0.28814204938861737,-0.6958000185841229,35.759999200701714
21:05:56.152984,34,-1.7089028257336445,4.278538904954841,-0.27676387887272536,-0.6958000185841229,78.11999825388193
21:05:56.152984,34,-1.7284203861171092,4.3274045514813535,-0.4205192726598409,-0.6958000185841229,124.6399972140789
21:05:56.152984,34,-1.7517861546283369,4.385904864146316,-0.42620409103990714,-0.6958000185841229,104.51999766379595
21:05:56.152984,34,-1.775151923139565,4.444405176811279,-0.4318889094199734,-0.6958000185841229,34.639999225735664
21:05:56.152984,34,-1.6622810356356943,4.285741057013315,-0.41483445427977467,-0.6958000185841229,73.63999835401773
21:05:56.152984,34,-1.6850606425047134,4.344472098472766,-0.4205192726598409,-0.6958000185841229,120.75999730080366
21:05:56.152984,34,-1.7078402493737326,4.403203139932216,-0.42620409103990714,-0.6958000185841229,100.87999774515629
21:05:56.152984,34,-1.7306198562427517,4.461934181391666,-0.4318889094199734,-0.6958000185841229,32.119999282062054
21:05:56.152984,34,-1.5762394855075041,4.318127341050832,-0.41483445427977467,-0.6958000185841229,63.63999857753515
21:05:56.152984,34,-1.5963181755100506,4.373133157787217,-0.4670956099166215,-0.6958000185841229,105.639997638762
21:05:56.152984,34,-1.6178981113050834,4.4322516557257785,-0.47341007367878585,-0.6958000185841229,90.11999798566103
21:05:56.152984,34,-1.6394780471001167,4.491370153664339,-0.47972453744095017,-0.6958000185841229,28.759999357163906
21:05:56.152984,34,-1.5315200768272614,4.329546080512932,-0.4607811461544572,-0.6958000185841229,51.99999883770943
21:05:56.152984,34,-1.59079562534708,4.358004064099166,-0.6065257601098736,-0.6958000185841229,86.23999807238579
21:05:56.152984,34,-1.6123009041722367,4.416918038356024,-0.6147251198377817,-0.6958000185841229,76.11999829858541
21:05:56.152984,34,-1.594483121909695,4.507540093897686,-0.47972453744095017,-0.6958000185841229,25.239999435842037
21:05:56.152984,34,-1.4830004310585354,4.329614014406762,-0.5983264003819656,-0.6958000185841229,41.51999907195568
21:05:56.152984,34,-1.503323208063075,4.38894628315581,-0.6065257601098736,-0.6958000185841229,68.11999847739935
21:05:56.152984,34,-1.5236459850676145,4.448278551904857,-0.6147251198377817,-0.6958000185841229,62.35999860614538
21:05:56.152984,34,-1.543968762072154,4.5076108206539045,-0.6229244795656896,-0.6958000185841229,21.87999951094389
21:05:56.152984,34,-1.439630864080568,4.3442272923333425,-0.5983264003819656,-0.6958000185841229,32.99999926239252
21:05:56.152984,34,-1.4573784494745432,4.3977823714617434,-0.6528873641545032,-0.6958000185841229,53.23999880999327
21:05:56.152984,34,-1.4770801191361544,4.457234091471351,-0.6617134663789803,-0.6958000185841229,50.35999887436628
21:05:56.152984,34,-1.3942223140828,4.352490264602092,-0.6440612619300261,-0.6958000185841229,26.359999410808086
21:05:56.152984,34,-1.4133284913909436,4.412136025459222,-0.6528873641545032,-0.6958000185841229,41.999999061226845
21:05:56.152984,34,-1.4324346686990874,4.471781786316352,-0.6617134663789803,-0.6958000185841229,40.639999091625214
21:05:56.152984,34,-1.3627337623246838,4.405347890560044,-0.7915619357723626,-0.6958000185841229,33.519999250769615
21:05:56.152984,34,-1.381155971347828,4.46490188555399,-0.8022627196222374,-0.6958000185841229,32.99999926239252
21:05:56.204991,35,-2.000665037669475,4.151547220735773,0.6389618532087176,-0.904680024163099,8.999999798834324
21:05:56.204991,35,-1.9311836230601573,4.1157640491084395,0.6518226221302517,-0.904680024163099,25.239999435842037
21:05:56.204991,35,-1.8123016221487744,3.9687793102981743,0.7010251551382591,-0.974120026017772,22.99999948590994
21:05:56.204991,35,-1.8374821543253705,4.023922435428904,0.6829769023099861,-0.974120026017772,28.639999359846115
21:05:56.204991,35,-1.770514245076794,3.986083125995063,0.6963886116963007,-0.974120026017772,26.239999413490295
21:05:56.204991,35,-1.794126128158686,4.027281675684247,0.6343660759129135,-0.974120026017772,33.2399992570281
21:05:56.204991,35,-1.728549818063644,4.002982448177387,0.6918604519649139,-0.974120026017772,28.999999351799488
21:05:56.204991,35,-1.7516020563152341,4.0444063701394235,0.6297775278630193,-0.974120026017772,37.239999167621136
21:05:56.204991,35,-1.7765835490724968,4.114219150839682,0.6555092733551191,-0.974120026017772,32.87999926507473
21:05:56.204991,35,-1.662981137001092,3.9636280761635874,0.7056781211460113,-0.974120026017772,7.639999829232693
21:05:56.204991,35,-1.6854843220552451,4.005466597560341,0.6441379247829517,-0.974120026017772,30.35999932140112
21:05:56.204991,35,-1.7089028257336445,4.061119464229722,0.6252992677984985,-0.974120026017772,39.759999111294746
21:05:56.204991,35,-1.600754733547531,4.037210286732483,0.635632228904492,-0.974120026017772,29.999999329447746
21:05:56.204991,35,-1.6229959849939324,4.093304207460876,0.6166753918411076,-0.974120026017772,39.99999910593033
21:05:56.204991,35,-1.5581477057654107,4.0524667407731,0.6315442743649462,-0.974120026017772,28.11999937146902
21:05:56.204991,35,-1.5797969654479112,4.108772638154372,0.6125306383286087,-0.974120026017772,37.87999915331602
21:05:56.204991,35,-1.5119724315438783,4.022747197715304,0.49852526474719605,-0.974120026017772,25.119999438524246
21:05:56.204991,35,-1.532980121432428,4.078640164985444,0.4776634322457429,-0.974120026017772,34.11999923735857
21:05:56.204991,35,-1.4691546902070904,4.037145055767585,0.4946673703093496,-0.974120026017772,21.7599995136261
21:05:56.204991,35,-1.4895674606295406,4.093238070162071,0.4737519353424797,-0.7655200204462744,29.639999337494373
21:05:56.204991,35,-1.426190034632141,4.051128613213526,0.49092048738439553,-0.974120026017772,18.35999958962202
21:05:56.204991,35,-1.446005844328551,4.10741591834522,0.4699529923713939,-0.7655200204462744,25.119999438524246
21:05:56.204991,35,-1.4022996286545937,4.121172291761949,0.4662669832236004,-0.7655200204462744,21.119999527931213
21:05:56.204991,35,0.12952930319960274,0.038588120272196554,1.7861259186647134,3.827040102216415,5.519999876618385
21:05:56.261076,36,-1.9388860331005937,4.118450042514802,-0.04552174244017056,-0.8349600223009475,24.879999443888664
21:05:56.261076,36,-1.9634667607794452,4.170662754982549,-0.23067886157369652,-1.1132800297345966,24.35999945551157
21:05:56.261076,36,-1.8973206333604735,4.137012008446062,-0.09103893274423525,-0.974120026017772,30.35999932140112
21:05:56.261076,36,-1.9216626567532304,4.190088563518015,-0.23067886157369652,-1.1132800297345966,29.639999337494373
21:05:56.261076,36,-1.9469245901228447,4.24517093592734,-0.28055660237802266,-1.1132800297345966,23.35999947786331
21:05:56.261076,36,-1.8539077705768876,4.1514146643038945,-0.22751767903777706,-1.1132800297345966,37.119999170303345
21:05:56.261076,36,-1.879666388071311,4.209095366707589,-0.23067886157369652,-1.1132800297345966,36.35999918729067
21:05:56.261076,36,-1.9000878571290638,4.2548247106687525,-0.4205192726598409,-1.1132800297345966,27.99999937415123
21:05:56.261076,36,-1.788999461064092,4.116132221932379,-0.08977401704407095,-1.1132800297345966,26.519999407231808
21:05:56.261076,36,-1.8123016221487744,4.169745863618033,-0.22751767903777706,-1.1132800297345966,45.2399989888072
21:05:56.261076,36,-1.836470788892442,4.225354313020079,-0.27676387887272536,-1.1132800297345966,44.63999900221825
21:05:56.261076,36,-1.8574453165103537,4.27361253268245,-0.4205192726598409,-1.1132800297345966,33.2399992570281
21:05:56.261076,36,-1.770514245076794,4.187660091839228,-0.22751767903777706,-1.1132800297345966,53.75999879837036
21:05:56.261076,36,-1.7900860091743613,4.233951668236412,-0.41483445427977467,-1.1132800297345966,54.119998790323734
21:05:56.261076,36,-1.8146170329161613,4.291972997023315,-0.4205192726598409,-1.1132800297345966,39.11999912559986
21:05:56.261076,36,-1.6825347922271208,4.09321181164873,-0.04425676349158874,-1.1132800297345966,5.759999871253967
21:05:56.261076,36,-1.7045329525592174,4.14672816692522,-0.2243564965018576,-1.1132800297345966,29.11999934911728
21:05:56.261076,36,-1.7275984098929746,4.202841005028641,-0.272971155367428,-1.1132800297345966,61.23999863117933
21:05:56.261076,36,-1.7476576955428038,4.251640533772076,-0.41483445427977467,-1.1132800297345966,63.999998569488525
21:05:56.261076,36,-1.771607289138965,4.309904267660297,-0.4205192726598409,-1.1132800297345966,44.63999900221825
21:05:56.261076,36,-1.6816888490946535,4.210403926151428,-0.40914963589970843,-1.1132800297345966,65.23999854177237
21:05:56.261076,36,-1.7050546176058812,4.268904238816391,-0.41483445427977467,-1.1132800297345966,72.11999838799238
21:05:56.261076,36,-1.726774199826153,4.323283034456162,-0.4670956099166215,-1.1132800297345966,48.75999891012907
21:05:56.261076,36,-1.7501177142560764,4.381727630112984,-0.47341007367878585,-1.1830000315967482,12.11999972909689
21:05:56.261076,36,-1.5785134821011293,4.1936810886021165,-0.26917843186213064,-1.1132800297345966,26.87999939918518
21:05:56.261076,36,-1.6395014287666752,4.227010015553865,-0.40914963589970843,-1.1132800297345966,64.3599985614419
21:05:56.261076,36,-1.6606978419436047,4.281659221233483,-0.4607811461544572,-1.1132800297345966,75.63999830931425
21:05:56.261076,36,-1.6834557530047969,4.3403343259335205,-0.4670956099166215,-1.1132800297345966,50.1199988797307
21:05:56.261076,36,-1.5546389769042432,4.2589524836526165,-0.40914963589970843,-1.1132800297345966,58.75999868661165
21:05:56.261076,36,-1.5747382397150176,4.314014659848656,-0.4607811461544572,-1.1132800297345966,73.23999836295843
21:05:56.261076,36,-1.5963181755100506,4.373133157787217,-0.4670956099166215,-1.1132800297345966,48.63999891281128
21:05:56.261076,36,-1.5105323951331169,4.2702147427180135,-0.4544666823922929,-1.1132800297345966,50.75999886542559
21:05:56.261076,36,-1.5315200768272614,4.329546080512932,-0.4607811461544572,-1.1132800297345966,66.11999852210283
21:05:56.261076,36,-1.59079562534708,4.358004064099166,-0.6065257601098736,-1.1132800297345966,44.519999004900455
21:05:56.261076,36,-1.4677554343722607,4.28510630562925,-0.4544666823922929,-1.1132800297345966,42.35999905318022
21:05:56.261076,36,-1.4830004310585354,4.329614014406762,-0.5983264003819656,-1.1132800297345966,56.759998731315136
21:05:56.261076,36,-1.503323208063075,4.38894628315581,-0.6065257601098736,-0.6263600167294499,39.11999912559986
21:05:56.261076,36,-1.4199024159919327,4.284694765794487,-0.5901270406540576,-1.1132800297345966,34.879999220371246
21:05:56.261076,36,-1.439630864080568,4.3442272923333425,-0.5983264003819656,-1.1132800297345966,47.23999894410372
21:05:56.261076,36,-1.4593593121692032,4.403759818872197,-0.6065257601098736,-0.6263600167294499,33.519999250769615
21:05:56.261076,36,-1.3769851888778655,4.298679320044401,-0.5901270406540576,-1.1132800297345966,28.759999357163906
21:05:56.261076,36,-1.3961173352223162,4.358406151170286,-0.5983264003819656,-0.8349600223009475,38.99999912828207
21:05:56.261076,36,-1.4152494815667667,4.418132982296171,-0.6065257601098736,-0.8349600223009475,28.359999366104603
21:05:56.261076,36,-1.3506284272893414,4.366214632372109,-0.6440612619300261,-0.8349600223009475,32.119999282062054
21:05:56.261076,36,0.029401184099340737,0.10623422034770384,-0.22772541992759843,-3.827040102216415,5.119999885559082
21:05:56.314144,37,-1.9479967837253118,4.042256190420373,0.674791690484426,-0.904680024163099,17.639999605715275
21:05:56.314144,37,-1.8281491530824645,3.8961756255689135,0.7237519508103543,-1.0438400278799236,23.879999466240406
21:05:56.314144,37,-1.7871210899721783,3.9136361851674457,0.719073407966532,-1.0438400278799236,28.639999359846115
21:05:56.314144,37,-1.745914316250146,3.9306995777015405,0.7145012857168862,-1.0438400278799236,33.99999924004078
21:05:56.314144,37,-1.7951141739034415,4.041466674288585,0.6782759376757157,-0.7655200204462744,30.63999931514263
21:05:56.314144,37,-1.7035947634707151,3.9335587034028543,0.6673321032557888,-1.0438400278799236,39.23999912291765
21:05:56.314144,37,-1.638647314698446,3.894160864221578,0.6818152387518588,-1.0438400278799236,19.63999956101179
21:05:56.314144,37,-1.6620658183768453,3.9498137308909596,0.6629765817674054,-1.0438400278799236,43.5199990272522
21:05:56.314144,37,-1.6167218218976562,3.9218239334526013,0.5314529289627403,-0.974120026017772,45.2399989888072
21:05:56.314144,37,-1.600754733547531,4.037210286732483,0.635632228904492,-0.974120026017772,44.11999901384115
21:05:56.314144,37,-1.5330384683009826,3.9522492950672268,0.5233004778886763,-0.974120026017772,43.87999901920557
21:05:56.314144,37,-1.5546389769042432,4.007936478830427,0.5024937849117235,-0.974120026017772,43.239999033510685
21:05:56.314144,37,-1.4909647416553287,3.9668542304451657,0.519387097248649,-0.974120026017772,39.99999910593033
21:05:56.314144,37,-1.5119724315438783,4.022747197715304,0.49852526474719605,-0.974120026017772,40.759999088943005
21:05:56.314144,37,-1.4487419197846403,3.9810520413730996,0.5155828052762192,-0.974120026017772,34.759999223053455
21:05:56.314144,37,-1.4691546902070904,4.037145055767585,0.4946673703093496,-0.974120026017772,36.87999917566776
21:05:56.314144,37,-1.4050347626222572,3.979371125137878,0.4697694034898736,-0.974120026017772,29.35999934375286
21:05:56.314144,37,-1.426190034632141,4.051128613213526,0.49092048738439553,-0.974120026017772,32.63999927043915
21:05:56.314144,37,-1.362566917415801,3.992737725925783,0.46618783360320526,-0.974120026017772,24.35999945551157
21:05:56.366936,38,-1.9241825570072666,3.881989957911273,1.0972595183690912,-0.8349600223009475,22.519999496638775
21:05:56.366936,38,-1.8847246299294442,3.8898992234238623,1.0493360088159736,-0.904680024163099,25.879999421536922
21:05:56.366936,38,-1.9119467082406645,3.911226198019409,0.9055173244732713,-0.7655200204462744,29.11999934911728
21:05:56.366936,38,-1.8445970219331356,3.9079106136068065,1.0445098713618919,-0.904680024163099,28.999999351799488
21:05:56.366936,38,-1.871239515900855,3.929497736271874,0.9006214805540489,-0.904680024163099,32.239999279379845
21:05:56.366936,38,-1.9216626567532304,3.9876106752626734,0.6927066091222802,-0.7655200204462744,17.999999597668648
21:05:56.366936,38,-1.9425403905539567,3.9824480542038767,0.49755267358906896,-0.7655200204462744,5.879999868571758
21:05:56.366936,38,-1.804555641369996,3.891756658934437,0.911388973035189,-0.904680024163099,31.359999299049377
21:05:56.366936,38,-1.8303452011771815,3.9473751662332237,0.8958312376331614,-0.904680024163099,34.35999923199415
21:05:56.366936,38,-1.8539077705768876,3.9510727314537952,0.7057696186403284,-0.7655200204462744,29.759999334812164
21:05:56.366936,38,-1.7389459406800005,3.8533478656026716,0.9223327913304031,-0.904680024163099,13.35999970138073
21:05:56.366936,38,-1.7640570733974013,3.9089918781023494,0.9067708099777734,-0.904680024163099,32.51999927312136
21:05:56.366936,38,-1.788999461064092,3.9526431922187277,0.8479515472111618,-0.904680024163099,35.23999921232462
21:05:56.366936,38,-1.7233821011953951,3.925835055917678,0.9022576940841824,-0.904680024163099,31.87999928742647
21:05:56.366936,38,-1.6822824099162534,3.9302380944840527,0.855264512150115,-0.904680024163099,29.759999334812164
21:05:56.429214,39,-1.97494063788143,3.7893310025320583,1.1201310320918703,-0.7655200204462744,21.359999522566795
21:05:56.429214,39,-2.0034596362623893,3.8440505837960592,1.1074253430246048,-0.7655200204462744,27.87999937683344
21:05:56.429214,39,-1.9359631452745703,3.8082193743546378,1.1150699081156712,-0.7655200204462744,27.119999393820763
21:05:56.429214,39,-1.9644104393899038,3.8527181951557745,1.0592986353141662,-0.7655200204462744,34.879999220371246
21:05:56.429214,39,-1.9927834621473197,3.873508144422989,0.9156238464745059,-0.6263600167294499,36.75999917834997
21:05:56.429214,39,-1.8972664180447474,3.8163908008678273,1.0677281702180887,-0.7655200204462744,34.879999220371246
21:05:56.429214,39,-1.9246637670417834,3.8715011373424533,1.0542657611237654,-0.7655200204462744,44.11999901384115
21:05:56.429214,39,-1.95246270751148,3.8925623786143464,0.9105182798105382,-0.6263600167294499,44.359999008476734
21:05:56.429214,39,-1.8309605256468724,3.778935030471874,1.0764548765529636,-0.7655200204462744,22.11999950557947
21:05:56.429214,39,-1.858174538065707,3.801225683985114,0.936298887802576,-0.7655200204462744,45.639998979866505
21:05:56.429214,39,-1.8850073833807353,3.8561170296022276,0.920938582933299,-0.7655200204462744,56.35999874025583
21:05:56.429214,39,-1.9119467082406645,3.911226198019409,0.9055173244732713,-0.6263600167294499,53.35999880731106
21:05:56.429214,39,-1.9655304817125572,4.00889512163724,0.8302598139615651,-0.6263600167294499,6.239999860525131
21:05:56.429214,39,-1.7922464465617567,3.763616733593433,0.9470309769753025,-0.7655200204462744,25.51999942958355
21:05:56.429214,39,-1.8186122071723003,3.818983347943889,0.9315407360853589,-0.7655200204462744,59.51999866962433
21:05:56.429214,39,-1.8448737552903116,3.8741311219214176,0.9161117214439924,-0.7655200204462744,71.8799983933568
21:05:56.429214,39,-1.871239515900855,3.929497736271874,0.9006214805540489,-0.6263600167294499,63.35999858379364
21:05:56.429214,39,-1.7530784567746251,3.780739480334093,0.94244295081394,-0.7655200204462744,28.239999368786812
21:05:56.429214,39,-1.7788680165818107,3.836357987632879,0.9268852154119123,-0.7655200204462744,75.35999831557274
21:05:56.429214,39,-1.804555641369996,3.891756658934437,0.911388973035189,-0.7655200204462744,89.11999800801277
21:05:56.429214,39,-1.830070647121187,3.93516428052834,0.8526350074831757,-0.7655200204462744,72.75999837368727
21:05:56.429214,39,-1.8558563384623352,3.9906107364747467,0.8364686372945618,-0.6263600167294499,32.359999276697636
21:05:56.429214,39,-1.7137351606105464,3.7974830435295823,0.9379565265772891,-0.7655200204462744,29.879999332129955
21:05:56.429214,39,-1.7389459406800005,3.8533478656026716,0.9223327913304031,-0.7655200204462744,88.2399980276823
21:05:56.429214,39,-1.763792462642995,3.8969504584455406,0.8641839073445754,-0.7655200204462744,103.75999768078327
21:05:56.429214,39,-1.788999461064092,3.9526431922187277,0.8479515472111618,-0.7655200204462744,79.23999822884798
21:05:56.429214,39,-1.8123016221487744,3.9687793102981743,0.7010251551382591,-0.904680024163099,31.63999929279089
21:05:56.429214,39,-1.6742204923661756,3.8138457488376107,0.9335721529040146,-0.7655200204462744,29.879999332129955
21:05:56.429214,39,-1.698595142032947,3.8580787807986536,0.8759039030371616,-0.7655200204462744,91.11999796330929
21:05:56.429214,39,-1.723123591737394,3.913791109763255,0.8596714684239799,-0.7655200204462744,108.87999756634235
21:05:56.429214,39,-1.7477493765597156,3.9697245193983512,0.8433746193877298,-0.7655200204462744,80.75999819487333
21:05:56.429214,39,-1.770514245076794,3.986083125995063,0.6963886116963007,-1.1132800297345966,29.639999337494373
21:05:56.429214,39,-1.6342932206823548,3.8181231852757582,0.8879195096852328,-0.7655200204462744,28.11999937146902
21:05:56.429214,39,-1.6565941498725163,3.8363472295646965,0.7463153796056738,-0.7655200204462744,81.87999816983938
21:05:56.429214,39,-1.6805160870547908,3.891745745515089,0.7282116305747088,-0.7655200204462744,101.63999772816896
21:05:56.429214,39,-1.7045329525592174,3.947364096846239,0.7100360412698112,-0.7655200204462744,76.51999828964472
21:05:56.429214,39,-1.728549818063644,4.002982448177387,0.6918604519649139,-1.1132800297345966,26.75999940186739
21:05:56.429214,39,-1.5544546476903163,3.848925150522131,0.8796661479721757,-0.7655200204462744,25.239999435842037
21:05:56.429214,39,-1.5756661307881812,3.8675695064400877,0.7379493957310519,-0.7655200204462744,66.51999851316214
21:05:56.429214,39,-1.5984194323158083,3.9234188855944563,0.7197248382686845,-0.7655200204462744,86.119998075068
21:05:56.429214,39,-1.6212630247225135,3.9794898892692805,0.7014279611338474,-1.1132800297345966,68.11999847739935
21:05:56.429214,39,-1.512710246125019,3.826304012253238,0.7522791485550553,-0.7655200204462744,21.99999950826168
21:05:56.429214,39,-1.5349637460825507,3.882592819969254,0.7339239110032723,-0.7655200204462744,51.639998845756054
21:05:56.429214,39,-1.5571292875422265,3.9386591422792794,0.7156412237975431,-0.7655200204462744,69.11999845504761
21:05:56.429214,39,-1.5793827874997581,3.9949479499952982,0.6972859862457597,-1.1132800297345966,57.999998703598976
21:05:56.429214,39,-1.4941078662883058,3.897222234054587,0.7300039713133668,-0.7655200204462744,39.639999113976955
21:05:56.429214,39,-1.5156834311444547,3.9534998114416564,0.7116646784803466,-1.1132800297345966,54.359998784959316
21:05:56.429214,39,-1.537344613321461,4.010000712548517,0.6932526106757673,-1.1132800297345966,48.239998921751976
21:05:56.429214,39,-1.4523027772368562,3.8979978187554654,0.6846981263597363,-1.1132800297345966,30.759999312460423
21:05:56.429214,39,-1.4732746584965941,3.954286595921609,0.6657045974985052,-1.1132800297345966,42.75999904423952
21:05:56.429214,39,-1.4951527059698206,4.024646671665293,0.6893282377580479,-1.1132800297345966,39.87999910861254
21:05:56.429214,39,-1.4079970618267854,3.8690877241034722,0.557331005506533,-0.7655200204462744,24.23999945819378
21:05:56.429214,39,-1.431552804361239,3.968315951855961,0.6619454429055667,-1.1132800297345966,34.11999923735857
21:05:56.429214,39,-1.4528112846002232,4.038884362761985,0.6855132599266054,-1.1132800297345966,32.87999926507473
21:05:56.479555,40,-2.0184371468157822,3.8762547978556445,0.7258170235273183,-0.41748001115047373,14.359999679028988
21:05:56.479555,40,2.7210916416761934,-0.24509592835979355,-4.533240794373947,-0.4872000130126253,5.119999885559082
21:05:56.479555,40,-1.8847246299294442,3.8440835412384375,0.8783495551165417,-0.4872000130126253,39.519999116659164
21:05:56.479555,40,-1.8186122071723003,3.818983347943889,0.9315407360853589,-0.904680024163099,32.239999279379845
21:05:56.479555,40,-1.8445970219331356,3.8620949314213817,0.87352341766246,-0.904680024163099,45.87999897450209
21:05:56.479555,40,-1.8689944028090675,3.8783196449472737,0.7285364463979884,-0.41748001115047373,45.99999897181988
21:05:56.479555,40,-1.7265980044697482,3.7674783607925924,1.1220581458994312,-0.7655200204462744,6.9999998435378075
21:05:56.479555,40,-1.7788680165818107,3.836357987632879,0.9268852154119123,-0.904680024163099,38.519999139010906
21:05:56.479555,40,-1.8023905355880414,3.841278519684032,0.7417342829803797,-0.4872000130126253,52.11999883502722
21:05:56.479555,40,-1.7386850966267247,3.841477854054857,0.8803521079517702,-0.904680024163099,45.2399989888072
21:05:56.479555,40,-1.761940557795582,3.858493060036717,0.7371216607948048,-0.4872000130126253,57.759998708963394
21:05:56.479555,40,-1.696811691517114,3.8201513884200033,0.7506550421611371,-0.6263600167294499,51.759998843073845
21:05:56.479555,40,-1.7213143874234982,3.875316029408017,0.7326139597374715,-0.904680024163099,61.359998628497124
21:05:56.479555,40,-1.6342932206823548,3.8181231852757582,0.8879195096852328,-0.904680024163099,29.759999334812164
21:05:56.479555,40,-1.6565941498725163,3.8363472295646965,0.7463153796056738,-0.904680024163099,56.35999874025583
21:05:56.479555,40,-1.6805160870547908,3.891745745515089,0.7282116305747088,-0.904680024163099,62.23999860882759
21:05:56.479555,40,-1.6162109502008275,3.8521537957858514,0.7420800229516062,-0.904680024163099,57.759998708963394
21:05:56.479555,40,-1.639549736485316,3.9077805654000874,0.7239151135357449,-0.904680024163099,60.11999865621328
21:05:56.479555,40,-1.5349637460825507,3.882592819969254,0.7339239110032723,-0.904680024163099,55.519998759031296
21:05:56.479555,40,-1.5562722306547276,3.925022445275695,0.6735459030312605,-0.904680024163099,55.75999875366688
21:05:56.479555,40,-1.4932854969142833,3.883771601583358,0.6885100297623521,-0.904680024163099,50.519998870790005
21:05:56.479555,40,-1.51484918640041,3.9398549460105543,0.6695715464376211,-0.904680024163099,49.87999888509512
21:05:56.479555,40,-1.4523027772368562,3.8979978187554654,0.6846981263597363,-0.904680024163099,44.11999901384115
21:05:56.479555,40,-1.4079970618267854,3.8690877241034722,0.557331005506533,-1.1830000315967482,37.75999915599823
21:05:56.479555,40,0.011595667213095325,0.08606646085031683,1.762371906334472,3.618160096637439,6.11999986320734
21:05:56.541009,41,-3.338017175254557,4.028409768210457,1.0855166723297014,-0.41748001115047373,5.359999880194664
21:05:56.541009,41,-2.121711544858917,3.7399763891720745,0.9520583737449919,-0.41748001115047373,34.11999923735857
21:05:56.541009,41,-2.0824560201239706,3.7482635238591664,0.9040244513920537,-0.41748001115047373,41.63999906927347
21:05:56.541009,41,-2.112217155134498,3.80183131867001,0.8883614669375652,-0.41748001115047373,32.63999927043915
21:05:56.541009,41,-1.9757309038649218,3.7456724944465387,0.9511843200764103,-0.7655200204462744,31.999999284744263
21:05:56.541009,41,-2.0039606723398697,3.7877365929568825,0.8934476744045425,-0.41748001115047373,51.23999885469675
21:05:56.541009,41,-2.03046586084561,3.802977813241025,0.7487242293599592,-0.41748001115047373,37.119999170303345
21:05:56.541009,41,-1.907896061683116,3.753008813257181,1.1278993914258961,-0.8349600223009475,22.879999488592148
21:05:56.541009,41,-1.9367378145429313,3.7645684243888153,0.9461211709081423,-0.7655200204462744,39.99999910593033
21:05:56.541009,41,-1.9623478944521828,3.7685396609609794,0.7612246014335833,-0.41748001115047373,63.35999858379364
21:05:56.541009,41,-1.9903925206339823,3.822397229408313,0.7435208124804507,-0.41748001115047373,41.51999907195568
21:05:56.541009,41,-1.8697603494088344,3.7610617725817947,1.0812440015707234,-0.8349600223009475,28.759999357163906
21:05:56.541009,41,-1.8972664180447474,3.7712272992117333,0.8991756873898233,-0.7655200204462744,50.639998868107796
21:05:56.541009,41,-1.9226429543694785,3.7873028818808874,0.7561970115406871,-0.7655200204462744,77.63999826461077
21:05:56.541009,41,-1.9490467805208929,3.8276815166625933,0.6957018099397208,-0.41748001115047373,44.75999899953604
21:05:56.541009,41,-1.976508845316604,3.8816135407055667,0.6773242513473146,-0.41748001115047373,11.519999742507935
21:05:56.541009,41,-1.8035741940797296,3.7333783799029385,1.1311952082407306,-0.8349600223009475,21.359999522566795
21:05:56.541009,41,-1.8312352132057779,3.7461165155679326,0.9517201462626039,-0.6263600167294499,36.75999917834997
21:05:56.541009,41,-1.855945100333772,3.751508246496051,0.769047916605595,-0.7655200204462744,64.7599985525012
21:05:56.541009,41,-1.8827457516021298,3.8056816507775824,0.7512724352569393,-0.7655200204462744,92.75999792665243
21:05:56.541009,41,-1.9086016659307052,3.846312682821985,0.6907096040132616,-0.41748001115047373,46.35999896377325
21:05:56.541009,41,-1.7651743572531693,3.7506142551165365,1.1265768693964033,-0.8349600223009475,25.879999421536922
21:05:56.541009,41,-1.7922464465617567,3.763616733593433,0.9470309769753025,-0.6263600167294499,47.63999893516302
21:05:56.541009,41,-1.8164302363232925,3.769244604810362,0.7642954737186065,-0.7655200204462744,82.23999816179276
21:05:56.541009,41,-1.8416460603229878,3.8101007214914935,0.7043390861120298,-0.7655200204462744,105.2399976477027
21:05:56.541009,41,-1.8637592975039725,3.820937069798814,0.5584854826056813,-0.7655200204462744,45.519998982548714
21:05:56.541009,41,-1.7270298014852143,3.7574515772565604,1.080901813398032,-0.8349600223009475,30.999999307096004
21:05:56.541009,41,-1.7530784567746251,3.780739480334093,0.94244295081394,-0.6263600167294499,61.639998622238636
21:05:56.541009,41,-1.7767337308109872,3.7865983984073903,0.7596455387386665,-0.7655200204462744,101.23999773710966
21:05:56.541009,41,-1.8013984848734046,3.827695421783599,0.6996246003776925,-0.7655200204462744,110.75999752432108
21:05:56.541009,41,-1.8230284564578931,3.8387430353221,0.5537143885232603,-0.7655200204462744,42.35999905318022
21:05:56.541009,41,-1.6885243805410928,3.741618221456494,0.9535802618241753,-0.8349600223009475,35.999999195337296
21:05:56.541009,41,-1.7134780982056277,3.7857851202816706,0.8965844680851836,-0.6263600167294499,77.75999826192856
21:05:56.541009,41,-1.7368595534141502,3.8035678919223153,0.755098576655377,-0.7655200204462744,116.51999739557505
21:05:56.541009,41,-1.7570053132878862,3.8018214764522202,0.5694928474645828,-0.7655200204462744,106.51999761909246
21:05:56.541009,41,-1.782115314093503,3.856154687407562,0.5490489504080691,-0.7655200204462744,37.87999915331602
21:05:56.541009,41,-1.649591013091339,3.757740214795518,0.9492603867286038,-0.8349600223009475,39.639999113976955
21:05:56.541009,41,-1.6722117626904662,3.764767840126481,0.7687677161817221,-0.6263600167294499,91.23999796062708
21:05:56.541009,41,-1.695877752274793,3.8067431763820707,0.7091497340892783,-0.6263600167294499,120.51999730616808
21:05:56.541009,41,-1.7164929379489609,3.818597324218411,0.5649977726032844,-0.7655200204462744,94.51999788731337
21:05:56.541009,41,-1.7393657714721187,3.857815984168434,0.5023400053484874,-0.7655200204462744,32.87999926507473
21:05:56.541009,41,-1.5858124147611408,3.758850629551858,1.122405797568391,-0.8349600223009475,5.639999873936176
21:05:56.541009,41,-1.6104926879223047,3.7734853408665523,0.9450414929131439,-0.8349600223009475,40.639999091625214
21:05:56.541009,41,-1.63257728436809,3.780728878233549,0.764490968910571,-0.6263600167294499,95.11999787390232
21:05:56.541009,41,-1.6556823466990116,3.8229301032013367,0.7048124601201142,-0.6263600167294499,110.75999752432108
21:05:56.541009,41,-1.67580891475432,3.8349810202337027,0.5606077744869502,-0.7655200204462744,79.35999822616577
21:05:56.541009,41,-1.698139620273913,3.8744179983271723,0.49789150906192337,-0.7655200204462744,28.11999937146902
21:05:56.541009,41,-1.5315870453025007,3.792303562949035,0.8961473937311617,-0.8349600223009475,38.519999139010906
21:05:56.541009,41,-1.5927795496850512,3.796306285022353,0.7603170153413399,-0.6263600167294499,86.63999806344509
21:05:56.541009,41,-1.6116838983772201,3.796152834666888,0.576873850231119,-0.974120026017772,92.87999792397022
21:05:56.541009,41,-1.6334001421064595,3.8358021341256294,0.5147758126147881,-0.974120026017772,64.87999854981899
21:05:56.541009,41,-1.6510120611121295,3.842136246326283,0.3680468288024057,-1.0438400278799236,23.879999466240406
21:05:56.541009,41,-1.4904567461674874,3.77001520453722,0.7706343861068388,-0.6263600167294499,34.11999923735857
21:05:56.541009,41,-1.5118776378466932,3.8130563189206015,0.7113846489482922,-1.1132800297345966,71.23999840766191
21:05:56.541009,41,-1.5712526461314322,3.8115253654868204,0.5727547930122956,-0.974120026017772,73.99999834597111
21:05:56.541009,41,-1.5924241087600277,3.851381798383053,0.5106012541586635,-0.974120026017772,52.51999882608652
21:05:56.541009,41,-1.4507855019342928,3.7842204318408674,0.766828106922526,-1.1132800297345966,28.879999354481697
21:05:56.541009,41,-1.4683223199955613,3.7854078512233333,0.5856383169263453,-1.1132800297345966,55.519998759031296
21:05:56.541009,41,-1.4899228285988222,3.841095034986532,0.5648316239493925,-0.974120026017772,57.999998703598976
21:05:56.541009,41,-1.5459220656460548,3.8186568877830225,0.38282670578378997,-0.974120026017772,42.51999904960394
21:05:56.541009,41,-1.410969180366374,3.798041760490554,0.7631246930725173,-1.1132800297345966,23.879999466240406
21:05:56.541009,41,-1.4280247063370652,3.799396249453996,0.5818901369170342,-1.1132800297345966,42.63999904692173
21:05:56.541009,41,-1.4490323962256149,3.855289216724135,0.5610283044155813,-1.1132800297345966,45.519998982548714
21:05:56.541009,41,-1.5047745100464525,3.8333907432891916,0.3788787810995151,-0.974120026017772,34.759999223053455
21:05:56.541009,41,-1.3702571468056939,3.798402180658604,0.7192377297652843,-0.904680024163099,19.63999956101179
21:05:56.541009,41,-1.3875842914043353,3.8129947097089865,0.5782464404734029,-1.1132800297345966,32.99999926239252
21:05:56.541009,41,-1.4079970618267854,3.8690877241034722,0.557331005506533,-1.1132800297345966,36.11999919265509
21:05:56.541009,41,-1.3470051192049846,3.8262018721536717,0.5747075919620428,-1.1132800297345966,25.879999421536922
21:05:56.541009,41,-1.3655191380330258,3.8674540824672046,0.5128060737526052,-1.1132800297345966,29.11999934911728
21:05:56.541009,41,-1.3050471065781324,3.8241870912492555,0.5309366430334106,-1.1132800297345966,20.75999953597784
21:05:56.541009,41,0.13123072065443528,0.006157436127428827,1.7837834649769286,-1.2524400334514212,5.759999871253967
21:05:56.592412,42,-2.1601184133029667,3.7072820365645125,0.9150054078172825,-0.41748001115047373,20.87999953329563
21:05:56.592412,42,-2.1191659154374123,3.68968035588289,0.7823548885449367,-0.41748001115047373,24.35999945551157
21:05:56.592412,42,-2.182028488700833,3.8345155908143145,0.8782942055166929,-0.3480400092958007,5.119999885559082
21:05:56.592412,42,-2.0531204886842644,3.7067554819705935,0.9616121021411719,-0.7655200204462744,29.639999337494373
21:05:56.592412,42,-2.080269532495821,3.7099622402204977,0.7769203740156934,-0.41748001115047373,28.11999937146902
21:05:56.592412,42,-2.108838058419615,3.749278749113359,0.7167097681889034,-0.41748001115047373,12.519999720156193
21:05:56.592412,42,-1.9176762998625196,3.679457557613073,1.1456432490285222,-0.6958000185841229,24.759999446570873
21:05:56.592412,42,-1.946308468871975,3.7343942800725656,1.1328871405601961,-0.7655200204462744,34.639999225735664
21:05:56.592412,42,-1.9757309038649218,3.7456724944465387,0.9511843200764103,-0.7655200204462744,35.63999920338392
21:05:56.592412,42,-2.0018566013894983,3.7493938643242295,0.7663547021808508,-0.7655200204462744,31.63999929279089
21:05:56.592412,42,-1.8798289780916622,3.697798252159724,1.140728874736121,-0.6958000185841229,30.119999326765537
21:05:56.592412,42,-1.908373198702342,3.742814637083489,1.0861333067916756,-0.7655200204462744,41.999999061226845
21:05:56.592412,42,-1.9364473014626453,3.7527117298675696,0.9041369192429947,-0.7655200204462744,42.63999904692173
21:05:56.592412,42,-1.9612678018792253,3.7549965991322822,0.7191041911978062,-0.7655200204462744,34.23999923467636
21:05:56.592412,42,-1.8417936749979174,3.7157724587248784,1.1359127006023977,-0.6958000185841229,36.63999918103218
21:05:56.592412,42,-1.8700408578626886,3.7282405762647315,0.9565099897628444,-0.7655200204462744,50.75999886542559
21:05:56.592412,42,-1.8952743713891302,3.73339109708543,0.7739023921593249,-0.7655200204462744,50.1199988797307
21:05:56.592412,42,-1.9172575779793217,3.7308307039654363,0.588514767622478,-0.974120026017772,35.23999921232462
21:05:56.592412,42,-1.804025241719168,3.7233430684583038,1.0900411607855545,-0.6958000185841229,43.99999901652336
21:05:56.592412,42,-1.8312352132057779,3.7461165155679326,0.9517201462626039,-0.6958000185841229,60.51999864727259
21:05:56.592412,42,-1.855945100333772,3.751508246496051,0.769047916605595,-0.6263600167294499,56.99999872595072
21:05:56.592412,42,-1.8774721283865954,3.7491579934192787,0.5836039852138697,-0.974120026017772,34.35999923199415
21:05:56.592412,42,-1.7658806859512135,3.7082501192429773,0.962521217865246,-0.6958000185841229,51.639998845756054
21:05:56.592412,42,-1.7922464465617567,3.763616733593433,0.9470309769753025,-0.6958000185841229,69.75999844074249
21:05:56.592412,42,-1.8164302363232925,3.769244604810362,0.7642954737186065,-0.6958000185841229,61.359998628497124
21:05:56.592412,42,-1.8374989331539777,3.767100074997126,0.578796418944552,-0.974120026017772,31.87999928742647
21:05:56.592412,42,-1.7272888969674394,3.725120973035307,0.9580006862159678,-0.6958000185841229,57.759998708963394
21:05:56.592412,42,-1.752815492826363,3.7690440686414792,0.9010702193526208,-0.6958000185841229,76.2399982959032
21:05:56.592412,42,-1.7757558018147082,3.7732086542137253,0.71813528222285,-0.6958000185841229,61.75999861955643
21:05:56.592412,42,-1.7956301607976326,3.769549523115588,0.532528146231382,-0.974120026017772,28.359999366104603
21:05:56.592412,42,-1.6630641013634342,3.6743996527352976,0.9290491883520111,-0.6958000185841229,19.119999572634697
21:05:56.592412,42,-1.688271099784531,3.730092386508484,0.9128168282185973,-0.6958000185841229,60.51999864727259
21:05:56.592412,42,-1.7116790212375539,3.7484247667915866,0.7731468294836497,-0.6958000185841229,77.75999826192856
21:05:56.592412,42,-1.7319945614973113,3.747703021271406,0.5898559386038769,-0.974120026017772,57.999998703598976
21:05:56.592412,42,-1.7492592352123768,3.739067789789248,0.4041525403175432,-0.974120026017772,24.639999449253082
21:05:56.592412,42,-1.6476118338638186,3.7093842918329587,0.7868803902023076,-0.6958000185841229,58.87999868392944
21:05:56.592412,42,-1.6722117626904662,3.764767840126481,0.7687677161817221,-0.6958000185841229,73.63999835401773
21:05:56.592412,42,-1.6920588747753103,3.7642400669341622,0.5854248505733448,-0.5566400148672983,51.51999884843826
21:05:56.592412,42,-1.6085604188636633,3.7251105269024003,0.7826665582154686,-1.1830000315967482,53.63999880105257
21:05:56.592412,42,-1.631678700276752,3.767506269833052,0.723589747816499,-0.6958000185841229,65.63999853283167
21:05:56.592412,42,-1.65195398358344,3.7803905430773512,0.5810973435333993,-0.5566400148672983,43.87999901920557
21:05:56.592412,42,-1.5684843669188933,3.7274222360184512,0.738256748610419,-1.1830000315967482,46.51999896019697
21:05:56.592412,42,-1.588318129865992,3.741117211082525,0.5975059581843325,-1.1830000315967482,55.99999874830246
21:05:56.592412,42,-1.6116838983772201,3.796152834666888,0.576873850231119,-0.5566400148672983,36.75999917834997
21:05:56.592412,42,-1.525693432393394,3.7010083845151662,0.6141384429312562,-1.1830000315967482,39.23999912291765
21:05:56.592412,42,-1.548473039262413,3.756266875000994,0.5934466179717757,-1.1830000315967482,46.759998954832554
21:05:56.592412,42,-1.5712526461314322,3.8115253654868204,0.5727547930122956,-0.5566400148672983,30.51999931782484
21:05:56.592412,42,-1.4467218113923008,3.7297206674601338,0.6064450099032981,-1.1830000315967482,32.75999926775694
21:05:56.592412,42,-1.4683223199955613,3.7854078512233333,0.5856383169263453,-1.1830000315967482,38.75999913364649
21:05:56.592412,42,0.009548743385328223,0.10265484925300902,1.7689592903726012,-0.6263600167294499,5.519999876618385
21:05:56.651440,43,-2.275323656400509,3.6550208661661157,0.9748221375270023,-0.3480400092958007,23.23999948054552
21:05:56.651440,43,-2.3078411328208515,3.7072560963045125,0.9601709485078718,-0.3480400092958007,11.759999737143517
21:05:56.651440,43,-2.2369167879564595,3.664808523120695,0.9263861514442657,-0.3480400092958007,26.99999939650297
21:05:56.651440,43,-2.269225764562614,3.7293618156492188,0.9542477388613486,-0.3480400092958007,12.359999723732471
21:05:56.651440,43,-2.167330342030667,3.633757699840896,0.9360105555250693,-0.3480400092958007,35.999999195337296
21:05:56.651440,43,-2.1986275310852617,3.6862307352176593,0.9206460870127959,-0.3480400092958007,30.759999312460423
21:05:56.651440,43,-2.2300489153345167,3.738911996925284,0.9052206483873784,-0.3480400092958007,12.519999720156193
21:05:56.651440,43,-2.098498360277039,3.601527225037366,0.9459562223149536,-0.6263600167294499,32.239999279379845
21:05:56.651440,43,-2.1293693967434937,3.6545093385351253,0.9304501706953281,-0.3480400092958007,43.63999902456999
21:05:56.651440,43,-2.1601184133029667,3.7072820365645125,0.9150054078172825,-0.3480400092958007,33.99999924004078
21:05:56.651440,43,-2.1909894497694213,3.7602641500622718,0.8994993561976568,-0.3480400092958007,12.639999717473984
21:05:56.651440,43,-2.0608779146947627,3.621615636818308,0.9405735486010263,-0.6263600167294499,40.11999910324812
21:05:56.651440,43,-2.0911955163006333,3.6748932712010873,0.9249883123989131,-0.3480400092958007,52.51999882608652
21:05:56.651440,43,-2.1191659154374123,3.68968035588289,0.7823548885449367,-0.3480400092958007,35.759999200701714
21:05:56.651440,43,-2.151710887094962,3.7812379564315353,0.8938794417188061,-0.3480400092958007,12.359999723732471
21:05:56.651440,43,-1.9935892889092237,3.5992763533317125,0.9917206504373477,-0.6958000185841229,32.119999282062054
21:05:56.651440,43,-2.0230513830476218,3.6413396646517504,0.9352885112715663,-0.6263600167294499,50.23999887704849
21:05:56.651440,43,-2.050657154809048,3.6571513898259,0.7943307601507013,-0.3480400092958007,61.99999861419201
21:05:56.651440,43,-2.080269532495821,3.7099622402204977,0.7769203740156934,-0.3480400092958007,35.23999921232462
21:05:56.651440,43,-2.1099994196178598,3.762982657481741,0.7594408990468164,-0.3480400092958007,11.359999746084213
21:05:56.651440,43,-1.9184436517099936,3.637064948621661,0.9815952268462995,-0.6958000185841229,40.11999910324812
21:05:56.651440,43,-1.9467952122748167,3.6796867155664272,0.9250134499468636,-0.6263600167294499,62.879998594522476
21:05:56.651440,43,-1.9733604220102883,3.696021709671927,0.7839154893384188,-0.3480400092958007,70.63999842107296
21:05:56.651440,43,-2.0018566013894983,3.7493938643242295,0.7663547021808508,-0.3480400092958007,32.51999927312136
21:05:56.651440,43,-2.03046586084561,3.802977813241025,0.7487242293599592,-0.3480400092958007,9.999999776482582
21:05:56.651440,43,-1.8805811854581385,3.6554129821367525,0.9766788860832316,-0.6958000185841229,50.35999887436628
21:05:56.651440,43,-1.906369490413412,3.6610373998309282,0.7965622038894404,-0.6958000185841229,77.11999827623367
21:05:56.651440,43,-1.934414116595212,3.7148949682782604,0.778858414936308,-0.3480400092958007,75.87999830394983
21:05:56.651440,43,-1.9623478944521828,3.7685396609609794,0.7612246014335833,-0.3480400092958007,28.239999368786812
21:05:56.651440,43,-1.9903925206339823,3.822397229408313,0.7435208124804507,-0.3480400092958007,8.639999806880951
21:05:56.651440,43,-1.815020467463891,3.6185481857780495,0.9872115797837773,-0.6958000185841229,26.6399994045496
21:05:56.651440,43,-1.842254280772921,3.6618787797342747,0.9310946090665608,-0.6958000185841229,62.879998594522476
21:05:56.651440,43,-1.8677971829207645,3.6792653766360224,0.7916780322248622,-0.6958000185841229,89.87999799102545
21:05:56.651440,43,-1.8952743713891302,3.73339109708543,0.7739023921593249,-0.6958000185841229,75.63999830931425
21:05:56.651440,43,-1.9226429543694785,3.7873028818808874,0.7561970115406871,-0.6958000185841229,23.519999474287033
21:05:56.651440,43,-1.7773565634859196,3.63589817873357,0.9825626631826598,-0.6958000185841229,31.75999929010868
21:05:56.651440,43,-1.804025241719168,3.679489103896816,0.9263759369287576,-0.6958000185841229,76.2399982959032
21:05:56.651440,43,-1.8290380972746667,3.6971198683880058,0.7868939355786502,-0.6958000185841229,96.51999784260988
21:05:56.651440,43,-1.855945100333772,3.751508246496051,0.769047916605595,-0.6958000185841229,69.87999843806028
21:05:56.651440,43,-1.8827457516021298,3.8056816507775824,0.7512724352569393,-0.6958000185841229,19.119999572634697
21:05:56.651440,43,-1.73951492534067,3.6528835048925212,0.9780114587551896,-0.6958000185841229,37.119999170303345
21:05:56.651440,43,-1.7656158016526566,3.6967292895517887,0.921756443105145,-0.6958000185841229,87.11999805271626
21:05:56.651440,43,-1.7900961093512109,3.714599089652662,0.7822103923564605,-0.6958000185841229,93.51999790966511
21:05:56.651440,43,-1.8164302363232925,3.769244604810362,0.7642954737186065,-0.6958000185841229,60.99999863654375
21:05:56.651440,43,-1.8416460603229878,3.8101007214914935,0.7043390861120298,-0.6958000185841229,15.519999653100967
21:05:56.651440,43,-1.7014993371602536,3.6695024657365205,0.9735584216179956,-0.6958000185841229,41.75999906659126
21:05:56.651440,43,-1.7270298014852143,3.7135976126950725,0.9172365895412351,-0.6958000185841229,90.9999979659915
21:05:56.651440,43,-1.750975113316564,3.7317012925225086,0.7776278709086919,-0.6958000185841229,82.51999815553427
21:05:56.651440,43,-1.7767337308109872,3.7865983984073903,0.7596455387386665,-0.6958000185841229,51.11999885737896
21:05:56.651440,43,-1.663313600471639,3.6857533993834046,0.9692039970710611,-0.8349600223009475,44.519999004900455
21:05:56.651440,43,-1.688271099784531,3.730092386508484,0.9128168282185973,-0.8349600223009475,85.75999808311462
21:05:56.651440,43,-1.7116790212375539,3.7484247667915866,0.7731468294836497,-0.5566400148672983,68.23999847471714
21:05:56.651440,43,-1.7368595534141502,3.8035678919223153,0.755098576655377,-0.6958000185841229,42.119999058544636
21:05:56.651440,43,-1.624717787565982,3.690278551893366,0.9247944501459113,-0.8349600223009475,44.519999004900455
21:05:56.651440,43,-1.6476118338638186,3.7093842918329587,0.7868803902023076,-0.5566400148672983,74.23999834060669
21:05:56.651440,43,-1.6722117626904662,3.764767840126481,0.7687677161817221,-0.5566400148672983,54.75999877601862
21:05:56.651440,43,-1.695877752274793,3.8067431763820707,0.7091497340892783,-0.6958000185841229,34.639999225735664
21:05:56.651440,43,-1.5624012568164514,3.660804102596946,0.9765439422838107,-0.8349600223009475,9.119999796152115
21:05:56.651440,43,-1.5862090033509633,3.7057862663462586,0.9206391705818064,-0.8349600223009475,41.51999907195568
21:05:56.651440,43,-1.6085604188636633,3.7251105269024003,0.7826665582154686,-0.5566400148672983,60.99999863654375
21:05:56.651440,43,-1.63257728436809,3.780728878233549,0.764490968910571,-0.5566400148672983,43.63999902456999
21:05:56.651440,43,-1.5087194429146853,3.7356819753759396,0.9126286394901475,-0.8349600223009475,36.87999917566776
21:05:56.651440,43,-1.5299789459747712,3.7554274990904406,0.7745431500007265,-0.5566400148672983,48.87999890744686
21:05:56.651440,43,-1.5927795496850512,3.796306285022353,0.7603170153413399,-0.5566400148672983,34.879999220371246
21:05:56.651440,43,-1.4697464155845488,3.750066980406872,0.9087741890089915,-0.8349600223009475,31.63999929279089
21:05:56.651440,43,-1.4904567461674874,3.77001520453722,0.7706343861068388,-0.5566400148672983,39.11999912559986
21:05:56.651440,43,-1.4291243197572863,3.7277195307340074,0.7852401747271056,-0.5566400148672983,26.6399994045496
21:05:56.651440,43,-1.4507855019342928,3.7842204318408674,0.766828106922526,-0.5566400148672983,31.5199992954731
21:05:56.703724,44,-2.1191659154374123,3.68968035588289,0.7823548885449367,-0.3480400092958007,11.239999748766422
21:05:56.703724,44,-2.1494516848892378,3.7424109173718114,0.764953080196175,-0.3480400092958007,7.999999821186066
21:05:56.703724,44,-1.8604119618436095,3.569584112694087,1.1711554659651742,-0.7655200204462744,18.11999959498644
21:05:56.703724,44,-1.8890441308530646,3.6245208351535796,1.1583993574968483,-0.7655200204462744,24.759999446570873
21:05:56.703724,44,-1.8236948109087538,3.5873771299648096,1.166387841356571,-0.7655200204462744,22.359999500215054
21:05:56.703724,44,-1.851761894500208,3.642587691062267,1.153558358046346,-0.7655200204462744,31.119999304413795
21:05:56.703724,44,-1.8805811854581385,3.6554129821367525,0.9766788860832316,-0.7655200204462744,32.87999926507473
21:05:56.703724,44,-1.9289957688522665,3.6592784729527614,0.6135492249169445,-0.3480400092958007,15.87999964505434
21:05:56.703724,44,-1.7867952920207002,3.60481460306747,1.1617154845206739,-0.7655200204462744,27.519999384880066
21:05:56.703724,44,-1.814748212137008,3.650403716009729,1.1082756642759923,-0.7655200204462744,39.639999113976955
21:05:56.703724,44,-1.8425306626632898,3.673394381021391,0.9718607847733107,-0.7655200204462744,40.639999091625214
21:05:56.703724,44,-1.8677971829207645,3.6792653766360224,0.7916780322248622,-0.7655200204462744,34.51999922841787
21:05:56.703724,44,-1.7497170951004233,3.621894788269366,1.1571388626892518,-0.7655200204462744,33.639999248087406
21:05:56.703724,44,-1.7770899577914638,3.667751106444733,1.1036274450181454,-0.7655200204462744,50.519998870790005
21:05:56.703724,44,-1.804025241719168,3.679489103896816,0.9263759369287576,-0.7655200204462744,49.87999888509512
21:05:56.703724,44,-1.8290380972746667,3.6971198683880058,0.7868939355786502,-0.7655200204462744,38.99999912828207
21:05:56.703724,44,-1.7128921902253187,3.6288845154540073,1.1127321795920544,-0.7655200204462744,40.11999910324812
21:05:56.703724,44,-1.73951492534067,3.6528835048925212,0.9780114587551896,-0.7655200204462744,63.23999858647585
21:05:56.703724,44,-1.7656158016526566,3.6967292895517887,0.921756443105145,-0.7655200204462744,59.8799986615777
21:05:56.703724,44,-1.7891108255908459,3.701412879636824,0.7412994183446133,-0.7655200204462744,42.51999904960394
21:05:56.703724,44,-1.6496727274617693,3.5891479037754315,1.122070035506671,-0.7655200204462744,8.879999801516533
21:05:56.703724,44,-1.6754584188029176,3.6452491282691413,1.1083472948037911,-0.7655200204462744,45.519998982548714
21:05:56.703724,44,-1.7014993371602536,3.6695024657365205,0.9735584216179956,-0.7655200204462744,75.35999831557274
21:05:56.703724,44,-1.7270298014852143,3.7135976126950725,0.9172365895412351,-0.7655200204462744,68.23999847471714
21:05:56.703724,44,-1.7500113620772078,3.7185056693122256,0.7367194191546946,-0.7655200204462744,44.23999901115894
21:05:56.703724,44,-1.6378571029423372,3.661251346428992,1.1040595133707525,-0.7655200204462744,47.999998927116394
21:05:56.703724,44,-1.663313600471639,3.6857533993834046,0.9692039970710611,-0.7655200204462744,81.87999816983938
21:05:56.703724,44,-1.686498489060958,3.6932816416608585,0.7911950823119227,-0.7655200204462744,71.99999839067459
21:05:56.703724,44,-1.710736898893523,3.735219938842224,0.7322408441320554,-0.7655200204462744,43.5199990272522
21:05:56.703724,44,-1.6003320545416653,3.645529146711332,0.9806368543777821,-0.7655200204462744,46.51999896019697
21:05:56.703724,44,-1.6249615338165022,3.7016346807534246,0.964948620553193,-0.7655200204462744,79.23999822884798
21:05:56.703724,44,-1.6476118338638186,3.7093842918329587,0.7868803902023076,-0.5566400148672983,69.11999845504761
21:05:56.703724,44,-1.66752785103351,3.709667106247993,0.6059329883766194,-0.4872000130126253,40.51999909430742
21:05:56.703724,44,-1.5624012568164514,3.660804102596946,0.9765439422838107,-0.7655200204462744,41.51999907195568
21:05:56.703724,44,-1.5862090033509633,3.7057862663462586,0.9206391705818064,-0.7655200204462744,68.99999845772982
21:05:56.703724,44,-1.6085604188636633,3.7251105269024003,0.7826665582154686,-0.5566400148672983,60.99999863654375
21:05:56.703724,44,-1.6280043899872787,3.725583437043395,0.6016682203935246,-0.5566400148672983,35.999999195337296
21:05:56.703724,44,-1.4860747535876664,3.6902511006045966,0.9686536429481398,-0.8349600223009475,35.23999921232462
21:05:56.703724,44,-1.5087194429146853,3.7356819753759396,0.9126286394901475,-0.7655200204462744,56.11999874562025
21:05:56.703724,44,-1.5693481491692753,3.7404587742588538,0.7785540077310737,-0.5566400148672983,50.87999886274338
21:05:56.703724,44,-1.588318129865992,3.741117211082525,0.5975059581843325,-0.5566400148672983,31.119999304413795
21:05:56.703724,44,-1.4476866806704718,3.704420198051503,0.9648570447297635,-0.8349600223009475,28.999999351799488
21:05:56.703724,44,-1.4682032462099557,3.7137263968212024,0.7889896236586222,-0.5566400148672983,44.23999901115894
21:05:56.703724,44,-1.4896363864002917,3.756962398192208,0.7303414860116766,-0.5566400148672983,40.99999908357859
21:05:56.703724,44,-1.548473039262413,3.756266875000994,0.5934466179717757,-0.5566400148672983,26.359999410808086
21:05:56.703724,44,-1.4089424654699225,3.7070228850868383,0.9216173566835297,-0.8349600223009475,23.639999471604824
21:05:56.703724,44,-1.4291243197572863,3.7277195307340074,0.7852401747271056,-0.5566400148672983,34.759999223053455
21:05:56.703724,44,-1.4499869775492826,3.7711598068208123,0.7265373018350272,-0.5566400148672983,32.87999926507473
21:05:56.703724,44,-1.4683223199955613,3.7854078512233333,0.5856383169263453,-0.5566400148672983,22.11999950557947
21:05:56.703724,44,-1.3702745120053672,3.7204455839198465,0.9180207553709789,-0.8349600223009475,19.239999569952488
21:05:56.703724,44,-1.3899024820699626,3.741334497852365,0.7815920552827653,-0.5566400148672983,27.519999384880066
21:05:56.703724,44,-1.4070170164485156,3.7435032821838563,0.6027519694184873,-0.5566400148672983,26.359999410808086
21:05:56.703724,44,-1.3505416552988931,3.7545699366909697,0.7780456301344896,-0.5566400148672983,21.99999950826168
21:05:56.703724,44,-1.367171520981885,3.7569016953145,0.5991618754402728,-0.5566400148672983,21.359999522566795
21:05:56.703724,44,-1.6423709546038376,6.195697321187161,0.2711396525692136,0.06972000186215155,5.119999885559082
21:05:56.703724,44,0.014515018307089256,0.12929756933391018,1.7830196808730883,1.3916000371682458,5.519999876618385
21:05:56.759755,45,-3.533071003581127,3.909549452280646,1.3370097713230409,-0.6263600167294499,4.999999888241291
21:05:56.759755,45,-3.3322074850136465,3.994821391257239,1.3095812811591019,-0.6263600167294499,5.639999873936176
21:05:56.759755,45,-2.1708243000776224,3.523141753590815,0.8335112309392465,-0.6958000185841229,24.23999945819378
21:05:56.759755,45,-2.205405369647036,3.6244761107648986,0.9836587932094782,-0.20888000557897612,17.23999961465597
21:05:56.759755,45,-2.133666346909483,3.543931019795032,0.8279407638485909,-0.6958000185841229,29.23999934643507
21:05:56.759755,45,-2.167330342030667,3.633757699840896,0.9360105555250693,-0.6958000185841229,20.119999550282955
21:05:56.759755,45,-2.057709328024899,3.443885676427866,0.6393753139402465,-0.3480400092958007,30.23999932408333
21:05:56.759755,45,-2.0962950288942404,3.564360334268438,0.8224667455335204,-0.6958000185841229,35.63999920338392
21:05:56.759755,45,-2.1293693967434937,3.6545093385351253,0.9304501706953281,-0.6958000185841229,23.11999948322773
21:05:56.759755,45,-2.0208201203588594,3.4635836247747935,0.6340972645881373,-0.3480400092958007,36.23999918997288
21:05:56.759755,45,-2.057580949809125,3.571313091519708,0.7761595515060546,-0.6958000185841229,43.239999033510685
21:05:56.759755,45,-2.0889998525842106,3.637158215585625,0.7996879150425178,-0.6958000185841229,25.879999421536922
21:05:56.759755,45,-2.1191659154374123,3.68968035588289,0.7823548885449367,-0.4872000130126253,8.359999813139439
21:05:56.759755,45,-1.9856199813203192,3.497263738170407,0.6687316563814989,-0.3480400092958007,43.359999030828476
21:05:56.759755,45,-2.019814932540685,3.591005565117596,0.7708829691085295,-0.6958000185841229,51.639998845756054
21:05:56.759755,45,-2.050657154809048,3.6571513898259,0.7943307601507013,-0.6958000185841229,27.239999391138554
21:05:56.759755,45,-1.9192054497923694,3.4637631213780518,0.683593476655795,-0.3480400092958007,28.999999351799488
21:05:56.759755,45,-1.948294772749323,3.5162632453720994,0.663640753770216,-0.3480400092958007,51.35999885201454
21:05:56.759755,45,-1.943680755368548,3.6292912689338186,0.7606243456893154,-0.6958000185841229,59.51999866962433
21:05:56.759755,45,-1.9733604220102883,3.696021709671927,0.7839154893384188,-0.6958000185841229,26.87999939918518
21:05:56.759755,45,-1.8450975516407102,3.500124707496848,0.673850419019749,-0.3480400092958007,34.35999923199415
21:05:56.759755,45,-1.8730636240445624,3.5531759626488184,0.653750020985481,-0.3480400092958007,59.239998675882816
21:05:56.759755,45,-1.9010296964484144,3.6062272178007904,0.6336496229512127,-0.3480400092958007,64.87999854981899
21:05:56.759755,45,-1.9333493990054995,3.7015446902478364,0.7373375834939231,-0.6958000185841229,24.639999449253082
21:05:56.759755,45,-1.807764982863404,3.5177668254302126,0.6691232277667292,-0.3480400092958007,39.99999910593033
21:05:56.759755,45,-1.8351652069626394,3.5710854814830437,0.6489511798770202,-0.3480400092958007,65.87999852746725
21:05:56.759755,45,-1.8625654310618753,3.624404137535874,0.6287791319873117,-0.3480400092958007,65.63999853283167
21:05:56.759755,45,-1.894231196640126,3.7200306386321516,0.7323842885530223,-0.6958000185841229,20.999999530613422
21:05:56.759755,45,-1.7483170880973513,3.5339547340638697,0.8404319924978154,-0.6263600167294499,19.759999558329582
21:05:56.759755,45,-1.7702516391023584,3.5350474623597465,0.6644928950567652,-0.3480400092958007,45.11999899148941
21:05:56.759755,45,-1.7970832748975236,3.5886280403598074,0.644250665392816,-0.3480400092958007,69.2399984523654
21:05:56.759755,45,-1.8239149106926886,3.6422086183598683,0.6240084357288669,-0.6958000185841229,61.519998624920845
21:05:56.759755,45,-1.8507465464878539,3.695789196359929,0.6037662060649178,-0.6958000185841229,18.11999959498644
21:05:56.759755,45,-1.7110937284349668,3.550662544179562,0.8359551482700229,-0.6263600167294499,22.639999493956566
21:05:56.759755,45,-1.7325612716605208,3.551964890236233,0.6599598839192489,-0.3480400092958007,48.35999891906977
21:05:56.759755,45,-1.7588216360105153,3.60580188503792,0.6396489475803784,-0.6263600167294499,68.11999847739935
21:05:56.759755,45,-1.7850820003605101,3.6596388798396084,0.6193380112415074,-0.6958000185841229,53.99999879300594
21:05:56.759755,45,-1.811342364710505,3.7134758746412957,0.5990270749026367,-0.6958000185841229,15.359999656677246
21:05:56.759755,45,-1.6736992608332943,3.5670099748678643,0.8315748674187686,-0.6263600167294499,24.999999441206455
21:05:56.759755,45,-1.6946976495430583,3.5685174173310585,0.655524647651496,-0.3480400092958007,48.87999890744686
21:05:56.759755,45,-1.7203841164334484,3.622605298147304,0.6351464866076324,-0.6263600167294499,63.11999858915806
21:05:56.759755,45,-1.7460705833238388,3.6766931789635486,0.6147683255637688,-0.6958000185841229,45.35999898612499
21:05:56.759755,45,-1.771757050214229,3.730781059779793,0.5943901645199052,-0.6958000185841229,12.879999712109566
21:05:56.759755,45,-1.6361374247077656,3.5829953913994013,0.8272915879684681,-0.7655200204462744,26.359999410808086
21:05:56.759755,45,-1.6566645590804607,3.5847033884053814,0.6511876297734176,-0.6263600167294499,46.23999896645546
21:05:56.759755,45,-1.6817745598860776,3.639036599360723,0.6307437327169039,-0.6263600167294499,55.75999875366688
21:05:56.759755,45,-1.7068845606916945,3.6933698103160646,0.6102998356603906,-0.6958000185841229,37.35999916493893
21:05:56.759755,45,-1.598411976210523,3.5986171952459136,0.8231057382434779,-0.7655200204462744,26.519999407231808
21:05:56.759755,45,-1.61846580354991,3.6005211848756544,0.6469492639831682,-0.6263600167294499,41.51999907195568
21:05:56.759755,45,-1.64299682729171,3.655094145561824,0.6264411261798939,-0.6263600167294499,47.63999893516302
21:05:56.759755,45,-1.66752785103351,3.709667106247993,0.6059329883766194,-0.5566400148672983,30.51999931782484
21:05:56.759755,45,-1.5605266878548103,3.613873824240104,0.8190177368252631,-0.7655200204462744,25.119999438524246
21:05:56.759755,45,-1.5801052027949563,3.6159692249754825,0.6428099741137756,-0.5566400148672983,35.759999200701714
21:05:56.759755,45,-1.6040547963911176,3.670776331009438,0.6222390972536505,-0.6263600167294499,39.99999910593033
21:05:56.759755,45,-1.4990539476219467,3.5729162419683567,0.8332649849002751,-0.7655200204462744,10.359999768435955
21:05:56.759755,45,-1.5216473595620943,3.6161165026796884,0.7759340625793261,-0.7655200204462744,22.759999491274357
21:05:56.759755,45,-1.5415865928435364,3.631045963913798,0.6387701740907592,-0.5566400148672983,30.119999326765537
21:05:56.759755,45,-1.5649523613547645,3.6860815874981614,0.6181380661375457,-0.5566400148672983,33.359999254345894
21:05:56.759755,45,-1.4451538835074884,3.6447745567354213,0.7682551601384449,-0.7655200204462744,19.879999555647373
21:05:56.759755,45,-1.502913825524375,3.6457498940293394,0.6348302678907363,-0.5566400148672983,25.119999438524246
21:05:56.759755,45,-2.0628693541773937,6.272963908857779,0.5292499410001696,0.06972000186215155,6.7599998489022255
21:05:56.759755,45,-1.9796852836514176,6.233747469178142,0.5377938123928445,0.06972000186215155,7.999999821186066
21:05:56.816915,46,-2.2015469073581633,3.5616974748342165,0.7748095319277437,-0.7655200204462744,9.119999796152115
21:05:56.816915,46,-2.1276898881275734,3.4894488559924848,0.6649402906911777,-0.6958000185841229,11.359999746084213
21:05:56.816915,46,-2.1589903615370556,3.540782183156463,0.6453002100739471,-0.7655200204462744,11.119999751448631
21:05:56.816915,46,-2.006186181299325,3.4537361198046446,1.0320276410513496,-0.7655200204462744,23.759999468922615
21:05:56.816915,46,-2.037061849154348,3.506889914944894,1.0171303232817768,-0.7655200204462744,22.239999502897263
21:05:56.816915,46,-2.065456405664199,3.5119249833805495,0.8397894524401386,-0.7655200204462744,21.519999518990517
21:05:56.816915,46,-2.0884322822881214,3.4953051556923245,0.6190602920710748,-0.6958000185841229,14.119999684393406
21:05:56.816915,46,-2.12117549160216,3.5614539686513136,0.6397612218444924,-0.7655200204462744,13.519999697804451
21:05:56.816915,46,-1.939607508271277,3.45039475820677,1.1592488288090719,-0.7655200204462744,25.879999421536922
21:05:56.816915,46,-1.9702206454236986,3.4729408496638836,1.0268817491947084,-0.7655200204462744,30.35999932140112
21:05:56.816915,46,-2.0002427114830197,3.5150603680527506,0.9717440210052524,-0.7655200204462744,28.519999362528324
21:05:56.816915,46,-2.02842831368056,3.5316970926077826,0.8344915317400414,-0.7655200204462744,27.519999384880066
21:05:56.816915,46,-2.0509922944781156,3.5152972073695428,0.6137034379691229,-0.6958000185841229,17.759999603033066
21:05:56.816915,46,-2.081164468597371,3.567010789964292,0.5933096113501084,-0.7655200204462744,15.75999964773655
21:05:56.816915,46,-1.9040068430055124,3.4689581443279525,1.154274784489114,-0.7655200204462744,31.75999929010868
21:05:56.816915,46,-1.9340580891341828,3.491797224692831,1.0218291987335237,-0.7655200204462744,39.519999116659164
21:05:56.816915,46,-1.963529113026567,3.534204075030063,0.9666144801805434,-0.7655200204462744,37.239999167621136
21:05:56.816915,46,-1.9911973805649716,3.551110555303414,0.8292897100884553,-0.7655200204462744,35.759999200701714
21:05:56.816915,46,-2.0133472091569846,3.5349266229763634,0.6084437519093804,-0.6958000185841229,22.359999500215054
21:05:56.816915,46,-2.042965585940141,3.58692897415749,0.5879725499808466,-0.6958000185841229,17.639999605715275
21:05:56.816915,46,-2.0744426396762234,3.653706695593433,0.6091800833828076,-0.6958000185841229,9.999999776482582
21:05:56.816915,46,-1.8325127734776017,3.474153629884343,1.0272115870011334,-0.7655200204462744,38.87999913096428
21:05:56.816915,46,-1.8611563995550657,3.5284574027967825,1.0120061336161887,-0.7655200204462744,51.99999883770943
21:05:56.816915,46,-1.8875326436419535,3.5352698629215413,0.8368069078010936,-0.7655200204462744,49.51999889314175
21:05:56.816915,46,-1.9150872426863614,3.5759007182279086,0.7788568169383328,-0.7655200204462744,46.999998949468136
21:05:56.816915,46,-1.9686664376122616,3.508349159535121,0.48291706282893165,-0.6958000185841229,27.519999384880066
21:05:56.816915,46,-1.9976275149884624,3.5599605293084893,0.46059923615697684,-0.6958000185841229,18.519999586045742
21:05:56.816915,46,-1.7963462418309488,3.491679818758659,1.0225154588458651,-0.7655200204462744,46.63999895751476
21:05:56.816915,46,-1.824150890421433,3.535088426296084,0.9676870560675943,-0.7655200204462744,67.75999848544598
21:05:56.816915,46,-1.8502802380498127,3.553322262936263,0.8319697817957052,-0.7655200204462744,65.63999853283167
21:05:56.816915,46,-1.8772910186320666,3.594216650979863,0.7739490775488238,-0.7655200204462744,61.359998628497124
21:05:56.816915,46,-1.9307540860198422,3.5271820710120494,0.47787079940756194,-0.6958000185841229,32.239999279379845
21:05:56.816915,46,-1.9591574343023763,3.579070491989259,0.45547873708927566,-0.6958000185841229,17.879999600350857
21:05:56.816915,46,-1.7600000770650934,3.5088557952913675,1.01791316980471,-0.7655200204462744,53.63999880105257
21:05:56.816915,46,-1.7872421435010948,3.552530260256815,0.9630135307432988,-0.7655200204462744,83.75999812781811
21:05:56.816915,46,-1.812842805984033,3.5710139357372066,0.8272293123559367,-0.7655200204462744,83.11999814212322
21:05:56.816915,46,-1.8351652069626394,3.5710854814830437,0.6489511798770202,-0.6263600167294499,76.2399982959032
21:05:56.816915,46,-1.892648660636408,3.545647841767483,0.47292291104602535,-0.6958000185841229,34.51999922841787
21:05:56.816915,46,-1.9178846587055518,3.581536895923115,0.4100624950529821,-0.6958000185841229,16.239999637007713
21:05:56.816915,46,-1.7232193899360553,3.514677523498015,0.974465678083734,-0.7655200204462744,57.35999871790409
21:05:56.816915,46,-1.7501546738637594,3.569614716964282,0.9584357643654087,-0.7655200204462744,92.75999792665243
21:05:56.816915,46,-1.7752240911564565,3.588343112171915,0.8225859735247603,-0.7655200204462744,94.11999789625406
21:05:56.816915,46,-1.7970832748975236,3.5886280403598074,0.644250665392816,-0.6263600167294499,84.63999810814857
21:05:56.816915,46,-1.81587384946512,3.5814706117658623,0.46332422875431356,-0.6958000185841229,33.2399992570281
21:05:56.816915,46,-1.8400861556960617,3.6178373157744828,0.40033582686889746,-0.6958000185841229,13.999999687075615
21:05:56.816915,46,-1.66041764350904,3.4867836618411543,1.02448218142502,-0.7655200204462744,12.759999714791775
21:05:56.816915,46,-1.6865303845116495,3.5311454872047956,0.9700531005075173,-0.6958000185841229,56.35999874025583
21:05:56.816915,46,-1.7110937284349668,3.550662544179562,0.8359551482700229,-0.6958000185841229,88.63999801874161
21:05:56.816915,46,-1.7374278554070481,3.605308059337262,0.8180402296321687,-0.7655200204462744,90.63999797403812
21:05:56.816915,46,-1.7588216360105153,3.60580188503792,0.6396489475803784,-0.6263600167294499,80.63999819755554
21:05:56.816915,46,-1.777212141094061,3.5988240287618223,0.4586743946843257,-0.6263600167294499,28.999999351799488
21:05:56.816915,46,-1.800908943936501,3.635422117922326,0.39562399333432197,-0.6958000185841229,11.759999737143517
21:05:56.816915,46,-1.647940643338871,3.5121128689829826,0.8495571995887943,-0.6958000185841229,51.11999885737896
21:05:56.816915,46,-1.6736992608332943,3.5670099748678643,0.8315748674187686,-0.6958000185841229,74.23999834060669
21:05:56.816915,46,-1.6985224826022067,3.6090996995092257,0.7738876930183836,-0.6958000185841229,75.23999831825495
21:05:56.816915,46,-1.7203841164334484,3.622605298147304,0.6351464866076324,-0.6263600167294499,66.87999850511551
21:05:56.816915,46,-1.736013131208849,3.5996727914452484,0.41434044989267704,-0.6263600167294499,23.879999466240406
21:05:56.816915,46,-1.6109568925311695,3.527852266268672,0.8453398407967412,-0.6958000185841229,43.63999902456999
21:05:56.816915,46,-1.6361374247077656,3.5829953913994013,0.8272915879684681,-0.6958000185841229,57.759998708963394
21:05:56.816915,46,-1.6604035536882595,3.6253222013696007,0.7695408867456837,-0.6958000185841229,57.51999871432781
21:05:56.816915,46,-1.6817745598860776,3.639036599360723,0.6307437327169039,-0.6263600167294499,51.35999885201454
21:05:56.816915,46,-1.6970528219871266,3.616253364584042,0.40989769871009196,-0.6263600167294499,19.119999572634697
21:05:56.816915,46,-1.5738120473838753,3.543233646952391,0.8412184122640631,-0.6958000185841229,35.999999195337296
21:05:56.816915,46,-1.598411976210523,3.5986171952459136,0.8231057382434779,-0.6958000185841229,43.75999902188778
21:05:56.816915,46,-1.6221185858100307,3.6411756976774696,0.7652929552127805,-0.6958000185841229,42.75999904423952
21:05:56.816915,46,-1.64299682729171,3.655094145561824,0.6264411261798939,-0.6263600167294499,38.6399991363287
21:05:56.816915,46,-1.6579228089049978,3.6324567872928584,0.40555600468064457,-0.6263600167294499,15.239999659359455
21:05:56.816915,46,-1.5356641145877141,3.5458109363599126,0.7986988986020382,-0.6958000185841229,29.35999934375286
21:05:56.816915,46,-1.5605266878548103,3.613873824240104,0.8190177368252631,-0.6958000185841229,33.359999254345894
21:05:56.816915,46,-1.5836714074322331,3.6566586030964823,0.7611443232092685,-0.6958000185841229,31.999999284744263
21:05:56.816915,46,-1.602527058673505,3.6562716073543062,0.5824666752647747,-0.6263600167294499,29.11999934911728
21:05:56.816915,46,-1.6186270049309877,3.648281439243,0.4013158019701004,-0.6263600167294499,12.23999972641468
21:05:56.816915,46,-1.4982288558836947,3.560463636010306,0.7947727195637795,-0.6958000185841229,23.879999466240406
21:05:56.816915,46,-1.5216473595620943,3.6161165026796884,0.7759340625793261,-0.6958000185841229,25.879999421536922
21:05:56.816915,46,-1.5450658632404937,3.6717693693490694,0.7570954055948724,-0.6958000185841229,24.51999945193529
21:05:56.816915,46,-1.5634618656721435,3.6715622867739244,0.5783695500625647,-0.6263600167294499,22.359999500215054
21:05:56.816915,46,-1.502913825524375,3.6457498940293394,0.6348302678907363,-0.6263600167294499,19.119999572634697
21:05:56.816915,46,-1.5242403277940841,3.686474867175102,0.5743737361870052,-0.6263600167294499,17.519999608397484
21:05:56.870502,47,-2.0406309476044155,3.4827986884648285,0.2830237388784945,-0.7655200204462744,18.879999577999115
21:05:56.870502,47,-1.974350808047193,3.4482753773462753,0.2785998536729923,-0.7655200204462744,20.87999953329563
21:05:56.870502,47,-2.0057015112691814,3.503030518905844,0.2830237388784945,-0.7655200204462744,23.759999468922615
21:05:56.870502,47,-2.0411343470596726,3.5649152532235275,0.12327401005784544,-0.7655200204462744,17.999999597668648
21:05:56.870502,47,-1.9397699130407846,3.4678461436042616,0.2785998536729923,-0.7655200204462744,25.879999421536922
21:05:56.870502,47,-1.9705715064631986,3.522912049229811,0.2830237388784945,-0.7655200204462744,30.63999931514263
21:05:56.870502,47,-2.0053837336114686,3.5851480117812446,0.12327401005784544,-0.7655200204462744,22.759999491274357
21:05:56.870502,47,-1.9062354502447252,3.489340679052288,0.23885163482174915,-0.7655200204462744,31.999999284744263
21:05:56.870502,47,-1.936504550157605,3.5447478962618675,0.2426443583270465,-0.7655200204462744,39.99999910593033
21:05:56.870502,47,-1.9694325834700157,3.6050222585414233,0.12327401005784544,-0.7655200204462744,29.11999934911728
21:05:56.870502,47,-1.9837611906362536,3.631250598725159,-0.5409632908230837,-0.8349600223009475,24.119999460875988
21:05:56.870502,47,-1.873777103630274,3.5129711165598994,0.11947957918679064,-0.7655200204462744,39.11999912559986
21:05:56.870502,47,-1.903530797675241,3.5687535613279686,0.12137679462231804,-0.7655200204462744,52.7599988207221
21:05:56.870502,47,-1.9337679780160397,3.6254424497649356,0.08218952250988429,-0.7655200204462744,37.87999915331602
21:05:56.870502,47,-1.9473501034374832,3.6509063185541226,-0.5409632908230837,-0.8349600223009475,29.23999934643507
21:05:56.870502,47,-1.9768660138238767,3.7062429647675295,-0.5491626505509917,-0.8349600223009475,12.639999717473984
21:05:56.870502,47,-1.803147623824699,3.5497415887031134,0.11947957918679064,-0.7655200204462744,46.35999896377325
21:05:56.870502,47,-1.8317797928341544,3.6061079115514088,0.12137679462231804,-0.7655200204462744,68.63999846577644
21:05:56.870502,47,-1.8611563995550657,3.6639397613868674,-0.0410968160785306,-0.7655200204462744,48.87999890744686
21:05:56.870502,47,-1.91074428285986,3.670196950809963,-0.5409632908230837,-0.8349600223009475,34.759999223053455
21:05:56.870502,47,-1.9397053602360608,3.725825984392213,-0.5491626505509917,-0.8349600223009475,13.879999689757824
21:05:56.870502,47,-1.7394935601343913,3.5109454569553424,0.11758236375126324,-0.7655200204462744,9.759999781847
21:05:56.870502,47,-1.7675606437258453,3.5675952784227976,0.11947957918679064,-0.7655200204462744,51.759998843073845
21:05:56.870502,47,-1.7956277273172996,3.624245099890253,0.12137679462231804,-0.7655200204462744,84.11999811977148
21:05:56.870502,47,-1.8244245563733454,3.682367819322012,-0.0410968160785306,-0.7655200204462744,61.11999863386154
21:05:56.870502,47,-1.873947389454774,3.6891205664456166,-0.5409632908230837,-0.8349600223009475,39.99999910593033
21:05:56.870502,47,-1.9023507377373081,3.745036424539958,-0.5491626505509917,-0.8349600223009475,14.879999667406082
21:05:56.870502,47,-1.7322300062292684,3.5859887909539108,0.07965969110955572,-0.7655200204462744,53.119998812675476
21:05:56.870502,47,-1.7597360748651814,3.642930682883324,0.08092460680972001,-0.7655200204462744,92.11999794095755
21:05:56.870502,47,-1.7875102722644922,3.7004276435603156,-0.0410968160785306,-0.7655200204462744,70.63999842107296
21:05:56.870502,47,-1.8369631028807376,3.7076752731153744,-0.5409632908230837,-0.8349600223009475,43.63999902456999
21:05:56.870502,47,-1.8622746857925379,3.758763468593182,-0.5911395343627067,-0.8349600223009475,15.359999656677246
21:05:56.870502,47,-1.892648660636408,3.8200694552503123,-0.5573620102788996,-0.8349600223009475,7.879999823868275
21:05:56.870502,47,-1.696284106008351,3.603131503988106,0.07965969110955572,-0.7655200204462744,49.99999888241291
21:05:56.870502,47,-1.7234779137660612,3.6608947437061117,-0.040464326604239695,-0.7655200204462744,87.35999804735184
21:05:56.870502,47,-1.7504172386259904,3.718117428134484,-0.0410968160785306,-0.7655200204462744,72.35999838262796
21:05:56.870502,47,-1.762447162185823,3.743670574812844,-0.5409632908230837,-0.8349600223009475,44.359999008476734
21:05:56.870502,47,-1.786731987179518,3.7952547508914174,-0.5911395343627067,-0.6958000185841229,15.359999656677246
21:05:56.870502,47,-1.66041764350904,3.6204569799392106,-0.03983183712994878,-0.7655200204462744,43.63999902456999
21:05:56.870502,47,-1.6867834041195835,3.677946192010046,-0.040464326604239695,-0.7655200204462744,73.23999836295843
21:05:56.870502,47,-1.7128921902253187,3.7348750841256964,-0.08218952250988429,-0.7655200204462744,65.23999854177237
21:05:56.870502,47,-1.724922959596585,3.7611075703405437,-0.5409632908230837,-0.8349600223009475,41.879999063909054
21:05:56.870502,47,-1.7783754617392538,3.7775043870396052,-0.716698744411578,-0.8349600223009475,14.759999670088291
21:05:56.870502,47,-1.6241306577386965,3.636879857935911,-0.03983183712994878,-0.7655200204462744,36.35999918729067
21:05:56.870502,47,-1.649920217545882,3.6946298487761666,-0.040464326604239695,-0.7655200204462744,57.35999871790409
21:05:56.870502,47,-1.6736992608332943,3.747877734444051,-0.20540189607897288,-0.8349600223009475,53.51999880373478
21:05:56.870502,47,-1.687226266156529,3.7781684582622685,-0.5409632908230837,-0.8349600223009475,37.119999170303345
21:05:56.870502,47,-1.7024747490378125,3.812314048699084,-0.716698744411578,-0.8349600223009475,13.759999692440033
21:05:56.870502,47,-1.587681260263277,3.652939050993799,-0.03983183712994878,-0.7655200204462744,29.759999334812164
21:05:56.870502,47,-1.6126501045212405,3.7103873994318044,-0.08092460680972001,-0.7655200204462744,43.87999901920557
21:05:56.870502,47,-1.6361374247077656,3.7644270554130848,-0.20540189607897288,-0.8349600223009475,41.879999063909054
21:05:56.870502,47,-1.6493608515034173,3.79485153250352,-0.5409632908230837,-0.8349600223009475,31.5199992954731
21:05:56.870502,47,-1.5508404330990169,3.6680826537025304,-0.07965969110955572,-0.7655200204462744,24.119999460875988
21:05:56.870502,47,-1.5738120473838753,3.722415632187915,-0.20224071354305342,-0.41748001115047373,33.7599992454052
21:05:56.870502,47,-1.598411976210523,3.7805999368304177,-0.20540189607897288,-0.8349600223009475,32.359999276697636
21:05:56.870502,47,-1.6113305021469906,3.811155124770851,-0.5409632908230837,-0.8349600223009475,26.119999416172504
21:05:56.870502,47,-1.536509822350384,3.7379673707870125,-0.20224071354305342,-0.41748001115047373,26.359999410808086
21:05:56.870502,47,-1.5605266878548103,3.796394761421457,-0.20540189607897288,-0.7655200204462744,25.239999435842037
21:05:56.870502,47,-1.5731390210903236,3.827077604718693,-0.5409632908230837,-0.8349600223009475,21.519999518990517
21:05:56.870502,47,-1.5182208243323088,3.8011329640289593,-0.3693783768771106,-0.8349600223009475,19.999999552965164
21:05:56.925886,48,-2.0631221043445853,3.372712325932443,-1.3350166303468562,-0.6958000185841229,13.879999689757824
21:05:56.925886,48,-2.0199739033779576,3.6112317568785874,-0.5409632908230837,-0.7655200204462744,16.759999625384808
21:05:56.925886,48,-2.059671004824858,3.682200710072165,-0.3807480136372431,-0.7655200204462744,11.759999737143517
21:05:56.925886,48,-1.9092899066654059,3.4949318241753655,0.07965969110955572,-0.7655200204462744,22.239999502897263
21:05:56.925886,48,-1.9837611906362536,3.631250598725159,-0.5409632908230837,-0.7655200204462744,20.119999550282955
21:05:56.925886,48,-2.0208201203588594,3.699086516364098,-0.42291932193626247,-0.7655200204462744,13.519999697804451
21:05:56.925886,48,-1.874526889359142,3.5143768203674752,-0.03983183712994878,-0.7655200204462744,28.239999368786812
21:05:56.925886,48,-1.9042924892466622,3.570181586296865,-0.040464326604239695,-0.7655200204462744,23.759999468922615
21:05:56.925886,48,-1.9263267555576704,3.6114915910862253,-0.3693783768771106,-0.6958000185841229,21.519999518990517
21:05:56.925886,48,-1.9473501034374832,3.6509063185541226,-0.5409632908230837,-0.7655200204462744,23.759999468922615
21:05:56.925886,48,-1.9837288323738287,3.7191094275380823,-0.42291932193626247,-0.7655200204462744,15.119999662041664
21:05:56.925886,48,-2.0133472091569846,3.77463817850693,-0.4292337856984268,-0.7655200204462744,4.999999888241291
21:05:56.925886,48,-1.7752255213226733,3.4947731284473558,-0.03919934765565788,-0.7655200204462744,20.51999954134226
21:05:56.925886,48,-1.8038691474001374,3.5511620060938593,-0.03983183712994878,-0.7655200204462744,36.35999918729067
21:05:56.925886,48,-1.8325127734776017,3.6075508837403634,-0.040464326604239695,-0.7655200204462744,30.51999931782484
21:05:56.925886,48,-1.8901161268354159,3.630573964091703,-0.3693783768771106,-0.6958000185841229,25.51999942958355
21:05:56.925886,48,-1.91074428285986,3.670196950809963,-0.5409632908230837,-0.7655200204462744,26.87999939918518
21:05:56.925886,48,-1.9397053602360608,3.725825984392213,-0.5491626505509917,-0.7655200204462744,16.239999637007713
21:05:56.925886,48,-1.7401896127461558,3.5123503502019076,-0.03919934765565788,-0.7655200204462744,23.639999471604824
21:05:56.925886,48,-1.7682679272885522,3.569022839908609,-0.03983183712994878,-0.7655200204462744,46.999998949468136
21:05:56.925886,48,-1.7960767876611299,3.6251514708077446,-0.08092460680972001,-0.7655200204462744,39.519999116659164
21:05:56.925886,48,-1.817131479236858,3.6676476751223426,-0.3693783768771106,-0.904680024163099,29.639999337494373
21:05:56.925886,48,-1.873947389454774,3.6891205664456166,-0.5409632908230837,-0.7655200204462744,28.519999362528324
21:05:56.925886,48,-1.9023507377373081,3.745036424539958,-0.5491626505509917,-0.7655200204462744,16.519999630749226
21:05:56.925886,48,-1.704979686666296,3.5295763398640885,-0.03919934765565788,-0.7655200204462744,26.519999407231808
21:05:56.925886,48,-1.7322300062292684,3.5859887909539108,-0.07965969110955572,-0.7655200204462744,59.239998675882816
21:05:56.925886,48,-1.7597360748651814,3.642930682883324,-0.08092460680972001,-0.7655200204462744,50.519998870790005
21:05:56.925886,48,-1.7803647587641682,3.6856353058074616,-0.3693783768771106,-0.904680024163099,32.87999926507473
21:05:56.925886,48,-1.8369631028807376,3.7076752731153744,-0.5409632908230837,-0.7655200204462744,27.759999379515648
21:05:56.925886,48,-1.8648058817585729,3.763872364182843,-0.5491626505509917,-0.7655200204462744,15.87999964505434
21:05:56.925886,48,-1.6693488220806463,3.5459174030335467,-0.07839477540939144,-0.7655200204462744,28.359999366104603
21:05:56.925886,48,-1.696284106008351,3.603131503988106,-0.07965969110955572,-0.7655200204462744,70.23999843001366
21:05:56.925886,48,-1.721410085038246,3.6565024023479324,-0.20224071354305342,-0.904680024163099,61.639998622238636
21:05:56.925886,48,-1.7434200033071934,3.703254376049828,-0.3693783768771106,-0.904680024163099,34.35999923199415
21:05:56.925886,48,-1.762447162185823,3.743670574812844,-0.5409632908230837,-0.7655200204462744,25.119999438524246
21:05:56.925886,48,-1.7891605058254716,3.800413245279394,-0.5491626505509917,-0.7655200204462744,14.51999967545271
21:05:56.925886,48,-1.6338067730843115,3.5624333182730656,-0.07839477540939144,-0.7655200204462744,28.879999354481697
21:05:56.925886,48,-1.6601685787979805,3.619913906890609,-0.07965969110955572,-0.7655200204462744,74.63999833166599
21:05:56.925886,48,-1.6847596014628854,3.673533392324915,-0.20224071354305342,-0.904680024163099,68.11999847739935
21:05:56.925886,48,-1.706300907310526,3.7205031239571795,-0.3693783768771106,-0.904680024163099,33.639999248087406
21:05:56.925886,48,-1.7225816338426492,3.756002427546328,-0.5823134321382296,-0.7655200204462744,21.519999518990517
21:05:56.925886,48,-1.7510675503453228,3.8181145326755637,-0.5491626505509917,-0.7655200204462744,12.879999712109566
21:05:56.925886,48,-1.5981013447794725,3.578592993165366,-0.07839477540939144,-0.7655200204462744,27.759999379515648
21:05:56.925886,48,-1.622182025844448,3.6325163296366605,-0.19907953100713394,-0.5566400148672983,69.35999844968319
21:05:56.925886,48,-1.647940643338871,3.6901970320403557,-0.20224071354305342,-0.6958000185841229,65.99999852478504
21:05:56.925886,48,-1.669011182652668,3.737379824669176,-0.3693783768771106,-0.904680024163099,30.759999312460423
21:05:56.925886,48,-1.6849361080438485,3.773040157856258,-0.5823134321382296,-0.7655200204462744,17.879999600350857
21:05:56.925886,48,-1.560595828177977,3.5906208546065552,-0.19591834847121448,-0.7655200204462744,25.239999435842037
21:05:56.925886,48,-1.5857763603545731,3.6485562548753983,-0.19907953100713394,-0.5566400148672983,57.879998706281185
21:05:56.925886,48,-1.6109568925311695,3.7064916551442413,-0.20224071354305342,-0.6958000185841229,56.639998733997345
21:05:56.925886,48,-1.6315545582748439,3.753882790529885,-0.3693783768771106,-0.5566400148672983,26.75999940186739
21:05:56.925886,48,-1.6471220900458845,3.789700587311457,-0.5823134321382296,-0.7655200204462744,14.6399996727705
21:05:56.925886,48,-1.5246121897305795,3.6060470229029105,-0.19591834847121448,-0.7655200204462744,22.239999502897263
21:05:56.925886,48,-1.5492121185572274,3.664231327545413,-0.19907953100713394,-0.5566400148672983,45.35999898612499
21:05:56.925886,48,-1.5738120473838753,3.722415632187915,-0.20224071354305342,-0.6958000185841229,44.99999899417162
21:05:56.925886,48,-1.5939347798081098,3.7700103712565474,-0.3693783768771106,-0.5566400148672983,22.519999496638775
21:05:56.925886,48,-1.6091433612188757,3.8059820498829398,-0.5823134321382296,-0.7655200204462744,11.999999731779099
21:05:56.925886,48,-1.488476091341531,3.621112589518124,-0.19591834847121448,-0.7655200204462744,18.999999575316906
21:05:56.925886,48,-1.5124929568459573,3.679539980152568,-0.19907953100713394,-0.5566400148672983,34.879999220371246
21:05:56.925886,48,-1.5356641145877141,3.7359099625126904,-0.2426443583270465,-0.6958000185841229,34.639999225735664
21:05:56.925886,48,-1.556155609198795,3.785760954104602,-0.3693783768771106,-0.5566400148672983,18.759999580681324
21:05:56.925886,48,-1.474810352205295,3.6924472090047384,-0.23885163482174915,-0.5566400148672983,26.99999939650297
21:05:56.925886,48,-1.4982288558836947,3.751079553439446,-0.2426443583270465,-0.6958000185841229,26.6399994045496
21:05:56.925886,48,-1.4006713806146853,3.7212029842224066,-0.23885163482174915,-0.5566400148672983,21.119999527931213
21:05:56.925886,48,-1.422912632061087,3.7802919414186826,-0.2426443583270465,-0.6958000185841229,20.75999953597784
21:05:56.925886,48,-1.3819202855825186,3.7857875171838784,-0.3636935584970444,-0.5566400148672983,16.519999630749226
21:05:56.925886,48,0.006740671211233655,0.09613797144236583,-0.23392532970821642,0.8349600223009475,5.239999882876873
21:05:56.981062,49,-2.0430842028757064,3.3158258183289298,-1.0978478437037653,-0.7655200204462744,23.999999463558197
21:05:56.981062,49,-2.0692070406078162,3.3156327631748668,-1.2708297564302886,-0.8349600223009475,18.519999586045742
21:05:56.981062,49,-2.1273856838084204,3.288075284416193,-1.441083526577444,-0.8349600223009475,9.879999779164791
21:05:56.981062,49,-1.9788020365351335,3.3176701295951516,-0.9714368127224269,-0.7655200204462744,21.519999518990517
21:05:56.981062,49,-2.008112774222403,3.3353917598791942,-1.1030905219413132,-0.7655200204462744,29.999999329447746
21:05:56.981062,49,-2.0337884678991265,3.3354488745005493,-1.2761394674571305,-0.7655200204462744,23.11999948322773
21:05:56.981062,49,-2.05598462042166,3.328484884686459,-1.4519112463363264,-0.8349600223009475,10.759999759495258
21:05:56.981062,49,-1.9132721414783096,3.2836345440508143,-0.9610074679672946,-0.8349600223009475,15.519999653100967
21:05:56.981062,49,-1.9441431779447644,3.3366166575485727,-0.9765135195869199,-0.7655200204462744,27.359999388456345
21:05:56.981062,49,-1.9729405359740766,3.3546189307168826,-1.108242426840007,-0.7655200204462744,38.1199991479516
21:05:56.981062,49,-1.9981665180475565,3.354921883597441,-1.2813572445188466,-0.7655200204462744,29.11999934911728
21:05:56.981062,49,-2.0199739033779576,3.3481704163179256,-1.4571859686395552,-0.8349600223009475,11.519999742507935
21:05:56.981062,49,-1.8789723050595344,3.301949830521634,-0.9659150341862954,-0.8349600223009475,19.999999552965164
21:05:56.981062,49,-1.9072852358732582,3.320774846652098,-1.095901234864911,-0.8349600223009475,35.63999920338392
21:05:56.981062,49,-1.9375710053250836,3.373505408141019,-1.113303043213673,-0.7655200204462744,48.99999890476465
21:05:56.981062,49,-1.9623447532182474,3.3740498431809454,-1.2864825658421017,-0.7655200204462744,36.23999918997288
21:05:56.981062,49,-1.9837611906362536,3.3675071326699255,-1.4623672261703429,-0.8349600223009475,11.879999734461308
21:05:56.981062,49,-1.844484572984458,3.319932895786687,-0.9707335820015024,-0.8349600223009475,26.519999407231808
21:05:56.981062,49,-1.8722778320768187,3.3390288862584416,-1.1007923900360368,-0.8349600223009475,47.51999893784523
21:05:56.981062,49,-1.9020077191988567,3.392049303519685,-1.1182718650049137,-0.7655200204462744,62.639998599886894
21:05:56.981062,49,-1.9263267555576704,3.3928308404711314,-1.291514918899058,-0.7655200204462744,43.359999030828476
21:05:56.981062,49,-1.9473501034374832,3.3864931000870238,-1.4674545008072781,-0.8349600223009475,11.639999739825726
21:05:56.981062,49,-1.7444863463613958,3.2673501183375637,-1.075040728094448,-0.904680024163099,16.519999630749226
21:05:56.981062,49,-1.7730956058175071,3.3209340672543592,-1.0926712009153396,-0.904680024163099,35.759999200701714
21:05:56.981062,49,-1.801704865273619,3.3745180161711548,-1.1103016737362315,-0.8349600223009475,64.11999856680632
21:05:56.981062,49,-1.8293067046398022,3.4157290661101753,-1.1664457693146146,-0.7655200204462744,77.63999826461077
21:05:56.981062,49,-1.8901161268354159,3.4112629973840036,-1.2964538004586261,-0.7655200204462744,48.119998924434185
21:05:56.981062,49,-1.91074428285986,3.4051264199883846,-1.4724472838271585,-0.8349600223009475,10.759999759495258
21:05:56.981062,49,-1.7100571071408135,3.2840344206996006,-1.0795112734386325,-0.904680024163099,18.639999583363533
21:05:56.981062,49,-1.7381017333226132,3.337891989146933,-1.097215062391765,-0.904680024163099,48.51999891549349
21:05:56.981062,49,-1.7661463595044131,3.3917495575942653,-1.1149188513448973,-0.8349600223009475,85.23999809473753
21:05:56.981062,49,-1.7932034480719166,3.4332245920779028,-1.171133681368825,-0.7655200204462744,89.11999800801277
21:05:56.981062,49,-1.815400802513758,3.433110519428189,-1.3446630635933086,-0.7655200204462744,48.119998924434185
21:05:56.981062,49,-1.873947389454774,3.42340522905763,-1.4773450759558657,-0.8349600223009475,9.519999787211418
21:05:56.981062,49,-1.6754568636422045,3.3003853334901687,-1.0838924873163769,-0.904680024163099,20.119999550282955
21:05:56.981062,49,-1.7029340521105703,3.3545110539395764,-1.1016681273819142,-0.904680024163099,63.63999857753515
21:05:56.981062,49,-1.7304112405789358,3.408636774388984,-1.1194437674474516,-0.8349600223009475,105.75999763607979
21:05:56.981062,49,-1.7569208726615713,3.450370518417283,-1.1757279184849452,-0.904680024163099,91.35999795794487
21:05:56.981062,49,-1.7786690994891912,3.4504686883910134,0.6506858290510196,-0.7655200204462744,43.359999030828476
21:05:56.981062,49,-1.8369631028807376,3.4413276994291673,0.5178526125817102,-0.7655200204462744,8.119999818503857
21:05:56.981062,49,-1.6406890758609305,3.316401221631688,0.9118160683900358,-0.904680024163099,20.87999953329563
21:05:56.981062,49,-1.6675960789200355,3.3707895997397332,0.8939700494169807,-0.8349600223009475,74.99999832361937
21:05:56.981062,49,-1.6935704134146763,3.412970593417391,0.8382198775196761,-0.8349600223009475,113.63999745994806
21:05:56.981062,49,-1.7204626066359097,3.4671651305500473,0.8197719787568867,-0.904680024163099,82.75999815016985
21:05:56.981062,49,-1.7417595310448462,3.467471194367962,0.6461300213051908,-0.7655200204462744,36.23999918997288
21:05:56.981062,49,-1.760054902921246,3.4604859592520585,0.4699103559736195,-0.7655200204462744,6.8799998462200165
21:05:56.981062,49,-1.6057572205466408,3.3320804835487623,0.9076148228214396,-0.904680024163099,20.51999954134226
21:05:56.981062,49,-1.631193030891061,3.3747036837251665,0.8523999813724581,-0.8349600223009475,74.1199983432889
21:05:56.981062,49,-1.657512663341025,3.4291552163771093,0.8338832208678173,-0.8349600223009475,102.35999771207571
21:05:56.981062,49,-1.6800405429605314,3.444290900632858,0.7005817565969903,-0.8349600223009475,68.35999847203493
21:05:56.981062,49,-1.7046757881066437,3.4841163371226807,0.6416699687461631,-0.7655200204462744,29.11999934911728
21:05:56.981062,49,-1.7225816338426492,3.4773059419150454,0.4654034552023667,-0.7655200204462744,5.879999868571758
21:05:56.981062,49,-1.5706647908556015,3.3474215513283374,0.9035041960988714,-0.904680024163099,18.999999575316906
21:05:56.981062,49,-1.5955447236522047,3.390287759903227,0.8482242407457619,-0.8349600223009475,61.75999861955643
21:05:56.981062,49,-1.6212891633897053,3.4449907448047266,0.8296401038139172,-0.8349600223009475,81.1199981868267
21:05:56.981062,49,-1.6433247157622777,3.4603416556985698,0.6962809697392232,-0.904680024163099,53.87999879568815
21:05:56.981062,49,-1.6674215790178095,3.500402452154841,0.6373061173754553,-0.7655200204462744,23.11999948322773
21:05:56.981062,49,-1.5345701906751006,3.3505778576880445,0.8627909932797544,-0.904680024163099,16.99999962002039
21:05:56.981062,49,-1.5597368632777324,3.405526726424356,0.8441409719729405,-0.8349600223009475,46.759998954832554
21:05:56.981062,49,-1.584903535880364,3.4604755951606667,0.8254909506661261,-0.8349600223009475,60.63999864459038
21:05:56.981062,49,-1.606444557469227,3.476036966494698,0.692075423886445,-0.904680024163099,41.879999063909054
21:05:56.981062,49,-1.6243615527117585,3.472097124574674,0.5180965717833188,-0.8349600223009475,18.519999586045742
21:05:56.981062,49,-1.4991866417020931,3.3652298998364683,0.8588649904186174,-0.8349600223009475,14.759999670088291
21:05:56.981062,49,-1.5237730305236807,3.420419059404668,0.8401505833774503,-0.8349600223009475,34.35999923199415
21:05:56.981062,49,-1.5448727323245095,3.4368023028171466,0.7084736773929916,-0.8349600223009475,44.99999899417162
21:05:56.981062,49,-1.5694037560663097,3.4913752635033153,0.6879655395897173,-0.904680024163099,32.75999926775694
21:05:56.981062,49,-1.484306828410311,3.396740800839657,0.7250934815542778,-0.904680024163099,25.51999942958355
21:05:56.981062,49,-1.5082564220064723,3.451547906873614,0.7045226046941522,-0.8349600223009475,33.87999924272299
21:05:56.981062,49,-1.5322060156026336,3.50635501290757,0.6839517278340268,-0.904680024163099,25.999999418854713
21:05:56.981062,49,-1.4481235187986252,3.4109034695763456,0.7212986059036126,-0.904680024163099,19.35999956727028
21:05:56.981062,49,-1.471489287309853,3.4659390931607086,0.7006664979503991,-0.8349600223009475,26.119999416172504
21:05:56.981062,49,-1.4117953980482985,3.4247159320860314,0.717597567728657,-0.904680024163099,14.999999664723873
21:05:56.981062,49,-1.4345750049173176,3.4799744225718587,0.6969057427691769,-0.7655200204462744,20.63999953866005
21:05:57.029502,50,-1.9623447532182474,3.3740498431809454,0.7135174341578983,-0.6263600167294499,9.759999781847
21:05:57.029502,50,-1.7752255213226733,3.3655460840594653,1.0576224937710226,-0.8349600223009475,23.639999471604824
21:05:57.029502,50,-1.7118544793802204,3.3174651227245997,1.0312371928921942,-0.8349600223009475,19.35999956727028
21:05:57.029502,50,-1.7381017333226132,3.337891989146933,0.9027849376082351,-0.904680024163099,27.519999384880066
21:05:57.029502,50,-1.794190985686213,3.4456071260415984,0.86737735970197,-0.8349600223009475,21.7599995136261
21:05:57.029502,50,-1.677217868957442,3.3338332213018975,1.0268513740967742,-0.8349600223009475,22.11999950557947
21:05:57.029502,50,-1.7029340521105703,3.3545110539395764,0.8983318726180858,-0.904680024163099,31.119999304413795
21:05:57.029502,50,-1.6137820728018253,3.2620128435236424,0.929662087363091,-0.8349600223009475,5.359999880194664
21:05:57.029502,50,-1.6406890758609305,3.316401221631688,0.9118160683900358,-0.8349600223009475,24.35999945551157
21:05:57.029502,50,-1.6666782201934425,3.3587760562847357,0.8566677762824653,-0.904680024163099,33.7599992454052
21:05:57.029502,50,-1.694503081979141,3.425177977847779,0.8761240304439255,-0.904680024163099,31.5199992954731
21:05:57.029502,50,-1.6057572205466408,3.3320804835487623,0.9076148228214396,-0.8349600223009475,25.51999942958355
21:05:57.029502,50,-1.631193030891061,3.3747036837251665,0.8523999813724581,-0.904680024163099,34.51999922841787
21:05:57.029502,50,-1.657512663341025,3.4291552163771093,0.8338832208678173,-0.904680024163099,30.119999326765537
21:05:57.029502,50,-1.5698002839147043,3.3355847750017267,0.8668083776776063,-0.8349600223009475,25.359999433159828
21:05:57.029502,50,-1.5919517819814972,3.3521658940660792,0.7370372918269505,-0.904680024163099,32.99999926239252
21:05:57.029502,50,-1.6176382488718877,3.4062537748823245,0.716659130783087,-0.904680024163099,27.639999382197857
21:05:57.029502,50,-1.5311145550523764,3.313037333628673,0.753407115055986,-0.904680024163099,23.999999463558197
21:05:57.029502,50,-1.5562245558579932,3.367370544584015,0.7329632179994723,-0.904680024163099,29.999999329447746
21:05:57.029502,50,-1.5813345566636101,3.421703755539357,0.7125193209429588,-0.904680024163099,24.639999449253082
21:05:57.029502,50,-1.4958106848409094,3.327656381444807,0.7494899529995409,-0.8349600223009475,21.519999518990517
21:05:57.029502,50,-1.5188937010850312,3.3688212648563733,0.6921748320263024,-0.904680024163099,25.999999418854713
21:05:57.029502,50,-1.46035723481415,3.3419336948057015,0.7456643584144032,-0.8349600223009475,18.759999580681324
21:05:57.029502,50,-1.4777629912950079,3.3410287709935926,0.578682036741397,-0.904680024163099,21.99999950826168
21:05:57.029502,50,-1.4417392023968696,3.3551290010245105,0.5749038914915194,-0.904680024163099,18.35999958962202
21:05:57.088280,51,-2.047829849032893,3.2895807185575734,1.077322550822896,-0.7655200204462744,18.11999959498644
21:05:57.088280,51,-1.9815916678737908,3.2566492130418663,1.0868013224184643,-0.7655200204462744,17.23999961465597
21:05:57.088280,51,-2.0135650538413974,3.3091959127165853,1.072066675388609,-0.7655200204462744,22.879999488592148
21:05:57.088280,51,-2.0430842028757064,3.3158258183289298,0.9021521562962347,-0.6958000185841229,19.119999572634697
21:05:57.088280,51,-1.9476728056284234,3.2756262609264013,1.0817164377630761,-0.7655200204462744,21.7599995136261
21:05:57.088280,51,-1.9788020365351335,3.3176701295951516,1.0285631872775731,-0.7655200204462744,29.23999934643507
21:05:57.088280,51,-2.008112774222403,3.3353917598791942,0.8969094780586868,-0.6958000185841229,23.519999474287033
21:05:57.088280,51,-1.8826835098792312,3.2411209392436433,1.0916169121296408,-0.7655200204462744,15.239999659359455
21:05:57.088280,51,-1.9132721414783096,3.2836345440508143,1.0389925320327054,-0.7655200204462744,27.99999937415123
21:05:57.088280,51,-1.9441431779447644,3.3366166575485727,1.02348648041308,-0.7655200204462744,37.75999915599823
21:05:57.088280,51,-1.9729405359740766,3.3546189307168826,0.8917575731599929,-0.6958000185841229,28.359999366104603
21:05:57.088280,51,-1.8486547034536631,3.248672196138856,1.0496702020158177,-0.6958000185841229,18.879999577999115
21:05:57.088280,51,-1.8789723050595344,3.301949830521634,1.0340849658137046,-0.7655200204462744,36.23999918997288
21:05:57.088280,51,-1.9072852358732582,3.320774846652098,0.9040987651350889,-0.6958000185841229,47.999998927116394
21:05:57.088280,51,-1.9375710053250836,3.373505408141019,0.886696956786327,-0.6958000185841229,33.2399992570281
21:05:57.088280,51,-1.8147234379739308,3.2663651009758436,1.0449294024529863,-0.6958000185841229,23.639999471604824
21:05:57.088280,51,-1.844484572984458,3.319932895786687,1.0292664179984976,-0.7655200204462744,46.51999896019697
21:05:57.088280,51,-1.8722778320768187,3.3390288862584416,0.8992076099639632,-0.6958000185841229,58.23999869823456
21:05:57.088280,51,-1.9009608383593164,3.3796962482261543,0.8432091951384266,-0.6958000185841229,36.75999917834997
21:05:57.088280,51,-1.9263267555576704,3.3928308404711314,0.708485081100942,-0.6958000185841229,5.879999868571758
21:05:57.088280,51,-1.7444863463613958,3.2673501183375637,0.9249592719055519,-0.6958000185841229,29.11999934911728
21:05:57.088280,51,-1.7730956058175071,3.3209340672543592,0.9073287990846604,-0.6958000185841229,57.11999872326851
21:05:57.088280,51,-1.801704865273619,3.3745180161711548,0.8896983262637685,-0.6958000185841229,64.51999855786562
21:05:57.088280,51,-1.8293067046398022,3.4157290661101753,0.8335542306853854,-0.6958000185841229,37.35999916493893
21:05:57.088280,51,-1.7100571071408135,3.2840344206996006,0.9204887265613675,-0.6958000185841229,34.639999225735664
21:05:57.088280,51,-1.7381017333226132,3.337891989146933,0.9027849376082351,-0.6958000185841229,64.11999856680632
21:05:57.088280,51,-1.7661463595044131,3.3917495575942653,0.8850811486551027,-0.6958000185841229,62.759998597204685
21:05:57.088280,51,-1.7932034480719166,3.4332245920779028,0.8288663186311751,-0.6958000185841229,34.759999223053455
21:05:57.088280,51,-1.6754568636422045,3.3003853334901687,0.9161075126836231,-0.6958000185841229,38.519999139010906
21:05:57.088280,51,-1.7029340521105703,3.3545110539395764,0.8983318726180858,-0.6958000185841229,63.23999858647585
21:05:57.088280,51,-1.7294588078658604,3.396438494374309,0.842649640107461,-0.6958000185841229,54.359998784959316
21:05:57.088280,51,-1.7529645346649325,3.4111295133245525,0.7094673235461464,-0.6958000185841229,30.119999326765537
21:05:57.088280,51,-1.6406890758609305,3.316401221631688,0.9118160683900358,-0.6958000185841229,38.87999913096428
21:05:57.088280,51,-1.6666782201934425,3.3587760562847357,0.8566677762824653,-0.6958000185841229,55.11999876797199
21:05:57.088280,51,-1.6935704134146763,3.412970593417391,0.8382198775196761,-0.6958000185841229,43.75999902188778
21:05:57.088280,51,-1.7165883675120281,3.427886306359625,0.7049773543846634,-0.6958000185841229,24.999999441206455
21:05:57.088280,51,-1.5794230935745595,3.277434968391063,0.9255297414592938,-0.6958000185841229,15.239999659359455
21:05:57.088280,51,-1.6048733984410966,3.320252151073223,0.8709167418770991,-0.6958000185841229,35.63999920338392
21:05:57.088280,51,-1.631193030891061,3.3747036837251665,0.8523999813724581,-0.6958000185841229,44.23999901115894
21:05:57.088280,51,-1.657512663341025,3.4291552163771093,0.8338832208678173,-0.6958000185841229,34.11999923735857
21:05:57.088280,51,-1.6800405429605314,3.444290900632858,0.7005817565969903,-0.6958000185841229,20.359999544918537
21:05:57.088280,51,-1.5698002839147043,3.3355847750017267,0.8668083776776063,-0.6958000185841229,30.35999932140112
21:05:57.088280,51,-1.5955447236522047,3.390287759903227,0.8482242407457619,-0.6958000185841229,34.35999923199415
21:05:57.088280,51,-1.6176382488718877,3.4062537748823245,0.716659130783087,-0.6958000185841229,26.359999410808086
21:05:57.088280,51,-1.6433247157622777,3.4603416556985698,0.6962809697392232,-0.6958000185841229,16.519999630749226
21:05:57.088280,51,-1.5345701906751006,3.3505778576880445,0.8627909932797544,-0.6958000185841229,24.759999446570873
21:05:57.088280,51,-1.5562245558579932,3.367370544584015,0.7329632179994723,-0.6958000185841229,26.519999407231808
21:05:57.088280,51,-1.5813345566636101,3.421703755539357,0.7125193209429588,-0.6958000185841229,20.75999953597784
21:05:57.088280,51,-1.4958106848409094,3.327656381444807,0.7494899529995409,-0.974120026017772,19.759999558329582
21:05:57.088280,51,-1.5203417085827093,3.382229342130976,0.7289818151962664,-0.6958000185841229,20.63999953866005
21:05:57.088280,51,-1.46035723481415,3.3419336948057015,0.7456643584144032,-0.974120026017772,15.87999964505434
21:05:57.144273,52,-2.0477306008258167,3.18483009843566,1.266393425572321,-0.6263600167294499,39.759999111294746
21:05:57.144273,52,-2.081833517089005,3.22772017081648,1.21629523048602,-0.7655200204462744,40.3599990978837
21:05:57.144273,52,-2.081889862955159,3.2696355381675515,1.0826668458012954,-0.6263600167294499,28.999999351799488
21:05:57.144273,52,-1.9824974744924075,3.214575504539648,1.218507796105067,-0.7655200204462744,47.999998927116394
21:05:57.144273,52,-2.0153123726125504,3.2373454884191775,1.0919737398420266,-0.6263600167294499,48.35999891906977
21:05:57.144273,52,-2.047829849032893,3.2895807185575734,1.077322550822896,-0.6263600167294499,33.99999924004078
21:05:57.144273,52,-1.9168778635827484,3.189559927537312,1.263161929734688,-0.7655200204462744,32.119999282062054
21:05:57.144273,52,-1.9493258367397786,3.2335649107641364,1.2134196000424686,-0.7655200204462744,57.999998703598976
21:05:57.144273,52,-1.9815916678737908,3.2566492130418663,1.0868013224184643,-0.6263600167294499,57.2399987205863
21:05:57.144273,52,-2.0135650538413974,3.3091959127165853,1.072066675388609,-0.6958000185841229,38.87999913096428
21:05:57.144273,52,-1.884537883787367,3.1988969292026437,1.2213993206104807,-0.7655200204462744,38.6399991363287
21:05:57.144273,52,-1.9162467074253626,3.2227733627111985,1.0965331304445778,-0.6263600167294499,69.2399984523654
21:05:57.144273,52,-1.9476728056284234,3.2756262609264013,1.0817164377630761,-0.6263600167294499,66.11999852210283
21:05:57.144273,52,-1.979098903831484,3.3284791591416045,1.066899745081575,-0.6958000185841229,42.75999904423952
21:05:57.144273,52,-2.008112774222403,3.3353917598791942,0.8969094780586868,-0.6263600167294499,8.239999815821648
21:05:57.144273,52,-1.851807842024208,3.1879671441033928,1.1065142298992139,-0.6958000185841229,46.11999896913767
21:05:57.144273,52,-1.8826835098792312,3.2411209392436433,1.0916169121296408,-0.6958000185841229,80.51999820023775
21:05:57.144273,52,-1.9135591777342544,3.294274734383894,1.076719594360068,-0.7655200204462744,73.11999836564064
21:05:57.144273,52,-1.9441431779447644,3.3366166575485727,1.02348648041308,-0.6958000185841229,44.63999900221825
21:05:57.144273,52,-1.8186098955933574,3.205694047861778,1.1017643203528502,-0.7655200204462744,53.63999880105257
21:05:57.144273,52,-1.8489320455594256,3.259143408222199,1.086787806121222,-0.7655200204462744,89.23999800533056
21:05:57.144273,52,-1.8789723050595344,3.301949830521634,1.0340849658137046,-0.7655200204462744,75.99999830126762
21:05:57.144273,52,-1.9072852358732582,3.320774846652098,0.9040987651350889,-0.6263600167294499,43.63999902456999
21:05:57.144273,52,-1.7852300896965805,3.2230994030956275,1.0971005694739637,-0.7655200204462744,59.75999866425991
21:05:57.144273,52,-1.8147234379739308,3.2663651009758436,1.0449294024529863,-0.5566400148672983,92.35999793559313
21:05:57.144273,52,-1.844484572984458,3.319932895786687,1.0292664179984976,-0.5566400148672983,73.63999835401773
21:05:57.144273,52,-1.8722778320768187,3.3390288862584416,0.8992076099639632,-0.6958000185841229,40.23999910056591
21:05:57.144273,52,-1.717680576291317,3.2466313653916137,1.0515265780610366,-0.5566400148672983,62.5199986025691
21:05:57.144273,52,-1.7463199057892544,3.300763284163465,1.0357124370467652,-0.5566400148672983,88.3599980250001
21:05:57.144273,52,-1.7730956058175071,3.3209340672543592,0.9073287990846604,-0.6958000185841229,66.87999850511551
21:05:57.144273,52,-1.801704865273619,3.3745180161711548,0.8896983262637685,-0.5566400148672983,35.23999921232462
21:05:57.144273,52,-1.6539678547772139,3.1763192838049354,0.9558963044676325,-0.5566400148672983,12.999999709427357
21:05:57.144273,52,-1.6820124809590136,3.230176852252268,0.9381925155144999,-0.6958000185841229,60.63999864459038
21:05:57.144273,52,-1.7100571071408135,3.2840344206996006,0.9204887265613675,-0.5566400148672983,78.75999823957682
21:05:57.144273,52,-1.7381017333226132,3.337891989146933,0.9027849376082351,-0.5566400148672983,57.759998708963394
21:05:57.144273,52,-1.7651742578852,3.3795605724439155,0.8471720656586257,-0.5566400148672983,29.999999329447746
21:05:57.144273,52,-1.6479796751738387,3.2462596130407606,0.9338831527491605,-0.5566400148672983,54.9999987706542
21:05:57.144273,52,-1.6754568636422045,3.3003853334901687,0.9161075126836231,-0.5566400148672983,66.75999850779772
21:05:57.144273,52,-1.7029340521105703,3.3545110539395764,0.8983318726180858,-0.5566400148672983,48.239998921751976
21:05:57.144273,52,-1.7294588078658604,3.396438494374309,0.842649640107461,-0.5566400148672983,25.119999438524246
21:05:57.144273,52,-1.6128938337509755,3.250386982019425,0.8935635738080439,-0.5566400148672983,47.23999894410372
21:05:57.144273,52,-1.639786026972209,3.3045815191520806,0.8751156750452544,-0.5566400148672983,54.9999987706542
21:05:57.144273,52,-1.6666782201934425,3.3587760562847357,0.8566677762824653,-0.5566400148672983,39.87999910861254
21:05:57.144273,52,-1.5749990855605525,3.2289429214261083,0.7818255019524734,-0.5566400148672983,39.35999912023544
21:05:57.144273,52,-1.601259449910547,3.2827799162277955,0.7615145656136024,-0.5566400148672983,44.75999899953604
21:05:57.144273,52,-1.631193030891061,3.3747036837251665,0.8523999813724581,-0.5566400148672983,32.75999926775694
21:05:57.144273,52,-1.5405788482007168,3.24399013243359,0.7777936139146777,-0.5566400148672983,32.359999276697636
21:05:57.144273,52,-1.566265315091107,3.298078013249835,0.7574154528708141,-0.5566400148672983,36.51999918371439
21:05:57.144273,52,-1.5045702017760114,3.2457424246906457,0.7382281357041309,-0.5566400148672983,26.6399994045496
21:05:57.144273,52,-1.5311145550523764,3.313037333628673,0.753407115055986,-0.5566400148672983,29.879999332129955
21:05:57.144273,52,-1.8129422127201456,3.470148338904853,-0.32256174738386534,-2.0874000557523686,5.239999882876873
21:05:57.144273,52,-1.646492133309952,3.4231153982967597,-0.2712572615364932,-2.15712005761452,4.999999888241291
21:05:57.144273,52,-1.6700227501391571,3.472036383201527,-0.30371662363154694,-2.15712005761452,6.239999860525131
21:05:57.194982,53,-2.0767076582004522,3.2836229160313612,0.8689519669141883,-0.5566400148672983,5.119999885559082
21:05:57.194982,53,-1.9173572468198223,3.180535033119531,1.226319375837455,-0.6263600167294499,30.63999931514263
21:05:57.194982,53,-1.884537883787367,3.1988969292026437,1.2213993206104807,-0.6263600167294499,36.23999918997288
21:05:57.194982,53,-1.851807842024208,3.1879671441033928,1.1065142298992139,-0.6263600167294499,42.119999058544636
21:05:57.194982,53,-1.8824011050118548,3.2306524305530555,1.054498583652331,-0.6263600167294499,31.359999299049377
21:05:57.194982,53,-1.8186098955933574,3.205694047861778,1.1017643203528502,-0.6263600167294499,47.23999894410372
21:05:57.194982,53,-1.8467136969696074,3.2153137236742553,0.9389023818326125,-0.6263600167294499,35.999999195337296
21:05:57.194982,53,-1.7554644898090601,3.1693598387761868,1.1121548436220516,-0.6263600167294499,25.63999942690134
21:05:57.194982,53,-1.7849623029634034,3.2127973061649993,1.0605923869074747,-0.6263600167294499,50.23999887704849
21:05:57.194982,53,-1.8128180578327422,3.2329880517359557,0.9341665599017173,-0.6263600167294499,39.99999910593033
21:05:57.194982,53,-1.8652553252412047,3.2749148670707293,0.71079976155205,-0.5566400148672983,15.119999662041664
21:05:57.194982,53,-1.7158770869052842,3.2137661694207686,0.9425897447264435,-0.6263600167294499,50.1199988797307
21:05:57.194982,53,-1.7444863463613958,3.2673501183375637,0.9249592719055519,-0.6263600167294499,42.35999905318022
21:05:57.194982,53,-1.6820124809590136,3.230176852252268,0.9381925155144999,-0.6263600167294499,46.999998949468136
21:05:57.194982,53,-1.7091158775117667,3.2722325331759423,0.8837835597135264,-0.6263600167294499,42.35999905318022
21:05:57.194982,53,-1.731582491843526,3.274601432242472,0.7174209600861925,-0.5566400148672983,31.239999301731586
21:05:57.194982,53,-1.6470726134787275,3.234642422245388,0.8977823158846807,-0.6263600167294499,41.75999906659126
21:05:57.194982,53,-1.6707638623672256,3.2511735451660613,0.7699834672152726,-0.5566400148672983,39.99999910593033
21:05:57.194982,53,-1.6965467169530093,3.291158162538542,0.712984597574061,-0.5566400148672983,30.759999312460423
21:05:57.194982,53,-1.6128938337509755,3.250386982019425,0.8935635738080439,-0.5566400148672983,35.759999200701714
21:05:57.194982,53,-1.6360934601265325,3.267144572359442,0.7657040433765108,-0.5566400148672983,35.999999195337296
21:05:57.194982,53,-1.6555937876272286,3.265348249359735,0.5989605713959554,-0.5566400148672983,28.999999351799488
21:05:57.194982,53,-1.5749990855605525,3.2289429214261083,0.7818255019524734,-0.5566400148672983,29.999999329447746
21:05:57.194982,53,-1.5997343745435362,3.2696309223670297,0.7252900181183197,-0.5566400148672983,31.119999304413795
21:05:57.194982,53,-1.6203445966016328,3.281169948307092,0.5947211599401225,-0.5566400148672983,26.359999410808086
21:05:57.194982,53,-1.5405788482007168,3.24399013243359,0.7777936139146777,-0.5566400148672983,24.879999443888664
21:05:57.194982,53,-1.5593601490532454,3.2434582541384187,0.6133145797587449,-0.904680024163099,26.359999410808086
21:05:57.194982,53,-1.5243643575451242,3.258351623627562,0.6093239134315505,-0.904680024163099,22.11999950557947
21:05:57.251283,54,-2.1747834481329935,3.183221169808125,-1.2294648198603118,-0.7655200204462744,7.999999821186066
21:05:57.251283,54,-2.044247072662041,3.232297289084868,-1.113368856490562,-0.5566400148672983,13.239999704062939
21:05:57.251283,54,-1.8856715099709718,3.0990091140177096,-0.8689947364919702,-0.6958000185841229,16.8799996227026
21:05:57.251283,54,-1.917644895938578,3.151555813692428,-0.8837293835218254,-0.6958000185841229,27.359999388456345
21:05:57.251283,54,-1.8531164995381113,3.106945082764656,-0.9097350582207577,-0.6958000185841229,20.999999530613422
21:05:57.251283,54,-1.884820609222302,3.1699204644959957,-0.8886501768739209,-0.6958000185841229,33.99999924004078
21:05:57.251283,54,-1.8187474198238722,3.0924421762774377,-1.0216288923069161,-0.6958000185841229,26.239999413490295
21:05:57.251283,54,-1.8515300685454,3.1776703170552967,-0.9299953647280438,-0.6958000185841229,42.23999905586243
21:05:57.251283,54,-1.8824011050118548,3.2306524305530555,-0.945501416347669,-0.6958000185841229,45.759998977184296
21:05:57.251283,54,-1.7861421580659567,3.1098526006964136,-1.0262940014698638,-0.6958000185841229,32.239999279379845
21:05:57.251283,54,-1.816427927517782,3.1625831621853346,-1.0436958098186258,-0.6958000185841229,51.99999883770943
21:05:57.251283,54,-1.8467136969696074,3.2153137236742553,-1.0610976181673875,-0.5566400148672983,52.63999882340431
21:05:57.251283,54,-1.7533582835886656,3.12694721721347,-1.030874490160529,-0.4872000130126253,38.1199991479516
21:05:57.251283,54,-1.7830881707107038,3.1799676344747128,-1.0483539651294056,-0.4872000130126253,61.87999861687422
21:05:57.251283,54,-1.8128180578327422,3.2329880517359557,-1.0658334400982827,-0.4872000130126253,59.119998678565025
21:05:57.251283,54,-1.657858646383372,3.26372045610739,-0.21990300829725967,-0.6958000185841229,12.519999720156193
21:05:57.251283,54,-1.68633914122887,3.319788187714116,-0.2236807408005598,-0.4872000130126253,41.63999906927347
21:05:57.251283,54,-1.7149326539110563,3.3760784103192814,-0.22747346430585713,-0.4872000130126253,69.2399984523654
21:05:57.251283,54,-1.7435261665932429,3.4323686329244465,-0.23126618781115446,-0.4872000130126253,63.879998572170734
21:05:57.251283,54,-1.802848157964555,3.462947853090693,-0.35232392173691185,-0.5566400148672983,35.759999200701714
21:05:57.251283,54,-1.6530574971383336,3.336485309675654,-0.2236807408005598,-0.4872000130126253,41.11999908089638
21:05:57.251283,54,-1.68108668732505,3.393058648148139,-0.22747346430585713,-0.4872000130126253,70.75999841839075
21:05:57.251283,54,-1.7052671896214495,3.4418639019473436,-0.3466391033568456,-0.4872000130126253,65.35999853909016
21:05:57.251283,54,-1.6159634141687544,3.3452986433452847,-0.33526946659671314,-0.4872000130126253,36.87999917566776
21:05:57.251283,54,-1.6433636382679901,3.4020214204223143,-0.3409542849767794,-0.4872000130126253,65.51999853551388
21:05:57.251283,54,-1.6707638623672256,3.458744197499344,-0.3466391033568456,-0.4872000130126253,63.11999858915806
21:05:57.251283,54,-1.5824301885362022,3.361290744269085,-0.33526946659671314,-0.4872000130126253,30.759999312460423
21:05:57.251283,54,-1.6077291273237113,3.4150290320004046,-0.3787180756011122,-0.4872000130126253,55.99999874830246
21:05:57.251283,54,-1.6345352080679383,3.471968688326759,-0.3850325393632765,-0.4872000130126253,57.879998706281185
21:05:57.251283,54,-1.5487387212105577,3.3769467189345503,-0.33526946659671314,-0.4872000130126253,24.759999446570873
21:05:57.251283,54,-1.5734990211527593,3.430935304939746,-0.3787180756011122,-0.4872000130126253,45.639998979866505
21:05:57.251283,54,-1.5942000058528945,3.4760727586654423,-0.4999664921835437,-0.904680024163099,50.75999886542559
21:05:57.251283,54,-1.79948762699529,3.632035814124169,-1.433827789958607,-2.226560059469193,6.8799998462200165
21:05:57.251283,54,-1.5148923813103266,3.3922650017573313,-0.33526946659671314,-0.4872000130126253,19.63999956101179
21:05:57.251283,54,-1.5337869256325887,3.4345751369321627,-0.4917671324556357,-0.4872000130126253,36.51999918371439
21:05:57.251283,54,-1.5572435501313473,3.487101037338155,-0.538182921015844,-0.4872000130126253,43.359999030828476
21:05:57.251283,54,-1.73714123960879,3.596155817148695,-1.4127347308319917,-2.226560059469193,5.359999880194664
21:05:57.251283,54,-1.4794841162976058,3.4039989253588465,-0.3724036118389479,-0.4872000130126253,15.639999650418758
21:05:57.251283,54,-1.499365058753466,3.4497410228977,-0.4917671324556357,-0.4872000130126253,28.999999351799488
21:05:57.251283,54,-1.5222952601927784,3.502498859361002,-0.538182921015844,-0.4872000130126253,36.51999918371439
21:05:57.251283,54,-1.4628050181605092,3.4598593113421834,-0.5293568187913669,-0.4872000130126253,23.23999948054552
21:05:57.251283,54,-1.480239148895396,3.5010949092581027,-0.652494041312329,-0.904680024163099,30.63999931514263
21:05:57.306490,55,-1.916992864978263,3.198028331222838,0.11189071744468106,-0.7655200204462744,20.51999954134226
21:05:57.306490,55,-1.8856715099709718,3.2183253270328778,-0.03730187923278515,-0.7655200204462744,25.51999942958355
21:05:57.306490,55,-1.91534410567379,3.2689683291486906,-0.18959598339937553,-0.5566400148672983,20.239999547600746
21:05:57.306490,55,-1.8533945110192411,3.237020812515921,-0.03730187923278515,-0.7655200204462744,31.999999284744263
21:05:57.306490,55,-1.8825592015353236,3.2879580035078306,-0.18959598339937553,-0.5566400148672983,25.63999942690134
21:05:57.306490,55,-1.8187474198238722,3.2514867787279704,-0.18643480086345607,-0.7655200204462744,40.11999910324812
21:05:57.306490,55,-1.849586043053913,3.306618884821274,-0.18959598339937553,-0.5566400148672983,32.99999926239252
21:05:57.306490,55,-1.8975072372972905,3.3922905552274294,-0.5081658519114517,-0.6263600167294499,11.879999734461308
21:05:57.306490,55,-1.7861421580659567,3.269511376419766,-0.18643480086345607,-0.7655200204462744,49.11999890208244
21:05:57.306490,55,-1.8113400623720228,3.315635832090096,-0.3409542849767794,-0.5566400148672983,42.75999904423952
21:05:57.306490,55,-1.8415410005412678,3.3709182800615465,-0.3466391033568456,-0.5566400148672983,29.639999337494373
21:05:57.306490,55,-1.7237459059018925,3.23169152189436,-0.18328611312016868,-0.7655200204462744,22.759999491274357
21:05:57.306490,55,-1.7484470782697243,3.2780014618040982,-0.33526946659671314,-0.7655200204462744,57.11999872326851
21:05:57.306490,55,-1.7780936911510488,3.333583150017786,-0.3409542849767794,-0.5566400148672983,54.359998784959316
21:05:57.306490,55,-1.8060185716748924,3.385936921724992,-0.3850325393632765,-0.5566400148672983,34.639999225735664
21:05:57.306490,55,-1.7155801890936941,3.295321742089683,-0.33526946659671314,-0.7655200204462744,60.63999864459038
21:05:57.306490,55,-1.7430078497281853,3.3480053572293773,-0.3787180756011122,-0.5566400148672983,65.23999854177237
21:05:57.306490,55,-1.7659388959788558,3.3920517828987116,-0.4999664921835437,-0.6263600167294499,38.99999912828207
21:05:57.306490,55,-1.6477641811732944,3.3258014278461356,-0.3724036118389479,-0.7655200204462744,57.51999871432781
21:05:57.306490,55,-1.70352729975957,3.3536254178795706,-0.4917671324556357,-0.7655200204462744,70.11999843269587
21:05:57.306490,55,-1.7319306480421042,3.409541275973911,-0.4999664921835437,-0.6263600167294499,41.75999906659126
21:05:57.306490,55,-1.6420636507358906,3.3142956356430924,-0.4835677727277277,-0.8349600223009475,49.51999889314175
21:05:57.306490,55,-1.6699064296137256,3.3704927267105615,-0.4917671324556357,-0.7655200204462744,65.51999853551388
21:05:57.306490,55,-1.6977492084915609,3.42668981777803,-0.4999664921835437,-0.6263600167294499,41.75999906659126
21:05:57.306490,55,-1.5754537567082831,3.346471881546995,-0.4835677727277277,-0.8349600223009475,39.99999910593033
21:05:57.306490,55,-1.5999923973716141,3.398595195634486,-0.5293568187913669,-0.7655200204462744,54.359998784959316
21:05:57.306490,55,-1.6266694816298861,3.4552608463854764,-0.538182921015844,-0.6263600167294499,38.99999912828207
21:05:57.306490,55,-1.5398179102903287,3.357495340367767,-0.5205307165668898,-0.8349600223009475,31.5199992954731
21:05:57.306490,55,-1.565927013654946,3.4144249242504183,-0.5293568187913669,-0.5566400148672983,42.23999905586243
21:05:57.306490,55,-1.6190615667306854,3.43910063020714,-0.652494041312329,-0.8349600223009475,34.35999923199415
21:05:57.306490,55,-1.506166526966347,3.3727253891309137,-0.5205307165668898,-0.8349600223009475,24.639999449253082
21:05:57.306490,55,-1.5245412712835507,3.4138715476518087,-0.6417932574624541,-0.8349600223009475,32.119999282062054
21:05:57.306490,55,-1.5499603395341597,3.4707919049442766,-0.652494041312329,-0.8349600223009475,29.11999934911728
21:05:57.306490,55,-1.465478295886547,3.371774316048866,-0.6310924736125793,-0.8349600223009475,19.519999563694
21:05:57.306490,55,-1.4903268991208676,3.428946013787648,-0.6417932574624541,-0.8349600223009475,24.51999945193529
21:05:57.306490,55,-1.515175502355188,3.4861177115264295,-0.652494041312329,-0.6263600167294499,24.119999460875988
21:05:57.306490,55,-1.4316878421383423,3.386260267131662,-0.6310924736125793,-0.8349600223009475,15.639999650418758
21:05:57.306490,55,-1.4533914790505849,3.437594197032477,-0.6791487040328399,-0.8349600223009475,18.999999575316906
21:05:57.306490,55,-1.4776242485378521,3.494910088152104,-0.6904723248395032,-0.6263600167294499,19.879999555647373
21:05:57.306490,55,-1.418943441812959,3.4519559909975963,-0.6791487040328399,-0.8349600223009475,14.999999664723873
21:05:57.306490,55,-1.4426018503261182,3.509511339997359,-0.6904723248395032,-0.6263600167294499,16.359999634325504
21:05:57.362271,56,-2.174081561599392,3.318355191239964,-0.3580087401169781,-0.7655200204462744,4.999999888241291
21:05:57.362271,56,-1.9780752176491625,3.0860722695988136,0.1100010008843929,-0.7655200204462744,34.639999225735664
21:05:57.362271,56,-2.0120567402374503,3.1390881678835565,0.11189071744468106,-0.7655200204462744,40.23999910056591
21:05:57.362271,56,-2.1067962725024922,3.2868950059396838,-0.35232392173691185,-0.904680024163099,8.759999804198742
21:05:57.362271,56,-1.9471161070534717,3.1056983893349153,0.1100010008843929,-0.7655200204462744,42.87999904155731
21:05:57.362271,56,-1.9496566023444384,3.179970768273228,-0.03730187923278515,-0.7655200204462744,48.87999890744686
21:05:57.362271,56,-2.014651899764577,3.213419650478781,-0.07586494400906285,-0.7655200204462744,43.87999901920557
21:05:57.362271,56,-1.885088186512551,3.144803268419561,0.07334011227553335,-0.7655200204462744,53.23999880999327
21:05:57.362271,56,-1.917759943351522,3.1993080117134474,-0.03730187923278515,-0.7655200204462744,59.51999866962433
21:05:57.362271,56,-1.947937477006366,3.2496517606953805,-0.18959598339937553,-0.7655200204462744,51.99999883770943
21:05:57.362271,56,-1.853824501023,3.1639711964509947,-0.03667188971689065,-0.7655200204462744,65.35999853909016
21:05:57.362271,56,-1.8853886568998663,3.2178425742322156,-0.07460002830889857,-0.7655200204462744,72.11999838799238
21:05:57.362271,56,-1.91534410567379,3.2689683291486906,-0.18959598339937553,-0.7655200204462744,61.359998628497124
21:05:57.362271,56,-1.8218193104835168,3.18187357824614,-0.07334011227553335,-0.8349600223009475,77.87999825924635
21:05:57.362271,56,-1.8511708083635536,3.2331370350824002,-0.18643480086345607,-0.7655200204462744,86.119998075068
21:05:57.362271,56,-1.8815230253213713,3.2861482841253373,-0.22747346430585713,-0.7655200204462744,71.23999840766191
21:05:57.362271,56,-1.7590389790530172,3.144742321730364,-0.07207519657536907,-0.6958000185841229,26.119999416172504
21:05:57.362271,56,-1.7880306883852546,3.1965725860974867,-0.18328611312016868,-0.6958000185841229,87.35999804735184
21:05:57.362271,56,-1.8187474198238722,3.2514867787279704,-0.18643480086345607,-0.7655200204462744,99.11999778449535
21:05:57.362271,56,-1.844405301104302,3.2973569533570393,-0.3409542849767794,-0.6263600167294499,80.63999819755554
21:05:57.362271,56,-1.755976095212755,3.214292767287819,-0.18328611312016868,-0.6958000185841229,90.11999798566103
21:05:57.362271,56,-1.7851590505932056,3.2677118102139704,-0.2236807408005598,-0.6958000185841229,107.8799975886941
21:05:57.362271,56,-1.8113400623720228,3.315635832090096,-0.3409542849767794,-0.6263600167294499,87.51999804377556
21:05:57.362271,56,-1.8397870756433239,3.367707741985774,-0.3850325393632765,-0.6263600167294499,44.11999901384115
21:05:57.362271,56,-1.7227971418443602,3.2299127720504837,-0.21990300829725967,-0.6958000185841229,84.75999810546637
21:05:57.362271,56,-1.7484470782697243,3.2780014618040982,-0.33526946659671314,-0.6263600167294499,109.11999756097794
21:05:57.362271,56,-1.7780936911510488,3.333583150017786,-0.3409542849767794,-0.6263600167294499,90.23999798297882
21:05:57.362271,56,-1.6866058436978353,3.239667223022154,-0.32960711785451274,-0.6958000185841229,73.87999834865332
21:05:57.362271,56,-1.7155801890936941,3.295321742089683,-0.33526946659671314,-0.6958000185841229,102.23999771475792
21:05:57.362271,56,-1.7430078497281853,3.3480053572293773,-0.3787180756011122,-0.6958000185841229,87.75999803841114
21:05:57.362271,56,-1.6214795102454815,3.2727491785613267,-0.32960711785451274,-0.6958000185841229,61.23999863117933
21:05:57.362271,56,-1.680939252892142,3.309157772350466,-0.3724036118389479,-0.6958000185841229,89.87999799102545
21:05:57.362271,56,-1.70352729975957,3.3536254178795706,-0.4917671324556357,-0.6263600167294499,80.87999819219112
21:05:57.362271,56,-1.5871584050372252,3.2856677401179235,-0.3661141064315747,-0.6958000185841229,49.63999889045954
21:05:57.362271,56,-1.6420636507358906,3.3142956356430924,-0.4835677727277277,-0.6263600167294499,75.75999830663204
21:05:57.362271,56,-1.6699064296137256,3.3704927267105615,-0.4917671324556357,-0.6263600167294499,71.51999840140343
21:05:57.362271,56,-1.5542229187235748,3.3013747772778395,-0.3661141064315747,-0.6958000185841229,39.99999910593033
21:05:57.362271,56,-1.5754537567082831,3.346471881546995,-0.4835677727277277,-0.6263600167294499,62.35999860614538
21:05:57.362271,56,-1.6021671003479316,3.4032145520135453,-0.4917671324556357,-0.6263600167294499,61.359998628497124
21:05:57.362271,56,-1.515869571910035,3.3052771956221805,-0.47540082153629365,-0.6263600167294499,32.359999276697636
21:05:57.362271,56,-1.5398179102903287,3.357495340367767,-0.5205307165668898,-0.6263600167294499,50.99999886006117
21:05:57.362271,56,-1.565927013654946,3.4144249242504183,-0.5293568187913669,-0.6263600167294499,51.879998840391636
21:05:57.362271,56,-1.506166526966347,3.3727253891309137,-0.5205307165668898,-0.6958000185841229,41.75999906659126
21:05:57.362271,56,-1.5317050385488469,3.4299132132345345,-0.5293568187913669,-0.6263600167294499,43.5199990272522
21:05:57.362271,56,-1.465478295886547,3.371774316048866,-0.6310924736125793,-0.6263600167294499,34.51999922841787
21:05:57.362271,56,-1.4903268991208676,3.428946013787648,-0.6417932574624541,-0.6263600167294499,36.51999918371439
21:05:57.417548,57,-1.9741896043789433,2.9385602269816338,1.3245324343574272,-0.7655200204462744,23.759999468922615
21:05:57.417548,57,-2.0088365223803217,2.990131795893007,1.3126780160647267,-0.7655200204462744,38.239999145269394
21:05:57.417548,57,-2.04385750724199,3.03260137645734,1.2646485425788652,-0.7655200204462744,50.87999886274338
21:05:57.417548,57,-2.1395593350830646,3.063200140356117,0.8144654321737856,-0.974120026017772,6.6399998515844345
21:05:57.417548,57,-1.9444450035458347,2.948891329544455,1.2844646838942777,-0.7655200204462744,30.119999326765537
21:05:57.417548,57,-1.978569905453236,3.000644208732492,1.2719070788044644,-0.7655200204462744,48.119998924434185
21:05:57.417548,57,-2.012861858106902,3.0236851909464613,1.151188247865715,-0.7655200204462744,61.75999861955643
21:05:57.417548,57,-1.9140122437726463,2.9675264019445393,1.2794714312937794,-0.7655200204462744,38.75999913364649
21:05:57.417548,57,-1.9476030524348606,3.019606325619065,1.2668261948979227,-0.7655200204462744,61.23999863117933
21:05:57.417548,57,-1.9496566023444384,3.0619614551558425,1.140932153781531,-0.7655200204462744,74.99999832361937
21:05:57.417548,57,-2.040360982275873,3.053817585584524,0.8228648372066147,-0.974120026017772,15.239999659359455
21:05:57.417548,57,-1.8528535180856203,2.9763758010874275,1.165171775099659,-0.7655200204462744,49.99999888241291
21:05:57.417548,57,-1.8853709945059631,3.0286110312258234,1.1505205860805285,-0.7655200204462744,77.75999826192856
21:05:57.417548,57,-1.917759943351522,3.080639798003989,1.1359273068994185,-0.7655200204462744,89.99999798834324
21:05:57.417548,57,-1.8218511150553935,2.994123409133389,1.1604163178561597,-0.7655200204462744,63.51999858021736
21:05:57.417548,57,-1.853824501023,3.0466701088081085,1.1456816708263042,-0.7655200204462744,96.63999783992767
21:05:57.417548,57,-1.8853886568998663,3.0888893392918657,1.0951029636615202,-0.7655200204462744,104.75999765843153
21:05:57.417548,57,-1.7906665284400096,3.0115706745864164,1.1557413371678895,-0.7655200204462744,76.2399982959032
21:05:57.417548,57,-1.8218193104835168,3.054472047387892,1.1056294102915158,-0.7655200204462744,113.51999746263027
21:05:57.417548,57,-1.8531164995381113,3.106945082764656,1.0902649417792423,-0.7655200204462744,115.87999740988016
21:05:57.417548,57,-1.8825592015353236,3.126852499963357,0.9658781922687825,-0.7655200204462744,73.99999834597111
21:05:57.417548,57,-1.7590389790530172,3.0189333920303913,1.1164615013892527,-0.7655200204462744,82.99999814480543
21:05:57.417548,57,-1.7899100155194723,3.0719155055281506,1.1009554497696272,-0.7655200204462744,121.11999729275703
21:05:57.417548,57,-1.8187474198238722,3.0924421762774377,0.9783711076930839,-0.7655200204462744,119.23999733477831
21:05:57.417548,57,-1.8485680155401394,3.1333161379117165,0.9249326119439343,-0.7655200204462744,71.99999839067459
21:05:57.417548,57,-1.697186527841721,2.9824946077600707,1.1275347813022638,-0.7655200204462744,15.239999659359455
21:05:57.417548,57,-1.7275041294475924,3.03577224214285,1.1119495451001509,-0.7655200204462744,79.35999822616577
21:05:57.417548,57,-1.755976095212755,3.0573304603991476,0.9910390250277172,-0.7655200204462744,114.8799974322319
21:05:57.417548,57,-1.7861421580659567,3.1098526006964136,0.9737059985301362,-0.7655200204462744,113.23999746888876
21:05:57.417548,57,-1.8154281505060854,3.151012027603213,0.9201910125917474,-0.7655200204462744,67.23999849706888
21:05:57.417548,57,-1.694016018779854,3.0211159495576285,1.004015370943356,-0.7655200204462744,67.87999848276377
21:05:57.417548,57,-1.7237459059018925,3.0741363668188715,0.9865358959744792,-0.7655200204462744,98.35999780148268
21:05:57.417548,57,-1.7523932206326058,3.1155596021118535,0.9336169776757977,-0.7655200204462744,100.3599977567792
21:05:57.417548,57,-1.7780936911510488,3.1317485962229425,0.8078686428995494,-0.6263600167294499,60.51999864727259
21:05:57.417548,57,-1.6301623886138512,3.0532261169348747,0.9954114775257947,-0.7655200204462744,54.239998787641525
21:05:57.417548,57,-1.657858646383372,3.0955967917193967,0.9428769930757395,-0.7655200204462744,79.11999823153019
21:05:57.417548,57,-1.68633914122887,3.148776312580621,0.924716586930473,-0.7655200204462744,84.63999810814857
21:05:57.417548,57,-1.744669512050648,3.1487623774137643,0.8033098139692689,-0.6263600167294499,53.119998812675476
21:05:57.417548,57,-1.5971099040778916,3.057788565389537,0.9569341930919943,-0.7655200204462744,42.119999058544636
21:05:57.417548,57,-1.6214795102454815,3.07592435503662,0.8345741550803196,-0.5566400148672983,61.99999861419201
21:05:57.417548,57,-1.6493350448137454,3.1287659214330494,0.8145532052596258,-0.5566400148672983,69.51999844610691
21:05:57.417548,57,-1.6773011172175973,3.181817176585021,0.7944528072253576,-0.6263600167294499,45.87999897450209
21:05:57.417548,57,-1.5647949648022494,3.0730595201719724,0.9528423530903887,-0.7655200204462744,32.75999926775694
21:05:57.417548,57,-1.5886714913505433,3.0914283226836683,0.8304198794698148,-0.5566400148672983,48.35999891906977
21:05:57.417548,57,-1.6159634141687544,3.1445362330604008,0.81032756299469,-0.5566400148672983,56.519998736679554
21:05:57.417548,57,-1.5288729708422955,3.0530340412999104,0.8465929532194061,-0.5566400148672983,25.63999942690134
21:05:57.417548,57,-1.555704606637461,3.1066146192999717,0.826350723555457,-0.5566400148672983,38.1199991479516
21:05:57.417548,57,-1.5809230465794846,3.1472801077416124,0.7711482479405531,-0.5566400148672983,45.87999897450209
21:05:57.417548,57,-1.5211320114201812,3.1089788034097334,0.7879224266401526,-0.5566400148672983,30.35999932140112
21:05:57.417548,57,-1.5419108243554183,3.122342908079727,0.662744542568021,-0.5566400148672983,37.63999915868044
21:05:57.467720,58,-2.005803052504704,3.0604189092531726,0.7813482080790672,-0.904680024163099,9.879999779164791
21:05:57.467720,58,-1.7571296936433893,2.9185193065098867,1.0347787555755086,-0.8349600223009475,8.359999813139439
21:05:57.467720,58,-1.8772861008517152,3.0787822386806583,0.8220609356290227,-0.8349600223009475,41.11999908089638
21:05:57.467720,58,-1.7522701213074745,2.942061796577694,0.8763278765749931,-0.8349600223009475,32.99999926239252
21:05:57.467720,58,-1.7510575573306448,3.0107632550411396,0.8520340192020324,-0.8349600223009475,63.35999858379364
21:05:57.467720,58,-1.781139124202778,3.06248541335257,0.8323130138737149,-0.7655200204462744,64.7599985525012
21:05:57.467720,58,-1.7189176456764685,3.0275220876495545,0.8475435035385193,-0.27832000743364915,62.5199986025691
21:05:57.467720,58,-1.7484470782697243,3.0795321473733046,0.8277453552592708,-0.7655200204462744,63.75999857485294
21:05:57.467720,58,-1.6866058436978353,3.0439696397971865,0.8431363952230924,-0.27832000743364915,59.119998678565025
21:05:57.467720,58,-1.7139462320939933,3.083619634264894,0.7882060203984227,-0.7655200204462744,60.51999864727259
21:05:57.467720,58,-1.6199351768400947,3.063464822038573,0.8001178611928801,-0.27832000743364915,53.99999879300594
21:05:57.467720,58,-1.6477641811732944,3.1160923450567557,0.779504983765694,-0.7655200204462744,55.63999875634909
21:05:57.467720,58,-1.5871584050372252,3.0789540233595583,0.795967542207519,-0.27832000743364915,48.119998924434185
21:05:57.467720,58,-1.6144243344168272,3.1318476366860706,0.7752833660971024,-0.27832000743364915,49.75999888777733
21:05:57.467720,58,-1.5542229187235748,3.0941258562068032,0.7919022618483997,-0.27832000743364915,41.999999061226845
21:05:57.467720,58,-1.5809230465794846,3.1472801077416124,0.7711482479405531,-0.27832000743364915,43.75999902188778
21:05:57.525748,59,-1.9695413727266253,2.9415649642126076,-0.07081028087520477,-0.8349600223009475,24.879999443888664
21:05:57.525748,59,-2.0026192980817785,2.9909677681653144,-0.18012493058424922,-0.904680024163099,29.519999340176582
21:05:57.525748,59,-1.9400277377567385,2.9611129722284275,-0.07081028087520477,-0.8349600223009475,31.119999304413795
21:05:57.525748,59,-1.9726099894347549,3.01084407979483,-0.18012493058424922,-0.904680024163099,36.23999918997288
21:05:57.525748,59,-2.0061243896734773,3.0619979490782083,-0.21990300829725967,-0.904680024163099,35.63999920338392
21:05:57.525748,59,-1.9083143491866776,2.977235618826219,-0.17696374804832976,-0.904680024163099,38.99999912828207
21:05:57.525748,59,-1.942403421441442,3.0304193095388525,-0.18012493058424922,-0.904680024163099,44.63999900221825
21:05:57.525748,59,-1.9754046158183935,3.081905759559387,-0.21990300829725967,-0.904680024163099,41.63999906927347
21:05:57.525748,59,-1.8784470749492361,2.996169583306988,-0.17696374804832976,-0.904680024163099,47.999998927116394
21:05:57.525748,59,-1.9120026147333324,3.04969149989081,-0.18012493058424922,-0.904680024163099,54.119998790323734
21:05:57.525748,59,-1.9444873031567238,3.1015053820466325,-0.21990300829725967,-0.904680024163099,47.8799989297986
21:05:57.525748,59,-1.8181520025597182,3.0331368055047236,-0.17696374804832976,-0.904680024163099,56.519998736679554
21:05:57.525748,59,-1.8496118621412154,3.085619798047871,-0.21611028479196234,-0.904680024163099,63.51999858021736
21:05:57.525748,59,-1.9090668915461808,3.1137672667561342,-0.32960711785451274,-0.904680024163099,53.99999879300594
21:05:57.525748,59,-1.755795209563887,2.9966620178237964,-0.1738025655124103,-0.974120026017772,21.119999527931213
21:05:57.525748,59,-1.786746252301511,3.049486979230837,-0.21231756128666499,-0.974120026017772,61.639998622238636
21:05:57.525748,59,-1.8186636992994833,3.1039613282914456,-0.21611028479196234,-0.904680024163099,70.51999842375517
21:05:57.525748,59,-1.846413898575099,3.151323325694853,-0.32960711785451274,-0.904680024163099,58.87999868392944
21:05:57.525748,59,-1.933917467416066,3.226262843244035,-0.4917671324556357,-0.974120026017772,7.639999829232693
21:05:57.525748,59,-1.7561625548719244,3.0672016704934197,-0.21231756128666499,-0.974120026017772,61.11999863386154
21:05:57.525748,59,-1.7835083979094717,3.1149621783194927,-0.3239222994744465,-0.974120026017772,72.51999837905169
21:05:57.525748,59,-1.8148088713189539,3.1696295916876136,-0.32960711785451274,-0.904680024163099,61.359998628497124
21:05:57.525748,59,-1.8442274693820724,3.221010241430115,-0.3724036118389479,-0.904680024163099,37.63999915868044
21:05:57.525748,59,-1.7254032426581651,3.084609644158658,-0.21231756128666499,-0.974120026017772,55.11999876797199
21:05:57.525748,59,-1.7522701213074745,3.1326412178459915,-0.3239222994744465,-0.974120026017772,68.87999846041203
21:05:57.525748,59,-1.7830223646961254,3.187618897376724,-0.32960711785451274,-0.904680024163099,61.11999863386154
21:05:57.525748,59,-1.6906556809921551,3.0947245479037844,-0.31823748109438027,-0.974120026017772,46.51999896019697
21:05:57.525748,59,-1.7208566191613999,3.1500069958752355,-0.3239222994744465,-0.974120026017772,60.99999863654375
21:05:57.525748,59,-1.7493898108907706,3.2022366543844765,-0.3661141064315747,-0.974120026017772,57.999998703598976
21:05:57.525748,59,-1.65962441991382,3.1114760876302823,-0.31823748109438027,-0.974120026017772,37.75999915599823
21:05:57.525748,59,-1.6892710327951443,3.16705777584397,-0.3239222994744465,-0.974120026017772,51.639998845756054
21:05:57.525748,59,-1.717280510008362,3.219570150047573,-0.3661141064315747,-0.974120026017772,52.999998815357685
21:05:57.525748,59,-1.6284271977839282,3.1279164823548142,-0.31823748109438027,-0.974120026017772,30.35999932140112
21:05:57.525748,59,-1.6559378648794991,3.180759538013622,-0.3597996426694104,-0.974120026017772,42.75999904423952
21:05:57.525748,59,-1.6849994825136911,3.2365816913930234,-0.3661141064315747,-0.974120026017772,46.999998949468136
21:05:57.525748,59,-1.5640563030599401,3.1568477731107047,-0.35348517890724607,-0.974120026017772,24.35999945551157
21:05:57.525748,59,-1.6240480041346506,3.197159603659561,-0.3597996426694104,-0.974120026017772,35.11999921500683
21:05:57.578752,60,-2.01691392895638,2.7828744327077977,1.4702118406976534,-0.904680024163099,19.35999956727028
21:05:57.578752,60,-1.962660727395399,2.798058117647623,1.3582515771893289,-0.904680024163099,23.23999948054552
21:05:57.578752,60,-1.933874940822733,2.8168770962270075,1.3532090470766045,-0.904680024163099,27.87999937683344
21:05:57.578752,60,-1.9690489422625714,2.8681114531892957,1.3414449844533394,-0.904680024163099,25.63999942690134
21:05:57.578752,60,-1.9048957683761862,2.8354170891588875,1.3482412709428284,-0.904680024163099,32.63999927043915
21:05:57.578752,60,-1.9395426863775647,2.886988658070261,1.3363868526501277,-0.904680024163099,29.35999934375286
21:05:57.578752,60,-2.0613866399150154,2.9118582635941475,0.7106551312561671,-1.0438400278799236,4.999999888241291
21:05:57.578752,60,-1.876195199731032,2.84538557116838,1.309579894073904,-0.904680024163099,36.999999172985554
21:05:57.578752,60,-1.9103201016384335,2.8971384503564175,1.297022288984091,-0.904680024163099,32.99999926239252
21:05:57.578752,60,-1.8132398177860038,2.811286630920961,1.3174071404813503,-0.904680024163099,15.119999662041664
21:05:57.578752,60,-1.846830626448218,2.863366554595487,1.3047619040854934,-0.904680024163099,39.639999113976955
21:05:57.578752,60,-1.8506123221636805,2.9064111044415384,1.184573560351707,-0.904680024163099,35.879999198019505
21:05:57.578752,60,-1.9647376222131734,2.9018667722428853,0.7218209451158373,-1.1132800297345966,8.879999801516533
21:05:57.578752,60,-1.7878185652449345,2.871905340810635,1.1944741531379202,-0.904680024163099,39.87999910861254
21:05:57.578752,60,-1.8203360416652774,2.924140570949031,1.1798229641187896,-0.904680024163099,37.239999167621136
21:05:57.578752,60,-1.7579043431201804,2.889030009783952,1.1898856119158698,-0.974120026017772,37.51999916136265
21:05:57.578752,60,-1.8186636992994833,2.942262953252539,0.9878891875692142,-0.8349600223009475,25.359999433159828
21:05:57.578752,60,-1.8695555113698612,2.88957442769597,0.7335697189453319,-1.1132800297345966,20.87999953329563
21:05:57.578752,60,-1.7278143320338881,2.905864878156011,1.1853747225308924,-0.974120026017772,33.359999254345894
21:05:57.578752,60,-1.6972969061201075,2.912969165034874,1.1474736046285035,-0.974120026017772,28.639999359846115
21:05:57.578752,60,-1.6651187868572788,2.899138775932384,1.0432444500740028,-0.974120026017772,23.999999463558197
21:05:57.633847,61,-2.887738389677795,2.1536243400890647,0.1081037854488655,-0.974120026017772,5.119999885559082
21:05:57.633847,61,-2.8440912468794712,2.210944545859652,0.1081037854488655,-0.974120026017772,5.519999876618385
21:05:57.633847,61,-2.2744648805490817,2.87087783577537,-0.18328611312016868,-0.974120026017772,26.359999410808086
21:05:57.633847,61,-2.2153762420918954,2.9141850684156503,-0.21990300829725967,-0.974120026017772,30.35999932140112
21:05:57.633847,61,-2.1861241098700774,2.9361927530812237,-0.21990300829725967,-0.974120026017772,34.35999923199415
21:05:57.633847,61,-2.1566533670688095,2.957906820931434,-0.21990300829725967,-0.974120026017772,37.87999915331602
21:05:57.633847,61,-2.1221773311446226,2.9726160806763544,-0.32960711785451274,-0.974120026017772,40.11999910324812
21:05:57.633847,61,-2.0923455584582173,2.9936888702602236,-0.32960711785451274,-0.974120026017772,40.23999910056591
21:05:57.633847,61,-2.1282901409608743,3.0451177062616943,-0.33526946659671314,-1.0438400278799236,13.759999692440033
21:05:57.633847,61,-1.997009905728481,2.98258998425812,-0.3239222994744465,-1.0438400278799236,52.23999883234501
21:05:57.633847,61,-2.0320573187521562,3.0349342729663125,-0.32960711785451274,-1.0438400278799236,38.239999145269394
21:05:57.633847,61,-2.0669662044516275,3.0870716672527334,-0.33526946659671314,-1.0438400278799236,12.639999717473984
21:05:57.633847,61,-2.0016068805059617,3.0551027615828175,-0.32960711785451274,-1.0438400278799236,34.639999225735664
21:05:57.633847,61,-2.0359926555340824,3.1075866320524383,-0.33526946659671314,-1.0438400278799236,11.239999748766422
21:05:57.633847,61,-1.8731936877792523,2.922442505656219,-0.20852483778136766,-1.0438400278799236,21.99999950826168
21:05:57.633847,61,-1.969079100336672,3.072037076232846,-0.3661141064315747,-1.0438400278799236,30.119999326765537
21:05:57.633847,61,-1.777780455596947,2.8356038335555227,-0.16748020044057135,-1.0438400278799236,5.119999885559082
21:05:57.633847,61,-1.8438760915474828,2.941028009016883,-0.20852483778136766,-1.0438400278799236,24.51999945193529
21:05:57.633847,61,-1.9382607891344141,3.0915739380509675,-0.3661141064315747,-1.0438400278799236,25.75999942421913
21:05:57.633847,61,-1.7522301055259837,2.9231624293798397,-0.2047321142760703,-0.974120026017772,16.759999625384808
21:05:57.633847,61,-1.8102883946695327,2.9526554421281492,-0.31255266271431403,-1.1132800297345966,26.239999413490295
21:05:57.633847,61,-1.841459041461342,3.003496059653785,-0.35348517890724607,-1.1132800297345966,34.879999220371246
21:05:57.633847,61,-1.9072486534771185,3.110801645065408,-0.3661141064315747,-1.1132800297345966,21.87999951094389
21:05:57.633847,61,-1.75087717834751,2.988268284164933,-0.31255266271431403,-1.1132800297345966,26.87999939918518
21:05:57.633847,61,-1.689155311468064,3.019806985066903,-0.3471707151450818,-1.1132800297345966,24.51999945193529
21:05:57.689225,62,-1.897181725437212,2.692779612918967,1.101810918135576,-0.8349600223009475,26.519999407231808
21:05:57.689225,62,-1.868752401894454,2.7109678292496127,1.096937400258017,-0.8349600223009475,31.87999928742647
21:05:57.689225,62,-1.898040200956979,2.7174179816552027,0.9482917194858009,-0.974120026017772,23.999999463558197
21:05:57.689225,62,-1.992782431851414,2.8149498397695103,0.7535653170157319,-0.7655200204462744,5.239999882876873
21:05:57.689225,62,-1.7740866092060765,2.6650012697632137,1.2518783357470689,-0.8349600223009475,5.999999865889549
21:05:57.689225,62,-1.8391233784328722,2.7185308966431383,1.0596175603704046,-0.8349600223009475,38.1199991479516
21:05:57.689225,62,-1.8671954656543124,2.723969107045827,0.9106971056341071,-0.974120026017772,28.759999357163906
21:05:57.689225,62,-1.8062623928788226,2.7034411594171157,0.9579221547760897,-0.8349600223009475,44.359999008476734
21:05:57.689225,62,-1.837971748371375,2.7418638392825967,0.9059022265824934,-0.8349600223009475,33.99999924004078
21:05:57.689225,62,-1.8956646618441226,2.7904407311214756,0.7316493979167307,-0.7655200204462744,12.759999714791775
21:05:57.689225,62,-1.7197695199875729,2.7192438877106366,1.0633530312935735,-0.8349600223009475,30.119999326765537
21:05:57.689225,62,-1.7773622290439832,2.720748881131713,0.9532845647198409,-0.8349600223009475,49.239998899400234
21:05:57.689225,62,-1.802307408420801,2.72279604725297,0.8037236567627546,-0.974120026017772,39.23999912291765
21:05:57.689225,62,-1.7173943607328537,2.7430266166717554,0.9121278752451225,-0.8349600223009475,51.11999885737896
21:05:57.689225,62,-1.7728214031736838,2.7400627370134942,0.7990970611854635,-0.904680024163099,43.359999030828476
21:05:57.689225,62,-1.6821580374489937,2.7232876869256515,0.8120805241304094,-0.904680024163099,49.11999890208244
21:05:57.689225,62,-1.7133205170180497,2.773737403905383,0.7900739613863947,-0.904680024163099,44.99999899417162
21:05:57.689225,62,-1.6526949196281313,2.7393939237750966,0.8077648709734961,-0.904680024163099,43.99999901652336
21:05:57.689225,62,-1.6810267416301006,2.777277937650309,0.7534512645951987,-0.904680024163099,43.5199990272522
21:05:57.689225,62,-1.7116018505900155,2.8277920511100887,0.7307785952884112,-0.974120026017772,27.119999393820763
21:05:57.689225,62,-1.6208634628586778,2.742563194182523,0.7718905054717111,-0.904680024163099,37.51999916136265
21:05:57.689225,62,-1.6508904421442634,2.793369995685648,0.7491394106400748,-0.904680024163099,39.519999116659164
21:05:57.689225,62,-1.5911132080588446,2.7580759792085927,0.7677338672516183,-0.904680024163099,30.999999307096004
21:05:57.689225,62,-1.6205890549973296,2.809170159683058,0.7449057694566896,-0.904680024163099,34.11999923735857
21:05:57.689225,62,-1.55390211042751,2.7335618207574637,0.6695368576426235,-0.904680024163099,25.359999433159828
21:05:57.689225,62,-1.5826886106792606,2.7842018691320436,0.6448896309444896,-0.904680024163099,28.639999359846115
21:05:57.689225,62,-1.5522093756382211,2.799342389603667,0.6408327407111312,-0.904680024163099,23.639999471604824
21:05:57.689225,62,-0.03870288207382973,0.08143698211306888,1.7636123714234948,3.1312400836322922,5.119999885559082
21:05:57.746179,63,-2.2340063094387737,2.667794009729484,1.06143291933364,-0.5566400148672983,14.879999667406082
21:05:57.746179,63,-2.17716708064604,2.7104040921398123,1.0500155821623691,-0.5566400148672983,16.119999639689922
21:05:57.746179,63,-2.1435815298283205,2.6971149959719716,0.9419611739858835,-0.6263600167294499,16.8799996227026
21:05:57.746179,63,-2.114684295836023,2.7176810115770973,0.9364505267129641,-0.6263600167294499,16.759999625384808
21:05:57.746179,63,-2.151796887875875,2.765376162515569,0.9177852924772802,-0.6263600167294499,8.999999798834324
21:05:57.746179,63,-1.9813201200727302,2.636580222659402,1.116869499370748,-0.8349600223009475,26.75999940186739
21:05:57.746179,63,-2.0489738592270292,2.6899157109389313,0.9497755736554081,-0.6263600167294499,29.879999332129955
21:05:57.746179,63,-2.0855755951858255,2.7379668777021555,0.9310149452669891,-0.5566400148672983,15.87999964505434
21:05:57.746179,63,-1.8897523277035857,2.6247751709544445,1.1233053504230648,-0.8349600223009475,23.23999948054552
21:05:57.746179,63,-1.925421332396887,2.674317704396065,1.106757771615025,-0.8349600223009475,31.999999284744263
21:05:57.746179,63,-2.0562583387234077,2.75797056577753,0.9256549732015484,-0.5566400148672983,14.239999681711197
21:05:57.746179,63,-1.8620358678890232,2.6428950671132627,1.1184501388803736,-0.8349600223009475,28.11999937146902
21:05:57.746179,63,-1.897181725437212,2.692779612918967,1.101810918135576,-0.8349600223009475,37.87999915331602
21:05:57.746179,63,-1.995107908762859,2.7850938035849673,0.8812443647087842,-0.5566400148672983,12.359999723732471
21:05:57.746179,63,-1.834133206047687,2.6607463413093506,1.1136669043756653,-0.8349600223009475,33.639999248087406
21:05:57.746179,63,-1.868752401894454,2.7109678292496127,1.096937400258017,-0.8349600223009475,43.99999901652336
21:05:57.746179,63,-1.9023239662116076,2.7506579910686897,1.0470826150600039,-0.904680024163099,41.999999061226845
21:05:57.746179,63,-1.806047132422384,2.6783272084302445,1.1089561252283828,-0.8349600223009475,39.11999912559986
21:05:57.746179,63,-1.8391233784328722,2.7185308966431383,1.0596175603704046,-0.8349600223009475,49.239998899400234
21:05:57.746179,63,-1.7768019504746555,2.6854684757431793,1.072403125654282,-0.904680024163099,43.359999030828476
21:05:57.746179,63,-1.8103390210110692,2.736156593048687,1.0548947692525017,-0.904680024163099,51.99999883770943
21:05:57.746179,63,-1.688238154745665,2.677912034896163,1.1123400676229247,-0.904680024163099,17.999999597668648
21:05:57.746179,63,-1.7197695199875729,2.7192438877106366,1.0633530312935735,-0.904680024163099,45.11999899148941
21:05:57.746179,63,-1.7522301055259837,2.7705695146571294,1.045673854698324,-0.904680024163099,51.51999884843826
21:05:57.746179,63,-1.6909939113075938,2.7357167470447443,1.058939141937968,-0.904680024163099,43.5199990272522
21:05:57.746179,63,-1.719031604938314,2.7545225772053747,0.944234930131489,-0.904680024163099,47.75999893248081
21:05:57.746179,63,-1.6583065042715426,2.71965184705915,0.9594638711724937,-0.904680024163099,39.23999912291765
21:05:57.746179,63,-1.689606977681025,2.770985174223128,0.9398237905552631,-0.904680024163099,42.119999058544636
21:05:57.746179,63,-1.6292611477528711,2.7355297115238217,0.955209410211654,-0.904680024163099,33.7599992454052
21:05:57.746179,63,-1.6600133911415218,2.7871627327872894,0.9354890268024889,-0.904680024163099,35.999999195337296
21:05:57.746179,63,-1.6000528664844202,2.7511262301841595,0.9510303356318794,-0.904680024163099,28.239999368786812
21:05:57.746179,63,-1.6302538046536652,2.8030536351555555,0.9312310723459101,-0.904680024163099,30.119999326765537
21:05:57.746179,63,-1.570684581269847,2.7664398434013657,0.9469270653371265,-0.904680024163099,23.35999947786331
21:05:57.746179,63,-1.598807002875738,2.8070992493306313,0.8949596650672409,-0.904680024163099,25.119999438524246
21:05:57.797182,64,-2.0535982728834803,2.7235866802577546,1.0504098346259299,-0.5566400148672983,11.519999742507935
21:05:57.797182,64,-2.0855755951858255,2.7379668777021555,0.9310149452669891,-0.5566400148672983,4.999999888241291
21:05:57.797182,64,-1.9312640138411101,2.7321430290045052,1.052043684192995,-0.7655200204462744,22.99999948590994
21:05:57.797182,64,-1.834133206047687,2.6607463413093506,1.1136669043756653,-0.8349600223009475,28.239999368786812
21:05:57.797182,64,-1.868752401894454,2.7109678292496127,1.096937400258017,-0.8349600223009475,30.63999931514263
21:05:57.797182,64,-1.806047132422384,2.6783272084302445,1.1089561252283828,-0.8349600223009475,31.5199992954731
21:05:57.797182,64,-1.777780455596947,2.6956359104039604,1.104318272512495,-0.8349600223009475,34.11999923735857
21:05:57.797182,64,-1.8103390210110692,2.736156593048687,1.0548947692525017,-0.8349600223009475,33.7599992454052
21:05:57.797182,64,-1.6557596927921516,2.626394146915878,1.1294169410843649,-0.8349600223009475,6.6399998515844345
21:05:57.797182,64,-1.6873089344491625,2.6679182607641434,1.0810322078888233,-0.8349600223009475,22.359999500215054
21:05:57.797182,64,-1.7197695199875729,2.7192438877106366,1.0633530312935735,-0.8349600223009475,35.35999920964241
21:05:57.797182,64,-1.6871860315291176,2.70349422456329,0.9637932930718662,-0.8349600223009475,35.11999921500683
21:05:57.797182,64,-1.6583065042715426,2.71965184705915,0.9594638711724937,-0.8349600223009475,33.2399992570281
21:05:57.797182,64,-1.6277094029416197,2.7242162057739225,0.9237053235795258,-0.8349600223009475,30.35999932140112
21:05:57.852080,65,-2.271634783722737,2.752375475378951,-0.5029133978974789,-0.4872000130126253,5.759999871253967
21:05:57.852080,65,-2.180202858819917,2.751898311733519,-0.4590021020804777,-0.4872000130126253,10.639999762177467
21:05:57.852080,65,-2.040459111756318,2.798543343429719,-0.31255266271431403,-0.4872000130126253,16.759999625384808
21:05:57.852080,65,-1.925421332396887,2.8143806389741,-0.1706413829764908,-0.7655200204462744,37.87999915331602
21:05:57.852080,65,-1.834133206047687,2.7994834937271014,-0.16748020044057135,-0.8349600223009475,37.63999915868044
21:05:57.852080,65,-1.7055706901940262,2.660927331723866,-0.06322078667421904,-0.7655200204462744,7.759999826550484
21:05:57.852080,65,-1.7106693760287544,2.728560000387879,-0.1611578353687324,-0.8349600223009475,22.879999488592148
21:05:57.852080,65,-1.7442249158128507,2.7820819169717006,-0.1643190179046519,-0.8349600223009475,30.51999931782484
21:05:57.852080,65,-2.382150948899298,6.328727310771587,0.20292706284903922,0.06972000186215155,4.999999888241291
21:05:57.852080,65,0.13374803784105896,0.10613591333528481,-0.18669664259080943,0.4872000130126253,6.239999860525131
21:05:57.914543,66,-2.7307794987757696,1.6029327434331357,0.608975522329036,-0.6958000185841229,5.119999885559082
21:05:57.914543,66,-2.6981768441540566,1.6572241153733498,0.608975522329036,-0.6958000185841229,5.519999876618385
21:05:57.914543,66,-2.7529082466303394,1.7289900570272643,0.491315232477032,-0.6958000185841229,5.239999882876873
21:05:57.914543,66,-2.816245386260905,1.8082904560776265,-0.16748020044057135,-0.6263600167294499,5.119999885559082
21:05:57.914543,66,-2.6644949548181365,1.7108526197930727,0.608975522329036,-0.6958000185841229,5.879999868571758
21:05:57.914543,66,-2.7177801882642902,1.7836987637890513,0.491315232477032,-0.6958000185841229,5.639999873936176
21:05:57.914543,66,-2.7795187586759247,1.8642499616054473,-0.16748020044057135,-0.6263600167294499,5.519999876618385
21:05:57.914543,66,-2.6478684936050962,1.7759508627641236,0.4818632703588137,-0.6958000185841229,6.239999860525131
21:05:57.914543,66,-2.6998076104357747,1.810786927912156,0.491315232477032,-0.6958000185841229,5.999999865889549
21:05:57.914543,66,-2.7416803606969284,1.9194637920382935,-0.16748020044057135,-0.6263600167294499,5.879999868571758
21:05:57.914543,66,-2.611822289007865,1.828549522714896,0.4818632703588137,-0.6958000185841229,6.7599998489022255
21:05:57.914543,66,-2.6630543435216647,1.8644173339450765,0.491315232477032,-0.6958000185841229,6.5199998542666435
21:05:57.914543,66,-2.702745327177926,1.9739098625811544,-0.16748020044057135,-0.6263600167294499,6.359999857842922
21:05:57.914543,66,-2.574731390365563,1.8804167872696123,0.4818632703588137,-0.6958000185841229,7.239999838173389
21:05:57.914543,66,-2.6252358904246798,1.9173019979363215,0.491315232477032,-0.6958000185841229,6.9999998435378075
21:05:57.914543,66,-2.68287142184245,2.0008381701272935,-0.16748020044057135,-0.6263600167294499,6.8799998462200165
21:05:57.914543,66,-2.736794125327913,2.0410527709806123,-0.034141931819727016,-0.41748001115047373,4.999999888241291
21:05:57.914543,66,-2.486853889063749,1.8936440537035064,0.4724113082405954,-0.6958000185841229,5.239999882876873
21:05:57.914543,66,-2.5366106335424456,1.931531910214933,0.4818632703588137,-0.6958000185841229,7.879999823868275
21:05:57.914543,66,-2.5863673780211434,1.9694197667263593,0.491315232477032,-0.6958000185841229,7.519999831914902
21:05:57.914543,66,-2.642320770690229,2.0540918659972975,-0.16748020044057135,-0.6263600167294499,7.35999983549118
21:05:57.914543,66,-2.6954284516142595,2.095376806349008,-0.034141931819727016,-0.41748001115047373,5.359999880194664
21:05:57.914543,66,-2.6007132265074504,2.106523952545157,-0.16748020044057135,-0.6263600167294499,7.999999821186066
21:05:57.914543,66,-2.325267125367817,2.6511826520918955,-0.31823748109438027,-0.4872000130126253,14.759999670088291
21:05:57.914543,66,-2.257577854392474,2.6265301184568295,-0.31255266271431403,-0.41748001115047373,16.519999630749226
21:05:57.914543,66,-2.2986394789188074,2.674302377261256,-0.31823748109438027,-0.4872000130126253,17.359999611973763
21:05:57.914543,66,-2.2290750686354928,2.6464512524713744,-0.3471707151450818,-0.4872000130126253,19.879999555647373
21:05:57.914543,66,-2.269618274412975,2.69458584390741,-0.35348517890724607,-0.4872000130126253,20.51999954134226
21:05:57.914543,66,-2.154958625603107,2.6110074181230076,-0.4426033826246617,-0.41748001115047373,26.99999939650297
21:05:57.914543,66,-2.1948798771427995,2.659377109620783,-0.45080274235256973,-0.4872000130126253,24.119999460875988
21:05:57.914543,66,-2.2348011286824927,2.707746801118559,-0.4590021020804777,-0.4872000130126253,23.879999466240406
21:05:57.914543,66,-2.1023109823415664,2.653581532397421,-0.4426033826246617,-0.6263600167294499,30.759999312460423
21:05:57.914543,66,-2.1412569205807417,2.7027399220654695,-0.45080274235256973,-0.4872000130126253,29.23999934643507
21:05:57.914543,66,-2.180202858819917,2.751898311733519,-0.4590021020804777,-0.4872000130126253,26.99999939650297
21:05:57.914543,66,-2.2191487970590917,2.8010567014015684,-0.4672014618083857,-0.4872000130126253,8.119999818503857
21:05:57.914543,66,-2.0728530819620055,2.6708414169164647,-0.4764350912240476,-0.6263600167294499,34.639999225735664
21:05:57.914543,66,-2.1112533038069485,2.720319551095264,-0.4852611934485247,-0.4872000130126253,34.879999220371246
21:05:57.914543,66,-2.1525753257354205,2.7735623827062876,-0.4590021020804777,-0.4872000130126253,29.11999934911728
21:05:57.914543,66,-2.0460414717420217,2.691436060846973,-0.4764350912240476,-0.6263600167294499,38.239999145269394
21:05:57.914543,66,-2.0839450005075433,2.741295716949652,-0.4852611934485247,-0.6263600167294499,39.87999910861254
21:05:57.914543,66,-2.1218485292730653,2.791155373052331,-0.4940872956730018,-0.4872000130126253,29.639999337494373
21:05:57.914543,66,-2.009582300624548,2.699078685045362,-0.5776308499515445,-0.41748001115047373,40.759999088943005
21:05:57.914543,66,-2.046810412366366,2.7490799230417355,-0.5883316338014193,-0.4872000130126253,42.51999904960394
21:05:57.914543,66,-2.065604788984163,2.8330313011724484,-0.4940872956730018,-0.4872000130126253,28.11999937146902
21:05:57.914543,66,-1.9824914859483374,2.719039219870137,-0.5776308499515445,-0.6263600167294499,41.63999906927347
21:05:57.914543,66,-2.015650705157126,2.7645179612256583,-0.6225753573940163,-0.6263600167294499,41.23999907821417
21:05:57.914543,66,-2.0559439785814084,2.819781245589863,-0.5990324176512942,-0.4872000130126253,24.999999441206455
21:05:57.914543,66,-1.9243124540420034,2.7532702489227576,-0.611251736587353,-0.6263600167294499,40.23999910056591
21:05:57.914543,66,-1.9599609164329108,2.804275401809736,-0.6225753573940163,-0.6263600167294499,36.23999918997288
21:05:57.914543,66,-1.9991409394918087,2.860333445613165,-0.5990324176512942,-0.7655200204462744,21.239999525249004
21:05:57.914543,66,-1.896683996227622,2.7723753899568435,-0.611251736587353,-0.6263600167294499,37.239999167621136
21:05:57.914543,66,-1.9318206331936898,2.823734471282104,-0.6225753573940163,-0.6263600167294499,29.879999332129955
21:05:57.914543,66,-1.9669572701597577,2.875093552607364,-0.6338989782006795,-0.6958000185841229,17.519999608397484
21:05:57.914543,66,-1.6974386589198267,2.5908431795420936,-0.06195587097405476,-0.7655200204462744,9.119999796152115
21:05:57.914543,66,-1.8374905726675739,2.744343411860955,-0.5669300661016696,-0.8349600223009475,49.239998899400234
21:05:57.914543,66,-1.868865871602662,2.7912032957746313,-0.611251736587353,-1.3221600353135727,33.2399992570281
21:05:57.914543,66,-1.8922409237436384,2.8261145880006735,-0.724919320182311,-0.7655200204462744,23.639999471604824
21:05:57.914543,66,-1.9381084674165998,2.894619043571509,-0.6338989782006795,-0.6958000185841229,14.359999679028988
21:05:57.914543,66,-1.7037799156580906,2.6581334745504157,-0.15799665283281294,-0.6958000185841229,42.87999904155731
21:05:57.914543,66,-1.8408608619562787,2.809752083601315,-0.611251736587353,-1.3221600353135727,28.879999354481697
21:05:57.914543,66,-1.8598197797396037,2.838689555110114,-0.7588935336211884,-0.7655200204462744,18.519999586045742
21:05:57.914543,66,-1.9090658554504485,2.913855075056412,-0.6338989782006795,-0.6958000185841229,11.759999737143517
21:05:57.914543,66,-1.8019620805561454,2.8113112980010126,-0.7117342311811518,-1.3221600353135727,24.999999441206455
21:05:57.914543,66,-1.83134036772562,2.8571455092347877,-0.7588935336211884,-0.7655200204462744,14.51999967545271
21:05:57.914543,66,-3.8055173940855407,6.0698944447039604,0.7912545678271937,0.06972000186215155,4.999999888241291
21:05:57.914543,66,-1.6785837321673351,2.7378396759575034,-0.28981338919404903,-0.6958000185841229,61.75999861955643
21:05:57.914543,66,-1.7698900813492116,2.8230184913133876,-0.745090509609243,-1.3221600353135727,21.519999518990517
21:05:57.914543,66,-1.8026778232091625,2.8753157512022565,-0.7588935336211884,-0.7655200204462744,11.519999742507935
21:05:57.914543,66,-1.6760872949775067,2.7961369877093913,-0.42620466316884575,-0.6958000185841229,58.63999868929386
21:05:57.914543,66,-0.00795874542067618,0.15904224410442397,-0.19659915829445088,1.878800050180871,4.999999888241291
21:05:57.964820,67,-2.611822289007865,1.8909586001431136,1.9921807361879504,-0.5566400148672983,4.999999888241291
21:05:57.964820,67,-2.5692011622489654,1.9423933698119278,1.8460044724374247,-0.5566400148672983,5.359999880194664
21:05:57.964820,67,-2.5499123740768197,1.9671169951520766,1.8393797969935621,-0.5566400148672983,5.879999868571758
21:05:57.964820,67,-2.180960517006466,2.3865442575035405,0.9023106541005508,-0.6263600167294499,10.99999975413084
21:05:57.964820,67,-2.154958625603107,2.4074853129472924,0.896699515205742,-0.6263600167294499,12.359999723732471
21:05:57.964820,67,-2.1948798771427995,2.4520846967193997,0.8762605445201634,-0.41748001115047373,9.759999781847
21:05:57.964820,67,-2.1023109823415664,2.44860874945633,0.8856805236031529,-0.6263600167294499,13.639999695122242
21:05:57.964820,67,-2.1412569205807417,2.493969957160251,0.86503742281027,-0.41748001115047373,10.639999762177467
21:05:57.964820,67,-2.0728530819620055,2.456524227158162,0.8485344156897214,-0.6263600167294499,14.51999967545271
21:05:57.964820,67,-2.1112533038069485,2.5020320714483435,0.8272031721640203,-0.41748001115047373,11.119999751448631
21:05:57.964820,67,-2.0460414717420217,2.4764171256138674,0.8432041296134007,-0.6263600167294499,14.6399996727705
21:05:57.964820,67,-2.0839450005075433,2.52229349178362,0.8217741409476753,-0.41748001115047373,11.239999748766422
21:05:57.964820,67,-2.009582300624548,2.457607944065437,0.7434784760504898,-0.6263600167294499,13.879999689757824
21:05:57.964820,67,-2.046810412366366,2.5031358645346877,0.7202010398961933,-0.6263600167294499,10.759999759495258
21:05:57.964820,67,-1.9824914859483374,2.4768883401592294,0.7383123094874056,-0.6263600167294499,12.23999972641468
21:05:57.964820,67,-2.019217732264873,2.522773435719037,0.7149391685560382,-0.6263600167294499,9.759999781847
21:05:57.964820,67,-1.927717843016284,2.514659320126447,0.7281916059078577,-0.6263600167294499,10.119999773800373
21:05:57.964820,67,-1.9599609164329108,2.547587675130098,0.6728385017810892,-0.6263600167294499,8.51999980956316
21:05:57.964820,67,-1.8568202536337788,2.600765990559577,0.9913192404130364,-0.7655200204462744,24.23999945819378
21:05:57.964820,67,-1.896683996227622,2.519705398546746,0.6920326101718741,-0.6263600167294499,8.359999813139439
21:05:57.964820,67,-1.9318206331936898,2.5663836928890116,0.6678021240016674,-0.6263600167294499,7.239999838173389
21:05:57.964820,67,-1.868865871602662,2.537891759031085,0.6871595895668343,-0.6263600167294499,6.8799998462200165
21:05:57.964820,67,-1.6456575665417859,2.519138141752252,1.0308474277573692,-0.974120026017772,65.11999854445457
21:05:57.964820,67,-1.6769850114219016,2.5587141434852803,0.9811258953655155,-0.6958000185841229,74.1199983432889
21:05:57.964820,67,-1.7115098977928844,2.619943511441983,0.9920659962386049,-0.7655200204462744,54.359998784959316
21:05:57.964820,67,-1.5583181458740223,2.488949683956681,1.0128936538066604,-0.974120026017772,30.119999326765537
21:05:58.029583,68,-2.560590234494065,1.8538666071336383,1.9923341145213702,-0.6958000185841229,5.119999885559082
21:05:58.029583,68,-2.5242268903064464,1.902983805114612,1.9791732009878888,-0.6958000185841229,5.519999876618385
21:05:58.029583,68,-2.486853889063749,1.9513887409654038,1.9662031375169888,-0.6958000185841229,5.999999865889549
21:05:58.029583,68,-2.6143047707162337,1.925942976831414,1.1721375219754342,-0.6263600167294499,5.359999880194664
21:05:58.029583,68,-2.3608052212969453,2.366906487515523,1.0422109912783544,-0.6263600167294499,10.359999768435955
21:05:58.029583,68,-2.2928700025854387,2.3461246854218,1.053664815425471,-0.6263600167294499,13.639999695122242
21:05:58.029583,68,-2.3353461035339715,2.3895873452601037,1.0361336737620488,-0.6263600167294499,12.23999972641468
21:05:58.029583,68,-2.215823743991686,2.279208961739229,0.9395596617408706,-0.6263600167294499,21.519999518990517
21:05:58.029583,68,-2.242192553212475,2.3899314851438187,1.0419268188169641,-0.6263600167294499,16.519999630749226
21:05:58.029583,68,-2.283729839290146,2.434205679018124,1.024178227263965,-0.6263600167294499,14.6399996727705
21:05:58.029583,68,-2.162923880218782,2.3096363985204267,0.8970303441500294,-0.6263600167294499,25.119999438524246
21:05:58.029583,68,-2.2165162298661407,2.4114655739409168,1.0361567771140416,-0.6263600167294499,19.879999555647373
21:05:58.029583,68,-2.257577854392474,2.456138693235568,1.0183012938168203,-0.6263600167294499,17.23999961465597
21:05:58.029583,68,-2.1094545430599307,2.3426157153276437,1.0663757552461453,-0.6958000185841229,29.639999337494373
21:05:58.029583,68,-2.137652084894601,2.3304067581058927,0.8914649430725996,-0.6263600167294499,29.11999934911728
21:05:58.029583,68,-2.1885318628580106,2.421561078271061,0.9982643066540247,-0.6263600167294499,23.999999463558197
21:05:58.029583,68,-2.2290750686354928,2.4664212197957425,0.979706854035109,-0.6263600167294499,19.879999555647373
21:05:58.029583,68,-2.058947351408908,2.3828807270458228,1.0555867778730295,-0.6958000185841229,35.999999195337296
21:05:58.029583,68,-2.1121665261528557,2.350931976458159,0.8859652273906375,-0.6263600167294499,33.519999250769615
21:05:58.029583,68,-2.154958625603107,2.4074853129472924,0.896699515205742,-0.6263600167294499,28.239999368786812
21:05:58.029583,68,-2.1757037731664863,2.508969533555144,0.9683060677239714,-0.41748001115047373,21.99999950826168
21:05:58.029583,68,-2.0022692548269996,2.432845370927175,1.3147391226454004,-0.6958000185841229,40.11999910324812
21:05:58.029583,68,-2.0333836481882797,2.4026453323205357,1.0502908678509502,-0.6958000185841229,43.75999902188778
21:05:58.029583,68,-2.0605643336760786,2.3912388041637036,0.8751650454574764,-0.6263600167294499,37.63999915868044
21:05:58.029583,68,-2.1023109823415664,2.44860874945633,0.8856805236031529,-0.6263600167294499,31.63999929279089
21:05:58.029583,68,-2.1412569205807417,2.493969957160251,0.86503742281027,-0.41748001115047373,22.759999491274357
21:05:58.029583,68,-1.951326050325326,2.47103544120378,1.3045061241558962,-0.6958000185841229,48.35999891906977
21:05:58.029583,68,-2.007616608306402,2.422162027082639,1.04506138525052,-0.6958000185841229,53.119998812675476
21:05:58.029583,68,-2.034452860117062,2.41101638286798,0.8698656592154226,-0.6958000185841229,40.3599990978837
21:05:58.029583,68,-2.0756704952036036,2.468787018212418,0.880273772785301,-0.6263600167294499,32.99999926239252
21:05:58.029583,68,-2.1141229104695123,2.514522034365873,0.8595305103202413,-0.41748001115047373,21.99999950826168
21:05:58.029583,68,-2.149653525651891,2.5475399157385255,0.8058719286383191,-0.41748001115047373,10.239999771118164
21:05:58.029583,68,-1.9252716366423999,2.4810401553708914,1.2684467823339696,-0.6958000185841229,58.23999869823456
21:05:58.029583,68,-1.955482845364334,2.4604439034425223,1.034803787395141,-0.6958000185841229,63.23999858647585
21:05:58.029583,68,-1.99874590436721,2.392900923504531,0.7718949365859009,-0.6263600167294499,40.51999909430742
21:05:58.029583,68,-2.0460414717420217,2.4764171256138674,0.8432041296134007,-0.6263600167294499,31.359999299049377
21:05:58.029583,68,-2.0867774898384495,2.5348109939389487,0.8540940999873683,-0.41748001115047373,19.759999558329582
21:05:58.029583,68,-1.8993173987425964,2.4995116555085435,1.263497358789094,-0.6958000185841229,69.6399984434247
21:05:58.029583,68,-1.9272839972659426,2.4683002458399192,0.9988150122991089,-0.6958000185841229,72.51999837905169
21:05:58.029583,68,-1.9723541888827296,2.4120800235961863,0.766755912204786,-0.6958000185841229,37.119999170303345
21:05:58.029583,68,-1.9918071456016886,2.515421047502809,0.8327530602416122,-0.6263600167294499,27.239999391138554
21:05:58.029583,68,-2.028705967292926,2.5620199729636135,0.8111294623973659,-0.41748001115047373,16.759999625384808
21:05:58.029583,68,-1.8367056137334588,2.476898842868426,1.3035898317020487,-0.6958000185841229,68.23999847471714
21:05:58.029583,68,-1.8712064808302025,2.4900499166625885,1.1659502674733768,-0.6958000185841229,81.2399981841445
21:05:58.029583,68,-1.9007548680456632,2.4867884075151583,0.9938611243086926,-0.6958000185841229,77.99999825656414
21:05:58.029583,68,-1.9457652396318015,2.431003244599423,0.7616854504187733,-0.6958000185841229,31.239999301731586
21:05:58.029583,68,-1.9824914859483374,2.4768883401592294,0.7383123094874056,-0.6263600167294499,22.359999500215054
21:05:58.029583,68,-2.0007807612347555,2.5814810611934957,0.8059148795223381,-0.41748001115047373,13.879999689757824
21:05:58.029583,68,-1.7489125905637168,2.453236673897062,1.2785157769308695,-0.6958000185841229,47.999998927116394
21:05:58.029583,68,-1.784619085513089,2.5033229294244954,1.263785668115788,-0.6958000185841229,78.11999825388193
21:05:58.029583,68,-1.8184143183169839,2.5256901040712045,1.1564005080391442,-0.6958000185841229,91.23999796062708
21:05:58.029583,68,-1.8740356649310335,2.5050193973559973,0.9889761453036199,-0.6958000185841229,77.51999826729298
21:05:58.029583,68,-1.8920062947785217,2.4680745058925755,0.7517522358928699,-0.6958000185841229,24.639999449253082
21:05:58.029583,68,-1.927717843016284,2.514659320126447,0.7281916059078577,-0.6263600167294499,17.759999603033066
21:05:58.029583,68,-1.9634293912540461,2.56124413436032,0.7046309759228453,-0.41748001115047373,11.239999748766422
21:05:58.029583,68,-1.721452437696268,2.443356883890447,1.1850070218595636,-0.6958000185841229,55.87999875098467
21:05:58.029583,68,-1.756598295244457,2.4932414296961514,1.168367801114766,-0.6958000185841229,87.23999805003405
21:05:58.029583,68,-1.7917441527926457,2.543125975501855,1.1517285803699686,-0.6958000185841229,96.75999783724546
21:05:58.029583,68,-1.8200377433504686,2.5407025950989115,0.9794148612850457,-0.6958000185841229,71.23999840766191
21:05:58.029583,68,-1.8648416750256158,2.486218839087421,0.7468904764661097,-0.6958000185841229,19.759999558329582
21:05:58.029583,68,-1.896683996227622,2.519705398546746,0.6920326101718741,-0.6958000185841229,13.879999689757824
21:05:58.029583,68,-1.6565210668308934,2.371635822954289,1.0821180067978162,-0.6958000185841229,24.35999945551157
21:05:58.029583,68,-1.695656422660619,2.459860389548305,1.180584920846258,-0.6958000185841229,63.879998572170734
21:05:58.029583,68,-1.7302756185073858,2.5100818774885663,1.16385541672861,-0.6958000185841229,94.23999789357185
21:05:58.029583,68,-1.763923401595781,2.5505382292454315,1.1164106088457175,-0.6958000185841229,95.7599978595972
21:05:58.029583,68,-1.7927644246314525,2.5581512347111075,0.974739512391936,-0.6958000185841229,61.75999861955643
21:05:58.029583,68,-1.8374905726675739,2.5040998793744107,0.7420992661613823,-0.6958000185841229,15.75999964773655
21:05:58.029583,68,-1.868865871602662,2.537891759031085,0.6871595895668343,-0.6958000185841229,10.87999975681305
21:05:58.029583,68,-1.6311547671033326,2.3875142099018056,1.0778634058381202,-0.6958000185841229,27.119999393820763
21:05:58.029583,68,-1.6687718317009703,2.4667229165410975,1.1467218868060374,-0.6958000185841229,70.87999841570854
21:05:58.029583,68,-1.7028421410473507,2.517084512561506,1.129301021518911,-0.6958000185841229,97.23999782651663
21:05:58.029583,68,-1.7330011685419096,2.5365863492020995,1.0202868376029717,-0.6958000185841229,88.7599980160594
21:05:58.029583,68,-1.7592046380016584,2.5407737561073374,0.8779621881424402,-0.6958000185841229,51.639998845756054
21:05:58.029583,68,-1.8067583652091939,2.5084613969433036,0.7067685062183453,-0.6958000185841229,12.519999720156193
21:05:58.029583,68,-1.6040961197144854,2.3929710286765444,1.045122432114412,-0.6958000185841229,29.11999934911728
21:05:58.029583,68,-1.6389546439594618,2.4530308887381493,1.054446169875178,-0.6958000185841229,75.11999832093716
21:05:58.029583,68,-1.6724161937433337,2.5031129428739423,1.0351413668553604,-0.6958000185841229,95.63999786227942
21:05:58.029583,68,-1.7058777435272061,2.5531949970097356,1.0158365638355427,-0.6958000185841229,77.99999825656414
21:05:58.029583,68,-1.731671099103642,2.5576335313830296,0.8734446249727483,-0.6958000185841229,42.51999904960394
21:05:58.029583,68,-1.5729699452356958,2.3763295480698097,0.955945736383885,-1.1132800297345966,29.759999334812164
21:05:58.029583,68,-1.6111953994061252,2.4583335141936415,1.021097231770001,-0.8349600223009475,75.51999831199646
21:05:58.029583,68,-1.6456575665417859,2.519138141752252,1.0308474277573692,-0.8349600223009475,89.63999799638987
21:05:58.029583,68,-1.6769850114219016,2.5587141434852803,0.9811258953655155,-0.6958000185841229,66.35999851673841
21:05:58.029583,68,-1.7039643945465102,2.574226514552395,0.8689985485324936,-0.6958000185841229,34.879999220371246
21:05:58.029583,68,-1.5451357913603796,2.380231269854659,0.9237656559639744,-1.1132800297345966,28.999999351799488
21:05:58.029583,68,-1.5793531867813293,2.4410393556485417,0.9301517456657271,-0.8349600223009475,71.75999839603901
21:05:58.029583,68,-1.5901333888457887,2.539765070499696,0.9927404980943526,-0.8349600223009475,80.75999819487333
21:05:58.029583,68,-1.6219486318175547,2.5905804570427113,0.972587342382045,-0.8349600223009475,55.519998759031296
21:05:58.029583,68,-1.519282197391615,2.395031395247833,0.919799974316994,-0.8349600223009475,26.99999939650297
21:05:58.029583,68,-1.550819191933846,2.4447470387076726,0.8973773708184671,-0.8349600223009475,64.99999854713678
21:05:58.029583,68,-1.5575081191727704,2.521488819006726,0.9001067751064675,-0.8349600223009475,70.63999842107296
21:05:58.029583,68,-1.5886705987418264,2.5719385359864577,0.8781002123624531,-0.8349600223009475,45.99999897181988
21:05:58.029583,68,-1.4862926382285615,2.3745167268356964,0.8321685127791274,-1.1132800297345966,24.119999460875988
21:05:58.029583,68,-1.4975760878706115,2.4741932568916347,0.8894872804359237,-0.8349600223009475,56.759998731315136
21:05:58.029583,68,-1.5281511968305264,2.524707370351414,0.8668146111291364,-0.8349600223009475,60.75999864190817
21:05:58.029583,68,-1.4905719413243925,2.438332807711242,0.8040345664280577,-1.1132800297345966,48.35999891906977
21:05:58.029583,68,-1.4937365288814743,2.5026749799170576,0.7757158667147528,-1.1132800297345966,51.879998840391636
21:05:58.029583,68,-1.434443161498888,2.4541190261641583,0.7682218001719479,-1.1132800297345966,40.879999086260796
21:05:58.084735,69,-2.4498770460195343,1.8899452476294414,1.8456810702701367,-0.7655200204462744,5.119999885559082
21:05:58.084735,69,-2.2503939016369054,2.302662025583497,1.071195957088893,-0.41748001115047373,10.119999773800373
21:05:58.084735,69,-2.2928700025854387,2.3461246854218,1.053664815425471,-0.4872000130126253,10.119999773800373
21:05:58.084735,69,-2.083541909485577,2.319172857703613,1.4767477861109555,-0.6958000185841229,28.359999366104603
21:05:58.084735,69,-2.1985593137654873,2.3347151087454914,1.0280718279793304,-0.41748001115047373,12.11999972909689
21:05:58.084735,69,-2.242192553212475,2.3899314851438187,1.0419268188169641,-0.41748001115047373,11.999999731779099
21:05:58.084735,69,-1.994888416275873,2.3117643021079157,1.4767687606503959,-0.6958000185841229,33.7599992454052
21:05:58.084735,69,-2.0356168515016475,2.3589622014327465,1.4660862635913698,-0.6958000185841229,34.879999220371246
21:05:58.084735,69,-2.0763452867274217,2.4061601007575772,1.4554037665323438,-0.6958000185841229,26.519999407231808
21:05:58.084735,69,-2.1249831204401657,2.2777153506102104,0.9484484754576141,-0.6958000185841229,19.999999552965164
21:05:58.084735,69,-2.1658637173127504,2.3215342224605933,0.9282186423111443,-0.41748001115047373,14.6399996727705
21:05:58.084735,69,-2.214405170160646,2.400296348581406,1.003962173801634,-0.41748001115047373,13.999999687075615
21:05:58.084735,69,-1.9715978620530872,2.3234799769974672,1.4415668539896447,-0.6958000185841229,41.23999907821417
21:05:58.084735,69,-2.011850788061756,2.3709170681998843,1.4301656608052822,-0.6958000185841229,42.75999904423952
21:05:58.084735,69,-2.052103714070426,2.418354159402303,1.4187644676209195,-0.6958000185841229,31.75999929010868
21:05:58.084735,69,-2.100154628333604,2.298121368560377,0.9429806994271319,-0.6958000185841229,23.11999948322773
21:05:58.084735,69,-2.140557572670035,2.3423328130319585,0.9226456767638413,-0.41748001115047373,17.639999605715275
21:05:58.084735,69,-2.1885318628580106,2.421561078271061,0.9982643066540247,-0.41748001115047373,16.239999637007713
21:05:58.084735,69,-1.908005218033437,2.2947739440505868,1.4479542512770025,-0.6958000185841229,26.75999940186739
21:05:58.084735,69,-1.9476112571557127,2.3424084608463644,1.436494982028387,-0.6958000185841229,50.35999887436628
21:05:58.084735,69,-1.9876726164638079,2.3660436157219107,1.333293400292726,-0.6958000185841229,52.23999883234501
21:05:58.084735,69,-2.0274417878331508,2.41338319933422,1.3199539958066886,-0.6958000185841229,37.87999915331602
21:05:58.084735,69,-2.075116122523721,2.3182865454030788,0.9375774565768993,-0.6958000185841229,26.359999410808086
21:05:58.084735,69,-2.1150373740634136,2.362885929175185,0.9171384858913205,-0.41748001115047373,20.999999530613422
21:05:58.084735,69,-2.154958625603107,2.4074853129472924,0.896699515205742,-0.41748001115047373,17.999999597668648
21:05:58.084735,69,-2.1948798771427995,2.4520846967193997,0.8762605445201634,-0.4872000130126253,10.359999768435955
21:05:58.084735,69,-1.884598290711721,2.289869964572484,1.3550110830295519,-0.6958000185841229,32.51999927312136
21:05:58.084735,69,-1.9237184529241882,2.3374026854186347,1.3416225157250583,-0.6958000185841229,60.51999864727259
21:05:58.084735,69,-1.962993853875594,2.3851240281729047,1.3281808191852293,-0.6958000185841229,62.23999860882759
21:05:58.084735,69,-2.0022692548269996,2.432845370927175,1.3147391226454004,-0.6958000185841229,44.519999004900455
21:05:58.084735,69,-2.024419105863216,2.357886334048488,0.9269667251889186,-0.6958000185841229,29.519999340176582
21:05:58.084735,69,-2.0605643336760786,2.3912388041637036,0.8751650454574764,-0.41748001115047373,23.999999463558197
21:05:58.084735,69,-2.1023109823415664,2.44860874945633,0.8856805236031529,-0.41748001115047373,18.999999575316906
21:05:58.084735,69,-1.8366489572762799,2.3258156501949045,1.3453794655956415,-0.6958000185841229,38.75999913364649
21:05:58.084735,69,-1.874773795598654,2.374094525306035,1.3317909668584171,-0.6958000185841229,70.11999843269587
21:05:58.084735,69,-1.9130499229619902,2.4225649832549068,1.3181485455071569,-0.6958000185841229,70.87999841570854
21:05:58.084735,69,-1.951326050325326,2.47103544120378,1.3045061241558962,-0.6958000185841229,50.639998868107796
21:05:58.084735,69,-1.998765664671787,2.3773169859055074,0.92176029771542,-0.6958000185841229,31.63999929279089
21:05:58.084735,69,-2.034452860117062,2.41101638286798,0.8698656592154226,-0.41748001115047373,25.63999942690134
21:05:58.084735,69,-2.0756704952036036,2.468787018212418,0.880273772785301,-0.41748001115047373,18.639999583363533
21:05:58.084735,69,-1.81239759214808,2.3434393381823924,1.340657212631736,-0.6958000185841229,44.63999900221825
21:05:58.084735,69,-1.8500190248681228,2.392084042731154,1.3269706901921312,-0.6958000185841229,76.2399982959032
21:05:58.084735,69,-1.887789748987848,2.440921781821775,1.3132298561555436,-0.6958000185841229,75.23999831825495
21:05:58.084735,69,-1.925560473107573,2.489759520912397,1.2994890221189563,-0.6958000185841229,54.75999877601862
21:05:58.084735,69,-1.9729123485884577,2.396498877159678,0.9166205254445634,-0.6958000185841229,32.119999282062054
21:05:58.084735,69,-1.99874590436721,2.392900923504531,0.7718949365859009,-0.41748001115047373,24.879999443888664
21:05:58.084735,69,-2.0460414717420217,2.4764171256138674,0.8432041296134007,-0.41748001115047373,16.99999962002039
21:05:58.084735,69,-1.787696791807654,2.3526183515175783,1.3067807362148862,-0.6958000185841229,48.51999891549349
21:05:58.084735,69,-1.8248054896277142,2.4014535924222264,1.2923910117936468,-0.6958000185841229,76.7599982842803
21:05:58.084735,69,-1.8620614441851553,2.4504826239653856,1.2779441852913704,-0.6958000185841229,73.63999835401773
21:05:58.084735,69,-1.8993173987425964,2.4995116555085435,1.263497358789094,-0.6958000185841229,55.75999875366688
21:05:58.084735,69,-1.9206164527146872,2.434108730234921,0.9065429956855988,-0.6958000185841229,30.63999931514263
21:05:58.084735,69,-1.9723541888827296,2.4120800235961863,0.766755912204786,-0.41748001115047373,22.11999950557947
21:05:58.084735,69,-1.9918071456016886,2.515421047502809,0.8327530602416122,-0.41748001115047373,14.6399996727705
21:05:58.084735,69,-1.7630890851781051,2.369767472954861,1.302185642974863,-0.6263600167294499,49.11999890208244
21:05:58.084735,69,-1.7996869805211761,2.4189586923275646,1.2877005344105852,-0.6958000185841229,71.23999840766191
21:05:58.084735,69,-1.8345019344160267,2.4412064813303176,1.1823105235075864,-0.6958000185841229,66.63999851047993
21:05:58.084735,69,-1.8731732306941682,2.5177315375759304,1.2586153561029476,-0.6958000185841229,52.999998815357685
21:05:58.084735,69,-1.8941791024700199,2.452532931102196,0.9016062459420238,-0.6958000185841229,27.639999382197857
21:05:58.084735,69,-1.9423279692254576,2.4179090502239573,0.7310319343945371,-0.6958000185841229,18.23999959230423
21:05:58.084735,69,-1.9824914859483374,2.4768883401592294,0.7383123094874056,-0.41748001115047373,11.999999731779099
21:05:58.084735,69,-1.7115482884453546,2.3772583240366276,1.2059778390134293,-0.6958000185841229,46.11999896913767
21:05:58.084735,69,-1.7470763089303816,2.4266050371879646,1.1894956656552238,-0.6958000185841229,61.99999861419201
21:05:58.084735,69,-1.7827453136236826,2.4761475706295846,1.172948086847184,-0.6958000185841229,56.99999872595072
21:05:58.084735,69,-1.8184143183169839,2.5256901040712045,1.1564005080391442,-0.6958000185841229,47.75999893248081
21:05:58.084735,69,-1.8675523359020503,2.4707008498351186,0.896738166789383,-0.6958000185841229,23.999999463558197
21:05:58.084735,69,-1.8886639916510954,2.4549148236839566,0.7211162672806415,-0.6958000185841229,14.6399996727705
21:05:58.084735,69,-1.927717843016284,2.514659320126447,0.7281916059078577,-0.41748001115047373,9.759999781847
21:05:58.084735,69,-1.650390750002105,2.334793974534619,1.1899096530555093,-0.6958000185841229,8.999999798834324
21:05:58.084735,69,-1.6864454965810758,2.3936695102025527,1.201580474933433,-0.6958000185841229,40.51999909430742
21:05:58.084735,69,-1.721452437696268,2.443356883890447,1.1850070218595636,-0.6263600167294499,51.879998840391636
21:05:58.084735,69,-1.756598295244457,2.4932414296961514,1.168367801114766,-0.6958000185841229,47.23999894410372
21:05:58.084735,69,-1.7917441527926457,2.543125975501855,1.1517285803699686,-0.6958000185841229,41.23999907821417
21:05:58.084735,69,-1.8382402871532253,2.4766511577460837,0.8614163276903015,-0.6958000185841229,20.51999954134226
21:05:58.084735,69,-1.8615473592615541,2.4730271042044794,0.7162630963420813,-0.6958000185841229,11.519999742507935
21:05:58.084735,69,-1.896683996227622,2.519705398546746,0.6920326101718741,-0.41748001115047373,7.879999823868275
21:05:58.084735,69,-1.6602597375851127,2.400646154678209,1.1683380982622897,-0.6263600167294499,34.23999923467636
21:05:58.084735,69,-1.6947231192878678,2.450478348333803,1.1510746057385743,-0.6263600167294499,42.63999904692173
21:05:58.084735,69,-1.7293232604418245,2.5005082887896175,1.133742607292146,-0.6263600167294499,38.75999913364649
21:05:58.084735,69,-1.7648948143541527,2.5603033654288283,1.1471259126109616,-0.6958000185841229,34.879999220371246
21:05:58.084735,69,-1.7841372659979646,2.5116418036381805,0.852040612380871,-0.6958000185841229,17.23999961465597
21:05:58.084735,69,-1.823407429321332,2.4497174898929113,0.6204088891539548,-0.6958000185841229,8.999999798834324
21:05:58.084735,69,-1.6348361876089235,2.41656037821247,1.1640738949181162,-0.6263600167294499,28.359999366104603
21:05:58.084735,69,-1.6687718317009703,2.4667229165410975,1.1467218868060374,-0.6263600167294499,34.879999220371246
21:05:58.084735,69,-1.7028421410473507,2.517084512561506,1.129301021518911,-0.6263600167294499,31.75999929010868
21:05:58.084735,69,-1.737868987912855,2.577220556127521,1.1425929650250435,-0.6263600167294499,29.11999934911728
21:05:58.084735,69,-1.7921656597864595,2.4529488194582756,0.5856498298804156,-0.6958000185841229,7.1199998408555984
21:05:58.084735,69,-1.6056253532656444,2.403146787385501,1.0736746693257473,-0.7655200204462744,23.35999947786331
21:05:58.131629,70,-2.623648592714323,1.6390035032378067,2.166554765905471,-0.6958000185841229,5.239999882876873
21:05:58.131629,70,-2.5923249692011994,1.689387617320214,2.1530543832257325,-0.6958000185841229,5.639999873936176
21:05:58.131629,70,-2.559964450310618,1.739156569332105,2.139718832726003,-0.6958000185841229,6.11999986320734
21:05:58.131629,70,-2.492256436064961,1.732008657177173,2.0054537487609854,-0.6958000185841229,4.999999888241291
21:05:58.131629,70,-2.54399025994374,1.7679613904233547,2.0055669567253815,-0.6958000185841229,6.5199998542666435
21:05:58.131629,70,-2.4583286237056505,1.7798292297827103,1.992640264949738,-0.6958000185841229,5.359999880194664
21:05:58.131629,70,-2.5093581799802656,1.8167746141241634,1.99248749285479,-0.6958000185841229,6.9999998435378075
21:05:58.131629,70,-2.4234175127180912,1.826984847298647,1.9800049553177517,-0.6958000185841229,5.879999868571758
21:05:58.131629,70,-2.4737223902473295,1.8649090797137424,1.9795899016719587,-0.6958000185841229,7.519999831914902
21:05:58.131629,70,-2.387537067080578,1.8734566481075527,1.9675528738201855,-0.6958000185841229,6.239999860525131
21:05:58.131629,70,-2.4370971445850516,1.9123455340485003,1.9668793420411645,-0.6958000185841229,8.119999818503857
21:05:58.131629,70,-2.093331356287141,2.2774462160569633,1.0897232270057047,-0.6958000185841229,22.239999502897263
21:05:58.131629,70,-2.0688726862129867,2.297548285019842,1.0843368938609066,-0.6958000185841229,27.359999388456345
21:05:58.131629,70,-2.1094545430599307,2.3426157153276437,1.0663757552461453,-0.6263600167294499,11.639999739825726
21:05:58.131629,70,-2.140557572670035,2.3423328130319585,0.9226456767638413,-0.6263600167294499,5.119999885559082
21:05:58.131629,70,-2.01933715599362,2.3370386751910135,1.073755475705751,-0.6958000185841229,33.99999924004078
21:05:58.131629,70,-2.058947351408908,2.3828807270458228,1.0555867778730295,-0.6263600167294499,12.759999714791775
21:05:58.131629,70,-1.9923658664665105,2.3457993424281165,1.038176244365416,-0.6958000185841229,41.879999063909054
21:05:58.131629,70,-2.0333836481882797,2.4026453323205357,1.0502908678509502,-0.6263600167294499,13.519999697804451
21:05:58.131629,70,-1.9285326986420308,2.318533340518725,1.0520193614828939,-0.6958000185841229,37.75999915599823
21:05:58.131629,70,-1.967118603960847,2.3649223429031645,1.0330522518312666,-0.6263600167294499,49.63999889045954
21:05:58.131629,70,-2.0057045092796635,2.4113113452876043,1.0140851421796393,-0.6263600167294499,13.759999692440033
21:05:58.131629,70,-1.81239759214808,2.3434393381823924,1.340657212631736,-0.6958000185841229,22.879999488592148
21:05:58.131629,70,-1.8497415197141125,2.3837067456470837,1.297146265055245,-0.6958000185841229,20.239999547600746
21:05:58.131629,70,-1.878452585675718,2.355307219565127,1.0421658302898509,-0.6958000185841229,40.51999909430742
21:05:58.131629,70,-1.9160364926884466,2.4024319903480436,1.0230015720900352,-0.6263600167294499,54.9999987706542
21:05:58.131629,70,-1.9536203997011754,2.4495567611309594,1.0038373138902197,-0.6263600167294499,13.239999704062939
21:05:58.131629,70,-1.750703444943747,2.311627778573766,1.3498358956259353,-0.6958000185841229,15.639999650418758
21:05:58.131629,70,-1.846718503883904,2.3404535696008346,0.9486150239863431,-0.6263600167294499,41.63999906927347
21:05:58.131629,70,-1.8836674782992957,2.387281149917878,0.9275790098359711,-0.6263600167294499,55.23999876528978
21:05:58.131629,70,-1.9272839972659426,2.4683002458399192,0.9988150122991089,-0.6263600167294499,12.11999972909689
21:05:58.131629,70,-1.8212983613971105,2.358168877939873,0.9438682214232295,-0.6263600167294499,40.879999086260796
21:05:58.131629,70,-1.8577387319335652,2.4053509045210344,0.9227372336826267,-0.6263600167294499,49.99999888241291
21:05:58.131629,70,-1.8941791024700199,2.452532931102196,0.9016062459420238,-0.6263600167294499,10.87999975681305
21:05:58.131629,70,-1.795696090600063,2.375637764897352,0.9391874472703026,-0.6263600167294499,38.359999142587185
21:05:58.131629,70,-1.8316242132510565,2.4231693073662353,0.9179628070298427,-0.6263600167294499,41.999999061226845
21:05:58.131629,70,-1.8675523359020503,2.4707008498351186,0.896738166789383,-0.6263600167294499,9.519999787211418
21:05:58.131629,70,-1.7699142516983901,2.3928584835992113,0.9345731696010557,-0.6263600167294499,34.639999225735664
21:05:58.131629,70,-1.8053265336817588,2.4407345766281243,0.9132562073162842,-0.6263600167294499,33.7599992454052
21:05:58.131629,70,-1.840738815665127,2.488610669657037,0.8919392450315131,-0.6263600167294499,8.359999813139439
21:05:58.131629,70,-1.7521922289194587,2.475098713841922,0.9040483645012549,-0.6263600167294499,26.87999939918518
21:05:58.131629,70,-1.7230189968964469,2.480095270066482,0.8696309339742743,-0.6263600167294499,21.359999522566795
21:05:58.131629,70,-1.6960518041388384,2.4966082512489454,0.865206294001803,-0.6263600167294499,17.11999961733818
21:05:58.131629,70,-0.021667931466244735,0.20021692502194832,2.1531427104411387,1.669920044601895,4.999999888241291
21:05:58.186948,71,-2.4684091178934082,1.866191552078571,1.8520458538102473,-0.5566400148672983,5.119999885559082
21:05:58.186948,71,-2.532980850268849,1.8492265960807355,1.6026695073988306,-0.6958000185841229,4.999999888241291
21:05:58.186948,71,-2.4498770460195343,1.8899452476294414,1.8456810702701367,-0.5566400148672983,5.639999873936176
21:05:58.186948,71,-2.4946957420082487,1.8977918405145495,1.5896564893725702,-0.6958000185841229,5.519999876618385
21:05:58.186948,71,-2.363028490258804,1.897521293485788,1.8364910705415132,-0.6263600167294499,5.119999885559082
21:05:58.186948,71,-2.4120798230055276,1.936909709133104,1.8330969807372677,-0.6263600167294499,6.11999986320734
21:05:58.186948,71,-2.0230386925828676,2.2071211184038493,1.5028514386747291,-0.6263600167294499,25.999999418854713
21:05:58.186948,71,-2.065032576481622,2.2529361531516066,1.4925317156554567,-0.6263600167294499,28.759999357163906
21:05:58.186948,71,-2.0003320507042233,2.2265526684477543,1.49764477053278,-0.6263600167294499,31.87999928742647
21:05:58.186948,71,-2.041854594096107,2.272771059918005,1.4872169684054537,-0.6263600167294499,34.11999923735857
21:05:58.186948,71,-1.9140710894041748,2.210414845272738,1.4692486665741376,-0.6263600167294499,24.51999945193529
21:05:58.186948,71,-1.954320963007513,2.264752955744843,1.4874090344008881,-0.6263600167294499,39.11999912559986
21:05:58.186948,71,-1.9953873088160625,2.304320750619986,1.4467005532250958,-0.6263600167294499,40.51999909430742
21:05:58.186948,71,-1.8912511125100908,2.2287932929768313,1.4643241763536883,-0.6263600167294499,29.519999340176582
21:05:58.186948,71,-1.9315040385187603,2.276230384179249,1.452922983169326,-0.6263600167294499,47.999998927116394
21:05:58.186948,71,-1.9715978620530872,2.3234799769974672,1.4415668539896447,-0.6263600167294499,47.11999894678593
21:05:58.186948,71,-1.8685222927564478,2.22421197786369,1.3732588888319202,-0.6263600167294499,35.11999921500683
21:05:58.186948,71,-1.908005218033437,2.2947739440505868,1.4479542512770025,-0.6263600167294499,57.759998708963394
21:05:58.186948,71,-1.9479034450944648,2.3187040321096024,1.346632804778763,-0.6263600167294499,53.51999880373478
21:05:58.186948,71,-1.845322889760315,2.2421486218182145,1.3684527795693806,-0.6263600167294499,41.11999908089638
21:05:58.186948,71,-1.884598290711721,2.289869964572484,1.3550110830295519,-0.6263600167294499,66.9999985024333
21:05:58.186948,71,-1.9237184529241882,2.3374026854186347,1.3416225157250583,-0.6263600167294499,58.11999870091677
21:05:58.186948,71,-1.9606386539329972,2.3495417780535743,1.2068720067250283,-0.6263600167294499,32.359999276697636
21:05:58.186948,71,-1.798372829912944,2.2773451922460324,1.3590218869469017,-0.6263600167294499,46.51999896019697
21:05:58.186948,71,-1.8366489572762799,2.3258156501949045,1.3453794655956415,-0.6263600167294499,73.35999836027622
21:05:58.186948,71,-1.874773795598654,2.374094525306035,1.3317909668584171,-0.6263600167294499,59.8799986615777
21:05:58.186948,71,-1.9583791509188553,2.213706789865177,0.7109481827904642,-0.6263600167294499,13.119999706745148
21:05:58.186948,71,-1.7743606717916118,2.286565694440517,1.3257890294312216,-0.6263600167294499,49.87999888509512
21:05:58.186948,71,-1.81239759214808,2.3434393381823924,1.340657212631736,-0.6263600167294499,74.63999833166599
21:05:58.186948,71,-1.8497415197141125,2.3837067456470837,1.297146265055245,-0.6263600167294499,58.35999869555235
21:05:58.186948,71,-1.9730269488293566,2.1867801246786,0.5390214119186427,-0.6263600167294499,10.99999975413084
21:05:58.186948,71,-2.0050346246405546,2.306157973044786,0.6249823186331911,-0.6263600167294499,6.6399998515844345
21:05:58.186948,71,-1.711386113588146,2.229608713119209,1.2520858269842527,-0.6263600167294499,11.119999751448631
21:05:58.186948,71,-1.74860295102478,2.27809513261544,1.2358212330549951,-0.6263600167294499,50.23999887704849
21:05:58.186948,71,-1.787696791807654,2.3526183515175783,1.3067807362148862,-0.6263600167294499,70.63999842107296
21:05:58.186948,71,-1.8248054896277142,2.4014535924222264,1.2923910117936468,-0.6263600167294499,53.99999879300594
21:05:58.186948,71,-1.7245333724320528,2.2948692323901527,1.2313266265666019,-0.6263600167294499,47.63999893516302
21:05:58.186948,71,-1.7630890851781051,2.369767472954861,1.302185642974863,-0.6263600167294499,62.759998597204685
21:05:58.186948,71,-1.7977973880018505,2.392363045998046,1.1986707795417961,-0.6263600167294499,48.119998924434185
21:05:58.186948,71,-1.6758792837520535,2.3277157905950077,1.222525417821469,-0.6263600167294499,42.75999904423952
21:05:58.186948,71,-1.7115482884453546,2.3772583240366276,1.2059778390134293,-0.6263600167294499,53.63999880105257
21:05:58.186948,71,-1.650390750002105,2.334793974534619,1.1899096530555093,-0.6263600167294499,36.999999172985554
21:05:58.186948,71,-1.6864454965810758,2.3936695102025527,1.201580474933433,-0.6263600167294499,44.99999899417162
21:05:58.186948,71,-1.6256595964311558,2.3506162142223945,1.185670096708718,-0.6263600167294499,31.5199992954731
21:05:58.247126,72,-2.480157673780438,1.7363704834495535,0.21227654701500823,-0.4872000130126253,5.239999882876873
21:05:58.247126,72,-2.5316403536645127,1.7724137587237945,0.21668294650823575,-0.4872000130126253,5.239999882876873
21:05:58.247126,72,-2.4626702518829156,1.7610848284786755,0.21227654701500823,-0.4872000130126253,5.639999873936176
21:05:58.247126,72,-2.513789930917058,1.7976411198111817,0.21668294650823575,-0.6958000185841229,5.759999871253967
21:05:58.247126,72,-2.3763800939859134,1.772262345510541,0.207852661809506,-0.6263600167294499,5.119999885559082
21:05:58.247126,72,-2.426958386555816,1.809982743711447,0.21227654701500823,-0.4872000130126253,6.239999860525131
21:05:58.247126,72,-2.477336764925838,1.8475540494293452,0.21668294650823575,-0.6958000185841229,6.239999860525131
21:05:58.247126,72,-2.5339944142030797,1.8898083245990953,-0.03161197392256338,-0.6958000185841229,5.359999880194664
21:05:58.247126,72,-2.3404619506817785,1.8194323372463914,0.207852661809506,-0.6263600167294499,5.639999873936176
21:05:58.247126,72,-2.3902757702765034,1.8581566900118778,0.21227654701500823,-0.6263600167294499,6.7599998489022255
21:05:58.247126,72,-2.4398926973036597,1.8967279820944967,0.21668294650823575,-0.6958000185841229,6.8799998462200165
21:05:58.247126,72,-2.495693986282662,1.9401068841094826,-0.03161197392256338,-0.6958000185841229,5.879999868571758
21:05:58.247126,72,-2.3715750006957004,1.8819661417469804,0.21227654701500823,-0.6263600167294499,7.519999831914902
21:05:58.247126,72,-2.4208037404136014,1.921031666270888,0.21668294650823575,-0.6958000185841229,7.639999829232693
21:05:58.247126,72,-2.4563953140878305,1.989629426768663,-0.03161197392256338,-0.6958000185841229,6.5199998542666435
21:05:58.247126,72,-2.0683599567759092,2.2202317368417286,0.06069595494068954,-0.6263600167294499,30.999999307096004
21:05:58.247126,72,-2.1116113558912843,2.2666589211740193,-0.030979484448272476,-0.6263600167294499,31.87999928742647
21:05:58.247126,72,-2.1461094193601635,2.303690045820513,-0.2841285708139828,-0.6958000185841229,22.879999488592148
21:05:58.247126,72,-2.1793977602072667,2.3394226225286547,-0.4180053034409377,-0.6263600167294499,11.639999739825726
21:05:58.247126,72,-1.981373555068396,2.214029288035444,0.05943103924052525,-0.6263600167294499,28.999999351799488
21:05:58.247126,72,-2.0235446250971925,2.261152145768511,0.06069595494068954,-0.6263600167294499,37.99999915063381
21:05:58.247126,72,-2.065858892457249,2.308435015269459,-0.030979484448272476,-0.6263600167294499,38.87999913096428
21:05:58.247126,72,-2.1229655987913065,2.325035598314057,-0.2841285708139828,-0.6958000185841229,26.239999413490295
21:05:58.247126,72,-2.155894955431617,2.3610992662613333,-0.4180053034409377,-0.6263600167294499,11.999999731779099
21:05:58.247126,72,-1.9594284805465718,2.2340671052226417,-0.029717005458087066,-0.6263600167294499,35.759999200701714
21:05:58.247126,72,-2.001132476977823,2.28161644295473,-0.030349494932377975,-0.6263600167294499,46.999998949468136
21:05:58.247126,72,-2.042671635478516,2.328977838640446,-0.030979484448272476,-0.6263600167294499,47.51999893784523
21:05:58.247126,72,-2.07604340890179,2.3670270871780006,-0.2841285708139828,-0.6958000185841229,29.519999340176582
21:05:58.247126,72,-2.1321765629666345,2.382539802045516,-0.4180053034409377,-0.6263600167294499,11.879999734461308
21:05:58.247126,72,-1.8736135129464615,2.224432410443543,-0.029084515983796157,-0.6263600167294499,23.999999463558197
21:05:58.247126,72,-1.9143582455212813,2.2728062629312697,-0.029717005458087066,-0.6263600167294499,44.63999900221825
21:05:58.247126,72,-1.9551029780961013,2.321180115418997,-0.030349494932377975,-0.6263600167294499,58.51999869197607
21:05:58.247126,72,-1.9956866642971078,2.3693627669087487,-0.030979484448272476,-0.6263600167294499,57.999998703598976
21:05:58.247126,72,-2.0503151040990972,2.3853947551644534,-0.3155983963342602,-0.6958000185841229,32.239999279379845
21:05:58.247126,72,-2.1249831204401657,2.4722656435476225,-0.42620466316884575,-0.6263600167294499,7.639999829232693
21:05:58.247126,72,-1.8512758801852922,2.2430570121981788,-0.029084515983796157,-0.6263600167294499,28.999999351799488
21:05:58.247126,72,-1.8915348450887544,2.291835886539432,-0.029717005458087066,-0.6263600167294499,55.75999875366688
21:05:58.247126,72,-1.9317938099922165,2.340614760880685,-0.030349494932377975,-0.6263600167294499,72.63999837636948
21:05:58.247126,72,-1.9695277706363146,2.3863342702885877,-0.15483547029689348,-0.6263600167294499,69.75999844074249
21:05:58.247126,72,-2.026359039748081,2.4057782952911957,-0.3155983963342602,-0.6958000185841229,33.639999248087406
21:05:58.247126,72,-1.828478806145058,2.261118088722456,-0.058166123540360964,-0.6263600167294499,34.759999223053455
21:05:58.247126,72,-1.8685222927564478,2.3106363284790428,-0.029717005458087066,-0.6263600167294499,68.99999845772982
21:05:58.247126,72,-1.908005218033437,2.3594613715910793,-0.06069595494068954,-0.6263600167294499,88.63999801874161
21:05:58.247126,72,-1.9455663506236833,2.405909903587884,-0.15483547029689348,-0.6263600167294499,81.2399981841445
21:05:58.247126,72,-1.9952736194443348,2.4175286521319053,-0.40980594371302975,-0.7655200204462744,33.359999254345894
21:05:58.247126,72,-1.8057765794399814,2.279289516673033,-0.058166123540360964,-0.6263600167294499,40.639999091625214
21:05:58.247126,72,-1.84504608903241,2.328856324969258,-0.05943103924052525,-0.6263600167294499,82.51999815553427
21:05:58.247126,72,-1.884315598624839,2.3784231332654824,-0.06069595494068954,-0.6263600167294499,103.51999768614769
21:05:58.247126,72,-1.9214103756059866,2.4252449479124945,-0.15483547029689348,-0.6263600167294499,89.35999800264835
21:05:58.247126,72,-1.9465272293848654,2.456947973725224,-0.40980594371302975,-0.7655200204462744,31.5199992954731
21:05:58.247126,72,-1.757984938600564,2.312516204349933,-0.14536441748176718,-0.6263600167294499,45.2399989888072
21:05:58.247126,72,-1.798103071752393,2.365289030194348,-0.05943103924052525,-0.6263600167294499,92.35999793559313
21:05:58.247126,72,-1.8344453459352625,2.4130949562324377,-0.1516867825536061,-0.6263600167294499,112.35999748855829
21:05:58.247126,72,-1.8725244420782352,2.463185559936769,-0.15483547029689348,-0.6263600167294499,91.35999795794487
21:05:58.247126,72,-1.9218608341399699,2.476290074794959,-0.40980594371302975,-0.7655200204462744,28.359999366104603
21:05:58.247126,72,-1.7347722639808572,2.329980135505489,-0.14536441748176718,-0.6263600167294499,46.999998949468136
21:05:58.247126,72,-1.772497670787386,2.380649292655471,-0.14852560001768664,-0.6263600167294499,94.35999789088964
21:05:58.247126,72,-1.8102230775939148,2.431318449805453,-0.1516867825536061,-0.6263600167294499,111.35999751091003
21:05:58.247126,72,-1.8467823280053173,2.480421337254245,-0.1857684967495836,-0.6263600167294499,86.5199980661273
21:05:58.247126,72,-1.8970022544217968,2.4953845489318525,-0.40980594371302975,-0.7655200204462744,24.879999443888664
21:05:58.247126,72,-1.6694798814449066,2.2897355709254947,-0.25572694855151745,-0.6958000185841229,5.759999871253967
21:05:58.247126,72,-1.711386113588146,2.347211070599555,-0.14536441748176718,-0.6263600167294499,45.2399989888072
21:05:58.247126,72,-1.74860295102478,2.3982549420850012,-0.14852560001768664,-0.6263600167294499,87.23999805003405
21:05:58.247126,72,-1.7858197884614142,2.4492988135704485,-0.1516867825536061,-0.6263600167294499,100.99999774247408
21:05:58.247126,72,-1.8177835595172027,2.4931379663394013,-0.27844375243391656,-0.6263600167294499,76.63999828696251
21:05:58.247126,72,-1.6868998310193044,2.3629060072343595,-0.1744053172356888,-0.6263600167294499,40.639999091625214
21:05:58.247126,72,-1.7245333724320528,2.4156207680295836,-0.14852560001768664,-0.6263600167294499,74.75999832898378
21:05:58.247126,72,-1.7602685188735048,2.465676373373313,-0.1819907642462835,-0.6263600167294499,85.87999808043242
21:05:58.247126,72,-1.7927617075154516,2.5111908427119354,-0.27844375243391656,-0.6263600167294499,64.99999854713678
21:05:58.247126,72,-1.6594415588726499,2.3742979287345722,-0.2614117669315837,-0.6958000185841229,34.759999223053455
21:05:58.247126,72,-1.6749568658807519,2.448277732844728,-0.17819804074098614,-0.6263600167294499,61.11999863386154
21:05:58.247126,72,-1.7106062380577376,2.5003862771712795,-0.1819907642462835,-0.6263600167294499,70.51999842375517
21:05:58.247126,72,-1.7675605808449266,2.5289926021040756,-0.27844375243391656,-0.6263600167294499,53.99999879300594
21:05:58.247126,72,-1.6116268897922548,2.407009702889773,-0.2614117669315837,-0.6958000185841229,28.879999354481697
21:05:58.247126,72,-1.6466743028159303,2.459353991597965,-0.26709658531165,-0.41748001115047373,48.99999890476465
21:05:58.247126,72,-1.6817217158396056,2.5116982803061583,-0.2727814036917162,-0.6263600167294499,57.11999872326851
21:05:58.247126,72,-1.7149956441030347,2.5613938200682527,-0.30928393257209585,-0.6263600167294499,44.519999004900455
21:05:58.247126,72,-1.5874766137982381,2.4230053533475013,-0.2614117669315837,-0.6958000185841229,23.759999468922615
21:05:58.247126,72,-1.6219988403145655,2.475697493144383,-0.26709658531165,-0.41748001115047373,39.23999912291765
21:05:58.247126,72,-1.6565210668308934,2.528389632941264,-0.2727814036917162,-0.41748001115047373,46.23999896645546
21:05:58.247126,72,-1.5971611792880818,2.4917934270156263,-0.26709658531165,-0.41748001115047373,31.75999929010868
21:05:58.247126,72,-1.6311547671033326,2.544828148731362,-0.2727814036917162,-0.41748001115047373,37.75999915599823
21:05:58.303731,73,-2.4284706975476165,1.7001841793051766,0.207852661809506,-0.6263600167294499,5.119999885559082
21:05:58.303731,73,-2.411347716979589,1.7243834724980245,0.207852661809506,-0.6263600167294499,5.639999873936176
21:05:58.303731,73,-2.3258018014160102,1.7345419473096355,0.20342877660400377,-0.6263600167294499,5.119999885559082
21:05:58.303731,73,-2.3763800939859134,1.772262345510541,0.207852661809506,-0.6263600167294499,6.239999860525131
21:05:58.303731,73,-2.47668677148542,1.7339404878247915,-0.676075389549516,-0.6958000185841229,5.359999880194664
21:05:58.303731,73,-2.290648131087054,1.780707984480905,0.20342877660400377,-0.6263600167294499,5.519999876618385
21:05:58.303731,73,-2.3404619506817785,1.8194323372463914,0.207852661809506,-0.6263600167294499,6.8799998462200165
21:05:58.303731,73,-2.3902757702765034,1.8581566900118778,0.21227654701500823,-0.6263600167294499,5.359999880194664
21:05:58.303731,73,-2.4432957833560427,1.8221668859898572,-0.5546336325540366,-0.6958000185841229,5.879999868571758
21:05:58.303731,73,-2.2727268169764234,1.8035250488537373,0.20342877660400377,-0.6263600167294499,6.11999986320734
21:05:58.303731,73,-2.322150908836062,1.8427455953003589,0.207852661809506,-0.6263600167294499,7.639999829232693
21:05:58.303731,73,-2.3573516216304844,1.9094060832706565,0.09103634540435815,-0.6263600167294499,5.879999868571758
21:05:58.303731,73,-2.406366233111506,1.8706651216891104,-0.5546336325540366,-0.6958000185841229,6.5199998542666435
21:05:58.303731,73,-2.4534481310942047,1.987242269466839,-0.15799665283281294,-0.6958000185841229,4.999999888241291
21:05:58.303731,73,-2.4334533686702815,2.011676980042426,-0.15799665283281294,-0.6958000185841229,5.639999873936176
21:05:58.303731,73,-2.3927358377217,2.0599404798215875,-0.15799665283281294,-0.6958000185841229,6.359999857842922
21:05:58.303731,73,-2.454603926362826,2.0708280956728653,-0.28981338919404903,-0.6958000185841229,4.999999888241291
21:05:58.303731,73,-2.372017140916022,2.08376444271562,-0.15799665283281294,-0.6958000185841229,7.239999838173389
21:05:58.303731,73,-2.344475856447335,2.1014772008314697,-0.2841285708139828,-0.6958000185841229,8.239999815821648
21:05:58.303731,73,-2.301980235762815,2.147943309595556,-0.2841285708139828,-0.6958000185841229,9.519999787211418
21:05:58.303731,73,-2.280386063088212,2.1708553315115173,-0.2841285708139828,-0.6958000185841229,10.87999975681305
21:05:58.303731,73,-2.2365157898542622,2.2160258547254137,-0.2841285708139828,-0.6958000185841229,12.359999723732471
21:05:58.303731,73,-2.214244076285484,2.2382798390088707,-0.2841285708139828,-0.6958000185841229,13.999999687075615
21:05:58.303731,73,-2.0468929183514635,2.15360076007735,0.05943103924052525,-0.6263600167294499,28.999999351799488
21:05:58.303731,73,-2.166972789808426,2.2799405896410683,-0.3155983963342602,-0.6958000185841229,15.639999650418758
21:05:58.303731,73,-2.0037149703400434,2.1944343504990353,-0.029717005458087066,-0.6263600167294499,35.51999920606613
21:05:58.303731,73,-2.0686702598870395,2.2205648243263876,-0.030349494932377975,-0.6263600167294499,28.879999354481697
21:05:58.303731,73,-2.14406541667805,2.3014959598200804,-0.3155983963342602,-0.6958000185841229,16.759999625384808
21:05:58.303731,73,-1.93949341146285,2.167231517724732,-0.029084515983796157,-0.6263600167294499,28.759999357163906
21:05:58.303731,73,-1.9816708081535925,2.2143614450054914,-0.029717005458087066,-0.6263600167294499,44.11999901384115
21:05:58.303731,73,-2.0238482048443354,2.2614913722862515,-0.030349494932377975,-0.6263600167294499,36.75999917834997
21:05:58.303731,73,-2.07759939473382,2.2301495914770064,-0.5546336325540366,-0.6958000185841229,32.75999926775694
21:05:58.303731,73,-2.113606118113877,2.314785255223644,-0.40980594371302975,-0.6958000185841229,16.99999962002039
21:05:58.303731,73,-2.155894955431617,2.3610992662613333,-0.4180053034409377,-0.6263600167294499,9.999999776482582
21:05:58.303731,73,-1.9177244841153205,2.186517767490554,-0.029084515983796157,-0.6263600167294499,34.35999923199415
21:05:58.303731,73,-1.9594284805465718,2.2340671052226417,-0.029717005458087066,-0.6263600167294499,54.9999987706542
21:05:58.303731,73,-2.001132476977823,2.28161644295473,-0.030349494932377975,-0.6263600167294499,47.35999894142151
21:05:58.303731,73,-2.032583871364458,2.2712527933350932,-0.5546336325540366,-0.6958000185841229,38.87999913096428
21:05:58.303731,73,-2.090352972454108,2.3358052253733566,-0.40980594371302975,-0.6958000185841229,16.359999634325504
21:05:58.303731,73,-1.8736135129464615,2.224432410443543,-0.029084515983796157,-0.6263600167294499,40.639999091625214
21:05:58.303731,73,-1.9143582455212813,2.2728062629312697,-0.029717005458087066,-0.6263600167294499,68.35999847203493
21:05:58.303731,73,-1.9551029780961013,2.321180115418997,-0.030349494932377975,-0.6263600167294499,61.75999861955643
21:05:58.303731,73,-2.009770094136868,2.29146473114392,-0.5546336325540366,-0.6958000185841229,45.2399989888072
21:05:58.303731,73,-2.0432219266949962,2.377142351354246,-0.40980594371302975,-0.6958000185841229,14.879999667406082
21:05:58.303731,73,-1.8509981865014216,2.242720550857373,-0.058166123540360964,-0.6263600167294499,46.999998949468136
21:05:58.303731,73,-1.8912511125100908,2.291492108306824,-0.05943103924052525,-0.6263600167294499,83.23999813944101
21:05:58.303731,73,-1.9315040385187603,2.3402636657562748,-0.06069595494068954,-0.6263600167294499,79.75999821722507
21:05:58.303731,73,-1.9635419151607814,2.3311991748390195,-0.5546336325540366,-0.6958000185841229,50.639998868107796
21:05:58.303731,73,-2.016607774805448,2.394201185267526,-0.4411306823261391,-0.6958000185841229,12.999999709427357
21:05:58.303731,73,-1.828478806145058,2.261118088722456,-0.058166123540360964,-0.6263600167294499,52.11999883502722
21:05:58.303731,73,-1.8682420120892476,2.3102897301567675,-0.05943103924052525,-0.6263600167294499,96.35999784618616
21:05:58.303731,73,-1.9060018961080951,2.3569840404742504,-0.1516867825536061,-0.6263600167294499,98.35999780148268
21:05:58.303731,73,-1.9401321361914523,2.3507177073142116,-0.5546336325540366,-0.41748001115047373,53.63999880105257
21:05:58.303731,73,-1.9925653329754447,2.4142472174089087,-0.4411306823261391,-0.6958000185841229,10.99999975413084
21:05:58.303731,73,-1.803880593108461,2.276896362493057,-0.14536441748176718,-0.6263600167294499,54.63999877870083
21:05:58.303731,73,-1.8431088714354715,2.3264111278111543,-0.14852560001768664,-0.6263600167294499,103.11999769508839
21:05:58.303731,73,-1.8823371497624821,2.3759258931292515,-0.1516867825536061,-0.6263600167294499,110.23999753594398
21:05:58.303731,73,-1.9165283456339486,2.3700011699881065,-0.5546336325540366,-0.41748001115047373,52.999998815357685
21:05:58.303731,73,-1.7197547349332145,2.26222682840868,-0.1422032349458477,-0.6263600167294499,10.87999975681305
21:05:58.303731,73,-1.757984938600564,2.312516204349933,-0.14536441748176718,-0.6263600167294499,53.63999880105257
21:05:58.303731,73,-1.7962151422679133,2.3628055802911856,-0.14852560001768664,-0.6263600167294499,100.3599977567792
21:05:58.303731,73,-1.8344453459352625,2.4130949562324377,-0.1516867825536061,-0.6263600167294499,108.11999758332968
21:05:58.303731,73,-1.872055249181475,2.4121162940970087,-0.5241269307021703,-0.41748001115047373,48.99999890476465
21:05:58.303731,73,-1.7347722639808572,2.329980135505489,-0.14536441748176718,-0.6263600167294499,49.51999889314175
21:05:58.303731,73,-1.772497670787386,2.380649292655471,-0.14852560001768664,-0.6263600167294499,89.35999800264835
21:05:58.303731,73,-1.8092267157831303,2.4299802319453305,-0.1819907642462835,-0.6263600167294499,93.51999790966511
21:05:58.303731,73,-1.8478408868187457,2.4307159293584912,-0.5241269307021703,-0.41748001115047373,43.119999036192894
21:05:58.303731,73,-1.711386113588146,2.347211070599555,-0.14536441748176718,-0.6958000185841229,43.5199990272522
21:05:58.303731,73,-1.7476405054432433,2.396934922654029,-0.17819804074098614,-0.6263600167294499,74.99999832361937
21:05:58.303731,73,-1.780817657564464,2.4424382594706535,-0.2727814036917162,-0.6263600167294499,74.75999832898378
21:05:58.303731,73,-1.8234417419154572,2.449072495063493,-0.5241269307021703,-0.41748001115047373,36.51999918371439
21:05:58.303731,73,-1.6868998310193044,2.2372525198135085,1.2199723233805033,-0.6958000185841229,36.999999172985554
21:05:58.303731,73,-1.719702906490976,2.257645135630239,1.1185470764698042,-0.6263600167294499,60.87999863922596
21:05:58.303731,73,-1.7563046424497726,2.3056963023934633,1.0997864480813848,-0.6263600167294499,57.759998708963394
21:05:58.303731,73,-1.7988602543656582,2.2474628623601944,0.8551780141442433,-0.41748001115047373,30.51999931782484
21:05:58.303731,73,-1.6594415588726499,2.2257373447735698,1.13298210032095,-0.6958000185841229,30.999999307096004
21:05:58.303731,73,-1.69552877860746,2.274139575152435,1.1141274047202279,-0.6263600167294499,48.99999890476465
21:05:58.303731,73,-1.7316159983422699,2.3225418055312996,1.0952727091195058,-0.6263600167294499,44.63999900221825
21:05:58.303731,73,-1.7491601018274725,2.281735248957087,0.8459947558329188,-0.41748001115047373,25.239999435842037
21:05:58.303731,73,-1.6116268897922548,2.2573344922538134,1.1245156701704915,-0.6958000185841229,25.879999421536922
21:05:58.303731,73,-1.6466743028159303,2.3064238533110775,1.1054768584593977,-0.6958000185841229,39.519999116659164
21:05:58.303731,73,-1.699229657225659,2.29729553111067,0.9771228374026741,-0.41748001115047373,34.759999223053455
21:05:58.303731,73,-1.6204540122875883,2.312276155958554,1.0732817720175611,-0.6958000185841229,32.119999282062054
21:05:58.303731,73,-1.6492179918655783,2.329640129170486,0.9684561284730373,-0.41748001115047373,27.639999382197857
21:05:58.303731,73,-1.8033452280864746,2.474050811995113,-0.1311463939241353,-0.06972000186215155,4.999999888241291
21:05:58.303731,73,0.12473795754459635,0.044729482486987805,1.7844803456188332,-1.878800050180871,5.119999885559082
21:05:58.350548,74,-1.937166407350063,2.053250171685831,1.2993409557396571,-0.6263600167294499,20.119999550282955
21:05:58.350548,74,-1.9792931996020453,2.097901391682093,1.2841040004192283,-0.6263600167294499,20.87999953329563
21:05:58.350548,74,-1.9154235983606416,2.0718569072494186,1.2943552959716143,-0.6263600167294499,23.879999466240406
21:05:58.350548,74,-1.957077558338744,2.116912760570211,1.279009919478647,-0.6263600167294499,24.759999446570873
21:05:58.350548,74,-1.8934892486161277,2.0902526965816324,1.2894261590759144,-0.6263600167294499,27.759999379515648
21:05:58.350548,74,-1.9336013546147066,2.1268321329611406,1.2456328605616118,-0.6263600167294499,28.759999357163906
21:05:58.350548,74,-1.9703087816193123,2.143603431767059,1.1432191018645725,-0.6263600167294499,22.239999502897263
21:05:58.350548,74,-1.8480369843939313,2.1176966631073038,1.252007218635342,-0.6263600167294499,30.759999312460423
21:05:58.350548,74,-1.888225514310698,2.1637493754819084,1.235740915241388,-0.6263600167294499,32.359999276697636
21:05:58.350548,74,-1.9472875182683873,2.1625241262320425,1.1381493170624442,-0.6263600167294499,25.359999433159828
21:05:58.350548,74,-1.7858540369407627,2.0890003452239125,1.2636228901418591,-0.6263600167294499,17.359999611973763
21:05:58.350548,74,-1.8255536302406494,2.1354388908123183,1.2472532030498542,-0.6263600167294499,31.999999284744263
21:05:58.350548,74,-1.8610529363696824,2.1538516616526264,1.1463584540017262,-0.6263600167294499,34.759999223053455
21:05:58.350548,74,-1.9006631317849705,2.1996937135074353,1.1281897561690044,-0.6263600167294499,28.11999937146902
21:05:58.350548,74,-1.802887722253794,2.1529630625133747,1.2425576153945317,-0.6263600167294499,31.359999299049377
21:05:58.350548,74,-1.837946272223715,2.171716604463098,1.141571557002832,-0.6263600167294499,35.11999921500683
21:05:58.350548,74,-1.8752769126146256,2.2079395268318605,1.0947014736080127,-0.6263600167294499,29.759999334812164
21:05:58.350548,74,-1.7760331245560554,2.142759715845138,1.1552158889821724,-0.6263600167294499,28.759999357163906
21:05:58.350548,74,-1.8146558149903584,2.1893574645221903,1.1368447027962079,-0.6263600167294499,33.639999248087406
21:05:58.350548,74,-1.8515134014641559,2.225938691490496,1.0898786119732964,-0.6263600167294499,30.23999932408333
21:05:58.350548,74,-1.7299131186197751,2.176625684179933,1.1461415301159663,-0.6263600167294499,25.239999435842037
21:05:58.350548,74,-1.7675328555125724,2.2239599026858228,1.1275730074341148,-0.6263600167294499,30.51999931782484
21:05:58.350548,74,-1.803433324642405,2.261243941915432,1.0804185986333563,-0.6263600167294499,29.11999934911728
21:05:58.350548,74,-1.7065924734847593,2.1932228696370664,1.1416943276760978,-0.6263600167294499,21.639999516308308
21:05:58.350548,74,-1.7420443217626234,2.2310611377309044,1.0950432705649387,-0.6263600167294499,26.75999940186739
21:05:58.350548,74,-1.7729665984302565,2.246983498217013,0.9906039059860976,-0.5566400148672983,26.99999939650297
21:05:58.350548,74,-1.8073130371455024,2.282426420198785,0.9408710494628441,-0.6958000185841229,9.63999978452921
21:05:58.350548,74,-1.7180650229228802,2.2477723215065537,1.0905655223676853,-0.6263600167294499,22.99999948590994
21:05:58.350548,74,-1.8663752491541958,2.399567683256812,-0.05120506114680623,-0.974120026017772,5.239999882876873
21:05:58.404967,75,-2.46337732302657,1.5440937314534302,1.9168148662203697,-0.4872000130126253,5.359999880194664
21:05:58.404967,75,-2.5169474160922154,1.577672527573227,1.9150058719925678,-0.6263600167294499,4.999999888241291
21:05:58.404967,75,-2.4326264837824474,1.591387072077568,1.904142653792762,-0.6263600167294499,5.759999871253967
21:05:58.404967,75,-2.4855278505004255,1.6259943377846011,1.9020580819696202,-0.6263600167294499,5.359999880194664
21:05:58.404967,75,-2.3643263468056492,1.5796920059447008,1.9000879202431853,-0.6263600167294499,4.999999888241291
21:05:58.404967,75,-2.416885398360155,1.6148086105931505,1.8978668714620173,-0.6263600167294499,6.239999860525131
21:05:58.404967,75,-2.4694444499146604,1.6499252152416006,1.895645822680849,-0.6263600167294499,5.759999871253967
21:05:58.404967,75,-2.3328210778334637,1.6250644774297733,1.887930403150156,-0.6263600167294499,5.359999880194664
21:05:58.404967,75,-2.384679766234471,1.66118971359441,1.885439092368765,-0.6263600167294499,6.7599998489022255
21:05:58.404967,75,-2.4365384546354787,1.697314949759047,1.882947781587374,-0.6263600167294499,6.239999860525131
21:05:58.404967,75,-2.4883971430364857,1.7334401859236839,1.880456470805983,-0.6263600167294499,4.999999888241291
21:05:58.404967,75,-2.3003827115757223,1.6698192802526055,1.875938389876364,-0.6263600167294499,5.759999871253967
21:05:58.404967,75,-2.3600251820762637,1.6828269846173498,1.7596928352985688,-0.4872000130126253,7.239999838173389
21:05:58.404967,75,-2.411347716979589,1.7194227579634207,1.7544669703622218,-0.6263600167294499,6.7599998489022255
21:05:58.404967,75,-2.4537954589692705,1.78117969091175,1.8676647089973692,-0.6263600167294499,5.519999876618385
21:05:58.404967,75,-2.2670242229458424,1.7139385130895914,1.8641166770670128,-0.6263600167294499,6.239999860525131
21:05:58.404967,75,-2.3258018014160102,1.7280901053951314,1.74756461863925,-0.6263600167294499,7.879999823868275
21:05:58.404967,75,-2.3763800939859134,1.7656701979398253,1.7420750061685375,-0.6263600167294499,7.35999983549118
21:05:58.404967,75,-2.426958386555816,1.8032502904845191,1.7365853936978248,-0.6263600167294499,6.11999986320734
21:05:58.404967,75,-2.250004088181756,1.7357542659191958,1.8582711637140434,-0.6263600167294499,6.8799998462200165
21:05:58.404967,75,-2.290648131087054,1.772683072996282,1.7356159689824144,-0.6263600167294499,8.639999806880951
21:05:58.404967,75,-2.3404619506817785,1.811232911183325,1.729866513949971,-0.6263600167294499,8.119999818503857
21:05:58.404967,75,-2.3902757702765034,1.8497827493703678,1.7241170589175272,-0.6263600167294499,6.7599998489022255
21:05:58.404967,75,-2.322150908836062,1.8337517892325939,1.7238325987622143,-0.6263600167294499,8.879999801516533
21:05:58.404967,75,-2.3715750006957004,1.8727809137110867,1.7179547193550335,-0.6263600167294499,7.519999831914902
21:05:58.404967,75,-1.9758431733023718,2.1811644951436318,1.2585210221060343,-0.5566400148672983,32.99999926239252
21:05:58.404967,75,-2.0023413298224115,2.1462587350590625,1.0091379748970233,-0.4872000130126253,8.359999813139439
21:05:58.404967,75,-1.8682420120892476,2.2161866317431413,1.3446470424450427,-0.5566400148672983,34.879999220371246
21:05:58.404967,75,-1.7244743487399192,2.0593237888644347,1.2755012157564338,-0.5566400148672983,14.999999664723873
21:05:58.404967,75,-1.7646523147814503,2.114680504233114,1.286153444724203,-0.5566400148672983,47.11999894678593
21:05:58.404967,75,-1.8057765794399814,2.1865701091923793,1.3538923028397443,-0.5566400148672983,45.639998979866505
21:05:58.404967,75,-1.7197547349332145,2.1483384130047787,1.277134835249915,-0.5566400148672983,46.35999896377325
21:05:58.404967,75,-1.696112788494877,2.1562757476722605,1.2455965003853455,-0.5566400148672983,43.75999902188778
21:05:58.404967,75,-1.6694798814449066,2.145527718698595,1.1603595619117817,-0.5566400148672983,39.639999113976955
21:05:58.404967,75,-1.6464994345733825,2.16154280210379,1.1560683332466426,-0.5566400148672983,34.99999921768904
21:05:58.469427,76,-2.4722867712571137,1.5193923249274366,1.8034850203777364,-0.6263600167294499,5.119999885559082
21:05:58.469427,76,-2.4414247135619114,1.5668567142845482,1.790766975580262,-0.6263600167294499,5.519999876618385
21:05:58.469427,76,-2.4945174119056595,1.6009305279955672,1.7862168676914711,-0.6263600167294499,5.239999882876873
21:05:58.469427,76,-2.4095861185768332,1.6137154416688402,1.7782112174192908,-0.6263600167294499,5.999999865889549
21:05:58.469427,76,-2.4619864355787193,1.6488082736047367,1.7733880644200715,-0.6263600167294499,5.759999871253967
21:05:58.469427,76,-2.3250967450819737,1.6238514927394352,1.7709153277423595,-0.6263600167294499,5.359999880194664
21:05:58.469427,76,-2.3767837213147947,1.6599497642149712,1.765822768030455,-0.6263600167294499,6.6399998515844345
21:05:58.469427,76,-2.4284706975476165,1.6960480356905077,1.7607302083185505,-0.6263600167294499,6.239999860525131
21:05:58.469427,76,-2.3087026471729373,1.646231211271279,1.764918700234916,-0.6263600167294499,5.879999868571758
21:05:58.469427,76,-2.3600251820762637,1.6828269846173498,1.7596928352985688,-0.6263600167294499,7.239999838173389
21:05:58.469427,76,-2.411347716979589,1.7194227579634207,1.7544669703622218,-0.6263600167294499,6.8799998462200165
21:05:58.469427,76,-2.2752235088461075,1.6905100128504376,1.7530542311099626,-0.6263600167294499,6.5199998542666435
21:05:58.469427,76,-2.3258018014160102,1.7280901053951314,1.74756461863925,-0.6263600167294499,8.119999818503857
21:05:58.469427,76,-2.3811422196240257,1.7383753695224757,1.6264873415935073,-0.6263600167294499,7.639999829232693
21:05:58.469427,76,-2.431821868111018,1.7753745256164595,1.6185375895469991,-0.4872000130126253,5.239999882876873
21:05:58.469427,76,-2.195411167818726,1.6701168526094037,1.6388847302283875,-0.6263600167294499,5.119999885559082
21:05:58.469427,76,-2.245324811371758,1.7080876976588446,1.6306746149109703,-0.6263600167294499,7.239999838173389
21:05:58.469427,76,-2.2952384549247897,1.7460585427082853,1.622464499593553,-0.6263600167294499,8.999999798834324
21:05:58.469427,76,-2.3451520984778216,1.7840293877577265,1.614254384276136,-0.6263600167294499,8.359999813139439
21:05:58.469427,76,-2.3950657420308534,1.8220002328071672,1.6060442689587189,-0.4872000130126253,5.759999871253967
21:05:58.469427,76,-2.209968600146338,1.751123960947359,1.6191430829175597,-0.6263600167294499,8.119999818503857
21:05:58.469427,76,-2.2590962739743867,1.7900515035288265,1.610676621269035,-0.6263600167294499,10.119999773800373
21:05:58.469427,76,-2.308223947802435,1.8289790461102942,1.6022101596205107,-0.6263600167294499,9.519999787211418
21:05:58.469427,76,-2.3582949081080478,1.8372276298359294,1.4762962310823498,-0.4872000130126253,6.239999860525131
21:05:58.469427,76,-2.2406854126570366,1.8117839608660764,1.6048534268759753,-0.6263600167294499,11.519999742507935
21:05:58.469427,76,-2.2894127127603743,1.8511841106081357,1.596260330520433,-0.6263600167294499,10.639999762177467
21:05:58.469427,76,-2.065959252549007,1.9697533319644402,1.4420956787948347,-0.6263600167294499,30.51999931782484
21:05:58.469427,76,-1.9805798135135826,1.9655717709740312,1.4438709259724098,-0.6263600167294499,28.759999357163906
21:05:58.469427,76,-2.0243044734148468,2.001437099820378,1.4034985431933156,-0.6263600167294499,37.35999916493893
21:05:58.469427,76,-2.068326222750755,2.0449615614203913,1.3905266617619856,-0.6263600167294499,32.87999926507473
21:05:58.469427,76,-1.9597617820945574,1.9769417500974302,1.411371589464504,-0.6263600167294499,35.63999920338392
21:05:58.469427,76,-2.0033273502230102,2.0208892294731133,1.3982863607617997,-0.6263600167294499,46.23999896645546
21:05:58.469427,76,-2.0447437704228286,2.0395932012762668,1.2997276329505898,-0.6263600167294499,40.11999910324812
21:05:58.469427,76,-1.9370089533778572,1.9715829718438973,1.32449631296678,-0.6263600167294499,44.63999900221825
21:05:58.469427,76,-1.980068725384236,2.015411325404789,1.3094798440431876,-0.6263600167294499,57.51999871432781
21:05:58.469427,76,-2.0231284973906147,2.059239678965681,1.2944633751195953,-0.6263600167294499,48.75999891012907
21:05:58.469427,76,-2.1905854364170336,2.0000046385247847,0.7355957413323118,-0.7655200204462744,5.759999871253967
21:05:58.469427,76,-2.2335547429307185,2.039235618021355,0.710793890080728,-0.7655200204462744,7.519999831914902
21:05:58.469427,76,-1.8950396150980802,2.0085989516895686,1.3145779110600855,-0.6263600167294499,55.99999874830246
21:05:58.469427,76,-1.937166407350063,2.053250171685831,1.2993409557396571,-0.6263600167294499,70.75999841839075
21:05:58.469427,76,-1.9792931996020453,2.097901391682093,1.2841040004192283,-0.6263600167294499,58.75999868661165
21:05:58.469427,76,-2.03818128662131,2.0855205155612984,1.1587823723559505,-0.4872000130126253,29.639999337494373
21:05:58.469427,76,-1.826983871432117,1.9473645432144988,1.219342581811172,-0.6263600167294499,29.639999337494373
21:05:58.469427,76,-1.8727383000171192,2.0183123449634586,1.2825636827262188,-0.6263600167294499,69.51999844610691
21:05:58.469427,76,-1.914369333309829,2.0631794940079855,1.2666150500691353,-0.6263600167294499,84.75999810546637
21:05:58.469427,76,-1.956000366602539,2.1080466430525115,1.2506664174120519,-0.6263600167294499,68.51999846845865
21:05:58.469427,76,-1.993133015742802,2.1244613187117194,1.1483482155991758,-0.4872000130126253,34.23999923467636
21:05:58.469427,76,-1.8060622835139792,1.9649109545884544,1.2146410350534564,-0.6263600167294499,33.11999925971031
21:05:58.469427,76,-1.8471239080403123,2.0095840738831057,1.1967855517562354,-0.6263600167294499,82.99999814480543
21:05:58.469427,76,-1.8924470564135183,2.0815651581450245,1.2616886262113058,-0.6263600167294499,95.99999785423279
21:05:58.469427,76,-1.9292471570929792,2.098930312472408,1.1610745851617934,-0.4872000130126253,75.87999830394983
21:05:58.469427,76,-1.9703087816193123,2.143603431767059,1.1432191018645725,-0.4872000130126253,38.239999145269394
21:05:58.469427,76,-1.7849600908806107,1.9822544050008377,1.209993871521489,-0.6263600167294499,35.63999920338392
21:05:58.469427,76,-1.825541947727555,2.027321835308639,1.192032732906728,-0.6263600167294499,92.11999794095755
21:05:58.469427,76,-1.866123804574499,2.07238926561644,1.1740715942919666,-0.6263600167294499,100.11999776214361
21:05:58.469427,76,-1.906705661421443,2.117456695924241,1.1561104556772055,-0.6263600167294499,77.99999825656414
21:05:58.469427,76,-1.9454328780183239,2.1525775419353215,1.1095356727524244,-0.4872000130126253,40.759999088943005
21:05:58.469427,76,-1.9635419151607814,2.1082157420413963,0.8609063058119153,-0.4872000130126253,8.239999815821648
21:05:58.469427,76,-1.7405630185331893,2.0071756268441154,1.174644854179177,-0.6263600167294499,36.63999918103218
21:05:58.469427,76,-1.7801354883111276,2.052809652148893,1.1558800400263491,-0.6263600167294499,92.87999792397022
21:05:58.469427,76,-1.8214427409543943,2.1080096097978176,1.1645271518344478,-0.6263600167294499,95.3599978685379
21:05:58.469427,76,-1.8592804278670039,2.1440777027584472,1.1183504117206935,-0.6263600167294499,73.99999834597111
21:05:58.469427,76,-1.9155889078730113,2.1400652924639476,1.0192525528738163,-0.4872000130126253,40.759999088943005
21:05:58.469427,76,-1.7130055364645933,1.995175965728201,1.092029938248216,-0.6263600167294499,35.759999200701714
21:05:58.469427,76,-1.7519514747037686,2.0405371734321225,1.071386837455333,-0.6263600167294499,84.63999810814857
21:05:58.469427,76,-1.797114629436454,2.1159117343625917,1.1324346741314348,-0.6263600167294499,83.8799981251359
21:05:58.469427,76,-1.8361957710255397,2.161925630597226,1.1135680738697238,-0.6263600167294499,65.51999853551388
21:05:58.469427,76,-1.8687892894212943,2.1766207965438857,1.0094575350766841,-0.4872000130126253,38.239999145269394
21:05:58.469427,76,-1.6890026430455587,2.001625657158675,1.0617625377312163,-0.6263600167294499,33.359999254345894
21:05:58.469427,76,-1.729750743641518,2.0573526436461544,1.0668811457911334,-0.6263600167294499,71.63999839872122
21:05:58.469427,76,-1.7682031589074267,2.1030876597996095,1.046137883326074,-0.4872000130126253,69.99999843537807
21:05:58.469427,76,-1.8066555741733352,2.148822675953065,1.0253946208610143,-0.4872000130126253,55.359998762607574
21:05:58.469427,76,-1.8426035304253308,2.1836570343194026,0.9764375636284117,-0.4872000130126253,33.99999924004078
21:05:58.469427,76,-1.6671560004060348,2.017834793426896,1.0574193127581404,-0.6263600167294499,29.879999332129955
21:05:58.469427,76,-1.7050595291715567,2.0637111595966484,1.035989324092415,-0.6263600167294499,58.11999870091677
21:05:58.469427,76,-1.7429630579370785,2.1095875257664014,1.0145593354266897,-0.4872000130126253,56.99999872595072
21:05:58.469427,76,-1.7808665867026001,2.155463891936153,0.9931293467609645,-0.4872000130126253,45.639998979866505
21:05:58.469427,76,-1.818770115468122,2.201340258105905,0.9716993580952393,-0.4872000130126253,29.23999934643507
21:05:58.469427,76,-1.674676441634911,2.048036612097001,0.9528833957626581,-0.4872000130126253,46.51999896019697
21:05:58.469427,76,-1.7119045533767292,2.093564532566251,0.9296059596083619,-0.4872000130126253,45.99999897181988
21:05:58.469427,76,-1.7491326651185475,2.1390924530355018,0.9063285234540654,-0.4872000130126253,37.35999916493893
21:05:58.469427,76,-1.7863607768603653,2.184620373504752,0.883051087299769,-0.4872000130126253,24.639999449253082
21:05:58.469427,76,-1.6491819320915346,2.0529858923156414,0.9225510627681459,-0.4872000130126253,37.239999167621136
21:05:58.469427,76,-1.685843300057369,2.0986238354450553,0.8985993378652677,-0.4872000130126253,37.35999916493893
21:05:58.469427,76,-1.722504668023203,2.1442617785744686,0.8746476129623892,-0.4872000130126253,30.63999931514263
21:05:58.469427,76,-1.7622791710780414,2.201759130814458,0.8784587711193603,-0.4872000130126253,20.51999954134226
21:05:58.469427,76,-1.613344234861682,2.02216513263213,0.8153410247114472,-0.4872000130126253,30.119999326765537
21:05:58.469427,76,-0.005948314323413765,0.15080063858248915,1.7969414098336338,0.974120026017772,5.119999885559082
21:05:58.524788,77,-2.409807229960924,1.4801070817670519,0.31234671833933236,-0.6263600167294499,5.879999868571758
21:05:58.524788,77,-2.46337732302657,1.5130099103134946,0.3192901960425088,-0.5566400148672983,5.759999871253967
21:05:58.524788,77,-2.379725117064469,1.5280040007413003,0.31234671833933236,-0.6263600167294499,6.359999857842922
21:05:58.524788,77,-2.4326264837824474,1.561971579353685,0.3192901960425088,-0.6263600167294499,6.359999857842922
21:05:58.524788,77,-2.3047854845730615,1.5458417892351026,0.1945810061929993,-0.6263600167294499,5.119999885559082
21:05:58.524788,77,-2.3571858015749476,1.5809871857732478,0.19900489139850155,-0.6263600167294499,6.9999998435378075
21:05:58.524788,77,-2.4095861185768332,1.616132582311393,0.20342877660400377,-0.5566400148672983,6.9999998435378075
21:05:58.524788,77,-2.4619864355787193,1.6512779788495384,0.207852661809506,-0.5566400148672983,5.119999885559082
21:05:58.524788,77,-2.2734097688491524,1.5916252668720454,0.1945810061929993,-0.6263600167294499,5.639999873936176
21:05:58.524788,77,-2.3250967450819737,1.6278115710164223,0.19900489139850155,-0.6263600167294499,7.759999826550484
21:05:58.524788,77,-2.3767837213147947,1.6639978751607993,0.20342877660400377,-0.5566400148672983,7.759999826550484
21:05:58.524788,77,-2.4284706975476165,1.7001841793051766,0.207852661809506,-0.5566400148672983,5.639999873936176
21:05:58.524788,77,-2.2573801122696113,1.614279404556071,0.1945810061929993,-0.6263600167294499,6.239999860525131
21:05:58.524788,77,-2.3087026471729373,1.6509807605367222,0.19900489139850155,-0.6263600167294499,8.51999980956316
21:05:58.524788,77,-2.3600251820762637,1.6876821165173734,0.20342877660400377,-0.5566400148672983,8.639999806880951
21:05:58.524788,77,-2.411347716979589,1.7243834724980245,0.207852661809506,-0.5566400148672983,6.239999860525131
21:05:58.524788,77,-2.2246452162762043,1.659101150907824,0.1945810061929993,-0.6263600167294499,6.8799998462200165
21:05:58.524788,77,-2.2752235088461075,1.6968215491087295,0.19900489139850155,-0.6263600167294499,9.519999787211418
21:05:58.524788,77,-2.3258018014160102,1.7345419473096355,0.20342877660400377,-0.5566400148672983,9.759999781847
21:05:58.524788,77,-2.3811422196240257,1.775813854789034,0.08913912996883075,-0.5566400148672983,6.9999998435378075
21:05:58.524788,77,-2.1454975242656946,1.6678705560643532,0.08155026822672116,-0.6263600167294499,5.359999880194664
21:05:58.524788,77,-2.1910204918976053,1.7032592789499323,0.1945810061929993,-0.6263600167294499,7.759999826550484
21:05:58.524788,77,-2.2408343114923297,1.7419836317154187,0.19900489139850155,-0.6263600167294499,10.639999762177467
21:05:58.524788,77,-2.290648131087054,1.780707984480905,0.20342877660400377,-0.5566400148672983,10.99999975413084
21:05:58.524788,77,-2.3451520984778216,1.8230783724079969,0.08913912996883075,-0.5566400148672983,7.879999823868275
21:05:58.524788,77,-2.1117132524902402,1.7104440820072806,0.08155026822672116,-0.6263600167294499,5.999999865889549
21:05:58.524788,77,-2.173878633257146,1.725083955960494,0.1945810061929993,-0.6263600167294499,8.639999806880951
21:05:58.524788,77,-2.2233027251167847,1.7643045024071156,0.19900489139850155,-0.6263600167294499,12.11999972909689
21:05:58.524788,77,-2.2727268169764234,1.8035250488537373,0.20342877660400377,-0.6263600167294499,12.639999717473984
21:05:58.524788,77,-2.308223947802435,1.8696136830179813,0.08913912996883075,-0.5566400148672983,8.999999798834324
21:05:58.524788,77,-2.1875743425128196,1.8084147424485753,0.19900489139850155,-0.6263600167294499,13.759999692440033
21:05:58.524788,77,-2.2406854126570366,1.8523203781883393,0.08724191453330335,-0.5566400148672983,14.51999967545271
21:05:58.524788,77,-2.2894127127603743,1.8926020573770663,0.08913912996883075,-0.5566400148672983,10.239999771118164
21:05:58.524788,77,-2.2031933535074697,1.896760646208777,0.08724191453330335,-0.5566400148672983,16.759999625384808
21:05:58.524788,77,-2.2511053286181273,1.9380087503424215,0.08913912996883075,-0.5566400148672983,11.879999734461308
21:05:58.524788,77,-2.1841159048497567,1.9186973748166112,0.08724191453330335,-0.5566400148672983,19.519999563694
21:05:58.524788,77,-2.145307707822114,1.9619930531744638,0.08724191453330335,-0.5566400148672983,23.11999948322773
21:05:58.524788,77,-2.1255808402393734,1.9833476733929194,0.08724191453330335,-0.5566400148672983,27.519999384880066
21:05:58.524788,77,-2.0860129811243837,2.0259663368995326,0.058166123540360964,-0.5566400148672983,32.99999926239252
21:05:58.524788,77,-2.1316964381051875,2.070334778914893,-0.029717005458087066,-0.5566400148672983,22.879999488592148
21:05:58.524788,77,-2.065959252549007,2.047031878436288,-0.029084515983796157,-0.5566400148672983,40.11999910324812
21:05:58.524788,77,-2.110886851903906,2.0915478716668523,-0.029717005458087066,-0.5566400148672983,27.359999388456345
21:05:58.524788,77,-1.9805798135135826,2.0425333329021282,-0.02845202650950525,-0.5566400148672983,44.519999004900455
21:05:58.524788,77,-2.0246081671572815,2.0879389152959633,-0.029084515983796157,-0.5566400148672983,48.75999891012907
21:05:58.524788,77,-2.0686365208009803,2.1333444976897984,-0.029717005458087066,-0.5566400148672983,32.87999926507473
21:05:58.524788,77,-1.9164836889023609,2.01639308636627,-0.02781953703521434,-0.6263600167294499,38.87999913096428
21:05:58.524788,77,-1.9600557929005904,2.0622366746885796,-0.02845202650950525,-0.5566400148672983,54.63999877870083
21:05:58.524788,77,-2.00362789689882,2.1080802630108897,-0.029084515983796157,-0.5566400148672983,59.35999867320061
21:05:58.524788,77,-2.0468929183514635,2.15360076007735,-0.05943103924052525,-0.5566400148672983,39.23999912291765
21:05:58.524788,77,-1.8962242711715795,2.0354567846049454,-0.02781953703521434,-0.6263600167294499,47.63999893516302
21:05:58.524788,77,-1.9393357683504444,2.081733794535306,-0.02845202650950525,-0.5566400148672983,67.11999849975109
21:05:58.524788,77,-1.9824472655293095,2.1280108044656667,-0.029084515983796157,-0.5566400148672983,71.23999840766191
21:05:58.524788,77,-2.0231284973906147,2.1716791039685623,-0.14852560001768664,-0.5566400148672983,45.99999897181988
21:05:58.524788,77,-1.8548603449820065,2.0726607148362426,-0.055636292140032385,-0.6263600167294499,57.2399987205863
21:05:58.524788,77,-1.8970314150108027,2.11978357256931,-0.05690120784019668,-0.5566400148672983,81.2399981841445
21:05:58.524788,77,-1.9392024850395995,2.166906430302377,-0.058166123540360964,-0.5566400148672983,83.3599981367588
21:05:58.524788,77,-1.9792931996020453,2.211704654237722,-0.14852560001768664,-0.5566400148672983,52.23999883234501
21:05:58.524788,77,-1.7904617184263347,2.0414175194498028,-0.13588086987400877,-0.6263600167294499,20.51999954134226
21:05:58.524788,77,-1.8321156784044372,2.0889098074884966,-0.13904205240992823,-0.6263600167294499,66.35999851673841
21:05:58.524788,77,-1.875739082278307,2.1386475818344475,-0.05690120784019668,-0.5566400148672983,95.3599978685379
21:05:58.524788,77,-1.9154235983606416,2.1838943835658857,-0.14536441748176718,-0.5566400148672983,92.87999792397022
21:05:58.524788,77,-1.957077558338744,2.2313866716045796,-0.14852560001768664,-0.5566400148672983,56.35999874025583
21:05:58.524788,77,-2.0068711020634935,2.242520793675963,-0.3934396327936877,-0.5566400148672983,9.519999787211418
21:05:58.524788,77,-1.811135323929884,2.1071262138966365,-0.13904205240992823,-0.6263600167294499,72.35999838262796
21:05:58.524788,77,-1.852312286273006,2.1550326599890024,-0.1422032349458477,-0.5566400148672983,105.87999763339758
21:05:58.524788,77,-1.8934892486161277,2.2029391060813683,-0.14536441748176718,-0.5566400148672983,96.99999783188105
21:05:58.524788,77,-1.9336013546147066,2.249606668094795,-0.17819804074098614,-0.5566400148672983,57.35999871790409
21:05:58.524788,77,-1.7686333950646311,2.142925093590333,-0.13904205240992823,-0.6263600167294499,72.75999837368727
21:05:58.524788,77,-1.8088440572637101,2.1916454430402204,-0.1422032349458477,-0.5566400148672983,108.87999756634235
21:05:58.524788,77,-1.849054719462789,2.240365792490109,-0.14536441748176718,-0.5566400148672983,94.23999789357185
21:05:58.524788,77,-1.906705661421443,2.26372079467557,-0.26709658531165,-0.5566400148672983,54.75999877601862
21:05:58.524788,77,-1.7461544436408758,2.0425617996355063,1.2799925772338643,-0.6263600167294499,67.35999849438667
21:05:58.524788,77,-1.786837527150431,2.0975279828779634,1.290749448969473,-0.5566400148672983,103.11999769508839
21:05:58.524788,77,-1.8255536302406494,2.1354388908123183,1.2472532030498542,-0.5566400148672983,85.75999808311462
21:05:58.524788,77,-1.8610529363696824,2.1538516616526264,1.1463584540017262,-0.5566400148672983,49.51999889314175
21:05:58.524788,77,-1.7244743487399192,2.0593237888644347,1.2755012157564338,-0.6263600167294499,58.51999869197607
21:05:58.524788,77,-1.7636810354968566,2.106143425688905,1.2590294155754829,-0.5566400148672983,90.8799979686737
21:05:58.524788,77,-1.7988278733953647,2.125494319535937,1.1598421379802262,-0.5566400148672983,74.23999834060669
21:05:58.524788,77,-1.8361957710255397,2.161925630597226,1.1135680738697238,-0.5566400148672983,43.119999036192894
21:05:58.524788,77,-1.698787743687449,2.0495642184910348,1.1919582613541013,-0.41748001115047373,48.75999891012907
21:05:58.524788,77,-1.737410434121752,2.0961619671680873,1.1735870751681368,-0.5566400148672983,76.51999828964472
21:05:58.524788,77,-1.7760331245560554,2.142759715845138,1.1552158889821724,-0.5566400148672983,62.639998599886894
21:05:58.524788,77,-1.8066555741733352,2.148822675953065,1.0253946208610143,-0.5566400148672983,36.75999917834997
21:05:58.524788,77,-1.6546736448341806,2.0819572471681536,1.183278575479669,-0.41748001115047373,39.759999111294746
21:05:58.524788,77,-1.6922933817269779,2.1292914656740436,1.1647100527978176,-0.5566400148672983,62.879998594522476
21:05:58.524788,77,-1.7282655106169476,2.1669944003495996,1.1187471150329875,-0.5566400148672983,52.11999883502722
21:05:58.524788,77,-1.7808665867026001,2.155463891936153,0.9931293467609645,-0.5566400148672983,31.119999304413795
21:05:58.524788,77,-1.6308125862349183,2.0886050593648107,1.1528259034951323,-0.41748001115047373,32.359999276697636
21:05:58.524788,77,-1.66788983141082,2.1360904188201757,1.1335650258517342,-0.41748001115047373,51.23999885469675
21:05:58.524788,77,-1.6990686495994733,2.1533283375829266,1.032675934286842,-0.5566400148672983,43.239999033510685
21:05:58.524788,77,-1.6028001712635072,2.0752632086765446,1.0705706261761723,-0.41748001115047373,26.519999407231808
21:05:58.524788,77,-1.6392405417999616,2.122445235257706,1.0494396384355693,-0.41748001115047373,41.879999063909054
21:05:58.574918,78,-2.418522927941998,1.4863507005328485,1.8077585539727539,-0.6263600167294499,5.119999885559082
21:05:58.574918,78,-2.3399189988201443,1.4728480183372619,1.6917427550634367,-0.6263600167294499,5.119999885559082
21:05:58.574918,78,-2.393118091801947,1.5063338692214574,1.6847343903106555,-0.6263600167294499,5.519999876618385
21:05:58.574918,78,-2.3094041388338895,1.5177585272945795,1.679709020456653,-0.6263600167294499,5.639999873936176
21:05:58.574918,78,-2.3619094629824313,1.5522654384561116,1.6724270634271357,-0.6263600167294499,5.999999865889549
21:05:58.574918,78,-2.2779655480250387,1.5620705919354894,1.6678356385211655,-0.6263600167294499,6.11999986320734
21:05:58.574918,78,-2.329756101911661,1.5975849574782355,1.6602837349037907,-0.6263600167294499,6.6399998515844345
21:05:58.574918,78,-2.2456158014101772,1.6057664880257478,1.6561273584512264,-0.6263600167294499,6.6399998515844345
21:05:58.574918,78,-2.296670869504783,1.6422742990852837,1.6483092619099036,-0.6263600167294499,7.239999838173389
21:05:58.574918,78,-2.3477259375993893,1.6787821101448193,1.6404911653685808,-0.6263600167294499,5.119999885559082
21:05:58.574918,78,-2.229103274163048,1.627377901240524,1.6503365977330318,-0.6263600167294499,7.35999983549118
21:05:58.574918,78,-2.279782922650041,1.6643770573345078,1.6423868456865236,-0.6263600167294499,8.119999818503857
21:05:58.574918,78,-2.3313950980497133,1.6719404825829274,1.5218943912822227,-0.3480400092958007,5.759999871253967
21:05:58.574918,78,-2.146356038024828,1.604647371361964,1.541889929951338,-0.5566400148672983,5.119999885559082
21:05:58.574918,78,-2.195411167818726,1.6701168526094037,1.6388847302283875,-0.6263600167294499,8.239999815821648
21:05:58.574918,78,-2.245324811371758,1.7080876976588446,1.6306746149109703,-0.6263600167294499,8.999999798834324
21:05:58.574918,78,-2.296156887023526,1.7166406913494334,1.5099170064417349,-0.6263600167294499,6.359999857842922
21:05:58.574918,78,-2.3460905033564257,1.7539717980119232,1.4992593652718669,-0.3480400092958007,4.999999888241291
21:05:58.574918,78,-2.112558247584433,1.6457866947665347,1.5308666814679204,-0.5566400148672983,5.639999873936176
21:05:58.574918,78,-2.161705579689156,1.6840748817804136,1.5199525913908063,-0.5566400148672983,9.119999796152115
21:05:58.574918,78,-2.209968600146338,1.751123960947359,1.6191430829175597,-0.6263600167294499,10.239999771118164
21:05:58.574918,78,-2.2600002438986015,1.7606512558081715,1.498124411236578,-0.6263600167294499,7.1199998408555984
21:05:58.574918,78,-2.3091475760033244,1.7989394428220504,1.4872103211594638,-0.3480400092958007,5.519999876618385
21:05:58.574918,78,-2.1440884191922365,1.704870442743223,1.5143804376246692,-0.5566400148672983,10.359999768435955
21:05:58.574918,78,-2.192835217364023,1.7436314260298906,1.503339662168077,-0.6263600167294499,11.639999739825726
21:05:58.574918,78,-2.241582015535809,1.7823924093165577,1.4922988867114848,-0.6263600167294499,7.999999821186066
21:05:58.574918,78,-2.156143807132912,1.785640736988089,1.4920833012222399,-0.6263600167294499,13.239999704062939
21:05:58.574918,78,-2.0186068195023505,1.895156154360289,1.3449748169915936,-0.6263600167294499,29.879999332129955
21:05:58.574918,78,-1.9782035139373584,1.933763663661356,1.3346299660525958,-0.6263600167294499,35.759999200701714
21:05:58.574918,78,-2.021066018230724,1.968126226450195,1.2920844963491847,-0.41748001115047373,25.51999942958355
21:05:58.574918,78,-1.957704118043427,1.9527727958042558,1.329536484446089,-0.6263600167294499,42.63999904692173
21:05:58.574918,78,-1.9956184603047693,1.9604509869769844,1.2040653656555387,-0.41748001115047373,31.119999304413795
21:05:58.574918,78,-1.8929067360180618,1.9194843304588594,1.3129710857062133,-0.6263600167294499,37.239999167621136
21:05:58.574918,78,-1.9359428075684366,1.9631246553695434,1.2973511795850479,-0.6263600167294499,49.99999888241291
21:05:58.574918,78,-1.9745224978122689,1.9796254547631627,1.1989275824969359,-0.41748001115047373,38.1199991479516
21:05:58.574918,78,-1.8682768828271774,1.9116698762080833,1.228906939009639,-0.5566400148672983,41.11999908089638
21:05:58.574918,78,-1.9107529837757105,1.955132536046387,1.211375797346217,-0.6263600167294499,56.87999872863293
21:05:58.574918,78,-1.9532290847242437,1.998595195884691,1.1938446556827949,-0.41748001115047373,45.99999897181988
21:05:58.574918,78,-1.7854465853544457,1.9030903493401938,1.2370911733641712,-0.5566400148672983,17.639999605715275
21:05:58.574918,78,-1.826983871432117,1.9473645432144988,1.219342581811172,-0.5566400148672983,43.5199990272522
21:05:58.574918,78,-1.8685211575097882,1.991638737088804,1.2015939902581732,-0.6263600167294499,61.87999861687422
21:05:58.574918,78,-1.908239261142023,2.0264156651107914,1.1564150736132146,-0.41748001115047373,53.51999880373478
21:05:58.574918,78,-1.8060622835139792,1.9649109545884544,1.2146410350534564,-0.5566400148672983,43.75999902188778
21:05:58.574918,78,-1.8471239080403123,2.0095840738831057,1.1967855517562354,-0.6263600167294499,63.35999858379364
21:05:58.574918,78,-1.8798611225915052,2.014975316629852,1.0697475145216244,-0.41748001115047373,58.75999868661165
21:05:58.574918,78,-1.7832600549083941,1.9731369758365944,1.183765483228087,-0.5566400148672983,41.999999061226845
21:05:58.574918,78,-1.8238032606858767,2.017997117361276,1.1652080306091714,-0.6263600167294499,60.99999863654375
21:05:58.574918,78,-1.8578966577471792,2.0330274505232624,1.0649104598232264,-0.41748001115047373,59.63999866694212
21:05:58.574918,78,-1.8868566684671673,2.0336979551026557,0.9345688940618551,-0.41748001115047373,23.639999471604824
21:05:58.574918,78,-1.7559039017142397,1.9616677573755195,1.1010084356161307,-0.5566400148672983,38.6399991363287
21:05:58.574918,78,-1.7958251532539324,2.0062671411476267,1.0805694649305522,-0.5566400148672983,55.519998759031296
21:05:58.574918,78,-1.8357464047936254,2.0508665249197335,1.0601304942449734,-0.41748001115047373,55.75999875366688
21:05:58.574918,78,-1.7130055364645933,1.995175965728201,1.092029938248216,-0.5566400148672983,34.35999923199415
21:05:58.574918,78,-1.7519514747037686,2.0405371734321225,1.071386837455333,-0.5566400148672983,48.35999891906977
21:05:58.574918,78,-1.7884665367045285,2.075475398958559,1.0236996522569592,-0.41748001115047373,48.75999891012907
21:05:58.574918,78,-1.7274028648905015,2.0471335014488568,1.040431294205515,-0.5566400148672983,41.11999908089638
21:05:58.574918,78,-1.7575444455275404,2.0600511122835585,0.9385858535087139,-0.41748001115047373,40.879999086260796
21:05:58.574918,78,-1.7050595291715567,2.0637111595966484,1.035989324092415,-0.41748001115047373,34.639999225735664
21:05:58.574918,78,-1.734811239287386,2.076918035217227,0.9340663751298397,-0.41748001115047373,33.519999250769615
21:05:58.574918,78,-1.7088804070203472,2.0822284426741122,0.9029924701178329,-0.41748001115047373,27.359999388456345
21:05:58.574918,78,-1.6420154173427486,1.887399536232817,-0.22950901019792846,-1.4613200390303973,5.239999882876873
21:05:58.635365,79,-2.418522927941998,1.4863507005328485,1.8077585539727539,-0.4872000130126253,5.519999876618385
21:05:58.635365,79,-2.461902230583852,1.516114643620889,1.6840777816584847,-0.4872000130126253,4.999999888241291
21:05:58.635365,79,-2.3883320152181633,1.5327829005735298,1.7953170834690528,-0.4872000130126253,5.999999865889549
21:05:58.635365,79,-2.4463171847837493,1.539819720105653,1.677726025557874,-0.4872000130126253,5.359999880194664
21:05:58.635365,79,-2.3047854845730615,1.543529777797048,1.7878575234177299,-0.5566400148672983,5.239999882876873
21:05:58.635365,79,-2.3619094629824313,1.5522654384561116,1.6724270634271357,-0.4872000130126253,6.6399998515844345
21:05:58.635365,79,-2.4153809072460346,1.5572907604139041,1.552614691749865,-0.4872000130126253,5.999999865889549
21:05:58.635365,79,-2.2734097688491524,1.587753221263899,1.7760078874542637,-0.5566400148672983,5.759999871253967
21:05:58.635365,79,-2.329756101911661,1.5975849574782355,1.6602837349037907,-0.4872000130126253,7.239999838173389
21:05:58.635365,79,-2.382499623838981,1.603636271402877,1.540196449507562,-0.4872000130126253,6.5199998542666435
21:05:58.635365,79,-2.2456158014101772,1.6057664880257478,1.6561273584512264,-0.5566400148672983,6.239999860525131
21:05:58.635365,79,-2.296670869504783,1.6422742990852837,1.6483092619099036,-0.4872000130126253,7.999999821186066
21:05:58.635365,79,-2.34866537239123,1.6493373383433343,1.5279508855276258,-0.4872000130126253,7.239999838173389
21:05:58.635365,79,-2.4074842775264726,1.5938281956231917,1.2964162894667914,-0.6263600167294499,4.999999888241291
21:05:58.635365,79,-2.229103274163048,1.627377901240524,1.6503365977330318,-0.5566400148672983,6.9999998435378075
21:05:58.635365,79,-2.279782922650041,1.6643770573345078,1.6423868456865236,-0.4872000130126253,8.999999798834324
21:05:58.635365,79,-2.3313950980497133,1.6719404825829274,1.5218943912822227,-0.4872000130126253,8.119999818503857
21:05:58.635365,79,-2.3725726793413737,1.6400015383705022,1.2840441795658042,-0.6263600167294499,5.519999876618385
21:05:58.635365,79,-2.195411167818726,1.6701168526094037,1.6388847302283875,-0.5566400148672983,7.759999826550484
21:05:58.635365,79,-2.245324811371758,1.7080876976588446,1.6306746149109703,-0.4872000130126253,10.119999773800373
21:05:58.635365,79,-2.2934019580878933,1.6844765812043232,1.3981535414991026,-0.4872000130126253,9.119999796152115
21:05:58.635365,79,-2.3367120837608404,1.6854912514478722,1.2718552476827996,-0.6263600167294499,5.999999865889549
21:05:58.635365,79,-2.1117132524902402,1.6732688757844238,1.636076006214609,-0.5566400148672983,5.359999880194664
21:05:58.635365,79,-2.160840926318289,1.7121964183658915,1.6276095445660843,-0.4872000130126253,8.759999804198742
21:05:58.635365,79,-2.2108529117938787,1.7223630687942926,1.5090385013136922,-0.4872000130126253,11.359999746084213
21:05:58.635365,79,-2.257288695701856,1.7284343417896908,1.3863750950491727,-0.4872000130126253,10.239999771118164
21:05:58.635365,79,-2.318430379700378,1.7079740499548655,1.265830999979259,-0.4872000130126253,6.6399998515844345
21:05:58.635365,79,-2.3616029542124273,1.6404159050331126,1.0288702351441532,-0.6263600167294499,5.239999882876873
21:05:58.635365,79,-2.405366562244277,1.5942033148122812,0.8729097622629487,-0.974120026017772,5.239999882876873
21:05:58.635365,79,-2.192835217364023,1.7436314260298906,1.503339662168077,-0.4872000130126253,12.999999709427357
21:05:58.635365,79,-2.2388925655286718,1.7501494102630202,1.3805565599881575,-0.4872000130126253,11.759999737143517
21:05:58.635365,79,-2.281173299631698,1.7524042898252188,1.2539259530864766,-0.4872000130126253,7.35999983549118
21:05:58.635365,79,-2.3431265117712434,1.66313819236242,1.0227818166040774,-0.6263600167294499,5.879999868571758
21:05:58.635365,79,-2.3869306548652993,1.6173485254183142,0.8667080217724137,-0.974120026017772,5.879999868571758
21:05:58.635365,79,-2.156143807132912,1.785640736988089,1.4920833012222399,-0.4872000130126253,14.879999667406082
21:05:58.635365,79,-2.2014305050260385,1.7930410663448457,1.369063775378999,-0.4872000130126253,13.519999697804451
21:05:58.635365,79,-2.301399858415726,1.6970544692347092,0.9827533754521385,-0.6263600167294499,6.6399998515844345
21:05:58.635365,79,-2.349344634354401,1.6630989556429066,0.8544492309403577,-0.974120026017772,6.7599998489022255
21:05:58.635365,79,-2.3108189073559453,1.7081141783508191,0.8423874383686654,-0.974120026017772,7.639999829232693
21:05:58.635365,79,-2.2912084549641194,1.7303404484860148,0.8364319272351839,-0.974120026017772,8.639999806880951
21:05:58.635365,79,-2.0186068195023505,1.895156154360289,1.3449748169915936,-0.4872000130126253,34.11999923735857
21:05:58.635365,79,-2.0688247337993704,1.8432231779372898,1.1157683613826146,-0.4872000130126253,30.63999931514263
21:05:58.635365,79,-1.9929072227920201,1.8797095568554263,1.231585323711184,-0.4872000130126253,41.35999907553196
21:05:58.635365,79,-2.0254751879410584,1.8726516836793492,1.0780461029719033,-0.4872000130126253,36.87999917566776
21:05:58.635365,79,-2.168804471822809,1.85962048207983,0.8017914466362526,-0.974120026017772,11.639999739825726
21:05:58.635365,79,-1.9141842918537257,1.909362593068251,1.3444409101938388,-0.4872000130126253,37.239999167621136
21:05:58.635365,79,-1.952220534358654,1.9178178341744077,1.221374241578622,-0.4872000130126253,50.35999887436628
21:05:58.635365,79,-1.995522745113769,1.860464677498924,0.9920648775294638,-0.4872000130126253,44.23999901115894
21:05:58.635365,79,-1.8498706644676872,1.875844005548175,1.3285909918273786,-0.41748001115047373,25.239999435842037
21:05:58.635365,79,-1.8939491813714782,1.927754618283006,1.3395127818903723,-0.4872000130126253,45.639998979866505
21:05:58.635365,79,-1.9230676003193443,1.8984695656683759,1.1094537382262502,-0.4872000130126253,61.11999863386154
21:05:58.635365,79,-1.9713552374375,1.8686820509117232,0.9602120533371452,-0.4872000130126253,52.51999882608652
21:05:58.635365,79,-2.0142255206652537,1.9093195409306905,0.9376001958070006,-0.6263600167294499,21.639999516308308
21:05:58.635365,79,-2.061847356032159,1.8824667631951377,0.8099032640544475,-0.6263600167294499,12.11999972909689
21:05:58.635365,79,-2.1485189170718186,1.8874963528190938,0.6528821532950841,-0.974120026017772,8.359999813139439
21:05:58.635365,79,-1.8258007818786444,1.868207216369779,1.2464380806730613,-0.41748001115047373,29.999999329447746
21:05:58.635365,79,-1.8682768828271774,1.9116698762080833,1.228906939009639,-0.4872000130126253,55.63999875634909
21:05:58.635365,79,-1.9023290810797975,1.916944966469165,1.1045032695018375,-0.4872000130126253,73.23999836295843
21:05:58.635365,79,-1.9505157648751823,1.8876233907756494,0.9551367366170425,-0.4872000130126253,60.63999864459038
21:05:58.635365,79,-1.9768364731653902,1.881832707927934,0.8243631006284469,-0.6263600167294499,23.23999948054552
21:05:58.635365,79,-1.7854465853544457,1.9030903493401938,1.2370911733641712,-0.41748001115047373,34.759999223053455
21:05:58.635365,79,-1.826983871432117,1.9473645432144988,1.219342581811172,-0.4872000130126253,66.51999851316214
21:05:58.635365,79,-1.878846610069697,1.9251657639789108,1.0731124509632384,-0.4872000130126253,84.87999810278416
21:05:58.635365,79,-1.9138973370012242,1.860367992523631,0.8444044957639893,-0.4872000130126253,66.87999850511551
21:05:58.635365,79,-1.9555181059767535,1.9008246800007222,0.8192742170488689,-0.6263600167294499,24.119999460875988
21:05:58.635365,79,-1.7163387351011663,1.839699829228321,1.1506668471075034,-0.41748001115047373,6.11999986320734
21:05:58.635365,79,-1.7633196328254395,1.9113438376526901,1.2068601186272805,-0.41748001115047373,38.6399991363287
21:05:58.635365,79,-1.8060622835139792,1.9649109545884544,1.2146410350534564,-0.4872000130126253,75.99999830126762
21:05:58.635365,79,-1.8458032150880967,1.9009679310095238,0.9632841527351459,-0.4872000130126253,93.35999791324139
21:05:58.635365,79,-1.8715960136416083,1.8969342685165906,0.8346065916414624,-0.4872000130126253,69.51999844610691
21:05:58.635365,79,-1.934004188615854,1.9196097863050225,0.8142407629848989,-0.6263600167294499,23.999999463558197
21:05:58.635365,79,-1.7366878247378865,1.9003931171085164,1.1259155278130986,-0.41748001115047373,40.639999091625214
21:05:58.635365,79,-1.7770907690743174,1.9446045615800984,1.105580505149808,-0.41748001115047373,81.35999818146229
21:05:58.635365,79,-1.803346557169533,1.936217185294797,0.9538391435156077,-0.4872000130126253,95.7599978595972
21:05:58.635365,79,-1.850163552655543,1.9149091363272563,0.8297902403275383,-0.4872000130126253,67.63999848812819
21:05:58.635365,79,-1.8903983282118313,1.9565519085028449,0.8043421511753006,-0.5566400148672983,22.879999488592148
21:05:58.635365,79,-1.7159826501745468,1.9170683736034126,1.1214474063017092,-0.41748001115047373,39.87999910861254
21:05:58.635365,79,-1.7535205239502372,1.9517435865432997,1.0751283982693982,-0.41748001115047373,80.51999820023775
21:05:58.635365,79,-1.788781408010348,1.8906469441472213,0.8505812171059828,-0.4872000130126253,91.23999796062708
21:05:58.635365,79,-1.8285460768642814,1.932676087181159,0.8250296001942714,-0.4872000130126253,61.87999861687422
21:05:58.635365,79,-1.8683107457182149,1.9747052302150971,0.7994779832825603,-0.5566400148672983,21.119999527931213
21:05:58.635365,79,-1.6717873119014741,1.9400717692688954,1.0873933056811442,-0.41748001115047373,36.75999917834997
21:05:58.635365,79,-1.7240856445734665,1.9375601834099156,0.9935637322435293,-0.41748001115047373,73.63999835401773
21:05:58.635365,79,-1.7459521725127627,1.9247909860711203,0.8414323486461397,-0.4872000130126253,81.51999817788601
21:05:58.635365,79,-1.7891439165853997,1.9003871581913443,0.7166973278590338,-0.4872000130126253,53.99999879300594
21:05:58.635365,79,-1.828051722232306,1.9417141266478004,0.6887898518360267,-0.5566400148672983,18.999999575316906
21:05:58.635365,79,-1.642882572211793,1.9256537601928574,1.0078323153607758,-0.41748001115047373,32.239999279379845
21:05:58.635365,79,-1.6781334620954762,1.9596664584469867,0.959279004608516,-0.41748001115047373,63.63999857753515
21:05:58.635365,79,-1.7242745889917526,1.94155103362388,0.8369415074392705,-0.4872000130126253,69.75999844074249
21:05:58.635365,79,-1.7673770598355218,1.9175639782621343,0.7120948127925311,-0.4872000130126253,45.99999897181988
21:05:58.635365,79,-1.6216324761260377,1.9414202882058917,1.0036076869122403,-0.41748001115047373,27.519999384880066
21:05:58.635365,79,-1.6564274084082424,1.9757712846148838,0.9549637294425843,-0.41748001115047373,53.119998812675476
21:05:58.635365,79,-1.7074762150883511,1.8924602386865752,0.7356552877382763,-0.4872000130126253,58.23999869823456
21:05:58.635365,79,-1.7454334668603704,1.9345296913170738,0.7075488636804419,-0.4872000130126253,38.6399991363287
21:05:58.635365,79,-1.5973933665417117,1.9463842456662346,0.9745610376939515,-0.41748001115047373,22.99999948590994
21:05:58.635365,79,-1.6430488860277765,1.9305469633641636,0.8541799811560122,-0.41748001115047373,43.63999902456999
21:05:58.635365,79,-1.6640333515487493,1.9250276051846882,0.7269288881854985,-0.4872000130126253,48.239998921751976
21:05:58.635365,79,-1.701024867051942,1.9678210314312157,0.6986284759819075,-0.4872000130126253,32.239999279379845
21:05:58.635365,79,-1.5994966656158058,1.961868591637796,0.8457873761544648,-0.41748001115047373,35.759999200701714
21:05:58.635365,79,-1.6420612265903922,1.9409949485750984,0.7226504514187677,-0.4872000130126253,39.87999910861254
21:05:58.635365,79,-1.5774795400703627,1.977212335992474,0.841676032245759,-0.41748001115047373,29.519999340176582
21:05:58.694340,80,-2.4475978217136536,1.3080244150576263,0.1945810061929993,-0.5566400148672983,9.359999790787697
21:05:58.694340,80,-2.357245816347889,1.3521627046058524,0.08155026822672116,-0.6263600167294499,8.239999815821648
21:05:58.694340,80,-2.41208565005235,1.3836199151130044,0.08344748366224856,-0.6263600167294499,10.519999764859676
21:05:58.694340,80,-2.4759909337213233,1.3875569468874254,0.19900489139850155,-0.5566400148672983,7.35999983549118
21:05:58.694340,80,-2.2764437155237283,1.3670332056577992,-0.026554558086632523,-0.27832000743364915,4.999999888241291
21:05:58.694340,80,-2.3297329322802307,1.3990340534331525,0.08155026822672116,-0.6263600167294499,9.239999793469906
21:05:58.694340,80,-2.38393269613006,1.4315816962394594,0.08344748366224856,-0.5566400148672983,11.639999739825726
21:05:58.694340,80,-2.43813245997989,1.4641293390457661,0.08534469909777596,-0.5566400148672983,8.119999818503857
21:05:58.694340,80,-2.248649601149385,1.4122856462377682,-0.026554558086632523,-0.27832000743364915,5.639999873936176
21:05:58.694340,80,-2.301288186144008,1.445345807317633,0.08155026822672116,-0.5566400148672983,10.359999768435955
21:05:58.694340,80,-2.354826200957289,1.478970863800517,0.08344748366224856,-0.5566400148672983,12.999999709427357
21:05:58.694340,80,-2.4083642157705705,1.5125959202834007,0.08534469909777596,-0.5566400148672983,8.999999798834324
21:05:58.694340,80,-2.2344145488443288,1.4347011532829104,-0.026554558086632523,-0.5566400148672983,6.359999857842922
21:05:58.694340,80,-2.286719905838342,1.4682860384336975,0.08155026822672116,-0.5566400148672983,11.759999737143517
21:05:58.694340,80,-2.3399189988201443,1.5024447848910516,0.08344748366224856,-0.5566400148672983,14.6399996727705
21:05:58.694340,80,-2.393118091801947,1.5366035313484057,0.08534469909777596,-0.5566400148672983,9.999999776482582
21:05:58.694340,80,-2.205275571322622,1.4790995334480372,-0.026554558086632523,-0.5566400148672983,7.35999983549118
21:05:58.694340,80,-2.2568988146853477,1.5137237392234126,0.08155026822672116,-0.5566400148672983,13.35999970138073
21:05:58.694340,80,-2.3094041388338895,1.5489395650646562,0.08344748366224856,-0.5566400148672983,16.519999630749226
21:05:58.694340,80,-2.3619094629824313,1.5841553909058996,0.08534469909777596,-0.5566400148672983,11.239999748766422
21:05:58.694340,80,-2.1752545130150986,1.5229062935472961,-0.026554558086632523,-0.5566400148672983,8.51999980956316
21:05:58.694340,80,-2.226731728083368,1.558945742877339,0.0543713764398681,-0.5566400148672983,15.359999656677246
21:05:58.694340,80,-2.2779655480250387,1.594814790092182,0.08344748366224856,-0.5566400148672983,18.759999580681324
21:05:58.694340,80,-2.329756101911661,1.6310736094571463,0.08534469909777596,-0.5566400148672983,12.759999714791775
21:05:58.694340,80,-2.382499623838981,1.6679996063951459,-0.029084515983796157,-0.5566400148672983,5.359999880194664
21:05:58.694340,80,-2.1443633819442707,1.566103911461512,-0.026554558086632523,-0.5566400148672983,9.879999779164791
21:05:58.694340,80,-2.1954388795560105,1.603406141700616,-0.02718704756092343,-0.5566400148672983,17.759999603033066
21:05:58.694340,80,-2.2456158014101772,1.6400521104961008,0.08344748366224856,-0.5566400148672983,21.359999522566795
21:05:58.694340,80,-2.296670869504783,1.6773394203411325,0.08534469909777596,-0.5566400148672983,14.51999967545271
21:05:58.694340,80,-2.345847443777081,1.713254800154368,-0.14536441748176718,-0.5566400148672983,5.999999865889549
21:05:58.694340,80,-2.1282760949701847,1.5872307605637743,-0.05310646073970381,-0.5566400148672983,11.519999742507935
21:05:58.694340,80,-2.1792953147060885,1.6252799944654142,-0.02718704756092343,-0.5566400148672983,20.63999953866005
21:05:58.694340,80,-2.229660740428188,1.662841640327027,0.055636292140032385,-0.5566400148672983,24.35999945551157
21:05:58.694340,80,-2.28035306315719,1.7006470802086533,0.05690120784019668,-0.5566400148672983,16.519999630749226
21:05:58.694340,80,-2.3285978903099864,1.736627221072884,-0.14536441748176718,-0.5566400148672983,6.7599998489022255
21:05:58.694340,80,-2.47668677148542,1.7339404878247915,-0.676075389549516,-0.904680024163099,5.119999885559082
21:05:58.694340,80,-2.0440334281771846,1.5889942225101445,-0.12955850480216982,-0.5566400148672983,4.999999888241291
21:05:58.694340,80,-2.096107955722021,1.6294760083107227,-0.05310646073970381,-0.5566400148672983,13.639999695122242
21:05:58.694340,80,-2.146356038024828,1.66853794896723,-0.02718704756092343,-0.5566400148672983,24.119999460875988
21:05:58.694340,80,-2.1962896543577273,1.7073554295271114,-0.02781953703521434,-0.5566400148672983,27.99999937415123
21:05:58.694340,80,-2.246223270690627,1.7461729100869927,-0.02845202650950525,-0.5566400148672983,18.999999575316906
21:05:58.694340,80,-2.2934019580878933,1.782848759251907,-0.14536441748176718,-0.5566400148672983,7.639999829232693
21:05:58.694340,80,-2.3478739650360696,1.7510029774986933,-0.50276765859076,-0.6263600167294499,5.519999876618385
21:05:58.694340,80,-2.393609652190313,1.785111846022988,-0.5433547691418661,-0.6263600167294499,5.519999876618385
21:05:58.694340,80,-2.4415149535571827,1.7831241434419576,-0.676075389549516,-0.904680024163099,5.639999873936176
21:05:58.694340,80,-2.060935235150861,1.669314937625683,-0.13271968733808928,-0.5566400148672983,16.239999637007713
21:05:58.694340,80,-2.112558247584433,1.711128510566169,-0.02718704756092343,-0.5566400148672983,28.359999366104603
21:05:58.694340,80,-2.161705579689156,1.750936833616582,-0.02781953703521434,-0.5566400148672983,32.119999282062054
21:05:58.694340,80,-2.2108529117938787,1.790745156666995,-0.02845202650950525,-0.5566400148672983,21.99999950826168
21:05:58.694340,80,-2.257288695701856,1.8283571817301072,-0.14536441748176718,-0.5566400148672983,8.639999806880951
21:05:58.694340,80,-2.3123866817729097,1.7976071364073842,-0.50276765859076,-0.5566400148672983,6.239999860525131
21:05:58.694340,80,-2.35645174835745,1.7943478146182033,-0.6623269229447324,-0.904680024163099,6.239999860525131
21:05:58.694340,80,-2.405366562244277,1.831594573208301,-0.676075389549516,-0.904680024163099,6.11999986320734
21:05:58.694340,80,-2.0441393184670407,1.6898404809814669,-0.13271968733808928,-0.5566400148672983,19.63999956101179
21:05:58.694340,80,-2.0953416210204505,1.7321681847698267,-0.02718704756092343,-0.5566400148672983,33.519999250769615
21:05:58.694340,80,-2.1440884191922365,1.7724659825396445,-0.02781953703521434,-0.5566400148672983,36.999999172985554
21:05:58.694340,80,-2.192835217364023,1.812763780309462,-0.02845202650950525,-0.5566400148672983,25.75999942421913
21:05:58.694340,80,-2.2388925655286718,1.850838274876519,-0.14536441748176718,-0.5566400148672983,9.879999779164791
21:05:58.694340,80,-2.2942952920448745,1.8206407377086253,-0.50276765859076,-0.5566400148672983,6.9999998435378075
21:05:58.694340,80,-2.3383907480684907,1.8178222221960236,-0.6623269229447324,-0.904680024163099,6.9999998435378075
21:05:58.694340,80,-2.0099359484602526,1.7303825841569713,-0.13271968733808928,-0.5566400148672983,23.519999474287033
21:05:58.694340,80,-2.0599724684852063,1.7734597393714595,-0.0543713764398681,-0.5566400148672983,39.35999912023544
21:05:58.694340,80,-2.1082126602034132,1.8149904098734349,-0.02781953703521434,-0.5566400148672983,42.51999904960394
21:05:58.694340,80,-2.156143807132912,1.856255019299925,-0.02845202650950525,-0.5566400148672983,30.23999932408333
21:05:58.694340,80,-2.2014305050260385,1.8952429847563743,-0.14536441748176718,-0.5566400148672983,11.639999739825726
21:05:58.694340,80,-2.2534382303943774,1.862862823834998,-0.5320311483352028,-0.5566400148672983,7.999999821186066
21:05:58.694340,80,-2.301569065611881,1.8642233660107521,-0.6623269229447324,-0.904680024163099,7.999999821186066
21:05:58.694340,80,-1.9925319154456296,1.7503950898003413,-0.13271968733808928,-0.5566400148672983,28.239999368786812
21:05:58.694340,80,-2.0421351693025156,1.7939704480248013,-0.0543713764398681,-0.5566400148672983,46.11999896913767
21:05:58.694340,80,-2.0896441530113465,1.8357060363788498,-0.055636292140032385,-0.5566400148672983,48.63999891281128
21:05:58.694340,80,-2.137153136720177,1.877441624732898,-0.05690120784019668,-0.5566400148672983,35.63999920338392
21:05:58.694340,80,-2.181167127228936,1.9161069390858776,-0.1744053172356888,-0.5566400148672983,13.759999692440033
21:05:58.694340,80,-2.2157327859144864,1.9075560227823125,-0.5320311483352028,-0.5566400148672983,9.239999793469906
21:05:58.694340,80,-2.263826786257358,1.9098788453683886,-0.6623269229447324,-0.904680024163099,8.999999798834324
21:05:58.694340,80,-1.95712785516349,1.7898930032294476,-0.13271968733808928,-0.5566400148672983,33.2399992570281
21:05:58.694340,80,-2.003743685266706,1.8325255516965018,-0.13588086987400877,-0.5566400148672983,53.23999880999327
21:05:58.694340,80,-2.0525145657821815,1.8771290034156516,-0.055636292140032385,-0.5566400148672983,55.11999876797199
21:05:58.694340,80,-2.099179391909328,1.9198063612395337,-0.05690120784019668,-0.5566400148672983,41.999999061226845
21:05:58.694340,80,-2.1424113251967447,1.9593441638941103,-0.1744053172356888,-0.5566400148672983,16.359999634325504
21:05:58.694340,80,-2.1965467583263036,1.929617603857213,-0.5320311483352028,-0.5566400148672983,10.519999764859676
21:05:58.694340,80,-2.244615126151098,1.9324212422801852,-0.6623269229447324,-0.6263600167294499,9.999999776482582
21:05:58.694340,80,-1.8919022951145126,1.7653057198612714,-0.1554416997092021,-0.5566400148672983,6.11999986320734
21:05:58.694340,80,-1.938064054268141,1.8083785665316254,-0.15923442321449943,-0.5566400148672983,37.99999915063381
21:05:58.694340,80,-1.9853185492338261,1.8524710286357693,-0.13588086987400877,-0.5566400148672983,59.8799986615777
21:05:58.694340,80,-2.031505730195312,1.8955675960146061,-0.13904205240992823,-0.5566400148672983,61.519998624920845
21:05:58.694340,80,-2.0776929111567974,1.938664163393443,-0.1422032349458477,-0.5566400148672983,49.51999889314175
21:05:58.694340,80,-2.1179310449082314,1.9762097638461606,-0.2614117669315837,-0.5566400148672983,19.759999558329582
21:05:58.694340,80,-2.157517685195031,1.973159698731991,-0.5320311483352028,-0.5566400148672983,11.759999737143517
21:05:58.694340,80,-2.205520370638045,1.976924079691131,-0.6623269229447324,-0.6263600167294499,11.119999751448631
21:05:58.694340,80,-1.9015112949956816,1.846775599075612,-0.15923442321449943,-0.5566400148672983,41.23999907821417
21:05:58.694340,80,-1.9478745489442197,1.8918042698551354,-0.13588086987400877,-0.5566400148672983,65.11999854445457
21:05:58.694340,80,-1.993190618910462,1.9358159002250988,-0.13904205240992823,-0.5566400148672983,67.23999849706888
21:05:58.694340,80,-2.038506688876705,1.979827530595062,-0.1422032349458477,-0.5566400148672983,57.6399987116456
21:05:58.694340,80,-2.098063381413069,1.997289911174772,-0.2614117669315837,-0.5566400148672983,23.759999468922615
21:05:58.694340,80,-2.137678542526555,1.9946358583588601,-0.5320311483352028,-0.5566400148672983,12.999999709427357
21:05:58.694340,80,-1.8829487724438798,1.865698056677266,-0.15923442321449943,-0.5566400148672983,42.119999058544636
21:05:58.694340,80,-1.9288594290561518,1.9111881008440654,-0.13588086987400877,-0.5566400148672983,67.75999848544598
21:05:58.694340,80,-2.0186068195023505,2.000113266731615,-0.1422032349458477,-0.5566400148672983,65.75999853014946
21:05:58.694340,80,-2.0577006484115845,2.038848935854129,-0.2614117669315837,-0.5566400148672983,28.359999366104603
21:05:58.694340,80,-2.0973609642737654,2.0369876642164693,-0.5320311483352028,-0.5566400148672983,13.879999689757824
21:05:58.694340,80,-1.8452607225070266,1.9029813935795818,-0.15923442321449943,-0.5566400148672983,40.3599990978837
21:05:58.694340,80,-1.8892120464379507,1.9483075367330025,-0.1630271467197968,-0.5566400148672983,67.11999849975109
21:05:58.694340,80,-1.9342279855104934,1.9947315967179644,-0.13904205240992823,-0.5566400148672983,73.63999835401773
21:05:58.694340,80,-1.9771146942997995,2.038959823039844,-0.17061259373039145,-0.5566400148672983,72.51999837905169
21:05:58.694340,80,-2.0372096151447465,2.0593236573372247,-0.2614117669315837,-0.5566400148672983,32.99999926239252
21:05:58.694340,80,-2.0768865604134983,2.057859075302104,-0.5320311483352028,-0.5566400148672983,14.359999679028988
21:05:58.694340,80,-2.12470031374507,2.0635400405452775,-0.6623269229447324,-0.6263600167294499,12.759999714791775
21:05:58.694340,80,-1.8220267565203077,1.9170119611746315,-0.23867249341131874,-0.5566400148672983,36.51999918371439
21:05:58.694340,80,-1.8696348364114488,1.9671019273473414,-0.1630271467197968,-0.5566400148672983,63.35999858379364
21:05:58.694340,80,-1.9566265814435586,2.0586286928864452,-0.17061259373039145,-0.5566400148672983,76.51999828964472
21:05:58.694340,80,-1.9937177885829362,2.0976535247041665,-0.29036549964039404,-0.5566400148672983,36.51999918371439
21:05:58.694340,80,-2.1267097890634323,2.10722584631039,-0.7964355701917842,-0.904680024163099,10.239999771118164
21:05:58.694340,80,-1.8027658562628432,1.9351360748679705,-0.23867249341131874,-0.5566400148672983,31.63999929279089
21:05:58.694340,80,-1.8457050166501998,1.9812280939737508,-0.24435731179138498,-0.5566400148672983,57.6399987116456
21:05:58.694340,80,-1.9315833374249125,2.073412132185311,-0.25572694855151745,-0.5566400148672983,76.7599982842803
21:05:58.694340,80,-1.9726419183576462,2.1174854880622234,-0.29036549964039404,-0.5566400148672983,37.87999915331602
21:05:58.694340,80,-1.7833246809301113,1.9530666765750822,-0.23867249341131874,-0.5566400148672983,26.87999939918518
21:05:58.694340,80,-1.9107529837757105,2.092623973460837,-0.25572694855151745,-0.5566400148672983,72.99999836832285
21:05:58.694340,80,-1.9446179183975367,2.1297122704050513,-0.37704091333787176,-0.5566400148672983,36.75999917834997
21:05:58.694340,80,-1.8667415361060138,2.128388916039391,-0.2840510358782297,-0.5566400148672983,66.51999851316214
21:05:58.694340,80,-1.9232239210384419,2.1490516403316433,-0.37704091333787176,-0.5566400148672983,33.519999250769615
21:05:58.694340,80,-1.8453646658562137,2.1469496013069707,-0.2840510358782297,-0.5566400148672983,58.63999868929386
21:05:58.694340,80,-1.8798611225915052,2.1870837576635265,-0.37704091333787176,-0.5566400148672983,29.35999934375286
21:05:58.694340,80,-1.8174937134107483,2.1578046347084507,-0.36884155360996373,-0.4872000130126253,50.639998868107796
21:05:58.694340,80,-1.8553748400226635,2.202778694298331,-0.405861159207774,-0.5566400148672983,25.239999435842037
21:05:58.694340,80,-1.8332546527351778,2.221221995044306,-0.405861159207774,-0.5566400148672983,21.519999518990517
21:05:58.694340,80,-1.9577566458971798,2.187639247417313,-1.1725723646907955,-0.904680024163099,4.999999888241291
21:05:58.694340,80,0.04146553027207954,0.215607145620856,-0.12571067829349705,-0.4872000130126253,5.519999876618385
21:05:58.747599,81,-2.3297329322802307,1.3990340534331525,0.08155026822672116,-0.06972000186215155,6.7599998489022255
21:05:58.747599,81,-2.384886618936928,1.4321545389342865,-0.02781953703521434,-0.06972000186215155,6.5199998542666435
21:05:58.747599,81,-2.248649601149385,1.4122856462377682,-0.026554558086632523,-0.27832000743364915,5.119999885559082
21:05:58.747599,81,-2.302209039022742,1.4459241576761181,-0.02718704756092343,-0.27832000743364915,7.519999831914902
21:05:58.747599,81,-2.355768476896098,1.4795626691144685,-0.02781953703521434,-0.06972000186215155,7.239999838173389
21:05:58.747599,81,-2.2344145488443288,1.4347011532829104,-0.026554558086632523,-0.27832000743364915,5.759999871253967
21:05:58.747599,81,-2.287634929267753,1.4688735682500138,-0.02718704756092343,-0.27832000743364915,8.239999815821648
21:05:58.747599,81,-2.3408553096911775,1.5030459832171177,-0.02781953703521434,-0.06972000186215155,7.999999821186066
21:05:58.747599,81,-2.391203278203175,1.535374043615299,-0.1422032349458477,-0.06972000186215155,5.119999885559082
21:05:58.747599,81,-2.205275571322622,1.4790995334480372,-0.026554558086632523,-0.27832000743364915,6.5199998542666435
21:05:58.747599,81,-2.2578019053034746,1.5143294507858602,-0.02718704756092343,-0.27832000743364915,9.239999793469906
21:05:58.747599,81,-2.310328239284328,1.549559368123683,-0.02781953703521434,-0.06972000186215155,8.879999801516533
21:05:58.747599,81,-2.360019620448426,1.5828878553440462,-0.1422032349458477,-0.06972000186215155,5.759999871253967
21:05:58.747599,81,-2.123124716183581,1.4864099685420806,-0.05184154503953953,-0.6263600167294499,5.519999876618385
21:05:58.747599,81,-2.1752545130150986,1.5229062935472961,-0.026554558086632523,-0.27832000743364915,7.35999983549118
21:05:58.747599,81,-2.227065790721069,1.5591796217592586,-0.02718704756092343,-0.27832000743364915,10.519999764859676
21:05:58.747599,81,-2.2761428718170262,1.5935387255895352,-0.13904205240992823,-0.06972000186215155,9.999999776482582
21:05:58.747599,81,-2.3278919863542034,1.629768533063848,-0.1422032349458477,-0.06972000186215155,6.359999857842922
21:05:58.747599,81,-2.09077635761772,1.5269674250301395,-0.12955850480216982,-0.6263600167294499,6.11999986320734
21:05:58.747599,81,-2.1443633819442707,1.566103911461512,-0.026554558086632523,-0.27832000743364915,8.51999980956316
21:05:58.747599,81,-2.1954388795560105,1.603406141700616,-0.02718704756092343,-0.06972000186215155,11.879999734461308
21:05:58.747599,81,-2.2438190093133366,1.6387398501046766,-0.13904205240992823,-0.06972000186215155,11.239999748766422
21:05:58.747599,81,-2.2948332265452085,1.6759973251295224,-0.1422032349458477,-0.06972000186215155,7.1199998408555984
21:05:58.747599,81,-2.0754024002599496,1.547798491946427,-0.12955850480216982,-0.6263600167294499,6.8799998462200165
21:05:58.747599,81,-2.1282760949701847,1.5872307605637743,-0.05310646073970381,-0.27832000743364915,9.879999779164791
21:05:58.747599,81,-2.1789684176991866,1.6250362004454006,-0.0543713764398681,-0.06972000186215155,13.519999697804451
21:05:58.747599,81,-2.227319694289972,1.6610957294223012,-0.13904205240992823,-0.06972000186215155,12.759999714791775
21:05:58.747599,81,-2.2715781663652876,1.6941029170045483,-0.25572694855151745,-0.06972000186215155,8.119999818503857
21:05:58.747599,81,-2.0440334281771846,1.5889942225101445,-0.12955850480216982,-0.6263600167294499,7.759999826550484
21:05:58.747599,81,-2.0939071341593265,1.627765129858497,-0.13271968733808928,-0.6263600167294499,11.519999742507935
21:05:58.747599,81,-2.1437808401414684,1.6665360372068496,-0.13588086987400877,-0.27832000743364915,15.639999650418758
21:05:58.747599,81,-2.19365454612361,1.705306944555202,-0.13904205240992823,-0.06972000186215155,14.6399996727705
21:05:58.747599,81,-2.2372440670717695,1.7391926413318823,-0.25572694855151745,-0.06972000186215155,9.359999790787697
21:05:58.747599,81,-2.0118468700131125,1.6295543765995772,-0.12955850480216982,-0.5566400148672983,8.759999804198742
21:05:58.747599,81,-2.060935235150861,1.669314937625683,-0.13271968733808928,-0.6263600167294499,13.639999695122242
21:05:58.747599,81,-2.11002360028861,1.709075498651789,-0.13588086987400877,-0.27832000743364915,18.11999959498644
21:05:58.747599,81,-2.159111965426359,1.7488360596778951,-0.13904205240992823,-0.06972000186215155,16.99999962002039
21:05:58.747599,81,-2.2197405696449906,1.7614777497268972,-0.25572694855151745,-0.06972000186215155,10.759999759495258
21:05:58.747599,81,-1.995451006701633,1.649591032507704,-0.12955850480216982,-0.5566400148672983,9.879999779164791
21:05:58.747599,81,-2.0441393184670407,1.6898404809814669,-0.13271968733808928,-0.6263600167294499,16.239999637007713
21:05:58.747599,81,-2.0928276302324487,1.73008992945523,-0.13588086987400877,-0.06972000186215155,20.999999530613422
21:05:58.747599,81,-2.1403372338440363,1.7693649684376276,-0.16681987022509412,-0.06972000186215155,19.759999558329582
21:05:58.747599,81,-2.1840694307317534,1.8055173167416247,-0.25572694855151745,-0.6263600167294499,12.639999717473984
21:05:58.747599,81,-2.2410421736571897,1.815197834715672,-0.37704091333787176,-0.5566400148672983,5.519999876618385
21:05:58.747599,81,-1.962062309318806,1.6891674840071207,-0.12955850480216982,-0.5566400148672983,10.99999975413084
21:05:58.747599,81,-2.0099359484602526,1.7303825841569713,-0.13271968733808928,-0.6263600167294499,19.35999956727028
21:05:58.747599,81,-2.057809587601699,1.771597684306822,-0.13588086987400877,-0.06972000186215155,24.639999449253082
21:05:58.747599,81,-2.104524241213293,1.8118149972497308,-0.16681987022509412,-0.06972000186215155,23.11999948322773
21:05:58.747599,81,-2.1659053563293007,1.8272673714415322,-0.25572694855151745,-0.6263600167294499,14.879999667406082
21:05:58.747599,81,-2.201300446153013,1.8571284605030238,-0.405861159207774,-0.5566400148672983,6.5199998542666435
21:05:58.747599,81,-1.9440022298639195,1.7077628374919605,-0.1554416997092021,-0.5566400148672983,11.999999731779099
21:05:58.747599,81,-1.9925319154456296,1.7503950898003413,-0.13271968733808928,-0.5566400148672983,23.11999948322773
21:05:58.747599,81,-2.0388681888099263,1.7911004781295272,-0.1630271467197968,-0.06972000186215155,28.999999351799488
21:05:58.747599,81,-2.081603112318687,1.828642160495001,-0.2500421301714512,-0.6263600167294499,27.359999388456345
21:05:58.747599,81,-2.1289292794122017,1.8702171485076928,-0.25572694855151745,-0.6263600167294499,17.879999600350857
21:05:58.747599,81,-2.182619407382743,1.879048241945903,-0.405861159207774,-0.5566400148672983,7.639999829232693
21:05:58.747599,81,-1.956050635743495,1.7889078312603781,-0.15923442321449943,-0.5566400148672983,27.359999388456345
21:05:58.747599,81,-2.0026408081068072,1.8315169144188113,-0.1630271467197968,-0.06972000186215155,34.11999923735857
21:05:58.747599,81,-2.0632129166109885,1.8493664128788134,-0.2500421301714512,-0.6263600167294499,32.63999927043915
21:05:58.747599,81,-2.1081112479931763,1.8896111522287937,-0.2840510358782297,-0.6263600167294499,21.639999516308308
21:05:58.747599,81,-2.144604439419844,1.9223219219122698,-0.405861159207774,-0.5566400148672983,8.999999798834324
21:05:58.747599,81,-1.938064054268141,1.8083785665316254,-0.15923442321449943,-0.5566400148672983,31.75999929010868
21:05:58.747599,81,-1.9842258134217694,1.8514514132019795,-0.1630271467197968,-0.06972000186215155,39.759999111294746
21:05:58.747599,81,-2.025815426142238,1.8902580584562552,-0.2500421301714512,-0.6263600167294499,38.87999913096428
21:05:58.747599,81,-2.0698999370474365,1.9313926558713521,-0.2840510358782297,-0.6263600167294499,26.519999407231808
21:05:58.747599,81,-2.11533442760175,1.9345809633568654,-0.4920668747408852,-0.5566400148672983,10.87999975681305
21:05:58.747599,81,-1.8699346056276527,1.7801185395368069,-0.2329876750312525,-0.5566400148672983,13.999999687075615
21:05:58.747599,81,-1.915560360784736,1.8235528138644,-0.23867249341131874,-0.6263600167294499,35.51999920606613
21:05:58.747599,81,-1.9611861159418191,1.8669870881919932,-0.24435731179138498,-0.6263600167294499,45.759998977184296
21:05:58.747599,81,-2.0068118710989027,1.9104213625195863,-0.2500421301714512,-0.6263600167294499,46.23999896645546
21:05:58.747599,81,-2.0433890809966995,1.9452417082512714,-0.36884155360996373,-0.6263600167294499,32.63999927043915
21:05:58.747599,81,-2.0958831749938547,1.9556372263683461,-0.4920668747408852,-0.5566400148672983,13.119999706745148
21:05:58.747599,81,-1.8787086373928015,1.8614967678049303,-0.23867249341131874,-0.5566400148672983,37.63999915868044
21:05:58.747599,81,-1.923456640147497,1.9058348098172302,-0.24435731179138498,-0.6263600167294499,51.11999885737896
21:05:58.747599,81,-1.9663300807141013,1.9483154635231537,-0.2777365721160654,-0.6263600167294499,54.359998784959316
21:05:58.747599,81,-2.0238348199562175,1.9655779967708342,-0.36884155360996373,-0.6263600167294499,40.23999910056591
21:05:58.747599,81,-2.0527212466022533,1.9936329170938336,-0.5207075275285395,-0.5566400148672983,15.87999964505434
21:05:58.747599,81,-1.8600000457338404,1.880190466583806,-0.23867249341131874,-0.5566400148672983,37.51999916136265
21:05:58.747599,81,-1.904302438086567,1.9249737642721607,-0.24435731179138498,-0.6263600167294499,55.11999876797199
21:05:58.747599,81,-1.9467489355516117,1.9678810212137399,-0.2777365721160654,-0.6263600167294499,62.35999860614538
21:05:58.747599,81,-1.9841211281637086,2.0056588913948534,-0.36884155360996373,-0.6263600167294499,49.11999890208244
21:05:58.747599,81,-2.0326826149449517,2.0140601061718417,-0.5207075275285395,-0.5566400148672983,19.119999572634697
21:05:58.747599,81,-1.8220267565203077,1.9170119611746315,-0.23867249341131874,-0.5566400148672983,35.11999921500683
21:05:58.747599,81,-1.8636480102148387,1.9608029982085105,-0.2714221083539011,-0.5566400148672983,56.519998736679554
21:05:58.747599,81,-1.9203066480821693,1.980374792946706,-0.36064219388205576,-0.6263600167294499,68.87999846041203
21:05:58.747599,81,-1.9612998781541586,2.0226503115973915,-0.3970350569832969,-0.6263600167294499,57.879998706281185
21:05:58.747599,81,-1.9919975761276771,2.0543082487966204,-0.5207075275285395,-0.5566400148672983,22.239999502897263
21:05:58.747599,81,-1.801048861680842,1.9332930079247839,-0.2651076445917368,-0.5566400148672983,31.239999301731586
21:05:58.747599,81,-1.8439471258500433,1.9793411279591437,-0.2714221083539011,-0.5566400148672983,54.9999987706542
21:05:58.747599,81,-1.880317745044694,2.0183823029538583,-0.36064219388205576,-0.6263600167294499,72.11999838799238
21:05:58.747599,81,-1.920457322756432,2.0614691767095956,-0.3970350569832969,-0.6263600167294499,64.23999856412411
21:05:58.747599,81,-1.9713552374375,2.074125177562848,-0.5207075275285395,-0.5566400148672983,24.759999446570873
21:05:58.747599,81,-1.7816262025589635,1.9512065321251986,-0.2651076445917368,-0.5566400148672983,26.87999939918518
21:05:58.747599,81,-1.8177514064443192,1.990770237291983,-0.3524428341541478,-0.6263600167294499,51.11999885737896
21:05:58.747599,81,-1.8600402437620585,2.037084248329673,-0.36064219388205576,-0.6263600167294499,70.87999841570854
21:05:58.747599,81,-1.899746952964908,2.0805703568380207,-0.3970350569832969,-0.6263600167294499,65.63999853283167
21:05:58.747599,81,-1.9505157648751823,2.093734695549023,-0.5207075275285395,-0.5566400148672983,25.359999433159828
21:05:58.747599,81,-1.9784924909581718,2.08163450766467,-0.7639791496828389,-0.6263600167294499,10.99999975413084
21:05:58.747599,81,-1.742248360997986,1.9864464516448834,-0.2651076445917368,-0.5566400148672983,22.759999491274357
21:05:58.747599,81,-1.797753149500864,2.0088479103151644,-0.3524428341541478,-0.6263600167294499,45.759998977184296
21:05:58.747599,81,-1.83957674001339,2.055582486987324,-0.36064219388205576,-0.6263600167294499,65.87999852746725
21:05:58.747599,81,-1.878846610069697,2.0994634816738653,-0.3970350569832969,-0.6263600167294499,61.519998624920845
21:05:58.747599,81,-1.908253773358143,2.132323676376733,-0.5207075275285395,-0.5566400148672983,24.119999460875988
21:05:58.747599,81,-1.9974907600967742,2.1016231873314117,-0.8969038503755085,-0.6263600167294499,6.239999860525131
21:05:58.747599,81,-1.757219331973751,2.0443988193734617,-0.3524428341541478,-0.6263600167294499,39.87999910861254
21:05:58.747599,81,-1.7956592762663837,2.0891209410225384,-0.3882089547588197,-0.6263600167294499,58.35999869555235
21:05:58.747599,81,-1.849069668986553,2.1082401137680065,-0.4813660908910103,-0.6263600167294499,53.63999880105257
21:05:58.747599,81,-1.8715960136416083,2.1339238098530657,-0.6347208749208415,-0.5566400148672983,21.239999525249004
21:05:58.747599,81,-1.7746786332965616,2.1069727789368944,-0.3882089547588197,-0.6263600167294499,50.23999887704849
21:05:58.747599,81,-1.8065378769937606,2.1447974069952283,-0.4813660908910103,-0.6263600167294499,44.63999900221825
21:05:58.747599,81,-1.850163552655543,2.152532762343468,-0.6347208749208415,-0.5566400148672983,17.879999600350857
21:05:58.747599,81,-1.7453193281505543,2.114677125886436,-0.47066530704113546,-0.6263600167294499,42.51999904960394
21:05:58.747599,81,-1.7818466625237992,2.1589346535622207,-0.5093839067218763,-0.6263600167294499,36.35999918729067
21:05:58.747599,81,-1.8285460768642814,2.17092646336103,-0.6347208749208415,-0.5566400148672983,15.359999656677246
21:05:58.747599,81,-1.7601685847046458,2.176644876987947,-0.5093839067218763,-0.6263600167294499,29.639999337494373
21:05:58.747599,81,-1.7847647460691924,2.2070607752677662,-0.6347208749208415,-0.6263600167294499,13.239999704062939
21:05:58.799279,82,-2.2344145488443288,1.378942071595573,1.6030222840382604,-0.5566400148672983,5.359999880194664
21:05:58.799279,82,-2.205275571322622,1.4218276136424692,1.5915311376798236,-0.5566400148672983,5.879999868571758
21:05:58.799279,82,-2.2578019053034746,1.4556934003353281,1.5818020261973338,-0.5566400148672983,4.999999888241291
21:05:58.799279,82,-2.123443235309128,1.4292680503847714,1.5901922799504822,-0.6263600167294499,5.119999885559082
21:05:58.799279,82,-2.1752545130150986,1.464141694588393,1.580193113861898,-0.5566400148672983,6.5199998542666435
21:05:58.799279,82,-2.227065790721069,1.499015338792014,1.570193947773314,-0.5566400148672983,5.519999876618385
21:05:58.799279,82,-2.2855443315035733,1.4482124414704263,1.353089984373794,-0.5566400148672983,5.119999885559082
21:05:58.799279,82,-2.093287884332531,1.4699999021215433,1.57927821317139,-0.6263600167294499,5.639999873936176
21:05:58.799279,82,-2.1443633819442707,1.5058673893659014,1.5690127476426372,-0.5566400148672983,7.239999838173389
21:05:58.799279,82,-2.192804792081464,1.5117446294478745,1.454255019423392,-0.5566400148672983,6.11999986320734
21:05:58.799279,82,-2.2537633583170344,1.492060247404297,1.3413410001839368,-0.6958000185841229,5.759999871253967
21:05:58.799279,82,-2.302808327599684,1.5171356652978445,1.2994134522094474,-0.5566400148672983,4.999999888241291
21:05:58.799279,82,-2.077895459143672,1.4901453381384193,1.5738802598594952,-0.6263600167294499,6.239999860525131
21:05:58.799279,82,-2.1282760949701847,1.5194022204515654,1.5378975482222499,-0.5566400148672983,8.119999818503857
21:05:58.799279,82,-2.1766805962799642,1.5328477987572704,1.448600442249202,-0.5566400148672983,6.8799998462200165
21:05:58.799279,82,-2.2210809098772444,1.53528536375763,1.3297588651643197,-0.6958000185841229,6.5199998542666435
21:05:58.799279,82,-2.2783164829514932,1.5117741528531523,1.213068461806909,-0.5566400148672983,5.639999873936176
21:05:58.799279,82,-2.046181829493658,1.5230461978453795,1.5382306845169469,-0.6263600167294499,6.7599998489022255
21:05:58.799279,82,-2.0939071341593265,1.537949995319952,1.4505060097819724,-0.5566400148672983,9.119999796152115
21:05:58.799279,82,-2.1437808401414684,1.574581641791045,1.4374178927112549,-0.5566400148672983,7.879999823868275
21:05:58.799279,82,-2.187510058727234,1.5778705010609846,1.3183482120143175,-0.6958000185841229,7.35999983549118
21:05:58.799279,82,-2.2445843628019184,1.555463475563632,1.2013619430687732,-0.5566400148672983,6.359999857842922
21:05:58.799279,82,-2.0118468700131125,1.5404964492021063,1.4530963865020519,-0.6263600167294499,7.35999983549118
21:05:58.799279,82,-2.060935235150861,1.578084027719623,1.439752128211476,-0.5566400148672983,10.239999771118164
21:05:58.799279,82,-2.11002360028861,1.6156716062371401,1.4264078699209002,-0.5566400148672983,8.879999801516533
21:05:58.799279,82,-2.170395664617297,1.5989177444180822,1.3127086201538818,-0.6958000185841229,8.51999980956316
21:05:58.799279,82,-2.2099544388747483,1.598492449637988,1.18983236421441,-0.5566400148672983,7.35999983549118
21:05:58.799279,82,-2.0441393184670407,1.5979101801455908,1.4344397266799218,-0.5566400148672983,11.519999742507935
21:05:58.799279,82,-2.0916757205296457,1.628024205694484,1.3949941070666176,-0.6958000185841229,10.239999771118164
21:05:58.799279,82,-2.133483581584458,1.631719112075033,1.2752481241045566,-0.6958000185841229,9.879999779164791
21:05:58.799279,82,-2.1923071152133815,1.619753916987809,1.1841353712081246,-0.5566400148672983,8.51999980956316
21:05:58.799279,82,-2.0099359484602526,1.6370708446548865,1.4239466582495899,-0.5566400148672983,13.119999706745148
21:05:58.799279,82,-2.0696090633583295,1.6232881937574453,1.312063934993056,-0.5566400148672983,11.759999737143517
21:05:58.799279,82,-2.1157402104411123,1.652241457648148,1.269749178181448,-0.6958000185841229,11.639999739825726
21:05:58.799279,82,-2.1563565679065184,1.6617601818807375,1.1728798264530167,-0.5566400148672983,9.999999776482582
21:05:58.799279,82,-2.209379557783923,1.6368498535102156,1.0519822890328658,-0.5566400148672983,4.999999888241291
21:05:58.799279,82,-2.034276945225173,1.6629300091123782,1.3014419425821981,-0.6958000185841229,13.759999692440033
21:05:58.799279,82,-2.09052786401639,1.645098731820455,1.1858328503623177,-0.6958000185841229,13.759999692440033
21:05:58.799279,82,-2.1351548457472065,1.6727904421561681,1.140736214635187,-0.5566400148672983,11.879999734461308
21:05:58.799279,82,-2.1724113209237323,1.6791761132002634,1.0406410019302876,-0.5566400148672983,5.639999873936176
21:05:58.799279,82,-2.0163048587477084,1.6824929795799033,1.2962000604438706,-0.6958000185841229,16.119999639689922
21:05:58.799279,82,-2.054116866520758,1.685134259312229,1.175105363102343,-0.6958000185841229,16.519999630749226
21:05:58.799279,82,-2.0979665742682863,1.7136806173112005,1.129779725224029,-0.5566400148672983,14.359999679028988
21:05:58.799279,82,-2.1536004138499716,1.700069319140837,1.0350426842712137,-0.5566400148672983,6.239999860525131
21:05:58.799279,82,-1.9797576167592417,1.7210932648874135,1.2858571451681124,-0.6958000185841229,18.879999577999115
21:05:58.799279,82,-2.035602337376085,1.7048862504775062,1.1698128330207003,-0.6958000185841229,19.999999552965164
21:05:58.799279,82,-2.0790568111886274,1.733854258799371,1.1243742142788786,-0.5566400148672983,17.359999611973763
21:05:58.799279,82,-2.11159760659199,1.7305916264858716,0.997213271044523,-0.6263600167294499,7.1199998408555984
21:05:58.799279,82,-1.959318238356014,1.7314042639508995,1.2550747820870756,-0.6958000185841229,22.11999950557947
21:05:58.799279,82,-1.9952525363903657,1.7342202978437478,1.133413587811405,-0.6958000185841229,24.23999945819378
21:05:58.799279,82,-2.050304831924107,1.723334444428678,1.0398870793700203,-0.6263600167294499,21.239999525249004
21:05:58.799279,82,-2.0921807153826824,1.7508944854687845,0.9917731363760085,-0.6263600167294499,7.879999823868275
21:05:58.799279,82,-1.9216246969595483,1.7688925428463245,1.2450298280314138,-0.6958000185841229,25.75999942421913
21:05:58.799279,82,-1.9761589191732125,1.7534009017124021,1.128274160494458,-0.6958000185841229,29.519999340176582
21:05:58.799279,82,-2.011635161129979,1.7625710788894502,1.0293736548525412,-0.6263600167294499,25.999999418854713
21:05:58.799279,82,-1.815697653381114,1.7125655386199734,1.2999128566524267,-0.6263600167294499,11.759999737143517
21:05:58.799279,82,-1.8959069737967078,1.759965532253166,1.1635429857701427,-0.6958000185841229,29.639999337494373
21:05:58.799279,82,-1.9373807711370208,1.7912040515715832,1.1181448370183378,-0.6958000185841229,35.35999920964241
21:05:58.799279,82,-1.9919976111755058,1.7819073010614377,1.0241925297368883,-0.6263600167294499,31.359999299049377
21:05:58.799279,82,-1.8766476274167496,1.778185723283077,1.1586609002977373,-0.6958000185841229,33.11999925971031
21:05:58.799279,82,-1.9087310561823982,1.77954709740485,1.0359032110321362,-0.6958000185841229,41.23999907821417
21:05:58.799279,82,-1.9486783921187119,1.809319144221106,0.9878413711423946,-0.6958000185841229,36.63999918103218
21:05:58.799279,82,-1.7948180344953935,1.7718604451743682,1.1688443552797847,-0.6958000185841229,27.759999379515648
21:05:58.799279,82,-1.8350736653173008,1.804504758697563,1.1237183766840342,-0.6958000185841229,35.63999920338392
21:05:58.799279,82,-1.888951577832445,1.7978886485226173,1.0309886072221963,-0.6958000185841229,45.87999897450209
21:05:58.799279,82,-1.9284849542097464,1.8280445608927556,0.9828239108672898,-0.6958000185841229,40.639999091625214
21:05:58.799279,82,-1.9713552374375,1.8686820509117232,0.9602120533371452,-0.6263600167294499,10.239999771118164
21:05:58.799279,82,-1.8152840799133092,1.8221347793271447,1.1189944268937937,-0.6958000185841229,36.63999918103218
21:05:58.799279,82,-1.8689832059072742,1.8160382306693301,1.0261254413430223,-0.6958000185841229,47.63999893516302
21:05:58.799279,82,-1.9080986694210462,1.8465739909246748,0.9778589650540281,-0.6958000185841229,41.75999906659126
21:05:58.799279,82,-1.7953129676221733,1.839572768936882,1.1143219316602422,-0.6958000185841229,35.759999200701714
21:05:58.799279,82,-1.8252576921032677,1.8411775143190823,0.9910280214996043,-0.6958000185841229,45.99999897181988
21:05:58.799279,82,-1.8667557327307052,1.8830374991431955,0.9680885974736699,-0.6958000185841229,39.759999111294746
21:05:58.799279,82,-1.7668599112757017,1.826817359929531,1.034315448994133,-0.6958000185841229,33.359999254345894
21:05:58.799279,82,-1.8047709496090276,1.8587093521020988,0.9863303797238117,-0.6958000185841229,41.63999906927347
21:05:58.799279,82,-1.8458032150880967,1.9009679310095238,0.9632841527351459,-0.6958000185841229,35.51999920606613
21:05:58.799279,82,-1.7262190855203539,1.8605590360680893,1.025274394121534,-0.6958000185841229,29.999999329447746
21:05:58.799279,82,-1.763258104576273,1.893175014318645,0.9770953333662842,-0.6958000185841229,35.879999198019505
21:05:58.799279,82,-1.8138855660403852,1.8849074183538785,0.8808970069421052,-0.6958000185841229,30.23999932408333
21:05:58.799279,82,-1.7422361532874826,1.910105392214829,0.9725588522814481,-0.6958000185841229,30.119999326765537
21:05:58.799279,82,-1.7926919654769558,1.9023259950306197,0.8762297133882728,-0.6958000185841229,25.239999435842037
21:05:58.799279,82,-1.7108716745891326,1.893495229978985,0.8922461183318946,-0.6958000185841229,25.119999438524246
21:05:58.799279,82,-1.7459521725127627,1.9247909860711203,0.8414323486461397,-0.6958000185841229,20.87999953329563
21:05:58.857801,83,-2.222222263817129,1.2822923648672069,1.6295742961919242,-0.6958000185841229,7.35999983549118
21:05:58.857801,83,-2.2764437155237283,1.313579853372502,1.6205360376266391,-0.6263600167294499,8.999999798834324
21:05:58.857801,83,-2.341731355894173,1.2925606718250666,1.5129851838622808,-0.6263600167294499,6.9999998435378075
21:05:58.857801,83,-2.1415307254026716,1.2926331411624068,1.627458294821608,-0.6263600167294499,5.239999882876873
21:05:58.857801,83,-2.1950901632760282,1.324961747796856,1.6181410694943905,-0.6958000185841229,8.119999818503857
21:05:58.857801,83,-2.248649601149385,1.3572903544313055,1.6088238441671727,-0.6263600167294499,9.879999779164791
21:05:58.857801,83,-2.3137735296957262,1.337530893871327,1.500935449181537,-0.6263600167294499,7.759999826550484
21:05:58.857801,83,-2.1279737879974796,1.313253435912334,1.6219331034956732,-0.6263600167294499,5.879999868571758
21:05:58.857801,83,-2.181194168420904,1.3460977537539534,1.612477693766967,-0.6263600167294499,8.999999798834324
21:05:58.857801,83,-2.2344145488443288,1.378942071595573,1.6030222840382604,-0.6263600167294499,10.87999975681305
21:05:58.857801,83,-2.284890224976674,1.3819520544642037,1.4890328350738224,-0.6263600167294499,8.51999980956316
21:05:58.857801,83,-2.329277246864863,1.372766543739079,1.3446342556681405,-0.6263600167294499,5.359999880194664
21:05:58.857801,83,-2.1002229033609154,1.354096040256752,1.6109893606448027,-0.6263600167294499,6.5199998542666435
21:05:58.857801,83,-2.1527492373417685,1.3879618269496106,1.6012602491623131,-0.6263600167294499,10.119999773800373
21:05:58.857801,83,-2.205275571322622,1.4218276136424692,1.5915311376798236,-0.6263600167294499,12.11999972909689
21:05:58.857801,83,-2.2550929946732827,1.4258063857325274,1.4772821024258682,-0.6263600167294499,9.519999787211418
21:05:58.857801,83,-2.2989011658581746,1.4174728035336048,1.3326552494595814,-0.6263600167294499,5.999999865889549
21:05:58.857801,83,-2.403645669352277,1.293915065446478,0.9961851001245581,-0.5566400148672983,4.999999888241291
21:05:58.857801,83,-2.4559168017526662,1.3220533249924602,0.9743555342255994,-0.5566400148672983,5.119999885559082
21:05:58.857801,83,-2.0691464136683178,1.3665449491025565,1.5029792474572743,-0.6263600167294499,7.1199998408555984
21:05:58.857801,83,-2.123443235309128,1.4292680503847714,1.5901922799504822,-0.6263600167294499,11.359999746084213
21:05:58.857801,83,-2.1749282221334743,1.4570489024910436,1.5546050694151727,-0.6263600167294499,13.35999970138073
21:05:58.857801,83,-2.2243937572798487,1.4690763465292904,1.4656879513738492,-0.6263600167294499,10.639999762177467
21:05:58.857801,83,-2.2754680928587767,1.412917019356111,1.2480457527144138,-0.6263600167294499,6.7599998489022255
21:05:58.857801,83,-2.372974321889949,1.3400552085492494,0.983821886041514,-0.5566400148672983,5.519999876618385
21:05:58.857801,83,-2.4245784566190327,1.369196859551739,0.9617234622120918,-0.5566400148672983,5.759999871253967
21:05:58.857801,83,-2.0397621403858475,1.4062352801374434,1.4923442553091524,-0.6263600167294499,7.879999823868275
21:05:58.857801,83,-2.0929738885471245,1.4630699397929101,1.5543012744271467,-0.6263600167294499,12.879999712109566
21:05:58.857801,83,-2.141790574849592,1.4765748463443975,1.4669514313853123,-0.6263600167294499,14.999999664723873
21:05:58.857801,83,-2.191597854118747,1.503867222135925,1.4282618705458177,-0.6263600167294499,11.879999734461308
21:05:58.857801,83,-2.2438272318834853,1.4565715142478153,1.2363485660621931,-0.6263600167294499,7.639999829232693
21:05:58.857801,83,-2.357281932244385,1.3629007818228702,0.9777004331322212,-0.5566400148672983,6.11999986320734
21:05:58.857801,83,-2.408544810777807,1.3925392464782929,0.955468888485707,-0.5566400148672983,6.359999857842922
21:05:58.857801,83,-2.024763302249942,1.4258655937681424,1.487084328624637,-0.6263600167294499,8.639999806880951
21:05:58.857801,83,-2.0754024002599496,1.4615263287645182,1.474256366499492,-0.6263600167294499,14.6399996727705
21:05:58.857801,83,-2.1260414982699567,1.4971870637608946,1.461428404374347,-0.6263600167294499,16.8799996227026
21:05:58.857801,83,-2.175482533208483,1.5249587760857302,1.42261040569785,-0.6263600167294499,13.519999697804451
21:05:58.857801,83,-2.2276694334666742,1.478167364286959,1.2305619754843409,-0.6263600167294499,8.759999804198742
21:05:58.857801,83,-2.2769788600095464,1.4409736496198766,1.0865392489564365,-0.6263600167294499,5.239999882876873
21:05:58.857801,83,-2.3251915670966246,1.408131509352096,0.965580896217693,-0.5566400148672983,6.7599998489022255
21:05:58.857801,83,-2.3757565891419614,1.4387535887629679,0.9430857927917928,-0.5566400148672983,6.9999998435378075
21:05:58.857801,83,-2.4193845871635844,1.399583527878682,0.8172193597689397,-0.5566400148672983,5.239999882876873
21:05:58.857801,83,-1.994159722195043,1.4646867023777663,1.4766822439234073,-0.6263600167294499,9.519999787211418
21:05:58.857801,83,-2.0440334281771846,1.501318348848859,1.46359412685269,-0.6263600167294499,16.639999628067017
21:05:58.857801,83,-2.0939071341593265,1.537949995319952,1.4505060097819724,-0.6263600167294499,18.999999575316906
21:05:58.857801,83,-2.137776050382699,1.5419969175986887,1.3338458667914903,-0.6263600167294499,15.359999656677246
21:05:58.857801,83,-2.1946871794446663,1.5208854719332305,1.2191156930383367,-0.6263600167294499,9.999999776482582
21:05:58.857801,83,-2.2439597571316274,1.4846440180260292,1.0748378090088382,-0.6263600167294499,5.759999871253967
21:05:58.857801,83,-2.2921711563657414,1.4527332941305735,0.9536298840053135,-0.5566400148672983,7.35999983549118
21:05:58.857801,83,-2.336023191036736,1.415864132100129,0.8296909332149855,-0.5566400148672983,7.759999826550484
21:05:58.857801,83,-2.3857425371570606,1.4459990379149965,0.8047823613384306,-0.5566400148672983,5.759999871253967
21:05:58.857801,83,-1.9627585048753635,1.5029088706845892,1.4664406447926277,-0.6263600167294499,10.359999768435955
21:05:58.857801,83,-2.0118468700131125,1.5404964492021063,1.4530963865020519,-0.6263600167294499,18.879999577999115
21:05:58.857801,83,-2.060935235150861,1.578084027719623,1.439752128211476,-0.6263600167294499,21.359999522566795
21:05:58.857801,83,-2.121050759589603,1.5625656425724879,1.3283344935454227,-0.6263600167294499,17.639999605715275
21:05:58.857801,83,-2.1608270798522273,1.562957910515028,1.2078424170967361,-0.6263600167294499,11.639999739825726
21:05:58.857801,83,-2.2100431003100427,1.5276678151041527,1.0633096173264345,-0.6263600167294499,6.5199998542666435
21:05:58.857801,83,-2.258233907775171,1.4966882960398706,0.9418521767404087,-0.5566400148672983,8.119999818503857
21:05:58.857801,83,-2.3192014895788726,1.4383473276887861,0.8236665791137339,-0.5566400148672983,8.359999813139439
21:05:58.857801,83,-2.3685628067205786,1.4689607603383414,0.7986297863582679,-0.5566400148672983,6.11999986320734
21:05:58.857801,83,-1.9456911805864732,1.5143993438901517,1.4372193459389337,-0.6263600167294499,11.119999751448631
21:05:58.857801,83,-1.995451006701633,1.5598503726162332,1.4479105183528627,-0.6263600167294499,21.519999518990517
21:05:58.857801,83,-2.043014207215255,1.5901492517597067,1.409069186690723,-0.6263600167294499,24.119999460875988
21:05:58.857801,83,-2.0869655618318093,1.6032133130183608,1.3174429830752445,-0.6263600167294499,20.239999547600746
21:05:58.857801,83,-2.143572056769573,1.583746734754445,1.2022720684301917,-0.6263600167294499,13.759999692440033
21:05:58.857801,83,-2.192752414734562,1.548931861308797,1.057611933318082,-0.6263600167294499,7.35999983549118
21:05:58.857801,83,-2.2409256971193425,1.5184177489280721,0.9360297873870449,-0.5566400148672983,8.759999804198742
21:05:58.857801,83,-2.284864037393037,1.4828206671335211,0.8117499837248019,-0.5566400148672983,8.999999798834324
21:05:58.857801,83,-2.3334945246026306,1.5143806594599938,0.786459561068318,-0.5566400148672983,6.5199998542666435
21:05:58.857801,83,-1.960982373934277,1.5904811734784103,1.4129067648381617,-0.6263600167294499,24.35999945551157
21:05:58.857801,83,-2.0088296630272824,1.6292883619141358,1.3985818937323709,-0.6263600167294499,27.239999391138554
21:05:58.857801,83,-2.0696090633583295,1.6232881937574453,1.312063934993056,-0.6263600167294499,23.519999474287033
21:05:58.857801,83,-2.1055588245479395,1.6153522498791577,1.165264185269381,-0.6263600167294499,16.239999637007713
21:05:58.857801,83,-2.157514974351679,1.5909536173278604,1.0463522377282364,-0.6263600167294499,8.359999813139439
21:05:58.857801,83,-2.2056387569463443,1.5613696941534518,0.9245208483505587,-0.6263600167294499,9.519999787211418
21:05:58.857801,83,-2.2496126700975454,1.5266218078069267,0.8000135034538007,-0.5566400148672983,9.519999787211418
21:05:58.857801,83,-1.9396246110381443,1.5855559783435633,1.3339449657595228,-0.6263600167294499,27.239999391138554
21:05:58.857801,83,-1.9869507781316587,1.6242429937279705,1.3176934541708605,-0.6263600167294499,30.63999931514263
21:05:58.857801,83,-2.0323394542963826,1.6542810772084073,1.2757398776924411,-0.6263600167294499,27.119999393820763
21:05:58.857801,83,-2.0876902841116696,1.6356042562440765,1.159837676518791,-0.6263600167294499,19.35999956727028
21:05:58.857801,83,-2.126930654816436,1.5797332157943107,0.9626681880687533,-0.6263600167294499,9.519999787211418
21:05:58.857801,83,-2.2134614877686745,1.5697332298375235,0.788461832736145,-0.5566400148672983,9.759999781847
21:05:58.857801,83,-1.9224887430211481,1.604208708530025,1.3289469817694248,-0.6263600167294499,29.879999332129955
21:05:58.857801,83,-1.9693968008844283,1.6433508440549642,1.3125735211066476,-0.6263600167294499,34.11999923735857
21:05:58.857801,83,-2.0143844848366395,1.6738254154646648,1.2705029880400762,-0.6263600167294499,31.239999301731586
21:05:58.857801,83,-2.0513287091167287,1.6755854414760598,1.149124750223442,-0.6263600167294499,23.11999948322773
21:05:58.857801,83,-2.1088807452306098,1.6001907839500389,0.9571865992023212,-0.6263600167294499,10.759999759495258
21:05:58.857801,83,-2.195052970811719,1.5910248966480247,0.7827567478087589,-0.5566400148672983,9.879999779164791
21:05:58.857801,83,-1.8415841886102517,1.6009728246069956,1.3356993913122412,-0.6263600167294499,12.519999720156193
21:05:58.857801,83,-1.8876419979932484,1.641012971367135,1.3190853092641983,-0.6263600167294499,31.999999284744263
21:05:58.857801,83,-1.9710294945651747,1.6852520957979833,1.183562390732063,-0.6263600167294499,35.51999920606613
21:05:58.857801,83,-2.0328393106850933,1.695310622258097,1.1438394039623372,-0.6263600167294499,27.759999379515648
21:05:58.857801,83,-2.0721500932001438,1.6405777859631774,0.9463649346281866,-0.6263600167294499,12.11999972909689
21:05:58.857801,83,-2.216130739518728,1.5737978086975568,0.6497589556977661,-0.5566400148672983,7.239999838173389
21:05:58.857801,83,-1.8681536380242307,1.6508442126810923,1.2897352106170932,-0.6263600167294499,32.99999926239252
21:05:58.857801,83,-1.9525398695931029,1.7042016381879264,1.1784848761517384,-0.6263600167294499,39.519999116659164
21:05:58.857801,83,-2.0047264888543594,1.6850246637028667,1.0612304208092072,-0.6263600167294499,32.75999926775694
21:05:58.857801,83,-2.053473023789935,1.6605031811542226,0.9410259410778752,-0.6263600167294499,13.519999697804451
21:05:58.857801,83,-2.098465275259006,1.6306330641665432,0.8181149158330843,-0.6263600167294499,10.99999975413084
21:05:58.857801,83,-1.9338549922699115,1.7229716400264763,1.1734554693171682,-0.6263600167294499,42.75999904423952
21:05:58.857801,83,-1.9669164460991484,1.7233890665039802,1.0509507100605464,-0.6263600167294499,37.63999915868044
21:05:58.857801,83,-2.0155047364492633,1.6998077974903878,0.9304943008717845,-0.6263600167294499,14.6399996727705
21:05:58.857801,83,-1.8517998966132072,1.7190210467671843,1.183002629411536,-0.6263600167294499,42.23999905586243
21:05:58.857801,83,-1.8933335627350019,1.7504802355177003,1.1381942040415547,-0.6263600167294499,44.23999901115894
21:05:58.857801,83,-1.947715439518586,1.7422954438284575,1.0458847615246545,-0.6263600167294499,41.11999908089638
21:05:58.857801,83,-1.8741003580464346,1.7686756953546827,1.1333187452723223,-0.6263600167294499,43.63999902456999
21:05:58.857801,83,-1.9087310561823982,1.77954709740485,1.0359032110321362,-0.6263600167294499,42.23999905586243
21:05:58.857801,83,-1.95277648506378,1.746007101924018,0.8893373460230551,-0.6263600167294499,15.639999650418758
21:05:58.857801,83,-1.8350736653173008,1.804504758697563,1.1237183766840342,-0.6263600167294499,40.99999908357859
21:05:58.857801,83,-1.8856146709819925,1.7874070708737888,1.0054357683974342,-0.6263600167294499,40.51999909430742
21:05:58.857801,83,-1.8067940166559495,1.7922973637948445,1.0435650540811479,-0.6263600167294499,36.999999172985554
21:05:58.857801,83,-1.86568157396691,1.8055245910737003,1.0005811934910134,-0.6263600167294499,36.51999918371439
21:05:58.857801,83,-1.7869163090327373,1.8096537961229937,1.0389144120553349,-0.6263600167294499,32.51999927312136
21:05:58.857801,83,-1.8252576921032677,1.8411775143190823,0.9910280214996043,-0.6263600167294499,31.359999299049377
21:05:58.857801,83,-1.763738684129958,1.8164507731946733,1.0093766067124779,-0.6263600167294499,27.87999937683344
21:05:58.857801,83,-1.8047709496090276,1.8587093521020988,0.9863303797238117,-0.6263600167294499,26.239999413490295
21:05:58.857801,83,-1.763258104576273,1.893175014318645,0.9770953333662842,-0.6263600167294499,21.7599995136261
21:05:58.910547,84,-2.168000812110529,1.251004876361912,1.6386125547572095,-0.6958000185841229,6.239999860525131
21:05:58.910547,84,-2.222222263817129,1.2822923648672069,1.6295742961919242,-0.6958000185841229,6.7599998489022255
21:05:58.910547,84,-2.1415307254026716,1.2926331411624068,1.627458294821608,-0.6958000185841229,6.8799998462200165
21:05:58.910547,84,-2.1950901632760282,1.324961747796856,1.6181410694943905,-0.6958000185841229,7.519999831914902
21:05:58.910547,84,-2.2483123009132826,1.3502135901678367,1.5832315050753027,-0.6958000185841229,5.519999876618385
21:05:58.910547,84,-2.125420645136923,1.2855013317664261,1.5246948192741874,-0.6958000185841229,7.759999826550484
21:05:58.910547,84,-2.181194168420904,1.3460977537539534,1.612477693766967,-0.6958000185841229,8.239999815821648
21:05:58.910547,84,-2.231733698363424,1.3498018135649448,1.5009201631406106,-0.6958000185841229,5.999999865889549
21:05:58.910547,84,-2.0977030560105683,1.3262949331558844,1.5137642067255248,-0.6958000185841229,8.639999806880951
21:05:58.910547,84,-2.1501663688981396,1.3594654173480987,1.501603505292306,-0.6958000185841229,9.239999793469906
21:05:58.910547,84,-2.2026296817857114,1.392635901540313,1.4894428038590872,-0.6958000185841229,6.6399998515844345
21:05:58.910547,84,-2.01739729913114,1.3323678166269786,1.5154096794850827,-0.6958000185841229,4.999999888241291
21:05:58.910547,84,-2.0691464136683178,1.3665449491025565,1.5029792474572743,-0.6958000185841229,9.759999781847
21:05:58.910547,84,-2.120895528205495,1.4007220815781343,1.4905488154294662,-0.6958000185841229,10.359999768435955
21:05:58.910547,84,-2.172644642742672,1.4348992140537127,1.4781183834016576,-0.6958000185841229,7.35999983549118
21:05:58.910547,84,-2.233581470623774,1.415286691318376,1.3677977695960648,-0.6958000185841229,5.359999880194664
21:05:58.910547,84,-1.9876532997860414,1.3639211413265866,1.4814663750982437,-0.6958000185841229,5.239999882876873
21:05:58.910547,84,-2.0397621403858475,1.4062352801374434,1.4923442553091524,-0.6958000185841229,11.119999751448631
21:05:58.910547,84,-2.09077635761772,1.4414050632409203,1.4796478433472324,-0.6958000185841229,11.639999739825726
21:05:58.910547,84,-2.1406117155355706,1.4688807019335905,1.441562996683924,-0.6958000185841229,8.119999818503857
21:05:58.910547,84,-2.2025230519138885,1.4581375979979985,1.3563159037563186,-0.6958000185841229,5.999999865889549
21:05:58.910547,84,-1.9685946274370292,1.36075840606951,1.4059500078285123,-0.6958000185841229,5.519999876618385
21:05:58.910547,84,-2.023648855718346,1.4185271704720228,1.462908217382938,-0.6958000185841229,12.759999714791775
21:05:58.910547,84,-2.0754024002599496,1.4615263287645182,1.474256366499492,-0.6958000185841229,13.239999704062939
21:05:58.910547,84,-2.124871307378437,1.4894815742144945,1.4360430095928793,-0.6958000185841229,9.239999793469906
21:05:58.910547,84,-2.168516340898396,1.4918858566121607,1.3192535459058794,-0.6958000185841229,6.7599998489022255
21:05:58.910547,84,-1.938840017004557,1.3985025837495049,1.395836485900181,-0.6958000185841229,5.639999873936176
21:05:58.910547,84,-1.9885740253490922,1.4343761672118007,1.3803388311230083,-0.6958000185841229,14.51999967545271
21:05:58.910547,84,-2.0429083752082935,1.4937744905693828,1.4388192424263284,-0.6958000185841229,15.119999662041664
21:05:58.910547,84,-2.0880420420381633,1.5061233341363927,1.3493435215686629,-0.6958000185841229,10.359999768435955
21:05:58.910547,84,-2.144789996087414,1.4863074683028292,1.2368694430079,-0.6958000185841229,7.639999829232693
21:05:58.910547,84,-2.286303844916412,1.3857292262852614,0.8545995050915405,-0.6263600167294499,5.359999880194664
21:05:58.910547,84,-2.336023191036736,1.415864132100129,0.8296909332149855,-0.6263600167294499,5.119999885559082
21:05:58.910547,84,-1.973016044506522,1.4535093370357046,1.3752121137200457,-0.6958000185841229,16.639999628067017
21:05:58.910547,84,-2.0223609495342156,1.4898614388812992,1.3595862403285048,-0.6958000185841229,17.519999608397484
21:05:58.910547,84,-2.071705854561909,1.5262135407268933,1.3439603669369637,-0.6958000185841229,11.879999734461308
21:05:58.910547,84,-2.1116997208297064,1.5274233713920675,1.2258524699790623,-0.6958000185841229,8.759999804198742
21:05:58.910547,84,-2.1647378644543567,1.5036695379908136,1.1098243802869965,-0.7655200204462744,5.239999882876873
21:05:58.910547,84,-2.269840172437167,1.4077338950392309,0.8487033718691999,-0.6263600167294499,5.879999868571758
21:05:58.910547,84,-2.3192014895788726,1.4383473276887861,0.8236665791137339,-0.6263600167294499,5.519999876618385
21:05:58.910547,84,-1.9413097584818924,1.4913200804132172,1.3650807555668207,-0.6958000185841229,18.879999577999115
21:05:58.910547,84,-1.9898616929318644,1.528617824614932,1.3492014980696287,-0.6958000185841229,20.119999550282955
21:05:58.910547,84,-2.038413627381837,1.5659155688166466,1.3333222405724368,-0.6958000185841229,13.639999695122242
21:05:58.910547,84,-2.094836998325764,1.5477395525210809,1.2204087656522586,-0.6958000185841229,9.999999776482582
21:05:58.910547,84,-2.1440074572679206,1.5144990556756255,1.0785612506777627,-0.7655200204462744,5.879999868571758
21:05:58.910547,84,-2.2362335501834436,1.4512606748070485,0.837040406381286,-0.6263600167294499,6.359999857842922
21:05:58.910547,84,-2.284864037393037,1.4828206671335211,0.8117499837248019,-0.6263600167294499,5.879999868571758
21:05:58.910547,84,-1.9233310539919382,1.5019836974810088,1.3361594793748677,-0.6958000185841229,21.119999527931213
21:05:58.910547,84,-1.9733127703873579,1.5477586465352597,1.3440727302936089,-0.6958000185841229,23.23999948054552
21:05:58.910547,84,-2.019535632216525,1.5771125775645782,1.3029543287781578,-0.6958000185841229,15.75999964773655
21:05:58.910547,84,-2.0576880137454028,1.5786265022857513,1.184242273077329,-0.6958000185841229,11.519999742507935
21:05:58.910547,84,-2.201732464365681,1.4941295627177409,0.8255537224851957,-0.6263600167294499,6.8799998462200165
21:05:58.910547,84,-2.2496126700975454,1.5266218078069267,0.8000135034538007,-0.6263600167294499,6.239999860525131
21:05:58.910547,84,-1.8432150839287562,1.5003378634028988,1.3431376932120043,-0.6958000185841229,5.999999865889549
21:05:58.910547,84,-1.890496176520663,1.538823666854276,1.3262882393321134,-0.6958000185841229,23.11999948322773
21:05:58.910547,84,-1.9377772691125696,1.5773094703056532,1.3094387854522227,-0.6958000185841229,26.75999940186739
21:05:58.910547,84,-1.9954697134779018,1.5702946377962683,1.222853750588474,-0.6958000185841229,18.11999959498644
21:05:58.910547,84,-2.0402257224761327,1.5984180703319855,1.178939138402395,-0.6958000185841229,13.519999697804451
21:05:58.910547,84,-2.184150796286503,1.515311928327046,0.8198779247264014,-0.6263600167294499,7.239999838173389
21:05:58.910547,84,-2.231648660431293,1.5482648179494238,0.79421427636434,-0.6263600167294499,6.5199998542666435
21:05:58.910547,84,-1.8737943401018342,1.5570039450887863,1.3214168484610034,-0.6958000185841229,24.759999446570873
21:05:58.910547,84,-1.9206577216801024,1.595944435214079,1.3044455616540276,-0.6958000185841229,30.23999932408333
21:05:58.910547,84,-1.9607143562350364,1.6085097144513387,1.2126140516600543,-0.6958000185841229,20.999999530613422
21:05:58.910547,84,-2.013099922693694,1.5891571123995705,1.0979963203927667,-0.6958000185841229,15.75999964773655
21:05:58.910547,84,-2.1483340003721327,1.557161911971323,0.8086642554056618,-0.6263600167294499,7.35999983549118
21:05:58.910547,84,-1.8504810608282243,1.5498408797475245,1.2453115221816502,-0.6958000185841229,25.51999942958355
21:05:58.910547,84,-1.8967613799651895,1.5886022224300198,1.2264368498914127,-0.6958000185841229,33.7599992454052
21:05:58.910547,84,-1.9430416991021549,1.6273635651125151,1.2075621776011751,-0.6958000185841229,24.119999460875988
21:05:58.910547,84,-1.9773304022837397,1.6277029934982712,1.087667982680824,-0.6958000185841229,18.519999586045742
21:05:58.910547,84,-1.8616906581895067,1.6249072907007456,1.216708936167115,-0.6958000185841229,36.35999918729067
21:05:58.910547,84,-1.9045266392468065,1.6553637674062087,1.1728180382577953,-0.6958000185841229,27.359999388456345
21:05:58.910547,84,-1.9591481457846116,1.6467148829770557,1.0825737622483937,-0.6958000185841229,21.519999518990517
21:05:58.910547,84,-2.0875049314366265,1.5488803592443636,0.695137613549965,-0.6263600167294499,7.1199998408555984
21:05:58.910547,84,-2.138517872102093,1.653818224772988,0.7659313262476124,-0.6263600167294499,6.359999857842922
21:05:58.910547,84,-1.8413723789456364,1.6338078675283876,1.187731377621049,-0.6958000185841229,37.63999915868044
21:05:58.910547,84,-1.8863012256881617,1.6736722122563925,1.1679123052455187,-0.6958000185841229,30.35999932140112
21:05:58.910547,84,-1.9188020935877177,1.674092394067211,1.047521419435485,-0.6958000185841229,24.759999446570873
21:05:58.910547,84,-1.805239145930964,1.6690326034099339,1.1782929380879892,-0.6958000185841229,37.119999170303345
21:05:58.910547,84,-1.9000707785393116,1.6925362870268297,1.042579393211669,-0.8349600223009475,27.759999379515648
21:05:58.910547,84,-1.7785435227853421,1.6581707272637392,1.101660711286145,-0.7655200204462744,35.11999921500683
21:05:58.910547,84,-1.8219393672510273,1.6986295173107762,1.0797415445348086,-0.6958000185841229,33.2399992570281
21:05:58.910547,84,-1.862040024100781,1.7288766974259318,1.032842009592614,-0.8349600223009475,29.879999332129955
21:05:58.910547,84,-1.7601131299914292,1.6752612685595811,1.0970813145477134,-0.7655200204462744,31.87999928742647
21:05:58.910547,84,-1.7998741045264848,1.7061320908358542,1.0506594834577234,-0.6958000185841229,32.51999927312136
21:05:58.910547,84,-1.851038657728269,1.6972087212508524,0.958491138410209,-0.7655200204462744,30.63999931514263
21:05:58.910547,84,-1.8899701299774192,1.7255428452088544,0.909110669060782,-0.7655200204462744,14.759999670088291
21:05:58.910547,84,-1.738430287604501,1.6823763915207763,1.0687478788019695,-0.7655200204462744,28.11999937146902
21:05:58.910547,84,-1.7808473830586373,1.723425791371751,1.0460256503649843,-0.6958000185841229,30.35999932140112
21:05:58.910547,84,-1.808538457615346,1.721622839969402,0.9244509732762145,-0.7655200204462744,29.759999334812164
21:05:58.910547,84,-1.7512343834770547,1.709297090130434,0.9689022783106029,-0.7655200204462744,27.359999388456345
21:05:58.910547,84,-1.7890350300746356,1.7389979300923573,0.9197953319093504,-0.7655200204462744,27.519999384880066
21:05:58.910547,84,-1.7087925783824278,1.731926749199177,0.9359799910964082,-0.7655200204462744,23.999999463558197
21:05:58.910547,84,-1.7693527005297731,1.756183765968463,0.9151904010650942,-0.7655200204462744,24.51999945193529
21:05:58.910547,84,-1.689224450430392,1.7483380476249026,0.9315825969364888,-0.7655200204462744,20.63999953866005
21:05:58.910547,84,-1.72945922598668,1.789980819800491,0.9061345077842511,-0.7655200204462744,21.239999525249004
21:05:58.910547,84,0.05193790501616813,0.122532888530877,1.7848322716313154,-1.878800050180871,5.119999885559082
21:05:58.964216,85,-2.0984596159438116,1.2130636511496917,1.5473771342783906,-0.6958000185841229,4.999999888241291
21:05:58.964216,85,-2.1522880943817904,1.2441804618301007,1.5357667130041772,-0.6958000185841229,6.5199998542666435
21:05:58.964216,85,-2.2061165728197687,1.2752972725105094,1.5241562917299638,-0.6958000185841229,6.359999857842922
21:05:58.964216,85,-2.0722641185236723,1.2533510908671668,1.5365821473409758,-0.6958000185841229,5.359999880194664
21:05:58.964216,85,-2.125420645136923,1.2855013317664261,1.5246948192741874,-0.6958000185841229,7.239999838173389
21:05:58.964216,85,-2.1785771717501734,1.3176515726656852,1.5128074912073992,-0.6958000185841229,6.9999998435378075
21:05:58.964216,85,-2.225482550202519,1.3185021606714953,1.3996164634815618,-0.6958000185841229,5.759999871253967
21:05:58.964216,85,-2.0452397431229965,1.2931244489636704,1.5259249081587438,-0.6958000185841229,5.879999868571758
21:05:58.964216,85,-2.0977030560105683,1.3262949331558844,1.5137642067255248,-0.6958000185841229,8.119999818503857
21:05:58.964216,85,-2.1441436930957205,1.3287941531798622,1.4027440894592775,-0.6958000185841229,7.759999826550484
21:05:58.964216,85,-2.196460054784718,1.3612162691750886,1.3881712526026084,-0.6958000185841229,6.359999857842922
21:05:58.964216,85,-2.250787736653621,1.2699930562762092,1.1557995106585355,-0.7655200204462744,5.359999880194664
21:05:58.964216,85,-2.01739729913114,1.3323678166269786,1.5154096794850827,-0.6958000185841229,6.359999857842922
21:05:58.964216,85,-2.0691464136683178,1.3665449491025565,1.5029792474572743,-0.6958000185841229,9.119999796152115
21:05:58.964216,85,-2.129655748864176,1.349435191014275,1.3972133400406066,-0.6958000185841229,8.639999806880951
21:05:58.964216,85,-2.1720005465803314,1.3486704331057342,1.2822377772584923,-0.6958000185841229,7.1199998408555984
21:05:58.964216,85,-2.221435236555372,1.3131928520208365,1.144224160275573,-0.7655200204462744,5.999999865889549
21:05:58.964216,85,-1.9975618263013042,1.3224470003728055,1.4162155180458456,-0.6958000185841229,6.7599998489022255
21:05:58.964216,85,-2.0386394383692177,1.3989076615289213,1.4681652489601371,-0.6958000185841229,10.359999768435955
21:05:58.964216,85,-2.1000424391075962,1.390292299185402,1.3862657109010819,-0.6958000185841229,9.759999781847
21:05:58.964216,85,-2.1417984235322054,1.3903399195129664,1.2710724720266549,-0.6958000185841229,7.999999821186066
21:05:58.964216,85,-2.191194192020961,1.3558169991515077,1.1328030544738443,-0.7655200204462744,6.7599998489022255
21:05:58.964216,85,-1.9685946274370292,1.36075840606951,1.4059500078285123,-0.6958000185841229,7.35999983549118
21:05:58.964216,85,-2.019091883925072,1.3956637976071338,1.3907117792956738,-0.6958000185841229,11.759999737143517
21:05:58.964216,85,-2.0695891404131155,1.4305691891447578,1.3754735507628353,-0.6958000185841229,11.119999751448631
21:05:58.964216,85,-2.1263753344970353,1.4109537871545719,1.2655490028392045,-0.6958000185841229,8.999999798834324
21:05:58.964216,85,-2.17574423184288,1.376907867464736,1.1271517733416436,-0.7655200204462744,7.519999831914902
21:05:58.964216,85,-1.938840017004557,1.3985025837495049,1.395836485900181,-0.6958000185841229,7.879999823868275
21:05:58.964216,85,-1.9885740253490922,1.4343761672118007,1.3803388311230083,-0.6958000185841229,13.519999697804451
21:05:58.964216,85,-2.0383080336936277,1.4702497506740968,1.3648411763458355,-0.6958000185841229,12.759999714791775
21:05:58.964216,85,-2.094892812730162,1.4517294646724277,1.2546231929774634,-0.6958000185841229,10.239999771118164
21:05:58.964216,85,-2.1441931604258366,1.4186366484520752,1.1159705801749509,-0.7655200204462744,8.51999980956316
21:05:58.964216,85,-1.9236711394788282,1.41715723519011,1.3908379871115866,-0.6958000185841229,8.359999813139439
21:05:58.964216,85,-1.973016044506522,1.4535093370357046,1.3752121137200457,-0.6958000185841229,15.359999656677246
21:05:58.964216,85,-2.0204348076666303,1.481706072466253,1.3350556386969612,-0.6958000185841229,14.759999670088291
21:05:58.964216,85,-2.0597727273289097,1.4829325030844438,1.2190208562826896,-0.6958000185841229,11.879999734461308
21:05:58.964216,85,-2.110907146901752,1.3990446294854388,1.010885544271269,-0.7655200204462744,9.759999781847
21:05:58.964216,85,-1.9394608115841463,1.4833276903083243,1.3411583414307777,-0.6958000185841229,17.759999603033066
21:05:58.964216,85,-1.9973668814381471,1.4757251880543532,1.2566821600963927,-0.6958000185841229,17.359999611973763
21:05:58.964216,85,-2.043324661545917,1.5027491064586085,1.2137110134118543,-0.6958000185841229,13.999999687075615
21:05:58.964216,85,-2.094728120695621,1.4193564569015633,1.0054430065183182,-0.7655200204462744,11.239999748766422
21:05:58.964216,85,-1.9233310539919382,1.5019836974810088,1.3361594793748677,-0.6958000185841229,20.239999547600746
21:05:58.964216,85,-1.964613061472866,1.5139962504104532,1.2464274598445946,-0.6958000185841229,20.51999954134226
21:05:58.964216,85,-2.0171935415833615,1.494466146122186,1.134446954968807,-0.6958000185841229,16.519999630749226
21:05:58.964216,85,-2.0617432939480396,1.4595062251950135,0.9946849085277916,-0.7655200204462744,13.239999704062939
21:05:58.964216,85,-1.9004115629394138,1.4954905437720816,1.2598746508146301,-0.6958000185841229,23.11999948322773
21:05:58.964216,85,-1.947940638208658,1.532892590784175,1.2413642007015522,-0.6958000185841229,24.51999945193529
21:05:58.964216,85,-1.9834410392686852,1.533110596047206,1.124092205819453,-0.6958000185841229,19.879999555647373
21:05:58.964216,85,-2.027933797409289,1.4990107883767885,0.9840996927258907,-0.7655200204462744,15.639999650418758
21:05:58.964216,85,-1.8673118459493157,1.5318851695904483,1.250122740217766,-0.6958000185841229,25.879999421536922
21:05:58.964216,85,-1.9114151136620559,1.5612999139706385,1.2071598252216813,-0.6958000185841229,29.35999934375286
21:05:58.964216,85,-1.9662664256416018,1.5521863768191484,1.1189808657666178,-0.6958000185841229,24.23999945819378
21:05:58.964216,85,-2.0107240112762104,1.5185161698906886,0.97887324150118,-0.7655200204462744,18.639999583363533
21:05:58.964216,85,-1.8504810608282243,1.5498408797475245,1.2453115221816502,-0.6958000185841229,28.359999366104603
21:05:58.964216,85,-1.8941868091744907,1.5796797126342745,1.2022349730127133,-0.6958000185841229,35.23999921232462
21:05:58.964216,85,-1.9279172921798282,1.5800536579450688,1.084442097733791,-0.6958000185841229,29.999999329447746
21:05:58.964216,85,-1.9757029679315272,1.5570233803505187,0.9685552655556933,-0.7655200204462744,22.359999500215054
21:05:58.964216,85,-1.7708414467859102,1.5456129432135648,1.2549329961824915,-0.6958000185841229,9.999999776482582
21:05:58.964216,85,-1.8138007421032474,1.5765072369686695,1.2122224887041853,-0.6958000185841229,30.23999932408333
21:05:58.964216,85,-1.859163690675027,1.6159355021874389,1.1925202634809904,-0.6958000185841229,41.999999061226845
21:05:58.964216,85,-1.9101894068071903,1.5985904439272332,1.0794751808996015,-0.6958000185841229,37.35999916493893
21:05:58.964216,85,-1.9578952127949163,1.5760213586076635,0.9634647726238674,-0.7655200204462744,26.99999939650297
21:05:58.964216,85,-1.7964435322031111,1.5939435228003829,1.2075504499965795,-0.6958000185841229,30.879999309778214
21:05:58.964216,85,-1.8327603010066562,1.6058430293475712,1.115681875684562,-0.6958000185841229,48.87999890744686
21:05:58.964216,85,-1.8741623759162056,1.6351456928535095,1.069680231470687,-0.6958000185841229,46.63999895751476
21:05:58.964216,85,-1.9216941392180535,1.613496562456843,0.953423322016288,-0.7655200204462744,32.63999927043915
21:05:58.964216,85,-1.814868924547827,1.623459872129518,1.1109614568879533,-0.6958000185841229,54.359998784959316
21:05:58.964216,85,-1.8558668330707648,1.653160500303355,1.0648531783626987,-0.7655200204462744,56.99999872595072
21:05:58.964216,85,-1.9033044408548299,1.6319700405598891,0.9484733684771827,-0.7655200204462744,38.6399991363287
21:05:58.964216,85,-1.7754016560828505,1.6484342506307574,1.0778426480428336,-0.6958000185841229,56.759998731315136
21:05:58.964216,85,-1.8265300021862083,1.640170774178027,0.9874246188457889,-0.7655200204462744,66.35999851673841
21:05:58.964216,85,-1.8663628918709512,1.605353575412285,0.8462531827031632,-0.7655200204462744,44.359999008476734
21:05:58.964216,85,-1.7570038212987311,1.6654946008168867,1.073271340987868,-0.7655200204462744,55.11999876797199
21:05:58.964216,85,-1.8079754135530732,1.6577242332989934,0.9827211836499532,-0.7655200204462744,71.23999840766191
21:05:58.964216,85,-1.8477772418470564,1.6232916438835623,0.8414466917425101,-0.7655200204462744,48.239998921751976
21:05:58.964216,85,-1.738430287604501,1.6823763915207763,1.0687478788019695,-0.7655200204462744,49.99999888241291
21:05:58.964216,85,-1.7664639537278348,1.681570372979769,0.9494729414381564,-0.7655200204462744,68.99999845772982
21:05:58.964216,85,-1.8100534902978143,1.6586247525956475,0.8319792137970259,-0.7655200204462744,48.87999890744686
21:05:58.964216,85,-1.8521632404629036,1.6972116089089075,0.804805948609959,-0.7655200204462744,10.519999764859676
21:05:58.964216,85,-1.7095226249551478,1.6685842146076513,0.9934614690079684,-0.7655200204462744,42.9999990388751
21:05:58.964216,85,-1.7474142610991064,1.6985412426152662,0.944925610624471,-0.7655200204462744,60.63999864459038
21:05:58.964216,85,-1.7909191611160173,1.676016259555186,0.8273191735520573,-0.7655200204462744,45.87999897450209
21:05:58.964216,85,-1.6717384303953113,1.7012457763914526,0.9847098299044597,-0.7655200204462744,35.879999198019505
21:05:58.964216,85,-1.728189828508253,1.7153272608843233,0.9404278105851431,-0.7655200204462744,49.99999888241291
21:05:58.964216,85,-1.7521151628311677,1.7102404831745412,0.8181488204716687,-0.7655200204462744,40.639999091625214
21:05:58.964216,85,-1.6489896748741042,1.706695275449314,0.9570306860887263,-0.7655200204462744,29.519999340176582
21:05:58.964216,85,-1.689224450430392,1.7483380476249026,0.9315825969364888,-0.7655200204462744,39.87999910861254
21:05:58.964216,85,-1.732449374095434,1.727069777440669,0.8136394246638743,-0.7655200204462744,34.51999922841787
21:05:58.964216,85,-1.6297227325946135,1.7225303720114695,0.952787684752828,-0.7655200204462744,24.23999945819378
21:05:58.964216,85,-1.669487401448547,1.7645595150454074,0.9272360678411169,-0.7655200204462744,31.63999929279089
21:05:58.964216,85,-1.7126103418737384,1.7437082764869698,0.8091811522811518,-0.7655200204462744,28.639999359846115
21:05:58.964216,85,-1.629514451843473,1.7964264874833002,0.9186973383111585,-0.7655200204462744,25.119999438524246
21:05:58.964216,85,-1.6724204996446814,1.776406252821976,0.800419755928055,-0.7655200204462744,23.639999471604824
21:05:59.016731,86,-2.1423048903791346,1.1022907397744888,1.4752062102818202,-0.6263600167294499,6.8799998462200165
21:05:59.016731,86,-2.2034299310862098,1.160023231791523,1.5583165748302545,-0.6263600167294499,8.51999980956316
21:05:59.016731,86,-2.2585374609957407,1.189035279798962,1.5472701230145223,-0.6263600167294499,8.359999813139439
21:05:59.016731,86,-2.117866890527089,1.143442210055524,1.4641797070526636,-0.6263600167294499,7.759999826550484
21:05:59.016731,86,-2.1782946571241797,1.2023488511432066,1.5469754593058236,-0.6263600167294499,9.519999787211418
21:05:59.016731,86,-2.2327735567141773,1.2324194580371597,1.5356453674913095,-0.6263600167294499,9.239999793469906
21:05:59.016731,86,-2.279113331386774,1.1106594495631168,1.210215896801581,-0.6263600167294499,6.9999998435378075
21:05:59.016731,86,-2.0925817721945505,1.1841133758968594,1.4532819010102453,-0.6263600167294499,8.639999806880951
21:05:59.016731,86,-2.146259475567279,1.2144875707769063,1.4392578029625511,-0.6263600167294499,10.639999762177467
21:05:59.016731,86,-2.1999371789400075,1.2448617656569538,1.4252337049148571,-0.6263600167294499,10.359999768435955
21:05:59.016731,86,-2.2531147111598617,1.154438869077524,1.1984852366975922,-0.6263600167294499,7.759999826550484
21:05:59.016731,86,-2.301465764024131,1.121622200606363,1.085220660051698,-0.6263600167294499,4.999999888241291
21:05:59.016731,86,-2.064491506634449,1.2167142721871438,1.4191344054326807,-0.6263600167294499,9.63999978452921
21:05:59.016731,86,-2.119467282795018,1.2556926998072722,1.4282169219148444,-0.6263600167294499,11.879999734461308
21:05:59.016731,86,-2.1724749164987687,1.2870974302393838,1.4139166926982032,-0.6263600167294499,11.519999742507935
21:05:59.016731,86,-2.226214875129901,1.1977073117199835,1.186891492433793,-0.6263600167294499,8.51999980956316
21:05:59.016731,86,-2.2746039236881987,1.1658251120011194,1.0733765256403685,-0.6263600167294499,5.359999880194664
21:05:59.016731,86,-2.03756849378677,1.2563384490700886,1.4085171392361475,-0.6263600167294499,10.87999975681305
21:05:59.016731,86,-2.0918273314067224,1.2963720371846355,1.4173169263159469,-0.6263600167294499,13.35999970138073
21:05:59.016731,86,-2.1441436930957205,1.3287941531798622,1.4027440894592775,-0.6263600167294499,12.999999709427357
21:05:59.016731,86,-2.1984245828721627,1.2404474706911168,1.1754393013531,-0.6263600167294499,9.519999787211418
21:05:59.016731,86,-2.24683227215111,1.2095002868085305,1.0616737978214346,-0.6263600167294499,5.759999871253967
21:05:59.016731,86,-1.9650654540234402,1.2201772606049808,1.3506218263466496,-0.6263600167294499,4.999999888241291
21:05:59.016731,86,-2.016799227162663,1.2523005537301692,1.3335258140746102,-0.6263600167294499,12.23999972641468
21:05:59.016731,86,-2.077692887984377,1.3165094408622244,1.4119211252628774,-0.6263600167294499,15.119999662041664
21:05:59.016731,86,-2.129655748864176,1.349435191014275,1.3972133400406066,-0.6263600167294499,14.6399996727705
21:05:59.016731,86,-2.1697549501325204,1.2826422504979609,1.164133244179047,-0.6263600167294499,10.639999762177467
21:05:59.016731,86,-2.2181619177026985,1.2526302555417819,1.0501171575297803,-0.6263600167294499,6.239999860525131
21:05:59.016731,86,-1.9377408068296458,1.2578767300432694,1.3405202839555783,-0.6263600167294499,5.119999885559082
21:05:59.016731,86,-1.9887552110052855,1.290992527410694,1.3231583309733475,-0.6263600167294499,13.879999689757824
21:05:59.016731,86,-2.0468508076617526,1.348505789487127,1.3772837608778463,-0.6263600167294499,17.23999961465597
21:05:59.016731,86,-2.0980423116493387,1.3822317646492708,1.3617096991441666,-0.6263600167294499,16.519999630749226
21:05:59.016731,86,-2.1402174443813013,1.3242747737919371,1.1529778431835562,-0.6263600167294499,11.879999734461308
21:05:59.016731,86,-2.20349329664412,1.2739853878566025,1.0443950670717643,-0.6263600167294499,6.7599998489022255
21:05:59.016731,86,-1.9237871365577583,1.2765266328897982,1.335523057548932,-0.6263600167294499,5.359999880194664
21:05:59.016731,86,-1.9744341860425778,1.3101334214559914,1.3180295438715002,-0.6263600167294499,15.639999650418758
21:05:59.016731,86,-2.0171688555887974,1.3877625126886088,1.3667649535985174,-0.6263600167294499,19.63999956101179
21:05:59.016731,86,-2.0757282850122163,1.3773469985883788,1.2830425165166366,-0.6263600167294499,18.759999580681324
21:05:59.016731,86,-2.1229314789152784,1.2856431917086097,1.0555613099212942,-0.6263600167294499,13.35999970138073
21:05:59.016731,86,-2.173496500960615,1.316265271119481,1.033066206495394,-0.6263600167294499,7.239999838173389
21:05:59.016731,86,-1.945201262658406,1.3479954537812233,1.3078844428861534,-0.6263600167294499,17.639999605715275
21:05:59.016731,86,-1.995098446015658,1.3825734574116249,1.2901306929165899,-0.6263600167294499,22.239999502897263
21:05:59.016731,86,-2.0449956293729104,1.4171514610420264,1.2723769429470266,-0.6263600167294499,21.359999522566795
21:05:59.016731,86,-2.092783395471627,1.3263652269430075,1.0446498734660854,-0.6263600167294499,15.119999662041664
21:05:59.016731,86,-2.1426303356951553,1.3579572437398988,1.0218948761008924,-0.6263600167294499,7.879999823868275
21:05:59.016731,86,-1.9151902847396225,1.3852852149002262,1.2978926815083671,-0.6263600167294499,19.63999956101179
21:05:59.016731,86,-1.9643176437621435,1.4208197540231866,1.2798826286260407,-0.6263600167294499,25.239999435842037
21:05:59.016731,86,-2.010712051372008,1.4476112901979474,1.2376226001501796,-0.6263600167294499,24.23999945819378
21:05:59.016731,86,-2.0617982266106125,1.3664967406339614,1.033896666781556,-0.6263600167294499,17.11999961733818
21:05:59.016731,86,-2.110907146901752,1.3990446294854388,1.010885544271269,-0.6263600167294499,8.51999980956316
21:05:59.016731,86,-1.8973179379427016,1.3953694630955804,1.2698956623311164,-0.6263600167294499,21.639999516308308
21:05:59.016731,86,-1.9486318229943385,1.439718005820989,1.2748188573184596,-0.6263600167294499,28.359999366104603
21:05:59.016731,86,-1.9946557536781786,1.4669558920042658,1.232439229718275,-0.6263600167294499,27.359999388456345
21:05:59.016731,86,-2.0459955952210467,1.38633602622606,1.0285807462287426,-0.6263600167294499,19.35999956727028
21:05:59.016731,86,-1.8662047705352558,1.4317235119121254,1.2601546243091215,-0.6263600167294499,23.23999948054552
21:05:59.016731,86,-1.9140755813377925,1.468449259505532,1.2411765365011735,-0.6263600167294499,31.359999299049377
21:05:59.016731,86,-1.969147037533221,1.4588702192751783,1.1550631214527924,-0.6263600167294499,30.51999931782484
21:05:59.016731,86,-2.0137781396152716,1.425551735542201,1.018072928586869,-0.6263600167294499,21.87999951094389
21:05:59.016731,86,-1.8029029142984492,1.4124871407715291,1.2744464478204152,-0.6263600167294499,5.759999871253967
21:05:59.016731,86,-1.8503674759339859,1.4496733266836204,1.2553449859368113,-0.6263600167294499,24.35999945551157
21:05:59.016731,86,-1.8978320375695228,1.4868595125957118,1.2362435240532073,-0.6263600167294499,33.99999924004078
21:05:59.016731,86,-1.9361984688549234,1.4965942167589419,1.1449550067917442,-0.6263600167294499,33.639999248087406
21:05:59.016731,86,-1.980755199639675,1.4641372500357006,1.0077339711387965,-0.6263600167294499,24.51999945193529
21:05:59.016731,86,-1.818139383358941,1.4851095623003574,1.2458498752205076,-0.6263600167294499,24.639999449253082
21:05:59.016731,86,-1.872599431537417,1.478244905658304,1.16094995651432,-0.6263600167294499,35.759999200701714
21:05:59.016731,86,-1.9160421752406362,1.5057317003570372,1.1160796811465385,-0.6263600167294499,36.23999918997288
21:05:59.016731,86,-1.9639457883012326,1.4831888511796683,1.0026291099977505,-0.6263600167294499,27.119999393820763
21:05:59.016731,86,-1.8393263769657298,1.514100550089978,1.1513424655447553,-0.6263600167294499,36.35999918729067
21:05:59.016731,86,-1.864691579663317,1.560514433541845,1.1014006920304995,-0.6263600167294499,38.519999139010906
21:05:59.016731,86,-1.8763020123127292,1.5144040739069728,0.8874569763829978,-0.6958000185841229,32.119999282062054
21:05:59.016731,86,-1.9209926928921983,1.5504748920860787,0.8609578815821033,-0.6958000185841229,12.759999714791775
21:05:59.016731,86,-0.0445376800386198,0.20463769092160364,2.141946527226208,0.27832000743364915,4.999999888241291
21:05:59.070115,87,-2.1417948371697393,1.0432848277055211,1.3642364560512892,-0.6263600167294499,7.639999829232693
21:05:59.070115,87,-2.0635946603550193,1.0566146839463768,1.3698021852351945,-0.6263600167294499,4.999999888241291
21:05:59.070115,87,-2.1179223865849695,1.084431907155371,1.3532111293418025,-0.6263600167294499,8.359999813139439
21:05:59.070115,87,-2.172250112814919,1.1122491303643651,1.3366200734484108,-0.6263600167294499,8.639999806880951
21:05:59.070115,87,-2.0395091618214174,1.0962489437091085,1.359182217339165,-0.6263600167294499,5.359999880194664
21:05:59.070115,87,-2.0958196884661127,1.0803314090016636,1.2786488232324031,-0.6263600167294499,9.359999790787697
21:05:59.070115,87,-2.1468964288226284,1.153970272066737,1.3254409272219556,-0.6263600167294499,9.519999787211418
21:05:59.070115,87,-2.1994489211086994,1.1269418785035632,1.2175761080133058,-0.6263600167294499,5.239999882876873
21:05:59.070115,87,-2.0146078868526462,1.1354100118125316,1.3486890407661127,-0.6263600167294499,5.879999868571758
21:05:59.070115,87,-2.070797790695502,1.1205791840173667,1.267864464419796,-0.6263600167294499,10.639999762177467
21:05:59.070115,87,-2.123916703911153,1.1493236363702404,1.2490841449934764,-0.6263600167294499,10.639999762177467
21:05:59.070115,87,-2.1731897985522446,1.1691797321808046,1.206258509230465,-0.6263600167294499,5.879999868571758
21:05:59.070115,87,-1.9889007956262368,1.1740822243522453,1.3383268526465717,-0.6263600167294499,6.239999860525131
21:05:59.070115,87,-2.044947601455908,1.1603355560370414,1.257211776643133,-0.6263600167294499,11.999999731779099
21:05:59.070115,87,-2.097403420493558,1.1900998159658025,1.238158200600419,-0.6263600167294499,11.999999731779099
21:05:59.070115,87,-2.1460614290907034,1.2109018851060243,1.1950790920476646,-0.6263600167294499,6.5199998542666435
21:05:59.070115,87,-1.9623981706354618,1.2122501129595482,1.3280997977174438,-0.6263600167294499,6.7599998489022255
21:05:59.070115,87,-2.0182794604779004,1.1995846230426679,1.2466950208353005,-0.6263600167294499,13.519999697804451
21:05:59.070115,87,-2.0700512037102747,1.230355677451042,1.22737167502483,-0.6263600167294499,13.519999697804451
21:05:59.070115,87,-2.1195772695230377,1.2038328096805246,1.117991232639422,-0.6263600167294499,7.35999983549118
21:05:59.070115,87,-1.9397370752408105,1.206546252844097,1.2559079243834954,-0.5566400148672983,7.35999983549118
21:05:59.070115,87,-1.9908040346618223,1.2383106859314599,1.2363184035582118,-0.6263600167294499,15.359999656677246
21:05:59.070115,87,-2.038263949101981,1.2611903230727954,1.19332742060298,-0.6263600167294499,15.359999656677246
21:05:59.070115,87,-2.1009675395772764,1.2147084585457573,1.088858156364793,-0.6263600167294499,8.359999813139439
21:05:59.070115,87,-2.1522304181106984,1.2443469232011801,1.0666266117182788,-0.4872000130126253,5.359999880194664
21:05:59.070115,87,-1.9260601219714255,1.225216774774633,1.2509051731099408,-0.5566400148672983,7.879999823868275
21:05:59.070115,87,-1.9732749755095471,1.248776303154454,1.208376822112058,-0.6263600167294499,17.519999608397484
21:05:59.070115,87,-2.0238922895928804,1.2808091942320246,1.1880705599194545,-0.6263600167294499,17.639999605715275
21:05:59.070115,87,-2.0723664568699416,1.255021112297738,1.0780564133471944,-0.5566400148672983,9.519999787211418
21:05:59.070115,87,-2.1229314789152784,1.2856431917086097,1.0555613099212942,-0.4872000130126253,6.11999986320734
21:05:59.070115,87,-1.898129789181175,1.262156843290921,1.241007111582651,-0.5566400148672983,8.359999813139439
21:05:59.070115,87,-1.9446599670142553,1.2866219093041669,1.1982361225071763,-0.6263600167294499,19.999999552965164
21:05:59.070115,87,-1.9945432653671504,1.319625594091144,1.1776697369241198,-0.6263600167294499,20.119999550282955
21:05:59.070115,87,-2.042936455248098,1.2947732101461162,1.0674048708312784,-0.5566400148672983,10.99999975413084
21:05:59.070115,87,-2.092783395471627,1.3263652269430075,1.0446498734660854,-0.4872000130126253,6.8799998462200165
21:05:59.070115,87,-1.869440229817251,1.2985499874273652,1.2312555980012614,-0.5566400148672983,8.879999801516533
21:05:59.070115,87,-1.9152671204953828,1.3239071839357048,1.188245563280083,-0.6263600167294499,22.519999496638775
21:05:59.070115,87,-1.9643964504644926,1.357867289130446,1.1674229056211416,-0.6263600167294499,22.99999948590994
21:05:59.070115,87,-2.012689306319473,1.3339488517824842,1.0569077892918426,-0.5566400148672983,12.879999712109566
21:05:59.070115,87,-2.0617982266106125,1.3664967406339614,1.033896666781556,-0.4872000130126253,7.759999826550484
21:05:59.070115,87,-1.9002826699347146,1.3423350275097674,1.1833078374761659,-0.6263600167294499,25.119999438524246
21:05:59.070115,87,-1.952790338472964,1.3298886202511873,1.0978648885752493,-0.6263600167294499,26.119999416172504
21:05:59.070115,87,-1.9972630697464726,1.3533155955505567,1.051718485939167,-0.5566400148672983,14.999999664723873
21:05:59.070115,87,-2.0459955952210467,1.38633602622606,1.0285807462287426,-0.4872000130126253,8.879999801516533
21:05:59.070115,87,-1.8697452062235838,1.3787519135141628,1.173549962280432,-0.6263600167294499,27.519999384880066
21:05:59.070115,87,-1.9220405479142304,1.3673178593208104,1.0878357541932324,-0.6263600167294499,29.35999934375286
21:05:59.070115,87,-1.9658129852825037,1.3915972458893882,1.0414609486459465,-0.5566400148672983,17.519999608397484
21:05:59.070115,87,-2.0102116414382203,1.3641605823609972,0.9277145986107742,-0.4872000130126253,9.999999776482582
21:05:59.070115,87,-1.8384598693929988,1.4145716172287295,1.1639521015969916,-0.6263600167294499,29.23999934643507
21:05:59.070115,87,-1.8863980041004473,1.3943901733535256,1.0550025279646078,-0.6263600167294499,32.239999279379845
21:05:59.070115,87,-1.933576601870061,1.429263711694613,1.031368249551702,-0.5566400148672983,20.51999954134226
21:05:59.070115,87,-1.9779076237132045,1.4026841395923428,0.917392242561061,-0.4872000130126253,11.359999746084213
21:05:59.070115,87,-1.7789324374332323,1.4043034344974596,1.202919047262022,-0.5566400148672983,9.63999978452921
21:05:59.070115,87,-1.82759782006937,1.3867570250504555,1.0962772540139263,-0.5566400148672983,30.119999326765537
21:05:59.070115,87,-1.8703893423512774,1.412534213757628,1.0501408469908908,-0.6263600167294499,34.35999923199415
21:05:59.070115,87,-1.917167565326255,1.4478615324686481,1.0263849784943206,-0.5566400148672983,23.639999471604824
21:05:59.070115,87,-1.8378125263076166,1.4483538864943308,1.0405429946079443,-0.5566400148672983,35.35999920964241
21:05:59.070115,87,-1.8820509506903274,1.4245223864243592,0.9283746501577839,-0.5566400148672983,26.75999940186739
21:05:59.070115,87,-1.865423724726727,1.4426214497073369,0.9235250207673502,-0.5566400148672983,29.11999934911728
21:05:59.070115,87,-1.7875731413636624,1.500885629959855,1.0264671563693581,-0.6958000185841229,33.11999925971031
21:05:59.070115,87,-1.8316113317332599,1.478333255727867,0.9139560711838923,-0.5566400148672983,30.23999932408333
21:05:59.070115,87,-1.7747785109371168,1.4700244127376314,0.9583517529206329,-0.5566400148672983,30.35999932140112
21:05:59.070115,87,-1.8144295459143644,1.4959424273147364,0.9092377078778096,-0.5566400148672983,29.879999332129955
21:05:59.070115,87,-1.7795233862813693,1.5306585033057456,0.8999355633516413,-0.5566400148672983,27.99999937415123
21:05:59.070115,87,-1.8229431390761603,1.5680060393590154,0.8730943730274023,-0.5566400148672983,17.999999597668648
21:05:59.070115,87,-1.7618025030539888,1.5477619361313708,0.895352712338215,-0.5566400148672983,25.119999438524246
21:05:59.070115,87,-1.7258339899676356,1.5814510399691284,0.8863257441711596,-0.5566400148672983,21.99999950826168
21:05:59.123848,88,-2.0873517181936005,1.0740154120686236,1.488667918565172,-0.5566400148672983,6.8799998462200165
21:05:59.123848,88,-2.147139946691219,1.123998955963701,1.545753330912539,-0.5566400148672983,7.999999821186066
21:05:59.123848,88,-2.0615752255725712,1.1068068916197504,1.4551212132229652,-0.5566400148672983,7.639999829232693
21:05:59.123848,88,-2.117866890527089,1.143442210055524,1.4641797070526636,-0.5566400148672983,8.879999801516533
21:05:59.123848,88,-2.1782946571241797,1.2023488511432066,1.5469754593058236,-0.5566400148672983,6.8799998462200165
21:05:59.123848,88,-2.036962170916875,1.146397041628084,1.444513064500005,-0.5566400148672983,8.51999980956316
21:05:59.123848,88,-2.0925817721945505,1.1841133758968594,1.4532819010102453,-0.5566400148672983,9.879999779164791
21:05:59.123848,88,-2.1522880943817904,1.2441804618301007,1.5357667130041772,-0.5566400148672983,7.639999829232693
21:05:59.123848,88,-2.0173461334685983,1.1432327187137836,1.3712390542083785,-0.5566400148672983,9.519999787211418
21:05:59.123848,88,-2.0664596490912674,1.2242879693751607,1.442517151131486,-0.5566400148672983,11.119999751448631
21:05:59.123848,88,-2.125420645136923,1.2855013317664261,1.5246948192741874,-0.5566400148672983,8.51999980956316
21:05:59.123848,88,-2.1785771717501734,1.3176515726656852,1.5128074912073992,-0.6263600167294499,5.239999882876873
21:05:59.123848,88,-1.9916041012712848,1.1819574943630777,1.3608627818460737,-0.5566400148672983,10.519999764859676
21:05:59.123848,88,-2.0395109697177247,1.263949921189409,1.431889763172616,-0.5566400148672983,12.359999723732471
21:05:59.123848,88,-2.0918273314067224,1.2963720371846355,1.4173169263159469,-0.5566400148672983,9.519999787211418
21:05:59.123848,88,-2.1501663688981396,1.3594654173480987,1.501603505292306,-0.6263600167294499,5.759999871253967
21:05:59.123848,88,-1.9650654540234402,1.2201772606049808,1.3506218263466496,-0.5566400148672983,11.759999737143517
21:05:59.123848,88,-2.02380067645205,1.2759535189489815,1.4032612971026182,-0.5566400148672983,13.999999687075615
21:05:59.123848,88,-2.077692887984377,1.3165094408622244,1.4119211252628774,-0.5566400148672983,10.639999762177467
21:05:59.123848,88,-2.129655748864176,1.349435191014275,1.3972133400406066,-0.6263600167294499,6.359999857842922
21:05:59.123848,88,-1.9377408068296458,1.2578767300432694,1.3405202839555783,-0.5566400148672983,13.119999706745148
21:05:59.123848,88,-1.995659303674166,1.3147798143249836,1.3928578226115262,-0.5566400148672983,15.87999964505434
21:05:59.123848,88,-2.0488021327044503,1.3563696497791036,1.4012406144734637,-0.5566400148672983,11.999999731779099
21:05:59.123848,88,-2.1000424391075962,1.390292299185402,1.3862657109010819,-0.6263600167294499,7.1199998408555984
21:05:59.123848,88,-1.9211758823316762,1.2685229993724523,1.313021523247338,-0.5566400148672983,14.6399996727705
21:05:59.123848,88,-1.9744341860425778,1.3101334214559914,1.3180295438715002,-0.5566400148672983,17.999999597668648
21:05:59.123848,88,-2.0171688555887974,1.3877625126886088,1.3667649535985174,-0.4872000130126253,13.639999695122242
21:05:59.123848,88,-2.0695891404131155,1.4305691891447578,1.3754735507628353,-0.6263600167294499,7.999999821186066
21:05:59.123848,88,-1.8927314865788418,1.305363742848988,1.303150075784238,-0.5566400148672983,16.239999637007713
21:05:59.123848,88,-1.945201262658406,1.3479954537812233,1.3078844428861534,-0.5566400148672983,20.51999954134226
21:05:59.123848,88,-1.9866800629049006,1.4264380117653386,1.356401884854037,-0.4872000130126253,15.519999653100967
21:05:59.123848,88,-2.0383080336936277,1.4702497506740968,1.3648411763458355,-0.6263600167294499,8.999999798834324
21:05:59.123848,88,-1.8635300235013015,1.3416476515384583,1.2934278317526497,-0.5566400148672983,17.879999600350857
21:05:59.123848,88,-1.9125906994582038,1.3769688644249545,1.2748260878851598,-0.5566400148672983,23.11999948322773
21:05:59.123848,88,-1.9643176437621435,1.4208197540231866,1.2798826286260407,-0.4872000130126253,17.639999605715275
21:05:59.123848,88,-2.0134450027846644,1.4563542931461468,1.2618725757437148,-0.6263600167294499,10.119999773800373
21:05:59.123848,88,-2.0617982266106125,1.3664967406339614,1.033896666781556,-0.4872000130126253,5.119999885559082
21:05:59.123848,88,-1.840002919320363,1.3343816504121981,1.221654532841011,-0.4872000130126253,19.519999563694
21:05:59.123848,88,-1.8973179379427016,1.3953694630955804,1.2698956623311164,-0.5566400148672983,26.119999416172504
21:05:59.123848,88,-1.9486318229943385,1.439718005820989,1.2748188573184596,-0.4872000130126253,19.999999552965164
21:05:59.123848,88,-1.9973668814381471,1.4757251880543532,1.2566821600963927,-0.6263600167294499,11.519999742507935
21:05:59.123848,88,-1.8250075253828002,1.3520824387341563,1.2169116209047481,-0.4872000130126253,20.87999953329563
21:05:59.123848,88,-1.8662047705352558,1.4317235119121254,1.2601546243091215,-0.5566400148672983,29.23999934643507
21:05:59.123848,88,-1.9140755813377925,1.468449259505532,1.2411765365011735,-0.4872000130126253,22.759999491274357
21:05:59.123848,88,-1.964613061472866,1.5139962504104532,1.2464274598445946,-0.4872000130126253,12.999999709427357
21:05:59.123848,88,-1.8417133280274,1.4235614581824134,1.1866806087363269,-0.4872000130126253,32.119999282062054
21:05:59.123848,88,-1.8978320375695228,1.4868595125957118,1.2362435240532073,-0.4872000130126253,25.75999942421913
21:05:59.123848,88,-1.9452965992050595,1.5240456985078028,1.2171420621696032,-0.4872000130126253,14.6399996727705
21:05:59.123848,88,-1.7789324374332323,1.4043034344974596,1.202919047262022,-0.4872000130126253,22.359999500215054
21:05:59.123848,88,-1.8257659344853245,1.441274170077882,1.181934501888171,-0.4872000130126253,34.639999225735664
21:05:59.123848,88,-1.872599431537417,1.478244905658304,1.16094995651432,-0.4872000130126253,28.879999354481697
21:05:59.123848,88,-1.8393263769657298,1.514100550089978,1.1513424655447553,-0.4872000130126253,31.87999928742647
21:05:59.123848,88,-1.773695925375571,1.4843624127710695,1.145251714292296,-0.4872000130126253,36.999999172985554
21:05:59.123848,88,-1.8763020123127292,1.5144040739069728,0.8874569763829978,-0.4872000130126253,6.8799998462200165
21:05:59.123848,88,-1.7743374362300217,1.5280956084966195,1.0447554861406807,-0.4872000130126253,36.23999918997288
21:05:59.123848,88,-1.8187134120471624,1.5663131044386562,1.0208649303867852,-0.4872000130126253,20.999999530613422
21:05:59.180373,89,-2.1083180121225356,1.0262399994588849,1.4767090469141544,-0.4872000130126253,11.359999746084213
21:05:59.180373,89,-2.1658859968770168,1.060675425092451,1.4863570002436393,-0.4872000130126253,11.519999742507935
21:05:59.180373,89,-2.0853636776622033,1.0667492033831896,1.4658546384366093,-0.4872000130126253,12.639999717473984
21:05:59.180373,89,-2.1423048903791346,1.1022907397744888,1.4752062102818202,-0.4872000130126253,12.519999720156193
21:05:59.180373,89,-2.0122129473018617,1.0364206948851566,1.4083142997702565,-0.4872000130126253,7.759999826550484
21:05:59.180373,89,-2.0663994895886826,1.0643302925674667,1.3923808955751404,-0.4872000130126253,13.879999689757824
21:05:59.180373,89,-2.1158497866620465,1.1359455121795627,1.440776329450375,-0.4872000130126253,13.759999692440033
21:05:59.180373,89,-2.1752026260852353,1.1203709926755978,1.3603876315960584,-0.5566400148672983,8.359999813139439
21:05:59.180373,89,-1.9887271567429756,1.0750680960359102,1.3979587598423504,-0.4872000130126253,8.51999980956316
21:05:59.180373,89,-2.0422812541461846,1.1040184230503418,1.3817464930631531,-0.4872000130126253,15.519999653100967
21:05:59.180373,89,-2.0905887504425738,1.1765779418915496,1.4298889027225339,-0.4872000130126253,14.999999664723873
21:05:59.180373,89,-2.1468964288226284,1.153970272066737,1.3254409272219556,-0.5566400148672983,9.239999793469906
21:05:59.180373,89,-1.9644459018729596,1.1132540875883026,1.3877268542437051,-0.4872000130126253,9.519999787211418
21:05:59.180373,89,-2.0173461334685983,1.1432327187137836,1.3712390542083785,-0.4872000130126253,17.11999961733818
21:05:59.180373,89,-2.070456286618188,1.1733303126611911,1.354685826395134,-0.4872000130126253,16.639999628067017
21:05:59.180373,89,-2.1206840149220993,1.195193306919414,1.314395248323621,-0.5566400148672983,10.119999773800373
21:05:59.180373,89,-2.1687694790549825,1.1115807435714582,1.1164911443094234,-0.4872000130126253,5.119999885559082
21:05:59.180373,89,-1.936746477156121,1.14329463636715,1.3556776989663493,-0.4872000130126253,10.639999762177467
21:05:59.180373,89,-1.9916041012712848,1.1819574943630777,1.3608627818460737,-0.4872000130126253,19.119999572634697
21:05:59.180373,89,-2.0440365505555342,1.2130745855258103,1.3440363805772972,-0.5566400148672983,18.35999958962202
21:05:59.180373,89,-2.097403420493558,1.1900998159658025,1.238158200600419,-0.5566400148672983,11.239999748766422
21:05:59.180373,89,-2.142290007350332,1.1532237677165658,1.1053329296193521,-0.4872000130126253,5.639999873936176
21:05:59.180373,89,-1.9109388221442927,1.1804616604657077,1.3457188248740728,-0.4872000130126253,11.759999737143517
21:05:59.180373,89,-1.9623981706354618,1.2122501129595482,1.3280997977174438,-0.4872000130126253,21.239999525249004
21:05:59.180373,89,-2.016799227162663,1.2523005537301692,1.3335258140746102,-0.5566400148672983,20.239999547600746
21:05:59.180373,89,-2.0700512037102747,1.230355677451042,1.22737167502483,-0.5566400148672983,12.519999720156193
21:05:59.180373,89,-2.1149536482445317,1.1943469535368032,1.0943140051886244,-0.4872000130126253,6.11999986320734
21:05:59.180373,89,-1.8977477062207995,1.1988563567538775,1.3407899808586419,-0.5566400148672983,13.119999706745148
21:05:59.180373,89,-1.9488518333812657,1.2311401569143794,1.3230382256947584,-0.4872000130126253,23.639999471604824
21:05:59.180373,89,-1.9860557723040408,1.2828041652008684,1.3000574429977734,-0.5566400148672983,22.639999493956566
21:05:59.180373,89,-2.038263949101981,1.2611903230727954,1.19332742060298,-0.5566400148672983,14.119999684393406
21:05:59.180373,89,-2.094349167729425,1.1552188563628496,1.000534313556616,-0.4872000130126253,6.7599998489022255
21:05:59.180373,89,-1.8707974929094513,1.235258920720854,1.3310359432412682,-0.5566400148672983,14.51999967545271
21:05:59.180373,89,-1.9211758823316762,1.2685229993724523,1.313021523247338,-0.4872000130126253,26.119999416172504
21:05:59.180373,89,-1.9717541859976402,1.3019190783361596,1.2949356174597808,-0.5566400148672983,25.119999438524246
21:05:59.180373,89,-2.0238922895928804,1.2808091942320246,1.1880705599194545,-0.5566400148672983,15.87999964505434
21:05:59.180373,89,-2.066441415510643,1.1954103460110421,0.989765036362779,-0.4872000130126253,7.519999831914902
21:05:59.180373,89,-1.8483557301932816,1.2290597023430216,1.2609099427877677,-0.5566400148672983,15.87999964505434
21:05:59.180373,89,-1.898129789181175,1.262156843290921,1.241007111582651,-0.5566400148672983,28.759999357163906
21:05:59.180373,89,-1.9425609419487115,1.3397297185972494,1.2848042869365182,-0.5566400148672983,27.99999937415123
21:05:59.180373,89,-1.9945432653671504,1.319625594091144,1.1776697369241198,-0.5566400148672983,17.999999597668648
21:05:59.180373,89,-2.0377071143147907,1.2350546972109226,0.9791423644743151,-0.4872000130126253,8.239999815821648
21:05:59.180373,89,-1.820418488098838,1.2644985205354096,1.2514141400724041,-0.5566400148672983,17.23999961465597
21:05:59.180373,89,-1.869440229817251,1.2985499874273652,1.2312555980012614,-0.5566400148672983,31.359999299049377
21:05:59.180373,89,-1.9186565022567685,1.3327365791879398,1.2110170617155505,-0.5566400148672983,31.119999304413795
21:05:59.180373,89,-1.9678730815502576,1.310953112610336,1.1029386425558887,-0.5566400148672983,20.359999544918537
21:05:59.180373,89,-2.023033586728639,1.2546667317914548,0.9738873356465303,-0.4872000130126253,9.239999793469906
21:05:59.180373,89,-1.8061761035548023,1.2820137729923828,1.2467209423213308,-0.5566400148672983,18.35999958962202
21:05:59.180373,89,-1.8548143145075495,1.3165369051567426,1.2264360179213496,-0.5566400148672983,33.87999924272299
21:05:59.180373,89,-1.9036455342339191,1.3511970338773103,1.2060705977896222,-0.5566400148672983,34.639999225735664
21:05:59.180373,89,-1.9485305442718985,1.3202951648750538,1.0748562256495915,-0.5566400148672983,23.35999947786331
21:05:59.180373,89,-1.9930811141354758,1.2934607131746851,0.9634925196637059,-0.4872000130126253,10.359999768435955
21:05:59.180373,89,-1.8697452062235838,1.3787519135141628,1.173549962280432,-0.5566400148672983,38.1199991479516
21:05:59.180373,89,-1.9178478309497353,1.3576427562365754,1.0648489687050242,-0.5566400148672983,26.75999940186739
21:05:59.180373,89,-1.7443280399249401,1.3421434851491891,1.2067589746268526,-0.5566400148672983,19.63999956101179
21:05:59.180373,89,-1.8863980041004473,1.3943901733535256,1.0550025279646078,-0.5566400148672983,30.63999931514263
21:05:59.180373,89,-1.7757898836978026,1.395513708210158,1.180781727825078,-0.5566400148672983,37.75999915599823
21:05:59.180373,89,-1.8703893423512774,1.412534213757628,1.0501408469908908,-0.5566400148672983,34.759999223053455
21:05:59.180373,89,-1.7795803913223907,1.4390249429508917,1.0822721076224482,-0.5566400148672983,48.63999891281128
21:05:59.180373,89,-1.7701580949435538,1.4594419514626167,0.9358519291052101,-0.5566400148672983,47.75999893248081
21:05:59.180373,89,-1.7361036334865785,1.493310967252476,0.9267767536758802,-0.5566400148672983,47.35999894142151
21:05:59.180373,89,-1.7765116229956286,1.4683118851777412,0.8134809895959556,-0.41748001115047373,20.75999953597784
21:05:59.180373,89,-1.716246223963448,1.4491451020717223,0.837967737347602,-0.5566400148672983,44.99999899417162
21:05:59.180373,89,-1.6818947990392747,1.4819697172540511,0.8291724082176346,-0.5566400148672983,41.11999908089638
21:05:59.180373,89,-1.6644659414447258,1.4981315328913913,0.8248418627693885,-0.5566400148672983,36.63999918103218
21:05:59.180373,89,-1.6468706386505232,1.5141241934175664,0.8205566422965749,-0.5566400148672983,31.87999928742647
21:05:59.240558,90,-2.1162556265881927,1.0613374185971225,1.5913047527428341,-0.4872000130126253,15.75999964773655
21:05:59.240558,90,-2.170774274361461,1.0822897179606479,1.5569292875523746,-0.4872000130126253,14.51999967545271
21:05:59.240558,90,-2.032615752222239,1.0458518445513196,1.5020764185153883,-0.4872000130126253,10.759999759495258
21:05:59.240558,90,-2.0920627484236656,1.0951667815888844,1.5574054050562203,-0.4872000130126253,17.23999961465597
21:05:59.240558,90,-2.1423048903791346,1.1022907397744888,1.4752062102818202,-0.4872000130126253,15.87999964505434
21:05:59.240558,90,-2.1972580625646683,1.1305660674803537,1.4617445019984683,-0.4872000130126253,8.51999980956316
21:05:59.240558,90,-1.9578113790535852,1.0084003448310912,1.4243109317597975,-0.5566400148672983,5.999999865889549
21:05:59.240558,90,-2.0094290136421478,1.0848962994727356,1.4916144883502813,-0.4872000130126253,11.999999731779099
21:05:59.240558,90,-2.063540587850079,1.114111288516028,1.477924260851272,-0.4872000130126253,18.879999577999115
21:05:59.240558,90,-2.117866890527089,1.143442210055524,1.4641797070526636,-0.4872000130126253,17.23999961465597
21:05:59.240558,90,-2.170124347751522,1.1650841327393753,1.4264314456777851,-0.4872000130126253,9.239999793469906
21:05:59.240558,90,-1.9349605430802301,1.0460028867714217,1.4142353610135285,-0.5566400148672983,6.6399998515844345
21:05:59.240558,90,-1.985438530284559,1.1234850422430103,1.481274665888054,-0.4872000130126253,13.519999697804451
21:05:59.240558,90,-2.038904068821822,1.153739181016812,1.4673059990579396,-0.4872000130126253,20.87999953329563
21:05:59.240558,90,-2.0925817721945505,1.1841133758968594,1.4532819010102453,-0.4872000130126253,18.999999575316906
21:05:59.240558,90,-2.149814481471676,1.1621488415793193,1.3491932907207966,-0.4872000130126253,10.119999773800373
21:05:59.240558,90,-1.91133574872337,1.0831564936408946,1.4042800820569499,-0.5566400148672983,7.239999838173389
21:05:59.240558,90,-1.9606538980225166,1.1616026378802347,1.4710610869196437,-0.4872000130126253,15.359999656677246
21:05:59.240558,90,-2.013452015387517,1.192883238943049,1.4568173803481272,-0.4872000130126253,23.23999948054552
21:05:59.240558,90,-2.0664596490912674,1.2242879693751607,1.442517151131486,-0.4872000130126253,20.999999530613422
21:05:59.240558,90,-2.1235664397677776,1.2034279066085984,1.3381325985818895,-0.4872000130126253,11.239999748766422
21:05:59.240558,90,-1.8869464455853326,1.1198463044928015,1.3944490768687308,-0.5566400148672983,7.999999821186066
21:05:59.240558,90,-1.9332420120507547,1.1920120862210168,1.438801925273433,-0.4872000130126253,17.519999608397484
21:05:59.240558,90,-1.987194608028727,1.2315278051941823,1.4464626000292853,-0.4872000130126253,25.999999418854713
21:05:59.240558,90,-2.03756849378677,1.2563384490700886,1.4085171392361475,-0.4872000130126253,23.35999947786331
21:05:59.240558,90,-2.096468999839783,1.2441916766885424,1.3272099793085206,-0.4872000130126253,12.359999723732471
21:05:59.240558,90,-1.8592752698892696,1.1485470633191142,1.3634077688051327,-0.5566400148672983,8.879999801516533
21:05:59.240558,90,-1.9201791270646136,1.2106228358840685,1.4338151899306806,-0.4872000130126253,19.999999552965164
21:05:59.240558,90,-1.971887306164879,1.2432234935719062,1.4185684948956871,-0.4872000130126253,29.23999934643507
21:05:59.240558,90,-2.02380067645205,1.2759535189489815,1.4032612971026182,-0.4872000130126253,25.999999418854713
21:05:59.240558,90,-2.065725275145508,1.2760793072527359,1.2927219098553238,-0.4872000130126253,13.879999689757824
21:05:59.240558,90,-1.8334216573890594,1.1842169648336114,1.3538500475002255,-0.5566400148672983,9.759999781847
21:05:59.240558,90,-1.8869280406151743,1.2248918251555585,1.3578136126177214,-0.4872000130126253,22.99999948590994
21:05:59.240558,90,-1.9444677996865798,1.28105383916284,1.4084318843452062,-0.4872000130126253,32.99999926239252
21:05:59.240558,90,-1.9887552110052855,1.290992527410694,1.3231583309733475,-0.4872000130126253,29.23999934643507
21:05:59.240558,90,-2.0514656760129952,1.2959639778715777,1.2873938284212463,-0.4872000130126253,15.639999650418758
21:05:59.240558,90,-1.8202191892434874,1.2018628417571464,1.3491218490288253,-0.5566400148672983,10.639999762177467
21:05:59.240558,90,-1.8733402730392825,1.243052677479993,1.3529474269035282,-0.4872000130126253,26.519999407231808
21:05:59.240558,90,-1.9237871365577583,1.2765266328897982,1.335523057548932,-0.4872000130126253,37.35999916493893
21:05:59.240558,90,-1.9744341860425778,1.3101334214559914,1.3180295438715002,-0.4872000130126253,32.87999926507473
21:05:59.240558,90,-2.0223324896636043,1.3353151572998674,1.2768497116722237,-0.4872000130126253,17.639999605715275
21:05:59.240558,90,-1.7932695302081536,1.236767625248703,1.3397691404802796,-0.5566400148672983,11.519999742507935
21:05:59.240558,90,-1.8456041180125078,1.278976118471529,1.3433217699004991,-0.4872000130126253,30.35999932140112
21:05:59.240558,90,-1.895304079301154,1.313417450150822,1.3256381928557166,-0.4872000130126253,42.23999905586243
21:05:59.240558,90,-1.9425609419487115,1.3397297185972494,1.2848042869365182,-0.4872000130126253,37.119999170303345
21:05:59.240558,90,-1.9980729393711514,1.328613800908528,1.201043490194599,-0.4872000130126253,19.999999552965164
21:05:59.240558,90,-2.0377071143147907,1.2350546972109226,0.9791423644743151,-0.4872000130126253,5.119999885559082
21:05:59.240558,90,-1.7712022156593203,1.2303119287748343,1.2716526763581149,-0.5566400148672983,12.11999972909689
21:05:59.240558,90,-1.8146632632596442,1.3064660481890629,1.3119560509408217,-0.4872000130126253,34.35999923199415
21:05:59.240558,90,-1.8635300235013015,1.3416476515384583,1.2934278317526497,-0.4872000130126253,47.63999893516302
21:05:59.240558,90,-1.9125906994582038,1.3769688644249545,1.2748260878851598,-0.4872000130126253,41.999999061226845
21:05:59.240558,90,-1.967872774696286,1.3669231709485146,1.1907785254298395,-0.4872000130126253,22.759999491274357
21:05:59.240558,90,-2.023033586728639,1.2546667317914548,0.9738873356465303,-0.4872000130126253,5.639999873936176
21:05:59.240558,90,-1.7433118189814678,1.2642606583770095,1.2625561416771496,-0.5566400148672983,12.639999717473984
21:05:59.240558,90,-1.8001724894319986,1.3239245093428411,1.3072780703735767,-0.5566400148672983,38.359999142587185
21:05:59.240558,90,-1.8486490300749634,1.3595762486412377,1.2886238786375372,-0.4872000130126253,53.119998812675476
21:05:59.240558,90,-1.8973179379427016,1.3953694630955804,1.2698956623311164,-0.4872000130126253,47.23999894410372
21:05:59.240558,90,-1.9490276274013558,1.3767678331429392,1.1623585201164852,-0.4872000130126253,25.879999421536922
21:05:59.240558,90,-1.9930811141354758,1.2934607131746851,0.9634925196637059,-0.4872000130126253,6.239999860525131
21:05:59.240558,90,-1.7291044244131524,1.2810312804031732,1.2580624670486715,-0.5566400148672983,12.759999714791775
21:05:59.240558,90,-1.777150928463293,1.3166272072501806,1.2374463005646863,-0.4872000130126253,41.51999907195568
21:05:59.240558,90,-1.8250075253828002,1.3520824387341563,1.2169116209047481,-0.4872000130126253,58.35999869555235
21:05:59.240558,90,-1.8730540294329403,1.3876783655811638,1.196295454420763,-0.4872000130126253,52.63999882340431
21:05:59.240558,90,-1.917706834244933,1.4141188641497788,1.1523503415217327,-0.4872000130126253,29.35999934375286
21:05:59.240558,90,-1.9623314357063557,1.3316683372718114,0.9532548176421689,-0.4872000130126253,6.7599998489022255
21:05:59.240558,90,-1.7474149167272037,1.3506730331208583,1.2283237490169874,-0.4872000130126253,43.239999033510685
21:05:59.240558,90,-1.7944707576136383,1.387045078894149,1.2075434097086182,-0.4872000130126253,62.5199986025691
21:05:59.240558,90,-1.8384598693929988,1.4145716172287295,1.1639521015969916,-0.4872000130126253,57.6399987116456
21:05:59.240558,90,-1.8856189839581847,1.4508573942903606,1.1425062820394574,-0.4872000130126253,32.87999926507473
21:05:59.240558,90,-1.7292239054780474,1.3589195922404431,1.2022638302796131,-0.4872000130126253,42.9999990388751
21:05:59.240558,90,-1.7757898836978026,1.395513708210158,1.180781727825078,-0.4872000130126253,64.7599985525012
21:05:59.240558,90,-1.8225406475454136,1.4322530389257841,1.1592143789322318,-0.4872000130126253,61.519998624920845
21:05:59.240558,90,-1.8703893423512774,1.412534213757628,1.0501408469908908,-0.4872000130126253,36.23999918997288
21:05:59.240558,90,-1.698498401451594,1.3920299502024058,1.1933919366025998,-0.5566400148672983,40.99999908357859
21:05:59.240558,90,-1.744236977767666,1.4295156894042658,1.1716709244230588,-0.4872000130126253,64.63999855518341
21:05:59.240558,90,-1.7957663095714806,1.4217572008571142,1.0868989851715847,-0.4872000130126253,63.51999858021736
21:05:59.240558,90,-1.8378125263076166,1.4483538864943308,1.0405429946079443,-0.4872000130126253,38.99999912828207
21:05:59.240558,90,-1.682880104396694,1.4083608900650582,1.1890160744547609,-0.5566400148672983,37.51999916136265
21:05:59.240558,90,-1.7339316192444665,1.4021119032503364,1.105813135379877,-0.4872000130126253,61.87999861687422
21:05:59.240558,90,-1.7756984352916103,1.4293607963170007,1.059922119759927,-0.4872000130126253,63.11999858915806
21:05:59.240558,90,-1.8605242078447979,1.3804659141314086,0.8370192465961481,-0.4872000130126253,8.239999815821648
21:05:59.240558,90,-1.6572439437388813,1.3976628915662113,1.1206014996536473,-0.4872000130126253,33.2399992570281
21:05:59.240558,90,-1.6981591427940685,1.425811674961863,1.0751630459380717,-0.4872000130126253,57.2399987205863
21:05:59.240558,90,-1.7428661420788654,1.463348652460859,1.0508151011537148,-0.4872000130126253,60.239998653531075
21:05:59.240558,90,-1.786920651153791,1.4422624375487612,0.9404551659847868,-0.4872000130126253,40.3599990978837
21:05:59.240558,90,-1.68190856796459,1.4421362841177507,1.0707888800979979,-0.4872000130126253,51.35999885201454
21:05:59.240558,90,-1.7258866439727434,1.4229414756104974,0.9624661503326102,-0.4872000130126253,55.519998759031296
21:05:59.240558,90,-1.7701580949435538,1.4594419514626167,0.9358519291052101,-0.4872000130126253,38.75999913364649
21:05:59.240558,90,-1.6492641278969968,1.4186158951459364,0.9804591343243585,-0.4872000130126253,45.11999899148941
21:05:59.240558,90,-1.6926838806917877,1.4559634311992062,0.9536179440001193,-0.4872000130126253,49.63999889045954
21:05:59.240558,90,-1.7361036334865785,1.493310967252476,0.9267767536758802,-0.4872000130126253,35.999999195337296
21:05:59.240558,90,-1.6328403948643873,1.4344673745030834,0.9762117432317723,-0.4872000130126253,39.11999912559986
21:05:59.240558,90,-1.673323102703785,1.4129021492421312,0.8670300309864964,-0.4872000130126253,43.5199990272522
21:05:59.240558,90,-1.716246223963448,1.4491451020717223,0.837967737347602,-0.4872000130126253,32.359999276697636
21:05:59.240558,90,-1.6398308029778932,1.444905824562743,0.8584546720295108,-0.4872000130126253,37.63999915868044
21:05:59.240558,90,-0.011796473454928787,0.230854833180346,2.102839171971728,-0.6263600167294499,5.239999882876873
21:05:59.294431,91,-2.038451550955213,1.04445090678168,1.2748487219604465,-0.3480400092958007,5.999999865889549
21:05:59.294431,91,-2.087297179822529,1.0172468749039592,1.1703477121921746,-0.3480400092958007,6.6399998515844345
21:05:59.294431,91,-1.9612990775245354,1.0551821712554703,1.2836500269436484,-0.5566400148672983,5.359999880194664
21:05:59.294431,91,-2.014114568819276,1.0835969935632688,1.264359559620481,-0.3480400092958007,6.7599998489022255
21:05:59.294431,91,-2.062935034421766,1.057336375141797,1.1596057629784786,-0.3480400092958007,7.519999831914902
21:05:59.294431,91,-2.1158522567383744,1.0844585593566274,1.138048453643951,-0.3480400092958007,5.359999880194664
21:05:59.294431,91,-1.9368157829521462,1.0928363237363465,1.2735606271947193,-0.5566400148672983,5.999999865889549
21:05:59.294431,91,-1.9854766101491648,1.0688089890786188,1.1708216273162286,-0.3480400092958007,7.639999829232693
21:05:59.294431,91,-2.037747742549554,1.0969472486246012,1.1489920614172697,-0.3480400092958007,8.51999980956316
21:05:59.294431,91,-2.090018874949943,1.1250855081705835,1.127162495518311,-0.3480400092958007,5.999999865889549
21:05:59.294431,91,-1.8598775015022215,1.0994593947264109,1.2835090555686521,-0.5566400148672983,4.999999888241291
21:05:59.294431,91,-1.9115577879250731,1.1300099962492862,1.2635999716651782,-0.5566400148672983,6.7599998489022255
21:05:59.294431,91,-1.9601412440572814,1.1069220005293356,1.160609276676891,-0.3480400092958007,8.759999804198742
21:05:59.294431,91,-2.011745378786365,1.1360636515318248,1.1385108528474688,-0.3480400092958007,9.759999781847
21:05:59.294431,91,-2.069657316094572,1.0873029814406237,1.0355662655947528,-0.3480400092958007,6.6399998515844345
21:05:59.294431,91,-1.8448557669834216,1.0666332833502865,1.1999280078793946,-0.5566400148672983,5.759999871253967
21:05:59.294431,91,-1.8855351953041062,1.1666883198215916,1.2537720444842515,-0.5566400148672983,7.759999826550484
21:05:59.294431,91,-1.9471789039770107,1.1257930645794898,1.155552790304336,-0.3480400092958007,10.119999773800373
21:05:59.294431,91,-1.9921463826131078,1.098844978330291,1.0493075450485971,-0.3480400092958007,11.359999746084213
21:05:59.294431,91,-2.0432477751712663,1.12703191734657,1.0249209293026067,-0.3480400092958007,7.519999831914902
21:05:59.294431,91,-1.8197412083904736,1.1020317511303794,1.1904430170244196,-0.5566400148672983,6.5199998542666435
21:05:59.294431,91,-1.87030623043581,1.132653830541251,1.1679479135985193,-0.5566400148672983,8.999999798834324
21:05:59.294431,91,-1.920671390733932,1.1631548740651234,1.1455417236248953,-0.3480400092958007,11.759999737143517
21:05:59.294431,91,-1.9656005093240885,1.1370751511917165,1.0390638011038758,-0.3480400092958007,13.239999704062939
21:05:59.294431,91,-2.016020962417366,1.1662427486013796,1.0144144187333275,-0.3480400092958007,8.51999980956316
21:05:59.294431,91,-2.1714279735940574,1.1686169234199708,0.8550819651808537,-0.41748001115047373,4.999999888241291
21:05:59.294431,91,-1.7893069028677953,1.0844992784362477,1.1035867710038227,-0.5566400148672983,7.35999983549118
21:05:59.294431,91,-1.8437457178331278,1.1685300125901588,1.1583349195910024,-0.5566400148672983,10.359999768435955
21:05:59.294431,91,-1.893395634577512,1.199997159755442,1.1356698629268576,-0.3480400092958007,13.879999689757824
21:05:59.294431,91,-1.9382684220741422,1.174784885581187,1.028959508227425,-0.3480400092958007,15.75999964773655
21:05:59.294431,91,-1.9879877681944667,1.2049197913960548,1.0040509363508703,-0.3480400092958007,9.759999781847
21:05:59.294431,91,-2.1424931260615936,1.2102875895472993,0.8439163438439692,-0.41748001115047373,5.119999885559082
21:05:59.294431,91,-1.7764221050404336,1.101720570253756,1.0989723397687008,-0.5566400148672983,8.359999813139439
21:05:59.294431,91,-1.8164477315592271,1.2038859441585965,1.1488613262795897,-0.5566400148672983,12.23999972641468
21:05:59.294431,91,-1.8653625454460538,1.236305185228052,1.1259411568227031,-0.3480400092958007,16.639999628067017
21:05:59.294431,91,-1.9243109524452275,1.1934398664923442,1.0239609211574625,-0.3480400092958007,18.879999577999115
21:05:59.294431,91,-1.973672269586933,1.2240532991418993,0.9989241284019965,-0.3480400092958007,11.119999751448631
21:05:59.294431,91,-2.114276398618317,1.164893436388415,0.7492159032154118,-0.3480400092958007,5.239999882876873
21:05:59.294431,91,-1.750120893451973,1.1357854945949952,1.0898446708012384,-0.5566400148672983,9.759999781847
21:05:59.294431,91,-1.802525586525942,1.2213643883848115,1.1441779912642227,-0.5566400148672983,14.51999967545271
21:05:59.294431,91,-1.847189652506695,1.1987807361952671,1.0393637876331578,-0.3480400092958007,20.119999550282955
21:05:59.294431,91,-1.8958201397162888,1.2303407285217396,1.0140733649766738,-0.3480400092958007,22.759999491274357
21:05:59.294431,91,-1.9444506269258823,1.2619007208482125,0.9887829423201899,-0.3480400092958007,12.639999717473984
21:05:59.294431,91,-2.08487694195181,1.2054554941614053,0.7383473325917944,-0.3480400092958007,5.239999882876873
21:05:59.294431,91,-1.7301031556706923,1.098415919460719,1.0092729471181214,-0.5566400148672983,11.239999748766422
21:05:59.294431,91,-1.7741419535416787,1.2559134947471207,1.1349205861152252,-0.5566400148672983,17.359999611973763
21:05:59.294431,91,-1.8186908185107606,1.234191602004254,1.029875474736353,-0.3480400092958007,24.639999449253082
21:05:59.294431,91,-1.8665710242426257,1.2666838470934398,1.0043352557049583,-0.3480400092958007,27.639999382197857
21:05:59.294431,91,-1.9222101617534018,1.2203817068934246,0.8992647043434285,-0.3480400092958007,14.359999679028988
21:05:59.294431,91,-2.069863744467956,1.2255215175827652,0.7329706578207369,-0.3480400092958007,4.999999888241291
21:05:59.294431,91,-1.703410756997718,1.1315822219018472,1.000386063163095,-0.5566400148672983,13.119999706745148
21:05:59.294431,91,-1.7425399682459206,1.235767103963956,1.0462207311133882,-0.5566400148672983,21.119999527931213
21:05:59.294431,91,-1.8041678831281842,1.251688811348024,1.0251871116228914,-0.3480400092958007,30.35999932140112
21:05:59.294431,91,-1.851665747272974,1.2846417009704019,0.9995234632608301,-0.3480400092958007,33.519999250769615
21:05:59.294431,91,-1.8925538954188816,1.2572307256187902,0.8893910395340876,-0.3480400092958007,16.119999639689922
21:05:59.294431,91,-1.6760370167642429,1.1642262681470186,0.9916391173340169,-0.5566400148672983,15.359999656677246
21:05:59.294431,91,-1.728047926378066,1.2525288956702458,1.041729422561989,-0.5566400148672983,25.75999942421913
21:05:59.294431,91,-1.7745822368554405,1.286258034557711,1.0159243161808846,-0.3480400092958007,37.51999916136265
21:05:59.294431,91,-1.8155687090989265,1.2611492238038489,0.9076921048067446,-0.3480400092958007,40.11999910324812
21:05:59.294431,91,-1.8621406327937486,1.2934994979214978,0.8796728512851089,-0.3480400092958007,17.879999600350857
21:05:59.294431,91,-1.662098054639046,1.180348356523168,0.9873192167733245,-0.5566400148672983,17.879999600350857
21:05:59.294431,91,-1.6985468990799577,1.2856283626346952,1.0328604471189644,-0.5566400148672983,31.359999299049377
21:05:59.294431,91,-1.7442867813804652,1.3202488314724747,1.0068165095974833,-0.3480400092958007,46.11999896913767
21:05:59.294431,91,-1.8004693149813191,1.2786134915308076,0.9030125683729051,-0.3480400092958007,46.63999895751476
21:05:59.294431,91,-1.846653917707698,1.31141174899378,0.8748732780756674,-0.3480400092958007,19.119999572634697
21:05:59.294431,91,-1.6337229156550181,1.2121846029671597,0.9787887202486187,-0.5566400148672983,20.51999954134226
21:05:59.294431,91,-1.6835408637277185,1.3019627279738895,1.0284836671174524,-0.5566400148672983,37.87999915331602
21:05:59.294431,91,-1.7243357736897007,1.2794172470636356,0.9221482264238579,-0.3480400092958007,54.9999987706542
21:05:59.294431,91,-1.7697319184080664,1.3131001360862267,0.8937718998146214,-0.3480400092958007,51.51999884843826
21:05:59.294431,91,-1.815128063126432,1.3467830251088178,0.8653955732053846,-0.3480400092958007,19.879999555647373
21:05:59.294431,91,-1.612206713960774,1.1715594582577735,0.900203427026165,-0.904680024163099,23.11999948322773
21:05:59.294431,91,-1.6492838381751722,1.278018466177415,0.9417975660699236,-0.5566400148672983,44.75999899953604
21:05:59.294431,91,-1.6936971238366536,1.3124340093999738,0.9133014116191458,-0.3480400092958007,62.35999860614538
21:05:59.294431,91,-1.754096989666327,1.330119064279124,0.8892116917492912,-0.3480400092958007,53.119998812675476
21:05:59.294431,91,-1.6341180865380491,1.2938762115569007,0.9375484960017122,-0.5566400148672983,50.519998870790005
21:05:59.294431,91,-1.6781229762375136,1.328718785323981,0.9089379190613864,-0.3480400092958007,65.51999853551388
21:05:59.294431,91,-1.7223024885151506,1.3636996232726772,0.880213808085583,-0.3480400092958007,50.75999886542559
21:05:59.294431,91,-1.6032978848484032,1.325148290239493,0.9291691677730689,-0.6958000185841229,53.51999880373478
21:05:59.294431,91,-1.6464728225468215,1.3608329845267713,0.9003329453194264,-0.3480400092958007,63.11999858915806
21:05:59.294431,91,-1.6996196900024463,1.3190259987830475,0.795264774337495,-0.3480400092958007,45.519998982548714
21:05:59.294431,91,-1.5394069875288736,1.2476809425782376,0.8798067367758384,-0.904680024163099,26.99999939650297
21:05:59.294431,91,-1.587646516790228,1.3405594963609309,0.92503974753844,-0.4872000130126253,52.51999882608652
21:05:59.294431,91,-1.6303999814441217,1.3766591964125394,0.8960923246253909,-0.4872000130126253,56.35999874025583
21:05:59.294431,91,-1.6675640986268292,1.3515515800822797,0.786549571095013,-0.3480400092958007,39.11999912559986
21:05:59.294431,91,-1.566737143268509,1.2975584057820717,0.8446049691040918,-0.974120026017772,48.239998921751976
21:05:59.294431,91,-1.6089275429376333,1.332500136734955,0.8134915316403419,-0.3480400092958007,47.75999893248081
21:05:59.294431,91,-1.6512853648276666,1.3675805253503501,0.7822546281549108,-0.3480400092958007,32.63999927043915
21:05:59.294431,91,-1.535378208518102,1.3275235373008378,0.836575836312546,-0.974120026017772,41.999999061226845
21:05:59.294431,91,-1.5767241487346613,1.3632721942146884,0.8052461836892033,-0.3480400092958007,39.519999116659164
21:05:59.294431,91,-1.6182341601425563,1.3991627108781965,0.7737922070475145,-0.3480400092958007,27.119999393820763
21:05:59.294431,91,-1.5194676484965588,1.3422774324635043,0.8326225420184961,-0.974120026017772,35.51999920606613
21:05:59.294431,91,-1.5603851359320293,1.3784233945259965,0.8011864318014261,-0.4872000130126253,32.359999276697636
21:05:59.294431,91,-1.4871922982150514,1.3713205048571633,0.8248404742248965,-0.974120026017772,29.759999334812164
21:05:59.349595,92,-2.0883592149161934,0.9728151792021503,1.3185359768119143,-0.5566400148672983,7.639999829232693
21:05:59.349595,92,-1.9532406273504952,1.0486448229134053,1.4837542816227989,-0.4872000130126253,7.879999823868275
21:05:59.349595,92,-2.00948166822084,1.0289074102362326,1.386327663832565,-0.4872000130126253,9.63999978452921
21:05:59.349595,92,-2.0619731796862077,1.0048425259180522,1.28546175562636,-0.3480400092958007,8.639999806880951
21:05:59.349595,92,-2.110824434218942,0.9766947831759467,1.1812136124220882,-0.5566400148672983,6.5199998542666435
21:05:59.349595,92,-1.9349605430802301,1.0460028867714217,1.4142353610135285,-0.4872000130126253,8.639999806880951
21:05:59.349595,92,-1.9860277561212094,1.067502353301752,1.3759861800062338,-0.4872000130126253,10.759999759495258
21:05:59.349595,92,-2.038451550955213,1.04445090678168,1.2748487219604465,-0.3480400092958007,9.759999781847
21:05:59.349595,92,-2.087297179822529,1.0172468749039592,1.1703477121921746,-0.5566400148672983,7.35999983549118
21:05:59.349595,92,-1.91133574872337,1.0831564936408946,1.4042800820569499,-0.4872000130126253,9.63999978452921
21:05:59.349595,92,-1.9617794594346585,1.1056365130636494,1.365768162693994,-0.4872000130126253,12.11999972909689
21:05:59.349595,92,-2.014114568819276,1.0835969935632688,1.264359559620481,-0.3480400092958007,10.99999975413084
21:05:59.349595,92,-2.062935034421766,1.057336375141797,1.1596057629784786,-0.5566400148672983,8.359999813139439
21:05:59.349595,92,-2.1199826597173677,1.0063545607298172,1.0572563295527881,-0.3480400092958007,5.239999882876873
21:05:59.349595,92,-1.8869464455853326,1.1198463044928015,1.3944490768687308,-0.4872000130126253,10.639999762177467
21:05:59.349595,92,-1.9402432986337206,1.1009246814756803,1.295243618151317,-0.41748001115047373,13.639999695122242
21:05:59.349595,92,-1.9889719677463267,1.1222651283507465,1.2539984641313586,-0.3480400092958007,12.639999717473984
21:05:59.349595,92,-2.037747742549554,1.0969472486246012,1.1489920614172697,-0.5566400148672983,9.759999781847
21:05:59.349595,92,-2.095239021723509,1.04707183192748,1.0463461696173755,-0.3480400092958007,5.999999865889549
21:05:59.349595,92,-1.8592752698892696,1.1485470633191142,1.3634077688051327,-0.4872000130126253,11.879999734461308
21:05:59.349595,92,-1.9149406054093268,1.1381641389469013,1.28526533559533,-0.41748001115047373,15.519999653100967
21:05:59.349595,92,-1.9630338044411146,1.1604398444064588,1.2437695797929431,-0.3480400092958007,14.51999967545271
21:05:59.349595,92,-2.011745378786365,1.1360636515318248,1.1385108528474688,-0.5566400148672983,11.359999746084213
21:05:59.349595,92,-2.069657316094572,1.0873029814406237,1.0355662655947528,-0.3480400092958007,6.8799998462200165
21:05:59.349595,92,-1.7824764976614995,1.151311210621321,1.3718045711666114,-0.4872000130126253,4.999999888241291
21:05:59.349595,92,-1.846440784904935,1.1664444462752783,1.358612179495398,-0.4872000130126253,13.35999970138073
21:05:59.349595,92,-1.8888719615092096,1.1749073708756566,1.2754200162727107,-0.41748001115047373,17.879999600350857
21:05:59.349595,92,-1.936310453822661,1.1981058723536542,1.233676998022404,-0.3480400092958007,16.99999962002039
21:05:59.349595,92,-1.9984417825104326,1.1554315292349122,1.1333212456578217,-0.3480400092958007,13.35999970138073
21:05:59.349595,92,-2.0432477751712663,1.12703191734657,1.0249209293026067,-0.3480400092958007,7.999999821186066
21:05:59.349595,92,-1.774139875097925,1.1285763673574454,1.3099909045129234,-0.41748001115047373,5.359999880194664
21:05:59.349595,92,-1.824846764885518,1.1608323344769027,1.2902696775406879,-0.41748001115047373,14.999999664723873
21:05:59.349595,92,-1.8722404157779926,1.1848371332170113,1.2489090845913657,-0.41748001115047373,20.63999953866005
21:05:59.349595,92,-1.920671390733932,1.1631548740651234,1.1455417236248953,-0.3480400092958007,19.879999555647373
21:05:59.349595,92,-1.9712364127792683,1.1937769534759948,1.1230466201989948,-0.3480400092958007,15.999999642372131
21:05:59.349595,92,-2.016020962417366,1.1662427486013796,1.0144144187333275,-0.3480400092958007,9.239999793469906
21:05:59.349595,92,-1.7453239407898395,1.1547376195032433,1.2804203747778082,-0.41748001115047373,5.639999873936176
21:05:59.349595,92,-1.7983841550982933,1.195831223534218,1.2808917534817938,-0.41748001115047373,16.99999962002039
21:05:59.349595,92,-1.8450905374956301,1.2207449890771973,1.2392876036116958,-0.41748001115047373,23.999999463558197
21:05:59.349595,92,-1.893395634577512,1.199997159755442,1.1356698629268576,-0.3480400092958007,23.519999474287033
21:05:59.349595,92,-1.9382684220741422,1.174784885581187,1.028959508227425,-0.3480400092958007,19.239999569952488
21:05:59.349595,92,-1.9879877681944667,1.2049197913960548,1.0040509363508703,-0.3480400092958007,10.87999975681305
21:05:59.349595,92,-1.7680733176630294,1.2221610980162825,1.2506312332622078,-0.41748001115047373,19.119999572634697
21:05:59.349595,92,-1.8172026476321397,1.2561212032110238,1.2298085756032664,-0.41748001115047373,28.11999937146902
21:05:59.349595,92,-1.8653625454460538,1.236305185228052,1.1259411568227031,-0.3480400092958007,27.87999937683344
21:05:59.349595,92,-1.9243109524452275,1.1934398664923442,1.0239609211574625,-0.3480400092958007,23.23999948054552
21:05:59.349595,92,-1.9652493288072208,1.1640525205914545,0.9143580643233438,-0.3480400092958007,12.879999712109566
21:05:59.349595,92,-1.7542404653508643,1.2391727086562339,1.24607298592928,-0.41748001115047373,21.639999516308308
21:05:59.349595,92,-1.8029854228175057,1.2736055142894054,1.2251236685695994,-0.41748001115047373,32.87999926507473
21:05:59.349595,92,-1.8510654933227508,1.2542543035240479,1.1211317050704404,-0.3480400092958007,33.11999925971031
21:05:59.349595,92,-1.8958201397162888,1.2303407285217396,1.0140733649766738,-0.3480400092958007,27.87999937683344
21:05:59.349595,92,-1.9367507024438757,1.2017442021903761,0.9042586086775417,-0.3480400092958007,14.999999664723873
21:05:59.349595,92,-1.7260498938117945,1.272790851926032,1.2370650315891039,-0.41748001115047373,24.23999945819378
21:05:59.349595,92,-1.778020506858577,1.264863634591157,1.1561849533155661,-0.41748001115047373,38.359999142587185
21:05:59.349595,92,-1.821917522284199,1.28973377693095,1.1116250088231794,-0.3480400092958007,38.99999912828207
21:05:59.349595,92,-1.8665710242426257,1.2666838470934398,1.0043352557049583,-0.3480400092958007,33.11999925971031
21:05:59.349595,92,-1.9222101617534018,1.2203817068934246,0.8992647043434285,-0.3480400092958007,16.99999962002039
21:05:59.349595,92,-1.6978700896930183,1.2550338600616695,1.1494462254960216,-0.41748001115047373,26.99999939650297
21:05:59.349595,92,-1.745048687462632,1.289907398402757,1.125811947083116,-0.41748001115047373,44.23999901115894
21:05:59.349595,92,-1.7920408085612196,1.32464309667135,1.1022710847904194,-0.3480400092958007,45.11999899148941
21:05:59.349595,92,-1.851665747272974,1.2846417009704019,0.9995234632608301,-0.3480400092958007,37.99999915063381
21:05:59.349595,92,-1.8925538954188816,1.2572307256187902,0.8893910395340876,-0.3480400092958007,18.639999583363533
21:05:59.349595,92,-1.7302395675883013,1.3066918912953622,1.1213145557671764,-0.41748001115047373,49.99999888241291
21:05:59.349595,92,-1.7768328964013222,1.3418795763355877,1.0976525839840314,-0.3480400092958007,50.639998868107796
21:05:59.349595,92,-1.821301207295027,1.3201210192344126,0.9900168085839816,-0.3480400092958007,41.35999907553196
21:05:59.349595,92,-1.8621406327937486,1.2934994979214978,0.8796728512851089,-0.3480400092958007,19.239999569952488
21:05:59.349595,92,-1.7001037585198375,1.3398275672018534,1.1124358781673729,-0.41748001115047373,54.359998784959316
21:05:59.349595,92,-1.7442867813804652,1.3202488314724747,1.0068165095974833,-0.3480400092958007,54.119998790323734
21:05:59.349595,92,-1.8004693149813191,1.2786134915308076,0.9030125683729051,-0.3480400092958007,41.999999061226845
21:05:59.349595,92,-1.846653917707698,1.31141174899378,0.8748732780756674,-0.3480400092958007,18.639999583363533
21:05:59.349595,92,-1.6847800828813635,1.3561754366759093,1.10805547974383,-0.41748001115047373,56.639998733997345
21:05:59.349595,92,-1.728876651039044,1.3370230621745112,1.0023218680272192,-0.3480400092958007,54.63999877870083
21:05:59.349595,92,-1.7697319184080664,1.3131001360862267,0.8937718998146214,-0.3480400092958007,39.87999910861254
21:05:59.349595,92,-1.815128063126432,1.3467830251088178,0.8653955732053846,-0.3480400092958007,16.99999962002039
21:05:59.349595,92,-1.5636438912626887,1.2620509190571005,1.0728459004841175,-0.41748001115047373,7.1199998408555984
21:05:59.349595,92,-1.6083345718421578,1.298121737236207,1.046346805683223,-0.41748001115047373,32.87999926507473
21:05:59.349595,92,-1.6530252524216267,1.334192555415313,1.0198477108823285,-0.41748001115047373,55.87999875098467
21:05:59.349595,92,-1.697539289994853,1.3701208011905486,0.9934533555865759,-0.3480400092958007,51.99999883770943
21:05:59.349595,92,-1.7382866526952045,1.3469861222384956,0.8846921771903886,-0.3480400092958007,35.51999920606613
21:05:59.349595,92,-1.799092076190263,1.3642385130535961,0.86071838930709,-0.3480400092958007,14.759999670088291
21:05:59.349595,92,-1.6375187280033392,1.3500847945618,1.015589398237105,-0.41748001115047373,52.51999882608652
21:05:59.349595,92,-1.681615193001933,1.3864409997583778,0.9890803715600107,-0.3480400092958007,47.11999894678593
21:05:59.349595,92,-1.7223024885151506,1.3636996232726772,0.880213808085583,-0.3480400092958007,30.35999932140112
21:05:59.349595,92,-1.7593956248751497,1.3359444323431462,0.7688943520421008,-0.3480400092958007,12.519999720156193
21:05:59.349595,92,-1.60601599467847,1.3814159778122446,1.0071942329872368,-0.41748001115047373,47.23999894410372
21:05:59.349595,92,-1.6492641278969968,1.4186158951459364,0.9804591343243585,-0.3480400092958007,41.11999908089638
21:05:59.349595,92,-1.6898190893630904,1.3966592847437616,0.8713822934116027,-0.3480400092958007,25.359999433159828
21:05:59.349595,92,-1.7432173561862259,1.3528608946252971,0.764361599634807,-0.3480400092958007,10.519999764859676
21:05:59.349595,92,-1.5900229360188278,1.3968517888241265,1.0030582198920837,-0.3480400092958007,41.23999907821417
21:05:59.349595,92,-1.6328403948643873,1.4344673745030834,0.9762117432317723,-0.3480400092958007,35.11999921500683
21:05:59.349595,92,-1.673323102703785,1.4129021492421312,0.8670300309864964,-0.3480400092958007,21.119999527931213
21:05:59.404254,93,-1.9034098108053086,0.9803799947770259,1.4403075637493385,-0.5566400148672983,7.1199998408555984
21:05:59.404254,93,-1.9578113790535852,1.0084003448310912,1.4243109317597975,-0.5566400148672983,11.759999737143517
21:05:59.404254,93,-2.0122129473018617,1.0364206948851566,1.4083142997702565,-0.5566400148672983,12.519999720156193
21:05:59.404254,93,-2.0663994895886826,1.0643302925674667,1.3923808955751404,-0.4872000130126253,10.239999771118164
21:05:59.404254,93,-2.116258217611349,1.0312967568293183,1.2666502909201651,-0.4872000130126253,6.8799998462200165
21:05:59.404254,93,-1.8811939294174844,1.0169376775069328,1.4305119621847067,-0.5566400148672983,7.879999823868275
21:05:59.404254,93,-1.9349605430802301,1.0460028867714217,1.4142353610135285,-0.5566400148672983,13.119999706745148
21:05:59.404254,93,-1.9887271567429756,1.0750680960359102,1.3979587598423504,-0.5566400148672983,13.879999689757824
21:05:59.404254,93,-2.0422812541461846,1.1040184230503418,1.3817464930631531,-0.4872000130126253,11.359999746084213
21:05:59.404254,93,-2.0921173410063747,1.0719478973556409,1.2557578506447329,-0.4872000130126253,7.759999826550484
21:05:59.404254,93,-1.8582255955737805,1.053058899693487,1.4208333098701944,-0.5566400148672983,8.759999804198742
21:05:59.404254,93,-1.908741395399932,1.075744865510208,1.38291505891524,-0.5566400148672983,14.759999670088291
21:05:59.404254,93,-1.9617794594346585,1.1056365130636494,1.365768162693994,-0.5566400148672983,15.639999650418758
21:05:59.404254,93,-2.0146078868526462,1.1354100118125316,1.3486890407661127,-0.4872000130126253,12.879999712109566
21:05:59.404254,93,-2.067139645396932,1.1121245731024472,1.2449925428238091,-0.4872000130126253,8.639999806880951
21:05:59.404254,93,-1.8320239170534285,1.0814751144605697,1.3905170967354268,-0.5566400148672983,9.63999978452921
21:05:59.404254,93,-1.8843851971047747,1.1123848754138599,1.3730973978508882,-0.5566400148672983,16.639999628067017
21:05:59.404254,93,-1.936746477156121,1.14329463636715,1.3556776989663493,-0.5566400148672983,17.759999603033066
21:05:59.404254,93,-1.9889007956262368,1.1740822243522453,1.3383268526465717,-0.4872000130126253,14.6399996727705
21:05:59.404254,93,-2.037747742549554,1.0969472486246012,1.1489920614172697,-0.4872000130126253,9.879999779164791
21:05:59.404254,93,-1.8076117176342463,1.1166324661725207,1.3810967127361926,-0.5566400148672983,10.759999759495258
21:05:59.404254,93,-1.8592752698892696,1.1485470633191142,1.3634077688051327,-0.5566400148672983,18.879999577999115
21:05:59.404254,93,-1.9109388221442927,1.1804616604657077,1.3457188248740728,-0.5566400148672983,20.239999547600746
21:05:59.404254,93,-1.9665077172455256,1.1688135686342938,1.2660183666457707,-0.5566400148672983,16.639999628067017
21:05:59.404254,93,-2.011745378786365,1.1360636515318248,1.1385108528474688,-0.4872000130126253,11.239999748766422
21:05:59.404254,93,-1.7867380426671857,1.111378504700931,1.314599057923278,-0.5566400148672983,11.999999731779099
21:05:59.404254,93,-1.8378050020881977,1.1431429377882938,1.2950095370979944,-0.5566400148672983,21.639999516308308
21:05:59.404254,93,-1.8888719615092096,1.1749073708756566,1.2754200162727107,-0.5566400148672983,23.23999948054552
21:05:59.404254,93,-1.9397370752408105,1.206546252844097,1.2559079243834954,-0.4872000130126253,19.239999569952488
21:05:59.404254,93,-1.9984417825104326,1.1554315292349122,1.1333212456578217,-0.4872000130126253,12.999999709427357
21:05:59.404254,93,-1.774139875097925,1.1285763673574454,1.3099909045129234,-0.5566400148672983,13.35999970138073
21:05:59.404254,93,-1.824846764885518,1.1608323344769027,1.2902696775406879,-0.5566400148672983,24.759999446570873
21:05:59.404254,93,-1.8755536546731113,1.1930883015963596,1.2705484505684521,-0.5566400148672983,26.99999939650297
21:05:59.404254,93,-1.9226576614262139,1.2167434120768836,1.2286830843046617,-0.4872000130126253,22.239999502897263
21:05:59.404254,93,-1.9712364127792683,1.1937769534759948,1.1230466201989948,-0.4872000130126253,14.999999664723873
21:05:59.404254,93,-2.016020962417366,1.1662427486013796,1.0144144187333275,-0.4872000130126253,5.119999885559082
21:05:59.404254,93,-1.748412580003305,1.1626027447254141,1.3008735641758196,-0.5566400148672983,14.759999670088291
21:05:59.404254,93,-1.7983841550982933,1.195831223534218,1.2808917534817938,-0.5566400148672983,28.639999359846115
21:05:59.404254,93,-1.8483557301932816,1.2290597023430216,1.2609099427877677,-0.5566400148672983,31.359999299049377
21:05:59.404254,93,-1.8947766686613599,1.25361822451719,1.2188025080902325,-0.4872000130126253,25.999999418854713
21:05:59.404254,93,-1.9432425748010407,1.2315891765523332,1.1129148655616645,-0.4872000130126253,17.359999611973763
21:05:59.404254,93,-1.9879877681944667,1.2049197913960548,1.0040509363508703,-0.4872000130126253,5.759999871253967
21:05:59.404254,93,-1.7189439876939194,1.1882009928215411,1.2714538909211492,-0.5566400148672983,16.239999637007713
21:05:59.404254,93,-1.7680733176630294,1.2221610980162825,1.2506312332622078,-0.5566400148672983,32.99999926239252
21:05:59.404254,93,-1.8172026476321397,1.2561212032110238,1.2298085756032664,-0.5566400148672983,36.87999917566776
21:05:59.404254,93,-1.8661377905262728,1.2899470787409637,1.2090682209390244,-0.4872000130126253,30.51999931782484
21:05:59.404254,93,-1.9151469010416133,1.221726193077455,1.0410833734672826,-0.4872000130126253,20.359999544918537
21:05:59.404254,93,-1.973672269586933,1.2240532991418993,0.9989241284019965,-0.3480400092958007,6.359999857842922
21:05:59.404254,93,-1.705495507884223,1.2047399030230623,1.2670223032889607,-0.5566400148672983,17.759999603033066
21:05:59.404254,93,-1.7542404653508643,1.2391727086562339,1.24607298592928,-0.5566400148672983,37.99999915063381
21:05:59.404254,93,-1.8029854228175057,1.2736055142894054,1.2251236685695994,-0.5566400148672983,43.359999030828476
21:05:59.404254,93,-1.8405983962000347,1.2812169564283373,1.1382068387498352,-0.5566400148672983,35.759999200701714
21:05:59.404254,93,-1.8958201397162888,1.2303407285217396,1.0140733649766738,-0.4872000130126253,23.639999471604824
21:05:59.404254,93,-1.9444506269258823,1.2619007208482125,0.9887829423201899,-0.3480400092958007,6.8799998462200165
21:05:59.404254,93,-1.6780882657904457,1.2374239012904156,1.2582646523478032,-0.3480400092958007,19.239999569952488
21:05:59.404254,93,-1.7260498938117945,1.272790851926032,1.2370650315891039,-0.3480400092958007,43.5199990272522
21:05:59.404254,93,-1.7740115218331438,1.308157802561648,1.2158654108304048,-0.3480400092958007,50.87999886274338
21:05:59.404254,93,-1.8259005205076861,1.2989249335777964,1.133462000573049,-0.4872000130126253,41.75999906659126
21:05:59.404254,93,-1.8665710242426257,1.2666838470934398,1.0043352557049583,-0.4872000130126253,26.99999939650297
21:05:59.404254,93,-1.9144512299744907,1.2991760921826256,0.9787950366735636,-0.3480400092958007,7.519999831914902
21:05:59.404254,93,-1.70158190072082,1.2638143335214131,1.1701163212693082,-0.5566400148672983,49.11999890208244
21:05:59.404254,93,-1.7488636383245946,1.2989318542661594,1.1470564013660831,-0.5566400148672983,58.999998681247234
21:05:59.404254,93,-1.7920408085612196,1.32464309667135,1.1022710847904194,-0.4872000130126253,47.8799989297986
21:05:59.404254,93,-1.851665747272974,1.2846417009704019,0.9995234632608301,-0.4872000130126253,30.23999932408333
21:05:59.404254,93,-1.8925538954188816,1.2572307256187902,0.8893910395340876,-0.3480400092958007,7.879999823868275
21:05:59.404254,93,-1.687141655858422,1.2801807475498728,1.165730953847389,-0.3480400092958007,54.119998790323734
21:05:59.404254,93,-1.7340221433852954,1.3157530406998037,1.1425491780454549,-0.3480400092958007,66.9999985024333
21:05:59.404254,93,-1.7768328964013222,1.3418795763355877,1.0976525839840314,-0.3480400092958007,53.63999880105257
21:05:59.404254,93,-1.821301207295027,1.3201210192344126,0.9900168085839816,-0.3480400092958007,32.63999927043915
21:05:59.404254,93,-1.6081767974372303,1.2673812379643947,1.1604276975355399,-0.3480400092958007,21.519999518990517
21:05:59.404254,93,-1.654140277978534,1.303604402583124,1.1364317878514565,-0.3480400092958007,57.879998706281185
21:05:59.404254,93,-1.7001037585198375,1.3398275672018534,1.1124358781673729,-0.3480400092958007,73.51999835669994
21:05:59.404254,93,-1.7458855652250094,1.3759075572568722,1.0885348139761115,-0.3480400092958007,57.6399987116456
21:05:59.404254,93,-1.7902081711504192,1.3550066831231031,0.9806692231175833,-0.3480400092958007,33.639999248087406
21:05:59.404254,93,-1.846653917707698,1.31141174899378,0.8748732780756674,-0.3480400092958007,8.119999818503857
21:05:59.404254,93,-1.6392308885055369,1.3195102961032437,1.1321698165278449,-0.3480400092958007,59.35999867320061
21:05:59.404254,93,-1.6847800828813635,1.3561754366759093,1.10805547974383,-0.3480400092958007,77.11999827623367
21:05:59.404254,93,-1.733389315389294,1.3469472018772977,1.0237308183905742,-0.3480400092958007,58.87999868392944
21:05:59.404254,93,-1.7743923422682717,1.3722225246854531,0.9760562522739296,-0.3480400092958007,32.87999926507473
21:05:59.404254,93,-1.6536288510163262,1.388423064962863,1.0994147537865218,-0.3480400092958007,76.51999828964472
21:05:59.404254,93,-1.697539289994853,1.3701208011905486,0.9934533555865759,-0.3480400092958007,56.99999872595072
21:05:59.404254,93,-1.7382866526952045,1.3469861222384956,0.8846921771903886,-0.3480400092958007,30.63999931514263
21:05:59.404254,93,-1.6378044098868505,1.404319599039949,1.0951552903181128,-0.3480400092958007,71.99999839067459
21:05:59.404254,93,-1.681615193001933,1.3864409997583778,0.9890803715600107,-0.3480400092958007,52.51999882608652
21:05:59.404254,93,-1.7223024885151506,1.3636996232726772,0.880213808085583,-0.3480400092958007,27.359999388456345
21:05:59.404254,93,-1.60601599467847,1.3814159778122446,1.0071942329872368,-0.3480400092958007,64.87999854981899
21:05:59.404254,93,-1.6492641278969968,1.4186158951459364,0.9804591343243585,-0.3480400092958007,46.51999896019697
21:05:59.404254,93,-1.6898190893630904,1.3966592847437616,0.8713822934116027,-0.3480400092958007,23.999999463558197
21:05:59.404254,93,-1.5900229360188278,1.3968517888241265,1.0030582198920837,-0.3480400092958007,56.519998736679554
21:05:59.404254,93,-1.6328403948643873,1.4344673745030834,0.9762117432317723,-0.3480400092958007,40.11999910324812
21:05:59.404254,93,-1.5575614310075354,1.427256131934719,0.9949114007092017,-0.3480400092958007,48.35999891906977
21:05:59.463053,94,-1.9654554057327012,0.8682352469087039,1.4703566583760472,-0.4872000130126253,10.519999764859676
21:05:59.463053,94,-2.0216303060547043,0.8930503754071112,1.4552188629139076,-0.4872000130126253,16.99999962002039
21:05:59.463053,94,-1.9429081838353432,0.8990078166754232,1.439409061822046,-0.4872000130126253,11.759999737143517
21:05:59.463053,94,-2.0011549289614634,0.9319087913488604,1.4448067817431633,-0.4872000130126253,18.999999575316906
21:05:59.463053,94,-2.0567608814081684,0.9578036759409815,1.4293796665076903,-0.4872000130126253,15.75999964773655
21:05:59.463053,94,-1.922251637293575,0.9363436373161588,1.4294049588326079,-0.4872000130126253,13.119999706745148
21:05:59.463053,94,-1.977191725887709,0.9631053793225968,1.4130967182750669,-0.4872000130126253,21.519999518990517
21:05:59.463053,94,-2.032131814481843,0.9898671213290348,1.3967884777175263,-0.4872000130126253,17.759999603033066
21:05:59.463053,94,-2.084670046674805,0.9647876937959183,1.2961944155464498,-0.41748001115047373,10.99999975413084
21:05:59.463053,94,-2.1448279001873547,0.8387378937946937,1.1190030282955241,-0.41748001115047373,6.9999998435378075
21:05:59.463053,94,-1.9008262157609395,0.9732729638182446,1.4195097756193487,-0.4872000130126253,14.879999667406082
21:05:59.463053,94,-1.9551539419908897,1.0010901870272384,1.4029187197259567,-0.4872000130126253,24.23999945819378
21:05:59.463053,94,-2.00948166822084,1.0289074102362326,1.386327663832565,-0.4872000130126253,19.999999552965164
21:05:59.463053,94,-2.0619731796862077,1.0048425259180522,1.28546175562636,-0.41748001115047373,12.639999717473984
21:05:59.463053,94,-2.1127221507032883,0.9004296826323428,1.1024727632968447,-0.41748001115047373,7.879999823868275
21:05:59.463053,94,-1.8809891394405387,0.969592784394477,1.3525904271776574,-0.4872000130126253,16.759999625384808
21:05:59.463053,94,-1.932334122620604,1.0386416891229378,1.3928568250648385,-0.4872000130126253,27.639999382197857
21:05:59.463053,94,-1.988510660515653,1.0250168635747308,1.3155830566570852,-0.4872000130126253,22.879999488592148
21:05:59.463053,94,-2.03820114210988,0.9996914556862477,1.2136413693224455,-0.41748001115047373,14.359999679028988
21:05:59.463053,94,-2.090260181682355,0.9410287268582291,1.091594282183043,-0.41748001115047373,8.999999798834324
21:05:59.463053,94,-1.8585320940116177,1.0057149890420491,1.3429115116135086,-0.4872000130126253,18.879999577999115
21:05:59.463053,94,-1.9116510072272683,1.0344594413949233,1.3241311921871888,-0.4872000130126253,31.359999299049377
21:05:59.463053,94,-1.964769920442919,1.0632038937477968,1.3053508727608691,-0.4872000130126253,26.119999416172504
21:05:59.463053,94,-2.0100178121051577,1.0302141909269664,1.181163072313006,-0.41748001115047373,16.639999628067017
21:05:59.463053,94,-2.0669621364958872,0.9811857485644706,1.0808342406464164,-0.41748001115047373,10.239999771118164
21:05:59.463053,94,-2.177219496107434,0.7432541444514699,0.805408336138087,-0.41748001115047373,4.999999888241291
21:05:59.463053,94,-2.230342895906371,0.761389287526619,0.7762607142886258,-0.41748001115047373,4.999999888241291
21:05:59.463053,94,-1.8353316605584202,1.0413961616181577,1.3333507702367449,-0.4872000130126253,21.239999525249004
21:05:59.463053,94,-1.8877874795960703,1.071160421546919,1.314297194194031,-0.4872000130126253,35.759999200701714
21:05:59.463053,94,-1.9368157829521462,1.0928363237363465,1.2735606271947193,-0.4872000130126253,30.119999326765537
21:05:59.463053,94,-1.9854766101491648,1.0688089890786188,1.1708216273162286,-0.41748001115047373,19.35999956727028
21:05:59.463053,94,-2.042837334050906,1.0208846854785227,1.0701969425599223,-0.41748001115047373,11.999999731779099
21:05:59.463053,94,-2.0957344736966976,0.9677584625823901,0.9669548986459005,-0.41748001115047373,5.359999880194664
21:05:59.463053,94,-2.1562432077088785,0.7851135742682032,0.7941921357230661,-0.41748001115047373,5.879999868571758
21:05:59.463053,94,-2.208854793353622,0.8042700728977581,0.7647708424776167,-0.41748001115047373,5.759999871253967
21:05:59.463053,94,-1.8081972150793704,1.0689087932035353,1.303418139472126,-0.4872000130126253,23.759999468922615
21:05:59.463053,94,-1.8598775015022215,1.0994593947264109,1.2835090555686521,-0.4872000130126253,40.51999909430742
21:05:59.463053,94,-1.9115577879250731,1.1300099962492862,1.2635999716651782,-0.4872000130126253,34.759999223053455
21:05:59.463053,94,-1.9601412440572814,1.1069220005293356,1.160609276676891,-0.41748001115047373,22.759999491274357
21:05:59.463053,94,-2.0178954239462996,1.0601096585556418,1.0596866427007756,-0.41748001115047373,13.999999687075615
21:05:59.463053,94,-2.0712738513841957,1.008010013005532,0.956169528215919,-0.41748001115047373,6.239999860525131
21:05:59.463053,94,-2.1231643630553902,0.8471220779969144,0.7775770072250956,-0.41748001115047373,6.7599998489022255
21:05:59.463053,94,-2.1749688363751916,0.867791562588796,0.7477503106128811,-0.41748001115047373,6.5199998542666435
21:05:59.463053,94,-2.2233049092634314,0.9972127285304219,0.7941458134722399,-0.13916000371682458,5.119999885559082
21:05:59.463053,94,-1.783581700024786,1.1036038691024503,1.2941216219036753,-0.4872000130126253,26.119999416172504
21:05:59.463053,94,-1.8345584476644463,1.1351460944620209,1.2739468331939634,-0.4872000130126253,45.519998982548714
21:05:59.463053,94,-1.8855351953041062,1.1666883198215916,1.2537720444842515,-0.4872000130126253,39.99999910593033
21:05:59.463053,94,-1.9471789039770107,1.1257930645794898,1.155552790304336,-0.41748001115047373,26.75999940186739
21:05:59.463053,94,-1.9921463826131078,1.098844978330291,1.0493075450485971,-0.41748001115047373,16.519999630749226
21:05:59.463053,94,-2.0459847471847907,1.0477810019637068,0.9455129238423889,-0.41748001115047373,7.1199998408555984
21:05:59.463053,94,-2.10004838879363,0.8879165395787514,0.76664616418858,-0.41748001115047373,7.759999826550484
21:05:59.463053,94,-2.1512888403670494,0.9095813948698521,0.7365527588013403,-0.41748001115047373,7.519999831914902
21:05:59.463053,94,-2.197355332943728,1.0399144499481072,0.7827039217029523,-0.13916000371682458,5.359999880194664
21:05:59.463053,94,-1.771005787611326,1.1207713510618706,1.2895216089765729,-0.4872000130126253,28.359999366104603
21:05:59.463053,94,-1.8216231016946594,1.1528042421394409,1.2692153467839693,-0.4872000130126253,50.519998870790005
21:05:59.463053,94,-1.8743950139850583,1.1413345053751784,1.1892844837307075,-0.4872000130126253,45.759998977184296
21:05:59.463053,94,-1.920671390733932,1.1631548740651234,1.1455417236248953,-0.41748001115047373,31.63999929279089
21:05:59.463053,94,-1.9656005093240885,1.1370751511917165,1.0390638011038758,-0.41748001115047373,19.519999563694
21:05:59.463053,94,-2.0198772764025272,1.0870555215923148,0.9349893480247831,-0.41748001115047373,8.119999818503857
21:05:59.463053,94,-2.076092423214172,0.9282563059902833,0.7558371563557498,-0.41748001115047373,8.879999801516533
21:05:59.463053,94,-2.1267483575446944,0.9509054375763133,0.7254800149301546,-0.41748001115047373,8.239999815821648
21:05:59.463053,94,-2.1774042918752166,0.9735545691623431,0.6951228735045594,-0.13916000371682458,5.639999873936176
21:05:59.463053,94,-1.747864608976998,1.1136314678432448,1.2240079074242523,-0.4872000130126253,29.999999329447746
21:05:59.463053,94,-1.795207239142735,1.1877413042902203,1.259853989194752,-0.4872000130126253,54.87999877333641
21:05:59.463053,94,-1.8477764359248472,1.1772891184000325,1.1796504742065244,-0.4872000130126253,51.51999884843826
21:05:59.463053,94,-1.893478512697401,1.154071992755549,1.0754115749147308,-0.41748001115047373,36.999999172985554
21:05:59.463053,94,-1.9520320664847324,1.1559960208574007,1.0339939693568612,-0.41748001115047373,22.879999488592148
21:05:59.463053,94,-1.9932754050201502,1.0453400689740535,0.8467615565238098,-0.41748001115047373,9.119999796152115
21:05:59.463053,94,-2.043010443564522,0.9569855988676259,0.7232668282333881,-0.41748001115047373,9.759999781847
21:05:59.463053,94,-2.092859189077284,0.9803357152253758,0.6921149821096584,-0.41748001115047373,8.879999801516533
21:05:59.463053,94,-2.1514083591638173,1.0153690814221064,0.6839187087126546,-0.13916000371682458,5.639999873936176
21:05:59.463053,94,-1.7219862117321947,1.147148769555822,1.215026973497897,-0.4872000130126253,30.879999309778214
21:05:59.463053,94,-1.771202491846095,1.179935556575436,1.1925915718140931,-0.4872000130126253,57.999998703598976
21:05:59.463053,94,-1.8164477315592271,1.2038859441585965,1.1488613262795897,-0.4872000130126253,56.759998731315136
21:05:59.463053,94,-1.874949635303522,1.1628264338427892,1.0489977139129287,-0.41748001115047373,42.75999904423952
21:05:59.463053,94,-1.9219299530183678,1.1450737554782517,0.9632189284774433,-0.41748001115047373,26.359999410808086
21:05:59.463053,94,-1.9667144872113007,1.0835919082763406,0.8365120070737568,-0.41748001115047373,9.999999776482582
21:05:59.463053,94,-2.0175071294206184,0.9962084933478987,0.7127570853325877,-0.41748001115047373,10.239999771118164
21:05:59.463053,94,-2.066733602922732,1.02051563471322,0.6813488051309431,-0.41748001115047373,9.119999796152115
21:05:59.463053,94,-2.1245518918322817,1.056673061693607,0.672851340554715,-0.13916000371682458,5.519999876618385
21:05:59.463053,94,-1.7050605355767938,1.1553235270338056,1.1904534706850716,-0.4872000130126253,30.999999307096004
21:05:59.463053,94,-1.7537930610513677,1.1883439577093087,1.1673157309746471,-0.4872000130126253,59.239998675882816
21:05:59.463053,94,-1.802525586525942,1.2213643883848115,1.1441779912642227,-0.4872000130126253,60.359998650848866
21:05:59.463053,94,-1.847189652506695,1.1987807361952671,1.0393637876331578,-0.41748001115047373,47.8799989297986
21:05:59.463053,94,-1.8883127894626284,1.1716887174973982,0.9316629752260375,-0.41748001115047373,29.35999934375286
21:05:59.463053,94,-1.9393669098652422,1.1213230141551058,0.8264019877240085,-0.41748001115047373,10.359999768435955
21:05:59.463053,94,-1.991196839360756,1.0349308901714567,0.7023814503747179,-0.41748001115047373,10.239999771118164
21:05:59.463053,94,-2.039781350920045,1.060182844575293,0.6707200082824047,-0.41748001115047373,8.999999798834324
21:05:59.463053,94,-1.7261767992089108,1.221959005094308,1.1583086061743026,-0.4872000130126253,58.35999869555235
21:05:59.463053,94,-1.7741419535416787,1.2559134947471207,1.1349205861152252,-0.4872000130126253,61.75999861955643
21:05:59.463053,94,-1.8186908185107606,1.234191602004254,1.029875474736353,-0.41748001115047373,51.23999885469675
21:05:59.463053,94,-1.8741359060274616,1.1898601003449831,0.9267939678666703,-0.41748001115047373,31.239999301731586
21:05:59.463053,94,-1.9254015300264682,1.1399885675280235,0.8214005677714553,-0.41748001115047373,10.239999771118164
21:05:59.463053,94,-1.9640900971496893,1.073137300896555,0.692144073475236,-0.41748001115047373,9.63999978452921
21:05:59.463053,94,-2.012013213610184,1.099321478457248,0.6602328429408775,-0.41748001115047373,8.359999813139439
21:05:59.463053,94,-1.7470882961956693,1.2452582241572387,1.0671145780983013,-0.41748001115047373,60.359998650848866
21:05:59.463053,94,-1.8041678831281842,1.251688811348024,1.0251871116228914,-0.41748001115047373,51.879998840391636
21:05:59.463053,94,-1.8452213395132886,1.225787529337498,0.9171672422819994,-0.41748001115047373,31.239999301731586
21:05:59.463053,94,-1.8968945705091977,1.1769103426290854,0.8115074079500022,-0.41748001115047373,9.63999978452921
21:05:59.463053,94,-1.9361977451224002,1.1108124434689985,0.6820490494482225,-0.41748001115047373,8.759999804198742
21:05:59.463053,94,-1.7325584276149257,1.2620637670124804,1.0626115464618728,-0.41748001115047373,56.519998736679554
21:05:59.463053,94,-1.7745822368554405,1.286258034557711,1.0159243161808846,-0.41748001115047373,49.63999889045954
21:05:59.463053,94,-1.8155687090989265,1.2611492238038489,0.9076921048067446,-0.41748001115047373,29.519999340176582
21:05:59.463053,94,-1.8676288784892305,1.2132740581787824,0.8017637797346657,-0.41748001115047373,8.639999806880951
21:05:59.463053,94,-1.9075309398473073,1.1479412483347609,0.6721004161685087,-0.3480400092958007,7.519999831914902
21:05:59.463053,94,-1.6985468990799577,1.2856283626346952,1.0328604471189644,-0.41748001115047373,50.99999886006117
21:05:59.463053,94,-1.7442867813804652,1.3202488314724747,1.0068165095974833,-0.41748001115047373,44.99999899417162
21:05:59.463053,94,-1.8004693149813191,1.2786134915308076,0.9030125683729051,-0.41748001115047373,26.359999410808086
21:05:59.463053,94,-1.837616159852648,1.2490651691763874,0.7921735804466448,-0.3480400092958007,7.519999831914902
21:05:59.463053,94,-1.6835408637277185,1.3019627279738895,1.0284836671174524,-0.3480400092958007,44.87999899685383
21:05:59.463053,94,-1.7243357736897007,1.2794172470636356,0.9221482264238579,-0.41748001115047373,39.23999912291765
21:05:59.463053,94,-1.7697319184080664,1.3131001360862267,0.8937718998146214,-0.41748001115047373,22.99999948590994
21:05:59.463053,94,-1.6936971238366536,1.3124340093999738,0.9133014116191458,-0.3480400092958007,33.519999250769615
21:05:59.463053,94,-1.754096989666327,1.330119064279124,0.8892116917492912,-0.3480400092958007,19.63999956101179
21:05:59.463053,94,-1.6781229762375136,1.328718785323981,0.9089379190613864,-0.3480400092958007,28.239999368786812
21:05:59.463053,94,0.017095516350338152,0.13980481957531732,1.789830159573841,-0.06972000186215155,4.999999888241291
21:05:59.516626,95,-2.0543017019387757,0.7562922594545978,1.1746956284907089,-0.4872000130126253,6.7599998489022255
21:05:59.516626,95,-2.109621645183975,0.7766583258558115,1.1524711465906938,0.06972000186215155,6.9999998435378075
21:05:59.516626,95,-2.168939479450836,0.6991377328410691,1.0582826299472328,-1.669920044601895,5.639999873936176
21:05:59.516626,95,-1.9202392563127342,0.8886889350136803,1.3517079049341492,-0.4872000130126253,7.879999823868275
21:05:59.516626,95,-1.9797161313033156,0.8447117522806965,1.2593917029125694,-0.4872000130126253,8.879999801516533
21:05:59.516626,95,-2.0350095802446786,0.7957932890733795,1.1641113595041586,-0.4872000130126253,7.759999826550484
21:05:59.516626,95,-2.0898100092061727,0.8172230720234216,1.1416018556139094,0.06972000186215155,7.999999821186066
21:05:59.516626,95,-2.140396178598495,0.7615798937714655,1.0415513033522787,-1.669920044601895,6.359999857842922
21:05:59.516626,95,-1.8993326312780758,0.9255843953617687,1.3418217961295045,-0.4872000130126253,8.879999801516533
21:05:59.516626,95,-1.9486014877383622,0.9016329717952951,1.244139708111438,-0.4872000130126253,10.119999773800373
21:05:59.516626,95,-2.004547692008656,0.8543263682524044,1.1484274682076319,-0.4872000130126253,8.999999798834324
21:05:59.516626,95,-2.0585278179315223,0.877332378596453,1.1254956154600708,-0.3480400092958007,9.239999793469906
21:05:59.516626,95,-2.1202955363646248,0.8027363863971366,1.0305234543899326,-1.669920044601895,7.239999838173389
21:05:59.516626,95,-2.176236103631243,0.7224558545361179,0.933278121031212,-0.5566400148672983,4.999999888241291
21:05:59.516626,95,-2.230663519034436,0.740524392614176,0.9065995291590192,-0.5566400148672983,5.239999882876873
21:05:59.516626,95,-1.8776662985489638,0.9620686188170063,1.3320458779181967,-0.4872000130126253,9.999999776482582
21:05:59.516626,95,-1.9268823707070997,0.9390685183007754,1.2341088836570768,-0.4872000130126253,11.879999734461308
21:05:59.516626,95,-1.9832358085961144,0.8928466821392386,1.1381059812094612,-0.4872000130126253,10.639999762177467
21:05:59.516626,95,-2.0349825472996477,0.8415668358798529,1.0394698905061874,-0.4872000130126253,10.87999975681305
21:05:59.516626,95,-2.0885570097831865,0.8637225496652435,1.0141822611927709,-0.3480400092958007,8.239999815821648
21:05:59.516626,95,-2.1460434528092383,0.7850855722155222,0.9164965387568265,-0.5566400148672983,5.759999871253967
21:05:59.516626,95,-2.1997157534775593,0.8047204723510033,0.8893982414362922,-0.5566400148672983,5.879999868571758
21:05:59.516626,95,-1.8552489243692227,0.9981270121771127,1.3223840605369925,-0.4872000130126253,11.359999746084213
21:05:59.516626,95,-1.90439252645343,0.9760770248064548,1.224192484225798,-0.41748001115047373,13.999999687075615
21:05:59.516626,95,-1.9611306573383873,0.9309476057047871,1.1278968695091924,-0.4872000130126253,12.639999717473984
21:05:59.516626,95,-2.0133470876059207,0.8806719999967829,1.0289916933611696,-0.4872000130126253,12.759999714791775
21:05:59.516626,95,-2.066351958902934,0.9038572253869165,1.0034282072446636,-0.3480400092958007,9.519999787211418
21:05:59.516626,95,-2.124840328677131,0.8263405159234977,0.905442309906483,-0.5566400148672983,6.359999857842922
21:05:59.516626,95,-2.177982341642267,0.8470071974704179,0.8780675475899884,-0.5566400148672983,6.5199998542666435
21:05:59.516626,95,-1.8328680152501302,0.9925267412583977,1.2564578211122541,-0.41748001115047373,12.879999712109566
21:05:59.516626,95,-1.8811409506147914,1.012643688403832,1.2143944762449805,-0.41748001115047373,16.639999628067017
21:05:59.516626,95,-1.9382410800008498,0.9686138990883112,1.1178042166152036,-0.4872000130126253,15.359999656677246
21:05:59.516626,95,-1.9909063159574205,0.9193514062294155,1.0186275776974203,-0.4872000130126253,15.359999656677246
21:05:59.516626,95,-2.043320394827059,0.9435549344059028,0.9927912381716606,-0.3480400092958007,11.119999751448631
21:05:59.516626,95,-2.1027872967823726,0.8671776233303198,0.894500039955602,-0.5566400148672983,7.239999838173389
21:05:59.516626,95,-2.155377765948638,0.8888656362507006,0.866851612722384,-0.5566400148672983,6.9999998435378075
21:05:59.516626,95,-1.8094799874450698,1.0277102933062017,1.2470304167541866,-0.41748001115047373,14.6399996727705
21:05:59.516626,95,-1.857136943511087,1.048753882915671,1.2047187787870024,-0.41748001115047373,20.119999550282955
21:05:59.516626,95,-1.914576232108838,1.0058304962753417,1.1078320594539042,-0.4872000130126253,18.879999577999115
21:05:59.516626,95,-1.9676692083631988,0.957589583331669,1.0083816890228334,-0.4872000130126253,18.639999583363533
21:05:59.516626,95,-2.019471529873697,0.9827997981686004,0.9822756086193762,-0.3480400092958007,12.999999709427357
21:05:59.516626,95,-2.068133559734149,0.9276141574081608,0.8783061194561084,-0.5566400148672983,8.119999818503857
21:05:59.516626,95,-2.1231643630553902,0.8471220779969144,0.7775770072250956,-0.5566400148672983,7.35999983549118
21:05:59.516626,95,-1.7935928884499999,1.036994818694864,1.2221595525259088,-0.41748001115047373,16.519999630749226
21:05:59.516626,95,-1.8448557669834216,1.0666332833502865,1.1999280078793946,-0.41748001115047373,24.35999945551157
21:05:59.516626,95,-1.8901455792855584,1.0425825111238831,1.097984386755021,0.06972000186215155,23.519999474287033
21:05:59.516626,95,-1.9436450593560535,0.995371236543221,0.9982581255560852,-0.4872000130126253,22.759999491274357
21:05:59.516626,95,-1.994814903270422,1.021576119253464,0.9718855246992371,-0.3480400092958007,15.239999659359455
21:05:59.516626,95,-2.043995084878966,0.9673355931655222,0.8676627928227187,-0.5566400148672983,8.999999798834324
21:05:59.516626,95,-2.10004838879363,0.8879165395787514,0.76664616418858,-0.5566400148672983,7.639999829232693
21:05:59.516626,95,-1.7691761863451367,1.0714096717195079,1.2129381204503198,-0.41748001115047373,18.35999958962202
21:05:59.516626,95,-1.8197412083904736,1.1020317511303794,1.1904430170244196,-0.41748001115047373,29.639999337494373
21:05:59.516626,95,-1.8649588934659658,1.0788552433186742,1.0882651374561565,0.06972000186215155,29.639999337494373
21:05:59.516626,95,-1.9188434782748407,1.032681253707211,0.9882609365874027,-0.4872000130126253,28.11999937146902
21:05:59.516626,95,-1.969360377338684,1.0598683876497632,0.9616251423060929,-0.3480400092958007,17.879999600350857
21:05:59.516626,95,-2.0190390392792827,1.0065827964732637,0.8571465363912294,-0.5566400148672983,9.759999781847
21:05:59.516626,95,-2.076092423214172,0.9282563059902833,0.7558371563557498,-0.5566400148672983,7.639999829232693
21:05:59.516626,95,-1.7440518373860705,1.1053459789963758,1.2038449143213885,-0.41748001115047373,19.999999552965164
21:05:59.516626,95,-1.7938987776095991,1.1369379957932673,1.1810899169561955,-0.41748001115047373,35.879999198019505
21:05:59.516626,95,-1.8436276481548866,1.0414594264812531,1.0051833697187922,-0.4872000130126253,37.63999915868044
21:05:59.516626,95,-1.8932743854208656,1.0695047113149008,0.9783941208589007,-0.3480400092958007,34.759999223053455
21:05:59.516626,95,-1.943423815709148,1.0191962337179805,0.8756039177534931,-0.3480400092958007,20.87999953329563
21:05:59.516626,95,-1.9932754050201502,1.0453400689740535,0.8467615565238098,-0.4872000130126253,10.359999768435955
21:05:59.516626,95,-2.051306048383413,0.9681252418635238,0.7451543071854267,-0.5566400148672983,7.239999838173389
21:05:59.516626,95,-1.7182298909769478,1.1387901664556417,1.194883571300163,-0.27832000743364915,21.359999522566795
21:05:59.516626,95,-1.7810588711738615,1.1106924123758033,1.1193716918005956,-0.41748001115047373,42.23999905586243
21:05:59.516626,95,-1.817991619116051,1.0768291308516045,0.995706085996229,-0.4872000130126253,47.23999894410372
21:05:59.516626,95,-1.8669480080898964,1.105826880474879,0.9686616249651379,-0.3480400092958007,42.23999905586243
21:05:59.516626,95,-1.9175271834089618,1.056491398905649,0.8656107083598719,-0.3480400092958007,23.999999463558197
21:05:59.516626,95,-1.9667144872113007,1.0835919082763406,0.8365120070737568,-0.4872000130126253,10.759999759495258
21:05:59.516626,95,-2.0175071294206184,0.9962084933478987,0.7127570853325877,-0.5566400148672983,6.7599998489022255
21:05:59.516626,95,-1.7050605355767938,1.1553235270338056,1.1904534706850716,-0.27832000743364915,21.99999950826168
21:05:59.516626,95,-1.750120893451973,1.1357854945949952,1.0898446708012384,-0.41748001115047373,47.51999893784523
21:05:59.516626,95,-1.7916284177016402,1.111696544493628,0.9863633906686868,-0.4872000130126253,57.2399987205863
21:05:59.516626,95,-1.8535041167150408,1.1237954337755467,0.9638469656190682,-0.3480400092958007,49.75999888777733
21:05:59.516626,95,-1.8908635658363862,1.0932788541530059,0.8557535394347466,-0.3480400092958007,26.519999407231808
21:05:59.516626,95,-1.9505002679921346,1.0208555483290545,0.7553135890591944,-0.5566400148672983,10.639999762177467
21:05:59.516626,95,-1.6796121132064827,1.1457374193890448,1.1261817235792744,-0.27832000743364915,21.99999950826168
21:05:59.516626,95,-1.723119656872058,1.1693355396720844,1.0808549633168045,-0.41748001115047373,49.87999888509512
21:05:59.516626,95,-1.7781774113966327,1.1289375260091605,0.9817436835948798,-0.41748001115047373,63.999998569488525
21:05:59.516626,95,-1.8260616503015215,1.1593384937965414,0.9543232313899119,-0.3480400092958007,54.9999987706542
21:05:59.516626,95,-1.8772474585459724,1.1114775841764428,0.8508772044216946,-0.3480400092958007,27.99999937415123
21:05:59.516626,95,-1.9239475400538697,1.0582810870227808,0.7452854461899108,-0.5566400148672983,9.999999776482582
21:05:59.516626,95,-1.6954291954348264,1.20235728591492,1.0720068130783713,-0.41748001115047373,48.35999891906977
21:05:59.516626,95,-1.750743312903311,1.1630254181831396,0.9726098604151832,-0.41748001115047373,64.11999856680632
21:05:59.516626,95,-1.7978887836076958,1.1943443330562054,0.9449434450299112,-0.3480400092958007,55.87999875098467
21:05:59.516626,95,-1.8494534548173405,1.1474759499160412,0.8412314713929292,-0.3480400092958007,27.99999937415123
21:05:59.516626,95,-1.6813289559384792,1.2186659109935445,1.067636930158892,-0.27832000743364915,43.5199990272522
21:05:59.516626,95,-1.7226089404590648,1.1965765422646677,0.9636198638123812,-0.41748001115047373,57.51999871432781
21:05:59.516626,95,-1.7689967854041049,1.2287989496861995,0.9357113583283803,-0.3480400092958007,51.99999883770943
21:05:59.516626,95,-1.8209196943989008,1.182930213109661,0.8317315302019581,-0.3480400092958007,26.6399994045496
21:05:59.516626,95,-1.6526255093100037,1.2508705109840672,1.0590077335988641,-0.27832000743364915,37.119999170303345
21:05:59.516626,95,-1.7082826573654248,1.2131466139861398,0.959179926476087,-0.41748001115047373,47.51999893784523
21:05:59.516626,95,-1.7542847122549403,1.2458152340678352,0.9311518586701428,-0.3480400092958007,44.99999899417162
21:05:59.516626,95,-1.7916575904138656,1.2178261925253766,0.822381180698424,-0.3480400092958007,24.119999460875988
21:05:59.516626,95,-1.6380251724984907,1.2667632654629475,1.054749282870742,-0.27832000743364915,30.759999312460423
21:05:59.516626,95,-1.6791190603733839,1.2458674919897503,0.9504123936393822,-0.41748001115047373,37.75999915599823
21:05:59.516626,95,-1.7311807064677212,1.2033793950522775,0.848089330100323,-0.41748001115047373,37.35999916493893
21:05:59.516626,95,-1.776757055972022,1.2350604550885131,0.8177632739624858,-0.3480400092958007,21.119999527931213
21:05:59.516626,95,-1.6083345718421578,1.298121737236207,1.046346805683223,-0.27832000743364915,25.119999438524246
21:05:59.516626,95,-1.6492838381751722,1.278018466177415,0.9417975660699236,-0.41748001115047373,29.639999337494373
21:05:59.516626,95,-1.7016261967230137,1.2365388680787703,0.8392042760814327,-0.41748001115047373,30.51999931782484
21:05:59.516626,95,-1.746424472245482,1.2690929090385965,0.8086443054101116,-0.41748001115047373,18.23999959230423
21:05:59.516626,95,-1.5899385742604124,1.258895373608205,0.9662726069775154,-0.3480400092958007,20.63999953866005
21:05:59.516626,95,-1.6341180865380491,1.2938762115569007,0.9375484960017122,-0.3480400092958007,23.519999474287033
21:05:59.516626,95,-1.6713910592180892,1.2691207982223838,0.8304739742116043,-0.41748001115047373,24.759999446570873
21:05:59.516626,95,-1.6032978848484032,1.325148290239493,0.9291691677730689,-0.3480400092958007,18.759999580681324
21:05:59.571302,96,-2.0816968879824684,0.6963617481059737,1.190753960608557,-0.6263600167294499,9.759999781847
21:05:59.571302,96,-2.137754551561393,0.7151139558985261,1.1689619108194307,-0.6263600167294499,8.759999804198742
21:05:59.571302,96,-1.9455489765147582,0.9060139067567394,1.460233896978636,-0.41748001115047373,9.359999790787697
21:05:59.571302,96,-1.9958359660780693,0.875730868018791,1.3434569336237636,-0.41748001115047373,9.759999781847
21:05:59.571302,96,-2.0543017019387757,0.7562922594545978,1.1746956284907089,-0.6263600167294499,11.239999748766422
21:05:59.571302,96,-2.109621645183975,0.7766583258558115,1.1524711465906938,-0.6263600167294499,10.119999773800373
21:05:59.571302,96,-2.168939479450836,0.6991377328410691,1.0582826299472328,-0.6263600167294499,5.119999885559082
21:05:59.571302,96,-1.8673115486994407,0.909581895309721,1.4457131993901484,-0.4872000130126253,7.239999838173389
21:05:59.571302,96,-1.922251637293575,0.9363436373161588,1.4294049588326079,-0.41748001115047373,10.519999764859676
21:05:59.571302,96,-1.9751218288214465,0.9140886526547176,1.3331789962071203,-0.41748001115047373,11.119999751448631
21:05:59.571302,96,-2.0350095802446786,0.7957932890733795,1.1641113595041586,-0.6263600167294499,13.239999704062939
21:05:59.571302,96,-2.0898100092061727,0.8172230720234216,1.1416018556139094,-0.6263600167294499,11.879999734461308
21:05:59.571302,96,-2.140396178598495,0.7615798937714655,1.0415513033522787,-0.6263600167294499,5.639999873936176
21:05:59.571302,96,-1.8464984895309897,0.9454557406092503,1.4361008315127406,-0.4872000130126253,7.879999823868275
21:05:59.571302,96,-1.9008262157609395,0.9732729638182446,1.4195097756193487,-0.41748001115047373,11.879999734461308
21:05:59.571302,96,-1.9486014877383622,0.9016329717952951,1.244139708111438,-0.41748001115047373,12.999999709427357
21:05:59.571302,96,-2.004547692008656,0.8543263682524044,1.1484274682076319,-0.6263600167294499,15.75999964773655
21:05:59.571302,96,-2.0585278179315223,0.877332378596453,1.1254956154600708,-0.6263600167294499,13.999999687075615
21:05:59.571302,96,-2.1202955363646248,0.8027363863971366,1.0305234543899326,-0.6263600167294499,6.239999860525131
21:05:59.571302,96,-1.8272283789029815,0.9418807448043501,1.3710941124379434,-0.4872000130126253,8.359999813139439
21:05:59.571302,96,-1.8786404891199986,1.0097810249441235,1.4097274701234432,-0.41748001115047373,13.519999697804451
21:05:59.571302,96,-1.9268823707070997,0.9390685183007754,1.2341088836570768,-0.41748001115047373,15.239999659359455
21:05:59.571302,96,-1.9832358085961144,0.8928466821392386,1.1381059812094612,-0.6263600167294499,18.879999577999115
21:05:59.571302,96,-2.0349825472996477,0.8415668358798529,1.0394698905061874,-0.6263600167294499,16.759999625384808
21:05:59.571302,96,-2.0993468042243495,0.8434963593056487,1.0196018525655823,-0.6263600167294499,6.9999998435378075
21:05:59.571302,96,-1.8054131807959672,0.9769705366891756,1.3616918310398283,-0.4872000130126253,8.879999801516533
21:05:59.571302,96,-1.8585320940116177,1.0057149890420491,1.3429115116135086,-0.41748001115047373,15.519999653100967
21:05:59.571302,96,-1.90439252645343,0.9760770248064548,1.224192484225798,-0.41748001115047373,17.999999597668648
21:05:59.571302,96,-1.9611306573383873,0.9309476057047871,1.1278968695091924,-0.6263600167294499,22.99999948590994
21:05:59.571302,96,-2.0133470876059207,0.8806719999967829,1.0289916933611696,-0.6263600167294499,20.239999547600746
21:05:59.571302,96,-2.066351958902934,0.9038572253869165,1.0034282072446636,-0.6263600167294499,7.879999823868275
21:05:59.571302,96,-1.7797263216077692,1.0041995669810688,1.3324799992784133,-0.4872000130126253,9.359999790787697
21:05:59.571302,96,-1.8353316605584202,1.0413961616181577,1.3333507702367449,-0.41748001115047373,17.639999605715275
21:05:59.571302,96,-1.8811409506147914,1.012643688403832,1.2143944762449805,-0.41748001115047373,21.639999516308308
21:05:59.571302,96,-1.938699407359994,0.8952435441722031,1.0443617973041062,-0.4872000130126253,28.239999368786812
21:05:59.571302,96,-1.9909063159574205,0.9193514062294155,1.0186275776974203,-0.6263600167294499,24.639999449253082
21:05:59.571302,96,-2.043320394827059,0.9435549344059028,0.9927912381716606,-0.6263600167294499,8.999999798834324
21:05:59.571302,96,-1.7565169286565188,1.0383581916806595,1.3233272233756002,-0.4872000130126253,9.879999779164791
21:05:59.571302,96,-1.8081972150793704,1.0689087932035353,1.303418139472126,-0.41748001115047373,20.119999550282955
21:05:59.571302,96,-1.857136943511087,1.048753882915671,1.2047187787870024,-0.41748001115047373,25.999999418854713
21:05:59.571302,96,-1.916071639111635,0.9324790136126699,1.0343845833377392,-0.4872000130126253,34.99999921768904
21:05:59.571302,96,-1.9676692083631988,0.957589583331669,1.0083816890228334,-0.6263600167294499,29.999999329447746
21:05:59.571302,96,-2.0164097765577216,0.9044146337007404,0.9063595547840646,-0.4872000130126253,10.119999773800373
21:05:59.571302,96,-2.068133559734149,0.9276141574081608,0.8783061194561084,-0.4872000130126253,4.999999888241291
21:05:59.571302,96,-1.7326049523851261,1.0720616437428794,1.3142964106133874,-0.4872000130126253,10.119999773800373
21:05:59.571302,96,-1.783581700024786,1.1036038691024503,1.2941216219036753,-0.41748001115047373,22.879999488592148
21:05:59.571302,96,-1.8448557669834216,1.0666332833502865,1.1999280078793946,-0.41748001115047373,31.239999301731586
21:05:59.571302,96,-1.8926774677891727,0.969269930444481,1.0245264868838548,-0.4872000130126253,43.359999030828476
21:05:59.571302,96,-1.9436450593560535,0.995371236543221,0.9982581255560852,-0.6263600167294499,36.35999918729067
21:05:59.571302,96,-1.9928750021907116,0.9431426409046604,0.8959824165293075,-0.4872000130126253,11.519999742507935
21:05:59.571302,96,-2.04880793722021,0.8662516842876504,0.7967395695758197,-0.4872000130126253,5.239999882876873
21:05:59.571302,96,-1.720388473527993,1.0887384599843,1.3098278711691764,-0.4872000130126253,10.239999771118164
21:05:59.571302,96,-1.771005787611326,1.1207713510618706,1.2895216089765729,-0.41748001115047373,25.63999942690134
21:05:59.571302,96,-1.8145384403726883,1.0496876459090114,1.1129145198267048,-0.4872000130126253,37.51999916136265
21:05:59.571302,96,-1.868526250748799,1.0056015787921,1.014791451049419,-0.4872000130126253,52.999998815357685
21:05:59.571302,96,-1.9188434782748407,1.032681253707211,0.9882609365874027,-0.6263600167294499,42.9999990388751
21:05:59.571302,96,-1.9685431044297712,0.9814082761581457,0.8857291704652723,-0.4872000130126253,12.759999714791775
21:05:59.571302,96,-2.0254364888836496,0.905607174404254,0.7861942977813448,-0.4872000130126253,5.359999880194664
21:05:59.571302,96,-1.6979086955030733,1.0818026425648513,1.2461866240331163,-0.41748001115047373,10.239999771118164
21:05:59.571302,96,-1.7453239407898395,1.1547376195032433,1.2804203747778082,-0.41748001115047373,28.239999368786812
21:05:59.571302,96,-1.7893069028677953,1.0844992784362477,1.1035867710038227,-0.4872000130126253,44.11999901384115
21:05:59.571302,96,-1.8436276481548866,1.0414594264812531,1.0051833697187922,-0.4872000130126253,62.5199986025691
21:05:59.571302,96,-1.8935722263981458,0.9930523984619073,0.9044462789831762,-0.4872000130126253,48.63999891281128
21:05:59.571302,96,-1.943423815709148,1.0191962337179805,0.8756039177534931,-0.4872000130126253,13.999999687075615
21:05:59.571302,96,-2.0012548929932117,0.9445033220842325,0.7757721064218128,-0.4872000130126253,5.359999880194664
21:05:59.571302,96,-1.7219862117321947,1.147148769555822,1.215026973497897,-0.41748001115047373,30.23999932408333
21:05:59.571302,96,-1.7764221050404336,1.101720570253756,1.0989723397687008,-0.4872000130126253,49.99999888241291
21:05:59.571302,96,-1.817991619116051,1.0768291308516045,0.995706085996229,-0.4872000130126253,69.35999844968319
21:05:59.571302,96,-1.868339879606623,1.0293908895349575,0.8947094096459869,-0.4872000130126253,51.639998845756054
21:05:59.571302,96,-1.9175271834089618,1.056491398905649,0.8656107083598719,-0.4872000130126253,14.759999670088291
21:05:59.571302,96,-1.9762728218644012,0.9829245693878188,0.7654771642346205,-0.4872000130126253,5.359999880194664
21:05:59.571302,96,-1.7050605355767938,1.1553235270338056,1.1904534706850716,-0.41748001115047373,31.359999299049377
21:05:59.571302,96,-1.750120893451973,1.1357854945949952,1.0898446708012384,-0.4872000130126253,53.51999880373478
21:05:59.571302,96,-1.8049002626659054,1.0943265004444918,0.9910176799441459,-0.4872000130126253,70.63999842107296
21:05:59.571302,96,-1.8423602218075303,1.065234694150906,0.8851050911454845,-0.4872000130126253,50.87999886274338
21:05:59.571302,96,-1.8908635658363862,1.0932788541530059,0.8557535394347466,-0.4872000130126253,14.999999664723873
21:05:59.571302,96,-1.6782116448761424,1.1880045154414953,1.1816966262333801,-0.27832000743364915,31.239999301731586
21:05:59.571302,96,-1.723119656872058,1.1693355396720844,1.0808549633168045,-0.4872000130126253,53.51999880373478
21:05:59.571302,96,-1.7680325936931653,1.0717095889223218,0.9051209771931861,-0.4872000130126253,65.87999852746725
21:05:59.571302,96,-1.8290933870654764,1.082966600824862,0.8803538410719338,-0.4872000130126253,46.759998954832554
21:05:59.571302,96,-1.8772474585459724,1.1114775841764428,0.8508772044216946,-0.4872000130126253,14.759999670088291
21:05:59.571302,96,-1.7093598934320622,1.185913280678851,1.0764129710017092,-0.27832000743364915,49.99999888241291
21:05:59.571302,96,-1.7547587377248985,1.0887235059631262,0.9005621118620126,-0.4872000130126253,57.2399987205863
21:05:59.571302,96,-1.8020123391254834,1.1180415572029963,0.870955534835856,-0.4872000130126253,40.759999088943005
21:05:59.571302,96,-1.6760370167642429,1.1642262681470186,0.9916391173340169,-0.4872000130126253,44.11999901384115
21:05:59.571302,96,-1.727685947499231,1.1223624591179366,0.8915485815299529,-0.4872000130126253,47.63999893516302
21:05:59.571302,96,-1.774210510308571,1.1525863680405397,0.8616992806692503,-0.4872000130126253,34.35999923199415
21:05:59.571302,96,-1.662098054639046,1.180348356523168,0.9873192167733245,-0.4872000130126253,37.51999916136265
21:05:59.571302,96,-1.6999221059609608,1.1554717134393668,0.8826769835725288,-0.4872000130126253,38.87999913096428
21:05:59.571302,96,-1.7476938787978764,1.1089845107904046,0.7802761545535872,-0.4872000130126253,28.639999359846115
21:05:59.571302,96,-1.6337229156550181,1.2121846029671597,0.9787887202486187,-0.4872000130126253,31.239999301731586
21:05:59.571302,96,-1.6857845006373502,1.1718235565972126,0.8782955204036238,-0.4872000130126253,31.63999929279089
21:05:59.571302,96,-1.6046943093166215,1.2434663533388934,0.9704068004986808,-0.4872000130126253,25.879999421536922
21:05:59.571302,96,-1.8682015666859215,1.2599036212613042,-0.033148210629112995,-0.06972000186215155,4.999999888241291
21:05:59.571302,96,-1.871014842716779,1.3225503373905894,-0.08513044558968152,-0.06972000186215155,6.5199998542666435
21:05:59.624783,97,-1.9342234926963224,0.8889405438734961,-0.2999828182935919,-0.5566400148672983,9.519999787211418
21:05:59.624783,97,-1.9911322662341957,0.9150949755050805,-0.3088089205180691,-0.41748001115047373,12.999999709427357
21:05:59.624783,97,-2.0441113751869184,0.9147971838792737,-0.40751607685639957,-0.41748001115047373,12.759999714791775
21:05:59.624783,97,-2.1021768937177563,0.8907601227968585,-0.5105482162204946,-0.6263600167294499,11.639999739825726
21:05:59.624783,97,-1.9162332109614122,0.903990190373548,-0.36369976413072647,-0.5566400148672983,10.639999762177467
21:05:59.624783,97,-1.9627875930434142,0.9744082206285039,-0.3088089205180691,-0.41748001115047373,14.6399996727705
21:05:59.624783,97,-2.0254078429938462,0.9554937317120504,-0.40751607685639957,-0.41748001115047373,14.51999967545271
21:05:59.624783,97,-2.0839424579707257,0.9326227108069135,-0.5105482162204946,-0.6263600167294499,13.239999704062939
21:05:59.624783,97,-2.1392123865850996,0.8316821364945146,-0.7099873148359668,-0.6263600167294499,8.119999818503857
21:05:59.624783,97,-1.8882553333934484,0.9610617976978816,-0.36369976413072647,-0.5566400148672983,11.999999731779099
21:05:59.624783,97,-1.9429081838353432,1.0134664794748836,-0.3088089205180691,-0.41748001115047373,16.759999625384808
21:05:59.624783,97,-1.9958359660780693,1.015816911806072,-0.40751607685639957,-0.41748001115047373,16.759999625384808
21:05:59.624783,97,-2.0543017019387757,0.9441267149826794,-0.6014399665796253,-0.6263600167294499,15.359999656677246
21:05:59.624783,97,-2.113303092114218,0.8954746517594365,-0.7099873148359668,-0.6263600167294499,9.239999793469906
21:05:59.624783,97,-1.8686577407975389,0.9986321799544243,-0.36369976413072647,-0.5566400148672983,13.35999970138073
21:05:59.624783,97,-1.9236374370903377,1.0280139617346857,-0.3744005479806013,-0.41748001115047373,19.239999569952488
21:05:59.624783,97,-1.9751218288214465,1.0555278125729466,-0.40751607685639957,-0.41748001115047373,19.63999956101179
21:05:59.624783,97,-2.0350095802446786,0.9850211900486774,-0.6014399665796253,-0.6263600167294499,17.879999600350857
21:05:59.624783,97,-2.085491967589125,0.9584613003165229,-0.7099873148359668,-0.6263600167294499,10.639999762177467
21:05:59.624783,97,-2.1403744523857893,0.9069456598710023,-0.8222958188371752,-0.6263600167294499,5.239999882876873
21:05:59.624783,97,-1.8450475933529344,1.0339733359390946,-0.384868835243073,-0.5566400148672983,14.999999664723873
21:05:59.624783,97,-1.902693814326837,1.0662785488882907,-0.3744005479806013,-0.41748001115047373,22.359999500215054
21:05:59.624783,97,-1.9536176692032177,1.0948165163071817,-0.40751607685639957,-0.41748001115047373,23.11999948322773
21:05:59.624783,97,-2.004547692008656,1.0456190926887792,-0.6014399665796253,-0.6263600167294499,21.119999527931213
21:05:59.624783,97,-2.065906935462237,0.9999766722740224,-0.7099873148359668,-0.6263600167294499,12.23999972641468
21:05:59.624783,97,-2.12180868822805,0.9495689111089181,-0.8222958188371752,-0.6263600167294499,5.759999871253967
21:05:59.624783,97,-1.824000508497802,1.0706650392023802,-0.384868835243073,-0.5566400148672983,16.759999625384808
21:05:59.624783,97,-1.8809891394405387,1.1041166388582633,-0.3744005479806013,-0.41748001115047373,26.119999416172504
21:05:59.624783,97,-1.9313320886001262,1.1336673080518285,-0.40751607685639957,-0.41748001115047373,27.759999379515648
21:05:59.624783,97,-1.9832358085961144,1.0854982561177384,-0.6014399665796253,-0.6263600167294499,25.239999435842037
21:05:59.624783,97,-2.0349825472996477,1.0614946270561318,-0.7099873148359668,-0.6263600167294499,14.359999679028988
21:05:59.624783,97,-2.0923711521409167,1.0127863486802657,-0.8222958188371752,-0.6263600167294499,6.239999860525131
21:05:59.624783,97,-1.8022238477915666,1.1069284907444723,-0.384868835243073,-0.5566400148672983,18.519999586045742
21:05:59.624783,97,-1.8552489243692227,1.1394965693766796,-0.3961924560497363,-0.41748001115047373,30.63999931514263
21:05:59.624783,97,-1.9085558280062778,1.1461118822944611,-0.4745068591128643,-0.41748001115047373,33.639999248087406
21:05:59.624783,97,-1.9611306573383873,1.124943234736776,-0.6014399665796253,-0.6263600167294499,30.63999931514263
21:05:59.624783,97,-2.0133470876059207,1.1019792719974166,-0.7099873148359668,-0.6263600167294499,16.99999962002039
21:05:59.624783,97,-2.0716983157119953,1.054428430506639,-0.8222958188371752,-0.6263600167294499,6.7599998489022255
21:05:59.624783,97,-1.7797263216077692,1.1427491856689085,-0.384868835243073,-0.5566400148672983,20.359999544918537
21:05:59.624783,97,-1.8320894753892283,1.176371181711964,-0.3961924560497363,-0.41748001115047373,35.999999195337296
21:05:59.624783,97,-1.885253420566249,1.1840512385857882,-0.4745068591128643,-0.41748001115047373,41.23999907821417
21:05:59.624783,97,-1.9382410800008498,1.1639382510810765,-0.6014399665796253,-0.6263600167294499,37.51999916136265
21:05:59.624783,97,-1.9909063159574205,1.1420231399424665,-0.7099873148359668,-0.6263600167294499,20.119999550282955
21:05:59.624783,97,-2.0501968276161073,1.095648755038521,-0.8222958188371752,-0.6263600167294499,7.239999838173389
21:05:59.624783,97,-1.7577630379620597,1.1536325753590044,-0.44813668111054583,-0.5566400148672983,21.99999950826168
21:05:59.624783,97,-1.8081972150793704,1.212775261280337,-0.3961924560497363,-0.41748001115047373,42.119999058544636
21:05:59.624783,97,-1.857136943511087,1.218852387191503,-0.49674519220854924,-0.41748001115047373,51.11999885737896
21:05:59.624783,97,-1.914576232108838,1.202467707664726,-0.6014399665796253,-0.6263600167294499,46.23999896645546
21:05:59.624783,97,-1.9676692083631988,1.1816102138787317,-0.7099873148359668,-0.6263600167294499,23.879999466240406
21:05:59.624783,97,-2.0164097765577216,1.1566524280815966,-0.8222958188371752,-0.6263600167294499,7.759999826550484
21:05:59.624783,97,-1.7343403842428806,1.1885547728814672,-0.44813668111054583,-0.5566400148672983,23.23999948054552
21:05:59.624783,97,-1.783581700024786,1.2486942469360038,-0.3961924560497363,-0.41748001115047373,48.75999891012907
21:05:59.624783,97,-1.8448557669834216,1.237362504581474,-0.49674519220854924,-0.41748001115047373,63.75999857485294
21:05:59.624783,97,-1.8901455792855584,1.2405161932194988,-0.6014399665796253,-0.6263600167294499,57.2399987205863
21:05:59.624783,97,-1.9436450593560535,1.2207246595051657,-0.7099873148359668,-0.6263600167294499,28.11999937146902
21:05:59.624783,97,-1.9928750021907116,1.196746611454565,-0.8222958188371752,-0.6263600167294499,7.999999821186066
21:05:59.624783,97,-1.7186111642998003,1.203208058005599,-0.4691391441846584,-0.5566400148672983,23.879999466240406
21:05:59.624783,97,-1.7730438837140132,1.2413166703425977,-0.46132177011170505,-0.41748001115047373,55.11999876797199
21:05:59.624783,97,-1.8197412083904736,1.274009695097218,-0.49674519220854924,-0.41748001115047373,78.75999823957682
21:05:59.624783,97,-1.8649588934659658,1.2780684888591598,-0.6014399665796253,-0.6263600167294499,69.99999843537807
21:05:59.624783,97,-1.9188434782748407,1.2593508315657358,-0.7099873148359668,-0.6263600167294499,32.239999279379845
21:05:59.624783,97,-1.9685431044297712,1.2363621121607589,-0.8222958188371752,-0.6263600167294499,8.119999818503857
21:05:59.624783,97,-1.6942048971625416,1.2373373555081821,-0.4691391441846584,-0.3480400092958007,23.999999463558197
21:05:59.624783,97,-1.747864608976998,1.2765269281655562,-0.46132177011170505,-0.41748001115047373,60.11999865621328
21:05:59.624783,97,-1.7938987776095991,1.3101472987442724,-0.49674519220854924,-0.41748001115047373,94.35999789088964
21:05:59.624783,97,-1.8390262489881197,1.3151095741668153,-0.6014399665796253,-0.6263600167294499,82.87999814748764
21:05:59.624783,97,-1.8932743854208656,1.2974732801073177,-0.7099873148359668,-0.6263600167294499,35.759999200701714
21:05:59.624783,97,-1.943423815709148,1.275483084528803,-0.8222958188371752,-0.6263600167294499,7.999999821186066
21:05:59.624783,97,-1.6691209706858081,1.2709717345882974,-0.4691391441846584,-0.3480400092958007,23.35999947786331
21:05:59.624783,97,-1.7182298909769478,1.3083662977759747,-0.48294216819660385,-0.3480400092958007,62.5199986025691
21:05:59.624783,97,-1.7673388112680875,1.3457608609636524,-0.49674519220854924,-0.3480400092958007,106.51999761909246
21:05:59.624783,97,-1.8257834221821394,1.333433774815012,-0.6014399665796253,-0.3480400092958007,92.51999793201685
21:05:59.624783,97,-1.8669480080898964,1.3350767566594688,-0.7099873148359668,-0.6263600167294499,37.75999915599823
21:05:59.624783,97,-1.9175271834089618,1.3140938806920555,-0.8222958188371752,-0.6263600167294499,7.639999829232693
21:05:59.624783,97,-1.7050605355767938,1.3254828921646788,-0.48294216819660385,-0.3480400092958007,61.359998628497124
21:05:59.624783,97,-1.7537930610513677,1.3633666666470179,-0.49674519220854924,-0.3480400092958007,109.87999754399061
21:05:59.624783,97,-1.7987513806615665,1.3696803302598182,-0.6014399665796253,-0.3480400092958007,94.99999787658453
21:05:59.624783,97,-1.8423602218075303,1.3174937378388845,-0.8012027597105601,-0.6263600167294499,37.51999916136265
21:05:59.624783,97,-1.6782116448761424,1.359316741015418,-0.48294216819660385,-0.3480400092958007,57.2399987205863
21:05:59.624783,97,-1.7261767992089108,1.398167524508064,-0.49674519220854924,-0.3480400092958007,102.8799977004528
21:05:59.624783,97,-1.770999862603923,1.4053790318591712,-0.6014399665796253,-0.3480400092958007,89.35999800264835
21:05:59.624783,97,-1.8156436445171318,1.3540749950678193,-0.8012027597105601,-0.3480400092958007,35.35999920964241
21:05:59.624783,97,-1.6506914919234046,1.3926068813180377,-0.48294216819660385,-0.3480400092958007,50.99999886006117
21:05:59.624783,97,-1.6954291954348264,1.4015702653927515,-0.5851796212553418,-0.3480400092958007,88.7599980160594
21:05:59.624783,97,-1.750743312903311,1.389304422928826,-0.6913695413355855,-0.3480400092958007,78.11999825388193
21:05:59.624783,97,-1.8020123391254834,1.3721634253188908,-0.8012027597105601,-0.3480400092958007,31.87999928742647
21:05:59.624783,97,-1.6346099854988927,1.3790397086402164,-0.5689192759310583,-0.3480400092958007,44.11999901384115
21:05:59.624783,97,-1.6813289559384792,1.41845419647189,-0.5851796212553418,-0.3480400092958007,72.75999837368727
21:05:59.624783,97,-1.7226089404590648,1.4240391025164152,-0.6913695413355855,-0.3480400092958007,65.11999854445457
21:05:59.624783,97,-1.774210510308571,1.4079268451357716,-0.8012027597105601,-0.3480400092958007,27.99999937415123
21:05:59.624783,97,-1.6067041195400498,1.4114539294472972,-0.5689192759310583,-0.3480400092958007,37.63999915868044
21:05:59.624783,97,-1.6526255093100037,1.451794851741713,-0.5851796212553418,-0.3480400092958007,58.35999869555235
21:05:59.624783,97,-1.7082826573654248,1.441193703077342,-0.6913695413355855,-0.3480400092958007,53.119998812675476
21:05:59.624783,97,-1.7456990209750836,1.4431271130118795,-0.8012027597105601,-0.3480400092958007,24.119999460875988
21:05:59.624783,97,-1.592509481269263,1.4274501303956946,-0.5689192759310583,-0.3480400092958007,31.75999929010868
21:05:59.624783,97,-1.6380251724984907,1.4682482418948033,-0.5851796212553418,-0.3480400092958007,46.63999895751476
21:05:59.624783,97,-1.6791190603733839,1.4750688486765842,-0.6913695413355855,-0.3480400092958007,43.119999036192894
21:05:59.624783,97,-1.6083345718421578,1.5007129207757208,-0.5851796212553418,-0.3480400092958007,37.51999916136265
21:05:59.624783,97,-1.6492838381751722,1.5083539864300528,-0.6913695413355855,-0.3480400092958007,35.11999921500683
21:05:59.624783,97,-1.5932472770325286,1.5167209630628582,-0.5851796212553418,-0.3480400092958007,30.51999931782484
21:05:59.624783,97,-1.7586840147898395,1.9260806406379374,-1.6717801331532574,0.06972000186215155,5.359999880194664
21:05:59.702985,98,-1.9885092822386812,0.8425954912372079,-0.48294216819660385,-0.5566400148672983,10.239999771118164
21:05:59.702985,98,-2.0453430879782184,0.8666778070170331,-0.49674519220854924,-0.5566400148672983,12.359999723732471
21:05:59.702985,98,-2.1021768937177563,0.8907601227968585,-0.5105482162204946,-0.5566400148672983,12.759999714791775
21:05:59.702985,98,-1.9062545761940946,0.8760864430206602,-0.4691391441846584,-0.41748001115047373,9.999999776482582
21:05:59.702985,98,-1.9712608076465985,0.8821945112270569,-0.48294216819660385,-0.5566400148672983,11.879999734461308
21:05:59.702985,98,-2.027601632808662,0.9074086110169852,-0.49674519220854924,-0.5566400148672983,14.119999684393406
21:05:59.702985,98,-2.0816968879824684,0.8820820841036529,-0.6014399665796253,-0.5566400148672983,14.6399996727705
21:05:59.702985,98,-2.137754551561393,0.9058355234276666,-0.6176360417642871,-0.5566400148672983,8.879999801516533
21:05:59.702985,98,-1.8883527776271374,0.9140337806303417,-0.4691391441846584,-0.41748001115047373,11.519999742507935
21:05:59.702985,98,-1.9439119418020023,0.940926506121617,-0.48294216819660385,-0.5566400148672983,13.879999689757824
21:05:59.702985,98,-2.003979347086335,0.9209993040808687,-0.5631532766773335,-0.5566400148672983,16.239999637007713
21:05:59.702985,98,-2.0543017019387757,0.9441267149826794,-0.6014399665796253,-0.5566400148672983,16.759999625384808
21:05:59.702985,98,-2.109621645183975,0.96955094368279,-0.6176360417642871,-0.5566400148672983,9.999999776482582
21:05:59.702985,98,-1.8696956631605943,0.9516155169310686,-0.4691391441846584,-0.41748001115047373,13.119999706745148
21:05:59.702985,98,-1.9247058972319548,0.9796139732380299,-0.48294216819660385,-0.5566400148672983,16.359999634325504
21:05:59.702985,98,-1.9851598068990493,0.9608920244952334,-0.5631532766773335,-0.5566400148672983,18.879999577999115
21:05:59.702985,98,-2.0350095802446786,0.9850211900486774,-0.6014399665796253,-0.5566400148672983,19.35999956727028
21:05:59.702985,98,-2.0898100092061727,1.011546659154498,-0.6176360417642871,-0.5566400148672983,11.519999742507935
21:05:59.702985,98,-1.850290695391161,0.988816619730076,-0.4691391441846584,-0.41748001115047373,15.239999659359455
21:05:59.702985,98,-1.901108326483717,0.9916626934673121,-0.54750497585368,-0.5566400148672983,19.35999956727028
21:05:59.702985,98,-1.9503533592368896,1.0173500575904397,-0.5851796212553418,-0.5566400148672983,21.99999950826168
21:05:59.702985,98,-2.004547692008656,1.0456190926887792,-0.6014399665796253,-0.5566400148672983,22.519999496638775
21:05:59.702985,98,-2.0585278179315223,1.0737763924705246,-0.6176360417642871,-0.5566400148672983,13.239999704062939
21:05:59.702985,98,-1.8271380824409365,1.0000602014038436,-0.5318566750300264,-0.41748001115047373,17.519999608397484
21:05:59.702985,98,-1.8808961862736562,1.029483998468057,-0.54750497585368,-0.5566400148672983,23.35999947786331
21:05:59.702985,98,-1.9296176573271664,1.0561510602641597,-0.5851796212553418,-0.5566400148672983,25.999999418854713
21:05:59.702985,98,-1.9832358085961144,1.0854982561177384,-0.6014399665796253,-0.5566400148672983,26.239999413490295
21:05:59.702985,98,-2.036642030413407,1.1147294551497613,-0.6176360417642871,-0.5566400148672983,15.239999659359455
21:05:59.702985,98,-1.8067727968273708,1.0364005207362836,-0.5318566750300264,-0.41748001115047373,19.879999555647373
21:05:59.702985,98,-1.8550896108954267,1.064115998492193,-0.5689192759310583,-0.5566400148672983,28.239999368786812
21:05:59.702985,98,-1.9081101341169069,1.0945296166144844,-0.5851796212553418,-0.5566400148672983,30.63999931514263
21:05:59.702985,98,-1.9611306573383873,1.124943234736776,-0.6014399665796253,-0.5566400148672983,30.759999312460423
21:05:59.702985,98,-2.0139416132744072,1.1552366409297306,-0.6176360417642871,-0.5566400148672983,17.519999608397484
21:05:59.702985,98,-1.7810360169830421,1.0695346250316495,-0.5526589306067747,-0.41748001115047373,22.359999500215054
21:05:59.702985,98,-1.8334377046556447,1.1010025003814587,-0.5689192759310583,-0.41748001115047373,33.99999924004078
21:05:59.702985,98,-1.8858393923282473,1.1324703757312677,-0.5851796212553418,-0.5566400148672983,36.23999918997288
21:05:59.702985,98,-1.9382410800008498,1.1639382510810765,-0.6014399665796253,-0.4872000130126253,35.879999198019505
21:05:59.702985,98,-1.990435646378304,1.195281747476934,-0.6176360417642871,-0.4872000130126253,19.999999552965164
21:05:59.702985,98,-1.75929055566402,1.1049390701227806,-0.5526589306067747,-0.41748001115047373,24.51999945193529
21:05:59.702985,98,-1.8110524478122927,1.1374486159700956,-0.5689192759310583,-0.41748001115047373,40.759999088943005
21:05:59.702985,98,-1.8628143399605652,1.1699581618174109,-0.5851796212553418,-0.4872000130126253,42.63999904692173
21:05:59.702985,98,-1.914576232108838,1.202467707664726,-0.6014399665796253,-0.4872000130126253,41.51999907195568
21:05:59.702985,98,-1.9661335317980266,1.234848757283396,-0.6176360417642871,-0.4872000130126253,22.639999493956566
21:05:59.702985,98,-1.736841401611083,1.139901554337943,-0.5526589306067747,-0.41748001115047373,25.879999421536922
21:05:59.702985,98,-1.7879427941692416,1.1734397672984618,-0.5689192759310583,-0.41748001115047373,47.51999893784523
21:05:59.702985,98,-1.8390441867274,1.2069779802589802,-0.5851796212553418,-0.41748001115047373,49.359998896718025
21:05:59.702985,98,-1.8901455792855584,1.2405161932194988,-0.6014399665796253,-0.4872000130126253,47.23999894410372
21:05:59.702985,98,-1.9410449900549496,1.273921844073454,-0.6176360417642871,-0.4872000130126253,24.999999441206455
21:05:59.702985,98,-1.7136975341861336,1.1744080931502368,-0.5526589306067747,-0.41748001115047373,26.119999416172504
21:05:59.702985,98,-1.764117987279411,1.2089615583865445,-0.5689192759310583,-0.41748001115047373,52.879998818039894
21:05:59.702985,98,-1.8145384403726883,1.243515023622852,-0.5851796212553418,-0.41748001115047373,55.519998759031296
21:05:59.702985,98,-1.8649588934659658,1.2780684888591598,-0.6014399665796253,-0.4872000130126253,52.23999883234501
21:05:59.702985,98,-1.915180056230811,1.3124853791340592,-0.6176360417642871,-0.4872000130126253,26.75999940186739
21:05:59.702985,98,-1.7018679650919817,1.1914860625815509,-0.5526589306067747,-0.41748001115047373,25.359999433159828
21:05:59.702985,98,-1.739587556747471,1.2439997809921617,-0.5689192759310583,-0.41748001115047373,55.11999876797199
21:05:59.702985,98,-1.7893069028677953,1.2795546775794886,-0.5851796212553418,-0.41748001115047373,59.8799986615777
21:05:59.702985,98,-1.8520851747099387,1.2966538636630018,-0.6014399665796253,-0.41748001115047373,55.519998759031296
21:05:59.702985,98,-1.8990362085941257,1.301421895093912,-0.6870002385223777,-0.41748001115047373,27.639999382197857
21:05:59.702985,98,-1.6776994707570223,1.2252828627521144,-0.5526589306067747,-0.41748001115047373,23.639999471604824
21:05:59.702985,98,-1.727060787898728,1.2613331667730803,-0.5689192759310583,-0.41748001115047373,53.35999880731106
21:05:59.702985,98,-1.7764221050404336,1.2973834707940461,-0.5851796212553418,-0.41748001115047373,61.11999863386154
21:05:59.702985,98,-1.8257834221821394,1.333433774815012,-0.6014399665796253,-0.41748001115047373,55.99999874830246
21:05:59.702985,98,-1.8669480080898964,1.3350767566594688,-0.7099873148359668,-0.41748001115047373,27.359999388456345
21:05:59.702985,98,-1.7014904062423795,1.2956198208441876,-0.5689192759310583,-0.41748001115047373,48.239998921751976
21:05:59.702985,98,-1.750120893451973,1.3326500755520028,-0.5851796212553418,-0.41748001115047373,58.87999868392944
21:05:59.702985,98,-1.7987513806615665,1.3696803302598182,-0.6014399665796253,-0.41748001115047373,53.87999879568815
21:05:59.702985,98,-1.8398748764813808,1.3721462203336139,-0.7099873148359668,-0.41748001115047373,26.119999416172504
21:05:59.702985,98,-1.675239451140193,1.3293882442848242,-0.5689192759310583,-0.41748001115047373,41.51999907195568
21:05:59.702985,98,-1.723119656872058,1.3673836380719977,-0.5851796212553418,-0.41748001115047373,53.75999879837036
21:05:59.702985,98,-1.7699186593529037,1.3759024119936634,-0.6689852478764216,-0.41748001115047373,49.51999889314175
21:05:59.702985,98,-1.6611181624570819,1.3181822789783701,-0.6328122904682714,-0.41748001115047373,34.759999223053455
21:05:59.702985,98,-1.7085947660609728,1.3558573938203864,-0.6508987691723465,-0.41748001115047373,47.11999894678593
21:05:59.702985,98,-1.7560713696648638,1.3935325086624026,-0.6689852478764216,-0.41748001115047373,43.87999901920557
21:05:59.702985,98,-1.629465093069421,1.3470393391189683,-0.6539862342276772,-0.41748001115047373,28.639999359846115
21:05:59.702985,98,-1.6811377190168046,1.3897558478694507,-0.6508987691723465,-0.41748001115047373,40.23999910056591
21:05:59.702985,98,-1.7226089404590648,1.4240391025164152,-0.6913695413355855,-0.41748001115047373,38.1199991479516
21:05:59.702985,98,-1.6159134519126672,1.363266366706629,-0.6539862342276772,-0.41748001115047373,23.639999471604824
21:05:59.702985,98,-1.662098054639046,1.4022300348919856,-0.6726778877816313,-0.41748001115047373,33.99999924004078
21:05:59.702985,98,0.17056993952092817,0.06241686646281419,-0.17612222061204827,2.7137600724818185,5.519999876618385
21:05:59.732307,99,-1.9788447395698032,0.6215898602462343,1.434999961214321,-0.5566400148672983,15.239999659359455
21:05:59.732307,99,-1.8980219223080592,0.6586334940569016,1.436797224347173,-0.5566400148672983,13.999999687075615
21:05:59.732307,99,-1.9555584124043854,0.6785992589737955,1.419724338864287,-0.5566400148672983,17.519999608397484
21:05:59.732307,99,-2.0128885928751217,0.6309099647754352,1.33096966119213,-0.5566400148672983,15.359999656677246
21:05:59.732307,99,-1.8737126345205957,0.7132858290970647,1.422153175308686,-0.5566400148672983,15.999999642372131
21:05:59.732307,99,-1.935898422871383,0.6763651336987889,1.354823277115064,-0.5566400148672983,20.119999550282955
21:05:59.732307,99,-1.9885092822386812,0.6888901152883575,1.3154339266851576,-0.5566400148672983,17.759999603033066
21:05:59.732307,99,-2.0453430879782184,0.7085793605626406,1.2958682673371398,-0.4872000130126253,12.519999720156193
21:05:59.732307,99,-2.1021768937177563,0.7282686058369238,1.2763026079891218,-0.4872000130126253,7.1199998408555984
21:05:59.732307,99,-1.8542134645910349,0.7105584026505054,1.3593114268923583,-0.5566400148672983,18.11999959498644
21:05:59.732307,99,-1.9104219484805065,0.7320982152398389,1.3398896429244416,-0.5566400148672983,23.23999948054552
21:05:59.732307,99,-1.9623404475485668,0.7461378244981015,1.300094449233875,-0.5566400148672983,20.63999953866005
21:05:59.732307,99,-2.027601632808662,0.7479222960717125,1.2853263595396143,-0.4872000130126253,14.6399996727705
21:05:59.732307,99,-2.0839424579707257,0.768704760751135,1.2654677729348391,-0.4872000130126253,7.999999821186066
21:05:59.732307,99,-1.8368003885214568,0.7462120463753925,1.349758061849048,-0.5566400148672983,20.239999547600746
21:05:59.732307,99,-1.8883527776271374,0.7614666894933968,1.3102770342146954,-0.5566400148672983,26.75999940186739
21:05:59.732307,99,-1.9439119418020023,0.783870582090423,1.2899839873088133,-0.5566400148672983,24.119999460875988
21:05:59.732307,99,-1.9987622351092702,0.7358453753295697,1.197008302779216,-0.4872000130126253,17.359999611973763
21:05:59.732307,99,-2.0543017019387757,0.7562922594545978,1.1746956284907089,-0.4872000130126253,9.119999796152115
21:05:59.732307,99,-1.8186526168196577,0.7815221872451151,1.3402967381183766,-0.5566400148672983,21.99999950826168
21:05:59.732307,99,-1.8696956631605943,0.7977678591830543,1.3005501651120466,-0.5566400148672983,30.35999932140112
21:05:59.732307,99,-1.9247058972319548,0.8212398057318754,1.279970934012308,-0.5566400148672983,28.359999366104603
21:05:59.732307,99,-1.9799916892634961,0.7742784673021073,1.1867101868225436,-0.4872000130126253,20.87999953329563
21:05:59.732307,99,-2.0350095802446786,0.7957932890733795,1.1641113595041586,-0.4872000130126253,10.519999764859676
21:05:59.732307,99,-1.7364775175026512,0.8462217026279706,1.3982561902480883,-0.5566400148672983,6.239999860525131
21:05:59.732307,99,-1.7861645268165152,0.8264721342782573,1.3071488197581616,-0.5566400148672983,23.23999948054552
21:05:59.732307,99,-1.850290695391161,0.83370136514305,1.2909218112088467,-0.5566400148672983,33.87999924272299
21:05:59.732307,99,-1.9047299959998323,0.8582305482319198,1.2700592944319935,-0.5566400148672983,33.11999925971031
21:05:59.732307,99,-1.9503533592368896,0.8312290642165143,1.1714503203708577,-0.4872000130126253,25.119999438524246
21:05:59.732307,99,-2.004547692008656,0.8543263682524044,1.1484274682076319,-0.4872000130126253,12.23999972641468
21:05:59.732307,99,-1.7164580481888922,0.8418837617969617,1.3377731115428253,-0.5566400148672983,6.11999986320734
21:05:59.732307,99,-1.7662559325558984,0.8607870240239728,1.2979541727624342,-0.5566400148672983,23.639999471604824
21:05:59.732307,99,-1.819798078606299,0.886880855449574,1.276672409727315,-0.5566400148672983,36.63999918103218
21:05:59.732307,99,-1.883992228199428,0.8948280137874212,1.260253033091371,-0.5566400148672983,38.519999139010906
21:05:59.732307,99,-1.9296176573271664,0.8687079547849719,1.1614078819098252,-0.4872000130126253,30.51999931782484
21:05:59.732307,99,-1.9832358085961144,0.8928466821392386,1.1381059812094612,-0.4872000130126253,14.119999684393406
21:05:59.732307,99,-1.6964241972602752,0.8748507709973276,1.328939628050718,-0.5566400148672983,6.11999986320734
21:05:59.732307,99,-1.7456408595036053,0.8947104721619626,1.2888644122293806,-0.5566400148672983,23.11999948322773
21:05:59.732307,99,-1.7985580818202136,0.9218326563767933,1.2673071028948533,-0.5566400148672983,38.239999145269394
21:05:59.732307,99,-1.8599317127009984,0.8888352933200699,1.1950184407932947,-0.5566400148672983,43.75999902188778
21:05:59.732307,99,-1.9081101341169069,0.9057787935394408,1.151474780602821,-0.4872000130126253,36.75999917834997
21:05:59.732307,99,-1.9611306573383873,0.9309476057047871,1.1278968695091924,-0.4872000130126253,16.359999634325504
21:05:59.732307,99,-1.6720564210132352,0.9000906502199023,1.3017127398408155,-0.5566400148672983,5.879999868571758
21:05:59.732307,99,-1.7243275534136242,0.9282289097658848,1.2798831739418568,-0.5566400148672983,21.7599995136261
21:05:59.732307,99,-1.7856848262173621,0.8981330245285298,1.2087274343311663,-0.5566400148672983,38.1199991479516
21:05:59.732307,99,-1.8334377046556447,0.9162396061903968,1.1655057625002971,-0.5566400148672983,47.999998927116394
21:05:59.732307,99,-1.8858393923282473,0.9424267526393542,1.1416549895577504,-0.4872000130126253,43.239999033510685
21:05:59.732307,99,-1.9382410800008498,0.9686138990883112,1.1178042166152036,-0.4872000130126253,18.519999586045742
21:05:59.732307,99,-1.650720404594753,0.9321872789057141,1.2931124741046907,-0.5566400148672983,5.759999871253967
21:05:59.732307,99,-1.7134117162367932,0.9448320534775511,1.275434374992498,-0.5566400148672983,19.879999555647373
21:05:59.732307,99,-1.7638826055176084,0.9324203552254392,1.1995401717603105,-0.5566400148672983,36.51999918371439
21:05:59.732307,99,-1.8110524478122927,0.9514438505053777,1.1560728136659502,-0.5566400148672983,50.519998870790005
21:05:59.732307,99,-1.8628143399605652,0.9786371733903598,1.1319524365599272,-0.4872000130126253,48.87999890744686
21:05:59.732307,99,-1.914576232108838,1.0058304962753417,1.1078320594539042,-0.4872000130126253,20.63999953866005
21:05:59.732307,99,-1.6398042528497345,0.9480794247285961,1.288854186465452,-0.5566400148672983,5.519999876618385
21:05:59.732307,99,-1.690140079374929,0.9378497648087809,1.2142856789536962,-0.5566400148672983,17.759999603033066
21:05:59.732307,99,-1.736841401611083,0.9580216940750452,1.1711442339929927,-0.5566400148672983,33.639999248087406
21:05:59.732307,99,-1.7879427941692416,0.9862086330913247,1.146757618247002,-0.5566400148672983,50.23999887704849
21:05:59.732307,99,-1.8390441867274,1.014395572107604,1.1223710025010116,-0.13916000371682458,51.759998843073845
21:05:59.732307,99,-1.8901455792855584,1.0425825111238831,1.097984386755021,-0.4872000130126253,21.99999950826168
21:05:59.732307,99,-1.6676185193232385,0.970284302731528,1.2055948707104196,-0.5566400148672983,15.639999650418758
21:05:59.732307,99,-1.7136975341861336,0.9913524510896858,1.1622132845678017,-0.5566400148672983,29.999999329447746
21:05:59.732307,99,-1.764117987279411,1.0205200484993486,1.1375639021972532,-0.5566400148672983,47.35999894142151
21:05:59.732307,99,-1.8145384403726883,1.0496876459090114,1.1129145198267048,-0.20888000557897612,50.87999886274338
21:05:59.732307,99,-1.8649588934659658,1.0788552433186742,1.0882651374561565,-0.4872000130126253,22.519999496638775
21:05:59.732307,99,-1.689868210627147,1.0242294668065122,1.1534039147569328,-0.5566400148672983,26.239999413490295
21:05:59.732307,99,-1.739587556747471,1.0543643726213798,1.128495342880378,-0.20888000557897612,42.63999904692173
21:05:59.732307,99,-1.8020127715039531,1.0671543921633007,1.1082343192734685,-0.20888000557897612,46.35999896377325
21:05:59.732307,99,-1.8436276481548866,1.0414594264812531,1.0051833697187922,-0.3480400092958007,21.99999950826168
21:05:59.732307,99,-1.727060787898728,1.0711071376042007,1.1240091325241668,-0.20888000557897612,37.239999167621136
21:05:59.732307,99,-1.7688409587573888,1.047716310793317,1.0228578663171257,-0.20888000557897612,40.11999910324812
21:05:59.732307,99,-1.817991619116051,1.0768291308516045,0.995706085996229,-0.3480400092958007,20.63999953866005
21:05:59.732307,99,-1.7014904062423795,1.1042255022685226,1.1151350934577224,-0.20888000557897612,31.87999928742647
21:05:59.732307,99,-1.7431905047203924,1.08164105980065,1.0137677572171824,-0.20888000557897612,33.519999250769615
21:05:59.732307,99,-1.7916284177016402,1.111696544493628,0.9863633906686868,-0.3480400092958007,18.759999580681324
21:05:59.732307,99,-1.7301031556706923,1.098415919460719,1.0092729471181214,-0.20888000557897612,27.639999382197857
21:05:59.732307,99,-1.703410756997718,1.1315822219018472,1.000386063163095,-0.20888000557897612,22.759999491274357
21:05:59.732307,99,-1.871014842716779,1.3225503373905894,-0.08513044558968152,-0.7655200204462744,5.239999882876873
21:06:00.227157,100,-1.935898422871383,0.6763651336987889,1.354823277115064,-0.4872000130126253,9.879999779164791
21:06:00.227157,100,-1.9885092822386812,0.6888901152883575,1.3154339266851576,-0.4872000130126253,9.759999781847
21:06:00.227157,100,-1.8542134645910349,0.7105584026505054,1.3593114268923583,-0.4872000130126253,8.51999980956316
21:06:00.227157,100,-1.9062545761940946,0.7248123760572949,1.3200985278990163,-0.4872000130126253,11.239999748766422
21:06:00.227157,100,-1.9712608076465985,0.7271398313922898,1.3051849461443892,-0.4872000130126253,11.239999748766422
21:06:00.227157,100,-2.027601632808662,0.7479222960717125,1.2853263595396143,-0.4872000130126253,10.359999768435955
21:06:00.227157,100,-1.8368003885214568,0.7462120463753925,1.349758061849048,-0.4872000130126253,9.239999793469906
21:06:00.227157,100,-1.8883527776271374,0.7614666894933968,1.3102770342146954,-0.4872000130126253,12.879999712109566
21:06:00.227157,100,-1.9432227682797651,0.7153984912045415,1.2193209770677234,-0.4872000130126253,13.119999706745148
21:06:00.227157,100,-1.9994711059768675,0.8062744746874494,1.2696909404029308,-0.4872000130126253,11.999999731779099
21:06:00.227157,100,-2.0543017019387757,0.7562922594545978,1.1746956284907089,-0.41748001115047373,8.239999815821648
21:06:00.227157,100,-1.8186526168196577,0.7815221872451151,1.3402967381183766,-0.4872000130126253,9.999999776482582
21:06:00.227157,100,-1.8696956631605943,0.7977678591830543,1.3005501651120466,-0.4872000130126253,14.759999670088291
21:06:00.227157,100,-1.924973798282314,0.7527636455308351,1.2093090141409286,-0.4872000130126253,15.359999656677246
21:06:00.227157,100,-1.9799916892634961,0.7742784673021073,1.1867101868225436,-0.4872000130126253,13.999999687075615
21:06:00.227157,100,-2.0350095802446786,0.7957932890733795,1.1641113595041586,-0.41748001115047373,9.359999790787697
21:06:00.227157,100,-1.7861645268165152,0.8264721342782573,1.3071488197581616,-0.4872000130126253,10.639999762177467
21:06:00.227157,100,-1.850290695391161,0.83370136514305,1.2909218112088467,-0.4872000130126253,16.8799996227026
21:06:00.227157,100,-1.8961590264651231,0.8081317601806246,1.1944731725340838,-0.4872000130126253,18.23999959230423
21:06:00.227157,100,-1.9503533592368896,0.8312290642165143,1.1714503203708577,-0.4872000130126253,16.359999634325504
21:06:00.227157,100,-2.004547692008656,0.8543263682524044,1.1484274682076319,-0.41748001115047373,10.639999762177467
21:06:00.227157,100,-1.7662559325558984,0.8607870240239728,1.2979541727624342,-0.4872000130126253,11.239999748766422
21:06:00.227157,100,-1.819798078606299,0.886880855449574,1.276672409727315,-0.4872000130126253,19.35999956727028
21:06:00.227157,100,-1.8759995060582182,0.8445692274307051,1.1847097826101893,-0.4872000130126253,21.7599995136261
21:06:00.227157,100,-1.9296176573271664,0.8687079547849719,1.1614078819098252,-0.4872000130126253,19.239999569952488
21:06:00.227157,100,-1.9832358085961144,0.8928466821392386,1.1381059812094612,-0.41748001115047373,12.11999972909689
21:06:00.227157,100,-2.0386988514725957,0.74581577194456,0.9706931333978945,-0.6958000185841229,5.119999885559082
21:06:00.227157,100,-1.7456408595036053,0.8947104721619626,1.2888644122293806,-0.4872000130126253,11.639999739825726
21:06:00.227157,100,-1.7985580818202136,0.9218326563767933,1.2673071028948533,-0.4872000130126253,21.99999950826168
21:06:00.227157,100,-1.8550896108954267,0.8806099813740944,1.1750526916964492,-0.4872000130126253,25.879999421536922
21:06:00.227157,100,-1.9081101341169069,0.9057787935394408,1.151474780602821,-0.4872000130126253,22.759999491274357
21:06:00.227157,100,-1.9611306573383873,0.9309476057047871,1.1278968695091924,-0.41748001115047373,13.879999689757824
21:06:00.227157,100,-2.01855630274686,0.7850071528296573,0.9601918345394722,-0.6958000185841229,5.639999873936176
21:06:00.227157,100,-1.7243275534136242,0.9282289097658848,1.2798831739418568,-0.4872000130126253,11.879999734461308
21:06:00.227157,100,-1.7856848262173621,0.8981330245285298,1.2087274343311663,-0.4872000130126253,24.51999945193529
21:06:00.227157,100,-1.8334377046556447,0.9162396061903968,1.1655057625002971,-0.4872000130126253,30.63999931514263
21:06:00.227157,100,-1.8858393923282473,0.9424267526393542,1.1416549895577504,-0.4872000130126253,26.6399994045496
21:06:00.227157,100,-1.938699407359994,0.8952435441722031,1.0443617973041062,-0.41748001115047373,15.75999964773655
21:06:00.227157,100,-1.997606358449842,0.8238015974895585,0.9497968944220379,-0.6958000185841229,6.239999860525131
21:06:00.227157,100,-1.7134117162367932,0.9448320534775511,1.275434374992498,-0.4872000130126253,11.879999734461308
21:06:00.227157,100,-1.7638826055176084,0.9324203552254392,1.1995401717603105,-0.4872000130126253,26.75999940186739
21:06:00.227157,100,-1.8110524478122927,0.9514438505053777,1.1560728136659502,-0.4872000130126253,35.759999200701714
21:06:00.227157,100,-1.8628143399605652,0.9786371733903598,1.1319524365599272,-0.4872000130126253,30.879999309778214
21:06:00.227157,100,-1.916071639111635,0.9324790136126699,1.0343845833377392,-0.41748001115047373,17.879999600350857
21:06:00.227157,100,-1.9677509430959883,0.7851136242212698,0.8670570970617386,-0.6958000185841229,6.7599998489022255
21:06:00.227157,100,-1.6910671313831562,0.9777178893840189,1.2666226418189375,-0.4872000130126253,11.639999739825726
21:06:00.227157,100,-1.736841401611083,0.9580216940750452,1.1711442339929927,-0.4872000130126253,28.239999368786812
21:06:00.227157,100,-1.7879427941692416,0.9862086330913247,1.146757618247002,-0.4872000130126253,40.3599990978837
21:06:00.227157,100,-1.8390441867274,1.014395572107604,1.1223710025010116,-0.20888000557897612,35.11999921500683
21:06:00.227157,100,-1.8926774677891727,0.969269930444481,1.0245264868838548,-0.41748001115047373,19.879999555647373
21:06:00.227157,100,-1.946327034073371,0.8229219737054488,0.8569263803502991,-0.6958000185841229,7.639999829232693
21:06:00.227157,100,-1.6676185193232385,0.970284302731528,1.2055948707104196,-0.4872000130126253,11.359999746084213
21:06:00.227157,100,-1.7136975341861336,0.9913524510896858,1.1622132845678017,-0.20888000557897612,28.879999354481697
21:06:00.227157,100,-1.764117987279411,1.0205200484993486,1.1375639021972532,-0.4872000130126253,43.75999902188778
21:06:00.227157,100,-1.8145384403726883,1.0496876459090114,1.1129145198267048,-0.20888000557897612,38.359999142587185
21:06:00.227157,100,-1.868526250748799,1.0056015787921,1.014791451049419,-0.20888000557897612,21.87999951094389
21:06:00.227157,100,-1.9241246202226054,0.8603089112321943,0.8469085806325349,-0.6958000185841229,8.51999980956316
21:06:00.227157,100,-1.689868210627147,1.0242294668065122,1.1534039147569328,-0.20888000557897612,28.359999366104603
21:06:00.227157,100,-1.7519403682979673,1.037501447493634,1.1330137500503838,-0.20888000557897612,44.63999900221825
21:06:00.227157,100,-1.8020127715039531,1.0671543921633007,1.1082343192734685,-0.20888000557897612,40.23999910056591
21:06:00.227157,100,-1.8436276481548866,1.0414594264812531,1.0051833697187922,-0.20888000557897612,23.35999947786331
21:06:00.227157,100,-1.8934642070262377,0.8869352497943761,0.8167223666045769,-0.6958000185841229,9.239999793469906
21:06:00.227157,100,-1.6776994707570223,1.0404937049546454,1.149045925279633,-0.20888000557897612,26.87999939918518
21:06:00.227157,100,-1.727060787898728,1.0711071376042007,1.1240091325241668,-0.20888000557897612,42.9999990388751
21:06:00.227157,100,-1.7688409587573888,1.047716310793317,1.0228578663171257,-0.20888000557897612,39.99999910593033
21:06:00.227157,100,-1.817991619116051,1.0768291308516045,0.995706085996229,-0.20888000557897612,24.23999945819378
21:06:00.227157,100,-1.8698277089142774,0.9232870692519339,0.8069819259375222,-0.6958000185841229,9.879999779164791
21:06:00.227157,100,-1.7014904062423795,1.1042255022685226,1.1151350934577224,-0.20888000557897612,39.23999912291765
21:06:00.227157,100,-1.7431905047203924,1.08164105980065,1.0137677572171824,-0.20888000557897612,37.75999915599823
21:06:00.227157,100,-1.794048590600923,1.0373013806310278,0.9143406288178402,-0.20888000557897612,24.23999945819378
21:06:00.227157,100,-1.8454433046828878,0.9591750269599479,0.7973657766516578,-0.20888000557897612,10.359999768435955
21:06:00.227157,100,-1.6820288999447521,1.067894312912277,1.0368022106413632,-0.20888000557897612,34.35999923199415
21:06:00.227157,100,-1.7301031556706923,1.098415919460719,1.0092729471181214,-0.20888000557897612,34.11999923735857
21:06:00.227157,100,-1.6560782010921251,1.1001390256205545,1.0281622659110066,-0.20888000557897612,29.519999340176582
21:06:00.227157,100,-1.703410756997718,1.1315822219018472,1.000386063163095,-0.20888000557897612,29.999999329447746
21:06:00.247497,101,-1.920623118554434,0.72467473586743,-0.37354521443640976,-0.5566400148672983,17.759999603033066
21:06:00.247497,101,-1.9772808320372797,0.7012092955483991,-0.4691391441846584,-0.4872000130126253,18.11999959498644
21:06:00.247497,101,-2.0361605004397205,0.6540265584425835,-0.5689192759310583,-0.4872000130126253,13.999999687075615
21:06:00.247497,101,-1.8980219223080592,0.7819587065621227,-0.37354521443640976,-0.5566400148672983,19.999999552965164
21:06:00.247497,101,-1.9553579993372314,0.7602033013171015,-0.4691391441846584,-0.4872000130126253,20.999999530613422
21:06:00.247497,101,-2.0083777032628207,0.7349281078690204,-0.5689192759310583,-0.4872000130126253,16.519999630749226
21:06:00.247497,101,-2.0657793705612275,0.7559331701476989,-0.5851796212553418,-0.4872000130126253,9.239999793469906
21:06:00.247497,101,-1.816913054298488,0.8131195616842353,-0.3622215936297465,-0.5566400148672983,11.519999742507935
21:06:00.247497,101,-1.8737126345205957,0.8385389672329949,-0.37354521443640976,-0.5566400148672983,22.239999502897263
21:06:00.247497,101,-1.9316754764991433,0.8185131754573824,-0.4691391441846584,-0.4872000130126253,24.51999945193529
21:06:00.247497,101,-1.9854294654016433,0.7948397074971324,-0.5689192759310583,-0.4872000130126253,19.519999563694
21:06:00.247497,101,-2.0502485733029046,0.7970948207304416,-0.5851796212553418,-0.4872000130126253,10.759999759495258
21:06:00.247497,101,-1.8002883770839317,0.8492927809715128,-0.3622215936297465,-0.5566400148672983,11.999999731779099
21:06:00.247497,101,-1.8565682435614106,0.8758430186566472,-0.37354521443640976,-0.5566400148672983,24.639999449253082
21:06:00.247497,101,-1.9062545761940946,0.8760864430206602,-0.4691391441846584,-0.4872000130126253,28.639999359846115
21:06:00.247497,101,-1.9691366587327217,0.834386686095911,-0.5689192759310583,-0.4872000130126253,23.35999947786331
21:06:00.247497,101,-2.0254167733575947,0.858234385099782,-0.5851796212553418,-0.4872000130126253,12.519999720156193
21:06:00.247497,101,-2.083116494657998,0.8098731980557407,-0.6913695413355855,-0.4872000130126253,4.999999888241291
21:06:00.247497,101,-1.781119763276318,0.8621289677814258,-0.4217665031082274,-0.5566400148672983,12.359999723732471
21:06:00.247497,101,-1.8368003885214568,0.8890804849998493,-0.4349515921093866,-0.5566400148672983,26.75999940186739
21:06:00.247497,101,-1.8883527776271374,0.9140337806303417,-0.4691391441846584,-0.4872000130126253,33.359999254345894
21:06:00.247497,101,-1.9432227682797651,0.8930764779896002,-0.5689192759310583,-0.4872000130126253,28.239999368786812
21:06:00.247497,101,-2.002250224110297,0.8484179713079781,-0.6726778877816313,-0.4872000130126253,14.759999670088291
21:06:00.247497,101,-2.057886611446915,0.8719929023064316,-0.6913695413355855,-0.4872000130126253,5.639999873936176
21:06:00.247497,101,-1.7635221217255561,0.8975765674336349,-0.4217665031082274,-0.5566400148672983,12.359999723732471
21:06:00.247497,101,-1.8186526168196577,0.9256362327691977,-0.4349515921093866,-0.5566400148672983,28.519999362528324
21:06:00.247497,101,-1.8696956631605943,0.9516155169310686,-0.4691391441846584,-0.4872000130126253,38.87999913096428
21:06:00.247497,101,-1.924973798282314,0.9317597322409588,-0.5689192759310583,-0.4872000130126253,34.51999922841787
21:06:00.247497,101,-1.9759005582621205,0.9080947075319398,-0.6726778877816313,-0.4872000130126253,17.519999608397484
21:06:00.247497,101,-2.030784155472596,0.8605087179431045,-0.7801930723591489,-0.4872000130126253,6.239999860525131
21:06:00.247497,101,-1.7358053388147265,0.9500704152659666,-0.4217665031082274,-0.5566400148672983,12.23999972641468
21:06:00.247497,101,-1.7900693633692955,0.9797711214394855,-0.4349515921093866,-0.5566400148672983,29.639999337494373
21:06:00.247497,101,-1.850290695391161,0.988816619730076,-0.4691391441846584,-0.4872000130126253,44.75999899953604
21:06:00.247497,101,-1.8961590264651231,0.9890810224921003,-0.5689192759310583,-0.4872000130126253,41.999999061226845
21:06:00.247497,101,-1.9573447083645854,0.947428470453171,-0.6726778877816313,-0.4872000130126253,20.999999530613422
21:06:00.247497,101,-2.0131689855457857,0.9009495964876058,-0.7801930723591489,-0.4872000130126253,6.9999998435378075
21:06:00.247497,101,-1.7164580481888922,0.9845941991647789,-0.4217665031082274,-0.5566400148672983,11.879999734461308
21:06:00.247497,101,-1.7662559325558984,1.0131592480631,-0.455336120172713,-0.5566400148672983,29.879999332129955
21:06:00.247497,101,-1.8271380824409365,1.0000602014038436,-0.5318566750300264,-0.4872000130126253,50.1199988797307
21:06:00.247497,101,-1.8759995060582182,1.0268038644105812,-0.5689192759310583,-0.4872000130126253,50.75999886542559
21:06:00.247497,101,-1.928045379101279,1.0057136919194671,-0.6726778877816313,-0.4872000130126253,24.999999441206455
21:06:00.247497,101,-1.9852386942851772,0.9609302089577133,-0.7801930723591489,-0.4872000130126253,7.879999823868275
21:06:00.247497,101,-1.6964241972602752,1.0187241585292777,-0.4217665031082274,-0.5566400148672983,11.359999746084213
21:06:00.247497,101,-1.7456408595036053,1.0482793858777377,-0.455336120172713,-0.5566400148672983,29.23999934643507
21:06:00.247497,101,-1.8020690876739467,1.0337023803699015,-0.5526589306067747,-0.4872000130126253,54.359998784959316
21:06:00.247497,101,-1.8545419791350268,1.0150593668804506,-0.6539862342276772,-0.4872000130126253,59.75999866425991
21:06:00.247497,101,-1.9075468504320403,1.0440708919392796,-0.6726778877816313,-0.4872000130126253,29.639999337494373
21:06:00.247497,101,-1.9656243372637994,1.0004401553970523,-0.7801930723591489,-0.4872000130126253,8.759999804198742
21:06:00.247497,101,-1.6720564210132352,1.0501508469303795,-0.44153309616076764,-0.5566400148672983,10.759999759495258
21:06:00.247497,101,-1.7243275534136242,1.0829802259336399,-0.455336120172713,-0.5566400148672983,27.87999937683344
21:06:00.247497,101,-1.7810360169830421,1.0695346250316495,-0.5526589306067747,-0.4872000130126253,56.23999874293804
21:06:00.247497,101,-1.8338712496207163,1.0519447278637581,-0.6539862342276772,-0.4872000130126253,67.11999849975109
21:06:00.247497,101,-1.8862853284903551,1.0820104775417438,-0.6726778877816313,-0.4872000130126253,34.23999923467636
21:06:00.247497,101,-1.9452237567506372,1.0395499391311447,-0.7801930723591489,-0.4872000130126253,10.119999773800373
21:06:00.247497,101,-1.9984084507746473,0.9920918745919638,-0.8911364511410474,-0.41748001115047373,5.119999885559082
21:06:00.247497,101,-1.650720404594753,1.0833797220802674,-0.44153309616076764,-0.5566400148672983,9.999999776482582
21:06:00.247497,101,-1.7134117162367932,1.1001690651382534,-0.455336120172713,-0.5566400148672983,25.879999421536922
21:06:00.247497,101,-1.75929055566402,1.1049390701227806,-0.5526589306067747,-0.4872000130126253,55.23999876528978
21:06:00.247497,101,-1.8124669960906383,1.0884093250004716,-0.6539862342276772,-0.4872000130126253,70.51999842375517
21:06:00.247497,101,-1.8642693176011367,1.119517273399152,-0.6726778877816313,-0.4872000130126253,38.1199991479516
21:06:00.247497,101,-1.9131666520356037,1.0974301350489284,-0.7801930723591489,-0.4872000130126253,11.639999739825726
21:06:00.247497,101,-1.9677509430959883,1.0515887265008939,-0.8911364511410474,-0.41748001115047373,5.239999882876873
21:06:00.247497,101,-1.6398042528497345,1.0998324821063008,-0.44153309616076764,-0.5566400148672983,9.239999793469906
21:06:00.247497,101,-1.6910671313831562,1.1342149877250942,-0.455336120172713,-0.5566400148672983,23.639999471604824
21:06:00.247497,101,-1.736841401611083,1.139901554337943,-0.5526589306067747,-0.4872000130126253,51.759998843073845
21:06:00.247497,101,-1.7903377799604356,1.124438572938577,-0.6539862342276772,-0.4872000130126253,68.35999847203493
21:06:00.247497,101,-1.841507623874804,1.1565762772939159,-0.6726778877816313,-0.4872000130126253,40.11999910324812
21:06:00.247497,101,-1.890836892477003,1.1354714376956119,-0.7801930723591489,-0.4872000130126253,13.119999706745148
21:06:00.247497,101,-1.946327034073371,1.0907308101424842,-0.8911364511410474,-0.41748001115047373,5.359999880194664
21:06:00.247497,101,-1.6676185193232385,1.1428298438385374,-0.5162083742063729,-0.27832000743364915,21.239999525249004
21:06:00.247497,101,-1.7136975341861336,1.1744080931502368,-0.5526589306067747,-0.4872000130126253,46.51999896019697
21:06:00.247497,101,-1.7674924526211122,1.1600180604599266,-0.6539862342276772,-0.4872000130126253,61.639998622238636
21:06:00.247497,101,-1.817254888556531,1.1413441175325671,-0.7591000132325337,-0.4872000130126253,39.759999111294746
21:06:00.247497,101,-1.8736689069763934,1.0998197557479348,-0.8677684609550387,-0.41748001115047373,14.239999681711197
21:06:00.247497,101,-1.916343344735096,1.124869106536488,-0.9134026913473011,-0.41748001115047373,5.359999880194664
21:06:00.247497,101,-1.689868210627147,1.208444884404835,-0.5526589306067747,-0.4872000130126253,40.639999091625214
21:06:00.247497,101,-1.7439401518985953,1.1951335562445347,-0.6539862342276772,-0.4872000130126253,52.7599988207221
21:06:00.247497,101,-1.7940660896311256,1.177458530328982,-0.7591000132325337,-0.4872000130126253,37.119999170303345
21:06:00.247497,101,-1.851299257476322,1.1370706782655065,-0.8677684609550387,-0.41748001115047373,14.879999667406082
21:06:00.247497,101,-1.8934642070262377,1.1629684511891079,-0.9134026913473011,-0.41748001115047373,5.239999882876873
21:06:00.247497,101,-1.6776994707570223,1.2252828627521144,-0.5526589306067747,-0.27832000743364915,34.879999220371246
21:06:00.247497,101,-1.7196902983987266,1.2297710145629157,-0.6539862342276772,-0.20888000557897612,43.87999901920557
21:06:00.247497,101,-1.7701596882225081,1.2131019754335564,-0.7591000132325337,-0.20888000557897612,33.2399992570281
21:06:00.247497,101,-1.8281891129900225,1.1738667876928435,-0.8677684609550387,-0.41748001115047373,14.879999667406082
21:06:00.247497,101,-1.8698277089142774,1.2006026239880854,-0.9134026913473011,-0.20888000557897612,4.999999888241291
21:06:00.247497,101,-1.697041902543211,1.2135748769354637,-0.7380069541059185,-0.20888000557897612,35.999999195337296
21:06:00.247497,101,-1.7455452465720669,1.2482601959441253,-0.7591000132325337,-0.20888000557897612,28.759999357163906
21:06:00.247497,101,-1.7970508267661252,1.2052992714457136,-0.8894508205648328,-0.20888000557897612,14.51999967545271
21:06:00.247497,101,-1.6848215049223307,1.2304843345072134,-0.7380069541059185,-0.20888000557897612,29.519999340176582
21:06:00.247497,101,-1.7329755764028265,1.265652944610052,-0.7591000132325337,-0.20888000557897612,24.639999449253082
21:06:00.273715,102,-2.0083777032628207,0.7349281078690204,-0.5689192759310583,-0.4872000130126253,15.87999964505434
21:06:00.273715,102,-1.816913054298488,0.8131195616842353,-0.3622215936297465,-0.5566400148672983,11.359999746084213
21:06:00.273715,102,-1.8748416707596058,0.7944308596775572,-0.455336120172713,-0.5566400148672983,15.639999650418758
21:06:00.273715,102,-1.9286836842508732,0.7721223051025577,-0.5526589306067747,-0.4872000130126253,17.359999611973763
21:06:00.273715,102,-1.9854294654016433,0.7948397074971324,-0.5689192759310583,-0.4872000130126253,18.519999586045742
21:06:00.273715,102,-2.0453430879782184,0.8666778070170331,-0.49674519220854924,-0.4872000130126253,8.639999806880951
21:06:00.273715,102,-1.8002883770839317,0.8492927809715128,-0.3622215936297465,-0.5566400148672983,11.879999734461308
21:06:00.273715,102,-1.8501687048396225,0.8503102050762218,-0.455336120172713,-0.5566400148672983,17.759999603033066
21:06:00.273715,102,-1.9128565441078482,0.8105389870920401,-0.5526589306067747,-0.4872000130126253,20.63999953866005
21:06:00.273715,102,-1.9691366587327217,0.834386686095911,-0.5689192759310583,-0.4872000130126253,21.639999516308308
21:06:00.273715,102,-2.0254167733575947,0.858234385099782,-0.5851796212553418,-0.4872000130126253,9.759999781847
21:06:00.273715,102,-1.718545192097975,0.874684743389303,-0.3508979728230832,-0.5566400148672983,6.7599998489022255
21:06:00.273715,102,-1.774003346893994,0.9029111770726568,-0.3622215936297465,-0.5566400148672983,12.23999972641468
21:06:00.273715,102,-1.832793613452272,0.8871410551390664,-0.455336120172713,-0.5566400148672983,20.119999550282955
21:06:00.273715,102,-1.8876833014502596,0.8675513594930605,-0.5526589306067747,-0.4872000130126253,24.759999446570873
21:06:00.273715,102,-1.9432227682797651,0.8930764779896002,-0.5689192759310583,-0.4872000130126253,25.359999433159828
21:06:00.273715,102,-1.9987622351092702,0.9186015964861399,-0.5851796212553418,-0.4872000130126253,10.99999975413084
21:06:00.273715,102,-2.057886611446915,0.8719929023064316,-0.6913695413355855,-0.4872000130126253,5.119999885559082
21:06:00.273715,102,-1.755591538786597,0.9382083017191496,-0.3622215936297465,-0.5566400148672983,12.519999720156193
21:06:00.273715,102,-1.8146854290892336,0.9236170606241073,-0.455336120172713,-0.5566400148672983,22.519999496638775
21:06:00.273715,102,-1.8699559073011318,0.9051290033370994,-0.5526589306067747,-0.4872000130126253,29.759999334812164
21:06:00.273715,102,-1.924973798282314,0.9317597322409588,-0.5689192759310583,-0.4872000130126253,29.759999334812164
21:06:00.273715,102,-1.9799916892634961,0.9583904611448181,-0.5851796212553418,-0.4872000130126253,12.519999720156193
21:06:00.273715,102,-2.0308047692714912,0.9333278718378795,-0.6913695413355855,-0.4872000130126253,5.639999873936176
21:06:00.273715,102,-1.6821924795775096,0.9427085653869638,-0.3508979728230832,-0.5566400148672983,6.7599998489022255
21:06:00.273715,102,-1.7364775175026512,0.9731301555710073,-0.3622215936297465,-0.5566400148672983,12.519999720156193
21:06:00.273715,102,-1.7877703609215905,0.9325429522954212,-0.5363985852824912,-0.3480400092958007,24.999999441206455
21:06:00.273715,102,-1.8514805557549314,0.9423446076642132,-0.5526589306067747,-0.4872000130126253,35.759999200701714
21:06:00.273715,102,-1.8961590264651231,0.9890810224921003,-0.5689192759310583,-0.4872000130126253,34.639999225735664
21:06:00.273715,102,-1.9503533592368896,1.0173500575904397,-0.5851796212553418,-0.4872000130126253,14.239999681711197
21:06:00.273715,102,-2.0117333092669734,0.9737545992861916,-0.6913695413355855,-0.4872000130126253,6.239999860525131
21:06:00.273715,102,-1.6630031383443151,0.9761616359282081,-0.3508979728230832,-0.5566400148672983,6.6399998515844345
21:06:00.273715,102,-1.7164580481888922,0.9845941991647789,-0.4217665031082274,-0.5566400148672983,12.23999972641468
21:06:00.273715,102,-1.768763203520322,0.9681094727034242,-0.5363985852824912,-0.3480400092958007,27.119999393820763
21:06:00.273715,102,-1.82238135478927,0.9974566685570028,-0.5526589306067747,-0.4872000130126253,42.23999905586243
21:06:00.273715,102,-1.8759995060582182,1.0268038644105812,-0.5689192759310583,-0.4872000130126253,39.639999113976955
21:06:00.273715,102,-1.9296176573271664,1.0561510602641597,-0.5851796212553418,-0.4872000130126253,15.87999964505434
21:06:00.273715,102,-1.9816198415848179,1.0336593881364498,-0.6913695413355855,-0.4872000130126253,6.7599998489022255
21:06:00.273715,102,-1.6433912895737746,0.9868772275879818,-0.40858141410706816,-0.5566400148672983,6.359999857842922
21:06:00.273715,102,-1.6964241972602752,1.0187241585292777,-0.4217665031082274,-0.5566400148672983,11.879999734461308
21:06:00.273715,102,-1.7490485644524663,1.0032887622476099,-0.5363985852824912,-0.27832000743364915,28.639999359846115
21:06:00.273715,102,-1.8020690876739467,1.0337023803699015,-0.5526589306067747,-0.4872000130126253,48.63999891281128
21:06:00.273715,102,-1.8550896108954267,1.064115998492193,-0.5689192759310583,-0.4872000130126253,43.87999901920557
21:06:00.273715,102,-1.9081101341169069,1.0945296166144844,-0.5851796212553418,-0.4872000130126253,17.519999608397484
21:06:00.273715,102,-1.9605517217290533,1.0730824169981086,-0.6913695413355855,-0.4872000130126253,7.35999983549118
21:06:00.273715,102,-1.6233263939856555,1.0195454926427874,-0.40858141410706816,-0.5566400148672983,6.239999860525131
21:06:00.273715,102,-1.6720564210132352,1.0501508469303795,-0.44153309616076764,-0.5566400148672983,11.359999746084213
21:06:00.273715,102,-1.7286343293104394,1.0380667496818408,-0.5363985852824912,-0.27832000743364915,29.11999934911728
21:06:00.273715,102,-1.7810360169830421,1.0695346250316495,-0.5526589306067747,-0.4872000130126253,53.119998812675476
21:06:00.273715,102,-1.8334377046556447,1.1010025003814587,-0.5689192759310583,-0.4872000130126253,46.51999896019697
21:06:00.273715,102,-1.8858393923282473,1.1324703757312677,-0.5851796212553418,-0.4872000130126253,18.639999583363533
21:06:00.273715,102,-1.938699407359994,1.1120762272197298,-0.6913695413355855,-0.4872000130126253,7.879999823868275
21:06:00.273715,102,-1.6026121895130305,1.0518059531125241,-0.40858141410706816,-0.5566400148672983,5.999999865889549
21:06:00.273715,102,-1.650720404594753,1.0833797220802674,-0.44153309616076764,-0.5566400148672983,10.759999759495258
21:06:00.273715,102,-1.7075286635157472,1.0724295242754651,-0.5363985852824912,-0.27832000743364915,28.639999359846115
21:06:00.273715,102,-1.76066467458014,1.0573013766017911,-0.635294580673723,-0.4872000130126253,54.359998784959316
21:06:00.273715,102,-1.8110524478122927,1.1374486159700956,-0.5689192759310583,-0.4872000130126253,46.759998954832554
21:06:00.273715,102,-1.8628143399605652,1.1699581618174109,-0.5851796212553418,-0.4872000130126253,19.35999956727028
21:06:00.273715,102,-1.9131666520356037,1.0974301350489284,-0.7801930723591489,-0.4872000130126253,8.119999818503857
21:06:00.273715,102,-1.5885413743163126,1.0654499764875076,-0.4277300721488222,-0.5566400148672983,5.759999871253967
21:06:00.273715,102,-1.6398042528497345,1.0998324821063008,-0.44153309616076764,-0.5566400148672983,9.999999776482582
21:06:00.273715,102,-1.6857400090529246,1.1063633413774243,-0.5363985852824912,-0.27832000743364915,27.239999391138554
21:06:00.273715,102,-1.739167936046067,1.0923008685832383,-0.635294580673723,-0.4872000130126253,51.759998843073845
21:06:00.273715,102,-1.7879427941692416,1.1734397672984618,-0.5689192759310583,-0.27832000743364915,44.519999004900455
21:06:00.273715,102,-1.8390441867274,1.2069779802589802,-0.5851796212553418,-0.27832000743364915,19.35999956727028
21:06:00.273715,102,-1.890836892477003,1.1354714376956119,-0.7801930723591489,-0.4872000130126253,8.239999815821648
21:06:00.273715,102,-1.6664586544934255,1.0937088491412728,-0.6166029271197688,-0.3480400092958007,24.999999441206455
21:06:00.273715,102,-1.7169755535572688,1.1268634548005996,-0.635294580673723,-0.4872000130126253,46.11999896913767
21:06:00.273715,102,-1.7674924526211122,1.1600180604599266,-0.6539862342276772,-0.4872000130126253,40.51999909430742
21:06:00.273715,102,-1.8180093516849556,1.1931726661192532,-0.6726778877816313,-0.4872000130126253,18.759999580681324
21:06:00.273715,102,-1.8677508234060427,1.1730585669269373,-0.7801930723591489,-0.27832000743364915,8.639999806880951
21:06:00.273715,102,-1.6442526556423045,1.1268170651171356,-0.6166029271197688,-0.3480400092958007,22.519999496638775
21:06:00.273715,102,-1.6940964037704498,1.1609753106808351,-0.635294580673723,-0.3480400092958007,39.35999912023544
21:06:00.273715,102,-1.7439401518985953,1.1951335562445347,-0.6539862342276772,-0.4872000130126253,35.51999920606613
21:06:00.273715,102,-1.793783900026741,1.229291801808234,-0.6726778877816313,-0.4872000130126253,17.759999603033066
21:06:00.273715,102,-1.8439176789421277,1.2101764883930384,-0.7801930723591489,-0.27832000743364915,8.879999801516533
21:06:00.273715,102,-1.6705396380400643,1.1946227919370211,-0.635294580673723,-0.3480400092958007,32.75999926775694
21:06:00.273715,102,-1.7196902983987266,1.2297710145629157,-0.6539862342276772,-0.4872000130126253,30.51999931782484
21:06:00.273715,102,-1.8193469920248468,1.2468103554208918,-0.7801930723591489,-0.27832000743364915,8.879999801516533
21:06:00.273715,102,-1.6463146787578973,1.227792440025884,-0.635294580673723,-0.3480400092958007,26.99999939650297
21:06:00.273715,102,-1.633954644218812,1.244193922953415,-0.635294580673723,-0.3480400092958007,22.239999502897263
21:06:00.306481,103,1.9038117672695685,0.5905795870430063,-0.6166029271197688,-0.6958000185841229,15.519999653100967
21:06:00.306481,103,1.9615237702792978,0.608482371073905,-0.635294580673723,-0.6958000185841229,20.999999530613422
21:06:00.306481,103,-2.0361605004397205,0.6540265584425835,-0.5689192759310583,-0.6958000185841229,20.63999953866005
21:06:00.306481,103,-1.8978108801697195,0.6095878582578553,-0.6166029271197688,-0.6958000185841229,18.23999959230423
21:06:00.306481,103,-1.955340972750949,0.6280668575556312,-0.635294580673723,-0.6958000185841229,24.639999449253082
21:06:00.306481,103,-2.015626443645992,0.7148079199156889,-0.5689192759310583,-0.6958000185841229,23.639999471604824
21:06:00.306481,103,-2.0732352880023446,0.7352379248567948,-0.5851796212553418,-0.6263600167294499,12.23999972641468
21:06:00.306481,103,-1.8719158219203915,0.6849924448270003,-0.6166029271197688,-0.6958000185841229,21.639999516308308
21:06:00.306481,103,-1.9286609337039835,0.7057572529436107,-0.635294580673723,-0.6958000185841229,28.999999351799488
21:06:00.306481,103,-1.9932784591847676,0.7749460025377121,-0.5689192759310583,-0.6958000185841229,26.87999939918518
21:06:00.306481,103,-2.0502485733029046,0.7970948207304416,-0.5851796212553418,-0.6263600167294499,13.519999697804451
21:06:00.306481,103,-1.8002963148581015,0.7628435890842983,-0.5201382399582077,-0.41748001115047373,8.51999980956316
21:06:00.306481,103,-1.8578425159666223,0.7222912706746325,-0.6166029271197688,-0.6958000185841229,25.51999942958355
21:06:00.306481,103,-1.9141610106394664,0.7441867525199096,-0.635294580673723,-0.6958000185841229,34.23999923467636
21:06:00.306481,103,-1.9691366587327217,0.834386686095911,-0.5689192759310583,-0.6958000185841229,30.35999932140112
21:06:00.306481,103,-2.0254167733575947,0.858234385099782,-0.5851796212553418,-0.6263600167294499,14.759999670088291
21:06:00.306481,103,-2.083116494657998,0.8098731980557407,-0.6913695413355855,-0.6958000185841229,6.359999857842922
21:06:00.306481,103,-1.7766043677912493,0.8165011224999813,-0.5201382399582077,-0.41748001115047373,8.879999801516533
21:06:00.306481,103,-1.8353410621004436,0.7776931783126177,-0.6166029271197688,-0.6958000185841229,29.879999332129955
21:06:00.306481,103,-1.8909774494370615,0.8012681093110712,-0.635294580673723,-0.6958000185841229,39.99999910593033
21:06:00.306481,103,-1.9466138367736794,0.8248430403095247,-0.6539862342276772,-0.6958000185841229,33.87999924272299
21:06:00.306481,103,-2.002250224110297,0.8484179713079781,-0.6726778877816313,-0.6958000185841229,15.999999642372131
21:06:00.306481,103,-2.0556817600269435,0.7992071328930668,-0.7801930723591489,-0.6958000185841229,6.9999998435378075
21:06:00.306481,103,-2.108733132376488,0.7006760293947095,-0.9134026913473011,-0.20888000557897612,5.639999873936176
21:06:00.306481,103,-1.7599201253387673,0.8518675455293809,-0.5201382399582077,-0.41748001115047373,8.999999798834324
21:06:00.306481,103,-1.8111879252340097,0.8323952146141208,-0.6166029271197688,-0.6958000185841229,34.51999922841787
21:06:00.306481,103,-1.86609213624338,0.8576283789200604,-0.635294580673723,-0.6958000185841229,45.87999897450209
21:06:00.306481,103,-1.9209963472527505,0.8828615432260001,-0.6539862342276772,-0.6958000185841229,36.87999917566776
21:06:00.306481,103,-1.9759005582621205,0.9080947075319398,-0.6726778877816313,-0.6263600167294499,17.359999611973763
21:06:00.306481,103,-2.030784155472596,0.8605087179431045,-0.7801930723591489,-0.6958000185841229,7.759999826550484
21:06:00.306481,103,-2.0867671461649766,0.7636132525285102,-0.9134026913473011,-0.20888000557897612,6.239999860525131
21:06:00.306481,103,-1.7335760281498238,0.9042739171970817,-0.5201382399582077,-0.41748001115047373,9.119999796152115
21:06:00.306481,103,-1.7941789056574224,0.8684500839541094,-0.6166029271197688,-0.6958000185841229,38.519999139010906
21:06:00.306481,103,-1.8485675065598102,0.8947762127871299,-0.635294580673723,-0.6958000185841229,50.99999886006117
21:06:00.306481,103,-1.9029561074621977,0.9211023416201505,-0.6539862342276772,-0.6958000185841229,39.11999912559986
21:06:00.306481,103,-1.9573447083645854,0.947428470453171,-0.6726778877816313,-0.6263600167294499,18.639999583363533
21:06:00.306481,103,-2.0131689855457857,0.9009495964876058,-0.7801930723591489,-0.6958000185841229,8.639999806880951
21:06:00.306481,103,-2.062923210458418,0.8258632753081016,-0.9134026913473011,-0.20888000557897612,6.8799998462200165
21:06:00.306481,103,-1.7151450522513738,0.9387622768498457,-0.5201382399582077,-0.41748001115047373,8.999999798834324
21:06:00.306481,103,-1.7673219916506617,0.92187660326852,-0.6166029271197688,-0.6958000185841229,41.11999908089638
21:06:00.306481,103,-1.8208964541342008,0.9498222994855025,-0.635294580673723,-0.6958000185841229,54.119998790323734
21:06:00.306481,103,-1.8744709166177398,0.9777679957024848,-0.6539862342276772,-0.6958000185841229,39.99999910593033
21:06:00.306481,103,-1.9380059467162836,0.9863832746353725,-0.6726778877816313,-0.6263600167294499,19.759999558329582
21:06:00.306481,103,-1.9852386942851772,0.9609302089577133,-0.7801930723591489,-0.6958000185841229,9.63999978452921
21:06:00.306481,103,-2.0353779190446084,0.7913134137125278,-1.0015321294174486,-0.20888000557897612,7.519999831914902
21:06:00.306481,103,-1.696028041230986,0.9728751441253183,-0.5201382399582077,-0.3480400092958007,8.879999801516533
21:06:00.306481,103,-1.7485322365410003,0.9570363167627927,-0.6166029271197688,-0.6958000185841229,41.51999907195568
21:06:00.306481,103,-1.8015371078380136,0.9860478418216218,-0.635294580673723,-0.6958000185841229,54.51999878138304
21:06:00.306481,103,-1.8545419791350268,1.0150593668804506,-0.6539862342276772,-0.6958000185841229,39.35999912023544
21:06:00.306481,103,-1.9075468504320403,1.0440708919392796,-0.6726778877816313,-0.6263600167294499,20.75999953597784
21:06:00.306481,103,-1.9656243372637994,1.0004401553970523,-0.7801930723591489,-0.6958000185841229,10.639999762177467
21:06:00.306481,103,-2.010726226583048,0.8520095268169444,-1.0015321294174486,-0.20888000557897612,8.119999818503857
21:06:00.306481,103,-1.6762326416378368,1.0065988743320318,-0.5201382399582077,-0.3480400092958007,8.51999980956316
21:06:00.306481,103,-1.7290430918814392,0.9918132285077864,-0.6166029271197688,-0.41748001115047373,39.639999113976955
21:06:00.306481,103,-1.781457170751078,1.0218789781857722,-0.635294580673723,-0.6958000185841229,51.879998840391636
21:06:00.306481,103,-1.8338712496207163,1.0519447278637581,-0.6539862342276772,-0.20888000557897612,37.51999916136265
21:06:00.306481,103,-1.8824243756342498,1.0303204329851992,-0.7591000132325337,-0.6958000185841229,21.519999518990517
21:06:00.306481,103,-1.9452237567506372,1.0395499391311447,-0.7801930723591489,-0.6958000185841229,11.519999742507935
21:06:00.306481,103,-1.993285040594815,0.8920509733174786,-1.0015321294174486,-0.20888000557897612,8.639999806880951
21:06:00.306481,103,-1.6570600315591433,0.9950854798044303,-0.5979112735658146,-0.3480400092958007,8.119999818503857
21:06:00.306481,103,-1.7088623530696416,1.0261934282031109,-0.6166029271197688,-0.41748001115047373,36.11999919265509
21:06:00.306481,103,-1.76066467458014,1.0573013766017911,-0.635294580673723,-0.20888000557897612,47.11999894678593
21:06:00.306481,103,-1.8124669960906383,1.0884093250004716,-0.6539862342276772,-0.20888000557897612,34.759999223053455
21:06:00.306481,103,-1.861442868859176,1.0677603525988986,-0.7591000132325337,-0.6263600167294499,21.7599995136261
21:06:00.306481,103,-1.9161512305402975,1.0240132468881755,-0.8677684609550387,-0.6958000185841229,12.359999723732471
21:06:00.306481,103,-1.9656306150851084,0.9514391610060383,-1.0015321294174486,-0.20888000557897612,9.119999796152115
21:06:00.306481,103,-1.63682824821733,1.0280254598725604,-0.5979112735658146,-0.3480400092958007,7.759999826550484
21:06:00.306481,103,-1.6879980921316984,1.0601631642278992,-0.6166029271197688,-0.3480400092958007,31.75999929010868
21:06:00.306481,103,-1.739167936046067,1.0923008685832383,-0.635294580673723,-0.20888000557897612,41.35999907553196
21:06:00.306481,103,-1.7903377799604356,1.124438572938577,-0.6539862342276772,-0.20888000557897612,31.5199992954731
21:06:00.306481,103,-1.8397168097887489,1.104773182327265,-0.7591000132325337,-0.6263600167294499,21.7599995136261
21:06:00.306481,103,-1.8952891139290953,1.062128920011797,-0.8677684609550387,-0.6958000185841229,13.119999706745148
21:06:00.306481,103,-1.9462099878489907,0.9905588701599549,-1.0015321294174486,-0.20888000557897612,9.519999787211418
21:06:00.306481,103,-1.6664586544934255,1.0937088491412728,-0.6166029271197688,-0.3480400092958007,27.359999388456345
21:06:00.306481,103,-1.7169755535572688,1.1268634548005996,-0.635294580673723,-0.20888000557897612,35.51999920606613
21:06:00.306481,103,-1.7667589537070196,1.109629668138197,-0.7380069541059185,-0.20888000557897612,28.11999937146902
21:06:00.306481,103,-1.817254888556531,1.1413441175325671,-0.7591000132325337,-0.6263600167294499,21.359999522566795
21:06:00.306481,103,-1.8660916774225835,1.0953720186231481,-0.8894508205648328,-0.6958000185841229,13.519999697804451
21:06:00.306481,103,-1.9156219509496761,1.048490692898841,-1.0015321294174486,-0.20888000557897612,9.63999978452921
21:06:00.306481,103,-1.8438124921281513,1.132472296173535,-0.8894508205648328,-0.6958000185841229,13.519999697804451
21:06:00.306481,103,-1.8942704239175274,1.0865908858107758,-1.0015321294174486,-0.20888000557897612,9.63999978452921
21:06:00.306481,103,-1.820795806453674,1.1691195999251305,-0.8894508205648328,-0.6958000185841229,13.239999704062939
21:06:00.306481,103,-1.8721612140062835,1.1242564568755005,-1.0015321294174486,-0.20888000557897612,9.239999793469906
21:06:00.339022,104,-1.8041798765236954,0.6807392678169963,-0.3508979728230832,-0.5566400148672983,21.519999518990517
21:06:00.339022,104,-1.860929616662136,0.6599472995549708,-0.44153309616076764,-0.5566400148672983,27.359999388456345
21:06:00.339022,104,-1.919769039388828,0.6166409463129012,-0.5363985852824912,-0.5566400148672983,28.239999368786812
21:06:00.339022,104,-1.9779647699142742,0.6353337523777424,-0.5526589306067747,-0.5566400148672983,19.879999555647373
21:06:00.339022,104,-2.0361605004397205,0.6540265584425835,-0.5689192759310583,-0.5566400148672983,9.879999779164791
21:06:00.339022,104,-1.7254124520190803,0.7108459988841153,-0.33957435201641994,-0.5566400148672983,13.639999695122242
21:06:00.339022,104,-1.7866636260404218,0.6946183703032811,-0.40858141410706816,-0.5566400148672983,24.51999945193529
21:06:00.339022,104,-1.836172701367602,0.6719129210329848,-0.5201382399582077,-0.4872000130126253,31.63999929279089
21:06:00.339022,104,-1.900408754933286,0.6739479100334771,-0.5363985852824912,-0.5566400148672983,32.99999926239252
21:06:00.339022,104,-1.9580175992896387,0.694377914974583,-0.5526589306067747,-0.5566400148672983,23.35999947786331
21:06:00.339022,104,-2.0083777032628207,0.7349281078690204,-0.5689192759310583,-0.5566400148672983,11.359999746084213
21:06:00.339022,104,-1.7033138938542727,0.7622807505867161,-0.33957435201641994,-0.5566400148672983,14.6399996727705
21:06:00.339022,104,-1.7650242627412074,0.7478976834524574,-0.40858141410706816,-0.5566400148672983,27.519999384880066
21:06:00.339022,104,-1.8151921219493332,0.7266875003134086,-0.5201382399582077,-0.4872000130126253,35.51999920606613
21:06:00.339022,104,-1.8793382309484943,0.7306483661522531,-0.5363985852824912,-0.5566400148672983,38.359999142587185
21:06:00.339022,104,-1.9363083450666312,0.7527971843449827,-0.5526589306067747,-0.5566400148672983,27.359999388456345
21:06:00.339022,104,-1.9932784591847676,0.7749460025377121,-0.5689192759310583,-0.5566400148672983,12.999999709427357
21:06:00.339022,104,-2.0421511572711677,0.7472868691768316,-0.6726778877816313,-0.41748001115047373,7.639999829232693
21:06:00.339022,104,-1.6877286441289747,0.796192305601244,-0.33957435201641994,-0.5566400148672983,15.519999653100967
21:06:00.339022,104,-1.7417964968120911,0.8005039391981914,-0.40858141410706816,-0.5566400148672983,29.759999334812164
21:06:00.339022,104,-1.8002963148581015,0.7628435890842983,-0.5201382399582077,-0.4872000130126253,38.6399991363287
21:06:00.339022,104,-1.8565764294829747,0.7866912880881691,-0.5363985852824912,-0.5566400148672983,43.75999902188778
21:06:00.339022,104,-1.9128565441078482,0.8105389870920401,-0.5526589306067747,-0.5566400148672983,32.119999282062054
21:06:00.339022,104,-1.9691366587327217,0.834386686095911,-0.5689192759310583,-0.5566400148672983,14.999999664723873
21:06:00.339022,104,-2.0267979999851544,0.7879777162104636,-0.6726778877816313,-0.41748001115047373,8.51999980956316
21:06:00.339022,104,-1.6630870373019562,0.8464583097059493,-0.33957435201641994,-0.5566400148672983,15.87999964505434
21:06:00.339022,104,-1.7216752851025416,0.8333556041565158,-0.4277300721488222,-0.5566400148672983,30.879999309778214
21:06:00.339022,104,-1.7766043677912493,0.8165011224999813,-0.5201382399582077,-0.4872000130126253,39.99999910593033
21:06:00.339022,104,-1.8321438346207546,0.842026240996521,-0.5363985852824912,-0.5566400148672983,48.35999891906977
21:06:00.339022,104,-1.8909774494370615,0.8012681093110712,-0.635294580673723,-0.5566400148672983,36.999999172985554
21:06:00.339022,104,-1.9432227682797651,0.8930764779896002,-0.5689192759310583,-0.5566400148672983,17.23999961465597
21:06:00.339022,104,-2.002250224110297,0.8484179713079781,-0.6726778877816313,-0.41748001115047373,9.519999787211418
21:06:00.339022,104,-1.6532611315373524,0.8414572367625094,-0.39539632510590894,-0.5566400148672983,16.119999639689922
21:06:00.339022,104,-1.7046649609465123,0.8676201480101847,-0.4277300721488222,-0.5566400148672983,30.759999312460423
21:06:00.339022,104,-1.7599201253387673,0.8518675455293809,-0.5201382399582077,-0.4872000130126253,39.519999116659164
21:06:00.339022,104,-1.8149380163199496,0.8784982744332402,-0.5363985852824912,-0.5566400148672983,51.23999885469675
21:06:00.339022,104,-1.86609213624338,0.8576283789200604,-0.635294580673723,-0.5566400148672983,41.63999906927347
21:06:00.339022,104,-1.924973798282314,0.9317597322409588,-0.5689192759310583,-0.27832000743364915,19.759999558329582
21:06:00.339022,104,-1.9759005582621205,0.9080947075319398,-0.6726778877816313,-0.41748001115047373,10.519999764859676
21:06:00.339022,104,-2.0392875606852177,0.8401581902291753,-0.7801930723591489,-0.41748001115047373,4.999999888241291
21:06:00.339022,104,-1.6272772897055887,0.8906690029189285,-0.39539632510590894,-0.5566400148672983,15.87999964505434
21:06:00.339022,104,-1.6869727935651473,0.9015376553882772,-0.4277300721488222,-0.5566400148672983,29.23999934643507
21:06:00.339022,104,-1.7335760281498238,0.9042739171970817,-0.5201382399582077,-0.4872000130126253,37.239999167621136
21:06:00.339022,104,-1.7941789056574224,0.8684500839541094,-0.6166029271197688,-0.4872000130126253,51.51999884843826
21:06:00.339022,104,-1.8485675065598102,0.8947762127871299,-0.635294580673723,-0.6263600167294499,44.87999899685383
21:06:00.339022,104,-1.9029561074621977,0.9211023416201505,-0.6539862342276772,-0.27832000743364915,21.99999950826168
21:06:00.339022,104,-1.9573447083645854,0.947428470453171,-0.6726778877816313,-0.41748001115047373,11.519999742507935
21:06:00.339022,104,-2.0131689855457857,0.9009495964876058,-0.7801930723591489,-0.41748001115047373,5.239999882876873
21:06:00.339022,104,-1.605629494404697,0.9210207542600934,-0.4139270481368768,-0.5566400148672983,15.239999659359455
21:06:00.339022,104,-1.6591716404550976,0.9517335855277623,-0.4277300721488222,-0.5566400148672983,26.75999940186739
21:06:00.339022,104,-1.7151450522513738,0.9387622768498457,-0.5201382399582077,-0.4872000130126253,33.639999248087406
21:06:00.339022,104,-1.7673219916506617,0.92187660326852,-0.6166029271197688,-0.4872000130126253,49.11999890208244
21:06:00.339022,104,-1.8208964541342008,0.9498222994855025,-0.635294580673723,-0.27832000743364915,46.11999896913767
21:06:00.339022,104,-1.8744709166177398,0.9777679957024848,-0.6539862342276772,-0.27832000743364915,23.879999466240406
21:06:00.339022,104,-1.9380059467162836,0.9863832746353725,-0.6726778877816313,-0.41748001115047373,12.519999720156193
21:06:00.339022,104,-1.9852386942851772,0.9609302089577133,-0.7801930723591489,-0.41748001115047373,5.639999873936176
21:06:00.339022,104,-1.5868891925537807,0.9529470046314876,-0.4139270481368768,-0.5566400148672983,14.359999679028988
21:06:00.339022,104,-1.6398064148703888,0.9847244650469043,-0.4277300721488222,-0.5566400148672983,23.879999466240406
21:06:00.339022,104,-1.696028041230986,0.9728751441253183,-0.5201382399582077,-0.4872000130126253,29.639999337494373
21:06:00.339022,104,-1.7485322365410003,0.9570363167627927,-0.6166029271197688,-0.4872000130126253,44.75999899953604
21:06:00.339022,104,-1.8015371078380136,0.9860478418216218,-0.635294580673723,-0.27832000743364915,44.87999899685383
21:06:00.339022,104,-1.8545419791350268,1.0150593668804506,-0.6539862342276772,-0.27832000743364915,24.759999446570873
21:06:00.339022,104,-1.9124823242986635,0.9733925641045267,-0.7591000132325337,-0.41748001115047373,13.35999970138073
21:06:00.339022,104,-1.9656243372637994,1.0004401553970523,-0.7801930723591489,-0.41748001115047373,5.879999868571758
21:06:00.339022,104,-1.567514156212457,0.9844920889238588,-0.4139270481368768,-0.5566400148672983,13.519999697804451
21:06:00.339022,104,-1.6197852886128463,1.017321467927119,-0.4277300721488222,-0.5566400148672983,20.87999953329563
21:06:00.339022,104,-1.6762326416378368,1.0065988743320318,-0.5201382399582077,-0.4872000130126253,25.63999942690134
21:06:00.339022,104,-1.7290430918814392,0.9918132285077864,-0.6166029271197688,-0.4872000130126253,39.519999116659164
21:06:00.339022,104,-1.781457170751078,1.0218789781857722,-0.635294580673723,-0.27832000743364915,41.51999907195568
21:06:00.339022,104,-1.8338712496207163,1.0519447278637581,-0.6539862342276772,-0.27832000743364915,24.23999945819378
21:06:00.339022,104,-1.8824243756342498,1.0303204329851992,-0.7591000132325337,-0.41748001115047373,13.879999689757824
21:06:00.339022,104,-1.9452237567506372,1.0395499391311447,-0.7801930723591489,-0.41748001115047373,5.999999865889549
21:06:00.339022,104,-1.5475121351365861,1.0156433895246495,-0.4139270481368768,-0.5566400148672983,12.359999723732471
21:06:00.339022,104,-1.609531255127781,1.0334681848411105,-0.4277300721488222,-0.5566400148672983,18.11999959498644
21:06:00.339022,104,-1.6570600315591433,0.9950854798044303,-0.5979112735658146,-0.4872000130126253,21.99999950826168
21:06:00.339022,104,-1.7088623530696416,1.0261934282031109,-0.6166029271197688,-0.4872000130126253,34.11999923735857
21:06:00.339022,104,-1.76066467458014,1.0573013766017911,-0.635294580673723,-0.27832000743364915,36.87999917566776
21:06:00.339022,104,-1.8124669960906383,1.0884093250004716,-0.6539862342276772,-0.27832000743364915,22.639999493956566
21:06:00.339022,104,-1.861442868859176,1.0677603525988986,-0.7591000132325337,-0.41748001115047373,13.879999689757824
21:06:00.339022,104,-1.9161512305402975,1.0240132468881755,-0.8677684609550387,-0.41748001115047373,6.11999986320734
21:06:00.339022,104,-1.5372784957828907,1.0310674708687144,-0.4139270481368768,-0.5566400148672983,11.239999748766422
21:06:00.339022,104,-1.5876705274741725,1.0419996324164102,-0.4849117725590658,-0.5566400148672983,15.75999964773655
21:06:00.339022,104,-1.63682824821733,1.0280254598725604,-0.5979112735658146,-0.4872000130126253,18.879999577999115
21:06:00.339022,104,-1.6879980921316984,1.0601631642278992,-0.6166029271197688,-0.4872000130126253,29.11999934911728
21:06:00.339022,104,-1.739167936046067,1.0923008685832383,-0.635294580673723,-0.27832000743364915,31.87999928742647
21:06:00.339022,104,-1.7903377799604356,1.124438572938577,-0.6539862342276772,-0.27832000743364915,19.999999552965164
21:06:00.339022,104,-1.8397168097887489,1.104773182327265,-0.7591000132325337,-0.41748001115047373,13.35999970138073
21:06:00.339022,104,-1.8952891139290953,1.062128920011797,-0.8677684609550387,-0.41748001115047373,6.11999986320734
21:06:00.339022,104,-1.7169755535572688,1.1268634548005996,-0.635294580673723,-0.27832000743364915,27.239999391138554
21:06:00.339022,104,-1.7667589537070196,1.109629668138197,-0.7380069541059185,-0.41748001115047373,17.879999600350857
21:06:00.339022,104,-1.817254888556531,1.1413441175325671,-0.7591000132325337,-0.41748001115047373,12.519999720156193
21:06:00.339022,104,-1.8736689069763934,1.0998197557479348,-0.8677684609550387,-0.41748001115047373,6.11999986320734
21:06:00.339022,104,-1.7442145003201235,1.144740572264926,-0.7380069541059185,-0.41748001115047373,16.119999639689922
21:06:00.339022,104,-1.8012481020861202,1.1063291863226583,-0.8443077406492442,-0.41748001115047373,11.239999748766422
21:06:00.339022,104,-1.8438124921281513,1.132472296173535,-0.8894508205648328,-0.41748001115047373,5.879999868571758
21:06:00.368648,105,1.8402807875884906,0.5911088589600795,-0.5979112735658146,-0.5566400148672983,19.519999563694
21:06:00.368648,105,1.8404106491239831,0.6944095841381639,-0.6958208358526883,-0.5566400148672983,24.23999945819378
21:06:00.368648,105,1.8962007155304494,0.715459862689201,-0.7169138949793035,-0.5566400148672983,25.51999942958355
21:06:00.368648,105,2.012871065332178,0.646545856853407,-0.6539862342276772,-0.5566400148672983,19.999999552965164
21:06:00.368648,105,-1.7827506950072614,0.5726298596623036,-0.5792196200118604,-0.5566400148672983,13.519999697804451
21:06:00.368648,105,-1.8402807875884906,0.5911088589600795,-0.5979112735658146,-0.5566400148672983,23.23999948054552
21:06:00.368648,105,1.8728166285227743,0.6015595597116605,-0.6958208358526883,-0.5566400148672983,28.359999366104603
21:06:00.368648,105,1.9232947201834858,0.6390597687319758,-0.7169138949793035,-0.5566400148672983,29.999999329447746
21:06:00.368648,105,-2.012871065332178,0.646545856853407,-0.6539862342276772,-0.6958000185841229,23.35999947786331
21:06:00.368648,105,-1.7647721987087461,0.6258466932008512,-0.5792196200118604,-0.5566400148672983,14.999999664723873
21:06:00.368648,105,-1.8217221178762606,0.6460430214380725,-0.5979112735658146,-0.5566400148672983,27.99999937415123
21:06:00.368648,105,-1.878738483679111,0.582801628253571,-0.6958208358526883,-0.5566400148672983,33.639999248087406
21:06:00.368648,105,-1.9356904171048017,0.6004686318418953,-0.7169138949793035,-0.5566400148672983,35.51999920606613
21:06:00.368648,105,-1.9925718753788038,0.7066320061497365,-0.6539862342276772,-0.6958000185841229,27.239999391138554
21:06:00.368648,105,1.9842446097148145,0.7036788818411001,-0.8654039026760849,-0.904680024163099,8.359999813139439
21:06:00.368648,105,-1.7452055266209345,0.6785003069840785,-0.5792196200118604,-0.5566400148672983,16.639999628067017
21:06:00.368648,105,-1.8015240212937786,0.7003957888293556,-0.5979112735658146,-0.5566400148672983,33.87999924272299
21:06:00.368648,105,-1.8539298447913246,0.6574649485287516,-0.6958208358526883,-0.5566400148672983,39.87999910861254
21:06:00.368648,105,-1.9101297310520726,0.6773952902466733,-0.7169138949793035,-0.5566400148672983,41.75999906659126
21:06:00.368648,105,-1.97047950531231,0.7660822343651865,-0.6539862342276772,-0.6958000185841229,31.5199992954731
21:06:00.368648,105,2.0107970750768427,0.6237673947825844,-0.8654039026760849,-0.904680024163099,9.239999793469906
21:06:00.368648,105,-1.724068287427208,0.730543316315711,-0.5792196200118604,-0.5566400148672983,17.999999597668648
21:06:00.368648,105,-1.7797046747638259,0.7541182473141644,-0.5979112735658146,-0.5566400148672983,40.879999086260796
21:06:00.368648,105,-1.8333746494106509,0.7127786632961676,-0.6958208358526883,-0.5566400148672983,47.23999894410372
21:06:00.368648,105,-1.888951427064724,0.7343857806953924,-0.7169138949793035,-0.5566400148672983,48.75999891012907
21:06:00.368648,105,-1.9466138367736794,0.8248430403095247,-0.6539862342276772,-0.6958000185841229,35.879999198019505
21:06:00.368648,105,-1.9979204131413033,0.6638559050612726,-0.8654039026760849,-0.904680024163099,10.119999773800373
21:06:00.368648,105,-1.7013795032152692,0.7819288860022413,-0.5792196200118604,-0.5566400148672983,19.119999572634697
21:06:00.368648,105,-1.7642673865709766,0.789559148506569,-0.5979112735658146,-0.5566400148672983,48.87999890744686
21:06:00.368648,105,-1.8111695406683355,0.7674509254064062,-0.6958208358526883,-0.5566400148672983,55.519998759031296
21:06:00.368648,105,-1.86609213624338,0.8576283789200604,-0.635294580673723,-0.6263600167294499,55.75999875366688
21:06:00.368648,105,-1.9209963472527505,0.8828615432260001,-0.6539862342276772,-0.6958000185841229,39.759999111294746
21:06:00.368648,105,-1.9761355484836154,0.613015076505307,-0.9489021892139303,-0.904680024163099,10.99999975413084
21:06:00.368648,105,-1.685401703852647,0.8157978262880682,-0.5792196200118604,-0.5566400148672983,19.879999555647373
21:06:00.368648,105,-1.7397903047550347,0.8421239551210887,-0.5979112735658146,-0.5566400148672983,56.87999872863293
21:06:00.368648,105,-1.7954593239330126,0.8035184155039066,-0.6958208358526883,-0.5566400148672983,63.63999857753515
21:06:00.368648,105,-1.8485675065598102,0.8947762127871299,-0.635294580673723,-0.6263600167294499,61.519998624920845
21:06:00.368648,105,-1.9029561074621977,0.9211023416201505,-0.6539862342276772,-0.6958000185841229,42.35999905318022
21:06:00.368648,105,-1.9568586607785448,0.6720144133420409,-0.9489021892139303,-0.904680024163099,11.879999734461308
21:06:00.368648,105,1.9794149905975593,0.6577070445008044,-1.0595274930569374,-0.904680024163099,5.239999882876873
21:06:00.368648,105,-1.6687497663103419,0.8493404583351257,-0.5792196200118604,-0.5566400148672983,19.879999555647373
21:06:00.368648,105,-1.7171863327821766,0.8739931272959895,-0.617209902149157,-0.5566400148672983,62.99999859184027
21:06:00.368648,105,-1.7705494916118922,0.8570125586622223,-0.6958208358526883,-0.5566400148672983,70.23999843001366
21:06:00.368648,105,-1.8303034745539069,0.9315661481152737,-0.635294580673723,-0.41748001115047373,64.51999855786562
21:06:00.368648,105,-1.8744709166177398,0.9777679957024848,-0.6539862342276772,-0.6958000185841229,43.119999036192894
21:06:00.368648,105,-1.9284199742873216,0.7497303467068227,-0.9489021892139303,-0.904680024163099,12.759999714791775
21:06:00.368648,105,-1.9921723844839292,0.6179898477223822,-1.0595274930569374,-0.41748001115047373,5.639999873936176
21:06:00.368648,105,-1.6425224939469736,0.8990132666451347,-0.5792196200118604,-0.5566400148672983,19.519999563694
21:06:00.368648,105,-1.6993642101242992,0.9081597708570562,-0.617209902149157,-0.5566400148672983,64.99999854713678
21:06:00.368648,105,-1.7530562854032559,0.89224979022695,-0.6958208358526883,-0.5566400148672983,73.51999835669994
21:06:00.368648,105,-1.8015371078380136,0.9860478418216218,-0.635294580673723,-0.41748001115047373,63.75999857485294
21:06:00.368648,105,-1.8545419791350268,1.0150593668804506,-0.6539862342276772,-0.6958000185841229,41.75999906659126
21:06:00.368648,105,-1.9050637141559468,0.807236913805232,-0.9489021892139303,-0.904680024163099,13.239999704062939
21:06:00.368648,105,-1.9658658571421903,0.6971611672424965,-1.0595274930569374,-0.41748001115047373,6.11999986320734
21:06:00.368648,105,-1.624214934142162,0.9316817291518147,-0.5792196200118604,-0.5566400148672983,18.35999958962202
21:06:00.368648,105,-1.673197196266665,0.915802664925779,-0.6747277767260731,-0.5566400148672983,62.1199986115098
21:06:00.368648,105,-1.7290430918814392,0.9918132285077864,-0.6166029271197688,-0.41748001115047373,71.8799983933568
21:06:00.368648,105,-1.781457170751078,1.0218789781857722,-0.635294580673723,-0.41748001115047373,59.35999867320061
21:06:00.368648,105,-1.8338712496207163,1.0519447278637581,-0.6539862342276772,-0.4872000130126253,38.6399991363287
21:06:00.368648,105,-1.8885390525094476,0.8451742052087038,-0.9489021892139303,-0.904680024163099,13.639999695122242
21:06:00.368648,105,-1.944069586426077,0.7558145966581087,-1.0595274930569374,-0.41748001115047373,6.5199998542666435
21:06:00.368648,105,-1.605257710048645,0.9639775314057498,-0.5792196200118604,-0.5566400148672983,17.11999961733818
21:06:00.368648,105,-1.6545477361534664,0.9490812227987794,-0.6747277767260731,-0.5566400148672983,55.519998759031296
21:06:00.368648,105,-1.7088623530696416,1.0261934282031109,-0.6166029271197688,-0.41748001115047373,66.11999852210283
21:06:00.368648,105,-1.76066467458014,1.0573013766017911,-0.635294580673723,-0.41748001115047373,52.7599988207221
21:06:00.368648,105,-1.8124669960906383,1.0884093250004716,-0.6539862342276772,-0.4872000130126253,34.51999922841787
21:06:00.368648,105,-1.862337851233081,0.9014415776233068,-0.9489021892139303,-0.904680024163099,13.519999697804451
21:06:00.368648,105,-1.9205237843811458,0.8137878439830873,-1.0595274930569374,-0.41748001115047373,6.7599998489022255
21:06:00.368648,105,-1.5856584043029616,0.9958877555172213,-0.5792196200118604,-0.5566400148672983,15.519999653100967
21:06:00.368648,105,-1.6352364790357325,0.9819801608538777,-0.6747277767260731,-0.5566400148672983,47.11999894678593
21:06:00.368648,105,-1.6879980921316984,1.0601631642278992,-0.6166029271197688,-0.41748001115047373,57.759998708963394
21:06:00.368648,105,-1.739167936046067,1.0923008685832383,-0.635294580673723,-0.41748001115047373,45.35999898612499
21:06:00.368648,105,-1.7903377799604356,1.124438572938577,-0.6539862342276772,-0.4872000130126253,30.119999326765537
21:06:00.368648,105,-1.8439377668433985,0.9385055684501966,-0.9489021892139303,-0.904680024163099,13.119999706745148
21:06:00.368648,105,-1.8952496406389943,0.8710287372102492,-1.0595274930569374,-0.41748001115047373,6.9999998435378075
21:06:00.368648,105,-1.5647752143089735,0.9827718705607167,-0.6536347175994579,-0.41748001115047373,13.879999689757824
21:06:00.368648,105,-1.615271149158485,1.0144863199550869,-0.6747277767260731,-0.41748001115047373,38.99999912828207
21:06:00.368648,105,-1.6664586544934255,1.0937088491412728,-0.6166029271197688,-0.41748001115047373,48.87999890744686
21:06:00.368648,105,-1.7169755535572688,1.1268634548005996,-0.635294580673723,-0.41748001115047373,38.239999145269394
21:06:00.368648,105,-1.7674924526211122,1.1600180604599266,-0.6539862342276772,-0.4872000130126253,25.879999421536922
21:06:00.368648,105,-1.8149571137769824,0.9933931070597238,-0.9489021892139303,-0.904680024163099,12.359999723732471
21:06:00.368648,105,-1.868269900222021,0.9274857634016367,-1.0595274930569374,-0.41748001115047373,6.9999998435378075
21:06:00.368648,105,-1.5946597323871168,1.046586698072757,-0.6747277767260731,-0.41748001115047373,31.87999928742647
21:06:00.368648,105,-1.6442526556423045,1.1268170651171356,-0.6166029271197688,-0.41748001115047373,40.759999088943005
21:06:00.368648,105,-1.6940964037704498,1.1609753106808351,-0.635294580673723,-0.41748001115047373,31.999999284744263
21:06:00.368648,105,-1.7993493846226363,0.9385828426431422,-1.030882434738557,-0.41748001115047373,11.519999742507935
21:06:00.368648,105,-1.8493477804831004,0.9646631786331163,-1.0595274930569374,-0.41748001115047373,6.8799998462200165
21:06:00.368648,105,-1.573410473013153,1.0782684554842143,-0.6747277767260731,-0.41748001115047373,26.119999416172504
21:06:00.368648,105,-1.621388977681402,1.1594745693111268,-0.6166029271197688,-0.41748001115047373,33.639999248087406
21:06:00.368648,105,-1.8296859463226949,1.0014547414723955,-1.0595274930569374,-0.41748001115047373,6.6399998515844345
21:06:00.368648,105,-1.6097133567225526,1.1756302152526439,-0.6166029271197688,-0.41748001115047373,27.87999937683344
21:06:00.399675,106,-1.7459582555083262,0.6587715337917794,-0.33957435201641994,-0.5566400148672983,13.639999695122242
21:06:00.399675,106,1.78838776125011,0.5547740189812088,-0.5792196200118604,-0.6263600167294499,17.23999961465597
21:06:00.399675,106,1.8402807875884906,0.5911088589600795,-0.5979112735658146,-0.6263600167294499,18.759999580681324
21:06:00.399675,106,1.9038117672695685,0.5905795870430063,-0.6166029271197688,-0.41748001115047373,19.879999555647373
21:06:00.399675,106,-1.9779647699142742,0.6353337523777424,-0.5526589306067747,-0.41748001115047373,15.639999650418758
21:06:00.399675,106,-2.0361605004397205,0.6540265584425835,-0.5689192759310583,-0.5566400148672983,9.239999793469906
21:06:00.399675,106,-1.7254124520190803,0.7108459988841153,-0.33957435201641994,-0.5566400148672983,15.119999662041664
21:06:00.399675,106,-1.7827506950072614,0.5726298596623036,-0.5792196200118604,-0.6263600167294499,20.119999550282955
21:06:00.399675,106,-1.8402807875884906,0.5911088589600795,-0.5979112735658146,-0.6263600167294499,22.759999491274357
21:06:00.399675,106,-1.8978108801697195,0.6095878582578553,-0.6166029271197688,-0.41748001115047373,24.119999460875988
21:06:00.399675,106,-1.9580175992896387,0.694377914974583,-0.5526589306067747,-0.41748001115047373,17.759999603033066
21:06:00.399675,106,-2.012871065332178,0.646545856853407,-0.6539862342276772,-0.6263600167294499,10.239999771118164
21:06:00.399675,106,-1.7033138938542727,0.7622807505867161,-0.33957435201641994,-0.5566400148672983,16.519999630749226
21:06:00.399675,106,-1.7647721987087461,0.6258466932008512,-0.5792196200118604,-0.6263600167294499,23.35999947786331
21:06:00.399675,106,-1.8217221178762606,0.6460430214380725,-0.5979112735658146,-0.6263600167294499,27.99999937415123
21:06:00.399675,106,-1.8786720370437748,0.6662393496752939,-0.6166029271197688,-0.6263600167294499,29.519999340176582
21:06:00.399675,106,-1.9286609337039835,0.7057572529436107,-0.635294580673723,-0.41748001115047373,20.359999544918537
21:06:00.399675,106,-1.9925718753788038,0.7066320061497365,-0.6539862342276772,-0.6263600167294499,11.359999746084213
21:06:00.399675,106,-1.6855880129226195,0.7746713503439642,-0.39539632510590894,-0.5566400148672983,17.639999605715275
21:06:00.399675,106,-1.7452055266209345,0.6785003069840785,-0.5792196200118604,-0.6263600167294499,26.87999939918518
21:06:00.399675,106,-1.8015240212937786,0.7003957888293556,-0.5979112735658146,-0.6263600167294499,34.35999923199415
21:06:00.399675,106,-1.8578425159666223,0.7222912706746325,-0.6166029271197688,-0.6263600167294499,36.51999918371439
21:06:00.399675,106,-1.9141610106394664,0.7441867525199096,-0.635294580673723,-0.41748001115047373,23.519999474287033
21:06:00.399675,106,-1.97047950531231,0.7660822343651865,-0.6539862342276772,-0.6263600167294499,12.519999720156193
21:06:00.399675,106,-1.6140778875409014,0.7812744161261556,-0.3822112361047498,-0.4872000130126253,6.8799998462200165
21:06:00.399675,106,-1.6697585127860404,0.808225933344579,-0.39539632510590894,-0.5566400148672983,18.519999586045742
21:06:00.399675,106,-1.724068287427208,0.730543316315711,-0.5792196200118604,-0.6263600167294499,30.51999931782484
21:06:00.399675,106,-1.7797046747638259,0.7541182473141644,-0.5979112735658146,-0.6263600167294499,42.119999058544636
21:06:00.399675,106,-1.8353410621004436,0.7776931783126177,-0.6166029271197688,-0.6263600167294499,45.2399989888072
21:06:00.399675,106,-1.8909774494370615,0.8012681093110712,-0.635294580673723,-0.6263600167294499,27.239999391138554
21:06:00.399675,106,-1.9466138367736794,0.8248430403095247,-0.6539862342276772,-0.6263600167294499,13.759999692440033
21:06:00.399675,106,-2.0060329307543308,0.6665514792627766,-0.8443077406492442,-0.6263600167294499,5.359999880194664
21:06:00.399675,106,-1.6496547268751518,0.8396216917032234,-0.4139270481368768,-0.5566400148672983,18.759999580681324
21:06:00.399675,106,-1.7013795032152692,0.7819288860022413,-0.5792196200118604,-0.6263600167294499,33.7599992454052
21:06:00.399675,106,-1.7587217465837846,0.7870773190403895,-0.617209902149157,-0.6263600167294499,50.639998868107796
21:06:00.399675,106,-1.819421179824709,0.8142420182176974,-0.6166029271197688,-0.6263600167294499,55.63999875634909
21:06:00.399675,106,-1.86609213624338,0.8576283789200604,-0.635294580673723,-0.6263600167294499,31.359999299049377
21:06:00.399675,106,-1.9209963472527505,0.8828615432260001,-0.6539862342276772,-0.6263600167294499,15.119999662041664
21:06:00.399675,106,-1.9851367390929762,0.7264235134420622,-0.8443077406492442,-0.6263600167294499,5.879999868571758
21:06:00.399675,106,-1.5695819122540526,0.8590901904861142,-0.40012402412493137,-0.4872000130126253,6.8799998462200165
21:06:00.399675,106,-1.632533492956476,0.8724446672743442,-0.4139270481368768,-0.5566400148672983,18.519999586045742
21:06:00.399675,106,-1.685401703852647,0.8157978262880682,-0.5792196200118604,-0.6263600167294499,35.999999195337296
21:06:00.399675,106,-1.733153381494733,0.7965316910789924,-0.6747277767260731,-0.6263600167294499,58.11999870091677
21:06:00.399675,106,-1.7941789056574224,0.8684500839541094,-0.6166029271197688,-0.6263600167294499,66.63999851047993
21:06:00.399675,106,-1.8485675065598102,0.8947762127871299,-0.635294580673723,-0.6263600167294499,35.879999198019505
21:06:00.399675,106,-1.8956967419981932,0.8712342183901199,-0.7380069541059185,-0.6263600167294499,16.519999630749226
21:06:00.399675,106,-1.962454058439004,0.7856418155205884,-0.8443077406492442,-0.6263600167294499,6.5199998542666435
21:06:00.399675,106,-1.5520873483542965,0.8903079229924247,-0.40012402412493137,-0.4872000130126253,6.7599998489022255
21:06:00.399675,106,-1.605629494404697,0.9210207542600934,-0.4139270481368768,-0.5566400148672983,17.759999603033066
21:06:00.399675,106,-1.6687497663103419,0.8493404583351257,-0.5792196200118604,-0.6263600167294499,36.87999917566776
21:06:00.399675,106,-1.716877190943571,0.8310331460883494,-0.6747277767260731,-0.6263600167294499,62.23999860882759
21:06:00.399675,106,-1.7705494916118922,0.8570125586622223,-0.6958208358526883,-0.6263600167294499,75.63999830931425
21:06:00.399675,106,-1.8242217922802135,0.882991971236095,-0.7169138949793035,-0.6263600167294499,40.23999910056591
21:06:00.399675,106,-1.8778940929485346,0.9089713838099678,-0.7380069541059185,-0.6263600167294499,17.879999600350857
21:06:00.399675,106,-1.9301678918763732,0.8407392872353213,-0.8654039026760849,-0.6263600167294499,7.239999838173389
21:06:00.399675,106,-1.5339719702371724,0.921169544216071,-0.40012402412493137,-0.4872000130126253,6.6399998515844345
21:06:00.399675,106,-1.5868891925537807,0.9529470046314876,-0.4139270481368768,-0.5566400148672983,16.639999628067017
21:06:00.399675,106,-1.6425224939469736,0.8990132666451347,-0.5792196200118604,-0.5566400148672983,35.999999195337296
21:06:00.399675,106,-1.6999142724381202,0.8652021989344244,-0.6747277767260731,-0.6263600167294499,61.23999863117933
21:06:00.399675,106,-1.7530562854032559,0.89224979022695,-0.6958208358526883,-0.6263600167294499,79.35999822616577
21:06:00.399675,106,-1.8061982983683917,0.9192973815194755,-0.7169138949793035,-0.6263600167294499,43.87999901920557
21:06:00.399675,106,-1.8593403113335276,0.946344972812001,-0.7380069541059185,-0.6263600167294499,18.879999577999115
21:06:00.399675,106,-1.904080986608056,0.8982573330450077,-0.8654039026760849,-0.6263600167294499,7.999999821186066
21:06:00.399675,106,-1.5152430238120682,0.9516627099205984,-0.40012402412493137,-0.4872000130126253,6.359999857842922
21:06:00.399675,106,-1.567514156212457,0.9844920889238588,-0.4139270481368768,-0.5566400148672983,15.239999659359455
21:06:00.399675,106,-1.624214934142162,0.9316817291518147,-0.5792196200118604,-0.5566400148672983,33.7599992454052
21:06:00.399675,106,-1.673197196266665,0.915802664925779,-0.6747277767260731,-0.6263600167294499,55.63999875634909
21:06:00.399675,106,-1.7255039911085612,0.9444321069406341,-0.6958208358526883,-0.6263600167294499,75.99999830126762
21:06:00.399675,106,-1.7874523492518413,0.9552350851238205,-0.7169138949793035,-0.6263600167294499,46.11999896913767
21:06:00.399675,106,-1.8400428184181066,0.9833400364595951,-0.7380069541059185,-0.6263600167294499,19.759999558329582
21:06:00.399675,106,-1.8857362345145234,0.9361567677319984,-0.8654039026760849,-0.6263600167294499,8.759999804198742
21:06:00.399675,106,-1.5056507940187687,0.9667673045439673,-0.40012402412493137,-0.4872000130126253,5.999999865889549
21:06:00.399675,106,-1.5562946072871375,0.9774455451242414,-0.4692634717354123,-0.5566400148672983,13.879999689757824
21:06:00.399675,106,-1.602823952977039,0.9194114403487497,-0.6536347175994579,-0.6263600167294499,30.51999931782484
21:06:00.399675,106,-1.6545477361534664,0.9490812227987794,-0.6747277767260731,-0.6263600167294499,47.63999893516302
21:06:00.399675,106,-1.7062715193298938,0.9787510052488092,-0.6958208358526883,-0.6263600167294499,67.23999849706888
21:06:00.399675,106,-1.7579953025063213,1.0084207876988391,-0.7169138949793035,-0.6263600167294499,46.51999896019697
21:06:00.399675,106,-1.8134803966428945,1.0162829306584313,-0.7588328676786101,-0.6263600167294499,19.999999552965164
21:06:00.399675,106,-1.8666372131037174,0.9736817522105591,-0.8654039026760849,-0.6263600167294499,9.519999787211418
21:06:00.399675,106,-1.486015617249469,0.9966849652499209,-0.40012402412493137,-0.4872000130126253,5.759999871253967
21:06:00.399675,106,-1.5324358313784494,1.0057487024958685,-0.48761754930964063,-0.5566400148672983,12.519999720156193
21:06:00.399675,106,-1.5841163963474785,0.9512819054855308,-0.6536347175994579,-0.6263600167294499,26.99999939650297
21:06:00.399675,106,-1.6352364790357325,0.9819801608538777,-0.6747277767260731,-0.6263600167294499,39.35999912023544
21:06:00.399675,106,-1.6863565617239866,1.0126784162222247,-0.6958208358526883,-0.6263600167294499,56.35999874025583
21:06:00.399675,106,-1.7312437783895922,1.0396337568146545,-0.7371445807917271,-0.6263600167294499,45.11999899148941
21:06:00.399675,106,-1.7928082107822558,1.0046981406224007,-0.8208470203434497,-0.6263600167294499,19.879999555647373
21:06:00.399675,106,-1.8344606716695553,0.9568977134997922,-0.9489021892139303,-0.6263600167294499,10.239999771118164
21:06:00.399675,106,-1.5647752143089735,0.9827718705607167,-0.6536347175994579,-0.6263600167294499,23.35999947786331
21:06:00.399675,106,-1.615271149158485,1.0144863199550869,-0.6747277767260731,-0.6263600167294499,32.119999282062054
21:06:00.399675,106,-1.6657670840079963,1.0462007693494568,-0.6958208358526883,-0.6263600167294499,45.99999897181988
21:06:00.399675,106,-1.7217011039848267,1.010616593254594,-0.7973863000376552,-0.6263600167294499,42.35999905318022
21:06:00.399675,106,-1.7723570383153486,1.0403509807523745,-0.8208470203434497,-0.6263600167294499,19.119999572634697
21:06:00.399675,106,-1.8149571137769824,0.9933931070597238,-0.9489021892139303,-0.6263600167294499,10.759999759495258
21:06:00.399675,106,-1.5946597323871168,1.046586698072757,-0.6747277767260731,-0.6263600167294499,26.119999416172504
21:06:00.399675,106,-1.6445113216981189,1.0793046561368131,-0.6958208358526883,-0.6263600167294499,37.239999167621136
21:06:00.399675,106,-1.7011457913057164,1.044846202436962,-0.7973863000376552,-0.6263600167294499,38.75999913364649
21:06:00.399675,106,-1.7441150011026283,1.0712379531660752,-0.8413569847873371,-0.6263600167294499,19.63999956101179
21:06:00.399675,106,-1.7947275972704564,1.029491156639658,-0.9489021892139303,-0.6263600167294499,10.99999975413084
21:06:00.399675,106,-1.6167770168161772,1.1079878306938038,-0.7154562939048441,-0.6263600167294499,30.23999932408333
21:06:00.399675,106,-1.7737802136864944,1.06517742350171,-0.9489021892139303,-0.6263600167294499,10.99999975413084
21:06:00.399675,106,-1.7521233416988609,1.1004376336155828,-0.9489021892139303,-0.6263600167294499,10.639999762177467
21:06:00.442772,107,-1.8402807875884906,0.5911088589600795,-0.5979112735658146,-0.5566400148672983,14.6399996727705
21:06:00.442772,107,-1.8978108801697195,0.6095878582578553,-0.6166029271197688,-0.6263600167294499,12.999999709427357
21:06:00.442772,107,-1.7647721987087461,0.6258466932008512,-0.5792196200118604,-0.6958000185841229,12.759999714791775
21:06:00.442772,107,-1.8217221178762606,0.6460430214380725,-0.5979112735658146,-0.5566400148672983,16.639999628067017
21:06:00.442772,107,-1.8786720370437748,0.6662393496752939,-0.6166029271197688,-0.6263600167294499,14.759999670088291
21:06:00.442772,107,-1.689556681836279,0.7561240122774153,-0.4139270481368768,-0.6263600167294499,9.879999779164791
21:06:00.442772,107,-1.7452055266209345,0.6785003069840785,-0.5792196200118604,-0.6958000185841229,14.119999684393406
21:06:00.442772,107,-1.8015240212937786,0.7003957888293556,-0.5979112735658146,-0.6958000185841229,18.759999580681324
21:06:00.442772,107,-1.8578425159666223,0.7222912706746325,-0.6166029271197688,-0.6263600167294499,16.759999625384808
21:06:00.442772,107,1.8212502316196242,0.7080649369941756,-0.8961680313070386,-0.7655200204462744,9.63999978452921
21:06:00.442772,107,-1.6661161209276765,0.8064628786652405,-0.4139270481368768,-0.6263600167294499,10.359999768435955
21:06:00.442772,107,-1.724068287427208,0.730543316315711,-0.5792196200118604,-0.6263600167294499,15.359999656677246
21:06:00.442772,107,-1.7797046747638259,0.7541182473141644,-0.5979112735658146,-0.6958000185841229,20.999999530613422
21:06:00.442772,107,-1.8353410621004436,0.7776931783126177,-0.6166029271197688,-0.6263600167294499,19.239999569952488
21:06:00.442772,107,1.8543626397265491,0.6161554686615106,-0.8961680313070386,-0.7655200204462744,10.87999975681305
21:06:00.442772,107,1.9089217451865812,0.6342840107677279,-0.9225351102604845,-0.7655200204462744,5.759999871253967
21:06:00.442772,107,-1.6498843433764028,0.7986060877216623,-0.48761754930964063,-0.6263600167294499,10.87999975681305
21:06:00.442772,107,-1.7013795032152692,0.7819288860022413,-0.5792196200118604,-0.6263600167294499,16.519999630749226
21:06:00.442772,107,-1.7562658869672705,0.7441864772722318,-0.6747277767260731,-0.6958000185841229,23.23999948054552
21:06:00.442772,107,-1.8111695406683355,0.7674509254064062,-0.6958208358526883,-0.6958000185841229,21.99999950826168
21:06:00.442772,107,-1.8663140671510827,0.5789474621492735,-0.8961680313070386,-0.7655200204462744,12.359999723732471
21:06:00.442772,107,-1.921224807817349,0.5959812693272902,-0.9225351102604845,-0.7655200204462744,6.239999860525131
21:06:00.442772,107,-1.6251873626062912,0.8477358470004027,-0.48761754930964063,-0.6263600167294499,11.119999751448631
21:06:00.442772,107,-1.685401703852647,0.8157978262880682,-0.5792196200118604,-0.6263600167294499,17.519999608397484
21:06:00.442772,107,-1.741031908529819,0.7791606202579818,-0.6747277767260731,-0.6958000185841229,25.359999433159828
21:06:00.442772,107,-1.7954593239330126,0.8035184155039066,-0.6958208358526883,-0.6958000185841229,25.119999438524246
21:06:00.442772,107,-1.84810847051452,0.6346679780700946,-0.8961680313070386,-0.7655200204462744,14.119999684393406
21:06:00.442772,107,-1.9024835656465324,0.6533411957060677,-0.9225351102604845,-0.7655200204462744,6.8799998462200165
21:06:00.442772,107,-1.5520873483542965,0.8903079229924247,-0.40012402412493137,-0.4872000130126253,5.359999880194664
21:06:00.442772,107,-1.6079087497134774,0.8800678851426886,-0.48761754930964063,-0.6263600167294499,11.239999748766422
21:06:00.442772,107,-1.6687497663103419,0.8493404583351257,-0.5792196200118604,-0.6263600167294499,17.999999597668648
21:06:00.442772,107,-1.716877190943571,0.8310331460883494,-0.6747277767260731,-0.6958000185841229,26.99999939650297
21:06:00.442772,107,-1.7705494916118922,0.8570125586622223,-0.6958208358526883,-0.6958000185841229,28.519999362528324
21:06:00.442772,107,-1.8282397010724176,0.6898173356749866,-0.8961680313070386,-0.7655200204462744,16.239999637007713
21:06:00.442772,107,-1.8820302167569534,0.7101131591341995,-0.9225351102604845,-0.7655200204462744,7.519999831914902
21:06:00.442772,107,-1.5339719702371724,0.921169544216071,-0.40012402412493137,-0.4872000130126253,5.359999880194664
21:06:00.442772,107,-1.5899869947880256,0.9120479078807352,-0.48761754930964063,-0.6263600167294499,11.119999751448631
21:06:00.442772,107,-1.6425224939469736,0.8990132666451347,-0.5792196200118604,-0.6263600167294499,18.11999959498644
21:06:00.442772,107,-1.6999142724381202,0.8652021989344244,-0.6747277767260731,-0.6958000185841229,27.99999937415123
21:06:00.442772,107,-1.7530562854032559,0.89224979022695,-0.6958208358526883,-0.6958000185841229,31.87999928742647
21:06:00.442772,107,-1.8067256393753726,0.7443459042667938,-0.8961680313070386,-0.7655200204462744,18.519999586045742
21:06:00.442772,107,-1.8598831677812302,0.7662460686788766,-0.9225351102604845,-0.7655200204462744,8.239999815821648
21:06:00.442772,107,-1.5152430238120682,0.9516627099205984,-0.40012402412493137,-0.4872000130126253,5.359999880194664
21:06:00.442772,107,-1.5714292662926317,0.9436631236324138,-0.48761754930964063,-0.6263600167294499,10.87999975681305
21:06:00.442772,107,-1.6208904014247687,0.8871732229109238,-0.6536347175994579,-0.6958000185841229,17.759999603033066
21:06:00.442772,107,-1.6822714109193104,0.8990251824522711,-0.6747277767260731,-0.6958000185841229,28.11999937146902
21:06:00.442772,107,-1.7355584734823317,0.8616023710035932,-0.7739255797318607,-0.6958000185841229,34.639999225735664
21:06:00.442772,107,-1.7835856466258913,0.7982046118165452,-0.8961680313070386,-0.7655200204462744,20.999999530613422
21:06:00.442772,107,-1.8360623495676696,0.8216894085126245,-0.9225351102604845,-0.7655200204462744,8.879999801516533
21:06:00.442772,107,-1.8885390525094476,0.8451742052087038,-0.9489021892139303,-0.5566400148672983,5.119999885559082
21:06:00.442772,107,-1.4959080004075025,0.9817752232468406,-0.40012402412493137,-0.4872000130126253,5.359999880194664
21:06:00.442772,107,-1.552242987070929,0.9749008867335196,-0.48761754930964063,-0.6263600167294499,10.519999764859676
21:06:00.442772,107,-1.602823952977039,0.9194114403487497,-0.6536347175994579,-0.6958000185841229,16.99999962002039
21:06:00.442772,107,-1.6571288639412938,0.8855887162925842,-0.7504648594260662,-0.6958000185841229,27.359999388456345
21:06:00.442772,107,-1.7020223082418415,0.9095802890502495,-0.7932631490098413,-0.6958000185841229,36.63999918103218
21:06:00.442772,107,-1.7588405472546147,0.8513449891249659,-0.8961680313070386,-0.7655200204462744,23.23999948054552
21:06:00.442772,107,-1.8166784077091154,0.7697852099741708,-1.0022373764201764,-0.7655200204462744,9.519999787211418
21:06:00.442772,107,-1.862337851233081,0.9014415776233068,-0.9489021892139303,-0.5566400148672983,5.359999880194664
21:06:00.442772,107,-1.486015617249469,0.9966849652499209,-0.40012402412493137,-0.4872000130126253,5.239999882876873
21:06:00.442772,107,-1.5324358313784494,1.0057487024958685,-0.48761754930964063,-0.6263600167294499,9.999999776482582
21:06:00.442772,107,-1.5841163963474785,0.9512819054855308,-0.6536347175994579,-0.6958000185841229,15.87999964505434
21:06:00.442772,107,-1.6324582904062555,0.9148372922160765,-0.7692162311210934,-0.6958000185841229,25.879999421536922
21:06:00.442772,107,-1.683491522517065,0.9434365551507938,-0.7932631490098413,-0.6958000185841229,37.239999167621136
21:06:00.442772,107,-1.7415314874818029,0.8003821448248485,-0.9735923181017958,-0.7655200204462744,24.999999441206455
21:06:00.442772,107,-1.7927708718675335,0.8239310089533154,-1.0022373764201764,-0.7655200204462744,9.879999779164791
21:06:00.442772,107,-1.8439377668433985,0.9385055684501966,-0.9489021892139303,-0.5566400148672983,5.519999876618385
21:06:00.442772,107,-1.5647752143089735,0.9827718705607167,-0.6536347175994579,-0.6958000185841229,14.759999670088291
21:06:00.442772,107,-1.6138362839689,0.9473013193756293,-0.7692162311210934,-0.6958000185841229,23.879999466240406
21:06:00.442772,107,-1.6636608535510924,0.9105830721054865,-0.8698009523535928,-0.6958000185841229,36.35999918729067
21:06:00.442772,107,-1.7167399948716777,0.8522601068060135,-0.9735923181017958,-0.7655200204462744,25.999999418854713
21:06:00.442772,107,-1.7672499633217922,0.8773353256712212,-1.0022373764201764,-0.5566400148672983,10.519999764859676
21:06:00.442772,107,-1.8149571137769824,0.9933931070597238,-0.9489021892139303,-0.5566400148672983,5.519999876618385
21:06:00.442772,107,-1.645117685537532,0.9436719597270277,-0.8698009523535928,-0.4872000130126253,34.35999923199415
21:06:00.442772,107,-1.6993525929017077,0.8864221706631938,-0.9735923181017958,-0.7655200204462744,25.879999421536922
21:06:00.442772,107,-1.7493509887621719,0.912502506653168,-1.0022373764201764,-0.5566400148672983,11.119999751448631
21:06:00.442772,107,-1.7947275972704564,1.029491156639658,-0.9489021892139303,-0.5566400148672983,5.359999880194664
21:06:00.442772,107,-1.6259164924137817,0.9763833911636761,-0.8698009523535928,-0.4872000130126253,31.359999299049377
21:06:00.442772,107,-1.6812854725826942,0.9202296774867631,-0.9735923181017958,-0.5566400148672983,24.759999446570873
21:06:00.442772,107,-1.721192871379752,0.9645645681047117,-1.0022373764201764,-0.5566400148672983,11.239999748766422
21:06:00.442772,107,-1.7737802136864944,1.06517742350171,-0.9489021892139303,-0.5566400148672983,5.239999882876873
21:06:00.442772,107,-1.652926202034919,0.9702466028136476,-0.9735923181017958,-0.5566400148672983,22.879999488592148
21:06:00.442772,107,-1.6331919898422889,1.0031088794143888,-0.9735923181017958,-0.5566400148672983,20.63999953866005
21:06:00.478063,108,-1.7451818478124896,0.5605625281183779,-0.48761754930964063,-0.7655200204462744,17.759999603033066
21:06:00.478063,108,1.7827506950072614,0.5726298596623036,-0.5792196200118604,-0.7655200204462744,21.99999950826168
21:06:00.478063,108,1.8402807875884906,0.5911088589600795,-0.5979112735658146,-0.7655200204462744,28.519999362528324
21:06:00.478063,108,1.8978108801697195,0.6095878582578553,-0.6166029271197688,-0.6958000185841229,28.11999937146902
21:06:00.478063,108,-1.7275822218642272,0.6126578952101595,-0.48761754930964063,-0.7655200204462744,20.51999954134226
21:06:00.478063,108,-1.7827506950072614,0.5726298596623036,-0.5792196200118604,-0.7655200204462744,26.6399994045496
21:06:00.478063,108,-1.8402807875884906,0.5911088589600795,-0.5979112735658146,-0.7655200204462744,35.23999921232462
21:06:00.478063,108,-1.8978108801697195,0.6095878582578553,-0.6166029271197688,-0.6958000185841229,32.87999926507473
21:06:00.478063,108,-1.6475064478014556,0.698101596558256,-0.40012402412493137,-0.5566400148672983,13.759999692440033
21:06:00.478063,108,-1.7016804865696153,0.6226980204771688,-0.5605279664579063,-0.7655200204462744,23.639999471604824
21:06:00.478063,108,-1.7647721987087461,0.6258466932008512,-0.5792196200118604,-0.7655200204462744,32.75999926775694
21:06:00.478063,108,-1.8217221178762606,0.6460430214380725,-0.5979112735658146,-0.7655200204462744,44.11999901384115
21:06:00.478063,108,-1.8786720370437748,0.6662393496752939,-0.6166029271197688,-0.6958000185841229,38.359999142587185
21:06:00.478063,108,-1.9356904171048017,0.6004686318418953,-0.7169138949793035,-0.6958000185841229,11.879999734461308
21:06:00.478063,108,-1.633215856674215,0.730909912487487,-0.40012402412493137,-0.5566400148672983,14.879999667406082
21:06:00.478063,108,-1.6822366496329264,0.6734605836348361,-0.5605279664579063,-0.7655200204462744,27.119999393820763
21:06:00.478063,108,-1.7452055266209345,0.6785003069840785,-0.5792196200118604,-0.7655200204462744,40.639999091625214
21:06:00.478063,108,-1.8015240212937786,0.7003957888293556,-0.5979112735658146,-0.6958000185841229,55.519998759031296
21:06:00.478063,108,-1.8578425159666223,0.7222912706746325,-0.6166029271197688,-0.6958000185841229,43.99999901652336
21:06:00.478063,108,-1.9101297310520726,0.6773952902466733,-0.7169138949793035,-0.6958000185841229,12.23999972641468
21:06:00.478063,108,-1.6105569567528113,0.7795701531739652,-0.40012402412493137,-0.5566400148672983,16.119999639689922
21:06:00.478063,108,-1.6684319000905903,0.7069683853172576,-0.5605279664579063,-0.7655200204462744,30.759999312460423
21:06:00.478063,108,-1.724068287427208,0.730543316315711,-0.5792196200118604,-0.7655200204462744,49.99999888241291
21:06:00.478063,108,-1.7797046747638259,0.7541182473141644,-0.5979112735658146,-0.6263600167294499,69.51999844610691
21:06:00.478063,108,-1.8353410621004436,0.7776931783126177,-0.6166029271197688,-0.6958000185841229,48.99999890476465
21:06:00.478063,108,-1.888951427064724,0.7343857806953924,-0.7169138949793035,-0.6958000185841229,12.359999723732471
21:06:00.478063,108,-1.5946444928037908,0.8116232353962621,-0.40012402412493137,-0.5566400148672983,16.99999962002039
21:06:00.478063,108,-1.646475292205899,0.7566957216963017,-0.5605279664579063,-0.7655200204462744,33.99999924004078
21:06:00.478063,108,-1.7091135933172439,0.7648762787954406,-0.5792196200118604,-0.7655200204462744,60.359998650848866
21:06:00.478063,108,-1.7562837142246395,0.8071620503081811,-0.5979112735658146,-0.6263600167294499,84.51999811083078
21:06:00.478063,108,-1.8111879252340097,0.8323952146141208,-0.6166029271197688,-0.6958000185841229,52.11999883502722
21:06:00.478063,108,-1.8660731943694007,0.7907153735405807,-0.7169138949793035,-0.6958000185841229,12.359999723732471
21:06:00.478063,108,-1.578094192347805,0.8433516791604113,-0.40012402412493137,-0.5566400148672983,17.639999605715275
21:06:00.478063,108,-1.6310131029502593,0.7894716974550476,-0.5605279664579063,-0.7655200204462744,36.23999918997288
21:06:00.478063,108,-1.685401703852647,0.8157978262880682,-0.5792196200118604,-0.6263600167294499,69.51999844610691
21:06:00.478063,108,-1.7397903047550347,0.8421239551210887,-0.5979112735658146,-0.6263600167294499,96.23999784886837
21:06:00.478063,108,-1.7941789056574224,0.8684500839541094,-0.6166029271197688,-0.6263600167294499,52.51999882608652
21:06:00.478063,108,-1.8498867393362057,0.8278762107498314,-0.7169138949793035,-0.6958000185841229,12.23999972641468
21:06:00.478063,108,-1.558347563277338,0.8529412160827757,-0.4536151709117588,-0.5566400148672983,17.759999603033066
21:06:00.478063,108,-1.6065986042000442,0.8380395146175726,-0.5605279664579063,-0.6263600167294499,37.119999170303345
21:06:00.478063,108,-1.6635043678502737,0.8466707176573036,-0.5979149428950193,-0.6263600167294499,73.87999834865332
21:06:00.478063,108,-1.7226010023915304,0.8767490215951751,-0.5979112735658146,-0.6263600167294499,99.23999778181314
21:06:00.478063,108,-1.7764522384727186,0.9041575848552243,-0.6166029271197688,-0.6263600167294499,49.87999888509512
21:06:00.478063,108,-1.8242217922802135,0.882991971236095,-0.7169138949793035,-0.6958000185841229,11.879999734461308
21:06:00.478063,108,-1.5369664715665452,0.8816342897584437,-0.47135720398535713,-0.5566400148672983,17.519999608397484
21:06:00.478063,108,-1.5895176226499603,0.8700017415863058,-0.5605279664579063,-0.6263600167294499,36.23999918997288
21:06:00.478063,108,-1.638308515352494,0.8545801480286151,-0.6536347175994579,-0.6958000185841229,71.3599984049797
21:06:00.478063,108,-1.6993642101242992,0.9081597708570562,-0.617209902149157,-0.6263600167294499,91.75999794900417
21:06:00.478063,108,-1.7530562854032559,0.89224979022695,-0.6958208358526883,-0.6958000185841229,44.99999899417162
21:06:00.478063,108,-1.8061982983683917,0.9192973815194755,-0.7169138949793035,-0.6958000185841229,11.239999748766422
21:06:00.478063,108,-1.5190275786200291,0.9121952482826049,-0.47135720398535713,-0.5566400148672983,16.8799996227026
21:06:00.478063,108,-1.5718008552725233,0.9016159794738288,-0.5605279664579063,-0.6263600167294499,33.87999924272299
21:06:00.478063,108,-1.6208904014247687,0.8871732229109238,-0.6536347175994579,-0.6958000185841229,63.11999858915806
21:06:00.478063,108,-1.673197196266665,0.915802664925779,-0.6747277767260731,-0.6958000185841229,77.63999826461077
21:06:00.478063,108,-1.7255039911085612,0.9444321069406341,-0.6958208358526883,-0.5566400148672983,39.23999912291765
21:06:00.478063,108,-1.7874523492518413,0.9552350851238205,-0.7169138949793035,-0.6263600167294499,10.519999764859676
21:06:00.478063,108,-1.5004810949226564,0.9423913408862044,-0.47135720398535713,-0.5566400148672983,15.87999964505434
21:06:00.478063,108,-1.5534553885381466,0.9328695830070695,-0.5605279664579063,-0.6263600167294499,30.51999931782484
21:06:00.478063,108,-1.602823952977039,0.9194114403487497,-0.6536347175994579,-0.6263600167294499,52.51999882608652
21:06:00.478063,108,-1.6545477361534664,0.9490812227987794,-0.6747277767260731,-0.6958000185841229,62.35999860614538
21:06:00.478063,108,-1.7062715193298938,0.9787510052488092,-0.6958208358526883,-0.5566400148672983,33.519999250769615
21:06:00.478063,108,-1.7579953025063213,1.0084207876988391,-0.7169138949793035,-0.6263600167294499,9.759999781847
21:06:00.478063,108,-1.4813344388202911,0.97221048953535,-0.47135720398535713,-0.5566400148672983,14.6399996727705
21:06:00.478063,108,-1.534488560388593,0.9637500511618825,-0.5605279664579063,-0.6263600167294499,26.75999940186739
21:06:00.478063,108,-1.5841163963474785,0.9512819054855308,-0.6536347175994579,-0.6263600167294499,42.35999905318022
21:06:00.478063,108,-1.6352364790357325,0.9819801608538777,-0.6747277767260731,-0.6958000185841229,49.239998899400234
21:06:00.478063,108,-1.6863565617239866,1.0126784162222247,-0.6958208358526883,-0.5566400148672983,28.359999366104603
21:06:00.478063,108,-1.7374766444122407,1.0433766715905712,-0.7169138949793035,-0.5566400148672983,8.879999801516533
21:06:00.478063,108,-1.461595268719747,1.0016407669686984,-0.47135720398535713,-0.5566400148672983,13.35999970138073
21:06:00.478063,108,-1.5149079573018953,0.9942450321632921,-0.5605279664579063,-0.6263600167294499,22.99999948590994
21:06:00.478063,108,-1.5647752143089735,0.9827718705607167,-0.6536347175994579,-0.6263600167294499,33.87999924272299
21:06:00.478063,108,-1.615271149158485,1.0144863199550869,-0.6747277767260731,-0.6958000185841229,38.75999913364649
21:06:00.478063,108,-1.5448081430761145,1.0138687400087008,-0.6536347175994579,-0.6263600167294499,27.119999393820763
21:06:00.478063,108,-1.5946597323871168,1.046586698072757,-0.6747277767260731,-0.6263600167294499,30.879999309778214
21:06:00.478063,108,-1.5242231692108144,1.044560075496879,-0.6536347175994579,-0.6263600167294499,21.99999950826168
21:06:00.478063,108,-1.573410473013153,1.0782684554842143,-0.6747277767260731,-0.6263600167294499,24.879999443888664
21:06:00.478063,108,0.03986002559536837,0.10276827116802344,-0.22772541992759843,3.7573201003542636,4.999999888241291
21:06:00.515545,109,-1.6317867465997486,0.5786856457256397,-0.36902614710359055,-0.5566400148672983,16.639999628067017
21:06:00.515545,109,-1.6864027935994197,0.5980543055648283,-0.40012402412493137,-0.13916000371682458,20.75999953597784
21:06:00.515545,109,-1.7445784012869918,0.6186853035615424,-0.4139270481368768,-0.6958000185841229,19.35999956727028
21:06:00.515545,109,-1.6136945326520697,0.6273715153211139,-0.36902614710359055,-0.5566400148672983,18.879999577999115
21:06:00.515545,109,-1.6677050316477795,0.6483696955296688,-0.40012402412493137,-0.13916000371682458,24.759999446570873
21:06:00.515545,109,-1.7252356251856698,0.6707364166871553,-0.4139270481368768,-0.6958000185841229,22.879999488592148
21:06:00.515545,109,-1.7827662187235602,0.6931031378446418,-0.4277300721488222,-0.6958000185841229,16.639999628067017
21:06:00.515545,109,-1.5906726420619182,0.6740192807784308,-0.386321000112986,-0.5566400148672983,21.359999522566795
21:06:00.515545,109,-1.6475064478014556,0.698101596558256,-0.40012402412493137,-0.5566400148672983,29.639999337494373
21:06:00.515545,109,-1.7017005596477934,0.6812526955242593,-0.48761754930964063,-0.6958000185841229,27.119999393820763
21:06:00.515545,109,-1.7584463407985633,0.7039700979188339,-0.5038778946339242,-0.8349600223009475,18.999999575316906
21:06:00.515545,109,-1.8223681168303578,0.7084995479595237,-0.5201382399582077,-0.8349600223009475,9.119999796152115
21:06:00.515545,109,-1.5697393480672617,0.7214290153540289,-0.386321000112986,-0.5566400148672983,23.879999466240406
21:06:00.515545,109,-1.633215856674215,0.730909912487487,-0.40012402412493137,-0.5566400148672983,35.35999920964241
21:06:00.515545,109,-1.687736085608355,0.7151481910765564,-0.48761754930964063,-0.6958000185841229,32.51999927312136
21:06:00.515545,109,-1.7440162002332282,0.7389958900804273,-0.5038778946339242,-0.8349600223009475,21.87999951094389
21:06:00.515545,109,-1.8002963148581015,0.7628435890842983,-0.5201382399582077,-0.6958000185841229,10.239999771118164
21:06:00.515545,109,-1.8578425159666223,0.7222912706746325,-0.6166029271197688,-0.5566400148672983,5.999999865889549
21:06:00.515545,109,-1.5549977925779461,0.7526774276826897,-0.386321000112986,-0.5566400148672983,26.359999410808086
21:06:00.515545,109,-1.6105569567528113,0.7795701531739652,-0.40012402412493137,-0.5566400148672983,41.879999063909054
21:06:00.515545,109,-1.6655254341322387,0.7654508855069021,-0.48761754930964063,-0.6958000185841229,38.75999913364649
21:06:00.515545,109,-1.721064900961744,0.7909760040034416,-0.5038778946339242,-0.8349600223009475,25.239999435842037
21:06:00.515545,109,-1.7766043677912493,0.8165011224999813,-0.5201382399582077,-0.6958000185841229,11.639999739825726
21:06:00.515545,109,-1.8353410621004436,0.7776931783126177,-0.6166029271197688,-0.5566400148672983,6.359999857842922
21:06:00.515545,109,-1.5396342587324303,0.7836247790893007,-0.386321000112986,-0.5566400148672983,28.359999366104603
21:06:00.515545,109,-1.5946444928037908,0.8116232353962621,-0.40012402412493137,-0.5566400148672983,48.63999891281128
21:06:00.515545,109,-1.6498843433764028,0.7986060877216623,-0.48761754930964063,-0.7655200204462744,45.87999897450209
21:06:00.515545,109,-1.704902234357585,0.8252368166255216,-0.5038778946339242,-0.8349600223009475,29.11999934911728
21:06:00.515545,109,-1.7599201253387673,0.8518675455293809,-0.5201382399582077,-0.6958000185841229,13.239999704062939
21:06:00.515545,109,-1.8111879252340097,0.8323952146141208,-0.6166029271197688,-0.7655200204462744,6.8799998462200165
21:06:00.515545,109,-1.5236548917391337,0.8142586910464784,-0.386321000112986,-0.5566400148672983,29.759999334812164
21:06:00.515545,109,-1.578094192347805,0.8433516791604113,-0.40012402412493137,-0.5566400148672983,54.119998790323734
21:06:00.515545,109,-1.6251873626062912,0.8477358470004027,-0.48761754930964063,-0.7655200204462744,52.999998815357685
21:06:00.515545,109,-1.6793816953780576,0.8760048820987422,-0.5038778946339242,-0.8349600223009475,33.359999254345894
21:06:00.515545,109,-1.7397903047550347,0.8421239551210887,-0.5979112735658146,-0.8349600223009475,14.999999664723873
21:06:00.515545,109,-1.7954593239330126,0.8035184155039066,-0.6958208358526883,-0.7655200204462744,7.35999983549118
21:06:00.515545,109,-1.4985452023038959,0.8595950917247558,-0.386321000112986,-0.5566400148672983,30.119999326765537
21:06:00.515545,109,-1.5609126752840718,0.8747427935125149,-0.40012402412493137,-0.5566400148672983,56.99999872595072
21:06:00.515545,109,-1.6079087497134774,0.8800678851426886,-0.48761754930964063,-0.7655200204462744,59.119998678565025
21:06:00.515545,109,-1.6615269009824256,0.9094150809962671,-0.5038778946339242,-0.8349600223009475,37.87999915331602
21:06:00.515545,109,-1.7137475291671225,0.8939309070515374,-0.5979112735658146,-0.8349600223009475,16.99999962002039
21:06:00.515545,109,-1.7705494916118922,0.8570125586622223,-0.6958208358526883,-0.7655200204462744,7.759999826550484
21:06:00.515545,109,-1.4281375256039561,0.8576146233852375,-0.37251797610104054,-0.5566400148672983,5.239999882876873
21:06:00.515545,109,-1.4810547479205642,0.8893920838006542,-0.386321000112986,-0.5566400148672983,29.35999934375286
21:06:00.515545,109,-1.5431068139900257,0.9057840224259358,-0.40012402412493137,-0.5566400148672983,56.11999874562025
21:06:00.515545,109,-1.5899869947880256,0.9120479078807352,-0.48761754930964063,-0.7655200204462744,62.35999860614538
21:06:00.515545,109,-1.6430075180095058,0.9424615260030268,-0.5038778946339242,-0.8349600223009475,41.999999061226845
21:06:00.515545,109,-1.695527365243987,0.9280247917039638,-0.5979112735658146,-0.8349600223009475,18.999999575316906
21:06:00.515545,109,-1.7530562854032559,0.89224979022695,-0.6958208358526883,-0.7655200204462744,8.119999818503857
21:06:00.515545,109,-1.4107007590112899,0.8860039519140778,-0.37251797610104054,-0.5566400148672983,5.239999882876873
21:06:00.515545,109,-1.4720869233956337,0.9041579148759878,-0.386321000112986,-0.5566400148672983,27.639999382197857
21:06:00.515545,109,-1.5229925009277978,0.9145762342106168,-0.4536151709117588,-0.5566400148672983,51.639998845756054
21:06:00.515545,109,-1.5714292662926317,0.9436631236324138,-0.48761754930964063,-0.5566400148672983,61.639998622238636
21:06:00.515545,109,-1.624214934142162,0.9316817291518147,-0.5792196200118604,-0.8349600223009475,45.2399989888072
21:06:00.515545,109,-1.6766290130118007,0.9617474788298005,-0.5979112735658146,-0.8349600223009475,20.999999530613422
21:06:00.515545,109,-1.7348618800855757,0.9271301337880458,-0.6958208358526883,-0.7655200204462744,8.359999813139439
21:06:00.515545,109,-1.401770332909756,0.9000664242468243,-0.37251797610104054,-0.5566400148672983,5.119999885559082
21:06:00.515545,109,-1.4537105634642622,0.9334168643953958,-0.386321000112986,-0.5566400148672983,25.239999435842037
21:06:00.515545,109,-1.5043976077295198,0.944851143790851,-0.4536151709117588,-0.5566400148672983,45.2399989888072
21:06:00.515545,109,-1.552242987070929,0.9749008867335196,-0.48761754930964063,-0.5566400148672983,57.11999872326851
21:06:00.515545,109,-1.605257710048645,0.9639775314057498,-0.5792196200118604,-0.6263600167294499,46.879998952150345
21:06:00.515545,109,-1.6570600315591433,0.9950854798044303,-0.5979112735658146,-0.6958000185841229,22.759999491274357
21:06:00.515545,109,-1.7062715193298938,0.9787510052488092,-0.6958208358526883,-0.7655200204462744,8.51999980956316
21:06:00.515545,109,-1.3791316537039744,0.9051340636143127,-0.4388365133367901,-0.5566400148672983,5.119999885559082
21:06:00.515545,109,-1.4339661996230377,0.9411223720842602,-0.43796687008810525,-0.5566400148672983,22.639999493956566
21:06:00.515545,109,-1.485200975573416,0.9747481255283102,-0.4536151709117588,-0.5566400148672983,38.359999142587185
21:06:00.515545,109,-1.5324358313784494,1.0057487024958685,-0.48761754930964063,-0.5566400148672983,50.519998870790005
21:06:00.515545,109,-1.5856584043029616,0.9958877555172213,-0.5792196200118604,-0.6263600167294499,46.63999895751476
21:06:00.515545,109,-1.63682824821733,1.0280254598725604,-0.5979112735658146,-0.6263600167294499,23.999999463558197
21:06:00.515545,109,-1.6863565617239866,1.0126784162222247,-0.6958208358526883,-0.6958000185841229,8.51999980956316
21:06:00.515545,109,-1.4148582237392584,0.9696115653271845,-0.43796687008810525,-0.5566400148672983,19.879999555647373
21:06:00.515545,109,-1.461595268719747,1.0016407669686984,-0.47135720398535713,-0.5566400148672983,31.999999284744263
21:06:00.515545,109,-1.5149079573018953,0.9942450321632921,-0.5605279664579063,-0.6263600167294499,42.9999990388751
21:06:00.515545,109,-1.5654248563657387,1.0273996378226191,-0.5792196200118604,-0.6263600167294499,44.359999008476734
21:06:00.515545,109,-1.615941755429582,1.060554243481946,-0.5979112735658146,-0.6263600167294499,24.35999945551157
21:06:00.515545,109,-1.6710451696543043,0.9808822057568138,-0.7739255797318607,-0.7655200204462744,8.239999815821648
21:06:00.515545,109,-1.4947214112578675,1.0243423284260376,-0.5605279664579063,-0.6263600167294499,36.11999919265509
21:06:00.515545,109,-1.5445651593860132,1.0585005739897368,-0.5792196200118604,-0.6263600167294499,40.639999091625214
21:06:00.515545,109,-1.5946597323871168,1.046586698072757,-0.6747277767260731,-0.6263600167294499,23.999999463558197
21:06:00.515545,109,-1.6510946359155145,1.0141047104941139,-0.7739255797318607,-0.7655200204462744,8.759999804198742
21:06:00.515545,109,-1.6906356386253918,0.8818752028570661,-0.9927098093135558,-0.904680024163099,4.999999888241291
21:06:00.515545,109,-1.5230876569640779,1.089178124059338,-0.5792196200118604,-0.6263600167294499,36.11999919265509
21:06:00.515545,109,-1.573410473013153,1.0782684554842143,-0.6747277767260731,-0.6263600167294499,22.759999491274357
21:06:00.515545,109,-1.6304836863661816,1.0469215868865644,-0.7739255797318607,-0.7655200204462744,9.239999793469906
21:06:00.515545,109,-1.6726611949306311,0.915509291584586,-0.9927098093135558,-0.904680024163099,4.999999888241291
21:06:00.515545,109,-1.6248144112518497,0.9979633585421778,-0.9927098093135558,-0.974120026017772,5.119999885559082
21:06:00.515545,109,-2.01567545750797,1.2942503910147158,-1.5353881290685298,-0.27832000743364915,4.999999888241291
21:06:00.533198,110,1.667690509844803,0.5356718610667519,-0.5418363129039522,-0.8349600223009475,10.519999764859676
21:06:00.533198,110,-1.606566032173976,0.5878926719182709,-0.45509685866107363,-0.4872000130126253,8.759999804198742
21:06:00.533198,110,-1.667690509844803,0.5356718610667519,-0.5418363129039522,-0.8349600223009475,12.11999972909689
21:06:00.533198,110,-1.725220602426032,0.5541508603645278,-0.5605279664579063,-0.8349600223009475,14.6399996727705
21:06:00.533198,110,-1.7827506950072614,0.5726298596623036,-0.5792196200118604,-0.8349600223009475,15.639999650418758
21:06:00.533198,110,-1.5882089973462536,0.6358178907351101,-0.45509685866107363,-0.4872000130126253,9.879999779164791
21:06:00.533198,110,-1.6508723603737174,0.5854540367264084,-0.5418363129039522,-0.8349600223009475,13.999999687075615
21:06:00.533198,110,-1.707822279541232,0.6056503649636298,-0.5605279664579063,-0.8349600223009475,16.8799996227026
21:06:00.533198,110,-1.7647721987087461,0.6258466932008512,-0.5792196200118604,-0.8349600223009475,17.879999600350857
21:06:00.533198,110,-1.8217221178762606,0.6460430214380725,-0.5979112735658146,-0.5566400148672983,11.239999748766422
21:06:00.533198,110,-1.5751758563586082,0.6674527930688144,-0.45509685866107363,-0.4872000130126253,10.99999975413084
21:06:00.533198,110,-1.6325685372752468,0.6347093432935245,-0.5418363129039522,-0.8349600223009475,16.119999639689922
21:06:00.533198,110,-1.6888870319480906,0.6566048251388015,-0.5605279664579063,-0.8349600223009475,19.519999563694
21:06:00.533198,110,-1.7452055266209345,0.6785003069840785,-0.5792196200118604,-0.8349600223009475,20.63999953866005
21:06:00.533198,110,-1.8015240212937786,0.7003957888293556,-0.5979112735658146,-0.5566400148672983,12.519999720156193
21:06:00.533198,110,-1.5544465004732282,0.7144006485138227,-0.45509685866107363,-0.4872000130126253,12.23999972641468
21:06:00.533198,110,-1.6127955127539724,0.683393454318804,-0.5418363129039522,-0.8349600223009475,18.35999958962202
21:06:00.533198,110,-1.6684319000905903,0.7069683853172576,-0.5605279664579063,-0.8349600223009475,22.519999496638775
21:06:00.533198,110,-1.724068287427208,0.730543316315711,-0.5792196200118604,-0.8349600223009475,23.879999466240406
21:06:00.533198,110,-1.7797046747638259,0.7541182473141644,-0.5979112735658146,-0.5566400148672983,13.999999687075615
21:06:00.533198,110,-1.5398485614140383,0.7453446299139437,-0.45509685866107363,-0.4872000130126253,13.35999970138073
21:06:00.533198,110,-1.5915710811965285,0.731462557390362,-0.5418363129039522,-0.8349600223009475,20.87999953329563
21:06:00.533198,110,-1.6464585795651405,0.6976575810038826,-0.6325416584728428,-0.8349600223009475,25.999999418854713
21:06:00.533198,110,-1.7013795032152692,0.7819288860022413,-0.5792196200118604,-0.8349600223009475,27.759999379515648
21:06:00.533198,110,-1.7562837142246395,0.8071620503081811,-0.5979112735658146,-0.5566400148672983,15.75999964773655
21:06:00.533198,110,-1.8111695406683355,0.7674509254064062,-0.6958208358526883,-0.5566400148672983,5.999999865889549
21:06:00.533198,110,-1.5167986970627583,0.7911977768037236,-0.45509685866107363,-0.4872000130126253,14.359999679028988
21:06:00.533198,110,-1.5766245020478715,0.7631455686220271,-0.5418363129039522,-0.8349600223009475,23.11999948322773
21:06:00.533198,110,-1.6321770777234323,0.7304450297661322,-0.6325416584728428,-0.8349600223009475,29.759999334812164
21:06:00.533198,110,-1.685401703852647,0.8157978262880682,-0.5792196200118604,-0.8349600223009475,32.119999282062054
21:06:00.533198,110,-1.7397903047550347,0.8421239551210887,-0.5979112735658146,-0.5566400148672983,17.759999603033066
21:06:00.533198,110,-1.7954593239330126,0.8035184155039066,-0.6958208358526883,-0.5566400148672983,6.5199998542666435
21:06:00.533198,110,-1.500672447175581,0.8213734934355316,-0.45509685866107363,-0.4872000130126253,14.879999667406082
21:06:00.533198,110,-1.5610472941479652,0.7945233318150271,-0.5418363129039522,-0.8349600223009475,24.879999443888664
21:06:00.533198,110,-1.6095325896069286,0.7790743209406039,-0.6325416584728428,-0.8349600223009475,33.87999924272299
21:06:00.533198,110,-1.6632048902752496,0.8050537335144766,-0.6536347175994579,-0.8349600223009475,37.119999170303345
21:06:00.533198,110,-1.7137475291671225,0.8939309070515374,-0.5979112735658146,-0.5566400148672983,19.879999555647373
21:06:00.533198,110,-1.7705494916118922,0.8570125586622223,-0.6958208358526883,-0.5566400148672983,7.1199998408555984
21:06:00.533198,110,-1.483945948345065,0.8512206716361521,-0.45509685866107363,-0.4872000130126253,15.119999662041664
21:06:00.533198,110,-1.536512751352947,0.8409902165274769,-0.5418363129039522,-0.8349600223009475,25.879999421536922
21:06:00.533198,110,-1.5936302465078485,0.8111070163493733,-0.6325416584728428,-0.8349600223009475,37.63999915868044
21:06:00.533198,110,-1.6467722594729841,0.8381546076418989,-0.6536347175994579,-0.8349600223009475,42.35999905318022
21:06:00.533198,110,-1.695527365243987,0.9280247917039638,-0.5979112735658146,-0.5566400148672983,22.359999500215054
21:06:00.533198,110,-1.7530562854032559,0.89224979022695,-0.6958208358526883,-0.5566400148672983,7.879999823868275
21:06:00.533198,110,-1.4666258909474266,0.8807273729327958,-0.45509685866107363,-0.4872000130126253,14.759999670088291
21:06:00.533198,110,-1.5193867764028846,0.871550229795843,-0.5418363129039522,-0.4872000130126253,25.999999418854713
21:06:00.533198,110,-1.5770904725867796,0.8428152797807217,-0.6325416584728428,-0.8349600223009475,40.759999088943005
21:06:00.533198,110,-1.6208904014247687,0.8871732229109238,-0.6536347175994579,-0.8349600223009475,47.51999893784523
21:06:00.533198,110,-1.6766290130118007,0.9617474788298005,-0.5979112735658146,-0.5566400148672983,24.879999443888664
21:06:00.533198,110,-1.7348618800855757,0.9271301337880458,-0.6958208358526883,-0.5566400148672983,8.51999980956316
21:06:00.533198,110,-1.4487192027743836,0.9098817950388892,-0.45509685866107363,-0.4872000130126253,14.119999684393406
21:06:00.533198,110,-1.5016530670276482,0.901761634608389,-0.5418363129039522,-0.4872000130126253,25.119999438524246
21:06:00.533198,110,-1.5511001698006117,0.8897416578987198,-0.6325416584728428,-0.8349600223009475,42.63999904692173
21:06:00.533198,110,-1.602823952977039,0.9194114403487497,-0.6536347175994579,-0.5566400148672983,51.639998845756054
21:06:00.533198,110,-1.6570600315591433,0.9950854798044303,-0.5979112735658146,-0.5566400148672983,27.239999391138554
21:06:00.533198,110,-1.7062715193298938,0.9787510052488092,-0.6958208358526883,-0.5566400148672983,9.239999793469906
21:06:00.533198,110,-1.4302330462621327,0.9386722765748313,-0.45509685866107363,-0.4872000130126253,13.239999704062939
21:06:00.533198,110,-1.4833187164742243,0.9316123468065436,-0.5418363129039522,-0.4872000130126253,23.35999947786331
21:06:00.533198,110,-1.5329963136592244,0.920583650117184,-0.6325416584728428,-0.5566400148672983,42.75999904423952
21:06:00.533198,110,-1.5841163963474785,0.9512819054855308,-0.6536347175994579,-0.5566400148672983,53.99999879300594
21:06:00.533198,110,-1.63682824821733,1.0280254598725604,-0.5979112735658146,-0.5566400148672983,29.23999934643507
21:06:00.533198,110,-1.6903273076354164,0.9472673612330046,-0.7739255797318607,-0.5566400148672983,9.879999779164791
21:06:00.533198,110,-1.4111748156264696,0.9670873017323905,-0.45509685866107363,-0.4872000130126253,12.11999972909689
21:06:00.533198,110,-1.4637833446099504,0.9193429717719767,-0.6114485993462276,-0.8349600223009475,21.239999525249004
21:06:00.533198,110,-1.514279279459462,0.9510574211663467,-0.6325416584728428,-0.5566400148672983,41.23999907821417
21:06:00.533198,110,-1.5647752143089735,0.9827718705607167,-0.6536347175994579,-0.5566400148672983,54.119998790323734
21:06:00.533198,110,-1.615271149158485,1.0144863199550869,-0.6747277767260731,-0.5566400148672983,30.759999312460423
21:06:00.533198,110,-1.6710451696543043,0.9808822057568138,-0.7739255797318607,-0.5566400148672983,10.359999768435955
21:06:00.533198,110,-1.7140929402930556,0.9381864170902323,-0.8961680313070386,-0.5566400148672983,5.239999882876873
21:06:00.533198,110,-1.4949565537651124,0.9811507819446443,-0.6325416584728428,-0.5566400148672983,38.359999142587185
21:06:00.533198,110,-1.5448081430761145,1.0138687400087008,-0.6536347175994579,-0.5566400148672983,51.99999883770943
21:06:00.533198,110,-1.5946597323871168,1.046586698072757,-0.6747277767260731,-0.5566400148672983,31.359999299049377
21:06:00.533198,110,-1.6444175100771052,1.0100036101586154,-0.7932631490098413,-0.5566400148672983,10.87999975681305
21:06:00.533198,110,-1.6949876561151735,0.9722783586979045,-0.8961680313070386,-0.5566400148672983,5.519999876618385
21:06:00.533198,110,-1.482204616398301,0.9517126862818553,-0.7035434188144772,-0.5566400148672983,34.759999223053455
21:06:00.533198,110,-1.5242231692108144,1.044560075496879,-0.6536347175994579,-0.5566400148672983,48.239998921751976
21:06:00.533198,110,-1.573410473013153,1.0782684554842143,-0.6747277767260731,-0.5566400148672983,30.999999307096004
21:06:00.533198,110,-1.6238899124452193,1.0426877731326285,-0.7932631490098413,-0.5566400148672983,10.99999975413084
21:06:00.533198,110,-1.675204399504686,1.0059814019430207,-0.8961680313070386,-0.5566400148672983,5.879999868571758
21:06:00.533198,110,-1.6027127805289678,1.0749548749183506,-0.7932631490098413,-0.5566400148672983,11.759999737143517
21:06:00.533198,110,-1.6128045226585264,1.035569925855907,-0.9735923181017958,-0.5566400148672983,6.239999860525131
21:06:00.565527,111,-1.6282271859118478,0.5774233075681141,-0.386321000112986,-0.7655200204462744,19.119999572634697
21:06:00.565527,111,-1.5560381681892856,0.604955896993725,-0.35584105810243133,-0.4872000130126253,13.999999687075615
21:06:00.565527,111,-1.610174438109889,0.6260029743721822,-0.386321000112986,-0.7655200204462744,22.639999493956566
21:06:00.565527,111,-1.6639676994723824,0.6088977341969493,-0.47135720398535713,-0.7655200204462744,29.35999934375286
21:06:00.565527,111,-1.5371920492343067,0.6513578294149719,-0.35584105810243133,-0.4872000130126253,15.999999642372131
21:06:00.565527,111,-1.5906726420619182,0.6740192807784308,-0.386321000112986,-0.7655200204462744,26.87999939918518
21:06:00.565527,111,-1.6514577744759475,0.6420530933813353,-0.47135720398535713,-0.7655200204462744,31.999999284744263
21:06:00.565527,111,-1.516962561254204,0.697173583781282,-0.35584105810243133,-0.4872000130126253,18.35999958962202
21:06:00.565527,111,-1.5768750315121514,0.7056958126975588,-0.386321000112986,-0.7655200204462744,31.999999284744263
21:06:00.565527,111,-1.6314559709834817,0.6913004920726854,-0.47135720398535713,-0.7655200204462744,34.51999922841787
21:06:00.565527,111,-1.6912225596941082,0.5807910193327347,-0.6325416584728428,-0.7655200204462744,21.639999516308308
21:06:00.565527,111,-1.7476189360751033,0.6001583750584737,-0.6536347175994579,-0.7655200204462744,11.639999739825726
21:06:00.565527,111,-1.499438628403081,0.7257847021914144,-0.37251797610104054,-0.4872000130126253,20.63999953866005
21:06:00.565527,111,-1.5549977925779461,0.7526774276826897,-0.386321000112986,-0.8349600223009475,37.63999915868044
21:06:00.565527,111,-1.6099859673027335,0.7399257670103624,-0.47135720398535713,-0.7655200204462744,36.87999917566776
21:06:00.565527,111,-1.6730404499045841,0.6312587484850526,-0.6325416584728428,-0.7655200204462744,23.519999474287033
21:06:00.565527,111,-1.7222210941025045,0.6695644284977179,-0.6536347175994579,-0.7655200204462744,12.999999709427357
21:06:00.565527,111,-1.7797046747638259,0.7541182473141644,-0.5979112735658146,-0.4872000130126253,5.239999882876873
21:06:00.565527,111,-1.4846240246610696,0.7556263227823394,-0.37251797610104054,-0.4872000130126253,22.879999488592148
21:06:00.565527,111,-1.5396342587324303,0.7836247790893007,-0.386321000112986,-0.8349600223009475,43.359999030828476
21:06:00.565527,111,-1.5915710811965285,0.731462557390362,-0.5418363129039522,-0.7655200204462744,38.75999913364649
21:06:00.565527,111,-1.65335271670429,0.681158387397815,-0.6325416584728428,-0.7655200204462744,25.63999942690134
21:06:00.565527,111,-1.7084862658444226,0.7038726449451521,-0.6536347175994579,-0.7655200204462744,14.6399996727705
21:06:00.565527,111,-1.7562658869672705,0.7441864772722318,-0.6747277767260731,-0.6958000185841229,5.759999871253967
21:06:00.565527,111,-1.4692155911304625,0.7851657029325455,-0.37251797610104054,-0.4872000130126253,24.759999446570873
21:06:00.565527,111,-1.5236548917391337,0.8142586910464784,-0.386321000112986,-0.4872000130126253,48.119998924434185
21:06:00.565527,111,-1.5766245020478715,0.7631455686220271,-0.5418363129039522,-0.7655200204462744,39.99999910593033
21:06:00.565527,111,-1.6286423768143359,0.6709780700938072,-0.7035434188144772,-0.7655200204462744,27.639999382197857
21:06:00.565527,111,-1.6866044931266255,0.754802825012057,-0.6536347175994579,-0.7655200204462744,16.519999630749226
21:06:00.565527,111,-1.741031908529819,0.7791606202579818,-0.6747277767260731,-0.6958000185841229,6.239999860525131
21:06:00.565527,111,-1.4450030562534957,0.8288822604570869,-0.37251797610104054,-0.4872000130126253,25.75999942421913
21:06:00.565527,111,-1.500672447175581,0.8213734934355316,-0.45509685866107363,-0.7655200204462744,50.519998870790005
21:06:00.565527,111,-1.553024141716505,0.8100938184005902,-0.5418363129039522,-0.7655200204462744,40.51999909430742
21:06:00.565527,111,-1.6148979927285532,0.703414554287548,-0.7035434188144772,-0.7655200204462744,29.759999334812164
21:06:00.565527,111,-1.6632048902752496,0.8050537335144766,-0.6536347175994579,-0.7655200204462744,18.639999583363533
21:06:00.565527,111,-1.716877190943571,0.8310331460883494,-0.6747277767260731,-0.6958000185841229,6.8799998462200165
21:06:00.565527,111,-1.4281375256039561,0.8576146233852375,-0.37251797610104054,-0.4872000130126253,25.75999942421913
21:06:00.565527,111,-1.483945948345065,0.8512206716361521,-0.45509685866107363,-0.7655200204462744,49.87999888509512
21:06:00.565527,111,-1.536512751352947,0.8409902165274769,-0.5418363129039522,-0.8349600223009475,40.11999910324812
21:06:00.565527,111,-1.5930720722313723,0.7515377134773086,-0.7035434188144772,-0.7655200204462744,31.75999929010868
21:06:00.565527,111,-1.6467722594729841,0.8381546076418989,-0.6536347175994579,-0.7655200204462744,20.87999953329563
21:06:00.565527,111,-1.6999142724381202,0.8652021989344244,-0.6747277767260731,-0.4872000130126253,7.519999831914902
21:06:00.565527,111,-1.4107007590112899,0.8860039519140778,-0.37251797610104054,-0.4872000130126253,24.879999443888664
21:06:00.565527,111,-1.4666258909474266,0.8807273729327958,-0.45509685866107363,-0.7655200204462744,46.35999896377325
21:06:00.565527,111,-1.5193867764028846,0.871550229795843,-0.5418363129039522,-0.8349600223009475,38.87999913096428
21:06:00.565527,111,-1.577723716548101,0.783246727630513,-0.7035434188144772,-0.7655200204462744,33.519999250769615
21:06:00.565527,111,-1.629680941753045,0.8709202311164965,-0.6536347175994579,-0.7655200204462744,23.35999947786331
21:06:00.565527,111,-1.6822714109193104,0.8990251824522711,-0.6747277767260731,-0.4872000130126253,8.239999815821648
21:06:00.565527,111,-1.401770332909756,0.9000664242468243,-0.37251797610104054,-0.4872000130126253,22.99999948590994
21:06:00.565527,111,-1.4487192027743836,0.9098817950388892,-0.45509685866107363,-0.7655200204462744,41.11999908089638
21:06:00.565527,111,-1.5016530670276482,0.901761634608389,-0.5418363129039522,-0.8349600223009475,36.999999172985554
21:06:00.565527,111,-1.5535199173016925,0.8302189040543477,-0.7035434188144772,-0.7655200204462744,34.879999220371246
21:06:00.565527,111,-1.6119377734143332,0.9033374981263346,-0.6536347175994579,-0.7655200204462744,25.879999421536922
21:06:00.565527,111,-1.6545477361534664,0.9490812227987794,-0.6747277767260731,-0.4872000130126253,8.879999801516533
21:06:00.565527,111,-1.3834898601826253,0.9279199540123344,-0.37251797610104054,-0.4872000130126253,20.87999953329563
21:06:00.565527,111,-1.4302330462621327,0.9386722765748313,-0.45509685866107363,-0.41748001115047373,35.11999921500683
21:06:00.565527,111,-1.4818762309709703,0.8898853947488372,-0.6114485993462276,-0.8349600223009475,34.51999922841787
21:06:00.565527,111,-1.5366059529151577,0.8611211921489103,-0.7035434188144772,-0.7655200204462744,35.759999200701714
21:06:00.565527,111,-1.578433680959926,0.947869363115117,-0.6720797201310781,-0.7655200204462744,28.239999368786812
21:06:00.565527,111,-1.6352364790357325,0.9819801608538777,-0.6747277767260731,-0.4872000130126253,9.519999787211418
21:06:00.565527,111,-1.3643061646224623,0.934967909624914,-0.4223185692644517,-0.4872000130126253,18.519999586045742
21:06:00.565527,111,-1.4111748156264696,0.9670873017323905,-0.45509685866107363,-0.41748001115047373,29.639999337494373
21:06:00.565527,111,-1.4637833446099504,0.9193429717719767,-0.6114485993462276,-0.8349600223009475,31.75999929010868
21:06:00.565527,111,-1.5129341265874268,0.8880730396766218,-0.7211223953435977,-0.7655200204462744,35.999999195337296
21:06:00.565527,111,-1.559161881722481,0.9792463639475877,-0.6720797201310781,-0.4872000130126253,29.999999329447746
21:06:00.565527,111,-1.615271149158485,1.0144863199550869,-0.6747277767260731,-0.4872000130126253,9.879999779164791
21:06:00.565527,111,-1.4948712735388208,0.9181520956474257,-0.7211223953435977,-0.7655200204462744,35.51999920606613
21:06:00.565527,111,-1.5392664385487729,1.0102316793084325,-0.6720797201310781,-0.4872000130126253,31.119999304413795
21:06:00.565527,111,-1.5946597323871168,1.046586698072757,-0.6747277767260731,-0.4872000130126253,10.239999771118164
21:06:00.565527,111,-1.6444175100771052,1.0100036101586154,-0.7932631490098413,-0.41748001115047373,5.239999882876873
21:06:00.565527,111,-1.5316309730542612,0.983448986483425,-0.7270041391202717,-0.7655200204462744,31.239999301731586
21:06:00.565527,111,-1.573410473013153,1.0782684554842143,-0.6747277767260731,-0.4872000130126253,10.87999975681305
21:06:00.565527,111,-1.6238899124452193,1.0426877731326285,-0.7932631490098413,-0.41748001115047373,5.639999873936176
21:06:00.565527,111,-1.51165698903305,1.013882879893902,-0.7270041391202717,-0.7655200204462744,30.51999931782484
21:06:00.565527,111,-1.5515318704566434,1.1095189199094788,-0.6747277767260731,-0.4872000130126253,11.999999731779099
21:06:00.565527,111,-1.606064954400735,1.0087042822795886,-0.8698009523535928,-0.6263600167294499,5.879999868571758
21:06:00.565527,111,-1.5855710118485584,1.0406217051498363,-0.8698009523535928,-0.6263600167294499,6.11999986320734
21:06:00.565527,111,-1.542688956014866,1.1031952464696255,-0.8698009523535928,-0.41748001115047373,6.9999998435378075
21:06:00.594256,112,-1.6287903867615974,0.5231769159886956,-0.45509685866107363,-0.7655200204462744,14.879999667406082
21:06:00.594256,112,-1.6869861172870435,0.5418697220535368,-0.47135720398535713,-0.7655200204462744,15.119999662041664
21:06:00.594256,112,-1.5526438445719986,0.6036362532146957,-0.37251797610104054,-0.41748001115047373,12.519999720156193
21:06:00.594256,112,-1.606566032173976,0.5878926719182709,-0.45509685866107363,-0.7655200204462744,17.519999608397484
21:06:00.594256,112,-1.667690509844803,0.5356718610667519,-0.5418363129039522,-0.7655200204462744,17.639999605715275
21:06:00.594256,112,-1.5338388363223805,0.6499369649986054,-0.37251797610104054,-0.41748001115047373,14.6399996727705
21:06:00.594256,112,-1.5944876603578109,0.6199042751886058,-0.45509685866107363,-0.7655200204462744,20.75999953597784
21:06:00.594256,112,-1.6508723603737174,0.5854540367264084,-0.5418363129039522,-0.7655200204462744,20.359999544918537
21:06:00.594256,112,-1.7084278885940842,0.6642019115740648,-0.48761754930964063,-0.7655200204462744,12.359999723732471
21:06:00.594256,112,-1.5136534767127896,0.6956527774095905,-0.37251797610104054,-0.41748001115047373,16.99999962002039
21:06:00.594256,112,-1.5751758563586082,0.6674527930688144,-0.45509685866107363,-0.7655200204462744,24.759999446570873
21:06:00.594256,112,-1.6325685372752468,0.6347093432935245,-0.5418363129039522,-0.7655200204462744,23.759999468922615
21:06:00.594256,112,-1.687736085608355,0.7151481910765564,-0.48761754930964063,-0.7655200204462744,13.999999687075615
21:06:00.594256,112,-1.7452055266209345,0.6785003069840785,-0.5792196200118604,-0.41748001115047373,6.359999857842922
21:06:00.594256,112,-1.499438628403081,0.7257847021914144,-0.37251797610104054,-0.41748001115047373,19.63999956101179
21:06:00.594256,112,-1.5544465004732282,0.7144006485138227,-0.45509685866107363,-0.7655200204462744,29.23999934643507
21:06:00.594256,112,-1.6127955127539724,0.683393454318804,-0.5418363129039522,-0.7655200204462744,27.519999384880066
21:06:00.594256,112,-1.6684319000905903,0.7069683853172576,-0.5605279664579063,-0.7655200204462744,15.75999964773655
21:06:00.594256,112,-1.724068287427208,0.730543316315711,-0.5792196200118604,-0.41748001115047373,6.9999998435378075
21:06:00.594256,112,-1.4298312223449317,0.7277385323105835,-0.35876950949625697,-0.41748001115047373,7.519999831914902
21:06:00.594256,112,-1.4846240246610696,0.7556263227823394,-0.37251797610104054,-0.41748001115047373,22.519999496638775
21:06:00.594256,112,-1.5398485614140383,0.7453446299139437,-0.45509685866107363,-0.7655200204462744,34.23999923467636
21:06:00.594256,112,-1.5915710811965285,0.731462557390362,-0.5418363129039522,-0.7655200204462744,31.359999299049377
21:06:00.594256,112,-1.646475292205899,0.7566957216963017,-0.5605279664579063,-0.7655200204462744,17.759999603033066
21:06:00.594256,112,-1.7013795032152692,0.7819288860022413,-0.5792196200118604,-0.41748001115047373,7.759999826550484
21:06:00.594256,112,-1.4073589657734726,0.7702995763071567,-0.35876950949625697,-0.41748001115047373,7.639999829232693
21:06:00.594256,112,-1.4692155911304625,0.7851657029325455,-0.37251797610104054,-0.41748001115047373,25.119999438524246
21:06:00.594256,112,-1.5167986970627583,0.7911977768037236,-0.45509685866107363,-0.7655200204462744,39.11999912559986
21:06:00.594256,112,-1.5766245020478715,0.7631455686220271,-0.5418363129039522,-0.7655200204462744,35.23999921232462
21:06:00.594256,112,-1.6310131029502593,0.7894716974550476,-0.5605279664579063,-0.7655200204462744,19.759999558329582
21:06:00.594256,112,-1.685401703852647,0.8157978262880682,-0.5792196200118604,-0.41748001115047373,8.51999980956316
21:06:00.594256,112,-1.3916725392388676,0.7982908237794089,-0.35876950949625697,-0.41748001115047373,7.759999826550484
21:06:00.594256,112,-1.4450030562534957,0.8288822604570869,-0.37251797610104054,-0.41748001115047373,27.239999391138554
21:06:00.594256,112,-1.500672447175581,0.8213734934355316,-0.45509685866107363,-0.7655200204462744,42.9999990388751
21:06:00.594256,112,-1.5610472941479652,0.7945233318150271,-0.5418363129039522,-0.7655200204462744,38.359999142587185
21:06:00.594256,112,-1.6148985302291536,0.8219318950750764,-0.5605279664579063,-0.7655200204462744,21.7599995136261
21:06:00.594256,112,-1.6687497663103419,0.8493404583351257,-0.5792196200118604,-0.41748001115047373,9.359999790787697
21:06:00.594256,112,-1.3754294622688363,0.8259627655801585,-0.35876950949625697,-0.41748001115047373,7.879999823868275
21:06:00.594256,112,-1.4281375256039561,0.8576146233852375,-0.37251797610104054,-0.41748001115047373,28.359999366104603
21:06:00.594256,112,-1.483945948345065,0.8512206716361521,-0.45509685866107363,-0.7655200204462744,44.99999899417162
21:06:00.594256,112,-1.536512751352947,0.8409902165274769,-0.5418363129039522,-0.7655200204462744,40.3599990978837
21:06:00.594256,112,-1.5936302465078485,0.8111070163493733,-0.6325416584728428,-0.7655200204462744,23.519999474287033
21:06:00.594256,112,-1.6467722594729841,0.8381546076418989,-0.6536347175994579,-0.41748001115047373,10.239999771118164
21:06:00.594256,112,-1.3586362318773058,0.8533043333021346,-0.35876950949625697,-0.41748001115047373,7.759999826550484
21:06:00.594256,112,-1.4107007590112899,0.8860039519140778,-0.37251797610104054,-0.41748001115047373,28.239999368786812
21:06:00.594256,112,-1.466972697533246,0.8414844801178571,-0.523144659349998,-0.7655200204462744,44.519999004900455
21:06:00.594256,112,-1.5162768117409764,0.8299143388812138,-0.6114485993462276,-0.7655200204462744,40.639999091625214
21:06:00.594256,112,-1.5685836065828724,0.8585437808960688,-0.6325416584728428,-0.7655200204462744,24.759999446570873
21:06:00.594256,112,-1.629680941753045,0.8709202311164965,-0.6536347175994579,-0.41748001115047373,10.99999975413084
21:06:00.594256,112,-1.341299565132225,0.8803045906832865,-0.35876950949625697,-0.41748001115047373,7.639999829232693
21:06:00.594256,112,-1.401770332909756,0.9000664242468243,-0.37251797610104054,-0.41748001115047373,26.87999939918518
21:06:00.594256,112,-1.4498507455171499,0.8706536862097085,-0.523144659349998,-0.7655200204462744,41.75999906659126
21:06:00.594256,112,-1.4993763866241843,0.86007187544869,-0.6114485993462276,-0.7655200204462744,39.11999912559986
21:06:00.594256,112,-1.5511001698006117,0.8897416578987198,-0.6325416584728428,-0.7655200204462744,25.359999433159828
21:06:00.594256,112,-1.602823952977039,0.9194114403487497,-0.6536347175994579,-0.41748001115047373,11.639999739825726
21:06:00.594256,112,-1.3324296017224582,0.8936733476252359,-0.35876950949625697,-0.41748001115047373,7.35999983549118
21:06:00.594256,112,-1.3827314236726596,0.9074966186402103,-0.4223185692644517,-0.4872000130126253,24.639999449253082
21:06:00.594256,112,-1.432148872559856,0.8994746424512047,-0.523144659349998,-0.7655200204462744,37.35999916493893
21:06:00.594256,112,-1.4818762309709703,0.8898853947488372,-0.6114485993462276,-0.7655200204462744,36.23999918997288
21:06:00.594256,112,-1.5329963136592244,0.920583650117184,-0.6325416584728428,-0.7655200204462744,25.119999438524246
21:06:00.594256,112,-1.5841163963474785,0.9512819054855308,-0.6536347175994579,-0.41748001115047373,11.999999731779099
21:06:00.594256,112,-1.3142908496843222,0.9201414338230979,-0.35876950949625697,-0.41748001115047373,6.9999998435378075
21:06:00.594256,112,-1.3643061646224623,0.934967909624914,-0.4223185692644517,-0.4872000130126253,21.87999951094389
21:06:00.594256,112,-1.4138741591742088,0.9279358208446384,-0.523144659349998,-0.7655200204462744,32.63999927043915
21:06:00.594256,112,-1.4637833446099504,0.9193429717719767,-0.6114485993462276,-0.7655200204462744,32.75999926775694
21:06:00.594256,112,-1.5190773666627373,0.8916790432634731,-0.7035434188144772,-0.7655200204462744,24.23999945819378
21:06:00.594256,112,-1.5647752143089735,0.9827718705607167,-0.6536347175994579,-0.41748001115047373,12.11999972909689
21:06:00.594256,112,-1.3950339150015765,0.9560258372986385,-0.523144659349998,-0.7655200204462744,27.87999937683344
21:06:00.594256,112,-1.4508900143547068,0.8911387427227212,-0.6800826985086827,-0.7655200204462744,28.879999354481697
21:06:00.594256,112,-1.5009411697449087,0.9218802346655693,-0.7035434188144772,-0.7655200204462744,22.639999493956566
21:06:00.594256,112,-1.5509923251351105,0.9526217266084175,-0.7270041391202717,-0.7655200204462744,11.879999734461308
21:06:00.626216,113,-1.610339471826428,0.6634375270987768,-0.3169271104030934,-0.5566400148672983,11.879999734461308
21:06:00.626216,113,-1.5329151531879495,0.6860225339404372,-0.30560348959643013,-0.41748001115047373,12.23999972641468
21:06:00.626216,113,-1.5897147334100572,0.7114419394891969,-0.3169271104030934,-0.5566400148672983,13.639999695122242
21:06:00.626216,113,-1.646514313632165,0.7368613450379564,-0.3282507312097567,-0.5566400148672983,10.639999762177467
21:06:00.626216,113,-1.5188890446965386,0.7165415925458407,-0.30560348959643013,-0.41748001115047373,13.759999692440033
21:06:00.626216,113,-1.5751689111740172,0.7430918302309751,-0.3169271104030934,-0.5566400148672983,15.75999964773655
21:06:00.626216,113,-1.625825219421734,0.7472052532984675,-0.40012402412493137,-0.5566400148672983,12.23999972641468
21:06:00.626216,113,-1.6819110907762063,0.7729814912429062,-0.4139270481368768,-0.5566400148672983,9.519999787211418
21:06:00.626216,113,-1.4967125729138997,0.7617790086558879,-0.30560348959643013,-0.41748001115047373,15.359999656677246
21:06:00.626216,113,-1.5549977925779461,0.7526774276826897,-0.386321000112986,-0.5566400148672983,18.11999959498644
21:06:00.626216,113,-1.6105569567528113,0.7795701531739652,-0.40012402412493137,-0.5566400148672983,13.999999687075615
21:06:00.626216,113,-1.6661161209276765,0.8064628786652405,-0.4139270481368768,-0.5566400148672983,10.519999764859676
21:06:00.626216,113,-1.4811786762430355,0.7915589131519034,-0.30560348959643013,-0.41748001115047373,16.99999962002039
21:06:00.626216,113,-1.5396342587324303,0.7836247790893007,-0.386321000112986,-0.5566400148672983,20.999999530613422
21:06:00.626216,113,-1.5946444928037908,0.8116232353962621,-0.40012402412493137,-0.5566400148672983,16.119999639689922
21:06:00.626216,113,-1.6496547268751518,0.8396216917032234,-0.4139270481368768,-0.5566400148672983,11.759999737143517
21:06:00.626216,113,-1.4612906049728211,0.7998183556911901,-0.37251797610104054,-0.41748001115047373,18.519999586045742
21:06:00.626216,113,-1.5236548917391337,0.8142586910464784,-0.386321000112986,-0.5566400148672983,23.999999463558197
21:06:00.626216,113,-1.578094192347805,0.8433516791604113,-0.40012402412493137,-0.5566400148672983,18.519999586045742
21:06:00.626216,113,-1.632533492956476,0.8724446672743442,-0.4139270481368768,-0.5566400148672983,12.999999709427357
21:06:00.626216,113,-1.685401703852647,0.8157978262880682,-0.5792196200118604,-0.6263600167294499,5.119999885559082
21:06:00.626216,113,-1.3916725392388676,0.7982908237794089,-0.35876950949625697,-0.41748001115047373,5.999999865889549
21:06:00.626216,113,-1.4450030562534957,0.8288822604570869,-0.37251797610104054,-0.41748001115047373,19.759999558329582
21:06:00.626216,113,-1.4985452023038959,0.8595950917247558,-0.386321000112986,-0.5566400148672983,27.239999391138554
21:06:00.626216,113,-1.5520873483542965,0.8903079229924247,-0.40012402412493137,-0.5566400148672983,21.119999527931213
21:06:00.626216,113,-1.6079087497134774,0.8800678851426886,-0.48761754930964063,-0.5566400148672983,14.239999681711197
21:06:00.626216,113,-1.6601730666835832,0.865985210834555,-0.5792196200118604,-0.6263600167294499,5.519999876618385
21:06:00.626216,113,-1.3754294622688363,0.8259627655801585,-0.35876950949625697,-0.41748001115047373,5.999999865889549
21:06:00.626216,113,-1.4281375256039561,0.8576146233852375,-0.37251797610104054,-0.41748001115047373,20.51999954134226
21:06:00.626216,113,-1.4810547479205642,0.8893920838006542,-0.386321000112986,-0.5566400148672983,30.119999326765537
21:06:00.626216,113,-1.5369664715665452,0.8816342897584437,-0.47135720398535713,-0.5566400148672983,23.879999466240406
21:06:00.626216,113,-1.5899869947880256,0.9120479078807352,-0.48761754930964063,-0.5566400148672983,15.519999653100967
21:06:00.626216,113,-1.6467722594729841,0.8381546076418989,-0.6536347175994579,-0.6263600167294499,5.759999871253967
21:06:00.626216,113,-1.3586362318773058,0.8533043333021346,-0.35876950949625697,-0.41748001115047373,6.11999986320734
21:06:00.626216,113,-1.4107007590112899,0.8860039519140778,-0.37251797610104054,-0.41748001115047373,20.87999953329563
21:06:00.626216,113,-1.4666258909474266,0.8807273729327958,-0.45509685866107363,-0.5566400148672983,32.359999276697636
21:06:00.626216,113,-1.5190275786200291,0.9121952482826049,-0.47135720398535713,-0.5566400148672983,26.359999410808086
21:06:00.626216,113,-1.5714292662926317,0.9436631236324138,-0.48761754930964063,-0.5566400148672983,16.759999625384808
21:06:00.626216,113,-1.629680941753045,0.8709202311164965,-0.6536347175994579,-0.6263600167294499,6.11999986320734
21:06:00.626216,113,-1.341299565132225,0.8803045906832865,-0.35876950949625697,-0.41748001115047373,6.11999986320734
21:06:00.626216,113,-1.3926997309493356,0.9140388906912227,-0.37251797610104054,-0.41748001115047373,20.63999953866005
21:06:00.626216,113,-1.4487192027743836,0.9098817950388892,-0.45509685866107363,-0.5566400148672983,33.639999248087406
21:06:00.626216,113,-1.5004810949226564,0.9423913408862044,-0.47135720398535713,-0.5566400148672983,28.359999366104603
21:06:00.626216,113,-1.552242987070929,0.9749008867335196,-0.48761754930964063,-0.5566400148672983,17.759999603033066
21:06:00.626216,113,-1.602823952977039,0.9194114403487497,-0.6536347175994579,-0.6263600167294499,6.359999857842922
21:06:00.626216,113,-1.3324296017224582,0.8936733476252359,-0.35876950949625697,-0.41748001115047373,6.11999986320734
21:06:00.626216,113,-1.3834898601826253,0.9279199540123344,-0.37251797610104054,-0.41748001115047373,19.759999558329582
21:06:00.626216,113,-1.4302330462621327,0.9386722765748313,-0.45509685866107363,-0.5566400148672983,33.359999254345894
21:06:00.626216,113,-1.4813344388202911,0.97221048953535,-0.47135720398535713,-0.5566400148672983,29.639999337494373
21:06:00.626216,113,-1.534488560388593,0.9637500511618825,-0.5605279664579063,-0.5566400148672983,18.519999586045742
21:06:00.626216,113,-1.5814250582954457,0.8862380292813592,-0.7451693132323455,-0.6263600167294499,6.6399998515844345
21:06:00.626216,113,-1.310533199768347,0.8981169462211835,-0.42264043815212826,-0.41748001115047373,5.999999865889549
21:06:00.626216,113,-1.3607543625331924,0.9325338364960829,-0.4388365133367901,-0.3480400092958007,18.639999583363533
21:06:00.626216,113,-1.4111748156264696,0.9670873017323905,-0.45509685866107363,-0.5566400148672983,31.999999284744263
21:06:00.626216,113,-1.461595268719747,1.0016407669686984,-0.47135720398535713,-0.5566400148672983,29.639999337494373
21:06:00.626216,113,-1.5149079573018953,0.9942450321632921,-0.5605279664579063,-0.5566400148672983,18.999999575316906
21:06:00.626216,113,-1.5633852052781636,0.9176871795261254,-0.7451693132323455,-0.6263600167294499,6.8799998462200165
21:06:00.626216,113,-1.3915521339052015,0.995115504880874,-0.45509685866107363,-0.5566400148672983,29.519999340176582
21:06:00.626216,113,-1.444877663129722,0.9901840828623382,-0.5418363129039522,-0.5566400148672983,28.639999359846115
21:06:00.626216,113,-1.4947214112578675,1.0243423284260376,-0.5605279664579063,-0.5566400148672983,18.879999577999115
21:06:00.626216,113,-1.5453777443822492,0.8864591617852741,-0.8170667944467012,-0.4872000130126253,7.1199998408555984
21:06:00.626216,113,-1.4247863362467532,1.018881678807549,-0.5418363129039522,-0.5566400148672983,26.6399994045496
21:06:00.626216,113,-1.4739369966054154,1.0540299014334433,-0.5605279664579063,-0.5566400148672983,18.519999586045742
21:06:00.626216,113,-1.5273406782319732,0.9171873696049868,-0.8170667944467012,-0.4872000130126253,7.239999838173389
21:06:00.665731,114,-1.5526438445719986,0.6036362532146957,-0.37251797610104054,-0.6263600167294499,11.999999731779099
21:06:00.665731,114,-1.4772296701312206,0.6259498362376728,-0.35876950949625697,-0.6263600167294499,9.759999781847
21:06:00.665731,114,-1.5338388363223805,0.6499369649986054,-0.37251797610104054,-0.6263600167294499,13.999999687075615
21:06:00.665731,114,-1.5906726420619182,0.6740192807784308,-0.386321000112986,-0.5566400148672983,14.119999684393406
21:06:00.665731,114,-1.4577892886443036,0.6699784218285687,-0.35876950949625697,-0.3480400092958007,11.119999751448631
21:06:00.665731,114,-1.5136534767127896,0.6956527774095905,-0.37251797610104054,-0.6263600167294499,16.359999634325504
21:06:00.665731,114,-1.5697393480672617,0.7214290153540289,-0.386321000112986,-0.5566400148672983,16.359999634325504
21:06:00.665731,114,-1.444099065667642,0.6989982720578122,-0.35876950949625697,-0.3480400092958007,12.759999714791775
21:06:00.665731,114,-1.499438628403081,0.7257847021914144,-0.37251797610104054,-0.3480400092958007,19.519999563694
21:06:00.665731,114,-1.5549977925779461,0.7526774276826897,-0.386321000112986,-0.5566400148672983,19.119999572634697
21:06:00.665731,114,-1.6099859673027335,0.7399257670103624,-0.47135720398535713,-0.6263600167294499,13.119999706745148
21:06:00.665731,114,-1.4298312223449317,0.7277385323105835,-0.35876950949625697,-0.3480400092958007,14.359999679028988
21:06:00.665731,114,-1.4846240246610696,0.7556263227823394,-0.37251797610104054,-0.3480400092958007,23.11999948322773
21:06:00.665731,114,-1.5396342587324303,0.7836247790893007,-0.386321000112986,-0.5566400148672983,22.519999496638775
21:06:00.665731,114,-1.5948664523952203,0.771975358817803,-0.47135720398535713,-0.6263600167294499,14.999999664723873
21:06:00.665731,114,-1.646475292205899,0.7566957216963017,-0.5605279664579063,-0.41748001115047373,9.999999776482582
21:06:00.665731,114,-1.4073589657734726,0.7702995763071567,-0.35876950949625697,-0.3480400092958007,16.239999637007713
21:06:00.665731,114,-1.4692155911304625,0.7851657029325455,-0.37251797610104054,-0.3480400092958007,27.519999384880066
21:06:00.665731,114,-1.5236548917391337,0.8142586910464784,-0.386321000112986,-0.5566400148672983,26.6399994045496
21:06:00.665731,114,-1.5709930298345247,0.8194668119020633,-0.47135720398535713,-0.6263600167294499,17.359999611973763
21:06:00.665731,114,-1.6310131029502593,0.7894716974550476,-0.5605279664579063,-0.41748001115047373,11.239999748766422
21:06:00.665731,114,-1.3916725392388676,0.7982908237794089,-0.35876950949625697,-0.3480400092958007,17.999999597668648
21:06:00.665731,114,-1.4450030562534957,0.8288822604570869,-0.37251797610104054,-0.3480400092958007,32.51999927312136
21:06:00.665731,114,-1.4985452023038959,0.8595950917247558,-0.386321000112986,-0.3480400092958007,31.63999929279089
21:06:00.665731,114,-1.553024141716505,0.8100938184005902,-0.5418363129039522,-0.6263600167294499,20.119999550282955
21:06:00.665731,114,-1.6065986042000442,0.8380395146175726,-0.5605279664579063,-0.41748001115047373,12.639999717473984
21:06:00.665731,114,-1.3754294622688363,0.8259627655801585,-0.35876950949625697,-0.3480400092958007,19.63999956101179
21:06:00.665731,114,-1.4281375256039561,0.8576146233852375,-0.37251797610104054,-0.3480400092958007,37.63999915868044
21:06:00.665731,114,-1.483945948345065,0.8512206716361521,-0.45509685866107363,-0.6263600167294499,37.35999916493893
21:06:00.665731,114,-1.536512751352947,0.8409902165274769,-0.5418363129039522,-0.6263600167294499,23.519999474287033
21:06:00.665731,114,-1.5895176226499603,0.8700017415863058,-0.5605279664579063,-0.41748001115047373,14.359999679028988
21:06:00.665731,114,-1.3586362318773058,0.8533043333021346,-0.35876950949625697,-0.3480400092958007,20.63999953866005
21:06:00.665731,114,-1.4107007590112899,0.8860039519140778,-0.37251797610104054,-0.3480400092958007,42.23999905586243
21:06:00.665731,114,-1.4666258909474266,0.8807273729327958,-0.45509685866107363,-0.6263600167294499,43.75999902188778
21:06:00.665731,114,-1.5193867764028846,0.871550229795843,-0.5418363129039522,-0.6263600167294499,27.359999388456345
21:06:00.665731,114,-1.5770904725867796,0.8428152797807217,-0.6325416584728428,-0.41748001115047373,16.239999637007713
21:06:00.665731,114,-1.629680941753045,0.8709202311164965,-0.6536347175994579,-0.41748001115047373,5.359999880194664
21:06:00.665731,114,-1.341299565132225,0.8803045906832865,-0.35876950949625697,-0.3480400092958007,20.999999530613422
21:06:00.665731,114,-1.3969573106261108,0.8773722491915741,-0.4388365133367901,-0.6263600167294499,45.11999899148941
21:06:00.665731,114,-1.4487192027743836,0.9098817950388892,-0.45509685866107363,-0.6263600167294499,50.1199988797307
21:06:00.665731,114,-1.5016530670276482,0.901761634608389,-0.5418363129039522,-0.6263600167294499,31.75999929010868
21:06:00.665731,114,-1.5511001698006117,0.8897416578987198,-0.6325416584728428,-0.41748001115047373,18.35999958962202
21:06:00.665731,114,-1.602823952977039,0.9194114403487497,-0.6536347175994579,-0.41748001115047373,5.879999868571758
21:06:00.665731,114,-1.3324296017224582,0.8936733476252359,-0.35876950949625697,-0.3480400092958007,20.63999953866005
21:06:00.665731,114,-1.3791316537039744,0.9051340636143127,-0.4388365133367901,-0.3480400092958007,45.35999898612499
21:06:00.665731,114,-1.4302330462621327,0.9386722765748313,-0.45509685866107363,-0.3480400092958007,55.11999876797199
21:06:00.665731,114,-1.4833187164742243,0.9316123468065436,-0.5418363129039522,-0.6263600167294499,36.35999918729067
21:06:00.665731,114,-1.5329963136592244,0.920583650117184,-0.6325416584728428,-0.41748001115047373,20.75999953597784
21:06:00.665731,114,-1.5841163963474785,0.9512819054855308,-0.6536347175994579,-0.41748001115047373,6.239999860525131
21:06:00.665731,114,-1.3142908496843222,0.9201414338230979,-0.35876950949625697,-0.3480400092958007,19.63999956101179
21:06:00.665731,114,-1.3607543625331924,0.9325338364960829,-0.4388365133367901,-0.3480400092958007,43.119999036192894
21:06:00.665731,114,-1.4111748156264696,0.9670873017323905,-0.45509685866107363,-0.3480400092958007,57.51999871432781
21:06:00.665731,114,-1.464391058238052,0.9610904265039654,-0.5418363129039522,-0.6263600167294499,40.759999088943005
21:06:00.665731,114,-1.514279279459462,0.9510574211663467,-0.6325416584728428,-0.41748001115047373,22.879999488592148
21:06:00.665731,114,-1.5633852052781636,0.9176871795261254,-0.7451693132323455,-0.41748001115047373,6.7599998489022255
21:06:00.665731,114,-1.2956263988534567,0.9462414757322719,-0.35876950949625697,-0.3480400092958007,18.11999959498644
21:06:00.665731,114,-1.3418327877848772,0.9595606082935473,-0.4388365133367901,-0.3480400092958007,38.75999913364649
21:06:00.665731,114,-1.3915521339052015,0.995115504880874,-0.45509685866107363,-0.3480400092958007,56.519998736679554
21:06:00.665731,114,-1.444877663129722,0.9901840828623382,-0.5418363129039522,-0.27832000743364915,44.23999901115894
21:06:00.665731,114,-1.4949565537651124,0.9811507819446443,-0.6325416584728428,-0.41748001115047373,24.879999443888664
21:06:00.665731,114,-1.5447200190515822,0.9487692671511556,-0.7451693132323455,-0.41748001115047373,7.1199998408555984
21:06:00.665731,114,-1.332170250765083,0.9729307346053538,-0.4388365133367901,-0.3480400092958007,33.7599992454052
21:06:00.665731,114,-1.3815315679067888,1.0089810386263196,-0.45509685866107363,-0.3480400092958007,52.3599988296628
21:06:00.665731,114,-1.4247863362467532,1.018881678807549,-0.5418363129039522,-0.27832000743364915,45.99999897181988
21:06:00.665731,114,-1.4750358654084754,1.0108516955095435,-0.6325416584728428,-0.41748001115047373,26.359999410808086
21:06:00.665731,114,-1.525436965440992,0.9794718597363778,-0.7451693132323455,-0.41748001115047373,7.519999831914902
21:06:00.665731,114,-1.3124465085656312,0.9993777831816667,-0.4388365133367901,-0.3480400092958007,28.759999357163906
21:06:00.665731,114,-1.3610769957752247,1.036408037889482,-0.45509685866107363,-0.3480400092958007,46.35999896377325
21:06:00.665731,114,-1.4145264507791997,1.0330783607312353,-0.5418363129039522,-0.27832000743364915,45.519998982548714
21:06:00.665731,114,-1.4545251823989316,1.0401482818921557,-0.6325416584728428,-0.41748001115047373,26.99999939650297
21:06:00.665731,114,-1.5055437574103891,1.0097826766546694,-0.7451693132323455,-0.41748001115047373,7.639999829232693
21:06:00.665731,114,-1.345509109863171,1.0245536886188082,-0.523144659349998,-0.27832000743364915,39.87999910861254
21:06:00.665731,114,-1.3958970760393554,1.0194726738901836,-0.6114485993462276,-0.27832000743364915,42.87999904155731
21:06:00.665731,114,-1.4850483519773907,1.0396895939839432,-0.7451693132323455,-0.41748001115047373,7.639999829232693
21:06:00.665731,114,-1.3247503097529756,1.0512571723401387,-0.523144659349998,-0.27832000743364915,33.7599992454052
21:06:00.665731,114,-1.375229812190041,1.047184865898933,-0.6114485993462276,-0.27832000743364915,38.75999913364649
21:06:00.665731,114,-1.3540124747765934,1.0744781979423255,-0.6114485993462276,-0.27832000743364915,34.11999923735857
21:06:00.697870,115,-1.5015227380807368,0.6362435923218973,-0.5044530057960438,-0.5566400148672983,10.239999771118164
21:06:00.697870,115,-1.5549977925779461,0.7526774276826897,-0.386321000112986,-0.5566400148672983,11.639999739825726
21:06:00.697870,115,-1.6105569567528113,0.7795701531739652,-0.40012402412493137,-0.5566400148672983,9.999999776482582
21:06:00.697870,115,-1.4270754608601544,0.6558628002998392,-0.48583523229566256,-0.5566400148672983,7.639999829232693
21:06:00.697870,115,-1.4817626591777882,0.6809962287784828,-0.5044530057960438,-0.5566400148672983,11.639999739825726
21:06:00.697870,115,-1.5396342587324303,0.7836247790893007,-0.386321000112986,-0.5566400148672983,12.999999709427357
21:06:00.697870,115,-1.5946444928037908,0.8116232353962621,-0.40012402412493137,-0.5566400148672983,10.99999975413084
21:06:00.697870,115,-1.4136736740478324,0.6842712379681551,-0.48583523229566256,-0.5566400148672983,8.119999818503857
21:06:00.697870,115,-1.467847300243096,0.710493310955986,-0.5044530057960438,-0.5566400148672983,13.119999706745148
21:06:00.697870,115,-1.5167986970627583,0.7911977768037236,-0.45509685866107363,-0.5566400148672983,14.759999670088291
21:06:00.697870,115,-1.578094192347805,0.8433516791604113,-0.40012402412493137,-0.5566400148672983,12.11999972909689
21:06:00.697870,115,-1.6251873626062912,0.8477358470004027,-0.48761754930964063,-0.5566400148672983,6.5199998542666435
21:06:00.697870,115,-1.399706436639899,0.7124059762770136,-0.48583523229566256,-0.5566400148672983,8.639999806880951
21:06:00.697870,115,-1.4458752167494269,0.7542024259666252,-0.5044530057960438,-0.5566400148672983,14.759999670088291
21:06:00.697870,115,-1.500672447175581,0.8213734934355316,-0.45509685866107363,-0.5566400148672983,16.639999628067017
21:06:00.697870,115,-1.5520873483542965,0.8903079229924247,-0.40012402412493137,-0.5566400148672983,13.35999970138073
21:06:00.697870,115,-1.6079087497134774,0.8800678851426886,-0.48761754930964063,-0.5566400148672983,7.1199998408555984
21:06:00.697870,115,-1.3777076428820534,0.7540703114105111,-0.48583523229566256,-0.5566400148672983,9.119999796152115
21:06:00.697870,115,-1.4305030087589206,0.7829671664098189,-0.5044530057960438,-0.5566400148672983,16.639999628067017
21:06:00.697870,115,-1.483945948345065,0.8512206716361521,-0.45509685866107363,-0.5566400148672983,18.639999583363533
21:06:00.697870,115,-1.5339719702371724,0.921169544216071,-0.40012402412493137,-0.41748001115047373,14.759999670088291
21:06:00.697870,115,-1.5899869947880256,0.9120479078807352,-0.48761754930964063,-0.5566400148672983,7.879999823868275
21:06:00.697870,115,-1.3623517100661808,0.7814718177171344,-0.48583523229566256,-0.5566400148672983,9.63999978452921
21:06:00.697870,115,-1.4145586186636074,0.8114187304398712,-0.5044530057960438,-0.5566400148672983,18.519999586045742
21:06:00.697870,115,-1.4666258909474266,0.8807273729327958,-0.45509685866107363,-0.5566400148672983,20.999999530613422
21:06:00.697870,115,-1.5152430238120682,0.9516627099205984,-0.40012402412493137,-0.41748001115047373,16.359999634325504
21:06:00.697870,115,-1.5714292662926317,0.9436631236324138,-0.48761754930964063,-0.5566400148672983,8.759999804198742
21:06:00.697870,115,-1.344409478925639,0.7711797999659921,-0.5482527937415862,-0.5566400148672983,9.879999779164791
21:06:00.697870,115,-1.3980484240066515,0.8395457378110281,-0.5044530057960438,-0.5566400148672983,20.239999547600746
21:06:00.697870,115,-1.4487192027743836,0.9098817950388892,-0.45509685866107363,-0.41748001115047373,23.23999948054552
21:06:00.697870,115,-1.5004810949226564,0.9423913408862044,-0.47135720398535713,-0.5566400148672983,17.879999600350857
21:06:00.697870,115,-1.5534553885381466,0.9328695830070695,-0.5605279664579063,-0.5566400148672983,9.63999978452921
21:06:00.697870,115,-1.3287180385690074,0.7979119656215371,-0.5482527937415862,-0.5566400148672983,9.999999776482582
21:06:00.697870,115,-1.3809790286454873,0.8673369380958659,-0.5044530057960438,-0.5566400148672983,21.639999516308308
21:06:00.697870,115,-1.4302330462621327,0.9386722765748313,-0.45509685866107363,-0.41748001115047373,25.51999942958355
21:06:00.697870,115,-1.4813344388202911,0.97221048953535,-0.47135720398535713,-0.41748001115047373,19.63999956101179
21:06:00.697870,115,-1.534488560388593,0.9637500511618825,-0.5605279664579063,-0.5566400148672983,10.759999759495258
21:06:00.697870,115,-1.3124951287367106,0.8243249771437849,-0.5482527937415862,-0.5566400148672983,9.879999779164791
21:06:00.697870,115,-1.3633572601103654,0.8947812151853115,-0.5044530057960438,-0.41748001115047373,22.519999496638775
21:06:00.697870,115,-1.4111748156264696,0.9670873017323905,-0.45509685866107363,-0.41748001115047373,27.519999384880066
21:06:00.697870,115,-1.461595268719747,1.0016407669686984,-0.47135720398535713,-0.41748001115047373,21.239999525249004
21:06:00.697870,115,-1.5149079573018953,0.9942450321632921,-0.5605279664579063,-0.5566400148672983,11.999999731779099
21:06:00.697870,115,-1.5654248563657387,1.0273996378226191,-0.5792196200118604,-0.5566400148672983,5.239999882876873
21:06:00.697870,115,-1.295747238376088,0.8504082696807672,-0.5482527937415862,-0.5566400148672983,9.759999781847
21:06:00.697870,115,-1.3451901668734307,0.9218675917349393,-0.5044530057960438,-0.41748001115047373,22.639999493956566
21:06:00.697870,115,-1.4014335458560672,0.9811504604186487,-0.45509685866107363,-0.41748001115047373,28.879999354481697
21:06:00.697870,115,-1.4412714800255255,1.0306704014682009,-0.47135720398535713,-0.41748001115047373,22.759999491274357
21:06:00.697870,115,-1.4947214112578675,1.0243423284260376,-0.5605279664579063,-0.5566400148672983,13.239999704062939
21:06:00.697870,115,-1.5445651593860132,1.0585005739897368,-0.5792196200118604,-0.06972000186215155,5.999999865889549
21:06:00.697870,115,-1.327473954001459,0.9097265555475369,-0.5692624810929973,-0.5566400148672983,21.99999950826168
21:06:00.697870,115,-1.3756356758880912,0.9837334561816544,-0.523144659349998,-0.41748001115047373,29.519999340176582
21:06:00.697870,115,-1.4308928850484943,1.0450313426472855,-0.47135720398535713,-0.41748001115047373,23.999999463558197
21:06:00.697870,115,-1.4739369966054154,1.0540299014334433,-0.5605279664579063,-0.5566400148672983,14.6399996727705
21:06:00.697870,115,-1.5230876569640779,1.089178124059338,-0.5792196200118604,-0.06972000186215155,6.8799998462200165
21:06:00.697870,115,-1.3556872008704117,1.0110475948160582,-0.523144659349998,-0.41748001115047373,29.11999934911728
21:06:00.697870,115,-1.4097074829848182,1.073438292597297,-0.47135720398535713,-0.41748001115047373,24.879999443888664
21:06:00.697870,115,-1.463323177265038,1.0687163243615874,-0.5605279664579063,-0.5566400148672983,15.999999642372131
21:06:00.697870,115,-1.5010009398141544,1.1194200174209712,-0.5792196200118604,-0.06972000186215155,7.879999823868275
21:06:00.697870,115,-1.555598944613599,1.1845290567207425,-0.5201382399582077,-0.06972000186215155,5.239999882876873
21:06:00.697870,115,-1.3879582167490032,1.1014158815617827,-0.47135720398535713,-0.41748001115047373,25.239999435842037
21:06:00.697870,115,-1.4416576213150514,1.097767100063677,-0.5605279664579063,-0.5566400148672983,17.23999961465597
21:06:00.697870,115,-1.4897318770409915,1.1343738057861115,-0.5792196200118604,-0.06972000186215155,8.999999798834324
21:06:00.697870,115,-1.466747977469754,1.1639395892030344,-0.5792196200118604,-0.06972000186215155,10.239999771118164
21:06:00.697870,115,-1.3782121198894859,1.1393345896379947,-0.6325416584728428,-0.13916000371682458,19.35999956727028
21:06:00.697870,115,-1.3882153363484313,1.2195163798851227,-0.6536347175994579,-0.06972000186215155,14.119999684393406
21:06:00.697870,115,-1.4132205251498644,1.318654923626171,-0.5979112735658146,-0.06972000186215155,7.1199998408555984
21:06:00.728608,116,-1.4772296701312206,0.6259498362376728,-0.35876950949625697,-0.27832000743364915,10.99999975413084
21:06:00.728608,116,-1.5329151531879495,0.6860225339404372,-0.30560348959643013,-0.27832000743364915,12.999999709427357
21:06:00.728608,116,-1.4065517618067096,0.6635460588265013,-0.2830010053775963,-0.27832000743364915,11.239999748766422
21:06:00.728608,116,-1.4577892886443036,0.6699784218285687,-0.35876950949625697,-0.27832000743364915,12.999999709427357
21:06:00.728608,116,-1.5188890446965386,0.7165415925458407,-0.30560348959643013,-0.27832000743364915,15.359999656677246
21:06:00.728608,116,-1.5697393480672617,0.7214290153540289,-0.386321000112986,-0.4872000130126253,16.99999962002039
21:06:00.728608,116,-1.3860154655147316,0.705437708220735,-0.2830010053775963,-0.27832000743364915,12.999999709427357
21:06:00.728608,116,-1.444099065667642,0.6989982720578122,-0.35876950949625697,-0.27832000743364915,15.75999964773655
21:06:00.728608,116,-1.499438628403081,0.7257847021914144,-0.37251797610104054,-0.27832000743364915,18.23999959230423
21:06:00.728608,116,-1.5549977925779461,0.7526774276826897,-0.386321000112986,-0.4872000130126253,19.63999956101179
21:06:00.728608,116,-1.6105569567528113,0.7795701531739652,-0.40012402412493137,-0.27832000743364915,10.99999975413084
21:06:00.728608,116,-1.3716304583896768,0.7330150860954137,-0.2830010053775963,-0.27832000743364915,15.119999662041664
21:06:00.728608,116,-1.4298312223449317,0.7277385323105835,-0.35876950949625697,-0.27832000743364915,19.35999956727028
21:06:00.728608,116,-1.4846240246610696,0.7556263227823394,-0.37251797610104054,-0.27832000743364915,22.11999950557947
21:06:00.728608,116,-1.5396342587324303,0.7836247790893007,-0.386321000112986,-0.4872000130126253,22.879999488592148
21:06:00.728608,116,-1.5946444928037908,0.8116232353962621,-0.40012402412493137,-0.27832000743364915,12.23999972641468
21:06:00.728608,116,-1.3566968173939533,0.7602992677221647,-0.2830010053775963,-0.27832000743364915,17.759999603033066
21:06:00.728608,116,-1.4073589657734726,0.7702995763071567,-0.35876950949625697,-0.27832000743364915,24.23999945819378
21:06:00.728608,116,-1.4612906049728211,0.7998183556911901,-0.37251797610104054,-0.27832000743364915,27.119999393820763
21:06:00.728608,116,-1.515436258613437,0.8294542730886522,-0.386321000112986,-0.27832000743364915,26.87999939918518
21:06:00.728608,116,-1.578094192347805,0.8433516791604113,-0.40012402412493137,-0.27832000743364915,13.759999692440033
21:06:00.728608,116,-1.3412205157845798,0.7872793397926098,-0.2830010053775963,-0.27832000743364915,20.75999953597784
21:06:00.728608,116,-1.3916725392388676,0.7982908237794089,-0.35876950949625697,-0.27832000743364915,30.759999312460423
21:06:00.728608,116,-1.4450030562534957,0.8288822604570869,-0.37251797610104054,-0.27832000743364915,33.99999924004078
21:06:00.728608,116,-1.4985452023038959,0.8595950917247558,-0.386321000112986,-0.27832000743364915,31.999999284744263
21:06:00.728608,116,-1.5542905984445292,0.8507206892891102,-0.47135720398535713,-0.27832000743364915,15.519999653100967
21:06:00.728608,116,-1.3254034596906856,0.7959215191376032,-0.32952299507640204,-0.27832000743364915,24.119999460875988
21:06:00.728608,116,-1.3754294622688363,0.8259627655801585,-0.35876950949625697,-0.27832000743364915,39.519999116659164
21:06:00.728608,116,-1.4281375256039561,0.8576146233852375,-0.37251797610104054,-0.27832000743364915,42.9999990388751
21:06:00.728608,116,-1.4810547479205642,0.8893920838006542,-0.386321000112986,-0.27832000743364915,38.359999142587185
21:06:00.728608,116,-1.5369664715665452,0.8816342897584437,-0.47135720398535713,-0.27832000743364915,17.639999605715275
21:06:00.728608,116,-1.3092210190269513,0.8222686415791256,-0.32952299507640204,-0.27832000743364915,27.639999382197857
21:06:00.728608,116,-1.3586362318773058,0.8533043333021346,-0.35876950949625697,-0.27832000743364915,50.639998868107796
21:06:00.728608,116,-1.4107007590112899,0.8860039519140778,-0.37251797610104054,-0.27832000743364915,54.87999877333641
21:06:00.728608,116,-1.4629718914116792,0.9188333309173381,-0.386321000112986,-0.27832000743364915,46.11999896913767
21:06:00.728608,116,-1.5190275786200291,0.9121952482826049,-0.47135720398535713,-0.27832000743364915,19.999999552965164
21:06:00.728608,116,-1.5770904725867796,0.8428152797807217,-0.6325416584728428,-0.27832000743364915,4.999999888241291
21:06:00.728608,116,-1.2896954304031414,0.8464364244054776,-0.3449664854843116,-0.27832000743364915,30.759999312460423
21:06:00.728608,116,-1.341299565132225,0.8803045906832865,-0.35876950949625697,-0.27832000743364915,62.879998594522476
21:06:00.728608,116,-1.3926997309493356,0.9140388906912227,-0.37251797610104054,-0.27832000743364915,69.35999844968319
21:06:00.728608,116,-1.444303865678419,0.9479070569690317,-0.386321000112986,-0.27832000743364915,55.519998759031296
21:06:00.728608,116,-1.5004810949226564,0.9423913408862044,-0.47135720398535713,-0.27832000743364915,22.759999491274357
21:06:00.728608,116,-1.5511001698006117,0.8897416578987198,-0.6325416584728428,-0.27832000743364915,5.519999876618385
21:06:00.728608,116,-1.2811667231890362,0.8592908420064427,-0.3449664854843116,-0.27832000743364915,32.99999926239252
21:06:00.728608,116,-1.3324296017224582,0.8936733476252359,-0.35876950949625697,-0.27832000743364915,72.63999837636948
21:06:00.728608,116,-1.3834898601826253,0.9279199540123344,-0.37251797610104054,-0.27832000743364915,84.23999811708927
21:06:00.728608,116,-1.434752738716047,0.9623024596311277,-0.386321000112986,-0.27832000743364915,65.99999852478504
21:06:00.728608,116,-1.4813344388202911,0.97221048953535,-0.47135720398535713,-0.27832000743364915,25.75999942421913
21:06:00.728608,116,-1.5329963136592244,0.920583650117184,-0.6325416584728428,-0.20888000557897612,5.999999865889549
21:06:00.728608,116,-1.2637258276389856,0.8847406152772883,-0.3449664854843116,-0.27832000743364915,33.639999248087406
21:06:00.728608,116,-1.3142908496843222,0.9201414338230979,-0.35876950949625697,-0.27832000743364915,74.63999833166599
21:06:00.728608,116,-1.364656009982444,0.955402328184932,-0.37251797610104054,-0.27832000743364915,94.51999788731337
21:06:00.728608,116,-1.4152210320277805,0.9908031467307413,-0.386321000112986,-0.27832000743364915,76.359998293221
21:06:00.728608,116,-1.461595268719747,1.0016407669686984,-0.47135720398535713,-0.27832000743364915,28.879999354481697
21:06:00.728608,116,-1.514279279459462,0.9510574211663467,-0.6325416584728428,-0.20888000557897612,6.5199998542666435
21:06:00.728608,116,-1.245779458629928,0.9098365041142267,-0.3449664854843116,-0.27832000743364915,32.63999927043915
21:06:00.728608,116,-1.2956263988534567,0.9462414757322719,-0.35876950949625697,-0.27832000743364915,67.75999848544598
21:06:00.728608,116,-1.345276315597841,0.9825025541818662,-0.37251797610104054,-0.27832000743364915,94.51999788731337
21:06:00.728608,116,-1.3951232558213698,1.0189075257999112,-0.386321000112986,-0.27832000743364915,84.11999811977148
21:06:00.728608,116,-1.4412714800255255,1.0306704014682009,-0.47135720398535713,-0.27832000743364915,31.87999928742647
21:06:00.728608,116,-1.4949565537651124,0.9811507819446443,-0.6325416584728428,-0.20888000557897612,6.8799998462200165
21:06:00.728608,116,-1.2273347944698645,0.9345684704967792,-0.3449664854843116,-0.27832000743364915,30.119999326765537
21:06:00.728608,116,-1.2764437147610042,0.9719630336844568,-0.35876950949625697,-0.27832000743364915,55.75999875366688
21:06:00.728608,116,-1.325358528647831,1.0092097922745544,-0.37251797610104054,-0.27832000743364915,84.11999811977148
21:06:00.728608,116,-1.3815315679067888,1.0089810386263196,-0.45509685866107363,-0.41748001115047373,86.87999805808067
21:06:00.728608,116,-1.4247863362467532,1.018881678807549,-0.5418363129039522,-0.41748001115047373,34.11999923735857
21:06:00.728608,116,-1.4750358654084754,1.0108516955095435,-0.6325416584728428,-0.20888000557897612,7.35999983549118
21:06:00.728608,116,-1.2179278995088192,0.9467948855803507,-0.3449664854843116,-0.27832000743364915,26.87999939918518
21:06:00.728608,116,-1.2666604249833933,0.9846786600626897,-0.35876950949625697,-0.27832000743364915,43.75999902188778
21:06:00.728608,116,-1.315200331780202,1.0224126963059679,-0.37251797610104054,-0.27832000743364915,68.87999846041203
21:06:00.728608,116,-1.3610769957752247,1.036408037889482,-0.45509685866107363,-0.41748001115047373,83.23999813944101
21:06:00.728608,116,-1.4041251138516593,1.0471717356843626,-0.5418363129039522,-0.41748001115047373,35.51999920606613
21:06:00.728608,116,-1.4545251823989316,1.0401482818921557,-0.6325416584728428,-0.20888000557897612,7.759999826550484
21:06:00.728608,116,-1.2467148414714768,1.0098132499906676,-0.35876950949625697,-0.27832000743364915,33.87999924272299
21:06:00.728608,116,-1.294490410213997,1.0485104730742516,-0.37251797610104054,-0.27832000743364915,54.119998790323734
21:06:00.728608,116,-1.340078011017138,1.0634204877746092,-0.45509685866107363,-0.41748001115047373,74.63999833166599
21:06:00.728608,116,-1.3935833655891112,1.0611603943412427,-0.5418363129039522,-0.41748001115047373,35.51999920606613
21:06:00.728608,116,-1.4429606550404022,1.0102237920914519,-0.7035434188144772,-0.06972000186215155,7.879999823868275
21:06:00.728608,116,-1.4897318770409915,1.1343738057861115,-0.5792196200118604,-0.06972000186215155,5.239999882876873
21:06:00.728608,116,-1.2262705886679066,1.034543928100702,-0.35876950949625697,-0.20888000557897612,26.359999410808086
21:06:00.728608,116,-1.2732627097664941,1.0741888596520062,-0.37251797610104054,-0.20888000557897612,42.119999058544636
21:06:00.728608,116,-1.3185430129460742,1.0900075836623913,-0.45509685866107363,-0.41748001115047373,63.75999857485294
21:06:00.728608,116,-1.5140805333753466,1.2015003948239997,-0.5979112735658146,-0.06972000186215155,5.519999876618385
21:06:00.728608,116,-1.2158640090255044,1.0467547025728583,-0.35876950949625697,-0.20888000557897612,20.87999953329563
21:06:00.728608,116,-1.2624573378385253,1.086867565262694,-0.37251797610104054,-0.20888000557897612,32.99999926239252
21:06:00.728608,116,-1.3075771924217872,1.103138293818501,-0.45509685866107363,-0.41748001115047373,52.999998815357685
21:06:00.728608,116,-1.4014082645528092,1.0671187554088548,-0.7035434188144772,-0.06972000186215155,7.759999826550484
21:06:00.728608,116,-1.2404689531068016,1.1118976619547811,-0.37251797610104054,-0.20888000557897612,26.239999413490295
21:06:00.728608,116,-1.2852543911503718,1.1290674733863886,-0.45509685866107363,-0.20888000557897612,43.63999902456999
21:06:00.728608,116,-1.2738996426646692,1.1418633499019335,-0.45509685866107363,-0.20888000557897612,35.759999200701714
21:06:00.728608,116,-1.3635490014848926,1.247034939939798,-0.6536347175994579,-0.06972000186215155,6.359999857842922
21:06:00.728608,116,-1.3683054091236875,1.3289182390360386,-0.6747277767260731,-0.06972000186215155,8.639999806880951
21:06:00.728608,116,-1.416711171233171,1.3219119932501073,-0.7739255797318607,-1.8090800483187195,7.879999823868275
21:06:00.761416,117,-1.4577892886443036,0.6699784218285687,-0.35876950949625697,-0.5566400148672983,12.519999720156193
21:06:00.761416,117,-1.5188890446965386,0.7165415925458407,-0.30560348959643013,-0.5566400148672983,16.119999639689922
21:06:00.761416,117,-1.5751689111740172,0.7430918302309751,-0.3169271104030934,-0.5566400148672983,15.999999642372131
21:06:00.761416,117,-1.388539901492777,0.6721055465665369,-0.3449664854843116,-2.15712005761452,10.759999759495258
21:06:00.761416,117,-1.444099065667642,0.6989982720578122,-0.35876950949625697,-0.5566400148672983,14.759999670088291
21:06:00.761416,117,-1.4967125729138997,0.7617790086558879,-0.30560348959643013,-0.5566400148672983,18.879999577999115
21:06:00.761416,117,-1.5521707277099186,0.7900054423392416,-0.3169271104030934,-0.5566400148672983,18.35999958962202
21:06:00.761416,117,-1.6105569567528113,0.7795701531739652,-0.40012402412493137,-0.41748001115047373,10.239999771118164
21:06:00.761416,117,-1.3748209882735711,0.6997400760036222,-0.3449664854843116,-0.20888000557897612,12.519999720156193
21:06:00.761416,117,-1.4298312223449317,0.7277385323105835,-0.35876950949625697,-0.5566400148672983,17.519999608397484
21:06:00.761416,117,-1.4811786762430355,0.7915589131519034,-0.30560348959643013,-0.5566400148672983,22.359999500215054
21:06:00.761416,117,-1.5360612487517478,0.8208887908653526,-0.3169271104030934,-0.5566400148672983,21.359999522566795
21:06:00.761416,117,-1.5946444928037908,0.8116232353962621,-0.40012402412493137,-0.41748001115047373,11.239999748766422
21:06:00.761416,117,-1.3605521650143402,0.7270947187525607,-0.3449664854843116,-0.20888000557897612,14.51999967545271
21:06:00.761416,117,-1.4149914656230114,0.7561877068664937,-0.35876950949625697,-0.5566400148672983,20.999999530613422
21:06:00.761416,117,-1.4650523278769434,0.8210222046507893,-0.30560348959643013,-0.5566400148672983,26.75999940186739
21:06:00.761416,117,-1.5193373658020848,0.8514437948348329,-0.3169271104030934,-0.5566400148672983,25.119999438524246
21:06:00.761416,117,-1.5709930298345247,0.8194668119020633,-0.47135720398535713,-0.5566400148672983,12.519999720156193
21:06:00.761416,117,-1.338130393188467,0.76757799251174,-0.3449664854843116,-0.20888000557897612,16.8799996227026
21:06:00.761416,117,-1.3916725392388676,0.7982908237794089,-0.35876950949625697,-0.5566400148672983,25.63999942690134
21:06:00.761416,117,-1.4450030562534957,0.8288822604570869,-0.37251797610104054,-0.5566400148672983,32.51999927312136
21:06:00.761416,117,-1.5020057681908285,0.881658232654036,-0.3169271104030934,-0.13916000371682458,29.879999332129955
21:06:00.761416,117,-1.5542905984445292,0.8507206892891102,-0.47135720398535713,-0.41748001115047373,13.879999689757824
21:06:00.761416,117,-1.2695950176356199,0.7624078447493252,-0.3311634614723662,-0.20888000557897612,5.519999876618385
21:06:00.761416,117,-1.322512239952228,0.7941853051647418,-0.3449664854843116,-0.20888000557897612,19.879999555647373
21:06:00.761416,117,-1.3754294622688363,0.8259627655801585,-0.35876950949625697,-0.5566400148672983,31.63999929279089
21:06:00.761416,117,-1.4281375256039561,0.8576146233852375,-0.37251797610104054,-0.5566400148672983,39.87999910861254
21:06:00.761416,117,-1.4810547479205642,0.8893920838006542,-0.386321000112986,-0.5566400148672983,35.759999200701714
21:06:00.761416,117,-1.5369664715665452,0.8816342897584437,-0.47135720398535713,-0.41748001115047373,15.519999653100967
21:06:00.761416,117,-1.2540939670765276,0.7876455752956139,-0.3311634614723662,-0.20888000557897612,5.759999871253967
21:06:00.761416,117,-1.3063650994769167,0.8204749542988743,-0.3449664854843116,-0.20888000557897612,23.35999947786331
21:06:00.761416,117,-1.3586362318773058,0.8533043333021346,-0.35876950949625697,-0.20888000557897612,39.639999113976955
21:06:00.761416,117,-1.4107007590112899,0.8860039519140778,-0.37251797610104054,-0.5566400148672983,49.63999889045954
21:06:00.761416,117,-1.4629718914116792,0.9188333309173381,-0.386321000112986,-0.5566400148672983,43.119999036192894
21:06:00.761416,117,-1.5190275786200291,0.9121952482826049,-0.47135720398535713,-0.41748001115047373,17.359999611973763
21:06:00.761416,117,-1.238091295674058,0.8125682581276686,-0.3311634614723662,-0.20888000557897612,5.879999868571758
21:06:00.761416,117,-1.2896954304031414,0.8464364244054776,-0.3449664854843116,-0.20888000557897612,27.239999391138554
21:06:00.761416,117,-1.3454000109369224,0.8449911995729044,-0.42264043815212826,-0.5566400148672983,49.99999888241291
21:06:00.761416,117,-1.3926997309493356,0.9140388906912227,-0.37251797610104054,-0.5566400148672983,62.35999860614538
21:06:00.761416,117,-1.444303865678419,0.9479070569690317,-0.386321000112986,-0.20888000557897612,52.11999883502722
21:06:00.761416,117,-1.5004810949226564,0.9423913408862044,-0.47135720398535713,-0.41748001115047373,19.35999956727028
21:06:00.761416,117,-1.2299038446556143,0.8249083363876494,-0.3311634614723662,-0.20888000557897612,5.999999865889549
21:06:00.761416,117,-1.2771308503764252,0.8381901997998388,-0.4063800928278447,-0.41748001115047373,31.5199992954731
21:06:00.761416,117,-1.3282322429345834,0.8717284127603574,-0.42264043815212826,-0.5566400148672983,63.23999858647585
21:06:00.761416,117,-1.3834898601826253,0.9279199540123344,-0.37251797610104054,-0.5566400148672983,78.51999824494123
21:06:00.761416,117,-1.434752738716047,0.9623024596311277,-0.386321000112986,-0.20888000557897612,62.99999859184027
21:06:00.761416,117,-1.4813344388202911,0.97221048953535,-0.47135720398535713,-0.41748001115047373,21.519999518990517
21:06:00.761416,117,-1.2096922935817922,0.8290100157485681,-0.3901197475035612,-0.20888000557897612,6.11999986320734
21:06:00.761416,117,-1.2601127466750695,0.8635634809848758,-0.4063800928278447,-0.20888000557897612,35.51999920606613
21:06:00.761416,117,-1.310533199768347,0.8981169462211835,-0.42264043815212826,-0.5566400148672983,78.35999824851751
21:06:00.761416,117,-1.364656009982444,0.955402328184932,-0.37251797610104054,-0.20888000557897612,97.51999782025814
21:06:00.761416,117,-1.4152210320277805,0.9908031467307413,-0.386321000112986,-0.20888000557897612,74.99999832361937
21:06:00.761416,117,-1.464391058238052,0.9610904265039654,-0.5418363129039522,-0.3480400092958007,23.639999471604824
21:06:00.761416,117,-1.2425906146988543,0.8885913483069858,-0.4063800928278447,-0.20888000557897612,38.6399991363287
21:06:00.761416,117,-1.2923099608191788,0.9241462448943126,-0.42264043815212826,-0.5566400148672983,92.75999792665243
21:06:00.761416,117,-1.345276315597841,0.9825025541818662,-0.37251797610104054,-0.20888000557897612,116.51999739557505
21:06:00.761416,117,-1.3951232558213698,1.0189075257999112,-0.386321000112986,-0.20888000557897612,86.63999806344509
21:06:00.761416,117,-1.444877663129722,0.9901840828623382,-0.5418363129039522,-0.3480400092958007,25.63999942690134
21:06:00.761416,117,-1.1842814033602893,0.8649223138626975,-0.3901197475035612,-0.20888000557897612,6.11999986320734
21:06:00.761416,117,-1.2336427205019946,0.9009726178836631,-0.4063800928278447,-0.20888000557897612,40.11999910324812
21:06:00.761416,117,-1.2830040376437002,0.937022921904629,-0.42264043815212826,-0.20888000557897612,101.23999773710966
21:06:00.761416,117,-1.325358528647831,1.0092097922745544,-0.37251797610104054,-0.20888000557897612,129.99999709427357
21:06:00.761416,117,-1.3815315679067888,1.0089810386263196,-0.45509685866107363,-0.20888000557897612,95.23999787122011
21:06:00.761416,117,-1.4247863362467532,1.018881678807549,-0.5418363129039522,-0.41748001115047373,27.119999393820763
21:06:00.761416,117,-1.2153777495109088,0.9254636384091504,-0.4063800928278447,-0.20888000557897612,39.639999113976955
21:06:00.761416,117,-1.2640082367205023,0.9624938931169655,-0.42264043815212826,-0.20888000557897612,99.63999777287245
21:06:00.761416,117,-1.3124465085656312,0.9993777831816667,-0.4388365133367901,-0.20888000557897612,132.23999704420567
21:06:00.761416,117,-1.3610769957752247,1.036408037889482,-0.45509685866107363,-0.20888000557897612,98.35999780148268
21:06:00.761416,117,-1.4145264507791997,1.0330783607312353,-0.5418363129039522,-0.41748001115047373,28.11999937146902
21:06:00.761416,117,-1.1966266436465702,0.9495844858351721,-0.4063800928278447,-0.20888000557897612,37.239999167621136
21:06:00.761416,117,-1.2445068493784353,0.9875798796223456,-0.42264043815212826,-0.20888000557897612,88.99999801069498
21:06:00.761416,117,-1.292197805285273,1.0254250939874354,-0.4388365133367901,-0.20888000557897612,122.23999726772308
21:06:00.761416,117,-1.340078011017138,1.0634204877746092,-0.45509685866107363,-0.20888000557897612,94.87999787926674
21:06:00.761416,117,-1.3935833655891112,1.0611603943412427,-0.5418363129039522,-0.41748001115047373,28.11999937146902
21:06:00.761416,117,-1.1870711264328313,0.961503073740897,-0.4063800928278447,-0.20888000557897612,33.519999250769615
21:06:00.761416,117,-1.2345689905776214,0.9999753618409203,-0.42264043815212826,-0.20888000557897612,74.35999833792448
21:06:00.761416,117,-1.2714322401349802,1.0510622484460965,-0.4388365133367901,-0.20888000557897612,105.1199976503849
21:06:00.761416,117,-1.3293769802737434,1.0767678736611248,-0.45509685866107363,-0.20888000557897612,86.119998075068
21:06:00.761416,117,-1.2143239115048259,1.024465106644607,-0.42264043815212826,-0.20888000557897612,59.99999865889549
21:06:00.761416,117,-1.2608582219822007,1.0637238059868273,-0.4388365133367901,-0.20888000557897612,86.63999806344509
21:06:00.761416,117,-1.3034616272056676,1.077540167227905,-0.523144659349998,-0.20888000557897612,74.87999832630157
21:06:00.761416,117,-1.1935931190799105,1.0485450790833062,-0.42264043815212826,-0.20888000557897612,47.999998927116394
21:06:00.761416,117,-1.239333001380418,1.088726551091973,-0.4388365133367901,-0.20888000557897612,70.11999843269587
21:06:00.761416,117,-1.292621232828016,1.0905206894091324,-0.523144659349998,-0.20888000557897612,63.51999858021736
21:06:00.761416,117,-1.1830481641241157,1.0604283842614197,-0.42264043815212826,-0.20888000557897612,38.519999139010906
21:06:00.761416,117,-1.2283839514354413,1.1010652384028246,-0.4388365133367901,-0.20888000557897612,56.87999872863293
21:06:00.761416,117,-1.0164420909354843,1.3370642458079143,-1.6286084392169444,-0.27832000743364915,6.359999857842922
21:06:00.761416,117,-1.0199918101008207,1.369955414470141,-1.6896288551046883,-0.27832000743364915,7.759999826550484
21:06:00.779366,118,-1.389709238421014,0.7249049343011194,-0.20491917612475186,-0.20888000557897612,10.87999975681305
21:06:00.779366,118,-1.4453151908677193,0.7539103033313556,-0.21311853585265983,-0.27832000743364915,10.759999759495258
21:06:00.779366,118,-1.3199944595089974,0.6389269740965454,-0.3901197475035612,-0.27832000743364915,7.999999821186066
21:06:00.779366,118,-1.3730679058526065,0.7515308118550474,-0.22058278405284124,-0.20888000557897612,12.639999717473984
21:06:00.779366,118,-1.4299489369417364,0.7826639024264285,-0.21311853585265983,-0.27832000743364915,12.639999717473984
21:06:00.779366,118,-1.4827309285405026,0.8115534371890343,-0.2382001027222521,-0.41748001115047373,11.519999742507935
21:06:00.779366,118,-1.3002355728245931,0.6782333717269599,-0.3901197475035612,-0.20888000557897612,8.639999806880951
21:06:00.779366,118,-1.3577636875572099,0.7788400374923063,-0.22058278405284124,-0.20888000557897612,14.759999670088291
21:06:00.779366,118,-1.4120914137871599,0.8100034930490918,-0.22940888627731837,-0.27832000743364915,14.759999670088291
21:06:00.779366,118,-1.4662044059213393,0.8410437728922139,-0.2382001027222521,-0.41748001115047373,13.119999706745148
21:06:00.779366,118,-1.2864117715514443,0.7041007068427731,-0.3901197475035612,-0.20888000557897612,9.519999787211418
21:06:00.779366,118,-1.3435940271896212,0.7886725607208314,-0.26743500507019224,-0.20888000557897612,17.519999608397484
21:06:00.779366,118,-1.395610015414947,0.8380814426513937,-0.22940888627731837,-0.27832000743364915,17.639999605715275
21:06:00.779366,118,-1.4490914211151547,0.8701977023150421,-0.2382001027222521,-0.41748001115047373,14.999999664723873
21:06:00.779366,118,-1.5046638156776384,0.883218472633909,-0.2994950610314774,-0.41748001115047373,8.879999801516533
21:06:00.779366,118,-1.2720734227446047,0.7296864110763231,-0.3901197475035612,-0.20888000557897612,10.239999771118164
21:06:00.779366,118,-1.3252077438755756,0.8139445106381322,-0.2830010053775963,-0.20888000557897612,20.87999953329563
21:06:00.779366,118,-1.3785703916694074,0.8658241708658907,-0.22940888627731837,-0.27832000743364915,21.239999525249004
21:06:00.779366,118,-1.4335807882864127,0.8805073910672594,-0.28879427718160255,-0.41748001115047373,17.11999961733818
21:06:00.779366,118,-1.4866997015020633,0.9131331042980761,-0.2994950610314774,-0.41748001115047373,9.759999781847
21:06:00.779366,118,-1.2572262615521648,0.7549802504875118,-0.3901197475035612,-0.20888000557897612,10.99999975413084
21:06:00.779366,118,-1.3086649065619171,0.8402841145464017,-0.2830010053775963,-0.20888000557897612,25.119999438524246
21:06:00.779366,118,-1.3634366244726808,0.8754526319079192,-0.27813578892006713,-0.27832000743364915,25.999999418854713
21:06:00.779366,118,-1.4156851082572177,0.9090009991890621,-0.28879427718160255,-0.41748001115047373,19.879999555647373
21:06:00.779366,118,-1.4681409272948682,0.9426824949117968,-0.2994950610314774,-0.41748001115047373,10.639999762177467
21:06:00.779366,118,-1.241876226640377,0.7799721078782739,-0.3901197475035612,-0.20888000557897612,11.759999737143517
21:06:00.779366,118,-1.2915986207576657,0.8662876160275159,-0.2830010053775963,-0.20888000557897612,30.119999326765537
21:06:00.779366,118,-1.3456560612493838,0.9025444612265677,-0.27813578892006713,-0.27832000743364915,31.999999284744263
21:06:00.779366,118,-1.3972231730855826,0.937131019047294,-0.28879427718160255,-0.41748001115047373,22.99999948590994
21:06:00.779366,118,-1.4464352101194105,0.9701380055497137,-0.3169271104030934,-0.41748001115047373,11.759999737143517
21:06:00.779366,118,-1.2276717492498694,0.7710508515292773,-0.44845192518775423,-0.3480400092958007,12.359999723732471
21:06:00.779366,118,-1.2740157127492908,0.8919446140280559,-0.2830010053775963,-0.20888000557897612,35.759999200701714
21:06:00.779366,118,-1.327337253567489,0.9292752848106292,-0.27813578892006713,-0.20888000557897612,39.23999912291765
21:06:00.779366,118,-1.37820236729909,0.9648861990095766,-0.28879427718160255,-0.41748001115047373,26.6399994045496
21:06:00.779366,118,-1.4267444665471656,0.998870759438979,-0.3169271104030934,-0.41748001115047373,12.999999709427357
21:06:00.779366,118,-1.2120062344566371,0.7954484440795022,-0.44845192518775423,-0.3480400092958007,12.759999714791775
21:06:00.779366,118,-1.265032715213106,0.9046399616788426,-0.2830010053775963,-0.20888000557897612,41.35999907553196
21:06:00.779366,118,-1.3156500292964395,0.9408370058516636,-0.2943246261842596,-0.20888000557897612,47.51999893784523
21:06:00.779366,118,-1.3684847567971794,0.9786197487695254,-0.28879427718160255,-0.20888000557897612,30.63999931514263
21:06:00.779366,118,-1.4166845890279938,1.0130880228764643,-0.3169271104030934,-0.41748001115047373,14.239999681711197
21:06:00.779366,118,-1.1958559333511607,0.819527867872156,-0.44845192518775423,-0.3480400092958007,12.999999709427357
21:06:00.779366,118,-1.2466881244480519,0.9297580067877556,-0.2830010053775963,-0.20888000557897612,45.759998977184296
21:06:00.779366,118,-1.2965714228009473,0.9669600905640172,-0.2943246261842596,-0.20888000557897612,55.519998759031296
21:06:00.779366,118,-1.346257553966677,1.0040151305308864,-0.30560348959643013,-0.20888000557897612,34.879999220371246
21:06:00.779366,118,-1.3961408523195722,1.0412172143071479,-0.3169271104030934,-0.41748001115047373,15.639999650418758
21:06:00.779366,118,-1.1792273058382592,0.8432794914592067,-0.44845192518775423,-0.3480400092958007,12.879999712109566
21:06:00.779366,118,-1.2273347944698645,0.9345684704967792,-0.3449664854843116,-0.20888000557897612,47.51999893784523
21:06:00.779366,118,-1.2769742050469064,0.9926964041500638,-0.2943246261842596,-0.20888000557897612,60.51999864727259
21:06:00.779366,118,-1.3259093479410395,1.030737689710559,-0.30560348959643013,-0.20888000557897612,38.75999913364649
21:06:00.779366,118,-1.3750386779101496,1.068929932753437,-0.3169271104030934,-0.20888000557897612,16.99999962002039
21:06:00.779366,118,-1.2179278995088192,0.9467948855803507,-0.3449664854843116,-0.20888000557897612,45.87999897450209
21:06:00.779366,118,-1.2669835585005256,1.0054162986827846,-0.2943246261842596,-0.20888000557897612,60.63999864459038
21:06:00.779366,118,-1.315535848151093,1.0439450254571248,-0.30560348959643013,-0.20888000557897612,41.51999907195568
21:06:00.779366,118,-1.3669146289765775,1.062614445618597,-0.36902614710359055,-0.41748001115047373,18.35999958962202
21:06:00.779366,118,-1.1987496871387087,0.9709624664980218,-0.3449664854843116,-0.20888000557897612,41.51999907195568
21:06:00.779366,118,-1.2466231852505614,1.0305532034608351,-0.2943246261842596,-0.20888000557897612,55.519998759031296
21:06:00.779366,118,-1.2943952416196522,1.0700452057832395,-0.30560348959643013,-0.20888000557897612,42.51999904960394
21:06:00.779366,118,-1.1790919908982926,0.9947416753924482,-0.3449664854843116,-0.20888000557897612,35.759999200701714
21:06:00.779366,118,-1.225764179370208,1.0552779007164539,-0.2943246261842596,-0.20888000557897612,47.51999893784523
21:06:00.779366,118,-1.2727368942730808,1.0957173823132522,-0.30560348959643013,-0.20888000557897612,41.35999907553196
21:06:00.779366,118,-1.1690857860505266,1.0064826618564755,-0.3449664854843116,-0.20888000557897612,29.999999329447746
21:06:00.779366,118,-1.21515028878218,1.0674825744902021,-0.2943246261842596,-0.20888000557897612,38.99999912828207
21:06:00.779366,118,-1.261716267001935,1.1083897534396443,-0.30560348959643013,-0.20888000557897612,38.519999139010906
21:06:00.779366,118,-1.148723665860326,1.0296615284915176,-0.3449664854843116,-0.20888000557897612,24.759999446570873
21:06:00.779366,118,-1.1935590391051167,1.0915704701658595,-0.2943246261842596,-0.20888000557897612,31.5199992954731
21:06:00.779366,118,-1.2392976154211888,1.1334007254094416,-0.30560348959643013,-0.20888000557897612,34.35999923199415
21:06:00.779366,118,-1.2864324336481052,1.153097150600733,-0.386321000112986,-0.20888000557897612,20.87999953329563
21:06:00.779366,118,-1.1825838391229602,1.1034512832983818,-0.2943246261842596,-0.20888000557897612,25.359999433159828
21:06:00.779366,118,-1.304323970618761,1.1691342775893816,-0.5418363129039522,-0.41748001115047373,8.359999813139439
21:06:00.779366,118,-1.0198647678552148,1.4907322406418002,-1.5841717205877306,0.13916000371682458,6.359999857842922
21:06:00.779366,118,-0.9483464442804058,1.3861941939223006,-1.6286084392169444,0.13916000371682458,6.5199998542666435
21:06:00.837002,119,-1.3716304583896768,0.6347921527441822,-0.4630762445889488,-1.1830000315967482,8.119999818503857
21:06:00.837002,119,-1.426513030898389,0.6601918703852193,-0.48160515331597775,-0.13916000371682458,7.999999821186066
21:06:00.837002,119,-1.306112864405669,0.588506487547193,-0.5005354815632399,-0.20888000557897612,7.239999838173389
21:06:00.837002,119,-1.3566968173939533,0.6611466484266227,-0.4701379104239882,-1.1830000315967482,9.239999793469906
21:06:00.837002,119,-1.410981855319095,0.6876008793378888,-0.48894937513018294,-0.13916000371682458,8.879999801516533
21:06:00.837002,119,-1.4662044059213393,0.7507351781462916,-0.4477617772335164,-0.3480400092958007,7.759999826550484
21:06:00.837002,119,-1.5193373658020848,0.7404047789829061,-0.5264979509271328,-0.3480400092958007,7.1199998408555984
21:06:00.837002,119,-1.2864117715514443,0.5791386365233145,-0.5590614120601165,-0.20888000557897612,7.999999821186066
21:06:00.837002,119,-1.3412205157845798,0.687207396834606,-0.477120866914058,-0.27832000743364915,10.639999762177467
21:06:00.837002,119,-1.394886305835742,0.7147043874085669,-0.4962117382297715,-0.13916000371682458,9.999999776482582
21:06:00.837002,119,-1.4509030551400812,0.7478964676734623,-0.49938009074005374,-0.3480400092958007,8.51999980956316
21:06:00.837002,119,-1.5020057681908285,0.7695896847992796,-0.5343180228718084,-0.3480400092958007,7.759999826550484
21:06:00.837002,119,-1.2720734227446047,0.6038525290262939,-0.5656834795981194,-0.20888000557897612,8.759999804198742
21:06:00.837002,119,-1.3252077438755756,0.7129639740167064,-0.4840223209697917,-0.27832000743364915,12.23999972641468
21:06:00.837002,119,-1.378232820453232,0.7414915535558849,-0.5033893377664638,-0.13916000371682458,11.519999742507935
21:06:00.837002,119,-1.4335807882864127,0.7757593702190593,-0.5068459329759335,-0.3480400092958007,9.359999790787697
21:06:00.837002,119,-1.4810547479205642,0.7590995510878094,-0.6033490410979816,-0.3480400092958007,8.359999813139439
21:06:00.837002,119,-1.2572262615521648,0.6282845017595694,-0.5722300069614997,-0.20888000557897612,9.63999978452921
21:06:00.837002,119,-1.3086649065619171,0.7384060776859284,-0.4908395121017086,-0.27832000743364915,14.119999684393406
21:06:00.837002,119,-1.361028060343376,0.7679516632710209,-0.5104793027962733,-0.13916000371682458,13.119999706745148
21:06:00.837002,119,-1.4156851082572177,0.8032820821880684,-0.5142206214215439,-0.3480400092958007,10.519999764859676
21:06:00.837002,119,-1.4629718914116792,0.787537612035973,-0.6109689965633491,-0.3480400092958007,9.119999796152115
21:06:00.837002,119,-1.241876226640377,0.6524247822602398,-0.5786983756267152,-0.20888000557897612,10.639999762177467
21:06:00.837002,119,-1.2915986207576657,0.7635235313404827,-0.4975697135243726,-0.27832000743364915,16.639999628067017
21:06:00.837002,119,-1.3432789071805173,0.7940741328633582,-0.5174787974278466,-0.13916000371682458,15.239999659359455
21:06:00.837002,119,-1.3947549236965588,0.8245039810205308,-0.5373091893000816,-0.3480400092958007,11.759999737143517
21:06:00.837002,119,-1.444303865678419,0.8156206748957571,-0.6184938305776208,-0.3480400092958007,9.999999776482582
21:06:00.837002,119,-1.2260294578182667,0.6762637147384026,-0.585085998332659,-0.20888000557897612,11.639999739825726
21:06:00.837002,119,-1.2811667231890362,0.7407273202222803,-0.5556128727269181,-0.27832000743364915,19.519999563694
21:06:00.837002,119,-1.324992460388951,0.8198485136938221,-0.5243850219567816,-0.13916000371682458,17.759999603033066
21:06:00.837002,119,-1.3757677189075057,0.8512660662258844,-0.5444800684186291,-0.3480400092958007,13.239999704062939
21:06:00.837002,119,-1.434752738716047,0.8295255661069061,-0.6222196349484908,-0.3480400092958007,10.99999975413084
21:06:00.837002,119,-1.2096922935817922,0.699791763939341,-0.5913903201155302,-0.20888000557897612,12.759999714791775
21:06:00.837002,119,-1.2637258276389856,0.7653099134977913,-0.562199758742954,-0.27832000743364915,23.11999948322773
21:06:00.837002,119,-1.3156500292964395,0.8326019435814347,-0.5278022931958943,-0.13916000371682458,20.87999953329563
21:06:00.837002,119,-1.3660672749446607,0.8645082224413072,-0.5480282934825984,-0.3480400092958007,14.999999664723873
21:06:00.837002,119,-1.4152210320277805,0.8570551158434065,-0.6295961555683784,-0.3480400092958007,12.11999972909689
21:06:00.837002,119,-1.1958559333511607,0.675535233889849,-0.6452807165854811,-0.20888000557897612,13.879999689757824
21:06:00.837002,119,-1.245779458629928,0.7895506806590696,-0.5686950527277294,-0.27832000743364915,27.519999384880066
21:06:00.837002,119,-1.2965714228009473,0.8578349057674342,-0.534563445036278,-0.13916000371682458,24.639999449253082
21:06:00.837002,119,-1.346257553966677,0.8907081412074271,-0.5550485405577412,-0.3480400092958007,17.11999961733818
21:06:00.837002,119,-1.3951232558213698,0.8842018614181355,-0.6368701041222602,-0.3480400092958007,13.35999970138073
21:06:00.837002,119,-1.1792273058382592,0.6984775405288779,-0.6514280891219162,-0.20888000557897612,14.759999670088291
21:06:00.837002,119,-1.2273347944698645,0.81343992572289,-0.5750961566503693,-0.13916000371682458,32.239999279379845
21:06:00.837002,119,-1.2764437147610042,0.8459878145743674,-0.5981072791606561,-0.13916000371682458,29.23999934643507
21:06:00.837002,119,-1.3259093479410395,0.9165201512636107,-0.5619648478073196,-0.3480400092958007,19.63999956101179
21:06:00.837002,119,-1.3744674489389705,0.9109549444953005,-0.6440385711278294,-0.3480400092958007,14.759999670088291
21:06:00.837002,119,-1.1621270031469282,0.7210940398671001,-0.6574881618552118,-0.20888000557897612,15.639999650418758
21:06:00.837002,119,-1.2179278995088192,0.825249735815042,-0.5782605857273263,-0.13916000371682458,37.239999167621136
21:06:00.837002,119,-1.2666604249833933,0.8582701664905451,-0.6013983254377507,-0.13916000371682458,34.639999225735664
21:06:00.837002,119,-1.315535848151093,0.9292774579576895,-0.5653831578335942,-0.3480400092958007,22.639999493956566
21:06:00.837002,119,-1.363932857254776,0.9241805123052842,-0.6475823513419575,-0.3480400092958007,16.359999634325504
21:06:00.837002,119,-1.1987496871387087,0.8485938263823514,-0.5845156159428758,-0.13916000371682458,41.75999906659126
21:06:00.837002,119,-1.2467148414714768,0.882548316035164,-0.6079036360019534,-0.13916000371682458,40.639999091625214
21:06:00.837002,119,-1.294490410213997,0.9163685982189933,-0.631199213293999,-0.3480400092958007,25.999999418854713
21:06:00.837002,119,-1.1356071713318119,0.7543881479345647,-0.6664092912246035,-0.20888000557897612,16.519999630749226
21:06:00.837002,119,-1.1790919908982926,0.8715627783822005,-0.5906701280822246,-0.13916000371682458,44.519999004900455
21:06:00.837002,119,-1.2262705886679066,0.9064363167232881,-0.6143044064951304,-0.13916000371682458,46.35999896377325
21:06:00.837002,119,-1.2732627097664941,0.9411720149918812,-0.6378452687878269,-0.3480400092958007,29.759999334812164
21:06:00.837002,119,-1.1690857860505266,0.882903700433915,-0.5937089189874059,-0.13916000371682458,44.75999899953604
21:06:00.837002,119,-1.2158640090255044,0.918231019144935,-0.617464787483976,-0.13916000371682458,51.11999885737896
21:06:00.837002,119,-1.2624573378385253,0.9534187041851605,-0.641126759267121,-0.13916000371682458,33.7599992454052
21:06:00.837002,119,-1.148723665860326,0.9052927663408121,-0.5997080511164461,-0.13916000371682458,42.35999905318022
21:06:00.837002,119,-1.1946871464016295,0.9415159309595411,-0.6237039608005297,-0.13916000371682458,53.35999880731106
21:06:00.837002,119,-1.2404689531068016,0.9775959210145602,-0.6476050249917908,-0.13916000371682458,37.75999915599823
21:06:00.837002,119,-1.1383697867128513,0.9163386713081614,-0.6026677924321182,-0.13916000371682458,38.239999145269394
21:06:00.837002,119,-1.1839189810886777,0.9530038118808268,-0.6267821292161331,-0.13916000371682458,52.51999882608652
21:06:00.837002,119,-1.2292881391230979,0.9895240309492526,-0.6508011524160213,-0.13916000371682458,40.99999908357859
21:06:00.837002,119,-1.1173215671058163,0.9381277024749075,-0.6085061457371044,-0.13916000371682458,33.2399992570281
21:06:00.837002,119,-1.1620285663906134,0.9756646799739033,-0.632854090521461,-0.13916000371682458,48.75999891012907
21:06:00.837002,119,-1.1064363023258295,0.9122233549919065,-0.6651451415843967,-0.13916000371682458,28.359999366104603
21:06:00.837002,119,-1.1509085060286308,0.9868354010778697,-0.6358472762201421,-0.13916000371682458,43.239999033510685
21:06:00.837002,119,-1.1950126641063703,1.0246520861556714,-0.6602136864402571,0.06972000186215155,43.359999030828476
21:06:00.837002,119,-1.2390756692660445,1.0215805118927235,-0.744882610716292,0.06972000186215155,26.239999413490295
21:06:00.837002,119,-1.1283242391511659,1.0088518321986066,-0.6417465611591591,-0.13916000371682458,37.239999167621136
21:06:00.837002,119,-1.1718184667305613,1.161082801695234,-0.4388365133367901,-0.13916000371682458,41.879999063909054
21:06:00.837002,119,-1.2627813058191957,1.1318973989506054,-0.6970754774548498,-0.3480400092958007,7.35999983549118
21:06:00.837002,119,-1.1168622910434498,1.1517982977271415,-0.35876950949625697,-0.13916000371682458,31.63999929279089
21:06:00.837002,119,-1.1601492420534896,1.172742737144823,-0.4388365133367901,-0.13916000371682458,38.87999913096428
21:06:00.837002,119,-1.1364639293566414,1.1957096339138864,-0.4388365133367901,-0.13916000371682458,34.879999220371246
21:06:00.837002,119,-0.9773889860666575,1.5941619673878806,-1.607259167561755,0.20888000557897612,8.359999813139439
21:06:00.837002,119,-0.9042878710674489,1.5085805920762665,-1.542630485042662,0.4872000130126253,6.6399998515844345
21:06:00.837002,119,-0.928639286274651,1.5492049038098867,-1.5841717205877306,0.20888000557897612,9.359999790787697
21:06:00.837002,119,-0.1293146923679913,0.06581705795719028,-0.20725547351073864,4.035640107787913,6.11999986320734
21:06:00.889424,120,-1.3002355728245931,0.5541527094776763,-0.5523664530860948,-2.9920800799154676,5.759999871253967
21:06:00.889424,120,-1.357728109987102,0.7330411734949893,-0.3435051923660153,-0.06972000186215155,7.1199998408555984
21:06:00.889424,120,-1.4120544126641124,0.7623720950344851,-0.3572497461646238,-0.27832000743364915,9.519999787211418
21:06:00.889424,120,-1.4681972648190973,0.7562171943445021,-0.4317193803343331,-0.3480400092958007,8.759999804198742
21:06:00.889424,120,-1.2864117715514443,0.5791386365233145,-0.5590614120601165,-2.9920800799154676,6.5199998542666435
21:06:00.889424,120,-1.3437403090495654,0.726400467112103,-0.4067863604954925,-0.06972000186215155,8.239999815821648
21:06:00.889424,120,-1.3951959580200106,0.7894889546687365,-0.3645156868048896,-0.27832000743364915,10.87999975681305
21:06:00.889424,120,-1.45106102011552,0.7844160033910232,-0.4392752284458679,-0.3480400092958007,9.759999781847
21:06:00.889424,120,-1.5046638156776384,0.7756085072635892,-0.5178837760003399,-0.3480400092958007,5.519999876618385
21:06:00.889424,120,-1.2720734227446047,0.6038525290262939,-0.5656834795981194,-2.9920800799154676,7.35999983549118
21:06:00.889424,120,-1.3273339856318362,0.7522019230413374,1.586300160224722,-0.06972000186215155,9.519999787211418
21:06:00.889424,120,-1.3777794436200115,0.8162747324963051,1.6283070856575739,-0.06972000186215155,12.519999720156193
21:06:00.889424,120,-1.4333443703770643,0.8122781481142262,1.5532591323761507,-0.3480400092958007,10.99999975413084
21:06:00.889424,120,-1.484073388325629,0.7984339554028622,1.457953178113697,-0.3480400092958007,5.879999868571758
21:06:00.889424,120,-1.2572262615521648,0.6282845017595694,1.4277699930385004,-2.9920800799154676,8.51999980956316
21:06:00.889424,120,-1.3103967463411377,0.7776812941579334,1.579472983310377,-0.06972000186215155,11.119999751448631
21:06:00.889424,120,-1.3598118358373474,0.8427187145636776,1.6212214420179585,-0.06972000186215155,14.6399996727705
21:06:00.889424,120,-1.4150544020270897,0.8397924840282096,1.5458866882877202,-0.3480400092958007,12.639999717473984
21:06:00.889424,120,-1.4655473989190155,0.8269260534705138,1.4503187434458011,-0.3480400092958007,6.359999857842922
21:06:00.889424,120,-1.241876226640377,0.6524247822602398,1.4213016243732848,-2.9920800799154676,9.759999781847
21:06:00.889424,120,-1.2929353658470564,0.8028283890536204,1.5727348395410892,-0.06972000186215155,13.239999704062939
21:06:00.889424,120,-1.350623609270983,0.8558092213434152,1.6177138512978135,-0.06972000186215155,17.23999961465597
21:06:00.889424,120,-1.396198430808746,0.8669480057659531,1.5386103881680462,-0.3480400092958007,14.359999679028988
21:06:00.889424,120,-1.4464352101194105,0.8550545825434062,1.4427817267964445,-0.3480400092958007,6.9999998435378075
21:06:00.889424,120,-1.2260294578182667,0.6762637147384026,1.414914001667341,-2.9920800799154676,11.519999742507935
21:06:00.889424,120,-1.2732262646535992,0.8223837307680312,1.5512788413337646,-0.06972000186215155,15.999999642372131
21:06:00.889424,120,-1.325971232644303,0.8607489465936046,1.548726471102173,-0.06972000186215155,20.63999953866005
21:06:00.889424,120,-1.3749152198410213,0.8880651769229981,1.515440760497698,-0.3480400092958007,16.639999628067017
21:06:00.889424,120,-1.4267444665471656,0.8828082915854552,1.435345142871659,-0.3480400092958007,7.639999829232693
21:06:00.889424,120,-1.2120062344566371,0.6522762965663653,1.3609514968871523,-2.922360078053316,13.519999697804451
21:06:00.889424,120,-1.264057763161622,0.8346379734684718,1.5479953268983264,-0.06972000186215155,19.519999563694
21:06:00.889424,120,-1.3164229146726139,0.8735108364082532,1.545306933032443,-0.06972000186215155,24.999999441206455
21:06:00.889424,120,-1.3650144562498112,0.9012981310837777,1.511895001116839,-0.3480400092958007,19.239999569952488
21:06:00.889424,120,-1.4166845890279938,0.8965411135188776,1.431665444324798,-0.3480400092958007,8.359999813139439
21:06:00.889424,120,-1.1958559333511607,0.675535233889849,1.3547192834145187,-2.922360078053316,16.119999639689922
21:06:00.889424,120,-1.2466881244480519,0.8248312209804571,1.4860029405467783,-0.06972000186215155,24.35999945551157
21:06:00.889424,120,-1.2969323231513412,0.8987547504882211,1.538542846640915,-0.06972000186215155,30.63999931514263
21:06:00.889424,120,-1.344804431879327,0.9274738435143485,1.5048812401097584,-0.3480400092958007,22.359999500215054
21:06:00.889424,120,-1.3961408523195722,0.923711825994404,1.4243850738592025,-0.27832000743364915,9.119999796152115
21:06:00.889424,120,-1.1792273058382592,0.6984775405288779,1.3485719108780838,-0.20888000557897612,19.35999956727028
21:06:00.889424,120,-1.2278448750777964,0.8487341705389295,1.4795981645158638,-0.06972000186215155,30.879999309778214
21:06:00.889424,120,-1.2769229760161975,0.9236171117493548,1.5318809970190634,-0.06972000186215155,37.99999915063381
21:06:00.889424,120,-1.324056503690623,0.9532539193240991,1.4979734896157226,-0.3480400092958007,26.119999416172504
21:06:00.889424,120,-1.3750386779101496,0.950480256458352,1.417212494533739,-0.27832000743364915,10.119999773800373
21:06:00.889424,120,-1.1621270031469282,0.7210940398671001,1.3425118381447882,-0.20888000557897612,23.11999948322773
21:06:00.889424,120,-1.2182386010338841,0.8605479447373274,1.4764326732598394,-0.06972000186215155,39.639999113976955
21:06:00.889424,120,-1.2650068701116504,0.9303406255010176,1.5132144251738235,-0.06972000186215155,47.11999894678593
21:06:00.889424,120,-1.313483410754615,0.9659923647994141,1.494560233437784,-0.3480400092958007,30.35999932140112
21:06:00.889424,120,-1.363932857254776,0.9241805123052842,1.3524176486580424,-0.3480400092958007,10.99999975413084
21:06:00.889424,120,-1.1534021037804616,0.7322772796404792,1.3395152980787477,-0.20888000557897612,27.519999384880066
21:06:00.889424,120,-1.1986615572292123,0.8838941852529708,1.47017706696737,-0.06972000186215155,50.639998868107796
21:06:00.889424,120,-1.2442626554841167,0.9545791153132045,1.506719741402898,-0.06972000186215155,57.6399987116456
21:06:00.889424,120,-1.2966858879618897,0.960667938780106,1.443607965404539,-0.3480400092958007,34.879999220371246
21:06:00.889424,120,-1.1356071713318119,0.7543881479345647,1.3335907087753966,-0.20888000557897612,31.999999284744263
21:06:00.889424,120,-1.1786050648050221,0.9068575824533364,1.464024043232057,-0.06972000186215155,62.99999859184027
21:06:00.889424,120,-1.2337033885979816,0.9665468717704034,1.5035129907249791,-0.06972000186215155,68.23999847471714
21:06:00.889424,120,-1.274989212589586,0.9855092402382153,1.4369517587399008,-0.3480400092958007,39.11999912559986
21:06:00.889424,120,-1.1173580111761618,0.7761508454313455,1.3277594115560114,-0.20888000557897612,35.879999198019505
21:06:00.889424,120,-1.1690857860505266,0.882903700433915,1.4062910810125941,-0.06972000186215155,73.51999835669994
21:06:00.889424,120,-1.2173006980812628,0.960946866311685,1.4545677060140538,-0.06972000186215155,75.87999830394983
21:06:00.889424,120,-1.2639490824967856,0.9977714725024616,1.433666103507293,-0.3480400092958007,42.63999904692173
21:06:00.889424,120,-1.1026423576814524,0.7494884911922374,1.2752563892162054,-0.20888000557897612,37.99999915063381
21:06:00.889424,120,-1.148723665860326,0.9052927663408121,1.400291948883554,-0.06972000186215155,76.99999827891588
21:06:00.889424,120,-1.1956712391188848,0.9842551618615752,1.4483222670445148,-0.06972000186215155,77.23999827355146
21:06:00.889424,120,-1.2414907574062874,1.0219729691591901,1.427181332022498,-0.3480400092958007,44.359999008476734
21:06:00.889424,120,-1.093472100755366,0.7600949977073178,1.272414384360974,-0.20888000557897612,37.63999915868044
21:06:00.889424,120,-1.1383697867128513,0.9163386713081614,1.3973322075678818,-0.06972000186215155,71.3599984049797
21:06:00.889424,120,-1.1825838391229602,0.9896752738905559,1.4301100347953097,-0.06972000186215155,71.63999839872122
21:06:00.889424,120,-1.227901832957964,1.0276007862111793,1.408271185763743,-0.3480400092958007,43.99999901652336
21:06:00.889424,120,-1.0748044759738493,0.7810396388385156,1.26680228468411,-0.20888000557897612,34.99999921768904
21:06:00.889424,120,-1.1173215671058163,0.9381277024749075,1.3914938542628956,-0.06972000186215155,59.99999865889549
21:06:00.889424,120,-1.1602797763156625,1.0123063524952625,1.4240460555593333,-0.06972000186215155,61.75999861955643
21:06:00.889424,120,-1.2047430524153504,1.051099114178475,1.4019748277614243,-0.06972000186215155,41.51999907195568
21:06:00.889424,120,-1.0557069437516962,0.8016194844130977,1.2612879316820436,-0.20888000557897612,30.999999307096004
21:06:00.889424,120,-1.1064363023258295,0.9122233549919065,1.3348548584156033,-0.06972000186215155,47.75999893248081
21:06:00.889424,120,-1.148953143878116,1.0234591837690512,1.4210576634262009,-0.06972000186215155,50.87999886274338
21:06:00.889424,120,-1.1929823701946134,1.0626793349718795,1.3988719169516577,-0.06972000186215155,37.63999915868044
21:06:00.889424,120,-1.2392918386844185,1.062618837444099,1.31532321123558,-0.27832000743364915,15.999999642372131
21:06:00.889424,120,-1.0459993428282317,0.8117700306816482,1.2585681010066507,-0.20888000557897612,26.519999407231808
21:06:00.889424,120,-1.0851505807172435,0.9333931638925863,1.3291824252167448,-0.06972000186215155,37.35999916493893
21:06:00.889424,120,-1.1259563400907344,1.0454338540021082,1.4151695682833132,-0.06972000186215155,41.11999908089638
21:06:00.889424,120,-1.169104302028518,1.085496100232116,1.3927581831262867,-0.06972000186215155,33.11999925971031
21:06:00.889424,120,-1.0262713250192492,0.8317872950521584,1.2532044911838922,-0.20888000557897612,22.239999502897263
21:06:00.889424,120,-1.0743444138113967,0.9438228105081163,1.3263878098287716,-0.06972000186215155,29.35999934375286
21:06:00.889424,120,-1.1142884684020113,1.0562534955127636,1.4122704540781388,-0.06972000186215155,33.11999925971031
21:06:00.889424,120,-1.0524108707267201,0.9643663733942327,1.3208831787437787,-0.06972000186215155,23.35999947786331
21:06:00.889424,120,-1.1838667789964332,0.9352271774856404,0.9581112605333821,-0.13916000371682458,5.519999876618385
21:06:00.889424,120,-0.9530873340818816,1.1150046730071912,0.0180028373263168,0.8349600223009475,6.6399998515844345
21:06:00.889424,120,-0.8974715327979833,1.1040426784125434,0.06411740790613019,0.8349600223009475,5.519999876618385
21:06:00.944072,121,-1.4837998667479468,0.6911948016225059,-0.4841869251122008,-0.20888000557897612,7.639999829232693
21:06:00.944072,121,-1.410981855319095,0.6876008793378888,-0.48894937513018294,-0.06972000186215155,7.999999821186066
21:06:00.944072,121,-1.4676449801427525,0.7197045193402974,-0.49182608095112235,-0.20888000557897612,8.239999815821648
21:06:00.944072,121,-1.3412205157845798,0.687207396834606,-0.477120866914058,-0.27832000743364915,6.359999857842922
21:06:00.944072,121,-1.394886305835742,0.7147043874085669,-0.4962117382297715,-0.06972000186215155,8.999999798834324
21:06:00.944072,121,-1.4509030551400812,0.7478964676734623,-0.49938009074005374,-0.20888000557897612,9.119999796152115
21:06:00.944072,121,-1.2720734227446047,0.6038525290262939,-0.5656834795981194,-0.27832000743364915,6.11999986320734
21:06:00.944072,121,-1.3252077438755756,0.7129639740167064,-0.4840223209697917,-0.27832000743364915,7.239999838173389
21:06:00.944072,121,-1.378232820453232,0.7414915535558849,-0.5033893377664638,-0.06972000186215155,9.999999776482582
21:06:00.944072,121,-1.4335807882864127,0.7757593702190593,-0.5068459329759335,-0.20888000557897612,10.119999773800373
21:06:00.944072,121,-1.2572262615521648,0.6282845017595694,-0.5722300069614997,-0.27832000743364915,6.8799998462200165
21:06:00.944072,121,-1.3086649065619171,0.7384060776859284,-0.4908395121017086,-0.27832000743364915,8.119999818503857
21:06:00.944072,121,-1.361028060343376,0.7679516632710209,-0.5104793027962733,-0.06972000186215155,11.359999746084213
21:06:00.944072,121,-1.4156851082572177,0.8032820821880684,-0.5142206214215439,-0.20888000557897612,11.119999751448631
21:06:00.944072,121,-1.241876226640377,0.6524247822602398,-0.5786983756267152,-0.27832000743364915,7.759999826550484
21:06:00.944072,121,-1.2915986207576657,0.7635235313404827,-0.4975697135243726,-0.27832000743364915,9.359999790787697
21:06:00.944072,121,-1.3432789071805173,0.7940741328633582,-0.5174787974278466,-0.06972000186215155,12.879999712109566
21:06:00.944072,121,-1.3972231730855826,0.830453594863159,-0.5215012062999664,-0.20888000557897612,12.519999720156193
21:06:00.944072,121,-1.4479322039479687,0.8990712988911413,-0.47848562410399315,-0.20888000557897612,4.999999888241291
21:06:00.944072,121,-1.2260294578182667,0.6762637147384026,-0.585085998332659,-0.27832000743364915,8.879999801516533
21:06:00.944072,121,-1.2811667231890362,0.7407273202222803,-0.5556128727269181,-0.27832000743364915,10.87999975681305
21:06:00.944072,121,-1.3324296017224582,0.7703657848777027,-0.5778444173734324,-0.06972000186215155,14.879999667406082
21:06:00.944072,121,-1.37820236729909,0.8572630400020286,-0.528684775474453,-0.20888000557897612,13.999999687075615
21:06:00.944072,121,-1.4277984030344142,0.9268496488487399,-0.4859288105422008,-0.20888000557897612,5.359999880194664
21:06:00.944072,121,-1.2096922935817922,0.699791763939341,-0.5913903201155302,-0.20888000557897612,10.239999771118164
21:06:00.944072,121,-1.2637258276389856,0.7653099134977913,-0.562199758742954,-0.27832000743364915,12.759999714791775
21:06:00.944072,121,-1.3142908496843222,0.7959319929086629,-0.5846948621688542,-0.20888000557897612,17.23999961465597
21:06:00.944072,121,-1.3684847567971794,0.8705286304017892,-0.532239279709191,-0.20888000557897612,15.75999964773655
21:06:00.944072,121,-1.4175168276759094,0.9405915803842518,-0.489610949999585,-0.20888000557897612,5.759999871253967
21:06:00.944072,121,-1.1958559333511607,0.675535233889849,-0.6452807165854811,-0.20888000557897612,11.999999731779099
21:06:00.944072,121,-1.245779458629928,0.7895506806590696,-0.5686950527277294,-0.27832000743364915,15.119999662041664
21:06:00.944072,121,-1.2956263988534567,0.8211426974559611,-0.5914500500929224,-0.20888000557897612,20.359999544918537
21:06:00.944072,121,-1.346257553966677,0.8907081412074271,-0.5550485405577412,-0.20888000557897612,17.759999603033066
21:06:00.944072,121,-1.3946338872491966,0.9618398192626103,-0.5134645487379615,-0.20888000557897612,6.239999860525131
21:06:00.944072,121,-1.1792273058382592,0.6984775405288779,-0.6514280891219162,-0.20888000557897612,14.239999681711197
21:06:00.944072,121,-1.2273347944698645,0.81343992572289,-0.5750961566503693,-0.27832000743364915,18.35999958962202
21:06:00.944072,121,-1.2764437147610042,0.8459878145743674,-0.5981072791606561,-0.20888000557897612,24.119999460875988
21:06:00.944072,121,-1.3259093479410395,0.9165201512636107,-0.5619648478073196,-0.20888000557897612,20.119999550282955
21:06:00.944072,121,-1.3731171796475252,0.9885751322105958,-0.5206282542517677,-0.20888000557897612,6.7599998489022255
21:06:00.944072,121,-1.1621270031469282,0.7210940398671001,-0.6574881618552118,-0.20888000557897612,17.11999961733818
21:06:00.944072,121,-1.2179278995088192,0.825249735815042,-0.5782605857273263,-0.27832000743364915,22.759999491274357
21:06:00.944072,121,-1.2666604249833933,0.8582701664905451,-0.6013983254377507,-0.20888000557897612,28.999999351799488
21:06:00.944072,121,-1.315535848151093,0.9292774579576895,-0.5653831578335942,-0.20888000557897612,22.879999488592148
21:06:00.944072,121,-1.1534021037804616,0.7322772796404792,-0.6604847019212523,-0.20888000557897612,20.75999953597784
21:06:00.944072,121,-1.1987496871387087,0.8485938263823514,-0.5845156159428758,-0.27832000743364915,28.759999357163906
21:06:00.944072,121,-1.2467148414714768,0.882548316035164,-0.6079036360019534,-0.20888000557897612,35.23999921232462
21:06:00.944072,121,-1.2943952416196522,0.9544882962054855,-0.5721383815826029,-0.20888000557897612,26.119999416172504
21:06:00.944072,121,-1.1356071713318119,0.7543881479345647,-0.6664092912246035,-0.20888000557897612,25.359999433159828
21:06:00.944072,121,-1.1790919908982926,0.8715627783822005,-0.5906701280822246,-0.27832000743364915,36.999999172985554
21:06:00.944072,121,-1.2262705886679066,0.9064363167232881,-0.6143044064951304,-0.20888000557897612,42.9999990388751
21:06:00.944072,121,-1.2727368942730808,0.9792857145328768,-0.578782829797804,-0.20888000557897612,29.639999337494373
21:06:00.944072,121,-1.1173580111761618,0.7761508454313455,-0.6722405884439887,-0.20888000557897612,30.999999307096004
21:06:00.944072,121,-1.1690857860505266,0.882903700433915,-0.5937089189874059,-0.20888000557897612,48.119998924434185
21:06:00.944072,121,-1.2158640090255044,0.918231019144935,-0.617464787483976,-0.20888000557897612,52.3599988296628
21:06:00.944072,121,-1.261716267001935,0.9915262850841788,-0.5820626807919216,-0.20888000557897612,33.519999250769615
21:06:00.944072,121,-1.108065369759364,0.7868989043487784,-0.675120522151117,-0.20888000557897612,37.63999915868044
21:06:00.944072,121,-1.148723665860326,1.0296615284915176,-0.3449664854843116,-0.20888000557897612,62.759998597204685
21:06:00.944072,121,-1.1946871464016295,1.0708610171374693,-0.35876950949625697,-0.20888000557897612,62.879998594522476
21:06:00.944072,121,-1.2392976154211888,1.1334007254094416,-0.30560348959643013,-0.20888000557897612,37.63999915868044
21:06:00.944072,121,-1.0891486104366788,0.9567928950060767,-0.44845192518775423,-0.20888000557897612,44.23999901115894
21:06:00.944072,121,-1.1375324728948881,1.0196302727623112,-0.4063800928278447,-0.20888000557897612,79.35999822616577
21:06:00.944072,121,-1.1839189810886777,1.0827541466186639,-0.35876950949625697,-0.20888000557897612,73.11999836564064
21:06:00.944072,121,-1.0697962062110808,0.9783830623670036,-0.44845192518775423,-0.20888000557897612,49.239998899400234
21:06:00.944072,121,-1.1169137284742408,1.0421754857841714,-0.4063800928278447,-0.20888000557897612,92.35999793559313
21:06:00.944072,121,-1.1620285663906134,1.1062144035828407,-0.35876950949625697,-0.20888000557897612,80.63999819755554
21:06:00.944072,121,-1.011704660923166,0.9252553884731896,-0.4849736163617407,-0.13916000371682458,6.11999986320734
21:06:00.944072,121,-1.0599590495069415,0.9890319271482588,-0.44845192518775423,-0.20888000557897612,50.639998868107796
21:06:00.944072,121,-1.1064363023258295,1.053292328330198,-0.4063800928278447,-0.20888000557897612,94.23999789357185
21:06:00.944072,121,-1.1509085060286308,1.1177791850597814,-0.35876950949625697,-0.20888000557897612,82.51999815553427
21:06:00.944072,121,-1.0399677453547562,0.8595479933483354,1.305413213120595,-0.20888000557897612,47.75999893248081
21:06:00.944072,121,-1.0851505807172435,0.9333931638925863,1.3291824252167448,-0.20888000557897612,83.63999813050032
21:06:00.944072,121,-1.1283242391511659,1.0088518321986066,1.358253438840841,-0.20888000557897612,78.23999825119972
21:06:00.944072,121,-1.1715629417463747,1.0475122126295748,1.3336609611321872,-0.20888000557897612,48.51999891549349
21:06:00.944072,121,-1.0298155970203766,0.8695443623542263,1.302734694118223,-0.20888000557897612,41.879999063909054
21:06:00.944072,121,-1.0743444138113967,0.9438228105081163,1.3263878098287716,-0.20888000557897612,67.23999849706888
21:06:00.944072,121,-1.1168622910434498,1.0196953405907105,1.3553479295240565,-0.20888000557897612,69.35999844968319
21:06:00.944072,121,-1.0092033837651637,0.8892404293922591,1.297457148861313,-0.20888000557897612,34.99999921768904
21:06:00.944072,121,-1.0524108707267201,0.9643663733942327,1.3208831787437787,-0.20888000557897612,51.759998843073845
21:06:00.944072,121,-1.0936044963014726,1.0410475214380495,1.3496266299093689,-0.20888000557897612,58.87999868392944
21:06:00.944072,121,-0.9959121314068048,0.8610886804248863,1.2453532086361565,-0.20888000557897612,28.639999359846115
21:06:00.944072,121,-1.0412856878838233,0.974478235325742,1.3181737135052558,-0.20888000557897612,39.519999116659164
21:06:00.944072,121,-1.0818109754272005,1.051554058693089,1.3468114117366334,-0.20888000557897612,48.87999890744686
21:06:00.944072,121,-1.1648880044099765,1.1323075257916304,1.2966501834712747,-0.20888000557897612,18.11999959498644
21:06:00.944072,121,-0.985591860052801,0.8706586893624141,1.2427889324697874,-0.20888000557897612,23.23999948054552
21:06:00.944072,121,-1.0187240620304803,0.9943770643781724,1.3128418383303322,-0.20888000557897612,30.51999931782484
21:06:00.944072,121,-1.0699092743617278,1.061946155862861,1.3440268576923273,-0.20888000557897612,40.23999910056591
21:06:00.944072,121,-1.0072898751637178,1.0041620416328598,1.3102199615769816,-0.20888000557897612,23.879999466240406
21:06:00.944072,121,-1.165534122153151,1.0747237211607645,1.0790104763801442,-0.20888000557897612,5.999999865889549
21:06:00.992280,122,-1.3247718099162613,0.8506262387642404,-0.14207552022592435,-0.27832000743364915,5.119999885559082
21:06:00.992280,122,-1.3816494822479641,0.8871469739754158,-0.08216575634864198,-0.27832000743364915,6.359999857842922
21:06:00.992280,122,-1.4345959040129408,0.9211434821022109,-0.08531444409192937,-0.27832000743364915,5.999999865889549
21:06:00.992280,122,-1.256301752780458,0.8066621185033462,-0.27167738457093304,-0.27832000743364915,5.359999880194664
21:06:00.992280,122,-1.3074954741483498,0.8769497884739964,-0.14207552022592435,-0.27832000743364915,5.639999873936176
21:06:00.992280,122,-1.3628808512840465,0.9140972935507068,-0.09858082913373642,-0.27832000743364915,6.9999998435378075
21:06:00.992280,122,-1.4151080371909168,0.949126569398453,-0.10235856163703654,-0.27832000743364915,6.5199998542666435
21:06:00.992280,122,-1.2399183343348144,0.8316251509231413,-0.27167738457093304,-0.27832000743364915,5.999999865889549
21:06:00.992280,122,-1.2986607483911838,0.8899806778863546,-0.14207552022592435,-0.27832000743364915,6.239999860525131
21:06:00.992280,122,-1.350623609270983,0.9255911652349625,-0.14776033860599058,-0.27832000743364915,7.759999826550484
21:06:00.992280,122,-1.4023810833488854,0.9610608996691491,-0.15342268734819095,-0.27832000743364915,6.9999998435378075
21:06:00.992280,122,-1.2299038446556143,0.8249083363876494,-0.3311634614723662,-0.27832000743364915,6.6399998515844345
21:06:00.992280,122,-1.2749568284686628,0.9117368132679264,-0.20491917612475186,-0.27832000743364915,6.9999998435378075
21:06:00.992280,122,-1.3318429047711018,0.9524167239670177,-0.14776033860599058,-0.27832000743364915,8.639999806880951
21:06:00.992280,122,-1.3828806803188995,0.9889144451409363,-0.15342268734819095,-0.27832000743364915,7.639999829232693
21:06:00.992280,122,-1.159271840488515,0.7944565505122604,-0.37385940217927766,-0.13916000371682458,5.239999882876873
21:06:00.992280,122,-1.213160805593649,0.8493397967314787,-0.3311634614723662,-0.27832000743364915,7.519999831914902
21:06:00.992280,122,-1.2657758651877946,0.9244405823171735,-0.20491917612475186,-0.27832000743364915,7.879999823868275
21:06:00.992280,122,-1.3125294808907944,0.978861328725236,-0.14776033860599058,-0.27832000743364915,9.63999978452921
21:06:00.992280,122,-1.362827143479675,1.0163724380376995,-0.15342268734819095,-0.27832000743364915,8.359999813139439
21:06:00.992280,122,-1.143151922458206,0.8174815551323322,-0.37385940217927766,-0.13916000371682458,5.639999873936176
21:06:00.992280,122,-1.1959325184063996,0.8734315324961817,-0.3311634614723662,-0.27832000743364915,8.51999980956316
21:06:00.992280,122,-1.247035139794089,0.949569529442453,-0.20491917612475186,-0.27832000743364915,8.879999801516533
21:06:00.992280,122,-1.2926910627417587,1.0049144020207765,-0.14776033860599058,-0.27832000743364915,10.759999759495258
21:06:00.992280,122,-1.342228493978213,1.043423895528872,-0.15342268734819095,-0.27832000743364915,9.119999796152115
21:06:00.992280,122,-1.178225874178725,0.8971739073091016,-0.3311634614723662,-0.27832000743364915,9.63999978452921
21:06:00.992280,122,-1.2261290674920635,0.9729961691091142,-0.22058278405284124,-0.27832000743364915,9.999999776482582
21:06:00.992280,122,-1.281355896925042,1.016821484807927,-0.16412614110669,-0.27832000743364915,11.999999731779099
21:06:00.992280,122,-1.3304589513692497,1.055787271634508,-0.17041564651406316,-0.27832000743364915,10.119999773800373
21:06:00.992280,122,-1.1691953740342453,0.9089111110980118,-0.3311634614723662,-0.27832000743364915,10.87999975681305
21:06:00.992280,122,-1.2163379622439119,0.9852086057552976,-0.22058278405284124,-0.27832000743364915,11.359999746084213
21:06:00.992280,122,-1.260764560792541,1.0422435362242202,-0.16412614110669,-0.27832000743364915,13.639999695122242
21:06:00.992280,122,-1.1487464379147052,0.9115890920479984,-0.3901197475035612,-0.27832000743364915,12.519999720156193
21:06:00.992280,122,-1.1986615572292123,0.9909044868435007,-0.2830010053775963,-0.27832000743364915,12.999999709427357
21:06:00.992280,122,-1.1395732622880417,0.9230307856408738,-0.3901197475035612,-0.27832000743364915,14.239999681711197
21:06:00.992280,122,-0.996621478538487,0.9679333659092025,-0.42976027163380004,-0.13916000371682458,9.359999790787697
21:06:00.992280,122,-1.1259563400907344,1.1611768131413593,-0.2943246261842596,-0.27832000743364915,27.239999391138554
21:06:00.992280,122,-1.0298155970203766,1.0203808973534456,-0.44845192518775423,-0.27832000743364915,25.239999435842037
21:06:00.992280,122,-1.0743444138113967,1.0860064919400578,-0.4063800928278447,-0.27832000743364915,26.75999940186739
21:06:00.992280,122,-1.1109094472843488,1.2413540325856987,-0.37251797610104054,-0.27832000743364915,29.879999332129955
21:06:00.992280,122,-1.1004546618347042,1.2546972676992207,-0.5903555402196125,-0.27832000743364915,19.63999956101179
21:06:00.992280,122,-1.1354833721636945,1.268813463073039,-0.6800826985086827,-0.27832000743364915,8.879999801516533
21:06:01.051455,123,-1.3452864393807888,0.7776742843170945,1.7098312501310213,-0.13916000371682458,6.239999860525131
21:06:01.051455,123,-1.3951959580200106,0.7894889546687365,1.6354843131951105,-0.20888000557897612,5.759999871253967
21:06:01.051455,123,-1.4486614965572737,0.8197430934425383,1.621515646364996,-0.20888000557897612,5.759999871253967
21:06:01.051455,123,-1.2717641762125107,0.753465271632082,1.6569075440908567,-0.13916000371682458,5.519999876618385
21:06:01.051455,123,-1.3284929556347138,0.8035018703795089,1.702910769303152,-0.13916000371682458,6.8799998462200165
21:06:01.051455,123,-1.3777794436200115,0.8162747324963051,1.6283070856575739,-0.20888000557897612,6.359999857842922
21:06:01.051455,123,-1.430577560985012,0.8475553335591196,1.6140633790860575,-0.20888000557897612,6.359999857842922
21:06:01.051455,123,-1.2551791124593519,0.7778744825732244,1.6503671157312967,-0.13916000371682458,6.11999986320734
21:06:01.051455,123,-1.3074954741483498,0.810296598568451,1.6357942788746276,-0.13916000371682458,7.639999829232693
21:06:01.051455,123,-1.3598118358373474,0.8427187145636776,1.6212214420179585,-0.20888000557897612,7.1199998408555984
21:06:01.051455,123,-1.4119214134880487,0.8750126799027967,1.6067062053069676,-0.20888000557897612,7.1199998408555984
21:06:01.051455,123,-1.2466978875113848,0.7899577210393142,1.6471294217423553,-0.13916000371682458,6.7599998489022255
21:06:01.051455,123,-1.2986607483911838,0.8228834711913646,1.6324216365200845,-0.13916000371682458,8.359999813139439
21:06:01.051455,123,-1.350623609270983,0.8558092213434152,1.6177138512978135,-0.20888000557897612,7.999999821186066
21:06:01.051455,123,-1.4023810833488854,0.8886048301905168,1.6030641996139705,-0.20888000557897612,7.999999821186066
21:06:01.051455,123,-1.4543439442286845,0.9215305803425673,1.5883564143916997,-0.20888000557897612,4.999999888241291
21:06:01.051455,123,-1.2239424242930228,0.794517351858756,1.5834503770666348,-0.13916000371682458,7.519999831914902
21:06:01.051455,123,-1.2806025983679556,0.8477980719210433,1.625745789374823,-0.13916000371682458,9.519999787211418
21:06:01.051455,123,-1.3318429047711018,0.8817207213273415,1.6107708858024414,-0.20888000557897612,8.999999798834324
21:06:01.051455,123,-1.3828806803188995,0.9155092891154331,1.5958551715722429,-0.20888000557897612,8.999999798834324
21:06:01.051455,123,-1.4341209867220455,0.9494319385217312,1.5808802679998613,-0.13916000371682458,5.239999882876873
21:06:01.051455,123,-1.1637980870464397,0.7365032703487235,1.5331164933819164,-0.13916000371682458,5.239999882876873
21:06:01.051455,123,-1.2151288157029756,0.8062972592758663,1.5802939603873067,-0.13916000371682458,8.359999813139439
21:06:01.051455,123,-1.2620322244027513,0.8723588564916872,1.6191647469836443,-0.13916000371682458,10.639999762177467
21:06:01.051455,123,-1.3125294808907944,0.9072642480293114,1.6039265184508058,-0.20888000557897612,10.119999773800373
21:06:01.051455,123,-1.362827143479675,0.9420316735924784,1.5887485200702711,-0.20888000557897612,10.239999771118164
21:06:01.051455,123,-1.413324399967718,0.9769370651301024,1.5735102915374326,-0.13916000371682458,5.359999880194664
21:06:01.051455,123,-1.1460855781828707,0.7263666470652868,1.4768149420026568,-0.13916000371682458,5.759999871253967
21:06:01.051455,123,-1.1971379564368372,0.8295987432274181,1.5740503465800417,-0.13916000371682458,9.359999790787697
21:06:01.051455,123,-1.2429570543972233,0.8965560009173801,1.6126811416756408,-0.13916000371682458,12.11999972909689
21:06:01.051455,123,-1.2926910627417587,0.9324295843796759,1.597183486898468,-0.20888000557897612,11.639999739825726
21:06:01.051455,123,-1.342228493978213,0.9681613750219628,1.5817470876737743,-0.20888000557897612,11.639999739825726
21:06:01.051455,123,-1.3919625023227484,1.0040349584842587,1.5662494328966017,-0.13916000371682458,5.639999873936176
21:06:01.051455,123,-1.1291169538875856,0.7483441480199353,1.4709260883702044,-0.13916000371682458,6.359999857842922
21:06:01.051455,123,-1.1770683915351612,0.847429890201711,1.5537051965388744,-0.13916000371682458,10.759999759495258
21:06:01.051455,123,-1.2277956169936766,0.8880825726263947,1.5498910499013894,-0.13916000371682458,13.759999692440033
21:06:01.051455,123,-1.2769229760161975,0.9236171117493548,1.5318809970190634,-0.20888000557897612,13.35999970138073
21:06:01.051455,123,-1.3304589513692497,0.9757053778377446,1.5621332723524788,-0.20888000557897612,13.239999704062939
21:06:01.051455,123,-1.3797568592041092,1.0118584915742634,1.5459088607978766,-0.13916000371682458,5.879999868571758
21:06:01.051455,123,-1.1676690543761736,0.8587541965923323,1.550670857786665,-0.13916000371682458,12.23999972641468
21:06:01.051455,123,-1.2179912037162122,0.8998949140773144,1.5467259425488948,-0.13916000371682458,15.87999964505434
21:06:01.051455,123,-1.2667262621600208,0.9359020963106783,1.528589245326828,-0.20888000557897612,15.359999656677246
21:06:01.051455,123,-1.315268691914328,0.9717669576656497,1.5105242346550458,-0.20888000557897612,15.239999659359455
21:06:01.051455,123,-1.1527362829421015,0.8540208536021153,1.5053749780324477,-0.13916000371682458,13.999999687075615
21:06:01.051455,123,-1.198017975474292,0.9232325481092966,1.540472642356772,-0.13916000371682458,18.23999959230423
21:06:01.051455,123,-1.245953852082705,0.9601735309768673,1.5220857340088778,-0.20888000557897612,17.759999603033066
21:06:01.051455,123,-1.2937002588231006,0.9969685020544482,1.5037715011880501,-0.20888000557897612,17.359999611973763
21:06:01.051455,123,-1.1862388269624449,0.9293606858583121,1.5226144526085834,-0.13916000371682458,21.119999527931213
21:06:01.051455,123,-1.2353802330851706,0.9721575539586012,1.5188746247288463,-0.20888000557897612,20.51999954134226
21:06:01.051455,123,-1.2827214463968286,1.0094117667927813,1.5004373384502072,-0.20888000557897612,19.879999555647373
21:06:01.051455,123,-1.1655779500130368,0.9520782482434517,1.5165273001134816,-0.13916000371682458,24.35999945551157
21:06:01.051455,123,-1.2122158151645943,0.9901734240785919,1.4971822751140684,-0.20888000557897612,23.519999474287033
21:06:01.051455,123,-1.2603801190334052,1.0339770599015008,1.493855087999892,-0.20888000557897612,22.519999496638775
21:06:01.051455,123,-1.149669897346215,0.9463876807254777,1.4695470946658253,-0.13916000371682458,27.87999937683344
21:06:01.051455,123,-1.2012896573566834,1.001829857294145,1.4940589432473337,-0.20888000557897612,26.6399994045496
21:06:01.051455,123,-1.2490198382102724,1.046096631763157,1.49060765850695,-0.20888000557897612,24.879999443888664
21:06:01.051455,123,-1.1390982736364228,0.9574416740288666,1.4665851860870434,-0.13916000371682458,31.5199992954731
21:06:01.051455,123,-1.1846766167061706,0.9957514547546776,1.4452418446478563,-0.20888000557897612,29.639999337494373
21:06:01.051455,123,-1.148953143878116,1.0234591837690512,1.4210576634262009,-0.13916000371682458,32.99999926239252
21:06:01.051455,123,-1.1950935496974215,1.069050439473464,1.4145669618700882,-0.13916000371682458,28.879999354481697
21:06:01.051455,123,-1.0826371560817691,1.005212630604521,1.4376698875084228,-0.13916000371682458,38.359999142587185
21:06:01.051455,123,-1.214569069808372,1.1323663728184528,1.3865232420307834,-0.13916000371682458,5.999999865889549
21:06:01.051455,123,-1.0309236780160795,0.9412333815975689,1.4049516320272237,-0.13916000371682458,33.87999924272299
21:06:01.051455,123,-0.9681913703965412,0.8871926607677133,1.3752297091179126,-0.13916000371682458,14.999999664723873
21:06:01.051455,123,-1.2296551367671271,1.1457820189140748,0.02645179673807485,0.06972000186215155,6.239999860525131
21:06:01.051455,123,-1.1201508078922344,1.0523651202769377,-0.008390258086108826,0.06972000186215155,9.63999978452921
21:06:01.051455,123,-1.0771026762487272,1.0365222944982548,0.039032127267859984,0.06972000186215155,7.999999821186066
21:06:01.107321,124,-1.5036205430118814,0.8035521047590805,-0.08531444409192937,-0.13916000371682458,9.359999790787697
21:06:01.107321,124,-1.4872498585860658,0.8334618051031618,-0.08531444409192937,-0.06972000186215155,10.239999771118164
21:06:01.107321,124,-1.4160207261020765,0.8311861094118165,-0.08216575634864198,-0.06972000186215155,7.639999829232693
21:06:01.107321,124,-1.4702842940731415,0.8630381318527802,-0.08531444409192937,-0.06972000186215155,11.239999748766422
21:06:01.107321,124,-1.5204922895490542,0.8925095849549304,-0.1591075057282572,-0.13916000371682458,7.1199998408555984
21:06:01.107321,124,-1.3452864393807888,0.8262768744224305,-0.07900457381272252,-0.06972000186215155,5.759999871253967
21:06:01.107321,124,-1.3991149178187676,0.8593384036378148,-0.08216575634864198,-0.06972000186215155,8.359999813139439
21:06:01.107321,124,-1.4527306354724066,0.8922692548721106,-0.08531444409192937,-0.06972000186215155,12.359999723732471
21:06:01.107321,124,-1.5023391999300024,0.9227389068248004,-0.1591075057282572,-0.13916000371682458,7.519999831914902
21:06:01.107321,124,-1.3284929556347138,0.8530155590703397,-0.07900457381272252,-0.06972000186215155,6.239999860525131
21:06:01.107321,124,-1.3816494822479641,0.8871469739754158,-0.08216575634864198,-0.06972000186215155,9.119999796152115
21:06:01.107321,124,-1.4345959040129408,0.9211434821022109,-0.08531444409192937,-0.06972000186215155,13.639999695122242
21:06:01.107321,124,-1.4835851946887626,0.9525991454514607,-0.1591075057282572,-0.13916000371682458,8.119999818503857
21:06:01.107321,124,-1.2551791124593519,0.8418607015715892,-0.1363907018458581,-0.06972000186215155,5.359999880194664
21:06:01.107321,124,-1.3111680924431417,0.879413048883262,-0.07900457381272252,-0.06972000186215155,6.8799998462200165
21:06:01.107321,124,-1.3636314053307133,0.9146006973677575,-0.08216575634864198,-0.06972000186215155,10.119999773800373
21:06:01.107321,124,-1.4158873533452114,0.9496492642376898,-0.08531444409192937,-0.06972000186215155,14.999999664723873
21:06:01.107321,124,-1.4642377751770466,0.9820783571381256,-0.1591075057282572,-0.13916000371682458,8.639999806880951
21:06:01.107321,124,-1.2466978875113848,0.8543701905377468,-0.1363907018458581,-0.06972000186215155,5.879999868571758
21:06:01.107321,124,-1.2933187795200445,0.9054587852177058,-0.07900457381272252,-0.06972000186215155,7.639999829232693
21:06:01.107321,124,-1.3450678940572218,0.9416885926920187,-0.08216575634864198,-0.06972000186215155,11.239999748766422
21:06:01.107321,124,-1.4023810833488854,0.9610608996691491,-0.15342268734819095,-0.06972000186215155,16.639999628067017
21:06:01.107321,124,-1.4543439442286845,0.9966713870177569,-0.1591075057282572,-0.06972000186215155,9.239999793469906
21:06:01.107321,124,-1.2293622919648095,0.8791316171654193,-0.1363907018458581,-0.06972000186215155,6.5199998542666435
21:06:01.107321,124,-1.2749521563522848,0.9311423501268754,-0.07900457381272252,-0.06972000186215155,8.51999980956316
21:06:01.107321,124,-1.325966373584157,0.9683998251517212,-0.08216575634864198,-0.06972000186215155,12.639999717473984
21:06:01.107321,124,-1.3828806803188995,0.9889144451409363,-0.15342268734819095,-0.06972000186215155,18.519999586045742
21:06:01.107321,124,-1.4341209867220455,1.0255569985417354,-0.1591075057282572,-0.06972000186215155,9.879999779164791
21:06:01.107321,124,-1.2115349679147083,0.9035414028835436,-0.1363907018458581,-0.06972000186215155,7.1199998408555984
21:06:01.107321,124,-1.2655771411750083,0.9438451021870247,-0.07900457381272252,-0.06972000186215155,9.519999787211418
21:06:01.107321,124,-1.3162162391850156,0.981610848012316,-0.08216575634864198,-0.06972000186215155,14.119999684393406
21:06:01.107321,124,-1.362827143479675,1.0163724380376995,-0.15342268734819095,-0.06972000186215155,20.63999953866005
21:06:01.107321,124,-1.411978318151866,1.0530285168903997,-0.17673011027622745,-0.06972000186215155,10.639999762177467
21:06:01.107321,124,-1.1971379564368372,0.9115747341002197,-0.19671981639684386,-0.06972000186215155,7.999999821186066
21:06:01.107321,124,-1.2429570543972233,0.9662520930622521,-0.14207552022592435,-0.06972000186215155,10.759999759495258
21:06:01.107321,124,-1.2926910627417587,1.0049144020207765,-0.14776033860599058,-0.06972000186215155,15.999999642372131
21:06:01.107321,124,-1.342228493978213,1.043423895528872,-0.15342268734819095,-0.06972000186215155,23.11999948322773
21:06:01.107321,124,-1.3965294677972395,1.063403738412464,-0.22948484677200187,-0.13916000371682458,11.239999748766422
21:06:01.107321,124,-1.1786682579711556,0.9353335876802961,-0.19671981639684386,-0.06972000186215155,8.879999801516533
21:06:01.107321,124,-1.2332325473917296,0.9786331439700529,-0.14207552022592435,-0.06972000186215155,12.11999972909689
21:06:01.107321,124,-1.2825774524194236,1.0177908516126943,-0.14776033860599058,-0.06972000186215155,18.11999959498644
21:06:01.107321,124,-1.3317273182968101,1.0567937857073415,-0.15342268734819095,-0.06972000186215155,25.879999421536922
21:06:01.107321,124,-1.3749835147765657,1.0911197914932746,-0.22948484677200187,-0.13916000371682458,12.11999972909689
21:06:01.107321,124,-1.1692561452724035,0.9470733072652682,-0.19671981639684386,-0.06972000186215155,9.999999776482582
21:06:01.107321,124,-1.2134145514908072,1.0031004299936115,-0.14207552022592435,-0.06972000186215155,13.999999687075615
21:06:01.107321,124,-1.2619664859407793,1.0432371386427313,-0.14776033860599058,-0.06972000186215155,20.87999953329563
21:06:01.107321,124,-1.3103265155115027,1.0832152041746608,-0.15342268734819095,-0.06972000186215155,29.11999934911728
21:06:01.107321,124,-1.203323044378365,1.015184218401266,-0.14207552022592435,-0.06972000186215155,16.119999639689922
21:06:01.107321,124,-1.2514711908638507,1.0558044314734658,-0.14776033860599058,-0.06972000186215155,23.999999463558197
21:06:01.107321,124,-1.2981914231570733,1.0952199838687273,-0.17041564651406316,-0.06972000186215155,32.75999926775694
21:06:01.107321,124,-1.1816535512198647,1.038056433559208,-0.15781167734452567,-0.06972000186215155,18.639999583363533
21:06:01.107321,124,-1.2301062245334011,1.080621032298268,-0.14776033860599058,-0.06972000186215155,27.87999937683344
21:06:01.107321,124,-1.2827214463968286,1.1043132259364166,-0.2212854870440939,-0.06972000186215155,36.87999917566776
21:06:01.107321,124,-1.1671621986889602,1.0461889566796132,-0.20491917612475186,-0.06972000186215155,21.7599995136261
21:06:01.107321,124,-1.218077459520528,1.0918269868251074,-0.16412614110669,-0.06972000186215155,32.51999927312136
21:06:01.107321,124,-1.1566421260989386,1.057808074869989,-0.20491917612475186,-0.06972000186215155,25.51999942958355
21:06:01.107321,124,-1.2029224452359037,1.1001337814874343,-0.21311853585265983,-0.06972000186215155,37.99999915063381
21:06:01.107321,124,-1.135256054752845,1.0807278201627968,-0.20491917612475186,-0.06972000186215155,29.759999334812164
21:06:01.107321,124,-1.1806806604546431,1.1239706065776611,-0.21311853585265983,-0.06972000186215155,44.23999901115894
21:06:01.107321,124,-1.1228659998141826,1.090543892611052,-0.22058278405284124,-0.06972000186215155,34.51999922841787
21:06:01.107321,124,-1.1693821084291438,1.1357210180796948,-0.21311853585265983,-0.06972000186215155,50.99999886006117
21:06:01.107321,124,-1.100832010774567,1.112781613482175,-0.22058278405284124,-0.06972000186215155,39.23999912291765
21:06:01.107321,124,-1.1448792191765857,1.1573069571815253,-0.22940888627731837,-0.06972000186215155,57.879998706281185
21:06:01.107321,124,-1.084553061488255,1.1184784194386725,-0.26743500507019224,-0.06972000186215155,43.63999902456999
21:06:01.107321,124,-1.133249099265596,1.1686976934420916,-0.22940888627731837,-0.06972000186215155,63.75999857485294
21:06:01.107321,124,-1.0733142367572386,1.12926784560077,-0.26743500507019224,-0.06972000186215155,46.51999896019697
21:06:01.107321,124,-1.1162603860375773,1.1744528471723332,-0.27813578892006713,-0.06972000186215155,67.35999849438667
21:06:01.107321,124,-1.0600920733458636,1.1379305896472816,-0.2830010053775963,-0.06972000186215155,47.11999894678593
21:06:01.107321,124,-1.104460241017814,1.1855565425903705,-0.27813578892006713,-0.06972000186215155,67.99999848008156
21:06:01.107321,124,-1.1447586077503649,1.2288138646388798,-0.30560348959643013,-0.06972000186215155,67.11999849975109
21:06:01.107321,124,-0.9985694374761417,1.0936161616760625,-0.3311634614723662,-0.06972000186215155,29.999999329447746
21:06:01.107321,124,-1.0371229679339469,1.158903438690913,-0.2830010053775963,-0.06972000186215155,45.519998982548714
21:06:01.107321,124,-1.0786210085613848,1.2052742389421864,-0.2943246261842596,-0.06972000186215155,65.23999854177237
21:06:01.107321,124,-0.9372003588219682,1.047247773082112,-0.37385940217927766,0.06972000186215155,9.359999790787697
21:06:01.107321,124,-1.0254822712417218,1.169216550599016,-0.2830010053775963,-0.06972000186215155,41.999999061226845
21:06:01.107321,124,-1.0665145367207913,1.216000005810395,-0.2943246261842596,-0.06972000186215155,59.8799986615777
21:06:01.107321,124,-1.1520723193058688,1.2873503082512203,-0.386321000112986,-0.06972000186215155,19.879999555647373
21:06:01.107321,124,-1.0055513274403474,1.1698869396852112,-0.3449664854843116,-0.06972000186215155,37.35999916493893
21:06:01.107321,124,-1.0419828626611765,1.2370856821934626,-0.2943246261842596,-0.06972000186215155,53.23999880999327
21:06:01.107321,124,-1.0335670449939414,1.2270940710900922,-0.35876950949625697,-0.06972000186215155,46.23999896645546
21:06:01.158999,125,-1.4143204240265785,0.8301880537754076,0.11498604391850858,-0.06972000186215155,10.519999764859676
21:06:01.158999,125,-1.462750938998567,0.8784004153417531,0.05120232013352203,-0.06972000186215155,9.239999793469906
21:06:01.158999,125,-1.343671072258787,0.8252847136025929,0.11056215871300636,0.06972000186215155,7.639999829232693
21:06:01.158999,125,-1.3974349155739023,0.8583065438321447,0.11498604391850858,-0.06972000186215155,11.359999746084213
21:06:01.158999,125,-1.4454697304319337,0.9078409332057504,-0.017069715930665304,-0.06972000186215155,9.999999776482582
21:06:01.158999,125,-1.3268977534684516,0.8519912914881046,0.11056215871300636,0.06972000186215155,8.239999815821648
21:06:01.158999,125,-1.3799904518121995,0.8860817227306304,0.11498604391850858,-0.06972000186215155,12.519999720156193
21:06:01.158999,125,-1.4363191997278362,0.9222499976102156,-0.017069715930665304,-0.06972000186215155,10.87999975681305
21:06:01.158999,125,-1.4835851946887626,0.9525991454514607,-0.1591075057282572,0.06972000186215155,5.119999885559082
21:06:01.158999,125,-1.309593693292188,0.8783570842319872,0.11056215871300636,0.06972000186215155,8.879999801516533
21:06:01.158999,125,-1.3647233660111124,0.9153330858973021,0.049312603573233874,-0.06972000186215155,13.639999695122242
21:06:01.158999,125,-1.4175881755781266,0.9507900220658256,-0.017069715930665304,-0.06972000186215155,11.879999734461308
21:06:01.158999,125,-1.4642377751770466,0.9820783571381256,-0.1591075057282572,0.06972000186215155,5.359999880194664
21:06:01.158999,125,-1.2943544356723866,0.9061838531409837,0.047415388137706474,0.06972000186215155,9.759999781847
21:06:01.158999,125,-1.3461449895590092,0.942442672505948,0.049312603573233874,-0.06972000186215155,14.999999664723873
21:06:01.158999,125,-1.3982901350844563,0.9789497432066407,-0.017069715930665304,-0.06972000186215155,12.879999712109566
21:06:01.158999,125,-1.4543439442286845,0.9966713870177569,-0.1591075057282572,0.06972000186215155,5.639999873936176
21:06:01.158999,125,-1.225408183807355,0.8949586464480681,-0.015174747466188987,0.06972000186215155,4.999999888241291
21:06:01.158999,125,-1.2759731049889063,0.9318879847831455,0.047415388137706474,0.06972000186215155,10.639999762177467
21:06:01.158999,125,-1.3270281730835123,0.9691752946281773,0.049312603573233874,-0.06972000186215155,16.519999630749226
21:06:01.158999,125,-1.3784327972053738,1.0067178975201663,-0.017069715930665304,-0.06972000186215155,14.119999684393406
21:06:01.158999,125,-1.4341209867220455,1.0255569985417354,-0.1591075057282572,0.06972000186215155,5.879999868571758
21:06:01.158999,125,-1.216397476806065,0.9071677762211553,-0.015174747466188987,0.06972000186215155,5.359999880194664
21:06:01.158999,125,-1.2665905825425012,0.9446009088778551,0.047415388137706474,0.06972000186215155,11.639999739825726
21:06:01.158999,125,-1.3172702310294937,0.9823968965334137,0.049312603573233874,-0.06972000186215155,18.11999959498644
21:06:01.158999,125,-1.366655182657434,1.0192273221149777,-0.08531444409192937,-0.06972000186215155,15.519999653100967
21:06:01.158999,125,-1.4175168276759094,1.0352623380338297,-0.22948484677200187,-0.13916000371682458,6.239999860525131
21:06:01.158999,125,-1.1980120598446626,0.9313126758833182,-0.015174747466188987,0.06972000186215155,5.879999868571758
21:06:01.158999,125,-1.2474465145684583,0.9697421173328649,0.047415388137706474,0.06972000186215155,12.879999712109566
21:06:01.158999,125,-1.2973601581214902,1.0085440714187757,0.049312603573233874,0.06972000186215155,20.119999550282955
21:06:01.158999,125,-1.345998673699857,1.0463547643262867,-0.08531444409192937,-0.06972000186215155,16.99999962002039
21:06:01.158999,125,-1.3965294677972395,1.063403738412464,-0.22948484677200187,-0.13916000371682458,6.5199998542666435
21:06:01.158999,125,-1.2278034846432908,0.9944954418880032,0.047415388137706474,0.06972000186215155,14.239999681711197
21:06:01.158999,125,-1.2774421182634697,1.0347017090099428,-0.016439726414770803,-0.06972000186215155,22.359999500215054
21:06:01.158999,125,-1.3248037832432762,1.0730636786017853,-0.08531444409192937,-0.06972000186215155,18.639999583363533
21:06:01.158999,125,-1.2670314022832627,1.0474241823490926,-0.016439726414770803,-0.06972000186215155,24.879999443888664
21:06:01.158999,125,-1.3140070859059456,1.0862578426041665,-0.08531444409192937,-0.06972000186215155,20.51999954134226
21:06:01.158999,125,-1.0176749778917273,1.0923989687108964,-0.27167738457093304,0.06972000186215155,29.759999334812164
21:06:01.158999,125,-0.9985694374761417,1.0936161616760625,-0.3311634614723662,0.06972000186215155,35.51999920606613
21:06:01.158999,125,-1.043840358094253,1.166409594466554,-0.22058278405284124,0.06972000186215155,66.87999850511551
21:06:01.158999,125,-1.1219369708575202,1.2536764238395075,-0.28879427718160255,-0.06972000186215155,43.87999901920557
21:06:01.158999,125,-0.9875835303186873,1.1035470090502624,-0.3311634614723662,0.06972000186215155,41.999999061226845
21:06:01.158999,125,-1.0272970316318402,1.1712856725555845,-0.26743500507019224,0.06972000186215155,72.99999836832285
21:06:01.158999,125,-1.068401910487266,1.2181519188242167,-0.27813578892006713,-0.06972000186215155,75.75999830663204
21:06:01.158999,125,-1.1408485028052873,1.274808575072105,-0.45509685866107363,-0.13916000371682458,6.7599998489022255
21:06:01.158999,125,-0.9653165518840595,1.1230766604284725,-0.3311634614723662,0.06972000186215155,48.87999890744686
21:06:01.158999,125,-0.9559121632343534,1.1121353278910067,-0.3901197475035612,0.06972000186215155,54.9999987706542
21:06:01.158999,125,-0.9938023761400079,1.1798837912868998,-0.3449664854843116,0.06972000186215155,78.11999825388193
21:06:01.158999,125,-0.9334797639396061,1.1310298765628939,-0.3901197475035612,0.06972000186215155,58.999998681247234
21:06:01.158999,125,-0.8836885299177609,1.0927794804503126,-0.37385940217927766,0.20888000557897612,24.639999449253082
21:06:01.158999,125,-0.9221229803336443,1.1403079673944296,-0.3901197475035612,0.06972000186215155,59.63999866694212
21:06:01.158999,125,-0.9106739852022047,1.1494720283845765,-0.3901197475035612,0.06972000186215155,56.639998733997345
21:06:01.158999,125,-0.8888497041124623,1.1452700742835489,-0.44845192518775423,0.20888000557897612,51.11999885737896
21:06:01.158999,125,-0.8773527523901271,1.1541011599611735,-0.44845192518775423,0.20888000557897612,44.359999008476734
21:06:01.158999,125,-1.0465100351366414,1.4658871873626458,-1.2858308463827728,0.13916000371682458,7.519999831914902
21:06:01.158999,125,-1.1097610926672559,1.4598193951496767,-1.45279675821453,-0.7655200204462744,7.519999831914902
21:06:01.158999,125,-1.061289047589645,1.5184725090244404,-1.3225813213189275,0.13916000371682458,10.87999975681305
21:06:01.220723,126,-1.4800252353124952,0.8332958006244252,-0.17027239441759356,0.13916000371682458,10.519999764859676
21:06:01.220723,126,-1.5423573884955963,0.8119933278287635,-0.309169665245845,-0.06972000186215155,7.639999829232693
21:06:01.220723,126,-1.4143204240265785,0.8316606599054289,-0.10380048984997464,0.13916000371682458,9.879999779164791
21:06:01.220723,126,-1.462750938998567,0.8617217826056354,-0.17788911333352048,0.13916000371682458,11.519999742507935
21:06:01.220723,126,-1.5247631936631394,0.8416204245694985,-0.31710822189160365,-0.06972000186215155,8.119999818503857
21:06:01.220723,126,-1.343671072258787,0.8257794112528952,-0.10680455700116664,0.13916000371682458,7.35999983549118
21:06:01.220723,126,-1.3974349155739023,0.8588210356474836,-0.11107809059618404,0.13916000371682458,10.759999759495258
21:06:01.220723,126,-1.4448915618382792,0.8898083880559937,-0.18541489658207555,0.13916000371682458,12.639999717473984
21:06:01.220723,126,-1.5065591139103853,0.870901725011758,-0.3249541226984402,-0.06972000186215155,8.759999804198742
21:06:01.220723,126,-1.3268977534684516,0.8515759845643115,-0.11371672798745086,0.13916000371682458,7.999999821186066
21:06:01.220723,126,-1.3799904518121995,0.8856497982753301,-0.11826683587624179,0.13916000371682458,11.759999737143517
21:06:01.220723,126,-1.4357446912242942,0.9037209084477736,-0.1891427451857345,0.13916000371682458,13.999999687075615
21:06:01.220723,126,-1.4877524306261913,0.8998255170263013,-0.3327042294107828,-0.06972000186215155,9.359999790787697
21:06:01.220723,126,-1.2597127177140284,0.8278930859703538,-0.17470940383070788,0.13916000371682458,5.239999882876873
21:06:01.220723,126,-1.309593693292188,0.8770433847062127,-0.12054069728879352,0.13916000371682458,8.639999806880951
21:06:01.220723,126,-1.3647233660111124,0.8969069082934179,-0.18927331788974214,0.13916000371682458,12.759999714791775
21:06:01.220723,126,-1.4175881755781266,0.9139746701139881,-0.2625706450689292,-0.06972000186215155,15.359999656677246
21:06:01.220723,126,-1.468350666232783,0.9283802314824849,-0.34035544208941854,-0.06972000186215155,9.999999776482582
21:06:01.220723,126,-1.2425638817857643,0.8520640270532369,-0.18118598797416666,0.13916000371682458,5.639999873936176
21:06:01.220723,126,-1.2943544356723866,0.887578392595983,-0.1887378915915413,0.13916000371682458,9.239999793469906
21:06:01.220723,126,-1.3461449895590092,0.9230927581387293,-0.19628979520891596,0.13916000371682458,13.999999687075615
21:06:01.220723,126,-1.3982901350844563,0.9411748720249997,-0.2698589172049482,0.13916000371682458,17.11999961733818
21:06:01.220723,126,-1.4483615811768837,0.9565544468757613,-0.34790470035142745,0.20888000557897612,10.759999759495258
21:06:01.220723,126,-1.2249180368943005,0.8758988661319453,-0.18757251385703233,0.13916000371682458,6.11999986320734
21:06:01.220723,126,-1.2759731049889063,0.9124066771914812,-0.1953906103983551,0.13916000371682458,10.119999773800373
21:06:01.220723,126,-1.3270281730835123,0.948914488251017,-0.20320870693967788,0.13916000371682458,15.519999653100967
21:06:01.220723,126,-1.3784327972053738,0.9679968494248141,-0.2770458443886343,0.13916000371682458,18.999999575316906
21:06:01.220723,126,-1.4277931708256413,0.9843368938961287,-0.3553489845942953,0.20888000557897612,11.519999742507935
21:06:01.220723,126,-1.215910934055509,0.8876872628082297,-0.19073120522650044,0.13916000371682458,6.7599998489022255
21:06:01.220723,126,-1.2665905825425012,0.9246864189022137,-0.19868095727300866,0.13916000371682458,11.119999751448631
21:06:01.220723,126,-1.3172702310294937,0.9616855749961976,-0.2066307093195168,0.13916000371682458,17.11999961733818
21:06:01.220723,126,-1.3682968651782228,0.9812626452704338,-0.2806004036724242,0.13916000371682458,21.239999525249004
21:06:01.220723,126,-1.4172942806674416,0.9980777253333547,-0.3590308292812322,0.20888000557897612,12.23999972641468
21:06:01.220723,126,-1.1975328710154267,0.9110001164035836,-0.19697786552064053,0.13916000371682458,7.35999983549118
21:06:01.220723,126,-1.2474465145684583,0.9489709614530247,-0.20518798083805773,0.13916000371682458,12.11999972909689
21:06:01.220723,126,-1.2973601581214902,0.9869418065024655,-0.2133980961554748,0.13916000371682458,19.119999572634697
21:06:01.220723,126,-1.3476155427708987,1.0074972185434012,-0.287629936394691,0.13916000371682458,23.879999466240406
21:06:01.220723,126,-1.3958723796819987,1.0252517338411389,-0.3663120829160095,0.20888000557897612,13.119999706745148
21:06:01.220723,126,-1.2278034846432908,0.9728808369273483,-0.21159461266253138,0.13916000371682458,13.35999970138073
21:06:01.220723,126,-1.2769311584713399,1.0118083795088157,-0.22006107431105595,0.13916000371682458,21.239999525249004
21:06:01.220723,126,-1.3263951921385295,1.0333270392520366,-0.2945510159942105,0.13916000371682458,26.87999939918518
21:06:01.220723,126,-1.3738921483810251,1.0520064959784081,-0.3734809998243775,0.20888000557897612,13.999999687075615
21:06:01.220723,126,-1.2670314022832627,1.0074791545182813,-0.28697288301403445,0.13916000371682458,23.879999466240406
21:06:01.220723,126,-1.315585525363461,1.0460869323374125,-0.2979700190419445,0.13916000371682458,30.35999932140112
21:06:01.220723,126,-1.2920205852086803,1.0523366340899611,-0.37029676308339315,0.13916000371682458,34.35999923199415
21:06:01.220723,126,-1.2808329804803953,1.0647626658944478,-0.3736263082705288,0.13916000371682458,38.99999912828207
21:06:01.220723,126,-1.2580746559081444,1.0892874474099272,-0.3801977036721513,0.13916000371682458,44.359999008476734
21:06:01.220723,126,-1.0615667442591878,1.0862229176189533,-0.4381399554854468,0.13916000371682458,65.11999854445457
21:06:01.220723,126,-1.104042845207721,1.129685577457257,-0.4556710971488689,0.13916000371682458,96.35999784618616
21:06:01.220723,126,-1.0034355510317468,1.0321395402683615,-0.48022029642143504,0.13916000371682458,46.23999896645546
21:06:01.220723,126,-1.0381037939490723,1.1065048532301651,-0.44357448375341113,0.13916000371682458,78.9999982342124
21:06:01.220723,126,-1.0796410800267435,1.1507790471044703,-0.46132307530641015,0.13916000371682458,111.11999751627445
21:06:01.220723,126,-0.9808111581683374,1.0513065301653086,-0.48535607588565755,0.13916000371682458,56.35999874025583
21:06:01.220723,126,-1.0262160153359894,1.116474835178181,-0.4462459323649348,0.13916000371682458,95.879997856915
21:06:01.220723,126,-1.0672776398623227,1.161147954472832,-0.4641014156621558,0.13916000371682458,126.75999716669321
21:06:01.220723,126,-0.9680355233743827,1.055324457005578,-0.5019999847470398,0.13916000371682458,68.35999847203493
21:06:01.220723,126,-1.0097542175464513,1.1049366142047952,-0.508214815414968,0.13916000371682458,115.23999742418528
21:06:01.220723,126,-1.054807472828082,1.1713969237316233,-0.4668476186983004,0.13916000371682458,141.6399968340993
21:06:01.220723,126,-0.9503390951163748,1.0419068773134448,-0.560439231366967,0.13916000371682458,81.1199981868267
21:06:01.220723,126,-0.9977157054761985,1.1146320300040808,-0.5108126942486705,0.13916000371682458,135.11999697983265
21:06:01.220723,126,-1.0376369570158914,1.1592314137761877,-0.5312516649342491,0.13916000371682458,154.23999655246735
21:06:01.220723,126,-0.9387771996447762,1.0510306842312278,-0.5628839480624845,0.13916000371682458,92.35999793559313
21:06:01.220723,126,-0.9720194182209674,1.1280067859390552,-0.5306126094876438,0.13916000371682458,151.51999661326408
21:06:01.220723,126,-1.0122865211889978,1.1790328136797852,-0.5365574340474238,0.13916000371682458,162.2399963736534
21:06:01.220723,126,-1.0510785229133934,1.2242147280726239,-0.5571189415565404,0.20888000557897612,128.35999713093042
21:06:01.220723,126,-0.9153729434686861,1.0689409959357665,-0.5676830016199055,0.13916000371682458,98.63999779522419
21:06:01.220723,126,-0.955213471640935,1.1196237908689135,-0.5768713811470174,0.13916000371682458,159.35999643802643
21:06:01.220723,126,-0.9994588252514386,1.1887488783601712,-0.5391608457321418,0.13916000371682458,164.23999632894993
21:06:01.220723,126,-0.8701347666020671,1.0008147515071262,-0.5967232059467866,0.13916000371682458,22.239999502897263
21:06:01.220723,126,-0.9079797203497588,1.044343397223355,-0.6226766133912661,0.13916000371682458,97.35999782383442
21:06:01.220723,126,-0.9411925326532454,1.1226457434058152,-0.5937962202313568,0.13916000371682458,155.7599965184927
21:06:01.220723,126,-0.8962353287372935,1.0530571592038527,-0.6250114588769775,0.13916000371682458,89.11999800801277
21:06:01.220723,126,-0.9287648971625971,1.1316770193423082,-0.5962161433251627,0.13916000371682458,141.99999682605267
21:06:01.220723,126,-1.0327294719195692,1.3042173564741444,-0.6052043333403487,0.20888000557897612,17.639999605715275
21:06:01.220723,126,-0.8724788605578667,1.0701421954746067,-0.6295893805483824,0.13916000371682458,76.99999827891588
21:06:01.220723,126,-0.9088441244328487,1.1147461453024607,-0.6558309148611898,0.27832000743364915,122.87999725341797
21:06:01.220723,126,-0.9529057539261869,1.186225747110769,-0.6225555057760015,0.41748001115047373,137.51999692618847
21:06:01.220723,126,-0.8639789231256072,1.043622530945861,-0.6835194964679006,-0.4872000130126253,64.23999856412411
21:06:01.220723,126,-0.8963338544091393,1.1234645579152058,-0.6581670064800561,0.27832000743364915,103.11999769508839
21:06:01.220723,126,-0.8401083171878145,1.0600832980305,-0.6879301457150264,-0.4872000130126253,52.7599988207221
21:06:01.220723,126,-0.8751243640162358,1.104267989035725,-0.7166033461871684,0.27832000743364915,85.35999809205532
21:06:01.220723,126,-0.8280464001367764,1.068139933607709,-0.6900889147116516,-0.4872000130126253,43.119999036192894
21:06:01.220723,126,-0.8625597014933835,1.1126604283692823,-0.7188520935291223,0.27832000743364915,70.35999842733145
21:06:01.220723,126,-0.9364610010201134,1.0793010820798994,-1.1488570568769862,0.27832000743364915,4.999999888241291
21:06:01.220723,126,-1.0688124950112285,1.1396320912901303,-1.6553528632010739,1.0438400278799236,5.239999882876873
21:06:01.220723,126,-1.0380160409362373,1.1599831701533958,-1.6608059183475878,1.0438400278799236,5.999999865889549
21:06:01.220723,126,-1.0224613402585525,1.169934594444539,-1.663472394449939,1.1830000315967482,6.8799998462200165
21:06:01.220723,126,-1.1481656511501166,1.0786846512605353,-2.0586198681390733,0.13916000371682458,5.119999885559082
21:06:01.220723,126,-0.9910467687524407,1.5807441283651722,-1.3039895925515719,0.27832000743364915,7.519999831914902
21:06:01.220723,126,-0.9414188109683669,1.5354931201638677,-1.2858308463827728,0.27832000743364915,4.999999888241291
21:06:01.220723,126,-0.9683256070794148,1.579379220412564,-1.3225813213189275,0.27832000743364915,7.879999823868275
21:06:01.220723,126,-0.9952324031904628,1.6232653206612602,-1.3593317962550822,0.27832000743364915,5.519999876618385
21:06:01.220723,126,-0.9524836625821222,1.588983346580719,-1.3225813213189275,0.27832000743364915,7.759999826550484
21:06:01.220723,126,-0.9205156245885917,1.6077139633918065,-1.3225813213189275,0.27832000743364915,7.239999838173389
21:06:01.220723,126,-0.9043927278693702,1.6168385809887502,-1.3225813213189275,0.27832000743364915,6.5199998542666435
21:06:01.220723,126,-0.8718772402056091,1.6346018723861069,-1.3225813213189275,0.27832000743364915,5.759999871253967
21:06:01.220723,126,0.1635805206594772,0.11210279732091474,-0.15710945921277028,0.904680024163099,4.999999888241291
21:06:01.272403,127,-1.3921219899414758,0.8743353803106348,-0.016439726414770803,0.41748001115047373,7.519999831914902
21:06:01.272403,127,-1.4454697304319337,0.9078409332057504,-0.017069715930665304,0.5566400148672983,8.999999798834324
21:06:01.272403,127,-1.3295567783554794,0.8536986318175881,0.047415388137706474,0.27832000743364915,6.5199998542666435
21:06:01.272403,127,-1.3833091765392869,0.888212651476974,-0.016439726414770803,0.41748001115047373,7.999999821186066
21:06:01.272403,127,-1.4363191997278362,0.9222499976102156,-0.017069715930665304,0.5566400148672983,9.63999978452921
21:06:01.272403,127,-1.4895395801512608,0.9564224125773194,-0.017702205404956213,0.5566400148672983,7.639999829232693
21:06:01.272403,127,-1.3122180418625704,0.8801172600560587,0.047415388137706474,0.27832000743364915,6.9999998435378075
21:06:01.272403,127,-1.365269455565577,0.9156993534131325,-0.016439726414770803,0.41748001115047373,8.639999806880951
21:06:01.272403,127,-1.4175881755781266,0.9507900220658256,-0.017069715930665304,0.5566400148672983,10.519999764859676
21:06:01.272403,127,-1.468350666232783,0.9848369127221853,-0.08847562662784883,0.5566400148672983,8.119999818503857
21:06:01.272403,127,-1.2943544356723866,0.9061838531409837,0.047415388137706474,0.27832000743364915,7.519999831914902
21:06:01.272403,127,-1.3466836450374025,0.9428197878334607,-0.016439726414770803,0.41748001115047373,9.359999790787697
21:06:01.272403,127,-1.3982901350844563,0.9789497432066407,-0.017069715930665304,0.5566400148672983,11.359999746084213
21:06:01.272403,127,-1.4483615811768837,1.0140050068205875,-0.08847562662784883,0.5566400148672983,8.51999980956316
21:06:01.272403,127,-1.2764836814190945,0.9322608766871721,-0.015807236940479894,0.27832000743364915,7.999999821186066
21:06:01.272403,127,-1.3275591790308343,0.969563106926276,-0.016439726414770803,0.27832000743364915,10.119999773800373
21:06:01.272403,127,-1.3784327972053738,1.0067178975201663,-0.017069715930665304,0.5566400148672983,12.359999723732471
21:06:01.272403,127,-1.4277931708256413,1.0427675124542788,-0.08847562662784883,0.5566400148672983,9.119999796152115
21:06:01.272403,127,-1.2670974045872734,0.9449788878165346,-0.015807236940479894,0.27832000743364915,8.639999806880951
21:06:01.272403,127,-1.3177973323684817,0.9827899994119139,-0.016439726414770803,0.27832000743364915,10.99999975413084
21:06:01.272403,127,-1.366655182657434,1.0192273221149777,-0.08531444409192937,0.5566400148672983,13.519999697804451
21:06:01.272403,127,-1.4172942806674416,1.056993067940269,-0.08847562662784883,0.5566400148672983,9.63999978452921
21:06:01.272403,127,-1.247945676177562,0.9701301564431996,-0.015807236940479894,0.27832000743364915,9.359999790787697
21:06:01.272403,127,-1.2978792925104614,1.0089476370030808,-0.016439726414770803,0.27832000743364915,11.999999731779099
21:06:01.272403,127,-1.345998673699857,1.0463547643262867,-0.08531444409192937,0.5566400148672983,14.759999670088291
21:06:01.272403,127,-1.3958723796819987,1.0851256716746391,-0.08847562662784883,0.5566400148672983,10.239999771118164
21:06:01.272403,127,-1.2774421182634697,1.0347017090099428,-0.016439726414770803,0.27832000743364915,13.119999706745148
21:06:01.272403,127,-1.3248037832432762,1.0730636786017853,-0.08531444409192937,0.5566400148672983,16.239999637007713
21:06:01.272403,127,-1.0796410800267435,1.2309663997850955,-0.14776033860599058,0.27832000743364915,62.639998599886894
21:06:01.272403,127,-1.0672776398623227,1.241701082600439,-0.14776033860599058,0.27832000743364915,75.23999831825495
21:06:01.272403,127,-1.1081769654774847,1.2892845182475363,-0.15342268734819095,0.41748001115047373,80.75999819487333
21:06:01.272403,127,-1.0083836267374335,1.1971952625106022,-0.22058278405284124,0.20888000557897612,64.7599985525012
21:06:01.272403,127,-1.050157161882882,1.2467905524859653,-0.21311853585265983,0.20888000557897612,91.11999796330929
21:06:01.272403,127,-1.0952289270787932,1.3003016392735587,-0.15342268734819095,0.41748001115047373,93.1199979186058
21:06:01.272403,127,-0.9963614551525296,1.2072190712278792,-0.22058278405284124,0.20888000557897612,78.51999824494123
21:06:01.272403,127,-1.0376369570158914,1.2572296098394156,-0.21311853585265983,0.20888000557897612,110.99999751895666
21:06:01.272403,127,-1.069005590101135,1.3219447054019289,-0.15342268734819095,0.41748001115047373,106.99999760836363
21:06:01.272403,127,-0.9796363704743015,1.2114296923790149,-0.26743500507019224,0.20888000557897612,94.75999788194895
21:06:01.272403,127,-1.010912493155319,1.275995200157762,-0.22940888627731837,0.20888000557897612,134.75999698787928
21:06:01.272403,127,-1.0510785229133934,1.326693615230987,-0.2212854870440939,0.4872000130126253,121.75999727845192
21:06:01.272403,127,-0.9153729434686861,1.1794448871537115,-0.27167738457093304,0.20888000557897612,39.99999910593033
21:06:01.272403,127,-0.9535260496791603,1.2286046163876307,-0.2830010053775963,0.20888000557897612,112.7599974796176
21:06:01.272403,127,-0.9934340960795173,1.2800255608442486,-0.27813578892006713,0.20888000557897612,161.35999639332294
21:06:01.272403,127,-1.0377592546862564,1.3371378909213114,-0.2212854870440939,0.4872000130126253,136.2399969547987
21:06:01.272403,127,-0.9035329231702041,1.1885394920721246,-0.27167738457093304,0.20888000557897612,43.75999902188778
21:06:01.272403,127,-0.9411925326532454,1.2380782880349332,-0.2830010053775963,0.20888000557897612,129.75999709963799
21:06:01.272403,127,-0.978852142136287,1.2876170839977417,-0.2943246261842596,0.20888000557897612,186.99999582022429
21:06:01.272403,127,-1.0243362114030865,1.3474484539427989,-0.2212854870440939,0.4872000130126253,149.23999666422606
21:06:01.272403,127,-0.8916025503363854,1.19751524403709,-0.27167738457093304,0.20888000557897612,45.99999897181988
21:06:01.272403,127,-0.9287648971625971,1.2474281528906952,-0.2830010053775963,0.20888000557897612,141.1199968457222
21:06:01.272403,127,-0.9659272439888089,1.2973410617443002,-0.2943246261842596,0.20888000557897612,205.3599954098463
21:06:01.272403,127,-1.002942704068672,1.3470566863731879,-0.30560348959643013,0.4872000130126253,158.63999645411968
21:06:01.272403,127,-0.874386236555478,1.1992437230426263,-0.3163379060752428,0.20888000557897612,45.87999897450209
21:06:01.272403,127,-0.9088441244328487,1.2465036226369188,-0.3449664854843116,0.20888000557897612,142.51999681442976
21:06:01.272403,127,-0.9529057539261869,1.3069353064715983,-0.2943246261842596,0.20888000557897612,209.63999531418085
21:06:01.272403,127,-0.9894222152992707,1.3570185937633932,-0.30560348959643013,0.4872000130126253,162.7599963620305
21:06:01.272403,127,-0.86046915961782,1.205292518804918,-0.3311634614723662,0.20888000557897612,43.63999902456999
21:06:01.272403,127,-0.8963338544091393,1.2555295875458807,-0.3449664854843116,0.20888000557897612,133.23999702185392
21:06:01.272403,127,-0.9321985492004587,1.3057666562868437,-0.35876950949625697,0.20888000557897612,197.87999557703733
21:06:01.272403,127,-0.8483734124827134,1.2138368026769237,-0.3311634614723662,0.20888000557897612,39.639999113976955
21:06:01.272403,127,-0.8837339517509385,1.2644300005479716,-0.3449664854843116,0.20888000557897612,116.87999738752842
21:06:01.272403,127,-0.9190944910191636,1.3150231984190197,-0.35876950949625697,0.20888000557897612,174.7599960938096
21:06:01.272403,127,-0.8239286263692305,1.2305603801479283,-0.3311634614723662,0.20888000557897612,34.879999220371246
21:06:01.272403,127,-0.8582702972870914,1.2818506233402556,-0.3449664854843116,0.20888000557897612,98.1199978068471
21:06:01.272403,127,-0.8926119682049523,1.3331408665325828,-0.35876950949625697,0.20888000557897612,147.51999670267105
21:06:01.272403,127,-0.849908783723035,1.2693624696571644,-0.4063800928278447,0.20888000557897612,80.63999819755554
21:06:01.272403,127,-0.8839158883066074,1.3201530286992744,-0.42264043815212826,0.20888000557897612,121.35999728739262
21:06:01.272403,127,-0.8371728757863686,1.2777979480619326,-0.4063800928278447,0.20888000557897612,65.87999852746725
21:06:01.272403,127,-0.8706703829149391,1.3289260329677794,-0.42264043815212826,0.20888000557897612,99.11999778449535
21:06:01.272403,127,-0.9268095712252443,1.4146126834835278,-0.523144659349998,0.27832000743364915,50.75999886542559
21:06:01.272403,127,-0.8114511921061645,1.2942847379356632,-0.4063800928278447,0.20888000557897612,53.87999879568815
21:06:01.272403,127,-0.8439195064510733,1.3460725030309857,-0.42264043815212826,0.20888000557897612,80.99999818950891
21:06:01.272403,127,-0.7984679885094448,1.302334400739451,-0.4063800928278447,0.20888000557897612,44.359999008476734
21:06:01.272403,127,-0.8342668250552615,1.3306762372638141,-0.48583523229566256,0.20888000557897612,66.63999851047993
21:06:01.272403,127,-0.885268944404552,1.4120258801238166,-0.7643326365398094,0.27832000743364915,13.119999706745148
21:06:01.331164,128,-1.408765403464349,0.8459814193449572,0.049312603573233874,0.20888000557897612,8.51999980956316
21:06:01.331164,128,-1.4685188344363562,0.8620018295587717,0.1193924434117361,0.3480400092958007,8.639999806880951
21:06:01.331164,128,-1.3380271449184884,0.8403606013489098,0.047415388137706474,0.20888000557897612,6.5199998542666435
21:06:01.331164,128,-1.39156515973177,0.8739856578317936,0.049312603573233874,0.20888000557897612,9.119999796152115
21:06:01.331164,128,-1.4509862535794715,0.8911978529935954,0.1193924434117361,0.3480400092958007,9.519999787211418
21:06:01.331164,128,-1.4984295766515605,0.9411028654359687,0.05309953556904943,0.41748001115047373,8.879999801516533
21:06:01.331164,128,-1.3295567783554794,0.8536986318175881,0.047415388137706474,0.20888000557897612,6.8799998462200165
21:06:01.331164,128,-1.3827558713372814,0.8878573782749422,0.049312603573233874,0.20888000557897612,9.879999779164791
21:06:01.331164,128,-1.4328732975933238,0.9200374091856363,0.1193924434117361,0.3480400092958007,10.359999768435955
21:06:01.331164,128,-1.4889437842060966,0.9560398563815184,0.05309953556904943,0.41748001115047373,9.63999978452921
21:06:01.331164,128,-1.3122180418625704,0.8801172600560587,0.047415388137706474,0.20888000557897612,7.35999983549118
21:06:01.331164,128,-1.3647233660111124,0.9153330858973021,0.049312603573233874,0.20888000557897612,10.759999759495258
21:06:01.331164,128,-1.4141872114184817,0.9485089626974551,0.1193924434117361,0.3480400092958007,11.359999746084213
21:06:01.331164,128,-1.4695264833827077,0.9856255445922745,0.05309953556904943,0.41748001115047373,10.359999768435955
21:06:01.331164,128,-1.5208139791203545,1.020024561206681,-0.0916368091637683,0.06972000186215155,5.359999880194664
21:06:01.331164,128,-1.2943544356723866,0.9061838531409837,0.047415388137706474,0.20888000557897612,7.879999823868275
21:06:01.331164,128,-1.3461449895590092,0.942442672505948,0.049312603573233874,0.20888000557897612,11.639999739825726
21:06:01.331164,128,-1.3977308376990443,0.9785581763793512,0.05120232013352203,0.3480400092958007,12.519999720156193
21:06:01.331164,128,-1.4495213915856666,1.0148169957443152,0.05309953556904943,0.41748001115047373,11.359999746084213
21:06:01.331164,128,-1.500110695714061,1.0502348142949005,-0.0916368091637683,0.06972000186215155,5.639999873936176
21:06:01.331164,128,-1.2759731049889063,0.9318879847831455,0.047415388137706474,0.20888000557897612,8.51999980956316
21:06:01.331164,128,-1.3270281730835123,0.9691752946281773,0.049312603573233874,0.20888000557897612,12.759999714791775
21:06:01.331164,128,-1.3778814424899972,1.0063152238018849,0.05120232013352203,0.3480400092958007,13.879999689757824
21:06:01.331164,128,-1.4289365105846032,1.0436025336469166,0.05309953556904943,0.41748001115047373,12.359999723732471
21:06:01.331164,128,-1.4788073880575134,1.0800249874791246,-0.0916368091637683,0.06972000186215155,5.759999871253967
21:06:01.331164,128,-1.2665905825425012,0.9446009088778551,0.047415388137706474,0.20888000557897612,9.239999793469906
21:06:01.331164,128,-1.3172702310294937,0.9823968965334137,0.049312603573233874,0.3480400092958007,13.879999689757824
21:06:01.331164,128,-1.367749564700332,1.0200434929334168,0.05120232013352203,0.3480400092958007,15.359999656677246
21:06:01.331164,128,-1.4184292131873244,1.0578394805889753,0.05309953556904943,0.41748001115047373,13.639999695122242
21:06:01.331164,128,-1.467933378677449,1.0947588137655604,-0.0916368091637683,0.06972000186215155,5.999999865889549
21:06:01.331164,128,-1.247945676177562,0.9701301564431996,-0.015807236940479894,0.20888000557897612,9.999999776482582
21:06:01.331164,128,-1.2973601581214902,1.0085440714187757,0.049312603573233874,0.3480400092958007,15.239999659359455
21:06:01.331164,128,-1.3470765145458539,1.0471926580972324,0.05120232013352203,0.3480400092958007,17.23999961465597
21:06:01.331164,128,-1.397549159103798,1.086429169345927,-0.017702205404956213,0.41748001115047373,14.999999664723873
21:06:01.331164,128,-1.2769311584713399,1.0342878421406785,0.049312603573233874,0.3480400092958007,16.759999625384808
21:06:01.331164,128,-1.3258646517704238,1.073922960178916,0.05120232013352203,0.3480400092958007,19.239999569952488
21:06:01.331164,128,-1.3755425242432524,1.1141610099603718,-0.017702205404956213,0.41748001115047373,16.519999630749226
21:06:01.331164,128,-1.3150593087177451,1.0871276897258022,0.05120232013352203,0.3480400092958007,21.639999516308308
21:06:01.331164,128,-1.364332323535247,1.1278604980556453,-0.017702205404956213,0.41748001115047373,18.23999959230423
21:06:01.331164,128,-1.2930552018006707,1.1132097036542485,0.05120232013352203,0.3480400092958007,24.23999945819378
21:06:01.331164,128,-1.138289583416567,1.2719491836878523,-0.017069715930665304,0.3480400092958007,81.1199981868267
21:06:01.331164,128,-1.124162998934714,1.2817286273842072,-0.08531444409192937,0.3480400092958007,93.75999790430069
21:06:01.331164,128,-1.1112897188886817,1.2929059838682813,-0.08531444409192937,0.3480400092958007,108.11999758332968
21:06:01.331164,128,-1.085211073103999,1.3148717234934213,-0.08531444409192937,0.3480400092958007,124.51999721676111
21:06:01.331164,128,-1.0376369570158914,1.2572296098394156,-0.21311853585265983,0.27832000743364915,110.63999752700329
21:06:01.331164,128,-1.0720083152080786,1.3256579100789279,-0.08531444409192937,0.5566400148672983,142.75999680906534
21:06:01.331164,128,-0.9796363704743015,1.2114296923790149,-0.26743500507019224,0.20888000557897612,79.35999822616577
21:06:01.331164,128,-1.010912493155319,1.275995200157762,-0.22940888627731837,0.27832000743364915,131.6399970576167
21:06:01.331164,128,-1.0557329138338964,1.3325684862157963,-0.15342268734819095,0.27832000743364915,162.63999636471272
21:06:01.331164,128,-0.955213471640935,1.2307788353433977,-0.26743500507019224,0.20888000557897612,96.23999784886837
21:06:01.331164,128,-0.9934340960795173,1.2800255608442486,-0.27813578892006713,0.27832000743364915,157.63999647647142
21:06:01.331164,128,-1.0423546651597684,1.3430590112974692,-0.15342268734819095,0.5566400148672983,183.35999590158463
21:06:01.331164,128,-0.9411925326532454,1.2380782880349332,-0.2830010053775963,0.20888000557897612,117.23999737948179
21:06:01.331164,128,-0.978852142136287,1.2876170839977417,-0.2943246261842596,0.27832000743364915,189.6399957612157
21:06:01.331164,128,-1.015286812268852,1.3636361115197193,-0.15342268734819095,0.5566400148672983,203.99999544024467
21:06:01.331164,128,-0.9287648971625971,1.2474281528906952,-0.2830010053775963,0.20888000557897612,142.87999680638313
21:06:01.331164,128,-0.9659272439888089,1.2973410617443002,-0.2943246261842596,0.27832000743364915,227.6399949118495
21:06:01.331164,128,-0.9971841790841673,1.367664331262866,-0.2212854870440939,0.27832000743364915,223.11999501287937
21:06:01.331164,128,-0.9162443859603527,1.2566532759762645,-0.2830010053775963,0.27832000743364915,171.9999961555004
21:06:01.331164,128,-0.9529057539261869,1.3069353064715983,-0.2943246261842596,0.27832000743364915,270.5199939534068
21:06:01.331164,128,-0.9834579052289023,1.3775676239906502,-0.2212854870440939,0.5566400148672983,238.51999466866255
21:06:01.331164,128,-0.8963338544091393,1.2555295875458807,-0.3449664854843116,0.20888000557897612,200.8799955099821
21:06:01.331164,128,-0.9321985492004587,1.3057666562868437,-0.35876950949625697,0.27832000743364915,313.3599929958582
21:06:01.331164,128,-0.9620857755143002,1.3765343237639738,-0.30560348959643013,0.27832000743364915,248.63999444246292
21:06:01.331164,128,-0.8483734124827134,1.2138368026769237,-0.3311634614723662,0.41748001115047373,45.2399989888072
21:06:01.331164,128,-0.8837339517509385,1.2644300005479716,-0.3449664854843116,0.20888000557897612,222.1199950352311
21:06:01.331164,128,-0.9190944910191636,1.3150231984190197,-0.35876950949625697,0.27832000743364915,347.2399922385812
21:06:01.331164,128,-0.954315265310044,1.365416423175953,-0.37251797610104054,0.27832000743364915,251.6399943754077
21:06:01.331164,128,-0.8582702972870914,1.2818506233402556,-0.3449664854843116,0.27832000743364915,227.7599949091673
21:06:01.331164,128,-0.8926119682049523,1.3331408665325828,-0.35876950949625697,0.27832000743364915,360.75999193638563
21:06:01.331164,128,-0.9268179012930983,1.384228381490948,-0.37251797610104054,0.27832000743364915,247.23999447375536
21:06:01.331164,128,-0.8454090918255582,1.290369091082764,-0.3449664854843116,0.27832000743364915,214.87999519705772
21:06:01.331164,128,-0.8792361518021304,1.342000180762337,-0.35876950949625697,0.27832000743364915,347.7599922269583
21:06:01.331164,128,-0.9177885774570431,1.3707428345435897,-0.4388365133367901,0.27832000743364915,235.87999472767115
21:06:01.331164,128,-0.9544655314865936,1.4568246689595745,-0.3169271104030934,0.5566400148672983,88.2399980276823
21:06:01.331164,128,-0.832463346163127,1.2987585229972367,-0.3449664854843116,0.27832000743364915,188.51999578624964
21:06:01.331164,128,-0.8657724125207532,1.3507252960983438,-0.35876950949625697,0.27832000743364915,312.11999302357435
21:06:01.331164,128,-0.9040354888295628,1.3798520305815083,-0.4388365133367901,0.27832000743364915,219.11999510228634
21:06:01.331164,128,-0.8114511921061645,1.2942847379356632,-0.4063800928278447,0.41748001115047373,157.51999647915363
21:06:01.331164,128,-0.8439195064510733,1.3460725030309857,-0.42264043815212826,0.27832000743364915,265.3599940687418
21:06:01.331164,128,-0.876259487537702,1.397655573402611,-0.4388365133367901,0.27832000743364915,198.8799955546856
21:06:01.331164,128,-0.7984679885094448,1.302334400739451,-0.4063800928278447,0.41748001115047373,128.23999713361263
21:06:01.331164,128,-0.8304168104441102,1.354444254193046,-0.42264043815212826,0.27832000743364915,218.11999512463808
21:06:01.331164,128,-0.8662369041175982,1.381669304750201,-0.5044530057960438,0.3480400092958007,177.1199960410595
21:06:01.331164,128,-0.7854049387828314,1.3102538311942618,-0.4063800928278447,0.41748001115047373,103.35999768972397
21:06:01.331164,128,-0.8168310734518265,1.3626805620644418,-0.42264043815212826,0.27832000743364915,176.35999605804682
21:06:01.331164,128,-0.852377130173635,1.3902624463392166,-0.5044530057960438,0.3480400092958007,155.6399965211749
21:06:01.331164,128,-0.7722633492203527,1.3180422373636846,-0.4063800928278447,0.41748001115047373,83.63999813050032
21:06:01.331164,128,-0.8031636540365394,1.370780603021286,-0.42264043815212826,0.27832000743364915,141.99999682605267
21:06:01.331164,128,-0.8244032657784347,1.4070308088730668,-0.5044530057960438,0.3480400092958007,135.23999697715044
21:06:01.331164,128,-0.7590445339699547,1.3256988404136283,-0.4063800928278447,0.41748001115047373,67.99999848008156
21:06:01.331164,128,-0.78941591892874,1.378743567066269,-0.42264043815212826,0.27832000743364915,114.63999743759632
21:06:01.331164,128,-0.8102919726902005,1.4152043529956968,-0.5044530057960438,0.3480400092958007,116.87999738752842
21:06:01.331164,128,-0.7616850085776019,1.3942550930489241,-0.42264043815212826,0.5566400148672983,93.1199979186058
21:06:01.331164,128,-0.7996203922474182,1.3965660502542436,-0.5692624810929973,0.3480400092958007,100.51999775320292
21:06:01.331164,128,-0.7477046064020657,1.4018021038469939,-0.42264043815212826,0.5566400148672983,76.359998293221
21:06:01.331164,128,-0.7856149841322105,1.4044922930111081,-0.5692624810929973,0.3480400092958007,86.119998075068
21:06:01.331164,128,-0.7391524230615821,1.3857684075229024,-0.48583523229566256,0.3480400092958007,63.23999858647585
21:06:01.331164,128,-0.7573698937662182,1.4199226557940405,-0.5692624810929973,0.3480400092958007,73.87999834865332
21:06:01.331164,128,-0.8135907098918738,1.4545062209713047,-0.7643326365398094,-2.15712005761452,24.23999945819378
21:06:01.331164,128,-0.8416570378987791,1.5046821241490713,-0.7906997154932552,-2.15712005761452,4.999999888241291
21:06:01.331164,128,-0.7431330360008063,1.4274252327967578,-0.5692624810929973,0.3480400092958007,63.51999858021736
21:06:01.331164,128,-1.137668160134779,1.8555839468722242,-1.5212495828756505,0.13916000371682458,5.239999882876873
21:06:01.331164,128,-1.0446532778882867,1.7427455469582183,-1.609750970926102,0.13916000371682458,5.879999868571758
21:06:01.331164,128,-0.9775353818891123,1.6307759424496164,-1.6675838840234634,0.13916000371682458,5.239999882876873
21:06:01.382587,129,-1.5348650690169563,0.8804288837989922,0.05309953556904943,0.27832000743364915,8.639999806880951
21:06:01.382587,129,-1.5169507028483966,0.9109480581480599,0.05309953556904943,0.27832000743364915,9.359999790787697
21:06:01.382587,129,-1.4509862535794715,0.8911978529935954,0.1193924434117361,0.27832000743364915,7.1199998408555984
21:06:01.382587,129,-1.4984295766515605,0.9411028654359687,0.05309953556904943,0.27832000743364915,10.119999773800373
21:06:01.382587,129,-1.4357446912242942,0.9218811099241644,0.05120232013352203,0.27832000743364915,7.639999829232693
21:06:01.382587,129,-1.4889437842060966,0.9560398563815184,0.05309953556904943,0.27832000743364915,11.119999751448631
21:06:01.382587,129,-1.5421428771878989,0.9901986028388724,0.05499675100457683,0.27832000743364915,5.119999885559082
21:06:01.382587,129,-1.417021159234166,0.950409718751031,0.05120232013352203,0.27832000743364915,8.239999815821648
21:06:01.382587,129,-1.4695264833827077,0.9856255445922745,0.05309953556904943,0.27832000743364915,12.11999972909689
21:06:01.382587,129,-1.5220318075312498,1.020841370433518,0.05499675100457683,0.27832000743364915,5.239999882876873
21:06:01.382587,129,-1.3466836450374025,0.9428197878334607,-0.016439726414770803,0.27832000743364915,5.119999885559082
21:06:01.382587,129,-1.3977308376990443,0.9785581763793512,0.05120232013352203,0.27832000743364915,8.999999798834324
21:06:01.382587,129,-1.4495213915856666,1.0148169957443152,0.05309953556904943,0.27832000743364915,13.239999704062939
21:06:01.382587,129,-1.5013119454722892,1.0510758151092796,0.05499675100457683,0.27832000743364915,5.359999880194664
21:06:01.382587,129,-1.3275591790308343,0.969563106926276,-0.016439726414770803,0.27832000743364915,5.519999876618385
21:06:01.382587,129,-1.3778814424899972,1.0063152238018849,0.05120232013352203,0.27832000743364915,9.759999781847
21:06:01.382587,129,-1.4289365105846032,1.0436025336469166,0.05309953556904943,0.27832000743364915,14.6399996727705
21:06:01.382587,129,-1.4799915786792093,1.0808898434919485,0.05499675100457683,0.27832000743364915,5.519999876618385
21:06:01.382587,129,-1.3177973323684817,0.9827899994119139,-0.016439726414770803,0.27832000743364915,5.879999868571758
21:06:01.382587,129,-1.367749564700332,1.0200434929334168,0.05120232013352203,0.27832000743364915,10.639999762177467
21:06:01.382587,129,-1.4184292131873244,1.0578394805889753,0.05309953556904943,0.27832000743364915,16.119999639689922
21:06:01.382587,129,-1.4691088616743166,1.095635468244534,0.05499675100457683,0.27832000743364915,5.639999873936176
21:06:01.382587,129,-1.2978792925104614,1.0089476370030808,-0.016439726414770803,0.27832000743364915,6.239999860525131
21:06:01.382587,129,-1.3470765145458539,1.0471926580972324,0.05120232013352203,0.27832000743364915,11.639999739825726
21:06:01.382587,129,-1.3969901580988855,1.0859946121831434,0.05309953556904943,0.27832000743364915,17.759999603033066
21:06:01.382587,129,-1.3258646517704238,1.073922960178916,0.05120232013352203,0.27832000743364915,12.759999714791775
21:06:01.382587,129,-1.3749923255984728,1.1137153604315913,0.05309953556904943,0.27832000743364915,19.63999956101179
21:06:01.382587,129,-1.3637866088210826,1.127409368914529,0.05309953556904943,0.27832000743364915,21.7599995136261
21:06:01.382587,129,-1.085211073103999,1.3148717234934213,-0.08531444409192937,0.27832000743364915,83.99999812245369
21:06:01.382587,129,-0.9977157054761985,1.20885991834164,-0.20491917612475186,0.3480400092958007,27.759999379515648
21:06:01.382587,129,-1.0376369570158914,1.2572296098394156,-0.21311853585265983,0.3480400092958007,53.63999880105257
21:06:01.382587,129,-1.0714182729313355,1.324928256959312,-0.10235856163703654,0.27832000743364915,100.3599977567792
21:06:01.382587,129,-0.9733405829498224,1.2285711378303354,-0.20491917612475186,0.27832000743364915,35.51999920606613
21:06:01.382587,129,-1.0122865211889978,1.2777295274983846,-0.21311853585265983,0.3480400092958007,67.87999848276377
21:06:01.382587,129,-1.0557329138338964,1.3325684862157963,-0.15342268734819095,0.3480400092958007,119.51999732851982
21:06:01.382587,129,-0.9597019870576085,1.2365622229745041,-0.22058278405284124,0.27832000743364915,46.23999896645546
21:06:01.382587,129,-0.9994588252514386,1.287788337829312,-0.21311853585265983,0.3480400092958007,87.11999805271626
21:06:01.382587,129,-1.0423546651597684,1.3430590112974692,-0.15342268734819095,0.3480400092958007,140.75999685376883
21:06:01.382587,129,-0.9472885864995828,1.2460972550878973,-0.22058278405284124,0.27832000743364915,61.23999863117933
21:06:01.382587,129,-0.9865311842687019,1.2977183704053668,-0.21311853585265983,0.3480400092958007,112.6399974822998
21:06:01.382587,129,-1.015286812268852,1.3636361115197193,-0.15342268734819095,0.3480400092958007,161.99999637901783
21:06:01.382587,129,-0.9221788519908821,1.2647925522356416,-0.22058278405284124,0.27832000743364915,80.99999818950891
21:06:01.382587,129,-0.9603812480459117,1.3171881432900712,-0.21311853585265983,0.3480400092958007,143.7599967867136
21:06:01.382587,129,-1.0015999148146755,1.3737206289675141,-0.15342268734819095,0.3480400092958007,179.99999597668648
21:06:01.382587,129,-0.9178658318555566,1.258877131671588,-0.26743500507019224,0.27832000743364915,103.51999768614769
21:06:01.382587,129,-0.9458759371588606,1.3249251039764463,-0.22940888627731837,0.3480400092958007,175.35999608039856
21:06:01.382587,129,-0.9868720431157926,1.3823499393208882,-0.17041564651406316,0.3480400092958007,190.23999574780464
21:06:01.382587,129,-0.8925064012149054,1.2769814570791527,-0.26743500507019224,0.27832000743364915,120.99999729543924
21:06:01.382587,129,-0.9325796138343417,1.334317459791237,-0.22940888627731837,0.27832000743364915,195.51999562978745
21:06:01.382587,129,-0.9696332864070564,1.3873331611101634,-0.2212854870440939,0.3480400092958007,189.87999575585127
21:06:01.382587,129,-0.8430015272096116,1.2322119511633622,-0.27167738457093304,0.41748001115047373,24.879999443888664
21:06:01.382587,129,-0.8796921748125164,1.285842523603572,-0.26743500507019224,0.41748001115047373,122.75999725610018
21:06:01.382587,129,-0.9148909918657453,1.3372924933128405,-0.27813578892006713,0.3480400092958007,192.63999569416046
21:06:01.382587,129,-0.9557117050689292,1.396959966075874,-0.2212854870440939,0.3480400092958007,179.119995996356
21:06:01.382587,129,-0.9809119826903004,1.465019400564078,-0.1591075057282572,0.27832000743364915,94.63999788463116
21:06:01.382587,129,-0.8652587615247588,1.2922880895645452,-0.2830010053775963,0.41748001115047373,107.8799975886941
21:06:01.382587,129,-0.9014725459461329,1.3463743864814712,-0.27813578892006713,0.3480400092958007,168.63999623060226
21:06:01.382587,129,-0.9275832329866696,1.4157935428255297,-0.2212854870440939,0.3480400092958007,161.35999639332294
21:06:01.382587,129,-0.8522928337226001,1.3008759189141914,-0.2830010053775963,0.41748001115047373,85.9999980777502
21:06:01.382587,129,-0.8879639535271803,1.3553216433394475,-0.27813578892006713,0.41748001115047373,136.7599969431758
21:06:01.382587,129,-0.9121393790362026,1.423064208345979,-0.2382001027222521,0.5566400148672983,140.75999685376883
21:06:01.382587,129,-0.8261065975150241,1.317660472340235,-0.2830010053775963,0.41748001115047373,65.99999852478504
21:06:01.382587,129,-0.8591613134997308,1.3703835625667224,-0.2943246261842596,0.41748001115047373,106.99999760836363
21:06:01.382587,129,-0.8978633678601324,1.4321142972957073,-0.2382001027222521,0.5566400148672983,120.35999730974436
21:06:01.382587,129,-0.8128889077112883,1.3258555179753524,-0.2830010053775963,0.41748001115047373,50.35999887436628
21:06:01.382587,129,-0.8454147488706993,1.3789065137127814,-0.2943246261842596,0.41748001115047373,83.23999813944101
21:06:01.382587,129,-0.8793654628805461,1.4342815361569872,-0.28879427718160255,0.5566400148672983,102.11999771744013
21:06:01.382587,129,-0.7995899296978204,1.333917979169475,-0.2830010053775963,0.41748001115047373,38.99999912828207
21:06:01.382587,129,-0.8315836434750699,1.3872915753627184,-0.2943246261842596,0.5566400148672983,65.35999853909016
21:06:01.382587,129,-0.7815658756022021,1.333919104623857,-0.32952299507640204,0.41748001115047373,30.759999312460423
21:06:01.382587,129,-0.8176693804117946,1.2718092891861772,1.3545124532394979,0.5566400148672983,52.11999883502722
21:06:01.382587,129,-0.8541315593176776,1.298730726443869,0.8061163605691888,0.27832000743364915,7.759999826550484
21:06:01.382587,129,-0.811397076501933,1.2647309872647257,0.8425237720126035,0.27832000743364915,23.23999948054552
21:06:01.382587,129,-0.7695959808758569,1.23006161392916,0.879110611387456,0.27832000743364915,40.759999088943005
21:06:01.382587,129,-1.052236567112197,1.3078868531090126,-0.057646982883662545,0.20888000557897612,5.239999882876873
21:06:01.434649,130,-1.4328732975933238,0.9195889328807717,-0.12279895914887148,0.3480400092958007,4.999999888241291
21:06:01.434649,130,-1.485965995937072,0.9536627465917903,-0.1273490670376624,0.4872000130126253,5.639999873936176
21:06:01.434649,130,-1.4141872114184817,0.9470903417324087,-0.13016793944138577,0.3480400092958007,5.239999882876873
21:06:01.434649,130,-1.4665875284203675,0.9821831736683049,-0.13499109244060523,0.4872000130126253,5.999999865889549
21:06:01.434649,130,-1.3949354692399365,0.9742252870947073,-0.13743872613787636,0.3480400092958007,5.639999873936176
21:06:01.434649,130,-1.4466224454727576,1.0103235585702433,-0.14253128584978061,0.4872000130126253,6.359999857842922
21:06:01.434649,130,-1.498309421705579,1.0464218300457797,-0.14762384556168498,0.8349600223009475,4.999999888241291
21:06:01.434649,130,-1.3850998747822527,0.9876519383674801,-0.14103638650347008,0.4872000130126253,5.999999865889549
21:06:01.434649,130,-1.4364224096855787,1.024247711713551,-0.14626225143981716,0.4872000130126253,6.7599998489022255
21:06:01.434649,130,-1.4877449445889046,1.060843485059622,-0.1514881163761643,0.8349600223009475,5.359999880194664
21:06:01.434649,130,-1.3650141567877359,1.0142168849611448,-0.14815444249021845,0.4872000130126253,6.359999857842922
21:06:01.434649,130,-1.4155924493576386,1.0517969775058384,-0.15364405496093095,0.4872000130126253,7.1199998408555984
21:06:01.434649,130,-1.4661707419275416,1.0893770700505325,-0.15913366743164356,0.8349600223009475,5.639999873936176
21:06:01.434649,130,-1.3443824513548568,1.0403885183443882,-0.15516711051986196,0.4872000130126253,6.7599998489022255
21:06:01.434649,130,-1.3941962709495814,1.0789383565314312,-0.16091656555230557,0.4872000130126253,7.639999829232693
21:06:01.434649,130,-0.9458759371588606,1.2204039869452503,-0.5645078182790155,0.3480400092958007,43.359999030828476
21:06:01.434649,130,-0.9878128582081588,1.2968117259260765,-0.506314508443188,0.4872000130126253,69.2399984523654
21:06:01.434649,130,-0.9282179494526677,1.210836910679616,-0.6123901295709107,0.3480400092958007,52.23999883234501
21:06:01.434649,130,-0.9739270211434118,1.3062862807386915,-0.5088532077538727,0.4872000130126253,82.35999815911055
21:06:01.434649,130,-0.9132748011417472,1.2132666545246686,-0.6298010950801607,0.3480400092958007,62.5199986025691
21:06:01.434649,130,-0.9458645696666251,1.324830661260877,-0.5138221595389276,0.4872000130126253,97.35999782383442
21:06:01.434649,130,-0.8998800594317277,1.2220235928379892,-0.632147509629384,0.3480400092958007,72.99999836832285
21:06:01.434649,130,-0.9275832329866696,1.3102786492566787,-0.5801796997352637,0.4872000130126253,113.23999746888876
21:06:01.434649,130,-0.8472572890516541,1.1638388318249488,-0.6529969828074644,0.4872000130126253,26.119999416172504
21:06:01.434649,130,-0.8863953304696851,1.2306507121977892,-0.6344591392948493,0.3480400092958007,81.75999817252159
21:06:01.434649,130,-0.9133791550661793,1.3191698887309633,-0.58256210017211,0.4872000130126253,127.87999714165926
21:06:01.434649,130,-0.9540898048853255,1.4148936856829721,-0.47071632924931506,0.6263600167294499,108.11999758332968
21:06:01.434649,130,-0.8591613134997308,1.247512056306052,-0.6389771228319616,0.4872000130126253,86.119998075068
21:06:01.434649,130,-0.8990837399954122,1.3279234850797146,-0.584907619244626,0.4872000130126253,137.87999691814184
21:06:01.434649,130,-0.939157222178602,1.4240374426716238,-0.47316639155021073,0.6263600167294499,118.99999734014273
21:06:01.434649,130,-0.8522220967234688,1.220141411152325,-0.6983614332089199,4.035640107787913,84.63999810814857
21:06:01.434649,130,-0.8834975710995069,1.3302688470129527,-0.603047355792984,0.4872000130126253,140.35999686270952
21:06:01.434649,130,-0.8385865594305044,1.228307457761761,-0.7005495188032731,4.035640107787913,77.75999826192856
21:06:01.434649,130,-0.864978918980497,1.3190887253511505,-0.6524305949077001,0.6263600167294499,134.23999699950218
21:06:01.434649,130,-0.8912984399625248,1.4281887946980494,-0.5474022449834464,0.6263600167294499,129.6399971023202
21:06:01.434649,130,-0.8110652829124825,1.244242401762961,-0.7048192741798298,4.035640107787913,67.99999848008156
21:06:01.434649,130,-0.8490034260115167,1.320546506472509,-0.6702233834064338,0.6263600167294499,121.51999728381634
21:06:01.434649,130,-0.8760421036068929,1.4367244650123725,-0.5496893709510275,0.6263600167294499,126.879997164011
21:06:01.434649,130,-0.7971822957920195,1.2520097056736752,-0.7069005169900728,4.035640107787913,57.6399987116456
21:06:01.434649,130,-0.834471052506117,1.3286771314295882,-0.6724019777976435,0.6263600167294499,105.639997638762
21:06:01.434649,130,-0.856903619088145,1.4203447590430884,-0.6181604267874843,0.6263600167294499,119.11999733746052
21:06:01.434649,130,-0.7832195911098572,1.2596425241023654,-0.7089457245240138,4.035640107787913,48.119998924434185
21:06:01.434649,130,-0.8198552325945871,1.3366669802526223,-0.6745428513374223,0.6263600167294499,89.51999799907207
21:06:01.434649,130,-0.8415416361667453,1.4285476879005354,-0.6203583949504072,0.6263600167294499,107.8799975886941
21:06:01.434649,130,-0.8716094279970216,1.479588863587421,-0.64252343857736,0.6263600167294499,86.23999807238579
21:06:01.434649,130,-0.769178565124766,1.2671400937735844,-0.710954692262613,4.035640107787913,39.99999910593033
21:06:01.434649,130,-0.79865438605108,1.3156983820386305,-0.7381993063821656,0.6263600167294499,74.99999832361937
21:06:01.434649,130,-0.8196652700592015,1.402325437723403,-0.7038590568901257,0.6263600167294499,95.23999787122011
21:06:01.434649,130,-0.7839954267824699,1.3233420572061163,-0.7402474229704992,0.6263600167294499,62.639998599886894
21:06:01.434649,130,-0.8042573987388202,1.4101684471350584,-0.7059605849282085,0.6263600167294499,82.51999815553427
21:06:01.434649,130,-0.7544437853111791,1.3382027339045062,-0.7442293292908129,0.6263600167294499,52.3599988296628
21:06:01.434649,130,-0.7823984246907527,1.3877875745134458,-0.7718054892659997,0.6263600167294499,70.87999841570854
21:06:01.434649,130,-0.82656838527337,1.2568201558073513,-1.1553565270869344,0.4872000130126253,31.63999929279089
21:06:01.434649,130,-0.8384543402893312,1.3069053565513968,-1.1960740249665465,0.4872000130126253,8.639999806880951
21:06:01.434649,130,-1.0161609712031252,1.6013854299892571,-1.9479691604042735,1.0438400278799236,10.759999759495258
21:06:01.434649,130,-0.9662865242103517,1.490141758259741,-1.9741957383435262,1.0438400278799236,16.519999630749226
21:06:01.434649,130,-0.929577903827122,1.974546256035155,-1.3988612169678927,1.0438400278799236,10.639999762177467
21:06:01.434649,130,-0.044115338315807384,0.2069758534450399,0.13865005985035883,-1.7396400464640465,5.239999882876873
21:06:01.491258,131,-1.5229323179033156,0.8955275445240789,1.888228213408201,0.4872000130126253,7.1199998408555984
21:06:01.491258,131,-1.5047500968945866,0.9247736851307531,1.8803917336509155,0.4872000130126253,7.639999829232693
21:06:01.491258,131,-1.552897480408876,0.9733869199311894,1.9475606179181872,0.4872000130126253,7.239999838173389
21:06:01.491258,131,-1.4328732975933238,0.9195889328807717,1.8772010408511286,0.4872000130126253,5.879999868571758
21:06:01.491258,131,-1.485965995937072,0.9536627465917903,1.8726509329623375,0.4872000130126253,8.119999818503857
21:06:01.491258,131,-1.533512345887955,1.003200342669493,1.9395721353718511,0.4872000130126253,7.759999826550484
21:06:01.491258,131,-1.4141872114184817,0.9470903417324087,1.8698320605586143,0.4872000130126253,6.239999860525131
21:06:01.491258,131,-1.4665875284203675,0.9821831736683049,1.8650089075593947,0.4872000130126253,8.639999806880951
21:06:01.491258,131,-1.5235892652203347,1.0179651323783883,1.9356159218929374,0.4872000130126253,8.119999818503857
21:06:01.491258,131,-1.3949354692399365,0.9742252870947073,1.8625612738621236,0.4872000130126253,6.6399998515844345
21:06:01.491258,131,-1.4466224454727576,1.0103235585702433,1.8574687141502193,0.4872000130126253,9.359999790787697
21:06:01.491258,131,-1.503287038470312,1.0472034862903046,1.927781528574224,0.4872000130126253,8.51999980956316
21:06:01.491258,131,-1.3850998747822527,0.9876519383674801,1.85896361349653,0.4872000130126253,6.9999998435378075
21:06:01.491258,131,-1.4364224096855787,1.024247711713551,1.853737748560183,0.4872000130126253,9.999999776482582
21:06:01.491258,131,-1.48238351697534,1.0760438099791414,1.920053787132348,0.4872000130126253,8.879999801516533
21:06:01.491258,131,-1.3650141567877359,1.0142168849611448,1.8518455575097816,0.4872000130126253,7.35999983549118
21:06:01.491258,131,-1.4155924493576386,1.0517969775058384,1.846355945039069,0.4872000130126253,10.759999759495258
21:06:01.491258,131,-1.4608870618649334,1.1044745677004713,1.9124357885607128,0.4872000130126253,9.359999790787697
21:06:01.491258,131,-1.3470765145458539,1.0247625691604068,1.7784242395757934,0.4872000130126253,7.879999823868275
21:06:01.491258,131,-1.3941962709495814,1.0789383565314312,1.8390834344476945,0.4872000130126253,11.639999739825726
21:06:01.491258,131,-1.4499191620002632,1.1185327990731377,1.9086688968173968,0.4872000130126253,9.759999781847
21:06:01.491258,131,-0.9263241770385601,1.3040445772368259,1.4039794161156252,0.4872000130126253,97.23999782651663
21:06:01.491258,131,-0.9219917692645357,1.2845624997315126,1.3568206793647768,0.4872000130126253,117.6399973705411
21:06:01.491258,131,-0.8591613134997308,1.247512056306052,1.3610228771680384,0.5566400148672983,55.359998762607574
21:06:01.491258,131,-0.8936640709710402,1.302100972636506,1.3521212597134085,0.5566400148672983,142.51999681442976
21:06:01.491258,131,-0.8454147488706993,1.2557445949342303,1.35881697509096,0.5566400148672983,65.23999854177237
21:06:01.491258,131,-0.8778120293931166,1.3038661943751406,1.334246092749555,0.5566400148672983,170.519996188581
21:06:01.491258,131,-0.9215422086739727,1.4106775153616211,1.4572898881731855,0.6958000185841229,148.7599966749549
21:06:01.491258,131,-0.8315836434750699,1.2638439425369306,1.3566467614415973,0.5566400148672983,75.23999831825495
21:06:01.491258,131,-0.8634508998856109,1.3122759184370683,1.331992713978593,0.5566400148672983,198.11999557167292
21:06:01.491258,131,-0.8904495473639406,1.422228269213788,1.4359506102812265,0.6958000185841229,148.99999666959047
21:06:01.491258,131,-0.8128383991712923,1.2513225127696543,1.3099116269530127,0.5566400148672983,83.63999813050032
21:06:01.491258,131,-0.8490034260115167,1.320546506472509,1.3297766165935663,0.5566400148672983,217.9999951273203
21:06:01.491258,131,-0.8721799123655506,1.4119938574445732,1.3840771905519096,0.6958000185841229,143.7599967867136
21:06:01.491258,131,-0.7989250616577072,1.2591067972282253,1.3078258342186846,0.5566400148672983,87.99999803304672
21:06:01.491258,131,-0.834471052506117,1.3286771314295882,1.3275980222023565,0.5566400148672983,222.1199950352311
21:06:01.491258,131,-0.856903619088145,1.4203447590430884,1.3818395732125157,0.6958000185841229,133.8799970075488
21:06:01.491258,131,-0.8939543982969157,1.5200034126947746,1.497846907299851,0.6958000185841229,18.759999580681324
21:06:01.491258,131,-0.7832195911098572,1.2596425241023654,1.2910542754759862,0.5566400148672983,86.87999805808067
21:06:01.491258,131,-0.8150113368300211,1.3152998831220184,1.2791726870473377,0.5566400148672983,207.87999535351992
21:06:01.491258,131,-0.8415416361667453,1.4285476879005354,1.3796416050495928,0.6958000185841229,120.87999729812145
21:06:01.491258,131,-0.7395857766550936,1.2183891138884388,1.316398035405033,0.6263600167294499,9.359999790787697
21:06:01.491258,131,-0.769178565124766,1.2671400937735844,1.289045307737387,0.5566400148672983,80.51999820023775
21:06:01.491258,131,-0.79865438605108,1.3156983820386305,1.2618006936178343,0.5566400148672983,180.87999595701694
21:06:01.491258,131,-0.8249741983059734,1.4300311934375078,1.361083950648657,0.6958000185841229,106.63999761641026
21:06:01.491258,131,-0.7550606219275807,1.2745016649366463,1.2870727806892204,0.5566400148672983,70.75999841839075
21:06:01.491258,131,-0.7839954267824699,1.3233420572061163,1.2597525770295008,0.5566400148672983,149.87999664992094
21:06:01.491258,131,-0.8094665310246512,1.4379250016029064,1.3589688111255323,0.6958000185841229,92.51999793201685
21:06:01.491258,131,-0.7265996385773745,1.2888138808078546,1.2832378340046302,2.0874000557523686,60.239998653531075
21:06:01.491258,131,-0.7544437853111791,1.3382027339045062,1.2557706707091871,0.5566400148672983,120.87999729812145
21:06:01.491258,131,-0.7901649596616999,1.4250282861814205,1.308104718689829,0.6958000185841229,79.51999822258949
21:06:01.491258,131,-0.8745070958052866,1.1571279565892687,0.6817084554628388,0.5566400148672983,9.119999796152115
21:06:01.491258,131,-0.712259444498844,1.2957630943064053,1.281375797859662,0.6263600167294499,50.23999887704849
21:06:01.491258,131,-0.7395540582478873,1.3454182493801907,1.2538372791645032,0.6958000185841229,96.75999783724546
21:06:01.491258,131,-0.7745702383406317,1.432585439684158,1.3060797855116926,0.6958000185841229,67.99999848008156
21:06:01.491258,131,-0.8598746269283294,1.1655044466993991,0.6794639817024222,0.5566400148672983,9.359999790787697
21:06:01.491258,131,-0.7053204102282544,1.2657037553001638,1.2233061224133026,0.6263600167294499,41.75999906659126
21:06:01.491258,131,-0.7245903763983699,1.3524895827642203,1.2519425210948412,0.6958000185841229,77.63999826461077
21:06:01.491258,131,-0.8072739239029211,1.065934971375587,0.6547296357815913,0.5566400148672983,26.99999939650297
21:06:01.491258,131,-0.8303532007807781,1.181831337678747,0.6750892044495949,0.5566400148672983,9.359999790787697
21:06:01.491258,131,-0.6767092673168588,1.2790535815813258,1.2197290472421694,0.6263600167294499,34.639999225735664
21:06:01.491258,131,-0.7026415567578334,1.3280684086127268,1.189828153067143,0.6263600167294499,62.759998597204685
21:06:01.491258,131,-0.8154671956280658,1.189780105872545,0.6729593384312444,0.5566400148672983,10.759999759495258
21:06:01.491258,131,-0.6876816392697546,1.334783209829067,1.1880289275038893,0.6263600167294499,51.35999885201454
21:06:01.491258,131,-0.7914069638428379,1.275162478841459,0.7393509469053681,0.5566400148672983,11.519999742507935
21:06:01.491258,131,-0.7757877302868906,1.2827315108970647,0.7373228308785833,0.5566400148672983,11.879999734461308
21:06:01.491258,131,-0.7600909186078704,1.2901492968113155,0.7353352411332328,0.5566400148672983,11.759999737143517
21:06:01.491258,131,-0.9692850817891233,1.5350940126096728,-0.02375271891984676,1.2524400334514212,8.359999813139439
21:06:01.491258,131,-0.9124813326788593,1.4032230339820293,-0.061558598315502255,0.06972000186215155,5.879999868571758
21:06:01.491258,131,-0.9712530943468314,1.5802880700480464,-0.07337449043844257,1.1132800297345966,6.9999998435378075
21:06:01.546706,132,-1.5959803409981097,0.9849400769342507,1.716449827621755,0.904680024163099,6.5199998542666435
21:06:01.546706,132,-1.5751671775206864,1.015572030192564,1.708242020483602,0.904680024163099,6.9999998435378075
21:06:01.546706,132,-1.553723968202368,1.0457958046358629,1.7001435845292996,0.904680024163099,7.519999831914902
21:06:01.546706,132,-1.4877449445889046,1.060843485059622,1.8485118836238357,0.6263600167294499,5.119999885559082
21:06:01.546706,132,-1.5316592900405932,1.0755993111578885,1.6921577590251071,0.6263600167294499,8.119999818503857
21:06:01.546706,132,-1.4691088616743166,1.0725368015544574,1.7695514564858066,0.6263600167294499,5.639999873936176
21:06:01.546706,132,-1.5203966485218476,1.0903397319371382,1.6882080751812123,0.6263600167294499,8.759999804198742
21:06:01.546706,132,-1.4469038016519176,1.1007042592592888,1.7620040089409592,0.6263600167294499,5.999999865889549
21:06:01.546706,132,-1.497416391769597,1.1194905385308707,1.6803971400957058,0.6263600167294499,9.519999787211418
21:06:01.546706,132,-1.4738371884526982,1.1481916002936734,1.6727067137744471,0.6263600167294499,10.359999768435955
21:06:01.546706,132,-1.1082225837800013,1.3844050541232802,1.5341803779740686,0.6263600167294499,56.639998733997345
21:06:01.546706,132,-1.0935894605497338,1.3950390780938653,1.5313309998388571,0.6263600167294499,67.63999848812819
21:06:01.546706,132,-1.0788469792896223,1.4055312276101322,1.528519636849107,0.6263600167294499,80.75999819487333
21:06:01.546706,132,-1.0639966142354398,1.415880453465919,1.5257465701387614,0.6263600167294499,95.23999787122011
21:06:01.546706,132,-0.9739270211434118,1.3062862807386915,1.4911467922461275,0.6263600167294499,34.35999923199415
21:06:01.546706,132,-1.010014240878222,1.3546885111175562,1.4722920966454054,0.6263600167294499,63.879998572170734
21:06:01.546706,132,-1.0339781834809085,1.4361460089361309,1.5203164309163502,0.6263600167294499,110.23999753594398
21:06:01.546706,132,-0.9458645696666251,1.324830661260877,1.4861778404610724,0.6263600167294499,43.87999901920557
21:06:01.546706,132,-0.9809119826903004,1.3739200223181411,1.4671390287499784,0.6263600167294499,81.6399981752038
21:06:01.546706,132,-1.0159593957139759,1.4230093833754054,1.4481002170388848,0.6263600167294499,123.23999724537134
21:06:01.546706,132,-0.8933490539133478,1.2619203862788397,1.4412329078120836,0.6263600167294499,24.879999443888664
21:06:01.546706,132,-0.9316907614762223,1.3338986325479316,1.4837480848777174,0.6263600167294499,57.6399987116456
21:06:01.546706,132,-0.9662129879925498,1.3833239919554634,1.4646192426800113,0.6263600167294499,106.87999761104584
21:06:01.546706,132,-1.0007352145088773,1.4327493513629947,1.445490400482305,0.6263600167294499,131.2399970665574
21:06:01.546706,132,-1.0292943074387164,1.4490020807697421,1.3377258099105518,0.6263600167294499,44.99999899417162
21:06:01.546706,132,-0.879669203824721,1.2704834780748115,1.4389384342806393,0.6263600167294499,31.239999301731586
21:06:01.546706,132,-0.9174237849902434,1.3428292442511973,1.4813551346839113,0.6263600167294499,78.23999825119972
21:06:01.546706,132,-0.9514173728054941,1.39258551238177,1.462137625761098,0.6263600167294499,143.11999680101871
21:06:01.546706,132,-0.9854109606207447,1.4423417805123429,1.4429201168382846,0.7655200204462744,131.99999704957008
21:06:01.546706,132,-0.8659013875526993,1.2789140067200062,1.436679480938392,0.6263600167294499,39.639999113976955
21:06:01.546706,132,-0.9022049674967467,1.3458983676938585,1.4629403596768702,0.6263600167294499,109.63999754935503
21:06:01.546706,132,-0.9356346477510932,1.3957683570064752,1.4430405223889746,0.6263600167294499,194.11999566107988
21:06:01.546706,132,-0.9699881664621282,1.451785711588572,1.4403896231330338,0.7655200204462744,125.51999719440937
21:06:01.546706,132,-0.8508904551186816,1.2811728087224923,1.4192092250007817,0.6263600167294499,49.51999889314175
21:06:01.546706,132,-0.8846984173038986,1.3365385629506312,1.4127839775971307,0.6263600167294499,155.7599965184927
21:06:01.546706,132,-0.9206645112326317,1.4047336680120381,1.44063827454514,0.6263600167294499,259.11999420821667
21:06:01.546706,132,-0.954468374299522,1.4610802002064862,1.4378991724138035,0.7655200204462744,113.63999745994806
21:06:01.546706,132,-0.8369697663909272,1.2893246153677296,1.4170249549933358,0.6958000185841229,59.119998678565025
21:06:01.546706,132,-0.8702246255118558,1.3450142608431443,1.4105129211915417,0.6263600167294499,213.63999522477388
21:06:01.546706,132,-0.9024693282439148,1.3948514910706364,1.3886704737781643,0.6263600167294499,319.9999928474426
21:06:01.546706,132,-0.923144013371721,1.4792171473401345,1.4330393920761764,0.7655200204462744,99.23999778181314
21:06:01.546706,132,-0.822965381387748,1.2973415531424835,1.41487682299082,0.6958000185841229,64.99999854713678
21:06:01.546706,132,-0.8556638119863367,1.3533497311945653,1.408279438642345,0.6263600167294499,254.63999430835247
21:06:01.546706,132,-0.8721799123655506,1.4119938574445732,1.3840771905519096,0.6263600167294499,337.8799924477935
21:06:01.546706,132,-0.9064784036222853,1.4818758805648535,1.413430867064232,0.7655200204462744,84.87999810278416
21:06:01.546706,132,-0.8050955839366574,1.2862291594457613,1.3674085782566343,0.6958000185841229,63.879998572170734
21:06:01.546706,132,-0.8251653912185712,1.3632820818315106,1.3881067745978446,0.6263600167294499,239.1199946552515
21:06:01.546706,132,-0.856903619088145,1.4203447590430884,1.3818395732125157,0.6263600167294499,296.23999337852
21:06:01.546706,132,-0.8875202856083119,1.4710928488662633,1.3597530617060571,0.7655200204462744,71.8799983933568
21:06:01.546706,132,-0.7909942774490966,1.2939377456027374,1.3653430688210868,0.6958000185841229,56.23999874293804
21:06:01.546706,132,-0.8103723895730431,1.3711811883926386,1.3859902153738628,0.6263600167294499,183.23999590426683
21:06:01.546706,132,-0.840399368858629,1.421987989895764,1.3632391205422265,0.7655200204462744,227.99999490380287
21:06:01.546706,132,-0.8716094279970216,1.479588863587421,1.35747656142264,0.7655200204462744,60.63999864459038
21:06:01.546706,132,-0.7625557862074724,1.3089443867811983,1.3613220514362148,0.6958000185841229,45.99999897181988
21:06:01.546706,132,-0.7917778145110436,1.359104664376828,1.3368471665459967,0.6958000185841229,128.75999712198973
21:06:01.546706,132,-0.8249741983059734,1.4300311934375078,1.361083950648657,0.7655200204462744,166.63999627530575
21:06:01.546706,132,-0.7468996828281996,1.3095986030730324,1.3443868371009888,0.6958000185841229,36.23999918997288
21:06:01.546706,132,-0.7768941648970519,1.3666808312317467,1.3348171387554977,0.6958000185841229,89.87999799102545
21:06:01.546706,132,-0.8094665310246512,1.4379250016029064,1.3589688111255323,0.5566400148672983,121.35999728739262
21:06:01.546706,132,-0.7325159747308574,1.3167436914130917,1.3424723164504209,0.6958000185841229,28.359999366104603
21:06:01.546706,132,-0.760586842375653,1.3672028474708928,1.3172750877012582,0.6958000185841229,64.3599985614419
21:06:01.546706,132,-0.7901649596616999,1.4250282861814205,1.308104718689829,0.6958000185841229,90.11999798566103
21:06:01.546706,132,-0.7180590156497446,1.32374948886913,1.3405951186797394,0.6958000185841229,22.239999502897263
21:06:01.546706,132,-0.7455758757385121,1.3744771152673994,1.3153259535196564,0.6958000185841229,47.63999893516302
21:06:01.546706,132,-0.7745702383406317,1.432585439684158,1.3060797855116926,0.6958000185841229,68.51999846845865
21:06:01.546706,132,-0.7304903521384416,1.381606026969848,1.3134157673860725,0.6958000185841229,36.35999918729067
21:06:01.546706,132,-0.757557437535487,1.4327991032474363,1.2879755490422935,0.5566400148672983,53.23999880999327
21:06:01.546706,132,-0.7111054332648855,1.3669150059402952,1.2653424565709472,0.6958000185841229,28.519999362528324
21:06:01.546706,132,-0.7418371902453818,1.440040683406038,1.286035173486871,0.5566400148672983,42.35999905318022
21:06:01.546706,132,-0.7909259274143448,1.3305150339973215,0.7975997810282587,0.6958000185841229,31.359999299049377
21:06:01.546706,132,-0.7666525064157002,1.3963904028470455,0.7526513203563783,0.6958000185841229,17.11999961733818
21:06:01.546706,132,-0.9956005952422329,1.6111015730069027,0.0494274069206031,0.5566400148672983,7.639999829232693
21:06:01.546706,132,-0.9116170442752257,1.6009202300759768,0.08749125455749196,0.5566400148672983,6.5199998542666435
21:06:01.546706,132,-0.9623517531271465,1.7809628791330097,0.09170886350674623,0.6958000185841229,7.999999821186066
21:06:01.546706,132,-0.9158629514579396,1.848986172804267,0.040945759185914365,0.6958000185841229,6.8799998462200165
21:06:01.604317,133,-1.0159593957139759,1.4230093833754054,1.4481002170388848,0.6263600167294499,31.5199992954731
21:06:01.604317,133,-0.9316907614762223,1.3338986325479316,1.4837480848777174,0.6958000185841229,28.359999366104603
21:06:01.604317,133,-0.9662129879925498,1.3833239919554634,1.4646192426800113,0.6263600167294499,36.11999919265509
21:06:01.604317,133,-1.0007352145088773,1.4327493513629947,1.445490400482305,0.6263600167294499,40.759999088943005
21:06:01.604317,133,-0.9165500100278682,1.3371143826677865,1.4652940213709333,0.6958000185841229,37.239999167621136
21:06:01.604317,133,-0.9514173728054941,1.39258551238177,1.462137625761098,0.6958000185841229,48.87999890744686
21:06:01.604317,133,-0.9854109606207447,1.4423417805123429,1.4429201168382846,0.6263600167294499,54.51999878138304
21:06:01.604317,133,-1.0222679493948543,1.5160003379856957,1.4956468309540245,0.5566400148672983,52.51999882608652
21:06:01.604317,133,-0.9022049674967467,1.3458983676938585,1.4629403596768702,0.6958000185841229,50.1199988797307
21:06:01.604317,133,-0.936526616678256,1.4017036574527786,1.4596944261528515,0.6958000185841229,69.2399984523654
21:06:01.604317,133,-0.9699881664621282,1.451785711588572,1.4403896231330338,0.6263600167294499,75.99999830126762
21:06:01.604317,133,-1.0062683017467948,1.5257974971825463,1.4930216900591091,0.5566400148672983,66.75999850779772
21:06:01.604317,133,-0.8846984173038986,1.3365385629506312,1.4127839775971307,0.6263600167294499,68.87999846041203
21:06:01.604317,133,-0.9206645112326317,1.4047336680120381,1.44063827454514,0.6958000185841229,103.99999767541885
21:06:01.604317,133,-0.954468374299522,1.4610802002064862,1.4378991724138035,0.6263600167294499,111.11999751627445
21:06:01.604317,133,-0.973968738503183,1.5449257553613558,1.487896288727483,0.6958000185841229,86.5199980661273
21:06:01.604317,133,-0.8702246255118558,1.3450142608431443,1.4105129211915417,0.6958000185841229,94.51999788731337
21:06:01.604317,133,-0.8904495473639406,1.422228269213788,1.4359506102812265,0.6958000185841229,165.87999629229307
21:06:01.604317,133,-0.923144013371721,1.4792171473401345,1.4330393920761764,0.6958000185841229,169.23999621719122
21:06:01.604317,133,-0.9549895867809174,1.53024549998222,1.413481029135799,0.6958000185841229,113.75999745726585
21:06:01.604317,133,-0.8410174327964948,1.361544140464842,1.406083753295924,0.6958000185841229,121.75999727845192
21:06:01.604317,133,-0.8721799123655506,1.4119938574445732,1.3840771905519096,0.6958000185841229,268.119994007051
21:06:01.604317,133,-0.9064784036222853,1.4818758805648535,1.413430867064232,0.6958000185841229,256.1199942752719
21:06:01.604317,133,-0.9386430504258576,1.5393911193403291,1.4110304678145114,0.6958000185841229,149.51999665796757
21:06:01.604317,133,-0.9726679939394318,1.6155610649606378,1.4656969175818673,0.6958000185841229,32.87999926507473
21:06:01.604317,133,-0.8050955839366574,1.2862291594457613,1.3674085782566343,0.7655200204462744,11.759999737143517
21:06:01.604317,133,-0.8262869525679784,1.3695966692199137,1.4039260847189743,0.6958000185841229,134.75999698787928
21:06:01.604317,133,-0.856903619088145,1.4203447590430884,1.3818395732125157,0.6958000185841229,364.87999184429646
21:06:01.604317,133,-0.8906013698279498,1.4905551815238693,1.411105255381397,0.6958000185841229,333.1199925541878
21:06:01.604317,133,-0.922202650552151,1.5483783886400502,1.40862233626349,0.6958000185841229,189.87999575585127
21:06:01.604317,133,-0.9556316447569974,1.6248741144705525,1.4632014934866147,0.6958000185841229,39.639999113976955
21:06:01.604317,133,-0.8103723895730431,1.3711811883926386,1.3859902153738628,0.6958000185841229,121.63999728113413
21:06:01.604317,133,-0.8415416361667453,1.4285476879005354,1.3796416050495928,0.6958000185841229,323.6399927660823
21:06:01.604317,133,-0.8746352766427781,1.499080690711026,1.4088208520796341,0.6958000185841229,311.5199930369854
21:06:01.604317,133,-0.9056700311860114,1.5572064091619828,1.4062568752938729,0.6958000185841229,220.75999506562948
21:06:01.604317,133,-0.9384997332107163,1.6340221425815884,1.4607502867419253,0.6958000185841229,48.119998924434185
21:06:01.604317,133,-0.7954983513674886,1.3789370129630425,1.3839120484435856,0.6958000185841229,93.87999790161848
21:06:01.604317,133,-0.8260954997867731,1.436601823730902,1.3774835058581156,0.6958000185841229,208.6399953365326
21:06:01.604317,133,-0.8556114101731669,1.4879307689934238,1.3552413546057647,0.6958000185841229,220.6399950683117
21:06:01.604317,133,-0.8890468455755244,1.5658742981114713,1.4039343214497748,0.6958000185841229,222.759995020926
21:06:01.604317,133,-0.9207668956343161,1.637020794890217,1.4396861540766874,0.6958000185841229,57.999998703598976
21:06:01.604317,133,-0.9477633032305735,1.4242675418919504,0.9198390668386356,0.5566400148672983,11.639999739825726
21:06:01.604317,133,-0.7805447639932662,1.3865487799667624,1.381872481621965,0.6958000185841229,68.11999847739935
21:06:01.604317,133,-0.8105667545489258,1.4445063611273516,1.3753654914461952,0.6958000185841229,127.23999715596437
21:06:01.604317,133,-0.8395278319251266,1.4961177309007196,1.3530476647742402,0.6958000185841229,143.51999679207802
21:06:01.604317,133,-0.872334756025324,1.5743811887068822,1.4016549069846345,0.6958000185841229,194.11999566107988
21:06:01.604317,133,-0.9014240789822775,1.6268813127009298,1.3817021840990555,0.6958000185841229,67.99999848008156
21:06:01.604317,133,-0.9311631614794933,1.4333421353006608,0.9174075368631307,0.6958000185841229,12.879999712109566
21:06:01.604317,133,-0.7655131227965857,1.3940157282334753,1.3798717188639742,0.6958000185841229,49.11999890208244
21:06:01.604317,133,-0.7938779177683982,1.4456686250177562,1.3568939134850324,0.6958000185841229,81.35999818146229
21:06:01.604317,133,-0.8233603015972509,1.5041489306199773,1.3508957112952122,0.6958000185841229,95.23999787122011
21:06:01.604317,133,-0.8386505586087987,1.5909085882925105,1.3972264036126787,0.6958000185841229,153.35999657213688
21:06:01.604317,133,-0.8666166310126509,1.6439598434444815,1.3771260055784107,0.6958000185841229,75.63999830931425
21:06:01.604317,133,-0.9008026074786166,1.3984883752188482,0.8483377760371891,0.6958000185841229,13.879999689757824
21:06:01.604317,133,-0.7468952954935507,1.3813999974810665,1.3308731500457331,0.6958000185841229,36.23999918997288
21:06:01.604317,133,-0.7782099173854801,1.4532612893262036,1.3548594652151835,0.6958000185841229,55.23999876528978
21:06:01.604317,133,-0.8071104359290276,1.5120235650379532,1.3487857093622253,0.6958000185841229,66.11999852210283
21:06:01.604317,133,-0.820899230964444,1.5924755726517803,1.3772585549613776,0.6958000185841229,116.35999739915133
21:06:01.604317,133,-0.8490820432332307,1.6522461006094458,1.374905709662782,0.6958000185841229,78.51999824494123
21:06:01.604317,133,-0.8842687613460264,1.4071096795550524,0.8460277045026001,0.6958000185841229,14.999999664723873
21:06:01.604317,133,-0.7317830755658484,1.3885415249711741,1.328959583522034,0.6958000185841229,27.359999388456345
21:06:01.604317,133,-0.7466420301692632,1.4679907187553214,1.35091272649468,0.6958000185841229,39.639999113976955
21:06:01.604317,133,-0.7743702065343173,1.5273000038778248,1.344692399911858,0.6958000185841229,47.999998927116394
21:06:01.604317,133,-0.8038645636618557,1.6003226444230019,1.3751559384173295,0.6958000185841229,87.87999803572893
21:06:01.604317,133,-0.8314625479608488,1.6603625751797515,1.372730906856281,0.6958000185841229,75.63999830931425
21:06:01.604317,133,-0.8676464890781426,1.4155708508050788,0.8437605404991342,0.6958000185841229,18.519999586045742
21:06:01.604317,133,-0.8911519871583301,1.4481052392845863,0.7907349276114344,0.6958000185841229,6.8799998462200165
21:06:01.604317,133,-0.716597677943678,1.395536724988823,1.3270852253264107,0.6958000185841229,21.239999525249004
21:06:01.604317,133,-0.7307453000982386,1.4751260109453894,1.3490008307145913,0.6958000185841229,29.639999337494373
21:06:01.604317,133,-0.7578831168033401,1.534700280668636,1.3427095017219934,0.6958000185841229,36.23999918997288
21:06:01.604317,133,-0.7840277075520782,1.5876426274110909,1.3200350408460273,0.6958000185841229,67.35999849438667
21:06:01.604317,133,-0.813759907130271,1.6683084555147416,1.3706018146373657,0.6958000185841229,68.63999846577644
21:06:01.604317,133,-0.8474962107389933,1.4124741143794495,0.825177460057676,0.6958000185841229,20.87999953329563
21:06:01.604317,133,-0.7147754961094231,1.4821073983151414,1.3471301736068173,0.6958000185841229,22.99999948590994
21:06:01.604317,133,-0.7413202393956376,1.5419409370487565,1.340769373692269,0.6958000185841229,28.239999368786812
21:06:01.604317,133,-0.7668934628162943,1.5951330637290582,1.3180279844836713,0.6958000185841229,52.51999882608652
21:06:01.604317,133,-0.792466686236951,1.6483251904093603,1.2952865952750736,0.6958000185841229,59.8799986615777
21:06:01.604317,133,-0.813960708924485,1.4285230904698476,0.8208771498749075,0.6958000185841229,21.87999951094389
21:06:01.604317,133,-0.749682529376733,1.602457624195392,1.3160653744218043,0.6958000185841229,41.879999063909054
21:06:01.604317,133,-0.7746818281683915,1.6558939994321702,1.2932585390097464,0.6958000185841229,51.11999885737896
21:06:01.604317,133,-0.7970700244763862,1.4363038360972746,0.8187923053675266,0.6958000185841229,21.639999516308308
21:06:01.604317,133,-0.7557124834002256,1.3987817848032413,0.8537415100126196,0.8349600223009475,43.359999030828476
21:06:01.604317,133,-0.7800996336936257,1.4439210439301824,0.8167512806801187,0.6958000185841229,20.63999953866005
21:06:01.604317,133,-0.7391970433006722,1.4060017034069805,0.8518069386533293,0.8349600223009475,36.75999917834997
21:06:01.604317,133,-0.7666525064157002,1.3963904028470455,0.7526513203563783,0.6958000185841229,19.239999569952488
21:06:01.604317,133,-0.8913467915730965,1.6566773476810361,0.037215414902246335,0.4872000130126253,5.879999868571758
21:06:01.604317,133,-1.9407646837204187,5.975126814718784,0.058738464872427176,-0.06972000186215155,5.759999871253967
21:06:01.604317,133,-1.959432977575687,6.032601800808202,0.040065391783412174,-0.06972000186215155,5.639999873936176
21:06:01.662857,134,-1.0043497890201976,1.4949639778498405,1.6563624357364992,0.6263600167294499,44.519999004900455
21:06:01.662857,134,-1.0389967070215762,1.5465355467612134,1.6445080174437987,0.6263600167294499,47.8799989297986
21:06:01.662857,134,-0.9548538152685064,1.4526873812261496,1.6657262737110456,0.6958000185841229,36.63999918103218
21:06:01.662857,134,-0.9889701851686522,1.5045910540760603,1.6537828684362108,0.6958000185841229,56.639998733997345
21:06:01.662857,134,-1.023086555068798,1.5564947269259701,1.641839463161376,0.6958000185841229,60.75999864190817
21:06:01.662857,134,-0.9252408284431985,1.4531029464485303,1.5923155673833536,0.6958000185841229,47.51999893784523
21:06:01.662857,134,-0.9737351412200741,1.5097002380591877,1.633438088034724,0.6958000185841229,73.87999834865332
21:06:01.662857,134,-1.0073259498822884,1.5617801617337137,1.620792851638867,0.6958000185841229,78.9999982342124
21:06:01.662857,134,-1.0244157739012396,1.608858508707312,1.5486165863981771,0.6958000185841229,50.99999886006117
21:06:01.662857,134,-0.9101037570452467,1.4619670537944003,1.589940436978405,0.6958000185841229,63.11999858915806
21:06:01.662857,134,-0.9426212334655896,1.5142022839327962,1.5752892479592744,0.6958000185841229,98.99999778717756
21:06:01.662857,134,-0.9751387098859323,1.5664375140711926,1.5606380589401438,0.6958000185841229,105.5199976414442
21:06:01.662857,134,-1.0076561863062752,1.6186727442095887,1.5459868699210133,0.6958000185841229,63.51999858021736
21:06:01.662857,134,-0.8594528665533285,1.377160442055964,1.472156117956931,0.6263600167294499,27.99999937415123
21:06:01.662857,134,-0.8948756760340761,1.4706845074967765,1.5876046022987975,0.6958000185841229,85.51999808847904
21:06:01.662857,134,-0.9268490620016826,1.5232312071714953,1.5728699552689425,0.6958000185841229,135.11999697983265
21:06:01.662857,134,-0.958822447969289,1.575777906846214,1.5581353082390872,0.6958000185841229,143.8799967840314
21:06:01.662857,134,-0.9907958339368954,1.6283246065209331,1.5434006612092321,0.6958000185841229,79.63999821990728
21:06:01.662857,134,-0.8447416301974107,1.3853911378483943,1.469950709666203,0.6263600167294499,32.51999927312136
21:06:01.662857,134,-0.8794261733951723,1.474450648820892,1.568270628827747,0.6958000185841229,115.63999741524458
21:06:01.662857,134,-0.9109842064080903,1.532107334032795,1.570491604244541,0.6958000185841229,183.75999589264393
21:06:01.662857,134,-0.942410304611151,1.5849602322479979,1.5556749115630395,0.6958000185841229,196.35999561101198
21:06:01.662857,134,-0.9738364028142117,1.6378131304632007,1.540858218881538,0.6958000185841229,100.11999776214361
21:06:01.662857,134,-0.8291554613015055,1.3877162229949522,1.4517352991197405,0.6263600167294499,36.75999917834997
21:06:01.662857,134,-0.8631157750668748,1.4675680618068851,1.5151696142064692,0.6958000185841229,148.7599966749549
21:06:01.662857,134,-0.8950282531570806,1.540829776911446,1.5681544327191799,0.6958000185841229,235.35999473929405
21:06:01.662857,134,-0.925903921012104,1.5939835720516964,1.553257114949607,0.6958000185841229,254.75999430567026
21:06:01.662857,134,-0.9566360707391548,1.6418172720254072,1.5194962660163527,0.6958000185841229,123.63999723643064
21:06:01.662857,134,-0.8142909284042662,1.3956535255215279,1.449608505317663,0.6263600167294499,39.639999113976955
21:06:01.662857,134,-0.8476424248552401,1.475830458114825,1.5129557117882109,0.6958000185841229,167.8799962475896
21:06:01.662857,134,-0.8788509493180245,1.5444196464952595,1.5482129553110784,0.6958000185841229,260.3599941805005
21:06:01.662857,134,-0.9091685509238959,1.5976972808780385,1.5326277191089652,0.6958000185841229,288.9999935403466
21:06:01.662857,134,-0.9384997332107163,1.6340221425815884,1.4607502867419253,0.6958000185841229,145.75999674201012
21:06:01.662857,134,-0.7965795894003795,1.3852728784683799,1.3997256571104664,0.7655200204462744,40.11999910324812
21:06:01.662857,134,-0.8320843111112755,1.4839429827148702,1.5107819673730511,0.6958000185841229,156.99999649077654
21:06:01.662857,134,-0.8618141982333137,1.5369633999761132,1.4933024924041742,0.6958000185841229,235.99999472498894
21:06:01.662857,134,-0.8915440853553519,1.5899838172373564,1.4758230174352973,0.6958000185841229,269.23999398201704
21:06:01.662857,134,-0.9212739724773902,1.6430042344985993,1.4583435424664202,0.6958000185841229,158.35999646037817
21:06:01.662857,134,-0.7816056771727249,1.3928949913539836,1.39768331811815,0.7655200204462744,38.1199991479516
21:06:01.662857,134,-0.8002793015911553,1.4943023302314438,1.489707000338763,0.6958000185841229,125.35999719798565
21:06:01.662857,134,-0.8293292839965305,1.5532991357935888,1.4889253451841133,0.6958000185841229,183.35999590158463
21:06:01.662857,134,-0.8579385434526421,1.6068830847103843,1.4712948723632218,0.6958000185841229,212.63999524712563
21:06:01.662857,134,-0.8865478029087536,1.6604670336271796,1.4536643995423302,0.6958000185841229,154.75999654084444
21:06:01.662857,134,-0.766553605032183,1.4003720886655586,1.3956798359317846,0.7655200204462744,34.23999923467636
21:06:01.662857,134,-0.7827184138010945,1.4848060779885681,1.4374271996812151,0.6958000185841229,92.63999792933464
21:06:01.662857,134,-0.8129616142977071,1.5612308576788017,1.4868000467103824,0.6958000185841229,133.35999701917171
21:06:01.662857,134,-0.8410062404795068,1.615088426126134,1.46909625775725,0.6958000185841229,155.3599965274334
21:06:01.662857,134,-0.8690508666613066,1.6689459945734666,1.4513924688041175,0.6958000185841229,136.639996945858
21:06:01.662857,134,-0.751424878173357,1.4077034226996379,1.3937154108979102,0.7655200204462744,29.519999340176582
21:06:01.662857,134,-0.7668813709355238,1.492290132450955,1.435421853331908,0.6958000185841229,67.35999849438667
21:06:01.662857,134,-0.7960742419436527,1.5633891870797203,1.4672687165347469,0.6958000185841229,96.23999784886837
21:06:01.662857,134,-0.8235363067393637,1.617321211122694,1.4488911579423402,0.6958000185841229,111.99999749660492
21:06:01.662857,134,-0.8509983715350747,1.6712532351656677,1.4305135993499338,0.6958000185841229,112.6399974822998
21:06:01.662857,134,-0.7199649459109914,1.4155402665811798,1.374104236196254,0.7655200204462744,24.879999443888664
21:06:01.662857,134,-0.7509676405753534,1.499620841179569,1.4334575958481282,0.6958000185841229,49.75999888777733
21:06:01.662857,134,-0.7777992763705185,1.5532014191796295,1.413215366184179,0.6958000185841229,70.75999841839075
21:06:01.662857,134,-0.8046309121656837,1.6067819971796908,1.3929731365202298,0.6958000185841229,81.99999816715717
21:06:01.662857,134,-0.8314625479608488,1.6603625751797515,1.372730906856281,0.6958000185841229,89.63999799638987
21:06:01.662857,134,-0.7046361967336214,1.4224206189429625,1.3722606513372728,0.7655200204462744,20.75999953597784
21:06:01.662857,134,-0.734278803794826,1.5007620769612326,1.4149075399167579,0.6958000185841229,37.63999915868044
21:06:01.662857,134,-0.7612391784302815,1.5606344659113667,1.4112236873151072,0.6958000185841229,53.35999880731106
21:06:01.662857,134,-0.7874995427802762,1.6144714607130541,1.3909127509762367,0.6958000185841229,61.639998622238636
21:06:01.662857,134,-0.813759907130271,1.6683084555147416,1.3706018146373657,0.6958000185841229,70.75999841839075
21:06:01.662857,134,-0.8351817135567075,1.685947578955096,1.255961548223865,0.6958000185841229,24.999999441206455
21:06:01.662857,134,-0.9470444918614209,1.381753554077745,0.4588386194408778,0.3480400092958007,5.639999873936176
21:06:01.662857,134,-0.7157470159749809,1.488748810368454,1.3635107629008667,0.6958000185841229,29.11999934911728
21:06:01.662857,134,-0.7446029572099683,1.56790718540055,1.4092749680012024,0.6958000185841229,41.23999907821417
21:06:01.662857,134,-0.7702894241003584,1.621995066216795,1.3888968069573389,0.8349600223009475,47.51999893784523
21:06:01.662857,134,-0.7959758909907486,1.6760829470330396,1.3685186459134753,0.6958000185841229,55.99999874830246
21:06:01.662857,134,-0.816929542439424,1.69392672992013,1.253823541166498,0.6958000185841229,27.87999937683344
21:06:01.662857,134,-0.9296618957419646,1.3908174252482748,0.45640996248043475,0.3480400092958007,6.359999857842922
21:06:01.662857,134,-0.6996839317934158,1.4955848737218362,1.36167904524592,0.6958000185841229,23.11999948322773
21:06:01.662857,134,-0.7271990154095999,1.5687541151101354,1.390151914277982,0.6958000185841229,32.75999926775694
21:06:01.662857,134,-0.7530022771233797,1.6293520613366659,1.3869255060562498,0.8349600223009475,37.51999916136265
21:06:01.662857,134,-0.7773711863664117,1.6769883095805103,1.348076221426149,0.8349600223009475,44.87999899685383
21:06:01.662857,134,-0.7948606560290749,1.6779077022510032,1.1960328168455612,0.6958000185841229,29.759999334812164
21:06:01.662857,134,-0.8768357631412113,1.278800483023789,0.4210136687356043,0.4872000130126253,4.999999888241291
21:06:01.662857,134,-0.8946195548124559,1.4084392179264953,0.4516882173631167,0.3480400092958007,7.239999838173389
21:06:01.662857,134,-0.7594468505425156,1.6844106324281867,1.3460874160131513,0.8349600223009475,36.51999918371439
21:06:01.662857,134,-0.7751612784998274,1.677206459607226,1.1755944956929243,0.6958000185841229,30.51999931782484
21:06:01.662857,134,-0.802088325486999,1.5548063844112079,0.8630241477189406,0.6263600167294499,15.519999653100967
21:06:01.662857,134,-0.8603532145923234,1.287190531247128,0.4187655620897024,-2.7832000743364915,5.999999865889549
21:06:01.662857,134,-0.8734204185403738,1.3479168977676947,0.3870612646825333,0.6263600167294499,8.119999818503857
21:06:01.662857,134,-0.756788537932798,1.6846052705600643,1.1736119902731605,0.6958000185841229,29.999999329447746
21:06:01.662857,134,-0.8163764449969586,1.4230194388121133,0.610766154195479,0.6263600167294499,6.359999857842922
21:06:01.662857,134,-0.8271316705370174,1.303490926553095,0.4143978843311604,0.6263600167294499,7.519999831914902
21:06:01.662857,134,-0.850772013131444,1.3407461462116956,0.36907961328911165,0.6263600167294499,8.639999806880951
21:06:01.662857,134,-0.9970727638337983,0.9312384181273782,-0.2782277831898514,0.6263600167294499,5.119999885559082
21:06:01.662857,134,-1.0262504926749785,1.7024726688029679,0.14527656969354297,0.6263600167294499,12.879999712109566
21:06:01.662857,134,-1.0501255616080147,1.7420796191668444,0.10212760161376955,0.6263600167294499,13.879999689757824
21:06:01.662857,134,-0.7383401191460133,1.6918262474910561,1.1716771353359376,0.6958000185841229,28.759999357163906
21:06:01.662857,134,-0.8103959971571719,1.3113996436098485,0.412278749982637,0.6263600167294499,8.639999806880951
21:06:01.662857,134,-0.8335580156028073,1.3488809031933657,0.3668999117252496,0.6263600167294499,9.999999776482582
21:06:01.662857,134,-0.7935792848565613,1.3191463137405195,0.4102030359770934,0.6263600167294499,9.239999793469906
21:06:01.662857,134,-0.8162606629709659,1.3568489817676714,0.36476487150603676,0.6263600167294499,10.99999975413084
21:06:01.662857,134,-1.0203034162847406,1.6960239716087722,-0.04399901124544714,0.13916000371682458,7.759999826550484
21:06:01.662857,134,-0.7726035577963832,1.2570731484602182,0.3506909606972417,0.6263600167294499,9.519999787211418
21:06:01.662857,134,-0.7814228194432244,1.3722819332368452,0.36062962462304293,0.6263600167294499,11.119999751448631
21:06:01.662857,134,-0.739628990876154,1.2716806797958382,0.34677688447245014,0.6263600167294499,9.239999793469906
21:06:01.662857,134,-0.7638858123024902,1.3797452628494955,0.3586298314804861,0.6263600167294499,10.639999762177467
21:06:01.662857,134,-0.7230299377492807,1.2787448386770877,0.3448840488050142,0.6263600167294499,8.759999804198742
21:06:01.662857,134,-0.7462724172205097,1.3870388276446746,0.35667552668367364,0.6263600167294499,9.879999779164791
21:06:01.662857,134,-0.7013864737691242,1.2696107011859534,0.32861879061869104,0.6263600167294499,8.239999815821648
21:06:01.662857,134,-0.7265470957121666,1.3223935704026304,0.29567634606321436,0.6263600167294499,8.999999798834324
21:06:01.662857,134,-0.6920351726694646,1.3360964793604686,0.2920046626740045,0.6263600167294499,8.119999818503857
21:06:01.662857,134,0.024472882281545618,0.23462302886558947,2.0914446195207748,-2.15712005761452,4.999999888241291
21:06:01.718762,135,-1.0381653711044316,1.50604912649314,1.498313250037166,0.6263600167294499,47.75999893248081
21:06:01.718762,135,-1.0727845669511986,1.5562706144334015,1.4815837459195178,0.6263600167294499,54.87999877333641
21:06:01.718762,135,-0.9540898048853255,1.4148936856829721,1.529283670750685,0.6263600167294499,24.879999443888664
21:06:01.718762,135,-0.9881788771400899,1.4654470118343341,1.5124652508523546,0.6263600167294499,44.23999901115894
21:06:01.718762,135,-1.0222679493948543,1.5160003379856957,1.4956468309540245,0.6263600167294499,61.11999863386154
21:06:01.718762,135,-1.056357021649619,1.5665536641370572,1.478828411055694,0.6263600167294499,69.87999843806028
21:06:01.718762,135,-0.939157222178602,1.4240374426716238,1.5268336084497893,0.6263600167294499,32.359999276697636
21:06:01.718762,135,-0.9727127619626984,1.4749174699270853,1.5099276492544491,0.6263600167294499,58.23999869823456
21:06:01.718762,135,-1.0062683017467948,1.5257974971825463,1.4930216900591091,0.6263600167294499,80.87999819219112
21:06:01.718762,135,-1.0398238415308911,1.5766775244380076,1.476115730863769,0.6263600167294499,91.63999795168638
21:06:01.718762,135,-0.9085114869465835,1.4365089502297088,1.5051926898380927,0.6263600167294499,43.5199990272522
21:06:01.718762,135,-0.9414902765496698,1.4934078673810707,1.5049731621889233,0.6263600167294499,79.87999821454287
21:06:01.718762,135,-0.973968738503183,1.5449257553613558,1.487896288727483,0.6263600167294499,111.75999750196934
21:06:01.718762,135,-1.0058932435618153,1.5904858310691876,1.4521551600523437,0.6263600167294499,124.51999721676111
21:06:01.718762,135,-0.8912984399625248,1.4281887946980494,1.4525977550165536,0.6263600167294499,60.51999864727259
21:06:01.718762,135,-0.9252274951902338,1.4968477038813903,1.4850984532209084,0.6263600167294499,115.51999741792679
21:06:01.718762,135,-0.9571449421882061,1.5484842554333391,1.4673359646287198,0.6263600167294499,163.23999635130167
21:06:01.718762,135,-0.9868351601901136,1.5812738526243055,1.3939226661954218,0.6263600167294499,175.75999607145786
21:06:01.718762,135,-1.0314481391721513,1.5942004119806046,1.3013006841246553,0.6263600167294499,30.999999307096004
21:06:01.718762,135,-0.8760421036068929,1.4367244650123725,1.4503106290489725,0.6263600167294499,87.35999804735184
21:06:01.718762,135,-0.9093903959211109,1.5057083015337578,1.4827242632354993,0.6263600167294499,178.11999601870775
21:06:01.718762,135,-0.9386430504258576,1.5393911193403291,1.4110304678145114,0.6263600167294499,256.639994263649
21:06:01.718762,135,-0.9699435238353399,1.5907244465043073,1.3913903871972808,0.6263600167294499,258.5199942216277
21:06:01.718762,135,-1.0141896939668165,1.6040801661625097,1.2986534119701958,0.6263600167294499,37.119999170303345
21:06:01.718762,135,-0.8606981637748492,1.4451123461131137,1.4480631030818207,0.6263600167294499,128.23999713361263
21:06:01.718762,135,-0.8914504071635002,1.496745367376582,1.4283427196726552,0.6263600167294499,296.8799933642149
21:06:01.718762,135,-0.922202650552151,1.5483783886400502,1.40862233626349,0.6263600167294499,440.2399901598692
21:06:01.718762,135,-0.9529548939408019,1.6000114099035183,1.3889019528543247,0.6263600167294499,387.9999913275242
21:06:01.718762,135,-0.9780409360181455,1.6158526491304068,1.2747434280639067,0.6263600167294499,45.2399989888072
21:06:01.718762,135,-0.8452681548475216,1.4533515992191908,1.4458554018658116,0.6263600167294499,179.7599959820509
21:06:01.718762,135,-0.8754690930167666,1.5052790041905866,1.4260561385798423,0.6263600167294499,517.87998842448
21:06:01.718762,135,-0.9056700311860114,1.5572064091619828,1.4062568752938729,0.6263600167294499,798.8799821436405
21:06:01.718762,135,-0.9358709693552563,1.6091338141333789,1.3864576120079033,0.6263600167294499,551.2399876788259
21:06:01.718762,135,-0.9734666495431173,1.5924328125247804,1.2189357445208417,0.6263600167294499,55.75999875366688
21:06:01.718762,135,-0.7965795894003795,1.3852728784683799,1.3997256571104664,0.6958000185841229,10.759999759495258
21:06:01.718762,135,-0.8289633438795562,1.4554492044014207,1.4270490875258939,0.6263600167294499,211.87999526411295
21:06:01.718762,135,-0.8594002326942001,1.5136578492618333,1.4238110338094963,0.6263600167294499,770.1199827864766
21:06:01.718762,135,-0.8890468455755244,1.5658742981114713,1.4039343214497748,0.6263600167294499,1185.3599735051394
21:06:01.718762,135,-0.9178184742290243,1.611456257944801,1.365635481740292,0.6263600167294499,632.6399858593941
21:06:01.718762,135,-0.9368099181738622,1.602742517652238,1.1955470488050013,0.6263600167294499,68.63999846577644
21:06:01.718762,135,-0.9730884135828055,1.5207843691495573,0.9541527332062707,0.6263600167294499,5.239999882876873
21:06:01.718762,135,-0.8133806895957085,1.463381182911984,1.4249237202896072,0.6263600167294499,190.23999574780464
21:06:01.718762,135,-0.8424423072299005,1.5156669390589592,1.4043765802293433,0.6263600167294499,680.879984781146
21:06:01.718762,135,-0.8715039248640927,1.5679526952059346,1.3838294401690794,0.6263600167294499,951.5199787318707
21:06:01.718762,135,-0.8974499866775283,1.599340470447456,1.3084120114303306,0.6263600167294499,532.5199880972505
21:06:01.718762,135,-0.9191999898309945,1.6117064316712368,1.1931451752825883,0.6263600167294499,82.63999815285206
21:06:01.718762,135,-0.9556435490058788,1.5300995066408891,0.9516567496380834,0.6263600167294499,5.879999868571758
21:06:01.718762,135,-0.7949569533147169,1.4522605096427676,1.3732877736134985,0.6263600167294499,139.87999687343836
21:06:01.718762,135,-0.8262186502721648,1.5237260196087974,1.4022171561042769,0.6263600167294499,410.35999082773924
21:06:01.718762,135,-0.851763649879785,1.5560373515971868,1.328503648976926,0.6263600167294499,532.759988091886
21:06:01.718762,135,-0.880166998162319,1.607925772574396,1.3061115866586397,0.6263600167294499,369.35999174416065
21:06:01.718762,135,-0.9014981422592502,1.620499801491203,1.1907889989405804,0.6263600167294499,94.35999789088964
21:06:01.718762,135,-0.9381031208746905,1.5392456767390987,0.9492060407464304,0.6263600167294499,6.5199998542666435
21:06:01.718762,135,-0.9665407064943043,1.5859062514113957,0.9173523537477302,0.904680024163099,9.359999790787697
21:06:01.718762,135,-0.7792676570511923,1.4598634938687955,1.3712505601300677,0.6263600167294499,96.51999784260988
21:06:01.718762,135,-0.8071104359290276,1.5120235650379532,1.3487857093622253,0.6263600167294499,238.23999467492104
21:06:01.718762,135,-0.8349532148068628,1.5641836362071107,1.3263208585943826,0.6263600167294499,300.87999327480793
21:06:01.718762,135,-0.8616248767550012,1.6090338240809825,1.2857079801280946,0.6263600167294499,245.75999450683594
21:06:01.718762,135,-0.8765686867897119,1.5946792460799482,1.115598286508249,0.6263600167294499,99.51999777555466
21:06:01.718762,135,-0.9027425994428737,1.5570274733068197,0.9444414227161353,0.6263600167294499,8.51999980956316
21:06:01.718762,135,-0.9301082689443173,1.604227083988179,0.9124433014541153,0.904680024163099,10.119999773800373
21:06:01.718762,135,-0.7476568628946688,1.4746129434768036,1.3672984570187985,0.6263600167294499,67.23999849706888
21:06:01.718762,135,-0.7743702065343173,1.5273000038778248,1.344692399911858,0.6263600167294499,148.3599966838956
21:06:01.718762,135,-0.8010835501739658,1.5799870642788463,1.3220863428049179,0.6263600167294499,185.51999585330486
21:06:01.718762,135,-0.826673282944079,1.6253420752777459,1.281338197389958,0.6263600167294499,167.639996252954
21:06:01.718762,135,-0.8588327352360877,1.6030606610004154,1.1133524931488796,0.6263600167294499,95.99999785423279
21:06:01.718762,135,-0.8849260421647637,1.5656613216115718,0.9421279900353041,0.4872000130126253,13.239999704062939
21:06:01.718762,135,-0.9117516219236523,1.6131226581042304,0.9100597395535082,0.904680024163099,10.759999759495258
21:06:01.718762,135,-0.7317385260546021,1.481757933926181,1.3653839625979596,0.6263600167294499,48.35999891906977
21:06:01.718762,135,-0.7578831168033401,1.534700280668636,1.3427095017219934,0.6263600167294499,99.35999777913094
21:06:01.718762,135,-0.782963506827473,1.5805367949502427,1.302481189469228,0.6263600167294499,123.75999723374844
21:06:01.718762,135,-0.8228069412827234,1.6023737439824797,1.2273503465962303,0.6263600167294499,119.11999733746052
21:06:01.718762,135,-0.8328175335151062,1.5741150601790856,1.0397304104821894,0.6263600167294499,85.87999808043242
21:06:01.718762,135,-0.8670209930238287,1.5741226463714981,0.9398607848989844,0.4872000130126253,18.999999575316906
21:06:01.718762,135,-0.899743813497645,1.5685876277154165,0.8374943330191149,0.904680024163099,10.99999975413084
21:06:01.718762,135,-0.926978432900231,1.5449426492631766,0.7149970192055539,0.974120026017772,7.519999831914902
21:06:01.718762,135,-0.999571396681851,1.4583911756932597,0.37335959723523726,0.974120026017772,7.35999983549118
21:06:01.718762,135,-0.7147754961094231,1.4821073983151414,1.3471301736068173,0.6263600167294499,36.11999919265509
21:06:01.718762,135,-0.7403140076919233,1.5350622312163884,1.3238035154967376,0.6263600167294499,70.75999841839075
21:06:01.718762,135,-0.7658525192744234,1.5880170641176359,1.3004768573866579,0.6263600167294499,87.75999803841114
21:06:01.718762,135,-0.8052885866795522,1.6102369069238125,1.225243418436146,0.6263600167294499,87.99999803304672
21:06:01.718762,135,-0.8150860437331757,1.5820738894473694,1.0375978486070556,0.6263600167294499,73.35999836027622
21:06:01.718762,135,-0.8490292425099826,1.5824106014612116,0.9376400340257902,0.4872000130126253,24.23999945819378
21:06:01.718762,135,-0.8815389506872816,1.577190634344213,0.8351891643404494,0.904680024163099,10.759999759495258
21:06:01.718762,135,-0.9191020925751326,1.4809125471749347,0.5359426494353794,0.974120026017772,7.519999831914902
21:06:01.718762,135,-0.9554943460025596,1.4294639720453985,0.4135183337607806,0.974120026017772,9.119999796152115
21:06:01.718762,135,-0.6987342151698362,1.48893418273169,1.3453009422355018,0.6958000185841229,27.87999937683344
21:06:01.718762,135,-0.7236995811404574,1.5421329326584117,1.3219089267554258,0.6263600167294499,52.7599988207221
21:06:01.718762,135,-0.7486649471110786,1.5953316825851338,1.29851691127535,0.6263600167294499,65.23999854177237
21:06:01.718762,135,-0.7686517963837084,1.6174352585367986,1.2033332156475178,0.6263600167294499,67.23999849706888
21:06:01.718762,135,-0.7972730460297516,1.5898610505966992,1.0355112850657617,0.6263600167294499,61.519998624920845
21:06:01.718762,135,-0.8309525897832025,1.5905243580921467,0.9354659594889485,0.4872000130126253,27.99999937415123
21:06:01.718762,135,-0.8448665948832814,1.5938669868847315,0.8307207491445205,0.904680024163099,10.239999771118164
21:06:01.718762,135,-0.7037060943799077,1.527423094266887,1.2695898459226962,0.6958000185841229,40.759999088943005
21:06:01.718762,135,-0.7279817477584346,1.5801144009003094,1.2443929862306375,0.6958000185841229,50.35999887436628
21:06:01.718762,135,-0.7509285090125598,1.6247743288422898,1.2013667176859664,0.7655200204462744,52.999998815357685
21:06:01.718762,135,-0.7881539029835661,1.5500074176753875,0.9656734646502851,0.7655200204462744,51.23999885469675
21:06:01.718762,135,-0.812792842493617,1.5984631048954383,0.9333387786940912,0.4872000130126253,29.35999934375286
21:06:01.718762,135,-0.8264027690945009,1.6019386651751713,0.8285579494650335,0.974120026017772,11.759999737143517
21:06:01.718762,135,-0.7527007193626754,1.5648914262224298,0.9616853065799673,0.7655200204462744,42.9999990388751
21:06:01.718762,135,-0.7840875346966976,1.562467089221228,0.8609714680516425,0.7655200204462744,28.999999351799488
21:06:01.718762,135,-0.807856303721172,1.6098315959996814,0.8264430450246913,0.7655200204462744,12.519999720156193
21:06:01.718762,135,-0.7660083358098353,1.5699535396138136,0.8589654797147734,0.7655200204462744,27.239999391138554
21:06:01.718762,135,-0.7892290533942936,1.617544990071793,0.8243762473121659,0.7655200204462744,12.639999717473984
21:06:01.718762,135,-0.9835580816566502,1.7218865755820003,0.140074629050168,0.6263600167294499,7.239999838173389
21:06:01.718762,135,-1.0113858085285583,1.8615097754520176,0.19683477256825976,0.4872000130126253,9.239999793469906
21:06:01.718762,135,-0.7478525367311547,1.5772649869501973,0.8570063833054868,0.7655200204462744,24.999999441206455
21:06:01.718762,135,-0.7705228808232926,1.6250780760585606,0.8223577630054975,0.7655200204462744,12.23999972641468
21:06:01.718762,135,-1.0111661349790952,1.9137113350737214,0.15319186026050202,0.06972000186215155,5.239999882876873
21:06:01.718762,135,-0.7296219530253524,1.5844007000917708,0.8550943747317821,0.7655200204462744,22.639999493956566
21:06:01.718762,135,-0.7517396566097538,1.6324301006576971,0.820387793951425,0.7655200204462744,11.639999739825726
21:06:01.718762,135,-0.7139495739990732,1.6465880430873807,0.8165941847109051,0.7655200204462744,10.99999975413084
21:06:01.774756,136,-1.573674627713948,1.0455363212217847,2.167519764072205,0.5566400148672983,4.999999888241291
21:06:01.774756,136,-1.5540301278449913,1.0757486356343406,2.159424398823886,0.5566400148672983,5.239999882876873
21:06:01.774756,136,-1.5337640366728087,1.1055754304984857,2.151432333227229,0.5566400148672983,5.639999873936176
21:06:01.774756,136,-1.5150812175793558,1.1392485422595857,2.065593958236169,0.5566400148672983,5.999999865889549
21:06:01.774756,136,-1.493110604030732,1.1683064119214301,2.0578079255265087,0.5566400148672983,6.359999857842922
21:06:01.774756,136,-0.9751387098859323,1.5664375140711926,1.5606380589401438,0.5566400148672983,108.99999756366014
21:06:01.774756,136,-1.0072531372850064,1.6383123141009828,1.6218806487006763,0.5566400148672983,80.87999819219112
21:06:01.774756,136,-3.692406409760868,6.093588293497518,1.4725516959782654,-0.06972000186215155,5.119999885559082
21:06:01.774756,136,-0.9268490620016826,1.5232312071714953,1.5728699552689425,0.5566400148672983,82.87999814748764
21:06:01.774756,136,-0.958822447969289,1.575777906846214,1.5581353082390872,0.5566400148672983,134.1199970021844
21:06:01.774756,136,-0.9907958339368954,1.6283246065209331,1.5434006612092321,0.5566400148672983,99.75999777019024
21:06:01.774756,136,-0.9108475576444278,1.527131910528516,1.55284519020233,0.5566400148672983,102.9999976977706
21:06:01.774756,136,-0.942410304611151,1.5849602322479979,1.5556749115630395,0.5566400148672983,168.23999623954296
21:06:01.774756,136,-0.9738364028142117,1.6378131304632007,1.540858218881538,0.5566400148672983,125.87999718636274
21:06:01.774756,136,-3.5397356502209743,6.109400146971014,1.458568208805801,-0.06972000186215155,5.239999882876873
21:06:01.774756,136,-0.8939543982969157,1.5200034126947746,1.497846907299851,0.5566400148672983,129.75999709963799
21:06:01.774756,136,-0.9257650342727,1.5888351585276483,1.5350023176359782,0.5566400148672983,215.5199951827526
21:06:01.774756,136,-0.9567795888671272,1.647137367191947,1.538359797180034,0.5566400148672983,162.63999636471272
21:06:01.774756,136,-0.8471758754272829,1.4704307478224827,1.4961033715672971,0.5566400148672983,35.63999920338392
21:06:01.774756,136,-0.8779281943070655,1.5285610196037462,1.4955539034394492,0.5566400148672983,164.51999632269144
21:06:01.774756,136,-0.908213963758891,1.5812915810926673,1.478152095090687,0.5566400148672983,282.1199936941266
21:06:01.774756,136,-0.9384997332107163,1.6340221425815884,1.4607502867419253,0.5566400148672983,215.87999517470598
21:06:01.774756,136,-0.9699492477288152,1.7097457446517312,1.5209291317131683,0.5566400148672983,30.879999309778214
21:06:01.774756,136,-0.8316263249982899,1.4785388072216359,1.4939308235991102,0.5566400148672983,38.87999913096428
21:06:01.774756,136,-0.8618141982333137,1.5369633999761132,1.4933024924041742,0.5566400148672983,206.75999537855387
21:06:01.774756,136,-0.8915440853553519,1.5899838172373564,1.4758230174352973,0.5566400148672983,375.6399916037917
21:06:01.774756,136,-0.9212739724773902,1.6430042344985993,1.4583435424664202,0.5566400148672983,295.23999340087175
21:06:01.774756,136,-0.9510038595994283,1.6960246517598425,1.440864067497543,0.5566400148672983,39.519999116659164
21:06:01.774756,136,-0.8141561101114168,1.4693809407187866,1.4415603527557923,0.5566400148672983,40.759999088943005
21:06:01.774756,136,-0.8288728142733417,1.5476928809373547,1.4714745290897453,0.5566400148672983,250.75999439507723
21:06:01.774756,136,-0.8574663269555282,1.601083431643266,1.4532420578407277,0.5566400148672983,500.99998880177736
21:06:01.774756,136,-0.8865478029087536,1.6604670336271796,1.4536643995423302,0.5566400148672983,413.51999075710773
21:06:01.774756,136,-0.9151570623648653,1.7140509825439751,1.4360339267214384,0.5566400148672983,51.639998845756054
21:06:01.774756,136,-0.7827184138010945,1.4848060779885681,1.4374271996812151,0.5566400148672983,40.51999909430742
21:06:01.774756,136,-0.8106844862049466,1.5378573331405392,1.417326801646947,0.5566400148672983,282.5199936851859
21:06:01.774756,136,-0.8386505586087987,1.5909085882925105,1.3972264036126787,0.5566400148672983,644.8799855858088
21:06:01.774756,136,-0.8666166310126509,1.6439598434444815,1.3771260055784107,0.5566400148672983,578.5199870690703
21:06:01.774756,136,-0.894582703416503,1.6970110985964528,1.3570256075441427,0.5566400148672983,69.2399984523654
21:06:01.774756,136,-0.7668813709355238,1.492290132450955,1.435421853331908,0.5566400148672983,38.359999142587185
21:06:01.774756,136,-0.7942815950347594,1.545608788503785,1.4152498054421994,0.5566400148672983,285.87999361008406
21:06:01.774756,136,-0.8216818191339951,1.5989274445566155,1.3950777575524906,0.5566400148672983,750.2399832308292
21:06:01.774756,136,-0.8490820432332307,1.6522461006094458,1.374905709662782,0.5566400148672983,756.3599830940366
21:06:01.774756,136,-0.8764822673324663,1.7055647566622762,1.3547336617730732,0.5566400148672983,94.23999789357185
21:06:01.774756,136,-0.7502524021734019,1.4935922822142185,1.4168286806291173,0.5566400148672983,34.879999220371246
21:06:01.774756,136,-0.7770584829176288,1.54695746331861,1.3959923095232236,0.5566400148672983,258.359994225204
21:06:01.774756,136,-0.8038645636618557,1.6003226444230019,1.3751559384173295,0.5566400148672983,740.5199834480882
21:06:01.774756,136,-0.8306706444060826,1.6536878255273937,1.3543195673114359,0.5566400148672983,830.5199814364314
21:06:01.774756,136,-0.8574767251503096,1.7070530066317853,1.3334831962055422,0.5566400148672983,127.63999714702368
21:06:01.774756,136,-1.2432110450427407,1.8572190393185468,0.13867337872320418,0.5566400148672983,6.239999860525131
21:06:01.774756,136,-0.734278803794826,1.5007620769612326,1.4149075399167579,0.5566400148672983,30.63999931514263
21:06:01.774756,136,-0.7605141571856028,1.5543834306501456,1.3940025275737185,0.5566400148672983,214.35999520868063
21:06:01.774756,136,-0.7840277075520782,1.5876426274110909,1.3200350408460273,0.6263600167294499,620.639986127615
21:06:01.774756,136,-0.8129848639671566,1.6616261380279713,1.3521925028876403,0.5566400148672983,723.8799838200212
21:06:01.774756,136,-0.8363168890495544,1.693527320896001,1.274686119094095,0.5566400148672983,162.8799963593483
21:06:01.774756,136,-0.7413202393956376,1.5419409370487565,1.340769373692269,0.6958000185841229,169.8799962028861
21:06:01.774756,136,-0.7668934628162943,1.5951330637290582,1.3180279844836713,0.6958000185841229,470.35998948663473
21:06:01.774756,136,-0.792466686236951,1.6483251904093603,1.2952865952750736,0.5566400148672983,536.9999879971147
21:06:01.774756,136,-0.816929542439424,1.69392672992013,1.253823541166498,0.5566400148672983,180.87999595701694
21:06:01.774756,136,-0.7246832305850743,1.5490212489586141,1.3388722098338621,0.6958000185841229,132.63999703526497
21:06:01.774756,136,-0.749682529376733,1.602457624195392,1.3160653744218043,0.6958000185841229,344.3599923029542
21:06:01.774756,136,-0.7746818281683915,1.6558939994321702,1.2932585390097464,0.5566400148672983,376.5199915841222
21:06:01.774756,136,-0.7948606560290749,1.6779077022510032,1.1960328168455612,0.5566400148672983,166.75999627262354
21:06:01.774756,136,-0.9194782859895619,1.4475754202477915,0.4086653858411915,0.6263600167294499,10.359999768435955
21:06:01.774756,136,-0.9442387613122132,1.486556934022363,0.36581260503674384,0.6263600167294499,9.879999779164791
21:06:01.774756,136,-0.7070127852371936,1.5490428002096652,1.3200574333252615,0.6958000185841229,103.75999768078327
21:06:01.774756,136,-0.7314025090802546,1.602479918897018,1.2966015471282737,0.6958000185841229,252.75999435037374
21:06:01.774756,136,-0.7557922329233157,1.6559170375843708,1.273145660931286,0.6958000185841229,265.1199940741062
21:06:01.774756,136,-0.7765330545154885,1.685497014167155,1.1939992668465202,0.5566400148672983,132.63999703526497
21:06:01.774756,136,-0.812792842493617,1.5984631048954383,0.9333387786940912,0.8349600223009475,9.359999790787697
21:06:01.774756,136,-0.9013314326579237,1.4563693289939244,0.40630906509435194,0.6263600167294499,11.639999739825726
21:06:01.774756,136,-0.9256032344349913,1.4955876524504823,0.3633928313268564,1.2524400334514212,11.119999751448631
21:06:01.774756,136,-0.949971352885777,1.534961604174725,0.32030629504441066,0.6263600167294499,5.879999868571758
21:06:01.774756,136,-0.6902552886477419,1.5557911428891826,1.3182492203540364,0.6958000185841229,82.11999816447496
21:06:01.774756,136,-0.7107272483915634,1.5870628895286443,1.2425311443140585,0.6263600167294499,188.75999578088522
21:06:01.774756,136,-0.734427524369297,1.6399859040338172,1.2172721986848845,0.6263600167294499,191.5199957191944
21:06:01.774756,136,-0.756788537932798,1.6846052705600643,1.1736119902731605,0.5566400148672983,98.5199977979064
21:06:01.774756,136,-0.8644153426790683,1.5067556681456327,0.5290180060413809,0.974120026017772,5.999999865889549
21:06:01.774756,136,-0.8830944469381561,1.464987515830637,0.4039998288912343,0.6263600167294499,12.639999717473984
21:06:01.774756,136,-0.906875148009797,1.5044379169835884,0.36102141009240873,1.2524400334514212,12.23999972641468
21:06:01.774756,136,-0.9307502169428332,1.5440448673474645,0.31787244201263576,1.2524400334514212,6.359999857842922
21:06:01.774756,136,-0.670279148326102,1.540695214685883,1.2660335919745775,0.6958000185841229,65.99999852478504
21:06:01.774756,136,-0.6934016768953007,1.5938443678513492,1.2407140526740004,0.6958000185841229,144.11999677866697
21:06:01.774756,136,-0.7165242054644996,1.6469935210168154,1.2153945133734234,0.6263600167294499,142.51999681442976
21:06:01.774756,136,-0.7383401191460133,1.6918262474910561,1.1716771353359376,0.5566400148672983,72.23999838531017
21:06:01.774756,136,-0.8275222669529585,1.5230990749003075,0.5246388033998926,0.974120026017772,5.759999871253967
21:06:01.774756,136,-0.8463573818982005,1.4816932941881709,0.3995235290713999,0.974120026017772,12.879999712109566
21:06:01.774756,136,-0.8880563748295827,1.5131068426026428,0.3586985784735377,1.2524400334514212,12.879999712109566
21:06:01.774756,136,-0.9114360067579785,1.5529420175431703,0.3154884578027577,0.974120026017772,6.7599998489022255
21:06:01.774756,136,-1.0517137983283538,1.7919530671863346,0.056227733778078104,0.6958000185841229,11.759999737143517
21:06:01.774756,136,-0.6534642968851022,1.5470884577256476,1.2643205276650566,0.6958000185841229,53.87999879568815
21:06:01.774756,136,-0.6748125734177997,1.5926500168611184,1.2216974760358612,0.6958000185841229,112.51999748498201
21:06:01.774756,136,-0.6973152201918479,1.6457593425848382,1.1957438002004945,0.6958000185841229,108.99999756366014
21:06:01.774756,136,-0.7155650152691145,1.672866103775434,1.1151120640851708,0.6263600167294499,53.87999879568815
21:06:01.774756,136,-0.8089506773556508,1.5310026979919367,0.5225210339752104,0.974120026017772,5.359999880194664
21:06:01.774756,136,-0.8278609762537383,1.4897792151451534,0.3973569130809145,0.974120026017772,12.519999720156193
21:06:01.774756,136,-0.8501543045307144,1.5298972277778289,0.354199608325239,1.2524400334514212,12.759999714791775
21:06:01.774756,136,-0.8725360983960911,1.5701744388733325,0.31087104442370794,0.974120026017772,6.7599998489022255
21:06:01.774756,136,-0.6573809104336442,1.599084070792841,1.219973476480798,0.6958000185841229,89.51999799907207
21:06:01.774756,136,-0.6793022720178952,1.652407949784615,1.1939623112705227,0.6958000185841229,85.51999808847904
21:06:01.774756,136,-0.6955600373417624,1.6706705678828333,1.0952364731993922,0.6263600167294499,41.11999908089638
21:06:01.774756,136,-0.8092817852052334,1.497686073232091,0.3952382768418521,0.974120026017772,11.519999742507935
21:06:01.774756,136,-0.8310747975873364,1.5380170083095095,0.35202391968905733,1.2524400334514212,11.879999734461308
21:06:01.774756,136,-0.8464770201173557,1.4865257229560684,0.2241504654208757,1.2524400334514212,6.5199998542666435
21:06:01.774756,136,-0.6398835099091997,1.6053494288998782,1.2182946788357254,0.6958000185841229,72.51999837905169
21:06:01.774756,136,-0.6612213941858607,1.6588822357420645,1.1922275315766557,0.6958000185841229,68.51999846845865
21:06:01.774756,136,-0.6770464292205012,1.677299803155296,1.0934601749617001,0.6263600167294499,32.239999279379845
21:06:01.774756,136,-0.7139495739990732,1.6465880430873807,0.8165941847109051,0.6958000185841229,5.519999876618385
21:06:01.774756,136,-0.7906216666562248,1.5054130777697992,0.39316783221606144,0.974120026017772,9.999999776482582
21:06:01.774756,136,-0.8119121838604746,1.5459520920461391,0.34989772040995404,1.2524400334514212,10.519999764859676
21:06:01.774756,136,-0.8274800402789084,1.4946103819313095,0.22198418757737892,1.2524400334514212,6.11999986320734
21:06:01.774756,136,-0.9336102492369149,1.6863048088950228,-0.006059004424508796,0.974120026017772,11.239999748766422
21:06:01.774756,136,-0.6186452974562554,1.5869576149482614,1.165431591448364,0.6958000185841229,59.75999866425991
21:06:01.774756,136,-0.6392749613888284,1.6398771189131898,1.1376016445176187,0.6263600167294499,55.87999875098467
21:06:01.774756,136,-0.7530661189476671,1.5203244534840814,0.38917234113538246,0.974120026017772,8.51999980956316
21:06:01.774756,136,-0.7876636935188467,1.46396959183584,0.26553012755959426,1.2524400334514212,8.999999798834324
21:06:01.774756,136,-0.8084003131296967,1.502511143004879,0.21986718502812463,1.2524400334514212,5.519999876618385
21:06:01.774756,136,-0.8820156690972701,1.551340889961539,-0.05109533353881979,0.974120026017772,5.239999882876873
21:06:01.774756,136,-0.7341744453114244,1.5275073335355767,0.3872476942262548,0.974120026017772,7.239999838173389
21:06:01.774756,136,-0.7502486533450131,1.4788251792373748,0.2615495849122631,1.2524400334514212,7.639999829232693
21:06:01.774756,136,-0.7152093548457428,1.5345073779367968,0.38537203798196584,0.974120026017772,6.11999986320734
21:06:01.774756,136,-0.7314276596123109,1.4859811857953429,0.2596321387340237,1.2524400334514212,6.5199998542666435
21:06:01.774756,136,-0.6961727440437795,1.5413238866891663,0.3835455599665687,0.974120026017772,5.239999882876873
21:06:01.774756,136,-0.7125335237264381,1.4929550407507477,0.2577634999305911,1.2524400334514212,5.519999876618385
21:06:01.828947,137,-0.9738812246146725,1.4956896750514603,-0.41975031344117836,0.5566400148672983,23.11999948322773
21:06:01.828947,137,-0.9913574587485593,1.5569399879543848,-0.43681708660676405,0.5566400148672983,37.99999915063381
21:06:01.828947,137,-1.0244157739012396,1.608858508707312,-0.4513834136018229,0.5566400148672983,40.639999091625214
21:06:01.828947,137,-1.074238915698667,1.6707610025695074,-0.3848498092204061,0.5566400148672983,31.119999304413795
21:06:01.828947,137,-0.9424798391085315,1.509229546208295,-0.4423578857354592,0.5566400148672983,29.11999934911728
21:06:01.828947,137,-0.9751387098859323,1.5664375140711926,-0.43936194105985615,0.5566400148672983,48.99999890476465
21:06:01.828947,137,-1.0076561863062752,1.6186727442095887,-0.45401313007898675,0.5566400148672983,51.639998845756054
21:06:01.828947,137,-1.040017635383876,1.6863654345134744,-0.4099705974020674,0.5566400148672983,38.519999139010906
21:06:01.828947,137,-0.926710033489955,1.5182571150972817,-0.44477681552887954,0.5566400148672983,37.239999167621136
21:06:01.828947,137,-0.958822447969289,1.575777906846214,-0.4418646917609127,0.5566400148672983,65.11999854445457
21:06:01.828947,137,-0.9907958339368954,1.6283246065209331,-0.45659933879076786,0.5566400148672983,67.35999849438667
21:06:01.828947,137,-1.022769219904502,1.680871306195652,-0.47133398582062297,0.5566400148672983,48.51999891549349
21:06:01.828947,137,-0.9098912075958919,1.5112914350027193,-0.49981872531308486,0.5566400148672983,47.999998927116394
21:06:01.828947,137,-0.9422689418936835,1.57981317223614,-0.46258024842308754,0.5566400148672983,89.23999800533056
21:06:01.828947,137,-0.973690326142939,1.632494433943764,-0.4780056870485049,0.5566400148672983,90.35999798029661
21:06:01.828947,137,-1.0052625010172722,1.6906660286784034,-0.4739584737999632,0.5566400148672983,61.75999861955643
21:06:01.828947,137,-0.8939543982969157,1.5200034126947746,-0.502153092700149,0.5566400148672983,61.519998624920845
21:06:01.828947,137,-0.9247930215269565,1.5724387635826635,-0.5194757996067672,0.5566400148672983,125.75999718904495
21:06:01.828947,137,-0.9566360707391548,1.6418172720254072,-0.4805037339836473,0.5566400148672983,124.6399972140789
21:06:01.828947,137,-0.9876552567221507,1.7002911623321972,-0.4765375205895388,0.5566400148672983,79.11999823153019
21:06:01.828947,137,-0.8471758754272829,1.4704307478224827,-0.503896628432703,0.5566400148672983,5.239999882876873
21:06:01.828947,137,-0.8779281943070655,1.5285610196037462,-0.504446096560551,0.5566400148672983,75.75999830663204
21:06:01.828947,137,-0.908213963758891,1.5812915810926673,-0.5218479049093129,0.5566400148672983,178.35999601334333
21:06:01.828947,137,-0.9384997332107163,1.6340221425815884,-0.5392497132580747,0.5566400148672983,174.51999609917402
21:06:01.828947,137,-0.9698037541356385,1.7042525496435965,-0.49854275329526077,0.5566400148672983,100.51999775320292
21:06:01.828947,137,-0.8618141982333137,1.5369633999761132,-0.5066975075958258,0.5566400148672983,85.63999808579683
21:06:01.828947,137,-0.8915440853553519,1.5899838172373564,-0.5241769825647028,0.5566400148672983,239.7599946409464
21:06:01.828947,137,-0.9212739724773902,1.6430042344985993,-0.5416564575335798,0.5566400148672983,239.35999464988708
21:06:01.828947,137,-0.9520034215027562,1.7135342427041877,-0.5010297754552397,0.5566400148672983,122.63999725878239
21:06:01.828947,137,-0.8288728142733417,1.5476928809373547,-0.5285254709102547,0.5566400148672983,85.23999809473753
21:06:01.828947,137,-0.8579385434526421,1.6068830847103843,-0.5287051276367782,0.5566400148672983,273.99999387562275
21:06:01.828947,137,-0.8865478029087536,1.6604670336271796,-0.5463356004576698,0.5566400148672983,297.6399933472276
21:06:01.828947,137,-0.9151570623648653,1.7140509825439751,-0.5639660732785615,0.5566400148672983,138.63999690115452
21:06:01.828947,137,-0.8125141534758086,1.5556202371369912,-0.5306495996020612,0.5566400148672983,75.11999832093716
21:06:01.828947,137,-0.840543343662525,1.6092842567709782,-0.5489553466295116,0.5566400148672983,247.75999446213245
21:06:01.828947,137,-0.8685725338492417,1.6629482764049646,-0.567261093656962,0.5566400148672983,305.999993160367
21:06:01.828947,137,-0.8970954928431065,1.7228035630207992,-0.566311320149015,0.5566400148672983,140.23999686539173
21:06:01.828947,137,-0.7942815950347594,1.545608788503785,-0.5847501945578006,0.5566400148672983,60.75999864190817
21:06:01.828947,137,-0.8235363067393637,1.617321211122694,-0.5511088420576596,0.5566400148672983,187.63999580591917
21:06:01.828947,137,-0.8509983715350747,1.6712532351656677,-0.5694864006500662,0.5566400148672983,256.7599942609668
21:06:01.828947,137,-0.8789442145236508,1.7313812474191959,-0.5686097037564943,0.5566400148672983,126.63999716937542
21:06:01.828947,137,-0.7777992763705185,1.5532014191796295,-0.5867846338158209,0.5566400148672983,47.23999894410372
21:06:01.828947,137,-0.8046309121656837,1.6067819971796908,-0.6070268634797702,0.5566400148672983,132.99999702721834
21:06:01.828947,137,-0.8314625479608488,1.6603625751797515,-0.6272690931437191,0.5566400148672983,191.1199957281351
21:06:01.828947,137,-0.8602313033179548,1.7335825652750236,-0.5901140106215567,0.5566400148672983,105.35999764502048
21:06:01.828947,137,-1.0539617102678833,1.5745015802646407,-1.5779838804927828,1.1830000315967482,6.6399998515844345
21:06:01.828947,137,-0.7612391784302815,1.5606344659113667,-0.5887763126848928,0.5566400148672983,36.51999918371439
21:06:01.828947,137,-0.7874995427802762,1.6144714607130541,-0.6090872490237633,0.5566400148672983,94.35999789088964
21:06:01.828947,137,-0.813759907130271,1.6683084555147416,-0.6293981853626341,0.5566400148672983,137.75999692082405
21:06:01.828947,137,-0.8400202714802657,1.722145450316429,-0.6497091217015049,0.5566400148672983,83.99999812245369
21:06:01.828947,137,-1.0346166943870043,1.584588723205267,-1.580686722297661,1.1830000315967482,6.6399998515844345
21:06:01.828947,137,-0.7446029572099683,1.56790718540055,-0.5907250319987976,0.6263600167294499,28.519999362528324
21:06:01.828947,137,-0.7702894241003584,1.621995066216795,-0.6111031930426611,0.6263600167294499,68.75999846309423
21:06:01.828947,137,-0.7959758909907486,1.6760829470330396,-0.6314813540865247,0.5566400148672983,100.2399977594614
21:06:01.828947,137,-0.8216623578811388,1.7301708278492849,-0.6518595151303884,0.5566400148672983,66.23999851942062
21:06:01.828947,137,-0.8497289391638588,1.8109535403763728,-0.5932037323756285,0.5566400148672983,8.759999804198742
21:06:01.828947,137,-0.868363826663451,1.530017621425615,-1.2354820290806927,0.6263600167294499,5.239999882876873
21:06:01.828947,137,-0.9700791993022542,1.5630499262329622,-1.5452598724795172,1.1830000315967482,6.239999860525131
21:06:01.828947,137,-0.9905111280397295,1.5888132143730518,-1.6045198394300848,1.1830000315967482,6.5199998542666435
21:06:01.828947,137,-0.7522851008880057,1.6228712123453228,-0.6308859321479345,0.6263600167294499,51.759998843073845
21:06:01.828947,137,-0.7773711863664117,1.6769883095805103,-0.651923778573851,0.5566400148672983,74.87999832630157
21:06:01.828947,137,-0.8032222787346135,1.738018483247349,-0.6539622880567775,0.5566400148672983,52.3599988296628
21:06:01.828947,137,-0.9509336847011505,1.572327783127652,-1.5477458667419408,0.20888000557897612,5.759999871253967
21:06:01.828947,137,-0.9690974924893192,1.5256931363436594,-1.6772102264851816,1.1830000315967482,5.999999865889549
21:06:01.828947,137,-1.1261785916320284,1.8620876690713644,-1.8329756201238323,0.20888000557897612,17.23999961465597
21:06:01.828947,137,-0.7349391906972024,1.630054013805185,-0.6328105579984977,0.6263600167294499,39.99999910593033
21:06:01.828947,137,-0.7594468505425156,1.6844106324281867,-0.6539125839868488,0.6263600167294499,57.6399987116456
21:06:01.828947,137,-0.7847018780331548,1.7456876317516576,-0.6560172302051414,0.5566400148672983,41.999999061226845
21:06:01.828947,137,-0.9256032344349913,1.4955876524504823,-1.6366071686731436,1.1830000315967482,5.879999868571758
21:06:01.828947,137,-0.949971352885777,1.534961604174725,-1.6796937049555893,1.1830000315967482,5.359999880194664
21:06:01.828947,137,-1.078863742636273,1.83122211414749,-1.7950496730445646,0.5566400148672983,14.6399996727705
21:06:01.828947,137,-1.1033921868209402,1.8728557585471406,0.16413907899710733,0.20888000557897612,20.63999953866005
21:06:01.828947,137,-1.1260676492205721,1.9966038467811327,0.20977158384889338,0.6263600167294499,22.359999500215054
21:06:01.828947,137,-1.1505557973426972,2.040023201537504,0.17084019401854889,0.6263600167294499,9.63999978452921
21:06:01.828947,137,-0.906875148009797,1.5044379169835884,0.36102141009240873,1.1830000315967482,6.7599998489022255
21:06:01.828947,137,-0.9307502169428332,1.5440448673474645,0.31787244201263576,1.1830000315967482,5.639999873936176
21:06:01.828947,137,-1.0564759948745384,1.8415350988604717,0.20218697103003747,0.5566400148672983,17.23999961465597
21:06:01.828947,137,-1.0804954437155931,1.8834032135272314,0.16131289695298845,0.20888000557897612,24.35999945551157
21:06:01.828947,137,-1.1020925811985982,2.0073651237764154,0.2068881083684797,0.6263600167294499,24.639999449253082
21:06:01.828947,137,-0.8880563748295827,1.5131068426026428,0.3586985784735377,1.1830000315967482,7.35999983549118
21:06:01.828947,137,-0.9114360067579785,1.5529420175431703,0.3154884578027577,1.1830000315967482,6.11999986320734
21:06:01.828947,137,-1.0113858085285583,1.8615097754520176,0.19683477256825976,0.5566400148672983,19.879999555647373
21:06:01.828947,137,-1.0343801120474048,1.9038320232224488,0.15583901389282584,0.20888000557897612,27.99999937415123
21:06:01.828947,137,-1.0538142286577503,2.028190278154489,0.2013080250706214,0.6263600167294499,26.119999416172504
21:06:01.828947,137,-0.8501543045307144,1.5298972277778289,0.354199608325239,1.1830000315967482,7.759999826550484
21:06:01.828947,137,-0.8725360983960911,1.5701744388733325,0.31087104442370794,1.1830000315967482,6.239999860525131
21:06:01.828947,137,-0.9836163316370227,1.853495257473988,0.1733695015483545,0.5566400148672983,21.99999950826168
21:06:01.828947,137,-1.0111661349790952,1.9137113350737214,0.15319186026050202,0.5566400148672983,30.759999312460423
21:06:01.828947,137,-1.0295157719336825,2.0382520730392897,0.19861197525683139,0.6263600167294499,26.359999410808086
21:06:01.828947,137,-0.8310747975873364,1.5380170083095095,0.35202391968905733,1.1830000315967482,7.639999829232693
21:06:01.828947,137,-0.8529542901773047,1.5785079867800929,0.3086380769920054,1.1830000315967482,6.11999986320734
21:06:01.828947,137,-0.9404722605371783,1.7404719006624267,0.1350947062037977,0.5566400148672983,7.1199998408555984
21:06:01.828947,137,-0.9623517531271465,1.7809628791330097,0.09170886350674623,0.5566400148672983,22.99999948590994
21:06:01.828947,137,-0.9878510421444434,1.923365926905884,0.15060492017582194,0.5566400148672983,31.63999929279089
21:06:01.828947,137,-1.0051143644949505,2.048078663686651,0.1959789482285199,0.6263600167294499,25.359999433159828
21:06:01.828947,137,-0.8119121838604746,1.5459520920461391,0.34989772040995404,1.1830000315967482,7.519999831914902
21:06:01.828947,137,-0.8332871872441062,1.5866519754267503,0.3064559018109654,1.1830000315967482,5.879999868571758
21:06:01.828947,137,-0.9401622041622643,1.7901513923298058,0.08924680881602187,0.5566400148672983,22.359999500215054
21:06:01.828947,137,-0.9644371650331999,1.9327948332678426,0.14807845233062666,0.5566400148672983,30.23999932408333
21:06:01.828947,137,-0.9858766345660526,1.9757609252471737,0.10691017611936626,0.6263600167294499,23.35999947786331
21:06:01.828947,137,-0.7733453091565591,1.5612650136762154,0.3457946354254142,1.1830000315967482,7.1199998408555984
21:06:01.828947,137,-0.8135413986112263,1.519646617540508,0.23683574485951642,1.1830000315967482,5.639999873936176
21:06:01.828947,137,-0.895503288272028,1.8078831500716883,0.08449559864870015,0.5566400148672983,20.51999954134226
21:06:01.828947,137,-0.9126169601195515,1.932704666766098,0.12190754043125862,0.5566400148672983,26.99999939650297
21:06:01.828947,137,-0.9377145406077337,1.9943420081586205,0.1019313899587484,0.6263600167294499,20.63999953866005
21:06:01.828947,137,-0.7539449048346644,1.568641320290328,0.3438181600250383,1.1830000315967482,6.6399998515844345
21:06:01.828947,137,-0.8730383872008477,1.8164246214558557,0.08220691828913895,0.5566400148672983,17.879999600350857
21:06:01.828947,137,-0.8890423678414983,1.941406085458809,0.11957600231954135,0.5566400148672983,22.99999948590994
21:06:01.828947,137,-0.9134916311790799,2.003282721720422,0.09953573298010587,0.6263600167294499,17.879999600350857
21:06:01.828947,137,-0.8504861830223792,1.824748675110138,0.07997649483472058,0.5566400148672983,14.999999664723873
21:06:01.828947,137,-0.8698223624171189,1.8662351430111865,0.03632391154870174,0.5566400148672983,19.119999572634697
21:06:01.828947,137,-0.8278489309381468,1.8328544786361443,0.07780455132592179,0.5566400148672983,12.359999723732471
21:06:01.828947,137,-0.8466704423981891,1.874525235564159,0.03410258794395338,0.5566400148672983,15.75999964773655
21:06:01.828947,137,-0.8051288946543931,1.8407412214603132,0.07569130495527387,0.5566400148672983,10.239999771118164
21:06:01.828947,137,-0.8001149269948016,1.89043249064048,0.029840251792457417,0.5566400148672983,12.999999709427357
21:06:01.885364,138,-0.1710087585959796,0.11469721895261392,-0.14700189974461886,-1.5307600408850703,5.239999882876873
21:06:01.885364,138,-0.958822447969289,1.636447574304567,-0.01896718435353803,0.6263600167294499,24.35999945551157
21:06:01.885364,138,-0.9907958339368954,1.6910173958808232,-0.01959967382782894,0.6263600167294499,33.519999250769615
21:06:01.885364,138,-1.022769219904502,1.7455872174570795,-0.020232163302119847,0.6263600167294499,26.359999410808086
21:06:01.885364,138,-1.1817275717968343,1.9274466743823793,-0.6014399665796253,0.6958000185841229,5.359999880194664
21:06:01.885364,138,-0.942410304611151,1.6459538170738082,-0.01896718435353803,0.6263600167294499,30.999999307096004
21:06:01.885364,138,-0.9738364028142117,1.7008406387055037,-0.01959967382782894,0.6263600167294499,42.23999905586243
21:06:01.885364,138,-1.0052625010172722,1.755727460337199,-0.020232163302119847,0.6263600167294499,33.2399992570281
21:06:01.885364,138,-1.036688599220333,1.8106142819688946,-0.020864652776410756,0.6263600167294499,20.51999954134226
21:06:01.885364,138,-0.925903921012104,1.6552954658403234,-0.01896718435353803,0.6263600167294499,40.3599990978837
21:06:01.885364,138,-0.9567795888671272,1.7104937988912794,-0.01959967382782894,0.6263600167294499,54.87999877333641
21:06:01.885364,138,-0.9875071072056097,1.7654272759270142,-0.040462303404860005,0.6263600167294499,42.87999904155731
21:06:01.885364,138,-1.018530924577174,1.8208904649931907,-0.020864652776410756,0.6263600167294499,25.999999418854713
21:06:01.885364,138,-0.9091685509238959,1.6642219136395218,-0.037932472004531426,0.6263600167294499,53.99999879300594
21:06:01.885364,138,-0.9396270977627469,1.7199759111302186,-0.01959967382782894,0.6263600167294499,73.23999836295843
21:06:01.885364,138,-0.9687855026625418,1.7733500147017738,-0.10112035677152671,0.6263600167294499,57.11999872326851
21:06:01.885364,138,-1.0002713976948834,1.8309845604965314,-0.020864652776410756,0.6263600167294499,33.639999248087406
21:06:01.885364,138,-0.8924811514817017,1.6732302370196828,-0.037932472004531426,0.6263600167294499,73.35999836027622
21:06:01.885364,138,-0.922242286492229,1.7290266321647967,-0.03919738770469572,0.6263600167294499,100.87999774515629
21:06:01.885364,138,-0.9510038595994283,1.7829490412905484,-0.10112035677152671,0.6263600167294499,78.51999824494123
21:06:01.885364,138,-0.9819118445108516,1.8408955590778227,-0.020864652776410756,0.6263600167294499,44.23999901115894
21:06:01.885364,138,-1.005803905338787,1.8411117480779824,-0.4691391441846584,0.6263600167294499,9.999999776482582
21:06:01.885364,138,-0.8579385434526421,1.688968827624562,-0.09479799169968776,0.6263600167294499,99.11999778449535
21:06:01.885364,138,-0.8865478029087536,1.745290049898058,-0.09795917423560724,0.6263600167294499,142.11999682337046
21:06:01.885364,138,-0.9151570623648653,1.801611272171554,-0.10112035677152671,0.6263600167294499,110.5199975296855
21:06:01.885364,138,-0.9447582766394708,1.8598852925558635,-0.04172721910502429,0.6263600167294499,58.23999869823456
21:06:01.885364,138,-0.977723830664745,1.833043839869267,-0.5526589306067747,0.6958000185841229,11.879999734461308
21:06:01.885364,138,-0.8129616142977071,1.6408591280884641,-0.0916368091637683,0.6263600167294499,22.639999493956566
21:06:01.885364,138,-0.8410062404795068,1.6974636221444201,-0.09479799169968776,0.6263600167294499,125.99999718368053
21:06:01.885364,138,-0.8690508666613066,1.7540681162003762,-0.09795917423560724,0.6263600167294499,198.11999557167292
21:06:01.885364,138,-0.8970954928431065,1.8106726102563322,-0.10112035677152671,0.6263600167294499,155.51999652385712
21:06:01.885364,138,-0.926112496590868,1.8692397241666525,-0.04172721910502429,0.6263600167294499,74.63999833166599
21:06:01.885364,138,-0.9593448123995638,1.8427292635800996,-0.5526589306067747,0.6958000185841229,14.51999967545271
21:06:01.885364,138,-0.8239898375869193,1.7057886717242,-0.09479799169968776,0.6263600167294499,139.11999689042568
21:06:01.885364,138,-0.8514670260552851,1.7626707771606338,-0.09795917423560724,0.6263600167294499,253.3599943369627
21:06:01.885364,138,-0.8789442145236508,1.8195528825970675,-0.10112035677152671,0.6263600167294499,204.11999543756247
21:06:01.885364,138,-0.9064214029920165,1.8764349880335012,-0.10428153930744617,0.6263600167294499,87.87999803572893
21:06:01.885364,138,-0.9408698604568826,1.852230415908414,-0.5526589306067747,0.6958000185841229,18.35999958962202
21:06:01.885364,138,-0.8064469168754878,1.712999775329996,-0.11373673215292857,0.6263600167294499,127.51999714970589
21:06:01.885364,138,-0.8333391100967212,1.7701223459321427,-0.11752945565822591,0.6263600167294499,267.3599940240383
21:06:01.885364,138,-0.8602313033179548,1.8272449165342899,-0.12132217916352325,0.6263600167294499,224.8799949735403
21:06:01.885364,138,-0.8876120455782283,1.8854052298279897,-0.10428153930744617,0.6263600167294499,90.11999798566103
21:06:01.885364,138,-0.9223008223164172,1.861546346746938,-0.5526589306067747,0.6263600167294499,23.35999947786331
21:06:01.885364,138,-0.7892768829955662,1.720978460640167,-0.11373673215292857,0.6263600167294499,100.87999774515629
21:06:01.885364,138,-0.8155965154455305,1.7783670925819046,-0.11752945565822591,0.6263600167294499,225.87999495118856
21:06:01.885364,138,-0.8419161478954946,1.835755724523642,-0.12132217916352325,0.6263600167294499,197.11999559402466
21:06:01.885364,138,-0.8687139277035241,1.8941869326790894,-0.10428153930744617,0.6263600167294499,79.63999821990728
21:06:01.885364,138,-0.8848879242180154,1.8796188362286492,-0.5526589306067747,0.6263600167294499,28.999999351799488
21:06:01.885364,138,-0.9195866079854939,1.9036890347636974,-0.6539862342276772,0.6958000185841229,5.639999873936176
21:06:01.885364,138,-0.7702894241003584,1.7248920694546526,-0.1704771424883897,0.5566400148672983,74.75999832898378
21:06:01.885364,138,-0.7959758909907486,1.7824112066066267,-0.17616196086845592,0.5566400148672983,166.51999627798796
21:06:01.885364,138,-0.8235168015636029,1.8440829584785399,-0.12132217916352325,0.6263600167294499,147.63999669998884
21:06:01.885364,138,-0.8497289391638588,1.902779218423873,-0.10428153930744617,0.6263600167294499,63.35999858379364
21:06:01.885364,138,-0.8660478055185441,1.8883735876380299,-0.5526589306067747,0.6263600167294499,33.359999254345894
21:06:01.885364,138,-0.9005040563980787,1.9127895637200685,-0.6539862342276772,0.6958000185841229,7.35999983549118
21:06:01.885364,138,-1.0205365665463662,2.059822642686844,-1.0542662873243405,1.1830000315967482,16.359999634325504
21:06:01.885364,138,-0.7530022771233797,1.7325085912616482,-0.1704771424883897,0.5566400148672983,54.87999877333641
21:06:01.885364,138,-0.7781122779289966,1.790281712862966,-0.17616196086845592,0.5566400148672983,118.11999735981226
21:06:01.885364,138,-0.8032222787346135,1.8480548344642835,-0.1818467792485222,0.5566400148672983,104.87999765574932
21:06:01.885364,138,-0.830658978442181,1.9111812278409637,-0.10428153930744617,0.6263600167294499,48.35999891906977
21:06:01.885364,138,-0.8561420224713345,1.8667745269949247,-0.635294580673723,0.6263600167294499,34.759999223053455
21:06:01.885364,138,-0.8813314551594668,1.9216988153226042,-0.6539862342276772,0.5566400148672983,8.999999798834324
21:06:01.885364,138,-0.9998876574811143,2.06992484776636,-1.0542662873243405,1.1830000315967482,18.999999575316906
21:06:01.885364,138,-1.026038644814384,2.0709278845466734,-1.1739945047560787,1.1830000315967482,13.999999687075615
21:06:01.885364,138,-0.7356398305495547,1.739951863661015,-0.1704771424883897,0.5566400148672983,40.99999908357859
21:06:01.885364,138,-0.7601708542913547,1.7979731924479183,-0.17616196086845592,0.5566400148672983,84.75999810546637
21:06:01.885364,138,-0.7847018780331548,1.855994521234822,-0.1818467792485222,0.5566400148672983,74.99999832361937
21:06:01.885364,138,-0.8110592929050153,1.918335671377984,-0.12511490266882058,0.6263600167294499,36.63999918103218
21:06:01.885364,138,-0.837431782003668,1.8752424663943044,-0.635294580673723,0.6263600167294499,32.99999926239252
21:06:01.885364,138,-0.8620707215137189,1.9304158986536089,-0.6539862342276772,0.5566400148672983,10.119999773800373
21:06:01.885364,138,-0.9546506123656956,2.027804000834894,-1.0278992083708944,1.1830000315967482,18.999999575316906
21:06:01.885364,138,-0.9791387604878209,2.0798200620952842,-1.0542662873243405,1.1830000315967482,22.11999950557947
21:06:01.885364,138,-1.0052784100822714,2.0810845542331906,-1.1739945047560787,1.1830000315967482,16.239999637007713
21:06:01.885364,138,-0.7182038206089943,1.7472211423317483,-0.1704771424883897,0.5566400148672983,31.359999299049377
21:06:01.885364,138,-0.7414465706698306,1.8037652919824572,-0.19567350156272043,0.5566400148672983,62.639998599886894
21:06:01.885364,138,-0.7661030078013168,1.8637486101081902,-0.1818467792485222,0.5566400148672983,55.11999876797199
21:06:01.885364,138,-0.7918357037161166,1.926350212969907,-0.12511490266882058,0.6263600167294499,28.11999937146902
21:06:01.885364,138,-0.7997619530210855,1.8916149491316492,-0.635294580673723,0.6263600167294499,29.519999340176582
21:06:01.885364,138,-0.8232925698502906,1.9472700930007394,-0.6539862342276772,0.5566400148672983,10.759999759495258
21:06:01.885364,138,-0.9343251786455024,2.037248958286947,-1.0278992083708944,1.1830000315967482,21.119999527931213
21:06:01.885364,138,-0.9582919504388019,2.089507296160474,-1.0542662873243405,1.1830000315967482,25.359999433159828
21:06:01.885364,138,-0.9844176483513738,2.091033117207819,-1.1739945047560787,1.1830000315967482,18.519999586045742
21:06:01.885364,138,-0.7000286323313397,1.7526448507838046,-0.1893590378005561,0.5566400148672983,24.51999945193529
21:06:01.885364,138,-0.7233721467612632,1.8110894464406257,-0.19567350156272043,0.5566400148672983,47.63999893516302
21:06:01.885364,138,-0.7474275279105405,1.871316325681998,-0.1818467792485222,0.5566400148672983,41.75999906659126
21:06:01.885364,138,-0.7707932964217682,1.929816638346961,-0.18753159762858843,0.6263600167294499,21.99999950826168
21:06:01.885364,138,-0.7808061314575082,1.8995178552350576,-0.635294580673723,0.6263600167294499,25.51999942958355
21:06:01.885364,138,-0.8037790296152881,1.9554055186115515,-0.6539862342276772,0.5566400148672983,10.87999975681305
21:06:01.885364,138,-0.8857474291269914,2.0379288048274935,-0.9134026913473011,1.1830000315967482,9.359999790787697
21:06:01.885364,138,-0.8933960578692962,2.055526779508309,-1.0278992083708944,1.1830000315967482,22.879999488592148
21:06:01.885364,138,-0.9194085944531717,2.0588113292778454,-1.145349446437698,1.1830000315967482,28.359999366104603
21:06:01.885364,138,-0.9424028979720184,2.110301964539539,-1.1739945047560787,1.1830000315967482,20.119999550282955
21:06:01.885364,138,-0.9815749025431662,2.0849947496117878,-1.3194652419303614,0.4872000130126253,6.11999986320734
21:06:01.885364,138,-0.7052253862440613,1.8182324934714826,-0.19567350156272043,0.5566400148672983,37.35999916493893
21:06:01.885364,138,-0.7279832973052537,1.8769075981715189,-0.20198796532488475,0.5566400148672983,32.63999927043915
21:06:01.885364,138,-0.7617722299349452,1.90723081114436,-0.635294580673723,0.4872000130126253,21.87999951094389
21:06:01.885364,138,-0.7841851121507308,1.9633454053087422,-0.6539862342276772,0.6263600167294499,10.639999762177467
21:06:01.885364,138,-0.8762965986555502,2.0161843221296722,-1.1167043881193175,1.4613200390303973,23.879999466240406
21:06:01.885364,138,-0.8987748547094745,2.067902322078857,-1.145349446437698,1.1830000315967482,30.35999932140112
21:06:01.885364,138,-0.9212531107633986,2.1196203220280414,-1.1739945047560787,1.1830000315967482,20.87999953329563
21:06:01.885364,138,-0.7426621518276021,1.9147530455704278,-0.635294580673723,0.4872000130126253,18.759999580681324
21:06:01.885364,138,-0.8560912774510716,2.0248463335001414,-1.1167043881193175,1.4613200390303973,23.879999466240406
21:06:01.885364,138,-0.8780512382333002,2.0767865263801513,-1.145349446437698,1.1830000315967482,30.51999931782484
21:06:01.885364,138,-0.900011199015529,2.1287267192601607,-1.1739945047560787,1.1830000315967482,20.239999547600746
21:06:01.885364,138,-0.8358003478360819,2.033305861933678,-1.1167043881193175,1.1830000315967482,22.639999493956566
21:06:01.885364,138,-0.857239817368935,2.0854630537687404,-1.145349446437698,1.1830000315967482,28.759999357163906
21:06:01.885364,138,-0.8786792869017879,2.1376202456038027,-1.1739945047560787,1.1830000315967482,18.639999583363533
21:06:01.885364,138,-0.7949697880362798,2.049614106539649,-1.1167043881193175,1.1830000315967482,20.75999953597784
21:06:01.885364,138,-0.8153618955464875,2.102189628080208,-1.145349446437698,1.1830000315967482,25.75999942421913
21:06:01.885364,138,-0.8357540030566951,2.154765149620767,-1.1739945047560787,1.1830000315967482,16.359999634325504
21:06:01.885364,138,-0.7744342408732393,2.057461191901287,-1.1167043881193175,1.1830000315967482,18.35999958962202
21:06:01.885364,138,-0.7942995823455021,2.1102380023596687,-1.145349446437698,1.1830000315967482,22.239999502897263
21:06:01.885364,138,-0.8099886048808097,2.1519194690376686,-1.1970470999851448,1.1830000315967482,14.119999684393406
21:06:01.885364,138,-0.7538212509349331,2.0651025328674764,-1.1167043881193175,1.1830000315967482,16.119999639689922
21:06:01.885364,138,-0.7731578398517472,2.1180753546068534,-1.145349446437698,1.1830000315967482,18.879999577999115
21:06:01.885364,138,-0.7884292702319126,2.1599116248360017,-1.1970470999851448,1.1830000315967482,11.999999731779099
21:06:01.885364,138,-0.7331328795030855,2.072537365310524,-1.1167043881193175,1.1830000315967482,13.999999687075615
21:06:01.885364,138,-0.7519387822217594,2.125700901093101,-1.145349446437698,1.1830000315967482,15.999999642372131
21:06:01.885364,138,-0.7667910933165389,2.1676877912814265,-1.1970470999851448,1.1830000315967482,10.119999773800373
21:06:01.885364,138,-0.7123711953975068,2.0797649457534138,-1.1167043881193175,1.1830000315967482,12.11999972909689
21:06:01.885364,138,-0.7306445313435243,2.1331138792701547,-1.145349446437698,1.1830000315967482,13.519999697804451
21:06:01.885364,138,-0.670636200892815,2.0935954804280663,-1.1167043881193175,1.1830000315967482,10.639999762177467
21:06:01.885364,138,-0.6843106540997095,2.1362844575413895,-1.1678395663467764,1.1830000315967482,11.519999742507935
21:06:01.885364,138,-0.6463345489080391,2.089423936169937,-1.138632032708408,1.1830000315967482,9.239999793469906
21:06:01.885364,138,-0.662913950801351,2.1430206365502467,-1.1678395663467764,1.1830000315967482,9.879999779164791
21:06:01.885364,138,-0.1947475744405469,0.06687921800922562,-0.14700189974461886,-1.3221600353135727,5.119999885559082
21:06:01.936484,139,-1.0681146974233937,1.7963718251088092,-0.503591859162966,0.6263600167294499,38.99999912828207
21:06:01.936484,139,-1.0494065924321974,1.8065987526126976,-0.5063321561286845,0.6263600167294499,42.9999990388751
21:06:01.936484,139,-0.9695612809795509,1.7300035568900745,-0.40072380380815903,0.6958000185841229,27.759999379515648
21:06:01.936484,139,-1.0002713976948834,1.7631951050121522,-0.4940473825184599,0.6958000185841229,23.23999948054552
21:06:01.936484,139,-1.0304389573473813,1.810807818409154,-0.5297132256994869,0.6263600167294499,46.11999896913767
21:06:01.936484,139,-0.9220117047926535,1.6849101897723642,-0.39060521445447627,0.6958000185841229,29.11999934911728
21:06:01.936484,139,-0.9517653988376205,1.7392829293147631,-0.4032102041556219,0.6958000185841229,34.759999223053455
21:06:01.936484,139,-0.9819118445108516,1.7727683945061359,-0.49661253770728214,0.6958000185841229,29.11999934911728
21:06:01.936484,139,-1.010463633843505,1.8020654862823284,-0.5940948824402109,0.6263600167294499,47.51999893784523
21:06:01.936484,139,-0.887257727407622,1.702386972657804,-0.3952881043149239,0.6958000185841229,36.75999917834997
21:06:01.936484,139,-0.9162563867388008,1.7370768149421716,-0.48639420649943327,0.6958000185841229,44.519999004900455
21:06:01.936484,139,-0.9449000128162648,1.7913805878546107,-0.5015996598843779,0.6958000185841229,36.87999917566776
21:06:01.936484,139,-0.8700948063730779,1.6912621882532983,-0.47346341298952294,0.6958000185841229,47.75999893248081
21:06:01.936484,139,-0.8981731209154744,1.7458399093793295,-0.48874227057706743,0.6958000185841229,58.75999868661165
21:06:01.936484,139,-0.926112496590868,1.794747126094478,-0.5241002390692778,0.6958000185841229,46.51999896019697
21:06:01.936484,139,-0.8249796481337491,1.6447355071590017,-0.4603418250767123,0.6958000185841229,28.11999937146902
21:06:01.936484,139,-0.852489843333148,1.699581702402343,-0.4756926200871787,0.6958000185841229,63.51999858021736
21:06:01.936484,139,-0.8800000385325467,1.7544278976456837,-0.491043415097645,0.6958000185841229,79.35999822616577
21:06:01.936484,139,-0.9064214029920165,1.7855069678686033,-0.5863853438220317,0.5566400148672983,57.2399987205863
21:06:01.936484,139,-0.8077391271126189,1.6474643748164735,-0.48070733352148215,0.6958000185841229,33.99999924004078
21:06:01.936484,139,-0.8347996320231014,1.707730752532422,-0.4778761514886141,0.6958000185841229,86.35999806970358
21:06:01.936484,139,-0.860705042519123,1.7397831779779123,-0.5708609942645648,0.6958000185841229,109.23999755829573
21:06:01.936484,139,-0.8876120455782283,1.7941715560859575,-0.5887070132376199,0.5566400148672983,66.51999851316214
21:06:01.936484,139,-0.7897115467872797,1.6387174841955314,-0.5372351292703531,0.5566400148672983,40.639999091625214
21:06:01.936484,139,-0.8160456737593612,1.6933629993532313,-0.5551500479082073,0.5566400148672983,118.35999735444784
21:06:01.936484,139,-0.8423798007314427,1.7480085145109312,-0.5730649665460614,0.6958000185841229,148.5199966803193
21:06:01.936484,139,-0.8687139277035241,1.802654029668631,-0.5909798851839156,0.5566400148672983,69.99999843537807
21:06:01.936484,139,-0.7724530866805891,1.6462622227217278,-0.5392567358655515,0.5566400148672983,46.879998952150345
21:06:01.936484,139,-0.7982117041750123,1.7011593286066093,-0.5572390680355771,0.5566400148672983,156.23999650776386
21:06:01.936484,139,-0.8239703216694355,1.7560564344914913,-0.5752214002056029,0.5566400148672983,186.51999583095312
21:06:01.936484,139,-0.8497289391638588,1.8109535403763728,-0.5932037323756285,0.5566400148672983,65.75999853014946
21:06:01.936484,139,-0.7547017590362344,1.6478144944758666,-0.5592794927067157,0.5566400148672983,50.99999886006117
21:06:01.936484,139,-0.7802979140889885,1.7087830080036075,-0.5592818267733565,0.5566400148672983,183.35999590158463
21:06:01.936484,139,-0.805035104241498,1.7577122319484892,-0.596579535320344,0.5566400148672983,198.2399955689907
21:06:01.936484,139,-0.8302017768441298,1.8126611006848004,-0.6152295566271582,0.5566400148672983,56.23999874293804
21:06:01.936484,139,-1.0248947331377691,1.769709984360965,-1.592946345010572,1.0438400278799236,6.5199998542666435
21:06:01.936484,139,-1.049901808794424,1.8128902935560007,-1.6318136827758027,2.644040070619667,7.639999829232693
21:06:01.936484,139,-0.7356398305495547,1.739951863661015,-0.1704771424883897,0.5566400148672983,51.51999884843826
21:06:01.936484,139,-0.7601708542913547,1.7979731924479183,-0.17616196086845592,0.5566400148672983,177.99999602138996
21:06:01.936484,139,-0.7847018780331548,1.855994521234822,-0.1818467792485222,0.5566400148672983,172.6399961411953
21:06:01.936484,139,-0.809232901774955,1.9140158500217255,-0.18753159762858843,0.5566400148672983,45.35999898612499
21:06:01.936484,139,-1.003626908609946,2.1318361233556744,-1.0806333662777863,1.0438400278799236,7.35999983549118
21:06:01.936484,139,-1.0281150567320712,2.1838521846160646,-1.107000445231232,2.644040070619667,8.639999806880951
21:06:01.936484,139,-0.7182038206089943,1.7472211423317483,-0.1704771424883897,0.5566400148672983,47.999998927116394
21:06:01.936484,139,-0.7421534142051555,1.8054848762199693,-0.17616196086845592,0.5566400148672983,144.99999675899744
21:06:01.936484,139,-0.7661030078013168,1.8637486101081902,-0.1818467792485222,0.5566400148672983,131.3599970638752
21:06:01.936484,139,-0.7900526013974781,1.9220123439964114,-0.18753159762858843,0.5566400148672983,35.759999200701714
21:06:01.936484,139,-0.9537904706670407,2.1358019041952385,-0.9614965271247968,1.0438400278799236,5.359999880194664
21:06:01.936484,139,-0.9822587222321013,2.141765634034001,-1.0806333662777863,1.0438400278799236,8.239999815821648
21:06:01.936484,139,-1.0062254940254007,2.194023971907528,-1.107000445231232,2.644040070619667,9.63999978452921
21:06:01.936484,139,-0.7000286323313397,1.7526448507838046,-0.1893590378005561,0.5566400148672983,41.879999063909054
21:06:01.936484,139,-0.7233721467612632,1.8110894464406257,-0.19567350156272043,0.5566400148672983,107.51999759674072
21:06:01.936484,139,-0.7467156611911865,1.869534042097447,-0.20198796532488475,0.5566400148672983,95.3599978685379
21:06:01.936484,139,-0.7707932964217682,1.929816638346961,-0.18753159762858843,0.5566400148672983,28.11999937146902
21:06:01.936484,139,-0.8010625143246665,2.0056009512229767,-0.48294216819660385,0.4872000130126253,6.6399998515844345
21:06:01.936484,139,-0.9323851189436676,2.145232860523926,-0.9614965271247968,1.0438400278799236,6.11999986320734
21:06:01.936484,139,-0.9392298209517116,2.160981159558112,-1.0806333662777863,1.0438400278799236,9.359999790787697
21:06:01.936484,139,-0.9621467024929194,2.2137083495830137,-1.107000445231232,0.974120026017772,10.519999764859676
21:06:01.936484,139,-0.680106441571829,1.7534701036091314,-0.24588356622781785,0.5566400148672983,34.99999921768904
21:06:01.936484,139,-0.7027856203931909,1.8119422185706588,-0.25408292595572585,0.5566400148672983,77.99999825656414
21:06:01.936484,139,-0.7279832973052537,1.8769075981715189,-0.20198796532488475,0.5566400148672983,69.35999844968319
21:06:01.936484,139,-0.7514569127621875,1.9374279526504783,-0.18753159762858843,0.5566400148672983,22.359999500215054
21:06:01.936484,139,-0.8951849362971577,2.1173115341891267,-1.0542662873243405,0.27832000743364915,6.8799998462200165
21:06:01.936484,139,-0.9175734089032452,2.1702652528674427,-1.0806333662777863,1.0438400278799236,10.239999771118164
21:06:01.936484,139,-0.9399618815093326,2.2232189715457595,-1.107000445231232,0.974120026017772,10.99999975413084
21:06:01.936484,139,-0.9662096228712469,2.223056321926411,-1.23128462139284,1.4613200390303973,8.759999804198742
21:06:01.936484,139,-0.6625380281340235,1.7601833817516837,-0.24588356622781785,0.5566400148672983,28.759999357163906
21:06:01.936484,139,-0.6846313616147021,1.8188793611352576,-0.25408292595572585,0.5566400148672983,57.35999871790409
21:06:01.936484,139,-0.7067246950953805,1.8775753405188318,-0.2622822856836338,0.5566400148672983,51.639998845756054
21:06:01.936484,139,-0.8739674154401685,2.1261573694655085,-1.0542662873243405,0.27832000743364915,7.639999829232693
21:06:01.936484,139,-0.8958252402826322,2.1793323214697367,-1.0806333662777863,1.0438400278799236,10.759999759495258
21:06:01.936484,139,-0.917683065125096,2.232507273473965,-1.107000445231232,0.974120026017772,10.87999975681305
21:06:01.936484,139,-0.9767570684330958,2.1872304985775264,-1.5353881290685298,0.20888000557897612,4.999999888241291
21:06:01.936484,139,-0.6449033614484796,1.766720643030744,-0.24588356622781785,0.5566400148672983,23.35999947786331
21:06:01.936484,139,-0.6655040898973792,1.8231565904731566,-0.2735045116201606,0.5566400148672983,43.239999033510685
21:06:01.936484,139,-0.6879139190987933,1.884548591544459,-0.2622822856836338,0.5566400148672983,39.35999912023544
21:06:01.936484,139,-0.852662498573846,2.13479059078624,-1.0542662873243405,0.27832000743364915,7.999999821186066
21:06:01.936484,139,-0.8739874898885142,2.1881814586657296,-1.0806333662777863,1.0438400278799236,10.87999975681305
21:06:01.936484,139,-0.8953124812031823,2.2415723265452194,-1.107000445231232,0.974120026017772,10.359999768435955
21:06:01.936484,139,-0.9829122109295276,2.324806056170711,-1.4451759202238583,0.20888000557897612,12.879999712109566
21:06:01.936484,139,-1.0042872143131594,2.3753626946623037,-1.4766035897972327,0.6958000185841229,13.639999695122242
21:06:01.936484,139,-0.6289102933542094,1.8361011655050399,-0.2735045116201606,0.5566400148672983,33.359999254345894
21:06:01.936484,139,-0.6492054852188287,1.8953528995449347,-0.2823306138446377,0.5566400148672983,30.999999307096004
21:06:01.936484,139,-0.8312723161720275,2.1432103348364224,-1.0542662873243405,0.974120026017772,7.999999821186066
21:06:01.936484,139,-0.8520623414776347,2.196811779549117,-1.0806333662777863,1.0438400278799236,10.239999771118164
21:06:01.936484,139,-0.8561461105669029,2.207340671161326,-1.2026395630744593,0.974120026017772,9.359999790787697
21:06:01.936484,139,-0.9950298896273464,2.3534670622200493,-1.6377833131440078,0.6958000185841229,5.999999865889549
21:06:01.936484,139,-0.6259688869744229,1.8275137409721292,-0.3315974125811019,0.5566400148672983,26.519999407231808
21:06:01.936484,139,-0.7882447190757639,2.1594060446874805,-1.0542662873243405,0.974120026017772,7.519999831914902
21:06:01.936484,139,-0.8079586291119608,2.2134125422463904,-1.0806333662777863,0.974120026017772,9.359999790787697
21:06:01.936484,139,-0.8340302652900281,2.215791623276434,-1.2026395630744593,0.974120026017772,8.239999815821648
21:06:01.936484,139,-0.7666116071049801,2.167180390930939,-1.0542662873243405,0.974120026017772,6.8799998462200165
21:06:01.936484,139,-0.785784475491453,2.2213813239979148,-1.0806333662777863,0.974120026017772,8.359999813139439
21:06:01.936484,139,-0.8118310176853756,2.224020998085606,-1.2026395630744593,0.974120026017772,7.1199998408555984
21:06:01.936484,139,-0.7449018346157535,2.1747380209509704,-1.0542662873243405,0.974120026017772,5.999999865889549
21:06:01.936484,139,-0.7635317440817269,2.2291279694781148,-1.0806333662777863,0.974120026017772,7.239999838173389
21:06:01.936484,139,-0.7895505876591072,2.2320279726582566,-1.2026395630744593,0.974120026017772,6.11999986320734
21:06:01.936484,139,-0.7231175725671448,2.1820781789909036,-1.0542662873243405,1.2524400334514212,5.239999882876873
21:06:01.936484,139,-0.7489178672895417,2.1864628127868952,-1.1739945047560787,0.974120026017772,6.359999857842922
21:06:01.991862,140,-0.9158898964170772,1.757323695117297,1.59195578721675,0.6958000185841229,71.51999840140343
21:06:01.991862,140,-0.9445220654265323,1.8122604175767898,1.5791996787484242,0.6958000185841229,76.63999828696251
21:06:01.991862,140,-1.0640236780277572,1.7712028063302383,0.9027511670655519,0.6958000185841229,5.119999885559082
21:06:01.991862,140,-0.8700948063730779,1.6912621882532983,1.526536587010477,0.6958000185841229,45.2399989888072
21:06:01.991862,140,-0.8978138636586498,1.7660832844336762,1.589608662333398,0.6958000185841229,91.23999796062708
21:06:01.991862,140,-0.925880947250104,1.8212938455311336,1.5767791790231729,0.6958000185841229,96.35999784618616
21:06:01.991862,140,-0.954186599351171,1.8714073185417446,1.543066653395838,0.6958000185841229,53.87999879568815
21:06:01.991862,140,-1.0157965480751283,1.7332230244689308,0.9297617671434726,0.4872000130126253,6.239999860525131
21:06:01.991862,140,-1.0518534633531456,1.725887975428287,0.8217912927516293,0.41748001115047373,5.759999871253967
21:06:01.991862,140,-0.852489843333148,1.699581702402343,1.5243073799128213,0.6958000185841229,59.239998675882816
21:06:01.991862,140,-0.8800000385325467,1.7544278976456837,1.508956584902355,0.6958000185841229,119.8799973204732
21:06:01.991862,140,-0.9075102337319455,1.8092740928890247,1.4936057898918886,0.6958000185841229,124.51999721676111
21:06:01.991862,140,-0.9350204289313443,1.8641202881323657,1.4782549948814223,0.6958000185841229,65.87999852746725
21:06:01.991862,140,-0.9962344551063981,1.7429404687769012,0.9271579857886576,0.4872000130126253,6.359999857842922
21:06:01.991862,140,-1.0122052774486476,1.7458259160322571,0.8164489376680559,-1.5307600408850703,6.239999860525131
21:06:01.991862,140,-0.8337980394600177,1.6853947998698666,1.4469850247084903,0.6958000185841229,79.87999821454287
21:06:01.991862,140,-0.8617389568830306,1.7628399209496035,1.506702590051358,0.6958000185841229,163.11999635398388
21:06:01.991862,140,-0.8886782817429598,1.817949089366785,1.4912813315913298,0.6958000185841229,165.5199963003397
21:06:01.991862,140,-0.9156176066028889,1.8730582577839663,1.4758600731313019,0.6958000185841229,81.75999817252159
21:06:01.991862,140,-0.9765727395268029,1.7524684750620425,0.9246049641990752,0.4872000130126253,6.6399998515844345
21:06:01.991862,140,-0.9922283612003184,1.7555066675822057,0.8138549881081207,-1.5307600408850703,6.7599998489022255
21:06:01.991862,140,-0.8160456737593612,1.6933629993532313,1.4448499520917926,0.6958000185841229,110.5199975296855
21:06:01.991862,140,-0.8432651922558247,1.7655727436023978,1.4850265502537585,0.6958000185841229,230.35999485105276
21:06:01.991862,140,-0.8696269979694938,1.8207673443847288,1.468927664452968,0.6958000185841229,226.9999949261546
21:06:01.991862,140,-0.8959888036831628,1.8759619451670602,1.4528287786521772,0.6958000185841229,103.23999769240618
21:06:01.991862,140,-0.9213821816476869,1.9119450599840309,1.3731902775403761,0.6958000185841229,18.759999580681324
21:06:01.991862,140,-0.9369583149209245,1.7709523814321728,0.9196522164142265,0.4872000130126253,6.6399998515844345
21:06:01.991862,140,-0.9721522229471591,1.7649939761256266,0.8113128714455662,-1.5307600408850703,6.8799998462200165
21:06:01.991862,140,-0.7977723618261023,1.6951438799516134,1.424112120372881,0.6958000185841229,154.11999655514956
21:06:01.991862,140,-0.8239703216694355,1.7560564344914913,1.4247785997943971,0.6958000185841229,335.3599925041199
21:06:01.991862,140,-0.8497289391638588,1.8109535403763728,1.4067962676243715,0.6958000185841229,319.35999286174774
21:06:01.991862,140,-0.875487556658282,1.8658506462612543,1.3888139354543458,0.6958000185841229,131.7599970549345
21:06:01.991862,140,-0.8987217585523095,1.892434470298019,1.2870060017380207,0.6958000185841229,20.359999544918537
21:06:01.991862,140,-0.9170095673039126,1.7799064331420116,0.9172529854895886,-1.5307600408850703,6.5199998542666435
21:06:01.991862,140,-0.951978870286175,1.7742868929396136,0.8088228418899286,-1.5307600408850703,6.6399998515844345
21:06:01.991862,140,-0.749682529376733,1.602457624195392,1.3160653744218043,0.6263600167294499,21.359999522566795
21:06:01.991862,140,-0.7781122779289966,1.6836852722920075,1.3664816089997363,0.5566400148672983,205.51999540627003
21:06:01.991862,140,-0.8054784462655847,1.763926133134336,1.4226699203983706,0.6958000185841229,484.99998915940523
21:06:01.991862,140,-0.830658978442181,1.8190692582650647,1.4046216675700978,0.6958000185841229,449.6399899497628
21:06:01.991862,140,-0.8558395106187769,1.8742123833957933,1.3865734147418247,0.6958000185841229,168.51999623328447
21:06:01.991862,140,-0.8785522811514641,1.9010181161133741,1.2847060207736816,0.6958000185841229,22.359999500215054
21:06:01.991862,140,-0.8969691194984416,1.7886673502635542,0.9149055048219152,-1.5307600408850703,5.999999865889549
21:06:01.991862,140,-0.9317103205357308,1.783384488740272,0.8063851484420776,-1.5307600408850703,5.999999865889549
21:06:01.991862,140,-0.7601708542913547,1.691114671065488,1.364490907598133,0.5566400148672983,238.11999467760324
21:06:01.991862,140,-0.7847018780331548,1.7456876317516576,1.3439827697948585,0.5566400148672983,629.1199859380722
21:06:01.991862,140,-0.809232901774955,1.8002605924378272,1.323474631991584,0.6958000185841229,591.1199867874384
21:06:01.991862,140,-0.833763925516755,1.8548335531239966,1.3029664941883097,0.6958000185841229,210.8799952864647
21:06:01.991862,140,-0.8582949492585551,1.909406513810166,1.2824583563850351,0.6958000185841229,24.639999449253082
21:06:01.991862,140,-0.8768389755325023,1.7972342567124284,0.9126100091573064,-1.5307600408850703,5.359999880194664
21:06:01.991862,140,-0.9113486005338207,1.7922858537756428,0.8040000348693153,-1.5307600408850703,4.999999888241291
21:06:01.991862,140,-0.7414465706698306,1.6916594512633676,1.3441451008601848,0.6958000185841229,222.2399950325489
21:06:01.991862,140,-0.7661030078013168,1.753177506453785,1.3419758639170134,0.6958000185841229,636.3599857762456
21:06:01.991862,140,-0.7900526013974781,1.8079846124877412,1.3214049870568878,0.6958000185841229,649.359985485673
21:06:01.991862,140,-0.8140021949936393,1.8627917185216976,1.3008341101967624,0.6958000185841229,248.7599944397807
21:06:01.991862,140,-0.8342575254428196,1.886147109747148,1.1976079967624265,0.6958000185841229,26.75999940186739
21:06:01.991862,140,-0.7208696011984348,1.6775645005122553,1.2874519457457598,0.6263600167294499,173.23999612778425
21:06:01.991862,140,-0.7467156611911865,1.7535528820809305,1.321023592130796,0.6958000185841229,496.63998889923096
21:06:01.991862,140,-0.7700591756211099,1.808371722951618,1.2997977140644537,0.6958000185841229,562.8799874186516
21:06:01.991862,140,-0.7934026900510334,1.863190563822306,1.2785718359981113,0.5566400148672983,263.99999409914017
21:06:01.991862,140,-0.81392062625109,1.8941072651191944,1.1954750795588602,0.6958000185841229,28.519999362528324
21:06:01.991862,140,-0.7027856203931909,1.6844402843881958,1.2856095850088705,0.6263600167294499,124.6399972140789
21:06:01.991862,140,-0.7254647992145529,1.7387978598920497,1.2625559147291823,0.6263600167294499,342.3599923476577
21:06:01.991862,140,-0.7481439780359147,1.7931554353959034,1.2395022444494939,0.6263600167294499,415.23999071866274
21:06:01.991862,140,-0.7708231568572766,1.8475130108997575,1.2164485741698057,0.5566400148672983,246.2399944961071
21:06:01.991862,140,-0.7924252745588961,1.8935127693490323,1.1729322628844006,0.5566400148672983,29.519999340176582
21:06:01.991862,140,-0.6837020766109965,1.6837296400160184,1.265693296570318,0.6263600167294499,88.87999801337719
21:06:01.991862,140,-0.7067246950953805,1.745714861482687,1.2607025097389264,0.6263600167294499,232.75999479740858
21:06:01.991862,140,-0.728818028576059,1.8002886734133823,1.2375908990832916,0.6263600167294499,290.63999350368977
21:06:01.991862,140,-0.7509113620567376,1.8548624853440783,1.2144792884276567,0.5566400148672983,206.23999539017677
21:06:01.991862,140,-0.7719554569082322,1.901068210895637,1.1709077884235273,0.5566400148672983,29.519999340176582
21:06:01.991862,140,-0.6655040898973792,1.6902458595783831,1.2639472808008785,0.6263600167294499,64.7599985525012
21:06:01.991862,140,-0.68698017851269,1.7447907833632466,1.2401945591226415,0.6263600167294499,162.7599963620305
21:06:01.991862,140,-0.7084562671280008,1.7993357071481104,1.2164418374444046,0.6263600167294499,204.87999542057514
21:06:01.991862,140,-0.7299323557433116,1.8538806309329743,1.1926891157661674,0.5566400148672983,162.11999637633562
21:06:01.991862,140,-0.7478941155021586,1.8821496961684976,1.108071539620369,0.6263600167294499,28.639999359846115
21:06:01.991862,140,-0.6442124212094528,1.6732844389879378,1.2083498831347883,0.6263600167294499,48.63999891281128
21:06:01.991862,140,-0.6650014189857273,1.727282010807319,1.1828030107410512,0.6263600167294499,118.11999735981226
21:06:01.991862,140,-0.6857904167620017,1.7812795826267,1.1572561383473141,0.6263600167294499,148.5199966803193
21:06:01.991862,140,-0.6897958689480672,1.8675946093475029,1.1890144663249766,0.5566400148672983,124.51999721676111
21:06:01.991862,140,-0.7260834875624611,1.8801259065634066,1.0860531690610422,0.6263600167294499,27.119999393820763
21:06:01.991862,140,-0.6259688869744229,1.6794189946204228,1.20670613390714,0.6263600167294499,37.51999916136265
21:06:01.991862,140,-0.6461691584545924,1.7336145310539646,1.1811062170549087,0.6263600167294499,88.87999801337719
21:06:01.991862,140,-0.666369429934762,1.7878100674875061,1.1555063002026775,0.6263600167294499,110.99999751895666
21:06:01.991862,140,-0.6865697014149315,1.842005603921048,1.1299063833504461,0.6263600167294499,95.7599978595972
21:06:01.991862,140,-0.7055214360919744,1.8870400848711117,1.0842005205671676,0.5566400148672983,25.239999435842037
21:06:01.991862,140,-0.842189961168212,1.9672728987940655,0.42766596079218133,1.0438400278799236,5.759999871253967
21:06:01.991862,140,-0.8473864491843547,1.9489877799873825,0.3044218968555086,1.0438400278799236,6.239999860525131
21:06:01.991862,140,-0.8687582741335386,1.7124210816392824,-0.013056838615644217,0.06972000186215155,10.759999759495258
21:06:01.991862,140,-0.6261641805272404,1.7313784112619683,1.1610791649946182,0.6263600167294499,68.87999846041203
21:06:01.991862,140,-0.6457390647078153,1.7855040430486087,1.134853170770429,0.6263600167294499,85.51999808847904
21:06:01.991862,140,-0.6653139488883901,1.8396296748352488,1.10862717654624,0.6263600167294499,74.5199983343482
21:06:01.991862,140,-0.684888833068965,1.8937553066218888,1.0824011823220512,0.5566400148672983,23.23999948054552
21:06:01.991862,140,-0.5882512357753105,1.7431091541716301,1.157935921905357,0.6263600167294499,54.75999877601862
21:06:01.991862,140,-0.6066409012456124,1.79760150756412,1.1316116649230337,0.6263600167294499,67.5199984908104
21:06:01.991862,140,-0.6250305667159144,1.8520938609566102,1.10528740794071,0.6263600167294499,58.87999868392944
21:06:01.991862,140,-0.843324652885787,1.6783346770603957,-0.1371580599333111,0.13916000371682458,17.879999600350857
21:06:01.991862,140,-0.9001203931362078,1.8860014770774272,-0.2009106254779005,0.41748001115047373,4.999999888241291
21:06:01.991862,140,-0.6030567254358702,1.7705165073238502,1.0752965087343123,0.6263600167294499,54.51999878138304
21:06:01.991862,140,-0.6047941131410446,1.8580335074213918,1.1036958844671454,0.6263600167294499,47.35999894142151
21:06:01.991862,140,-0.6012208485857801,1.8300923617583642,1.045682998070703,0.6263600167294499,38.75999913364649
21:06:01.991862,140,-0.7950153342925705,1.7396552605289965,-0.19110092107842558,0.20888000557897612,20.359999544918537
21:06:01.991862,140,-0.8107295094699353,1.8712151908857995,-0.1616128870131157,0.20888000557897612,15.519999653100967
21:06:02.045072,141,-1.040193520965543,1.9501624754113351,-0.1106039043792851,0.6958000185841229,31.87999928742647
21:06:02.045072,141,-0.9449000128162648,1.8601643195166857,-0.020864652776410756,0.7655200204462744,37.119999170303345
21:06:02.045072,141,-0.9735436388937289,1.9165531971631895,-0.021497142250701665,0.7655200204462744,37.239999167621136
21:06:02.045072,141,-1.0009848407332,1.970574938992042,-0.1106039043792851,0.6958000185841229,38.359999142587185
21:06:02.045072,141,-0.8690508666613066,1.7540681162003762,-0.09795917423560724,0.7655200204462744,21.119999527931213
21:06:02.045072,141,-0.8980383938305649,1.8125757354038723,-0.040462303404860005,0.7655200204462744,33.11999925971031
21:06:02.045072,141,-0.9262514354578709,1.8695201545143572,-0.020864652776410756,0.7655200204462744,48.239998921751976
21:06:02.045072,141,-0.953184745206706,1.9238815983682442,-0.10744272184336565,0.7655200204462744,48.99999890476465
21:06:02.045072,141,-0.981229371388506,1.9804860924242003,-0.1106039043792851,0.6958000185841229,46.35999896377325
21:06:02.045072,141,-0.8509983715350747,1.7617005885307977,-0.11752945565822591,0.7655200204462744,26.87999939918518
21:06:02.045072,141,-0.8789442145236508,1.8195528825970675,-0.10112035677152671,0.7655200204462744,44.519999004900455
21:06:02.045072,141,-0.9064214029920165,1.8764349880335012,-0.10428153930744617,0.7655200204462744,65.23999854177237
21:06:02.045072,141,-0.9338985914603822,1.933317093469935,-0.10744272184336565,0.7655200204462744,67.23999849706888
21:06:02.045072,141,-0.9613757799287479,1.9901991989063685,-0.1106039043792851,0.6958000185841229,56.23999874293804
21:06:02.045072,141,-0.8314625479608488,1.7661362800797282,-0.17616196086845592,0.6263600167294499,35.11999921500683
21:06:02.045072,141,-0.860705042519123,1.8282512011739662,-0.10112035677152671,0.7655200204462744,62.99999859184027
21:06:02.045072,141,-0.8876120455782283,1.8854052298279897,-0.10428153930744617,0.7655200204462744,93.35999791324139
21:06:02.045072,141,-0.9145190486373334,1.9425592584820133,-0.10744272184336565,0.7655200204462744,96.87999783456326
21:06:02.045072,141,-0.9414260516964386,1.999713287136037,-0.1106039043792851,0.6958000185841229,67.11999849975109
21:06:02.045072,141,-0.813759907130271,1.7743624607229325,-0.17616196086845592,0.6263600167294499,46.759998954832554
21:06:02.045072,141,-0.8423798007314427,1.8367666961624576,-0.10112035677152671,0.7655200204462744,95.63999786227942
21:06:02.045072,141,-0.8687139277035241,1.8941869326790894,-0.10428153930744617,0.7655200204462744,143.7599967867136
21:06:02.045072,141,-0.8950480546756054,1.9516071691957213,-0.10744272184336565,0.7655200204462744,147.11999671161175
21:06:02.045072,141,-0.9213821816476869,2.009027405712353,-0.1106039043792851,0.7655200204462744,77.51999826729298
21:06:02.045072,141,-0.7959758909907486,1.7824112066066267,-0.17616196086845592,0.6263600167294499,62.879998594522476
21:06:02.045072,141,-0.8235168015636029,1.8440829584785399,-0.12132217916352325,0.7655200204462744,158.5199964568019
21:06:02.045072,141,-0.8497289391638588,1.902779218423873,-0.10428153930744617,0.7655200204462744,242.99999456852674
21:06:02.045072,141,-0.875487556658282,1.960459920827568,-0.10744272184336565,0.7655200204462744,231.51999482512474
21:06:02.045072,141,-0.9007501207761044,2.0170298218771823,-0.13270034967941527,0.7655200204462744,84.63999810814857
21:06:02.045072,141,-0.9260312271363867,2.0191644150698584,-0.49674519220854924,0.5566400148672983,7.1199998408555984
21:06:02.045072,141,-0.9776145483490213,2.0765824341787007,-0.7099873148359668,0.4872000130126253,5.759999871253967
21:06:02.045072,141,-0.7781122779289966,1.790281712862966,-0.17616196086845592,0.6263600167294499,82.87999814748764
21:06:02.045072,141,-0.8032222787346135,1.8480548344642835,-0.1818467792485222,0.6263600167294499,289.8799935206771
21:06:02.045072,141,-0.8302017768441298,1.9101292978261062,-0.12511490266882058,0.7655200204462744,453.23998986929655
21:06:02.045072,141,-0.8553684494467615,1.9680328099696487,-0.12890762617411794,0.7655200204462744,341.8799923583865
21:06:02.045072,141,-0.8805351220493933,2.0259363221131914,-0.13270034967941527,0.7655200204462744,85.63999808579683
21:06:02.045072,141,-0.9057936187892619,2.028323615421558,-0.49674519220854924,0.5566400148672983,6.8799998462200165
21:06:02.045072,141,-0.7594468505425156,1.7962607625062863,-0.19567350156272043,0.6263600167294499,100.87999774515629
21:06:02.045072,141,-0.7847018780331548,1.855994521234822,-0.1818467792485222,0.6263600167294499,519.6399883851409
21:06:02.045072,141,-0.809232901774955,1.9140158500217255,-0.18753159762858843,0.6263600167294499,794.1199822500348
21:06:02.045072,141,-0.8356456817266028,1.9764879508961521,-0.12890762617411794,0.7655200204462744,380.1199915036559
21:06:02.045072,141,-0.8582949492585551,2.030058507595532,-0.1989012343887209,0.5566400148672983,79.87999821454287
21:06:02.045072,141,-0.8854654318391328,2.0372799851110464,-0.49674519220854924,0.5566400148672983,6.9999998435378075
21:06:02.045072,141,-0.7414465706698306,1.8037652919824572,-0.19567350156272043,0.6263600167294499,105.639997638762
21:06:02.045072,141,-0.7661030078013168,1.8637486101081902,-0.1818467792485222,0.6263600167294499,567.5199873149395
21:06:02.045072,141,-0.7900526013974781,1.9220123439964114,-0.18753159762858843,0.6263600167294499,770.8799827694893
21:06:02.045072,141,-0.8140021949936393,1.9802760778846324,-0.19321641600865466,0.6263600167294499,289.3599935323
21:06:02.045072,141,-0.8379517885898007,2.0385398117728535,-0.1989012343887209,0.7655200204462744,69.6399984434247
21:06:02.045072,141,-0.8650486990876635,2.0460326285088586,-0.49674519220854924,0.5566400148672983,6.9999998435378075
21:06:02.045072,141,-0.8703538035087008,2.05858038073892,-0.6913695413355855,0.5566400148672983,6.6399998515844345
21:06:02.045072,141,-0.7233721467612632,1.8110894464406257,-0.19567350156272043,0.6263600167294499,93.2399979159236
21:06:02.045072,141,-0.7474275279105405,1.871316325681998,-0.1818467792485222,0.6263600167294499,334.9999925121665
21:06:02.045072,141,-0.7707932964217682,1.929816638346961,-0.18753159762858843,0.6263600167294499,427.8799904361367
21:06:02.045072,141,-0.794159064932996,1.988316951011924,-0.19321641600865466,0.6263600167294499,184.87999586760998
21:06:02.045072,141,-0.8175248334442239,2.046817263676887,-0.1989012343887209,0.7655200204462744,58.11999870091677
21:06:02.045072,141,-0.8363176598775874,2.034564360580114,-0.5851796212553418,0.5566400148672983,7.35999983549118
21:06:02.045072,141,-0.7027856203931909,1.8119422185706588,-0.25408292595572585,0.6263600167294499,72.99999836832285
21:06:02.045072,141,-0.7279832973052537,1.8769075981715189,-0.20198796532488475,0.6263600167294499,178.35999601334333
21:06:02.045072,141,-0.7514569127621875,1.9374279526504783,-0.18753159762858843,0.6263600167294499,227.7599949091673
21:06:02.045072,141,-0.7742365196312065,1.9961589941099287,-0.19321641600865466,0.6263600167294499,117.75999736785889
21:06:02.045072,141,-0.7970161265002257,2.054890035569379,-0.1989012343887209,0.7655200204462744,47.51999893784523
21:06:02.045072,141,-0.8159305402862288,2.042825670240638,-0.5851796212553418,0.5566400148672983,9.119999796152115
21:06:02.045072,141,-0.8290108765823022,2.0755745936375067,-0.6913695413355855,0.6263600167294499,5.119999885559082
21:06:02.045072,141,-0.6846313616147021,1.8188793611352576,-0.25408292595572585,0.6263600167294499,54.51999878138304
21:06:02.045072,141,-0.6903020568743168,1.8910909241769678,-0.20198796532488475,0.6263600167294499,103.87999767810106
21:06:02.045072,141,-0.7118819926693498,1.9502094221155284,-0.20830242908704907,0.6263600167294499,133.9999970048666
21:06:02.045072,141,-0.7341611599977806,2.011243473388371,-0.19321641600865466,0.6263600167294499,78.63999824225903
21:06:02.045072,141,-0.7557616686010414,2.070418330786587,-0.1989012343887209,0.7655200204462744,38.6399991363287
21:06:02.045072,141,-0.7954618283244287,2.05088269904562,-0.5851796212553418,0.6263600167294499,11.239999748766422
21:06:02.045072,141,-0.6664086402736364,1.8256346172876015,-0.25408292595572585,0.6263600167294499,40.51999909430742
21:06:02.045072,141,-0.6879139190987933,1.884548591544459,-0.2622822856836338,0.6263600167294499,66.51999851316214
21:06:02.045072,141,-0.6923446301159313,1.957230613582544,-0.20830242908704907,0.6263600167294499,86.63999806344509
21:06:02.045072,141,-0.7140123531685326,2.018484401133519,-0.19321641600865466,0.6263600167294499,55.359998762607574
21:06:02.045072,141,-0.7542878226601795,2.0663807118129167,-0.5851796212553418,0.6263600167294499,13.119999706745148
21:06:02.045072,141,-0.6289102933542094,1.8361011655050399,-0.2735045116201606,0.6263600167294499,30.63999931514263
21:06:02.045072,141,-0.6500878825997577,1.8979290552807893,-0.2622822856836338,0.6263600167294499,45.87999897450209
21:06:02.045072,141,-0.6704106596042972,1.9572613240298364,-0.27048164541154185,0.6263600167294499,60.11999865621328
21:06:02.045072,141,-0.6937921457021676,2.0255234821296413,-0.19321641600865466,0.6263600167294499,40.879999086260796
21:06:02.045072,141,-0.7335866463238011,2.073820145986939,-0.5851796212553418,0.6263600167294499,14.51999967545271
21:06:02.045072,141,-0.6105181428736531,1.842298359191027,-0.2735045116201606,0.6263600167294499,23.759999468922615
21:06:02.045072,141,-0.6310764046692685,1.9043349299563286,-0.2622822856836338,0.6263600167294499,33.359999254345894
21:06:02.045072,141,-0.6508048527579038,1.9638674564951832,-0.27048164541154185,0.6263600167294499,43.99999901652336
21:06:02.045072,141,-0.6728611006788144,2.030424347275435,-0.2146168928492134,0.6263600167294499,31.239999301731586
21:06:02.045072,141,-0.7128121119373898,2.081052199883811,-0.5851796212553418,0.6263600167294499,15.119999662041664
21:06:02.045072,141,-0.8885098775982929,2.224540811505147,-1.5353881290685298,0.13916000371682458,7.1199998408555984
21:06:02.045072,141,-0.9524340421116363,2.4555930019462577,-1.508031259370607,1.3221600353135727,8.359999813139439
21:06:02.045072,141,-0.6111711183984455,1.9079570854417034,-0.2823306138446377,0.6263600167294499,25.359999433159828
21:06:02.045072,141,-0.6311339659714793,1.9702772038602105,-0.27048164541154185,0.6263600167294499,33.639999248087406
21:06:02.045072,141,-0.8854765236139047,2.282961190628194,-1.5695198570936892,0.4872000130126253,13.759999692440033
21:06:02.045072,141,-0.908494721206598,2.4136234340853573,-1.4766035897972327,1.6004800427472219,14.51999967545271
21:06:02.099516,142,-0.9437663218209768,1.7676349314607707,1.4184034539005468,0.6958000185841229,21.239999525249004
21:06:02.099516,142,-0.8970954928431065,1.7228035630207992,1.433688679850985,0.6958000185841229,23.11999948322773
21:06:02.099516,142,-0.9251401190249063,1.7766611314681315,1.4159848908978527,0.6958000185841229,27.519999384880066
21:06:02.099516,142,-0.953184745206706,1.8305186999154641,1.39828110194472,0.6958000185841229,33.519999250769615
21:06:02.099516,142,-0.9824080645426639,1.9095730727574232,1.465421156660299,0.6958000185841229,32.51999927312136
21:06:02.099516,142,-0.8784604363307856,1.7251852592086414,1.4121360407575274,0.6958000185841229,30.63999931514263
21:06:02.099516,142,-0.9059225011264965,1.779117283251615,1.393758482165121,0.6958000185841229,36.999999172985554
21:06:02.099516,142,-0.9338985914603822,1.8396326883180112,1.395839016112431,0.6958000185841229,44.519999004900455
21:06:02.099516,142,-0.9623862433403303,1.9129507794752314,1.4416081132757272,0.6958000185841229,40.99999908357859
21:06:02.099516,142,-0.8602313033179548,1.7335825652750236,1.4098859893784432,0.6958000185841229,41.879999063909054
21:06:02.099516,142,-0.8871234965391883,1.787777102407679,1.391438090615654,0.6958000185841229,51.99999883770943
21:06:02.099516,142,-0.9145190486373334,1.8485599341940029,1.393446967789325,0.6958000185841229,61.75999861955643
21:06:02.099516,142,-0.9414260516964386,1.9029483123020483,1.37560094881627,0.7655200204462744,52.7599988207221
21:06:02.099516,142,-0.8419161478954946,1.741803374514526,1.4076832301815883,0.6958000185841229,59.63999866694212
21:06:02.099516,142,-0.8682357803454588,1.796254907166469,1.3891664696769475,0.6958000185841229,77.51999826729298
21:06:02.099516,142,-0.8945554127954229,1.850706439818412,1.3706497091723067,0.6958000185841229,90.11999798566103
21:06:02.099516,142,-0.9213821816476869,1.9119450599840309,1.3731902775403761,0.7655200204462744,68.35999847203493
21:06:02.099516,142,-0.9724675661386669,1.8631246602230924,0.9722188446907776,0.6263600167294499,5.519999876618385
21:06:02.099516,142,-0.8216623578811388,1.7301708278492849,1.3481404848696115,0.6958000185841229,87.11999805271626
21:06:02.099516,142,-0.8473488247715292,1.7842587086655293,1.3277623238257479,0.6958000185841229,123.75999723374844
21:06:02.099516,142,-0.8750056810386039,1.8592528346561128,1.3683597095773474,0.6958000185841229,139.23999688774347
21:06:02.099516,142,-0.9012461741527052,1.920747752146136,1.3708316032843202,0.7655200204462744,87.99999803304672
21:06:02.099516,142,-0.9517627922616483,1.8724180564550061,0.969728686675494,0.41748001115047373,6.239999860525131
21:06:02.099516,142,-0.7781122779289966,1.6836852722920075,1.3664816089997363,0.6958000185841229,11.999999731779099
21:06:02.099516,142,-0.8032222787346135,1.738018483247349,1.3460377119432225,0.6958000185841229,125.35999719798565
21:06:02.099516,142,-0.8283322795402304,1.7923516942026907,1.3255938148867088,0.6958000185841229,209.35999532043934
21:06:02.099516,142,-0.8553684494467615,1.867609969421112,1.3661204220660277,0.6958000185841229,224.51999498158693
21:06:02.099516,142,-0.8810200427953732,1.9293555085265222,1.368525161913552,0.7655200204462744,109.23999755829573
21:06:02.099516,142,-0.9218931378656141,1.8383689251802682,0.8847540597609536,0.5566400148672983,7.1199998408555984
21:06:02.099516,142,-0.7847018780331548,1.7456876317516576,1.3439827697948585,0.6958000185841229,159.35999643802643
21:06:02.099516,142,-0.809232901774955,1.8002605924378272,1.323474631991584,0.6958000185841229,335.6399924978614
21:06:02.099516,142,-0.833763925516755,1.8548335531239966,1.3029664941883097,0.7655200204462744,342.5199923440814
21:06:02.099516,142,-0.8602320705481902,1.9309661679751353,1.3452176635240556,0.7655200204462744,124.35999722033739
21:06:02.099516,142,-0.8854654318391328,1.8392942366938834,0.9928941294079163,0.5566400148672983,13.879999689757824
21:06:02.099516,142,-0.9012036389932078,1.8471738796611648,0.8823947793184046,0.5566400148672983,7.999999821186066
21:06:02.099516,142,-0.7661030078013168,1.753177506453785,1.3419758639170134,0.6958000185841229,156.99999649077654
21:06:02.099516,142,-0.7900526013974781,1.8079846124877412,1.3214049870568878,0.6958000185841229,372.11999168246984
21:06:02.099516,142,-0.8140021949936393,1.8627917185216976,1.3008341101967624,0.7655200204462744,387.6399913355708
21:06:02.099516,142,-0.8398429965606355,1.9391769682848115,1.3430175862118645,0.7655200204462744,124.99999720603228
21:06:02.099516,142,-0.856621148403626,1.8056062958051668,0.9103667280434053,0.5566400148672983,16.119999639689922
21:06:02.099516,142,-0.8804240205119311,1.855778552020291,0.8800891643086421,0.5566400148672983,8.639999806880951
21:06:02.099516,142,-0.7474275279105405,1.7604873583725358,1.3400171949985928,0.6958000185841229,121.35999728739262
21:06:02.099516,142,-0.7707932964217682,1.815522981956899,1.3193850870453796,0.6958000185841229,257.75999423861504
21:06:02.099516,142,-0.794159064932996,1.8705586055412624,1.2987529790921664,0.7655200204462744,291.639993481338
21:06:02.099516,142,-0.8175248334442239,1.9255942291256254,1.278120871138953,0.7655200204462744,110.5199975296855
21:06:02.099516,142,-0.8363176598775874,1.813782630344874,0.9081758858064441,0.5566400148672983,18.35999958962202
21:06:02.099516,142,-0.8595563603662234,1.86418208179762,0.8778374452912361,0.6263600167294499,8.759999804198742
21:06:02.099516,142,-0.7286773058931684,1.7676164565288428,1.3381069589048482,0.6958000185841229,84.35999811440706
21:06:02.099516,142,-0.7514569127621875,1.8228749470146697,1.3174151339453681,0.6958000185841229,152.9999965801835
21:06:02.099516,142,-0.7742365196312065,1.878133437500497,1.2967233089858878,0.7655200204462744,183.11999590694904
21:06:02.099516,142,-0.7970161265002257,1.9333919279863239,1.2760314840264075,0.7655200204462744,89.35999800264835
21:06:02.099516,142,-0.8159305402862288,1.821762442704946,0.906037701528811,0.5566400148672983,20.359999544918537
21:06:02.099516,142,-0.8386027453046161,1.8723836286472142,0.8756398474362013,0.6958000185841229,8.239999815821648
21:06:02.099516,142,-0.6903020568743168,1.7743752312158076,1.3154442604955867,0.6958000185841229,58.11999870091677
21:06:02.099516,142,-0.7118819926693498,1.8298450117048226,1.2940439636841923,0.6958000185841229,94.11999789625406
21:06:02.099516,142,-0.7341611599977806,1.8927039256116667,1.2928191584631725,0.7655200204462744,115.51999741792679
21:06:02.099516,142,-0.7557616686010414,1.9483911093748663,1.2720124654862197,0.7655200204462744,69.35999844968319
21:06:02.099516,142,-0.7954618283244287,1.829544934910833,0.9039523890271419,0.5566400148672983,21.639999516308308
21:06:02.099516,142,-0.8175652706710602,1.8803823724212603,0.8734965905014822,0.6958000185841229,9.519999787211418
21:06:02.099516,142,-0.6713569484217867,1.7809515938709997,1.313682129432994,0.6958000185841229,41.35999907553196
21:06:02.099516,142,-0.6923446301159313,1.8366269618741333,1.2922267456132173,0.6958000185841229,61.99999861419201
21:06:02.099516,142,-0.713332311810076,1.8923023298772672,1.2707713617934406,0.7655200204462744,76.87999828159809
21:06:02.099516,142,-0.7343199935042204,1.9479776978804013,1.249315977973664,0.7655200204462744,53.35999880731106
21:06:02.099516,142,-0.7660501736247093,1.7917378409173779,0.8234978981690155,0.5566400148672983,21.7599995136261
21:06:02.099516,142,-0.7752471657829719,1.8957682716321271,0.8693739512331038,0.6958000185841229,10.99999975413084
21:06:02.099516,142,-0.6523447048368778,1.7873446350694553,1.311969119206689,0.6958000185841229,30.51999931782484
21:06:02.099516,142,-0.672738033679548,1.8432198596675735,1.290460183973684,0.6958000185841229,43.5199990272522
21:06:02.099516,142,-0.6931313625222182,1.899095084265692,1.268951248740679,0.6958000185841229,54.119998790323734
21:06:02.099516,142,-0.7110562136133765,1.9309403010175803,1.1856056973351012,0.7655200204462744,41.51999907195568
21:06:02.099516,142,-0.745660341037557,1.799038902736393,0.8215415845507206,0.5566400148672983,20.999999530613422
21:06:02.099516,142,-0.753970767303474,1.9031538884919168,0.8673949811599173,0.6958000185841229,11.639999739825726
21:06:02.099516,142,-0.6332672273280201,1.7935537155124108,1.310305401116259,0.7655200204462744,23.23999948054552
21:06:02.099516,142,-0.6530641640034173,1.8496230458008873,1.2887444554202765,0.6958000185841229,32.119999282062054
21:06:02.099516,142,-0.6728611006788144,1.9056923760893634,1.267183509724294,0.6958000185841229,39.87999910861254
21:06:02.099516,142,-0.6902617489351743,1.9377082033199269,1.1837922433787347,0.7655200204462744,32.63999927043915
21:06:02.099516,142,-0.7251959430410156,1.806142652133376,0.819638140636566,0.5566400148672983,19.519999563694
21:06:02.099516,142,-0.7326189723789229,1.910333625275953,0.8654711764867669,0.6958000185841229,11.519999742507935
21:06:02.099516,142,-0.6311339659714793,1.833135834974015,1.2287895286694654,0.7655200204462744,24.639999449253082
21:06:02.099516,142,-0.6502661123159298,1.8887053732256833,1.2054111139502437,0.7655200204462744,30.51999931782484
21:06:02.099516,142,-0.6693982586603804,1.9442749114773519,1.1820326992310217,0.7655200204462744,26.239999413490295
21:06:02.099516,142,-0.7046590260577399,1.8130483787393388,0.8177877567693481,0.5566400148672983,17.759999603033066
21:06:02.099516,142,-0.711193916170923,1.9173067640165733,0.8636027295925075,0.6958000185841229,11.119999751448631
21:06:02.099516,142,-0.6896977411671446,1.9240726074057444,0.8617898273202638,0.6958000185841229,10.359999768435955
21:06:02.099516,142,-0.9399234777771993,2.1960389366200816,-0.07061810979318128,1.8090800483187195,5.639999873936176
21:06:02.099516,142,-0.8179015078338918,1.932456866365991,-0.013956463460727875,0.904680024163099,13.35999970138073
21:06:02.099516,142,-0.8723334485988828,2.0972600513563378,-0.012898533572876403,1.8090800483187195,25.359999433159828
21:06:02.099516,142,-0.8112488304129403,1.982435402720564,-0.05988448963093873,1.8090800483187195,26.119999416172504
21:06:02.099516,142,-0.8285152520579705,2.0246290728550216,-0.10372656718428486,1.8090800483187195,26.519999407231808
21:06:02.099516,142,-0.8425959445872212,2.177656953783422,-0.036037125773338285,1.8090800483187195,14.879999667406082
21:06:02.099516,142,-0.8034729837727939,2.0325110362879277,-0.10583853292090373,1.8090800483187195,26.359999410808086
21:06:02.099516,142,-0.7783503688623904,2.0401507199259896,-0.10788557998215165,1.8090800483187195,25.119999438524246
21:06:02.099516,142,-0.7531499195672032,2.047547359807245,-0.10986750366503806,1.8090800483187195,22.879999488592148
21:06:02.159760,143,-0.8876120455782283,1.7941715560859575,-0.5887070132376199,0.6958000185841229,25.239999435842037
21:06:02.159760,143,-0.9145190486373334,1.8485599341940029,-0.6065530322106749,0.6958000185841229,36.23999918997288
21:06:02.159760,143,-1.0198174453995803,1.9035478749801056,-1.0528459830519297,0.6263600167294499,8.759999804198742
21:06:02.159760,143,-0.8687139277035241,1.802654029668631,-0.5909798851839156,0.8349600223009475,32.51999927312136
21:06:02.159760,143,-0.8950480546756054,1.857299544826331,-0.6088948038217697,0.6958000185841229,46.23999896645546
21:06:02.159760,143,-0.9213821816476869,1.9119450599840309,-0.6268097224596239,0.6958000185841229,49.51999889314175
21:06:02.159760,143,-0.9724675661386669,1.8631246602230924,-1.0277811553092224,0.6263600167294499,16.119999639689922
21:06:02.159760,143,-0.9986549808284451,1.9132964292310237,-1.0554581002908343,0.6263600167294499,9.879999779164791
21:06:02.159760,143,-0.8492612413011034,1.8045498497546129,-0.6130561534908082,0.8349600223009475,42.75999904423952
21:06:02.159760,143,-0.875487556658282,1.8658506462612543,-0.611186064545654,0.7655200204462744,60.51999864727259
21:06:02.159760,143,-0.9012461741527052,1.920747752146136,-0.6291683967156798,0.6958000185841229,61.359998628497124
21:06:02.159760,143,-0.9517627922616483,1.8724180564550061,-1.030271313324506,0.6263600167294499,18.23999959230423
21:06:02.159760,143,-0.9773926515959007,1.922840085758988,-1.0580153153503424,0.6263600167294499,11.359999746084213
21:06:02.159760,143,-0.9933514950377254,1.9280853542097376,-1.1728867439995811,0.6263600167294499,5.879999868571758
21:06:02.159760,143,-0.8302017768441298,1.8126611006848004,-0.6152295566271582,0.8349600223009475,57.879998706281185
21:06:02.159760,143,-0.8553684494467615,1.867609969421112,-0.6338795779339723,0.7655200204462744,81.1199981868267
21:06:02.159760,143,-0.8810200427953732,1.9293555085265222,-0.6314748380864481,0.6958000185841229,77.11999827623367
21:06:02.159760,143,-0.9309628429027911,1.8815109986005152,-1.032707759829218,0.6263600167294499,20.999999530613422
21:06:02.159760,143,-0.9560325839170574,1.932177890206342,-1.0605173725110908,0.6263600167294499,13.119999706745148
21:06:02.159760,143,-0.9716426606933696,1.9375756261009813,-1.175429654688792,0.6263600167294499,6.239999860525131
21:06:02.159760,143,-0.8110592929050153,1.8205878488387348,-0.6173535223936097,0.8349600223009475,79.63999821990728
21:06:02.159760,143,-0.8356456817266028,1.8757770084069352,-0.6360679294347772,0.8349600223009475,111.51999750733376
21:06:02.159760,143,-0.8607058101718807,1.9377674683567627,-0.6337288159297241,0.7655200204462744,98.1199978068471
21:06:02.159760,143,-0.9012036389932078,1.8471738796611648,-1.1176052206815954,0.6263600167294499,24.51999945193529
21:06:02.159760,143,-0.9345769137807872,1.9413089088004634,-1.0629640215694591,0.6263600167294499,15.239999659359455
21:06:02.159760,143,-0.9498366628969874,1.9468557357446106,-1.1779162525734745,0.6263600167294499,6.6399998515844345
21:06:02.159760,143,-0.7900526013974781,1.8079846124877412,-0.6785950129431122,0.8349600223009475,108.87999756634235
21:06:02.159760,143,-0.8140021949936393,1.8627917185216976,-0.6991658898032377,0.8349600223009475,154.35999654978514
21:06:02.159760,143,-0.8398429965606355,1.9391769682848115,-0.6569824137881355,0.7655200204462744,125.23999720066786
21:06:02.159760,143,-0.8804240205119311,1.855778552020291,-1.1199108356913579,0.6263600167294499,28.999999351799488
21:06:02.159760,143,-0.9041328101217844,1.9057524989223125,-1.1500687252611614,0.6263600167294499,17.359999611973763
21:06:02.159760,143,-0.9279356822300895,1.9559247551374364,-1.1803462889959244,0.6263600167294499,6.8799998462200165
21:06:02.159760,143,-0.7707932964217682,1.815522981956899,-0.6806149129546204,0.8349600223009475,139.75999687612057
21:06:02.159760,143,-0.794159064932996,1.8705586055412624,-0.7012470209078338,0.8349600223009475,205.9999953955412
21:06:02.159760,143,-0.8193699389770459,1.9471904180132975,-0.6591296111714706,0.7655200204462744,156.99999649077654
21:06:02.159760,143,-0.8595563603662234,1.86418208179762,-1.122162554708764,0.6263600167294499,34.23999923467636
21:06:02.159760,143,-0.8827032082837579,1.9143823259323707,-1.1523810804393269,0.6263600167294499,18.879999577999115
21:06:02.159760,143,-0.9059419087723938,1.9647817773851173,-1.182719520954535,0.6263600167294499,6.6399998515844345
21:06:02.159760,143,-0.7286773058931684,1.7676164565288428,-0.6618930410951517,0.7655200204462744,30.51999931782484
21:06:02.159760,143,-0.7514569127621875,1.8228749470146697,-0.6825848660546319,0.8349600223009475,154.35999654978514
21:06:02.159760,143,-0.7742365196312065,1.878133437500497,-0.7032766910141122,0.8349600223009475,244.1199945434928
21:06:02.159760,143,-0.7970161265002257,1.9333919279863239,-0.7239685159735925,0.8349600223009475,186.6399958282709
21:06:02.159760,143,-0.8386027453046161,1.8723836286472142,-1.1243601525637987,0.6263600167294499,38.75999913364649
21:06:02.159760,143,-0.8611853368644327,1.9228047308505802,-1.154637857035489,0.6263600167294499,18.759999580681324
21:06:02.159760,143,-0.8838575418828197,1.9734259167928483,-1.1850357111280987,0.6263600167294499,6.11999986320734
21:06:02.159760,143,-0.6909601427912593,1.7813295580852677,-0.6655674555829217,0.8349600223009475,29.639999337494373
21:06:02.159760,143,-0.7125606513945201,1.837016741848467,-0.6863741485598746,0.8349600223009475,140.23999686539173
21:06:02.159760,143,-0.7341611599977806,1.8927039256116667,-0.7071808415368274,0.8349600223009475,238.11999467760324
21:06:02.159760,143,-0.7557616686010414,1.9483911093748663,-0.7279875345137803,0.8349600223009475,201.87999548763037
21:06:02.159760,143,-0.8175652706710602,1.8803823724212603,-1.1265034094985178,0.6263600167294499,40.99999908357859
21:06:02.159760,143,-0.8395813476329226,1.9310188714435044,-1.1568388293738785,0.6263600167294499,16.519999630749226
21:06:02.159760,143,-0.8616847899795541,1.9818563089539312,-1.1872946278995384,0.6263600167294499,5.239999882876873
21:06:02.159760,143,-0.6713569484217867,1.7809515938709997,-0.6863178705670061,0.8349600223009475,27.639999382197857
21:06:02.159760,143,-0.6923446301159313,1.8366269618741333,-0.7077732543867827,0.8349600223009475,109.87999754399061
21:06:02.159760,143,-0.713332311810076,1.8923023298772672,-0.7292286382065594,0.8349600223009475,193.8799956664443
21:06:02.159760,143,-0.7350200430570822,1.9555910919971375,-0.729916764042936,0.8349600223009475,193.23999568074942
21:06:02.159760,143,-0.7752471657829719,1.8957682716321271,-1.1306260487668962,0.6263600167294499,39.639999113976955
21:06:02.159760,143,-0.7961236656523146,1.946819094933185,-1.1610724864981696,0.7655200204462744,12.759999714791775
21:06:02.159760,143,-0.672738033679548,1.8432198596675735,-0.709539816026316,0.8349600223009475,80.87999819219112
21:06:02.159760,143,-0.6931313625222182,1.899095084265692,-0.7310487512593208,0.8349600223009475,143.6399967893958
21:06:02.159760,143,-0.7135246913648885,1.9549703088638104,-0.7525576864923255,0.8349600223009475,165.87999629229307
21:06:02.159760,143,-0.753970767303474,1.9031538884919168,-1.1326050188400827,0.6263600167294499,35.759999200701714
21:06:02.159760,143,-0.774274318635006,1.9544035978208298,-1.1631047479219057,0.7655200204462744,10.87999975681305
21:06:02.159760,143,-0.9742932700164965,1.8108435523571935,-2.145436355223632,0.6263600167294499,12.23999972641468
21:06:02.159760,143,-0.9950298896273464,1.8493851035262323,-2.191099297755102,0.6263600167294499,15.519999653100967
21:06:02.159760,143,-0.6530641640034173,1.8496230458008873,-0.7112555445797235,0.8349600223009475,59.239998675882816
21:06:02.159760,143,-0.6728611006788144,2.030424347275435,-0.2146168928492134,0.8349600223009475,104.11999767273664
21:06:02.159760,143,-0.6926580373542116,2.0901635448403484,-0.2209313566113777,0.8349600223009475,132.87999702990055
21:06:02.159760,143,-0.7326189723789229,2.1388782522254477,-0.6014399665796253,0.8349600223009475,31.119999304413795
21:06:02.159760,143,-0.7523475448345213,2.1964757430953785,-0.6176360417642871,0.7655200204462744,10.87999975681305
21:06:02.159760,143,-0.9280130845278013,2.3234440406257515,-1.6036515851188484,0.6263600167294499,14.759999670088291
21:06:02.159760,143,-0.9477646879925556,2.372895655186054,-1.6377833131440078,0.6263600167294499,18.879999577999115
21:06:02.159760,143,-0.6333249884580239,1.9771171489291453,-0.20830242908704907,0.8349600223009475,44.11999901384115
21:06:02.159760,143,-0.6525235532890662,2.037051325622061,-0.2146168928492134,0.8349600223009475,76.51999828964472
21:06:02.159760,143,-0.6717221181201086,2.0969855023149764,-0.2209313566113777,0.6958000185841229,103.23999769240618
21:06:02.159760,143,-0.690920682951151,2.156919679007892,-0.22724582037354202,0.8349600223009475,52.7599988207221
21:06:02.159760,143,-0.711193916170923,2.1460973766663063,-0.6014399665796253,0.8349600223009475,26.75999940186739
21:06:02.159760,143,-0.7303455369098707,2.2038892701178887,-0.6176360417642871,0.7655200204462744,10.639999762177467
21:06:02.159760,143,-0.9034840304801675,2.262031237940797,-1.702418922203244,0.6263600167294499,17.759999603033066
21:06:02.159760,143,-0.9239887396143032,2.3822545001054043,-1.6377833131440078,0.6263600167294499,22.519999496638775
21:06:02.159760,143,-0.6113999663172223,1.9764899251555514,-0.27048164541154185,0.8349600223009475,33.7599992454052
21:06:02.159760,143,-0.6299338977188826,2.0364050882353926,-0.2786810051394498,0.8349600223009475,57.6399987116456
21:06:02.159760,143,-0.648467829120543,2.0963202513152335,-0.2868803648673578,0.8349600223009475,79.99999821186066
21:06:02.159760,143,-0.6670017605222033,2.156235414395075,-0.29507972459526577,0.8349600223009475,51.35999885201454
21:06:02.159760,143,-0.6896977411671446,2.1531018931675003,-0.6014399665796253,0.8349600223009475,22.99999948590994
21:06:02.159760,143,-0.708270495043413,2.2110824100598077,-0.6176360417642871,0.7655200204462744,10.119999773800373
21:06:02.159760,143,-0.8808189217866048,2.2709528268494146,-1.702418922203244,0.6263600167294499,20.999999530613422
21:06:02.159760,143,-0.9001203931362078,2.391375121570599,-1.6377833131440078,0.6263600167294499,26.119999416172504
21:06:02.159760,143,-0.5916048271785649,1.9825049991142818,-0.27048164541154185,0.8349600223009475,26.519999407231808
21:06:02.159760,143,-0.6095386902598225,2.0426025026819685,-0.2786810051394498,0.8349600223009475,44.63999900221825
21:06:02.159760,143,-0.6274725533410803,2.102700006249655,-0.2868803648673578,0.6958000185841229,62.639998599886894
21:06:02.159760,143,-0.645406416422338,2.162797509817342,-0.29507972459526577,0.8349600223009475,48.119998924434185
21:06:02.159760,143,-0.6681325969670789,2.1598911012832485,-0.6014399665796253,0.8349600223009475,19.999999552965164
21:06:02.159760,143,-0.6861246267208408,2.218054443613167,-0.6176360417642871,0.7655200204462744,9.63999978452921
21:06:02.159760,143,-0.8580657319388143,2.2796473223779534,-1.702418922203244,0.6263600167294499,24.119999460875988
21:06:02.159760,143,-0.8521160621401455,2.4088980698338505,-1.6377833131440078,0.6263600167294499,28.879999354481697
21:06:02.159760,143,-0.8711909476600985,2.5434385973314595,-1.5393347089061418,0.4872000130126253,16.519999630749226
21:06:02.159760,143,-0.9038969657089311,2.7275977237386293,-1.3178328591554254,0.06972000186215155,7.1199998408555984
21:06:02.159760,143,-0.5890825294424086,2.04859565858957,-0.2786810051394498,0.6958000185841229,35.35999920964241
21:06:02.159760,143,-0.6064145308319805,2.1088694929450953,-0.2868803648673578,0.6958000185841229,49.63999889045954
21:06:02.159760,143,-0.6237465322215525,2.1691433273006204,-0.29507972459526577,0.8349600223009475,43.5199990272522
21:06:02.159760,143,-0.6465006400670785,2.166464322098426,-0.6014399665796253,0.8349600223009475,17.519999608397484
21:06:02.159760,143,-0.6639101465104321,2.2248046735804525,-0.6176360417642871,0.7655200204462744,8.999999798834324
21:06:02.159760,143,-0.8065863512012315,2.280187395697063,-1.7266912868224153,0.6263600167294499,26.239999413490295
21:06:02.159760,143,-0.8279848780150596,2.417298644351762,-1.6377833131440078,0.6263600167294499,29.759999334812164
21:06:02.159760,143,-0.5845014154979349,2.111957530613359,-0.3088089205180691,0.6958000185841229,39.99999910593033
21:06:02.159760,143,-0.6012071156923519,2.1723196245181464,-0.3176350227425462,0.8349600223009475,38.359999142587185
21:06:02.159760,143,-0.7837445288035487,2.288139116183798,-1.7266912868224153,0.6263600167294499,26.6399994045496
21:06:02.159760,143,-0.8037708960958588,2.4254574910304525,-1.6377833131440078,0.6263600167294499,28.239999368786812
21:06:02.159760,143,-0.5794542218802191,2.1782229802687714,-0.3176350227425462,0.8349600223009475,33.2399992570281
21:06:02.159760,143,-0.7497896215335728,2.054057834833286,-1.9178203743306614,0.20888000557897612,8.639999806880951
21:06:02.159760,143,-0.7608243326096074,2.29586202467592,-1.7266912868224153,0.6263600167294499,25.119999438524246
21:06:02.159760,143,-0.7794765377604483,2.433373793992091,-1.6377833131440078,0.6263600167294499,25.239999435842037
21:06:02.159760,143,-0.5550352912904128,2.1736943999428706,-0.3851013318304761,0.8349600223009475,28.519999362528324
21:06:02.159760,143,-0.7147579944427324,2.3106183394970428,-1.7266912868224153,0.6263600167294499,22.11999950557947
21:06:02.159760,143,-0.7306564172975519,2.448475626602884,-1.6377833131440078,0.6263600167294499,21.519999518990517
21:06:02.159760,143,-0.6916164590650209,2.317650270206925,-1.7266912868224153,0.6263600167294499,18.759999580681324
21:06:02.159760,143,-0.7061355371412108,2.45565964608143,-1.6377833131440078,0.6263600167294499,17.759999603033066
21:06:02.159760,143,-0.6684057626208397,2.3244504378315156,-1.7266912868224153,0.6263600167294499,15.519999653100967
21:06:02.159760,143,-0.6815440440227565,2.462598101652721,-1.6377833131440078,0.6263600167294499,14.6399996727705
21:06:02.159760,143,-0.6451282261603875,2.331018162359749,-1.7266912868224153,0.6263600167294499,12.759999714791775
21:06:02.159760,143,-0.1585130382934553,0.06345854092890883,-0.18669664259080943,-3.4095600910659414,5.119999885559082
21:06:02.215343,144,-0.8950480546756054,1.857299544826331,-0.6088948038217697,0.8349600223009475,22.879999488592148
21:06:02.215343,144,-0.9213821816476869,1.9119450599840309,-0.6268097224596239,0.8349600223009475,25.63999942690134
21:06:02.215343,144,-0.9477163086197683,1.9665905751417307,-0.644724641097478,0.7655200204462744,24.51999945193529
21:06:02.215343,144,-0.8492612413011034,1.8045498497546129,-0.6130561534908082,0.8349600223009475,24.23999945819378
21:06:02.215343,144,-0.875487556658282,1.8658506462612543,-0.611186064545654,0.8349600223009475,30.119999326765537
21:06:02.215343,144,-0.9012461741527052,1.920747752146136,-0.6291683967156798,0.8349600223009475,33.639999248087406
21:06:02.215343,144,-0.9264945605136049,1.9686588044591125,-0.6688085642863418,0.7655200204462744,31.999999284744263
21:06:02.215343,144,-0.9500946923330901,2.0006102319305086,-0.7537503203497065,0.7655200204462744,23.35999947786331
21:06:02.215343,144,-0.9870948109681754,1.9737725351451325,-0.9496697383709995,0.6958000185841229,8.51999980956316
21:06:02.215343,144,-0.8302017768441298,1.8126611006848004,-0.6152295566271582,0.8349600223009475,31.999999284744263
21:06:02.215343,144,-0.8553684494467615,1.867609969421112,-0.6338795779339723,0.8349600223009475,41.35999907553196
21:06:02.215343,144,-0.8805351220493933,1.9225588381574237,-0.6525295992407865,0.8349600223009475,46.23999896645546
21:06:02.215343,144,-0.905701794652025,1.9775077068937346,-0.6711796205476006,0.7655200204462744,43.5199990272522
21:06:02.215343,144,-0.9287722827626979,2.0096845380240573,-0.7561817733393456,0.7655200204462744,30.999999307096004
21:06:02.215343,144,-0.9438540596119375,1.9924246903042313,-0.9546675682829802,0.6958000185841229,8.879999801516533
21:06:02.215343,144,-0.8110592929050153,1.8205878488387348,-0.6173535223936097,0.8349600223009475,43.5199990272522
21:06:02.215343,144,-0.8356456817266028,1.8757770084069352,-0.6360679294347772,0.8349600223009475,60.359998650848866
21:06:02.215343,144,-0.8602320705481902,1.9309661679751353,-0.6547823364759444,0.8349600223009475,67.75999848544598
21:06:02.215343,144,-0.8848184593697777,1.986155327543336,-0.673496743517112,0.7655200204462744,62.759998597204685
21:06:02.215343,144,-0.9073569967421553,2.018552435182505,-0.7585579192215139,0.7655200204462744,42.87999904155731
21:06:02.215343,144,-0.9220910235875256,2.0014365879335676,-0.9570822989750327,0.6958000185841229,9.239999793469906
21:06:02.215343,144,-0.9591812799812596,1.9924172494796015,-1.0909484021581242,0.6958000185841229,5.359999880194664
21:06:02.215343,144,-0.7900526013974781,1.8079846124877412,-0.6785950129431122,0.8349600223009475,60.63999864459038
21:06:02.215343,144,-0.815839350138376,1.883753134916526,-0.6382051260917505,0.8349600223009475,95.51999786496162
21:06:02.215343,144,-0.8379517885898007,1.917598824555654,-0.7197367666633632,0.8349600223009475,107.99999758601189
21:06:02.215343,144,-0.8619013821859619,1.9724059305896098,-0.7403076435234887,0.8349600223009475,97.51999782025814
21:06:02.215343,144,-0.8858509757821231,2.027213036623566,-0.7608785203836141,0.7655200204462744,62.879998594522476
21:06:02.215343,144,-0.9002357792332838,2.010237823694513,-0.959440582989574,0.6958000185841229,9.63999978452921
21:06:02.215343,144,-0.9148546835354276,2.0105196498578897,-1.0957989257205514,0.6958000185841229,6.239999860525131
21:06:02.215343,144,-0.7707932964217682,1.815522981956899,-0.6806149129546204,0.8349600223009475,83.99999812245369
21:06:02.215343,144,-0.794159064932996,1.8705586055412624,-0.7012470209078338,0.8349600223009475,167.99999624490738
21:06:02.215343,144,-0.8175248334442239,1.9255942291256254,-0.7218791288610471,0.8349600223009475,194.11999566107988
21:06:02.215343,144,-0.8408906019554517,1.980629852709989,-0.7425112368142607,0.8349600223009475,168.11999624222517
21:06:02.215343,144,-0.8634332333408037,2.027647086434369,-0.7851057982009157,0.7655200204462744,98.35999780148268
21:06:02.215343,144,-0.8782905120553369,2.0188275174708665,-0.9617421845001786,0.6958000185841229,10.119999773800373
21:06:02.215343,144,-0.8925530477614306,2.0192488314375474,-1.0981379028754055,0.6958000185841229,7.519999831914902
21:06:02.215343,144,-0.7514569127621875,1.8228749470146697,-0.6825848660546319,0.8349600223009475,107.8799975886941
21:06:02.215343,144,-0.7742365196312065,1.878133437500497,-0.7032766910141122,0.8349600223009475,324.9999927356839
21:06:02.215343,144,-0.7970161265002257,1.9333919279863239,-0.7239685159735925,0.8349600223009475,404.8799909502268
21:06:02.215343,144,-0.8197957333692447,1.9886504184721507,-0.7446603409330727,0.8349600223009475,327.8799926713109
21:06:02.215343,144,-0.841772852611215,2.0358826678680795,-0.7873125155952791,0.7655200204462744,161.51999638974667
21:06:02.215343,144,-0.8562574165620169,2.0272048103004465,-0.9639868733486237,0.7655200204462744,12.359999723732471
21:06:02.215343,144,-0.8701621574304393,2.027762162897241,-1.1004190431649288,0.7655200204462744,8.639999806880951
21:06:02.215343,144,-0.9399618815093326,1.8609518239490574,-1.6446917310316262,0.41748001115047373,5.519999876618385
21:06:02.215343,144,-0.7125606513945201,1.837016741848467,-0.6863741485598746,0.8349600223009475,115.23999742418528
21:06:02.215343,144,-0.7341611599977806,1.8927039256116667,-0.7071808415368274,0.8349600223009475,530.3599881455302
21:06:02.215343,144,-0.7557616686010414,1.9483911093748663,-0.7279875345137803,0.8349600223009475,807.23998195678
21:06:02.215343,144,-0.777362177204302,2.0040782931380647,-0.748794227490733,0.8349600223009475,631.519985884428
21:06:02.215343,144,-0.798201735849482,2.0517241336608834,-0.7915572235613861,0.7655200204462744,250.51999440044165
21:06:02.215343,144,-0.8326651574096904,2.0254643364069067,-0.988013034271719,0.7655200204462744,14.759999670088291
21:06:02.215343,144,-0.8476842516127274,2.0360587929109584,-1.102642118477004,0.7655200204462744,9.63999978452921
21:06:02.215343,144,-0.8958252402826322,1.8253848774081898,-1.607864387641265,0.41748001115047373,5.359999880194664
21:06:02.215343,144,-0.917683065125096,1.8699236346638815,-1.6470957204673082,0.41748001115047373,6.239999860525131
21:06:02.215343,144,-0.6930046632799829,1.8438051574568584,-0.6881930990400298,0.8349600223009475,98.23999780416489
21:06:02.215343,144,-0.7140123531685326,1.899698124726998,-0.7090549315414829,0.8349600223009475,413.6399907544255
21:06:02.215343,144,-0.7350200430570822,1.9555910919971375,-0.729916764042936,0.8349600223009475,676.6399848759174
21:06:02.215343,144,-0.756027732945632,2.011484059267277,-0.750778596544389,0.8349600223009475,639.7599857002497
21:06:02.215343,144,-0.7954403132245779,2.026372398785531,-0.8569424598356628,0.7655200204462744,280.2399937361479
21:06:02.215343,144,-0.810502244658944,2.0334002915154645,-0.9901394670342267,0.7655200204462744,18.11999959498644
21:06:02.215343,144,-0.8251215780800449,2.044137891822647,-1.1048069065059622,0.7655200204462744,9.759999781847
21:06:02.215343,144,-0.8739874898885142,1.8339324875661744,-1.6101547128803133,0.41748001115047373,5.759999871253967
21:06:02.215343,144,-0.8953124812031823,1.8786798035420875,-1.649441928847014,0.41748001115047373,6.8799998462200165
21:06:02.215343,144,-0.6733793752797176,1.8504043404600068,-0.6899613447964287,0.8349600223009475,72.35999838262796
21:06:02.215343,144,-0.6937921457021676,1.9064973548544932,-0.7108767797632985,0.8349600223009475,212.75999524444342
21:06:02.215343,144,-0.7142049161246178,1.962590369248979,-0.7317922147301685,0.8349600223009475,312.75999300926924
21:06:02.215343,144,-0.7339180202075586,2.0108455334619286,-0.7740666217253303,0.8349600223009475,333.99999253451824
21:06:02.215343,144,-0.7517017676224556,2.041317141541179,-0.8609468915881295,0.7655200204462744,204.63999542593956
21:06:02.215343,144,-0.7882582823627714,2.0411217761041955,-0.9922084325941465,0.7655200204462744,21.239999525249004
21:06:02.215343,144,-0.8024763930808418,2.0519986517291855,-1.1069131907748142,0.7655200204462744,8.879999801516533
21:06:02.215343,144,-0.8520623414776347,1.8422687373966005,-1.61238840429028,0.41748001115047373,5.639999873936176
21:06:02.215343,144,-0.872852366783242,1.8872194549741237,-1.6517301215518714,0.41748001115047373,6.8799998462200165
21:06:02.215343,144,-0.6530641640034173,1.8496230458008873,-0.7112555445797235,0.8349600223009475,50.99999886006117
21:06:02.215343,144,-0.6728611006788144,1.9056923760893634,-0.732816490275706,0.8349600223009475,114.23999744653702
21:06:02.215343,144,-0.6926580373542116,1.9617617063778403,-0.7543774359716886,0.8349600223009475,156.23999650776386
21:06:02.215343,144,-0.7124549740296087,2.017831036666317,-0.775938381667671,0.8349600223009475,170.23999619483948
21:06:02.215343,144,-0.7297186451124448,2.0484719121857067,-0.8628640066043606,0.7655200204462744,126.75999716669321
21:06:02.215343,144,-0.7659354948987657,2.04862801803111,-0.9942197240566559,0.7655200204462744,21.7599995136261
21:06:02.215343,144,-0.779750961114646,2.059640286561168,-1.1089607606568976,0.7655200204462744,7.35999983549118
21:06:02.215343,144,-0.8141649238177652,1.785459733670196,-1.6938210404615166,0.41748001115047373,4.999999888241291
21:06:02.215343,144,-0.8340302652900281,1.829024331280241,-1.735149685773192,0.41748001115047373,6.11999986320734
21:06:02.215343,144,-0.6333249884580239,1.855835879960826,-0.7129202684755875,0.8349600223009475,36.11999919265509
21:06:02.215343,144,-0.6525235532890662,1.9120935456246277,-0.7345316784832947,0.8349600223009475,68.51999846845865
21:06:02.215343,144,-0.6717221181201086,1.9683512112884292,-0.7561430884910018,0.8349600223009475,90.23999798297882
21:06:02.215343,144,-0.690920682951151,2.024608876952231,-0.7777544984987089,0.8349600223009475,98.1199978068471
21:06:02.215343,144,-0.7076625513492815,2.0554139879806894,-0.8647241302074219,0.7655200204462744,79.99999821186066
21:06:02.215343,144,-0.7435361145269717,2.0559182666783045,-0.9961731402942937,0.7655200204462744,20.359999544918537
21:06:02.215343,144,-0.756947554705615,2.0670620321615156,-1.1109494113969398,0.7655200204462744,5.759999871253967
21:06:02.215343,144,-0.8118310176853756,1.8369732969426331,-1.737279604703093,0.41748001115047373,5.119999885559082
21:06:02.215343,144,-0.6135224809443849,1.8618577408691783,-0.7145338212429131,0.8349600223009475,26.359999410808086
21:06:02.215343,144,-0.632120754090674,1.918297952759893,-0.736194144364703,0.8349600223009475,44.99999899417162
21:06:02.215343,144,-0.6507190272369633,1.9747381646506073,-0.7578544674864925,0.8349600223009475,58.11999870091677
21:06:02.215343,144,-0.6693173003832523,2.0311783765413214,-0.7795147906082823,0.8349600223009475,62.759998597204685
21:06:02.215343,144,-0.6855356919238637,2.0621426747243636,-0.8665270763865114,0.7655200204462744,53.63999880105257
21:06:02.215343,144,-0.6985165421723384,2.069847889730553,-0.9999055715420138,0.7655200204462744,18.519999586045742
21:06:02.215343,144,-0.7340684541752844,2.074263146361885,-1.112878944131533,0.7655200204462744,6.11999986320734
21:06:02.215343,144,-0.8889332479812891,0.5433476819820671,-2.7831402908488947,0.6263600167294499,5.879999868571758
21:06:02.215343,144,-0.9163926346203637,2.1320681994397983,-2.052343695357716,0.5566400148672983,9.63999978452921
21:06:02.215343,144,-0.5936586216966611,1.8676880263448992,-0.7160960415277755,0.8349600223009475,19.879999555647373
21:06:02.215343,144,-0.611654743346464,1.9243049770596439,-0.7378037216747353,0.8349600223009475,31.63999929279089
21:06:02.215343,144,-0.6296508649962669,1.9809219277743884,-0.7595114018216952,0.8349600223009475,40.3599990978837
21:06:02.215343,144,-0.645406416422338,2.012729719217394,-0.844798313041867,0.8349600223009475,43.359999030828476
21:06:02.215343,144,-0.6624398939696309,2.059742907607066,-0.8898838752172844,0.7655200204462744,38.239999145269394
21:06:02.215343,144,-0.6759008521090171,2.076485871184972,-1.001684213312098,0.7655200204462744,16.519999630749226
21:06:02.215343,144,-0.7111159474145397,2.081242909056888,-1.11474916590902,0.7655200204462744,6.359999857842922
21:06:02.215343,144,-0.8761620353729207,1.8945803337386669,-2.203209323192262,0.6263600167294499,11.519999742507935
21:06:02.215343,144,-0.5737353970841352,1.8733261533643253,-0.7176067731094546,0.8349600223009475,15.359999656677246
21:06:02.215343,144,-0.5890825294424086,1.9066635026169256,-0.7994007523177133,0.8349600223009475,23.35999947786331
21:06:02.215343,144,-0.6064145308319805,1.9627614054151672,-0.8229207418904987,0.8349600223009475,29.639999337494373
21:06:02.215343,144,-0.6237465322215525,2.0188593082134094,-0.846440731463284,0.8349600223009475,31.75999929010868
21:06:02.215343,144,-0.6402083650782701,2.0660342678744557,-0.8915696401202249,0.7655200204462744,28.519999362528324
21:06:02.215343,144,-0.6532175725267554,2.2716319298407495,-0.43011856107523333,0.7655200204462744,14.759999670088291
21:06:02.215343,144,-0.6880923296548268,2.3058406908183398,-0.5380997068372236,0.8349600223009475,6.5199998542666435
21:06:02.215343,144,-0.8765762492088849,2.736500163801356,-1.3178328591554254,0.4872000130126253,6.5199998542666435
21:06:02.215343,144,-0.5685674608655842,2.0543839566476283,-0.2786810051394498,0.8349600223009475,17.999999597668648
21:06:02.215343,144,-0.5852958673778521,2.1148280944580535,-0.2868803648673578,0.8349600223009475,22.759999491274357
21:06:02.215343,144,-0.6020242738901203,2.175272232268479,-0.29507972459526577,0.8349600223009475,24.23999945819378
21:06:02.215343,144,-0.6179128158867686,2.2326817184229344,-0.3264611249670233,0.7655200204462744,22.11999950557947
21:06:02.215343,144,-0.6304689717345072,2.2780504159060633,-0.43011856107523333,0.7655200204462744,13.119999706745148
21:06:02.215343,144,-0.6585212848725984,2.2900761401899965,-0.6338963870885707,0.8349600223009475,6.359999857842922
21:06:02.215343,144,-0.79549166168043,2.8743208500100783,-1.225917576794744,0.8349600223009475,6.7599998489022255
21:06:02.215343,144,-0.8143890221263032,2.9426019895320032,-1.2194938053023845,0.8349600223009475,5.359999880194664
21:06:02.267589,145,-1.0220407090830066,2.0658984727996708,-0.677866570478496,0.7655200204462744,19.759999558329582
21:06:02.267589,145,-0.948854744501965,1.9925415954976284,-0.5574649932922358,0.7655200204462744,39.35999912023544
21:06:02.267589,145,-0.9750742208241701,2.0657644197103595,-0.5050825636217261,0.7655200204462744,35.999999195337296
21:06:02.267589,145,-1.0002804751055434,2.0756656152786417,-0.6804836684180959,0.7655200204462744,24.35999945551157
21:06:02.267589,145,-1.0351205180958547,2.0158433975636734,-0.9720208586124209,0.8349600223009475,7.519999831914902
21:06:02.267589,145,-0.9021934377543298,1.9399684902671455,-0.5656312605123037,0.7655200204462744,38.99999912828207
21:06:02.267589,145,-0.9281183480016839,2.001606754764619,-0.5598939953970855,0.7655200204462744,48.63999891281128
21:06:02.267589,145,-0.9539079078088697,2.057225262063405,-0.5754517307991132,0.7655200204462744,43.87999901920557
21:06:02.267589,145,-0.9784202139186057,2.0852220851925405,-0.6830443168140174,0.7655200204462744,30.879999309778214
21:06:02.267589,145,-1.0130818023495436,2.025735537371118,-0.9746714494852414,0.8349600223009475,8.359999813139439
21:06:02.267589,145,-0.8558395106187769,1.8742123833957933,-0.6134265852581752,0.7655200204462744,24.51999945193529
21:06:02.267589,145,-0.8810200427953732,1.9293555085265222,-0.6314748380864481,0.7655200204462744,49.359998896718025
21:06:02.267589,145,-0.9072891404441811,2.0104711659109693,-0.5622692072051275,0.7655200204462744,60.99999863654375
21:06:02.267589,145,-0.9324999205136351,2.0663359879840586,-0.5778929424520135,0.7655200204462744,53.87999879568815
21:06:02.267589,145,-0.9564621115299974,2.094566926902381,-0.6855482596035659,0.7655200204462744,40.11999910324812
21:06:02.267589,145,-0.968702662846258,2.0448787430250395,-0.9798008559807526,0.8349600223009475,9.63999978452921
21:06:02.267589,145,-0.8361058813452331,1.8823839200632404,-0.6156161419091389,0.7655200204462744,29.519999340176582
21:06:02.267589,145,-0.8607058101718807,1.9377674683567627,-0.6337288159297241,0.7655200204462744,63.75999857485294
21:06:02.267589,145,-0.886236248249956,2.0129395048519707,-0.5864933220357942,0.7655200204462744,77.99999825656414
21:06:02.267589,145,-0.9109986840075981,2.0752394765450846,-0.5802786250217602,0.7655200204462744,65.87999852746725
21:06:02.267589,145,-0.9344083637315607,2.1036992059318225,-0.6879952463945604,0.7655200204462744,53.35999880731106
21:06:02.267589,145,-0.9446948832131222,2.0440241333382025,-1.0047091917682798,0.8349600223009475,11.359999746084213
21:06:02.267589,145,-0.9837856461817319,2.04352559015874,-1.1189327827467896,0.8349600223009475,5.759999871253967
21:06:02.267589,145,-0.816288642184045,1.8903644391167744,-0.6177545155447145,0.7655200204462744,35.35999920964241
21:06:02.267589,145,-0.8403055076884715,1.9459827904479228,-0.6359301048496119,0.7655200204462744,83.75999812781811
21:06:02.267589,145,-0.8652308276725689,2.0213985115673787,-0.5887599060539571,0.7655200204462744,100.6399977505207
21:06:02.267589,145,-0.8894063483963959,2.083934837405087,-0.5826085399420949,0.7655200204462744,79.23999822884798
21:06:02.267589,145,-0.9097059069530032,2.0818035137799176,-0.7813680894300632,0.7655200204462744,72.87999837100506
21:06:02.267589,145,-0.9223038860288133,2.0530411199226393,-1.007125286041742,0.8349600223009475,13.759999692440033
21:06:02.267589,145,-0.9383220093931244,2.0620923428938873,-1.1239077291482407,0.8349600223009475,6.7599998489022255
21:06:02.267589,145,-0.7963897748425256,1.8981531425111764,-0.6198414923293301,0.7655200204462744,41.63999906927347
21:06:02.267589,145,-0.8198211753583018,1.9540006532746754,-0.6380784847190638,0.7655200204462744,110.35999753326178
21:06:02.267589,145,-0.8220984540041482,2.017891258732279,-0.6584706178367299,0.7655200204462744,129.87999709695578
21:06:02.267589,145,-0.8459570256142942,2.1006977188063636,-0.5871001404763858,0.7655200204462744,92.23999793827534
21:06:02.267589,145,-0.8875297841616575,2.090483567769686,-0.7836939028868802,0.7655200204462744,100.11999776214361
21:06:02.267589,145,-0.8998206592286085,2.061841378846446,-1.0094833083135608,0.8349600223009475,17.519999608397484
21:06:02.267589,145,-0.9154483048924904,2.071045440415921,-1.1263067043990267,0.8349600223009475,7.879999823868275
21:06:02.267589,145,-0.7559388189233466,1.9065281594603007,-0.6443076755258539,0.7655200204462744,47.35999894142151
21:06:02.267589,145,-0.778180070369748,1.9626220801886942,-0.663264512589238,0.7655200204462744,142.51999681442976
21:06:02.267589,145,-0.8008621229775729,2.025729621558654,-0.6605709008260393,0.7655200204462744,162.8799963593483
21:06:02.267589,145,-0.8239807666570937,2.1023919723608615,-0.6117715755603796,0.7655200204462744,101.11999773979187
21:06:02.267589,145,-0.8652649091354687,2.0989489864379314,-0.7859622049826279,0.7655200204462744,132.63999703526497
21:06:02.267589,145,-0.8772474511163515,2.0704240300911043,-1.011783022783485,0.8349600223009475,23.639999471604824
21:06:02.267589,145,-0.8924830563283306,2.079777150954932,-1.1286463591864968,0.8349600223009475,9.119999796152115
21:06:02.267589,145,-0.7358181186158914,1.9137328521010426,-0.6462381671006552,0.7655200204462744,51.11999885737896
21:06:02.267589,145,-0.7574673782983918,1.9700387494823155,-0.6652518031369927,0.7655200204462744,170.87999618053436
21:06:02.267589,145,-0.7795457064096627,2.0333624686875833,-0.662616116050186,0.7655200204462744,190.35999574512243
21:06:02.267589,145,-0.8020490049192491,2.1102451583820563,-0.6138758304127702,0.7655200204462744,102.51999770849943
21:06:02.267589,145,-0.8204778169064627,2.1152325532187595,-0.790325373551449,0.7655200204462744,156.51999650150537
21:06:02.267589,145,-0.8545865189939413,2.078788215398681,-1.0140241994819943,0.8349600223009475,29.759999334812164
21:06:02.267589,145,-0.8694285602062608,2.088286601347182,-1.130926459547133,0.8349600223009475,9.879999779164791
21:06:02.267589,145,-0.7156238371130438,1.920742836712982,-0.6481164868163789,0.7655200204462744,51.51999884843826
21:06:02.267589,145,-0.7366789401238124,1.9772549820424836,-0.6671853868238848,0.7655200204462744,179.8799959793687
21:06:02.267589,145,-0.7581513359242157,2.0407890368407493,-0.6646060589893615,0.7655200204462744,197.75999557971954
21:06:02.267589,145,-0.7792180342206272,2.097496299478938,-0.6830734211996096,0.7655200204462744,95.879997856915
21:06:02.267589,145,-0.7972000833230409,2.114783741146708,-0.8149653695970503,0.7655200204462744,153.1199965775013
21:06:02.267589,145,-0.8269254236106228,2.0551460378688544,-1.082817042200599,0.8349600223009475,31.119999304413795
21:06:02.267589,145,-0.8462871219565785,2.0965729406547604,-1.1331467774728088,0.8349600223009475,9.999999776482582
21:06:02.267589,145,-0.6937921457021676,1.9064973548544932,-0.7108767797632985,0.6958000185841229,48.51999891549349
21:06:02.267589,145,-0.7142049161246178,1.962590369248979,-0.7317922147301685,0.8349600223009475,162.63999636471272
21:06:02.267589,145,-0.7362756755187868,2.040982700200448,-0.6881876937437054,0.904680024163099,179.99999597668648
21:06:02.267589,145,-0.7571512587039925,2.1049164550415824,-0.6850616458903335,0.7655200204462744,83.75999812781811
21:06:02.267589,145,-0.7719442174451591,2.0962874257545128,-0.8841311848858651,0.7655200204462744,125.63999719172716
21:06:02.267589,145,-0.8042307326757672,2.063023982632754,-1.084927931138103,0.8349600223009475,26.87999939918518
21:06:02.267589,145,-0.8230610557037207,2.1046353402506783,-1.1353070909335923,4.035640107787913,9.119999796152115
21:06:02.267589,145,-0.6735025596024923,1.9131009360768358,-0.7126462040189786,0.8349600223009475,43.119999036192894
21:06:02.267589,145,-0.6933183692989023,1.9693882412085304,-0.7336136990319804,0.8349600223009475,130.87999707460403
21:06:02.267589,145,-0.714743680952293,2.0479906437977378,-0.690065466571202,0.8349600223009475,147.75999669730663
21:06:02.267589,145,-0.7350087686958294,2.1121230944730374,-0.686992659106134,0.7655200204462744,70.11999843269587
21:06:02.267589,145,-0.7493691151453937,2.1036348660081896,-0.8860999255682735,0.7655200204462744,93.87999790161848
21:06:02.267589,145,-0.779750961114646,2.059640286561168,-1.1089607606568976,0.8349600223009475,21.7599995136261
21:06:02.267589,145,-0.7997526840348536,2.112472993901732,0.8625928161000531,4.035640107787913,7.639999829232693
21:06:02.267589,145,-0.6531456238111174,1.9195082080414367,1.2856369726324202,0.8349600223009475,36.75999917834997
21:06:02.267589,145,-0.6723624912171196,1.9759840280942895,1.2646189651985327,0.8349600223009475,99.75999777019024
21:06:02.267589,145,-0.6931402126165168,2.054790257375367,1.3081125824618285,0.8349600223009475,114.8799974322319
21:06:02.267589,145,-0.7124004513635765,2.1118865709520795,1.2888871550442385,0.7655200204462744,57.51999871432781
21:06:02.267589,145,-0.7267190765619357,2.1107638837886755,1.111989859874618,0.7655200204462744,68.51999846845865
21:06:02.267589,145,-0.756947554705615,2.0670620321615156,0.8890505886030602,0.8349600223009475,17.23999961465597
21:06:02.267589,145,-0.7763643377676165,2.1200851178491225,0.8605531536356643,4.035640107787913,6.11999986320734
21:06:02.267589,145,-0.6327233740045677,1.9257185300264668,1.283972921871794,0.8349600223009475,30.63999931514263
21:06:02.267589,145,-0.6513393774495212,1.9823770703330945,1.262905954693467,0.8349600223009475,74.99999832361937
21:06:02.267589,145,-0.6699553808944747,2.0390356106397225,1.2418389875151394,0.8349600223009475,87.87999803572893
21:06:02.267589,145,-0.6901254495115344,2.1186603071970427,1.287072137887659,0.7655200204462744,46.759998954832554
21:06:02.267589,145,-0.7030407965686584,2.108528400853514,1.0879427542827065,0.7655200204462744,50.75999886542559
21:06:02.267589,145,-0.7340684541752844,2.074263146361885,0.887121055868467,0.8349600223009475,14.119999684393406
21:06:02.267589,145,-0.611654743346464,1.9243049770596439,1.2621962783252647,0.8349600223009475,25.359999433159828
21:06:02.267589,145,-0.6296508649962669,1.9809219277743884,1.2404885981783047,0.8349600223009475,56.87999872863293
21:06:02.267589,145,-0.6482644081890273,2.045402176247225,1.2401330714020493,0.8349600223009475,67.63999848812819
21:06:02.267589,145,-0.6677814356927289,2.1252185483531267,1.285314862466118,0.7655200204462744,38.239999145269394
21:06:02.267589,145,-0.6802786258867441,2.1152093761598527,1.0861525923447206,0.7655200204462744,38.519999139010906
21:06:02.267589,145,-0.7111159474145397,2.081242909056888,0.8852508340909799,0.8349600223009475,11.759999737143517
21:06:02.267589,145,-0.608519738196593,1.9869018822886417,1.2388862741954358,0.8349600223009475,43.99999901652336
21:06:02.267589,145,-0.6265086095858774,2.0515589083184227,1.2384833800155572,0.8349600223009475,52.7599988207221
21:06:02.267589,145,-0.654373548997529,2.0929112525311293,1.0184071385181428,0.7655200204462744,29.999999329447746
21:06:02.267589,145,-0.6880923296548268,2.0880006222761045,0.8834401102912097,0.5566400148672983,10.119999773800373
21:06:02.267589,145,-0.5873277599329177,1.9926774302029253,1.2373387207959563,0.8349600223009475,34.759999223053455
21:06:02.267589,145,-0.6046901606466584,2.0575051911852658,1.2368900783234196,0.8349600223009475,41.75999906659126
21:06:02.267589,145,-0.6304689717345072,2.089104855053858,0.9949345401509326,0.7655200204462744,23.999999463558197
21:06:02.267589,145,-0.6649999032386329,2.0945356102538737,0.8816890655400194,0.5566400148672983,8.879999801516533
21:06:02.267589,145,-0.8661579487785382,2.3567391994079574,-0.023104542884955226,0.3480400092958007,5.359999880194664
21:06:02.267589,145,-0.5828112431979847,2.063240430224451,1.2353533256544704,0.8349600223009475,33.639999248087406
21:06:02.267589,145,-0.7971141577025507,2.4273146408130026,-0.06931238420240149,0.7655200204462744,6.11999986320734
21:06:02.323753,146,-3.12744499724568,6.38417550187521,0.8112797014846624,0.06972000186215155,5.519999876618385
21:06:02.323753,146,-3.1569434486895553,6.425527222756485,0.7296638265683488,0.06972000186215155,6.11999986320734
21:06:02.323753,146,-1.0545873469716853,2.0747064359245524,0.858422392833746,0.904680024163099,5.359999880194664
21:06:02.323753,146,-1.0803189120969467,2.1253285526464074,0.8305682955617755,0.4872000130126253,5.639999873936176
21:06:02.323753,146,-0.8820783603747272,1.9546063438378802,1.4533545280417586,0.6958000185841229,24.879999443888664
21:06:02.323753,146,-0.9071530459450077,2.0278419313362104,1.503769199418499,0.6958000185841229,34.11999923735857
21:06:02.323753,146,-0.966991411700576,2.0347913207842403,0.9977647328994224,0.904680024163099,13.519999697804451
21:06:02.323753,146,-1.031540256257645,2.084781742304845,0.8557227226256505,0.904680024163099,6.11999986320734
21:06:02.323753,146,-1.056709480371174,2.135649693004346,0.8278027543378976,0.4872000130126253,6.6399998515844345
21:06:02.323753,146,-1.0713387341620595,2.1363819257678367,0.7039645650673618,0.4872000130126253,5.359999880194664
21:06:02.323753,146,-0.8617397254579245,1.9630284084608984,1.4510978426274181,0.6958000185841229,31.999999284744263
21:06:02.323753,146,-0.8863692047327613,2.0191339425029917,1.435409608802829,0.6958000185841229,43.359999030828476
21:06:02.323753,146,-0.9446948832131222,2.0440241333382025,0.9952908082317202,0.904680024163099,15.639999650418758
21:06:02.323753,146,-0.9689276527003897,2.0964562641031383,0.9695185862386779,0.904680024163099,4.999999888241291
21:06:02.323753,146,-1.008390012382204,2.0946339308378774,0.8530828366645453,0.904680024163099,6.9999998435378075
21:06:02.323753,146,-1.0329943785826765,2.145742271517016,0.8250984560758801,0.4872000130126253,7.759999826550484
21:06:02.323753,146,-1.0472953167398091,2.1466142275395566,0.7012228280709178,0.4872000130126253,5.999999865889549
21:06:02.323753,146,-0.8413149172905425,1.9712535991354805,1.448893909428572,0.6958000185841229,42.35999905318022
21:06:02.323753,146,-0.8653606328434691,2.0275942182702833,1.4331426847432385,0.6958000185841229,56.519998736679554
21:06:02.323753,146,-0.8892729363382647,2.101785643228434,1.4852655786262248,0.6958000185841229,47.23999894410372
21:06:02.323753,146,-0.9223038860288133,2.0530411199226393,0.9928747139582581,0.904680024163099,18.519999586045742
21:06:02.323753,146,-0.9459622945419726,2.1057045492383057,0.9670405157053372,0.904680024163099,5.639999873936176
21:06:02.323753,146,-0.9851389303503552,2.104262016313051,0.8505029989368147,0.904680024163099,7.879999823868275
21:06:02.323753,146,-0.9993442985550044,2.10644152378281,0.7288210197997862,0.4872000130126253,8.879999801516533
21:06:02.323753,146,-1.0231471706633095,2.1566137799979344,0.698543456065023,0.4872000130126253,6.6399998515844345
21:06:02.323753,146,-0.8000949262329736,1.9810841628341609,1.4233518282271018,0.6958000185841229,57.6399987116456
21:06:02.323753,146,-0.8230859925430806,2.0439039035832383,1.4287725177348265,0.6958000185841229,75.75999830663204
21:06:02.323753,146,-0.8459570256142942,2.1006977188063636,1.4128998595236142,0.6958000185841229,58.35999869555235
21:06:02.323753,146,-0.8945043090891909,2.0302025660836307,0.9238665409206801,0.904680024163099,22.239999502897263
21:06:02.323753,146,-0.9229023409466293,2.1147305473396174,0.9646220068032059,0.904680024163099,6.7599998489022255
21:06:02.323753,146,-0.9383435620235501,2.1228420493942948,0.8455244940773519,0.904680024163099,8.759999804198742
21:06:02.323753,146,-0.9756580102383015,2.115980131743355,0.7262651574998409,0.4872000130126253,9.879999779164791
21:06:02.323753,146,-0.9874714129085245,2.1124829993484484,0.6021738123726854,0.4872000130126253,7.239999838173389
21:06:02.323753,146,-0.779426987224684,1.988712731282149,1.421307759472058,0.6958000185841229,80.11999820917845
21:06:02.323753,146,-0.8017038769408888,2.045552351821506,1.4047680919558392,0.6958000185841229,104.23999767005444
21:06:02.323753,146,-0.824104383339271,2.1087635630735426,1.4107386230659484,0.6958000185841229,72.99999836832285
21:06:02.323753,146,-0.8720644687506829,2.0387345090247253,0.9215804136997454,0.7655200204462744,27.519999384880066
21:06:02.323753,146,-0.8997500978903997,2.1235333558148244,0.9622633013811484,0.7655200204462744,8.359999813139439
21:06:02.323753,146,-0.9148039552262217,2.131792139012622,0.843126324791935,0.904680024163099,9.119999796152115
21:06:02.323753,146,-0.9518741569379815,2.1252894746196525,0.7237707265940727,0.4872000130126253,10.119999773800373
21:06:02.323753,146,-0.9633995814097603,2.12190506104101,0.5996491785511275,0.4872000130126253,7.639999829232693
21:06:02.323753,146,-0.7578845242326562,1.9768615675807235,1.3557959517543936,0.7655200204462744,111.51999750733376
21:06:02.323753,146,-0.7795457064096627,2.0333624686875833,1.337383883949814,0.7655200204462744,145.51999674737453
21:06:02.323753,146,-0.8021693313163494,2.116617927259131,1.4086340525253602,0.6958000185841229,91.23999796062708
21:06:02.323753,146,-0.849537422695916,2.047049276776403,0.919352478395431,0.7655200204462744,34.639999225735664
21:06:02.323753,146,-0.8765078805781922,2.1321120943904543,0.9599646353077305,0.7655200204462744,10.359999768435955
21:06:02.323753,146,-0.8911728687997943,2.140514409783405,0.8407891993827379,0.7655200204462744,8.879999801516533
21:06:02.323753,146,-0.9173807857556446,2.0815155815660478,0.6298225306560432,0.904680024163099,9.359999790787697
21:06:02.323753,146,-0.9507115671160685,2.064504866223102,0.5081657470893997,0.5566400148672983,7.639999829232693
21:06:02.323753,146,-0.7370846376278042,1.9840817742025598,1.3538613032208866,0.7655200204462744,146.23999673128128
21:06:02.323753,146,-0.7581513359242157,2.0407890368407493,1.3353939410106386,0.7655200204462744,198.63999556005
21:06:02.323753,146,-0.7800370389528698,2.1178861107319134,1.384076782575681,0.6958000185841229,112.2399974912405
21:06:02.323753,146,-0.8269254236106228,2.0551460378688544,0.9171829577994011,0.7655200204462744,43.239999033510685
21:06:02.323753,146,-0.8531780132122662,2.1404659051998376,0.9577262384476339,0.7655200204462744,12.639999717473984
21:06:02.323753,146,-0.8674526658331121,2.1490079894868725,0.8385133515603445,0.7655200204462744,8.119999818503857
21:06:02.323753,146,-0.8936831350073215,2.090262421331618,0.6274788220045342,0.904680024163099,7.999999821186066
21:06:02.323753,146,-0.9029191321362856,2.082410160318091,0.5033680379964056,0.4872000130126253,7.239999838173389
21:06:02.323753,146,-0.6957409354130831,1.9341928400195096,1.37050169982785,0.7655200204462744,21.87999951094389
21:06:02.323753,146,-0.7162110431767196,1.9911007116935335,1.3519805845884556,0.7655200204462744,164.51999632269144
21:06:02.323753,146,-0.7366811509403559,2.0480085833675585,1.333459469349061,0.7655200204462744,244.5199945345521
21:06:02.323753,146,-0.7571512587039925,2.1049164550415824,1.3149383541096666,0.8349600223009475,132.63999703526497
21:06:02.323753,146,-0.8024763930808418,2.0519986517291855,0.8930868092251858,0.7655200204462744,50.99999886006117
21:06:02.323753,146,-0.8297628287598121,2.1485939528688904,0.9555483346386695,0.7655200204462744,14.359999679028988
21:06:02.323753,146,-0.8436457183265994,2.1572720287721707,0.8362990089076296,0.7655200204462744,6.8799998462200165
21:06:02.323753,146,-0.8698961166942263,2.0987799258501885,0.6251965635472547,0.904680024163099,6.239999860525131
21:06:02.323753,146,-0.8788862807932937,2.091015691167469,0.5010621929548738,0.4872000130126253,6.359999857842922
21:06:02.323753,146,-0.6948831481372542,1.991083270609289,1.3291093344219351,0.7655200204462744,149.87999664992094
21:06:02.323753,146,-0.714743680952293,2.0479906437977378,1.309934533428798,0.7655200204462744,247.75999446213245
21:06:02.323753,146,-0.7350087686958294,2.1121230944730374,1.3130073408938658,0.8349600223009475,145.51999674737453
21:06:02.323753,146,-0.779750961114646,2.059640286561168,0.8910392393431024,0.7655200204462744,53.63999880105257
21:06:02.323753,146,-0.806264668719658,2.1564954245996573,0.9534311416693932,0.7655200204462744,14.51999967545271
21:06:02.323753,146,-0.819754406955061,2.165305701242295,0.8341463928570039,0.7655200204462744,5.639999873936176
21:06:02.323753,146,-0.8622496542745532,2.0141303685168013,0.3902153383181104,0.6263600167294499,5.359999880194664
21:06:02.323753,146,-0.6738799738694571,1.9976939437986543,1.3273380098794187,0.7655200204462744,116.35999739915133
21:06:02.323753,146,-0.6931402126165168,2.054790257375367,1.3081125824618285,0.7655200204462744,205.3599954098463
21:06:02.323753,146,-0.7127927784265876,2.119115497115397,1.3111337322526924,0.8349600223009475,144.87999676167965
21:06:02.323753,146,-0.7299371374374739,2.14518826366766,1.2016480180250677,0.8349600223009475,57.35999871790409
21:06:02.323753,146,-0.756947554705615,2.0670620321615156,0.8890505886030602,0.7655200204462744,49.51999889314175
21:06:02.323753,146,-0.7780615923031733,2.1314270398396307,0.8830933163440076,0.7655200204462744,12.639999717473984
21:06:02.323753,146,-0.6513393774495212,1.9823770703330945,1.262905954693467,0.7655200204462744,84.51999811083078
21:06:02.323753,146,-0.6699553808944747,2.0390356106397225,1.2418389875151394,0.8349600223009475,152.11999659985304
21:06:02.323753,146,-0.6901254495115344,2.1186603071970427,1.287072137887659,0.8349600223009475,130.99999707192183
21:06:02.323753,146,-0.7340684541752844,2.074263146361885,0.887121055868467,0.7655200204462744,41.879999063909054
21:06:02.323753,146,-0.7545443099255105,2.138829019469877,0.8811099618796914,0.7655200204462744,9.999999776482582
21:06:02.323753,146,-0.93756362201049,1.9644554100201044,-0.2924641564388839,0.6958000185841229,10.519999764859676
21:06:02.323753,146,-0.9587293804958732,2.239977082208447,-0.11204684698398193,0.13916000371682458,6.9999998435378075
21:06:02.323753,146,-0.6302511302898703,1.9885667286260773,1.2612474407524374,0.8349600223009475,61.23999863117933
21:06:02.323753,146,-0.6482644081890273,2.045402176247225,1.2401330714020493,0.8349600223009475,109.35999755561352
21:06:02.323753,146,-0.6662776860881843,2.1022376238683727,1.2190187020516616,0.8349600223009475,110.23999753594398
21:06:02.323753,146,-0.6812032577505401,2.1243638222602037,1.108345767344059,0.8349600223009475,54.51999878138304
21:06:02.323753,146,-0.7111159474145397,2.081242909056888,0.8852508340909799,0.7655200204462744,34.23999923467636
21:06:02.323753,146,-0.730951573749013,2.146003473291166,0.8791875727721425,0.7655200204462744,8.239999815821648
21:06:02.323753,146,-0.8711909476600985,2.0583638892906446,-0.14517349967383053,0.6958000185841229,10.519999764859676
21:06:02.323753,146,-0.6090998585452154,1.9945523840125947,1.2596435892254492,0.8349600223009475,45.35999898612499
21:06:02.323753,146,-0.6265086095858774,2.0515589083184227,1.2384833800155572,0.8349600223009475,79.63999821990728
21:06:02.323753,146,-0.6439173606265393,2.1085654326242507,1.2173231708056655,0.8349600223009475,89.23999800533056
21:06:02.323753,146,-0.6583420290663503,2.130833382968793,1.1066122537768084,0.8349600223009475,50.519998870790005
21:06:02.323753,146,-0.6880923296548268,2.0880006222761045,0.8834401102912097,0.7655200204462744,28.11999937146902
21:06:02.323753,146,-0.7072857430275323,2.152949683864125,0.8773263412586618,0.7655200204462744,7.879999823868275
21:06:02.323753,146,-0.8452827760201815,0.03555304260362768,-0.9146970485360364,0.5566400148672983,6.7599998489022255
21:06:02.323753,146,-0.5878876773250103,2.0003334379321225,1.258094560496311,0.8349600223009475,34.51999922841787
21:06:02.323753,146,-0.6041142401930882,2.0496303662446493,1.2155410136519635,0.8349600223009475,59.51999866962433
21:06:02.323753,146,-0.6214926439683063,2.1146769444384095,1.2156855961505282,0.8349600223009475,71.11999841034412
21:06:02.323753,146,-0.6354149667308134,2.1370818013752824,1.104937995110818,0.8349600223009475,45.639998979866505
21:06:02.323753,146,-0.6418409773892526,2.100847219496872,0.8799978749404171,0.7655200204462744,23.23999948054552
21:06:02.323753,146,-0.6597442712753405,2.1661546196976986,0.8737880893659509,0.7655200204462744,7.519999831914902
21:06:02.323753,146,-0.566077049385313,1.9982479939672873,1.2358460927339094,0.8349600223009475,26.99999939650297
21:06:02.323753,146,-0.5822561607154626,2.0553601429137087,1.2140057246206784,0.8349600223009475,45.759998977184296
21:06:02.323753,146,-0.5984352720456122,2.11247229186013,1.1921653565074475,0.8349600223009475,56.87999872863293
21:06:02.323753,146,-0.6124243634309544,2.143108452643065,1.1033231587705516,0.8349600223009475,40.51999909430742
21:06:02.323753,146,-0.6186178679798683,2.1069348188494645,0.8783667076100459,0.4872000130126253,19.63999956101179
21:06:02.323753,146,-0.6358733843519743,2.1724120244757925,0.8721114228089459,0.7655200204462744,6.9999998435378075
21:06:02.323753,146,-0.5584013296859941,2.0359885998012843,1.1489694886888278,0.8349600223009475,35.999999195337296
21:06:02.323753,146,-0.5739175884900092,2.0925624730302497,1.125321963223509,0.8349600223009475,45.87999897450209
21:06:02.323753,146,-0.5514128332579945,2.097997446787667,1.1238656663943245,0.8349600223009475,37.35999916493893
21:06:02.371456,147,-0.9258916807002477,2.043887706450232,1.6171655792250152,0.6958000185841229,39.11999912559986
21:06:02.371456,147,-0.9516193682584205,2.1006810716047526,1.6065277858745406,0.6958000185841229,51.639998845756054
21:06:02.371456,147,-0.979203707462631,2.136646034064138,1.5020937611149916,0.6958000185841229,39.519999116659164
21:06:02.371456,147,-0.8805351220493933,1.9912495937350172,1.6038277905850884,0.6958000185841229,18.759999580681324
21:06:02.371456,147,-0.9051124449114132,2.0527308508104136,1.6147960658351526,0.6958000185841229,50.23999887704849
21:06:02.371456,147,-0.9308684672546569,2.1050738475115556,1.5811817063144213,0.6958000185841229,65.51999853551388
21:06:02.371456,147,-0.9572280215948429,2.145998358880976,1.4995878132329663,0.6958000185841229,48.63999891281128
21:06:02.371456,147,-0.8613950410728594,1.9851489220089256,1.5368026275042246,0.6958000185841229,22.519999496638775
21:06:02.371456,147,-0.8848184593697777,2.0568093412728876,1.5901876254802436,0.6958000185841229,65.63999853283167
21:06:02.371456,147,-0.9106342966967711,2.098624447826426,1.5103252358997437,0.6958000185841229,84.87999810278416
21:06:02.371456,147,-0.9351566137268615,2.155137950802731,1.497138866958382,0.6958000185841229,60.63999864459038
21:06:02.371456,147,-0.8409784025560519,1.9933708227170532,1.5345995758492328,0.6958000185841229,26.75999940186739
21:06:02.371456,147,-0.8650145001437926,2.050343576687615,1.5212979143817515,0.6958000185841229,86.99999805539846
21:06:02.371456,147,-0.8890505977315334,2.107316330658177,1.5079962529142703,0.6958000185841229,111.75999750196934
21:06:02.371456,147,-0.9129916909809827,2.1640638958778666,1.4947471671838146,0.6958000185841229,76.11999829858541
21:06:02.371456,147,-0.799894884171777,2.0092209695576955,1.530352541803368,0.6958000185841229,31.119999304413795
21:06:02.371456,147,-0.822756769135114,2.066646738344195,1.5169294953817969,0.6958000185841229,114.11999744921923
21:06:02.371456,147,-0.845618654098451,2.1240725071306947,1.5035064489602257,0.6958000185841229,147.51999670267105
21:06:02.371456,147,-0.8686073476162309,2.175595977537688,1.466792520213649,0.6958000185841229,95.3599978685379
21:06:02.371456,147,-0.7792321126217281,2.016847630688806,1.5283089841123414,0.6958000185841229,34.759999223053455
21:06:02.371456,147,-0.8017038769408888,2.069116255470508,1.4927097775985736,0.6958000185841229,142.51999681442976
21:06:02.371456,147,-0.8239807666570937,2.1266106445571675,1.4786137395680892,0.6958000185841229,188.9999957755208
21:06:02.371456,147,-0.8461696054258037,2.183877783094078,1.4645734171029425,0.6958000185841229,116.75999739021063
21:06:02.371456,147,-0.7586811061706767,2.0190504197776944,1.5048153407462452,0.6958000185841229,36.63999918103218
21:06:02.371456,147,-0.7803650555449628,2.076757125178028,1.490662412730972,0.6958000185841229,158.63999645411968
21:06:02.371456,147,-0.8021693313163494,2.116617927259131,1.4086340525253602,0.6958000185841229,222.51999502629042
21:06:02.371456,147,-0.8237708136300617,2.173615973601223,1.392709258898131,0.6958000185841229,135.51999697089195
21:06:02.371456,147,-0.7379700540673646,2.0093983489593388,1.438673054517782,0.6958000185841229,35.999999195337296
21:06:02.371456,147,-0.7590620585498594,2.0668291874463147,1.422629706437461,0.6958000185841229,151.11999662220478
21:06:02.371456,147,-0.7801540630323541,2.124260025933291,1.4065863583571399,0.6958000185841229,227.2399949207902
21:06:02.371456,147,-0.8011626999081987,2.1814638650586584,1.390606422719824,0.6958000185841229,143.8799967840314
21:06:02.371456,147,-0.8222547043906934,2.238894703545635,1.3745630746395032,0.6958000185841229,47.63999893516302
21:06:02.371456,147,-0.717071385394493,2.0164257178872536,1.4367900766886317,0.6958000185841229,33.11999925971031
21:06:02.371456,147,-0.7375660826950811,2.0740574063899055,1.4206929110088105,0.6958000185841229,125.35999719798565
21:06:02.371456,147,-0.7580607799956693,2.1316890948925575,1.4045957453289892,0.6958000185841229,199.23999554663897
21:06:02.371456,147,-0.7784744705875596,2.189092990160021,1.3885622048099582,0.6958000185841229,137.51999692618847
21:06:02.371456,147,-0.812589771454238,2.206664266278112,1.0693162261909042,0.6958000185841229,8.999999798834324
21:06:02.371456,147,-0.6961010101838448,2.0232508731805265,1.434961281839582,0.6958000185841229,29.11999934911728
21:06:02.371456,147,-0.7158889505070825,2.074873902926897,1.3969114060163217,0.6958000185841229,96.51999784260988
21:06:02.371456,147,-0.7357813068473672,2.1325282793618783,1.3801534253158416,0.6958000185841229,157.23999648541212
21:06:02.371456,147,-0.7557083944720683,2.1965025859991933,1.3865768095886108,0.6958000185841229,119.3599973320961
21:06:02.371456,147,-0.7756037351381905,2.2543293450270605,1.3704273749190914,0.6958000185841229,52.3599988296628
21:06:02.371456,147,-0.7877552976160553,2.2047917332252736,1.0438741653152335,0.6958000185841229,10.87999975681305
21:06:02.371456,147,-1.0247337189170989,2.3568862799645123,-0.05044116178880076,0.06972000186215155,5.879999868571758
21:06:02.371456,147,-0.6749597654621953,2.023840792293629,1.4118952238923608,0.6958000185841229,24.759999446570873
21:06:02.371456,147,-0.6935219328461294,2.061823744521874,1.3297577080744563,0.7655200204462744,72.51999837905169
21:06:02.371456,147,-0.7135419662443768,2.1395280314373903,1.3782778473999902,0.6958000185841229,118.75999734550714
21:06:02.371456,147,-0.7327568172268071,2.1971430201018727,1.3615355966567542,0.6958000185841229,97.51999782025814
21:06:02.371456,147,-0.7639450183762109,2.212285932558918,1.0418661006558656,0.6958000185841229,13.239999704062939
21:06:02.371456,147,-0.9857838887314982,2.230585726225389,-0.10953044073248819,0.13916000371682458,13.639999695122242
21:06:02.371456,147,-0.6718372156214133,2.068417977644838,1.3279907886344555,0.7655200204462744,54.87999877333641
21:06:02.371456,147,-0.6905055094766815,2.1258929637342554,1.3093177155454405,0.7655200204462744,89.11999800801277
21:06:02.371456,147,-0.7098453221125326,2.2041103113242353,1.3596687166002894,0.7655200204462744,77.35999827086926
21:06:02.371456,147,-0.7365971007040609,2.189341312149734,0.9704122486542679,0.6958000185841229,15.519999653100967
21:06:02.371456,147,-0.9399234777771993,2.1960389366200816,-0.07061810979318128,0.20888000557897612,14.6399996727705
21:06:02.371456,147,-0.6500853152380006,2.074802426270513,1.326280080781088,0.7655200204462744,42.23999905586243
21:06:02.371456,147,-0.668149190554334,2.132454816588629,1.3075594723722592,0.7655200204462744,67.87999848276377
21:06:02.371456,147,-0.6861416671540017,2.189879331846198,1.2889128584630702,0.7655200204462744,60.99999863654375
21:06:02.371456,147,-0.8711909476600985,2.0583638892906446,-0.14517349967383053,0.20888000557897612,7.759999826550484
21:06:02.371456,147,-0.9086207955134163,2.1845019233443894,-0.09663113319843664,0.13916000371682458,14.359999679028988
21:06:02.371456,147,-0.6279226027205415,2.0739324230036944,1.3029834546403354,0.7655200204462744,33.2399992570281
21:06:02.371456,147,-0.6453706442898217,2.131560638601711,1.2836155045056845,0.7655200204462744,52.7599988207221
21:06:02.371456,147,-0.6631147051069365,2.196395793885743,1.2871667777220661,0.7655200204462744,48.35999891906977
21:06:02.371456,147,-0.8553883176246369,2.201541510555433,-0.10119687683099521,0.13916000371682458,13.639999695122242
21:06:02.371456,147,-0.6228953163631777,2.137685943739083,1.2819742339407314,0.7655200204462744,41.75999906659126
21:06:02.371456,147,-0.6400214321449187,2.202689510443502,1.285480381453024,0.7655200204462744,38.87999913096428
21:06:02.371456,147,-0.8286424385016887,2.2096748221493843,-0.10337619110438512,0.13916000371682458,12.359999723732471
21:06:02.371456,147,-0.6165246304222227,2.2013183276784645,1.2610129915750794,0.7655200204462744,31.63999929279089
21:06:02.371456,147,-0.810728205458396,2.125016956628018,-0.1955694529550498,0.13916000371682458,10.87999975681305
21:06:02.433705,148,-0.9553136293903,2.166583577846027,-0.40656889701528653,0.6958000185841229,33.11999925971031
21:06:02.433705,148,-0.9824287176888591,2.202495506102297,-0.5135864097901409,0.8349600223009475,32.75999926775694
21:06:02.433705,148,-0.9332863628660868,2.1757048911934684,-0.4090129455606445,0.6958000185841229,41.11999908089638
21:06:02.433705,148,-0.9597762415388175,2.2118757137114815,-0.5160998288438583,0.7655200204462744,39.759999111294746
21:06:02.433705,148,-1.0472953167398091,2.1466142275395566,-1.2987771719290822,0.904680024163099,5.239999882876873
21:06:02.433705,148,-1.0694511006493321,2.0730751792149436,-1.5159678030414123,0.7655200204462744,5.639999873936176
21:06:02.433705,148,-1.1015795010984468,1.953184492024761,-1.7512970263207621,1.1830000315967482,5.239999882876873
21:06:02.433705,148,-2.80556715196245,6.465638112340638,-1.5086357259857324,0.06972000186215155,4.999999888241291
21:06:02.433705,148,-0.8872725558278856,2.1273265674697415,-0.40061185322441006,0.6958000185841229,40.3599990978837
21:06:02.433705,148,-0.9117590597545987,2.1798021719744356,-0.43493069140051066,0.6958000185841229,51.879998840391636
21:06:02.433705,148,-0.9372621255721633,2.2152075015133623,-0.5425118185519924,0.7655200204462744,48.63999891281128
21:06:02.433705,148,-1.0231471706633095,2.1566137799979344,-1.301456543934977,0.904680024163099,6.239999860525131
21:06:02.433705,148,-1.0492072318686072,1.9956616014684796,-1.629731171768591,0.7655200204462744,6.9999998435378075
21:06:02.433705,148,-1.0781258094052988,1.9637117477823092,-1.754117795999513,1.1830000315967482,6.359999857842922
21:06:02.433705,148,-0.866206946333845,2.168701498893262,0.14028579669000996,0.6958000185841229,50.519998870790005
21:06:02.433705,148,-0.8683901758801149,2.238908674581107,0.07206419104908417,0.8349600223009475,66.23999851942062
21:06:02.433705,148,-0.891608692416519,2.2987713256429685,-0.024657089663759797,0.7655200204462744,59.75999866425991
21:06:02.433705,148,-0.9988967107269373,2.430080990808208,-0.6989377683857048,0.904680024163099,7.35999983549118
21:06:02.433705,148,-1.0256604985770197,2.35984097191679,-1.0576841986797885,0.7655200204462744,8.999999798834324
21:06:02.433705,148,-1.0308973471165426,2.371889919657718,-1.1861016820915695,1.1830000315967482,7.999999821186066
21:06:02.433705,148,-1.072298188393696,2.467145027613222,-1.105778034457284,1.2524400334514212,5.119999885559082
21:06:02.433705,148,-0.8237747525885825,2.188545514733399,0.07017447448879602,0.6958000185841229,63.51999858021736
21:06:02.433705,148,-0.8459580436392689,2.2474804869189957,0.07206419104908417,0.6958000185841229,84.87999810278416
21:06:02.433705,148,-0.868576782739392,2.307572326163822,-0.024657089663759797,0.7655200204462744,72.99999836832285
21:06:02.433705,148,-0.8897881643098436,2.363925199144496,-0.12639732226625036,0.6263600167294499,39.759999111294746
21:06:02.433705,148,-0.9633995814097603,2.4120403618089212,-0.8034455826057376,0.904680024163099,8.51999980956316
21:06:02.433705,148,-0.9782617013322045,2.3798808614687124,-1.0576841986797885,1.2524400334514212,11.759999737143517
21:06:02.433705,148,-1.007127299327595,2.3820801275807084,-1.1861016820915695,1.2524400334514212,10.119999773800373
21:06:02.433705,148,-1.022744125925491,2.4880961486634616,-1.105778034457284,1.2524400334514212,5.879999868571758
21:06:02.433705,148,-0.8018484742936144,2.1966736984211064,0.07017447448879602,0.6958000185841229,79.87999821454287
21:06:02.433705,148,-0.8236472469837555,2.2563917027092324,0.04804679793904666,0.6958000185841229,107.11999760568142
21:06:02.433705,148,-0.8454580161116856,2.3161425713853454,-0.024657089663759797,0.7655200204462744,87.75999803841114
21:06:02.433705,148,-0.8661048177968312,2.3727047370217282,-0.12639732226625036,0.6263600167294499,46.999998949468136
21:06:02.433705,148,-0.9392314107599921,2.4215535958342134,-0.8034455826057376,0.904680024163099,9.359999790787697
21:06:02.433705,148,-0.9544143772189901,2.389544322174445,-1.0576841986797885,1.2524400334514212,14.6399996727705
21:06:02.433705,148,-0.983256539652487,2.39203212948665,-1.1861016820915695,1.2524400334514212,12.639999717473984
21:06:02.433705,148,-0.9978124428977113,2.498199015472456,-1.105778034457284,1.2524400334514212,6.6399998515844345
21:06:02.433705,148,-0.7800370389528698,2.2051335504850993,0.04678688190568144,0.6958000185841229,97.9999978095293
21:06:02.433705,148,-0.8011626999081987,2.2648549501397937,-0.02402460018946889,0.7655200204462744,129.1199971139431
21:06:02.433705,148,-0.8221313651626582,2.3241325292193347,-0.04931171363921095,0.7655200204462744,101.51999773085117
21:06:02.433705,148,-0.8423348615276623,2.3812470064131106,-0.12639732226625036,0.6263600167294499,55.23999876528978
21:06:02.433705,148,-0.8813764274231296,2.4145414982978495,-0.3360441146983318,0.6263600167294499,10.239999771118164
21:06:02.433705,148,-0.9149693177560366,2.430824676528702,-0.8034455826057376,0.904680024163099,9.359999790787697
21:06:02.433705,148,-0.9304716124676633,2.3989688304499217,-1.0576841986797885,1.2524400334514212,16.239999637007713
21:06:02.433705,148,-0.9592874551471869,2.401744930183689,-1.1861016820915695,1.2524400334514212,14.6399996727705
21:06:02.433705,148,-0.9727809794616097,2.508052064472896,-1.105778034457284,1.2524400334514212,7.1199998408555984
21:06:02.433705,148,-0.7375660826950811,2.1533213216319522,-0.022762121199283482,0.7655200204462744,34.879999220371246
21:06:02.433705,148,-0.7580607799956693,2.2131555110194188,-0.023394610673574387,0.7655200204462744,114.11999744921923
21:06:02.433705,148,-0.7784744705875596,2.272753201634603,-0.02402460018946889,0.7655200204462744,142.75999680906534
21:06:02.433705,148,-0.7988493215195407,2.3322375000131195,-0.04931171363921095,0.7655200204462744,110.5199975296855
21:06:02.433705,148,-0.8180301739207081,2.38823592430561,-0.15164897620390475,0.6263600167294499,63.999998569488525
21:06:02.433705,148,-0.8317819938507395,2.4283843093267548,-0.3617306480853884,0.6263600167294499,10.99999975413084
21:06:02.433705,148,-0.8906157285868678,2.4398526767920843,-0.8034455826057376,0.904680024163099,8.51999980956316
21:06:02.433705,148,-0.9144324173944566,2.3576161136871994,-1.1597346031381237,1.2524400334514212,14.999999664723873
21:06:02.433705,148,-0.9352224427000637,2.4112175583998936,-1.1861016820915695,1.2524400334514212,14.759999670088291
21:06:02.433705,148,-0.9476522387425588,2.5176543103681377,-1.105778034457284,1.2524400334514212,7.239999838173389
21:06:02.433705,148,-0.7159963508499668,2.1605891942029323,-0.022762121199283482,0.7655200204462744,36.63999918103218
21:06:02.433705,148,-0.735891691516089,2.220625335458654,-0.023394610673574387,0.7655200204462744,121.87999727576971
21:06:02.433705,148,-0.7557083944720683,2.2804241797133638,-0.02402460018946889,0.7655200204462744,140.51999685913324
21:06:02.433705,148,-0.7746731658096778,2.337652236775284,-0.12323613973033089,0.7655200204462744,111.63999750465155
21:06:02.433705,148,-0.7923190944224691,2.3909005565987216,-0.22730285665118624,0.7655200204462744,71.8799983933568
21:06:02.433705,148,-0.8074569672776669,2.4365805722514993,-0.3617306480853884,0.6263600167294499,11.879999734461308
21:06:02.433705,148,-0.8661730785909989,2.4486366938318977,-0.8034455826057376,0.904680024163099,6.9999998435378075
21:06:02.433705,148,-0.8671003592205517,2.37543203492312,-1.1597346031381237,1.2524400334514212,11.519999742507935
21:06:02.433705,148,-0.8868142692567487,2.42943853248203,-1.1861016820915695,1.2524400334514212,12.639999717473984
21:06:02.433705,148,-0.9224287335935774,2.5270047929416353,-1.105778034457284,1.2524400334514212,6.9999998435378075
21:06:02.433705,148,-0.6943550199696298,2.1676410096646355,-0.022762121199283482,0.7655200204462744,36.63999918103218
21:06:02.433705,148,-0.7136490144838876,2.227873099224784,-0.023394610673574387,0.7655200204462744,116.99999738484621
21:06:02.433705,148,-0.7327568172268071,2.28752393437241,-0.04804679793904666,0.7655200204462744,123.99999722838402
21:06:02.433705,148,-0.7512583002373833,2.345281957516093,-0.12323613973033089,0.7655200204462744,104.23999767005444
21:06:02.433705,148,-0.7683708722494783,2.3987040712870553,-0.22730285665118624,0.7655200204462744,77.51999826729298
21:06:02.433705,148,-0.7830511956843546,2.444533179160388,-0.3617306480853884,0.6263600167294499,12.999999709427357
21:06:02.433705,148,-0.8416438120129514,2.457175849253798,-0.8034455826057376,0.904680024163099,5.359999880194664
21:06:02.433705,148,-0.8433030806508718,2.383984123198842,-1.1597346031381237,1.2524400334514212,8.239999815821648
21:06:02.433705,148,-0.8624759490373447,2.438185056265818,-1.1861016820915695,1.2524400334514212,9.63999978452921
21:06:02.433705,148,-0.8971129863440481,2.536102577152965,-1.105778034457284,1.2524400334514212,6.359999857842922
21:06:02.433705,148,-0.6725433566945482,2.174149888728293,-0.045521966205517156,0.7655200204462744,34.879999220371246
21:06:02.433705,148,-0.6912312720425681,2.234562840057042,-0.04678688190568144,0.7655200204462744,102.23999771475792
21:06:02.433705,148,-0.7091000156092018,2.2923276316506276,-0.12007495719441143,0.7655200204462744,101.63999772816896
21:06:02.433705,148,-0.7273677397448455,2.351382218989102,-0.14785625269860742,0.7655200204462744,91.63999795168638
21:06:02.433705,148,-0.7443458136330044,2.4062677175778964,-0.22730285665118624,0.6263600167294499,78.9999982342124
21:06:02.433705,148,-0.7550193097272052,2.440772229613524,-0.4385629554915109,0.7655200204462744,13.999999687075615
21:06:02.433705,148,-0.8194214724796466,2.392297815059549,-1.1597346031381237,1.2524400334514212,5.759999871253967
21:06:02.433705,148,-0.8380513819456199,2.4466877635866937,-1.1861016820915695,1.2524400334514212,7.1199998408555984
21:06:02.433705,148,-0.8462149007283873,2.5535364367665268,-1.105778034457284,1.2524400334514212,5.519999876618385
21:06:02.433705,148,-0.9775352832145472,2.763453197931532,-1.4889769246838838,0.5566400148672983,6.7599998489022255
21:06:02.433705,148,-0.6500853152380006,2.1784767941406953,-0.11376508691520458,0.7655200204462744,31.75999929010868
21:06:02.433705,148,-0.668149190554334,2.239009976888372,-0.11692626945112404,0.7655200204462744,83.99999812245369
21:06:02.433705,148,-0.6861416671540017,2.2993038980441605,-0.12007495719441143,0.7655200204462744,80.51999820023775
21:06:02.433705,148,-0.7038179418932875,2.358538206870674,-0.14785625269860742,0.7655200204462744,77.51999826729298
21:06:02.433705,148,-0.7202463210587808,2.4135907391129527,-0.22730285665118624,0.6263600167294499,75.99999830126762
21:06:02.433705,148,-0.7305742441207269,2.448200259117082,-0.4385629554915109,0.7655200204462744,14.999999664723873
21:06:02.433705,148,-0.8220112110736111,2.3998585468538582,-1.2885747380296009,1.2524400334514212,5.239999882876873
21:06:02.433705,148,-0.8889775284991888,2.5953664511988626,-1.570762378479516,0.27832000743364915,9.519999787211418
21:06:02.433705,148,-0.9331912727581203,2.6380944516958458,-1.6021900480528903,0.5566400148672983,9.239999793469906
21:06:02.433705,148,-0.6282684068677062,2.1848686158736244,-0.11376508691520458,0.7655200204462744,27.99999937415123
21:06:02.433705,148,-0.6457260572727067,2.245579407726016,-0.11692626945112404,0.7655200204462744,66.9999985024333
21:06:02.433705,148,-0.6631147051069365,2.306050235974248,-0.12007495719441143,0.7655200204462744,63.23999858647585
21:06:02.433705,148,-0.6786660534152124,2.3601316643603583,-0.22161803827112,0.7655200204462744,64.23999856412411
21:06:02.433705,148,-0.6954118472205981,2.418366900977918,-0.25247871706740815,0.6263600167294499,69.6399984434247
21:06:02.433705,148,-0.7048088459448415,2.45104593970018,-0.4640894234952232,0.7655200204462744,15.519999653100967
21:06:02.433705,148,-0.845713426977131,2.5520231905511594,-1.5393347089061418,0.27832000743364915,5.119999885559082
21:06:02.433705,148,-0.6228953163631777,2.2506848046831665,-0.14028579669000996,0.7655200204462744,53.119998812675476
21:06:02.433705,148,-0.639669159035065,2.3112931153029734,-0.14406352919331006,0.7655200204462744,49.99999888241291
21:06:02.433705,148,-0.6550311976340464,2.366800206037823,-0.22161803827112,0.7655200204462744,52.999998815357685
21:06:02.433705,148,-0.6688717797553494,2.416809873874567,-0.3278447549704238,0.7655200204462744,61.23999863117933
21:06:02.433705,148,-0.6802635554542252,2.457971359264305,-0.4640894234952232,0.7655200204462744,15.639999650418758
21:06:02.433705,148,-0.5990057785663635,2.251719122786464,-0.2102708711488534,0.7655200204462744,42.35999905318022
21:06:02.433705,148,-0.6151363039135236,2.3123552863836205,-0.21593321989105377,0.7655200204462744,40.11999910324812
21:06:02.433705,148,-0.6446706410476104,2.42337764056326,-0.3278447549704238,0.7655200204462744,52.7599988207221
21:06:02.433705,148,-0.6556502391779891,2.4646509837517936,-0.4640894234952232,0.7655200204462744,15.239999659359455
21:06:02.433705,148,-0.6204050358158723,2.4297030715182046,-0.3278447549704238,0.8349600223009475,44.87999899685383
21:06:02.433705,148,-0.6309713584271395,2.471084145205794,-0.4640894234952232,0.7655200204462744,14.759999670088291
21:06:02.476409,149,-0.9054773709927099,2.236663462092423,1.0527893640779595,0.6263600167294499,25.75999942421913
21:06:02.476409,149,-0.926311665530868,2.2811959485012943,1.005126810735959,0.5566400148672983,21.119999527931213
21:06:02.476409,149,-0.8813764274231296,2.245293374974051,1.0504769858905763,0.6263600167294499,30.51999931782484
21:06:02.476409,149,-0.9016561789400461,2.2900244286277536,1.00276122661568,0.6263600167294499,24.23999945819378
21:06:02.476409,149,-0.8184806724780496,2.275415137764549,1.2594482143805714,0.6263600167294499,29.519999340176582
21:06:02.476409,149,-0.8329125484587777,2.261852686539911,1.0460399317292888,0.6263600167294499,35.879999198019505
21:06:02.476409,149,-0.8520771857153588,2.306964756423907,0.998222079463182,0.6263600167294499,27.359999388456345
21:06:02.476409,149,-1.0803786919637324,2.2977617566922945,-0.18684129697377827,0.20888000557897612,11.119999751448631
21:06:02.476409,149,-0.7945446360469127,2.283205516530161,1.257360788681593,0.6958000185841229,32.87999926507473
21:06:02.476409,149,-0.8085544594112993,2.269780429306859,1.0439156994570833,0.6263600167294499,41.75999906659126
21:06:02.476409,149,-0.8271586369392785,2.3150749100750154,0.9960489703418753,0.6263600167294499,30.23999932408333
21:06:02.476409,149,-0.8667584294509966,2.3182965344524793,0.8749074402584669,0.6263600167294499,11.119999751448631
21:06:02.476409,149,-0.732573611235533,2.227677586346523,1.4777019301951748,0.6958000185841229,11.239999748766422
21:06:02.476409,149,-0.7521607426645205,2.2617079421785298,1.3684502857710805,0.6958000185841229,18.879999577999115
21:06:02.476409,149,-0.7705291458178414,2.290764305280974,1.255335417340055,0.6958000185841229,35.51999920606613
21:06:02.476409,149,-0.7830511956843546,2.267614950049765,1.0179032817023201,0.6263600167294499,47.23999894410372
21:06:02.476409,149,-0.8232900252827374,2.2834279063364784,0.9230452884603504,0.6263600167294499,32.239999279379845
21:06:02.476409,149,-1.0051204776483125,2.274339656193991,-0.15090981749674004,0.20888000557897612,13.519999697804451
21:06:02.476409,149,-0.7443458136330044,2.265445825066605,1.1576543874468042,0.6263600167294499,36.87999917566776
21:06:02.476409,149,-0.7585671196275149,2.2750604566545354,1.0159082642203312,0.6263600167294499,51.11999885737896
21:06:02.476409,149,-0.7734415187503495,2.298851662480671,0.9189125054572593,0.6263600167294499,32.99999926239252
21:06:02.476409,149,-0.7340071874942404,2.2822690969200328,1.0139767148826648,0.6263600167294499,52.63999882340431
21:06:02.476409,149,-0.7484000020301246,2.306201653708618,0.916943081243355,0.6263600167294499,32.119999282062054
21:06:02.476409,149,-0.7093738552571683,2.2892401499882697,1.0121088268426361,0.6263600167294499,50.99999886006117
21:06:02.476409,149,-0.7232836459367068,2.3133093989995483,0.9150385666326442,0.6263600167294499,29.879999332129955
21:06:02.476409,149,-0.8770014923568415,2.266576774523771,-0.11917421305878939,0.13916000371682458,12.519999720156193
21:06:02.476409,149,-0.6846695862288847,2.2959729187597815,1.0103047868874842,0.6263600167294499,46.999998949468136
21:06:02.476409,149,-0.698094962084663,2.320174187584887,0.9131991520749922,0.6263600167294499,26.99999939650297
21:06:02.476409,149,-0.832914937012194,2.2302921112797587,-0.07979622028144373,0.13916000371682458,10.639999762177467
21:06:02.476409,149,-0.6568105206545193,2.2713745817914845,0.9373532336697841,0.6263600167294499,41.51999907195568
21:06:02.476409,149,-0.6716478773795544,2.3157116102243682,0.8873231435150193,0.6263600167294499,23.759999468922615
21:06:02.476409,149,-0.6320879665447876,2.277599535208297,0.9356852624288279,0.6263600167294499,35.879999198019505
21:06:02.476409,149,-0.6073022041679651,2.283585379830325,0.9340813601963371,0.6263600167294499,30.51999931782484
21:06:02.541345,150,-0.8462965509607175,2.1655501005702864,1.3948705030630224,0.7655200204462744,25.239999435842037
21:06:02.541345,150,-0.868576782739392,2.222561981469796,1.3789394143299263,0.6263600167294499,33.11999925971031
21:06:02.541345,150,-0.8908570145180664,2.2795738623693045,1.36300832559683,0.6263600167294499,35.23999921232462
21:06:02.541345,150,-0.9131372462967409,2.336585743268814,1.3470772368637336,0.6263600167294499,31.87999928742647
21:06:02.541345,150,-1.053051110272903,2.3193641802845506,0.4693360722241151,1.1132800297345966,5.639999873936176
21:06:02.541345,150,-0.8237708136300617,2.173615973601223,1.392709258898131,0.7655200204462744,32.51999927312136
21:06:02.541345,150,-0.8454580161116856,2.230840202666896,1.3767212716453971,0.6263600167294499,42.9999990388751
21:06:02.541345,150,-0.8671452185933094,2.288064431732568,1.3607332843926632,0.6263600167294499,45.759998977184296
21:06:02.541345,150,-0.8888324210749333,2.34528866079824,1.3447452971399292,0.6958000185841229,40.639999091625214
21:06:02.541345,150,-0.9060161186357337,2.3288537879617333,1.1015258785350455,0.6958000185841229,9.999999776482582
21:06:02.541345,150,-1.0266339107773816,2.3294083711236686,0.4666447394001494,1.1132800297345966,6.5199998542666435
21:06:02.541345,150,-0.7801540630323541,2.124260025933291,1.4065863583571399,0.7655200204462744,23.879999466240406
21:06:02.541345,150,-0.8011626999081987,2.1814638650586584,1.390606422719824,0.7655200204462744,43.239999033510685
21:06:02.541345,150,-0.8222547043906934,2.238894703545635,1.3745630746395032,0.7655200204462744,57.879998706281185
21:06:02.541345,150,-0.8433467088731881,2.2963255420326103,1.3585197265591824,0.6263600167294499,61.359998628497124
21:06:02.541345,150,-0.8644387133556828,2.3537563805195867,1.3424763784788614,0.6958000185841229,52.879998818039894
21:06:02.541345,150,-0.9028817062482866,2.30007775378285,1.027308954010001,0.6263600167294499,10.359999768435955
21:06:02.541345,150,-0.9788278660021822,2.289409999037097,0.49671329459619207,0.3480400092958007,4.999999888241291
21:06:02.541345,150,-1.0001140487508975,2.339196893463467,0.4640219127441063,1.1132800297345966,7.35999983549118
21:06:02.541345,150,-1.0214002314996125,2.3889837878898366,0.4313305308920208,0.3480400092958007,6.5199998542666435
21:06:02.541345,150,-0.7580607799956693,2.1316890948925575,1.4045957453289892,0.7655200204462744,28.759999357163906
21:06:02.541345,150,-0.7784744705875596,2.189092990160021,1.3885622048099582,0.6958000185841229,59.63999866694212
21:06:02.541345,150,-0.7989691678881476,2.246724678662673,1.372465039130137,0.7655200204462744,81.1199981868267
21:06:02.541345,150,-0.8194638651887359,2.304356367165325,1.3563678734503157,0.7655200204462744,85.51999808847904
21:06:02.541345,150,-0.8398325676605615,2.35492429400723,1.3153296204492393,0.6958000185841229,69.99999843537807
21:06:02.541345,150,-0.8532353254633173,2.31704110680171,1.0227636372676734,0.6263600167294499,10.759999759495258
21:06:02.541345,150,-0.9402264819079705,2.2369541656130885,0.3964466715252415,1.5307600408850703,5.239999882876873
21:06:02.541345,150,-0.9734941761574343,2.3487287684599125,0.46146785453645434,1.1132800297345966,8.359999813139439
21:06:02.541345,150,-0.994213788050076,2.3987185369818573,0.42872211273429417,0.3480400092958007,7.239999838173389
21:06:02.541345,150,-0.7357813068473672,2.1325282793618783,1.3801534253158416,0.7655200204462744,34.11999923735857
21:06:02.541345,150,-0.7557083944720683,2.1965025859991933,1.3865768095886108,0.6958000185841229,84.75999810546637
21:06:02.541345,150,-0.7756037351381905,2.2543293450270605,1.3704273749190914,0.6958000185841229,118.75999734550714
21:06:02.541345,150,-0.7954990758043124,2.3121561040549263,1.354277940249572,0.7655200204462744,123.63999723643064
21:06:02.541345,150,-0.8152721062941174,2.362917902190993,1.3131877395917892,0.6958000185841229,93.1199979186058
21:06:02.541345,150,-0.8282829074999346,2.3251622837397496,1.0205875744655355,0.6263600167294499,10.99999975413084
21:06:02.541345,150,-0.9144222814245718,2.2459115057534897,0.39404655946829004,1.5307600408850703,5.119999885559082
21:06:02.541345,150,-0.9467769549619498,2.358003042933492,0.4589828201808741,1.1132800297345966,8.879999801516533
21:06:02.541345,150,-0.9669279240546875,2.4081902028445015,0.4261841875154213,0.3480400092958007,7.879999823868275
21:06:02.541345,150,-0.7135419662443768,2.1395280314373903,1.3782778473999902,0.7655200204462744,39.35999912023544
21:06:02.541345,150,-0.7327568172268071,2.1971430201018727,1.3615355966567542,0.6958000185841229,122.75999725610018
21:06:02.541345,150,-0.7520479176178978,2.2549866396737532,1.3447269084105686,0.6958000185841229,180.23999597132206
21:06:02.541345,150,-0.7713390180089886,2.312830259245634,1.3279182201643833,0.6958000185841229,182.75999591499567
21:06:02.541345,150,-0.7906301184000794,2.3706738788175143,1.311109531918198,0.6958000185841229,120.23999731242657
21:06:02.541345,150,-0.803247661939738,2.3330420367953497,1.0184762009977308,0.6263600167294499,10.99999975413084
21:06:02.541345,150,-0.9078490771435852,2.3036494643959196,0.356738578391663,0.3480400092958007,8.879999801516533
21:06:02.541345,150,-0.9395453680769865,2.417397838319118,0.42371700902579756,0.3480400092958007,8.239999815821648
21:06:02.541345,150,-0.6912312720425681,2.1463126215787924,1.3764599219506253,0.7655200204462744,42.9999990388751
21:06:02.541345,150,-0.7098453221125326,2.2041103113242353,1.3596687166002894,0.6958000185841229,171.75999616086483
21:06:02.541345,150,-0.7285332374605523,2.2621373569813668,1.3428108794826903,0.6958000185841229,268.5199939981103
21:06:02.541345,150,-0.7472211528085722,2.3201644026384978,1.3259530423650914,0.6958000185841229,258.5199942216277
21:06:02.541345,150,-0.7651048971750065,2.355565734233864,1.2346992298023798,0.7655200204462744,142.51999681442976
21:06:02.541345,150,-0.778132092286309,2.3406795779998064,1.016429727999837,0.6263600167294499,10.99999975413084
21:06:02.541345,150,-0.8812995087601417,2.3122904603421612,0.3544232305060673,0.3480400092958007,7.999999821186066
21:06:02.541345,150,-0.8845011425005702,2.4350173615758286,0.4189958719981406,1.1132800297345966,8.119999818503857
21:06:02.541345,150,-0.9870170216676117,2.4218513439284024,-0.09514570700165592,0.20888000557897612,10.359999768435955
21:06:02.541345,150,-0.668149190554334,2.132454816588629,1.3075594723722592,0.7655200204462744,44.11999901384115
21:06:02.541345,150,-0.6868628430607555,2.210855949829854,1.3578612282102767,0.6958000185841229,206.87999537587166
21:06:02.541345,150,-0.7049457045898264,2.269060586178132,1.3409558058104016,0.6958000185841229,339.5199924111366
21:06:02.541345,150,-0.7230285661188973,2.3272652225264103,1.3240503834105264,0.6958000185841229,304.87999318540096
21:06:02.541345,150,-0.7403332931030014,2.3628365028005436,1.2327510332365845,0.7655200204462744,146.1199967339635
21:06:02.541345,150,-0.752938710075571,2.3480741436053987,1.0144483601174397,0.6263600167294499,10.87999975681305
21:06:02.541345,150,-0.8546618111641756,2.320674579384304,0.3521767125794786,0.3480400092958007,6.7599998489022255
21:06:02.541345,150,-0.8728522240710939,2.370067249409056,0.31710484484856316,0.3480400092958007,7.759999826550484
21:06:02.541345,150,-0.8776546504151247,2.349096048984997,0.18091369666767543,0.41748001115047373,5.759999871253967
21:06:02.541345,150,-0.6457260572727067,2.1388003994987286,1.3058591785559934,0.7655200204462744,42.119999058544636
21:06:02.541345,150,-0.6631147051069365,2.196395793885743,1.2871667777220661,0.7655200204462744,193.63999567180872
21:06:02.541345,150,-0.680572355511937,2.2542197414250866,1.2684002006943536,0.7655200204462744,311.2399930432439
21:06:02.541345,150,-0.6980300059169375,2.31204368896443,1.2496336236666412,0.7655200204462744,269.35999397933483
21:06:02.541345,150,-0.715487656321938,2.3698676365037734,1.2308670466389287,0.7655200204462744,128.11999713629484
21:06:02.541345,150,-0.7276700346246382,2.355224994161761,1.0125322954856668,0.6263600167294499,10.639999762177467
21:06:02.541345,150,-0.8279386481031296,2.3288009831174676,0.34999924926180803,0.3480400092958007,5.639999873936176
21:06:02.541345,150,-0.8455602917449309,2.3783666135312576,0.31488103693432734,0.41748001115047373,7.1199998408555984
21:06:02.541345,150,-0.8942042662416516,2.311036684893946,-0.16074275670151472,0.06972000186215155,18.519999586045742
21:06:02.541345,150,-0.6232383519263421,2.1449290779115815,1.3042170041245993,0.7655200204462744,37.87999915331602
21:06:02.541345,150,-0.6400214321449187,2.202689510443502,1.285480381453024,0.7655200204462744,146.87999671697617
21:06:02.541345,150,-0.6568711118881719,2.260679151041026,1.2666694071041809,0.7655200204462744,220.99999506026506
21:06:02.541345,150,-0.6737207916314253,2.3186687916385504,1.2478584327553375,0.7655200204462744,193.51999567449093
21:06:02.541345,150,-0.6905704713746785,2.376658432236074,1.229047458406494,0.7655200204462744,100.99999774247408
21:06:02.541345,150,-0.7023285927798855,2.3621314145898284,1.0106817257093763,0.6263600167294499,10.519999764859676
21:06:02.541345,150,-0.8181838040980045,2.3864019472654316,0.31272797574934086,0.41748001115047373,6.359999857842922
21:06:02.541345,150,-0.6006883232669346,2.1508402389644794,1.3026331132941449,0.7655200204462744,32.63999927043915
21:06:02.541345,150,-0.6168641575758966,2.2087598521530927,1.2838538382941584,0.7655200204462744,102.63999770581722
21:06:02.541345,150,-0.6331041817035452,2.2669093050765823,1.2650000423616319,0.7655200204462744,145.51999674737453
21:06:02.541345,150,-0.6493442058311937,2.325058758000072,1.2461462464291055,0.7655200204462744,130.75999707728624
21:06:02.541345,150,-0.6655842299588423,2.3832082109235606,1.2272924504965794,0.7655200204462744,76.11999829858541
21:06:02.541345,150,-0.6769169186642662,2.3687927142533445,1.0088968358439956,0.7655200204462744,10.119999773800373
21:06:02.541345,150,-0.7631881215268771,2.4016773359463013,0.3086349476882302,0.41748001115047373,5.639999873936176
21:06:02.541345,150,-0.8059478647564721,2.238207276592524,-0.08191708243495821,0.06972000186215155,11.879999734461308
21:06:02.541345,150,-0.8220731957001959,2.282989122458709,-0.12357188843385458,0.06972000186215155,20.75999953597784
21:06:02.541345,150,-0.5780782262784576,2.1565332915462703,1.3011076644523862,0.7655200204462744,27.359999388456345
21:06:02.541345,150,-0.5936451971079266,2.21460621198543,1.2822873108984219,0.7655200204462744,71.63999839872122
21:06:02.541345,150,-0.6092739416311634,2.272909580521571,1.263392273401783,0.7655200204462744,97.51999782025814
21:06:02.541345,150,-0.6249026861544001,2.331212949057712,1.2444972359051443,0.7655200204462744,89.63999799638987
21:06:02.541345,150,-0.640531430677637,2.389516317593853,1.2256021984085055,0.7655200204462744,57.2399987205863
21:06:02.541345,150,-0.6514375534239022,2.375208227027924,1.0071778043770154,0.7655200204462744,9.879999779164791
21:06:02.541345,150,-0.5554103219516671,2.1620076663564656,1.299640810142929,0.7655200204462744,22.759999491274357
21:06:02.541345,150,-0.5703668726176021,2.2202280053094285,1.2807809559172418,0.7655200204462744,51.35999885201454
21:06:02.541345,150,-0.5853827746750686,2.278679377353475,1.2618462610001826,0.7655200204462744,68.23999847471714
21:06:02.541345,150,-0.6003986767325351,2.337130749397521,1.2429115660831236,0.7655200204462744,63.75999857485294
21:06:02.541345,150,-0.6154145787900016,2.3955821214415676,1.2239768711660646,0.7655200204462744,43.5199990272522
21:06:02.541345,150,-0.6258930449739707,2.3813773113676637,1.0055248032101427,0.7655200204462744,9.519999787211418
21:06:02.541345,150,-0.5470315119178696,2.2256246699504656,1.2793349239848544,0.7655200204462744,38.239999145269394
21:06:02.541345,150,-0.5614330699319404,2.2842181185974444,1.260362159756776,0.6958000185841229,49.75999888777733
21:06:02.541345,150,-0.5758346279460114,2.342811567244423,1.2413893955286979,0.7655200204462744,46.999998949468136
21:06:02.541345,150,-0.5902361859600822,2.401405015891402,1.2224166313006197,0.7655200204462744,33.87999924272299
21:06:02.541345,150,-0.523353231924592,2.223342013076947,1.2551117628581991,0.6958000185841229,29.23999934643507
21:06:02.541345,150,-0.5371314179471646,2.281875366803114,1.2355012816930715,0.6958000185841229,37.75999915599823
21:06:02.541345,150,-0.5512129961791277,2.348254834521393,1.239930876457647,0.7655200204462744,35.879999198019505
21:06:02.541345,150,-0.5649987700060671,2.4069844186587903,1.2209216348348502,0.7655200204462744,26.87999939918518
21:06:02.541345,150,-0.5130850706934367,2.2869475651059927,1.2341421902539644,0.6958000185841229,29.519999340176582
21:06:02.541345,150,-0.5265362435744327,2.353460006906263,1.2385361547206564,0.8349600223009475,28.239999368786812
21:06:02.599191,151,-1.1806205757855106,2.4523923155918443,0.6571921725438883,0.6263600167294499,5.359999880194664
21:06:02.599191,151,-1.1421615312048348,2.407475061073556,0.5471556373912074,0.6263600167294499,6.5199998542666435
21:06:02.599191,151,-0.8683901758801149,2.181271296593928,1.4901364580581076,0.7655200204462744,20.51999954134226
21:06:02.599191,151,-0.891252060843452,2.238697065380428,1.4767134116365364,0.7655200204462744,28.359999366104603
21:06:02.599191,151,-0.9141139458067891,2.2961228341669275,1.4632903652149651,0.7655200204462744,29.519999340176582
21:06:02.599191,151,-1.0918515126814807,2.367977389007086,0.5745729549238003,0.6263600167294499,5.759999871253967
21:06:02.599191,151,-1.1150902131701166,2.418376840459832,0.5442345144085925,0.6263600167294499,7.999999821186066
21:06:02.599191,151,-1.138237061087651,2.468577084594583,0.5140159886780293,0.5566400148672983,9.63999978452921
21:06:02.599191,151,-0.8459580436392689,2.189551031509198,1.487917909774017,0.7655200204462744,26.119999416172504
21:06:02.599191,151,-0.868229363622696,2.2471947787487228,1.4744364562019907,0.7655200204462744,37.119999170303345
21:06:02.599191,151,-0.8905006836061231,2.3048385259882465,1.4609550026299643,0.7655200204462744,38.519999139010906
21:06:02.599191,151,-0.9127720035895504,2.362482273227771,1.4474735490579378,0.6958000185841229,28.359999366104603
21:06:02.599191,151,-1.0652351820299177,2.3783954043309934,0.5717814561310242,0.6263600167294499,6.9999998435378075
21:06:02.599191,151,-1.0879073870483051,2.4290165902732617,0.5413836020384148,0.6263600167294499,10.119999773800373
21:06:02.599191,151,-1.1104899786081215,2.4794376924766275,0.5111058975667244,0.5566400148672983,11.639999739825726
21:06:02.599191,151,-0.8234413163028033,2.19761367829861,1.4857575300779367,0.7655200204462744,33.87999924272299
21:06:02.599191,151,-0.8451198441929813,2.2554696887678665,1.4722192007449209,0.7655200204462744,50.35999887436628
21:06:02.599191,151,-0.866798372083159,2.3133256992371223,1.458680871411905,0.7655200204462744,51.879998840391636
21:06:02.599191,151,-0.8884768999733368,2.3711817097063776,1.445142542078889,0.6958000185841229,37.35999916493893
21:06:02.599191,151,-1.0385123287526068,2.38855580903735,0.5690589838951827,0.6263600167294499,8.639999806880951
21:06:02.599191,151,-1.060615771099238,2.4393932465477777,0.5386031853695228,0.6263600167294499,12.999999709427357
21:06:02.599191,151,-1.07024879467934,2.4283695242672247,0.40150261719918,0.27832000743364915,14.239999681711197
21:06:02.599191,151,-0.8008422455245874,2.20545843070424,1.483655535006026,0.7655200204462744,44.519999004900455
21:06:02.599191,151,-0.8219258134868891,2.26352096795379,1.470061866989015,0.7655200204462744,71.23999840766191
21:06:02.599191,151,-0.8432202058182551,2.3156157281579257,1.4318934152997627,0.7655200204462744,73.11999836564064
21:06:02.599191,151,-0.8643090464738521,2.3735290119878933,1.4176851347610953,0.6958000185841229,50.99999886006117
21:06:02.599191,151,-0.8851765173737947,2.4377085797024387,1.4292808629379823,0.7655200204462744,16.239999637007713
21:06:02.599191,151,-0.9847577537574468,2.4080997483320257,0.5638222011442515,0.6263600167294499,10.239999771118164
21:06:02.599191,151,-1.0057170968802394,2.45935315426523,0.5332549442156318,0.6263600167294499,16.519999630749226
21:06:02.599191,151,-1.042602279138649,2.4385738961722287,0.39876836398796733,0.27832000743364915,17.23999961465597
21:06:02.599191,151,-0.7577575658045677,2.1550514870802213,1.4952056563004101,0.7655200204462744,5.759999871253967
21:06:02.599191,151,-0.7783576984490304,2.2074171412211014,1.4582660651024595,0.7655200204462744,57.879998706281185
21:06:02.599191,151,-0.7988493215195407,2.265531244938993,1.444003975036999,0.7655200204462744,105.1199976503849
21:06:02.599191,151,-0.819340944590051,2.323645348656885,1.4297418849715382,0.7655200204462744,107.99999758601189
21:06:02.599191,151,-0.8398325676605615,2.381759452374776,1.4154797949060773,0.7655200204462744,72.35999838262796
21:06:02.599191,151,-0.8601090899739388,2.446137731969022,1.4270222783952722,0.7655200204462744,19.879999555647373
21:06:02.599191,151,-0.9577314074520619,2.417481328542789,0.5613084143030496,0.6263600167294499,11.359999746084213
21:06:02.599191,151,-0.9781155284317348,2.4689344097341177,0.530687654550267,0.6263600167294499,19.759999558329582
21:06:02.599191,151,-1.0148515042435373,2.448510717485929,0.39610580074162893,0.27832000743364915,20.239999547600746
21:06:02.599191,151,-0.7555950372732634,2.214825625611685,1.4562809676928643,0.7655200204462744,71.75999839603901
21:06:02.599191,151,-0.7756037351381905,2.2543293450270605,1.3704273749190914,0.6958000185841229,159.51999643445015
21:06:02.599191,151,-0.7954990758043124,2.3121561040549263,1.354277940249572,0.6958000185841229,166.99999626725912
21:06:02.599191,151,-0.8153944164704345,2.369982863082793,1.3381285055800527,0.6958000185841229,105.87999763339758
21:06:02.599191,151,-0.835164462634402,2.4480622055408237,1.3990235628338819,0.7655200204462744,24.23999945819378
21:06:02.599191,151,-0.93060928880832,2.426601389576326,0.558864701314191,0.6263600167294499,11.119999751448631
21:06:02.599191,151,-0.9504161492498531,2.4782485799155887,0.5281919301719757,0.6263600167294499,20.75999953597784
21:06:02.599191,151,-0.9869992450482444,2.458178994534519,0.3935151937142587,0.27832000743364915,22.11999950557947
21:06:02.599191,151,-0.7328667481502629,2.2036919116227995,1.384650435593641,0.6958000185841229,80.63999819755554
21:06:02.599191,151,-0.7521607426645205,2.2617079421785298,1.3684502857710805,0.6958000185841229,231.9999948143959
21:06:02.599191,151,-0.7714547371787783,2.31972397273426,1.3522501359485197,0.6958000185841229,257.51999424397945
21:06:02.599191,151,-0.7907487316930359,2.3777400032899902,1.3360499861259592,0.6958000185841229,153.2399965748191
21:06:02.599191,151,-0.8099212187911701,2.4560074253042448,1.3968946476145851,0.7655200204462744,28.999999351799488
21:06:02.599191,151,-0.9033941100153623,2.4354590194341745,0.5564913065469264,0.6263600167294499,9.519999787211418
21:06:02.599191,151,-0.9226217292493059,2.4872947334004274,0.5257680206511053,0.6263600167294499,18.519999586045742
21:06:02.599191,151,-0.9590482867553556,2.4675777604983953,0.390996801964389,0.27832000743364915,22.239999502897263
21:06:02.599191,151,-1.0531091674832957,2.53969319330629,-0.024357610478380032,0.5566400148672983,5.519999876618385
21:06:02.599191,151,-0.7099518157676389,2.210660248104299,1.382783275460835,0.6958000185841229,78.75999823957682
21:06:02.599191,151,-0.7286425347467452,2.2688597322635484,1.366533969393363,0.6958000185841229,275.99999383091927
21:06:02.599191,151,-0.7473332537258517,2.327059216422798,1.3502846633258905,0.6958000185841229,340.99999237805605
21:06:02.599191,151,-0.7660239727049581,2.385258700582048,1.334035357258418,0.6958000185841229,197.87999557703733
21:06:02.599191,151,-0.7847146916840645,2.4434581847412966,1.317786051190946,0.7655200204462744,33.2399992570281
21:06:02.599191,151,-0.8660679638306654,2.3842711183733014,0.45194431058005735,0.6263600167294499,7.519999831914902
21:06:02.599191,151,-0.8845011425005702,2.4350173615758286,0.4189958719981406,0.6263600167294499,14.51999967545271
21:06:02.599191,151,-0.9028614627567599,2.485563026741983,0.3861776643987609,0.27832000743364915,20.239999547600746
21:06:02.599191,151,-0.6869658887982362,2.2174068986158826,1.380975515904641,0.6958000185841229,67.75999848544598
21:06:02.599191,151,-0.7050514631859526,2.2757840001091005,1.3646786174159704,0.6958000185841229,238.51999466866255
21:06:02.599191,151,-0.7231370375736689,2.334161101602317,1.3483817189272997,0.6958000185841229,319.51999285817146
21:06:02.599191,151,-0.7412226119613852,2.392538203095535,1.332084820438629,0.6958000185841229,198.7599955573678
21:06:02.599191,151,-0.7593081863491015,2.450915304588752,1.3157879219499582,0.7655200204462744,35.51999920606613
21:06:02.599191,151,-0.8389881585590699,2.392505975532603,0.449737787254437,0.13916000371682458,5.639999873936176
21:06:02.599191,151,-0.8568449772782963,2.443427487420358,0.4167423855698549,0.6263600167294499,10.87999975681305
21:06:02.599191,151,-0.8909707381127672,2.4192646914890465,0.2821716011007738,0.27832000743364915,17.23999961465597
21:06:02.599191,151,-0.891951445002645,2.3785520249095886,0.11840084067091494,0.6263600167294499,9.879999779164791
21:06:02.599191,151,-0.9581522284193367,2.4312458680820597,-0.09766296216190318,0.20888000557897612,8.51999980956316
21:06:02.599191,151,-0.6638116783001269,2.2173792610605285,1.3561133122340405,0.6958000185841229,53.75999879837036
21:06:02.599191,151,-0.6812876777392457,2.2757556349469295,1.3391618728995154,0.6958000185841229,166.63999627530575
21:06:02.599191,151,-0.6987636771783646,2.3341320088333304,1.3222104335649902,0.7655200204462744,224.11999499052763
21:06:02.599191,151,-0.716347129577613,2.399577782886299,1.3301985707186392,0.6958000185841229,154.63999654352665
21:06:02.599191,151,-0.7338257508316527,2.4581266476823482,1.3138556483916852,0.7655200204462744,34.99999921768904
21:06:02.599191,151,-0.8291031282761601,2.4515700591779246,0.4145605900431024,0.6263600167294499,8.239999815821648
21:06:02.599191,151,-0.8631122846213495,2.427736332362384,0.27990163177019634,0.27832000743364915,14.119999684393406
21:06:02.599191,151,-0.6406941329278102,2.223679592690601,1.3544251434617145,0.6958000185841229,41.35999907553196
21:06:02.599191,151,-0.6575615226916744,2.282221833788491,1.3374292601418198,0.6958000185841229,110.75999752432108
21:06:02.599191,151,-0.6744289124555387,2.3407640748863807,1.3204333768219254,0.7655200204462744,144.63999676704407
21:06:02.599191,151,-0.691296302219403,2.399306315984271,1.303437493502031,0.7655200204462744,106.99999760836363
21:06:02.599191,151,-0.7082699333539204,2.465091492893818,1.3119894237418643,0.7655200204462744,31.999999284744263
21:06:02.599191,151,-0.8012783696558193,2.4594442625981743,0.4124507035956082,0.6263600167294499,6.359999857842922
21:06:02.599191,151,-0.8351675206245858,2.4359384621510074,0.2777038777171197,0.27832000743364915,11.519999742507935
21:06:02.599191,151,-0.6168641575758966,2.2087598521530927,1.2838538382941584,0.6958000185841229,31.87999928742647
21:06:02.599191,151,-0.6331041817035452,2.2669093050765823,1.2650000423616319,0.6958000185841229,75.51999831199646
21:06:02.599191,151,-0.6493442058311937,2.325058758000072,1.2461462464291055,0.6958000185841229,95.63999786227942
21:06:02.599191,151,-0.6662837987702694,2.405862978880675,1.3016806409738964,0.7655200204462744,73.23999836295843
21:06:02.599191,151,-0.6825408921340342,2.4645652002768386,1.2846418910622743,0.7655200204462744,27.639999382197857
21:06:02.599191,151,-0.7733734838698249,2.4670493102673614,0.4104129372142493,0.6263600167294499,5.119999885559082
21:06:02.599191,151,-0.7790302472785058,2.4515309346825847,0.2735258872942792,0.27832000743364915,9.359999790787697
21:06:02.599191,151,-0.5936451971079266,2.21460621198543,1.2822873108984219,0.6958000185841229,24.879999443888664
21:06:02.599191,151,-0.6092739416311634,2.272909580521571,1.263392273401783,0.6958000185841229,53.75999879837036
21:06:02.599191,151,-0.6249026861544001,2.331212949057712,1.2444972359051443,0.6958000185841229,66.23999851942062
21:06:02.599191,151,-0.640531430677637,2.389516317593853,1.2256021984085055,0.6958000185841229,51.51999884843826
21:06:02.599191,151,-0.6561601752008737,2.4478196861299937,1.2067071609118665,0.6263600167294499,23.23999948054552
21:06:02.599191,151,-0.8100685258220873,2.335731553058268,-0.16735972668333776,0.20888000557897612,12.11999972909689
21:06:02.599191,151,-0.5703668726176021,2.2202280053094285,1.2807809559172418,0.6958000185841229,19.759999558329582
21:06:02.599191,151,-0.5853827746750686,2.278679377353475,1.2618462610001826,0.6958000185841229,39.87999910861254
21:06:02.599191,151,-0.6003986767325351,2.337130749397521,1.2429115660831236,0.6958000185841229,48.119998924434185
21:06:02.599191,151,-0.6154145787900016,2.3955821214415676,1.2239768711660646,0.8349600223009475,37.75999915599823
21:06:02.599191,151,-0.6304304808474682,2.4540334934856136,1.2050421762490056,0.6263600167294499,19.35999956727028
21:06:02.599191,151,-0.5614330699319404,2.2842181185974444,1.260362159756776,0.6958000185841229,30.63999931514263
21:06:02.599191,151,-0.5758346279460114,2.342811567244423,1.2413893955286979,0.8349600223009475,36.35999918729067
21:06:02.599191,151,-0.5902361859600822,2.401405015891402,1.2224166313006197,0.8349600223009475,28.519999362528324
21:06:02.599191,151,-0.604637743974153,2.459998464538381,1.2034438670725414,0.6263600167294499,16.119999639689922
21:06:02.599191,151,-0.7390711184101699,2.305610062722476,-0.12963315110956364,0.904680024163099,10.239999771118164
21:06:02.599191,151,-0.5512129961791277,2.348254834521393,1.239930876457647,0.8349600223009475,28.519999362528324
21:06:02.599191,151,-0.5649987700060671,2.4069844186587903,1.2209216348348502,0.8349600223009475,22.239999502897263
21:06:02.599191,151,-0.14297202066939918,0.11021524630957849,2.177258587569564,-0.41748001115047373,5.999999865889549
21:06:02.651476,152,-0.8664929627986737,2.3020361832188723,0.17246158016548815,0.904680024163099,25.239999435842037
21:06:02.651476,152,-0.8887197416274341,2.3610866906055064,0.1768854653709904,0.904680024163099,38.519999139010906
21:06:02.651476,152,-0.9109465204561945,2.420137197992141,0.1813093505764926,0.904680024163099,41.879999063909054
21:06:02.651476,152,-0.8434296608666176,2.3105858673935837,0.17246158016548815,0.904680024163099,31.119999304413795
21:06:02.651476,152,-0.8650648331467813,2.36985568635846,0.1768854653709904,0.904680024163099,47.75999893248081
21:06:02.651476,152,-0.8867000054269448,2.4291255053233365,0.1813093505764926,0.904680024163099,50.519998870790005
21:06:02.651476,152,-0.9089266258795208,2.490015603787356,0.15923442321449943,0.6958000185841229,40.759999088943005
21:06:02.651476,152,-0.8202820166751009,2.3189044949173665,0.17246158016548815,0.8349600223009475,38.87999913096428
21:06:02.651476,152,-0.8413234189075658,2.3783876985282446,0.1768854653709904,0.904680024163099,60.11999865621328
21:06:02.651476,152,-0.8629263364373939,2.439458283455001,0.1554416997092021,0.904680024163099,60.99999863654375
21:06:02.651476,152,-0.8851765173737947,2.5023586561771554,0.07965305279119377,0.6958000185841229,47.8799989297986
21:06:02.651476,152,-0.7975713330743321,2.3285064176973336,0.14785625269860742,0.8349600223009475,48.51999891549349
21:06:02.651476,152,-0.8180301739207081,2.38823592430561,0.15164897620390475,0.904680024163099,76.51999828964472
21:06:02.651476,152,-0.8396225902786453,2.451274900229239,0.07775583735566637,0.6958000185841229,73.63999835401773
21:06:02.651476,152,-0.8601090899739388,2.511085156739799,0.07965305279119377,0.6958000185841229,55.359998762607574
21:06:02.651476,152,-1.1124365329643393,2.9554413715573027,-1.2980583304609876,0.6263600167294499,17.999999597668648
21:06:02.651476,152,-0.7752935039992485,2.3395241680882672,0.07396140648461157,0.6958000185841229,59.63999866694212
21:06:02.651476,152,-0.7951808867947274,2.399536295689031,0.07585862192013897,0.6958000185841229,96.87999783456326
21:06:02.651476,152,-0.8150682695902065,2.459548423289794,0.07775583735566637,0.6958000185841229,87.23999805003405
21:06:02.651476,152,-0.8349556523856856,2.519560550890558,0.07965305279119377,0.6958000185841229,62.35999860614538
21:06:02.651476,152,-0.8541590467586176,2.577508676359243,-0.13588086987400877,0.6958000185841229,17.23999961465597
21:06:02.651476,152,-1.082826991119777,2.9664177804026055,-1.2980583304609876,0.6263600167294499,20.75999953597784
21:06:02.651476,152,-1.113199481847706,3.1469704683514674,-1.180794452214429,0.41748001115047373,5.519999876618385
21:06:02.651476,152,-0.732573611235533,2.286952000983177,0.07206419104908417,0.6958000185841229,9.519999787211418
21:06:02.651476,152,-0.7518598884095797,2.3471599985116622,0.07396140648461157,0.6958000185841229,70.35999842733145
21:06:02.651476,152,-0.7711461655836266,2.4073679960401475,0.07585862192013897,0.6958000185841229,119.51999732851982
21:06:02.651476,152,-0.7904324427576734,2.4675759935686328,0.07775583735566637,0.6958000185841229,99.87999776750803
21:06:02.651476,152,-0.8097187199317202,2.5277839910971185,0.07965305279119377,0.6958000185841229,67.5199984908104
21:06:02.651476,152,-0.8283416825592155,2.585921249922692,-0.13588086987400877,0.6958000185841229,19.519999563694
21:06:02.651476,152,-1.0157831140406437,2.871578287864601,-1.396934096015763,0.4872000130126253,24.51999945193529
21:06:02.651476,152,-1.0531091674832957,2.9770975499551353,-1.2980583304609876,0.6263600167294499,23.35999947786331
21:06:02.651476,152,-1.062352205187791,3.1015331482634196,-1.1597013930878137,0.7655200204462744,14.51999967545271
21:06:02.651476,152,-0.7285332374605523,2.355149956345651,0.04931171363921095,0.6958000185841229,77.11999827623367
21:06:02.651476,152,-0.7472211528085722,2.4155629076744,0.050576629339375234,0.904680024163099,138.11999691277742
21:06:02.651476,152,-0.7659090681565921,2.475975859003149,0.05184154503953953,0.904680024163099,107.99999758601189
21:06:02.651476,152,-0.7845969835046119,2.5363888103318977,0.05310646073970381,0.6958000185841229,69.2399984523654
21:06:02.651476,152,-0.8024414848855431,2.594075233527635,-0.13588086987400877,0.6958000185841229,21.639999516308308
21:06:02.651476,152,-0.9870170216676117,2.8815923717701466,-1.396934096015763,0.4872000130126253,28.239999368786812
21:06:02.651476,152,-0.9933605723953571,2.9975629290803214,-1.2980583304609876,0.6263600167294499,25.119999438524246
21:06:02.651476,152,-0.7050514631859526,2.3626718143344356,-0.024657089663759797,0.6958000185841229,76.51999828964472
21:06:02.651476,152,-0.7231370375736689,2.4232777120356026,-0.025289579138050706,0.6958000185841229,143.99999678134918
21:06:02.651476,152,-0.7412226119613852,2.48388360973677,-0.025922068612341614,0.6958000185841229,108.75999756902456
21:06:02.651476,152,-0.7593081863491015,2.544489507437937,-0.026554558086632523,0.6958000185841229,66.9999985024333
21:06:02.651476,152,-0.7764610437356679,2.601969811782544,-0.13588086987400877,0.6958000185841229,23.23999948054552
21:06:02.651476,152,-0.9400671408492015,2.836744773814687,-1.3705670170623172,0.13916000371682458,22.639999493956566
21:06:02.651476,152,-0.9581522284193367,2.8913182988527155,-1.396934096015763,0.4872000130126253,31.87999928742647
21:06:02.651476,152,-0.9633357757533508,3.007346492132212,-1.2980583304609876,0.6263600167294499,25.75999942421913
21:06:02.651476,152,-0.681389887069534,2.3696040786997297,-0.024657089663759797,0.6958000185841229,68.75999846309423
21:06:02.651476,152,-0.6988685083235735,2.430387798856987,-0.025289579138050706,0.6958000185841229,133.35999701917171
21:06:02.651476,152,-0.716347129577613,2.4911715190142445,-0.025922068612341614,0.6958000185841229,101.51999773085117
21:06:02.651476,152,-0.7338257508316527,2.551955239171502,-0.026554558086632523,0.6958000185841229,61.639998622238636
21:06:02.651476,152,-0.7483010575778601,2.6022946213037508,-0.24435731179138498,0.6263600167294499,23.879999466240406
21:06:02.651476,152,-0.9116531635702684,2.846003452285618,-1.3705670170623172,0.13916000371682458,25.359999433159828
21:06:02.651476,152,-0.9291916207509603,2.900755096527748,-1.396934096015763,0.4872000130126253,34.23999923467636
21:06:02.651476,152,-0.9332146463408528,3.016829323054446,-1.2980583304609876,0.6263600167294499,24.999999441206455
21:06:02.651476,152,-0.6576601725352775,2.3762993846424094,-0.024657089663759797,0.6958000185841229,57.6399987116456
21:06:02.651476,152,-0.6745300928081585,2.4372548489346664,-0.025289579138050706,0.7655200204462744,112.11999749392271
21:06:02.651476,152,-0.6914000130810394,2.4982103132269233,-0.025922068612341614,0.7655200204462744,89.11999800801277
21:06:02.651476,152,-0.7082699333539204,2.55916577751918,-0.026554558086632523,0.6958000185841229,54.359998784959316
21:06:02.651476,152,-0.7222411309206381,2.609647393355097,-0.24435731179138498,0.6263600167294499,23.519999474287033
21:06:02.651476,152,-0.8831480217387623,2.854977532795704,-1.3705670170623172,0.13916000371682458,27.359999388456345
21:06:02.651476,152,-0.9001380946989864,2.909901821123383,-1.396934096015763,0.4872000130126253,35.11999921500683
21:06:02.651476,152,-0.9030001962455687,3.0260104735718767,-1.2980583304609876,0.6263600167294499,23.11999948322773
21:06:02.651476,152,-0.6337696120427396,2.382399646115419,-0.04931171363921095,0.7655200204462744,46.35999896377325
21:06:02.651476,152,-0.6500267054065045,2.4435115908043774,-0.050576629339375234,0.7655200204462744,89.23999800533056
21:06:02.651476,152,-0.6662837987702694,2.504623535493336,-0.05184154503953953,0.7655200204462744,75.23999831825495
21:06:02.651476,152,-0.6825408921340342,2.5657354801822954,-0.05310646073970381,0.6958000185841229,46.879998952150345
21:06:02.651476,152,-0.6961089807554183,2.6167392028534726,-0.24435731179138498,0.6263600167294499,22.11999950557947
21:06:02.651476,152,-0.8099873926626043,2.816815256245214,-1.3441999381088714,0.13916000371682458,12.359999723732471
21:06:02.651476,152,-0.8381985266439197,2.8088560014745,-1.4889769246838838,0.13916000371682458,28.11999937146902
21:06:02.651476,152,-0.8417639177585322,2.9273214215158045,-1.396934096015763,0.4872000130126253,33.87999924272299
21:06:02.651476,152,-0.8726954468871942,3.0348890255771446,-1.2980583304609876,0.6263600167294499,20.63999953866005
21:06:02.651476,152,-0.6092739416311634,2.386110173058927,-0.12323613973033089,0.6958000185841229,36.87999917566776
21:06:02.651476,152,-0.6249026861544001,2.4473172980496916,-0.12639732226625036,0.7655200204462744,69.6399984434247
21:06:02.651476,152,-0.6412046674994719,2.511161032157789,-0.05184154503953953,0.7655200204462744,62.1199986115098
21:06:02.651476,152,-0.6561601752008737,2.5697315480312204,-0.13271968733808928,0.7655200204462744,39.759999111294746
21:06:02.651476,152,-0.6699072202753235,2.6235693406238694,-0.24435731179138498,0.6958000185841229,20.239999547600746
21:06:02.651476,152,-0.8100685258220873,2.817097405231098,-1.4889769246838838,0.13916000371682458,27.519999384880066
21:06:02.651476,152,-0.8124491042388403,2.935592555367146,-1.396934096015763,0.4872000130126253,31.119999304413795
21:06:02.651476,152,-0.8423034287152761,3.043464091222487,-1.2980583304609876,0.6263600167294499,17.879999600350857
21:06:02.651476,152,-0.5853827746750686,2.392083506284803,-0.12323613973033089,0.7655200204462744,29.35999934375286
21:06:02.651476,152,-0.6003986767325351,2.4534438557819187,-0.12639732226625036,0.7655200204462744,54.359998784959316
21:06:02.651476,152,-0.6154145787900016,2.514804205279035,-0.12955850480216982,0.7655200204462744,50.99999886006117
21:06:02.651476,152,-0.7818575188263487,2.825057101607339,-1.4889769246838838,0.13916000371682458,25.51999942958355
21:06:02.651476,152,-0.783053046489395,2.943570132422392,-1.396934096015763,0.4872000130126253,27.639999382197857
21:06:02.651476,152,-0.5614330699319404,2.3978176331641397,-0.12323613973033089,0.7655200204462744,23.639999471604824
21:06:02.651476,152,-0.5758346279460114,2.459325071184065,-0.12639732226625036,0.7655200204462744,42.87999904155731
21:06:02.651476,152,-0.5902361859600822,2.5208325092039905,-0.12955850480216982,0.7655200204462744,41.999999061226845
21:06:02.651476,152,-0.7535683267337684,2.832734294640255,-1.4889769246838838,0.13916000371682458,22.879999488592148
21:06:02.651476,152,-0.7535786840913433,2.9512533549305218,-1.396934096015763,0.4872000130126253,23.759999468922615
21:06:02.651476,152,-0.5509096039697372,2.4636036214948462,-0.15164897620390475,0.7655200204462744,34.35999923199415
21:06:02.651476,152,-0.6967667103756738,2.847238128151493,-1.4889769246838838,0.13916000371682458,19.879999555647373
21:06:02.651476,152,-0.7240289644562313,2.958641454575721,-1.396934096015763,0.4872000130126253,20.239999547600746
21:06:02.704248,153,-0.9560221718561919,2.41115173091415,1.1851557191134248,0.6958000185841229,28.359999366104603
21:06:02.704248,153,-0.9103830444809001,2.395279340920518,1.3032069811236968,0.8349600223009475,33.2399992570281
21:06:02.704248,153,-0.928480359922766,2.3936684720347565,1.1056411615637867,0.6958000185841229,35.63999920338392
21:06:02.704248,153,-0.9491759902257998,2.4397933489397636,1.0587252849122564,0.6958000185841229,20.87999953329563
21:06:02.704248,153,-0.8644387133556828,2.3537563805195867,1.3424763784788614,0.6958000185841229,28.999999351799488
21:06:02.704248,153,-0.8844682581204855,2.3808084732918657,1.224662761275673,0.6958000185841229,42.23999905586243
21:06:02.704248,153,-0.9029985278180941,2.402513909339005,1.1032710337814136,0.6958000185841229,45.87999897450209
21:06:02.704248,153,-0.9231261734879084,2.448835949165511,1.0563023274842898,0.6958000185841229,25.239999435842037
21:06:02.704248,153,-0.819340944590051,2.323645348656885,1.4297418849715382,0.6958000185841229,18.999999575316906
21:06:02.704248,153,-0.8399585624893241,2.3619880556679775,1.3402707077704947,0.6958000185841229,35.759999200701714
21:06:02.704248,153,-0.8594208880053226,2.3892308811125975,1.2224059839017822,0.6958000185841229,54.51999878138304
21:06:02.704248,153,-0.8774263966171734,2.4111127728855233,1.1009669752382982,0.6958000185841229,60.11999865621328
21:06:02.704248,153,-0.8938808794723964,2.427417947325309,0.9762110483444426,0.6958000185841229,30.879999309778214
21:06:02.704248,153,-0.9142036564769359,2.482606367587109,0.9529347538828272,0.6958000185841229,7.35999983549118
21:06:02.704248,153,-0.7953797499538326,2.331443915576255,1.427652265263373,0.6958000185841229,22.359999500215054
21:06:02.704248,153,-0.8153944164704345,2.369982863082793,1.3381285055800527,0.6958000185841229,44.359999008476734
21:06:02.704248,153,-0.8342875765213827,2.3974109328374227,1.2202141456480706,0.6958000185841229,70.87999841570854
21:06:02.704248,153,-0.8517665235116993,2.419464202795161,1.0987292163383657,0.6958000185841229,79.87999821454287
21:06:02.704248,153,-0.867739803677205,2.4359259926055294,0.9739313244824401,0.6958000185841229,38.359999142587185
21:06:02.704248,153,-0.8874682517658403,2.4913078470384193,0.9506031994908926,0.6958000185841229,7.879999823868275
21:06:02.704248,153,-0.7714547371787783,2.31972397273426,1.3522501359485197,0.6958000185841229,25.999999418854713
21:06:02.704248,153,-0.7907487316930359,2.3777400032899902,1.3360499861259592,0.6958000185841229,54.239998787641525
21:06:02.704248,153,-0.8090708369787575,2.405347810468022,1.2180874656965268,0.6958000185841229,91.11999796330929
21:06:02.704248,153,-0.8252347531129892,2.4181901742839664,1.071051052040257,0.6958000185841229,105.639997638762
21:06:02.704248,153,-0.841511954628639,2.444181113298687,0.9717193715592873,0.6958000185841229,47.63999893516302
21:06:02.704248,153,-0.8606441009730895,2.499750651550355,0.9483409568400654,0.6958000185841229,8.51999980956316
21:06:02.704248,153,-0.7473332537258517,2.327059216422798,1.3502846633258905,0.6958000185841229,29.35999934375286
21:06:02.704248,153,-0.7660239727049581,2.385258700582048,1.334035357258418,0.6958000185841229,64.23999856412411
21:06:02.704248,153,-0.7833417957588715,2.404831137320687,1.190775833366394,0.6958000185841229,111.87999749928713
21:06:02.704248,153,-0.799431701446224,2.4260367759348567,1.0689485614645722,0.6958000185841229,133.35999701917171
21:06:02.704248,153,-0.8151999550896297,2.452182483899628,0.9695754107684229,0.6958000185841229,57.879998706281185
21:06:02.704248,153,-0.83373388649129,2.5079339368495384,0.9461482521527158,0.6958000185841229,8.999999798834324
21:06:02.704248,153,-0.7231370375736689,2.334161101602317,1.3483817189272997,0.6958000185841229,31.999999284744263
21:06:02.704248,153,-0.7411114276479682,2.3854698588746883,1.3071449610106514,0.904680024163099,71.8799983933568
21:06:02.704248,153,-0.7579797403214539,2.412275210579922,1.1887811999481839,0.6958000185841229,124.7599972113967
21:06:02.704248,153,-0.7708725731568288,2.4040017239416978,0.990974008310785,0.6958000185841229,150.999996624887
21:06:02.704248,153,-0.7888064362380864,2.4599293042779964,0.9674996565041301,0.6958000185841229,66.63999851047993
21:06:02.704248,153,-0.8067402993193442,2.515856884614295,0.9440253046974751,0.6958000185841229,9.63999978452921
21:06:02.704248,153,-0.681389887069534,2.2824800532942016,1.3628844153725468,0.7655200204462744,7.879999823868275
21:06:02.704248,153,-0.6988685083235735,2.34102891809025,1.346541493045593,0.7655200204462744,33.11999925971031
21:06:02.704248,153,-0.7162396766174833,2.392508382719731,1.3052589942304649,0.904680024163099,73.99999834597111
21:06:02.704248,153,-0.7308923065371983,2.3933727319229305,1.11160576194676,0.6958000185841229,121.9999972730875
21:06:02.704248,153,-0.7450020360142101,2.411322896960003,0.9890123059128815,0.6958000185841229,146.23999673128128
21:06:02.704248,153,-0.7623340374037821,2.467420799758245,0.9654923163400961,0.6958000185841229,69.99999843537807
21:06:02.704248,153,-0.779666038793354,2.5235187025564874,0.9419723267673108,0.6958000185841229,10.119999773800373
21:06:02.704248,153,-0.9688421464721573,2.7251301148451232,0.06919235780531263,0.5566400148672983,8.239999815821648
21:06:02.704248,153,-0.6744289124555387,2.3407640748863807,1.3204333768219254,0.7655200204462744,32.359999276697636
21:06:02.704248,153,-0.6905704713746785,2.376658432236074,1.229047458406494,0.6958000185841229,69.75999844074249
21:06:02.704248,153,-0.7054386475989902,2.4003097353948264,1.1097469974685739,0.6958000185841229,105.5199976414442
21:06:02.704248,153,-0.7190569992921535,2.418393817893465,0.987117658359016,0.6958000185841229,122.99999725073576
21:06:02.704248,153,-0.7347866868121351,2.4640357450051926,0.9378601281207373,0.6958000185841229,66.23999851942062
21:06:02.704248,153,-0.751492387006552,2.5200566870869965,0.9137119085318215,0.6958000185841229,10.359999768435955
21:06:02.704248,153,-0.8662447083153313,2.319539071209182,-0.16302096424841972,0.20888000557897612,13.999999687075615
21:06:02.704248,153,-0.6500267054065045,2.3471607574845126,1.3187193908855177,0.7655200204462744,30.119999326765537
21:06:02.704248,153,-0.6655842299588423,2.3832082109235606,1.2272924504965794,0.6958000185841229,61.11999863386154
21:06:02.704248,153,-0.6799144453870393,2.407000532657235,1.107954203745391,0.6958000185841229,84.51999811083078
21:06:02.704248,153,-0.6930400574725942,2.425213779655914,0.9852902551123566,0.6958000185841229,95.23999787122011
21:06:02.704248,153,-0.7082006129690366,2.471004896425106,0.9359927496258413,0.6958000185841229,57.6399987116456
21:06:02.704248,153,-0.7243018670201838,2.5271842852456983,0.9118020743612238,0.6958000185841229,10.359999768435955
21:06:02.704248,153,-0.8220731957001959,2.282989122458709,-0.12357188843385458,0.20888000557897612,6.9999998435378075
21:06:02.704248,153,-0.8417639177585322,2.466022214089391,-0.10698125599027275,0.4872000130126253,18.519999586045742
21:06:02.704248,153,-0.8726954468871942,2.5955154721489437,-0.039315145013934405,0.5566400148672983,15.239999659359455
21:06:02.704248,153,-0.6255594962315225,2.353321416964825,1.317068647152925,0.7655200204462744,26.87999939918518
21:06:02.704248,153,-0.640531430677637,2.389516317593853,1.2256021984085055,0.7655200204462744,51.11999885737896
21:06:02.704248,153,-0.6536990611308029,2.4042450815162497,1.081324842310775,0.6958000185841229,65.51999853551388
21:06:02.704248,153,-0.66604852186201,2.4213849126895233,0.9584258375951016,0.6958000185841229,71.8799983933568
21:06:02.704248,153,-0.6815437196579722,2.4777169019226686,0.9341942731731763,0.6958000185841229,47.75999893248081
21:06:02.704248,153,-0.6970389174539343,2.5340488911558134,0.9099627087512507,0.6958000185841229,10.119999773800373
21:06:02.704248,153,-0.6154145787900016,2.3955821214415676,1.2239768711660646,0.7655200204462744,41.879999063909054
21:06:02.704248,153,-0.6280658732634432,2.410435582232288,1.0796661026431684,0.6958000185841229,50.75999886542559
21:06:02.704248,153,-0.6399310805119605,2.4276923622434063,0.9567357615808387,0.6958000185841229,54.63999877870083
21:06:02.704248,153,-0.6548186725459398,2.484171090302954,0.9324648786088803,0.6958000185841229,38.75999913364649
21:06:02.704248,153,-0.6697062645799192,2.540649818362502,0.9081939956369218,0.6958000185841229,9.759999781847
21:06:02.704248,153,-0.5902361859600822,2.401405015891402,1.2224166313006197,0.7655200204462744,34.11999923735857
21:06:02.704248,153,-0.6002859477439153,2.387299350369298,1.003937997642109,0.6958000185841229,39.759999111294746
21:06:02.704248,153,-0.6137496465899945,2.4337472255264894,0.9551133658538558,0.6958000185841229,42.119999058544636
21:06:02.704248,153,-0.6280281441152605,2.4903668161525307,0.9308047388709615,0.8349600223009475,31.63999929279089
21:06:02.704248,153,-0.6423066416405266,2.5469864067785726,0.9064961118880674,0.904680024163099,9.239999793469906
21:06:02.704248,153,-0.5746188224220058,2.3929737518338894,1.0024175463521419,0.6958000185841229,31.63999929279089
21:06:02.704248,153,-0.5847590753325246,2.4068238426297306,0.8789031803497989,0.5566400148672983,33.2399992570281
21:06:02.704248,153,-0.5983631255448584,2.462817077773208,0.8528215715800056,0.5566400148672983,25.999999418854713
21:06:02.704248,153,-0.5715755517409126,2.46846749465162,0.851307546940536,0.5566400148672983,21.7599995136261
21:06:02.751032,154,-0.8592570931777593,2.4290854793281955,0.2845728075266266,0.904680024163099,22.519999496638775
21:06:02.751032,154,-0.8802226679269128,2.488354321672687,0.29151628522980305,0.904680024163099,22.639999493956566
21:06:02.751032,154,-0.8379434010934921,2.446372513907146,0.1813093505764926,0.904680024163099,27.359999388456345
21:06:02.751032,154,-0.8583889291556633,2.5060631538935,0.18573323578199485,0.904680024163099,27.639999382197857
21:06:02.751032,154,-0.8134381874088741,2.454629490473351,0.1813093505764926,0.904680024163099,33.359999254345894
21:06:02.751032,154,-0.8332857967650749,2.5145215978211914,0.18573323578199485,0.904680024163099,33.639999248087406
21:06:02.751032,154,-0.7888516305870142,2.462641006147,0.1813093505764926,0.904680024163099,39.87999910861254
21:06:02.751032,154,-0.8080993364929371,2.5227285916957696,0.18573323578199485,0.904680024163099,40.23999910056591
21:06:02.751032,154,-1.097102053683819,0.7845507454999825,-3.273798858357183,0.4872000130126253,6.239999860525131
21:06:02.751032,154,-0.7657175733430897,2.4753568083154516,0.07775583735566637,0.904680024163099,45.99999897181988
21:06:02.751032,154,-0.7833417957588715,2.5323311294841573,0.15923442321449943,0.904680024163099,46.63999895751476
21:06:02.751032,154,-1.0402171682863406,1.4570725247431606,-2.981257335289075,0.4872000130126253,14.119999684393406
21:06:02.751032,154,-0.7228477924132679,2.422308433304056,0.07585862192013897,0.8349600223009475,17.759999603033066
21:06:02.751032,154,-0.7409261328126903,2.482890089455294,0.07775583735566637,0.8349600223009475,49.99999888241291
21:06:02.751032,154,-0.7590044732121127,2.5434717456065323,0.07965305279119377,0.8349600223009475,50.99999886006117
21:06:02.751032,154,-0.775528699808866,2.598845468621596,0.1901571209874971,0.904680024163099,19.63999956101179
21:06:02.751032,154,-0.7160606002897583,2.490175083666359,0.07775583735566637,0.8349600223009475,50.35999887436628
21:06:02.751032,154,-0.7335322303286539,2.5509344911470797,0.07965305279119377,0.8349600223009475,51.639998845756054
21:06:02.751032,154,-0.7657098086185221,2.6628353605395993,-0.2500421301714512,0.7655200204462744,17.359999611973763
21:06:02.751032,154,-0.9387826719433814,1.718430199994915,-2.7969249029013414,0.4872000130126253,16.119999639689922
21:06:02.751032,154,-0.691296302219403,2.49783557857371,0.05184154503953953,0.8349600223009475,46.879998952150345
21:06:02.751032,154,-0.7079866348367162,2.5581421453756863,0.07965305279119377,0.8349600223009475,48.35999891906977
21:06:02.751032,154,-0.7525138123166896,2.7190305629266955,-0.36884155360996373,0.8349600223009475,9.239999793469906
21:06:02.751032,154,-0.6663837571624133,2.504999288501282,-0.025922068612341614,0.8349600223009475,40.99999908357859
21:06:02.751032,154,-0.6825408921340342,2.5657354801822954,0.05310646073970381,0.8349600223009475,42.63999904692173
21:06:02.751032,154,-0.8606345561895428,2.686733305985996,-1.8083070452538945,0.20888000557897612,9.63999978452921
21:06:02.751032,154,-0.6413008634263677,2.5115377659454814,-0.025922068612341614,0.8349600223009475,34.23999923467636
21:06:02.751032,154,-0.656948381841535,2.5728184154569296,-0.026554558086632523,0.8349600223009475,35.999999195337296
21:06:02.751032,154,-0.6161538401412617,2.5178250917172544,-0.025922068612341614,0.8349600223009475,28.11999937146902
21:06:02.751032,154,-0.6311877799190359,2.579259149794645,-0.026554558086632523,0.8349600223009475,29.759999334812164
21:06:02.751032,154,-0.5908565594732872,2.5234820548556054,-0.05184154503953953,0.8349600223009475,22.99999948590994
21:06:02.809457,155,-0.977626856942476,2.559149523342099,-0.48427696721816893,0.974120026017772,37.75999915599823
21:06:02.809457,155,-0.9516055222674359,2.568467077680209,-0.48677359837849865,0.974120026017772,42.75999904423952
21:06:02.809457,155,-0.9273436532983983,2.553833654201538,-0.5979064730960396,0.974120026017772,47.51999893784523
21:06:02.809457,155,-0.9010820893645254,2.5626643458248237,-0.6002726497851074,0.974120026017772,51.23999885469675
21:06:02.809457,155,-0.8332857967650749,2.47691265082604,-0.4714015495956797,0.904680024163099,41.35999907553196
21:06:02.809457,155,-0.8747304179766436,2.571240932922239,-0.6025707393716749,0.974120026017772,53.119998812675476
21:06:02.809457,155,-0.8080993364929371,2.5227285916957696,0.18573323578199485,0.904680024163099,47.51999893784523
21:06:02.809457,155,-0.7641861892629963,2.4704062597832364,0.1813093505764926,0.904680024163099,24.759999446570873
21:06:02.809457,155,-0.7828320669641766,2.530683314824721,0.18573323578199485,0.904680024163099,52.879998818039894
21:06:02.809457,155,-0.8019998144302135,2.592647432982509,0.1630271467197968,0.904680024163099,61.23999863117933
21:06:02.809457,155,-0.739925807512065,2.479537936433339,0.1554416997092021,0.904680024163099,26.6399994045496
21:06:02.809457,155,-0.7579797403214539,2.5400378012146714,0.15923442321449943,0.904680024163099,56.519998736679554
21:06:02.809457,155,-0.8125887943683345,2.7230361772778973,-0.1422032349458477,0.8349600223009475,32.51999927312136
21:06:02.809457,155,-0.71509384597576,2.486813095164588,0.1554416997092021,0.904680024163099,27.359999388456345
21:06:02.809457,155,-0.7325418875450402,2.5474904712931097,0.15923442321449943,0.904680024163099,56.99999872595072
21:06:02.809457,155,-0.7499899291143205,2.6081678474216314,0.1630271467197968,0.904680024163099,54.75999877601862
21:06:02.809457,155,-0.6911234623067134,2.497211062455328,0.07775583735566637,0.904680024163099,26.87999939918518
21:06:02.809457,155,-0.7079866348367162,2.5581421453756863,0.07965305279119377,0.904680024163099,54.359998784959316
21:06:02.809457,155,-0.7719126930704434,2.7891238273860455,-0.29036549964039404,0.8349600223009475,7.759999826550484
21:06:02.809457,155,-0.6661172125564617,2.5039973222302168,0.07775583735566637,0.904680024163099,25.239999435842037
21:06:02.809457,155,-0.6823702412744465,2.56509398753297,0.07965305279119377,0.904680024163099,49.239998899400234
21:06:02.809457,155,-0.8756121077062328,2.8306159708351246,-1.696473056773013,0.6263600167294499,18.879999577999115
21:06:02.809457,155,-0.8735404428544601,3.037827586786395,-1.4496682539226546,0.6263600167294499,24.35999945551157
21:06:02.809457,155,-0.641044351643028,2.510533184370734,0.07775583735566637,0.904680024163099,22.759999491274357
21:06:02.809457,155,-0.6566856112597398,2.5717893224405377,0.07965305279119377,0.904680024163099,42.9999990388751
21:06:02.809457,155,-0.8472626401589204,2.8392304161690647,-1.696473056773013,0.6263600167294499,23.11999948322773
21:06:02.809457,155,-0.8431189973114196,3.0464109553235597,-1.4496682539226546,0.6263600167294499,28.879999354481697
21:06:02.809457,155,-0.6309353132340789,2.5782274805705088,0.07965305279119377,0.904680024163099,36.51999918371439
21:06:02.809457,155,-0.7903123717972481,2.855606711802736,-1.696473056773013,0.6263600167294499,28.11999937146902
21:06:02.809457,155,-0.8126132405750137,3.054689685317478,-1.4496682539226546,0.6263600167294499,33.639999248087406
21:06:02.809457,155,-0.8258489327756178,3.234286591397804,-1.180794452214429,0.6263600167294499,16.519999630749226
21:06:02.809457,155,-0.6052732543856936,2.585054140869538,0.05310646073970381,0.904680024163099,30.759999312460423
21:06:02.809457,155,-0.7617172659620113,2.8633669244866238,-1.696473056773013,0.6263600167294499,33.639999248087406
21:06:02.809457,155,-0.7820262231953585,3.0626629489020862,-1.4496682539226546,0.6263600167294499,37.99999915063381
21:06:02.809457,155,-0.7194660933638416,2.8176576203971018,-1.6650453871996387,0.06972000186215155,16.239999637007713
21:06:02.809457,155,-0.7330459890383456,2.870840802876993,-1.696473056773013,0.6263600167294499,38.87999913096428
21:06:02.809457,155,-0.7513610038485659,3.0703299487577054,-1.4496682539226546,0.6263600167294499,40.99999908357859
21:06:02.809457,155,-0.7043014081299227,2.878027599592268,-1.696473056773013,0.6263600167294499,42.35999905318022
21:06:02.809457,155,-0.7206206490308793,3.0776899181907735,-1.4496682539226546,0.6263600167294499,41.75999906659126
21:06:02.809457,155,-0.6629728106010652,2.831482469959122,-1.6650453871996387,0.06972000186215155,17.639999605715275
21:06:02.809457,155,-0.675486397670751,2.8849265959587984,-1.696473056773013,0.6263600167294499,42.87999904155731
21:06:02.809457,155,-0.6898082327520262,3.084742121210515,-1.4496682539226546,0.6263600167294499,39.87999910861254
21:06:02.809457,155,-0.617656620762531,2.897858456918977,-1.696473056773013,0.6263600167294499,40.11999910324812
21:06:02.809457,155,-0.62797954757204,3.097920437999342,-1.4496682539226546,0.6263600167294499,35.999999195337296
21:06:02.809457,155,-0.588647637242724,2.9038900283373654,-1.696473056773013,0.6263600167294499,35.35999920964241
21:06:02.809457,155,-0.6159601183769027,3.0386267309022488,-1.5749120996390253,0.6263600167294499,31.239999301731586
21:06:02.809457,155,-0.5595797894523619,2.909631213185801,-1.696473056773013,0.6263600167294499,29.879999332129955
21:06:02.809457,155,-0.5855435604343957,3.0446342992251774,-1.5749120996390253,0.6263600167294499,26.519999407231808
21:06:02.809457,155,-0.5304559841518711,2.9150814373506098,-1.696473056773013,0.6263600167294499,24.759999446570873
21:06:02.809457,155,-0.5245378304386066,3.055735482927692,-1.5749120996390253,0.6263600167294499,22.239999502897263
21:06:02.809457,155,-0.5012791336973814,2.9202401558139406,-1.696473056773013,0.6263600167294499,20.51999954134226
21:06:02.809457,155,-0.49395475890721363,3.0608279881982083,-1.5749120996390253,0.6263600167294499,18.639999583363533
21:06:02.864858,156,-0.8589478556134601,2.4634602059708346,-0.4952305673207827,0.974120026017772,19.119999572634697
21:06:02.864858,156,-0.8788344572178346,2.5275441378811387,-0.4803882726855554,0.974120026017772,20.51999954134226
21:06:02.864858,156,-0.8338283777128235,2.471635755327278,-0.4974211991685224,0.974120026017772,23.519999474287033
21:06:02.864858,156,-0.8536889105278623,2.5305063866676845,-0.509269020990179,0.974120026017772,25.999999418854713
21:06:02.864858,156,-0.8086255176729974,2.4795682644345356,-0.4995467085777647,0.974120026017772,28.639999359846115
21:06:02.864858,156,-0.8278857564200571,2.5386278361632058,-0.511445156823874,0.974120026017772,33.519999250769615
21:06:02.864858,156,-0.8471459951671169,2.597687407891876,-0.5233436050699833,0.974120026017772,24.639999449253082
21:06:02.864858,156,-0.7657175733430897,2.411135762007914,-0.5655631139696582,0.974120026017772,5.999999865889549
21:06:02.864858,156,-0.7844008162841449,2.46996663748173,-0.5793626575933754,0.974120026017772,34.11999923735857
21:06:02.864858,156,-0.8030840592252002,2.528797512955547,-0.5931622012170925,0.974120026017772,43.5199990272522
21:06:02.864858,156,-0.8217673021662554,2.5876283884293634,-0.6069617448408099,0.974120026017772,30.51999931782484
21:06:02.864858,156,-0.7590044732121127,2.477420774580806,-0.5813599876093436,0.974120026017772,38.75999913364649
21:06:02.864858,156,-0.7770828136115351,2.5364291963440286,-0.5952071046179263,0.974120026017772,55.63999875634909
21:06:02.864858,156,-0.7951611540109574,2.5954376181072507,-0.6090542216265089,0.974120026017772,37.75999915599823
21:06:02.864858,156,-0.7335322303286539,2.484629233233444,-0.5832914882839912,0.974120026017772,40.759999088943005
21:06:02.864858,156,-0.7510038603675495,2.54380934959647,-0.5971846107219358,0.974120026017772,67.63999848812819
21:06:02.864858,156,-0.7684754904064451,2.6724533061085203,0.08344748366224856,0.974120026017772,45.759998977184296
21:06:02.864858,156,-0.7079866348367162,2.5581421453756863,0.07965305279119377,0.974120026017772,39.35999912023544
21:06:02.864858,156,-0.7248498073667189,2.619073228296045,0.08155026822672116,0.974120026017772,73.75999835133553
21:06:02.864858,156,-0.7417129798967216,2.6800043112164036,0.08344748366224856,0.974120026017772,52.999998815357685
21:06:02.864858,156,-0.7798527228936615,2.8178132459807883,-0.5320311483352028,0.8349600223009475,5.519999876618385
21:06:02.864858,156,-0.7900181958334713,2.854543776580424,-0.6623269229447324,0.8349600223009475,5.359999880194664
21:06:02.864858,156,-0.6823702412744465,2.56509398753297,0.07965305279119377,0.974120026017772,35.11999921500683
21:06:02.864858,156,-0.6986232699924314,2.6261906528357226,0.08155026822672116,0.974120026017772,70.11999843269587
21:06:02.864858,156,-0.7148762987104162,2.6872873181384755,0.08344748366224856,0.974120026017772,56.759998731315136
21:06:02.864858,156,-0.7439833249603176,2.796703370469746,-0.29036549964039404,0.974120026017772,8.359999813139439
21:06:02.864858,156,-0.7455653043370876,2.8026501799029573,-0.648523898932787,0.8349600223009475,6.5199998542666435
21:06:02.864858,156,-0.76143373388174,2.8623011007000843,-0.6623269229447324,0.8349600223009475,5.999999865889549
21:06:02.864858,156,-0.6566856112597398,2.5717893224405377,0.07965305279119377,0.974120026017772,29.519999340176582
21:06:02.864858,156,-0.6723268708764517,2.6330454605103415,0.08155026822672116,0.974120026017772,59.119998678565025
21:06:02.864858,156,-0.6881401813033198,2.694975404171268,0.055636292140032385,0.974120026017772,54.9999987706542
21:06:02.864858,156,-0.7038909370870373,2.756660363991274,-0.02845202650950525,0.974120026017772,21.87999951094389
21:06:02.864858,156,-0.7175019923175964,2.8099655771844634,-0.648523898932787,0.8349600223009475,7.639999829232693
21:06:02.864858,156,-0.7327731291945504,2.869772197107713,-0.6623269229447324,0.8349600223009475,6.239999860525131
21:06:02.864858,156,-0.6310931009672406,2.578872257715172,0.05310646073970381,0.974120026017772,24.119999460875988
21:06:02.864858,156,-0.646124785635355,2.6402971006074654,0.0543713764398681,0.974120026017772,46.23999896645546
21:06:02.864858,156,-0.6611564703034695,2.7017219434997584,0.055636292140032385,0.974120026017772,48.75999891012907
21:06:02.864858,156,-0.6893669306999972,2.8169999802624424,-0.648523898932787,0.7655200204462744,8.759999804198742
21:06:02.864858,156,-0.7256342447679269,2.841814059411796,-0.7802394950071224,0.5566400148672983,6.6399998515844345
21:06:02.864858,156,-0.8238054046565871,2.864868827631902,-1.9107022293293725,0.06972000186215155,10.87999975681305
21:06:02.864858,156,-0.6052732543856936,2.585054140869538,0.05310646073970381,0.904680024163099,19.519999563694
21:06:02.864858,156,-0.6196899492981,2.646626226883471,0.0543713764398681,0.904680024163099,35.35999920964241
21:06:02.864858,156,-0.6341066442105063,2.708198312897404,0.055636292140032385,0.904680024163099,40.51999909430742
21:06:02.864858,156,-0.6611629329668801,2.82375268570248,-0.648523898932787,0.7655200204462744,9.359999790787697
21:06:02.864858,156,-0.6686566318544891,2.855757432648558,-0.7802394950071224,0.5566400148672983,7.519999831914902
21:06:02.864858,156,-0.7853262585201742,2.36979898859576,-2.4208103643414933,0.6958000185841229,13.759999692440033
21:06:02.864858,156,-0.5793928809858064,2.5909775207755783,0.05310646073970381,0.904680024163099,15.75999964773655
21:06:02.864858,156,-0.5931931444850919,2.6526906927541343,0.0543713764398681,0.904680024163099,26.99999939650297
21:06:02.864858,156,-0.6070844714099265,2.714811089771703,-0.02781953703521434,0.904680024163099,32.51999927312136
21:06:02.864858,156,-0.6267269974782674,2.8026501799029573,-0.7639791496828389,0.5566400148672983,9.759999781847
21:06:02.864858,156,-0.6400661015719834,2.8623011007000847,-0.7802394950071224,0.5566400148672983,7.759999826550484
21:06:02.864858,156,-0.7411892138195013,2.678111806456389,-1.9837993525812843,0.6958000185841229,7.35999983549118
21:06:02.864858,156,-0.5667220298637443,2.658888728393222,-0.02718704756092343,0.904680024163099,20.999999530613422
21:06:02.864858,156,-0.5799064596159768,2.7207460937526227,-0.02781953703521434,0.904680024163099,25.879999421536922
21:06:02.864858,156,-0.5986696273243377,2.8087772139487215,-0.7639791496828389,0.5566400148672983,9.63999978452921
21:06:02.864858,156,-0.6114115652155682,2.8685585410395795,-0.7802394950071224,0.5566400148672983,7.519999831914902
21:06:02.864858,156,-0.540105250455903,2.664422910789384,-0.02718704756092343,0.904680024163099,16.639999628067017
21:06:02.864858,156,-0.5526704576619116,2.7264090254036106,-0.02781953703521434,0.904680024163099,20.63999953866005
21:06:02.864858,156,-0.5826958882148727,2.8745291279282514,-0.7802394950071224,0.5566400148672983,7.1199998408555984
21:06:02.864858,156,-0.5253791891251078,2.7317993184362455,-0.02781953703521434,0.904680024163099,16.759999625384808
21:06:02.864858,156,-0.5475862288322374,2.847268635059628,-0.8969038503755085,0.5566400148672983,6.7599998489022255
21:06:02.864858,156,-0.5190866385783658,2.8526020437226154,-0.8969038503755085,0.5566400148672983,6.239999860525131
21:06:02.864858,156,0.07231444356847476,0.1759240497936345,-0.16682432687146548,0.20888000557897612,6.239999860525131
21:06:02.916860,157,-0.8404505451073105,2.716948195143037,0.08534469909777596,0.904680024163099,27.359999388456345
21:06:02.916860,157,-0.8591337880483658,2.7773460418499334,0.08724191453330335,0.904680024163099,27.119999393820763
21:06:02.916860,157,-0.848716545001001,2.8441025427732503,-0.14852560001768664,0.904680024163099,16.759999625384808
21:06:02.916860,157,-0.7684754904064451,2.6724533061085203,0.08344748366224856,0.904680024163099,24.35999945551157
21:06:02.916860,157,-0.7238711867332291,2.615537214247642,0.1630271467197968,0.974120026017772,18.23999959230423
21:06:02.916860,157,-0.7978603690178695,2.882879613370579,-0.5134684424406348,0.7655200204462744,10.519999764859676
21:06:02.916860,157,-0.9341182406194346,3.019750397778742,-1.4496682539226546,0.8349600223009475,15.999999642372131
21:06:02.916860,157,-0.9377308192362341,1.8012126605922059,-2.900552639656711,3.548720094782766,21.239999525249004
21:06:02.916860,157,-0.6823702412744465,2.56509398753297,0.07965305279119377,0.974120026017772,5.119999885559082
21:06:02.916860,157,-0.7772394423609985,2.921716247106709,-0.676075389549516,0.7655200204462744,6.239999860525131
21:06:02.916860,157,-0.8735404428544601,3.037827586786395,-1.4496682539226546,0.8349600223009475,19.35999956727028
21:06:02.916860,157,-0.9015214284942743,1.8196057957669722,-2.900552639656711,3.548720094782766,25.999999418854713
21:06:02.916860,157,-0.8431189973114196,3.0464109553235597,-1.4496682539226546,0.8349600223009475,23.639999471604824
21:06:02.916860,157,-0.8649514412171615,1.8372711129170534,-2.900552639656711,3.548720094782766,31.75999929010868
21:06:02.916860,157,-0.8833569801872037,2.0893357865172786,-2.800566665981031,1.8090800483187195,22.239999502897263
21:06:02.916860,157,-0.8126132405750137,3.054689685317478,-1.4496682539226546,0.8349600223009475,28.359999366104603
21:06:02.916860,157,-0.8280354849115596,1.8542015461514398,-2.900552639656711,3.548720094782766,37.99999915063381
21:06:02.916860,157,-0.8413963856168387,2.106583894730554,-2.800566665981031,1.8090800483187195,24.119999460875988
21:06:02.916860,157,-0.7820262231953585,3.0626629489020862,-1.4496682539226546,0.8349600223009475,32.99999926239252
21:06:02.916860,157,-0.7907883254671243,1.8703903235228776,-2.900552639656711,3.548720094782766,43.75999902188778
21:06:02.916860,157,-0.8184179399128446,3.3443485869562637,-1.065054852307523,0.20888000557897612,25.119999438524246
21:06:02.916860,157,-0.7199235759333019,3.074712797222147,-1.2980583304609876,0.8349600223009475,10.119999773800373
21:06:02.916860,157,-0.7513610038485659,3.0703299487577054,-1.4496682539226546,0.8349600223009475,36.11999919265509
21:06:02.916860,157,-0.7532248612503456,1.8858309697365536,-2.900552639656711,3.548720094782766,46.999998949468136
21:06:02.916860,157,-0.7206206490308793,3.0776899181907735,-1.4496682539226546,0.8349600223009475,36.63999918103218
21:06:02.916860,157,-0.7153601171453986,1.900517308740132,-2.900552639656711,3.270400087349117,46.51999896019697
21:06:02.916860,157,-0.751371750586109,3.360047006794504,-1.065054852307523,0.20888000557897612,23.759999468922615
21:06:02.916860,157,-0.6898082327520262,3.084742121210515,-1.4496682539226546,0.8349600223009475,34.11999923735857
21:06:02.916860,157,-0.6963194935278832,1.907575765456299,-2.900552639656711,3.270400087349117,42.35999905318022
21:06:02.916860,157,-0.7177342730014106,3.367392597961615,-1.065054852307523,0.20888000557897612,21.7599995136261
21:06:02.916860,157,-0.62797954757204,3.097920437999342,-1.4496682539226546,0.8349600223009475,29.879999332129955
21:06:02.916860,157,-0.6580312632044129,1.9211197241891815,-2.900552639656711,3.270400087349117,36.23999918997288
21:06:02.916860,157,-0.5969694614876249,3.1040452339477906,-1.4496682539226546,0.8349600223009475,24.999999441206455
21:06:02.916860,157,-0.6078273532026764,3.160502706570996,-1.4760353328761004,0.20888000557897612,29.879999332129955
21:06:02.916860,157,-0.5658996789572024,3.109859627973416,-1.4496682539226546,0.8349600223009475,20.51999954134226
21:06:02.916860,157,-0.576192462478135,3.166422854851725,-1.4760353328761004,0.20888000557897612,24.23999945819378
21:06:02.916860,157,-0.5347733069329954,3.115363038641687,-1.4496682539226546,0.8349600223009475,16.759999625384808
21:06:02.916860,157,-0.5444999529900801,3.1720263634998,-1.4760353328761004,0.20888000557897612,19.759999558329582
21:06:02.916860,157,-0.5035934580261289,3.120554915616148,-1.4496682539226546,0.8349600223009475,13.759999692440033
21:06:02.916860,157,-0.5127529939629089,3.177312672169051,-1.4760353328761004,0.20888000557897612,16.119999639689922
21:06:02.977039,158,-0.9164110730665994,2.6651358173336535,1.6092441275521556,0.8349600223009475,20.359999544918537
21:06:02.977039,158,-0.9367829210136911,2.7243818731974097,1.60055761180404,0.8349600223009475,20.63999953866005
21:06:02.977039,158,-0.9629267462928534,2.707778186683889,1.2436877136915683,0.6958000185841229,21.519999518990517
21:06:02.977039,158,-0.8896111136192888,2.6738583071910798,1.6069069434388694,0.8349600223009475,23.35999947786331
21:06:02.977039,158,-0.9126762341898776,2.7128979269167903,1.4836861581626684,0.8349600223009475,24.51999945193529
21:06:02.977039,158,-0.934766460467167,2.716943417249991,1.241231897562936,0.8349600223009475,26.6399994045496
21:06:02.977039,158,-0.9535163979447925,2.7400271817592086,1.108774216547503,0.6958000185841229,17.359999611973763
21:06:02.977039,158,-0.8273470423988599,2.544025134631132,1.515195657544824,0.974120026017772,8.239999815821648
21:06:02.977039,158,-0.8627221938059331,2.6823214975181577,1.604639238425338,0.974120026017772,25.999999418854713
21:06:02.977039,158,-0.8850901601166287,2.721580544027457,1.4813596579196764,0.8349600223009475,28.639999359846115
21:06:02.977039,158,-0.9065126987785822,2.7258361866243725,1.2388490871905944,0.8349600223009475,33.2399992570281
21:06:02.977039,158,-0.924695910461506,2.7490983260291646,1.1063436107659421,0.6958000185841229,21.239999525249004
21:06:02.977039,158,-0.8387697000677173,2.670628120502173,1.49043237567756,0.974120026017772,27.759999379515648
21:06:02.977039,158,-0.8574155777688977,2.7299962704439227,1.4791046708226632,0.8349600223009475,32.51999927312136
21:06:02.977039,158,-0.8781682865795966,2.7344556055375446,1.2365395208535843,0.8349600223009475,41.51999907195568
21:06:02.977039,158,-0.8957829541618844,2.757890636859784,1.103987718179274,0.904680024163099,26.119999416172504
21:06:02.977039,158,-0.9138741793488924,2.805560859883068,1.055930533522534,0.8349600223009475,7.639999829232693
21:06:02.977039,158,-0.9263302868537354,2.786470840124982,0.8291050565390643,0.3480400092958007,5.879999868571758
21:06:02.977039,158,-0.793570884733155,2.619053582299762,1.499671788560779,0.974120026017772,24.639999449253082
21:06:02.977039,158,-0.811613069657444,2.6785989234501786,1.488296605464614,0.974120026017772,27.87999937683344
21:06:02.977039,158,-0.829655254581733,2.738144264600596,1.4769214223684493,0.8349600223009475,35.11999921500683
21:06:02.977039,158,-0.848716545001001,2.7087508447092357,1.1204273827836126,0.8349600223009475,51.11999885737896
21:06:02.977039,158,-0.8667804203173343,2.7664032350273513,1.101706774374784,0.904680024163099,32.239999279379845
21:06:02.977039,158,-0.8842859105689566,2.8142453784133306,1.053603523795697,0.8349600223009475,9.519999787211418
21:06:02.977039,158,-0.8963387298913195,2.795273728666001,0.826746329663437,0.3480400092958007,6.5199998542666435
21:06:02.977039,158,-0.7669385906761539,2.6265903269599447,1.4976523239155233,0.974120026017772,23.639999471604824
21:06:02.977039,158,-0.7843752786201749,2.6863070193324163,1.486231227397787,0.974120026017772,26.519999407231808
21:06:02.977039,158,-0.8018119665641961,2.746023711704888,1.4748101308800503,0.8349600223009475,35.759999200701714
21:06:02.977039,158,-0.820233558751941,2.7168113217398364,1.1182675844726535,0.904680024163099,60.239998653531075
21:06:02.977039,158,-0.8376912091569416,2.77463526927918,1.0995010074449412,0.904680024163099,39.23999912291765
21:06:02.977039,158,-0.8526847545291809,2.7921930798332664,0.963567934668071,0.8349600223009475,12.23999972641468
21:06:02.977039,158,-0.8662575398068678,2.803786485706597,0.824465343289047,0.6263600167294499,6.9999998435378075
21:06:02.977039,158,-0.7570590507121941,2.693751637345755,1.4842364480131547,0.974120026017772,23.999999463558197
21:06:02.977039,158,-0.7754393249567272,2.728975061015466,1.3590928122859334,0.8349600223009475,34.23999923467636
21:06:02.977039,158,-0.7916685498341984,2.7245962758212183,1.1161816123134338,0.904680024163099,66.23999851942062
21:06:02.977039,158,-0.8080732144313933,2.773189501708962,1.0685154092798117,0.904680024163099,45.759998977184296
21:06:02.977039,158,-0.8229896178729699,2.8002860328575307,0.9613994344408365,0.8349600223009475,15.87999964505434
21:06:02.977039,158,-0.8349548575430848,2.799939970847471,0.7930662580954999,0.6263600167294499,7.519999831914902
21:06:02.977039,158,-0.729667117533407,2.700932033034631,1.4823124667869845,0.974120026017772,20.999999530613422
21:06:02.977039,158,-0.7473823561463859,2.7363297860936036,1.3571221196406937,0.8349600223009475,30.999999307096004
21:06:02.977039,158,-0.7630243747247331,2.732104928464497,1.1141696749014216,0.904680024163099,66.23999851942062
21:06:02.977039,158,-0.7788354852576259,2.780853745891421,1.066461781240527,0.904680024163099,49.99999888241291
21:06:02.977039,158,-0.7932121829444729,2.808091753030357,0.9593078980241843,0.8349600223009475,20.119999550282955
21:06:02.977039,158,-0.8047444959555596,2.807859176428421,0.7909443133553884,0.6263600167294499,8.51999980956316
21:06:02.977039,158,-0.702202218254182,2.7078474883654904,1.480459476115787,0.904680024163099,17.999999597668648
21:06:02.977039,158,-0.7192506497265876,2.743413138453615,1.3552241410961234,1.1132800297345966,26.99999939650297
21:06:02.977039,158,-0.7343038978170576,2.7393365288106986,1.1122319734286723,0.904680024163099,60.51999864727259
21:06:02.977039,158,-0.7495198731878419,2.788235196800974,1.0644839274303424,0.904680024163099,50.23999887704849
21:06:02.977039,158,-0.7633554274622353,2.815609459786267,0.9572935345700042,1.0438400278799236,23.759999468922615
21:06:02.977039,158,-0.7708315495186459,2.7775336216326463,0.7020677156343456,0.3480400092958007,9.879999779164791
21:06:02.977039,158,-0.6913235390301321,2.721208372067615,1.2407439076508922,1.1132800297345966,22.99999948590994
21:06:02.977039,158,-0.7055099911348008,2.746290353705846,1.11036870166371,0.904680024163099,51.51999884843826
21:06:02.977039,158,-0.7201293097586873,2.795333116298713,1.062582045632982,0.904680024163099,46.759998954832554
21:06:02.977039,158,-0.7334223370767913,2.8228384013608836,0.955356545512954,1.0438400278799236,25.359999433159828
21:06:02.977039,158,-0.7406053015434391,2.784833361746982,0.7001117561657522,0.6263600167294499,10.759999759495258
21:06:02.977039,158,-0.6766455340445073,2.7529657077732765,1.1085800459321502,0.904680024163099,42.23999905586243
21:06:02.977039,158,-0.6906667340018817,2.8021467945986354,1.0607563260350323,0.904680024163099,40.99999908357859
21:06:02.977039,158,-0.7034159050721013,2.829777854866106,0.9534971245503163,1.0438400278799236,24.759999446570873
21:06:02.977039,158,-0.7090502121029765,2.77860743446333,0.66955231831779,0.6263600167294499,10.87999975681305
21:06:02.977039,158,-0.6477134129677037,2.759361923483175,1.1068661850980677,0.904680024163099,34.11999923735857
21:06:02.977039,158,-0.6611350921503173,2.808675550338619,1.0590069512069238,0.904680024163099,34.759999223053455
21:06:02.977039,158,-0.6733391320662268,2.8364271263623975,0.9517154576226297,1.0438400278799236,22.519999496638775
21:06:02.977039,158,-0.6787325264700329,2.7853099661103675,0.6677563803757223,0.6263600167294499,10.519999764859676
21:06:02.977039,158,-0.7474082252545092,2.783175787010875,0.05363906682437758,0.8349600223009475,6.5199998542666435
21:06:02.977039,158,-0.618716521092258,2.7654783612193308,1.1052272905461094,0.904680024163099,27.639999382197857
21:06:02.977039,158,-0.6301152043362501,2.7849755155155016,0.9713639699763108,0.974120026017772,29.11999934911728
21:06:02.977039,158,-0.642582432361734,2.832027354526469,0.9209662690363349,1.0438400278799236,19.759999558329582
21:06:02.977039,158,-0.6483469681530849,2.791719321165463,0.6660389988647051,0.6263600167294499,9.879999779164791
21:06:02.977039,158,-0.7284632867046253,2.840990799058425,0.016310439350074812,0.8349600223009475,13.879999689757824
21:06:02.977039,158,-0.7303943498473509,2.8089555057318107,-0.13661187266226538,0.6263600167294499,13.639999695122242
21:06:02.977039,158,-0.7402071332519359,2.8364731102147687,-0.20346035475377366,0.8349600223009475,4.999999888241291
21:06:02.977039,158,-0.6005210885059952,2.7909190818025773,0.969771396189528,1.0438400278799236,24.35999945551157
21:06:02.977039,158,-0.6124027782239928,2.838088518033348,0.9193421851694736,1.0438400278799236,16.99999962002039
21:06:02.977039,158,-0.6178965756825073,2.79783485869848,0.6644003455214511,1.1830000315967482,8.999999798834324
21:06:02.977039,158,-0.5708669210700066,2.7965764984766146,0.9682554959604732,1.0438400278799236,20.51999954134226
21:06:02.977039,158,-0.5801478633960623,2.8098475953081,0.8313298756870044,1.0438400278799236,14.6399996727705
21:06:02.977039,158,-0.5826402469864832,2.7477553452874517,0.5495264852926494,1.1830000315967482,8.239999815821648
21:06:02.977039,158,-0.5499535752221126,2.815305611499085,0.8298674046563541,1.0438400278799236,12.639999717473984
21:06:03.034797,159,-0.9886132345348194,2.753336868575314,-0.5225694806193775,0.904680024163099,20.75999953597784
21:06:03.034797,159,-1.0120827447331457,2.755772249928419,-0.7698270580833854,0.8349600223009475,19.999999552965164
21:06:03.034797,159,-0.9401710414043483,2.703949287366361,-0.513916061096437,0.904680024163099,25.239999435842037
21:06:03.034797,159,-0.9625415884504057,2.7374542666085264,-0.6412150420556768,0.904680024163099,26.119999416172504
21:06:03.034797,159,-0.9834214435934414,2.765409875186541,-0.7724094519882528,0.8349600223009475,24.23999945819378
21:06:03.034797,159,-0.892828624833677,2.6539016078941033,-0.5050857687769189,0.904680024163099,25.75999942421913
21:06:03.034797,159,-0.9126762341898776,2.7128979269167903,-0.5163138418373318,0.904680024163099,31.75999929010868
21:06:03.034797,159,-0.9343925663630808,2.7466158312047675,-0.6436698758906452,0.904680024163099,33.11999925971031
21:06:03.034797,159,-0.9546618011332891,2.7747701762778574,-0.7749175371065832,0.904680024163099,29.519999340176582
21:06:03.034797,159,-0.9733093248214061,2.796904187509071,-0.9097256926312476,0.8349600223009475,17.639999605715275
21:06:03.034797,159,-0.8658424542107058,2.6623954075620153,-0.5073616755386077,0.904680024163099,31.75999929010868
21:06:03.034797,159,-0.8850901601166287,2.721580544027457,-0.5186403420803235,0.904680024163099,40.23999910056591
21:06:03.034797,159,-0.9061501058019543,2.7555050435901265,-0.6460517331706509,0.904680024163099,42.23999905586243
21:06:03.034797,159,-0.9258066932928398,2.7838522171801023,-0.7773510626319662,0.904680024163099,35.759999200701714
21:06:03.034797,159,-0.9438905866918436,2.8061636290076946,-0.912206752503167,0.8349600223009475,19.35999956727028
21:06:03.034797,159,-0.9631614322723018,2.863455381601218,-0.9308307283249311,0.8349600223009475,18.759999580681324
21:06:03.034797,159,-0.8387697000677173,2.670628120502173,-0.5095676243224401,0.904680024163099,38.99999912828207
21:06:03.034797,159,-0.8574155777688977,2.7299962704439227,-0.5208953291773367,0.904680024163099,51.11999885737896
21:06:03.034797,159,-0.8778170309894211,2.7641210148508115,-0.6483603757119611,0.904680024163099,52.999998815357685
21:06:03.034797,159,-0.896859005558703,2.792655089696794,-0.7797097852138879,0.904680024163099,42.63999904692173
21:06:03.034797,159,-0.9143774602944045,2.815138449091141,-0.9146115482967411,0.8349600223009475,20.87999953329563
21:06:03.034797,159,-0.9330457541496728,2.8726134351805577,-0.9332846213857562,0.8349600223009475,21.119999527931213
21:06:03.034797,159,-0.9490482704862092,2.8884658216398837,-1.073998982869822,0.8349600223009475,14.879999667406082
21:06:03.034797,159,-0.811613069657444,2.6785989234501786,-0.5117033945353858,0.904680024163099,47.35999894142151
21:06:03.034797,159,-0.8301954715590091,2.732381057128634,-0.5515816270007421,0.904680024163099,63.23999858647585
21:06:03.034797,159,-0.8493961752092246,2.7724628833969165,-0.6505955726522565,0.904680024163099,63.35999858379364
21:06:03.034797,159,-0.8678216326753995,2.801177913548056,-0.7819934689820662,0.904680024163099,48.99999890476465
21:06:03.034797,159,-0.884772896917002,2.82382775028492,-0.916939839534405,0.904680024163099,21.87999951094389
21:06:03.034797,159,-0.9023398433783454,2.8717021312166366,-0.9657184830215793,0.8349600223009475,23.23999948054552
21:06:03.034797,159,-0.918321179222633,2.8974845984883806,-1.0764155568430933,0.8349600223009475,16.119999639689922
21:06:03.034797,159,-0.7848860122528811,2.6806741610610736,-0.541653322260235,0.904680024163099,55.359998762607574
21:06:03.034797,159,-0.8023340538221614,2.7402656348110477,-0.5536942932234052,0.904680024163099,73.99999834597111
21:06:03.034797,159,-0.820890380523132,2.780529815048574,-0.6527571004737153,0.904680024163099,69.87999843806028
21:06:03.034797,159,-0.8386974783558899,2.8094198364586433,-0.7842018855700377,0.904680024163099,53.23999880999327
21:06:03.034797,159,-0.8550798569911714,2.8322306636661945,-0.9191913933889861,0.904680024163099,22.11999950557947
21:06:03.034797,159,-0.8700935055698429,2.8491996041390943,-1.0575922745418207,0.8349600223009475,24.639999449253082
21:06:03.034797,159,-0.8866569795819765,2.895058797758575,-1.1089973831255389,0.8349600223009475,16.99999962002039
21:06:03.034797,159,-0.7575519978124948,2.6881236265204063,-0.5436494005141068,0.904680024163099,60.75999864190817
21:06:03.034797,159,-0.7754393249567272,2.728975061015466,-0.6409071877140666,0.904680024163099,78.51999824494123
21:06:03.034797,159,-0.7923024974867299,2.788321003119378,-0.6548447430253661,0.904680024163099,68.99999845772982
21:06:03.034797,159,-0.8094894549912064,2.8173800342431705,-0.7863348141379937,0.904680024163099,53.87999879568815
21:06:03.034797,159,-0.8253013097960282,2.8403463489506637,-0.9213659847069849,0.904680024163099,21.639999516308308
21:06:03.034797,159,-0.8397921011946178,2.857457786110674,-1.0598050477320546,0.974120026017772,24.759999446570873
21:06:03.034797,159,-0.8557787446469469,2.9034741860322337,-1.1112522796174602,0.8349600223009475,16.8799996227026
21:06:03.034797,159,-0.8643049186947283,2.8725862117236725,-1.3455580823820164,0.8349600223009475,5.519999876618385
21:06:03.034797,159,-0.7311293274284011,2.6768239036901584,-0.6288974691739099,0.904680024163099,61.359998628497124
21:06:03.034797,159,-0.7473823561463859,2.7363297860936036,-0.6428778803593064,0.904680024163099,74.35999833792448
21:06:03.034797,159,-0.7636353848643708,2.7958356684970487,-0.6568582915447031,0.904680024163099,61.519998624920845
21:06:03.034797,159,-0.7802004833592147,2.8250577108885273,-0.7883920413948644,0.904680024163099,50.75999886542559
21:06:03.034797,159,-0.7954402331613436,2.8481739945766007,-0.9234633960310916,0.904680024163099,20.239999547600746
21:06:03.034797,159,-0.8094067183128518,2.8654228709706953,-1.0619392857879428,0.974120026017772,23.35999947786331
21:06:03.034797,159,-0.8219614401178409,2.876359294712826,-1.203469084097547,0.8349600223009475,16.119999639689922
21:06:03.034797,159,-0.6879681304931637,2.624093295918156,-0.6167324873545075,0.904680024163099,17.999999597668648
21:06:03.034797,159,-0.7036093901098757,2.683753217185885,-0.630754173129192,0.904680024163099,56.99999872595072
21:06:03.034797,159,-0.7192506497265876,2.743413138453615,-0.6447758589038766,0.904680024163099,63.999998569488525
21:06:03.034797,159,-0.7350756951071676,2.7960792780994566,-0.6876796452374132,0.904680024163099,50.99999886006117
21:06:03.034797,159,-0.7508334923325396,2.8324520986334822,-0.7903733616196477,0.904680024163099,44.99999899417162
21:06:03.034797,159,-0.7654996131697633,2.855712817785999,-0.925483417621931,0.904680024163099,18.35999958962202
21:06:03.034797,159,-0.7789403954373761,2.873094062217345,-1.0639947752874672,0.974120026017772,21.119999527931213
21:06:03.034797,159,-0.7910225535738552,2.8841494739414575,-1.2055564563307526,0.6263600167294499,14.51999967545271
21:06:03.034797,159,-0.6760190924418238,2.6904163664731913,-0.6325395585997736,0.904680024163099,49.359998896718025
21:06:03.034797,159,-0.6910470188444054,2.750224409766199,-0.6466009335515127,0.904680024163099,51.99999883770943
21:06:03.034797,159,-0.7062515243078129,2.8030404118802386,-0.6895448754123786,0.904680024163099,40.879999086260796
21:06:03.034797,159,-0.7213914185856802,2.8395624580454566,-0.7922785766819813,0.904680024163099,38.359999142587185
21:06:03.034797,159,-0.7354824438582024,2.8629620647028555,-0.9274258474790364,0.904680024163099,16.359999634325504
21:06:03.034797,159,-0.7483961791749536,2.8804705927379257,-1.0659713106834003,0.974120026017772,18.23999959230423
21:06:03.034797,159,-0.7600045654372315,2.8916404219563288,-1.207563649801881,0.6263600167294499,12.759999714791775
21:06:03.034797,159,-0.648361193430897,2.696812685242729,-0.6342534470486034,0.904680024163099,40.99999908357859
21:06:03.034797,159,-0.6627742838392985,2.75676291890993,-0.648352921796279,0.904680024163099,41.11999908089638
21:06:03.034797,159,-0.6773567289477254,2.809722782143817,-0.6913354111280303,0.904680024163099,32.51999927312136
21:06:03.034797,159,-0.6918772063013445,2.846388078094465,-0.7941074960619546,0.904680024163099,31.999999284744263
21:06:03.034797,159,-0.7053917269184432,2.8699210104085506,1.0707095086389504,0.904680024163099,14.51999967545271
21:06:03.034797,159,-0.7177771239216205,2.887551724885564,0.932131305676142,0.974120026017772,15.519999653100967
21:06:03.034797,159,-0.7289105774807965,2.8988313896689144,0.7905095362067336,0.6263600167294499,10.87999975681305
21:06:03.034797,159,-0.6206384588438247,2.702941533867981,1.3641043329117277,0.974120026017772,33.359999254345894
21:06:03.034797,159,-0.6345939349829478,2.7561879897488075,1.3216996561665735,0.974120026017772,32.51999927312136
21:06:03.034797,159,-0.6484914730095072,2.793472686942118,1.2207259415515872,0.904680024163099,25.879999421536922
21:06:03.034797,159,-0.6622938068760341,2.8529282762242207,1.2041400631308377,0.904680024163099,26.6399994045496
21:06:03.034797,159,-0.6752304713969702,2.8765889590143443,1.0689228371948558,0.904680024163099,12.999999709427357
21:06:03.034797,159,-0.6870862915572495,2.894336750552979,0.9303132635279336,0.974120026017772,12.999999709427357
21:06:03.034797,159,-0.6977436990772953,2.9057216579884684,0.7886632943748753,0.6263600167294499,9.239999793469906
21:06:03.034797,159,-0.5928536609308396,2.7088022994692196,1.362533945501848,0.974120026017772,27.119999393820763
21:06:03.034797,159,-0.6061843770687417,2.762180538634404,1.3200939575320738,0.974120026017772,25.879999421536922
21:06:03.034797,159,-0.6563267511393643,2.900824991243288,0.9285747446746666,0.974120026017772,10.87999975681305
21:06:03.034797,159,-0.6665070468884566,2.9123105378939305,0.7868978093251813,0.6263600167294499,7.879999823868275
21:06:03.034797,159,0.12714302914611939,0.061761084272085744,1.7901685803088245,-3.2006800854869653,5.519999876618385
21:06:03.083768,160,-1.0124946729184707,2.9011513809668554,-0.9775359020137686,1.1132800297345966,9.759999781847
21:06:03.083768,160,-1.0290494633128375,2.9144970854693826,-1.120743070544925,1.1132800297345966,6.8799998462200165
21:06:03.083768,160,-0.9043378660225517,2.780765680492898,-0.5299190086220393,0.904680024163099,24.35999945551157
21:06:03.083768,160,-0.9796804577178501,2.87915069976956,-1.0715030034872712,1.1132800297345966,11.639999739825726
21:06:03.083768,160,-0.9979459529369124,2.9242868029433047,-1.1233662174361911,1.1132800297345966,7.879999823868275
21:06:03.083768,160,-0.8947073331712582,2.8487325703274204,-0.5435507388871296,0.904680024163099,28.639999359846115
21:06:03.083768,160,-0.9325321980202343,2.8628403061024374,-0.9633439641387637,0.8349600223009475,21.239999525249004
21:06:03.083768,160,-0.9490482704862092,2.8884658216398837,-1.073998982869822,1.1132800297345966,13.879999689757824
21:06:03.083768,160,-0.966742648801774,2.9337755991098207,-1.1259087327061525,1.1132800297345966,9.119999796152115
21:06:03.083768,160,-0.8857028461195507,2.8508768918097345,-0.8280315983369669,0.8349600223009475,31.359999299049377
21:06:03.083768,160,-0.9023398433783454,2.8717021312166366,-0.9657184830215793,0.8349600223009475,25.63999942690134
21:06:03.083768,160,-0.918321179222633,2.8974845984883806,-1.0764155568430933,1.1132800297345966,16.519999630749226
21:06:03.083768,160,-0.9322064560538349,2.9071288893385994,-1.2202023739498729,1.1132800297345966,10.239999771118164
21:06:03.083768,160,-0.8550798569911714,2.8322306636661945,-0.9191913933889861,0.8349600223009475,37.239999167621136
21:06:03.083768,160,-0.8720572555080996,2.8802718823593327,-0.9680147409196003,0.8349600223009475,30.759999312460423
21:06:03.083768,160,-0.8875022566105049,2.906206128444922,-1.0787524837517124,0.7655200204462744,19.119999572634697
21:06:03.083768,160,-0.9009215425860118,2.9159822913030804,-1.2225746358565237,1.1132800297345966,10.87999975681305
21:06:03.083768,160,-0.7754393249567272,2.728975061015466,-0.6409071877140666,0.904680024163099,19.239999569952488
21:06:03.083768,160,-0.8253013097960282,2.8403463489506637,-0.9213659847069849,0.8349600223009475,42.9999990388751
21:06:03.083768,160,-0.8397921011946178,2.857457786110674,-1.0598050477320546,0.8349600223009475,36.11999919265509
21:06:03.083768,160,-0.8565945845162658,2.9146295393638177,-1.081009529904946,0.7655200204462744,20.75999953597784
21:06:03.083768,160,-0.8695465377187228,2.9245330665854676,-1.2248658091880993,1.1132800297345966,10.99999975413084
21:06:03.083768,160,-0.7954402331613436,2.8481739945766007,-0.9234633960310916,0.8349600223009475,47.63999893516302
21:06:03.083768,160,-0.8094067183128518,2.8654228709706953,-1.0619392857879428,0.7655200204462744,40.3599990978837
21:06:03.083768,160,-0.8248149325544246,2.911590897671721,-1.1134271459464569,0.7655200204462744,20.87999953329563
21:06:03.083768,160,-0.836947004057854,2.920217954069605,-1.2574370371738464,1.1132800297345966,10.359999768435955
21:06:03.083768,160,-0.7654996131697633,2.855712817785999,-0.925483417621931,0.8349600223009475,49.51999889314175
21:06:03.083768,160,-0.7789403954373761,2.873094062217345,-1.0639947752874672,0.7655200204462744,42.23999905586243
21:06:03.083768,160,-0.7937686396596777,2.919408121012671,-1.1155217646277182,0.7655200204462744,19.35999956727028
21:06:03.083768,160,-0.8054440561845788,2.9281501597039012,-1.2595624652677535,0.6263600167294499,9.359999790787697
21:06:03.083768,160,-0.904719118095071,2.7967429149211496,-2.1928146810097178,1.2524400334514212,5.999999865889549
21:06:03.083768,160,-0.9202613648576287,2.8447883995867795,-2.230485231123185,0.41748001115047373,5.119999885559082
21:06:03.083768,160,-0.6760190924418238,2.6904163664731913,-0.6325395585997736,0.7655200204462744,5.879999868571758
21:06:03.083768,160,-0.7354824438582024,2.8629620647028555,-0.9274258474790364,0.8349600223009475,47.999998927116394
21:06:03.083768,160,-0.7483961791749536,2.8804705927379257,-1.0659713106834003,0.7655200204462744,40.759999088943005
21:06:03.083768,160,-0.7626429705659846,2.9269250743393007,-1.117535926201131,0.7655200204462744,16.8799996227026
21:06:03.083768,160,-0.7738605645804867,2.935777678700049,-1.2616062528230243,0.7655200204462744,7.999999821186066
21:06:03.083768,160,-0.7050034734556275,2.8603132684239116,-0.958740330129644,0.8349600223009475,43.5199990272522
21:06:03.083768,160,-0.7177771239216205,2.887551724885564,-1.067868694323858,0.7655200204462744,36.51999918371439
21:06:03.083768,160,-0.7289105774807965,2.8988313896689144,-1.2094904637932664,0.7655200204462744,14.239999681711197
21:06:03.083768,160,-0.7387284279639139,2.9035585669875945,-1.353857099962674,0.6263600167294499,6.7599998489022255
21:06:03.083768,160,-0.6733391320662268,2.8364271263623975,-1.0482845423773703,0.7655200204462744,37.63999915868044
21:06:03.083768,160,-0.6870862915572495,2.894336750552979,-1.0696867364720664,0.7655200204462744,31.239999301731586
21:06:03.083768,160,-0.6977436990772953,2.9057216579884684,-1.2113367056251247,0.7655200204462744,11.999999731779099
21:06:03.083768,160,-0.7071417562940718,2.910541641786077,-1.3557282092156133,-0.06972000186215155,5.879999868571758
21:06:03.083768,160,-0.6431950257112695,2.842785550928179,-1.0499882771049056,0.7655200204462744,31.63999929279089
21:06:03.083768,160,-0.6563267511393643,2.900824991243288,-1.0714252553253334,0.7655200204462744,25.999999418854713
21:06:03.083768,160,-0.6665070468884566,2.9123105378939305,-1.2131021906748187,0.7655200204462744,9.999999776482582
21:06:03.083768,160,-0.6742911014773602,2.903432249319653,-1.387340539812595,-0.06972000186215155,5.119999885559082
21:06:03.083768,160,-0.6129866003926105,2.8488524927263215,-1.0516139092602446,0.7655200204462744,26.239999413490295
21:06:03.083768,160,-0.6255015785962363,2.907015798137858,-1.0730840770332304,0.7655200204462744,21.519999518990517
21:06:03.083768,160,-0.6352037445533293,2.9185973705028303,-1.2147867423953234,0.7655200204462744,8.51999980956316
21:06:03.083768,160,-0.5827168769274731,2.854627345067728,-1.0531612762815334,0.7655200204462744,21.7599995136261
21:06:03.083768,160,-0.5946138564192943,2.912908552161186,-1.0746630357149765,0.7655200204462744,17.759999603033066
21:06:03.083768,160,0.030316034325577886,0.09148160615228335,-0.23392532970821642,-0.20888000557897612,5.119999885559082
21:06:03.143142,161,-0.9243162566285611,2.809114411627977,-0.29294125954615263,0.8349600223009475,28.239999368786812
21:06:03.143142,161,-0.9010788786373014,2.812992596153864,0.32623367374568524,0.8349600223009475,34.639999225735664
21:06:03.143142,161,-0.9202572210529855,2.8728636424083374,0.3331771514488617,0.8349600223009475,33.99999924004078
21:06:03.143142,161,-0.8729043685677698,2.8218625861083337,0.32623367374568524,0.8349600223009475,42.87999904155731
21:06:03.143142,161,-0.8947073331712582,2.8923456450736316,0.21227654701500823,0.8349600223009475,42.23999905586243
21:06:03.143142,161,-0.9151096700614878,2.958300855303797,0.09292606196464631,0.8349600223009475,28.759999357163906
21:06:03.143142,161,-0.8266654029893403,2.770207778454329,0.3192901960425088,0.8349600223009475,25.879999421536922
21:06:03.143142,161,-0.8446425687927014,2.8304503921683524,0.32623367374568524,0.8349600223009475,52.879998818039894
21:06:03.143142,161,-0.865739624430311,2.9011479530175794,0.21227654701500823,0.8349600223009475,52.879998818039894
21:06:03.143142,161,-0.8858357225793697,2.968491242343336,-0.030979484448272476,0.7655200204462744,35.879999198019505
21:06:03.143142,161,-0.9028367722333352,3.0254628294243924,-0.15799665283281294,0.7655200204462744,22.639999493956566
21:06:03.143142,161,-0.9389645228660017,3.1465291949197454,-0.1643190179046519,0.904680024163099,5.639999873936176
21:06:03.143142,161,-0.7997648705579714,2.781265374256336,0.29036549964039404,0.8349600223009475,28.999999351799488
21:06:03.143142,161,-0.8171570411142002,2.841748453136073,0.29667996340255837,0.8349600223009475,64.11999856680632
21:06:03.143142,161,-0.8366853424522382,2.9096601485968097,0.21227654701500823,0.8349600223009475,66.75999850779772
21:06:03.143142,161,-0.8561070141504273,2.977201028413976,-0.030979484448272476,0.7655200204462744,45.2399989888072
21:06:03.143142,161,-0.872537507396172,3.0343397745987897,-0.15799665283281294,0.7655200204462744,26.99999939650297
21:06:03.143142,161,-0.8899951578011724,3.095050566451181,-0.1611578353687324,0.7655200204462744,7.999999821186066
21:06:03.143142,161,-0.9069533386466602,3.1540244010521263,-0.1971466672654756,0.904680024163099,5.999999865889549
21:06:03.143142,161,-0.7570590507121941,2.7354537061446487,0.19900489139850155,0.7655200204462744,4.999999888241291
21:06:03.143142,161,-0.7738884980217614,2.7962629309627314,0.20342877660400377,0.7655200204462744,31.5199992954731
21:06:03.143142,161,-0.7907179453313287,2.857072155780813,0.207852661809506,0.8349600223009475,74.99999832361937
21:06:03.143142,161,-0.8080732144313933,2.9197813131923103,0.1819907642462835,0.8349600223009475,83.51999813318253
21:06:03.143142,161,-0.8262926957373171,2.9856130968760763,-0.030979484448272476,0.7655200204462744,57.51999871432781
21:06:03.143142,161,-0.8421509895392816,3.042913288337899,-0.15799665283281294,0.7655200204462744,32.359999276697636
21:06:03.143142,161,-0.8590006692825349,3.103795618266684,-0.1611578353687324,0.7655200204462744,8.51999980956316
21:06:03.143142,161,-0.8753682737221791,3.1629360831789186,-0.1971466672654756,0.904680024163099,6.239999860525131
21:06:03.143142,161,-0.7458876412778891,2.803861874814016,0.20342877660400377,0.7655200204462744,32.63999927043915
21:06:03.143142,161,-0.7621081650223713,2.8648363508607706,0.207852661809506,0.8349600223009475,82.23999816179276
21:06:03.143142,161,-0.7798884135823556,2.9316739793494873,0.09103634540435815,0.7655200204462744,100.87999774515629
21:06:03.143142,161,-0.7963957487469018,2.9937266065298376,-0.030979484448272476,0.7655200204462744,72.51999837905169
21:06:03.143142,161,-0.8116802572889922,3.0511825132975297,-0.15799665283281294,0.7655200204462744,38.239999145269394
21:06:03.143142,161,-0.8279202814166405,3.112230293120723,-0.1611578353687324,0.7655200204462744,9.239999793469906
21:06:03.143142,161,-0.8417957890496096,3.1643896328023926,-0.2954982075741153,0.904680024163099,6.359999857842922
21:06:03.143142,161,-0.733899730855344,2.8741843268577694,0.17819804074098614,0.7655200204462744,82.87999814748764
21:06:03.143142,161,-0.7505331689600115,2.9393261508593604,0.09103634540435815,0.7655200204462744,113.99999745190144
21:06:03.143142,161,-0.7664191628488328,3.001540746031093,-0.030979484448272476,0.7655200204462744,88.2399980276823
21:06:03.143142,161,-0.7811283576930002,3.0591466225621144,-0.15799665283281294,0.7655200204462744,43.99999901652336
21:06:03.143142,161,-0.796757102216237,3.120353747552879,-0.1611578353687324,0.7655200204462744,9.999999776482582
21:06:03.143142,161,-0.8101103313876579,3.1726492320500697,-0.2954982075741153,0.904680024163099,6.11999986320734
21:06:03.143142,161,-0.8249088886647791,3.230605080237173,-0.33454178762075315,1.5307600408850703,5.999999865889549
21:06:03.143142,161,-0.7060749452469871,2.8852749069423496,0.08913912996883075,0.7655200204462744,76.63999828696251
21:06:03.143142,161,-0.7212832089759273,2.9474213150689312,0.06069595494068954,0.7655200204462744,116.35999739915133
21:06:03.143142,161,-0.7362554798706501,3.008603372020939,-0.06195587097405476,0.7655200204462744,99.87999776750803
21:06:03.143142,161,-0.7504983459156689,3.0668048197273987,-0.15799665283281294,0.7655200204462744,48.35999891906977
21:06:03.143142,161,-0.7650929025755805,3.126443401144647,-0.19335394376017828,0.7655200204462744,10.639999762177467
21:06:03.143142,161,-0.7783438633712785,3.1805915690325897,-0.2954982075741153,0.904680024163099,5.639999873936176
21:06:03.143142,161,-0.6771873742476999,2.892191276021734,0.08913912996883075,0.7655200204462744,66.35999851673841
21:06:03.143142,161,-0.6918772063013445,2.954929900112258,-0.030349494932377975,0.7655200204462744,106.75999761372805
21:06:03.143142,161,-0.7061331357886946,3.0158153750381587,-0.06195587097405476,0.7655200204462744,101.35999773442745
21:06:03.143142,161,-0.719793284932514,3.0741563389800812,-0.15799665283281294,0.7655200204462744,49.99999888241291
21:06:03.143142,161,-0.7337907360095774,3.1339378816241648,-0.19335394376017828,0.7655200204462744,11.119999751448631
21:06:03.143142,161,-0.6483941984822332,2.899543380668358,0.05943103924052525,0.7655200204462744,55.11999876797199
21:06:03.143142,161,-0.6622938068760341,2.961700811451157,-0.030349494932377975,0.7655200204462744,89.99999798834324
21:06:03.143142,161,-0.6752304713969702,3.019552069323933,-0.15483547029689348,0.7655200204462744,91.75999794900417
21:06:03.143142,161,-0.6886370049621714,3.0795045268685577,-0.18956122025488095,0.7655200204462744,48.51999891549349
21:06:03.143142,161,-0.7024151909847439,3.1411189709411356,-0.19335394376017828,0.7655200204462744,11.359999746084213
21:06:03.143142,161,-0.7467262105901153,3.3392726926865977,-0.9102579874617689,0.27832000743364915,5.759999871253967
21:06:03.143142,161,-0.7849340916252489,3.3523654137417633,-1.065054852307523,0.27832000743364915,11.879999734461308
21:06:03.143142,161,-0.619459748872674,2.9063181898308255,-0.029717005458087066,0.7655200204462744,44.87999899685383
21:06:03.143142,161,-0.6326441786249062,2.9681755551902262,-0.030349494932377975,0.7655200204462744,72.23999838531017
21:06:03.143142,161,-0.645001693394066,3.0261532850105604,-0.15483547029689348,0.7655200204462744,76.2399982959032
21:06:03.143142,161,-0.6578080420681848,3.0862368080556672,-0.18956122025488095,0.7655200204462744,44.23999901115894
21:06:03.143142,161,-0.6709694050292959,3.147985950992645,-0.19335394376017828,0.7655200204462744,11.359999746084213
21:06:03.143142,161,-0.7645582831123499,3.41901564530165,-1.0837465058614772,0.41748001115047373,18.11999959498644
21:06:03.143142,161,-0.7776926949566686,3.477751206186237,-1.1023642793618584,0.4872000130126253,13.119999706745148
21:06:03.143142,161,-0.5903660792799373,2.91236736924629,-0.029717005458087066,0.7655200204462744,36.35999918729067
21:06:03.143142,161,-0.6028408460432992,2.9739073271396803,-0.06069595494068954,0.7655200204462744,56.99999872595072
21:06:03.143142,161,-0.6147084157622054,3.0324518879040006,-0.15483547029689348,0.7655200204462744,60.51999864727259
21:06:03.143142,161,-0.6269132989211035,3.0926604681476224,-0.18956122025488095,0.7655200204462744,38.75999913364649
21:06:03.143142,161,-0.5612133735738819,2.9181253143648136,-0.029717005458087066,0.7655200204462744,29.759999334812164
21:06:03.143142,161,-0.5724704266573425,2.9766582950719647,-0.1516867825536061,0.7655200204462744,44.87999899685383
21:06:03.143142,161,-0.5843536678037717,3.0384472481492413,-0.15483547029689348,0.7655200204462744,47.23999894410372
21:06:03.143142,161,-0.5959558649693585,3.0987748647837963,-0.18956122025488095,0.7655200204462744,33.11999925971031
21:06:03.143142,161,-0.5426757171976352,2.9822340721314964,-0.1516867825536061,0.7655200204462744,35.759999200701714
21:06:03.143142,161,-0.5536355915262655,3.042463246965235,-0.1857684967495836,0.7655200204462744,37.119999170303345
21:06:03.143142,161,-0.5636666733548785,3.0975883116431047,-0.2841285708139828,0.7655200204462744,27.99999937415123
21:06:03.143142,161,-0.5128267406208621,2.9875116282823333,-0.1516867825536061,0.7655200204462744,28.759999357163906
21:06:03.143142,161,-0.523183785263637,3.04784738859676,-0.1857684967495836,0.7655200204462744,29.35999934375286
21:06:03.143142,161,-0.5326631240953675,3.103070006188693,-0.2841285708139828,0.7655200204462744,23.639999471604824
21:06:03.143142,161,-0.4915702159551348,3.0460519876127887,-0.27844375243391656,0.8349600223009475,23.759999468922615
21:06:03.199472,162,-0.9212275772682014,2.856319959223292,-0.45166571315814313,0.8349600223009475,24.999999441206455
21:06:03.199472,162,-0.9427571999454412,2.8989020200780686,-0.5524317619958199,0.8349600223009475,33.99999924004078
21:06:03.199472,162,-0.9639327069795333,2.931215721056377,-0.6872486048576495,0.8349600223009475,35.999999195337296
21:06:03.199472,162,-0.8947073331712582,2.8487325703274204,-0.5435507388871296,0.8349600223009475,30.35999932140112
21:06:03.199472,162,-0.9132795117510898,2.9078660635500326,-0.5548336702050503,0.8349600223009475,40.3599990978837
21:06:03.199472,162,-0.9341665671573146,2.9088240205284976,-0.812144170842637,0.8349600223009475,42.23999905586243
21:06:03.199472,162,-0.9517140480049411,2.930088421269975,-0.9519576944747712,0.904680024163099,19.879999555647373
21:06:03.199472,162,-1.0004660124603768,3.009476651924624,-1.264603577923764,0.27832000743364915,7.759999826550484
21:06:03.199472,162,-0.847697439506022,2.7976896057510126,-0.5344537607277157,0.8349600223009475,22.359999500215054
21:06:03.199472,162,-0.865739624430311,2.8572349469014293,-0.5458289438238805,0.8349600223009475,36.63999918103218
21:06:03.199472,162,-0.8837104963707095,2.9165449309722002,-0.5571591657220369,0.8349600223009475,47.23999894410372
21:06:03.199472,162,-0.9039212969670861,2.9177013770028966,-0.8145228513408753,0.8349600223009475,48.75999891012907
21:06:03.199472,162,-0.9209006475496685,2.939132530921151,-0.9543810563520623,0.904680024163099,22.239999502897263
21:06:03.199472,162,-0.9680741822163503,3.0189840500111966,-1.2671510775631825,0.27832000743364915,8.759999804198742
21:06:03.199472,162,-0.9800643973111498,3.0200776692795026,-1.4183130992190671,0.27832000743364915,9.119999796152115
21:06:03.199472,162,-0.8192486545082172,2.8057404040773597,-0.5366109656376862,0.8349600223009475,25.999999418854713
21:06:03.199472,162,-0.8366853424522382,2.8654570964498314,-0.5480320621554228,0.8349600223009475,43.63999902456999
21:06:03.199472,162,-0.8546092139388193,2.9188045166390326,-0.5897696133423103,0.8349600223009475,53.75999879837036
21:06:03.199472,162,-0.873585635404467,2.926286147612813,-0.8168231336930089,0.8349600223009475,54.75999877601862
21:06:03.199472,162,-0.8899951578011724,2.9478785587448817,-0.956724547444411,0.904680024163099,24.51999945193529
21:06:03.199472,162,-0.9223197586918287,3.0202191770565774,-1.1210729021714958,0.6263600167294499,6.6399998515844345
21:06:03.199472,162,-0.9343156274710338,3.015156015853969,-1.3011505209576737,0.27832000743364915,9.759999781847
21:06:03.199472,162,-0.9455001492036594,3.0149021408682555,-1.4523780319248316,0.27832000743364915,10.239999771118164
21:06:03.199472,162,-0.7907179453313287,2.813516010291625,-0.5386944330434611,0.8349600223009475,29.639999337494373
21:06:03.199472,162,-0.807547392640896,2.8733981967645605,-0.550159873571769,0.8349600223009475,50.35999887436628
21:06:03.199472,162,-0.8259621896908855,2.90677831838608,-0.6826647644965372,0.8349600223009475,58.51999869197607
21:06:03.199472,162,-0.843162616010198,2.934577473888376,-0.8190447878727289,0.8349600223009475,58.999998681247234
21:06:03.199472,162,-0.8590006692825349,2.9563256301457117,-0.9589879334046716,0.904680024163099,25.999999418854713
21:06:03.199472,162,-0.8901995511595616,3.028973045870105,-1.1234184942507286,0.6263600167294499,7.1199998408555984
21:06:03.199472,162,-0.9017776583207522,3.024023739174687,-1.3035266202601627,0.27832000743364915,10.639999762177467
21:06:03.199472,162,-0.9125726739674292,3.0238760180852404,-1.4547825750780987,0.27832000743364915,11.359999746084213
21:06:03.199472,162,-0.7626043997740856,2.81514229755757,-0.5698309182343577,0.8349600223009475,32.51999927312136
21:06:03.199472,162,-0.7788354852576259,2.8750590975308237,-0.5819590600963322,0.8349600223009475,55.11999876797199
21:06:03.199472,162,-0.7960772010801113,2.9146122321877197,-0.6847638553732617,0.8349600223009475,60.11999865621328
21:06:03.199472,162,-0.8126552810607306,2.9425745267039067,-0.8211875917164794,0.8349600223009475,60.51999864727259
21:06:03.199472,162,-0.8274645872201696,2.954485305972616,-0.9918266841482442,0.6263600167294499,26.6399994045496
21:06:03.199472,162,-0.8436956727037099,3.0124388477939115,-1.0112818051816994,0.6263600167294499,5.759999871253967
21:06:03.199472,162,-0.8571731552147238,3.025815195564564,-1.1571078821729188,0.6263600167294499,7.519999831914902
21:06:03.199472,162,-0.8691495121601486,3.0325767317107903,-1.3058183877030811,0.27832000743364915,10.99999975413084
21:06:03.199472,162,-0.8795539422283565,3.032531396932871,-1.4571017768505068,0.27832000743364915,12.11999972909689
21:06:03.199472,162,-0.9666531502669458,3.083608421251807,-1.9868528905033758,0.3480400092958007,5.519999876618385
21:06:03.199472,162,-0.7192506497265876,2.743413138453615,-0.6447758589038766,0.6958000185841229,7.35999983549118
21:06:03.199472,162,-0.733899730855344,2.8223699175709025,-0.5717675531801292,0.6958000185841229,33.99999924004078
21:06:03.199472,162,-0.7495198731878419,2.8824405484403766,-0.5839369139065169,0.7655200204462744,56.11999874562025
21:06:03.199472,162,-0.7661126054161831,2.922157092291318,-0.6867854945450266,0.7655200204462744,57.999998703598976
21:06:03.199472,162,-0.7819493702894031,3.0623619685249532,-0.06322078667421904,0.8349600223009475,58.75999868661165
21:06:03.199472,162,-0.7963185604923215,3.1186362789443516,-0.19335394376017828,0.6263600167294499,25.999999418854713
21:06:03.199472,162,-0.8249088886647791,3.230605080237173,-0.33454178762075315,0.6263600167294499,7.519999831914902
21:06:03.199472,162,-0.8364344517765031,3.2757428442411456,-0.4764350912240476,0.27832000743364915,10.99999975413084
21:06:03.199472,162,-0.8464472558319519,3.3149561635463973,-0.6225753573940163,0.27832000743364915,12.23999972641468
21:06:03.199472,162,-0.7060749452469871,2.8852749069423496,0.08913912996883075,0.6958000185841229,33.7599992454052
21:06:03.199472,162,-0.7211028716495687,2.946684392216718,0.09103634540435815,0.7655200204462744,53.119998812675476
21:06:03.199472,162,-0.736071399133563,3.0078511522528477,0.09292606196464631,0.7655200204462744,52.999998815357685
21:06:03.199472,162,-0.7504983459156689,3.0668048197273987,-0.15799665283281294,0.6263600167294499,54.51999878138304
21:06:03.199472,162,-0.763370021273116,3.119403091581046,-0.28981338919404903,0.6263600167294499,24.35999945551157
21:06:03.199472,162,-0.7783438633712785,3.1805915690325897,-0.2954982075741153,0.6263600167294499,5.239999882876873
21:06:03.199472,162,-0.792562131917077,3.238692502554611,-0.33454178762075315,0.6263600167294499,7.239999838173389
21:06:03.199472,162,-0.7998771532762947,3.268584297630438,-0.5776308499515445,0.27832000743364915,10.359999768435955
21:06:03.199472,162,-0.8132559254191183,3.3232547484221526,-0.6225753573940163,0.27832000743364915,11.879999734461308
21:06:03.199472,162,-0.821359791327001,3.356370044624966,-0.7726965576331338,0.27832000743364915,8.879999801516533
21:06:03.199472,162,-0.6771873742476999,2.892191276021734,0.08913912996883075,0.6958000185841229,31.75999929010868
21:06:03.199472,162,-0.6916004646561014,2.953747967603588,0.09103634540435815,0.7655200204462744,47.23999894410372
21:06:03.199472,162,-0.7061331357886946,3.0158153750381587,0.06195587097405476,0.7655200204462744,46.51999896019697
21:06:03.199472,162,-0.719793284932514,3.0741563389800812,-0.15799665283281294,0.6263600167294499,48.63999891281128
21:06:03.199472,162,-0.7321383427711396,3.126880695547599,-0.28981338919404903,0.6263600167294499,22.239999502897263
21:06:03.199472,162,-0.7601361196201925,3.2464560583351734,-0.33454178762075315,0.6263600167294499,6.7599998489022255
21:06:03.199472,162,-0.7671518622692702,3.276419507826561,-0.5776308499515445,0.27832000743364915,9.519999787211418
21:06:03.199472,162,-0.775374947176311,3.3115393806040907,-0.724919320182311,0.27832000743364915,10.99999975413084
21:06:03.199472,162,-0.7940159806272089,3.391153142426821,-0.9265183327860524,0.27832000743364915,5.519999876618385
21:06:03.199472,162,-0.8359313675129392,3.415914719601614,-1.2439902578190705,0.3480400092958007,6.359999857842922
21:06:03.199472,162,-0.6482320850783363,2.8988184283965963,0.08913912996883075,0.6958000185841229,28.639999359846115
21:06:03.199472,162,-0.6620288981955921,2.9605161706683503,0.09103634540435815,0.7655200204462744,40.23999910056591
21:06:03.199472,162,-0.6760415860632467,3.023179279695448,-0.030979484448272476,0.6263600167294499,39.759999111294746
21:06:03.199472,162,-0.6890162452239096,3.081200445174397,-0.15799665283281294,0.6263600167294499,42.23999905586243
21:06:03.199472,162,-0.7008334510482724,3.1340456140643,-0.28981338919404903,0.6263600167294499,19.879999555647373
21:06:03.199472,162,-0.7251168043442445,3.2426379433519226,-0.4344040228967537,0.6263600167294499,6.11999986320734
21:06:03.199472,162,-0.7343498567187392,3.283927078816888,-0.5776308499515445,0.27832000743364915,8.51999980956316
21:06:03.199472,162,-0.7406022645887906,3.311887119013551,-0.7588935336211884,0.27832000743364915,9.879999779164791
21:06:03.199472,162,-0.6192119732435541,2.9051557013572515,0.08913912996883075,0.6958000185841229,24.999999441206455
21:06:03.199472,162,-0.6323911293999114,2.9669883245963686,0.09103634540435815,0.7655200204462744,33.519999250769615
21:06:03.199472,162,-0.6457764960065765,3.029788425034373,-0.030979484448272476,0.7655200204462744,33.519999250769615
21:06:03.199472,162,-0.7544890173459118,3.3739870608855513,-1.2229805704676593,0.41748001115047373,5.519999876618385
21:06:03.199472,162,-0.6028408460432992,2.9739073271396803,0.06069595494068954,0.7655200204462744,27.759999379515648
21:06:03.199472,162,0.0,0.18683255705434357,0.17059484665447644,3.2006800854869653,6.11999986320734
21:06:03.251188,163,-0.9337929130025431,2.940381108167622,1.310295537067574,0.8349600223009475,16.119999639689922
21:06:03.251188,163,-1.0110681687426875,2.9960025126068666,0.552686108205056,0.41748001115047373,5.639999873936176
21:06:03.251188,163,-1.0361255777109164,3.107501325836453,0.6558307210099867,1.3221600353135727,9.239999793469906
21:06:03.251188,163,-0.8837104963707095,2.9165449309722002,1.442840834277963,0.7655200204462744,20.359999544918537
21:06:03.251188,163,-0.9035597405165849,2.949254913817953,1.3079178080097766,0.7655200204462744,19.63999956101179
21:06:03.251188,163,-0.9218685691776926,2.967286164506291,1.138157556863283,0.8349600223009475,21.239999525249004
21:06:03.251188,163,-0.9783330752171102,3.005610662662119,0.5501116121569942,0.41748001115047373,6.6399998515844345
21:06:03.251188,163,-0.9978901552205475,3.075007910136995,0.5558901204716284,1.3221600353135727,10.99999975413084
21:06:03.251188,163,-0.8540531106810656,2.9249377544650996,1.4405919840008237,0.7655200204462744,23.759999468922615
21:06:03.251188,163,-0.8732362128135783,2.9578362506342413,1.305618445739873,0.7655200204462744,23.639999471604824
21:06:03.251188,163,-0.8909305959120745,2.976041384928064,1.1358116026217124,0.8349600223009475,24.999999441206455
21:06:03.251188,163,-0.9455001492036594,3.0149021408682555,0.5476219680751684,0.41748001115047373,7.639999829232693
21:06:03.251188,163,-0.9644008922426641,3.0844851269093017,0.5533507078909943,1.3221600353135727,13.239999704062939
21:06:03.251188,163,-0.9798943314823835,3.1245743539005586,0.49478923736675995,1.3221600353135727,14.759999670088291
21:06:03.251188,163,-0.8243103203958799,2.933043694753413,1.4384200038466752,0.7655200204462744,26.75999940186739
21:06:03.251188,163,-0.8428253622208882,2.966124260489992,1.3033976801921634,0.7655200204462744,27.87999937683344
21:06:03.251188,163,-0.8599035303332878,2.984497334705866,1.133545837707512,0.8349600223009475,28.519999362528324
21:06:03.251188,163,-0.9125726739674292,3.0238760180852404,0.5452174249219013,0.41748001115047373,8.879999801516533
21:06:03.251188,163,-0.9291708685406687,3.0788753446542962,0.5187573248863329,1.3221600353135727,15.75999964773655
21:06:03.251188,163,-0.9457690631139081,3.1338746712233525,0.492297224850764,1.3221600353135727,16.8799996227026
21:06:03.251188,163,-0.7788354852576259,2.8750590975308237,1.4180409399036678,0.7655200204462744,15.359999656677246
21:06:03.251188,163,-0.795002416253089,2.93473907220774,1.4059607353613057,0.7655200204462744,28.879999354481697
21:06:03.251188,163,-0.8123302297980961,2.9741181145911653,1.3012557334413417,0.7655200204462744,31.5199992954731
21:06:03.251188,163,-0.8287904751218954,2.9926531682518034,1.1313604886952755,0.8349600223009475,31.119999304413795
21:06:03.251188,163,-0.8436956727037099,3.0124388477939115,0.9887181948183006,0.8349600223009475,19.119999572634697
21:06:03.251188,163,-0.8579903244179886,3.0374162247917127,0.8743191627756752,0.6263600167294499,5.359999880194664
21:06:03.251188,163,-0.8724500196289129,2.9714552702216417,0.41813656117365294,0.27832000743364915,9.999999776482582
21:06:03.251188,163,-0.8955515804299219,3.0876881505938356,0.5163959406517811,1.3221600353135727,17.999999597668648
21:06:03.251188,163,-0.9115492186314872,3.1428449042548,0.4898936581540687,1.3221600353135727,18.639999583363533
21:06:03.251188,163,-0.7650782758273258,2.9422737459862556,1.4039418256071206,0.7655200204462744,29.35999934375286
21:06:03.251188,163,-0.781753865032895,2.9818170135590476,1.2991928196802889,0.7655200204462744,33.519999250769615
21:06:03.251188,163,-0.796757102216237,2.972319554858281,1.0367265073847913,0.6263600167294499,32.119999282062054
21:06:03.251188,163,-0.8396107271084181,2.979723957399909,0.41592097312177057,0.27832000743364915,10.639999762177467
21:06:03.251188,163,-0.8618427379114258,3.0961757839298145,0.5141216861537541,1.3221600353135727,19.239999569952488
21:06:03.251188,163,-0.8701530008623259,3.0881165039451535,0.35829739385502846,1.3221600353135727,19.63999956101179
21:06:03.251188,163,-0.7350776282149631,2.949519002857424,1.4020004648795348,0.7655200204462744,28.11999937146902
21:06:03.251188,163,-0.7510993255361446,2.989220187510193,1.2972091451986523,0.7655200204462744,32.99999926239252
21:06:03.251188,163,-0.7655142479731354,2.9798648087909476,1.0347047626868455,0.6263600167294499,31.119999304413795
21:06:03.251188,163,-0.8066874742186388,2.987675033233438,0.413790488773218,0.27832000743364915,10.359999768435955
21:06:03.251188,163,-0.8280477118411914,3.1043373959060094,0.5119347888157963,1.3221600353135727,18.999999575316906
21:06:03.251188,163,-0.8360321084353629,3.096356813737832,0.3560894095006981,1.3221600353135727,19.35999956727028
21:06:03.251188,163,-0.7059565863277107,2.9363766624662064,1.3094043831098943,0.7655200204462744,25.63999942690134
21:06:03.251188,163,-0.7205498307011009,2.9888907697660105,1.264580106526967,0.7655200204462744,30.23999932408333
21:06:03.251188,163,-0.7341948429465849,2.9871079077025082,1.0327639801827941,0.6263600167294499,28.519999362528324
21:06:03.251188,163,-0.7736835532572812,2.995307702621307,0.4117453211746447,0.27832000743364915,9.239999793469906
21:06:03.251188,163,-0.7894777409675119,3.065845046806776,0.4143673821058629,0.27832000743364915,16.99999962002039
21:06:03.251188,163,-0.8018276134979846,3.1042671345067405,0.35396984543879784,1.3221600353135727,18.11999959498644
21:06:03.251188,163,-0.6757711784546768,2.943049950592393,1.3076162809456224,0.7655200204462744,22.359999500215054
21:06:03.251188,163,-0.6897404424840446,2.9957020053613266,1.262755041449744,0.7655200204462744,26.359999410808086
21:06:03.251188,163,-0.702802019050849,2.9940481272891386,1.0309043539492617,0.6263600167294499,24.999999441206455
21:06:03.251188,163,-0.7406022645887906,3.0026212023029726,0.40978567484109707,0.27832000743364915,7.639999829232693
21:06:03.251188,163,-0.7540726005299095,3.057233938764701,0.3808622942325277,0.27832000743364915,14.239999681711197
21:06:03.251188,163,-0.7675429364710284,3.1118466752264307,0.3519389136239579,1.3221600353135727,16.119999639689922
21:06:03.251188,163,-0.8211478436246398,0.2081515376596782,-1.7625670933266,0.6263600167294499,9.519999787211418
21:06:03.251188,163,-0.645518194029959,2.949431341272522,1.3059063924662944,0.7655200204462744,19.119999572634697
21:06:03.251188,163,-0.6589609257588089,2.9781187337747816,1.169288366703275,0.6263600167294499,22.11999950557947
21:06:03.251188,163,-0.6713389155420161,3.000684773534696,1.0291260699473137,0.6263600167294499,21.359999522566795
21:06:03.251188,163,-0.7074469163143182,3.009614800934593,0.407911745735567,0.27832000743364915,6.11999986320734
21:06:03.251188,163,-0.7203142110538957,3.064354739441886,0.3789542814416129,0.27832000743364915,11.639999739825726
21:06:03.251188,163,-0.7331815057934732,3.11909467794918,0.34999681714765885,1.3221600353135727,13.999999687075615
21:06:03.251188,163,-0.7544890173459118,2.942490576247126,-0.05456062735110878,0.06972000186215155,10.99999975413084
21:06:03.251188,163,-0.6280120360473465,2.9843343875407724,1.1676228872962464,0.7655200204462744,18.35999958962202
21:06:03.251188,163,-0.6864837907602566,3.0711491085214764,0.3771337357336577,0.27832000743364915,9.359999790787697
21:06:03.251188,163,-0.6987467575795988,3.1260104178807886,0.34814375021792054,1.3221600353135727,11.879999734461308
21:06:03.251188,163,-0.7343811708169115,2.963911557849631,-0.2509011951288862,0.3480400092958007,17.23999961465597
21:06:03.251188,163,-0.6525847226626779,3.0776163665722565,0.37540083916170763,0.27832000743364915,7.639999829232693
21:06:03.251188,163,-0.6854374262638788,2.8990950830181803,-0.24503666309224137,0.06972000186215155,15.119999662041664
21:06:03.251188,163,-0.618620396639569,3.083755866873839,0.3737557650139678,0.27832000743364915,6.359999857842922
21:06:03.307526,164,-0.880525844408106,2.938177520371735,-0.43519192069140117,0.8349600223009475,19.759999558329582
21:06:03.307526,164,-0.8366853424522382,2.8654570964498314,-0.5480320621554228,0.8349600223009475,17.359999611973763
21:06:03.307526,164,-0.8518726384695188,2.941580213021982,-0.4679997541751608,0.8349600223009475,24.999999441206455
21:06:03.307526,164,-0.8683491867290206,3.0066978328317093,-0.4463634660048724,0.8349600223009475,24.639999449253082
21:06:03.307526,164,-1.0708679613978738,3.166443041837715,-2.0477504075884805,0.4872000130126253,9.119999796152115
21:06:03.307526,164,-0.807547392640896,2.8733981967645605,-0.550159873571769,0.8349600223009475,21.639999516308308
21:06:03.307526,164,-0.822205784126606,2.9496654581365105,-0.4701661890742064,0.8349600223009475,32.239999279379845
21:06:03.307526,164,-0.8389922643867764,3.0098870011407497,-0.47976528896411713,0.8349600223009475,30.35999932140112
21:06:03.307526,164,-0.9457690631139081,3.1338746712233525,-1.507702775149236,0.27832000743364915,6.11999986320734
21:06:03.307526,164,-0.7783286887668536,2.881057453742238,-0.5522121652935602,0.8349600223009475,26.75999940186739
21:06:03.307526,164,-0.7944850997692626,2.940861941249903,-0.5636748889882865,0.8349600223009475,41.879999063909054
21:06:03.307526,164,-0.8107056235137449,3.0009037481524388,-0.5751830996818014,0.8349600223009475,37.119999170303345
21:06:03.307526,164,-0.8883184491735653,3.0255011496872113,-1.6106349305605718,0.27832000743364915,5.239999882876873
21:06:03.307526,164,-0.9115492186314872,3.1428449042548,-1.5101063418459313,0.27832000743364915,7.519999831914902
21:06:03.307526,164,-0.7490321526760187,2.888434101463584,-0.5541887320933436,0.8349600223009475,32.63999927043915
21:06:03.307526,164,-0.7645804312982887,2.948391712136469,-0.5656924850165335,0.8349600223009475,53.63999880105257
21:06:03.307526,164,-0.780190409438901,3.0085872498358337,-0.5772418877529103,0.8349600223009475,44.23999901115894
21:06:03.307526,164,-0.8464472558319519,3.0408674118805137,-1.4593354053238214,0.4872000130126253,5.359999880194664
21:06:03.307526,164,-0.854881863985372,3.033920230672531,-1.6128908165116005,0.27832000743364915,6.6399998515844345
21:06:03.307526,164,-0.8772382199908999,3.151484155979115,-1.5124212223686706,0.27832000743364915,8.999999798834324
21:06:03.307526,164,-0.9472117783658439,3.1443433922493202,-2.022477800631373,0.4872000130126253,11.639999739825726
21:06:03.307526,164,-0.7201293097586873,2.8895384679381158,-0.5858387957038773,0.8349600223009475,38.239999145269394
21:06:03.307526,164,-0.734599305424751,2.9556322544423326,-0.5676325824801529,0.8349600223009475,65.23999854177237
21:06:03.307526,164,-0.7495971769767573,3.0159756179328037,-0.5792215950178772,0.8349600223009475,50.1199988797307
21:06:03.307526,164,-0.7645950485287636,3.0763189814232734,-0.5908106075556012,0.7655200204462744,19.35999956727028
21:06:03.307526,164,-0.780530150030602,3.0383161808349946,-0.9842299322302137,0.6958000185841229,9.359999790787697
21:06:03.307526,164,-0.8132559254191183,3.0488832293336574,-1.4614832371370665,0.974120026017772,5.879999868571758
21:06:03.307526,164,-0.821359791327001,3.0420159234856348,-1.615060050863042,0.27832000743364915,7.999999821186066
21:06:03.307526,164,-0.8428394982632645,3.1597915624783615,-1.5146471852313408,0.27832000743364915,10.639999762177467
21:06:03.307526,164,-0.6906667340018817,2.896352146238038,-0.587664515301827,0.6958000185841229,41.75999906659126
21:06:03.307526,164,-0.7045447202361186,2.9625828441193276,-0.5694949873710238,0.6958000185841229,71.8799983933568
21:06:03.307526,164,-0.718928985424929,3.023068113612726,-0.5811220235076336,0.6958000185841229,52.63999882340431
21:06:03.307526,164,-0.7799832700950893,3.0565780477172724,-1.4635450575088602,0.974120026017772,6.11999986320734
21:06:03.307526,164,-0.787755583377633,3.0497874185640232,-1.6171424166932789,0.27832000743364915,9.359999790787697
21:06:03.307526,164,-0.8083564932919344,3.1677662930188504,-1.5167840078395205,0.27832000743364915,11.999999731779099
21:06:03.307526,164,-0.8158996436183363,3.1587468504494574,-1.6749178924291257,0.41748001115047373,14.119999684393406
21:06:03.307526,164,-0.6482320850783363,2.823114490210763,-0.6641676297933655,0.6958000185841229,6.6399998515844345
21:06:03.307526,164,-0.6611350921503173,2.902880901978021,-0.5894138901299355,0.6958000185841229,41.51999907195568
21:06:03.307526,164,-0.674858818939599,2.96313839681315,-0.6016488407323033,0.6958000185841229,69.11999845504761
21:06:03.307526,164,-0.6881889015768776,3.029864027631977,-0.5829429831809233,0.6958000185841229,50.639998868107796
21:06:03.307526,164,-0.7406022645887906,3.0026212023029726,-1.590214325158903,0.27832000743364915,5.999999865889549
21:06:03.307526,164,-0.7467262105901153,2.9898976317760266,-1.7435090683333019,0.27832000743364915,9.999999776482582
21:06:03.307526,164,-0.7737926533485167,3.1754075501342083,-1.5188314765127393,0.27832000743364915,12.639999717473984
21:06:03.307526,164,-0.8124307423099568,3.469800522921813,-1.1023642793618584,0.41748001115047373,13.759999692440033
21:06:03.307526,164,-0.6323911293999114,2.9669883245963686,0.09103634540435815,0.6958000185841229,37.87999915331602
21:06:03.307526,164,-0.6446466791070736,3.024487665118689,0.1857684967495836,0.6958000185841229,58.87999868392944
21:06:03.307526,164,-0.6573799994152338,3.084228561110553,0.221106831713738,0.6958000185841229,44.99999899417162
21:06:03.307526,164,-0.7074469163143182,3.319127425092216,-0.7588935336211884,0.27832000743364915,5.639999873936176
21:06:03.307526,164,-0.713296704954538,3.3465728679360436,-0.9102579874617689,0.27832000743364915,9.759999781847
21:06:03.307526,164,-0.7331815057934732,3.4398663522738597,-0.7864995816450792,0.27832000743364915,12.519999720156193
21:06:03.307526,164,-0.7387805807369991,3.4661355221177588,-0.9427786781103359,0.41748001115047373,13.639999695122242
21:06:03.307526,164,-0.7804633137369191,3.4901410908635455,-1.2650833169456857,0.06972000186215155,11.359999746084213
21:06:03.307526,164,-0.6026901220211088,2.9731637821776724,0.09103634540435815,0.6958000185841229,32.119999282062054
21:06:03.307526,164,-0.615200658326654,3.0348801967665335,0.09292606196464631,0.7655200204462744,46.51999896019697
21:06:03.307526,164,-0.6269132989211035,3.0926604681476224,0.18956122025488095,0.6958000185841229,37.87999915331602
21:06:03.307526,164,-0.6742208239409142,3.32603582120914,-0.7588935336211884,0.27832000743364915,4.999999888241291
21:06:03.307526,164,-0.679795870246066,3.353538388702457,-0.9102579874617689,0.27832000743364915,8.999999798834324
21:06:03.307526,164,-0.6987467575795988,3.447026053094965,-0.7864995816450792,0.27832000743364915,11.639999739825726
21:06:03.307526,164,-0.5729288461350381,2.9790419258716776,0.09103634540435815,0.6958000185841229,26.359999410808086
21:06:03.307526,164,-0.584821603072932,3.0408803579408428,0.09292606196464631,0.7655200204462744,35.759999200701714
21:06:03.307526,164,-0.5959558649693585,3.0987748647837963,0.18956122025488095,0.6958000185841229,30.999999307096004
21:06:03.307526,164,-0.6462270565201028,3.360168558439597,-0.9102579874617689,0.27832000743364915,7.879999823868275
21:06:03.307526,164,-0.664242135275377,3.4538410541986817,-0.7864995816450792,0.27832000743364915,10.359999768435955
21:06:03.307526,164,-0.5431102778443544,2.9846221678689395,0.09103634540435815,0.6958000185841229,21.239999525249004
21:06:03.307526,164,-0.5543840661488666,3.04657643362701,0.09292606196464631,0.7655200204462744,27.519999384880066
21:06:03.307526,164,-0.564938835930409,3.104579386529648,0.18956122025488095,0.6958000185841229,25.119999438524246
21:06:03.307526,164,-0.6125936206298973,3.3664627141360453,-0.9102579874617689,0.27832000743364915,6.7599998489022255
21:06:03.307526,164,-0.6296710893141303,3.46031067409061,-0.7864995816450792,0.27832000743364915,8.999999798834324
21:06:03.307526,164,-0.5133657521798144,2.9906516815841546,0.06069595494068954,0.6958000185841229,17.11999961733818
21:06:03.307526,164,-0.5238910912826497,3.0519678542222386,0.09292606196464631,0.6958000185841229,21.359999522566795
21:06:03.307526,164,-0.5345870601411479,3.114278043628164,0.09482327740017371,0.7655200204462744,20.359999544918537
21:06:03.307526,164,-0.5788989258908601,3.0219156906497253,0.24791171864827843,0.27832000743364915,5.759999871253967
21:06:03.307526,164,-0.5950370767714911,3.1447573117883905,0.3431205351347866,0.27832000743364915,7.879999823868275
21:06:03.307526,164,-0.4934691063278493,2.9696613223236152,1.268423084345447,0.6958000185841229,16.99999962002039
21:06:03.361168,165,-1.0048962808210697,3.0584414425597686,0.8628001155951961,1.1132800297345966,9.119999796152115
21:06:03.361168,165,-0.9164801760148281,3.0581515217684507,1.5470379766722326,0.8349600223009475,23.999999463558197
21:06:03.361168,165,-0.9378370511435766,3.0951809544234514,1.4087152849894684,0.8349600223009475,23.879999466240406
21:06:03.361168,165,-0.9723610129201038,3.0679909413518236,0.860241335105743,0.974120026017772,9.999999776482582
21:06:03.361168,165,-0.9894310361611017,3.112813377241498,0.8065065974537076,1.1132800297345966,5.359999880194664
21:06:03.361168,165,-0.8857230375983319,3.0668555672489823,1.5447057347148403,0.8349600223009475,27.639999382197857
21:06:03.361168,165,-0.9081794728913696,3.076196483360292,1.2778322008639833,0.8349600223009475,27.239999391138554
21:06:03.361168,165,-0.9397285097324907,3.077225701362405,0.8577668886186125,0.974120026017772,10.87999975681305
21:06:03.361168,165,-0.9562256618068921,3.122210255607208,0.8039887114842421,1.1132800297345966,5.639999873936176
21:06:03.361168,165,-0.8381085290554048,3.014939459223559,1.5514281968591124,0.8349600223009475,26.359999410808086
21:06:03.361168,165,-0.8579692150150146,3.0528080676992837,1.4154891227900597,0.8349600223009475,30.879999309778214
21:06:03.361168,165,-0.8765517072808938,3.084816144697816,1.2755225695695642,0.8349600223009475,30.119999326765537
21:06:03.361168,165,-0.9070020344812096,3.086144799123249,0.8553770235763802,0.974120026017772,11.359999746084213
21:06:03.361168,165,-0.9197317572555269,3.0933202764963763,0.7044419887608195,1.1132800297345966,5.999999865889549
21:06:03.361168,165,-0.8086358212242751,3.0178444998755394,1.5181025056761244,0.8349600223009475,28.759999357163906
21:06:03.361168,165,-0.826926147258227,3.060945555054975,1.4133086896246836,0.8349600223009475,33.2399992570281
21:06:03.361168,165,-0.8448362872340658,3.0931298793980555,1.2732949110705483,0.8349600223009475,31.999999284744263
21:06:03.361168,165,-0.8604003296719376,3.0807718062705574,1.0011214202388032,0.8349600223009475,20.51999954134226
21:06:03.361168,165,-0.8733522665448735,3.0829273445109853,0.8210517497138499,0.974120026017772,11.519999742507935
21:06:03.361168,165,-0.8864539953511527,3.102043556323105,0.7021045929758971,0.4872000130126253,6.239999860525131
21:06:03.361168,165,-1.0267487867073175,3.318466616198792,0.05068003758105366,1.3916000371682458,6.11999986320734
21:06:03.361168,165,-0.778198515157127,3.025508384907817,1.5160489738708407,0.8349600223009475,30.23999932408333
21:06:03.361168,165,-0.7958003875795132,3.068782787535199,1.4112087095107126,0.8349600223009475,33.99999924004078
21:06:03.361168,165,-0.8130363842663189,3.1011368560945067,1.2711494481309193,0.8349600223009475,32.359999276697636
21:06:03.361168,165,-0.8375713299859002,3.0538710936283517,0.7235009672732915,0.4872000130126253,11.119999751448631
21:06:03.361168,165,-0.8519296495724653,3.0971461274033354,0.6677428414664703,0.4872000130126253,6.239999860525131
21:06:03.361168,165,-0.9159060512683778,3.250491109244156,0.27197590554635154,0.974120026017772,10.639999762177467
21:06:03.361168,165,-0.9738850966610838,3.2753563654163536,0.07906534266318443,1.3916000371682458,12.879999712109566
21:06:03.361168,165,-0.734599305424751,2.9556322544423326,1.432367417519847,0.8349600223009475,18.23999959230423
21:06:03.361168,165,-0.7495971769767573,3.0159756179328037,1.4207784049821228,0.8349600223009475,30.51999931782484
21:06:03.361168,165,-0.7811551783413079,3.1088362740962077,1.269086395295174,0.8349600223009475,31.119999304413795
21:06:03.361168,165,-0.8047280469976951,3.0618028564628297,0.7213756578272379,0.4872000130126253,10.239999771118164
21:06:03.361168,165,-0.8185233406824248,3.1052138628786925,0.6655810982611003,0.4872000130126253,6.11999986320734
21:06:03.361168,165,-0.8723646055484302,3.2704807091939254,0.4322939337654803,0.974120026017772,8.999999798834324
21:06:03.361168,165,-0.9069830337815917,3.178591464386261,0.1386613161488217,0.5566400148672983,12.759999714791775
21:06:03.361168,165,-0.7491958575529152,3.1162273634678086,1.2671059588668672,0.8349600223009475,28.519999362528324
21:06:03.361168,165,-0.7718042918789919,3.069416986254331,0.7193354578985394,0.4872000130126253,9.239999793469906
21:06:03.361168,165,-0.7813635794219483,3.071135249547368,0.5680060633806714,0.4872000130126253,5.999999865889549
21:06:03.361168,165,-0.8366736429251492,3.2787347987052073,0.43008225714667825,0.974120026017772,10.639999762177467
21:06:03.361168,165,-0.8357657110181234,3.1954256853677636,0.13415060023162084,0.5566400148672983,15.119999662041664
21:06:03.361168,165,-0.7378005415666525,3.06362476203352,0.6858623176453664,0.4872000130126253,8.239999815821648
21:06:03.361168,165,-0.7479539069310729,3.078521347216511,0.5660269644750069,0.4872000130126253,5.639999873936176
21:06:03.361168,165,-0.8008990136385418,3.2866437330433214,0.4279630645777899,0.974120026017772,12.11999972909689
21:06:03.361168,165,-0.8000299032333835,3.20332603717923,0.1320337073438167,0.5566400148672983,17.519999608397484
21:06:03.361168,165,-0.8133690073270994,3.25673591508923,0.10088862549051414,1.3916000371682458,18.759999580681324
21:06:03.361168,165,-0.7047706210784687,3.0705919036486953,0.6839954776760271,0.6263600167294499,7.239999838173389
21:06:03.361168,165,-0.713207301463773,3.0710016415509367,0.5325901521714549,0.4872000130126253,5.239999882876873
21:06:03.361168,165,-0.7605242351481503,3.245308770681893,0.32538354987797646,0.974120026017772,13.519999697804451
21:06:03.361168,165,-0.7642140931285857,3.210880818340499,0.13000940983266096,0.5566400148672983,19.35999956727028
21:06:03.361168,165,-0.8040657600091499,3.178179987225549,-0.03154428892987271,1.3916000371682458,18.35999958962202
21:06:03.361168,165,-0.7167991197063424,3.2456654442268094,0.4506199026061024,0.974120026017772,6.8799998462200165
21:06:03.361168,165,-0.7248053028770287,3.25248242110871,0.3234613760393277,0.974120026017772,14.239999681711197
21:06:03.361168,165,-0.7283218622547345,3.2180892733797837,0.1280779101262084,0.5566400148672983,20.239999547600746
21:06:03.361168,165,-0.7680692723080439,3.1857728794806857,-0.03357879827785304,1.3916000371682458,17.11999961733818
21:06:03.361168,165,-0.6875108837710808,3.2423295774641416,0.28845272337300276,0.974120026017772,14.239999681711197
21:06:03.361168,165,-0.6923567998048464,3.224950681457619,0.12623940137281187,0.5566400148672983,19.759999558329582
21:06:03.361168,165,-0.6958494853537831,3.1999137198852377,-0.03736782504455016,1.3916000371682458,15.519999653100967
21:06:03.361168,165,-0.6517287960360806,3.2487976621919477,0.28671960529361096,0.974120026017772,13.639999695122242
21:06:03.361168,165,-0.6563225022550351,3.2314643564389476,0.12449406742180624,0.5566400148672983,18.11999959498644
21:06:03.361168,165,-0.6158815359674956,3.2549198008597786,0.2850791831816144,0.974120026017772,12.359999723732471
21:06:03.361168,165,-0.6202225730048655,3.237629646961726,0.12284208280512443,0.5566400148672983,15.87999964505434
21:06:03.361168,165,-0.5840606220170186,3.243445936502069,0.121283612719844,0.5566400148672983,13.519999697804451
21:06:03.361168,165,-0.5478402654562965,3.2489126434358946,0.11981881301166775,1.4613200390303973,11.359999746084213
21:06:03.361168,165,-0.1293146923679913,0.00993273234489437,1.7827718774042705,-3.827040102216415,5.879999868571758
21:06:03.414245,166,-0.9397164213154297,3.067271757344397,1.2802235739926116,0.8349600223009475,23.999999463558197
21:06:03.414245,166,-0.957028398182335,3.0544373115573813,1.0081777268302803,0.6263600167294499,19.63999956101179
21:06:03.414245,166,-0.9081794728913696,3.076196483360292,1.2778322008639833,0.8349600223009475,29.639999337494373
21:06:03.414245,166,-0.9249104586111734,3.0635264538235694,1.0057422985001638,0.6263600167294499,23.999999463558197
21:06:03.414245,166,-0.8765517072808938,3.084816144697816,1.2755225695695642,0.8349600223009475,36.51999918371439
21:06:03.414245,166,-0.8936383098610163,3.1015818169016462,1.0995540710677232,0.8349600223009475,29.639999337494373
21:06:03.414245,166,-0.8450475684856604,3.0853904140178763,1.2413421789690027,0.8349600223009475,44.63999900221825
21:06:03.414245,166,-0.8613046618494253,3.110057611044129,1.0972829888720323,0.8349600223009475,36.23999918997288
21:06:03.414245,166,-0.876640353799586,3.138921259194047,0.9822676243062767,0.8349600223009475,14.51999967545271
21:06:03.414245,166,-0.9675978758314334,3.2955169269381215,0.24562133207950687,0.7655200204462744,13.879999689757824
21:06:03.414245,166,-0.8132397128253018,3.093399393142589,1.2391961794803383,0.8349600223009475,52.879998818039894
21:06:03.414245,166,-0.8288848840932511,3.1182206675560025,1.0950957044719063,0.8349600223009475,43.119999036192894
21:06:03.414245,166,-0.8436433357859473,3.1472296604667034,0.980041394894875,0.8349600223009475,14.759999670088291
21:06:03.414245,166,-0.9581712618743966,3.2225078220202863,0.11006001538679477,0.8349600223009475,16.99999962002039
21:06:03.414245,166,-0.7813505338749935,3.101100736656601,1.2371326107051241,0.8349600223009475,59.63999866694212
21:06:03.414245,166,-0.796382218543108,3.126070170138454,1.0929924365939523,0.8349600223009475,48.87999890744686
21:06:03.414245,166,-0.810561954145535,3.155218924923087,0.977900677935668,0.8349600223009475,14.359999679028988
21:06:03.414245,166,-0.8799910664121945,3.2591646983669436,0.2696518243454211,0.7655200204462744,13.119999706745148
21:06:03.414245,166,-0.9221053948957832,3.231588936410099,0.10762673811967005,0.8349600223009475,20.63999953866005
21:06:03.414245,166,-0.9372277560099748,3.2845864084339373,0.07659216009051817,0.7655200204462744,15.75999964773655
21:06:03.414245,166,-0.7337907360095774,3.0771952209372495,1.3756427579602173,0.904680024163099,31.75999929010868
21:06:03.414245,166,-0.7494956458046937,3.0834307755370927,1.1397604875856042,0.8349600223009475,62.5199986025691
21:06:03.414245,166,-0.7639145035636922,3.1427500657972165,1.1232111303777232,0.8349600223009475,51.35999885201454
21:06:03.414245,166,-0.8439880831866272,3.267490947489267,0.26742081261711403,0.7655200204462744,15.359999656677246
21:06:03.414245,166,-0.8497006474150909,3.248703838682515,0.10304081387723851,0.8349600223009475,24.759999446570873
21:06:03.414245,166,-0.8636355838120584,3.3019819919972666,0.07193102752285596,0.7655200204462744,17.639999605715275
21:06:03.414245,166,-0.7174485876628274,3.090515631023454,1.1378621062795424,0.8349600223009475,60.11999865621328
21:06:03.414245,166,-0.7312509215293542,3.1499712203055563,1.121276227858793,0.8349600223009475,49.51999889314175
21:06:03.414245,166,-0.7441593405316673,3.170236879701331,0.9738766290808705,0.8349600223009475,12.11999972909689
21:06:03.414245,166,-0.8079007018598353,3.275469023993192,0.26528309346073375,0.7655200204462744,17.359999611973763
21:06:03.414245,166,-0.8133690073270994,3.25673591508923,0.10088862549051414,0.8349600223009475,28.519999362528324
21:06:03.414245,166,-0.8267081114208154,3.31014579299923,0.06974354363721158,0.7655200204462744,19.119999572634697
21:06:03.414245,166,-0.6853297852632737,3.0972905866249234,1.136046762397372,0.8349600223009475,53.87999879568815
21:06:03.414245,166,-0.6985142150155061,3.1568765130499945,1.1194259602444205,0.8349600223009475,44.23999901115894
21:06:03.414245,166,-0.7642140931285857,3.210880818340499,0.13000940983266096,0.20888000557897612,18.879999577999115
21:06:03.414245,166,-0.7769560310198163,3.264416659057524,0.09883057634693948,0.8349600223009475,30.879999309778214
21:06:03.414245,166,-0.7896979689110468,3.31795249977455,0.067651742861218,0.7655200204462744,19.759999558329582
21:06:03.414245,166,-0.6279178334610807,3.0084300309367604,1.2593445772755638,0.7655200204462744,24.639999449253082
21:06:03.414245,166,-0.6531424504593637,3.103754964851617,1.1343146374719602,0.8349600223009475,45.87999897450209
21:06:03.414245,166,-0.6657076576653722,3.1634652535070398,1.117660512559817,0.8349600223009475,37.63999915868044
21:06:03.414245,166,-0.7330931582522097,3.0002870017430667,-0.09179796176093102,0.20888000557897612,5.239999882876873
21:06:03.414245,166,-0.7283218622547345,3.2180892733797837,0.1280779101262084,0.20888000557897612,19.35999956727028
21:06:03.414245,166,-0.7404653597603658,3.2717453025194363,0.09686687224970458,0.8349600223009475,30.879999309778214
21:06:03.414245,166,-0.7722760882710702,3.4549614309166623,0.17431842204648484,0.6263600167294499,6.239999860525131
21:06:03.414245,166,-0.585055617508837,2.930422128660013,1.182723434812577,0.8349600223009475,14.359999679028988
21:06:03.414245,166,-0.6208898019576108,3.109908119271129,1.1326659047143481,0.6958000185841229,38.1199991479516
21:06:03.414245,166,-0.6328345301072023,3.1697367828081675,1.1159800613482715,0.8349600223009475,30.999999307096004
21:06:03.414245,166,-0.6923567998048464,3.224950681457619,0.12623940137281187,0.20888000557897612,18.879999577999115
21:06:03.414245,166,-0.7039006425853016,3.2787211126167586,0.09499770956757425,0.8349600223009475,28.759999357163906
21:06:03.414245,166,-0.5885750649958443,3.1157494345731704,1.1311007289964303,0.6958000185841229,31.239999301731586
21:06:03.414245,166,-0.5998981196262108,3.1756904738057017,1.1143847746534978,0.8349600223009475,25.359999433159828
21:06:03.414245,166,-0.6563225022550351,3.2314643564389476,0.12449406742180624,0.20888000557897612,17.359999611973763
21:06:03.414245,166,-0.6672655359357076,3.285343391774327,0.0932232752152502,0.8349600223009475,25.239999435842037
21:06:03.414245,166,-0.6202225730048655,3.237629646961726,0.12284208280512443,0.20888000557897612,15.359999656677246
21:06:03.414245,166,-0.6305637032915554,3.2916114777697736,0.09154374663468134,0.8349600223009475,21.359999522566795
21:06:03.414245,166,-0.5840606220170186,3.243445936502069,0.121283612719844,0.20888000557897612,13.239999704062939
21:06:03.414245,166,-0.5937988148053609,3.297524743799751,0.08995929177731865,0.8349600223009475,17.759999603033066
21:06:03.474384,167,-0.9723610129201038,3.258442934367892,-0.3068678443342478,0.7655200204462744,15.999999642372131
21:06:03.474384,167,-0.9397285097324907,3.2680034614386506,-0.3068678443342478,0.7655200204462744,19.119999572634697
21:06:03.474384,167,-0.9598257594211744,3.3378937338607484,-0.1738025655124103,0.7655200204462744,7.1199998408555984
21:06:03.474384,167,-0.9626972403430215,3.3478796069026573,-0.6338989782006795,0.7655200204462744,5.879999868571758
21:06:03.474384,167,-0.8927000287690415,3.2255602781242545,-0.16748020044057135,0.7655200204462744,38.1199991479516
21:06:03.474384,167,-0.9070020344812096,3.2772371909012015,-0.3068678443342478,0.7655200204462744,23.11999948322773
21:06:03.474384,167,-0.9238045178028575,3.3379489877305195,-0.31255266271431403,0.7655200204462744,7.879999823868275
21:06:03.474384,167,-0.9291708685406687,3.3573390260642637,-0.6338989782006795,0.7655200204462744,6.8799998462200165
21:06:03.474384,167,-0.9457690631139081,3.4173126738503443,-0.6452225990073428,0.41748001115047373,6.359999857842922
21:06:03.474384,167,-0.8077840612310516,3.036536345457902,0.3470366622793127,0.904680024163099,24.51999945193529
21:06:03.474384,167,-0.8239461306253937,3.0972910860985388,0.3539801399824891,0.904680024163099,27.239999391138554
21:06:03.474384,167,-0.8604003296719376,3.2343258527671086,-0.16748020044057135,0.7655200204462744,43.99999901652336
21:06:03.474384,167,-0.8741848597863676,3.2861431993903336,-0.3068678443342478,0.7655200204462744,27.87999937683344
21:06:03.474384,167,-0.8903793951547464,3.347019982684304,-0.31255266271431403,0.7655200204462744,8.359999813139439
21:06:03.474384,167,-0.8955515804299219,3.3664627141360453,-0.6338989782006795,0.7655200204462744,7.999999821186066
21:06:03.474384,167,-0.9061635734300179,3.4063541950269007,-0.7512894981846294,0.41748001115047373,7.1199998408555984
21:06:03.474384,167,-0.778198515157127,3.0476724290957216,0.3155983963342602,0.8349600223009475,29.999999329447746
21:06:03.474384,167,-0.7929325397078923,3.105375546640119,0.3539801399824891,0.904680024163099,34.51999922841787
21:06:03.474384,167,-0.8084862637384472,3.16628886756584,0.36092361768566555,0.8349600223009475,35.999999195337296
21:06:03.474384,167,-0.8280145912627105,3.2427679975344073,-0.16748020044057135,0.7655200204462744,50.1199988797307
21:06:03.474384,167,-0.8412802673379397,3.2947205963126605,-0.3068678443342478,0.7655200204462744,32.87999926507473
21:06:03.474384,167,-0.8568652353130806,3.3557562784439563,-0.31255266271431403,0.7655200204462744,8.879999801516533
21:06:03.474384,167,-0.8618427379114258,3.375249758756839,-0.6338989782006795,0.7655200204462744,9.119999796152115
21:06:03.474384,167,-0.8720552921648717,3.415245363249333,-0.7512894981846294,0.41748001115047373,7.999999821186066
21:06:03.474384,167,-0.7476833898904385,3.0553019020294734,0.3155983963342602,0.8349600223009475,36.51999918371439
21:06:03.474384,167,-0.7618396562007396,3.113149472228721,0.3539801399824891,0.904680024163099,43.87999901920557
21:06:03.474384,167,-0.7767834795081352,3.174215282158467,0.36092361768566555,0.8349600223009475,42.87999904155731
21:06:03.474384,167,-0.7955460520880685,3.2508858682187465,-0.16748020044057135,0.7655200204462744,55.75999875366688
21:06:03.474384,167,-0.8082915475676031,3.302968523935676,-0.3068678443342478,0.7655200204462744,37.119999170303345
21:06:03.474384,167,-0.8232653896657656,3.3641570013872193,-0.31255266271431403,0.7655200204462744,8.999999798834324
21:06:03.474384,167,-0.8280477118411914,3.383699281229543,-0.6338989782006795,0.7655200204462744,10.239999771118164
21:06:03.474384,167,-0.8360321084353629,3.416326383062452,-0.7864995816450792,0.41748001115047373,8.759999804198742
21:06:03.474384,167,-0.718928985424929,3.070465012781798,0.221106831713738,0.904680024163099,43.359999030828476
21:06:03.474384,167,-0.7306705893662366,3.1206120854782995,0.3539801399824891,0.904680024163099,55.11999876797199
21:06:03.474384,167,-0.7450030175806621,3.1818242778822388,0.36092361768566555,0.8349600223009475,50.35999887436628
21:06:03.474384,167,-0.7629979589747268,3.258678653039859,-0.16748020044057135,0.7655200204462744,59.8799986615777
21:06:03.474384,167,-0.7752219993196973,3.3108861574735275,-0.3068678443342478,0.7655200204462744,38.99999912828207
21:06:03.474384,167,-0.7895832181692165,3.372221311448837,-0.31255266271431403,0.7655200204462744,9.239999793469906
21:06:03.474384,167,-0.7894777409675119,3.3717708301578533,-0.7381044091834702,0.41748001115047373,10.759999759495258
21:06:03.474384,167,-0.8018276134979846,3.4245157497339065,-0.7864995816450792,0.41748001115047373,9.239999793469906
21:06:03.474384,167,-0.6881889015768776,3.0775006606900432,0.221106831713738,0.904680024163099,49.239998899400234
21:06:03.474384,167,-0.6994284560849536,3.1277626401337812,0.3539801399824891,0.904680024163099,66.87999850511551
21:06:03.474384,167,-0.7131480559755952,3.189115093843957,0.36092361768566555,0.8349600223009475,57.51999871432781
21:06:03.474384,167,-0.7312509215293542,3.2700690013749014,-0.03350944234543611,0.7655200204462744,61.639998622238636
21:06:03.474384,167,-0.742074929521341,3.3184727051694947,-0.3068678443342478,0.7655200204462744,37.63999915868044
21:06:03.474384,167,-0.7558220890123639,3.37994840220456,-0.31255266271431403,0.7655200204462744,8.759999804198742
21:06:03.474384,167,-0.7557211218222046,3.379496888683038,-0.7381044091834702,0.41748001115047373,10.519999764859676
21:06:03.474384,167,-0.7675429364710284,3.43236266769945,-0.7864995816450792,0.41748001115047373,9.359999790787697
21:06:03.474384,167,-0.644227200692256,3.0225195989942244,0.21668294650823575,0.904680024163099,8.239999815821648
21:06:03.474384,167,-0.6573799994152338,3.084228561110553,0.221106831713738,0.904680024163099,52.23999883234501
21:06:03.474384,167,-0.6688208693190482,3.13790566986452,0.3219128600964245,0.904680024163099,75.35999831557274
21:06:03.474384,167,-0.6812217801624066,3.1960870009681344,0.36092361768566555,0.6958000185841229,62.639998599886894
21:06:03.474384,167,-0.7088536528517436,3.3257274083751645,-0.3068678443342478,0.7655200204462744,33.359999254345894
21:06:03.474384,167,-0.7219853782798384,3.387337500951786,-0.31255266271431403,0.7655200204462744,7.639999829232693
21:06:03.474384,167,-0.7203142110538957,3.379496888683038,-0.7726965576331338,0.41748001115047373,9.359999790787697
21:06:03.474384,167,-0.7331815057934732,3.4398663522738597,-0.7864995816450792,0.41748001115047373,8.999999798834324
21:06:03.474384,167,-0.626505359804402,3.09064804125892,0.221106831713738,0.904680024163099,51.11999885737896
21:06:03.474384,167,-0.639040421570358,3.15248544374516,0.22553071691924023,0.904680024163099,76.11999829858541
21:06:03.474384,167,-0.6492273827419301,3.202739302069899,0.36092361768566555,0.6958000185841229,64.11999856680632
21:06:03.474384,167,-0.6657076576653722,3.28403905252606,-0.03350944234543611,0.7655200204462744,56.87999872863293
21:06:03.474384,167,-0.6755614914107394,3.332649541626294,-0.3068678443342478,0.7655200204462744,28.11999937146902
21:06:03.474384,167,-0.6874211301723483,3.3911549777490566,-0.3471707151450818,0.7655200204462744,6.239999860525131
21:06:03.474384,167,-0.6864837907602566,3.3865309371520524,-0.7726965576331338,0.41748001115047373,7.879999823868275
21:06:03.474384,167,-0.6987467575795988,3.447026053094965,-0.7864995816450792,0.41748001115047373,8.119999818503857
21:06:03.474384,167,-0.5955680701824764,3.0967584591925092,0.221106831713738,0.904680024163099,46.35999896377325
21:06:03.474384,167,-0.6074841414957359,3.15871811836022,0.22553071691924023,0.904680024163099,68.87999846041203
21:06:03.474384,167,-0.6171680631271025,3.2090713319247146,0.36092361768566555,0.6958000185841229,61.639998622238636
21:06:03.474384,167,-0.6422017743865799,3.339238412715357,-0.3068678443342478,0.7655200204462744,22.99999948590994
21:06:03.474384,167,-0.6534757755739247,3.39785951799919,-0.3471707151450818,0.7655200204462744,4.999999888241291
21:06:03.474384,167,-0.6525847226626779,3.39322633536459,-0.7726965576331338,0.41748001115047373,6.5199998542666435
21:06:03.474384,167,-0.664242135275377,3.4538410541986817,-0.7864995816450792,0.41748001115047373,7.1199998408555984
21:06:03.474384,167,-0.7157139231159454,1.520270911628343,-3.471462503184843,0.7655200204462744,7.1199998408555984
21:06:03.474384,167,-0.564938835930409,3.104579386529648,0.18956122025488095,0.904680024163099,39.759999111294746
21:06:03.474384,167,-0.575867113515915,3.1646349238098206,0.22553071691924023,0.904680024163099,57.35999871790409
21:06:03.474384,167,-0.58716300277933,3.2267106437449957,0.22995460212474245,0.904680024163099,55.75999875366688
21:06:03.474384,167,-0.6087778377230191,3.3454933627607657,-0.3068678443342478,0.7655200204462744,18.759999580681324
21:06:03.474384,167,-0.618620396639569,3.3995824137864394,-0.7726965576331338,0.41748001115047373,5.239999882876873
21:06:03.474384,167,-0.5338653134811725,3.1100734529378657,0.18956122025488095,0.904680024163099,33.11999925971031
21:06:03.474384,167,-0.5441924993072044,3.1702352684183737,0.22553071691924023,0.904680024163099,45.759998977184296
21:06:03.474384,167,-0.5548670769413121,3.232420841601026,0.22995460212474245,0.904680024163099,48.51999891549349
21:06:03.474384,167,-0.5752930237857203,3.351413766272755,-0.3068678443342478,0.7655200204462744,15.519999653100967
21:06:03.474384,167,-0.6493144121407164,1.5796293981713785,-3.5283938581667424,0.7655200204462744,7.239999838173389
21:06:03.474384,167,-0.5034180703156039,3.119468112415085,0.09482327740017371,0.904680024163099,27.119999393820763
21:06:03.474384,167,-0.512463466304488,3.1755185921561115,0.22553071691924023,0.904680024163099,35.999999195337296
21:06:03.474384,167,-0.5225156648604684,3.237807800081022,0.22995460212474245,0.904680024163099,40.99999908357859
21:06:03.474384,167,-0.4809961766858616,3.182555289094915,0.19335394376017828,0.904680024163099,28.359999366104603
21:06:03.474384,167,-0.4901120016509025,3.242870980493647,0.22995460212474245,0.904680024163099,34.23999923467636
21:06:03.474384,167,0.13416085594817745,0.05527241184913824,-0.20725547351073864,-1.948240052035544,5.359999880194664
21:06:03.529488,168,-0.1258636008755732,0.016096098889113127,-0.21887959168391,0.7655200204462744,5.119999885559082
21:06:03.529488,168,-0.8857230375983319,3.0668555672489823,-0.45529426528515965,0.8349600223009475,21.119999527931213
21:06:03.529488,168,-0.9030968884676434,3.127013301666256,-0.464225064565447,0.7655200204462744,22.239999502897263
21:06:03.529488,168,-0.9237998624571501,3.163804523954987,-0.6050924020701225,0.7655200204462744,24.999999441206455
21:06:03.529488,168,-0.9745460118138146,3.1912387499740604,-1.184553529801171,0.904680024163099,5.639999873936176
21:06:03.529488,168,-0.8548773276201354,3.0888968990432617,0.3539801399824891,0.8349600223009475,26.75999940186739
21:06:03.529488,168,-0.8716461261848658,3.1494869839756503,0.36092361768566555,0.7655200204462744,28.759999357163906
21:06:03.529488,168,-0.8916281096341491,3.2216871520220427,0.2343784873302447,0.7655200204462744,31.75999929010868
21:06:03.529488,168,-0.9106422971017221,3.2903904183373607,-0.034141931819727016,0.904680024163099,29.759999334812164
21:06:03.529488,168,-0.9263993882555481,3.3473249379818246,-0.1738025655124103,0.904680024163099,11.879999734461308
21:06:03.529488,168,-0.9406070011245055,3.3986607845598384,-0.31823748109438027,0.904680024163099,6.359999857842922
21:06:03.529488,168,-0.9457690631139081,3.4173126738503443,-0.6452225990073428,0.4872000130126253,6.359999857842922
21:06:03.529488,168,-0.8239461306253937,3.0972910860985388,0.3539801399824891,0.8349600223009475,34.639999225735664
21:06:03.529488,168,-0.8401082000197359,3.1580458267391753,0.36092361768566555,0.8349600223009475,38.1199991479516
21:06:03.529488,168,-0.8593671947471915,3.2304422013071226,0.2343784873302447,0.904680024163099,41.23999907821417
21:06:03.529488,168,-0.8776934103160458,3.2993321711893153,-0.034141931819727016,0.904680024163099,36.51999918371439
21:06:03.529488,168,-0.8928803779272345,3.356421412413495,-0.1738025655124103,0.904680024163099,12.999999709427357
21:06:03.529488,168,-0.9025771341594806,3.3928724321171857,-0.4590021020804777,0.904680024163099,7.1199998408555984
21:06:03.529488,168,-0.9115492186314872,3.42659934244053,-0.6452225990073428,0.4872000130126253,7.35999983549118
21:06:03.529488,168,-0.7937686396596777,3.1086499794762057,0.3219128600964245,0.8349600223009475,45.639998979866505
21:06:03.529488,168,-0.8084862637384472,3.16628886756584,0.36092361768566555,0.8349600223009475,52.51999882608652
21:06:03.529488,168,-0.8270203438607377,3.2388742090785394,0.2343784873302447,0.904680024163099,54.9999987706542
21:06:03.529488,168,-0.84465675492467,3.307943993588334,-0.034141931819727016,0.904680024163099,44.63999900221825
21:06:03.529488,168,-0.8592720803091841,3.365182247515936,-0.1738025655124103,0.904680024163099,13.999999687075615
21:06:03.529488,168,-0.8686038475939302,3.401728410627949,-0.4590021020804777,0.904680024163099,7.999999821186066
21:06:03.529488,168,-0.8772382199908999,3.43554335396728,-0.6452225990073428,0.4872000130126253,8.239999815821648
21:06:03.529488,168,-0.7626429705659846,3.116432102204519,0.3219128600964245,0.8349600223009475,60.359998650848866
21:06:03.529488,168,-0.7767834795081352,3.174215282158467,0.36092361768566555,0.8349600223009475,74.75999832898378
21:06:03.529488,168,-0.7945907916327762,3.2469823321425797,0.2343784873302447,0.904680024163099,74.87999832630157
21:06:03.529488,168,-0.8112110311464711,3.314898578624688,0.1024121391422833,0.904680024163099,53.75999879837036
21:06:03.529488,168,-0.8255778562030015,3.3736065672129785,-0.1738025655124103,1.0438400278799236,14.879999667406082
21:06:03.529488,168,-0.8345437013713375,3.4102442191476197,-0.4590021020804777,0.904680024163099,8.639999806880951
21:06:03.529488,168,-0.8378598061011177,3.423795009796735,-0.7512894981846294,0.4872000130126253,8.999999798834324
21:06:03.529488,168,-0.7333132506137393,3.1318985950857754,0.22553071691924023,0.904680024163099,77.75999826192856
21:06:03.529488,168,-0.7457885787171853,3.1851793213343673,0.3282273238585888,0.8349600223009475,107.8799975886941
21:06:03.529488,168,-0.7620817809913601,3.25476575969373,0.2343784873302447,0.904680024163099,101.75999772548676
21:06:03.529488,168,-0.7780220383697181,3.322844810013361,0.1024121391422833,0.904680024163099,62.35999860614538
21:06:03.529488,168,-0.7918010750028684,3.3816935290797097,-0.1738025655124103,1.0438400278799236,15.359999656677246
21:06:03.529488,168,-0.8004001014777888,3.418419006102481,-0.4590021020804777,0.904680024163099,8.759999804198742
21:06:03.529488,168,-0.8035805347587129,3.432002279711616,-0.7512894981846294,0.4872000130126253,9.359999790787697
21:06:03.529488,168,-0.6881889015768776,3.0775006606900432,0.221106831713738,0.904680024163099,16.639999628067017
21:06:03.529488,168,-0.7019581219880243,3.139075011591948,0.22553071691924023,0.904680024163099,92.23999793827534
21:06:03.529488,168,-0.7157273423991711,3.200649362493852,0.22995460212474245,0.904680024163099,148.3599966838956
21:06:03.529488,168,-0.7294965628103177,3.2622237133957563,0.2343784873302447,0.904680024163099,131.6399970576167
21:06:03.529488,168,-0.7447552440409555,3.3304587597049142,0.1024121391422833,0.8349600223009475,68.23999847471714
21:06:03.529488,168,-0.7579451143586068,3.389442324426719,-0.1738025655124103,1.0438400278799236,15.239999659359455
21:06:03.529488,168,-0.7661764622446685,3.4262519540206866,-0.4590021020804777,0.904680024163099,8.51999980956316
21:06:03.529488,168,-0.7675429364710284,3.43236266769945,-0.7864995816450792,0.4872000130126253,9.239999793469906
21:06:03.529488,168,-0.7810132724121474,3.4926004420423995,-0.8003026056570246,0.4872000130126253,5.119999885559082
21:06:03.529488,168,-0.6705327981382116,3.145937523226881,0.22553071691924023,0.904680024163099,94.99999787658453
21:06:03.529488,168,-0.6836855968611893,3.207646485343209,0.22995460212474245,0.904680024163099,172.5199961438775
21:06:03.529488,168,-0.6968383955841672,3.2693554474595374,0.2343784873302447,0.8349600223009475,149.23999666422606
21:06:03.529488,168,-0.7114139748117455,3.337739666310758,0.1024121391422833,0.8349600223009475,68.87999846041203
21:06:03.529488,168,-0.7240133598379161,3.396852178380963,-0.1738025655124103,1.0438400278799236,14.6399996727705
21:06:03.529488,168,-0.7318762060072267,3.433742279614007,-0.4590021020804777,0.904680024163099,7.879999823868275
21:06:03.529488,168,-0.7331815057934732,3.4398663522738597,-0.7864995816450792,0.4872000130126253,8.51999980956316
21:06:03.529488,168,-0.639040421570358,3.15248544374516,0.22553071691924023,0.904680024163099,83.75999812781811
21:06:03.529488,168,-0.651575483336314,3.2143228462314006,0.22995460212474245,0.904680024163099,154.51999654620886
21:06:03.529488,168,-0.66411054510227,3.2761602487176407,0.2343784873302447,0.8349600223009475,140.11999686807394
21:06:03.529488,168,-0.6780015647810776,3.3446868017463323,0.1024121391422833,0.8349600223009475,64.11999856680632
21:06:03.529488,168,-0.6900092045878209,3.4039223499632545,-0.1738025655124103,1.0438400278799236,13.759999692440033
21:06:03.529488,168,-0.696556006750547,3.4362187397133055,-0.4940872956730018,0.904680024163099,6.8799998462200165
21:06:03.529488,168,-0.6987467575795988,3.447026053094965,-0.7864995816450792,0.4872000130126253,7.519999831914902
21:06:03.529488,168,-0.7459741756748299,1.5056535437183245,-3.471462503184843,0.7655200204462744,6.239999860525131
21:06:03.529488,168,-0.7672544397054594,1.8665497733840517,-3.3606121507787705,0.7655200204462744,6.359999857842922
21:06:03.529488,168,-0.6074841414957359,3.15871811836022,0.22553071691924023,0.904680024163099,66.23999851942062
21:06:03.529488,168,-0.6194002128089954,3.220677777527931,0.22995460212474245,0.904680024163099,114.11999744921923
21:06:03.529488,168,-0.6313162841222549,3.282637436695642,0.2343784873302447,0.8349600223009475,112.2399974912405
21:06:03.529488,168,-0.6445213551619617,3.3512994713039133,0.1024121391422833,0.8349600223009475,55.75999875366688
21:06:03.529488,168,-0.66215956531314,3.443012374035487,-0.4940872956730018,0.904680024163099,5.879999868571758
21:06:03.529488,168,-0.664242135275377,3.4538410541986817,-0.7864995816450792,0.4872000130126253,6.359999857842922
21:06:03.529488,168,-0.5762420803345524,3.166695526094061,0.19335394376017828,0.904680024163099,49.99999888241291
21:06:03.529488,168,-0.58716300277933,3.2267106437449957,0.22995460212474245,0.904680024163099,78.75999823957682
21:06:03.529488,168,-0.5984588920427449,3.2887863636801704,0.2343784873302447,0.8349600223009475,83.11999814212322
21:06:03.529488,168,-0.6109766939473104,3.357577013722085,0.1024121391422833,0.8349600223009475,46.63999895751476
21:06:03.529488,168,-0.6276969084739598,3.4494617100048233,-0.4940872956730018,0.974120026017772,5.119999885559082
21:06:03.529488,168,-0.6296710893141303,3.46031067409061,-0.7864995816450792,0.4872000130126253,5.359999880194664
21:06:03.529488,168,-0.544546841698708,3.1722995172789714,0.19335394376017828,0.904680024163099,37.51999916136265
21:06:03.529488,168,-0.5552283699162435,3.2345255816200766,0.1971466672654756,0.904680024163099,54.87999877333641
21:06:03.529488,168,-0.5655416545754199,3.294606414783678,0.2343784873302447,0.8349600223009475,60.63999864459038
21:06:03.529488,168,-0.5773709355751409,3.3635188012518653,0.1024121391422833,0.8349600223009475,38.1199991479516
21:06:03.529488,168,-0.5127971488349157,3.17758628116991,0.19335394376017828,0.904680024163099,28.639999359846115
21:06:03.529488,168,-0.5228558927219705,3.239916047733407,0.1971466672654756,0.904680024163099,39.35999912023544
21:06:03.529488,168,-0.5325678634164488,3.3000970080059324,0.2343784873302447,0.8349600223009475,44.87999899685383
21:06:03.529488,168,-0.5437074405931358,3.3691242397194796,0.1024121391422833,0.8349600223009475,31.119999304413795
21:06:03.529488,168,-0.4497543191922046,3.1915149124410536,0.09672049283570111,0.904680024163099,22.239999502897263
21:06:03.529488,168,-0.4585764499687302,3.254117895294797,0.09861770827122851,0.904680024163099,29.23999934643507
21:06:03.529488,168,-0.4995408159173217,3.3052575942922098,0.2343784873302447,0.8349600223009475,34.11999923735857
21:06:03.529488,168,-0.4260128854629681,3.2585408787313503,0.09861770827122851,0.904680024163099,22.519999496638775
21:06:03.529488,168,-0.43334016760224386,3.314586714891636,0.2343784873302447,0.8349600223009475,26.519999407231808
21:06:03.529488,168,0.04844680616604178,0.1750510681473262,-0.17612222061204827,2.9920800799154676,5.119999885559082
21:06:03.584499,169,-0.9943491689056677,3.209586884468983,1.103992656215771,0.974120026017772,22.639999493956566
21:06:03.584499,169,-0.8983858401155814,3.144936217751526,1.6659638374622028,0.7655200204462744,17.359999611973763
21:06:03.584499,169,-0.9156690594562583,3.2054387546758014,1.6595376227924392,0.7655200204462744,19.239999569952488
21:06:03.584499,169,-0.9329522787969352,3.2659412916000754,1.6531114081226754,0.7655200204462744,22.879999488592148
21:06:03.584499,169,-0.9609787416746647,3.219030471593059,1.1014622546722221,0.974120026017772,27.87999937683344
21:06:03.584499,169,-0.9784573629287042,3.277579336389108,1.0851193323452681,0.974120026017772,12.519999720156193
21:06:03.584499,169,-0.9947410602311755,3.294822243980944,0.9306759903893138,0.974120026017772,4.999999888241291
21:06:03.584499,169,-0.867099142246839,3.153462926318908,1.6636791127874773,0.7655200204462744,21.99999950826168
21:06:03.584499,169,-0.8837804655673812,3.2141295007511705,1.6572089443999198,0.7655200204462744,24.23999945819378
21:06:03.584499,169,-0.9004617888879235,3.274796075183433,1.6507387760123624,0.7655200204462744,27.99999937415123
21:06:03.584499,169,-0.927512217374603,3.2281512583461693,1.0990183472273896,0.974120026017772,34.759999223053455
21:06:03.584499,169,-0.9442404791526092,3.2772085401953155,1.0485664211080397,0.974120026017772,14.239999681711197
21:06:03.584499,169,-0.9600987477420548,3.304263473730856,0.9281462205022681,0.974120026017772,5.239999882876873
21:06:03.584499,169,-0.836947004057854,3.1577014513986206,1.6288634408171858,0.7655200204462744,28.359999366104603
21:06:03.584499,169,-0.8518034943723796,3.2225117972693913,1.6549629148171445,0.7655200204462744,31.119999304413795
21:06:03.584499,169,-0.8678812535544306,3.2833365872357563,1.648450352704994,0.7655200204462744,34.51999922841787
21:06:03.584499,169,-0.8939529426298743,3.2369483326572834,1.09666117826997,0.7655200204462744,43.75999902188778
21:06:03.584499,169,-0.91007594194072,3.286164275232617,1.0461667391371676,0.974120026017772,16.639999628067017
21:06:03.584499,169,-0.9253604261825314,3.3133696179645145,0.9257062365086979,0.974120026017772,6.239999860525131
21:06:03.584499,169,-0.8084862637384472,3.1518140967577635,1.529129582418134,0.7655200204462744,37.239999167621136
21:06:03.584499,169,-0.8209392539805409,3.2265343729654936,1.619557168469533,0.7655200204462744,40.639999091625214
21:06:03.584499,169,-0.839593711799557,3.2730838049897937,1.5110122961816177,0.7655200204462744,42.35999905318022
21:06:03.584499,169,-0.8603042733398375,3.2454208148263386,1.0943909835148846,0.7655200204462744,54.87999877333641
21:06:03.584499,169,-0.8749008248324208,3.2638363975389852,0.9422513199015972,0.974120026017772,19.35999956727028
21:06:03.584499,169,-0.8905295693556576,3.322139766075126,0.9233562824049584,0.974120026017772,7.35999983549118
21:06:03.584499,169,-0.8984152429603517,3.2661420951027704,0.5950481482006937,0.904680024163099,4.999999888241291
21:06:03.584499,169,-0.7767834795081352,3.1594704253226564,1.5270780753621835,0.7655200204462744,48.75999891012907
21:06:03.584499,169,-0.7887481566144661,3.2343086307880444,1.6174740623642292,0.7655200204462744,53.51999880373478
21:06:03.584499,169,-0.8066711261229261,3.2810347196891128,1.5088818550088465,0.7655200204462744,51.11999885737896
21:06:03.584499,169,-0.82656957434323,3.2535678576122162,1.0922079899797068,0.7655200204462744,67.11999849975109
21:06:03.584499,169,-0.8405937582604681,3.2721216690111796,0.94003128810155,0.974120026017772,22.639999493956566
21:06:03.584499,169,-0.8556096603179346,3.3305730410552257,0.921096593184491,0.974120026017772,8.759999804198742
21:06:03.584499,169,-0.8576312846853377,3.2152457290507135,0.4587708407215221,0.904680024163099,5.519999876618385
21:06:03.584499,169,-0.7450030175806621,3.1668201508043707,1.5251087223547675,0.7655200204462744,61.99999861419201
21:06:03.584499,169,-0.7593354457950874,3.2277436925999377,1.5159727256059088,0.7655200204462744,68.87999846041203
21:06:03.584499,169,-0.7736678740095128,3.288667234395505,1.50683672885705,0.7655200204462744,58.999998681247234
21:06:03.584499,169,-0.7927522190816889,3.2613886463174633,1.0901124159619615,0.7655200204462744,77.23999827355146
21:06:03.584499,169,-0.8062026330169393,3.2800751509374027,0.937900159042403,0.974120026017772,25.75999942421913
21:06:03.584499,169,-0.8201525236714273,3.3274916137507353,0.8846674790873992,0.974120026017772,9.879999779164791
21:06:03.584499,169,-0.8225431048903569,3.2233604156696387,0.45659651699514914,0.904680024163099,5.879999868571758
21:06:03.584499,169,-0.7001659615713919,3.1076895524081296,1.5005658103311164,0.904680024163099,19.35999956727028
21:06:03.584499,169,-0.7131480559755952,3.173862538236515,1.5232217203295373,0.7655200204462744,72.51999837905169
21:06:03.584499,169,-0.7268676558662365,3.234921562050205,1.5140494212833335,0.7655200204462744,82.99999814480543
21:06:03.584499,169,-0.7405872557568779,3.2959805858638953,1.5048771222371298,0.7655200204462744,63.35999858379364
21:06:03.584499,169,-0.7588555892624081,3.268882398869762,1.0881044710172942,0.7655200204462744,80.75999819487333
21:06:03.584499,169,-0.7717308881855462,3.2876960479761257,0.9358581458352764,0.974120026017772,27.359999388456345
21:06:03.584499,169,-0.7833164079944096,3.29970411988705,0.7804979048650607,0.974120026017772,10.359999768435955
21:06:03.584499,169,-0.7873726714740145,3.2311357764233284,0.45451311536033767,0.904680024163099,5.999999865889549
21:06:03.584499,169,-0.8667254237019633,3.4703754267292313,-0.023691701922696318,0.5566400148672983,6.7599998489022255
21:06:03.584499,169,-0.6812217801624066,3.1805968833862464,1.5214172579851144,0.7655200204462744,73.99999834597111
21:06:03.584499,169,-0.6943271797807694,3.2417854630757548,1.5122102445466106,0.7655200204462744,88.11999803036451
21:06:03.584499,169,-0.7074325793991321,3.3029740427652623,1.5030032311081065,0.7655200204462744,62.1199986115098
21:06:03.584499,169,-0.7248830745199708,3.276048365900136,1.0861843559385176,0.7655200204462744,75.51999831199646
21:06:03.584499,169,-0.7371819709118912,3.29498359804403,0.9339054526797801,0.974120026017772,26.87999939918518
21:06:03.584499,169,-0.7482488291360282,3.3071010734490502,0.7785158971316721,0.974120026017772,9.999999776482582
21:06:03.584499,169,-0.752123501450186,3.2385710337822204,0.45252084415550486,0.904680024163099,5.759999871253967
21:06:03.584499,169,-0.639040421570358,3.103438751908129,1.4019226718440643,0.904680024163099,17.759999603033066
21:06:03.584499,169,-0.6499119541981706,3.1818221145795134,1.4872392640894754,0.7655200204462744,65.23999854177237
21:06:03.584499,169,-0.661717271559032,3.2483347092922346,1.510455379311872,0.7655200204462744,80.51999820023775
21:06:03.584499,169,-0.6742071603761342,3.3096469057597773,1.501215242857523,0.7655200204462744,55.99999874830246
21:06:03.584499,169,-0.6907344455076022,3.273392661315214,1.0508984198669848,0.7655200204462744,64.23999856412411
21:06:03.584499,169,-0.7025593360587569,3.3019370723922132,0.9320422748435939,0.974120026017772,24.35999945551157
21:06:03.584499,169,-0.7131064260216167,3.3141589360186128,0.7766247485558679,0.974120026017772,8.879999801516533
21:06:03.584499,169,-0.7110097243989412,3.1808717272401004,0.3191537647021834,0.6263600167294499,5.359999880194664
21:06:03.584499,169,-0.7768958522772594,3.4327133899383933,0.003233758620192928,0.5566400148672983,7.759999826550484
21:06:03.584499,169,-0.6178188299477126,3.1879448349913546,1.485598686099641,0.7655200204462744,51.99999883770943
21:06:03.584499,169,-0.6290411921645261,3.2545686457805103,1.5087850010641717,0.7655200204462744,65.35999853909016
21:06:03.584499,169,-0.6409143212019496,3.3159985075667286,1.4995133362827062,0.7655200204462744,47.35999894142151
21:06:03.584499,169,-0.6566254769918652,3.2798999641296223,1.0491547933329592,0.7655200204462744,51.759998843073845
21:06:03.584499,169,-0.6678664458606213,3.3085557756790664,0.9302687986429403,0.6958000185841229,21.119999527931213
21:06:03.584499,169,-0.6778927128620441,3.320877001815394,0.7748246482509213,0.974120026017772,7.35999983549118
21:06:03.584499,169,-0.58716300277933,3.1762797752939727,1.386984921430096,0.904680024163099,39.639999113976955
21:06:03.584499,169,-0.596302209177815,3.260486649152156,1.5071992768399345,0.7655200204462744,49.99999888241291
21:06:03.584499,169,-0.6075573911326037,3.322028213031259,1.4978976815728877,0.7655200204462744,38.6399991363287
21:06:03.584499,169,-0.6217973003475376,3.255624594394811,0.9477243629038477,0.6958000185841229,40.879999086260796
21:06:03.584499,169,-0.6327583023552694,3.3038390813508043,0.8949316723468277,0.6958000185841229,18.11999959498644
21:06:03.584499,169,-0.6426112109991244,3.3272545990384423,0.7731157762253544,0.974120026017772,5.999999865889549
21:06:03.584499,169,-0.6891516032970525,3.393101462445087,0.030681690802137673,0.5566400148672983,6.7599998489022255
21:06:03.584499,169,-0.5548670769413121,3.181795402876333,1.3855070134736518,0.904680024163099,29.999999329447746
21:06:03.584499,169,-0.5635035964697684,3.2660881276117912,1.505698365210255,0.7655200204462744,37.75999915599823
21:06:03.584499,169,-0.5741397058331563,3.3277354191878725,1.496368440292185,0.7655200204462744,31.119999304413795
21:06:03.584499,169,-0.5875963724906254,3.261465565852822,0.9461592793186604,0.6958000185841229,32.239999279379845
21:06:03.584499,169,-0.5979544827863856,3.3097830170703886,0.8933389995709025,0.6958000185841229,15.519999653100967
21:06:03.584499,169,-0.6072654485534851,3.333291089933379,0.7714983033649383,0.6958000185841229,4.999999888241291
21:06:03.584499,169,-0.5225156648604684,3.186998805197308,1.3841127660238524,0.904680024163099,22.99999948590994
21:06:03.584499,169,-0.5312081711298458,3.266096369084668,1.4711952595771156,0.904680024163099,28.879999354481697
21:06:03.584499,169,-0.5406646070441404,3.333119555320736,1.4949257653634451,0.7655200204462744,25.119999438524246
21:06:03.584499,169,-0.553336685488753,3.2669758951829895,0.9446827910246125,0.6958000185841229,25.63999942690134
21:06:03.584499,169,-0.5630908682701901,3.3153904821243962,0.8918364838380954,0.6958000185841229,13.35999970138073
21:06:03.584499,169,-0.4901120016509025,3.1918894619210234,1.3828023185042748,0.904680024163099,17.999999597668648
21:06:03.584499,169,-0.4982654445686095,3.27106838617151,1.4698630116139426,0.904680024163099,22.359999500215054
21:06:03.643737,170,-1.082392104991819,3.4990795035050004,-0.18328611312016868,0.4872000130126253,6.6399998515844345
21:06:03.643737,170,-1.029283899447668,3.4491951086581287,-0.18012493058424922,1.0438400278799236,10.119999773800373
21:06:03.643737,170,-1.0473477747640012,3.5097282914058052,-0.18328611312016868,1.0438400278799236,7.239999838173389
21:06:03.643737,170,-0.9204707393369547,3.2010325654187803,0.367867095388842,0.7655200204462744,13.999999687075615
21:06:03.643737,170,-0.9378445902062661,3.2614519356851894,0.37481057309201843,0.7655200204462744,14.119999684393406
21:06:03.643737,170,-0.9947410602311755,3.459315317565532,-0.18012493058424922,1.0438400278799236,11.519999742507935
21:06:03.643737,170,-1.012198710636176,3.5200261094179237,-0.18328611312016868,1.0438400278799236,7.879999823868275
21:06:03.643737,170,-0.8884149247495964,3.210077068908039,0.367867095388842,0.7655200204462744,17.879999600350857
21:06:03.643737,170,-0.905183723314327,3.2706671538404275,0.37481057309201843,0.7655200204462744,18.11999959498644
21:06:03.643737,170,-0.9219525218790574,3.331257238772815,0.3817540507951949,0.6958000185841229,16.359999634325504
21:06:03.643737,170,-0.944382137647484,3.4123013469218746,-0.03540691076830883,0.974120026017772,17.519999608397484
21:06:03.643737,170,-0.9600987477420548,3.469089597839395,-0.18012493058424922,1.0438400278799236,13.239999704062939
21:06:03.643737,170,-0.9742119677678014,3.5200843782184754,-0.32960711785451274,1.0438400278799236,8.639999806880951
21:06:03.643737,170,-0.9909480381118934,3.5805562074713935,-0.33526946659671314,0.4872000130126253,5.359999880194664
21:06:03.643737,170,-0.8401082000197359,3.1580458267391753,0.36092361768566555,0.8349600223009475,15.75999964773655
21:06:03.643737,170,-0.8562702694140779,3.2188005673798115,0.367867095388842,0.7655200204462744,23.519999474287033
21:06:03.643737,170,-0.8724323388084201,3.2795553080204485,0.37481057309201843,0.7655200204462744,24.119999460875988
21:06:03.643737,170,-0.8885944082027621,3.340310048661085,0.3817540507951949,0.6958000185841229,20.999999530613422
21:06:03.643737,170,-0.9102124749437032,3.421574397053106,-0.03540691076830883,0.974120026017772,21.7599995136261
21:06:03.643737,170,-0.9227684658915043,3.4687735492722447,-0.3239222994744465,1.0438400278799236,15.239999659359455
21:06:03.643737,170,-0.9389630012598832,3.5296503325662156,-0.32960711785451274,1.0438400278799236,9.239999793469906
21:06:03.643737,170,-0.9541838741389805,3.586867026884913,-0.3724036118389479,0.4872000130126253,5.759999871253967
21:06:03.643737,170,-0.8084862637384472,3.16628886756584,0.36092361768566555,0.8349600223009475,18.879999577999115
21:06:03.643737,170,-0.8240399877690021,3.2272021884915607,0.367867095388842,0.7655200204462744,31.87999928742647
21:06:03.643737,170,-0.839593711799557,3.2881155094172816,0.37481057309201843,0.7655200204462744,33.2399992570281
21:06:03.643737,170,-0.8551474358301119,3.349028830343003,0.3817540507951949,0.6958000185841229,27.519999384880066
21:06:03.643737,170,-0.8759517917550048,3.430505292611231,-0.03540691076830883,0.974120026017772,27.359999388456345
21:06:03.643737,170,-0.8880351712633622,3.4778276427065475,-0.3239222994744465,1.0438400278799236,17.359999611973763
21:06:03.643737,170,-0.903620139238503,3.5388633248378425,-0.32960711785451274,1.0438400278799236,9.359999790787697
21:06:03.643737,170,-0.9150912949197934,3.5837880120722745,-0.4835677727277277,0.904680024163099,5.999999865889549
21:06:03.643737,170,-0.7767834795081352,3.174215282158467,0.36092361768566555,0.8349600223009475,22.359999500215054
21:06:03.643737,170,-0.7917273028155306,3.235281092088213,0.367867095388842,0.7655200204462744,44.359999008476734
21:06:03.643737,170,-0.8066711261229261,3.296346902017959,0.37481057309201843,0.7655200204462744,47.63999893516302
21:06:03.643737,170,-0.8216149494303215,3.3574127119477057,0.3817540507951949,0.6958000185841229,36.999999172985554
21:06:03.643737,170,-0.8416035141210041,3.4390931405141743,-0.03540691076830883,0.974120026017772,34.639999225735664
21:06:03.643737,170,-0.8532130738620903,3.4865339562903057,-0.3239222994744465,1.0438400278799236,19.239999569952488
21:06:03.643737,170,-0.8681869159602527,3.547722433741849,-0.32960711785451274,1.0438400278799236,9.879999779164791
21:06:03.643737,170,-0.8792082587136713,3.5927595844031375,-0.4835677727277277,0.904680024163099,5.879999868571758
21:06:03.643737,170,-0.7450030175806621,3.1818242778822388,0.36092361768566555,0.8349600223009475,25.63999942690134
21:06:03.643737,170,-0.7593354457950874,3.243036470286178,0.367867095388842,0.6958000185841229,62.23999860882759
21:06:03.643737,170,-0.7736678740095128,3.3042486626901173,0.37481057309201843,0.7655200204462744,70.35999842733145
21:06:03.643737,170,-0.7908503113689809,3.3776329243016847,0.24322625774124915,0.8349600223009475,50.23999887704849
21:06:03.643737,170,-0.8071710768406872,3.447337081984341,-0.03540691076830883,0.974120026017772,42.9999990388751
21:06:03.643737,170,-0.8183056558682548,3.494891619399456,-0.3239222994744465,1.0438400278799236,19.999999552965164
21:06:03.643737,170,-0.8289959110765858,3.5405484996481884,-0.47540082153629365,1.0438400278799236,9.519999787211418
21:06:03.643737,170,-0.8432373024182791,3.6013718837855766,-0.4835677727277277,0.904680024163099,5.519999876618385
21:06:03.643737,170,-0.7131480559755952,3.189115093843957,0.36092361768566555,0.8349600223009475,28.11999937146902
21:06:03.643737,170,-0.7268676558662365,3.2504675475541327,0.367867095388842,0.6958000185841229,83.63999813050032
21:06:03.643737,170,-0.741368160736587,3.315312117433988,0.3408562513829175,0.6958000185841229,102.11999771744013
21:06:03.643737,170,-0.7570350036326112,3.385372415199565,0.24322625774124915,0.8349600223009475,67.5199984908104
21:06:03.643737,170,-0.772657923128935,3.455236292634492,-0.03540691076830883,0.8349600223009475,50.99999886006117
21:06:03.643737,170,-0.7833164079944096,3.50289979627469,-0.3239222994744465,1.0438400278799236,18.999999575316906
21:06:03.643737,170,-0.7935495675116176,3.5486612944665294,-0.47540082153629365,1.0438400278799236,7.999999821186066
21:06:03.643737,170,-0.8800645277956792,3.9355461262673654,-1.0727971705649824,0.6958000185841229,7.759999826550484
21:06:03.643737,170,-0.6819400877977052,3.199457083608955,0.3282273238585888,0.6958000185841229,28.879999354481697
21:06:03.643737,170,-0.6950593062763624,3.26100849735339,0.33454178762075315,0.6958000185841229,97.51999782025814
21:06:03.643737,170,-0.7081785247550193,3.322559911097825,0.3408562513829175,0.6958000185841229,129.5199971050024
21:06:03.643737,170,-0.7231439930301227,3.3927733716921935,0.24322625774124915,0.8349600223009475,83.99999812245369
21:06:03.643737,170,-0.7377722871244601,3.4614049127889928,0.1062065700133381,0.8349600223009475,55.63999875634909
21:06:03.643737,170,-0.7482488291360282,3.5105576861050283,-0.3239222994744465,1.0438400278799236,16.639999628067017
21:06:03.643737,170,-0.7580238696547348,3.5564192261284946,-0.47540082153629365,1.0438400278799236,6.11999986320734
21:06:03.643737,170,-0.6499119541981706,3.2061163991644746,0.3282273238585888,0.6958000185841229,27.759999379515648
21:06:03.643737,170,-0.6624150128562297,3.267795925359335,0.33454178762075315,0.6958000185841229,91.35999795794487
21:06:03.643737,170,-0.6749180715142891,3.3294754515541958,0.3408562513829175,0.6958000185841229,124.6399972140789
21:06:03.643737,170,-0.689180668634182,3.399835053690121,0.24322625774124915,0.8349600223009475,89.63999799638987
21:06:03.643737,170,-0.7031219273628471,3.4686094437382518,0.1062065700133381,0.8349600223009475,54.51999878138304
21:06:03.643737,170,-0.7131064260216167,3.5178645231079044,-0.3239222994744465,0.8349600223009475,13.879999689757824
21:06:03.643737,170,-0.8184540589532595,3.839939436590663,-1.2145142006855836,0.3480400092958007,13.759999692440033
21:06:03.643737,170,-0.6194002128089954,3.220677777527931,0.22995460212474245,0.8349600223009475,24.999999441206455
21:06:03.643737,170,-0.6313162841222549,3.282637436695642,0.2343784873302447,0.8349600223009475,71.51999840140343
21:06:03.643737,170,-0.6432323554355144,3.344597095863353,0.2388023725357469,0.8349600223009475,93.75999790430069
21:06:03.643737,170,-0.6551484267487739,3.406556755031064,0.24322625774124915,0.8349600223009475,79.63999821990728
21:06:03.643737,170,-0.6684012559975737,3.475467116649141,0.1062065700133381,0.8349600223009475,48.119998924434185
21:06:03.643737,170,-0.6749040993154966,3.509279767228966,-0.4672014618083857,0.8349600223009475,11.759999737143517
21:06:03.643737,170,-0.729772487989161,1.88152054135529,-3.3606121507787705,0.5566400148672983,6.5199998542666435
21:06:03.643737,170,-0.58716300277933,3.2267106437449957,0.22995460212474245,0.8349600223009475,21.639999516308308
21:06:03.643737,170,-0.5984588920427449,3.2887863636801704,0.2343784873302447,0.8349600223009475,51.639998845756054
21:06:03.643737,170,-0.6097547813061599,3.350862083615345,0.2388023725357469,0.8349600223009475,63.879998572170734
21:06:03.643737,170,-0.621050670569575,3.4129378035505202,0.24322625774124915,0.8349600223009475,62.1199986115098
21:06:03.643737,170,-0.6336137450666879,3.481977245760115,0.1062065700133381,0.8349600223009475,39.759999111294746
21:06:03.643737,170,-0.6397781423823415,3.515853233069499,-0.4672014618083857,0.8349600223009475,9.999999776482582
21:06:03.643737,170,-0.6812691443549508,3.743863950793446,-1.1771308935776752,0.27832000743364915,18.879999577999115
21:06:03.643737,170,-0.6920870125230172,3.8033127413257213,-1.1958225471316293,0.27832000743364915,20.75999953597784
21:06:03.643737,170,-0.5548670769413121,3.232420841601026,0.22995460212474245,0.8349600223009475,18.23999959230423
21:06:03.643737,170,-0.5655416545754199,3.294606414783678,0.2343784873302447,0.8349600223009475,36.87999917566776
21:06:03.643737,170,-0.5762162322095278,3.356791987966331,0.2388023725357469,0.8349600223009475,43.63999902456999
21:06:03.643737,170,-0.5868908098436355,3.418977561148983,0.24322625774124915,0.8349600223009475,45.87999897450209
21:06:03.643737,170,-0.5987628732921374,3.4881391800637163,0.1062065700133381,0.8349600223009475,31.75999929010868
21:06:03.643737,170,-0.6045882081709548,3.5220751165323096,-0.4672014618083857,0.8349600223009475,8.879999801516533
21:06:03.643737,170,-0.6437970664861646,3.7504893369112042,-1.1771308935776752,0.27832000743364915,18.879999577999115
21:06:03.643737,170,-0.5325678634164488,3.3000970080059324,0.2343784873302447,0.8349600223009475,26.99999939650297
21:06:03.643737,170,-0.5426200619724292,3.362386215930843,0.2388023725357469,0.8349600223009475,30.879999309778214
21:06:03.643737,170,-0.5526722605284097,3.4246754238557533,0.24322625774124915,0.8349600223009475,33.7599992454052
21:06:03.643737,170,-0.5638521257319018,3.493952303371677,0.1062065700133381,0.8349600223009475,25.119999438524246
21:06:03.643737,170,-0.5693378156452755,3.527944795434265,-0.4672014618083857,0.8349600223009475,7.879999823868275
21:06:03.643737,170,-0.6062606094501037,3.756739677237435,-1.1771308935776752,0.27832000743364915,17.999999597668648
21:06:03.643737,170,-0.4995408159173217,3.3052575942922098,0.2343784873302447,0.8349600223009475,20.359999544918537
21:06:03.643737,170,-0.5089696301837409,3.367644208090772,0.2388023725357469,0.8349600223009475,22.639999493956566
21:06:03.643737,170,-0.51839844445016,3.430030821889334,0.24322625774124915,0.8349600223009475,25.359999433159828
21:06:03.643737,170,-0.4938649730748328,3.504529826709772,0.1062065700133381,0.8349600223009475,20.119999550282955
21:06:03.643737,170,-0.5686635268610233,3.762614346743341,-1.1771308935776752,0.27832000743364915,16.519999630749226
21:06:03.643737,170,-0.43334016760224386,3.314586714891636,0.2343784873302447,0.904680024163099,15.75999964773655
21:06:03.643737,170,-0.4415194471011522,3.377149415493515,0.2388023725357469,0.8349600223009475,17.23999961465597
21:06:03.643737,170,-0.4496987266000606,3.439712116095394,0.24322625774124915,0.8349600223009475,19.519999563694
21:06:03.643737,170,-0.018652132096081544,0.185899172520307,0.17059484665447644,0.6263600167294499,5.879999868571758
21:06:03.705305,171,-0.9440043974009048,3.4109364719408632,0.1062065700133381,1.1132800297345966,17.759999603033066
21:06:03.705305,171,-0.9608675699309076,3.471867554861222,0.1081037854488655,0.8349600223009475,17.879999600350857
21:06:03.705305,171,-0.9777307424609103,3.5327986377815805,0.1100010008843929,0.7655200204462744,9.759999781847
21:06:03.705305,171,-0.8678812535544306,3.262447350029849,0.5102191567134686,0.6958000185841229,19.759999558329582
21:06:03.705305,171,-0.8885944082027621,3.340310048661085,0.3817540507951949,0.7655200204462744,20.999999530613422
21:06:03.705305,171,-0.9098484021060051,3.4202058129758472,0.1062065700133381,1.1132800297345966,22.759999491274357
21:06:03.705305,171,-0.92610143082399,3.4813024782786,0.1081037854488655,0.8349600223009475,22.639999493956566
21:06:03.705305,171,-0.9423544595419747,3.5423991435813535,0.1100010008843929,0.7655200204462744,11.239999748766422
21:06:03.705305,171,-0.8352139308226939,3.270962896724403,0.5102191567134686,0.6958000185841229,24.35999945551157
21:06:03.705305,171,-0.8551474358301119,3.349028830343003,0.3817540507951949,0.7655200204462744,27.119999393820763
21:06:03.705305,171,-0.8756014227331665,3.4291331362949857,0.1062065700133381,0.7655200204462744,29.879999332129955
21:06:03.705305,171,-0.8912426823498785,3.4903892743647895,0.1081037854488655,0.8349600223009475,29.35999934375286
21:06:03.705305,171,-0.9068839419665905,3.551645412434593,0.1100010008843929,0.7655200204462744,12.999999709427357
21:06:03.705305,171,-0.8024630873976177,3.2791513498697,0.5102191567134686,0.6958000185841229,30.23999932408333
21:06:03.705305,171,-0.8216149494303215,3.3574127119477057,0.3817540507951949,0.7655200204462744,35.879999198019505
21:06:03.705305,171,-0.8412668839516344,3.4377175491734246,0.1062065700133381,0.7655200204462744,40.51999909430742
21:06:03.705305,171,-0.8565089572155659,3.5000021151592846,0.07207519657536907,0.8349600223009475,38.6399991363287
21:06:03.705305,171,-0.8716713936765521,3.561961256668956,-0.03667188971689065,0.7655200204462744,14.879999667406082
21:06:03.705305,171,-0.9680249690623667,3.955696447424976,-0.910672240345426,0.6263600167294499,14.119999684393406
21:06:03.705305,171,-0.7736678740095128,3.3042486626901173,0.37481057309201843,0.7655200204462744,37.239999167621136
21:06:03.705305,171,-0.7908503113689809,3.3776329243016847,0.24322625774124915,0.7655200204462744,48.119998924434185
21:06:03.705305,171,-0.8068482191865209,3.4459581931770686,0.1062065700133381,0.7655200204462744,55.87999875098467
21:06:03.705305,171,-0.8215899345996857,3.5089184052733366,-0.036039400242599745,0.8349600223009475,50.99999886006117
21:06:03.705305,171,-0.836008792358684,3.5704997285623317,-0.03667188971689065,0.7655200204462744,16.519999630749226
21:06:03.705305,171,-0.9424922940290891,4.0252788137653335,-0.9244752643573715,0.6263600167294499,7.639999829232693
21:06:03.705305,171,-0.7405872557568779,3.3118200012643086,0.37481057309201843,0.7655200204462744,44.63999900221825
21:06:03.705305,171,-0.7570350036326112,3.385372415199565,0.24322625774124915,0.7655200204462744,64.23999856412411
21:06:03.705305,171,-0.7723488702754671,3.4538542442484217,0.1062065700133381,0.7655200204462744,76.7599982842803
21:06:03.705305,171,-0.7864602569954618,3.5169587230543558,-0.036039400242599745,0.8349600223009475,64.87999854981899
21:06:03.705305,171,-0.8002625908619888,3.578681153474219,-0.03667188971689065,0.7655200204462744,17.359999611973763
21:06:03.705305,171,-0.8533863196082473,3.816244284673111,-1.0402764799164155,0.27832000743364915,15.75999964773655
21:06:03.705305,171,-0.8667254237019633,3.875895205470238,-1.0565368252406988,0.27832000743364915,18.879999577999115
21:06:03.705305,171,-0.7074325793991321,3.319060160613019,0.37481057309201843,0.6958000185841229,50.35999887436628
21:06:03.705305,171,-0.7231439930301227,3.3927733716921935,0.24322625774124915,0.7655200204462744,80.99999818950891
21:06:03.705305,171,-0.7379567932288627,3.4622705597472265,0.07081028087520477,0.7655200204462744,98.1199978068471
21:06:03.705305,171,-0.7512519340244357,3.52464734790958,-0.036039400242599745,0.8349600223009475,74.87999832630157
21:06:03.705305,171,-0.764436363776668,3.586504713268981,-0.03667188971689065,0.7655200204462744,16.8799996227026
21:06:03.705305,171,-0.815181844693508,3.8245871948325068,-1.0402764799164155,0.27832000743364915,17.359999611973763
21:06:03.705305,171,-0.661717271559032,3.264353859398139,0.367867095388842,0.8349600223009475,19.999999552965164
21:06:03.705305,171,-0.6742071603761342,3.325968416726379,0.37481057309201843,0.6958000185841229,52.23999883234501
21:06:03.705305,171,-0.689180668634182,3.399835053690121,0.24322625774124915,0.7655200204462744,89.99999798834324
21:06:03.705305,171,-0.7032977679169067,3.4694768924447525,0.07081028087520477,0.7655200204462744,106.23999762535095
21:06:03.705305,171,-0.7159684864894066,3.531983510982966,-0.036039400242599745,0.8349600223009475,73.75999835133553
21:06:03.705305,171,-0.7285336936954152,3.5939696255971927,-0.03667188971689065,0.7655200204462744,15.239999659359455
21:06:03.705305,171,-0.7768958522772594,3.832547649476662,-1.0402764799164155,0.27832000743364915,18.519999586045742
21:06:03.705305,171,-0.6409143212019496,3.332544078784566,0.37481057309201843,0.6958000185841229,49.11999890208244
21:06:03.705305,171,-0.6551484267487739,3.406556755031064,0.24322625774124915,0.7655200204462744,83.8799981251359
21:06:03.705305,171,-0.6686687145559761,3.4768578133548296,-0.03540691076830883,0.8349600223009475,93.2399979159236
21:06:03.705305,171,-0.6806134427055676,3.5389664786643524,-0.036039400242599745,0.8349600223009475,62.23999860882759
21:06:03.705305,171,-0.6925581708551588,3.6010751439738753,-0.03667188971689065,0.7655200204462744,12.999999709427357
21:06:03.705305,171,-0.738532170926667,3.8401248525667806,-1.0402764799164155,0.27832000743364915,18.759999580681324
21:06:03.705305,171,-0.6081980240742407,3.3423070399457275,0.3408562513829175,0.6958000185841229,42.63999904692173
21:06:03.705305,171,-0.621050670569575,3.4129378035505202,0.24322625774124915,0.7655200204462744,67.75999848544598
21:06:03.705305,171,-0.63386728351731,3.4833705474724987,-0.03540691076830883,0.8349600223009475,70.75999841839075
21:06:03.705305,171,-0.6451903381476765,3.545595552662822,-0.036039400242599745,0.8349600223009475,47.999998927116394
21:06:03.705305,171,-0.6564149149528292,3.607279380283568,-0.07334011227553335,0.7655200204462744,10.99999975413084
21:06:03.705305,171,-0.6891516032970525,3.7871814180844177,-1.024016134592132,0.8349600223009475,9.239999793469906
21:06:03.705305,171,-0.6920870125230172,3.8033127413257213,-1.1958225471316293,0.27832000743364915,18.23999959230423
21:06:03.705305,171,-0.5747451018237686,3.3482218047328,0.3408562513829175,0.6958000185841229,35.23999921232462
21:06:03.705305,171,-0.5880669044336391,3.4258289906577906,0.1043093545778107,0.7655200204462744,50.87999886274338
21:06:03.705305,171,-0.5990024662813466,3.4895349474537913,-0.03540691076830883,0.7655200204462744,50.87999886274338
21:06:03.705305,171,-0.6096112589311536,3.551337285149685,-0.07207519657536907,0.8349600223009475,35.879999198019505
21:06:03.705305,171,-0.6203099026956918,3.613663057426521,-0.07334011227553335,0.7655200204462744,9.239999793469906
21:06:03.705305,171,-0.6540199157814008,3.81004333190515,-1.1958225471316293,0.27832000743364915,16.99999962002039
21:06:03.705305,171,-0.5426200619724292,3.362386215930843,0.2388023725357469,0.7655200204462744,28.359999366104603
21:06:03.705305,171,-0.5537797831625189,3.4315382715455782,0.1043093545778107,0.7655200204462744,37.63999915868044
21:06:03.705305,171,-0.5640777493005998,3.495350396863874,-0.03540691076830883,0.7655200204462744,36.63999918103218
21:06:03.705305,171,-0.5740679984524109,3.5572557306247754,-0.07207519657536907,0.8349600223009475,26.87999939918518
21:06:03.705305,171,-0.5835295355452564,3.6158848601613074,-0.18328611312016868,0.7655200204462744,7.999999821186066
21:06:03.705305,171,-0.5089696301837409,3.367644208090772,0.2388023725357469,0.7655200204462744,22.759999491274357
21:06:03.705305,171,-0.4850428422983072,3.441926843856028,0.1043093545778107,0.7655200204462744,28.11999937146902
21:06:03.705305,171,-0.4940625915151915,3.505932152763051,-0.03540691076830883,0.7655200204462744,27.119999393820763
21:06:03.705305,171,-0.5028128185751067,3.568024897528956,-0.07207519657536907,0.8349600223009475,20.51999954134226
21:06:03.705305,171,-0.5473421141639432,3.6215392654035887,-0.18328611312016868,0.7655200204462744,6.8799998462200165
21:06:03.705305,171,-0.4415194471011522,3.377149415493515,0.2388023725357469,0.7655200204462744,18.35999958962202
21:06:03.705305,171,-0.4505998963417145,3.4466050964301638,0.1043093545778107,0.7655200204462744,21.639999516308308
21:06:03.705305,171,-0.45897915216764984,3.510697401085422,-0.03540691076830883,0.7655200204462744,20.63999953866005
21:06:03.705305,171,-0.4666175816641301,3.569123180241231,-0.18012493058424922,0.7655200204462744,16.119999639689922
21:06:03.705305,171,-0.41611189077300054,3.450938691382224,0.1043093545778107,0.7655200204462744,16.8799996227026
21:06:03.705305,171,-0.42384981528942456,3.515111582608949,-0.03540691076830883,0.7655200204462744,16.119999639689922
21:06:03.759874,172,-0.8839590127364816,3.322885160644007,0.519671118831687,0.7655200204462744,19.35999956727028
21:06:03.759874,172,-0.9000367719185326,3.3833229712581643,0.5291230809499053,0.7655200204462744,20.63999953866005
21:06:03.759874,172,-0.8364344517765031,3.2757428442411456,0.4764350912240476,0.7655200204462744,17.23999961465597
21:06:03.759874,172,-0.8506865181038056,3.3315584603819612,0.519671118831687,0.7655200204462744,24.759999446570873
21:06:03.759874,172,-0.866159105384917,3.39215402403952,0.5291230809499053,0.7655200204462744,26.119999416172504
21:06:03.759874,172,-0.8894602564231867,3.483408728594168,0.2520740281522536,0.7655200204462744,21.119999527931213
21:06:03.759874,172,-0.8066711261229261,3.296346902017959,0.37481057309201843,0.6958000185841229,21.87999951094389
21:06:03.759874,172,-0.8173289555320248,3.3398986070650603,0.519671118831687,0.7655200204462744,32.51999927312136
21:06:03.759874,172,-0.8365587727377172,3.418478521877452,0.38869752849837136,0.7655200204462744,33.99999924004078
21:06:03.759874,172,-0.8545822778408014,3.4921290137397367,0.2520740281522536,0.7655200204462744,27.119999393820763
21:06:03.759874,172,-0.8713227367567976,3.560536519722161,0.1100010008843929,0.6958000185841229,12.11999972909689
21:06:03.759874,172,-0.7736678740095128,3.3042486626901173,0.37481057309201843,0.6958000185841229,28.239999368786812
21:06:03.759874,172,-0.788000302223938,3.3654608550940566,0.3817540507951949,0.6958000185841229,43.87999901920557
21:06:03.759874,172,-0.8023327304383634,3.426673047497996,0.38869752849837136,0.7655200204462744,45.35999898612499
21:06:03.759874,172,-0.8196188417466016,3.50050008890964,0.2520740281522536,0.7655200204462744,35.63999920338392
21:06:03.759874,172,-0.8356744000033238,3.569071576340777,0.1100010008843929,0.6958000185841229,14.51999967545271
21:06:03.759874,172,-0.9489201875660052,1.5830385701199698,-3.8130506330762404,0.5566400148672983,7.759999826550484
21:06:03.759874,172,-0.7405872557568779,3.3118200012643086,0.37481057309201843,0.7655200204462744,36.63999918103218
21:06:03.759874,172,-0.7543068556475194,3.373172454974484,0.3817540507951949,0.6958000185841229,60.63999864459038
21:06:03.759874,172,-0.7680264555381608,3.4345249086846596,0.38869752849837136,0.7655200204462744,62.1199986115098
21:06:03.759874,172,-0.7845734444549045,3.508521117003374,0.2520740281522536,0.7655200204462744,47.8799989297986
21:06:03.759874,172,-0.7999424965099785,3.57724972879193,0.1100010008843929,0.6958000185841229,17.639999605715275
21:06:03.759874,172,-0.8800645277956792,3.9355461262673654,-1.0727971705649824,0.6263600167294499,11.519999742507935
21:06:03.759874,172,-0.7074325793991321,3.319060160613019,0.37481057309201843,0.8349600223009475,47.11999894678593
21:06:03.759874,172,-0.7205379790174948,3.380546740435461,0.3817540507951949,0.7655200204462744,84.51999811083078
21:06:03.759874,172,-0.7336433786358576,3.4420333202579037,0.38869752849837136,0.7655200204462744,85.75999808311462
21:06:03.759874,172,-0.7509514432808174,3.5232375360281094,0.1081037854488655,0.8349600223009475,65.35999853909016
21:06:03.759874,172,-0.7641305994371747,3.5850701592672265,0.1100010008843929,0.6958000185841229,21.519999518990517
21:06:03.759874,172,-0.8279237825847384,3.8843685219233652,-1.0565368252406988,0.6263600167294499,9.119999796152115
21:06:03.759874,172,-0.6742071603761342,3.325968416726379,0.37481057309201843,0.8349600223009475,58.11999870091677
21:06:03.759874,172,-0.686697049193236,3.3875829740546193,0.3817540507951949,0.7655200204462744,113.11999747157097
21:06:03.759874,172,-0.699186938010338,3.4491975313828593,0.38869752849837136,0.7655200204462744,115.35999742150307
21:06:03.759874,172,-0.7156821086537317,3.5305707647342115,0.1081037854488655,0.8349600223009475,88.51999802142382
21:06:03.759874,172,-0.7284244127355154,3.593430525684677,0.07334011227553335,0.6958000185841229,25.999999418854713
21:06:03.759874,172,-0.6409143212019496,3.332544078784566,0.37481057309201843,0.8349600223009475,65.51999853551388
21:06:03.759874,172,-0.6527874502393732,3.394280452214492,0.3817540507951949,0.7655200204462744,133.75999701023102
21:06:03.759874,172,-0.6670644980620334,3.468516414198775,0.24765014294675136,0.7655200204462744,140.51999685913324
21:06:03.759874,172,-0.6803412064153798,3.537550939321755,0.1081037854488655,0.8349600223009475,112.35999748855829
21:06:03.759874,172,-0.6924542862684162,3.6005349782247675,0.07334011227553335,0.6958000185841229,30.35999932140112
21:06:03.759874,172,-0.596930974203055,3.2803898047472018,0.33454178762075315,0.8349600223009475,10.359999768435955
21:06:03.759874,172,-0.6081980240742407,3.3423070399457275,0.3408562513829175,0.8349600223009475,64.7599985525012
21:06:03.759874,172,-0.6194650739454264,3.4042242751442537,0.3471707151450818,0.7655200204462744,129.2399971112609
21:06:03.759874,172,-0.6323465598329899,3.475013523485695,0.24765014294675136,0.7655200204462744,143.11999680101871
21:06:03.759874,172,-0.6449322706263767,3.54417736177913,0.1081037854488655,0.8349600223009475,124.35999722033739
21:06:03.759874,172,-0.6565133927780428,3.607820557853145,-0.03667188971689065,0.6958000185841229,33.11999925971031
21:06:03.759874,172,-0.5747451018237686,3.3482218047328,0.3408562513829175,0.8349600223009475,56.639998733997345
21:06:03.759874,172,-0.5853924263285216,3.4102486127138647,0.3471707151450818,0.8349600223009475,104.23999767005444
21:06:03.759874,172,-0.5975653874777435,3.481163134331635,0.24765014294675136,0.8349600223009475,121.11999729275703
21:06:03.759874,172,-0.6094588421506356,3.5504493694696415,0.1081037854488655,0.8349600223009475,114.8799974322319
21:06:03.759874,172,-0.6204029639116764,3.6142051926992633,-0.03667188971689065,0.6958000185841229,33.11999925971031
21:06:03.759874,172,-0.5426200619724292,3.362386215930843,0.2388023725357469,0.8349600223009475,45.639998979866505
21:06:03.759874,172,-0.5526722605284097,3.4246754238557533,0.24322625774124915,0.8349600223009475,76.87999828159809
21:06:03.759874,172,-0.5627244590843901,3.4869646317806637,0.24765014294675136,0.8349600223009475,91.87999794632196
21:06:03.759874,172,-0.5740679984524109,3.5572557306247754,0.07207519657536907,0.8349600223009475,92.23999793827534
21:06:03.759874,172,-0.584230495268693,3.6202284100540965,-0.03667188971689065,0.6958000185841229,30.35999932140112
21:06:03.759874,172,-0.5089696301837409,3.367644208090772,0.2388023725357469,0.8349600223009475,35.51999920606613
21:06:03.759874,172,-0.51839844445016,3.430030821889334,0.24322625774124915,0.8349600223009475,55.75999875366688
21:06:03.759874,172,-0.5278272587165792,3.4924174356878965,0.24765014294675136,0.8349600223009475,67.35999849438667
21:06:03.759874,172,-0.5028882524382546,3.568560185993938,-0.036039400242599745,0.6263600167294499,69.35999844968319
21:06:03.759874,172,-0.5117139133613178,3.6311882192248253,-0.03667188971689065,0.6958000185841229,26.239999413490295
21:06:03.759874,172,-0.4415194471011522,3.377149415493515,0.2388023725357469,0.8349600223009475,27.519999384880066
21:06:03.759874,172,-0.4496987266000606,3.439712116095394,0.24322625774124915,0.8349600223009475,40.99999908357859
21:06:03.759874,172,-0.4587955666346299,3.509293168996435,0.1062065700133381,0.8349600223009475,49.75999888777733
21:06:03.759874,172,-0.4671781019310061,3.5734105580772044,-0.036039400242599745,0.6263600167294499,51.639998845756054
21:06:03.759874,172,-0.4753770516943624,3.6361237150689862,-0.03667188971689065,0.6958000185841229,22.11999950557947
21:06:03.759874,172,-0.40772644076905035,3.381395680223552,0.2388023725357469,0.8349600223009475,21.519999518990517
21:06:03.759874,172,-0.4152796947424391,3.4440370441465626,0.24322625774124915,0.8349600223009475,30.999999307096004
21:06:03.759874,172,-0.42368028102214284,3.5137055849062864,0.1062065700133381,0.8349600223009475,37.63999915868044
21:06:03.759874,172,-0.4314212340049667,3.5779035920984685,-0.036039400242599745,0.6263600167294499,38.87999913096428
21:06:03.759874,172,-0.4389926527205089,3.640695601587988,-0.03667188971689065,0.6958000185841229,18.519999586045742
21:06:03.759874,172,-0.37389266213446504,3.3853038082185027,0.2388023725357469,0.8349600223009475,17.11999961733818
21:06:03.759874,172,-0.38081913526326494,3.448017571378734,0.24322625774124915,0.8349600223009475,23.999999463558197
21:06:03.759874,172,-0.38852262773651325,3.517766633201433,0.1062065700133381,0.8349600223009475,29.11999934911728
21:06:03.759874,172,-0.3956212243169719,3.5820388387580935,-0.036039400242599745,0.6263600167294499,29.999999329447746
21:06:03.759874,172,-0.4025039696954032,3.6443566815517623,-0.07334011227553335,0.6958000185841229,15.639999650418758
21:06:03.759874,172,0.034572099180902795,0.21422862494083011,0.13007640944735455,-1.4613200390303973,5.119999885559082
21:06:03.809072,173,-0.8912426823498785,3.4903892743647895,0.1081037854488655,0.6263600167294499,28.11999937146902
21:06:03.809072,173,-0.9072468285853397,3.553066591634127,-0.03667188971689065,0.6263600167294499,26.119999416172504
21:06:03.809072,173,-0.922832499101633,3.6141050251396014,-0.03730187923278515,0.6263600167294499,9.999999776482582
21:06:03.809072,173,-0.8395844062887952,3.4308423433404474,0.24765014294675136,0.6263600167294499,22.99999948590994
21:06:03.809072,173,-0.856294810354216,3.4991270344477927,0.1081037854488655,0.6263600167294499,35.51999920606613
21:06:03.809072,173,-0.8716713936765521,3.561961256668956,-0.03667188971689065,0.6263600167294499,33.2399992570281
21:06:03.809072,173,-0.8866459107674576,3.6231524923824048,-0.03730187923278515,0.6263600167294499,11.999999731779099
21:06:03.809072,173,-0.788000302223938,3.3654608550940566,0.3817540507951949,0.7655200204462744,23.35999947786331
21:06:03.809072,173,-0.8052345765577913,3.4390665066056623,0.24765014294675136,0.6263600167294499,28.519999362528324
21:06:03.809072,173,-0.8214666950879456,3.50839206314962,0.07207519657536907,0.6263600167294499,44.99999899417162
21:06:03.809072,173,-0.836008792358684,3.5704997285623317,-0.03667188971689065,0.6263600167294499,43.119999036192894
21:06:03.809072,173,-0.850370658585038,3.6318376474114498,-0.03730187923278515,0.6263600167294499,14.51999967545271
21:06:03.809072,173,-0.7543068556475194,3.373172454974484,0.3817540507951949,0.7655200204462744,27.99999937415123
21:06:03.809072,173,-0.7708042240437579,3.4469467661014694,0.24765014294675136,0.6263600167294499,35.23999921232462
21:06:03.809072,173,-0.7863422869790421,3.5164311748729746,0.07207519657536907,0.6263600167294499,56.639998733997345
21:06:03.809072,173,-0.8002625908619888,3.578681153474219,-0.03667188971689065,0.6263600167294499,56.23999874293804
21:06:03.809072,173,-0.8140103700492014,3.6401596217185097,-0.03730187923278515,0.6263600167294499,17.639999605715275
21:06:03.809072,173,-0.7205379790174948,3.380546740435461,0.3817540507951949,0.7655200204462744,32.99999926239252
21:06:03.809072,173,-0.7362967917531005,3.4544823338085218,0.24765014294675136,0.6263600167294499,42.87999904155731
21:06:03.809072,173,-0.7512519340244357,3.52464734790958,-0.036039400242599745,0.6263600167294499,69.2399984523654
21:06:03.809072,173,-0.764436363776668,3.586504713268981,-0.03667188971689065,0.6263600167294499,71.99999839067459
21:06:03.809072,173,-0.7775686811583383,3.6481175831131276,-0.03730187923278515,0.6263600167294499,21.239999525249004
21:06:03.809072,173,-0.686697049193236,3.3875829740546193,0.3817540507951949,0.7655200204462744,37.35999916493893
21:06:03.809072,173,-0.701715730400138,3.461672456176361,0.24765014294675136,0.7655200204462744,50.23999887704849
21:06:03.809072,173,-0.7159684864894066,3.531983510982966,-0.036039400242599745,0.6263600167294499,78.87999823689461
21:06:03.809072,173,-0.7285336936954152,3.5939696255971927,-0.03667188971689065,0.6263600167294499,86.63999806344509
21:06:03.809072,173,-0.7410492360508072,3.6557107358058296,-0.03730187923278515,0.6263600167294499,24.639999449253082
21:06:03.809072,173,-0.6409143212019496,3.332544078784566,0.37481057309201843,0.7655200204462744,12.519999720156193
21:06:03.809072,173,-0.6527874502393732,3.394280452214492,0.3817540507951949,0.7655200204462744,39.99999910593033
21:06:03.809072,173,-0.6670644980620334,3.468516414198775,0.24765014294675136,0.7655200204462744,54.75999877601862
21:06:03.809072,173,-0.6806134427055676,3.5389664786643524,-0.036039400242599745,0.6263600167294499,81.1199981868267
21:06:03.809072,173,-0.6925581708551588,3.6010751439738753,-0.03667188971689065,0.6263600167294499,93.2399979159236
21:06:03.809072,173,-0.7044556866405226,3.6629383204877084,-0.03730187923278515,0.6263600167294499,26.75999940186739
21:06:03.809072,173,-0.6194650739454264,3.4042242751442537,0.3471707151450818,0.7655200204462744,39.87999910861254
21:06:03.809072,173,-0.6323465598329899,3.475013523485695,0.24765014294675136,0.6958000185841229,54.51999878138304
21:06:03.809072,173,-0.6451903381476765,3.545595552662822,-0.036039400242599745,0.6263600167294499,74.5199983343482
21:06:03.809072,173,-0.6564149149528292,3.607279380283568,-0.07334011227553335,0.6263600167294499,87.35999804735184
21:06:03.809072,173,-0.6676915226676097,3.669249139901228,-0.07460002830889857,0.6263600167294499,26.6399994045496
21:06:03.809072,173,-0.5853924263285216,3.4102486127138647,0.3471707151450818,0.7655200204462744,36.999999172985554
21:06:03.809072,173,-0.5975653874777435,3.481163134331635,0.24765014294675136,0.6958000185841229,49.51999889314175
21:06:03.809072,173,-0.6097027150965114,3.5518700700765273,-0.036039400242599745,0.6263600167294499,62.759998597204685
21:06:03.809072,173,-0.6203099026956918,3.613663057426521,-0.07334011227553335,0.6263600167294499,72.99999836832285
21:06:03.809072,173,-0.6309662593307258,3.6757424827773617,-0.07460002830889857,0.6263600167294499,24.23999945819378
21:06:03.809072,173,-0.6889816097023951,4.013715369379182,-0.910672240345426,0.20888000557897612,9.119999796152115
21:06:03.809072,173,-0.6994244773788093,4.07455109837828,-0.9244752643573715,1.3221600353135727,5.879999868571758
21:06:03.809072,173,-0.5512612399594267,3.415931928279313,0.3471707151450818,0.7655200204462744,32.51999927312136
21:06:03.809072,173,-0.5627244590843901,3.4869646317806637,0.24765014294675136,0.6958000185841229,41.999999061226845
21:06:03.809072,173,-0.5741541222846464,3.557789403458985,-0.036039400242599745,0.6263600167294499,50.23999887704849
21:06:03.809072,173,-0.584142859967981,3.6196853712912618,-0.07334011227553335,0.6263600167294499,57.2399987205863
21:06:03.809072,173,-0.5941778998965331,3.681868254484758,-0.07460002830889857,0.6263600167294499,20.75999953597784
21:06:03.809072,173,-0.6389766786627916,3.9594672722333066,-0.8968692163334806,0.20888000557897612,6.7599998489022255
21:06:03.809072,173,-0.51839844445016,3.430030821889334,0.24322625774124915,0.7655200204462744,27.519999384880066
21:06:03.809072,173,-0.5278272587165792,3.4924174356878965,0.24765014294675136,0.6958000185841229,34.35999923199415
21:06:03.809072,173,-0.5028882524382546,3.568560185993938,-0.036039400242599745,0.6263600167294499,39.519999116659164
21:06:03.809072,173,-0.5116371556380578,3.630643536476988,-0.07334011227553335,0.6263600167294499,43.99999901652336
21:06:03.809072,173,-0.5204266138983885,3.6930146709232488,-0.07460002830889857,0.6263600167294499,17.359999611973763
21:06:03.809072,173,-0.4496987266000606,3.439712116095394,0.24322625774124915,0.6958000185841229,22.879999488592148
21:06:03.809072,173,-0.45787800609896895,3.502274816697273,0.24765014294675136,0.6958000185841229,27.639999382197857
21:06:03.809072,173,-0.4671781019310061,3.5734105580772044,-0.036039400242599745,0.6263600167294499,31.119999304413795
21:06:03.809072,173,-0.47530574454553304,3.635578291990636,-0.07334011227553335,0.6263600167294499,33.87999924272299
21:06:03.809072,173,-0.4834710624012475,3.698034201022038,-0.07460002830889857,0.6263600167294499,14.359999679028988
21:06:03.809072,173,-0.42368028102214284,3.5137055849062864,0.1062065700133381,0.6958000185841229,22.11999950557947
21:06:03.809072,173,-0.4314212340049667,3.5779035920984685,-0.036039400242599745,0.6958000185841229,24.759999446570873
21:06:03.809072,173,-0.43892680327676536,3.6401494927209748,-0.07334011227553335,0.6263600167294499,26.519999407231808
21:06:03.809072,173,-0.44646716420291876,3.7026839307989414,-0.07460002830889857,0.6263600167294499,11.999999731779099
21:06:03.853679,174,-1.152659127458321,1.5002533991160318,-3.860870197296868,0.6263600167294499,14.119999684393406
21:06:03.853679,174,-1.091963735062794,3.529242252651009,-2.0731329167883663,0.41748001115047373,18.519999586045742
21:06:03.853679,174,-1.0947091384060248,1.2226523240951286,-3.9739697032970014,0.6263600167294499,17.23999961465597
21:06:03.853679,174,-1.0524542705945195,3.5395990823966907,-2.0759080209548686,0.41748001115047373,22.639999493956566
21:06:03.853679,174,-1.05030254084959,1.243372236087171,-3.979521586982513,0.6263600167294499,20.999999530613422
21:06:03.853679,174,-1.0128395615809325,3.5495737685531297,-2.0785807300552404,0.41748001115047373,27.759999379515648
21:06:03.853679,174,-1.0054758362994425,1.2632301918557167,-3.984842510194028,0.6263600167294499,25.119999438524246
21:06:03.853679,174,-0.8356744000033238,3.475928765471013,-0.8174908896191866,0.6958000185841229,17.359999611973763
21:06:03.853679,174,-0.9193753293999285,3.5150946052562744,-2.052508117894674,0.13916000371682458,20.359999544918537
21:06:03.853679,174,-0.933310265796896,3.9860634016663763,-1.089057515889266,0.41748001115047373,33.7599992454052
21:06:03.853679,174,-0.9602469548389186,2.271197682972989,-3.522114262290201,0.6263600167294499,28.879999354481697
21:06:03.853679,174,-0.9743731601868805,2.3046093014049096,-3.5739281306678854,0.6958000185841229,10.99999975413084
21:06:03.853679,174,-0.7640200085955274,3.416608544319117,0.5291230809499053,0.7655200204462744,5.999999865889549
21:06:03.853679,174,-0.7845734444549045,3.508521117003374,0.2520740281522536,0.6958000185841229,13.239999704062939
21:06:03.853679,174,-0.7999424965099785,3.57724972879193,0.1100010008843929,0.6958000185841229,19.63999956101179
21:06:03.853679,174,-0.8800645277956792,3.9355461262673654,-1.0727971705649824,0.13916000371682458,24.23999945819378
21:06:03.853679,174,-0.8934036318893952,3.9951970470644915,-1.089057515889266,0.41748001115047373,40.11999910324812
21:06:03.853679,174,-0.9146339874167508,2.289947116961749,-3.522114262290201,0.6263600167294499,31.119999304413795
21:06:03.853679,174,-0.7641305994371747,3.5850701592672265,0.1100010008843929,0.6958000185841229,21.359999522566795
21:06:03.853679,174,-0.840665720475969,3.9441498490142224,-1.0727971705649824,0.13916000371682458,28.359999366104603
21:06:03.853679,174,-0.8534076583671996,4.00393117610508,-1.089057515889266,0.41748001115047373,45.35999898612499
21:06:03.853679,174,-0.8686551786109273,2.30778060267689,-3.522114262290201,0.6263600167294499,30.999999307096004
21:06:03.853679,174,-0.7282422899446166,3.5925320857301712,0.1100010008843929,0.6958000185841229,22.11999950557947
21:06:03.853679,174,-0.8310502556145634,3.8990369898151553,-1.2332058542395377,0.13916000371682458,32.239999279379845
21:06:03.853679,174,-0.813326344794153,4.012264915382555,-1.089057515889266,0.41748001115047373,47.63999893516302
21:06:03.853679,174,-0.8455343253330886,2.3163516214303064,-3.522114262290201,0.6263600167294499,28.639999359846115
21:06:03.853679,174,-0.6922811568331857,3.5996347619943694,0.1100010008843929,0.6958000185841229,21.7599995136261
21:06:03.853679,174,-0.7529085116694981,3.9148771051412945,-1.2332058542395377,0.13916000371682458,35.11999921500683
21:06:03.853679,174,-0.7731636992680324,4.0201974315299704,-1.089057515889266,0.41748001115047373,45.87999897450209
21:06:03.853679,174,-0.799041281126138,2.332797925341068,-3.522114262290201,0.6263600167294499,24.759999446570873
21:06:03.853679,174,-0.6562507961860654,3.606377477798145,0.1100010008843929,0.6958000185841229,20.239999547600746
21:06:03.853679,174,-0.6676915226676097,3.669249139901228,0.07460002830889857,0.6263600167294499,17.999999597668648
21:06:03.853679,174,-0.7137227488591501,3.9222103223902716,-1.2332058542395377,0.13916000371682458,35.999999195337296
21:06:03.853679,174,-0.7329237380197423,4.0277279313023575,-1.089057515889266,0.41748001115047373,40.99999908357859
21:06:03.853679,174,-0.7522286310747656,2.3483111412269615,-3.522114262290201,0.6263600167294499,20.75999953597784
21:06:03.853679,174,-0.6201548110091339,3.6127595588755668,0.1100010008843929,0.6263600167294499,18.11999959498644
21:06:03.853679,174,-0.6719282244383146,3.9143695616384644,-1.0565368252406988,0.13916000371682458,12.759999714791775
21:06:03.853679,174,-0.6744656143718734,3.9291513218930407,-1.2332058542395377,0.13916000371682458,34.51999922841787
21:06:03.853679,174,-0.6926104850116941,4.0348556616560485,-1.089057515889266,0.41748001115047373,34.759999223053455
21:06:03.853679,174,-0.7051150996139945,2.3628850640087506,-3.522114262290201,0.6263600167294499,16.99999962002039
21:06:03.853679,174,-0.5839968108706678,3.618780367023874,0.1100010008843929,0.6263600167294499,15.75999964773655
21:06:03.853679,174,-0.6351410338882276,3.9356994095554674,-1.2332058542395377,0.13916000371682458,31.359999299049377
21:06:03.853679,174,-0.644767842034269,3.9953526536614787,-1.2518975077934917,0.41748001115047373,28.639999359846115
21:06:03.853679,174,-0.6577195315273949,2.376513864311899,-3.522114262290201,0.6263600167294499,13.999999687075615
21:06:03.853679,174,-0.5293303511721751,3.756196744053275,-0.03793436870707606,0.5566400148672983,6.239999860525131
21:06:03.853679,174,-0.5957529398333145,3.94185393057427,-1.2332058542395377,0.13916000371682458,27.239999391138554
21:06:03.853679,174,-0.6047827441574116,4.001600458517913,-1.2518975077934917,0.41748001115047373,23.35999947786331
21:06:03.853679,174,-0.5563052709835405,3.9476142695025045,-1.2332058542395377,0.13916000371682458,23.11999948322773
21:06:03.853679,174,-0.5647371685128262,4.007448106681041,-1.2518975077934917,0.41748001115047373,19.119999572634697
21:06:03.853679,174,-0.5168019720727413,3.952979850311103,-1.2332058542395377,0.13916000371682458,19.35999956727028
21:06:03.917906,175,-0.8515025960451126,3.463381161238797,1.481587524478841,0.6263600167294499,20.75999953597784
21:06:03.917906,175,-0.8664464193525081,3.524163308422025,1.4724894143021725,0.6263600167294499,20.239999547600746
21:06:03.917906,175,-0.9579707834025939,3.6870934767936787,0.6355230023945022,0.5566400148672983,6.9999998435378075
21:06:03.917906,175,-0.9720179712462569,3.7304792446165114,0.5756572266382078,0.5566400148672983,10.519999764859676
21:06:03.917906,175,-0.8166651586527887,3.471437859782207,1.4794287386104732,0.6263600167294499,26.239999413490295
21:06:03.917906,175,-0.830997586867214,3.532361401577775,1.470292741861614,0.6958000185841229,25.999999418854713
21:06:03.917906,175,-0.8452733651677483,3.593044138860316,1.4611928557718417,0.6958000185841229,21.7599995136261
21:06:03.917906,175,-0.9187774241040213,3.6961575499405095,0.6330942913146722,0.5566400148672983,7.759999826550484
21:06:03.917906,175,-0.932249900808441,3.7396762286415526,0.5731929021958964,0.5566400148672983,12.23999972641468
21:06:03.917906,175,-0.9602469548389186,1.282218248483583,-1.9899303446333008,0.6263600167294499,15.239999659359455
21:06:03.917906,175,-0.7680264555381608,3.418098633491275,1.4865325241447223,0.6263600167294499,19.879999555647373
21:06:03.917906,175,-0.7817460554288023,3.4791576573049654,1.4773602250985183,0.6263600167294499,33.87999924272299
21:06:03.917906,175,-0.7954656553194437,3.5402166811186557,1.4681879260523143,0.6958000185841229,34.35999923199415
21:06:03.917906,175,-0.8120574614811065,3.5752155916407062,1.3121318899135976,0.6958000185841229,27.87999937683344
21:06:03.917906,175,-0.879492187832791,3.704842597425901,0.6307671398547356,0.5566400148672983,8.51999980956316
21:06:03.917906,175,-0.8893013388999579,3.703454670156026,0.45610450428194893,0.5566400148672983,13.999999687075615
21:06:03.917906,175,-0.8975446883172874,3.694225616659813,0.2792323573700082,0.5566400148672983,13.35999970138073
21:06:03.917906,175,-0.8934036318893952,3.5771951825492314,-0.08598186562930143,0.3480400092958007,16.759999625384808
21:06:03.917906,175,-0.9146339874167508,1.300328811001628,-1.9947830552344845,0.6263600167294499,17.999999597668648
21:06:03.917906,175,-0.7344169617123335,3.419743324345475,1.4496373237705757,0.6263600167294499,23.35999947786331
21:06:03.917906,175,-0.7467487782542204,3.486539781833787,1.4753821907925946,0.6263600167294499,44.11999901384115
21:06:03.917906,175,-0.7598541778725831,3.547728361523295,1.4661751773540905,0.6958000185841229,46.35999896377325
21:06:03.917906,175,-0.7757032005753028,3.5828839505196317,1.3100771593447176,0.6958000185841229,36.11999919265509
21:06:03.917906,175,-0.7904368202235795,3.611577725344516,1.1500826016206869,0.6263600167294499,16.119999639689922
21:06:03.917906,175,-0.8393188549230975,3.6990957682670613,0.5906036177067557,0.5566400148672983,9.119999796152115
21:06:03.917906,175,-0.8494890171964132,3.711852452507235,0.45385432528273006,0.5566400148672983,15.639999650418758
21:06:03.917906,175,-0.8573633276113688,3.70270124197743,0.2769613204108041,0.5566400148672983,15.639999650418758
21:06:03.917906,175,-0.8534076583671996,3.585631703359678,-0.08824242456738896,0.3480400092958007,20.119999550282955
21:06:03.917906,175,-0.8916891670986651,1.3090527544341324,-1.9971206288320391,0.6263600167294499,20.87999953329563
21:06:03.917906,175,-0.6999241888304075,3.4266707177241003,1.4477811343091203,0.6958000185841229,26.99999939650297
21:06:03.917906,175,-0.7124272474884668,3.4878828685102476,1.4379166018640315,0.6958000185841229,57.2399987205863
21:06:03.917906,175,-0.724166715644542,3.554895691629946,1.4642546970401262,0.6958000185841229,63.35999858379364
21:06:03.917906,175,-0.7392713699993264,3.5902007766491852,1.3081166216921447,0.6958000185841229,46.879998952150345
21:06:03.917906,175,-0.7533130075410465,3.61903352644948,1.148084825735685,0.6263600167294499,18.519999586045742
21:06:03.917906,175,-0.7998992388906995,3.7070126495229,0.5884822957676807,0.5566400148672983,9.239999793469906
21:06:03.917906,175,-0.8095917473028517,3.7198652638933187,0.4517072989427262,0.5566400148672983,16.639999628067017
21:06:03.917906,175,-0.8156527988368851,3.693274769584423,0.23694508243922963,0.5566400148672983,17.999999597668648
21:06:03.917906,175,-0.813326344794153,3.5936814773573498,-0.0903993550093185,0.3480400092958007,23.879999466240406
21:06:03.917906,175,-0.8455343253330886,1.3258336037981726,-2.0016170438674417,0.6263600167294499,23.519999474287033
21:06:03.917906,175,-0.6653614241159953,3.4332645956948182,1.446014310031877,0.6958000185841229,30.35999932140112
21:06:03.917906,175,-0.677247072658066,3.4945945358706845,1.4361182160149362,0.6958000185841229,71.63999839872122
21:06:03.917906,175,-0.6908966406885524,3.536412998344512,1.3179671730148368,0.6263600167294499,84.87999810278416
21:06:03.917906,175,-0.7027656129057122,3.5971653383528843,1.306250473008002,0.6958000185841229,59.51999866962433
21:06:03.917906,175,-0.7161138641888855,3.6261303722575673,1.1461832316325997,0.6263600167294499,20.63999953866005
21:06:03.917906,175,-0.7603996336045683,3.71454837704066,0.5864631036649157,0.5566400148672983,8.999999798834324
21:06:03.917906,175,-0.7685688833003397,3.711705632390409,0.41173370083225347,0.5566400148672983,16.759999625384808
21:06:03.917906,175,-0.7753752713207132,3.7009589089638495,0.2348861234979842,0.5566400148672983,19.999999552965164
21:06:03.917906,175,-0.7731636992680324,3.601343699571594,-0.09245244126385277,0.3480400092958007,27.639999382197857
21:06:03.917906,175,-0.8004226561503566,1.0393589975401036,-2.094479020803621,0.6263600167294499,25.63999942690134
21:06:03.917906,175,-0.8040850098980719,3.792097946272149,-0.001756686845233446,0.6263600167294499,11.359999746084213
21:06:03.917906,175,-0.6323465598329899,3.420701882555588,1.339811987089533,0.6263600167294499,32.63999927043915
21:06:03.917906,175,-0.6436424490964049,3.481807409370991,1.3280187535043924,0.6263600167294499,82.23999816179276
21:06:03.917906,175,-0.6549383383598198,3.5429129361863954,1.3162255199192516,0.6263600167294499,103.99999767541885
21:06:03.917906,175,-0.6666233587123473,3.5964453433635732,1.2679067175903602,0.6958000185841229,70.35999842733145
21:06:03.917906,175,-0.6788431100502663,3.6328675530901435,1.1443780094692484,0.6263600167294499,22.239999502897263
21:06:03.917906,175,-0.7183302589206839,3.677254408305697,0.4716134451071454,0.5566400148672983,8.359999813139439
21:06:03.917906,175,-0.7285680631507043,3.7189363086948686,0.40979624695574257,0.5566400148672983,15.75999964773655
21:06:03.917906,175,-0.7350202069270194,3.7082536195919027,0.23293151167617854,0.5566400148672983,21.119999527931213
21:06:03.917906,175,-0.7329237380197423,3.6086176037866062,-0.0944014780240865,0.3480400092958007,30.35999932140112
21:06:03.917906,175,-0.7589918724161471,1.054422286986725,-2.0985152170461996,0.6263600167294499,26.359999410808086
21:06:03.917906,175,-0.5975653874777435,3.426641950493308,1.3382203506826347,0.6263600167294499,33.11999925971031
21:06:03.917906,175,-0.6082399651118513,3.4878535873975527,1.3263986849848806,0.6263600167294499,82.75999815016985
21:06:03.917906,175,-0.6189145427459591,3.549065224301797,1.3145770192871262,0.6958000185841229,107.51999759674072
21:06:03.917906,175,-0.6308085033108791,3.5785663385592468,1.1569638341013235,0.6263600167294499,73.87999834865332
21:06:03.917906,175,-0.6416649030952639,3.630331960353344,1.1057966524271543,0.6263600167294499,22.639999493956566
21:06:03.917906,175,-0.6788196959943863,3.6840021805096552,0.46980538499438573,0.5566400148672983,7.639999829232693
21:06:03.917906,175,-0.6852743062893806,3.6761339081941418,0.29515828267457644,0.5566400148672983,14.239999681711197
21:06:03.917906,175,-0.6904878318523525,3.660279448503192,0.11864103181675412,0.13916000371682458,21.119999527931213
21:06:03.917906,175,-0.6926104850116941,3.615502462618061,-0.09624627038797717,0.3480400092958007,31.359999299049377
21:06:03.917906,175,-0.7172575020662989,1.0686822359713382,-2.1023361588607354,0.6263600167294499,25.75999942421913
21:06:03.917906,175,-0.5627244590843901,3.4322457667104755,1.3367188126527125,0.6958000185841229,31.63999929279089
21:06:03.917906,175,-0.5727766576403706,3.493557507088768,1.3248703243099276,0.6263600167294499,72.87999837100506
21:06:03.917906,175,-0.5828288561963509,3.55486924746706,1.3130218359671426,0.6958000185841229,92.11999794095755
21:06:03.917906,175,-0.5940293418093417,3.5844819002615416,1.1553787641204172,0.6263600167294499,67.75999848544598
21:06:03.917906,175,-0.6042527614121034,3.6363493306115666,1.1041843029259044,0.6263600167294499,21.7599995136261
21:06:03.917906,175,-0.6392412516672052,3.690367978965624,0.46809967443892964,0.5566400148672983,6.7599998489022255
21:06:03.917906,175,-0.6453195272215878,3.682560236343771,0.293436353236586,0.5566400148672983,12.359999723732471
21:06:03.917906,175,-0.6502290792368562,3.6667546677695273,0.1169060020435253,0.13916000371682458,19.999999552965164
21:06:03.917906,175,-0.6522279715354147,3.621997587585842,-0.09798663387783346,0.3480400092958007,30.119999326765537
21:06:03.917906,175,-0.6752362382917546,1.082133140704734,-2.105940317921517,0.6263600167294499,23.879999466240406
21:06:03.917906,175,-0.5278272587165792,3.4375127708301614,1.3353075231523113,0.6958000185841229,28.879999354481697
21:06:03.917906,175,-0.5372560729829984,3.498918598057446,1.3234338243143204,0.6958000185841229,58.51999869197607
21:06:03.917906,175,-0.5470408525201508,3.5531279896292314,1.2756025710651029,0.6958000185841229,70.11999843269587
21:06:03.917906,175,-0.520296495322289,3.5952458198705197,1.152494580553798,0.6263600167294499,55.75999875366688
21:06:03.917906,175,-0.5292509509613395,3.6472985004413467,1.1012504817122237,0.6263600167294499,19.999999552965164
21:06:03.917906,175,-0.599598883750414,3.6963511670990887,0.466496484010404,0.5566400148672983,5.879999868571758
21:06:03.917906,175,-0.6042309302319304,3.6712920484257414,0.2545584097182716,0.5566400148672983,10.639999762177467
21:06:03.917906,175,-0.6085748638995528,3.653785865615993,0.07817374940163835,0.13916000371682458,17.999999597668648
21:06:03.917906,175,-0.6117802358084184,3.628102329182894,-0.09962239445876442,0.3480400092958007,27.359999388456345
21:06:03.917906,175,-0.6329448890369969,1.0947696210046034,-2.109326252613039,0.6263600167294499,21.239999525249004
21:06:03.917906,175,-0.45787800609896895,3.4470342697266894,1.3327562452122528,0.6958000185841229,25.359999433159828
21:06:03.917906,175,-0.4660572855978773,3.508610183744966,1.3208369717559723,0.6958000185841229,45.11999899148941
21:06:03.917906,175,-0.47518690722046075,3.539291314546773,1.1655311665255859,0.6263600167294499,51.23999885469675
21:06:03.917906,175,-0.48335018355964926,3.6000931013942603,1.1511957553840253,0.6263600167294499,43.359999030828476
21:06:03.917906,175,-0.49174254430501435,3.623320751005173,0.9898615825079056,0.5566400148672983,17.639999605715275
21:06:03.917906,175,-0.5682781937595403,3.659469676664821,0.07665077682117372,0.13916000371682458,15.75999964773655
21:06:03.917906,175,-0.5712713225703917,3.633816076940173,-0.10115338855608202,0.3480400092958007,23.639999471604824
21:06:03.917906,175,-0.5690384864502677,1.112186328665248,-2.1139930453655174,0.6263600167294499,18.35999958962202
21:06:03.917906,175,-0.43038620268921646,3.5129397093133585,1.3196768788763116,0.6958000185841229,34.51999922841787
21:06:03.917906,175,-0.4388170615204274,3.543705651427994,1.164348348523144,0.6263600167294499,37.51999916136265
21:06:03.917906,175,-0.44646716420291876,3.5958259434357527,1.1137329746996307,0.6263600167294499,33.2399992570281
21:06:03.917906,175,-0.5279246962762557,3.6647639740773936,0.07523217410498484,0.13916000371682458,13.519999697804451
21:06:03.917906,175,-0.5307052826787194,3.6391382594876895,-0.10257946307166055,0.3480400092958007,19.999999552965164
21:06:03.917906,175,-0.39492906604270916,3.5098638753077607,1.283268639254873,0.6958000185841229,26.75999940186739
21:06:03.917906,175,-0.40240333448188326,3.5477684677245396,1.1632597201774884,0.6263600167294499,28.11999937146902
21:06:03.917906,175,-0.40948004217768713,3.5715344266326094,1.0043924875896035,0.5566400148672983,25.63999942690134
21:06:03.917906,175,-0.49008617270340465,3.644068344611648,-0.10390047539924163,0.3480400092958007,16.759999625384808
21:06:03.917906,175,-0.35915219761003336,3.513505838414514,1.2822927781815545,0.6958000185841229,20.999999530613422
21:06:03.917906,175,-0.3659493674470248,3.5514793571581853,1.162265390350542,0.6263600167294499,21.639999516308308
21:06:03.917906,175,-0.3723849918143559,3.5753105761611974,1.0033806713729194,0.5566400148672983,19.999999552965164
21:06:03.917906,175,0.14248605073807805,0.1721944473056781,2.1185571749945433,0.904680024163099,4.999999888241291
21:06:03.959001,176,-0.7203890651444457,3.553790910628666,0.548027005186342,0.7655200204462744,26.87999939918518
21:06:03.959001,176,-0.7407528262501618,3.6542485003190324,0.11189071744468106,0.6958000185841229,25.239999435842037
21:06:03.959001,176,-0.7041739137710795,3.661473194063534,0.11189071744468106,0.7655200204462744,26.99999939650297
21:06:03.959001,176,-0.6300677550421809,3.4624905211188652,0.38869752849837136,0.6958000185841229,8.999999798834324
21:06:03.959001,176,-0.6379774450524612,3.505957634721196,0.5385750430681236,0.7655200204462744,24.639999449253082
21:06:03.959001,176,-0.6525781189517582,3.5861945530108477,0.40258448390472423,0.7655200204462744,28.759999357163906
21:06:03.959001,176,-0.6675245844905776,3.668331743556215,0.11189071744468106,0.7655200204462744,27.759999379515648
21:06:03.959001,176,-0.6791147468821339,3.732024619596674,-0.03793436870707606,0.6958000185841229,21.99999950826168
21:06:03.959001,176,-0.6904378015125003,3.794249624786997,-0.038566858181366966,0.6958000185841229,6.7599998489022255
21:06:03.959001,176,-0.616684143286708,3.5925409170666414,0.40258448390472423,0.7655200204462744,27.759999379515648
21:06:03.959001,176,-0.5807284997239874,3.598528030040563,0.40258448390472423,0.7655200204462744,25.75999942421913
21:06:03.959001,176,-0.6085748638995528,4.0266913663612725,-0.910672240345426,0.3480400092958007,9.759999781847
21:06:03.959001,176,-0.535926430529664,4.09926141078024,-0.9244752643573715,0.3480400092958007,13.639999695122242
21:06:03.959001,176,-0.5439281647830725,4.160466081003161,-0.9382782883693168,0.3480400092958007,10.639999762177467
21:06:03.959001,176,0.02197110339013971,0.09383611680611519,-0.23392532970821642,-3.618160096637439,5.759999871253967
21:06:04.010717,177,-0.859430961870069,3.948863599987975,0.356392972434425,0.6263600167294499,6.6399998515844345
21:06:04.010717,177,-0.7924275972853727,3.737121109391348,0.027264254176590175,0.4872000130126253,9.119999796152115
21:06:04.010717,177,-0.7329237380197423,3.6086176037866062,-0.0944014780240865,0.4872000130126253,5.519999876618385
21:06:04.010717,177,-0.6028865552071999,3.5318814663467806,1.611209126781694,0.7655200204462744,10.239999771118164
21:06:04.010717,177,-0.6134671807945626,3.5938657900833046,1.6043858685322328,0.7655200204462744,17.999999597668648
21:06:04.010717,177,-0.6240059857274298,3.655605116492807,1.597589579682967,0.7655200204462744,14.879999667406082
21:06:04.010717,177,-0.6041016843787247,3.6452602610125746,1.1410573933893984,0.4872000130126253,9.359999790787697
21:06:04.010717,177,-0.5756252502015919,3.629010472231804,0.8280526721452361,0.6263600167294499,7.35999983549118
21:06:04.068078,178,-0.6765337083142202,3.5002880929253837,1.4716983419383094,0.7655200204462744,5.519999876618385
21:06:04.068078,178,-0.7492275661786174,3.6703338838737984,0.6458990788416987,0.3480400092958007,5.639999873936176
21:06:04.068078,178,-0.7102333813019597,3.6773825975637835,0.644010381700789,0.3480400092958007,6.7599998489022255
21:06:04.068078,178,-0.7701574116486907,1.0699339068615732,-2.158808527309758,0.6958000185841229,5.519999876618385
21:06:04.068078,178,-0.616684143286708,3.5743245854921946,1.4590487406199066,0.6958000185841229,17.759999603033066
21:06:04.068078,178,-0.6705289380799667,3.6701944025166786,0.6048849292447585,0.3480400092958007,7.879999823868275
21:06:04.068078,178,-0.5913277470477789,3.635737386087163,1.4113476923418489,0.6958000185841229,22.879999488592148
21:06:04.068078,178,-0.6028935212982091,3.6772503893288677,1.289371691251307,0.7655200204462744,16.99999962002039
21:06:04.068078,178,-0.6143276229276735,3.6969791171309243,1.0892481376853782,0.7655200204462744,12.639999717473984
21:06:04.068078,178,-0.6219997567928109,3.631749337890175,0.662123133837172,0.3480400092958007,13.519999697804451
21:06:04.068078,178,-0.6314338847069406,3.676482452353622,0.6032000513689828,0.3480400092958007,8.999999798834324
21:06:04.068078,178,-0.5546567217553136,3.6412721120609595,1.4098646669868424,0.6958000185841229,22.11999950557947
21:06:04.068078,178,-0.5902266782895926,3.6385742706900888,0.4904663585652891,0.3480400092958007,9.879999779164791
21:06:04.068078,178,-0.599598883750414,3.6963511670990887,0.466496484010404,0.3480400092958007,6.8799998462200165
21:06:04.068078,178,-0.5179302312553646,3.6464523523081804,1.4084766257960006,0.6958000185841229,20.51999954134226
21:06:04.068078,178,-0.5447951317773212,3.64302008650089,0.6591031458488368,0.3480400092958007,14.6399996727705
21:06:04.068078,178,-0.551144929808445,3.644086718072288,0.4889893027409098,0.3480400092958007,10.239999771118164
21:06:04.068078,178,-0.512008067296066,3.649221395432567,0.4876134700888286,0.3480400092958007,10.119999773800373
21:06:04.068078,178,-0.4728200044059182,3.6539777893074907,0.48633899819115833,0.3480400092958007,9.359999790787697
21:06:04.068078,178,-0.43358465991145884,3.6583554240616576,0.4851660144940211,0.3480400092958007,8.759999804198742
21:06:04.068078,178,-0.3545059814040943,3.6505997229182627,0.4463818867258156,0.3480400092958007,8.119999818503857
21:06:04.068078,178,-0.0034146438475649112,0.11657200172027027,1.7754820392421746,2.922360078053316,6.239999860525131
21:06:04.127390,179,-0.8551216184192776,3.652128463672727,0.5668935698887145,0.8349600223009475,17.879999600350857
21:06:04.127390,179,-0.8185581875611475,3.6604969322529324,0.5668935698887145,0.8349600223009475,21.87999951094389
21:06:04.127390,179,-0.836570227323816,3.741044677418502,0.4233874724383517,0.8349600223009475,21.639999516308308
21:06:04.127390,179,-0.768875866899085,3.607333522085005,0.5574416077704961,0.8349600223009475,20.75999953597784
21:06:04.127390,179,-0.78191290157005,3.6684993542066797,0.5668935698887145,0.8349600223009475,26.75999940186739
21:06:04.127390,179,-0.79911857672918,3.749223189410342,0.4233874724383517,0.8349600223009475,24.879999443888664
21:06:04.127390,179,-0.7327646902324817,3.61484178727182,0.5574416077704961,0.8349600223009475,24.23999945819378
21:06:04.127390,179,-0.7451894249438828,3.6761349292984784,0.5668935698887145,0.8349600223009475,32.119999282062054
21:06:04.127390,179,-0.7615870149463733,3.7570267822243433,0.4233874724383517,0.8349600223009475,27.759999379515648
21:06:04.127390,179,-0.6965802377107658,3.621988571308424,0.5574416077704961,0.8349600223009475,27.759999379515648
21:06:04.127390,179,-0.7083914299995416,3.6834028939772154,0.5668935698887145,0.8349600223009475,36.999999172985554
21:06:04.127390,179,-0.7239792951001301,3.7644546755077615,0.4233874724383517,0.8349600223009475,29.879999332129955
21:06:04.127390,179,-0.6603261277488744,3.628773159522403,0.5574416077704961,0.8349600223009475,30.23999932408333
21:06:04.127390,179,-0.6725039108369602,3.6956952614285945,0.5293568187913669,0.8349600223009475,40.23999910056591
21:06:04.127390,179,-0.6862991779309274,3.7715061264774925,0.4233874724383517,0.8349600223009475,30.51999931782484
21:06:04.127390,179,-0.701480161169644,3.85493209161326,0.11758236375126324,0.904680024163099,19.759999558329582
21:06:04.127390,179,-0.6134671807945626,3.573800254593782,0.548027005186342,0.8349600223009475,9.63999978452921
21:06:04.127390,179,-0.6249178627361532,3.6405070831239184,0.5205307165668898,0.8349600223009475,31.359999299049377
21:06:04.127390,179,-0.6379143220555256,3.716218956682065,0.41644399473517524,0.8349600223009475,40.51999909430742
21:06:04.127390,179,-0.6485504314189136,3.778180429994347,0.4233874724383517,0.8349600223009475,29.639999337494373
21:06:04.127390,179,-0.5884821538353785,3.6465741336300046,0.5205307165668898,0.8349600223009475,30.35999932140112
21:06:04.127390,179,-0.6007208572371522,3.7224121840504125,0.41644399473517524,0.8349600223009475,37.63999915868044
21:06:04.127390,179,-0.6113808158773597,3.7884674232613205,0.3850325393632765,0.8349600223009475,27.519999384880066
21:06:04.127390,179,-0.6338111725300001,3.927458823161096,-0.19907953100713394,0.6958000185841229,10.239999771118164
21:06:04.127390,179,-0.6521080358365445,4.040836719203248,-0.3693783768771106,0.6958000185841229,6.6399998515844345
21:06:04.127390,179,-0.5540724854487294,3.6660713838864316,0.4095005170319988,0.6958000185841229,27.99999937415123
21:06:04.127390,179,-0.5634673208363395,3.728233173318994,0.41644399473517524,0.6958000185841229,32.87999926507473
21:06:04.127390,179,-0.5734662051148866,3.7943917076029807,0.3850325393632765,0.8349600223009475,24.639999449253082
21:06:04.127390,179,-0.6039456990836174,3.996062073067182,-0.20224071354305342,0.6958000185841229,8.119999818503857
21:06:04.127390,179,-0.517384680045926,3.671428714238652,0.4095005170319988,0.6958000185841229,24.639999449253082
21:06:04.127390,179,-0.5261574381755165,3.7336813423937607,0.41644399473517524,0.6958000185841229,27.759999379515648
21:06:04.127390,179,-0.5768915644174102,4.093697274561994,-0.9244752643573715,0.13916000371682458,4.999999888241291
21:06:04.127390,179,-0.5861388594434633,2.395173139225974,-3.522114262290201,0.6958000185841229,7.35999983549118
21:06:04.127390,179,-0.5947615557708965,2.4304085621951663,-3.5739281306678854,0.6958000185841229,5.119999885559082
21:06:04.127390,179,-0.48064513660858327,3.676418904795375,0.4095005170319988,0.6958000185841229,21.119999527931213
21:06:04.127390,179,-0.48879494021169106,3.73875614646237,0.41644399473517524,0.6958000185841229,22.879999488592148
21:06:04.127390,179,-0.41436350945944705,3.7517354808513796,0.3787180756011122,0.6958000185841229,18.879999577999115
21:06:04.183296,180,-0.79911857672918,3.7310522484981843,1.438590528396043,0.974120026017772,14.759999670088291
21:06:04.183296,180,-0.7615870149463733,3.738589940335072,1.4365708099555543,0.7655200204462744,17.519999608397484
21:06:04.183296,180,-0.7768765552971945,3.772826766159053,1.2729219642204161,0.974120026017772,17.999999597668648
21:06:04.183296,180,-0.7909935514137006,3.8000567534545646,1.1054722240969204,0.904680024163099,15.639999650418758
21:06:04.183296,180,-0.7239792951001301,3.745764734292445,1.4346483297088166,0.7655200204462744,20.51999954134226
21:06:04.183296,180,-0.7385138268454906,3.7801456005209584,1.2709608884636063,0.974120026017772,21.519999518990517
21:06:04.183296,180,-0.7519337154423034,3.8075085818623844,1.1034755126929094,0.904680024163099,18.759999580681324
21:06:04.183296,180,-0.7641793273884792,3.8276156047846155,0.9325017362714956,0.8349600223009475,9.519999787211418
21:06:04.183296,180,-0.6715225965056913,3.711281364724007,1.5924565651709524,0.7655200204462744,19.119999572634697
21:06:04.183296,180,-0.6862991779309274,3.752575912896919,1.4328232799022436,0.7655200204462744,23.35999947786331
21:06:04.183296,180,-0.70007724762983,3.787093519626605,1.2690991991501717,0.974120026017772,25.239999435842037
21:06:04.183296,180,-0.7127986867293327,3.8145827549351035,1.1015799937309567,0.904680024163099,22.239999502897263
21:06:04.183296,180,-0.7235378219572424,3.7883206099837823,0.7755475584444054,0.8349600223009475,10.639999762177467
21:06:04.183296,180,-0.6485504314189136,3.759022795036341,1.4310958430392868,0.7655200204462744,25.239999435842037
21:06:04.183296,180,-0.6615706612759314,3.7936698286899015,1.2673370824474839,0.974120026017772,28.359999366104603
21:06:04.183296,180,-0.6735923787448722,3.8212785652613412,1.0997858567613692,0.904680024163099,25.75999942421913
21:06:04.183296,180,-0.6837408256745695,3.795117300423708,0.7737263907298231,0.8349600223009475,11.639999739825726
21:06:04.183296,180,-0.6924831235273821,3.8010524575065774,0.5991024284833673,0.5566400148672983,7.879999823868275
21:06:04.183296,180,-0.5876234436302054,3.6614568859153778,1.5960216027918963,0.7655200204462744,10.119999773800373
21:06:04.183296,180,-0.5984604384624377,3.7190521073199445,1.5515134966667146,0.7655200204462744,20.87999953329563
21:06:04.183296,180,-0.6107368304071139,3.7651047360278973,1.4294661918621856,0.7655200204462744,25.879999421536922
21:06:04.183296,180,-0.6229979184101699,3.799873870085452,1.2656747145657368,0.904680024163099,30.119999326765537
21:06:04.183296,180,-0.6343187120868736,3.8275953432656755,1.0980932811963413,0.904680024163099,28.239999368786812
21:06:04.183296,180,-0.643875455882168,3.8015292479821623,0.7720083145596246,0.8349600223009475,12.23999972641468
21:06:04.183296,180,-0.5634673208363395,3.708980345592502,1.4373162598797318,0.7655200204462744,20.239999547600746
21:06:04.183296,180,-0.5728621562239494,3.770821127682584,1.4279344893346924,0.7655200204462744,24.639999449253082
21:06:04.183296,180,-0.5847433749755241,3.7980126032712755,1.2256764819892845,0.904680024163099,29.639999337494373
21:06:04.183296,180,-0.5558073339413646,3.7993803098955268,0.9407221620221753,0.904680024163099,28.999999351799488
21:06:04.183296,180,-0.6036132823567496,3.7949740579446254,0.731935841389797,0.8349600223009475,12.359999723732471
21:06:04.183296,180,-0.5261574381755165,3.7142428728078083,1.4359061699622435,0.7655200204462744,18.879999577999115
21:06:04.183296,180,-0.534930196305107,3.7761713983660252,1.4265008886257764,0.7655200204462744,22.239999502897263
21:06:04.183296,180,-0.5079371944383956,3.783222292732525,1.1080188623028964,0.904680024163099,27.119999393820763
21:06:04.183296,180,-0.5163393935950833,3.804558423999303,0.9393346905297522,0.904680024163099,27.639999382197857
21:06:04.183296,180,-0.5623758930451352,3.7605818316392483,0.6158318570605399,0.5566400148672983,11.999999731779099
21:06:04.183296,180,-0.48879494021169106,3.719144757121035,1.4345927140191237,0.7655200204462744,16.99999962002039
21:06:04.183296,180,-0.4974687423336346,3.775099481439489,1.3870801592867468,0.7655200204462744,19.239999569952488
21:06:04.183296,180,-0.46906070793103155,3.787940869479238,1.1067545234741902,0.904680024163099,23.519999474287033
21:06:04.183296,180,-0.47681981974203214,3.8093550545329724,0.9380494372518648,0.904680024163099,24.639999449253082
21:06:04.183296,180,-0.5224415185893393,3.7658211409566524,0.6144279883600448,0.5566400148672983,11.119999751448631
21:06:04.183296,180,-0.4223505966719186,3.7635678251349423,1.2708229470124688,0.7655200204462744,16.239999637007713
21:06:04.183296,180,-0.4301373157458538,3.792283698542558,1.1055908659338074,0.904680024163099,19.63999956101179
21:06:04.183296,180,-0.43725256430648674,3.8137697218375024,0.9368665307127642,0.904680024163099,20.999999530613422
21:06:04.183296,180,-0.44242003716359274,3.7751412983772603,0.611930659705862,0.5566400148672983,10.119999773800373
21:06:04.183296,180,-0.3911709101894709,3.796250345643217,1.1045280060465266,0.904680024163099,16.239999637007713
21:06:04.183296,180,-0.3976415839808413,3.8178019844498596,0.9357860892021128,0.904680024163099,17.519999608397484
21:06:04.183296,180,-0.3521653878697924,3.7998404141198265,1.1035660500974465,0.904680024163099,13.35999970138073
21:06:04.183296,180,-0.35799083982994223,3.821451439147162,0.9348082207631567,0.904680024163099,14.359999679028988
21:06:04.183296,180,-0.2027961535718455,0.027583967487634087,1.8512658381049112,3.1312400836322922,5.239999882876873
21:06:04.236774,181,-0.8253293759659055,3.8534294078772007,-0.579823498480965,0.904680024163099,17.23999961465597
21:06:04.236774,181,-0.7740769037634754,3.7999021368026145,-0.5726693264987948,0.904680024163099,18.11999959498644
21:06:04.236774,181,-0.7894116170631504,3.833702095995675,-0.73880958827016,0.904680024163099,20.87999953329563
21:06:04.236774,181,-0.8035537327045854,3.860397829122926,-0.9087319764493347,0.904680024163099,17.23999961465597
21:06:04.236774,181,-0.7366283365204269,3.801001825919279,-0.6133231390736543,0.904680024163099,20.87999953329563
21:06:04.236774,181,-0.7504298981587502,3.84113902124365,-0.7408023063845255,0.904680024163099,24.999999441206455
21:06:04.236774,181,-0.7638736658601093,3.8679679850639896,-0.9107603936203204,0.904680024163099,20.87999953329563
21:06:04.236774,181,-0.7751928619291643,3.8402420671035924,-1.2416374510420607,0.974120026017772,10.519999764859676
21:06:04.236774,181,-0.8357011986181999,1.0851686335521626,-4.274942743199779,0.6263600167294499,8.239999815821648
21:06:04.236774,181,-0.70007724762983,3.787093519626605,-0.7309008008498283,0.904680024163099,23.35999947786331
21:06:04.236774,181,-0.711373136893245,3.848199046442009,-0.7426940344349691,0.904680024163099,29.23999934643507
21:06:04.236774,181,-0.7244069654035995,3.834804984259854,-1.0694246521529753,0.904680024163099,24.999999441206455
21:06:04.236774,181,-0.7348472911871438,3.847535061628778,-1.2435916030354888,0.974120026017772,11.759999737143517
21:06:04.236774,181,-0.6615706612759314,3.7936698286899015,-0.7326629175525161,0.904680024163099,24.879999443888664
21:06:04.236774,181,-0.6722452389100393,3.8548814655941457,-0.7444845832502704,0.904680024163099,32.87999926507473
21:06:04.236774,181,-0.684562163329088,3.8416098391644056,-1.071248007529261,0.904680024163099,29.11999934911728
21:06:04.236774,181,-0.69442823633166,3.8544379897235475,-1.2454412370438925,0.974120026017772,12.759999714791775
21:06:04.236774,181,-0.730878736184479,3.9551427198608486,-1.6900448837586977,0.7655200204462744,6.6399998515844345
21:06:04.236774,181,-0.7366616237057665,3.9401776371303816,-1.8760583048527608,0.7655200204462744,10.87999975681305
21:06:04.236774,181,-0.6129457198541894,3.7385621297071605,-0.7224767970914783,0.8349600223009475,17.759999603033066
21:06:04.236774,181,-0.6229979184101699,3.799873870085452,-0.7343252854342632,0.904680024163099,24.999999441206455
21:06:04.236774,181,-0.6330501169661503,3.8611856104637443,-0.7461737737770482,0.904680024163099,34.759999223053455
21:06:04.236774,181,-0.6446489056117707,3.848029489018482,-1.0729681475233512,0.904680024163099,32.239999279379845
21:06:04.236774,181,-0.6539397392343358,3.860950161100875,-1.2471861681054206,0.974120026017772,13.519999697804451
21:06:04.236774,181,-0.5655052477416771,3.682893368959745,-0.7121403405836919,0.8349600223009475,9.879999779164791
21:06:04.236774,181,-0.5843628762745154,3.805705023414314,-0.735887738259674,0.8349600223009475,23.759999468922615
21:06:04.236774,181,-0.5937916905409346,3.8671108506415983,-0.7477614370976646,0.904680024163099,34.11999923735857
21:06:04.236774,181,-0.5646329948644278,3.859710644321157,-1.0760981036533657,0.904680024163099,33.359999254345894
21:06:04.236774,181,-0.6133858487109592,3.867070924549078,-1.2488262217284283,0.974120026017772,13.879999689757824
21:06:04.236774,181,-0.5069213539244393,3.8162463707769883,-0.7387122837726383,0.8349600223009475,21.519999518990517
21:06:04.236774,181,-0.5154360331036899,3.870012720465308,-0.7896893749638868,0.8349600223009475,31.239999301731586
21:06:04.236774,181,-0.5245383433584395,3.8649709816640123,-1.077507606796299,0.904680024163099,31.87999928742647
21:06:04.236774,181,-0.5711662736790423,3.819362704208427,-1.4058037873336082,0.974120026017772,13.639999695122242
21:06:04.236774,181,-0.46812261779737196,3.8209555106848954,-0.7399740940080073,0.8349600223009475,18.759999580681324
21:06:04.236774,181,-0.47662909818017385,3.952825749086483,0.11947957918679064,0.8349600223009475,27.119999393820763
21:06:04.236774,181,-0.48439123845757437,4.017199468764277,-0.040464326604239695,0.904680024163099,28.519999362528324
21:06:04.236774,181,-0.5306076933207803,4.058578785418938,-0.3693783768771106,0.974120026017772,12.879999712109566
21:06:04.236774,181,-0.4370776691185388,3.957394320892355,0.11947957918679064,0.8349600223009475,22.759999491274357
21:06:04.236774,181,-0.44419569483868665,4.021842442018487,-0.040464326604239695,0.8349600223009475,24.23999945819378
21:06:04.236774,181,-0.44933541275993455,4.068378542921456,-0.3693783768771106,0.974120026017772,11.879999734461308
21:06:04.236774,181,-0.39748253265617606,3.961567156581647,0.11947957918679064,0.8349600223009475,18.879999577999115
21:06:04.236774,181,-0.40347106595232063,4.02125273990418,-0.20224071354305342,0.974120026017772,20.239999547600746
21:06:04.236774,181,-0.40862983971731703,4.0726684048368655,-0.3693783768771106,0.974120026017772,10.759999759495258
21:06:04.236774,181,-0.3632390362732094,4.025086322276193,-0.20224071354305342,0.4872000130126253,16.639999628067017
21:06:04.295922,182,-0.8414671941901917,3.8866402803505635,1.2515856109613028,0.8349600223009475,19.999999552965164
21:06:04.295922,182,-0.856332601005366,3.9126615412507255,1.0792281460420767,0.8349600223009475,10.639999762177467
21:06:04.295922,182,-0.8035537327045854,3.860397829122926,1.0912680235506653,0.8349600223009475,24.639999449253082
21:06:04.295922,182,-0.8161139139954701,3.920738904791288,1.0770638230044105,0.8349600223009475,12.359999723732471
21:06:04.295922,182,-0.8290056864928673,3.9394629969814616,0.9012227152826366,1.3221600353135727,7.1199998408555984
21:06:04.295922,182,-0.7239792951001301,3.745764734292445,1.4346483297088166,0.7655200204462744,17.879999600350857
21:06:04.295922,182,-0.7358524241375536,3.8071945960786633,1.425376664927351,0.7655200204462744,18.519999586045742
21:06:04.295922,182,-0.7504298981587502,3.84113902124365,1.2591976936154745,0.974120026017772,22.99999948590994
21:06:04.295922,182,-0.7638736658601093,3.8679679850639896,1.0892396063796796,0.8349600223009475,30.119999326765537
21:06:04.295922,182,-0.7758136162779153,3.928427388265596,1.0750037000664496,0.8349600223009475,14.239999681711197
21:06:04.295922,182,-0.7880687836876618,3.9472729318586937,0.8991300495393426,1.3221600353135727,7.879999823868275
21:06:04.295922,182,-0.6862991779309274,3.752575912896919,1.4328232799022436,0.7655200204462744,22.11999950557947
21:06:04.295922,182,-0.6975543598857161,3.814117476776022,1.4235216846351966,0.7655200204462744,22.879999488592148
21:06:04.295922,182,-0.711373136893245,3.848199046442009,1.257305965565031,0.6263600167294499,26.99999939650297
21:06:04.295922,182,-0.7241172122890215,3.8751544888834237,1.0873139884848593,0.8349600223009475,35.999999195337296
21:06:04.295922,182,-0.7354357378487102,3.9357262228317436,1.073047983238762,0.8349600223009475,16.119999639689922
21:06:04.295922,182,-0.7470530746643324,3.9546870627249153,0.8971434391611599,1.3221600353135727,8.51999980956316
21:06:04.295922,182,-0.7583761292946988,4.014628101957447,0.8804274848182276,1.3221600353135727,5.519999876618385
21:06:04.295922,182,-0.6485504314189136,3.759022795036341,1.4310958430392868,0.7655200204462744,27.239999391138554
21:06:04.295922,182,-0.6591865407823014,3.8206700866124215,1.4217659181212172,0.7655200204462744,27.99999937415123
21:06:04.295922,182,-0.6722452389100393,3.8548814655941457,1.2555154167497296,0.6263600167294499,30.999999307096004
21:06:04.295922,182,-0.6842883476033704,3.881956621936865,1.0854913624263807,0.8349600223009475,40.99999908357859
21:06:04.295922,182,-0.6949843164618686,3.942634678612389,1.071196868091392,0.8349600223009475,17.519999608397484
21:06:04.295922,182,-0.7059626609594178,3.961704648173252,0.8952630828074617,1.3221600353135727,8.879999801516533
21:06:04.295922,182,-0.6107368304071139,3.7651047360278973,1.4294661918621856,0.7655200204462744,32.75999926775694
21:06:04.295922,182,-0.6207528035770757,3.8268517703323672,1.420109540960593,0.7655200204462744,33.519999250769615
21:06:04.295922,182,-0.6330501169661503,3.8611856104637443,1.2538262262229518,0.6263600167294499,33.99999924004078
21:06:04.295922,182,-0.6443910546562566,3.888373704016709,1.083771910465322,0.8349600223009475,43.239999033510685
21:06:04.295922,182,-0.6544633972256396,3.949152064767743,1.069450539734303,0.8349600223009475,17.879999600350857
21:06:04.295922,182,-0.6647019305055245,3.9569288537135257,0.8533457171116845,0.8349600223009475,8.759999804198742
21:06:04.295922,182,-0.5728621562239494,3.770821127682584,1.4279344893346924,0.7655200204462744,37.35999916493893
21:06:04.295922,182,-0.5822569916115594,3.832661909772666,1.418552718789653,0.7655200204462744,38.239999145269394
21:06:04.295922,182,-0.5937916905409346,3.8671108506415983,1.2522385629023354,0.6263600167294499,35.11999921500683
21:06:04.295922,182,-0.5644071492049173,3.9000501870132185,1.0806432062759717,0.8349600223009475,41.63999906927347
21:06:04.295922,182,-0.5733726362760947,3.951360224644477,1.0263250737358145,0.8349600223009475,16.99999962002039
21:06:04.295922,182,-0.6532105569775905,1.7791762721842284,-2.1389406605829926,0.6958000185841229,5.119999885559082
21:06:04.295922,182,-0.5267122397338585,3.708281482067176,1.39844677433339,0.6958000185841229,13.759999692440033
21:06:04.295922,182,-0.5354942482123524,3.7701106118261714,1.3884169228707794,0.7655200204462744,39.23999912291765
21:06:04.295922,182,-0.5437029544346975,3.8380999239242413,1.4170956072893093,0.7655200204462744,40.3599990978837
21:06:04.295922,182,-0.516132864731311,3.8442653565119462,1.093626564609187,0.6263600167294499,33.87999924272299
21:06:04.295922,182,-0.5244596619547344,3.8958074280895647,1.0399008636153868,0.8349600223009475,36.999999172985554
21:06:04.295922,182,-0.5327372931217959,3.9253835393287226,0.9056500958776497,0.8349600223009475,15.239999659359455
21:06:04.295922,182,-0.4974687423336346,3.775099481439489,1.3870801592867468,0.6958000185841229,37.51999916136265
21:06:04.295922,182,-0.5050945474179067,3.843165268990235,1.4157383521694913,0.7655200204462744,38.99999912828207
21:06:04.295922,182,-0.47662909818017385,3.8490600684574425,1.0923418254154513,0.6263600167294499,30.879999309778214
21:06:04.295922,182,-0.48439123845757437,3.8698437778617145,0.9211867313976454,0.904680024163099,31.119999304413795
21:06:04.295922,182,-0.49196265717311655,3.930332501190456,0.904324025543426,0.8349600223009475,13.119999706745148
21:06:04.295922,182,-0.4212722986971721,3.783974134056878,1.3847022032848106,0.6958000185841229,32.99999926239252
21:06:04.295922,182,-0.46643563136954286,3.847857438440383,1.4144810891545743,0.6958000185841229,34.639999225735664
21:06:04.295922,182,-0.4370776691185388,3.8534729699539905,1.0911593920231728,1.0438400278799236,26.75999940186739
21:06:04.295922,182,-0.44419569483868665,3.8743285456387255,0.9199850414935542,0.904680024163099,25.359999433159828
21:06:04.295922,182,-0.45113882537088656,3.934887369439948,0.9031035522743445,0.8349600223009475,11.119999751448631
21:06:04.295922,182,-0.512540874542778,2.02674880192289,-1.9724946897486064,0.5566400148672983,7.35999983549118
21:06:04.295922,182,-0.3831089805199537,3.787859029603123,1.3836612486605149,0.6958000185841229,27.359999388456345
21:06:04.295922,182,-0.38898174027923926,3.856120411005259,1.4122670323287352,0.6958000185841229,28.999999351799488
21:06:04.295922,182,-0.39748253265617606,3.857503619715138,1.0900793826747006,1.0438400278799236,22.639999493956566
21:06:04.295922,182,-0.40395573202246265,3.878424836522025,0.9188874436594112,0.904680024163099,20.63999953866005
21:06:04.295922,182,-0.41026988006408405,3.9390476885941905,0.9019887981167094,0.8349600223009475,9.519999787211418
21:06:04.295922,182,-0.47414107148099927,3.896719569158665,-0.04402342620160482,1.2524400334514212,6.359999857842922
21:06:04.295922,182,-0.34579018431845543,3.770987742487161,1.2688347861500362,0.6958000185841229,21.99999950826168
21:06:04.295922,182,-0.3501945105615176,3.859690387829653,1.411310459921641,0.6958000185841229,23.639999471604824
21:06:04.295922,182,-0.3578476482735588,3.8611516146792857,1.0891019053700646,1.0438400278799236,18.879999577999115
21:06:04.295922,182,-0.36367537397147087,3.882132240885957,0.9178940476540798,1.0438400278799236,16.759999625384808
21:06:04.295922,182,-0.3074561950941499,3.774142706452074,1.2679894161034886,0.6958000185841229,17.639999605715275
21:06:04.295922,182,-0.3113722616861331,3.862885536540162,1.4104543224049626,0.6958000185841229,18.999999575316906
21:06:04.295922,182,-0.269091460507922,3.7769272409474897,1.2672433023341454,0.6958000185841229,14.119999684393406
21:06:04.295922,182,-0.27251887584544787,3.865705537624593,1.4096987053917345,0.6958000185841229,15.359999656677246
21:06:04.295922,182,0.0017806990464501017,0.2185113893528526,2.127509246388334,-1.0438400278799236,5.639999873936176
21:06:04.344571,183,-0.7520290291059827,4.0695973112040225,-1.7389516894602701,1.2524400334514212,14.879999667406082
21:06:04.344571,183,-0.7081821294999032,4.3883040777066125,-0.6264090574810718,1.2524400334514212,17.879999600350857
21:06:04.344571,183,-0.5698737932348834,3.7706221851338273,0.5763455320069328,0.6958000185841229,9.63999978452921
21:06:04.344571,183,-0.5792196200118604,3.8324597046022175,0.5857974941251511,0.6958000185841229,21.519999518990517
21:06:04.344571,183,-0.582284316710554,4.131964943438597,-0.04172930555282151,0.7655200204462744,8.359999813139439
21:06:04.344571,183,-0.6611576550772165,4.374610223702089,-0.759459584222738,1.2524400334514212,20.999999530613422
21:06:04.344571,183,-0.5503968327348149,3.905687226280521,0.5558351254647983,0.6958000185841229,21.87999951094389
21:06:04.344571,183,-0.5325242053171418,4.073238043149925,0.12327401005784544,0.7655200204462744,21.239999525249004
21:06:04.344571,183,-0.617379225310212,4.381002961234038,-0.759459584222738,1.2524400334514212,23.759999468922615
21:06:04.344571,183,-0.6298749781511312,4.469674442156332,-0.5901270406540576,0.4872000130126253,18.23999959230423
21:06:04.344571,183,-0.6386266047902787,4.531777118517777,-0.5983264003819656,0.6263600167294499,7.1199998408555984
21:06:04.344571,183,-0.48322912574414945,4.007561725129854,0.2830237388784945,0.6958000185841229,21.239999525249004
21:06:04.344571,183,-0.5681149613812475,4.345469089433442,-0.6175829552565947,0.27832000743364915,14.239999681711197
21:06:04.344571,183,-0.5735390581379175,4.386957602140271,-0.759459584222738,1.2524400334514212,25.359999433159828
21:06:04.344571,183,-0.585147486185531,4.475749604968665,-0.5901270406540576,0.4872000130126253,18.879999577999115
21:06:04.344571,183,-0.5296415375403206,4.392473550961687,-0.759459584222738,1.2524400334514212,25.119999438524246
21:06:04.344571,183,-0.5403614799615493,4.481377196570288,-0.5901270406540576,0.4872000130126253,18.639999583363533
21:06:04.344571,183,-0.4856910532327038,4.397550256108024,-0.759459584222738,1.2524400334514212,23.23999948054552
21:06:04.344571,183,-0.4955214380422867,4.486556654206754,-0.5901270406540576,0.4872000130126253,17.359999611973763
21:06:04.344571,183,-0.44169200022667615,4.402187209913023,-0.759459584222738,1.2524400334514212,20.239999547600746
21:06:04.344571,183,-0.40569718793954995,4.49556914068334,-0.5901270406540576,0.4872000130126253,15.75999964773655
21:06:04.344571,183,-0.39694631626922283,4.398599899079762,-0.8036637755116431,1.2524400334514212,17.11999961733818
21:06:04.344571,183,-0.36072196210583124,4.499401268282362,-0.5901270406540576,0.4872000130126253,13.759999692440033
21:06:04.344571,183,-0.352941204208325,4.402349367843967,-0.8036637755116431,1.2524400334514212,14.119999684393406
21:06:04.344571,183,-0.26482950261604143,4.40852728070592,-0.8036637755116431,1.2524400334514212,11.759999737143517
21:06:04.344571,183,-0.3941159158453438,6.560714533696192,0.19723541654245702,-0.06972000186215155,5.519999876618385
21:06:04.344571,183,-0.1300019654017705,6.499231712514733,0.3905006110256539,-0.06972000186215155,4.999999888241291
21:06:04.344571,183,0.11638543928959413,0.12493117804301947,-0.18669664259080943,-3.0615200817701407,6.359999857842922
21:06:04.401979,184,-0.738734499273169,3.9049943405307777,1.7324694228279165,0.6263600167294499,22.639999493956566
21:06:04.401979,184,-0.7504648594260662,3.967001719439601,1.728221306589635,0.6263600167294499,19.119999572634697
21:06:04.401979,184,-0.6891665913755417,3.8498265978812416,1.734884864053999,0.6263600167294499,23.519999474287033
21:06:04.401979,184,-0.7002864349736293,3.911944335716953,1.7306071772303806,0.6263600167294499,28.639999359846115
21:06:04.401979,184,-0.7163084715329591,3.9587979550166583,1.5652762596452507,0.6263600167294499,23.519999474287033
21:06:04.401979,184,-0.6557478624895182,3.8415580877023805,1.5771198049345838,0.6263600167294499,28.879999354481697
21:06:04.401979,184,-0.6617683426172926,3.918522609821436,1.728844533996494,0.6263600167294499,36.63999918103218
21:06:04.401979,184,-0.6769091136642437,3.9655267351754286,1.5634732884356617,0.6263600167294499,28.759999357163906
21:06:04.401979,184,-0.7787732185309507,4.165419673439253,0.01669597382819754,0.27832000743364915,5.119999885559082
21:06:04.401979,184,-0.6175146167228484,3.847707524371901,1.5754720683450796,0.6263600167294499,35.11999921500683
21:06:04.401979,184,-0.6274783410870627,3.909791070524075,1.568622223529474,0.6263600167294499,46.759998954832554
21:06:04.401979,184,-0.637442065451277,3.9718746166762484,1.5617723787138684,0.6263600167294499,34.879999220371246
21:06:04.401979,184,-0.5792196200118604,3.853487354940377,1.5739233674118678,0.6263600167294499,41.23999907821417
21:06:04.401979,184,-0.5885654467888375,3.91566415983833,1.5670485339906435,0.6263600167294499,57.999998703598976
21:06:04.401979,184,-0.5979112735658146,3.9778409647362847,1.5601737005694187,0.6263600167294499,40.639999091625214
21:06:04.401979,184,-0.622483189737975,4.043139437104855,1.1757010100360419,0.4872000130126253,6.9999998435378075
21:06:04.401979,184,-0.6731074249528843,4.041229010963484,-0.12561444036346492,0.27832000743364915,6.239999860525131
21:06:04.401979,184,-0.5329173375133363,3.7920858386965763,1.5410816207229803,0.5566400148672983,11.639999739825726
21:06:04.401979,184,-0.5408667018241421,3.8588970014295962,1.5724738570037435,0.6263600167294499,45.639998979866505
21:06:04.401979,184,-0.5495936964390342,3.9211610920776625,1.5655756354362658,0.6263600167294499,66.9999985024333
21:06:04.401979,184,-0.5583206910539262,3.9834251827257297,1.5586774138687878,0.6263600167294499,44.63999900221825
21:06:04.401979,184,-0.5314591924211644,4.000974112831818,1.2255298958585203,0.5566400148672983,20.239999547600746
21:06:04.401979,184,-0.5031939555136395,3.859321643151279,1.5322032946157513,0.6263600167294499,46.35999896377325
21:06:04.401979,184,-0.5105669871800369,3.9262813175534523,1.5642036751549626,0.6263600167294499,69.6399984434247
21:06:04.401979,184,-0.5194322298433526,3.9838635278090946,1.517107303995571,0.6263600167294499,45.2399989888072
21:06:04.401979,184,-0.5725258789571687,4.021986489298015,0.09029800437807034,0.3480400092958007,8.239999815821648
21:06:04.401979,184,-0.5759034743885897,3.997824538939328,-0.09969430515949718,0.27832000743364915,7.759999826550484
21:06:04.401979,184,-0.46468050692922847,3.863996156700535,1.53095076248522,0.6263600167294499,43.119999036192894
21:06:04.401979,184,-0.4721782217412881,3.9263425232595424,1.5233825573135849,0.6263600167294499,64.11999856680632
21:06:04.401979,184,-0.4814876995757284,3.972029368532911,1.3955861549142816,0.5566400148672983,42.119999058544636
21:06:04.401979,184,-0.38898174027923926,3.856120411005259,1.4122670323287352,0.5566400148672983,37.35999916493893
21:06:04.401979,184,-0.39525804004267345,3.9183397008001783,1.4027838409498554,0.5566400148672983,53.75999879837036
21:06:04.401979,184,-0.4015343398061076,3.9805589905950964,1.393300649570976,0.5566400148672983,36.75999917834997
21:06:04.401979,184,-0.3501945105615176,3.859690387829653,1.411310459921641,0.5566400148672983,30.999999307096004
21:06:04.401979,184,-0.3558449704576952,3.9219672799292,1.4018118340517542,0.5566400148672983,42.87999904155731
21:06:04.401979,184,-0.36149543035387277,3.984244172028747,1.3923132081818674,0.5566400148672983,30.879999309778214
21:06:04.401979,184,-0.3113722616861331,3.862885536540162,1.4104543224049626,0.5566400148672983,25.119999438524246
21:06:04.401979,184,-0.31639631667379836,3.9252139830162247,1.4009418825815225,0.5566400148672983,33.639999248087406
21:06:04.401979,184,-0.3214203716614637,3.9875424294922874,1.3914294427580818,0.5566400148672983,25.359999433159828
21:06:04.401979,184,-0.27251887584544787,3.865705537624593,1.4096987053917345,0.5566400148672983,20.359999544918537
21:06:04.401979,184,-0.2769160235233113,3.9280794853936634,1.4001740735335781,0.5566400148672983,26.359999410808086
21:06:04.401979,184,-0.2813131712011747,3.9904534331627337,1.3906494416754218,0.5566400148672983,20.75999953597784
21:06:04.401979,184,-0.2336382383454947,3.8681501090852,1.4090436844430247,0.5566400148672983,16.639999628067017
21:06:04.401979,184,-0.23740803900247234,3.930563500513679,1.3995084836881833,0.5566400148672983,20.999999530613422
21:06:04.458115,185,-0.7696991839250651,4.0745691411899765,-1.1362884695247046,0.4872000130126253,7.759999826550484
21:06:04.458115,185,-0.6722765576855266,3.9807448040274744,-0.2754611418271983,0.6263600167294499,17.879999600350857
21:06:04.458115,185,-0.6910948688724651,4.005611961340663,-0.6062238566329916,0.8349600223009475,16.99999962002039
21:06:04.458115,185,-0.7273631585897478,4.081799457182099,-1.1382258268558156,0.974120026017772,8.239999815821648
21:06:04.458115,185,-0.6231840739811243,3.924728505022326,-0.2728183306108969,0.6263600167294499,19.239999569952488
21:06:04.458115,185,-0.637442065451277,3.9718746166762484,-0.4382276212861316,0.8349600223009475,21.7599995136261
21:06:04.458115,185,-0.6508007230869609,4.012092873245777,-0.6079604117441841,0.8349600223009475,19.63999956101179
21:06:04.458115,185,-0.6849543975479571,4.088620483883594,-1.1400535154520324,0.974120026017772,8.239999815821648
21:06:04.458115,185,-0.6941968726430071,4.098633813575727,-1.3239640987655994,0.4872000130126253,8.51999980956316
21:06:04.458115,185,-0.5885654467888375,3.91566415983833,-0.43295146600935663,0.6263600167294499,22.879999488592148
21:06:04.458115,185,-0.5979112735658146,3.9778409647362847,-0.43982629943058127,0.6263600167294499,26.239999413490295
21:06:04.458115,185,-0.6104414977743894,4.018184256042912,-0.6095925928454655,0.8349600223009475,22.11999950557947
21:06:04.458115,185,-0.5908735415344942,4.082932807298838,-0.9624676182907241,0.5566400148672983,6.5199998542666435
21:06:04.458115,185,-0.5999356385566803,4.101031982023678,-1.1433791663555282,0.974120026017772,7.999999821186066
21:06:04.458115,185,-0.5495936964390342,3.9211610920776625,-0.43442436456373434,0.6263600167294499,26.6399994045496
21:06:04.458115,185,-0.5583206910539262,3.9834251827257297,-0.4413225861312122,0.6263600167294499,30.879999309778214
21:06:04.458115,185,-0.5700212288234688,4.02388550059889,-0.6111202367200921,0.8349600223009475,23.999999463558197
21:06:04.458115,185,-0.5399898490282302,4.0543684384614895,-0.8273077918092763,0.41748001115047373,13.239999704062939
21:06:04.458115,185,-0.5573341424118649,4.106621212322853,-1.1448767961005037,0.974120026017772,7.35999983549118
21:06:04.458115,185,-0.6150834322610916,4.113034731589622,-1.5138964929233447,1.5307600408850703,6.5199998542666435
21:06:04.458115,185,-0.5105669871800369,3.9262813175534523,-0.4357963248450375,0.6263600167294499,30.23999932408333
21:06:04.458115,185,-0.518674276940694,3.9886267122274637,-0.44271633176060865,0.6263600167294499,34.759999223053455
21:06:04.458115,185,-0.5295439582272301,4.050442354797344,0.4511613832510574,0.6263600167294499,24.759999446570873
21:06:04.458115,185,-0.5146769133197432,4.268367506722354,-0.04299428450140333,0.974120026017772,6.6399998515844345
21:06:04.458115,185,-0.5367165169137367,4.451148442503712,-0.2243564965018576,1.669920044601895,10.99999975413084
21:06:04.458115,185,-0.4714892216500752,3.9101992364105427,0.5952494562433694,0.6263600167294499,32.63999927043915
21:06:04.458115,185,-0.4789759958343135,3.972289263826087,0.6047014183615878,0.6263600167294499,36.51999918371439
21:06:04.458115,185,-0.4484346081667403,4.060222466248562,0.4511613832510574,0.6263600167294499,24.119999460875988
21:06:04.458115,185,-0.4991137399013906,4.519082120458139,-0.22751767903777706,1.669920044601895,10.639999762177467
21:06:04.458115,185,-0.43236430759296246,3.9147185416166823,0.5952494562433694,0.6263600167294499,33.11999925971031
21:06:04.458115,185,-0.4015343398061076,4.001950078625308,0.444217905547881,0.41748001115047373,35.51999920606613
21:06:04.458115,185,-0.4082406515049925,4.068789504223622,0.4102903944119338,0.6263600167294499,22.519999496638775
21:06:04.458115,185,-0.38751806273557576,3.8622548257820903,0.5470090232403212,0.6263600167294499,11.999999731779099
21:06:04.458115,185,-0.3937707457631332,3.924573095611355,0.5558351254647983,0.6263600167294499,31.5199992954731
21:06:04.458115,185,-0.36149543035387277,4.005765259184056,0.444217905547881,0.41748001115047373,32.119999282062054
21:06:04.458115,185,-0.3684737693661172,4.083092897751142,0.28744762408399677,0.41748001115047373,19.999999552965164
21:06:04.458115,185,-0.31639631667379836,3.9465132098175157,0.43727442784470455,0.41748001115047373,28.519999362528324
21:06:04.458115,185,-0.3214203716614637,4.009179866572919,0.444217905547881,0.41748001115047373,27.639999382197857
21:06:04.458115,185,-0.3276250982791684,4.086573421015982,0.28744762408399677,0.41748001115047373,17.359999611973763
21:06:04.458115,185,-0.2769160235233113,3.9494797961737866,0.43727442784470455,0.41748001115047373,24.639999449253082
21:06:04.458115,185,-0.2813131712011747,4.012193559334018,0.444217905547881,0.41748001115047373,22.879999488592148
21:06:04.458115,185,-0.23740803900247234,3.9520514378593177,0.43727442784470455,0.41748001115047373,20.75999953597784
21:06:04.458115,185,-0.24117783965945006,4.0148060361006035,0.444217905547881,0.6263600167294499,18.759999580681324
21:06:04.458115,185,-0.19787631387663382,3.954227877712094,0.43727442784470455,0.41748001115047373,17.359999611973763
21:06:04.511992,186,-0.7114062785717168,3.9094803320860474,0.7642175379452454,0.6263600167294499,17.11999961733818
21:06:04.511992,186,-0.6663284880768809,3.8817478666877583,0.5952494562433694,0.6263600167294499,16.119999639689922
21:06:04.511992,186,-0.6722765576855266,3.916398803766719,0.7642175379452454,0.6263600167294499,20.87999953329563
21:06:04.511992,186,-0.6874897392516064,4.005024363301328,0.614153380479806,0.6263600167294499,18.519999586045742
21:06:04.511992,186,-0.6274783410870627,3.8882169545981378,0.5952494562433694,0.6263600167294499,18.879999577999115
21:06:04.511992,186,-0.6342654733212131,3.93027393234211,0.724443187259493,0.6263600167294499,25.119999438524246
21:06:04.511992,186,-0.6474057898154914,4.011698896418677,0.614153380479806,0.6263600167294499,21.99999950826168
21:06:04.511992,186,-0.5885654467888375,3.8942972240706077,0.5952494562433694,0.6263600167294499,21.7599995136261
21:06:04.511992,186,-0.5979112735658146,3.956134743538999,0.6047014183615878,0.6263600167294499,29.23999934643507
21:06:04.511992,186,-0.6072571003427917,4.0179722630073895,0.614153380479806,0.6263600167294499,25.879999421536922
21:06:04.511992,186,-0.5495936964390342,3.8999880670833167,0.5952494562433694,0.6263600167294499,24.119999460875988
21:06:04.511992,186,-0.5583206910539262,3.9619159514096887,0.6047014183615878,0.6263600167294499,32.51999927312136
21:06:04.511992,186,-0.5670476856688184,4.023843835736059,0.614153380479806,0.6263600167294499,29.11999934911728
21:06:04.511992,186,-0.5794042906048219,4.111527905099148,0.41660485817409815,0.6263600167294499,18.879999577999115
21:06:04.511992,186,-0.5105669871800369,3.9052889145567304,0.5952494562433694,0.6263600167294499,25.359999433159828
21:06:04.511992,186,-0.518674276940694,3.9673009710045344,0.6047014183615878,0.6263600167294499,33.639999248087406
21:06:04.511992,186,-0.5275513670082091,4.035201172750176,0.5734873299137525,0.6263600167294499,31.239999301731586
21:06:04.511992,186,-0.4983356336909268,4.132844452975875,0.29187150928949895,0.6263600167294499,21.239999525249004
21:06:04.511992,186,-0.5216217385086668,4.325962991208079,-0.21804662622265075,0.3480400092958007,9.239999793469906
21:06:04.511992,186,-0.46643563136954286,3.8682883210625456,0.4303309501415281,0.41748001115047373,8.119999818503857
21:06:04.511992,186,-0.4714892216500752,3.9101992364105427,0.5952494562433694,0.5566400148672983,25.239999435842037
21:06:04.511992,186,-0.4789759958343135,3.972289263826087,0.6047014183615878,0.6263600167294499,32.239999279379845
21:06:04.511992,186,-0.4890137336788211,4.055535185583366,0.4511613832510574,0.6263600167294499,31.359999299049377
21:06:04.511992,186,-0.45698296231591784,4.137621085654481,0.29187150928949895,0.6263600167294499,22.879999488592148
21:06:04.511992,186,-0.4852441395724266,4.393503804627955,-0.22119531396593814,0.3480400092958007,10.119999773800373
21:06:04.511992,186,-0.4991137399013906,4.519082120458139,-0.22751767903777706,1.1132800297345966,6.5199998542666435
21:06:04.511992,186,-0.43299613337749726,3.9204392268590875,0.5558351254647983,0.5566400148672983,23.879999466240406
21:06:04.511992,186,-0.43922981752963597,3.976880331049245,0.6047014183615878,0.6263600167294499,28.999999351799488
21:06:04.511992,186,-0.4078106395695418,4.06450372806879,0.4511613832510574,0.6263600167294499,29.519999340176582
21:06:04.511992,186,-0.4155845930275381,4.141983959691025,0.29187150928949895,0.6263600167294499,23.639999471604824
21:06:04.511992,186,-0.44759214507845474,4.460991857019613,-0.2243564965018576,1.1132800297345966,7.239999838173389
21:06:04.511992,186,-0.3937707457631332,3.924573095611355,0.5558351254647983,0.5566400148672983,21.639999516308308
21:06:04.511992,186,-0.39943971661119265,3.9810737135711314,0.6047014183615878,0.6263600167294499,24.879999443888664
21:06:04.511992,186,-0.3671458902500503,4.068378542921456,0.4511613832510574,0.6263600167294499,26.239999413490295
21:06:04.511992,186,-0.3741446656280326,4.145932638801756,0.29187150928949895,0.6263600167294499,23.23999948054552
21:06:04.511992,186,-0.3805766898886245,4.2172065116252275,0.12706844092890024,0.3480400092958007,5.759999871253967
21:06:04.511992,186,-0.3202109169972444,3.994093948825216,0.5646612276892754,0.5566400148672983,20.87999953329563
21:06:04.511992,186,-0.326444426649129,4.071846523328322,0.4511613832510574,0.6263600167294499,22.639999493956566
21:06:04.511992,186,-0.33266732407542304,4.149466728122073,0.29187150928949895,0.6263600167294499,21.7599995136261
21:06:04.511992,186,-0.28601158332699145,4.079204068617346,0.4102903944119338,0.6263600167294499,18.999999575316906
21:06:04.511992,186,-0.29134629818795255,4.155289765261551,0.25022980533764116,0.6263600167294499,19.63999956101179
21:06:04.568622,187,-0.7163084715329591,3.9587979550166583,1.5652762596452507,0.5566400148672983,16.359999634325504
21:06:04.568622,187,-0.6663284880768809,3.9035424114389046,1.5702965466851229,0.41748001115047373,14.239999681711197
21:06:04.568622,187,-0.6769091136642437,3.9655267351754286,1.5634732884356617,0.5566400148672983,20.51999954134226
21:06:04.568622,187,-0.6874897392516064,4.027511058911953,1.5566500301862003,0.5566400148672983,21.119999527931213
21:06:04.568622,187,-0.6274783410870627,3.909791070524075,1.568622223529474,0.41748001115047373,17.359999611973763
21:06:04.568622,187,-0.637442065451277,3.9718746166762484,1.5617723787138684,0.5566400148672983,25.879999421536922
21:06:04.568622,187,-0.6474057898154914,4.033958162828422,1.554922533898263,0.5566400148672983,26.239999413490295
21:06:04.568622,187,-0.6573695141797056,4.0960417089805965,1.5480726890826573,0.5566400148672983,18.879999577999115
21:06:04.568622,187,-0.589425533568983,3.910959912622198,1.5275043154113437,0.41748001115047373,21.119999527931213
21:06:04.568622,187,-0.5979112735658146,3.9778409647362847,1.5601737005694187,0.4872000130126253,32.87999926507473
21:06:04.568622,187,-0.6072571003427917,4.040017769634239,1.5532988671481944,0.5566400148672983,32.87999926507473
21:06:04.568622,187,-0.6166029271197687,4.1021945745321915,1.5464240337269703,0.5566400148672983,21.99999950826168
21:06:04.568622,187,-0.5503968327348149,3.9164648776789104,1.526029264470036,0.41748001115047373,25.239999435842037
21:06:04.568622,187,-0.5583206910539262,3.9834251827257297,1.5586774138687878,0.4872000130126253,41.63999906927347
21:06:04.568622,187,-0.5670476856688184,4.045689273373795,1.55177919230131,0.5566400148672983,40.639999091625214
21:06:04.568622,187,-0.5757746802837105,4.107953364021863,1.544880970733832,0.5566400148672983,24.999999441206455
21:06:04.568622,187,-0.5132443510210145,3.905175524924835,1.406311171244675,0.41748001115047373,29.519999340176582
21:06:04.568622,187,-0.5194322298433526,3.9838635278090946,1.517107303995571,0.4872000130126253,50.99999886006117
21:06:04.568622,187,-0.5267815667013511,4.050972106901475,1.5503636613238203,0.4872000130126253,48.239998921751976
21:06:04.568622,187,-0.537693761830338,4.091206292728636,1.3780296284702263,0.5566400148672983,27.519999384880066
21:06:04.568622,187,-0.47396166547263563,3.909943403486647,1.405033622034428,0.41748001115047373,32.63999927043915
21:06:04.568622,187,-0.4796759365533477,3.9886888898185497,1.5158143521419496,0.4872000130126253,58.11999870091677
21:06:04.568622,187,-0.4864627700185518,4.055865741938347,1.5490524157676377,0.4872000130126253,53.63999880105257
21:06:04.568622,187,-0.49653976778191383,4.096201298625439,1.3766912206739892,0.5566400148672983,28.759999357163906
21:06:04.568622,187,-0.4639094354447177,4.133898800603592,1.1990727190721648,0.5566400148672983,7.239999838173389
21:06:04.568622,187,-0.4852441395724266,4.186549232847607,0.649219274218082,0.904680024163099,7.239999838173389
21:06:04.568622,187,-0.4919080403622978,4.2324107531638075,0.5872549378659557,0.904680024163099,11.639999739825726
21:06:04.568622,187,-0.49771570843394664,4.246975651930776,0.4384434315200818,0.904680024163099,13.519999697804451
21:06:04.568622,187,-0.547125734625473,4.216169118922789,0.20349960623058538,0.27832000743364915,8.239999815821648
21:06:04.568622,187,-0.38898174027923926,3.856120411005259,1.4122670323287352,0.41748001115047373,7.639999829232693
21:06:04.568622,187,-0.39525804004267345,3.9183397008001783,1.4027838409498554,0.41748001115047373,33.519999250769615
21:06:04.568622,187,-0.4015343398061076,3.9805589905950964,1.393300649570976,0.41748001115047373,59.239998675882816
21:06:04.568622,187,-0.44674721876562334,4.055545785305391,1.507037554386664,0.4872000130126253,53.99999879300594
21:06:04.568622,187,-0.4140869393329759,4.104997570184936,1.374334266813217,0.5566400148672983,28.359999366104603
21:06:04.568622,187,-0.3558449704576952,3.9219672799292,1.4018118340517542,0.41748001115047373,31.87999928742647
21:06:04.568622,187,-0.36149543035387277,3.984244172028747,1.3923132081818674,0.41748001115047373,53.75999879837036
21:06:04.568622,187,-0.3671458902500503,4.046521064128295,1.3828145823119806,0.41748001115047373,49.359998896718025
21:06:04.568622,187,-0.37279635014622786,4.108797956227843,1.3733159564420936,0.5566400148672983,26.6399994045496
21:06:04.568622,187,-0.31639631667379836,3.9252139830162247,1.4009418825815225,0.41748001115047373,28.11999937146902
21:06:04.568622,187,-0.3214203716614637,3.9875424294922874,1.3914294427580818,0.3480400092958007,44.63999900221825
21:06:04.568622,187,-0.326444426649129,4.049870875968351,1.3819170029346415,0.3480400092958007,41.879999063909054
21:06:04.568622,187,-0.33146848163679427,4.112199322444413,1.3724045631112012,0.5566400148672983,23.879999466240406
21:06:04.568622,187,-0.277208014912644,3.921849485395498,1.360833042087533,0.41748001115047373,23.879999466240406
21:06:04.568622,187,-0.2813131712011747,3.9904534331627337,1.3906494416754218,0.3480400092958007,35.51999920606613
21:06:04.568622,187,-0.28571031887903814,4.052827380931804,1.3811248098172655,0.3480400092958007,34.11999923735857
21:06:04.568622,187,-0.2901074665569015,4.115201328700874,1.3716001779591092,0.5566400148672983,20.75999953597784
21:06:04.568622,187,-0.23765837158440492,3.9243361197609326,1.3601667504174433,0.3480400092958007,19.63999956101179
21:06:04.568622,187,-0.24117783965945006,3.9929768919421584,1.3899732829333415,0.3480400092958007,27.759999379515648
21:06:04.568622,187,-0.24494764031642774,4.055390283370638,1.3804380821785,0.3480400092958007,27.359999388456345
21:06:04.568622,187,-0.19808496261811778,3.9264406159520875,1.359602852362549,0.3480400092958007,15.999999642372131
21:06:04.568622,187,-0.20123035240926723,3.9887885401243004,1.3494339903558787,0.3480400092958007,21.7599995136261
21:06:04.568622,187,-0.20416046719500305,4.0575593269967545,1.3798568886905345,0.3480400092958007,21.99999950826168
21:06:04.568622,187,-0.16100843468111442,3.9905380336630056,1.3489652149750193,0.3480400092958007,17.359999611973763
21:06:04.568622,187,-0.16335287819790467,4.059334294907609,1.3793812874722295,0.3480400092958007,17.759999603033066
21:06:04.621712,188,-0.6874897392516064,4.005024363301328,0.614153380479806,0.41748001115047373,18.639999583363533
21:06:04.621712,188,-0.6474057898154914,4.011698896418677,0.614153380479806,0.41748001115047373,22.519999496638775
21:06:04.621712,188,-0.6573695141797056,4.073439867328947,0.6236053425980244,0.6263600167294499,20.51999954134226
21:06:04.621712,188,-0.5979112735658146,3.956134743538999,0.6047014183615878,0.41748001115047373,17.999999597668648
21:06:04.621712,188,-0.6072571003427917,4.0179722630073895,0.614153380479806,0.41748001115047373,26.99999939650297
21:06:04.621712,188,-0.6166029271197687,4.079809782475778,0.6236053425980244,0.6263600167294499,24.35999945551157
21:06:04.621712,188,-0.5583206910539262,3.9619159514096887,0.6047014183615878,0.41748001115047373,20.63999953866005
21:06:04.621712,188,-0.5670476856688184,4.023843835736059,0.614153380479806,0.41748001115047373,31.75999929010868
21:06:04.621712,188,-0.5766160755670325,4.0917423699914925,0.5823134321382296,0.6263600167294499,28.519999362528324
21:06:04.621712,188,-0.5194322298433526,3.9730984963887304,0.5646612276892754,0.41748001115047373,22.99999948590994
21:06:04.621712,188,-0.5275513670082091,4.035201172750176,0.5734873299137525,0.41748001115047373,35.999999195337296
21:06:04.621712,188,-0.5356705041730658,4.09730384911162,0.5823134321382296,0.6263600167294499,32.359999276697636
21:06:04.621712,188,-0.5288629315309066,4.386016341584088,-0.26538570835683334,0.3480400092958007,5.119999885559082
21:06:04.621712,188,-0.4814876995757284,3.9931195640764265,0.444217905547881,0.41748001115047373,24.639999449253082
21:06:04.621712,188,-0.48717365136540736,4.040274840009268,0.5734873299137525,0.41748001115047373,38.6399991363287
21:06:04.621712,188,-0.49653976778191383,4.117950807090307,0.45810486095423386,0.41748001115047373,34.759999223053455
21:06:04.621712,188,-0.39525804004267345,3.9393964291818264,0.43727442784470455,0.3480400092958007,10.759999759495258
21:06:04.621712,188,-0.4015343398061076,4.001950078625308,0.444217905547881,0.41748001115047373,25.119999438524246
21:06:04.621712,188,-0.4078106395695418,4.06450372806879,0.4511613832510574,0.41748001115047373,38.6399991363287
21:06:04.621712,188,-0.4140869393329759,4.127057377512274,0.45810486095423386,0.41748001115047373,35.11999921500683
21:06:04.621712,188,-0.42036323909641005,4.189611026955755,0.4650483386574103,0.41748001115047373,10.87999975681305
21:06:04.621712,188,-0.4463384270310934,4.448496494753376,-0.4034648175196422,0.20888000557897612,9.119999796152115
21:06:04.621712,188,-0.45219624206182907,4.506879255575639,-0.4544666823922929,0.27832000743364915,10.639999762177467
21:06:04.621712,188,-0.5017243842600486,4.542719450591381,-0.6440612619300261,0.3480400092958007,13.239999704062939
21:06:04.621712,188,-0.5085999269541116,4.604972078746489,-0.6528873641545032,0.3480400092958007,12.23999972641468
21:06:04.621712,188,-0.5154754696481747,4.667224706901599,-0.6617134663789803,0.3480400092958007,6.6399998515844345
21:06:04.621712,188,-0.36149543035387277,4.005765259184056,0.444217905547881,0.41748001115047373,24.35999945551157
21:06:04.621712,188,-0.3671458902500503,4.068378542921456,0.4511613832510574,0.41748001115047373,35.999999195337296
21:06:04.621712,188,-0.37279635014622786,4.130991826658858,0.45810486095423386,0.41748001115047373,33.11999925971031
21:06:04.621712,188,-0.3214203716614637,4.009179866572919,0.444217905547881,0.41748001115047373,22.519999496638775
21:06:04.621712,188,-0.326444426649129,4.071846523328322,0.4511613832510574,0.41748001115047373,31.75999929010868
21:06:04.621712,188,-0.33146848163679427,4.134513180083724,0.45810486095423386,0.41748001115047373,29.639999337494373
21:06:04.621712,188,-0.2813131712011747,4.012193559334018,0.444217905547881,0.41748001115047373,20.119999550282955
21:06:04.621712,188,-0.28571031887903814,4.07490732249425,0.4511613832510574,0.41748001115047373,26.99999939650297
21:06:04.621712,188,-0.29041336753416513,4.141983959691024,0.41660485817409815,0.41748001115047373,25.51999942958355
21:06:04.621712,188,-0.24520592295713503,4.081860178223682,0.4102903944119338,0.41748001115047373,22.519999496638775
21:06:04.621712,188,-0.24897969864350009,4.144680947436565,0.41660485817409815,0.41748001115047373,21.519999518990517
21:06:04.621712,188,-0.20437574220041663,4.08410810523198,0.4102903944119338,0.41748001115047373,18.639999583363533
21:06:04.621712,188,-0.20752113199156605,4.146963470559779,0.41660485817409815,0.41748001115047373,17.999999597668648
21:06:04.673138,189,-0.47177943598196387,4.271591510117788,0.12896565636442764,0.41748001115047373,6.6399998515844345
21:06:04.673138,189,-0.4218835926702392,4.204763850764702,0.2962953944950012,0.41748001115047373,19.239999569952488
21:06:04.673138,189,-0.44004951958851896,4.385817189052073,-0.39777999913957596,0.27832000743364915,4.999999888241291
21:06:04.673138,189,-0.4463384270310934,4.448496494753376,-0.4034648175196422,0.27832000743364915,10.239999771118164
21:06:04.673138,189,-0.45219624206182907,4.506879255575639,-0.4544666823922929,0.27832000743364915,11.119999751448631
21:06:04.673138,189,-0.5024063259452303,4.54889389587375,-0.5983264003819656,0.27832000743364915,9.759999781847
21:06:04.673138,189,-0.5062212108069755,4.583434676044869,-0.7915619357723626,0.13916000371682458,7.519999831914902
21:06:04.673138,189,-0.37318944160706996,4.135347710538169,0.41660485817409815,0.3480400092958007,22.11999950557947
21:06:04.673138,189,-0.316729937671637,3.950674572025787,0.3976614668876052,0.27832000743364915,6.8799998462200165
21:06:04.673138,189,-0.32175929022488653,4.013407307023749,0.4039759306497695,0.27832000743364915,14.6399996727705
21:06:04.673138,189,-0.326444426649129,4.071846523328322,0.4511613832510574,0.27832000743364915,17.759999603033066
21:06:04.673138,189,-0.1293146923679913,0.06581705795719028,-0.20725547351073864,-1.1830000315967482,5.639999873936176
21:06:04.730179,190,-0.7122849255721756,4.158908871884948,0.46792621117221045,0.27832000743364915,8.119999818503857
21:06:04.730179,190,-0.6681127745924439,4.165575736238921,0.4661398302525157,0.27832000743364915,9.759999781847
21:06:04.730179,190,-0.6238738128949987,4.1718156041588,0.46446786268250695,0.20888000557897612,11.519999742507935
21:06:04.730179,190,-0.5795724643389458,4.17762785166302,0.4629104756575415,0.20888000557897612,13.519999697804451
21:06:04.730179,190,-0.5877386390703868,4.236490618786585,0.44125288768368076,0.20888000557897612,10.759999759495258
21:06:04.730179,190,-0.4890137336788211,4.034115333579174,1.3861386877941355,0.20888000557897612,20.51999954134226
21:06:04.730179,190,-0.49080033283760477,4.1879672033647655,0.4601400547187975,0.20888000557897612,15.119999662041664
21:06:04.730179,190,-0.49771570843394664,4.246975651930776,0.4384434315200818,0.20888000557897612,11.999999731779099
21:06:04.730179,190,-0.4078106395695418,4.042778280390016,1.3838174581920968,0.20888000557897612,23.759999468922615
21:06:04.730179,190,-0.44004951958851896,4.133421052749736,0.4806410087851609,0.27832000743364915,6.6399998515844345
21:06:04.730179,190,-0.4463384270310934,4.192493273635782,0.458927297844792,0.20888000557897612,15.87999964505434
21:06:04.730179,190,-0.4526273344736678,4.251565494521829,0.4372135869044227,0.20888000557897612,12.879999712109566
21:06:04.730179,190,-0.3671458902500503,4.046521064128295,1.3828145823119806,0.20888000557897612,26.6399994045496
21:06:04.730179,190,-0.37981556188994803,4.14204882974298,1.1968889253459756,0.3480400092958007,13.639999695122242
21:06:04.730179,190,-0.40144917406521374,4.180927323152254,0.4157625830024343,0.20888000557897612,15.359999656677246
21:06:04.730179,190,-0.4071055920334973,4.239836579821752,0.3934406813260929,0.20888000557897612,13.119999706745148
21:06:04.730179,190,-0.326444426649129,4.049870875968351,1.3819170029346415,0.20888000557897612,28.519999362528324
21:06:04.730179,190,-0.33146848163679427,4.112199322444413,1.3724045631112012,0.6263600167294499,22.519999496638775
21:06:04.730179,190,-0.3569448792337861,4.184590115606632,0.4147811407222408,0.20888000557897612,13.759999692440033
21:06:04.730179,190,-0.3619742317870356,4.243550981013653,0.39244541052635773,0.20888000557897612,12.639999717473984
21:06:04.730179,190,-0.2779175627323991,3.900809083426223,1.2432091486413392,0.20888000557897612,6.239999860525131
21:06:04.730179,190,-0.2823306138446377,3.962750004665591,1.2311920717949358,0.20888000557897612,20.63999953866005
21:06:04.730179,190,-0.28601158332699145,4.046399528677373,1.3405343864229557,0.20888000557897612,28.759999357163906
21:06:04.730179,190,-0.31240489021348367,4.187822853619551,0.413914931182338,0.20888000557897612,11.639999739825726
21:06:04.730179,190,-0.3168066744206574,4.246829268297973,0.3915669960959671,0.20888000557897612,11.519999742507935
21:06:04.730179,190,-0.320097220371726,4.254927494408878,0.2404625435942056,0.13916000371682458,6.6399998515844345
21:06:04.730179,190,-0.24520592295713503,4.048965133543587,1.3398469346709563,0.20888000557897612,27.359999388456345
21:06:04.730179,190,-0.26783366096589306,4.190625213919918,0.41316404100295334,0.20888000557897612,9.359999790787697
21:06:04.730179,190,-0.27160743665225817,4.24967111384873,0.3908055258756278,0.20888000557897612,10.119999773800373
21:06:04.730179,190,-0.27602384392176516,4.2215133095034325,0.0016657293442754462,0.41748001115047373,7.35999983549118
21:06:04.730179,190,-0.20489886690997755,4.029439986290195,1.2179024880535019,0.20888000557897612,24.879999443888664
21:06:04.730179,190,-0.2232356485765972,4.1929969162740495,0.41252854527247695,0.20888000557897612,7.639999829232693
21:06:04.730179,190,-0.163943686596606,4.0312213738366305,1.2174251666990275,0.20888000557897612,21.7599995136261
21:06:04.730179,190,-0.17861531280947057,4.1949377235137,0.4120085075399482,0.20888000557897612,6.11999986320734
21:06:04.730179,190,-0.18777409252975513,4.360713588365626,0.14649412557526054,0.6263600167294499,7.519999831914902
21:06:04.730179,190,-0.19053729702606942,4.43744359190537,0.16609169720158978,0.5566400148672983,6.5199998542666435
21:06:04.784391,191,-0.4140869393329759,4.127057377512274,0.45810486095423386,0.27832000743364915,22.99999948590994
21:06:04.784391,191,-0.42036323909641005,4.189611026955755,0.4650483386574103,0.27832000743364915,21.87999951094389
21:06:04.784391,191,-0.37279635014622786,4.130991826658858,0.45810486095423386,0.27832000743364915,26.75999940186739
21:06:04.784391,191,-0.3788458595753535,4.198027016239473,0.42291932193626247,0.27832000743364915,24.119999460875988
21:06:04.784391,191,-0.38548645815186344,4.271612120902983,0.30071927970050344,0.5566400148672983,11.519999742507935
21:06:04.784391,191,-0.3318179953313855,4.138872777019672,0.41660485817409815,0.27832000743364915,30.35999932140112
21:06:04.784391,191,-0.336847347884635,4.201605512017633,0.42291932193626247,0.27832000743364915,25.63999942690134
21:06:04.784391,191,-0.28674366495687625,4.089645290362452,0.28744762408399677,0.20888000557897612,24.759999446570873
21:06:04.784391,191,-0.29115671606911475,4.152585874246004,0.29187150928949895,0.27832000743364915,33.11999925971031
21:06:04.784391,191,-0.29556976718135336,4.215526458129555,0.2962953944950012,0.3480400092958007,25.879999421536922
21:06:04.784391,191,-0.24599362816491968,4.094972840760784,0.24643708183234384,0.27832000743364915,26.6399994045496
21:06:04.784391,191,-0.24961699263513107,4.155289765261551,0.29187150928949895,0.27832000743364915,34.23999923467636
21:06:04.784391,191,-0.2534004277619396,4.218271331916905,0.2962953944950012,0.20888000557897612,24.999999441206455
21:06:04.784391,191,-0.20503228358626344,4.097227989062066,0.24643708183234384,0.27832000743364915,27.359999388456345
21:06:04.784391,191,-0.20805230771101316,4.157578130781876,0.29187150928949895,0.27832000743364915,33.359999254345894
21:06:04.784391,191,-0.21120574851204876,4.2205943821051335,0.2962953944950012,0.20888000557897612,22.99999948590994
21:06:04.784391,191,-0.16174403274136712,4.041444091789686,0.12137679462231804,0.20888000557897612,11.119999751448631
21:06:04.784391,191,-0.16657520998202474,4.162159102938602,0.25022980533764116,0.27832000743364915,30.759999312460423
21:06:04.784391,191,-0.16898994886425503,4.22249537639117,0.2962953944950012,0.20888000557897612,20.51999954134226
21:06:04.784391,191,-0.1902786710520046,4.754429563076179,-0.6705395686034574,0.27832000743364915,5.999999865889549
21:06:04.784391,191,-0.12321854091617192,4.106052529691623,0.12327401005784544,0.20888000557897612,25.119999438524246
21:06:04.784391,191,-0.12494598488190198,4.163616721027178,0.25022980533764116,0.27832000743364915,27.119999393820763
21:06:04.784391,191,-0.19296724876765667,6.430311981125551,0.45106143383848046,-0.06972000186215155,5.119999885559082
21:06:04.784391,191,-0.19525030551282696,6.506391042395346,0.19533820110692962,-0.06972000186215155,5.759999871253967
21:06:04.784391,191,-0.08341688653103542,4.1702882923827325,0.12517122549337284,0.20888000557897612,23.23999948054552
21:06:04.839710,192,-0.49771570843394664,4.246975651930776,-1.5615565684799182,0.4872000130126253,6.6399998515844345
21:06:04.839710,192,-0.5041504620825301,4.28988884708195,-1.626507997190655,0.4872000130126253,5.359999880194664
21:06:04.839710,192,-0.3684737693661172,4.018361800657706,-0.7791291210526707,0.20888000557897612,21.99999950826168
21:06:04.839710,192,-0.37279635014622786,4.108797956227843,-0.6266840435579064,0.20888000557897612,19.999999552965164
21:06:04.839710,192,-0.3276250982791684,4.021723727968215,-0.7800299467605336,0.20888000557897612,25.75999942421913
21:06:04.839710,192,-0.33146848163679427,4.112199322444413,-0.6275954368887988,0.20888000557897612,23.519999474287033
21:06:04.839710,192,-0.28674366495687625,4.024690925904957,-0.7808250050514669,0.20888000557897612,29.11999934911728
21:06:04.839710,192,-0.29041336753416513,4.108674550318311,-0.6696149414093328,0.20888000557897612,26.99999939650297
21:06:04.839710,192,-0.24583355750832253,4.027263097750628,-0.7815142164203084,0.20888000557897612,31.63999929279089
21:06:04.839710,192,-0.24897969864350009,4.111279640434914,-0.6703129732022869,0.20888000557897612,29.639999337494373
21:06:04.839710,192,-0.20174542610894197,3.9674259759166066,-0.7700608509256051,0.27832000743364915,13.519999697804451
21:06:04.839710,192,-0.20489886690997755,4.029439986290195,-0.7820975119464981,0.20888000557897612,32.239999279379845
21:06:04.839710,192,-0.20805230771101316,4.091453996663784,-0.7941341729673914,0.20888000557897612,30.879999309778214
21:06:04.839710,192,-0.21044462051337226,4.1824528740166675,-0.6392314022226957,0.20888000557897612,13.239999704062939
21:06:04.839710,192,-0.163943686596606,4.0312213738366305,-0.7825748333009725,0.20888000557897612,30.999999307096004
21:06:04.839710,192,-0.1664668177304305,4.093262800175257,-0.7946188404075574,0.20888000557897612,30.23999932408333
21:06:04.839710,192,-0.25742715772204117,6.313160245102839,-1.2912567246370474,-0.06972000186215155,6.8799998462200165
21:06:04.839710,192,-0.25995193175304115,6.375077966532945,-1.3039210117875042,-0.06972000186215155,12.519999720156193
21:06:04.839710,192,-0.26247670578404114,6.436995687963051,-1.3165852989379603,-0.06972000186215155,12.359999723732471
21:06:04.839710,192,-0.2648290405482616,6.511897535265632,-1.264144698479672,-0.06972000186215155,5.519999876618385
21:06:04.839710,192,-0.12305218340963256,4.024570099194401,-0.8232498671707871,0.20888000557897612,28.11999937146902
21:06:04.839710,192,-0.12486468120754089,4.094669834963295,-0.7949958542427344,0.20888000557897612,27.87999937683344
21:06:04.839710,192,-0.14084700195765867,4.36230071956741,-1.8539311449485396,0.06972000186215155,10.87999975681305
21:06:04.839710,192,-0.1427256550310079,4.420486194158857,-1.878659349275405,0.06972000186215155,16.759999625384808
21:06:04.839710,192,-0.14480085367528572,4.4974839564985825,-1.8584846718253483,0.06972000186215155,8.879999801516533
21:06:04.839710,192,-0.08204162575299263,4.025560634462145,-0.8235152802958536,0.20888000557897612,24.51999945193529
21:06:04.839710,192,-0.08325005832114224,4.0956749603255975,-0.7952651767718557,0.20888000557897612,24.639999449253082
21:06:04.839710,192,-0.04102286400251195,4.026154995246645,-0.8236745387880731,0.20888000557897612,20.87999953329563
21:06:04.839710,192,-0.04162711049865844,4.162572384952739,0.29187150928949895,0.20888000557897612,21.119999527931213
21:06:04.894730,193,-0.5367165169137367,4.451148442503712,-0.2243564965018576,0.6958000185841229,5.239999882876873
21:06:04.894730,193,-0.498839023555195,4.516594780140608,-0.272971155367428,0.6958000185841229,11.759999737143517
21:06:04.894730,193,-0.025502394056034886,0.1950659155457136,0.15908463964271388,3.548720094782766,4.999999888241291
21:06:04.894730,193,-0.4078106395695418,4.06450372806879,0.4511613832510574,0.13916000371682458,18.999999575316906
21:06:04.894730,193,-0.4140869393329759,4.127057377512274,0.45810486095423386,0.06972000186215155,18.519999586045742
21:06:04.894730,193,-0.45891624191624225,4.573855106155984,-0.41483445427977467,0.7655200204462744,11.639999739825726
21:06:04.894730,193,-0.3675330236387864,4.0726684048368655,0.4102903944119338,0.13916000371682458,22.359999500215054
21:06:04.894730,193,-0.37279635014622786,4.130991826658858,0.45810486095423386,0.06972000186215155,22.359999500215054
21:06:04.894730,193,-0.4188173189658165,4.640954560934747,-0.4205192726598409,0.06972000186215155,5.359999880194664
21:06:04.894730,193,-0.3276250982791684,4.086573421015982,0.28744762408399677,0.13916000371682458,25.879999421536922
21:06:04.894730,193,-0.33146848163679427,4.134513180083724,0.45810486095423386,0.06972000186215155,26.359999410808086
21:06:04.894730,193,-0.28674366495687625,4.089645290362452,0.28744762408399677,0.13916000371682458,28.879999354481697
21:06:04.894730,193,-0.29115671606911475,4.152585874246004,0.29187150928949895,0.20888000557897612,30.119999326765537
21:06:04.894730,193,-0.242050122381514,4.029326631950843,0.2830237388784945,0.13916000371682458,11.519999742507935
21:06:04.894730,193,-0.24583355750832253,4.092308198606196,0.28744762408399677,0.13916000371682458,30.759999312460423
21:06:04.894730,193,-0.24961699263513107,4.155289765261551,0.29187150928949895,0.20888000557897612,32.63999927043915
21:06:04.894730,193,-0.20489886690997755,4.0945618794586185,0.28744762408399677,0.13916000371682458,30.759999312460423
21:06:04.894730,193,-0.20805230771101316,4.157578130781876,0.29187150928949895,0.20888000557897612,32.87999926507473
21:06:04.894730,193,-0.21120574851204876,4.2205943821051335,0.2962953944950012,0.06972000186215155,16.99999962002039
21:06:04.894730,193,-0.2143591893130844,4.283610633428391,0.30071927970050344,0.06972000186215155,6.5199998542666435
21:06:04.894730,193,-0.163943686596606,4.0964061075535225,0.28744762408399677,0.27832000743364915,28.879999354481697
21:06:04.894730,193,-0.1664668177304305,4.159450741972346,0.29187150928949895,0.20888000557897612,30.759999312460423
21:06:04.894730,193,-0.12305218340963256,4.10050894302455,0.24643708183234384,0.27832000743364915,25.879999421536922
21:06:04.894730,193,-0.12486468120754089,4.16090741157341,0.29187150928949895,0.20888000557897612,27.239999391138554
21:06:04.894730,193,-0.08204162575299263,4.101534420593101,0.24643708183234384,0.27832000743364915,22.359999500215054
21:06:04.894730,193,-0.08325005832114224,4.161947993919329,0.29187150928949895,0.27832000743364915,23.11999948322773
21:06:04.894730,193,-0.04102286400251195,4.102149748155863,0.24643708183234384,0.27832000743364915,18.879999577999115
21:06:04.894730,193,-0.04165421533730333,4.165282778527749,0.25022980533764116,0.27832000743364915,19.239999569952488
21:06:04.949993,194,-0.4939495442027901,4.096469318657175,0.6236053425980244,0.06972000186215155,19.63999956101179
21:06:04.949993,194,-0.45296083740298304,4.1012039099143704,0.6236053425980244,0.06972000186215155,23.879999466240406
21:06:04.949993,194,-0.41192683489892673,4.105528384216566,0.6236053425980244,0.06972000186215155,28.999999351799488
21:06:04.949993,194,-0.41817039404279377,4.167755719539283,0.6330573047162427,0.06972000186215155,21.519999518990517
21:06:04.949993,194,-0.32521606725056845,4.0565248007375345,0.5734873299137525,0.06972000186215155,24.759999446570873
21:06:04.949993,194,-0.3297393603607537,4.112945293235325,0.6236053425980244,0.06972000186215155,34.879999220371246
21:06:04.949993,194,-0.33473720712394983,4.175285046361885,0.6330573047162427,0.06972000186215155,23.999999463558197
21:06:04.949993,194,-0.28463523556680864,4.059574082594188,0.5734873299137525,0.06972000186215155,28.359999366104603
21:06:04.949993,194,-0.28859410700523397,4.1160369862672015,0.6236053425980244,0.06972000186215155,40.759999088943005
21:06:04.949993,194,-0.29296831675076024,4.178423600065763,0.6330573047162427,0.06972000186215155,25.879999421536922
21:06:04.949993,194,-0.2977770412602941,4.247007425783494,0.5999656365871838,0.06972000186215155,7.879999823868275
21:06:04.949993,194,-0.24494764031642774,4.077560634341889,0.4511613832510574,0.06972000186215155,31.239999301731586
21:06:04.949993,194,-0.24778155608377309,4.12473587293182,0.5823134321382296,0.06972000186215155,45.11999899148941
21:06:04.949993,194,-0.25117012979134473,4.181144314910322,0.6330573047162427,0.06972000186215155,26.87999939918518
21:06:04.949993,194,-0.2762658533475727,4.598904348568988,-0.27676387887272536,0.8349600223009475,6.5199998542666435
21:06:04.949993,194,-0.279421114953677,4.651428922798327,-0.4205192726598409,0.06972000186215155,6.5199998542666435
21:06:04.949993,194,-0.20416046719500305,4.079806193542278,0.4511613832510574,0.06972000186215155,32.99999926239252
21:06:04.949993,194,-0.20652249675489226,4.127007412074764,0.5823134321382296,0.06972000186215155,46.51999896019697
21:06:04.949993,194,-0.1608388397415466,4.018826336815668,0.444217905547881,0.06972000186215155,9.239999793469906
21:06:04.949993,194,-0.16335287819790467,4.081643775541378,0.4511613832510574,0.06972000186215155,32.75999926775694
21:06:04.949993,194,-0.16586691665426267,4.14446121426709,0.45810486095423386,0.06972000186215155,44.23999901115894
21:06:04.949993,194,-0.12252895404984367,4.083073196582529,0.4511613832510574,0.06972000186215155,30.759999312460423
21:06:04.949993,194,-0.12441470290163577,4.1459126344276145,0.45810486095423386,0.06972000186215155,39.519999116659164
21:06:04.949993,194,-0.19296724876765667,6.430311981125551,0.45106143383848046,-0.06972000186215155,5.639999873936176
21:06:04.949993,194,-0.08169277710903254,4.0840943137248225,0.4511613832510574,0.06972000186215155,27.639999382197857
21:06:04.949993,194,-0.08295004778295342,4.146949466798147,0.45810486095423386,0.06972000186215155,33.519999250769615
21:06:04.949993,194,-0.1262774264259315,6.313029590481737,0.9543119381334733,-0.06972000186215155,5.879999868571758
21:06:04.949993,194,-0.0408484309589528,4.084707024857401,0.4511613832510574,0.06972000186215155,23.999999463558197
21:06:04.949993,194,-0.04147709772898839,4.1475716076963165,0.45810486095423386,0.06972000186215155,27.759999379515648
21:06:04.949993,194,0.0,4.147778994908556,0.45810486095423386,0.06972000186215155,22.879999488592148
21:06:05.004572,195,-0.4140869393329759,4.127057377512274,0.45810486095423386,0.13916000371682458,15.999999642372131
21:06:05.004572,195,-0.37279635014622786,4.130991826658858,0.45810486095423386,0.13916000371682458,19.519999563694
21:06:05.004572,195,-0.326444426649129,4.071846523328322,0.4511613832510574,0.13916000371682458,20.87999953329563
21:06:05.004572,195,-0.33146848163679427,4.134513180083724,0.45810486095423386,0.13916000371682458,23.639999471604824
21:06:05.004572,195,-0.28571031887903814,4.07490732249425,0.4511613832510574,0.06972000186215155,24.119999460875988
21:06:05.004572,195,-0.2901074665569015,4.137621085654481,0.45810486095423386,0.13916000371682458,27.99999937415123
21:06:05.004572,195,-0.24520592295713503,4.081860178223682,0.4102903944119338,0.06972000186215155,26.99999939650297
21:06:05.004572,195,-0.2487174409734054,4.140315232583175,0.45810486095423386,0.06972000186215155,31.999999284744263
21:06:05.004572,195,-0.2753812123386232,4.5841780284911255,-0.4607811461544572,0.41748001115047373,7.239999838173389
21:06:05.004572,195,-0.2791549880249882,4.646998797704009,-0.4670956099166215,0.41748001115047373,10.519999764859676
21:06:05.004572,195,-0.20123035240926723,4.02125273990418,0.4039759306497695,0.13916000371682458,9.879999779164791
21:06:05.004572,195,-0.20437574220041663,4.08410810523198,0.4102903944119338,0.06972000186215155,28.879999354481697
21:06:05.004572,195,-0.20730254385418767,4.14259535145737,0.45810486095423386,0.06972000186215155,34.23999923467636
21:06:05.004572,195,-0.21044462051337226,4.205384509372462,0.4650483386574103,0.13916000371682458,19.63999956101179
21:06:05.004572,195,-0.21358669717255688,4.268173667287553,0.47199181636058674,0.27832000743364915,6.359999857842922
21:06:05.004572,195,-0.16352512404070432,4.085947624851425,0.4102903944119338,0.06972000186215155,29.11999934911728
21:06:05.004572,195,-0.1660418134002942,4.148831300810267,0.41660485817409815,0.06972000186215155,33.99999924004078
21:06:05.004572,195,-0.18868207024783012,4.71453583236096,-0.47341007367878585,0.41748001115047373,7.639999829232693
21:06:05.004572,195,-0.12265815350558945,4.087378553131594,0.4102903944119338,0.06972000186215155,27.759999379515648
21:06:05.004572,195,-0.12454589076679233,4.150284251406568,0.41660485817409815,0.06972000186215155,31.239999301731586
21:06:05.004572,195,-0.1427256550310079,4.756094598544696,-0.6705395686034574,-0.13916000371682458,5.239999882876873
21:06:05.004572,195,-0.08198824039906885,4.098865508749092,0.28744762408399677,0.13916000371682458,24.999999441206455
21:06:05.004572,195,-0.08303751364855842,4.15132217705484,0.41660485817409815,0.06972000186215155,27.119999393820763
21:06:05.004572,195,-0.040996169990860656,4.0994804359116985,0.28744762408399677,0.13916000371682458,21.87999951094389
21:06:05.004572,195,-0.04162711049865844,4.162572384952739,0.29187150928949895,0.13916000371682458,22.759999491274357
21:06:05.004572,195,0.0,4.099685418465262,0.28744762408399677,0.13916000371682458,18.639999583363533
21:06:05.004572,195,0.0,4.16278052223506,0.29187150928949895,0.13916000371682458,18.759999580681324
21:06:05.055170,196,-0.25117012979134473,4.2025225643154265,1.5293266211254446,0.06972000186215155,10.87999975681305
21:06:05.055170,196,-0.25492026510189125,4.265268991507625,1.5222991578704865,0.27832000743364915,7.1199998408555984
21:06:05.055170,196,-0.20622114016420307,4.1419670737711956,1.5357670246749118,0.13916000371682458,8.51999980956316
21:06:05.110647,197,-0.163943686596606,4.0312213738366305,1.2174251666990275,0.06972000186215155,5.519999876618385
21:06:05.110647,197,-0.08325005832114224,4.0956749603255975,1.2047348232281443,0.06972000186215155,5.359999880194664
21:06:05.110647,197,-0.08468123306184971,4.122132004983408,1.0270289883457475,-0.06972000186215155,5.519999876618385
21:06:05.110647,197,0.0,6.2152041633474555,0.5329495298745557,-0.06972000186215155,9.759999781847
21:06:05.110647,197,0.06445990895438451,6.276207885944705,0.5185600102119239,-0.06972000186215155,14.119999684393406
21:06:05.110647,197,0.1301777185026924,6.336820100195501,0.5042831583014682,-0.06972000186215155,8.759999804198742
21:06:05.167916,198,-0.28859410700523397,4.1160369862672015,0.6236053425980244,-0.06972000186215155,20.359999544918537
21:06:05.167916,198,-0.24494764031642774,4.077560634341889,0.4511613832510574,0.06972000186215155,21.639999516308308
21:06:05.167916,198,-0.2474199944807982,4.11871707904887,0.6236053425980244,-0.06972000186215155,24.879999443888664
21:06:05.167916,198,-0.20416046719500305,4.079806193542278,0.4511613832510574,0.06972000186215155,24.759999446570873
21:06:05.167916,198,-0.20652249675489226,4.127007412074764,0.5823134321382296,-0.06972000186215155,30.119999326765537
21:06:05.167916,198,-0.16335287819790467,4.081643775541378,0.4511613832510574,0.06972000186215155,27.519999384880066
21:06:05.167916,198,-0.16524278534936063,4.128866253934112,0.5823134321382296,-0.06972000186215155,35.51999920606613
21:06:05.167916,198,-0.16750258776020446,4.185331181555402,0.6330573047162427,-0.06972000186215155,20.359999544918537
21:06:05.167916,198,-0.12064320519805155,4.020233758737442,0.444217905547881,-0.06972000186215155,7.639999829232693
21:06:05.167916,198,-0.12252895404984367,4.083073196582529,0.4511613832510574,-0.06972000186215155,29.11999934911728
21:06:05.167916,198,-0.12441470290163577,4.1459126344276145,0.45810486095423386,-0.06972000186215155,39.99999910593033
21:06:05.167916,198,-0.12582520287708385,4.192915195480978,0.5911395343627067,-0.06972000186215155,21.99999950826168
21:06:05.167916,198,-0.12818620060521999,4.271591510117789,0.47199181636058674,-0.13916000371682458,6.11999986320734
21:06:05.167916,198,-0.08169277710903254,4.0840943137248225,0.4511613832510574,-0.06972000186215155,29.23999934643507
21:06:05.167916,198,-0.08295004778295342,4.146949466798147,0.45810486095423386,-0.06972000186215155,41.879999063909054
21:06:05.167916,198,-0.08389045946768635,4.193963782507503,0.5911395343627067,-0.06972000186215155,22.879999488592148
21:06:05.167916,198,-0.0408484309589528,4.084707024857401,0.4511613832510574,-0.06972000186215155,27.87999937683344
21:06:05.167916,198,-0.04147709772898839,4.1475716076963165,0.45810486095423386,-0.06972000186215155,40.51999909430742
21:06:05.167916,198,0.0,4.084911268709666,0.4511613832510574,-0.06972000186215155,25.359999433159828
21:06:05.167916,198,0.0,4.147778994908556,0.45810486095423386,-0.06972000186215155,36.51999918371439
21:06:05.167916,198,0.0408484309589528,4.084707024857401,0.4511613832510574,-0.06972000186215155,22.359999500215054
21:06:05.167916,198,0.04147709772898839,4.1475716076963165,0.45810486095423386,-0.06972000186215155,31.239999301731586
21:06:05.167916,198,0.08295004778295342,4.146949466798147,0.45810486095423386,-0.06972000186215155,25.999999418854713
21:06:05.167916,198,0.12441470290163577,4.1459126344276145,0.45810486095423386,-0.06972000186215155,21.359999522566795
21:06:05.220443,199,-0.12252895404984367,4.083073196582529,0.4511613832510574,0.06972000186215155,11.759999737143517
21:06:05.220443,199,-0.08295004778295342,4.146949466798147,0.45810486095423386,0.06972000186215155,14.51999967545271
21:06:05.220443,199,-0.04225805100645622,4.2256643339937785,0.2962953944950012,-0.06972000186215155,17.23999961465597
21:06:05.220443,199,-0.04288899151425401,4.288756283034819,0.30071927970050344,-0.06972000186215155,15.87999964505434
21:06:06.289196,200,-0.2487174409734054,4.117803674799117,1.3709028814236586,-0.06972000186215155,17.759999603033066
21:06:06.289196,200,-0.25275347432986517,4.1735941473262415,1.3195271189244697,-0.06972000186215155,15.359999656677246
21:06:06.289196,200,-0.20752113199156605,4.113484388468728,1.3290962663425385,-0.06972000186215155,22.239999502897263
21:06:06.289196,200,-0.21120574851204876,4.153468007037372,1.1938291660117153,-0.06972000186215155,19.63999956101179
21:06:06.289196,200,-0.1660418134002942,4.115288573946798,1.3286128363006937,-0.06972000186215155,27.99999937415123
21:06:06.289196,200,-0.16898994886425503,4.155304226513882,1.193337152485858,-0.06972000186215155,25.239999435842037
21:06:06.289196,200,-0.17151307999807958,4.217345652852508,1.1812931453792732,-0.06972000186215155,17.11999961733818
21:06:06.289196,200,-0.12454589076679233,4.116692016452087,1.328236785014778,-0.06972000186215155,34.759999223053455
21:06:06.289196,200,-0.12675725036315483,4.156732587673918,1.1929544242665264,-0.06972000186215155,32.63999927043915
21:06:06.289196,200,-0.12864981951876878,4.21879534038454,1.1809047027757877,-0.06972000186215155,20.63999953866005
21:06:06.289196,200,-0.08325005832114224,4.0956749603255975,1.2047348232281443,-0.06972000186215155,41.23999907821417
21:06:06.289196,200,-0.08451187624321563,4.1577529476825585,1.1926810196262225,-0.06972000186215155,41.11999908089638
21:06:06.289196,200,-0.08582954435792733,4.211423553225863,1.138462449630264,-0.06972000186215155,24.119999460875988
21:06:06.289196,200,-0.04089150318697344,4.055875295384824,1.3379953623860286,-0.06972000186215155,19.35999956727028
21:06:06.289196,200,-0.04162711049865844,4.096278075750472,1.2045732189371066,-0.06972000186215155,45.2399989888072
21:06:06.289196,200,-0.04225805100645622,4.1583652045046575,1.1925169659051806,-0.06972000186215155,48.239998921751976
21:06:06.289196,200,-0.0429169180068861,4.212045356058872,1.138295838063308,-0.06972000186215155,27.119999393820763
21:06:06.289196,200,-0.04360714340064211,4.245856094651149,0.9978055023340162,-0.13916000371682458,7.879999823868275
21:06:06.289196,200,0.0,4.09647912092688,1.204519349044446,-0.06972000186215155,44.87999899685383
21:06:06.289196,200,0.0,4.158569296915047,1.1924622795086353,-0.06972000186215155,50.75999886542559
21:06:06.289196,200,0.0,4.212252630578967,1.138240299023037,-0.06972000186215155,28.519999362528324
21:06:06.289196,200,0.04162711049865844,4.096278075750472,1.2045732189371066,-0.06972000186215155,40.3599990978837
21:06:06.289196,200,0.04225805100645622,4.1583652045046575,1.1925169659051806,-0.06972000186215155,47.11999894678593
21:06:06.289196,200,0.04297493852525604,4.184300791691619,1.0123350541023672,-0.20888000557897612,27.87999937683344
21:06:06.289196,200,0.08325005832114224,4.0956749603255975,1.2047348232281443,-0.06972000186215155,33.99999924004078
21:06:06.289196,200,0.08456690482294911,4.149469246971291,1.1511365396548912,-0.06972000186215155,39.519999116659164
21:06:06.289196,200,0.08594557959266398,4.183678148226888,1.0125018909159145,-0.20888000557897612,25.51999942958355
21:06:06.289196,200,0.12486468120754089,4.094669834963295,1.2050041457572656,-0.06972000186215155,27.639999382197857
21:06:06.289196,200,0.1268397863541714,4.148448222571271,1.151410122318329,-0.06972000186215155,31.359999299049377
21:06:06.289196,200,0.12890762617411794,4.1826404783012645,1.0127799337344954,-0.20888000557897612,22.239999502897263
21:06:06.289196,200,0.1664668177304305,4.093262800175257,1.2053811595924426,-0.06972000186215155,22.11999950557947
21:06:06.289196,200,0.16909998401302478,4.147018931356319,1.1517930997451242,-0.06972000186215155,24.639999449253082
21:06:06.289196,200,0.1718567821009534,4.181187885680866,1.0131691547540624,-0.20888000557897612,18.879999577999115
21:06:06.289196,200,0.18448772596510069,4.488492309887205,0.9406401287980872,-0.13916000371682458,5.239999882876873
21:06:06.289196,200,0.20805230771101316,4.091453996663784,1.2058658270326086,-0.20888000557897612,17.879999600350857
21:06:06.289196,200,0.21162899238303193,4.117838477569735,1.028179435548922,-0.20888000557897612,19.239999569952488
21:06:06.289196,200,0.21478875249356055,4.179320515623742,1.0136695150528392,-0.20888000557897612,15.87999964505434
21:06:06.289196,200,0.32152631977673707,6.322977911450932,0.7727363332214936,0.06972000186215155,5.359999880194664
21:06:06.289196,200,0.25390822728307166,4.115590086765498,1.0287818900491867,-0.20888000557897612,15.359999656677246
21:06:06.289196,200,0.389544275170892,6.3815424559465965,0.7616239537969087,-0.06972000186215155,4.999999888241291
21:06:06.318678,201,-0.28571031887903814,4.052827380931804,-0.6188751901827345,-0.06972000186215155,17.11999961733818
21:06:06.318678,201,-0.2901074665569015,4.115201328700874,-0.6283998220408908,-0.06972000186215155,20.87999953329563
21:06:06.318678,201,-0.2945046142347649,4.2003348488147125,0.4650483386574103,-0.13916000371682458,20.239999547600746
21:06:06.318678,201,-0.29890176191262835,4.263048611974944,0.47199181636058674,-0.13916000371682458,14.6399996727705
21:06:06.318678,201,-0.24494764031642774,4.077560634341889,0.4511613832510574,-0.06972000186215155,21.7599995136261
21:06:06.318678,201,-0.2487174409734054,4.140315232583175,0.45810486095423386,-0.06972000186215155,27.119999393820763
21:06:06.318678,201,-0.2524872416303831,4.203069830824461,0.4650483386574103,-0.13916000371682458,26.119999416172504
21:06:06.318678,201,-0.2565272500162302,4.270322485862332,0.4292337856984268,-0.13916000371682458,18.11999959498644
21:06:06.318678,201,-0.20416046719500305,4.079806193542278,0.4511613832510574,-0.06972000186215155,27.99999937415123
21:06:06.318678,201,-0.20730254385418767,4.14259535145737,0.45810486095423386,-0.06972000186215155,36.11999919265509
21:06:06.318678,201,-0.21044462051337226,4.205384509372462,0.4650483386574103,-0.13916000371682458,34.639999225735664
21:06:06.318678,201,-0.2143591893130844,4.283610633428391,0.30071927970050344,-0.13916000371682458,22.759999491274357
21:06:06.318678,201,-0.16335287819790467,4.081643775541378,0.4511613832510574,-0.06972000186215155,36.75999917834997
21:06:06.318678,201,-0.16586691665426267,4.14446121426709,0.45810486095423386,-0.06972000186215155,49.63999889045954
21:06:06.318678,201,-0.1685585027598841,4.211714976769109,0.42291932193626247,-0.13916000371682458,46.999998949468136
21:06:06.318678,201,-0.17151307999807958,4.285540010809994,0.30071927970050344,-0.13916000371682458,28.759999357163906
21:06:06.318678,201,-0.12252895404984367,4.083073196582529,0.4511613832510574,-0.06972000186215155,48.35999891906977
21:06:06.318678,201,-0.12441470290163577,4.1459126344276145,0.45810486095423386,-0.06972000186215155,69.6399984434247
21:06:06.318678,201,-0.1264336280279952,4.213189949681542,0.42291932193626247,-0.13916000371682458,64.51999855786562
21:06:06.318678,201,-0.12864981951876878,4.287040837780944,0.30071927970050344,-0.13916000371682458,35.759999200701714
21:06:06.318678,201,-0.08169277710903254,4.0840943137248225,0.4511613832510574,-0.06972000186215155,62.35999860614538
21:06:06.318678,201,-0.08295004778295342,4.146949466798147,0.45810486095423386,-0.06972000186215155,96.35999784618616
21:06:06.318678,201,-0.08451187624321563,4.225030479089566,0.2962953944950012,-0.13916000371682458,86.5199980661273
21:06:06.318678,201,-0.08577369416528902,4.288112964259802,0.30071927970050344,-0.13916000371682458,42.75999904423952
21:06:06.318678,201,-0.0408484309589528,4.084707024857401,0.4511613832510574,-0.06972000186215155,74.87999832630157
21:06:06.318678,201,-0.04147709772898839,4.1475716076963165,0.45810486095423386,-0.27832000743364915,122.11999727040529
21:06:06.318678,201,-0.04225805100645622,4.2256643339937785,0.2962953944950012,-0.13916000371682458,105.2399976477027
21:06:06.318678,201,-0.04288899151425401,4.288756283034819,0.30071927970050344,-0.13916000371682458,47.63999893516302
21:06:06.318678,201,-0.04354826934167748,4.354681869643407,0.2616079758535332,-0.13916000371682458,6.9999998435378075
21:06:06.318678,201,0.0,4.022043542510777,0.444217905547881,-0.06972000186215155,20.119999550282955
21:06:06.318678,201,0.0,4.084911268709666,0.4511613832510574,-0.27832000743364915,79.23999822884798
21:06:06.318678,201,0.0,4.147778994908556,0.45810486095423386,-0.27832000743364915,127.99999713897705
21:06:06.318678,201,0.0,4.225875626004858,0.2962953944950012,-0.13916000371682458,107.11999760568142
21:06:06.318678,201,0.0,4.288970729774657,0.30071927970050344,-0.13916000371682458,47.75999893248081
21:06:06.318678,201,0.0408484309589528,4.084707024857401,0.4511613832510574,-0.27832000743364915,72.23999838531017
21:06:06.318678,201,0.04147709772898839,4.1475716076963165,0.45810486095423386,-0.27832000743364915,107.8799975886941
21:06:06.318678,201,0.04225805100645622,4.2256643339937785,0.2962953944950012,-0.13916000371682458,90.11999798566103
21:06:06.318678,201,0.04288899151425401,4.288756283034819,0.30071927970050344,-0.13916000371682458,43.239999033510685
21:06:06.318678,201,0.08169277710903254,4.0840943137248225,0.4511613832510574,-0.27832000743364915,58.87999868392944
21:06:06.318678,201,0.08295004778295342,4.146949466798147,0.45810486095423386,-0.27832000743364915,79.63999821990728
21:06:06.318678,201,0.08451187624321563,4.225030479089566,0.2962953944950012,-0.13916000371682458,67.75999848544598
21:06:06.318678,201,0.08582954435792733,4.290905101609596,0.2578152523482359,-0.13916000371682458,36.23999918997288
21:06:06.318678,201,0.12252895404984367,4.083073196582529,0.4511613832510574,-0.27832000743364915,45.2399989888072
21:06:06.318678,201,0.12441470290163577,4.1459126344276145,0.45810486095423386,-0.27832000743364915,56.519998736679554
21:06:06.318678,201,0.12675725036315483,4.223974124677178,0.2962953944950012,-0.27832000743364915,49.11999890208244
21:06:06.318678,201,0.12873358782644084,4.289832277032435,0.2578152523482359,-0.13916000371682458,29.11999934911728
21:06:06.318678,201,0.16335287819790467,4.081643775541378,0.4511613832510574,-0.27832000743364915,34.35999923199415
21:06:06.318678,201,0.16586691665426267,4.14446121426709,0.45810486095423386,-0.27832000743364915,40.51999909430742
21:06:06.318678,201,0.16898994886425503,4.22249537639117,0.2962953944950012,-0.27832000743364915,35.999999195337296
21:06:06.318678,201,0.1716247580440248,4.288330472821595,0.2578152523482359,-0.27832000743364915,23.11999948322773
21:06:06.318678,201,0.20416046719500305,4.079806193542278,0.4511613832510574,-0.27832000743364915,26.359999410808086
21:06:06.318678,201,0.20730254385418767,4.14259535145737,0.45810486095423386,-0.27832000743364915,29.879999332129955
21:06:06.318678,201,0.21120574851204876,4.2205943821051335,0.2962953944950012,-0.27832000743364915,26.87999939918518
21:06:06.318678,201,0.21478875249356055,4.292194736650248,0.12896565636442764,-0.13916000371682458,18.35999958962202
21:06:06.318678,201,0.24494764031642774,4.077560634341889,0.4511613832510574,-0.27832000743364915,20.51999954134226
21:06:06.318678,201,0.2487174409734054,4.140315232583175,0.45810486095423386,-0.27832000743364915,22.759999491274357
21:06:06.318678,201,0.2534004277619396,4.218271331916905,0.2962953944950012,-0.27832000743364915,20.63999953866005
21:06:06.318678,201,0.2901074665569015,4.137621085654481,0.45810486095423386,-0.27832000743364915,17.759999603033066
21:06:06.318678,201,0.11129642883862402,0.12948542255256973,-0.18669664259080943,4.174800111504737,5.519999876618385
21:06:06.347701,202,-0.28571031887903814,4.07490732249425,0.4511613832510574,-0.13916000371682458,15.639999650418758
21:06:06.347701,202,-0.2901074665569015,4.137621085654481,0.45810486095423386,-0.3480400092958007,19.35999956727028
21:06:06.347701,202,-0.24494764031642774,4.077560634341889,0.4511613832510574,-0.13916000371682458,19.63999956101179
21:06:06.347701,202,-0.24961699263513107,4.155289765261551,0.29187150928949895,-0.13916000371682458,24.759999446570873
21:06:06.347701,202,-0.2534004277619396,4.218271331916905,0.2962953944950012,-0.13916000371682458,20.119999550282955
21:06:06.347701,202,-0.20416046719500305,4.079806193542278,0.4511613832510574,-0.13916000371682458,24.999999441206455
21:06:06.347701,202,-0.20805230771101316,4.157578130781876,0.29187150928949895,-0.13916000371682458,32.359999276697636
21:06:06.347701,202,-0.21120574851204876,4.2205943821051335,0.2962953944950012,-0.27832000743364915,25.879999421536922
21:06:06.347701,202,-0.163943686596606,4.0964061075535225,0.28744762408399677,-0.13916000371682458,32.119999282062054
21:06:06.347701,202,-0.1664668177304305,4.159450741972346,0.29187150928949895,-0.13916000371682458,43.359999030828476
21:06:06.347701,202,-0.16898994886425503,4.22249537639117,0.2962953944950012,-0.27832000743364915,34.11999923735857
21:06:06.347701,202,-0.1716247580440248,4.288330472821595,0.2578152523482359,-0.20888000557897612,16.119999639689922
21:06:06.347701,202,-0.12297211205192696,4.097840698469644,0.28744762408399677,-0.13916000371682458,40.639999091625214
21:06:06.347701,202,-0.12486468120754089,4.16090741157341,0.29187150928949895,-0.13916000371682458,58.51999869197607
21:06:06.347701,202,-0.12675725036315483,4.223974124677178,0.2962953944950012,-0.27832000743364915,45.759998977184296
21:06:06.347701,202,-0.12873358782644084,4.289832277032435,0.2578152523482359,-0.20888000557897612,20.119999550282955
21:06:06.347701,202,-0.08198824039906885,4.098865508749092,0.28744762408399677,-0.13916000371682458,49.239998899400234
21:06:06.347701,202,-0.08325005832114224,4.161947993919329,0.29187150928949895,-0.20888000557897612,77.23999827355146
21:06:06.347701,202,-0.08451187624321563,4.225030479089566,0.2962953944950012,-0.20888000557897612,61.639998622238636
21:06:06.347701,202,-0.08582954435792733,4.290905101609596,0.2578152523482359,-0.20888000557897612,25.359999433159828
21:06:06.347701,202,-0.040996169990860656,4.0994804359116985,0.28744762408399677,-0.13916000371682458,54.9999987706542
21:06:06.347701,202,-0.04162711049865844,4.162572384952739,0.29187150928949895,-0.20888000557897612,94.63999788463116
21:06:06.347701,202,-0.04228556667209472,4.228415808899635,0.2540225288429385,-0.20888000557897612,81.1199981868267
21:06:06.347701,202,-0.04297493852525604,4.2973506978351885,0.12896565636442764,-0.27832000743364915,31.5199992954731
21:06:06.347701,202,0.0,4.026284546938733,0.4039759306497695,-0.13916000371682458,15.519999653100967
21:06:06.347701,202,0.0,4.099685418465262,0.28744762408399677,-0.13916000371682458,54.75999877601862
21:06:06.347701,202,0.0,4.16278052223506,0.29187150928949895,-0.20888000557897612,100.3599977567792
21:06:06.347701,202,0.0,4.228627238490186,0.2540225288429385,-0.20888000557897612,97.51999782025814
21:06:06.347701,202,0.0,4.297565574313652,0.12896565636442764,-0.27832000743364915,37.63999915868044
21:06:06.347701,202,0.040996169990860656,4.0994804359116985,0.28744762408399677,-0.20888000557897612,48.87999890744686
21:06:06.347701,202,0.04162711049865844,4.162572384952739,0.29187150928949895,-0.20888000557897612,89.99999798834324
21:06:06.347701,202,0.04234273364986996,4.234132316247079,0.12706844092890024,-0.27832000743364915,100.3599977567792
21:06:06.347701,202,0.04297493852525604,4.2973506978351885,0.12896565636442764,-0.27832000743364915,41.75999906659126
21:06:06.347701,202,0.08198824039906885,4.098865508749092,0.28744762408399677,-0.20888000557897612,40.3599990978837
21:06:06.347701,202,0.08330426528797087,4.164657980931933,0.25022980533764116,-0.20888000557897612,71.51999840140343
21:06:06.347701,202,0.08468123306184971,4.233497191134999,0.12706844092890024,-0.27832000743364915,87.11999805271626
21:06:06.347701,202,0.08594557959266398,4.296706089887264,0.12896565636442764,-0.27832000743364915,41.879999063909054
21:06:06.347701,202,0.0945459971818581,4.726669641313686,-0.8602818795449595,0.06972000186215155,6.8799998462200165
21:06:06.347701,202,0.12297211205192696,4.097840698469644,0.28744762408399677,-0.20888000557897612,32.119999282062054
21:06:06.347701,202,0.12494598488190198,4.163616721027178,0.25022980533764116,-0.20888000557897612,53.99999879300594
21:06:06.347701,202,0.12701126442146926,4.232438719850633,0.12706844092890024,-0.27832000743364915,67.75999848544598
21:06:06.347701,202,0.12890762617411794,4.295631814930138,0.12896565636442764,-0.27832000743364915,37.75999915599823
21:06:06.347701,202,0.13994061406249592,4.66328774959951,-0.8489582587382962,0.06972000186215155,8.759999804198742
21:06:06.347701,202,0.163943686596606,4.0964061075535225,0.28744762408399677,-0.20888000557897612,25.359999433159828
21:06:06.347701,202,0.16680040742116023,4.167786036090043,0.12517122549337284,-0.20888000557897612,40.3599990978837
21:06:06.347701,202,0.16932859476105683,4.230957008240221,0.12706844092890024,-0.27832000743364915,50.519998870790005
21:06:06.347701,202,0.1718567821009534,4.2941279803904004,0.12896565636442764,-0.27832000743364915,31.5199992954731
21:06:06.347701,202,0.20489886690997755,4.0945618794586185,0.28744762408399677,-0.20888000557897612,20.119999550282955
21:06:06.347701,202,0.20846923227250333,4.165909672297124,0.12517122549337284,-0.20888000557897612,30.759999312460423
21:06:06.347701,202,0.21162899238303193,4.229052204473686,0.12706844092890024,-0.27832000743364915,37.63999915868044
21:06:06.347701,202,0.21478875249356055,4.292194736650248,0.12896565636442764,-0.20888000557897612,25.239999435842037
21:06:06.347701,202,0.23186687705176362,4.6334725525953555,-0.6065257601098736,-0.13916000371682458,7.999999821186066
21:06:06.347701,202,0.25011721037527485,4.163616721027178,0.12517122549337284,-0.20888000557897612,23.879999466240406
21:06:06.347701,202,0.25390822728307166,4.226724499029807,0.12706844092890024,-0.20888000557897612,28.519999362528324
21:06:06.347701,202,0.2577636910188165,4.290905101609596,0.08598426961037715,-0.20888000557897612,19.999999552965164
21:06:06.347701,202,0.2961620715731076,4.223974124677177,0.12706844092890024,-0.20888000557897612,21.99999950826168
21:06:06.347701,202,0.30065913785202025,4.288112964259803,0.08598426961037715,-0.20888000557897612,15.87999964505434
21:06:06.347701,202,0.3179994210685725,4.535426562629235,-0.22751767903777706,-0.20888000557897612,7.239999838173389
21:06:06.347701,202,0.3222403161482135,4.5959117928503925,-0.27676387887272536,-0.20888000557897612,9.759999781847
21:06:06.347701,202,0.3435245190233313,4.284892019206166,0.08598426961037715,-0.20888000557897612,12.759999714791775
21:06:06.384645,203,-0.20489886690997755,4.0945618794586185,0.28744762408399677,-0.20888000557897612,19.519999563694
21:06:06.384645,203,-0.20805230771101316,4.157578130781876,0.29187150928949895,-0.20888000557897612,22.11999950557947
21:06:06.384645,203,-0.163943686596606,4.0964061075535225,0.28744762408399677,-0.20888000557897612,24.119999460875988
21:06:06.384645,203,-0.1664668177304305,4.159450741972346,0.29187150928949895,-0.20888000557897612,27.639999382197857
21:06:06.384645,203,-0.16898994886425503,4.22249537639117,0.2962953944950012,-0.20888000557897612,19.759999558329582
21:06:06.384645,203,-0.12297211205192696,4.097840698469644,0.28744762408399677,-0.20888000557897612,29.879999332129955
21:06:06.384645,203,-0.12486468120754089,4.16090741157341,0.29187150928949895,-0.20888000557897612,35.11999921500683
21:06:06.384645,203,-0.1268397863541714,4.226724499029807,0.2540225288429385,-0.20888000557897612,24.879999443888664
21:06:06.384645,203,-0.12890762617411794,4.295631814930138,0.12896565636442764,-0.27832000743364915,10.759999759495258
21:06:06.384645,203,-0.08198824039906885,4.098865508749092,0.28744762408399677,-0.20888000557897612,36.51999918371439
21:06:06.384645,203,-0.08325005832114224,4.161947993919329,0.29187150928949895,-0.20888000557897612,44.63999900221825
21:06:06.384645,203,-0.08456690482294911,4.227781541270765,0.2540225288429385,-0.20888000557897612,31.87999928742647
21:06:06.384645,203,-0.08594557959266398,4.296706089887264,0.12896565636442764,-0.3480400092958007,13.119999706745148
21:06:06.384645,203,-0.040996169990860656,4.0994804359116985,0.28744762408399677,-0.20888000557897612,43.119999036192894
21:06:06.384645,203,-0.04165421533730333,4.165282778527749,0.25022980533764116,-0.20888000557897612,55.99999874830246
21:06:06.384645,203,-0.04234273364986996,4.234132316247079,0.12706844092890024,-0.3480400092958007,40.759999088943005
21:06:06.384645,203,-0.04297493852525604,4.2973506978351885,0.12896565636442764,-0.3480400092958007,15.87999964505434
21:06:06.384645,203,0.0,4.102354864180595,0.24643708183234384,-0.20888000557897612,47.63999893516302
21:06:06.384645,203,0.0,4.1711224890361365,0.12517122549337284,-0.20888000557897612,66.9999985024333
21:06:06.384645,203,0.0,4.234344031674895,0.12706844092890024,-0.3480400092958007,51.11999885737896
21:06:06.384645,203,0.0,4.297565574313652,0.12896565636442764,-0.3480400092958007,19.119999572634697
21:06:06.384645,203,0.04036522948306288,4.036388486870658,0.2830237388784945,-0.20888000557897612,15.87999964505434
21:06:06.384645,203,0.04102286400251195,4.102149748155863,0.24643708183234384,-0.20888000557897612,47.999998927116394
21:06:06.384645,203,0.04171052877448388,4.17091393465897,0.12517122549337284,-0.3480400092958007,73.35999836027622
21:06:06.384645,203,0.04234273364986996,4.234132316247079,0.12706844092890024,-0.3480400092958007,60.51999864727259
21:06:06.384645,203,0.04298568593151216,4.298425402659897,0.08598426961037715,-0.3480400092958007,22.239999502897263
21:06:06.384645,203,0.08215254000022114,4.107079393630466,0.12327401005784544,-0.20888000557897612,44.23999901115894
21:06:06.384645,203,0.08341688653103542,4.1702882923827325,0.12517122549337284,-0.3480400092958007,71.51999840140343
21:06:06.384645,203,0.08468123306184971,4.233497191134999,0.12706844092890024,-0.3480400092958007,64.63999855518341
21:06:06.384645,203,0.08596707333044461,4.297780633504914,0.08598426961037715,-0.3480400092958007,24.51999945193529
21:06:06.384645,203,0.12321854091617192,4.106052529691623,0.12327401005784544,-0.20888000557897612,37.87999915331602
21:06:06.384645,203,0.12511490266882058,4.169245624771127,0.12517122549337284,-0.3480400092958007,62.639998599886894
21:06:06.384645,203,0.12701126442146926,4.232438719850633,0.12706844092890024,-0.3480400092958007,60.99999863654375
21:06:06.384645,203,0.1289592081356332,4.2973506978351885,-0.04299428450140333,-0.27832000743364915,25.119999438524246
21:06:06.384645,203,0.1642722200812637,4.104615063939864,0.12327401005784544,-0.27832000743364915,31.119999304413795
21:06:06.384645,203,0.16684212177384486,4.168828338679775,0.08345443821004858,-0.3480400092958007,50.87999886274338
21:06:06.384645,203,0.16937094137657568,4.232015108970093,0.08471935391021287,-0.3480400092958007,51.879998840391636
21:06:06.384645,203,0.17192555002557944,4.295846261541019,-0.04299428450140333,-0.27832000743364915,23.879999466240406
21:06:06.384645,203,0.20530947216197473,4.102767140120562,0.12327401005784544,-0.27832000743364915,25.119999438524246
21:06:06.384645,203,0.20852136739143592,4.1669515056355975,0.08345443821004858,-0.3480400092958007,40.11999910324812
21:06:06.384645,203,0.21168191771195072,4.2301098288398755,0.08471935391021287,-0.3480400092958007,41.51999907195568
21:06:06.384645,203,0.21487469950456253,4.293912244219759,-0.04299428450140333,-0.27832000743364915,21.239999525249004
21:06:06.384645,203,0.21777412473029553,4.351852418222005,-0.21804662622265075,-0.5566400148672983,6.6399998515844345
21:06:06.384645,203,0.22741530376527758,4.5445152901305015,0.136547019231298,-0.41748001115047373,6.359999857842922
21:06:06.384645,203,0.24632619346747803,4.10050894302455,0.12327401005784544,-0.27832000743364915,20.239999547600746
21:06:06.384645,203,0.25021729395219566,4.165282778527749,-0.04172930555282151,-0.27832000743364915,31.359999299049377
21:06:06.384645,203,0.2540098278229065,4.228415808899635,-0.04236179502711242,-0.3480400092958007,32.51999927312136
21:06:06.384645,203,0.25780236169361737,4.291548839271521,-0.04299428450140333,-0.27832000743364915,17.999999597668648
21:06:06.384645,203,0.26490815739421947,4.409836620231654,-0.26538570835683334,-0.5566400148672983,7.1199998408555984
21:06:06.384645,203,0.26916497305329645,4.480698392717724,-0.044889252965879645,-0.41748001115047373,6.6399998515844345
21:06:06.384645,203,0.2918569158362996,4.162572384952739,-0.04172930555282151,-0.27832000743364915,24.759999446570873
21:06:06.384645,203,0.2962805798493947,4.2256643339937785,-0.04236179502711242,-0.3480400092958007,25.359999433159828
21:06:06.384645,203,0.30070424386248984,4.288756283034819,-0.04299428450140333,-0.27832000743364915,14.999999664723873
21:06:06.384645,203,0.33346735227333796,4.15944573762664,-0.04172930555282151,-0.27832000743364915,19.879999555647373
21:06:06.384645,203,0.3385217040661222,4.222490296194788,-0.04236179502711242,-0.3480400092958007,20.119999550282955
21:06:06.384645,203,0.3435760558589064,4.285534854762936,-0.04299428450140333,-0.27832000743364915,12.519999720156193
21:06:06.384645,203,0.10379882530938782,0.1207624979156754,-0.19659915829445088,1.3916000371682458,5.239999882876873
21:06:06.413324,204,-0.16686715205413255,4.169453761928288,-0.04172930555282151,-0.27832000743364915,21.119999527931213
21:06:06.413324,204,-0.16932859476105683,4.230957008240221,0.12706844092890024,-0.27832000743364915,18.879999577999115
21:06:06.413324,204,-0.12297211205192696,4.097840698469644,0.28744762408399677,-0.27832000743364915,23.23999948054552
21:06:06.413324,204,-0.12511490266882058,4.169245624771127,0.12517122549337284,-0.27832000743364915,27.239999391138554
21:06:06.413324,204,-0.12701126442146926,4.232438719850633,0.12706844092890024,-0.27832000743364915,23.879999466240406
21:06:06.413324,204,-0.08198824039906885,4.098865508749092,0.28744762408399677,-0.27832000743364915,29.879999332129955
21:06:06.413324,204,-0.08341688653103542,4.1702882923827325,0.12517122549337284,-0.27832000743364915,36.11999919265509
21:06:06.413324,204,-0.08468123306184971,4.233497191134999,0.12706844092890024,-0.41748001115047373,31.119999304413795
21:06:06.413324,204,-0.040219764188917206,4.021842442018486,0.444217905547881,-0.3480400092958007,19.239999569952488
21:06:06.413324,204,-0.040996169990860656,4.0994804359116985,0.28744762408399677,-0.27832000743364915,39.23999912291765
21:06:06.413324,204,-0.04171052877448388,4.17091393465897,0.12517122549337284,-0.27832000743364915,48.99999890476465
21:06:06.413324,204,-0.04234273364986996,4.234132316247079,0.12706844092890024,-0.41748001115047373,41.11999908089638
21:06:06.413324,204,-0.04297493852525604,4.2973506978351885,0.12896565636442764,-0.41748001115047373,14.119999684393406
21:06:06.413324,204,0.0,4.022043542510777,0.444217905547881,-0.3480400092958007,23.519999474287033
21:06:06.413324,204,0.0,4.099685418465262,0.28744762408399677,-0.27832000743364915,51.759998843073845
21:06:06.413324,204,0.0,4.1711224890361365,0.12517122549337284,-0.27832000743364915,66.9999985024333
21:06:06.413324,204,0.0,4.234344031674895,0.12706844092890024,-0.41748001115047373,54.75999877601862
21:06:06.413324,204,0.0,4.297565574313652,0.12896565636442764,-0.41748001115047373,16.759999625384808
21:06:06.413324,204,0.040219764188917206,4.021842442018486,0.444217905547881,-0.3480400092958007,28.11999937146902
21:06:06.413324,204,0.040996169990860656,4.0994804359116985,0.28744762408399677,-0.27832000743364915,66.9999985024333
21:06:06.413324,204,0.04171052877448388,4.17091393465897,0.12517122549337284,-0.27832000743364915,89.35999800264835
21:06:06.413324,204,0.04234273364986996,4.234132316247079,0.12706844092890024,-0.41748001115047373,71.75999839603901
21:06:06.413324,204,0.04298568593151216,4.298425402659897,0.08598426961037715,-0.41748001115047373,19.879999555647373
21:06:06.413324,204,0.08043550643511167,4.021239160651498,0.444217905547881,-0.3480400092958007,32.75999926775694
21:06:06.413324,204,0.08169277710903254,4.0840943137248225,0.4511613832510574,-0.3480400092958007,81.1199981868267
21:06:06.413324,204,0.08341688653103542,4.1702882923827325,0.12517122549337284,-0.27832000743364915,108.35999757796526
21:06:06.413324,204,0.0847024106049764,4.234555927127618,0.08471935391021287,-0.41748001115047373,87.51999804377556
21:06:06.413324,204,0.08596707333044461,4.297780633504914,0.08598426961037715,-0.41748001115047373,22.99999948590994
21:06:06.413324,204,0.12064320519805155,4.020233758737442,0.444217905547881,-0.3480400092958007,36.11999919265509
21:06:06.413324,204,0.12252895404984367,4.083073196582529,0.4511613832510574,-0.3480400092958007,86.99999805539846
21:06:06.413324,204,0.12486468120754089,4.16090741157341,0.29187150928949895,-0.3480400092958007,110.35999753326178
21:06:06.413324,204,0.1270430280889621,4.233497191134999,0.08471935391021287,-0.41748001115047373,93.51999790966511
21:06:06.413324,204,0.1289398640940673,4.296706089887265,0.08598426961037715,-0.41748001115047373,25.75999942421913
21:06:06.413324,204,0.1608388397415466,4.018826336815668,0.444217905547881,-0.3480400092958007,37.119999170303345
21:06:06.413324,204,0.16335287819790467,4.081643775541378,0.4511613832510574,-0.41748001115047373,80.51999820023775
21:06:06.413324,204,0.1664668177304305,4.159450741972346,0.29187150928949895,-0.3480400092958007,93.75999790430069
21:06:06.413324,204,0.16937094137657568,4.232015108970093,0.08471935391021287,-0.41748001115047373,85.23999809473753
21:06:06.413324,204,0.17192555002557944,4.295846261541019,-0.04299428450140333,-0.41748001115047373,26.99999939650297
21:06:06.413324,204,0.20101839053581846,4.017017035627186,0.444217905547881,-0.3480400092958007,35.23999921232462
21:06:06.413324,204,0.20416046719500305,4.079806193542278,0.4511613832510574,-0.41748001115047373,66.23999851942062
21:06:06.413324,204,0.20805230771101316,4.157578130781876,0.29187150928949895,-0.3480400092958007,71.3599984049797
21:06:06.413324,204,0.21168191771195072,4.2301098288398755,0.08471935391021287,-0.3480400092958007,68.87999846041203
21:06:06.413324,204,0.21487469950456253,4.293912244219759,-0.04299428450140333,-0.41748001115047373,26.239999413490295
21:06:06.413324,204,0.23740803900247234,3.9520514378593177,0.43727442784470455,-0.3480400092958007,6.8799998462200165
21:06:06.413324,204,0.24117783965945006,4.0148060361006035,0.444217905547881,-0.3480400092958007,31.359999299049377
21:06:06.413324,204,0.24494764031642774,4.077560634341889,0.4511613832510574,-0.41748001115047373,51.23999885469675
21:06:06.413324,204,0.24961699263513107,4.155289765261551,0.29187150928949895,-0.3480400092958007,52.23999883234501
21:06:06.413324,204,0.25397172603290186,4.227781541270764,0.08471935391021287,-0.3480400092958007,52.51999882608652
21:06:06.413324,204,0.25780236169361737,4.291548839271521,-0.04299428450140333,-0.41748001115047373,23.879999466240406
21:06:06.413324,204,0.2615948955643282,4.354681869643407,-0.043626773975694234,-0.6263600167294499,8.239999815821648
21:06:06.413324,204,0.2653724391825857,4.417565362345839,-0.04425676349158874,-0.6263600167294499,5.359999880194664
21:06:06.413324,204,0.2813131712011747,4.012193559334018,0.444217905547881,-0.41748001115047373,26.75999940186739
21:06:06.413324,204,0.28571031887903814,4.07490732249425,0.4511613832510574,-0.41748001115047373,38.99999912828207
21:06:06.413324,204,0.29115671606911475,4.152585874246004,0.29187150928949895,-0.3480400092958007,38.519999139010906
21:06:06.413324,204,0.2962361373940274,4.225030479089565,0.08471935391021287,-0.3480400092958007,39.519999116659164
21:06:06.413324,204,0.30070424386248984,4.288756283034819,-0.04299428450140333,-0.41748001115047373,20.75999953597784
21:06:06.413324,204,0.3214203716614637,4.009179866572919,0.444217905547881,-0.41748001115047373,22.239999502897263
21:06:06.413324,204,0.326444426649129,4.071846523328322,0.4511613832510574,-0.41748001115047373,29.999999329447746
21:06:06.413324,204,0.33266732407542304,4.149466728122073,0.29187150928949895,-0.3480400092958007,28.999999351799488
21:06:06.413324,204,0.3383862999041111,4.220801356450929,0.12706844092890024,-0.3480400092958007,30.119999326765537
21:06:06.413324,204,0.3435760558589064,4.285534854762936,-0.04299428450140333,-0.6263600167294499,17.519999608397484
21:06:06.413324,204,0.3671458902500503,4.068378542921456,0.4511613832510574,-0.41748001115047373,23.35999947786331
21:06:06.413324,204,0.3741446656280326,4.145932638801756,0.29187150928949895,-0.3480400092958007,22.359999500215054
21:06:06.413324,204,0.3805766898886245,4.2172065116252275,0.12706844092890024,-0.3480400092958007,23.35999947786331
21:06:06.413324,204,0.3864135105375853,4.281884876596003,-0.04299428450140333,-0.6263600167294499,14.6399996727705
21:06:06.413324,204,0.024054942314260325,0.10757090196510127,-0.22772541992759843,-4.244520113366889,5.119999885559082
21:06:06.444313,205,-0.1608388397415466,3.9968602042322874,1.3889327525412436,-0.3480400092958007,19.119999572634697
21:06:06.444313,205,-0.16335287819790467,4.059334294907609,1.3793812874722295,-0.3480400092958007,21.639999516308308
21:06:06.444313,205,-0.1664668177304305,4.093262800175257,1.2053811595924426,-0.41748001115047373,21.239999525249004
21:06:06.444313,205,-0.12064320519805155,3.9982196694150147,1.3885684849433937,-0.3480400092958007,24.23999945819378
21:06:06.444313,205,-0.12252895404984367,4.060715009607898,1.3790113260833097,-0.3480400092958007,27.99999937415123
21:06:06.444313,205,-0.12486468120754089,4.094669834963295,1.2050041457572656,-0.41748001115047373,27.639999382197857
21:06:06.444313,205,-0.12701126442146926,4.121109600233453,1.0273029408728356,-0.27832000743364915,20.63999953866005
21:06:06.444313,205,-0.0791782357611908,3.9366802931518983,1.3978694940405036,-0.41748001115047373,16.639999628067017
21:06:06.444313,205,-0.08043550643511167,3.999190813089602,1.3883082677800536,-0.3480400092958007,31.5199992954731
21:06:06.444313,205,-0.08198824039906885,4.033596972968637,1.2167886268300663,-0.3480400092958007,37.35999916493893
21:06:06.444313,205,-0.08325005832114224,4.0956749603255975,1.2047348232281443,-0.41748001115047373,36.75999917834997
21:06:06.444313,205,-0.08468123306184971,4.122132004983408,1.0270289883457475,-0.27832000743364915,25.879999421536922
21:06:06.444313,205,-0.039591097418881616,3.9372539097506722,1.3977157939360971,-0.41748001115047373,19.63999956101179
21:06:06.444313,205,-0.040219764188917206,3.999773538142495,1.3881521270727215,-0.3480400092958007,41.879999063909054
21:06:06.444313,205,-0.040996169990860656,4.0341909469962856,1.216629471969033,-0.3480400092958007,51.51999884843826
21:06:06.444313,205,-0.04162711049865844,4.096278075750472,1.2045732189371066,-0.41748001115047373,50.35999887436628
21:06:06.444313,205,-0.04234273364986996,4.1227454887320905,1.0268646058707183,-0.27832000743364915,32.87999926507473
21:06:06.444313,205,0.0,3.9374451216572735,1.3976645588601402,-0.41748001115047373,22.759999491274357
21:06:06.444313,205,0.0,3.999967786301678,1.3881000784353372,-0.3480400092958007,56.639998733997345
21:06:06.444313,205,0.0,4.034388944938711,1.216576418580257,-0.41748001115047373,72.87999837100506
21:06:06.444313,205,0.0,4.09647912092688,1.204519349044446,-0.41748001115047373,69.75999844074249
21:06:06.444313,205,0.0,4.1130121048731665,0.9856296571627781,-0.27832000743364915,42.23999905586243
21:06:06.444313,205,0.039591097418881616,3.9372539097506722,1.3977157939360971,-0.41748001115047373,25.75999942421913
21:06:06.444313,205,0.040262173525418346,3.9934544395096263,1.348183766383616,-0.3480400092958007,76.359998293221
21:06:06.444313,205,0.040996169990860656,4.0341909469962856,1.216629471969033,-0.41748001115047373,102.8799977004528
21:06:06.444313,205,0.04171052877448388,4.061190185772562,1.0413941576390693,-0.41748001115047373,94.35999789088964
21:06:06.444313,205,0.04235332295089391,4.112807552330794,0.9856844668513167,-0.27832000743364915,53.99999879300594
21:06:06.444313,205,0.042992134805188584,4.141455261760122,0.8457894484836741,-0.4872000130126253,7.759999826550484
21:06:06.444313,205,0.0791782357611908,3.9366802931518983,1.3978694940405036,-0.41748001115047373,28.11999937146902
21:06:06.444313,205,0.08052032086721583,3.992871100008007,1.348340071731988,-0.41748001115047373,97.9999978095293
21:06:06.444313,205,0.08198824039906885,4.033596972968637,1.2167886268300663,-0.41748001115047373,135.51999697089195
21:06:06.444313,205,0.08341688653103542,4.060585861739925,1.0415560857755808,-0.41748001115047373,115.87999740988016
21:06:06.444313,205,0.08471511797800634,4.079916530712305,0.8629335030582665,-0.27832000743364915,66.51999851316214
21:06:06.444313,205,0.08597997043291547,4.140832369146662,0.8459563520564222,-0.4872000130126253,9.63999978452921
21:06:06.444313,205,0.11875745634625945,3.9357243292221322,1.398125643803478,-0.41748001115047373,29.11999934911728
21:06:06.444313,205,0.12077041624438657,3.991898932320482,1.3486005632787679,-0.41748001115047373,111.63999750465155
21:06:06.444313,205,0.12297211205192696,4.032607082252672,1.2170538672480042,-0.41748001115047373,148.99999666959047
21:06:06.444313,205,0.12511490266882058,4.059578722165641,1.0418259480111756,-0.41748001115047373,118.75999734550714
21:06:06.444313,205,0.1270620875600828,4.078893716850461,0.863207565206555,-0.5566400148672983,75.63999830931425
21:06:06.444313,205,0.1289592081356332,4.139794284000839,0.8462345061329202,-0.4872000130126253,11.999999731779099
21:06:06.444313,205,0.13083670009917248,4.188772737123686,0.7872947244980164,-0.4872000130126253,5.359999880194664
21:06:06.444313,205,0.15849174532152452,3.9281627635211085,1.3591414043121826,-0.41748001115047373,28.519999362528324
21:06:06.444313,205,0.16142055546278147,3.969179947498006,1.229469173805612,-0.41748001115047373,106.99999760836363
21:06:06.444313,205,0.163943686596606,4.0312213738366305,1.2174251666990275,-0.41748001115047373,129.99999709427357
21:06:06.444313,205,0.16680040742116023,4.058168867762823,1.0422037173598562,-0.41748001115047373,100.51999775320292
21:06:06.444313,205,0.169396351039856,4.077461920639483,0.8635912138450124,-0.5566400148672983,76.7599982842803
21:06:06.444313,205,0.17192555002557944,4.138341110130295,0.8466238828979946,-0.4872000130126253,14.759999670088291
21:06:06.444313,205,0.17424543821084063,4.149025348209088,0.6625335302240265,-0.7655200204462744,6.6399998515844345
21:06:06.444313,205,0.19808496261811778,3.9264406159520875,1.359602852362549,-0.41748001115047373,26.519999407231808
21:06:06.444313,205,0.20174542610894197,3.9674259759166066,1.229939149074395,-0.41748001115047373,88.2399980276823
21:06:06.444313,205,0.20489886690997755,4.029439986290195,1.2179024880535019,-0.41748001115047373,97.23999782651663
21:06:06.444313,205,0.20846923227250333,4.056356439515728,1.0426893560450048,-0.41748001115047373,75.99999830126762
21:06:06.444313,205,0.21171367502644564,4.075621285257796,0.8640844106090955,-0.5566400148672983,69.35999844968319
21:06:06.444313,205,0.21484246803246557,4.124724220689394,0.8057660098476027,-0.4872000130126253,17.519999608397484
21:06:06.444313,205,0.21777412473029553,4.147132023372397,0.6630408450850276,-0.7655200204462744,8.239999815821648
21:06:06.444313,205,0.23765837158440492,3.9243361197609326,1.3601667504174433,-0.41748001115047373,23.639999471604824
21:06:06.444313,205,0.242050122381514,3.965282590193544,1.230513467547958,-0.41748001115047373,66.9999985024333
21:06:06.444313,205,0.24583355750832253,4.027263097750628,1.2184857835796916,-0.41748001115047373,69.11999845504761
21:06:06.444313,205,0.25011721037527485,4.054141618665665,1.0432828155031588,-0.41748001115047373,55.519998759031296
21:06:06.444313,205,0.2540098278229065,4.073371994767394,0.864687106179542,-0.5566400148672983,57.759998708963394
21:06:06.444313,205,0.2577636910188165,4.122441689245831,0.806377612304604,-0.4872000130126253,19.239999569952488
21:06:06.444313,205,0.2612810340197287,4.144818345393164,0.6636607932311089,-0.7655200204462744,9.879999779164791
21:06:06.444313,205,0.2823306138446377,3.962750004665591,1.2311920717949358,-0.41748001115047373,49.87999888509512
21:06:06.444313,205,0.28674366495687625,4.024690925904957,1.219174994948533,-0.41748001115047373,49.63999889045954
21:06:06.444313,205,0.2917401769665572,4.051524626692863,1.0439840363888702,-0.41748001115047373,40.879999086260796
21:06:06.444313,205,0.2962805798493947,4.07071427409544,0.8653992402872994,-0.5566400148672983,45.99999897181988
21:06:06.444313,205,0.3003434589234615,4.082033695253528,0.6837565865144606,-0.7655200204462744,19.63999956101179
21:06:06.444313,205,0.3047618154246614,4.142084545637243,0.6643933126679764,-0.7655200204462744,11.519999742507935
21:06:06.444313,205,0.3225828724829138,3.959828472589179,1.231974893955472,-0.41748001115047373,37.51999916136265
21:06:06.444313,205,0.3276250982791684,4.021723727968215,1.2199700532394664,-0.41748001115047373,36.51999918371439
21:06:06.444313,205,0.3333339697845632,4.048505725294325,1.0447929485806373,-0.5566400148672983,30.879999309778214
21:06:06.444313,205,0.3385217040661222,4.067648389011778,0.8662207417195533,-0.5566400148672983,36.35999918729067
21:06:06.444313,205,0.34316383332166367,4.078925767858633,0.6845893531500573,-0.7655200204462744,18.35999958962202
21:06:06.444313,205,0.34821212090338133,4.138930897482323,0.6652383301442988,-0.7655200204462744,12.639999717473984
21:06:06.444313,205,0.3532404547792425,4.198698852680624,0.64596379339548,-0.7655200204462744,5.519999876618385
21:06:06.444313,205,0.3628028731042018,3.9565182861150703,1.2328618557480058,-0.41748001115047373,28.879999354481697
21:06:06.444313,205,0.3684737693661172,4.018361800657706,1.2208708789473293,-0.41748001115047373,27.759999379515648
21:06:06.444313,205,0.37489442948485807,4.045085216357663,1.0457094711879193,-0.5566400148672983,23.879999466240406
21:06:06.444313,205,0.3806718665762058,4.052600427289577,0.82640105913876,-0.5566400148672983,28.879999354481697
21:06:06.444313,205,0.38594989162403653,4.075404389706341,0.6855329035822084,-0.7655200204462744,16.239999637007713
21:06:06.444313,205,0.3914120503763172,4.121776012072871,0.6247369401766416,-0.7655200204462744,12.879999712109566
21:06:06.444313,205,0.4029865937421358,3.952819776259137,1.2338528684771017,-0.41748001115047373,22.639999493956566
21:06:06.444313,205,0.40928559338483694,4.014605480163348,1.221877381990305,-0.41748001115047373,21.7599995136261
21:06:06.444313,205,0.4228347408950807,4.048719756118586,0.827440881845118,-0.5566400148672983,23.23999948054552
21:06:06.444313,205,0.4286973552605962,4.0714699129315175,0.6865871434566615,-0.7655200204462744,14.51999967545271
21:06:06.444313,205,0.43476449781442095,4.117785852585817,0.6258061001888695,-0.7655200204462744,12.359999723732471
21:06:06.444313,205,0.4714019495207927,4.067122730978542,0.6877519673503123,-0.7655200204462744,12.879999712109566
21:06:06.444313,205,0.4780734691669893,4.113377147107462,0.6269874092614611,-0.7655200204462744,11.239999748766422
21:06:06.444313,205,0.5137764614171909,4.04898565624934,0.6481675735402468,-0.7655200204462744,11.359999746084213
21:06:06.444313,205,0.5213346335731713,4.108550336504665,0.6282807492644986,-0.7655200204462744,9.879999779164791
21:06:06.444313,205,0.563272392246544,4.06013497657448,0.5061400484907417,-0.7655200204462744,8.639999806880951
21:06:06.444313,205,1.772575228487159,6.854074908292414,1.8348297101760638,-0.27832000743364915,5.239999882876873
21:06:06.477061,206,0.17935116934684728,0.04106366358652307,1.8263453436636372,-4.174800111504737,5.879999868571758
21:06:06.477061,206,-0.08198824039906885,4.033596972968637,1.2167886268300663,-0.3480400092958007,29.639999337494373
21:06:06.477061,206,-0.08341688653103542,4.060585861739925,1.0415560857755808,-0.41748001115047373,26.87999939918518
21:06:06.477061,206,-0.040219764188917206,3.999773538142495,1.3881521270727215,-0.3480400092958007,23.999999463558197
21:06:06.477061,206,-0.041078323899097796,3.999634882813033,1.0559237094074203,-0.27832000743364915,37.87999915331602
21:06:06.477061,206,-0.04171052877448388,4.061190185772562,1.0413941576390693,-0.41748001115047373,34.879999220371246
21:06:06.477061,206,-0.04234273364986996,4.1227454887320905,1.0268646058707183,-0.41748001115047373,16.639999628067017
21:06:06.477061,206,0.0,3.999967786301678,1.3881000784353372,-0.3480400092958007,29.23999934643507
21:06:06.477061,206,0.0,3.999833277531664,1.0558705497027803,-0.41748001115047373,49.359998896718025
21:06:06.477061,206,0.0,4.0613916338316525,1.041340179794319,-0.41748001115047373,46.759998954832554
21:06:06.477061,206,0.0,4.122949990131642,1.0268098098858576,-0.41748001115047373,21.239999525249004
21:06:06.477061,206,0.040219764188917206,3.999773538142495,1.3881521270727215,-0.3480400092958007,35.23999921232462
21:06:06.477061,206,0.041078323899097796,3.999634882813033,1.0559237094074203,-0.41748001115047373,65.23999854177237
21:06:06.477061,206,0.04171052877448388,4.061190185772562,1.0413941576390693,-0.41748001115047373,64.63999855518341
21:06:06.477061,206,0.04234273364986996,4.1227454887320905,1.0268646058707183,-0.41748001115047373,27.87999937683344
21:06:06.477061,206,0.08043550643511167,3.999190813089602,1.3883082677800536,-0.3480400092958007,41.63999906927347
21:06:06.477061,206,0.08215254000022114,3.9990397184964435,1.0560831832054143,-0.41748001115047373,85.23999809473753
21:06:06.477061,206,0.08341688653103542,4.060585861739925,1.0415560857755808,-0.41748001115047373,91.75999794900417
21:06:06.477061,206,0.08468123306184971,4.122132004983408,1.0270289883457475,-0.41748001115047373,37.35999916493893
21:06:06.477061,206,0.12064320519805155,3.9982196694150147,1.3885684849433937,-0.3480400092958007,46.879998952150345
21:06:06.477061,206,0.12321854091617192,3.9980478440978304,1.0563489551495158,-0.41748001115047373,105.5199976414442
21:06:06.477061,206,0.12511490266882058,4.059578722165641,1.0418259480111756,-0.41748001115047373,128.9999971166253
21:06:06.477061,206,0.12701126442146926,4.121109600233453,1.0273029408728356,-0.41748001115047373,50.519998870790005
21:06:06.477061,206,0.1608388397415466,3.9968602042322874,1.3889327525412436,-0.4872000130126253,49.239998899400234
21:06:06.477061,206,0.1642722200812637,3.9966593588038,1.0567209986627535,-0.41748001115047373,116.75999739021063
21:06:06.477061,206,0.16684212177384486,4.048378555703638,1.0016386273721039,-0.41748001115047373,165.87999629229307
21:06:06.477061,206,0.16937094137657568,4.109739673280502,0.9865065025653186,-0.41748001115047373,65.99999852478504
21:06:06.477061,206,0.1718997609793065,4.171100790857367,0.9713743777585335,-0.41748001115047373,8.239999815821648
21:06:06.477061,206,0.19787631387663382,3.932665779976841,1.3989451796037646,-0.4872000130126253,20.119999550282955
21:06:06.477061,206,0.20101839053581846,3.995112553486797,1.3894010341471494,-0.4872000130126253,47.8799989297986
21:06:06.477061,206,0.20530947216197473,3.994874401461722,1.0571992765410874,-0.41748001115047373,110.87999752163887
21:06:06.477061,206,0.20852136739143592,4.046565674194634,1.0021243875084147,-0.41748001115047373,173.99999611079693
21:06:06.477061,206,0.21168191771195072,4.10789931399641,0.9869996253492743,-0.41748001115047373,77.63999826461077
21:06:06.477061,206,0.21487469950456253,4.136472992851199,0.8471244434142948,-0.41748001115047373,9.359999790787697
21:06:06.477061,206,0.24117783965945006,3.9929768919421584,1.3899732829333415,-0.4872000130126253,43.239999033510685
21:06:06.477061,206,0.24632619346747803,3.9926931505658323,1.0577837409571307,-0.41748001115047373,92.11999794095755
21:06:06.477061,206,0.25017976104698714,4.044350299450132,1.0027179953821364,-0.41748001115047373,144.63999676704407
21:06:06.477061,206,0.2540098278229065,4.073371994767394,0.864687106179542,-0.41748001115047373,76.87999828159809
21:06:06.477061,206,0.25780236169361737,4.1341901189737165,0.8477361376261883,-0.41748001115047373,10.519999764859676
21:06:06.477061,206,0.2813131712011747,3.9904534331627337,1.3906494416754218,-0.4872000130126253,37.119999170303345
21:06:06.477061,206,0.28731828236000684,3.9901158242393935,1.0584743334649314,-0.41748001115047373,71.23999840766191
21:06:06.477061,206,0.2918569158362996,4.00993583140756,0.8823395762098316,-0.41748001115047373,105.1199976503849
21:06:06.477061,206,0.2962805798493947,4.07071427409544,0.8653992402872994,-0.41748001115047373,64.3599985614419
21:06:06.477061,206,0.30070424386248984,4.131492716783321,0.8484589043647668,-0.41748001115047373,11.239999748766422
21:06:06.477061,206,0.3214203716614637,3.9875424294922874,1.3914294427580818,-0.4872000130126253,30.759999312460423
21:06:06.477061,206,0.3282816396650152,3.9871426802128807,1.059270985005817,-0.41748001115047373,53.75999879837036
21:06:06.477061,206,0.33346735227333796,4.006915722005583,0.883148812085145,-0.41748001115047373,73.87999834865332
21:06:06.477061,206,0.3385217040661222,4.067648389011778,0.8662207417195533,-0.41748001115047373,48.99999890476465
21:06:06.477061,206,0.3435760558589064,4.128381056017972,0.8492926713539617,-0.41748001115047373,11.519999742507935
21:06:06.477061,206,0.36149543035387277,3.984244172028747,1.3923132081818674,-0.4872000130126253,25.239999435842037
21:06:06.477061,206,0.36921216908109167,3.983774015798203,1.0601736159153012,-0.3480400092958007,40.879999086260796
21:06:06.477061,206,0.3750444422545281,4.0034938443635495,0.8840657014359259,-0.6263600167294499,52.7599988207221
21:06:06.477061,206,0.3807289763960567,4.064174646102345,0.8671515283268492,-0.41748001115047373,36.23999918997288
21:06:06.477061,206,0.3863555480305451,4.113108418325532,0.8088784547104393,-0.41748001115047373,11.239999748766422
21:06:06.477061,206,0.4015343398061076,3.9805589905950964,1.393300649570976,-0.4872000130126253,20.63999953866005
21:06:06.477061,206,0.4101057775895863,3.980010167858982,1.0611821359310492,-0.6263600167294499,31.63999929279089
21:06:06.477061,206,0.4165840281057054,3.9996705406663566,0.8850901525740076,-0.6263600167294499,38.87999913096428
21:06:06.477061,206,0.4228981761473267,4.060293392738522,0.868191507031306,-0.6263600167294499,27.119999393820763
21:06:06.477061,206,0.4291479418066449,4.109169806180432,0.8099338026540182,-0.41748001115047373,10.519999764859676
21:06:06.477061,206,0.45113882537088656,3.934887369439948,0.9031035522743445,-0.6263600167294499,24.999999441206455
21:06:06.477061,206,0.4580819559030864,3.9954461932411713,0.8862220630551343,-0.6263600167294499,29.639999337494373
21:06:06.477061,206,0.46502508643528634,4.056005017042395,0.8693405738359246,-0.6263600167294499,20.75999953597784
21:06:06.477061,206,0.4995340758886587,3.990821224519197,0.8874613196892067,-0.6263600167294499,23.11999948322773
21:06:06.477061,206,0.5070294281494846,4.039737658755906,0.8298476275797855,-0.6263600167294499,16.239999637007713
21:06:06.477061,206,1.8509675477374734,6.731591873663652,1.2820670468620528,-0.27832000743364915,4.999999888241291
21:06:06.505479,207,-0.08088819346940687,4.043870494878199,0.12137679462231804,-0.27832000743364915,18.35999958962202
21:06:06.505479,207,-0.08218541306818801,4.108722827905922,-0.0410968160785306,-0.27832000743364915,21.239999525249004
21:06:06.505479,207,-0.08345026552309717,4.171957019490581,-0.04172930555282151,-0.27832000743364915,19.35999956727028
21:06:06.505479,207,-0.039591097418881616,3.958977859179572,0.43727442784470455,-0.27832000743364915,15.239999659359455
21:06:06.505479,207,-0.04044611902371172,4.044477171482751,0.12137679462231804,-0.27832000743364915,23.35999947786331
21:06:06.505479,207,-0.041094761254942144,4.109339233900485,-0.0410968160785306,-0.27832000743364915,27.359999388456345
21:06:06.505479,207,-0.04172721910502429,4.172582912115512,-0.04172930555282151,-0.27832000743364915,24.879999443888664
21:06:06.505479,207,-0.04235967695510643,4.2358265903305385,-0.04236179502711242,-0.3480400092958007,12.639999717473984
21:06:06.505479,207,0.0,3.959175816311887,0.43727442784470455,-0.27832000743364915,18.999999575316906
21:06:06.505479,207,0.0,4.044679403758622,0.12137679462231804,-0.27832000743364915,30.51999931782484
21:06:06.505479,207,0.0,4.109544709414466,-0.0410968160785306,-0.27832000743364915,36.35999918729067
21:06:06.505479,207,0.0,4.172791549945026,-0.04172930555282151,-0.3480400092958007,32.99999926239252
21:06:06.505479,207,0.0,4.236038390475584,-0.04236179502711242,-0.3480400092958007,15.119999662041664
21:06:06.505479,207,0.039591097418881616,3.958977859179572,0.43727442784470455,-0.27832000743364915,23.759999468922615
21:06:06.505479,207,0.04036522948306288,4.036388486870658,0.2830237388784945,-0.27832000743364915,40.3599990978837
21:06:06.505479,207,0.041094761254942144,4.109339233900485,-0.0410968160785306,-0.27832000743364915,49.63999889045954
21:06:06.505479,207,0.04172721910502429,4.172582912115512,-0.04172930555282151,-0.3480400092958007,45.11999899148941
21:06:06.505479,207,0.04235967695510643,4.2358265903305385,-0.04236179502711242,-0.3480400092958007,18.35999958962202
21:06:06.505479,207,0.0791782357611908,3.9583840075781733,0.43727442784470455,-0.27832000743364915,29.639999337494373
21:06:06.505479,207,0.08072642247699546,4.035783023578855,0.2830237388784945,-0.27832000743364915,53.51999880373478
21:06:06.505479,207,0.08218541306818801,4.108722827905922,-0.0410968160785306,-0.27832000743364915,69.2399984523654
21:06:06.505479,207,0.08345026552309717,4.171957019490581,-0.04172930555282151,-0.3480400092958007,63.63999857753515
21:06:06.505479,207,0.08471511797800634,4.235191211075239,-0.04236179502711242,-0.3480400092958007,22.239999502897263
21:06:06.505479,207,0.11875745634625945,3.9573943208923557,0.43727442784470455,-0.27832000743364915,36.23999918997288
21:06:06.505479,207,0.12107954289631301,4.034773985365877,0.2830237388784945,-0.27832000743364915,68.87999846041203
21:06:06.505479,207,0.12326784640898207,4.107695553070861,-0.0410968160785306,-0.27832000743364915,96.11999785155058
21:06:06.505479,207,0.12516496698453244,4.170913934658969,-0.04172930555282151,-0.3480400092958007,90.51999797672033
21:06:06.505479,207,0.1270620875600828,4.234132316247079,-0.04236179502711242,-0.3480400092958007,26.519999407231808
21:06:06.505479,207,0.15832480128518855,3.9560088980899555,0.43727442784470455,-0.27832000743364915,42.23999905586243
21:06:06.505479,207,0.16142055546278147,4.0333614731347,0.2830237388784945,-0.3480400092958007,81.87999816983938
21:06:06.505479,207,0.16433795306840915,4.106257512121922,-0.0410968160785306,-0.27832000743364915,124.6399972140789
21:06:06.505479,207,0.16686715205413255,4.169453761928288,-0.04172930555282151,-0.3480400092958007,123.35999724268913
21:06:06.505479,207,0.169396351039856,4.232650011734653,-0.04236179502711242,-0.3480400092958007,30.119999326765537
21:06:06.505479,207,0.19787631387663382,3.954227877712094,0.43727442784470455,-0.5566400148672983,45.639998979866505
21:06:06.505479,207,0.20174542610894197,4.031545628135361,0.2830237388784945,-0.3480400092958007,85.11999809741974
21:06:06.505479,207,0.20539162607021186,4.104408848861997,-0.0410968160785306,-0.27832000743364915,137.23999693244696
21:06:06.505479,207,0.20855265054832875,4.167576647314584,-0.04172930555282151,-0.3480400092958007,144.35999677330256
21:06:06.505479,207,0.21171367502644564,4.230744445767172,-0.04236179502711242,-0.3480400092958007,31.63999929279089
21:06:06.505479,207,0.23275909414052012,3.8746620229793285,0.5470090232403212,-0.5566400148672983,11.519999742507935
21:06:06.505479,207,0.23740803900247234,3.9520514378593177,0.43727442784470455,-0.5566400148672983,44.87999899685383
21:06:06.505479,207,0.242050122381514,4.029326631950843,0.2830237388784945,-0.3480400092958007,76.359998293221
21:06:06.505479,207,0.2464247600814848,4.102149748155863,-0.0410968160785306,-0.3480400092958007,122.35999726504087
21:06:06.505479,207,0.25021729395219566,4.165282778527749,-0.04172930555282151,-0.3480400092958007,133.63999701291323
21:06:06.505479,207,0.2540098278229065,4.228415808899635,-0.04236179502711242,-0.3480400092958007,30.119999326765537
21:06:06.505479,207,0.2737944729546437,4.557764113906292,-1.0210418750338275,-0.13916000371682458,5.239999882876873
21:06:06.505479,207,0.2769160235233113,3.9494797961737866,0.43727442784470455,-0.5566400148672983,40.3599990978837
21:06:06.505479,207,0.2823306138446377,4.026704706478902,0.2830237388784945,-0.4872000130126253,61.639998622238636
21:06:06.505479,207,0.2874332518232045,4.099480435911698,-0.0410968160785306,-0.41748001115047373,93.87999790161848
21:06:06.505479,207,0.2918569158362996,4.162572384952739,-0.04172930555282151,-0.41748001115047373,102.35999771207571
21:06:06.505479,207,0.2962805798493947,4.2256643339937785,-0.04236179502711242,-0.3480400092958007,26.359999410808086
21:06:06.505479,207,0.31504040554958024,4.493223977671773,-1.0072388510218822,-0.20888000557897612,5.639999873936176
21:06:06.505479,207,0.31639631667379836,3.9465132098175157,0.43727442784470455,-0.5566400148672983,34.23999923467636
21:06:06.505479,207,0.3225828724829138,4.023680113909888,0.2830237388784945,-0.4872000130126253,47.51999893784523
21:06:06.505479,207,0.3284130004805537,4.096401179058491,-0.0410968160785306,-0.41748001115047373,67.87999848276377
21:06:06.505479,207,0.33346735227333796,4.15944573762664,-0.04172930555282151,-0.41748001115047373,72.75999837368727
21:06:06.505479,207,0.3385217040661222,4.222490296194788,-0.04236179502711242,-0.41748001115047373,21.99999950826168
21:06:06.505479,207,0.3558449704576952,3.9431519754466553,0.43727442784470455,-0.5566400148672983,27.99999937415123
21:06:06.505479,207,0.3628028731042018,4.020253156700528,0.2830237388784945,-0.4872000130126253,36.23999918997288
21:06:06.505479,207,0.3693599081129995,4.092912285519345,-0.0410968160785306,-0.41748001115047373,49.11999890208244
21:06:06.505479,207,0.3750444422545281,4.155903149211564,-0.04172930555282151,-0.41748001115047373,51.51999884843826
21:06:06.505479,207,0.3807289763960567,4.218894012903784,-0.04236179502711242,-0.41748001115047373,17.999999597668648
21:06:06.505479,207,0.39525804004267345,3.9393964291818264,0.43727442784470455,-0.5566400148672983,22.759999491274357
21:06:06.505479,207,0.4029865937421358,4.016424177543668,0.2830237388784945,-0.4872000130126253,27.99999937415123
21:06:06.505479,207,0.41026988006408405,4.089014104180692,-0.0410968160785306,-0.41748001115047373,36.35999918729067
21:06:06.505479,207,0.4165840281057054,4.151944973963388,-0.04172930555282151,-0.41748001115047373,37.51999916136265
21:06:06.505479,207,0.4228981761473267,4.214875843746082,-0.04236179502711242,-0.41748001115047373,14.879999667406082
21:06:06.505479,207,0.43463158415479486,3.9352469465745084,0.43727442784470455,-0.5566400148672983,18.35999958962202
21:06:06.505479,207,0.44313001605831814,4.012193559334018,0.2830237388784945,-0.4872000130126253,21.99999950826168
21:06:06.505479,207,0.45113882537088656,4.084707024857401,-0.0410968160785306,-0.41748001115047373,27.759999379515648
21:06:06.505479,207,0.4580819559030864,4.1475716076963165,-0.04172930555282151,-0.41748001115047373,28.11999937146902
21:06:06.505479,207,0.46502508643528634,4.210436190535232,-0.04236179502711242,-0.41748001115047373,12.519999720156193
21:06:06.505479,207,0.49196265717311655,4.079991478253796,-0.0410968160785306,-0.41748001115047373,21.7599995136261
21:06:06.505479,207,0.4995340758886587,4.142783487743315,-0.04172930555282151,-0.41748001115047373,21.7599995136261
21:06:06.505479,207,6.025703581017758,3.7845001158050815,-0.6421373109309609,-0.6263600167294499,4.999999888241291
21:06:06.539835,208,-0.021645757378005653,0.16556678840988578,0.19007394835615296,-2.365720063186018,4.999999888241291
21:06:06.539835,208,-0.12321854091617192,4.106052529691623,0.12327401005784544,-0.27832000743364915,28.879999354481697
21:06:06.539835,208,-0.08088819346940687,4.043870494878199,0.12137679462231804,-0.27832000743364915,24.51999945193529
21:06:06.539835,208,-0.08217308515403994,4.108106514373024,0.08218952250988429,-0.27832000743364915,36.35999918729067
21:06:06.539835,208,-0.08343774787950817,4.1713312207503215,0.08345443821004858,-0.27832000743364915,28.639999359846115
21:06:06.539835,208,-0.04044611902371172,4.044477171482751,0.12137679462231804,-0.27832000743364915,31.5199992954731
21:06:06.539835,208,-0.041088596989657424,4.108722827905923,0.08218952250988429,-0.27832000743364915,46.759998954832554
21:06:06.539835,208,-0.04172721910502429,4.172582912115512,-0.04172930555282151,-0.27832000743364915,35.11999921500683
21:06:06.539835,208,0.0,3.9734952109256656,0.2785998536729923,-0.3480400092958007,20.359999544918537
21:06:06.539835,208,0.0,4.044679403758622,0.12137679462231804,-0.27832000743364915,41.23999907821417
21:06:06.539835,208,0.0,4.109544709414466,-0.0410968160785306,-0.20888000557897612,61.11999863386154
21:06:06.539835,208,0.0,4.172791549945026,-0.04172930555282151,-0.27832000743364915,43.5199990272522
21:06:06.539835,208,0.03973428897526509,3.973296537829618,0.2785998536729923,-0.3480400092958007,25.63999942690134
21:06:06.539835,208,0.04044611902371172,4.044477171482751,0.12137679462231804,-0.27832000743364915,54.359998784959316
21:06:06.539835,208,0.041094761254942144,4.109339233900485,-0.0410968160785306,-0.20888000557897612,80.11999820917845
21:06:06.539835,208,0.04172721910502429,4.172582912115512,-0.04172930555282151,-0.27832000743364915,54.119998790323734
21:06:06.539835,208,0.07946460455492207,3.9727005384086187,0.2785998536729923,-0.3480400092958007,32.239999279379845
21:06:06.539835,208,0.08088819346940687,4.043870494878199,0.12137679462231804,-0.27832000743364915,70.87999841570854
21:06:06.539835,208,0.08218541306818801,4.108722827905922,-0.0410968160785306,-0.27832000743364915,102.75999770313501
21:06:06.539835,208,0.08345026552309717,4.171957019490581,-0.04172930555282151,-0.27832000743364915,66.75999850779772
21:06:06.539835,208,0.08471511797800634,4.235191211075239,-0.04236179502711242,-0.27832000743364915,12.879999712109566
21:06:06.539835,208,0.11918697374069907,3.971707272262111,0.2785998536729923,-0.3480400092958007,40.23999910056591
21:06:06.539835,208,0.12132217916352325,4.042859434612118,0.12137679462231804,-0.27832000743364915,86.99999805539846
21:06:06.539835,208,0.12326784640898207,4.107695553070861,-0.0410968160785306,-0.27832000743364915,122.35999726504087
21:06:06.539835,208,0.12516496698453244,4.170913934658969,-0.04172930555282151,-0.27832000743364915,79.75999821722507
21:06:06.539835,208,0.1270620875600828,4.234132316247079,-0.04236179502711242,-0.27832000743364915,14.239999681711197
21:06:06.539835,208,0.15889742432895693,3.9703168387158754,0.2785998536729923,-0.3480400092958007,48.119998924434185
21:06:06.539835,208,0.16174403274136712,4.041444091789686,0.12137679462231804,-0.27832000743364915,94.75999788194895
21:06:06.539835,208,0.16433795306840915,4.106257512121922,-0.0410968160785306,-0.27832000743364915,128.11999713629484
21:06:06.539835,208,0.16686715205413255,4.169453761928288,-0.04172930555282151,-0.27832000743364915,89.63999799638987
21:06:06.539835,208,0.169396351039856,4.232650011734653,-0.04236179502711242,-0.27832000743364915,15.75999964773655
21:06:06.539835,208,0.19859198530790634,3.9685293768121035,0.2785998536729923,-0.3480400092958007,53.23999880999327
21:06:06.539835,208,0.20214971205144616,4.039624607944,0.12137679462231804,-0.27832000743364915,88.51999802142382
21:06:06.539835,208,0.20539162607021186,4.104408848861997,-0.0410968160785306,-0.27832000743364915,115.51999741792679
21:06:06.539835,208,0.20855265054832875,4.167576647314584,-0.04172930555282151,-0.27832000743364915,91.75999794900417
21:06:06.539835,208,0.21168191771195072,4.2301098288398755,-0.08471935391021287,-0.27832000743364915,17.23999961465597
21:06:06.539835,208,0.23826668725470546,3.966345065295488,0.2785998536729923,-0.3480400092958007,52.879998818039894
21:06:06.539835,208,0.2425351765596812,4.0374011650219215,0.12137679462231804,-0.6263600167294499,72.63999837636948
21:06:06.539835,208,0.2464247600814848,4.102149748155863,-0.0410968160785306,-0.6263600167294499,93.1199979186058
21:06:06.539835,208,0.25017976104698714,4.164657980931933,-0.08345443821004858,-0.27832000743364915,84.87999810278416
21:06:06.539835,208,0.25397172603290186,4.227781541270764,-0.08471935391021287,-0.27832000743364915,18.23999959230423
21:06:06.539835,208,0.27251887584544787,3.886766033013555,0.4303309501415281,-0.5566400148672983,17.639999605715275
21:06:06.539835,208,0.2779175627323991,3.9637641225953497,0.2785998536729923,-0.3480400092958007,47.23999894410372
21:06:06.539835,208,0.28289638775345644,4.034773985365877,0.12137679462231804,-0.6263600167294499,55.75999875366688
21:06:06.539835,208,0.2874332518232045,4.099480435911698,-0.0410968160785306,-0.6263600167294499,71.23999840766191
21:06:06.539835,208,0.2918131369360345,4.161947993919329,-0.08345443821004858,-0.27832000743364915,72.51999837905169
21:06:06.539835,208,0.2962361373940274,4.225030479089565,-0.08471935391021287,-0.27832000743364915,18.639999583363533
21:06:06.539835,208,0.3003434589234615,4.283610633428392,-0.2148854436867313,-0.6263600167294499,6.359999857842922
21:06:06.539835,208,0.316729937671637,3.950674572025787,0.3976614668876052,-0.5566400148672983,39.11999912559986
21:06:06.539835,208,0.3232293095454673,4.031743331691634,0.12137679462231804,-0.6263600167294499,41.999999061226845
21:06:06.539835,208,0.3284130004805537,4.096401179058491,-0.0410968160785306,-0.6263600167294499,53.75999879837036
21:06:06.539835,208,0.3334173317558697,4.158821815594216,-0.08345443821004858,-0.6263600167294499,58.87999868392944
21:06:06.539835,208,0.33811554573994596,4.21742415251656,-0.2117242611508118,-0.974120026017772,18.23999959230423
21:06:06.539835,208,0.34316383332166367,4.280393070226013,-0.2148854436867313,-0.6263600167294499,6.9999998435378075
21:06:06.539835,208,0.3648889192315474,4.55137706722422,-1.0210418750338275,-1.4613200390303973,5.639999873936176
21:06:06.539835,208,0.35622018770221936,3.9473097934342585,0.3976614668876052,-0.5566400148672983,31.239999301731586
21:06:06.539835,208,0.36352990867732526,4.02830950706202,0.12137679462231804,-0.6263600167294499,31.87999928742647
21:06:06.539835,208,0.3693599081129995,4.092912285519345,-0.0410968160785306,-0.6263600167294499,41.11999908089638
21:06:06.539835,208,0.37498818512186644,4.155279758571808,-0.08345443821004858,-0.6263600167294499,46.999998949468136
21:06:06.539835,208,0.38027217778632977,4.213832184046096,-0.2117242611508118,-0.974120026017772,17.11999961733818
21:06:06.539835,208,0.38594989162403653,4.276747471302729,-0.2148854436867313,-0.6263600167294499,7.519999831914902
21:06:06.539835,208,0.39525804004267345,3.9393964291818264,0.43727442784470455,-0.5566400148672983,24.639999449253082
21:06:06.539835,208,0.40379415512288114,4.02447285485662,0.12137679462231804,-0.6263600167294499,24.639999449253082
21:06:06.539835,208,0.41026988006408405,4.089014104180692,-0.0410968160785306,-0.6263600167294499,31.87999928742647
21:06:06.539835,208,0.4160842106064584,4.146963470559779,-0.20856307861489234,-0.6263600167294499,37.35999916493893
21:06:06.539835,208,0.4223907829335273,4.209818835887578,-0.2117242611508118,-0.974120026017772,15.639999650418758
21:06:06.539835,208,0.4286973552605962,4.272674201215377,-0.2148854436867313,-0.6263600167294499,7.759999826550484
21:06:06.539835,208,0.43463158415479486,3.9352469465745084,0.43727442784470455,-0.5566400148672983,19.519999563694
21:06:06.539835,208,0.44313001605831814,4.012193559334018,0.2830237388784945,-0.6263600167294499,19.519999563694
21:06:06.539835,208,0.45113882537088656,4.084707024857401,-0.0410968160785306,-0.6263600167294499,25.359999433159828
21:06:06.539835,208,0.4575323491918288,4.14259535145737,-0.20856307861489234,-0.6263600167294499,29.999999329447746
21:06:06.539835,208,0.4644671493563107,4.205384509372462,-0.2117242611508118,-0.974120026017772,14.119999684393406
21:06:06.539835,208,0.4714019495207927,4.268173667287553,-0.2148854436867313,-0.6263600167294499,7.639999829232693
21:06:06.539835,208,0.4989347349256011,4.137812976290485,-0.20856307861489234,-0.6263600167294499,24.35999945551157
21:06:06.539835,208,0.5064970694532897,4.200529647929684,-0.2117242611508118,-0.6263600167294499,12.639999717473984
21:06:06.539835,208,0.5140594039809782,4.263246319568881,-0.2148854436867313,-0.6263600167294499,7.239999838173389
21:06:06.539835,208,0.5484763402676668,4.19525473704132,-0.2117242611508118,-0.6263600167294499,11.359999746084213
21:06:06.539835,208,0.5566654529314449,4.257892650790004,-0.2148854436867313,-0.974120026017772,6.6399998515844345
21:06:06.575886,209,-0.12132217916352325,4.042859434612118,0.12137679462231804,-0.20888000557897612,26.359999410808086
21:06:06.575886,209,-0.12321854091617192,4.106052529691623,0.12327401005784544,-0.20888000557897612,29.759999334812164
21:06:06.575886,209,-0.07946460455492207,3.9727005384086187,0.2785998536729923,-0.20888000557897612,18.999999575316906
21:06:06.575886,209,-0.08088819346940687,4.043870494878199,0.12137679462231804,-0.20888000557897612,32.87999926507473
21:06:06.575886,209,-0.08215254000022114,4.107079393630466,0.12327401005784544,-0.20888000557897612,36.999999172985554
21:06:06.575886,209,-0.08345026552309717,4.171957019490581,-0.04172930555282151,-0.20888000557897612,23.759999468922615
21:06:06.575886,209,-0.03973428897526509,3.973296537829618,0.2785998536729923,-0.20888000557897612,23.519999474287033
21:06:06.575886,209,-0.04044611902371172,4.044477171482751,0.12137679462231804,-0.20888000557897612,41.75999906659126
21:06:06.575886,209,-0.041078323899097796,4.107695553070861,0.12327401005784544,-0.20888000557897612,46.999998949468136
21:06:06.575886,209,-0.04172721910502429,4.172582912115512,-0.04172930555282151,-0.20888000557897612,28.639999359846115
21:06:06.575886,209,0.0,3.9760824898710028,0.23885163482174915,-0.20888000557897612,29.35999934375286
21:06:06.575886,209,0.0,4.044679403758622,0.12137679462231804,-0.20888000557897612,53.63999880105257
21:06:06.575886,209,0.0,4.1089282725983205,0.08218952250988429,-0.20888000557897612,60.239998653531075
21:06:06.575886,209,0.0,4.172791549945026,-0.04172930555282151,-0.20888000557897612,34.759999223053455
21:06:06.575886,209,0.039760161332929186,3.9758836874120913,0.23885163482174915,-0.20888000557897612,36.75999917834997
21:06:06.575886,209,0.04044611902371172,4.044477171482751,0.12137679462231804,-0.20888000557897612,69.11999845504761
21:06:06.575886,209,0.041094761254942144,4.109339233900485,-0.0410968160785306,-0.20888000557897612,77.35999827086926
21:06:06.575886,209,0.04172721910502429,4.172582912115512,-0.04172930555282151,-0.20888000557897612,42.119999058544636
21:06:06.575886,209,0.07951634668303617,3.9752872999154376,0.23885163482174915,-0.20888000557897612,45.11999899148941
21:06:06.575886,209,0.08088819346940687,4.043870494878199,0.12137679462231804,-0.20888000557897612,87.23999805003405
21:06:06.575886,209,0.08218541306818801,4.108722827905922,-0.0410968160785306,-0.20888000557897612,96.87999783456326
21:06:06.575886,209,0.08345026552309717,4.171957019490581,-0.04172930555282151,-0.20888000557897612,50.519998870790005
21:06:06.575886,209,0.11926458046509371,3.9742933870192925,0.23885163482174915,-0.41748001115047373,52.879998818039894
21:06:06.575886,209,0.12132217916352325,4.042859434612118,0.12137679462231804,-0.20888000557897612,103.51999768614769
21:06:06.575886,209,0.12326784640898207,4.107695553070861,-0.0410968160785306,-0.20888000557897612,113.35999746620655
21:06:06.575886,209,0.1251461920838569,4.170288292382732,-0.08345443821004858,-0.20888000557897612,58.75999868661165
21:06:06.575886,209,0.1590008878890247,3.9729020481141104,0.23885163482174915,-0.41748001115047373,57.11999872326851
21:06:06.575886,209,0.16174403274136712,4.041444091789686,0.12137679462231804,-0.20888000557897612,109.75999754667282
21:06:06.575886,209,0.16433795306840915,4.106257512121922,-0.0410968160785306,-0.20888000557897612,118.63999734818935
21:06:06.575886,209,0.16684212177384486,4.168828338679775,-0.08345443821004858,-0.20888000557897612,64.87999854981899
21:06:06.575886,209,0.19543854450687073,3.905513125488846,0.27417596846749004,-0.41748001115047373,12.999999709427357
21:06:06.575886,209,0.1987212953573779,3.9711134223326177,0.23885163482174915,-0.41748001115047373,55.75999875366688
21:06:06.575886,209,0.20214971205144616,4.039624607944,0.12137679462231804,-0.20888000557897612,101.75999772548676
21:06:06.575886,209,0.20539162607021186,4.104408848861997,-0.0410968160785306,-0.20888000557897612,108.99999756366014
21:06:06.575886,209,0.20852136739143592,4.1669515056355975,-0.08345443821004858,-0.20888000557897612,66.63999851047993
21:06:06.575886,209,0.2384218308626842,3.968927688535895,0.23885163482174915,-0.41748001115047373,49.359998896718025
21:06:06.575886,209,0.2425351765596812,4.0374011650219215,0.12137679462231804,-0.41748001115047373,84.35999811440706
21:06:06.575886,209,0.2464247600814848,4.102149748155863,-0.0410968160785306,-0.20888000557897612,90.23999798297882
21:06:06.575886,209,0.24991708325352768,4.1602852724267905,-0.20856307861489234,-0.20888000557897612,63.23999858647585
21:06:06.575886,209,0.25370506684226135,4.223342555791515,-0.2117242611508118,-0.20888000557897612,11.639999739825726
21:06:06.575886,209,0.2780985243846542,3.966345065295488,0.23885163482174915,-0.41748001115047373,40.879999086260796
21:06:06.575886,209,0.28289638775345644,4.034773985365877,0.12137679462231804,-0.41748001115047373,65.99999852478504
21:06:06.575886,209,0.2874332518232045,4.099480435911698,-0.0410968160785306,-0.20888000557897612,70.63999842107296
21:06:06.575886,209,0.2915067459210617,4.157578130781876,-0.20856307861489234,-0.20888000557897612,56.11999874562025
21:06:06.575886,209,0.3076959939010421,4.388475234527111,-1.1702949723710618,-2.0179600538976956,6.7599998489022255
21:06:06.575886,209,0.317747408287177,3.9633658108715597,0.23885163482174915,-0.41748001115047373,32.75999926775694
21:06:06.575886,209,0.3232293095454673,4.031743331691634,0.12137679462231804,-0.41748001115047373,50.519998870790005
21:06:06.575886,209,0.3284130004805537,4.096401179058491,-0.0410968160785306,-0.4872000130126253,54.359998784959316
21:06:06.575886,209,0.3330672581582283,4.154455234807107,-0.20856307861489234,-0.4872000130126253,47.51999893784523
21:06:06.575886,209,0.35644934834575454,4.446107580094534,-1.1865553176953454,-2.0179600538976956,11.999999731779099
21:06:06.575886,209,0.36133406750573044,4.507036256173176,-1.202815663019629,-2.0179600538976956,10.119999773800373
21:06:06.575886,209,0.35736451771508004,3.959990223187055,0.23885163482174915,-0.41748001115047373,25.999999418854713
21:06:06.575886,209,0.36352990867732526,4.02830950706202,0.12137679462231804,-0.41748001115047373,38.87999913096428
21:06:06.575886,209,0.3693599081129995,4.092912285519345,-0.0410968160785306,-0.41748001115047373,41.999999061226845
21:06:06.575886,209,0.374594463948623,4.150916896789461,-0.20856307861489234,-0.5566400148672983,39.23999912291765
21:06:06.575886,209,0.38027217778632977,4.213832184046096,-0.2117242611508118,-0.20888000557897612,14.51999967545271
21:06:06.575886,209,0.39694589099061195,3.956218639797915,0.23885163482174915,-0.41748001115047373,20.75999953597784
21:06:06.575886,209,0.40379415512288114,4.02447285485662,0.12137679462231804,-0.41748001115047373,30.23999932408333
21:06:06.575886,209,0.41026988006408405,4.089014104180692,-0.0410968160785306,-0.41748001115047373,32.87999926507473
21:06:06.575886,209,0.4160842106064584,4.146963470559779,-0.20856307861489234,-0.5566400148672983,32.239999279379845
21:06:06.575886,209,0.4440180224912238,4.020233758737442,0.12137679462231804,-0.41748001115047373,23.999999463558197
21:06:06.575886,209,0.45113882537088656,4.084707024857401,-0.0410968160785306,-0.41748001115047373,26.239999413490295
21:06:06.611522,210,0.03973428897526509,3.973296537829618,0.2785998536729923,-0.27832000743364915,27.99999937415123
21:06:06.611522,210,0.04044611902371172,4.044477171482751,0.12137679462231804,-0.27832000743364915,31.5199992954731
21:06:06.611522,210,0.04104545576213198,4.104408848861997,-0.20540189607897288,-0.41748001115047373,24.999999441206455
21:06:06.611522,210,0.07946460455492207,3.9727005384086187,0.2785998536729923,-0.27832000743364915,33.11999925971031
21:06:06.611522,210,0.08088819346940687,4.043870494878199,0.12137679462231804,-0.27832000743364915,39.23999912291765
21:06:06.611522,210,0.08208680701307565,4.103793182431319,-0.20540189607897288,-0.41748001115047373,31.359999299049377
21:06:06.611522,210,0.08335014189806307,4.166951505635598,-0.20856307861489234,-0.41748001115047373,17.519999608397484
21:06:06.611522,210,0.11918697374069907,3.971707272262111,0.2785998536729923,-0.27832000743364915,38.6399991363287
21:06:06.611522,210,0.12132217916352325,4.042859434612118,0.12137679462231804,-0.27832000743364915,49.63999889045954
21:06:06.611522,210,0.12311994965209042,4.102767140120561,-0.20540189607897288,-0.41748001115047373,40.11999910324812
21:06:06.611522,210,0.12501479406245472,4.165909672297123,-0.20856307861489234,-0.41748001115047373,21.119999527931213
21:06:06.611522,210,0.15921584540147052,3.9782731196395074,0.11947957918679064,-0.27832000743364915,44.11999901384115
21:06:06.611522,210,0.16180875408268572,4.043061262315557,-0.040464326604239695,-0.27832000743364915,63.23999858647585
21:06:06.611522,210,0.16414078039928998,4.101330824533092,-0.20540189607897288,-0.41748001115047373,52.3599988296628
21:06:06.611522,210,0.16666694485217762,4.164451251481622,-0.20856307861489234,-0.41748001115047373,25.63999942690134
21:06:06.611522,210,0.19543854450687073,3.905513125488846,0.27417596846749004,-0.3480400092958007,15.75999964773655
21:06:06.611522,210,0.19898995194091754,3.9764820757674375,0.11947957918679064,-0.27832000743364915,48.35999891906977
21:06:06.611522,210,0.202230601592095,4.041241050409409,-0.040464326604239695,-0.27832000743364915,80.11999820917845
21:06:06.611522,210,0.20514519720596688,4.099484379299269,-0.20540189607897288,-0.41748001115047373,68.99999845772982
21:06:06.611522,210,0.20830242908704905,4.162576389029952,-0.20856307861489234,-0.41748001115047373,30.999999307096004
21:06:06.611522,210,0.23874415965188436,3.9742933870192925,0.11947957918679064,-0.27832000743364915,50.23999887704849
21:06:06.611522,210,0.24263222621077396,4.039016717783978,-0.040464326604239695,-0.27832000743364915,98.5199977979064
21:06:06.611522,210,0.24612909966479402,4.097227989062066,-0.20540189607897288,-0.41748001115047373,90.35999798029661
21:06:06.611522,210,0.24977952681603743,4.157995416873229,-0.25022980533764116,-0.41748001115047373,36.999999172985554
21:06:06.611522,210,0.2784744931469061,3.9717072722621105,0.11947957918679064,-0.27832000743364915,48.99999890476465
21:06:06.611522,210,0.28267003291866194,4.031545628135361,-0.20224071354305342,-0.904680024163099,112.87999747693539
21:06:06.611522,210,0.2870883894198618,4.0945618794586185,-0.20540189607897288,-0.41748001115047373,112.6399974822998
21:06:06.611522,210,0.29134629818795255,4.155289765261551,-0.25022980533764116,-0.41748001115047373,42.119999058544636
21:06:06.611522,210,0.3063482066984678,3.8211798963067105,0.4233874724383517,-0.6263600167294499,5.879999868571758
21:06:06.611522,210,0.3183042968949852,3.970312061922193,-0.03983183712994878,-0.904680024163099,45.11999899148941
21:06:06.611522,210,0.3229706829947929,4.028517399388199,-0.20224071354305342,-0.904680024163099,116.11999740451574
21:06:06.611522,210,0.32783842621181847,4.089234329060289,-0.24643708183234384,-0.41748001115047373,126.51999717205763
21:06:06.611522,210,0.33288393517413917,4.152168588154653,-0.25022980533764116,-0.41748001115047373,45.11999899148941
21:06:06.611522,210,0.35799083982994223,3.9669305581349064,-0.03983183712994878,-0.904680024163099,39.759999111294746
21:06:06.611522,210,0.3632390362732094,4.025086322276193,-0.20224071354305342,-0.904680024163099,106.23999762535095
21:06:06.611522,210,0.3687136952688258,4.085751539507437,-0.24643708183234384,-0.904680024163099,122.5199972614646
21:06:06.611522,210,0.3743882840456987,4.148632197667628,-0.25022980533764116,-0.41748001115047373,44.359999008476734
21:06:06.611522,210,0.38027217778632977,4.213832184046096,-0.2117242611508118,-0.3480400092958007,6.5199998542666435
21:06:06.611522,210,0.3976415839808413,3.9631523646153037,-0.03983183712994878,-0.6263600167294499,33.87999924272299
21:06:06.611522,210,0.40347106595232063,4.02125273990418,-0.20224071354305342,-0.904680024163099,88.63999801874161
21:06:06.611522,210,0.40862983971731703,4.0726684048368655,-0.3693783768771106,-0.904680024163099,103.75999768078327
21:06:06.611522,210,0.41585519440251645,4.144680947436566,-0.25022980533764116,-0.41748001115047373,40.639999091625214
21:06:06.611522,210,0.43725256430648674,3.958977859179572,-0.03983183712994878,-0.6263600167294499,28.359999366104603
21:06:06.611522,210,0.44242003716359274,4.005765259184056,-0.3636935584970444,-0.904680024163099,70.35999842733145
21:06:06.611522,210,0.44933541275993455,4.068378542921456,-0.3693783768771106,-0.904680024163099,80.99999818950891
21:06:06.611522,210,0.4562507883562764,4.130991826658858,-0.37506319525717685,-0.904680024163099,34.99999921768904
21:06:06.611522,210,0.4829420687388863,4.372660364922336,-1.1702949723710618,-2.226560059469193,7.519999831914902
21:06:06.611522,210,0.4762477313425355,3.9496629613728915,-0.19907953100713394,-0.904680024163099,23.759999468922615
21:06:06.611522,210,0.4824549004193865,4.001140846062666,-0.3636935584970444,-0.904680024163099,54.87999877333641
21:06:06.611522,210,0.48999605263772983,4.063681846560247,-0.3693783768771106,-0.904680024163099,61.639998622238636
21:06:06.611522,210,0.49753720485607306,4.126222847057829,-0.37506319525717685,-0.904680024163099,29.35999934375286
21:06:06.611522,210,0.5133864733674401,4.257665507430684,-1.3265902419557356,-2.2962800613313448,7.759999826550484
21:06:06.611522,210,0.5339611047772356,4.428296996622432,-1.1865553176953454,-0.41748001115047373,8.119999818503857
21:06:06.611522,210,0.5224415185893393,3.9961163222088283,-0.3636935584970444,-0.904680024163099,42.87999904155731
21:06:06.611522,210,0.5306076933207803,4.058578785418938,-0.3693783768771106,-0.904680024163099,46.879998952150345
21:06:06.611522,210,0.5387738680522213,4.121041248629047,-0.37506319525717685,-0.904680024163099,24.35999945551157
21:06:06.611522,210,0.5919069428954065,4.527452186648108,-1.0210418750338275,-0.13916000371682458,5.639999873936176
21:06:06.611522,210,0.5623758930451352,3.9906921900707193,-0.3636935584970444,-0.904680024163099,33.99999924004078
21:06:06.611522,210,0.5711662736790423,4.053069869799367,-0.3693783768771106,-0.904680024163099,36.23999918997288
21:06:06.611522,210,0.5799566543129493,4.115447549528014,-0.37506319525717685,-0.904680024163099,20.239999547600746
21:06:06.611522,210,0.6022540303827856,3.984868992057008,-0.3636935584970444,-0.904680024163099,27.239999391138554
21:06:06.611522,210,0.6116677378884599,4.047155650588482,-0.3693783768771106,-0.904680024163099,28.639999359846115
21:06:06.642246,211,-0.04036522948306288,4.036388486870658,0.2830237388784945,-0.41748001115047373,24.639999449253082
21:06:06.642246,211,0.0,3.9734952109256656,0.2785998536729923,-0.41748001115047373,24.51999945193529
21:06:06.642246,211,0.0,4.036590314695464,0.2830237388784945,-0.41748001115047373,30.35999932140112
21:06:06.642246,211,0.03896243064884603,3.8961132763406567,0.4303309501415281,-0.41748001115047373,18.11999959498644
21:06:06.642246,211,0.03973428897526509,3.973296537829618,0.2785998536729923,-0.41748001115047373,30.999999307096004
21:06:06.642246,211,0.04044611902371172,4.044477171482751,0.12137679462231804,-0.41748001115047373,38.1199991479516
21:06:06.642246,211,0.041078323899097796,4.107695553070861,0.12327401005784544,-0.3480400092958007,19.63999956101179
21:06:06.642246,211,0.0782027866328487,3.909618053238382,0.27417596846749004,-0.41748001115047373,22.759999491274357
21:06:06.642246,211,0.07946460455492207,3.9727005384086187,0.2785998536729923,-0.41748001115047373,40.11999910324812
21:06:06.642246,211,0.08088819346940687,4.043870494878199,0.12137679462231804,-0.41748001115047373,48.51999891549349
21:06:06.642246,211,0.08215254000022114,4.107079393630466,0.12327401005784544,-0.3480400092958007,22.759999491274357
21:06:06.642246,211,0.11498595864267525,3.831715445202182,0.4233874724383517,-0.6263600167294499,16.119999639689922
21:06:06.642246,211,0.11729440458508514,3.908640559158344,0.27417596846749004,-0.41748001115047373,28.759999357163906
21:06:06.642246,211,0.11918697374069907,3.971707272262111,0.2785998536729923,-0.41748001115047373,52.51999882608652
21:06:06.642246,211,0.12132217916352325,4.042859434612118,0.12137679462231804,-0.41748001115047373,62.639998599886894
21:06:06.642246,211,0.12326784640898207,4.107695553070861,-0.0410968160785306,-0.3480400092958007,26.359999410808086
21:06:06.642246,211,0.15329672437247246,3.8303740206385326,0.4233874724383517,-0.6263600167294499,19.239999569952488
21:06:06.642246,211,0.15637429319513244,3.907272204297052,0.27417596846749004,-0.41748001115047373,35.759999200701714
21:06:06.642246,211,0.15889742432895693,3.9703168387158754,0.2785998536729923,-0.41748001115047373,68.23999847471714
21:06:06.642246,211,0.16174403274136712,4.041444091789686,0.12137679462231804,-0.41748001115047373,80.87999819219112
21:06:06.642246,211,0.16433795306840915,4.106257512121922,-0.0410968160785306,-0.3480400092958007,30.63999931514263
21:06:06.642246,211,0.19159216055826464,3.8286495618819103,0.4233874724383517,-0.6263600167294499,22.239999502897263
21:06:06.642246,211,0.19543854450687073,3.905513125488846,0.27417596846749004,-0.41748001115047373,42.51999904960394
21:06:06.642246,211,0.19898995194091754,3.9764820757674375,0.11947957918679064,-0.41748001115047373,85.35999809205532
21:06:06.642246,211,0.20214971205144616,4.039624607944,0.12137679462231804,-0.41748001115047373,101.63999772816896
21:06:06.642246,211,0.20539162607021186,4.104408848861997,-0.0410968160785306,-0.3480400092958007,34.879999220371246
21:06:06.642246,211,0.22986843768851697,3.826542241376746,0.4233874724383517,-0.6263600167294499,24.759999446570873
21:06:06.642246,211,0.23448325212789692,3.9033634986401338,0.27417596846749004,-0.41748001115047373,46.51999896019697
21:06:06.642246,211,0.23874415965188436,3.9742933870192925,0.11947957918679064,-0.41748001115047373,97.35999782383442
21:06:06.642246,211,0.2425351765596812,4.0374011650219215,0.12137679462231804,-0.41748001115047373,119.3599973320961
21:06:06.642246,211,0.2464247600814848,4.102149748155863,-0.0410968160785306,-0.3480400092958007,38.519999139010906
21:06:06.642246,211,0.2637245804897211,3.761338506693092,0.41644399473517524,-0.6263600167294499,8.639999806880951
21:06:06.642246,211,0.26812172816758445,3.8240522698533237,0.4233874724383517,-0.6263600167294499,25.75999942421913
21:06:06.642246,211,0.27350451162016054,3.900823538711798,0.27417596846749004,-0.6263600167294499,45.759998977184296
21:06:06.642246,211,0.2784744931469061,3.9717072722621105,0.11947957918679064,-0.41748001115047373,96.75999783724546
21:06:06.642246,211,0.28296713602004886,4.035783023578856,0.08092460680972001,-0.5566400148672983,125.11999720335007
21:06:06.642246,211,0.2874332518232045,4.099480435911698,-0.0410968160785306,-0.3480400092958007,40.639999091625214
21:06:06.642246,211,0.31325320988293914,4.467734325294854,-0.8149873963183064,-0.5566400148672983,5.519999876618385
21:06:06.642246,211,0.3063482066984678,3.8211798963067105,0.4233874724383517,-0.6263600167294499,24.999999441206455
21:06:06.642246,211,0.3124984208904045,3.8978934996977053,0.27417596846749004,-0.6263600167294499,40.51999909430742
21:06:06.642246,211,0.31817697942591927,3.9687239901052025,0.11947957918679064,-0.5566400148672983,83.99999812245369
21:06:06.642246,211,0.3233586486877695,4.033356620490341,-0.040464326604239695,-0.5566400148672983,115.23999742418528
21:06:06.642246,211,0.3284130004805537,4.096401179058491,-0.0410968160785306,-0.5566400148672983,40.51999909430742
21:06:06.642246,211,0.3445440506653401,3.8179254079718543,0.4233874724383517,-0.6263600167294499,22.639999493956566
21:06:06.642246,211,0.35146108058037084,3.8945736745993007,0.27417596846749004,-0.6263600167294499,33.519999250769615
21:06:06.642246,211,0.3579371407588484,3.9663355136187763,0.07965969110955572,-0.5566400148672983,66.63999851047993
21:06:06.642246,211,0.36367537397147087,4.029921421827125,-0.040464326604239695,-0.5566400148672983,95.879997856915
21:06:06.642246,211,0.36930450366752715,4.092298343587464,-0.08218952250988429,-0.5566400148672983,38.1199991479516
21:06:06.642246,211,0.41133403722005446,4.5580316038934505,-0.5983264003819656,-0.5566400148672983,5.359999880194664
21:06:06.642246,211,0.3831089805199537,3.8183110701172707,0.3850325393632765,-0.6263600167294499,19.63999956101179
21:06:06.642246,211,0.3903885944567336,3.8908643953963136,0.27417596846749004,-0.6263600167294499,26.6399994045496
21:06:06.642246,211,0.3976415839808413,3.9631523646153037,-0.03983183712994878,-0.5566400148672983,50.99999886006117
21:06:06.642246,211,0.40395573202246265,4.026083234397998,-0.040464326604239695,-0.5566400148672983,75.63999830931425
21:06:06.642246,211,0.4097776382793895,4.084108105231979,-0.20540189607897288,-1.1830000315967482,34.51999922841787
21:06:06.642246,211,0.4160842106064584,4.146963470559779,-0.20856307861489234,-0.3480400092958007,8.51999980956316
21:06:06.642246,211,0.4212722986971721,3.814289130294862,0.3850325393632765,-0.6263600167294499,16.519999630749226
21:06:06.642246,211,0.4301373157458538,3.8945548830472685,0.11758236375126324,-0.5566400148672983,20.999999530613422
21:06:06.642246,211,0.43725256430648674,3.958977859179572,-0.03983183712994878,-0.5566400148672983,38.99999912828207
21:06:06.642246,211,0.44419569483868665,4.021842442018487,-0.040464326604239695,-0.5566400148672983,58.63999868929386
21:06:06.642246,211,0.45059754902734683,4.079806193542278,-0.20540189607897288,-1.1830000315967482,30.23999932408333
21:06:06.642246,211,0.4593934899974631,3.8098857647550384,0.3850325393632765,-0.6263600167294499,13.759999692440033
21:06:06.642246,211,0.46906070793103155,3.8900588555624207,0.11758236375126324,-0.5566400148672983,16.639999628067017
21:06:06.642246,211,0.47681981974203214,3.954407459274757,-0.03983183712994878,-0.5566400148672983,30.119999326765537
21:06:06.642246,211,0.483810065870224,4.01237963301209,-0.20224071354305342,-0.7655200204462744,45.639998979866505
21:06:06.642246,211,0.4913724003979126,4.075096304651288,-0.20540189607897288,-1.1830000315967482,26.359999410808086
21:06:06.642246,211,0.5157198896125544,3.9447030820465825,-0.19907953100713394,-0.5566400148672983,23.759999468922615
21:06:06.642246,211,0.5239090022763325,4.007340995795267,-0.20224071354305342,-1.1830000315967482,36.11999919265509
21:06:06.642246,211,0.5320981149401106,4.069978909543951,-0.20540189607897288,-1.1830000315967482,22.879999488592148
21:06:06.642246,211,0.5639555482211449,4.001901627836218,-0.20224071354305342,-1.1830000315967482,28.999999351799488
21:06:06.669312,212,0.07666369441334905,3.8326737014315246,0.4233874724383517,-0.6263600167294499,21.7599995136261
21:06:06.669312,212,0.07792096508726994,3.895528854504849,0.4303309501415281,-0.6263600167294499,25.999999418854713
21:06:06.669312,212,0.0791782357611908,3.9583840075781733,0.43727442784470455,-0.6958000185841229,36.999999172985554
21:06:06.669312,212,0.08072642247699546,4.035783023578855,0.2830237388784945,-0.6958000185841229,33.2399992570281
21:06:06.669312,212,0.11498595864267525,3.831715445202182,0.4233874724383517,-0.6263600167294499,28.359999366104603
21:06:06.669312,212,0.11687170749446733,3.8945548830472685,0.4303309501415281,-0.6263600167294499,34.35999923199415
21:06:06.669312,212,0.11918697374069907,3.971707272262111,0.2785998536729923,-0.6958000185841229,47.23999894410372
21:06:06.669312,212,0.12132217916352325,4.042859434612118,0.12137679462231804,-0.13916000371682458,40.3599990978837
21:06:06.669312,212,0.15329672437247246,3.8303740206385326,0.4233874724383517,-0.6263600167294499,37.75999915599823
21:06:06.669312,212,0.15581076282883052,3.8931914593642443,0.4303309501415281,-0.6263600167294499,46.879998952150345
21:06:06.669312,212,0.15889742432895693,3.9703168387158754,0.2785998536729923,-0.6958000185841229,61.99999861419201
21:06:06.669312,212,0.16174403274136712,4.041444091789686,0.12137679462231804,-0.13916000371682458,49.75999888777733
21:06:06.669312,212,0.16433795306840915,4.106257512121922,-0.0410968160785306,-0.13916000371682458,16.99999962002039
21:06:06.669312,212,0.19179418303581894,3.8326866439207827,0.3850325393632765,-0.6263600167294499,50.75999886542559
21:06:06.669312,212,0.19493957282696836,3.895542009248582,0.39134700312544085,-0.6263600167294499,66.11999852210283
21:06:06.669312,212,0.19859198530790634,3.9685293768121035,0.2785998536729923,-0.6958000185841229,83.23999813944101
21:06:06.669312,212,0.20214971205144616,4.039624607944,0.12137679462231804,-0.6958000185841229,61.75999861955643
21:06:06.669312,212,0.20539162607021186,4.104408848861997,-0.0410968160785306,-0.13916000371682458,19.879999555647373
21:06:06.669312,212,0.2260986370315393,3.7637876431354598,0.41644399473517524,-0.6958000185841229,24.23999945819378
21:06:06.669312,212,0.2301108202116748,3.830577101372148,0.3850325393632765,-0.6263600167294499,67.23999849706888
21:06:06.669312,212,0.23388459589803987,3.893397870585031,0.39134700312544085,-0.6263600167294499,95.3599978685379
21:06:06.669312,212,0.23826668725470546,3.966345065295488,0.2785998536729923,-0.6958000185841229,113.35999746620655
21:06:06.669312,212,0.2425351765596812,4.0374011650219215,0.12137679462231804,-0.6958000185841229,76.7599982842803
21:06:06.669312,212,0.2464247600814848,4.102149748155863,-0.0410968160785306,-0.13916000371682458,22.99999948590994
21:06:06.669312,212,0.26840444649829653,3.8280845043226357,0.3850325393632765,-0.6958000185841229,82.51999815553427
21:06:06.669312,212,0.27350451162016054,3.900823538711798,0.27417596846749004,-0.6263600167294499,132.87999702990055
21:06:06.669312,212,0.2779175627323991,3.9637641225953497,0.2785998536729923,-0.6958000185841229,152.51999659091234
21:06:06.669312,212,0.28289638775345644,4.034773985365877,0.12137679462231804,-0.6958000185841229,94.51999788731337
21:06:06.669312,212,0.2874332518232045,4.099480435911698,-0.0410968160785306,-0.13916000371682458,26.359999410808086
21:06:06.669312,212,0.3016418800118885,3.7624763670319012,0.3787180756011122,-0.6958000185841229,25.999999418854713
21:06:06.669312,212,0.3074561950941499,3.8350001925916137,0.2697520832619878,-0.6263600167294499,86.99999805539846
21:06:06.669312,212,0.3124984208904045,3.8978934996977053,0.27417596846749004,-0.6263600167294499,159.87999642640352
21:06:06.669312,212,0.31754064668665916,3.9607868068037972,0.2785998536729923,-0.6958000185841229,190.87999573349953
21:06:06.669312,212,0.3232293095454673,4.031743331691634,0.12137679462231804,-0.6958000185841229,112.11999749392271
21:06:06.669312,212,0.3284130004805537,4.096401179058491,-0.0410968160785306,-0.13916000371682458,29.639999337494373
21:06:06.669312,212,0.33925093379736876,3.7592718763303483,0.3787180756011122,-0.6958000185841229,24.999999441206455
21:06:06.669312,212,0.34579018431845543,3.831733933548687,0.2697520832619878,-0.6263600167294499,76.87999828159809
21:06:06.669312,212,0.35146108058037084,3.8945736745993007,0.27417596846749004,-0.6263600167294499,149.11999666690826
21:06:06.669312,212,0.35736451771508004,3.959990223187055,0.23885163482174915,-0.6958000185841229,204.99999541789293
21:06:06.669312,212,0.36352990867732526,4.02830950706202,0.12137679462231804,-0.6958000185841229,124.6399972140789
21:06:06.669312,212,0.3693599081129995,4.092912285519345,-0.0410968160785306,-0.6958000185841229,31.999999284744263
21:06:06.669312,212,0.376826062773694,3.755691461590683,0.3787180756011122,-0.6958000185841229,22.99999948590994
21:06:06.669312,212,0.38408959481403243,3.8280845043226353,0.2697520832619878,-0.6263600167294499,59.8799986615777
21:06:06.669312,212,0.3903885944567336,3.8908643953963136,0.27417596846749004,-0.6958000185841229,112.35999748855829
21:06:06.669312,212,0.39748253265617606,3.961567156581647,0.11947957918679064,-0.6958000185841229,182.63999591767788
21:06:06.669312,212,0.4038951381603881,4.025479316906879,0.08092460680972001,-0.6958000185841229,126.35999717563391
21:06:06.669312,212,0.41020833907195225,4.088400746980859,-0.08218952250988429,-0.6958000185841229,32.87999926507473
21:06:06.669312,212,0.4160842106064584,4.146963470559779,-0.20856307861489234,-0.4872000130126253,12.519999720156193
21:06:06.669312,212,0.41542412354311875,3.761338506693092,0.2653281980564856,-0.6958000185841229,20.51999954134226
21:06:06.669312,212,0.4223505966719186,3.8240522698533237,0.2697520832619878,-0.6263600167294499,44.23999901115894
21:06:06.669312,212,0.42955658681670916,3.8892968396180314,0.23505891131645182,-0.6958000185841229,77.99999825656414
21:06:06.669312,212,0.4370776691185388,3.957394320892355,0.11947957918679064,-0.6958000185841229,142.11999682337046
21:06:06.669312,212,0.444129064932156,4.021239160651498,0.08092460680972001,-0.6958000185841229,116.51999739557505
21:06:06.669312,212,0.45107115398614306,4.0840943137248225,-0.08218952250988429,-0.6958000185841229,32.239999279379845
21:06:06.669312,212,0.4605693638239833,3.8196376333608213,0.2697520832619878,-0.6958000185841229,32.51999927312136
21:06:06.669312,212,0.4684274284813091,3.8848068822255266,0.23505891131645182,-0.6958000185841229,54.119998790323734
21:06:06.669312,212,0.47662909818017385,3.952825749086483,0.11947957918679064,-0.6958000185841229,104.75999765843153
21:06:06.669312,212,0.48439123845757437,4.017199468764277,-0.040464326604239695,-0.6958000185841229,99.75999777019024
21:06:06.669312,212,0.4913724003979126,4.075096304651288,-0.20540189607897288,-0.4872000130126253,30.119999326765537
21:06:06.669312,212,0.4987420744255309,3.8148410363050784,0.2697520832619878,-0.6958000185841229,24.35999945551157
21:06:06.669312,212,0.5079371944383956,3.885173825451112,0.11758236375126324,-0.6958000185841229,38.6399991363287
21:06:06.669312,212,0.516132864731311,3.9478618980173827,0.11947957918679064,-0.6958000185841229,76.87999828159809
21:06:06.669312,212,0.5245383433584395,4.012154778928803,-0.040464326604239695,-0.6958000185841229,81.87999816983938
21:06:06.669312,212,0.5320981149401106,4.069978909543951,-0.20540189607897288,-0.4872000130126253,26.99999939650297
21:06:06.669312,212,0.5368649112374825,3.809662958341782,0.2697520832619878,-0.6958000185841229,18.639999583363533
21:06:06.669312,212,0.5467628876518661,3.879900281212259,0.11758236375126324,-0.6958000185841229,28.639999359846115
21:06:06.669312,212,0.5555850184283917,3.9425032640660027,0.11947957918679064,-0.6958000185841229,57.51999871432781
21:06:06.669312,212,0.5646329948644278,4.006708876976823,-0.040464326604239695,-0.6958000185841229,66.11999852210283
21:06:06.669312,212,0.572770620116607,4.064454519955491,-0.20540189607897288,-0.4872000130126253,23.759999468922615
21:06:06.669312,212,0.5753084212849114,3.8065808997416073,0.23126618781115446,-0.6958000185841229,14.6399996727705
21:06:06.669312,212,0.5855339050346496,3.874238750195869,0.11758236375126324,-0.6958000185841229,21.87999951094389
21:06:06.669312,212,0.5951304103257191,3.9377349070288723,0.07965969110955572,-0.6958000185841229,44.11999901384115
21:06:06.669312,212,0.6046711835439793,4.00086230749397,-0.040464326604239695,-0.6958000185841229,53.35999880731106
21:06:06.669312,212,0.6133858487109592,4.05852368832024,-0.20540189607897288,-0.7655200204462744,20.63999953866005
21:06:06.669312,212,0.6345725326277241,3.9321766485371814,-0.03983183712994878,-0.7655200204462744,34.639999225735664
21:06:06.669312,212,0.6445522074743841,3.99401645781719,-0.08092460680972001,-1.2524400334514212,43.359999030828476
21:06:06.669312,212,0.6837408256745695,3.983184778861437,-0.20224071354305342,-1.2524400334514212,35.759999200701714
21:06:06.669312,212,0.04844680616604178,0.1750510681473262,-0.17612222061204827,-2.7137600724818185,4.999999888241291
21:06:06.702815,213,0.03910334846746731,3.9102045887885777,0.27417596846749004,-0.6958000185841229,33.99999924004078
21:06:06.702815,213,0.03981391414832564,3.981258789894642,0.11947957918679064,-0.6958000185841229,41.51999907195568
21:06:06.702815,213,0.0769409687107753,3.8465355680681452,0.2697520832619878,-0.6958000185841229,19.879999555647373
21:06:06.702815,213,0.0782027866328487,3.909618053238382,0.27417596846749004,-0.6958000185841229,41.63999906927347
21:06:06.702815,213,0.07962384693859258,3.9806615961259326,0.11947957918679064,-0.6958000185841229,49.51999889314175
21:06:06.702815,213,0.11310020979088313,3.768876007357095,0.41644399473517524,-0.7655200204462744,16.99999962002039
21:06:06.702815,213,0.1154018354294712,3.8455738460545774,0.2697520832619878,-0.6958000185841229,25.359999433159828
21:06:06.702815,213,0.11729440458508514,3.908640559158344,0.27417596846749004,-0.6958000185841229,51.759998843073845
21:06:06.702815,213,0.11942581741087457,3.9796663395326135,0.11947957918679064,-0.6958000185841229,59.75999866425991
21:06:06.702815,213,0.15094167724275487,3.7715292450572124,0.3787180756011122,-0.7655200204462744,21.519999518990517
21:06:06.702815,213,0.15385116206130792,3.8442275698782282,0.2697520832619878,-0.6958000185841229,33.11999925971031
21:06:06.702815,213,0.15637429319513244,3.907272204297052,0.27417596846749004,-0.6958000185841229,65.23999854177237
21:06:06.702815,213,0.15921584540147052,3.9782731196395074,0.11947957918679064,-0.6958000185841229,72.51999837905169
21:06:06.702815,213,0.16180875408268572,4.043061262315557,-0.040464326604239695,-0.27832000743364915,23.35999947786331
21:06:06.702815,213,0.1886487932446695,3.7698312785929837,0.3787180756011122,-0.7655200204462744,27.239999391138554
21:06:06.702815,213,0.19228510370583515,3.8424968741655885,0.2697520832619878,-0.6958000185841229,44.23999901115894
21:06:06.702815,213,0.19583019183038894,3.9133395435908755,0.11758236375126324,-0.6958000185841229,83.11999814212322
21:06:06.702815,213,0.19898995194091754,3.9764820757674375,0.11947957918679064,-0.6958000185841229,88.3599980250001
21:06:06.702815,213,0.202230601592095,4.041241050409409,-0.040464326604239695,-0.27832000743364915,25.999999418854713
21:06:06.702815,213,0.22633704452530976,3.767756332159264,0.3787180756011122,-0.7655200204462744,34.35999923199415
21:06:06.702815,213,0.23069981700108835,3.84038193198478,0.2697520832619878,-0.6958000185841229,59.63999866694212
21:06:06.702815,213,0.23495314274408757,3.9111856090166635,0.11758236375126324,-0.6958000185841229,106.35999762266874
21:06:06.702815,213,0.23874415965188436,3.9742933870192925,0.11947957918679064,-0.6958000185841229,107.99999758601189
21:06:06.702815,213,0.24263222621077396,4.039016717783978,-0.040464326604239695,-0.6958000185841229,29.23999934643507
21:06:06.702815,213,0.26467840939568343,3.774942370944696,0.2653281980564856,-0.6958000185841229,41.999999061226845
21:06:06.702815,213,0.2692666751824553,3.84038193198478,0.23126618781115446,-0.6958000185841229,79.51999822258949
21:06:06.702815,213,0.2740525985403557,3.9086405591583437,0.11758236375126324,-0.6958000185841229,134.63999699056149
21:06:06.702815,213,0.2784744931469061,3.9717072722621105,0.11947957918679064,-0.6958000185841229,130.87999707460403
21:06:06.702815,213,0.2830095878101093,4.036388486870658,-0.040464326604239695,-0.6958000185841229,32.99999926239252
21:06:06.702815,213,0.3024139692978953,3.7721068854855218,0.2653281980564856,-0.6958000185841229,48.35999891906977
21:06:06.702815,213,0.3080723191868234,3.8426853069323395,0.11568514831573586,-0.6958000185841229,99.75999777019024
21:06:06.702815,213,0.3131246493063713,3.9057046485187707,0.11758236375126324,-0.6958000185841229,164.35999632626772
21:06:06.702815,213,0.3183042968949852,3.970312061922193,-0.03983183712994878,-0.6958000185841229,155.99999651312828
21:06:06.702815,213,0.3233586486877695,4.033356620490341,-0.040464326604239695,-0.6958000185841229,37.35999916493893
21:06:06.702815,213,0.33288393517413917,4.152168588154653,-0.25022980533764116,-0.27832000743364915,5.519999876618385
21:06:06.702815,213,0.3452087147389904,1.897068835892674,-3.983619672903434,-0.6958000185841229,7.639999829232693
21:06:06.702815,213,0.333243130872985,3.6926988404970533,0.4095005170319988,-0.7655200204462744,13.639999695122242
21:06:06.702815,213,0.34011928805654,3.768894192498073,0.2653281980564856,-0.7655200204462744,50.75999886542559
21:06:06.702815,213,0.34648312746602594,3.839412502498813,0.11568514831573586,-0.6958000185841229,109.9999975413084
21:06:06.702815,213,0.3521653878697924,3.9023781706865486,0.11758236375126324,-0.6958000185841229,186.99999582022429
21:06:06.702815,213,0.35799083982994223,3.9669305581349064,-0.03983183712994878,-0.6958000185841229,179.5199959874153
21:06:06.702815,213,0.3636208222131878,4.02931692860312,-0.08092460680972001,-0.6958000185841229,41.999999061226845
21:06:06.702815,213,0.37779059517133134,3.765304613248958,0.2653281980564856,-0.7655200204462744,47.8799989297986
21:06:06.702815,213,0.3848592877227658,3.835755760031699,0.11568514831573586,-0.6958000185841229,102.75999770313501
21:06:06.702815,213,0.39132743593922,3.9002214948326093,-0.03919934765565788,-0.6958000185841229,192.35999570041895
21:06:06.702815,213,0.3976415839808413,3.9631523646153037,-0.03983183712994878,-0.6958000185841229,196.2399956136942
21:06:06.702815,213,0.40347106595232063,4.02125273990418,-0.20224071354305342,-0.27832000743364915,46.63999895751476
21:06:06.702815,213,0.4097776382793895,4.084108105231979,-0.20540189607897288,-0.27832000743364915,11.759999737143517
21:06:06.702815,213,0.41542412354311875,3.761338506693092,0.2653281980564856,-0.7655200204462744,41.35999907553196
21:06:06.702815,213,0.4231969623731688,3.831715445202182,0.11568514831573586,-0.6958000185841229,83.99999812245369
21:06:06.702815,213,0.4303094337742868,3.8961132763406567,-0.03919934765565788,-0.6958000185841229,177.87999602407217
21:06:06.702815,213,0.43725256430648674,3.958977859179572,-0.03983183712994878,-0.6958000185841229,201.1199955046177
21:06:06.702815,213,0.4436627488628649,4.017017035627187,-0.20224071354305342,-0.27832000743364915,50.23999887704849
21:06:06.702815,213,0.46120509402236837,4.175849165507802,1.5813590744765826,-0.6263600167294499,7.1199998408555984
21:06:06.702815,213,0.45301610985059454,3.7569962694378103,0.2653281980564856,-0.7655200204462744,33.99999924004078
21:06:06.702815,213,0.46149231768188925,3.827291962038359,0.11568514831573586,-0.6958000185841229,64.11999856680632
21:06:06.702815,213,0.4692484010264899,3.8916154497852373,-0.03919934765565788,-0.6958000185841229,151.51999661326408
21:06:06.702815,213,0.4767482961762017,3.9538142932390272,-0.07965969110955572,-0.6958000185841229,192.75999569147825
21:06:06.702815,213,0.483810065870224,4.01237963301209,-0.20224071354305342,-0.27832000743364915,52.51999882608652
21:06:06.702815,213,0.4905627949266225,3.7522783357031995,0.2653281980564856,-0.7655200204462744,27.239999391138554
21:06:06.702815,213,0.4997415241454802,3.822485752884841,0.11568514831573586,-0.6958000185841229,48.239998921751976
21:06:06.702815,213,0.508140443831727,3.8867284649452385,-0.03919934765565788,-0.6958000185841229,123.11999724805355
21:06:06.702815,213,0.5157198896125544,3.9447030820465825,-0.19907953100713394,-0.6958000185841229,174.3599961027503
21:06:06.702815,213,0.5239090022763325,4.007340995795267,-0.20224071354305342,-1.1830000315967482,52.879998818039894
21:06:06.702815,213,0.5280604241341518,3.7471851772786797,0.2653281980564856,-0.7655200204462744,21.7599995136261
21:06:06.702815,213,0.5379407568753404,3.8172972983585156,0.11568514831573586,-0.7655200204462744,36.75999917834997
21:06:06.702815,213,0.5468996250872417,3.880870587767344,-0.07839477540939144,-0.6958000185841229,98.35999780148268
21:06:06.702815,213,0.5551404763256828,3.9393487357169437,-0.19907953100713394,-1.3221600353135727,151.51999661326408
21:06:06.702815,213,0.5639555482211449,4.001901627836218,-0.20224071354305342,-1.1830000315967482,51.35999885201454
21:06:06.702815,213,0.5655052477416771,3.741717303475827,0.2653281980564856,-0.7655200204462744,17.639999605715275
21:06:06.702815,213,0.5762302667479363,3.8126803747401254,0.07712985970922714,-0.7655200204462744,28.519999362528324
21:06:06.702815,213,0.5850653998289337,3.8711388425610656,-0.19591834847121448,-1.3221600353135727,78.51999824494123
21:06:06.702815,213,0.5945055494562755,3.9336004578141233,-0.19907953100713394,-1.3221600353135727,128.51999712735415
21:06:06.702815,213,0.6039456990836174,3.996062073067182,-0.20224071354305342,-1.1830000315967482,48.63999891281128
21:06:06.702815,213,0.6144197866596308,3.807298635346959,-0.038566858181366966,-1.3221600353135727,22.639999493956566
21:06:06.702815,213,0.6237468891778323,3.865094730883448,-0.19591834847121448,-1.3221600353135727,63.23999858647585
21:06:06.702815,213,0.6338111725300001,3.927458823161096,-0.19907953100713394,-1.3221600353135727,107.7599975913763
21:06:06.702815,213,0.6435210614856525,3.987626883781684,-0.2426443583270465,-1.1830000315967482,45.11999899148941
21:06:06.702815,213,0.6623660043603886,3.8586641129709216,-0.19591834847121448,-1.3221600353135727,51.639998845756054
21:06:06.702815,213,0.6726829608300136,3.9187663365487557,-0.23885163482174915,-1.3221600353135727,90.23999798297882
21:06:06.702815,213,0.683364489047549,3.9809924008898614,-0.2426443583270465,-1.3221600353135727,41.23999907821417
21:06:06.702815,213,0.7009188834974398,3.85184763187989,-0.19591834847121448,-1.3221600353135727,42.63999904692173
21:06:06.702815,213,0.7102333813019597,3.903034762309971,-0.3580087401169781,-1.3221600353135727,75.75999830663204
21:06:06.702815,213,0.7492275661786174,3.895737396924199,-0.3580087401169781,-1.3221600353135727,63.879998572170734
21:06:06.727734,214,-0.005900891929564881,0.1966373895898548,0.15908463964271388,-2.7832000743364915,5.119999885559082
21:06:06.727734,214,0.038472407959669525,3.8471126397475377,0.2697520832619878,-0.7655200204462744,22.11999950557947
21:06:06.727734,214,0.03918170927293957,3.9180404083065326,0.11758236375126324,-1.1132800297345966,29.35999934375286
21:06:06.727734,214,0.07567915078870191,3.7834530828979087,0.2653281980564856,-0.6958000185841229,17.639999605715275
21:06:06.727734,214,0.07709515387696403,3.8542437986214,0.11568514831573586,-0.7655200204462744,28.639999359846115
21:06:06.727734,214,0.07835950040777831,3.9174526973736667,0.11758236375126324,-0.7655200204462744,37.51999916136265
21:06:06.727734,214,0.07962384693859258,3.9806615961259326,0.11947957918679064,-1.1132800297345966,19.239999569952488
21:06:06.727734,214,0.11121446093909103,3.7060365695120088,0.4095005170319988,-0.7655200204462744,15.639999650418758
21:06:06.727734,214,0.11350926627385727,3.7825071329508106,0.2653281980564856,-0.6958000185841229,22.99999948590994
21:06:06.727734,214,0.11563309390557724,3.8532801493736035,0.11568514831573586,-0.7655200204462744,38.239999145269394
21:06:06.727734,214,0.11752945565822591,3.9164732444531083,0.11758236375126324,-0.7655200204462744,49.63999889045954
21:06:06.727734,214,0.11947360525788134,3.981258789894642,-0.03983183712994878,-1.1132800297345966,23.639999471604824
21:06:06.727734,214,0.12122510524172611,4.039624607944,-0.20224071354305342,-0.41748001115047373,7.239999838173389
21:06:06.727734,214,0.1482686474597564,3.70473914318711,0.4095005170319988,-0.7655200204462744,19.63999956101179
21:06:06.727734,214,0.15132803092748337,3.781182935459405,0.2653281980564856,-0.6958000185841229,30.879999309778214
21:06:06.727734,214,0.1541594707216774,3.85193117533915,0.11568514831573586,-0.7655200204462744,53.119998812675476
21:06:06.727734,214,0.15668765806157398,3.915102147489329,0.11758236375126324,-0.7655200204462744,67.87999848276377
21:06:06.727734,214,0.15927955509696226,3.9798650125091903,-0.03983183712994878,-1.1132800297345966,29.759999334812164
21:06:06.727734,214,0.1616146159464023,4.038210397584564,-0.20224071354305342,-0.41748001115047373,7.639999829232693
21:06:06.727734,214,0.18550340345352007,3.7069759132651847,0.3724036118389479,-0.7655200204462744,24.639999449253082
21:06:06.727734,214,0.18913166290479952,3.779480622842331,0.2653281980564856,-0.6958000185841229,42.63999904692173
21:06:06.727734,214,0.19267043171986037,3.8501970114143136,0.11568514831573586,-0.7655200204462744,76.87999828159809
21:06:06.727734,214,0.19583019183038894,3.9133395435908755,0.11758236375126324,-0.7655200204462744,96.75999783724546
21:06:06.727734,214,0.19906957711397807,3.978073251956822,-0.03983183712994878,-0.7655200204462744,38.6399991363287
21:06:06.727734,214,0.20198796532488475,4.036392369568584,-0.20224071354305342,-0.41748001115047373,7.999999821186066
21:06:06.727734,214,0.2225632688389447,3.704935562946381,0.3724036118389479,-0.7655200204462744,30.759999312460423
21:06:06.727734,214,0.22691638187427984,3.7774003653294255,0.2653281980564856,-0.8349600223009475,59.51999866962433
21:06:06.727734,214,0.23116212583629073,3.8480778310140353,0.11568514831573586,-0.7655200204462744,114.63999743759632
21:06:06.727734,214,0.23501190110332848,3.9121637395766062,0.07839477540939144,-0.7655200204462744,143.11999680101871
21:06:06.727734,214,0.2388396923400631,3.9758836874120917,-0.03983183712994878,-0.7655200204462744,51.759998843073845
21:06:06.727734,214,0.24234111607606035,4.034170705697343,-0.20224071354305342,-0.41748001115047373,8.359999813139439
21:06:06.727734,214,0.2596008780839491,3.70252472217528,0.3724036118389479,-0.7655200204462744,37.239999167621136
21:06:06.727734,214,0.2648507505813559,3.7774003653294255,0.22747346430585713,-0.8349600223009475,80.11999820917845
21:06:06.727734,214,0.2696307039338053,3.8455738460545774,0.11568514831573586,-0.7655200204462744,166.75999627262354
21:06:06.727734,214,0.2741211351040631,3.9096180532383817,0.07839477540939144,-0.7655200204462744,211.99999526143074
21:06:06.727734,214,0.2785859237970142,3.973296537829618,-0.03983183712994878,-0.7655200204462744,69.75999844074249
21:06:06.727734,214,0.28267003291866194,4.031545628135361,-0.20224071354305342,-0.41748001115047373,8.879999801516533
21:06:06.727734,214,0.2996518804995258,4.273747083540409,0.8239441649995353,-0.6958000185841229,7.519999831914902
21:06:06.727734,214,0.301822053592253,1.6586406640629356,-4.092075209312801,-0.6263600167294499,10.239999771118164
21:06:06.727734,214,0.2973717435016407,3.7092135783794298,0.26090431285098337,-0.8349600223009475,42.23999905586243
21:06:06.727734,214,0.3026108814002149,3.774563033588467,0.22747346430585713,-0.8349600223009475,95.23999787122011
21:06:06.727734,214,0.3081493635872155,3.8436463065643403,0.07712985970922714,-0.7655200204462744,206.99999537318945
21:06:06.727734,214,0.31324994510220094,3.907267503354044,-0.03919934765565788,-0.7655200204462744,283.51999366283417
21:06:06.727734,214,0.3183042968949852,3.970312061922193,-0.03983183712994878,-0.7655200204462744,89.99999798834324
21:06:06.727734,214,0.3229706829947929,4.028517399388199,-0.20224071354305342,-0.41748001115047373,10.119999773800373
21:06:06.727734,214,0.34779060285732283,1.6317285460047342,-4.167448447548121,-0.6263600167294499,6.239999860525131
21:06:06.727734,214,0.3344483917946246,3.70605445144746,0.26090431285098337,-0.8349600223009475,43.63999902456999
21:06:06.727734,214,0.34080086706225954,3.776446834311077,0.11378793288020846,-0.6958000185841229,91.99999794363976
21:06:06.727734,214,0.34656977785016974,3.840372683650089,0.07712985970922714,-0.6958000185841229,190.99999573081732
21:06:06.727734,214,0.35230630568841365,3.9039396944426867,-0.03919934765565788,-0.7655200204462744,291.7599934786558
21:06:06.727734,214,0.35799083982994223,3.9669305581349064,-0.03983183712994878,-0.7655200204462744,100.6399977505207
21:06:06.727734,214,0.3632390362732094,4.025086322276193,-0.20224071354305342,-0.7655200204462744,10.759999759495258
21:06:06.727734,214,0.3652174931177184,3.6399929729635536,0.25649791335775585,-0.7655200204462744,9.999999776482582
21:06:06.727734,214,0.3714915955286302,3.70252472217528,0.26090431285098337,-0.8349600223009475,40.639999091625214
21:06:06.727734,214,0.3785476652560607,3.772850061756726,0.11378793288020846,-0.6958000185841229,73.51999835669994
21:06:06.727734,214,0.38501328789759864,3.8372906250499144,-0.038566858181366966,-0.6958000185841229,138.7599968984723
21:06:06.727734,214,0.39132743593922,3.9002214948326093,-0.03919934765565788,-0.7655200204462744,225.99999494850636
21:06:06.727734,214,0.3976415839808413,3.9631523646153037,-0.03983183712994878,-0.7655200204462744,91.35999795794487
21:06:06.727734,214,0.40347106595232063,4.02125273990418,-0.20224071354305342,-0.7655200204462744,10.639999762177467
21:06:06.727734,214,0.4084976504143189,3.6986247435328607,0.26090431285098337,-0.8349600223009475,34.879999220371246
21:06:06.727734,214,0.4162566090004838,3.7688760073570955,0.11378793288020846,-0.8349600223009475,53.51999880373478
21:06:06.727734,214,0.4233663032420869,3.833248693501742,-0.038566858181366966,-0.6958000185841229,92.99999792128801
21:06:06.727734,214,0.4303094337742868,3.8961132763406567,-0.03919934765565788,-0.7655200204462744,153.2399965748191
21:06:06.727734,214,0.43718697587816885,3.9583840075781733,-0.07965969110955572,-0.7655200204462744,70.87999841570854
21:06:06.727734,214,0.4436627488628649,4.017017035627187,-0.20224071354305342,-0.6958000185841229,9.759999781847
21:06:06.727734,214,0.4454628558772058,3.6943549055147997,0.26090431285098337,-0.8349600223009475,28.359999366104603
21:06:06.727734,214,0.45392392743274695,3.764525068514297,0.11378793288020846,-0.8349600223009475,38.359999142587185
21:06:06.727734,214,0.46167698231094767,3.8288234402957184,-0.038566858181366966,-0.6958000185841229,63.11999858915806
21:06:06.727734,214,0.469178013182881,3.8910317026290056,-0.07839477540939144,-0.7655200204462744,102.8799977004528
21:06:06.727734,214,0.4767482961762017,3.9538142932390272,-0.07965969110955572,-0.7655200204462744,51.879998840391636
21:06:06.727734,214,0.483810065870224,4.01237963301209,-0.20224071354305342,-0.6958000185841229,8.999999798834324
21:06:06.727734,214,0.4823835154277142,3.6897156351013205,0.26090431285098337,-0.8349600223009475,22.639999493956566
21:06:06.727734,214,0.49154585385256466,3.7597976803185698,0.11378793288020846,-0.8349600223009475,27.87999937683344
21:06:06.727734,214,0.4999414940683707,3.8240153079534567,-0.038566858181366966,-1.1132800297345966,44.519999004900455
21:06:06.727734,214,0.5080642221333396,3.8861454508428093,-0.07839477540939144,-1.1132800297345966,71.3599984049797
21:06:06.727734,214,0.516261942044037,3.9488492007830662,-0.07965969110955572,-0.7655200204462744,38.239999145269394
21:06:06.727734,214,0.5239090022763325,4.007340995795267,-0.20224071354305342,-0.6958000185841229,8.639999806880951
21:06:06.727734,214,0.5192559370308211,3.684707396215578,0.26090431285098337,-0.7655200204462744,18.11999959498644
21:06:06.727734,214,0.5291186260988147,3.7546943155047714,0.11378793288020846,-0.8349600223009475,20.87999953329563
21:06:06.727734,214,0.5381560120952382,3.8188247772841626,-0.038566858181366966,-1.1132800297345966,32.63999927043915
21:06:06.727734,214,0.5463254044302207,3.8767958435976704,-0.19591834847121448,-1.1132800297345966,51.51999884843826
21:06:06.727734,214,0.5551404763256828,3.9393487357169437,-0.19907953100713394,-1.1132800297345966,28.999999351799488
21:06:06.727734,214,0.5639555482211449,4.001901627836218,-0.20224071354305342,-0.6958000185841229,8.119999818503857
21:06:06.727734,214,0.5666384869257509,3.7492154844051093,0.11378793288020846,-0.8349600223009475,16.119999639689922
21:06:06.727734,214,0.5762302667479363,3.8126803747401254,-0.07712985970922714,-1.1132800297345966,24.759999446570873
21:06:06.727734,214,0.5850653998289337,3.8711388425610656,-0.19591834847121448,-1.1132800297345966,38.6399991363287
21:06:06.727734,214,0.5945055494562755,3.9336004578141233,-0.19907953100713394,-1.1132800297345966,22.759999491274357
21:06:06.727734,214,0.6039456990836174,3.996062073067182,-0.20224071354305342,-0.6958000185841229,7.519999831914902
21:06:06.727734,214,0.6136826058256644,3.8027306386058006,-0.19275716593529502,-1.1132800297345966,19.35999956727028
21:06:06.727734,214,0.6237468891778323,3.865094730883448,-0.19591834847121448,-1.1132800297345966,29.879999332129955
21:06:06.727734,214,0.6338111725300001,3.927458823161096,-0.19907953100713394,-1.1132800297345966,18.35999958962202
21:06:06.727734,214,0.6730534150174791,3.9209244459161794,-0.19907953100713394,-1.1132800297345966,15.239999659359455
21:06:06.756070,215,0.038333763878810434,3.833248693501742,0.4233874724383517,-0.974120026017772,30.879999309778214
21:06:06.756070,215,0.07441733286662854,3.7203705977276718,0.26090431285098337,-0.8349600223009475,21.7599995136261
21:06:06.756070,215,0.07567915078870191,3.7834530828979087,0.2653281980564856,-0.974120026017772,30.51999931782484
21:06:06.756070,215,0.0769409687107753,3.8465355680681452,0.2697520832619878,-0.974120026017772,38.99999912828207
21:06:06.756070,215,0.0782027866328487,3.909618053238382,0.27417596846749004,-0.974120026017772,21.239999525249004
21:06:06.756070,215,0.10945145408926892,3.6472873043303946,0.3661141064315747,-0.8349600223009475,19.759999558329582
21:06:06.756070,215,0.11161669711824333,3.7194404198470443,0.26090431285098337,-0.8349600223009475,28.359999366104603
21:06:06.756070,215,0.11350926627385727,3.7825071329508106,0.2653281980564856,-0.8349600223009475,40.11999910324812
21:06:06.756070,215,0.1154018354294712,3.8455738460545774,0.2697520832619878,-0.974120026017772,50.519998870790005
21:06:06.756070,215,0.11729440458508514,3.908640559158344,0.27417596846749004,-0.974120026017772,26.519999407231808
21:06:06.756070,215,0.14591824591234817,3.6460104452184163,0.3661141064315747,-0.8349600223009475,24.23999945819378
21:06:06.756070,215,0.14880489979365888,3.718138301040581,0.26090431285098337,-0.8349600223009475,38.359999142587185
21:06:06.756070,215,0.15132803092748337,3.781182935459405,0.2653281980564856,-0.8349600223009475,54.9999987706542
21:06:06.756070,215,0.15385116206130792,3.8442275698782282,0.2697520832619878,-0.974120026017772,67.87999848276377
21:06:06.756070,215,0.15637429319513244,3.907272204297052,0.27417596846749004,-0.974120026017772,34.11999923735857
21:06:06.756070,215,0.15927955509696226,3.9798650125091903,-0.03983183712994878,-0.904680024163099,7.35999983549118
21:06:06.756070,215,0.18283724549561778,3.653697196288003,0.25649791335775585,-0.8349600223009475,29.759999334812164
21:06:06.756070,215,0.1859782221037639,3.7164643715190735,0.26090431285098337,-0.8349600223009475,54.239998787641525
21:06:06.756070,215,0.18913166290479952,3.779480622842331,0.2653281980564856,-0.8349600223009475,79.23999822884798
21:06:06.756070,215,0.19228510370583515,3.8424968741655885,0.2697520832619878,-0.8349600223009475,94.75999788194895
21:06:06.756070,215,0.19583019183038894,3.9133395435908755,0.11758236375126324,-0.8349600223009475,45.11999899148941
21:06:06.756070,215,0.19906957711397807,3.978073251956822,-0.03983183712994878,-0.904680024163099,8.759999804198742
21:06:06.756070,215,0.21503063357564686,3.5795423279562377,0.3597996426694104,-0.8349600223009475,5.239999882876873
21:06:06.756070,215,0.21936446590970152,3.651686171017355,0.25649791335775585,-0.8349600223009475,35.759999200701714
21:06:06.756070,215,0.2231329467474713,3.7144187986740715,0.26090431285098337,-0.8349600223009475,79.63999821990728
21:06:06.756070,215,0.22706413490933094,3.7798599601985603,0.22747346430585713,-0.8349600223009475,121.11999729275703
21:06:06.756070,215,0.2308500335604487,3.8428825363110053,0.23126618781115446,-0.8349600223009475,138.11999691277742
21:06:06.756070,215,0.23495314274408757,3.9111856090166635,0.11758236375126324,-0.8349600223009475,61.359998628497124
21:06:06.756070,215,0.2388396923400631,3.9758836874120917,-0.03983183712994878,-0.904680024163099,10.639999762177467
21:06:06.756070,215,0.255869750060978,3.6493099801889906,0.25649791335775585,-0.8349600223009475,41.35999907553196
21:06:06.756070,215,0.2604348259802564,3.714418798674071,0.2236807408005598,-0.8349600223009475,118.23999735713005
21:06:06.756070,215,0.2648507505813559,3.7774003653294255,0.22747346430585713,-0.8349600223009475,194.5199956521392
21:06:06.756070,215,0.2692666751824553,3.84038193198478,0.23126618781115446,-0.8349600223009475,207.75999535620213
21:06:06.756070,215,0.2740525985403557,3.9086405591583437,0.11758236375126324,-0.8349600223009475,84.75999810546637
21:06:06.756070,215,0.2785859237970142,3.973296537829618,-0.03983183712994878,-0.904680024163099,12.759999714791775
21:06:06.756070,215,0.29234944745161634,3.6465688614200022,0.25649791335775585,-0.8349600223009475,44.75999899953604
21:06:06.756070,215,0.2975653724378942,3.711628774494103,0.2236807408005598,-0.8349600223009475,161.51999638974667
21:06:06.756070,215,0.3030199890672754,3.7796659653459073,0.11378793288020846,-0.8349600223009475,302.23999324440956
21:06:06.756070,215,0.3080723191868234,3.8426853069323395,0.11568514831573586,-0.8349600223009475,305.51999317109585
21:06:06.756070,215,0.3131246493063713,3.9057046485187707,0.11758236375126324,-0.8349600223009475,114.51999744027853
21:06:06.756070,215,0.3183042968949852,3.970312061922193,-0.03983183712994878,-0.904680024163099,14.999999664723873
21:06:06.756070,215,0.3506980556405915,4.3743698529519826,-0.5737283211982417,-0.7655200204462744,6.5199998542666435
21:06:06.756070,215,0.3287999101424401,3.6434630888199706,0.25649791335775585,-0.8349600223009475,44.23999901115894
21:06:06.756070,215,0.33466616260758864,3.7084675905462907,0.2236807408005598,-0.8349600223009475,172.1199961528182
21:06:06.756070,215,0.34080086706225954,3.776446834311077,0.11378793288020846,-0.8349600223009475,359.99999195337296
21:06:06.756070,215,0.34648312746602594,3.839412502498813,0.11568514831573586,-0.8349600223009475,381.11999148130417
21:06:06.756070,215,0.3522534593045091,3.9033540986344324,0.07839477540939144,-0.8349600223009475,141.1199968457222
21:06:06.756070,215,0.3575613224355026,3.9621710350195594,-0.19907953100713394,-0.904680024163099,16.639999628067017
21:06:06.756070,215,0.38266661528109763,4.240365173750667,-0.9520813123812623,-0.7655200204462744,5.999999865889549
21:06:06.756070,215,0.3652174931177184,3.6399929729635536,0.25649791335775585,-0.8349600223009475,40.23999910056591
21:06:06.756070,215,0.37223604278935557,3.709944363481752,0.11189071744468106,-0.8349600223009475,135.99999696016312
21:06:06.756070,215,0.3785476652560607,3.772850061756726,0.11378793288020846,-0.8349600223009475,280.35999373346567
21:06:06.756070,215,0.3848592877227658,3.835755760031699,0.11568514831573586,-0.8349600223009475,349.2399921938777
21:06:06.756070,215,0.39132743593922,3.9002214948326093,-0.03919934765565788,-0.904680024163099,146.1199967339635
21:06:06.756070,215,0.3971644936252517,3.9583973745763816,-0.19907953100713394,-0.904680024163099,16.99999962002039
21:06:06.756070,215,0.4015985546496645,3.6361588608594286,0.25649791335775585,-0.8349600223009475,34.35999923199415
21:06:06.756070,215,0.4093162556277988,3.7060365695120083,0.11189071744468106,-0.8349600223009475,92.23999793827534
21:06:06.756070,215,0.4162566090004838,3.7688760073570955,0.11378793288020846,-0.8349600223009475,175.99999606609344
21:06:06.756070,215,0.42330279777019464,3.8326737014315246,0.07712985970922714,-0.8349600223009475,250.9999943897128
21:06:06.756070,215,0.4303094337742868,3.8961132763406567,-0.03919934765565788,-0.904680024163099,125.99999718368053
21:06:06.756070,215,0.43672794869838294,3.954227877712094,-0.19907953100713394,-0.904680024163099,16.119999639689922
21:06:06.756070,215,0.43822461405563284,3.6343260303167253,0.21990300829725967,-0.8349600223009475,28.239999368786812
21:06:06.756070,215,0.44635553718360466,3.701758174990235,0.11189071744468106,-0.8349600223009475,61.519998624920845
21:06:06.756070,215,0.4540374471962395,3.7654665214089627,0.07586494400906285,-0.8349600223009475,109.63999754935503
21:06:06.756070,215,0.46160773018956025,3.8282491120189843,0.07712985970922714,-0.8349600223009475,167.51999625563622
21:06:06.756070,215,0.4692484010264899,3.8916154497852373,-0.03919934765565788,-0.904680024163099,97.23999782651663
21:06:06.756070,215,0.4762477313425355,3.9496629613728915,-0.19907953100713394,-0.904680024163099,14.239999681711197
21:06:06.756070,215,0.47454535678139875,3.6297621425320905,0.21990300829725967,-0.8349600223009475,22.879999488592148
21:06:06.756070,215,0.48335018355964926,3.6971096077522985,0.11189071744468106,-0.8349600223009475,42.23999905586243
21:06:06.756070,215,0.49166878231194483,3.7607379509622954,0.07586494400906285,-0.8349600223009475,71.99999839067459
21:06:06.756070,215,0.4999414940683707,3.8240153079534567,-0.038566858181366966,-0.904680024163099,113.51999746263027
21:06:06.756070,215,0.508140443831727,3.8867284649452385,-0.03919934765565788,-0.904680024163099,72.51999837905169
21:06:06.756070,215,0.5157198896125544,3.9447030820465825,-0.19907953100713394,-0.904680024163099,12.11999972909689
21:06:06.756070,215,0.5108186453690611,3.62483528157422,0.21990300829725967,-0.8349600223009475,18.519999586045742
21:06:06.756070,215,0.520296495322289,3.6920913326510276,0.11189071744468106,-0.8349600223009475,30.35999932140112
21:06:06.756070,215,0.5292509509613395,3.75563330987128,0.07586494400906285,-0.8349600223009475,50.1199988797307
21:06:06.756070,215,0.5381560120952382,3.8188247772841626,-0.038566858181366966,-0.904680024163099,80.11999820917845
21:06:06.756070,215,0.5468996250872417,3.880870587767344,-0.07839477540939144,-0.974120026017772,54.359998784959316
21:06:06.756070,215,0.5551404763256828,3.9393487357169437,-0.19907953100713394,-1.0438400278799236,10.639999762177467
21:06:06.756070,215,0.5573301231701534,3.6876258424513777,0.07460002830889857,-0.8349600223009475,22.639999493956566
21:06:06.756070,215,0.566865225447692,3.750715720617416,-0.03793436870707606,-0.904680024163099,36.75999917834997
21:06:06.756070,215,0.5763167149717638,3.813252367336555,-0.038566858181366966,-0.974120026017772,58.999998681247234
21:06:06.756070,215,0.5856803385368278,3.875207640884499,-0.07839477540939144,-0.974120026017772,41.75999906659126
21:06:06.756070,215,0.5945055494562755,3.9336004578141233,-0.19907953100713394,-0.974120026017772,9.879999779164791
21:06:06.756070,215,0.5941778998965331,3.681868254484758,0.07460002830889857,-0.8349600223009475,17.519999608397484
21:06:06.756070,215,0.6043434136755843,3.744859628751848,-0.03793436870707606,-0.904680024163099,27.87999937683344
21:06:06.756070,215,0.6144197866596308,3.807298635346959,-0.038566858181366966,-0.974120026017772,44.99999899417162
21:06:06.756070,215,0.6237468891778323,3.865094730883448,-0.19591834847121448,-0.974120026017772,32.87999926507473
21:06:06.756070,215,0.6338111725300001,3.927458823161096,-0.19907953100713394,-0.974120026017772,8.999999798834324
21:06:06.756070,215,0.6417611680684284,3.7386290540608504,-0.03793436870707606,-0.904680024163099,21.99999950826168
21:06:06.756070,215,0.6523635468598021,3.800394027331034,-0.07712985970922714,-0.974120026017772,35.51999920606613
21:06:06.756070,215,0.6623660043603886,3.8586641129709216,-0.19591834847121448,-0.974120026017772,26.519999407231808
21:06:06.787527,216,0.0,3.791793233203591,0.11378793288020846,-0.904680024163099,26.359999410808086
21:06:06.787527,216,0.03707643033873926,3.707519527823912,0.4095005170319988,-0.904680024163099,22.639999493956566
21:06:06.787527,216,0.03791729952216741,3.791603645130315,0.11378793288020846,-0.904680024163099,32.99999926239252
21:06:06.787527,216,0.038518659653410184,3.851737655051647,-0.19275716593529502,-0.904680024163099,24.23999945819378
21:06:06.787527,216,0.07441733286662854,3.7203705977276718,0.26090431285098337,-0.904680024163099,28.239999368786812
21:06:06.787527,216,0.07583080734614973,3.7910348998691337,0.11378793288020846,-0.904680024163099,41.999999061226845
21:06:06.787527,216,0.07703346747312599,3.8511598896142085,-0.19275716593529502,-0.904680024163099,30.63999931514263
21:06:06.787527,216,0.07807749083701904,3.903354098634433,-0.35232392173691185,-0.904680024163099,10.639999762177467
21:06:06.787527,216,0.1093361656400728,3.643445508891606,0.40258448390472423,-0.904680024163099,17.999999597668648
21:06:06.787527,216,0.11161669711824333,3.7194404198470443,0.26090431285098337,-0.904680024163099,35.759999200701714
21:06:06.787527,216,0.1137651760532258,3.7910348998691337,0.07586494400906285,-0.904680024163099,54.359998784959316
21:06:06.787527,216,0.11554057201063318,3.850197011414314,-0.19275716593529502,-0.904680024163099,39.639999113976955
21:06:06.787527,216,0.11710647655334053,3.9023781706865486,-0.35232392173691185,-1.0438400278799236,12.759999714791775
21:06:06.787527,216,0.14576454591429305,3.642169994733042,0.40258448390472423,-0.904680024163099,22.11999950557947
21:06:06.787527,216,0.14880489979365888,3.718138301040581,0.26090431285098337,-0.904680024163099,44.87999899685383
21:06:06.787527,216,0.15169195813979197,3.7902762630900932,-0.03793436870707606,-0.904680024163099,71.23999840766191
21:06:06.787527,216,0.1539513398270247,3.8467306782311166,-0.23126618781115446,-0.904680024163099,52.999998815357685
21:06:06.787527,216,0.1561237517201186,3.901012008191011,-0.35232392173691185,-1.0438400278799236,15.75999964773655
21:06:06.787527,216,0.15864284031611287,3.9639556330680725,-0.3580087401169781,-1.0438400278799236,5.239999882876873
21:06:06.787527,216,0.18217834985604353,3.6405302666264174,0.40258448390472423,-0.904680024163099,27.239999391138554
21:06:06.787527,216,0.1859782221037639,3.7164643715190735,0.26090431285098337,-0.904680024163099,55.11999876797199
21:06:06.787527,216,0.1895865036796274,3.7885698565990595,-0.03793436870707606,-0.904680024163099,92.63999792933464
21:06:06.787527,216,0.19241030712849239,3.844998855603169,-0.23126618781115446,-0.904680024163099,72.75999837368727
21:06:06.787527,216,0.1951254146425253,3.8992557477629255,-0.35232392173691185,-1.0438400278799236,20.119999550282955
21:06:06.787527,216,0.19827380302929565,3.9621710350195594,-0.3580087401169781,-1.0438400278799236,6.11999986320734
21:06:06.787527,216,0.21880440926201192,3.642363097169121,0.3661141064315747,-0.904680024163099,32.87999926507473
21:06:06.787527,216,0.2231329467474713,3.7144187986740715,0.26090431285098337,-0.904680024163099,63.879998572170734
21:06:06.787527,216,0.22746209072793055,3.7864845962964333,-0.03793436870707606,-0.904680024163099,115.23999742418528
21:06:06.787527,216,0.2308500335604487,3.8428825363110053,-0.23126618781115446,-0.904680024163099,102.23999771475792
21:06:06.787527,216,0.23410756518694395,3.897109565026864,-0.35232392173691185,-1.0438400278799236,26.75999940186739
21:06:06.787527,216,0.2378849385282894,3.959990223187055,-0.3580087401169781,-1.0438400278799236,7.239999838173389
21:06:06.787527,216,0.2552164922333255,3.6399929729635536,0.3661141064315747,-0.904680024163099,37.99999915063381
21:06:06.787527,216,0.2604348259802564,3.714418798674071,0.2236807408005598,-0.904680024163099,67.5199984908104
21:06:06.787527,216,0.2652751341880774,3.7834530828979087,-0.07586494400906285,-0.904680024163099,130.11999709159136
21:06:06.787527,216,0.2692666751824553,3.84038193198478,-0.23126618781115446,-0.904680024163099,142.75999680906534
21:06:06.787527,216,0.2730663051709794,3.8945736745993007,-0.35232392173691185,-1.0438400278799236,37.119999170303345
21:06:06.787527,216,0.27747228573273053,3.9574134156499143,-0.3580087401169781,-1.0438400278799236,8.51999980956316
21:06:06.787527,216,0.29160305376923634,3.6372588525102785,0.3661141064315747,-0.904680024163099,40.639999091625214
21:06:06.787527,216,0.2975653724378942,3.711628774494103,0.2236807408005598,-0.904680024163099,63.75999857485294
21:06:06.787527,216,0.30277753266792207,3.7766417285503846,-0.18959598339937553,-1.0438400278799236,127.99999713897705
21:06:06.787527,216,0.30696359156548103,3.8288557900475766,-0.3466391033568456,-1.0438400278799236,183.9999958872795
21:06:06.787527,216,0.311997738753273,3.8916483300671545,-0.35232392173691185,-1.0438400278799236,51.23999885469675
21:06:06.787527,216,0.31703188594106496,3.9544408700867333,-0.3580087401169781,-1.0438400278799236,9.63999978452921
21:06:06.787527,216,0.322304037275792,3.5714817035177475,0.3597996426694104,-0.904680024163099,14.239999681711197
21:06:06.787527,216,0.3287999101424401,3.6434630888199706,0.25649791335775585,-0.904680024163099,39.519999116659164
21:06:06.787527,216,0.33511860665849313,3.7134811661233416,0.11189071744468106,-0.904680024163099,54.9999987706542
21:06:06.787527,216,0.3405281809223823,3.7734251732496573,-0.18959598339937553,-1.0438400278799236,110.5199975296855
21:06:06.787527,216,0.3452361624197516,3.8255947641752797,-0.3466391033568456,-1.0438400278799236,197.75999557971954
21:06:06.787527,216,0.3508979728230832,3.8883338239624283,-0.35232392173691185,-1.0438400278799236,64.11999856680632
21:06:06.787527,216,0.35622018770221936,3.9473097934342585,-0.3976614668876052,-1.0438400278799236,10.119999773800373
21:06:06.787527,216,0.3652174931177184,3.6399929729635536,0.25649791335775585,-0.904680024163099,35.35999920964241
21:06:06.787527,216,0.37223604278935557,3.709944363481752,0.11189071744468106,-0.904680024163099,44.75999899953604
21:06:06.787527,216,0.378244776644045,3.7698312785929837,-0.18959598339937553,-1.0438400278799236,87.87999803572893
21:06:06.787527,216,0.38347420994701925,3.821951182031652,-0.3466391033568456,-1.0438400278799236,170.63999618589878
21:06:06.787527,216,0.3897631173895937,3.8846304877329554,-0.35232392173691185,-1.0438400278799236,63.999998569488525
21:06:06.787527,216,0.39567481601247306,3.943550287170446,-0.3976614668876052,-1.0438400278799236,9.63999978452921
21:06:06.787527,216,0.41188264187382634,2.141654529979301,-3.63173296523892,-0.7655200204462744,5.239999882876873
21:06:06.787527,216,0.4015985546496645,3.6361588608594286,0.25649791335775585,-0.8349600223009475,29.759999334812164
21:06:06.787527,216,0.4093162556277988,3.7060365695120083,0.11189071744468106,-0.8349600223009475,35.51999920606613
21:06:06.787527,216,0.4156946204309149,3.76378764313546,-0.22747346430585713,-1.0438400278799236,67.63999848812819
21:06:06.787527,216,0.42167391037456725,3.8179254079718543,-0.3466391033568456,-1.0438400278799236,127.75999714434147
21:06:06.787527,216,0.42858928597090906,3.880538691709255,-0.35232392173691185,-1.0438400278799236,51.35999885201454
21:06:06.787527,216,0.4350898771726222,3.9393964291818264,-0.3976614668876052,-1.0438400278799236,8.879999801516533
21:06:06.787527,216,0.4379394566626052,3.631961135915595,0.25649791335775585,-0.8349600223009475,24.23999945819378
21:06:06.787527,216,0.44635553718360466,3.701758174990235,0.11189071744468106,-0.8349600223009475,28.11999937146902
21:06:06.787527,216,0.45331108416934845,3.759442578500647,-0.22747346430585713,-1.0438400278799236,51.99999883770943
21:06:06.787527,216,0.45983144376435653,3.813517844569921,-0.3466391033568456,-1.0438400278799236,91.51999795436859
21:06:06.787527,216,0.46737259598269987,3.876058845067502,-0.35232392173691185,-1.0438400278799236,37.63999915868044
21:06:06.787527,216,0.4744614297095728,3.934848634850718,-0.3976614668876052,-1.0438400278799236,8.359999813139439
21:06:06.787527,216,0.49964581436804545,1.8053518987547539,-3.8699819880581403,-0.8349600223009475,12.999999709427357
21:06:06.787527,216,0.5174223038439542,1.5613725366026219,-4.108729108205857,-0.904680024163099,6.11999986320734
21:06:06.787527,216,0.4742365650967857,3.6274002179010303,0.25649791335775585,-0.8349600223009475,19.519999563694
21:06:06.787527,216,0.48335018355964926,3.6971096077522985,0.11189071744468106,-0.8349600223009475,22.519999496638775
21:06:06.787527,216,0.4897768196635756,3.74626646936839,-0.3409542849767794,-1.0438400278799236,40.51999909430742
21:06:06.787527,216,0.4979429943950166,3.8087289325784996,-0.3466391033568456,-1.0438400278799236,66.11999852210283
21:06:06.787527,216,0.5061091691264575,3.8711913957886086,-0.35232392173691185,-1.0438400278799236,27.639999382197857
21:06:06.787527,216,0.5137855365010565,3.9299073589527445,-0.3976614668876052,-1.0438400278799236,7.639999829232693
21:06:06.787527,216,0.5559948243437275,1.5231546186703966,-4.050241861113959,-0.904680024163099,11.879999734461308
21:06:06.787527,216,0.5104862502717723,3.6224765629037137,0.25649791335775585,-0.8349600223009475,15.75999964773655
21:06:06.787527,216,0.5272143705095071,3.741181471156128,-0.3409542849767794,-1.0438400278799236,32.119999282062054
21:06:06.787527,216,0.5360047511434142,3.8035591508847757,-0.3466391033568456,-1.0438400278799236,49.11999890208244
21:06:06.787527,216,0.5447951317773212,3.8659368306134234,-0.35232392173691185,-1.0438400278799236,20.87999953329563
21:06:06.787527,216,0.5530582651693402,3.9245730956113545,-0.3976614668876052,-1.0438400278799236,6.8799998462200165
21:06:06.787527,216,0.5740129078657626,3.798009016462589,-0.3466391033568456,-1.0438400278799236,37.51999916136265
21:06:06.787527,216,0.5834266153714369,3.8602956749940622,-0.35232392173691185,-1.0438400278799236,16.519999630749226
21:06:06.787527,216,0.5922756884744595,3.9188463782484146,-0.3976614668876052,-1.0438400278799236,6.11999986320734
21:06:06.787527,216,0.611963663778233,3.7920790843207306,-0.3466391033568456,-1.0438400278799236,29.519999340176582
21:06:06.787527,216,0.6219997567928109,3.85426849304136,-0.35232392173691185,-1.0438400278799236,13.35999970138073
21:06:06.787527,216,0.6314338847069406,3.912727779530863,-0.3976614668876052,-1.0438400278799236,5.519999876618385
21:06:06.787527,216,0.6605106987596174,3.8478558874684627,-0.35232392173691185,-1.0438400278799236,11.239999748766422
21:06:06.816070,217,0.11188512295567989,3.7283852635422052,-0.03730187923278515,-0.974120026017772,24.23999945819378
21:06:06.816070,217,0.11378224353123025,3.7916036451303143,-0.03793436870707606,-0.904680024163099,27.99999937415123
21:06:06.816070,217,0.14916275915406854,3.7270800132837274,-0.03730187923278515,-0.974120026017772,29.759999334812164
21:06:06.816070,217,0.15169195813979197,3.7902762630900932,-0.03793436870707606,-0.904680024163099,35.11999921500683
21:06:06.816070,217,0.1540361225877393,3.848849116738976,-0.19275716593529502,-0.974120026017772,13.759999692440033
21:06:06.816070,217,0.1863975151478322,3.724843243205653,-0.07460002830889857,-0.974120026017772,36.75999917834997
21:06:06.816070,217,0.1895865036796274,3.7885698565990595,-0.03793436870707606,-0.904680024163099,44.99999899417162
21:06:06.816070,217,0.19251626968163826,3.847116340376532,-0.19275716593529502,-0.974120026017772,16.239999637007713
21:06:06.816070,217,0.22363600614558446,3.7227930585601112,-0.07460002830889857,-0.974120026017772,45.639998979866505
21:06:06.816070,217,0.22746209072793055,3.7864845962964333,-0.03793436870707606,-0.904680024163099,58.23999869823456
21:06:06.816070,217,0.2309771653098593,3.844998855603169,-0.19275716593529502,-0.974120026017772,19.35999956727028
21:06:06.816070,217,0.2505505174864781,3.573445097699197,0.3956410062015478,-0.904680024163099,19.119999572634697
21:06:06.816070,217,0.26057825041266247,3.7164643715190735,-0.18643480086345607,-0.974120026017772,55.99999874830246
21:06:06.816070,217,0.26531493175772886,3.7840206907064977,-0.03793436870707606,-0.904680024163099,75.51999831199646
21:06:06.816070,217,0.2694149634150622,3.8424968741655885,-0.19275716593529502,-0.974120026017772,22.99999948590994
21:06:06.816070,217,0.2862718446726591,3.5707609635805757,0.3956410062015478,-0.904680024163099,21.239999525249004
21:06:06.816070,217,0.2977292450862044,3.7136728108409316,-0.18643480086345607,-0.974120026017772,66.9999985024333
21:06:06.816070,217,0.30314124151663246,3.7811783862177464,-0.03793436870707606,-0.904680024163099,95.51999786496162
21:06:06.816070,217,0.3078258202496398,3.8396106462598385,-0.19275716593529502,-0.974120026017772,26.99999939650297
21:06:06.816070,217,0.3219645449142116,3.5677197563571825,0.3956410062015478,-0.904680024163099,22.639999493956566
21:06:06.816070,217,0.33485046708467553,3.710509885993024,-0.18643480086345607,-0.974120026017772,76.2399982959032
21:06:06.816070,217,0.34088609639583045,3.777391268665745,-0.07586494400906285,-0.904680024163099,112.99999747425318
21:06:06.816070,217,0.34620589476008906,3.8363404605062916,-0.19275716593529502,-0.974120026017772,30.23999932408333
21:06:06.816070,217,0.35171922545563644,3.505460535818429,0.35348517890724607,-0.904680024163099,9.999999776482582
21:06:06.816070,217,0.3576250489710149,3.564321780147192,0.3956410062015478,-0.904680024163099,23.11999948322773
21:06:06.816070,217,0.3719382043169761,3.7069759132651843,-0.18643480086345607,-0.974120026017772,80.11999820917845
21:06:06.816070,217,0.378244776644045,3.7698312785929837,-0.18959598339937553,-0.974120026017772,119.7599973231554
21:06:06.816070,217,0.3845513489711139,3.832686643920783,-0.19275716593529502,-0.974120026017772,31.75999929010868
21:06:06.816070,217,0.4020813581533032,3.6405302666264174,-0.18328611312016868,-0.974120026017772,22.759999491274357
21:06:06.816070,217,0.4089887480404552,3.703071246051726,-0.18643480086345607,-0.974120026017772,77.23999827355146
21:06:06.816070,217,0.4159235482049371,3.765860403966818,-0.18959598339937553,-0.974120026017772,111.35999751091003
21:06:06.816070,217,0.42285834836941905,3.8286495618819103,-0.19275716593529502,-0.974120026017772,30.759999312460423
21:06:06.816070,217,0.4459983932317813,3.6987962748161,-0.18643480086345607,-0.974120026017772,68.87999846041203
21:06:06.816070,217,0.4535607277594699,3.7615129464552974,-0.18959598339937553,-0.974120026017772,93.2399979159236
21:06:06.816070,217,0.46086925632532877,3.822124730363087,-0.23126618781115446,-0.904680024163099,27.759999379515648
21:06:06.816070,217,0.5076138356194834,1.5317745219866021,-3.916862363543209,-0.8349600223009475,6.5199998542666435
21:06:06.816070,217,0.4829634389574421,3.6941514270518456,-0.18643480086345607,-0.8349600223009475,58.23999869823456
21:06:06.816070,217,0.4911525516212202,3.75678934080053,-0.18959598339937553,-0.8349600223009475,73.75999835133553
21:06:06.816070,217,0.4990668224873297,3.8173250100785716,-0.23126618781115446,-0.904680024163099,23.999999463558197
21:06:06.816070,217,0.5479341578742436,1.5010723243306103,-3.991522521771696,-1.1132800297345966,6.6399998515844345
21:06:06.816070,217,0.5195940423717882,3.687106635514959,-0.2236807408005598,-0.8349600223009475,47.8799989297986
21:06:06.816070,217,0.5286952606392964,3.751690059359123,-0.18959598339937553,-0.8349600223009475,57.2399987205863
21:06:06.816070,217,0.5372144823852004,3.8121435604912053,-0.23126618781115446,-1.2524400334514212,20.239999547600746
21:06:06.816070,217,0.5564385139036859,3.6817264280187025,-0.2236807408005598,-0.8349600223009475,39.11999912559986
21:06:06.816070,217,0.5661851005742501,3.7462156120549497,-0.18959598339937553,-0.8349600223009475,44.63999900221825
21:06:06.816070,217,0.5753084212849114,3.8065808997416073,-0.23126618781115446,-1.2524400334514212,16.99999962002039
21:06:06.816070,217,0.5932273420503781,3.6759780509641975,-0.2236807408005598,-0.8349600223009475,31.87999928742647
21:06:06.816070,217,0.6032860859374329,3.7383078175276947,-0.22747346430585713,-0.8349600223009475,35.11999921500683
21:06:06.816070,217,0.611963663778233,3.7920790843207306,-0.3466391033568456,-1.2524400334514212,14.359999679028988
21:06:06.816070,217,0.6406383761774069,3.732088143525439,-0.22747346430585713,-0.8349600223009475,28.239999368786812
21:06:06.816070,217,0.6498532238370293,3.7857699474474473,-0.3466391033568456,-1.2524400334514212,12.23999972641468
21:06:06.852988,218,-0.19498719268714448,0.1550439331466698,-0.044163101826369046,-4.035640107787913,5.359999880194664
21:06:06.852988,218,0.10783903931751194,3.536350367890657,-0.6865959881837563,-0.904680024163099,18.35999958962202
21:06:06.852988,218,0.10995150414862984,3.567574902674802,-0.8420473980723738,-0.904680024163099,29.759999334812164
21:06:06.852988,218,0.11188512295567989,3.5916891796474313,-1.0010079622043668,-1.0438400278799236,35.759999200701714
21:06:06.852988,218,0.14073646900157696,3.497314411994432,-0.5346932797330015,-0.8349600223009475,15.999999642372131
21:06:06.852988,218,0.14376861037634112,3.5351351861566322,-0.6862703812194673,-0.904680024163099,23.11999948322773
21:06:06.852988,218,0.14658490153732326,3.566335916679418,-0.8417154127754772,-0.904680024163099,37.63999915868044
21:06:06.852988,218,0.14916275915406854,3.590428404712997,-1.0006701385788477,-1.0438400278799236,44.11999901384115
21:06:06.852988,218,0.1518997516318001,0.8137744357268291,-4.283490049457979,-0.904680024163099,9.63999978452921
21:06:06.852988,218,0.17589419653767432,3.495785190598883,-0.5342835260950156,-0.8349600223009475,19.119999572634697
21:06:06.852988,218,0.17968380469458217,3.5335730179669964,-0.6858517995146127,-0.7655200204462744,29.35999934375286
21:06:06.852988,218,0.18327694889129129,3.5281964375005375,-0.9833429200811554,-0.904680024163099,48.63999891281128
21:06:06.852988,218,0.1864254792015105,3.588807624510568,-1.0002358518324983,-1.0438400278799236,55.11999876797199
21:06:06.852988,218,0.1989429118646406,1.1753927333842944,-4.130929150466461,-0.904680024163099,18.519999586045742
21:06:06.852988,218,0.2112568578892818,3.4883808739204216,-0.5687540522084824,-0.8349600223009475,22.519999496638775
21:06:06.852988,218,0.216013042461656,3.5013482850877202,-0.8262661713219783,-0.904680024163099,37.63999915868044
21:06:06.852988,218,0.21989201323896226,3.5262492647531953,-0.9828211767159811,-0.904680024163099,63.63999857753515
21:06:06.852988,218,0.22366955685721973,3.586827001116806,-0.9997051453936298,-1.0438400278799236,69.6399984434247
21:06:06.852988,218,0.22742797113149912,3.637279346006295,-1.0531472328695162,-0.974120026017772,23.23999948054552
21:06:06.852988,218,0.24267699136699633,3.578095441674824,-2.2548074541715986,-0.974120026017772,12.999999709427357
21:06:06.852988,218,0.24641292381897803,3.4861704802395304,-0.5681617790067327,-0.8349600223009475,25.879999421536922
21:06:06.852988,218,0.25196060335189846,3.4990881271509884,-0.8256605638280643,-0.974120026017772,47.63999893516302
21:06:06.852988,218,0.256485088569535,3.6580861679170695,-0.03667188971689065,-0.904680024163099,83.23999813944101
21:06:06.852988,218,0.26085213373008453,3.720370597727672,-0.07460002830889857,-0.8349600223009475,88.3599980250001
21:06:06.852988,218,0.2652751341880774,3.7834530828979087,-0.07586494400906285,-0.974120026017772,27.759999379515648
21:06:06.852988,218,0.2765149961094879,3.449060647516393,0.3471707151450818,-0.8349600223009475,6.239999860525131
21:06:06.852988,218,0.28226499585910714,3.5207822472078187,0.24765014294675136,-0.8349600223009475,28.519999362528324
21:06:06.852988,218,0.28788296839289856,3.590857028893278,0.1081037854488655,-0.974120026017772,57.879998706281185
21:06:06.852988,218,0.2930525156061343,3.6553384570599787,-0.03667188971689065,-0.904680024163099,106.23999762535095
21:06:06.852988,218,0.2980421763197538,3.71757610295239,-0.07460002830889857,-0.8349600223009475,111.11999751627445
21:06:06.852988,218,0.30277753266792207,3.7766417285503846,-0.18959598339937553,-0.6263600167294499,33.2399992570281
21:06:06.852988,218,0.31745811761860926,3.5177836067187433,0.24765014294675136,-0.8349600223009475,29.519999340176582
21:06:06.852988,218,0.3237765453782479,3.5877987059067147,0.1081037854488655,-0.974120026017772,64.51999855786562
21:06:06.852988,218,0.32959063763669255,3.6522252154196284,-0.03667188971689065,-0.974120026017772,125.87999718636274
21:06:06.852988,218,0.3352024149414911,3.714409853681401,-0.07460002830889857,-0.8349600223009475,134.87999698519707
21:06:06.852988,218,0.3405281809223823,3.7734251732496573,-0.18959598339937553,-1.0438400278799236,39.639999113976955
21:06:06.852988,218,0.024219877808881664,0.18525604415075744,0.17059484665447644,-4.244520113366889,5.999999865889549
21:06:06.852988,218,0.35261949383231617,3.514433190816198,0.24765014294675136,-0.8349600223009475,28.519999362528324
21:06:06.852988,218,0.3596377449803197,3.584381606055421,0.1081037854488655,-0.974120026017772,64.23999856412411
21:06:06.852988,218,0.36604088605428964,3.64819943776764,-0.07334011227553335,-0.974120026017772,131.99999704957008
21:06:06.852988,218,0.3719382043169761,3.7069759132651843,-0.18643480086345607,-1.0438400278799236,153.2399965748191
21:06:06.852988,218,0.378244776644045,3.7698312785929837,-0.18959598339937553,-1.0438400278799236,46.63999895751476
21:06:06.852988,218,0.3877456083920648,3.5107313345389657,0.24765014294675136,-0.8349600223009475,25.999999418854713
21:06:06.852988,218,0.39556188064141606,3.5815015284784377,0.07207519657536907,-0.974120026017772,56.99999872595072
21:06:06.852988,218,0.4025039696954032,3.6443566815517623,-0.07334011227553335,-0.974120026017772,120.35999730974436
21:06:06.852988,218,0.4089887480404552,3.703071246051726,-0.18643480086345607,-1.0438400278799236,157.9999964684248
21:06:06.852988,218,0.4159235482049371,3.765860403966818,-0.18959598339937553,-1.0438400278799236,53.119998812675476
21:06:06.852988,218,0.422625603623812,3.826542241376746,-0.23126618781115446,-1.0438400278799236,6.5199998542666435
21:06:06.852988,218,0.42283294871582777,3.5066784080695736,0.24765014294675136,-0.8349600223009475,22.639999493956566
21:06:06.852988,218,0.4313565202834446,3.5773669021109535,0.07207519657536907,-0.974120026017772,46.879998952150345
21:06:06.852988,218,0.4384659493543998,3.636327495159665,-0.18328611312016868,-1.0438400278799236,98.99999778717756
21:06:06.852988,218,0.4459983932317813,3.6987962748161,-0.18643480086345607,-1.0438400278799236,146.75999671965837
21:06:06.852988,218,0.4535607277594699,3.7615129464552974,-0.18959598339937553,-1.0438400278799236,57.6399987116456
21:06:06.852988,218,0.45983144376435653,3.813517844569921,-0.3466391033568456,-1.0438400278799236,7.999999821186066
21:06:06.852988,218,0.45787800609896895,3.502274816697273,0.24765014294675136,-0.8349600223009475,19.119999572634697
21:06:06.852988,218,0.4671781019310061,3.5734105580772044,-0.036039400242599745,-0.974120026017772,36.999999172985554
21:06:06.852988,218,0.4748066943279082,3.631761093989915,-0.18328611312016868,-1.0438400278799236,77.11999827623367
21:06:06.852988,218,0.4829634389574421,3.6941514270518456,-0.18643480086345607,-1.0438400278799236,125.63999719172716
21:06:06.852988,218,0.4911525516212202,3.75678934080053,-0.18959598339937553,-1.0438400278799236,58.75999868661165
21:06:06.852988,218,0.4979429943950166,3.8087289325784996,-0.3466391033568456,-1.0438400278799236,9.63999978452921
21:06:06.852988,218,0.4931982053556488,3.4997983565979736,0.21231756128666499,-0.8349600223009475,15.999999642372131
21:06:06.852988,218,0.5028882524382546,3.568560185993938,-0.036039400242599745,-0.974120026017772,28.999999351799488
21:06:06.852988,218,0.5110999590297771,3.626831519753458,-0.18328611312016868,-1.0438400278799236,59.35999867320061
21:06:06.852988,218,0.5195940423717882,3.687106635514959,-0.2236807408005598,-1.0438400278799236,102.51999770849943
21:06:06.852988,218,0.5284042623784942,3.749625098003082,-0.22747346430585713,-1.0438400278799236,56.519998736679554
21:06:06.852988,218,0.5360047511434142,3.8035591508847757,-0.3466391033568456,-1.0438400278799236,11.119999751448631
21:06:06.852988,218,0.5385481145415795,3.563352960881816,-0.036039400242599745,-0.974120026017772,22.879999488592148
21:06:06.852988,218,0.5473421141639432,3.6215392654035887,-0.18328611312016868,-1.0438400278799236,45.99999897181988
21:06:06.852988,218,0.5564385139036859,3.6817264280187025,-0.2236807408005598,-1.0438400278799236,81.99999816715717
21:06:06.852988,218,0.5658734675942987,3.744153663880155,-0.22747346430585713,-1.0438400278799236,51.51999884843826
21:06:06.852988,218,0.5741541222846464,3.4272329861417545,1.044364956462583,-0.974120026017772,18.23999959230423
21:06:06.852988,218,0.5832083560442997,3.43383908651294,0.85224524333976,-1.0438400278799236,36.11999919265509
21:06:06.852988,218,0.5918914777490772,3.455952287669598,0.7268838826520692,-1.0438400278799236,65.51999853551388
21:06:06.852988,218,0.6032860859374329,3.552053602750518,0.8127322463997217,-1.0438400278799236,45.519998982548714
21:06:06.852988,218,0.6285382739918527,3.45005801560044,0.7284632480929694,-1.0438400278799236,52.7599988207221
21:06:06.852988,218,0.639195748914441,3.508557089251463,0.7069031114913691,-1.0438400278799236,39.35999912023544
21:06:06.852988,218,0.6651222169338191,3.443810063280563,0.7301373818714287,-1.0438400278799236,43.119999036192894
21:06:06.852988,218,0.6764000080258543,3.502203196851368,0.7086056318287688,-1.0438400278799236,33.87999924272299
21:06:06.852988,218,0.7135366277031533,3.495490262593423,0.7104043571420282,-1.0438400278799236,28.999999351799488
21:06:06.852988,218,0.1540986815934384,0.07990079890656474,1.815938964618294,3.6878800984995905,4.999999888241291
21:06:06.880358,219,0.10594647016189801,3.530489556081609,0.24765014294675136,-0.8349600223009475,16.99999962002039
21:06:06.880358,219,0.10783903931751194,3.5935562691853753,0.2520740281522536,-0.8349600223009475,23.35999947786331
21:06:06.880358,219,0.1387223481086921,3.4662089516436216,0.24322625774124915,-0.8349600223009475,13.759999692440033
21:06:06.880358,219,0.14124547924251663,3.529253586062446,0.24765014294675136,-0.8349600223009475,21.99999950826168
21:06:06.880358,219,0.14376861037634112,3.5922982204812697,0.2520740281522536,-0.8349600223009475,30.119999326765537
21:06:06.880358,219,0.14629174151016566,3.655342854900093,0.25649791335775585,-0.7655200204462744,29.639999337494373
21:06:06.880358,219,0.14916275915406854,3.7270800132837274,-0.03730187923278515,-0.7655200204462744,20.51999954134226
21:06:06.880358,219,0.173376923092511,3.4646484423182304,0.24322625774124915,-0.8349600223009475,16.519999630749226
21:06:06.880358,219,0.17664530886503127,3.5299616770537168,0.21231756128666499,-0.8349600223009475,29.639999337494373
21:06:06.880358,219,0.17968380469458217,3.5906809449647454,0.2520740281522536,-0.8349600223009475,40.23999910056591
21:06:06.880358,219,0.18295629709391678,3.6560762437831653,0.21990300829725967,-0.8349600223009475,38.6399991363287
21:06:06.880358,219,0.1864254792015105,3.725402058146472,-0.03730187923278515,-0.7655200204462744,25.879999421536922
21:06:06.880358,219,0.18882863786898463,3.7734251732496573,-0.3409542849767794,-0.7655200204462744,8.51999980956316
21:06:06.880358,219,0.2080141605292759,3.4627414710512925,0.24322625774124915,-0.8349600223009475,19.519999563694
21:06:06.880358,219,0.21193550433114894,3.5280187568401353,0.21231756128666499,-0.8349600223009475,40.879999086260796
21:06:06.880358,219,0.21572140298226672,3.5910413329525794,0.21611028479196234,-0.8349600223009475,55.87999875098467
21:06:06.880358,219,0.21980405936945283,3.6590039348638674,0.1100010008843929,-0.8349600223009475,52.23999883234501
21:06:06.880358,219,0.22366955685721973,3.7233515659245477,-0.03730187923278515,-0.7655200204462744,33.519999250769615
21:06:06.880358,219,0.22655281850425305,3.7713482487064813,-0.3409542849767794,-0.904680024163099,9.519999787211418
21:06:06.880358,219,0.24263059672426232,3.460488228538337,0.24322625774124915,-0.8349600223009475,22.359999500215054
21:06:06.880358,219,0.24753870874534803,3.530489556081609,0.1062065700133381,-0.8349600223009475,57.759998708963394
21:06:06.880358,219,0.25196060335189846,3.5935562691853753,0.1081037854488655,-0.8349600223009475,81.1199981868267
21:06:06.880358,219,0.2563824979584488,3.656622982289142,0.1100010008843929,-0.8349600223009475,73.87999834865332
21:06:06.880358,219,0.2608912677446337,3.7209287416654573,-0.03730187923278515,-0.7655200204462744,44.99999899417162
21:06:06.880358,219,0.26425434404747716,3.7688941924980734,-0.3409542849767794,-0.904680024163099,10.87999975681305
21:06:06.880358,219,0.2863369002500499,4.083843860127514,-1.089057515889266,-0.6958000185841229,15.119999662041664
21:06:06.880358,219,0.2772227700628525,3.457888940101727,0.24322625774124915,-0.8349600223009475,24.51999945193529
21:06:06.880358,219,0.2828306382733506,3.5278376873068464,0.1062065700133381,-0.8349600223009475,80.75999819487333
21:06:06.880358,219,0.28788296839289856,3.590857028893278,0.1081037854488655,-0.8349600223009475,122.87999725341797
21:06:06.880358,219,0.2929352985124465,3.65387637047971,0.1100010008843929,-0.8349600223009475,109.63999754935503
21:06:06.880358,219,0.2980868897238482,3.7181338276495977,-0.03730187923278515,-0.7655200204462744,62.759998597204685
21:06:06.880358,219,0.3019294443776891,3.766063250027998,-0.3409542849767794,-0.904680024163099,12.879999712109566
21:06:06.880358,219,0.31858945955914775,3.973868987719861,-1.2332058542395377,-1.3221600353135727,10.519999764859676
21:06:06.880358,219,0.33204505973623044,4.14170502450795,-1.1053178612135495,-0.6958000185841229,10.759999759495258
21:06:06.880358,219,0.3119902367047489,3.457193498056357,0.20852483778136766,-0.8349600223009475,25.239999435842037
21:06:06.880358,219,0.3180942849744815,3.5248330377189787,0.1062065700133381,-0.8349600223009475,103.35999768972397
21:06:06.880358,219,0.3237765453782479,3.5877987059067147,0.1081037854488655,-0.8349600223009475,186.51999583095312
21:06:06.880358,219,0.32954119863124004,3.6516773770962048,0.07334011227553335,-0.8349600223009475,170.35999619215727
21:06:06.880358,219,0.3352527032638278,3.7149671033660288,-0.03730187923278515,-0.7655200204462744,90.11999798566103
21:06:06.880358,219,0.33957435201641994,3.7628557043881306,-0.3409542849767794,-0.904680024163099,15.87999964505434
21:06:06.880358,219,0.3465459953354304,3.4539007895304707,0.20852483778136766,-0.8349600223009475,24.51999945193529
21:06:06.880358,219,0.35332612251361456,3.521475907780447,0.1062065700133381,-0.8349600223009475,109.35999755561352
21:06:06.880358,219,0.35972768514272546,3.5852780076936597,0.07207519657536907,-0.8349600223009475,251.2399943843484
21:06:06.880358,219,0.36609580087961846,3.648746754317573,-0.03667188971689065,-0.8349600223009475,264.23999409377575
21:06:06.880358,219,0.37232913360256703,3.7108721665369795,-0.07460002830889857,-0.8349600223009475,130.51999708265066
21:06:06.880358,219,0.3771853025044448,3.7592718763303483,-0.3409542849767794,-0.904680024163099,19.759999558329582
21:06:06.880358,219,0.3810670996569148,3.4502626938193126,0.20852483778136766,-0.8349600223009475,22.359999500215054
21:06:06.880358,219,0.388619791587429,3.5186463754051136,0.07081028087520477,-0.8349600223009475,92.75999792665243
21:06:06.880358,219,0.3956212243169719,3.5820388387580935,-0.036039400242599745,-0.8349600223009475,251.1199943870306
21:06:06.880358,219,0.4025643548491718,3.6449034215970086,-0.03667188971689065,-0.8349600223009475,349.9999921768904
21:06:06.880358,219,0.4089887480404552,3.703071246051726,-0.18643480086345607,-0.904680024163099,177.35999603569508
21:06:06.880358,219,0.4147585347782254,3.755312124234454,-0.3409542849767794,-0.904680024163099,23.999999463558197
21:06:06.880358,219,0.4673917323851844,4.231864307099909,-0.9520813123812623,-0.6958000185841229,6.239999860525131
21:06:06.880358,219,0.41611189077300054,3.450938691382224,0.1043093545778107,-0.8349600223009475,19.759999558329582
21:06:06.880358,219,0.42378623729012393,3.514584311500932,0.07081028087520477,-0.8349600223009475,68.87999846041203
21:06:06.880358,219,0.4314212340049667,3.5779035920984685,-0.036039400242599745,-0.8349600223009475,187.11999581754208
21:06:06.880358,219,0.4389926527205089,3.640695601587988,-0.03667188971689065,-0.8349600223009475,325.8799927160144
21:06:06.880358,219,0.4459983932317813,3.6987962748161,-0.18643480086345607,-0.904680024163099,200.35999552160501
21:06:06.880358,219,0.45229029154601325,3.7509768440723392,-0.3409542849767794,-0.904680024163099,27.239999391138554
21:06:06.880358,219,0.45897915216764984,3.510697401085422,-0.03540691076830883,-0.8349600223009475,49.359998896718025
21:06:06.880358,219,0.4671781019310061,3.5734105580772044,-0.036039400242599745,-0.8349600223009475,124.35999722033739
21:06:06.880358,219,0.4753770516943624,3.6361237150689862,-0.03667188971689065,-0.8349600223009475,227.5199949145317
21:06:06.880358,219,0.4829634389574421,3.6941514270518456,-0.18643480086345607,-0.904680024163099,176.23999606072903
21:06:06.880358,219,0.4897768196635756,3.74626646936839,-0.3409542849767794,-0.904680024163099,28.239999368786812
21:06:06.880358,219,0.4940625915151915,3.505932152763051,-0.03540691076830883,-0.8349600223009475,35.759999200701714
21:06:06.880358,219,0.5028128185751067,3.568024897528956,-0.07207519657536907,-0.8349600223009475,83.11999814212322
21:06:06.880358,219,0.5116371556380578,3.630643536476988,-0.07334011227553335,-0.8349600223009475,146.75999671965837
21:06:06.880358,219,0.5198801887438343,3.689137167239849,-0.18643480086345607,-0.904680024163099,131.11999706923962
21:06:06.880358,219,0.5272143705095071,3.741181471156128,-0.3409542849767794,-0.904680024163099,26.99999939650297
21:06:06.880358,219,0.5290966250175076,3.500816314162677,-0.03540691076830883,-0.8349600223009475,26.6399994045496
21:06:06.880358,219,0.5384673316547773,3.562818453507075,-0.07207519657536907,-0.8349600223009475,57.879998706281185
21:06:06.880358,219,0.5473421141639432,3.6215392654035887,-0.18328611312016868,-0.904680024163099,97.11999782919884
21:06:06.880358,219,0.5567449509469081,3.6837539968018915,-0.18643480086345607,-0.904680024163099,92.75999792665243
21:06:06.880358,219,0.5645992003600883,3.735722357931116,-0.3409542849767794,-0.904680024163099,24.51999945193529
21:06:06.880358,219,0.5640777493005998,3.495350396863874,-0.03540691076830883,-0.8349600223009475,20.359999544918537
21:06:06.880358,219,0.5734652521930886,3.55352076788366,-0.18012493058424922,-0.7655200204462744,42.119999058544636
21:06:06.880358,219,0.5835295355452564,3.6158848601613074,-0.18328611312016868,-0.7655200204462744,67.63999848812819
21:06:06.880358,219,0.5935540391213288,3.6780024540505054,-0.18643480086345607,-0.6958000185841229,66.51999851316214
21:06:06.880358,219,0.6019275707636551,3.7298896756001017,-0.3409542849767794,-0.904680024163099,21.639999516308308
21:06:06.880358,219,0.6089711938048062,3.5476085365171435,-0.18012493058424922,-0.7655200204462744,31.87999928742647
21:06:06.880358,219,0.6196586044618967,3.6098688694624013,-0.18328611312016868,-0.6958000185841229,49.239998899400234
21:06:06.880358,219,0.6303037723891172,3.671883114135148,-0.18643480086345607,-0.6958000185841229,49.11999890208244
21:06:06.880358,219,0.639195748914441,3.723684007426432,-0.3409542849767794,-0.904680024163099,18.879999577999115
21:06:06.880358,219,0.6444162388073401,3.5413415472691647,-0.18012493058424922,-0.7655200204462744,24.999999441206455
21:06:06.880358,219,0.6557257080372414,3.6034918949009,-0.18328611312016868,-0.6958000185841229,37.35999916493893
21:06:06.880358,219,0.666990475807736,3.6653965889846836,-0.18643480086345607,-0.6958000185841229,37.63999915868044
21:06:06.880358,219,0.6764000080258543,3.717105973971725,-0.3409542849767794,-0.904680024163099,16.359999634325504
21:06:06.880358,219,0.6913465071756045,3.5947748905902337,-0.21990300829725967,-0.6958000185841229,29.35999934375286
21:06:06.880358,219,0.7036104807375789,3.6585435272461932,-0.18643480086345607,-0.6958000185841229,29.639999337494373
21:06:06.915430,220,0.07198512135169406,3.4295311453462265,-1.1054191509447975,-0.7655200204462744,33.11999925971031
21:06:06.915430,220,0.07324845623668147,3.4897192266290094,-1.1248191956998637,-0.6958000185841229,33.11999925971031
21:06:06.915430,220,0.1062012597293274,3.409228191900447,-0.9501558721734766,-0.7655200204462744,22.639999493956566
21:06:06.915430,220,0.10796868387277422,3.4286620279829703,-1.1051862716491851,-0.7655200204462744,41.23999907821417
21:06:06.915430,220,0.10986352828313853,3.488834856304259,-1.1245822293855368,-1.1132800297345966,40.11999910324812
21:06:06.915430,220,0.11067316249959556,0.7926724603910764,-4.159956440745599,-0.6958000185841229,4.999999888241291
21:06:06.915430,220,0.1415851590308339,3.408031465448038,-0.9498352102869929,-0.7655200204462744,28.239999368786812
21:06:06.915430,220,0.14394144961592334,3.427445385352256,-1.104860273238808,-0.7655200204462744,52.11999883502722
21:06:06.915430,220,0.14646761406881104,3.4875968616628907,-1.1242505097211482,-1.1132800297345966,49.11999890208244
21:06:06.915430,220,0.17275211987848973,3.4333384170889265,-0.5247393806384006,-0.8349600223009475,20.119999550282955
21:06:06.915430,220,0.17695489993505753,3.4064930223137306,-0.9494229856915539,-0.7655200204462744,35.759999200701714
21:06:06.915430,220,0.1798998213347052,3.425881339117327,-1.104441188313234,-0.7655200204462744,67.11999849975109
21:06:06.915430,220,0.18305705321578733,3.4860053665033344,-1.123824069878387,-1.1132800297345966,60.75999864190817
21:06:06.915430,220,0.18609931889960685,3.5342735438619575,-1.1785770848757948,-1.1132800297345966,16.8799996227026
21:06:06.915430,220,0.20726453414450452,3.431503062332598,-0.5242475988136177,-0.8349600223009475,23.23999948054552
21:06:06.915430,220,0.21230694549754056,3.4046130163405484,-0.948919239609274,-0.7655200204462744,45.35999898612499
21:06:06.915430,220,0.21584020322207376,3.423970045681498,-1.1039290587806045,-0.7655200204462744,87.35999804735184
21:06:06.915430,220,0.21962818681080742,3.4840605299737724,-1.1233029525008802,-1.1132800297345966,75.87999830394983
21:06:06.915430,220,0.22327823625821322,3.5322963856636553,-1.1780473069332513,-1.1132800297345966,19.239999569952488
21:06:06.915430,220,0.24175622213075126,3.429334440584062,-0.523666518367409,-0.8349600223009475,26.119999416172504
21:06:06.915430,220,0.24763776054334477,3.402391635527514,-0.9483240224143394,-0.7655200204462744,56.759998731315136
21:06:06.915430,220,0.2517590012699512,3.4217116961725105,-1.1033239358534441,-0.7655200204462744,113.75999745726585
21:06:06.915430,220,0.2561773577711511,3.4817625465562263,-1.1226872096999287,-1.1132800297345966,94.75999788194895
21:06:06.915430,220,0.2604348259802564,3.5299602115510753,-1.177421330966407,-1.1132800297345966,22.359999500215054
21:06:06.915430,220,0.2709925894287236,3.3785768842215482,-2.324183280390501,-0.13916000371682458,8.239999815821648
21:06:06.915430,220,0.2751632278571844,3.4305739613982658,-2.359952996914548,-1.4613200390303973,8.359999813139439
21:06:06.915430,220,0.2762237346973285,3.4268327687036773,-0.5229961974073323,-0.8349600223009475,28.11999937146902
21:06:06.915430,220,0.28294381202056584,3.399829102010847,-0.9476373936279708,-0.7655200204462744,68.23999847471714
21:06:06.915430,220,0.2876526236286256,3.4191065164234233,-1.1026258800435382,-0.7655200204462744,143.8799967840314
21:06:06.915430,220,0.2927009112103433,3.479111646047114,-1.121976903049297,-1.1132800297345966,116.63999739289284
21:06:06.915430,220,0.2975653724378942,3.527265255139673,-1.1766992195723347,-1.1132800297345966,26.119999416172504
21:06:06.915430,220,0.305013165225679,3.361721404756987,-0.5127380770950349,-0.8349600223009475,14.51999967545271
21:06:06.915430,220,0.3117872213566938,3.4001710960002858,-0.659266748211123,-0.6958000185841229,28.759999357163906
21:06:06.915430,220,0.31817383572256136,3.387251687913973,-0.9809195514557535,-0.6958000185841229,75.87999830394983
21:06:06.915430,220,0.3235174809659327,3.41615476695003,-1.1018349611558835,-0.7655200204462744,169.23999621719122
21:06:06.915430,220,0.32919519480363946,3.476108093534266,-1.1211721035790547,-1.1132800297345966,137.99999691545963
21:06:06.915430,220,0.33466616260758864,3.5242117859228306,-1.1758810449615684,-1.0438400278799236,30.63999931514263
21:06:06.915430,220,0.3463204941896151,3.396992653389633,-0.65841508708041,-0.6958000185841229,27.639999382197857
21:06:06.915430,220,0.35341448423116123,3.3840081384424616,-0.9800504449942515,-0.6958000185841229,75.63999830931425
21:06:06.915430,220,0.3593499868261864,3.4128567429248022,-1.1009512582817054,-0.7655200204462744,176.63999605178833
21:06:06.915430,220,0.3656565591532553,3.4727521893704165,-1.120272891768475,-1.1132800297345966,152.35999659448862
21:06:06.915430,220,0.3717334864414059,3.5208001092449117,-1.174966888950884,-1.0438400278799236,35.23999921232462
21:06:06.915430,220,0.3771853025044448,3.542932330928345,-1.3023077067555762,-0.8349600223009475,5.999999865889549
21:06:06.915430,220,0.38081913526326494,3.39348080946568,-0.6574740913370426,-0.6958000185841229,25.359999433159828
21:06:06.915430,220,0.388619791587429,3.380424358302658,-0.9790901739999404,-0.6958000185841229,67.87999848276377
21:06:06.915430,220,0.39514655798882126,3.409212774147381,-1.099974859790551,-0.7655200204462744,161.51999638974667
21:06:06.915430,220,0.4020813581533032,3.4690442691431698,-1.1192793575379851,-0.904680024163099,153.6399965658784
21:06:06.915430,220,0.4087636372380177,3.517030566270726,-1.1739568429551166,-1.0438400278799236,38.99999912828207
21:06:06.915430,220,0.4152796947424391,3.3896359154098787,-0.6564438550798074,-0.6958000185841229,22.239999502897263
21:06:06.915430,220,0.4233412802990228,3.3454617463817407,-1.0796201264027279,-0.7655200204462744,56.519998736679554
21:06:06.915430,220,0.4309036148267113,3.405223225011592,-1.0989058633214521,-0.7655200204462744,133.63999701291323
21:06:06.915430,220,0.4384659493543998,3.4649847036414427,-1.1181916002401762,-0.904680024163099,141.35999684035778
21:06:06.915430,220,0.44575291201336814,3.512903533951414,-1.1728510079780197,-0.6263600167294499,40.879999086260796
21:06:06.915430,220,0.45229029154601325,3.5349199450404334,-1.3001607944274638,-0.974120026017772,7.519999831914902
21:06:06.915430,220,0.4496987266000606,3.439712116095394,0.24322625774124915,-0.6958000185841229,19.119999572634697
21:06:06.915430,220,0.458428469000352,3.5064852664925468,-0.17696374804832976,-0.6958000185841229,45.2399989888072
21:06:06.915430,220,0.4666175816641301,3.569123180241231,-0.18012493058424922,-0.6958000185841229,104.87999765574932
21:06:06.915430,220,0.4748066943279082,3.631761093989915,-0.18328611312016868,-0.904680024163099,121.23999729007483
21:06:06.915430,220,0.4826976118709695,3.692118135436725,-0.2236807408005598,-0.6263600167294499,40.23999910056591
21:06:06.915430,220,0.4897768196635756,3.74626646936839,-0.3409542849767794,-0.974120026017772,8.119999818503857
21:06:06.915430,220,0.49346981523885297,3.5017257355149107,-0.17696374804832976,-0.6958000185841229,35.759999200701714
21:06:06.915430,220,0.5022848871343151,3.5642786276341845,-0.18012493058424922,-0.6958000185841229,81.2399981841445
21:06:06.915430,220,0.5110999590297771,3.626831519753458,-0.18328611312016868,-0.904680024163099,99.87999776750803
21:06:06.915430,220,0.5184239898756001,3.6788037914274803,-0.33526946659671314,-0.974120026017772,37.63999915868044
21:06:06.915430,220,0.5272143705095071,3.741181471156128,-0.3409542849767794,-0.974120026017772,8.359999813139439
21:06:06.915430,220,0.5284618149092595,3.496616034897473,-0.17696374804832976,-0.6958000185841229,28.519999362528324
21:06:06.915430,220,0.5379019645366013,3.559077650150531,-0.18012493058424922,-0.6958000185841229,63.23999858647585
21:06:06.915430,220,0.5473421141639432,3.6215392654035887,-0.18328611312016868,-0.904680024163099,80.87999819219112
21:06:06.915430,220,0.5551854928544139,3.6734356993996427,-0.33526946659671314,-0.974120026017772,33.99999924004078
21:06:06.915430,220,0.5645992003600883,3.735722357931116,-0.3409542849767794,-0.974120026017772,8.359999813139439
21:06:06.915430,220,0.5734652521930886,3.55352076788366,-0.18012493058424922,-0.6958000185841229,49.99999888241291
21:06:06.915430,220,0.5835295355452564,3.445238634539128,0.887099343029478,-0.6263600167294499,65.51999853551388
21:06:06.915430,220,0.5918914777490772,3.455952287669598,0.7268838826520692,-0.974120026017772,29.999999329447746
21:06:06.915430,220,0.6019275707636551,3.5145513044097902,0.7052969663804367,-0.7655200204462744,8.119999818503857
21:06:06.915430,220,0.6089711938048062,3.3801069444525007,0.9078240237712298,-0.6263600167294499,40.23999910056591
21:06:06.915430,220,0.6196586044618967,3.4394276337523397,0.8886563959975147,-0.6263600167294499,53.35999880731106
21:06:06.915430,220,0.6285382739918527,3.45005801560044,0.7284632480929694,-0.974120026017772,26.239999413490295
21:06:06.915430,220,0.639195748914441,3.508557089251463,0.7069031114913691,-0.7655200204462744,7.759999826550484
21:06:06.915430,220,0.6557257080372414,3.4332679493297977,0.8903068784641655,-0.6263600167294499,43.99999901652336
21:06:06.915430,220,0.6651222169338191,3.443810063280563,0.7301373818714287,-0.904680024163099,22.99999948590994
21:06:06.915430,220,0.701639648211332,3.437209055499965,0.7319061165754714,-0.904680024163099,20.119999550282955
21:06:06.941726,221,0.0717834890246471,3.588695962111861,-0.3239222994744465,-1.3916000371682458,36.11999919265509
21:06:06.941726,221,0.10405390100628407,3.467422842977842,0.24322625774124915,-0.8349600223009475,14.759999670088291
21:06:06.941726,221,0.1062012597293274,3.5389799938039173,-0.03540691076830883,-1.3916000371682458,23.879999466240406
21:06:06.941726,221,0.10766626058628553,3.5877987059067147,-0.3239222994744465,-1.3916000371682458,44.519999004900455
21:06:06.941726,221,0.10955579748475461,3.6507643740944506,-0.32960711785451274,-1.3916000371682458,33.359999254345894
21:06:06.941726,221,0.1114378658579333,3.7134811661233416,-0.33526946659671314,-1.3916000371682458,10.519999764859676
21:06:06.941726,221,0.1387223481086921,3.4662089516436216,0.24322625774124915,-0.8349600223009475,18.759999580681324
21:06:06.941726,221,0.1415851590308339,3.5377410514132723,-0.03540691076830883,-0.8349600223009475,30.35999932140112
21:06:06.941726,221,0.14353826561206823,3.586542672836838,-0.3239222994744465,-1.3916000371682458,55.63999875634909
21:06:06.941726,221,0.14605735420806248,3.6494862977138993,-0.32960711785451274,-1.3916000371682458,40.639999091625214
21:06:06.941726,221,0.14856648593213584,3.7121811335598265,-0.33526946659671314,-1.3916000371682458,11.639999739825726
21:06:06.941726,221,0.17022348229147535,3.4016321909949725,0.2388023725357469,-0.8349600223009475,15.639999650418758
21:06:06.941726,221,0.17372436022708612,3.471591393580937,0.1043093545778107,-0.8349600223009475,24.35999945551157
21:06:06.941726,221,0.17695489993505753,3.536148337881408,-0.03540691076830883,-0.8349600223009475,39.35999912023544
21:06:06.941726,221,0.17939591693154622,3.584927988504486,-0.3239222994744465,-1.3916000371682458,70.87999841570854
21:06:06.941726,221,0.18254430531831656,3.6478432757611197,-0.32960711785451274,-1.3916000371682458,49.99999888241291
21:06:06.941726,221,0.1856802494822143,3.7105098859930234,-0.33526946659671314,-1.3916000371682458,12.879999712109566
21:06:06.941726,221,0.20423072540246734,3.399759904395938,0.2388023725357469,-0.8349600223009475,18.35999958962202
21:06:06.941726,221,0.20843100864606237,3.4696806008559817,0.1043093545778107,-0.8349600223009475,31.87999928742647
21:06:06.941726,221,0.21205221963334006,3.5299616770537163,-0.17696374804832976,-1.3916000371682458,51.99999883770943
21:06:06.941726,221,0.2152356288096291,3.582954814376739,-0.3239222994744465,-1.3916000371682458,91.51999795436859
21:06:06.941726,221,0.21901300215097455,3.6458354725369304,-0.32960711785451274,-1.3916000371682458,62.23999860882759
21:06:06.941726,221,0.2227754451629076,3.7084675905462907,-0.33526946659671314,-1.3916000371682458,14.239999681711197
21:06:06.941726,221,0.23821754561202377,3.3975476446547854,0.2388023725357469,-0.8349600223009475,21.119999527931213
21:06:06.941726,221,0.24311681413879768,3.467422842977842,0.1043093545778107,-0.8349600223009475,41.35999907553196
21:06:06.941726,221,0.24734064476875128,3.527664693641488,-0.17696374804832976,-1.3916000371682458,69.35999844968319
21:06:06.941726,221,0.2510538173051556,3.580623347769357,-0.3239222994744465,-1.3916000371682458,118.51999735087156
21:06:06.941726,221,0.2554597978669067,3.6434630888199706,-0.32960711785451274,-1.3916000371682458,76.7599982842803
21:06:06.941726,221,0.25984836348572604,3.7060544514474594,-0.33526946659671314,-1.3916000371682458,15.519999653100967
21:06:06.941726,221,0.2721805442665979,3.3949956329956352,0.2388023725357469,-0.8349600223009475,23.23999948054552
21:06:06.941726,221,0.2777783081538026,3.4648183457204147,0.1043093545778107,-0.8349600223009475,51.35999885201454
21:06:06.941726,221,0.2826043360469079,3.525014946715375,-0.17696374804832976,-1.3916000371682458,91.11999796330929
21:06:06.941726,221,0.2868469006292847,3.5779338218270476,-0.3239222994744465,-1.3916000371682458,150.51999663561583
21:06:06.941726,221,0.29188104781707663,3.640726361846626,-0.32960711785451274,-1.3916000371682458,91.51999795436859
21:06:06.941726,221,0.2968952971898971,3.7032707100084195,-0.33526946659671314,-1.3916000371682458,16.359999634325504
21:06:06.941726,221,0.2996783654026579,3.320764480712534,0.33454178762075315,-0.8349600223009475,5.879999868571758
21:06:06.941726,221,0.3061163250947784,3.392104124617516,0.2388023725357469,-0.8349600223009475,24.35999945551157
21:06:06.941726,221,0.31241202457071504,3.461867369531243,0.1043093545778107,-0.8349600223009475,57.999998703598976
21:06:06.941726,221,0.3178397671282259,3.5220127012478515,-0.17696374804832976,-1.3916000371682458,112.35999748855829
21:06:06.941726,221,0.3226112995036714,3.5748865055001513,-0.3239222994744465,-1.3916000371682458,180.51999596506357
21:06:06.941726,221,0.32827310990700304,3.6376255652873,-0.32960711785451274,-1.3916000371682458,101.87999772280455
21:06:06.941726,221,0.3335945158290852,3.696592570629045,-0.3724036118389479,-1.3916000371682458,16.639999628067017
21:06:06.941726,221,0.34002149454691394,3.3888734086688426,0.2388023725357469,-0.8349600223009475,24.119999460875988
21:06:06.941726,221,0.3471533567547545,3.4599541449694895,-0.03477442129401793,-0.6958000185841229,57.11999872326851
21:06:06.941726,221,0.3530434144991175,3.5186582574609484,-0.17696374804832976,-0.8349600223009475,122.5199972614646
21:06:06.941726,221,0.35834343751839176,3.5714817035177475,-0.3239222994744465,-1.3916000371682458,194.63999564945698
21:06:06.941726,221,0.3646323449609662,3.634161009219051,-0.32960711785451274,-1.3916000371682458,102.51999770849943
21:06:06.941726,221,0.3705431450274343,3.693071853064095,-0.3724036118389479,-0.8349600223009475,15.999999642372131
21:06:06.941726,221,0.37389266213446504,3.3853038082185027,0.2388023725357469,-0.8349600223009475,22.519999496638775
21:06:06.941726,221,0.38173496325257206,3.4563096730802636,-0.03477442129401793,-0.6958000185841229,49.75999888777733
21:06:06.941726,221,0.3882117578243393,3.5149519507962337,-0.17696374804832976,-0.6958000185841229,114.35999744385481
21:06:06.941726,221,0.3940397414895807,3.567719756357182,-0.3239222994744465,-1.3916000371682458,183.9999958872795
21:06:06.941726,221,0.4009551170859225,3.630333040094583,-0.32960711785451274,-1.3916000371682458,92.87999792397022
21:06:06.941726,221,0.40745472022172197,3.6891818314078972,-0.3724036118389479,-0.8349600223009475,14.879999667406082
21:06:06.941726,221,0.43764429042318026,3.962524630884186,-1.2332058542395377,-2.226560059469193,7.879999823868275
21:06:06.941726,221,0.4384264921440826,3.969606851886997,-1.4127347308319917,-2.4354400650481693,6.7599998489022255
21:06:06.941726,221,0.40772644076905035,3.381395680223552,0.2388023725357469,-0.8349600223009475,19.999999552965164
21:06:06.941726,221,0.4162783965738823,3.4523195731194294,-0.03477442129401793,-0.8349600223009475,39.87999910861254
21:06:06.941726,221,0.4233412802990228,3.5108941518812693,-0.17696374804832976,-0.6958000185841229,94.35999789088964
21:06:06.941726,221,0.4296966418167475,3.5636010402100204,-0.3239222994744465,-1.1830000315967482,155.6399965211749
21:06:06.941726,221,0.43723779403509083,3.6261420407076015,-0.32960711785451274,-0.8349600223009475,78.11999825388193
21:06:06.941726,221,0.44432555028535337,3.684922894659359,-0.3724036118389479,-0.8349600223009475,13.35999970138073
21:06:06.941726,221,0.4415194471011522,3.377149415493515,0.2388023725357469,-0.8349600223009475,17.359999611973763
21:06:06.941726,221,0.45078020240429356,3.44798424409364,-0.03477442129401793,-0.8349600223009475,30.999999307096004
21:06:06.941726,221,0.4581761461650386,3.504555267890245,-0.21231756128666499,-0.6263600167294499,72.87999837100506
21:06:06.941726,221,0.46531057283973287,3.5591259669444253,-0.3239222994744465,-0.6263600167294499,123.23999724537134
21:06:06.941726,221,0.47302579771129094,3.6181391482130048,-0.3661141064315747,-0.8349600223009475,63.11999858915806
21:06:06.941726,221,0.4811519481662126,3.680295468708586,-0.3724036118389479,-0.8349600223009475,11.999999731779099
21:06:06.941726,221,0.48465474334339087,3.4391728433956374,-0.1738025655124103,-0.6958000185841229,23.999999463558197
21:06:06.941726,221,0.4931982053556488,3.4997983565979736,-0.21231756128666499,-0.6263600167294499,55.359998762607574
21:06:06.941726,221,0.5008779731952718,3.554294984063974,-0.3239222994744465,-0.6263600167294499,95.3599978685379
21:06:06.941726,221,0.5091829342728332,3.6132280637370844,-0.3661141064315747,-0.8349600223009475,50.519998870790005
21:06:06.941726,221,0.5179302312553646,3.675300016294296,-0.3724036118389479,-0.8349600223009475,10.759999759495258
21:06:06.941726,221,0.5190216652819176,3.4341544196444147,-0.1738025655124103,-0.6263600167294499,18.879999577999115
21:06:06.941726,221,0.5269815786674529,3.4868219161314347,-0.31823748109438027,-0.6263600167294499,42.51999904960394
21:06:06.941726,221,0.5363952861731273,3.549108574662908,-0.3239222994744465,-0.6263600167294499,73.87999834865332
21:06:06.941726,221,0.545289152967542,3.6079556594819557,-0.3661141064315747,-0.8349600223009475,40.639999091625214
21:06:06.941726,221,0.5546567217553136,3.669937036957547,-0.3724036118389479,-0.8349600223009475,9.63999978452921
21:06:06.941726,221,0.56182286705718,3.4813778486571927,-0.31823748109438027,-0.6263600167294499,33.11999925971031
21:06:06.941726,221,0.5718589600717578,3.5435672573778216,-0.3239222994744465,-0.6263600167294499,57.879998706281185
21:06:06.941726,221,0.5813408432037979,3.6023224626836265,-0.3661141064315747,-0.8349600223009475,33.11999925971031
21:06:06.941726,221,0.589282016318199,3.6515305419446906,-0.4835677727277277,-0.8349600223009475,8.639999806880951
21:06:06.941726,221,0.5966079736308968,3.475585646314786,-0.31823748109438027,-0.6263600167294499,26.359999410808086
21:06:06.941726,221,0.6072654485534851,3.5376715863358013,-0.3239222994744465,-0.6263600167294499,46.11999896913767
21:06:06.941726,221,0.617334399842781,3.596329036657058,-0.3661141064315747,-0.6263600167294499,27.359999388456345
21:06:06.941726,221,0.6426112109991244,3.531422151099011,-0.3239222994744465,-0.6263600167294499,37.35999916493893
21:06:06.941726,221,0.6532662235589834,3.5899759807398315,-0.3661141064315747,-0.6263600167294499,22.99999948590994
21:06:06.974936,222,0.0,3.5405731321514136,-0.03540691076830883,-0.7655200204462744,29.999999329447746
21:06:06.974936,222,0.035405140437602386,3.5403961049779533,-0.03540691076830883,-0.8349600223009475,36.75999917834997
21:06:06.974936,222,0.03603219260313288,3.6030992327448006,-0.07207519657536907,-0.7655200204462744,37.87999915331602
21:06:06.974936,222,0.0695418879359143,3.476630849575484,-0.03477442129401793,-0.8349600223009475,23.759999468922615
21:06:06.974936,222,0.07079611929172502,3.539334057002564,-0.07081028087520477,-0.8349600223009475,45.759998977184296
21:06:06.974936,222,0.07198512135169406,3.5987762344382204,-0.18012493058424922,-0.7655200204462744,45.87999897450209
21:06:06.974936,222,0.10430413915377704,3.475761612215808,-0.03477442129401793,-0.8349600223009475,29.879999332129955
21:06:06.974936,222,0.10607383946240992,3.5347339257574983,-0.17696374804832976,-1.2524400334514212,57.6399987116456
21:06:06.974936,222,0.10796868387277422,3.5978764579340603,-0.18012493058424922,-0.7655200204462744,56.11999874562025
21:06:06.974936,222,0.13905596004511048,3.474544801606906,-0.03477442129401793,-0.8349600223009475,37.87999915331602
21:06:06.974936,222,0.1414152851630357,3.533496469849881,-0.17696374804832976,-0.6263600167294499,73.75999835133553
21:06:06.974936,222,0.14394144961592334,3.5966168967984102,-0.18012493058424922,-0.7655200204462744,69.6399984434247
21:06:06.974936,222,0.14646761406881104,3.6597373237469393,-0.18328611312016868,-0.7655200204462744,23.999999463558197
21:06:06.974936,222,0.17376780615952994,3.472459588029665,-0.06954536517504048,-0.8349600223009475,48.35999891906977
21:06:06.974936,222,0.17674258945362303,3.5319056672556446,-0.17696374804832976,-0.6263600167294499,95.23999787122011
21:06:06.974936,222,0.1798998213347052,3.5949976769863285,-0.18012493058424922,-0.7655200204462744,86.87999805808067
21:06:06.974936,222,0.18305705321578733,3.6580896867170125,-0.18328611312016868,-0.7655200204462744,28.879999354481697
21:06:06.974936,222,0.20826423604460642,3.4669043936889925,-0.1738025655124103,-1.3916000371682458,61.11999863386154
21:06:06.974936,222,0.21205221963334006,3.5299616770537163,-0.17696374804832976,-0.6263600167294499,122.35999726504087
21:06:06.974936,222,0.21584020322207376,3.5930189604184406,-0.18012493058424922,-0.7655200204462744,108.63999757170677
21:06:06.974936,222,0.21962818681080742,3.6560762437831653,-0.18328611312016868,-0.7655200204462744,35.11999921500683
21:06:06.974936,222,0.2429222882675514,3.4646484423182304,-0.1738025655124103,-0.6263600167294499,74.75999832898378
21:06:06.974936,222,0.24734064476875128,3.527664693641488,-0.17696374804832976,-0.6263600167294499,152.9999965801835
21:06:06.974936,222,0.2516204310254927,3.588704604362001,-0.21611028479196234,-0.7655200204462744,134.35999699681997
21:06:06.974936,222,0.25603635562659216,3.6516861710173547,-0.21990300829725967,-0.7655200204462744,42.87999904155731
21:06:06.974936,222,0.27283510843499736,3.403160222787384,-0.034141931819727016,-0.7655200204462744,21.359999522566795
21:06:06.974936,222,0.2775560484651902,3.4620460290059216,-0.1738025655124103,-0.6263600167294499,84.87999810278416
21:06:06.974936,222,0.2824487882741033,3.5230747492232406,-0.21231756128666499,-0.6263600167294499,179.6399959847331
21:06:06.974936,222,0.287494297236424,3.586009008317605,-0.21611028479196234,-0.6263600167294499,161.51999638974667
21:06:06.974936,222,0.2925398061987447,3.648943267411969,-0.21990300829725967,-0.7655200204462744,51.99999883770943
21:06:06.974936,222,0.325494202475469,1.7887291989335428,-3.756119278094341,-0.6263600167294499,5.239999882876873
21:06:06.974936,222,0.31216205329051916,3.4590974139912176,-0.1738025655124103,-0.6263600167294499,86.87999805808067
21:06:06.974936,222,0.31694948910033977,3.512147445713002,-0.31823748109438027,-0.6263600167294499,190.75999573618174
21:06:06.974936,222,0.3226112995036714,3.5748865055001513,-0.3239222994744465,-0.6263600167294499,183.63999589532614
21:06:06.974936,222,0.32827310990700304,3.6376255652873,-0.32960711785451274,-1.1830000315967482,61.75999861955643
21:06:06.974936,222,0.3528806424566604,3.9103039748184103,-1.2145142006855836,-0.13916000371682458,8.119999818503857
21:06:06.974936,222,0.3467368421720487,3.4558028921331494,-0.1738025655124103,-0.7655200204462744,79.75999821722507
21:06:06.974936,222,0.3520545300758173,3.508802397816444,-0.31823748109438027,-0.6263600167294499,180.63999596238136
21:06:06.974936,222,0.35834343751839176,3.5714817035177475,-0.3239222994744465,-0.6263600167294499,192.63999569416046
21:06:06.974936,222,0.3646323449609662,3.634161009219051,-0.32960711785451274,-1.1830000315967482,70.23999843001366
21:06:06.974936,222,0.38085019440504864,3.7957985515752526,-1.3494555534521462,-0.5566400148672983,6.8799998462200165
21:06:06.974936,222,0.3810670996569148,3.4502626938193126,-0.20852483778136766,-0.7655200204462744,67.5199984908104
21:06:06.974936,222,0.3871243658932389,3.5051064726197816,-0.31823748109438027,-1.1830000315967482,155.51999652385712
21:06:06.974936,222,0.3940397414895807,3.567719756357182,-0.3239222994744465,-1.1830000315967482,184.87999586760998
21:06:06.974936,222,0.4009551170859225,3.630333040094583,-0.32960711785451274,-0.6263600167294499,74.99999832361937
21:06:06.974936,222,0.41555009758769196,3.4462795747294055,-0.20852483778136766,-0.7655200204462744,54.51999878138304
21:06:06.974936,222,0.42215548959840427,3.5010600397124385,-0.31823748109438027,-1.1830000315967482,126.63999716937542
21:06:06.974936,222,0.4296966418167475,3.5636010402100204,-0.3239222994744465,-1.1830000315967482,163.99999633431435
21:06:06.974936,222,0.43723779403509083,3.6261420407076015,-0.32960711785451274,-0.6263600167294499,73.99999834597111
21:06:06.974936,222,0.4447491393276699,3.688435843574758,-0.33526946659671314,-0.6263600167294499,7.519999831914902
21:06:06.974936,222,0.448978223376851,3.434201040524206,-0.31255266271431403,-1.1830000315967482,43.5199990272522
21:06:06.974936,222,0.45714439810829194,3.496663503734316,-0.31823748109438027,-1.1830000315967482,100.87999774515629
21:06:06.974936,222,0.46486740062758,3.5557361756519654,-0.3597996426694104,-1.1830000315967482,138.11999691277742
21:06:06.974936,222,0.47347674757117375,3.6215884301545347,-0.32960711785451274,-0.6263600167294499,68.11999847739935
21:06:06.974936,222,0.4832972119274578,3.4295396246066785,-0.31255266271431403,-1.1830000315967482,34.639999225735664
21:06:06.974936,222,0.49161891731584545,3.4885915240785548,-0.35348517890724607,-1.1830000315967482,80.11999820917845
21:06:06.974936,222,0.5004009257943393,3.5509097939078194,-0.3597996426694104,-1.1830000315967482,113.23999746888876
21:06:06.974936,222,0.5091829342728332,3.6132280637370844,-0.3661141064315747,-0.6263600167294499,59.35999867320061
21:06:06.974936,222,0.5175678711617786,3.4245352575999615,-0.31255266271431403,-1.1830000315967482,27.99999937415123
21:06:06.974936,222,0.5264796696079691,3.4835009888365214,-0.35348517890724607,-1.1830000315967482,64.3599985614419
21:06:06.974936,222,0.5340304898150234,3.5334616828123915,-0.4672014618083857,-1.1830000315967482,92.11999794095755
21:06:06.974936,222,0.545289152967542,3.6079556594819557,-0.3661141064315747,-0.6263600167294499,50.1199988797307
21:06:06.974936,222,0.5593459685754744,3.466029560053794,-0.4590021020804777,-1.1830000315967482,52.3599988296628
21:06:06.974936,222,0.5693378156452755,3.527944795434265,-0.4672014618083857,-1.1830000315967482,74.99999832361937
21:06:06.974936,222,0.5813408432037979,3.6023224626836265,-0.3661141064315747,-0.6263600167294499,41.879999063909054
21:06:06.974936,222,0.6045882081709548,3.5220751165323096,-0.4672014618083857,-1.1830000315967482,61.519998624920845
21:06:06.974936,222,0.6151986976734001,3.5838873393737827,-0.47540082153629365,-1.1830000315967482,34.99999921768904
21:06:06.974936,222,0.6397781423823415,3.515853233069499,-0.4672014618083857,-1.1830000315967482,50.99999886006117
21:06:06.974936,222,0.6510062132773701,3.5775562622014765,-0.47540082153629365,-1.1830000315967482,29.23999934643507
21:06:07.009364,223,0.1704281256914587,3.405721647794276,-0.1706413829764908,-1.1132800297345966,20.239999547600746
21:06:07.009364,223,0.17233600105744226,3.443847352743863,-0.45080274235256973,-1.1132800297345966,31.239999301731586
21:06:07.009364,223,0.20447625245587273,3.403847110324268,-0.1706413829764908,-1.1132800297345966,24.639999449253082
21:06:07.009364,223,0.20676528311560932,3.4419518305693217,-0.45080274235256973,-1.1132800297345966,38.359999142587185
21:06:07.009364,223,0.21052600321828718,3.5045552678902445,-0.4590021020804777,-1.1132800297345966,45.99999897181988
21:06:07.009364,223,0.2152356288096291,3.582954814376739,-0.3239222994744465,-0.8349600223009475,29.639999337494373
21:06:07.009364,223,0.2385039317663515,3.4016321909949725,-0.1706413829764908,-1.1132800297345966,29.879999332129955
21:06:07.009364,223,0.24117388881869295,3.439712116095394,-0.45080274235256973,-1.1132800297345966,47.35999894142151
21:06:07.009364,223,0.24556044481230394,3.502274816697273,-0.4590021020804777,-1.1132800297345966,55.75999875366688
21:06:07.009364,223,0.2510538173051556,3.580623347769357,-0.3239222994744465,-0.8349600223009475,35.11999921500683
21:06:07.009364,223,0.2611515697343327,3.2574276798035617,0.36092361768566555,-0.7655200204462744,5.879999868571758
21:06:07.009364,223,0.2725077608834725,3.399077111296468,-0.1706413829764908,-1.1132800297345966,35.35999920964241
21:06:07.009364,223,0.2755583773349504,3.43712843329165,-0.45080274235256973,-1.1132800297345966,58.63999868929386
21:06:07.009364,223,0.2805703305675703,3.4996441409568395,-0.4590021020804777,-1.1132800297345966,67.87999848276377
21:06:07.009364,223,0.2868469006292847,3.5779338218270476,-0.3239222994744465,-0.6958000185841229,41.75999906659126
21:06:07.009364,223,0.29188104781707663,3.640726361846626,-0.32960711785451274,-0.6958000185841229,11.879999734461308
21:06:07.009364,223,0.30044542883286296,3.3292643835669025,0.2343784873302447,-0.8349600223009475,13.999999687075615
21:06:07.009364,223,0.3064843394528124,3.3961821267345838,-0.1706413829764908,-1.1132800297345966,40.23999910056591
21:06:07.009364,223,0.30991531024433744,3.434201040524206,-0.45080274235256973,-1.1132800297345966,71.63999839872122
21:06:07.009364,223,0.3155521595248419,3.4966635037343154,-0.4590021020804777,-1.1132800297345966,82.35999815911055
21:06:07.009364,223,0.3226112995036714,3.5748865055001513,-0.3239222994744465,-0.6958000185841229,49.63999889045954
21:06:07.009364,223,0.32827310990700304,3.6376255652873,-0.32960711785451274,-0.6958000185841229,13.639999695122242
21:06:07.009364,223,0.34043026984497976,3.3929475268053504,-0.1706413829764908,-1.1132800297345966,42.9999990388751
21:06:07.009364,223,0.34424125188234733,3.4309302305298863,-0.45080274235256973,-1.1132800297345966,84.63999810814857
21:06:07.009364,223,0.35050243353053084,3.4933332030909257,-0.4590021020804777,-1.1132800297345966,98.1199978068471
21:06:07.009364,223,0.35834343751839176,3.5714817035177475,-0.3239222994744465,-0.6958000185841229,58.11999870091677
21:06:07.009364,223,0.3646323449609662,3.634161009219051,-0.32960711785451274,-0.6958000185841229,15.359999656677246
21:06:07.009364,223,0.37329361470055517,3.37987990514498,-0.3068678443342478,-1.1132800297345966,42.63999904692173
21:06:07.009364,223,0.3785327696835745,3.427316330386949,-0.45080274235256973,-1.1132800297345966,93.75999790430069
21:06:07.009364,223,0.385417657586518,3.4896535720539443,-0.4590021020804777,-1.1132800297345966,112.7599974796176
21:06:07.009364,223,0.39366444921361465,3.564321780147192,-0.3597996426694104,-0.6958000185841229,66.11999852210283
21:06:07.009364,223,0.4009551170859225,3.630333040094583,-0.32960711785451274,-0.6958000185841229,17.11999961733818
21:06:07.009364,223,0.4070731851617176,3.3759780387172755,-0.3068678443342478,-1.1132800297345966,39.11999912559986
21:06:07.009364,223,0.4127864345249685,3.423359701482382,-0.45080274235256973,-1.1132800297345966,95.23999787122011
21:06:07.009364,223,0.4202943401996498,3.4856249785833917,-0.4590021020804777,-1.1132800297345966,121.75999727845192
21:06:07.009364,223,0.4292873891102241,3.5602069867575445,-0.3597996426694104,-0.6958000185841229,71.75999839603901
21:06:07.009364,223,0.43723779403509083,3.6261420407076015,-0.32960711785451274,-0.6958000185841229,18.519999586045742
21:06:07.009364,223,0.44081204864541007,3.371738577314096,-0.3068678443342478,-1.1132800297345966,33.87999924272299
21:06:07.009364,223,0.4469988210687427,3.419060739475761,-0.45080274235256973,-1.1132800297345966,88.2399980276823
21:06:07.009364,223,0.4551289937308845,3.4812478255352413,-0.4590021020804777,-1.1132800297345966,121.63999728113413
21:06:07.009364,223,0.46486740062758,3.5557361756519654,-0.3597996426694104,-0.6958000185841229,73.51999835669994
21:06:07.009364,223,0.47347674757117375,3.6215884301545347,-0.32960711785451274,-0.6958000185841229,19.239999569952488
21:06:07.009364,223,0.47450683129355076,3.3671619448780308,-0.3068678443342478,-0.6958000185841229,28.359999366104603
21:06:07.009364,223,0.48116650810490613,3.4144198742596834,-0.45080274235256973,-1.1132800297345966,75.87999830394983
21:06:07.009364,223,0.48991813474405355,3.4765225506211284,-0.4590021020804777,-1.1132800297345966,112.11999749392271
21:06:07.009364,223,0.5004009257943393,3.5509097939078194,-0.3597996426694104,-0.6958000185841229,70.51999842375517
21:06:07.009364,223,0.5096683538291789,3.6166726637926216,-0.32960711785451274,-0.6958000185841229,19.119999572634697
21:06:07.009364,223,0.5081541636561042,3.3622485990684887,-0.3068678443342478,-0.6958000185841229,23.35999947786331
21:06:07.009364,223,0.5152860788933807,3.409437569916784,-0.45080274235256973,-1.1132800297345966,62.35999860614538
21:06:07.009364,223,0.524658284354202,3.4714496263645875,-0.4590021020804777,-1.1132800297345966,96.99999783188105
21:06:07.009364,223,0.5358844112877555,3.5457283241592386,-0.3597996426694104,-0.5566400148672983,64.11999856680632
21:06:07.009364,223,0.5458089936788015,3.611395233194381,-0.32960711785451274,-0.6958000185841229,18.35999958962202
21:06:07.009364,223,0.5417506810280242,3.3569990312159343,-0.3068678443342478,-0.6958000185841229,19.119999572634697
21:06:07.009364,223,0.5486084551873277,3.3994937469870226,-0.4852611934485247,-1.1132800297345966,50.1199988797307
21:06:07.009364,223,0.5593459685754744,3.466029560053794,-0.4590021020804777,-1.1132800297345966,80.63999819755554
21:06:07.009364,223,0.5713143087890075,3.5401922845488554,-0.3597996426694104,-0.5566400148672983,56.11999874562025
21:06:07.009364,223,0.5818950530863357,3.6057566660984506,-0.32960711785451274,-0.6958000185841229,17.23999961465597
21:06:07.009364,223,0.5825753951249844,3.393837780728752,-0.4852611934485247,-1.1132800297345966,40.23999910056591
21:06:07.009364,223,0.5939777186685095,3.4602628936908366,-0.4590021020804777,-1.1132800297345966,65.63999853283167
21:06:07.009364,223,0.606687075338028,3.5343022286759935,-0.3597996426694104,-0.5566400148672983,47.999998927116394
21:06:07.009364,223,0.616484078011211,3.3878424335357686,-0.4852611934485247,-0.974120026017772,32.51999927312136
21:06:07.009364,223,0.6285500714873129,3.454150203937522,-0.4590021020804777,-1.1132800297345966,53.23999880999327
21:06:07.009364,223,0.6419991736877977,3.5280587455413057,-0.3597996426694104,-0.5566400148672983,40.639999091625214
21:06:07.009364,223,0.6503311130061271,3.381508304937769,-0.4852611934485247,-0.6263600167294499,26.359999410808086
21:06:07.009364,223,0.6630595698255672,3.447692102057703,-0.4590021020804777,-1.1132800297345966,43.239999033510685
21:06:07.009364,223,0.677247072658066,3.521462459487874,-0.3597996426694104,-0.5566400148672983,34.35999923199415
21:06:07.009364,223,0.697502762762351,3.440889233856158,-0.4590021020804777,-0.6263600167294499,35.51999920606613
21:06:07.009364,223,0.7124272474884668,3.514514030138778,-0.3597996426694104,-0.5566400148672983,29.11999934911728
21:06:07.037503,224,0.0341402247374381,3.4139087485479,-0.034141931819727016,-0.904680024163099,28.11999937146902
21:06:07.037503,224,0.03477268258752025,3.4771524267629266,-0.03477442129401793,-0.904680024163099,38.1199991479516
21:06:07.037503,224,0.06827703548100517,3.4133966579908255,-0.034141931819727016,-0.904680024163099,34.639999225735664
21:06:07.037503,224,0.0695418879359143,3.476630849575484,-0.03477442129401793,-0.904680024163099,45.35999898612499
21:06:07.037503,224,0.10049482139300372,3.3488224461477443,-0.06701553377471191,-0.904680024163099,21.99999950826168
21:06:07.037503,224,0.10240701857822666,3.412543230627699,-0.034141931819727016,-0.904680024163099,43.359999030828476
21:06:07.037503,224,0.10430413915377704,3.475761612215808,-0.03477442129401793,-0.904680024163099,54.359998784959316
21:06:07.037503,224,0.13397746227274243,3.3476500749858435,-0.06701553377471191,-0.7655200204462744,27.359999388456345
21:06:07.037503,224,0.13652676105938705,3.4113485518005406,-0.034141931819727016,-0.904680024163099,55.23999876528978
21:06:07.037503,224,0.13905596004511048,3.474544801606906,-0.03477442129401793,-0.904680024163099,65.75999853014946
21:06:07.037503,224,0.1674467055185003,3.346142941621109,-0.06701553377471191,-0.7655200204462744,34.639999225735664
21:06:07.037503,224,0.17063285097882372,3.4098127409762324,-0.034141931819727016,-0.904680024163099,71.63999839872122
21:06:07.037503,224,0.1735853575725409,3.4688136575249606,-0.1738025655124103,-0.904680024163099,80.11999820917845
21:06:07.037503,224,0.17624752854477588,3.522012701247852,-0.31823748109438027,-0.8349600223009475,46.879998952150345
21:06:07.037503,224,0.2008992042339933,3.344301196765614,-0.06701553377471191,-0.7655200204462744,43.99999901652336
21:06:07.037503,224,0.20472187775611886,3.4079359517345718,-0.034141931819727016,-0.904680024163099,93.87999790161848
21:06:07.037503,224,0.20826423604460642,3.4669043936889925,-0.1738025655124103,-0.904680024163099,97.75999781489372
21:06:07.037503,224,0.21145825546828362,3.520074156216548,-0.31823748109438027,-0.8349600223009475,55.23999876528978
21:06:07.037503,224,0.23176909736983478,1.5335214757119784,-3.87408384308717,-0.5566400148672983,6.5199998542666435
21:06:07.037503,224,0.23433161319737641,3.3421250245923004,-0.06701553377471191,-0.7655200204462744,54.9999987706542
21:06:07.037503,224,0.2387904325171545,3.4057183717529087,-0.034141931819727016,-0.904680024163099,122.35999726504087
21:06:07.037503,224,0.2429222882675514,3.4646484423182304,-0.1738025655124103,-0.904680024163099,118.99999734014273
21:06:07.037503,224,0.2466478367434044,3.517783606718744,-0.31823748109438027,-0.8349600223009475,65.63999853283167
21:06:07.037503,224,0.28051940346818055,4.000872547337574,-0.8968692163334806,-0.06972000186215155,14.6399996727705
21:06:07.037503,224,0.26745947330175485,3.3361081935870147,-0.16748020044057135,-0.7655200204462744,66.11999852210283
21:06:07.037503,224,0.27283510843499736,3.403160222787384,-0.034141931819727016,-0.904680024163099,154.11999655514956
21:06:07.037503,224,0.2775560484651902,3.4620460290059216,-0.1738025655124103,-0.904680024163099,142.75999680906534
21:06:07.037503,224,0.2818127534414927,3.5151412818074688,-0.31823748109438027,-0.8349600223009475,78.11999825388193
21:06:07.037503,224,0.2868469006292847,3.5779338218270476,-0.3239222994744465,-0.8349600223009475,28.359999366104603
21:06:07.037503,224,0.3089317632652987,3.853405429860632,-1.1958225471316293,-0.06972000186215155,17.879999600350857
21:06:07.037503,224,0.2954834327875209,3.274280033266312,-0.0328769528711452,-0.6958000185841229,6.9999998435378075
21:06:07.037503,224,0.30080662561510557,3.33326683947795,-0.16748020044057135,-0.7655200204462744,73.35999836027622
21:06:07.037503,224,0.30685250107057815,3.400261760650751,-0.034141931819727016,-0.904680024163099,178.75999600440264
21:06:07.037503,224,0.31216205329051916,3.4590974139912176,-0.1738025655124103,-0.904680024163099,166.35999628156424
21:06:07.037503,224,0.31694948910033977,3.512147445713002,-0.31823748109438027,-0.8349600223009475,92.75999792665243
21:06:07.037503,224,0.3226112995036714,3.5748865055001513,-0.3239222994744465,-0.8349600223009475,33.359999254345894
21:06:07.037503,224,0.3420188135690717,3.789943015437784,-1.1771308935776752,-0.06972000186215155,15.359999656677246
21:06:07.037503,224,0.3341236975179109,3.330092161477551,-0.16748020044057135,-0.7655200204462744,73.11999836564064
21:06:07.037503,224,0.3407880824080329,3.39651371747172,-0.0682804494748762,-0.7655200204462744,182.5199959203601
21:06:07.037503,224,0.3467368421720487,3.4558028921331494,-0.1738025655124103,-0.904680024163099,184.7599958702922
21:06:07.037503,224,0.3520545300758173,3.508802397816444,-0.31823748109438027,-0.8349600223009475,109.35999755561352
21:06:07.037503,224,0.35834343751839176,3.5714817035177475,-0.3239222994744465,-0.8349600223009475,39.35999912023544
21:06:07.037503,224,0.3738680727711863,3.726210226364762,-1.158439240023721,-0.5566400148672983,9.759999781847
21:06:07.037503,224,0.3674073573308934,3.326584477050958,-0.16748020044057135,-0.7655200204462744,65.63999853283167
21:06:07.037503,224,0.37473561347945467,3.3929360692584645,-0.0682804494748762,-0.7655200204462744,163.23999635130167
21:06:07.037503,224,0.38127695765985736,3.4521627928811416,-0.1738025655124103,-0.904680024163099,192.51999569684267
21:06:07.037503,224,0.3871243658932389,3.5051064726197816,-0.31823748109438027,-0.8349600223009475,126.35999717563391
21:06:07.037503,224,0.3940397414895807,3.567719756357182,-0.3239222994744465,-0.8349600223009475,46.11999896913767
21:06:07.037503,224,0.40065427671595716,3.322744136963675,-0.16748020044057135,-0.7655200204462744,54.51999878138304
21:06:07.037503,224,0.4086456713034825,3.3890191302808885,-0.0682804494748762,-0.7655200204462744,132.87999702990055
21:06:07.037503,224,0.4157789457713343,3.448177480242071,-0.1738025655124103,-0.904680024163099,186.6399958282709
21:06:07.037503,224,0.42215548959840427,3.5010600397124385,-0.31823748109438027,-0.8349600223009475,141.23999684304
21:06:07.037503,224,0.4296966418167475,3.5636010402100204,-0.3239222994744465,-0.7655200204462744,52.879998818039894
21:06:07.037503,224,0.43386113100901774,3.318571525246494,-0.16748020044057135,-0.7655200204462744,43.63999902456999
21:06:07.037503,224,0.44251486490274355,3.3847632922296076,-0.0682804494748762,-0.7655200204462744,103.51999768614769
21:06:07.037503,224,0.45023935633657397,3.4438473527438624,-0.1738025655124103,-0.904680024163099,169.7599962055683
21:06:07.037503,224,0.45714439810829194,3.496663503734316,-0.31823748109438027,-0.8349600223009475,150.63999663293362
21:06:07.037503,224,0.46531057283973287,3.5591259669444253,-0.3239222994744465,-0.7655200204462744,58.51999869197607
21:06:07.037503,224,0.46702459955246667,3.31406705915709,-0.16748020044057135,-0.7655200204462744,34.35999923199415
21:06:07.037503,224,0.4758396714479288,3.3766199512763637,-0.1706413829764908,-0.5566400148672983,79.75999821722507
21:06:07.037503,224,0.48465474334339087,3.4391728433956374,-0.1738025655124103,-0.5566400148672983,147.11999671161175
21:06:07.037503,224,0.4920875925613648,3.491917304335326,-0.31823748109438027,-0.6958000185841229,151.35999661684036
21:06:07.037503,224,0.5008779731952718,3.554294984063974,-0.3239222994744465,-0.6958000185841229,61.639998622238636
21:06:07.037503,224,0.5001413660272338,3.309231189138299,-0.16748020044057135,-0.7655200204462744,27.359999388456345
21:06:07.037503,224,0.5095815156545757,3.371692804391357,-0.1706413829764908,-0.5566400148672983,61.99999861419201
21:06:07.037503,224,0.5190216652819176,3.4341544196444147,-0.1738025655124103,-0.5566400148672983,123.99999722838402
21:06:07.037503,224,0.5269815786674529,3.4868219161314347,-0.31823748109438027,-0.6958000185841229,143.2399967983365
21:06:07.037503,224,0.5363952861731273,3.549108574662908,-0.3239222994744465,-0.6958000185841229,61.359998628497124
21:06:07.037503,224,0.5332081187844173,3.30406439877307,-0.16748020044057135,-0.6958000185841229,21.87999951094389
21:06:07.037503,224,0.5432724021365851,3.3664284910507174,-0.1706413829764908,-0.5566400148672983,48.99999890476465
21:06:07.037503,224,0.553336685488753,3.428792583328365,-0.1738025655124103,-0.5566400148672983,102.9999976977706
21:06:07.037503,224,0.56182286705718,3.4813778486571927,-0.31823748109438027,-0.6263600167294499,128.75999712198973
21:06:07.037503,224,0.5718589600717578,3.5435672573778216,-0.3239222994744465,-0.6958000185841229,57.999998703598976
21:06:07.037503,224,0.5769089618335349,3.3608275376813697,-0.1706413829764908,-0.5566400148672983,39.35999912023544
21:06:07.037503,224,0.5875963724906254,3.4230878706266274,-0.1738025655124103,-0.5566400148672983,85.23999809473753
21:06:07.037503,224,0.5966079736308968,3.475585646314786,-0.31823748109438027,-0.6263600167294499,111.51999750733376
21:06:07.037503,224,0.6072654485534851,3.5376715863358013,-0.3239222994744465,-0.6958000185841229,52.63999882340431
21:06:07.037503,224,0.6217973003475376,3.4170408520056936,-0.1738025655124103,-0.5566400148672983,70.63999842107296
21:06:07.037503,224,0.6313334199070894,3.469445888319596,-0.31823748109438027,-0.6263600167294499,94.23999789357185
21:06:07.037503,224,0.6426112109991244,3.531422151099011,-0.3239222994744465,-0.6263600167294499,46.35999896377325
21:06:07.037503,224,0.6559360489953571,3.4106521321623586,-0.1738025655124103,-0.5566400148672983,58.999998681247234
21:06:07.037503,224,0.6659957333702227,3.462959188642279,-0.31823748109438027,-0.6263600167294499,78.87999823689461
21:06:07.037503,224,0.6778927128620441,3.5248195766057395,-0.3239222994744465,-0.6263600167294499,40.11999910324812
21:06:07.037503,224,0.700591447817991,3.456126195947368,-0.31823748109438027,-0.6263600167294499,65.75999853014946
21:06:07.037503,224,0.7131064260216167,3.5178645231079044,-0.3239222994744465,-0.6263600167294499,34.51999922841787
21:06:07.037503,224,0.7351171037079333,3.4489475935284073,-0.31823748109438027,-0.6263600167294499,54.87999877333641
21:06:07.037503,224,0.7482488291360282,3.5105576861050283,-0.3239222994744465,-0.6263600167294499,29.759999334812164
21:06:07.037503,224,0.7695692485033868,3.4414240992396246,-0.31823748109438027,-0.6263600167294499,46.11999896913767
21:06:07.071180,225,0.06698537904756763,3.348822446147744,0.10051492370675591,-0.904680024163099,35.35999920964241
21:06:07.071180,225,0.06824972557838191,3.4120313449000106,0.1024121391422833,-0.8349600223009475,43.87999901920557
21:06:07.071180,225,0.1004696953853865,3.3479851638169302,0.10051492370675591,-0.904680024163099,43.359999030828476
21:06:07.071180,225,0.1023916573981089,3.4120313449000106,0.0682804494748762,-0.8349600223009475,53.63999880105257
21:06:07.071180,225,0.10430413915377704,3.475761612215808,-0.03477442129401793,-0.8349600223009475,40.51999909430742
21:06:07.071180,225,0.112330722802225,3.7432341358266252,-1.158439240023721,-0.06972000186215155,8.239999815821648
21:06:07.071180,225,0.11546386809634732,3.8476409812994548,-1.024016134592132,-0.06972000186215155,11.239999748766422
21:06:07.071180,225,0.13141577749794384,3.2836421136245,0.09861770827122851,-0.904680024163099,26.6399994045496
21:06:07.071180,225,0.1339439648378404,3.3468130857746785,0.10051492370675591,-0.904680024163099,54.239998787641525
21:06:07.071180,225,0.13652676105938705,3.4113485518005406,-0.034141931819727016,-0.8349600223009475,66.75999850779772
21:06:07.071180,225,0.13905596004511048,3.474544801606906,-0.03477442129401793,-0.8349600223009475,49.63999889045954
21:06:07.071180,225,0.14975682296553372,3.7419236872066537,-1.158439240023721,-0.06972000186215155,9.999999776482582
21:06:07.071180,225,0.1539338626340426,3.846293981450893,-1.024016134592132,-0.06972000186215155,13.119999706745148
21:06:07.071180,225,0.16424507989550033,3.2821637970512505,0.09861770827122851,-0.904680024163099,32.51999927312136
21:06:07.071180,225,0.1674467055185003,3.346142941621109,0.06701553377471191,-0.904680024163099,69.11999845504761
21:06:07.071180,225,0.17063285097882372,3.4098127409762324,-0.034141931819727016,-0.8349600223009475,84.87999810278416
21:06:07.071180,225,0.17379387545694064,3.4729805394288205,-0.03477442129401793,-0.8349600223009475,62.1199986115098
21:06:07.071180,225,0.17674258945362303,3.5319056672556446,-0.17696374804832976,-0.7655200204462744,17.359999611973763
21:06:07.071180,225,0.18716794757201227,3.7402390493529487,-1.158439240023721,-0.06972000186215155,12.11999972909689
21:06:07.071180,225,0.190187940603627,3.80058856972835,-1.1771308935776752,-0.06972000186215155,14.999999664723873
21:06:07.071180,225,0.1954433990409297,3.9056101352498076,-1.0402764799164155,-0.06972000186215155,10.239999771118164
21:06:07.071180,225,0.20489886690997755,4.0945618794586185,0.28744762408399677,-0.6958000185841229,5.999999865889549
21:06:07.071180,225,0.1971072392480786,3.2811776364267824,0.06575061807454763,-0.904680024163099,39.11999912559986
21:06:07.071180,225,0.200929343885408,3.344802921362686,-0.03350944234543611,-0.904680024163099,89.35999800264835
21:06:07.071180,225,0.20472187775611886,3.4079359517345718,-0.034141931819727016,-0.8349600223009475,110.35999753326178
21:06:07.071180,225,0.2085144116268297,3.4710689821064578,-0.03477442129401793,-0.8349600223009475,79.35999822616577
21:06:07.071180,225,0.21205221963334006,3.5299616770537163,-0.17696374804832976,-0.7655200204462744,21.119999527931213
21:06:07.071180,225,0.2245603555405431,3.738180390727884,-1.158439240023721,-0.06972000186215155,14.239999681711197
21:06:07.071180,225,0.22818368270583372,3.798496694226236,-1.1771308935776752,-0.06972000186215155,16.359999634325504
21:06:07.071180,225,0.22994310449096428,3.2795344736708283,-0.0328769528711452,-0.8349600223009475,45.639998979866505
21:06:07.071180,225,0.2343667685040594,3.3426264227118683,-0.03350944234543611,-0.8349600223009475,116.87999738752842
21:06:07.071180,225,0.2387904325171545,3.4057183717529087,-0.034141931819727016,-0.8349600223009475,146.87999671697617
21:06:07.071180,225,0.2431776141133621,3.468289994932774,-0.06954536517504048,-0.8349600223009475,103.99999767541885
21:06:07.071180,225,0.24734064476875128,3.527664693641488,-0.17696374804832976,-0.7655200204462744,26.359999410808086
21:06:07.071180,225,0.26193030766165665,3.7357479171955967,-1.158439240023721,-0.06972000186215155,16.239999637007713
21:06:07.071180,225,0.2661566066309423,3.796024972237082,-1.1771308935776752,-0.06972000186215155,16.99999962002039
21:06:07.071180,225,0.2575689876756108,3.212740979374688,0.09672049283570111,-0.8349600223009475,9.519999787211418
21:06:07.071180,225,0.2627264048494289,3.277071105651086,-0.0328769528711452,-0.8349600223009475,49.99999888241291
21:06:07.071180,225,0.2677807566422131,3.340115664219235,-0.03350944234543611,-0.8349600223009475,151.51999661326408
21:06:07.071180,225,0.27279418282949386,3.4026497445225377,-0.0682804494748762,-0.8349600223009475,199.87999553233385
21:06:07.071180,225,0.2775560484651902,3.4620460290059216,-0.1738025655124103,-0.8349600223009475,139.87999687343836
21:06:07.071180,225,0.2826043360469079,3.525014946715375,-0.17696374804832976,-0.7655200204462744,34.11999923735857
21:06:07.071180,225,0.2992740669714496,3.732941872001403,-1.158439240023721,-0.06972000186215155,17.23999961465597
21:06:07.071180,225,0.3041029151183741,3.7931736509310174,-1.1771308935776752,-0.06972000186215155,16.639999628067017
21:06:07.071180,225,0.2954834327875209,3.274280033266312,-0.0328769528711452,-0.8349600223009475,50.75999886542559
21:06:07.071180,225,0.3011227913595434,3.336770302174486,-0.06701553377471191,-0.8349600223009475,188.51999578624964
21:06:07.071180,225,0.3064843394528124,3.3961821267345838,-0.1706413829764908,-0.8349600223009475,273.75999388098717
21:06:07.071180,225,0.31216205329051916,3.4590974139912176,-0.1738025655124103,-0.7655200204462744,192.51999569684267
21:06:07.071180,225,0.3178397671282259,3.5220127012478515,-0.17696374804832976,-0.7655200204462744,45.35999898612499
21:06:07.071180,225,0.331156984681483,3.6695820560571577,-1.1397475864697668,-0.6958000185841229,6.8799998462200165
21:06:07.071180,225,0.33658789912527737,3.729762535747471,-1.158439240023721,-0.06972000186215155,17.11999961733818
21:06:07.071180,225,0.3420188135690717,3.789943015437784,-1.1771308935776752,-0.06972000186215155,15.519999653100967
21:06:07.071180,225,0.32816168058490447,3.27067085732376,-0.06575061807454763,-0.8349600223009475,47.23999894410372
21:06:07.071180,225,0.3341236975179109,3.330092161477551,-0.16748020044057135,-0.8349600223009475,213.35999523103237
21:06:07.071180,225,0.34043026984497976,3.3929475268053504,-0.1706413829764908,-0.8349600223009475,363.7599918693304
21:06:07.071180,225,0.3467368421720487,3.4558028921331494,-0.1738025655124103,-0.7655200204462744,266.35999404639006
21:06:07.071180,225,0.3528490964727318,3.5167215587433542,-0.21231756128666499,-0.7655200204462744,61.75999861955643
21:06:07.071180,225,0.3738680727711863,3.726210226364762,-1.158439240023721,-0.06972000186215155,15.87999964505434
21:06:07.071180,225,0.37990051042495604,3.786333388818224,-1.1771308935776752,-0.06972000186215155,13.759999692440033
21:06:07.071180,225,0.36085143537148046,3.267225763111816,-0.06575061807454763,-0.8349600223009475,40.99999908357859
21:06:07.071180,225,0.3674073573308934,3.326584477050958,-0.16748020044057135,-0.8349600223009475,210.51999529451132
21:06:07.071180,225,0.37434215749537536,3.3893736349660495,-0.1706413829764908,-0.7655200204462744,435.8799902573228
21:06:07.071180,225,0.38127695765985736,3.4521627928811416,-0.1738025655124103,-0.7655200204462744,353.7599920928478
21:06:07.071180,225,0.3871243658932389,3.5051064726197816,-0.31823748109438027,-0.7655200204462744,83.51999813318253
21:06:07.071180,225,0.3940397414895807,3.567719756357182,-0.3239222994744465,-0.7655200204462744,5.519999876618385
21:06:07.071180,225,0.41111085992304497,3.7222852990812383,-1.158439240023721,-0.06972000186215155,13.999999687075615
21:06:07.071180,225,0.4177442175480788,3.782345132031975,-1.1771308935776752,-0.06972000186215155,11.999999731779099
21:06:07.071180,225,0.39309194218826865,3.260027465324477,-0.1643190179046519,-0.8349600223009475,34.11999923735857
21:06:07.071180,225,0.40065427671595716,3.322744136963675,-0.16748020044057135,-0.7655200204462744,181.8799959346652
21:06:07.071180,225,0.40799192543171164,3.383597422866966,-0.2047321142760703,-0.7655200204462744,436.75999023765326
21:06:07.071180,225,0.41555009758769196,3.4462795747294055,-0.20852483778136766,-0.7655200204462744,414.519990734756
21:06:07.071180,225,0.42215548959840427,3.5010600397124385,-0.31823748109438027,-0.7655200204462744,107.11999760568142
21:06:07.071180,225,0.4296966418167475,3.5636010402100204,-0.3239222994744465,-0.7655200204462744,7.35999983549118
21:06:07.071180,225,0.44831253633334045,3.7179881463863405,-1.158439240023721,-0.06972000186215155,11.999999731779099
21:06:07.071180,225,0.42567201834523966,3.2559336114978104,-0.1643190179046519,-0.8349600223009475,27.759999379515648
21:06:07.071180,225,0.4336223302404983,3.3167449559274758,-0.20093939077077297,-0.7655200204462744,143.99999678134918
21:06:07.071180,225,0.44180693554867834,3.3793483932483985,-0.2047321142760703,-0.7655200204462744,364.87999184429646
21:06:07.071180,225,0.448978223376851,3.434201040524206,-0.31255266271431403,-0.7655200204462744,397.99999110400677
21:06:07.071180,225,0.45714439810829194,3.496663503734316,-0.31823748109438027,-0.7655200204462744,122.23999726772308
21:06:07.071180,225,0.46486740062758,3.5557361756519654,-0.3597996426694104,-0.7655200204462744,9.519999787211418
21:06:07.071180,225,0.4854693818655992,3.713319197991738,-1.158439240023721,-0.06972000186215155,9.999999776482582
21:06:07.071180,225,0.45820952765700457,3.2515141670378163,-0.1643190179046519,-0.7655200204462744,22.519999496638775
21:06:07.071180,225,0.4657164506596437,3.304784265149383,-0.30118302595418156,-0.7655200204462744,109.9999975413084
21:06:07.071180,225,0.47450683129355076,3.3671619448780308,-0.3068678443342478,-0.7655200204462744,273.87999387830496
21:06:07.071180,225,0.4832972119274578,3.4295396246066785,-0.31255266271431403,-0.7655200204462744,319.63999285548925
21:06:07.071180,225,0.4920875925613648,3.491917304335326,-0.31823748109438027,-0.7655200204462744,118.99999734014273
21:06:07.071180,225,0.5004009257943393,3.5509097939078194,-0.3597996426694104,-0.7655200204462744,11.519999742507935
21:06:07.071180,225,0.49874045615042983,3.299961940537016,-0.30118302595418156,-0.7655200204462744,83.63999813050032
21:06:07.071180,225,0.5081541636561042,3.3622485990684887,-0.3068678443342478,-0.7655200204462744,198.63999556005
21:06:07.071180,225,0.5175678711617786,3.4245352575999615,-0.31255266271431403,-0.7655200204462744,234.6399947553873
21:06:07.071180,225,0.5269815786674529,3.4868219161314347,-0.31823748109438027,-0.7655200204462744,101.51999773085117
21:06:07.071180,225,0.5358844112877555,3.5457283241592386,-0.3597996426694104,-0.7655200204462744,12.879999712109566
21:06:07.071180,225,0.5312081711298458,3.291671572009771,-0.33454178762075315,-0.7655200204462744,64.3599985614419
21:06:07.071180,225,0.5412347055446362,3.353801750144542,-0.3408562513829175,-0.7655200204462744,144.99999675899744
21:06:07.071180,225,0.5512612399594267,3.415931928279313,-0.3471707151450818,-0.7655200204462744,168.99999622255564
21:06:07.071180,225,0.5612877743742171,3.478062106414084,-0.35348517890724607,-0.7655200204462744,80.87999819219112
21:06:07.071180,225,0.5713143087890075,3.5401922845488554,-0.3597996426694104,-0.7655200204462744,13.35999970138073
21:06:07.071180,225,0.5640977773190154,3.286194996751735,-0.33454178762075315,-0.7655200204462744,50.35999887436628
21:06:07.071180,225,0.5747451018237686,3.3482218047328,-0.3408562513829175,-0.7655200204462744,108.11999758332968
21:06:07.071180,225,0.5853924263285216,3.4102486127138647,-0.3471707151450818,-0.7655200204462744,123.35999724268913
21:06:07.071180,225,0.5960397508332749,3.4722754206949293,-0.35348517890724607,-0.7655200204462744,63.11999858915806
21:06:07.071180,225,0.606687075338028,3.5343022286759935,-0.3597996426694104,-0.7655200204462744,13.119999706745148
21:06:07.071180,225,0.5948658588022271,3.2690411165415902,-0.4344040228967537,-0.7655200204462744,40.11999910324812
21:06:07.071180,225,0.6060939296972557,3.3307441456735676,-0.4426033826246617,-0.7655200204462744,82.63999815285206
21:06:07.071180,225,0.6173220005922843,3.392447174805545,-0.45080274235256973,-0.5566400148672983,92.51999793201685
21:06:07.071180,225,0.630732123816612,3.4661415103427795,-0.35348517890724607,-0.7655200204462744,49.63999889045954
21:06:07.071180,225,0.6419991736877977,3.5280587455413057,-0.3597996426694104,-0.7655200204462744,12.359999723732471
21:06:07.071180,225,0.6275259813557794,3.262929106543914,-0.4344040228967537,-0.7655200204462744,32.63999927043915
21:06:07.071180,225,0.6393705108457086,3.324516771715177,-0.4426033826246617,-0.7655200204462744,64.63999855518341
21:06:07.071180,225,0.6512150403356379,3.38610443688644,-0.45080274235256973,-0.5566400148672983,71.11999841034412
21:06:07.071180,225,0.6653614241159953,3.459660988743532,-0.35348517890724607,-0.7655200204462744,39.639999113976955
21:06:07.071180,225,0.677247072658066,3.521462459487874,-0.3597996426694104,-0.7655200204462744,11.239999748766422
21:06:07.071180,225,0.6725831554787424,3.317956948864898,-0.4426033826246617,-0.7655200204462744,51.51999884843826
21:06:07.071180,225,0.6850429591205466,3.379423091360528,-0.45080274235256973,-0.5566400148672983,55.99999874830246
21:06:07.071180,225,0.697502762762351,3.440889233856158,-0.4590021020804777,-0.5566400148672983,32.119999282062054
21:06:07.071180,225,0.7124272474884668,3.514514030138778,-0.3597996426694104,-0.7655200204462744,10.239999771118164
21:06:07.071180,225,0.7047706210784687,3.3065710555468786,-0.4764350912240476,-0.7655200204462744,41.879999063909054
21:06:07.071180,225,0.7188023741834727,3.3724038063567634,-0.45080274235256973,-0.7655200204462744,44.99999899417162
21:06:07.071180,225,0.7318762060072267,3.433742279614007,-0.4590021020804777,-0.5566400148672983,26.6399994045496
21:06:07.071180,225,0.7378005415666525,3.299358139787144,-0.4764350912240476,-0.7655200204462744,34.639999225735664
21:06:07.071180,225,0.7514685167454154,3.360479733795063,-0.4852611934485247,-0.7655200204462744,36.87999917566776
21:06:07.113315,226,-0.015847634331765406,0.19767264958128727,-0.15710945921277028,0.6958000185841229,4.999999888241291
21:06:07.113315,226,0.03286215935257833,3.2861064674514804,0.09861770827122851,-0.7655200204462744,29.999999329447746
21:06:07.113315,226,0.033502740680659907,3.350162466406167,0.06701553377471191,-0.7655200204462744,44.75999899953604
21:06:07.113315,226,0.0644824781162777,3.2236940832368504,-0.03224446339685429,-0.7655200204462744,19.879999555647373
21:06:07.113315,226,0.06573746838985214,3.2864352314933787,0.06575061807454763,-0.7655200204462744,38.359999142587185
21:06:07.113315,226,0.067012183026096,3.350162466406167,-0.03350944234543611,-0.7655200204462744,55.87999875098467
21:06:07.113315,226,0.09671565685157557,3.2228880858633713,-0.03224446339685429,-0.7655200204462744,25.359999433159828
21:06:07.113315,226,0.09861277742712594,3.2861064674514804,-0.0328769528711452,-0.7655200204462744,50.639998868107796
21:06:07.113315,226,0.1005098980026763,3.34932484903959,-0.03350944234543611,-0.7655200204462744,71.3599984049797
21:06:07.113315,226,0.10240701857822666,3.412543230627699,-0.034141931819727016,-0.7655200204462744,44.359999008476734
21:06:07.113315,226,0.12893916410221676,3.221759802381443,-0.03224446339685429,-0.904680024163099,32.99999926239252
21:06:07.113315,226,0.13146836308794016,3.284956052187809,-0.0328769528711452,-0.7655200204462744,69.2399984523654
21:06:07.113315,226,0.13399756207366362,3.348152301994175,-0.03350944234543611,-0.7655200204462744,93.87999790161848
21:06:07.113315,226,0.13652676105938705,3.4113485518005406,-0.034141931819727016,-0.7655200204462744,55.63999875634909
21:06:07.113315,226,0.16114977754447304,3.22030934561847,-0.03224446339685429,-0.904680024163099,43.239999033510685
21:06:07.113315,226,0.16431080202258996,3.2834771440710577,-0.0328769528711452,-0.7655200204462744,98.75999779254198
21:06:07.113315,226,0.16747182650070686,3.3466449425236453,-0.03350944234543611,-0.7655200204462744,127.51999714970589
21:06:07.113315,226,0.17060725583901512,3.4093012648253866,-0.0682804494748762,-0.904680024163099,71.23999840766191
21:06:07.113315,226,0.19331527426216394,3.2180540760879506,-0.06448570237438334,-0.904680024163099,56.11999874562025
21:06:07.113315,226,0.19713681001469716,3.2816698909907998,-0.0328769528711452,-0.7655200204462744,146.99999671429396
21:06:07.113315,226,0.200929343885408,3.344802921362686,-0.03350944234543611,-0.7655200204462744,178.99999599903822
21:06:07.113315,226,0.20469116921990796,3.4074247571044456,-0.0682804494748762,-0.904680024163099,93.35999791324139
21:06:07.113315,226,0.20768088212693817,3.4571934980563572,-0.31255266271431403,-0.904680024163099,22.11999950557947
21:06:07.113315,226,0.22548561228139072,3.2159600542518274,-0.06448570237438334,-0.904680024163099,69.51999844610691
21:06:07.113315,226,0.22990861273938354,3.279042539422064,-0.06575061807454763,-0.7655200204462744,222.51999502629042
21:06:07.113315,226,0.23433161319737641,3.3421250245923004,-0.06701553377471191,-0.904680024163099,257.23999425023794
21:06:07.113315,226,0.2385039317663515,3.4016321909949725,-0.1706413829764908,-0.7655200204462744,124.35999722033739
21:06:07.113315,226,0.2422418561816533,3.4549438656681297,-0.31255266271431403,-0.904680024163099,26.239999413490295
21:06:07.113315,226,0.2573628981383195,3.210170358168108,-0.1611578353687324,-0.904680024163099,77.99999825656414
21:06:07.113315,226,0.26268699556203223,3.276579540910588,-0.06575061807454763,-0.904680024163099,311.87999302893877
21:06:07.113315,226,0.26774058919576305,3.339614642716563,-0.06701553377471191,-0.904680024163099,364.5199918523431
21:06:07.113315,226,0.2725077608834725,3.399077111296468,-0.1706413829764908,-0.904680024163099,166.51999627798796
21:06:07.113315,226,0.27677860625370077,3.4523487417878904,-0.31255266271431403,-0.904680024163099,31.119999304413795
21:06:07.113315,226,0.28343274004711666,3.140745160415061,0.221106831713738,-0.904680024163099,5.879999868571758
21:06:07.113315,226,0.289451197939692,3.2074362649646817,-0.1611578353687324,-0.904680024163099,76.11999829858541
21:06:07.113315,226,0.2951289117773988,3.270351552221316,-0.1643190179046519,-0.6958000185841229,339.7599924057722
21:06:07.113315,226,0.30080662561510557,3.33326683947795,-0.16748020044057135,-0.6958000185841229,462.75998965650797
21:06:07.113315,226,0.3064843394528124,3.3961821267345838,-0.1706413829764908,-0.904680024163099,215.7599951773882
21:06:07.113315,226,0.31128767869700813,3.4494083859258535,-0.31255266271431403,-0.904680024163099,36.35999918729067
21:06:07.113315,226,0.3321550218876353,3.680641401299404,-1.3072694351989158,-0.06972000186215155,5.879999868571758
21:06:07.113315,226,0.3420188135690717,3.789943015437784,-1.1771308935776752,-0.06972000186215155,5.519999876618385
21:06:07.113315,226,0.32151055286377306,3.204381430821952,-0.1611578353687324,-0.904680024163099,65.23999854177237
21:06:07.113315,226,0.327817125190842,3.2672367961497515,-0.1643190179046519,-0.6958000185841229,269.75999397039413
21:06:07.113315,226,0.3341236975179109,3.330092161477551,-0.16748020044057135,-0.6958000185841229,466.2399895787239
21:06:07.113315,226,0.34043026984497976,3.3929475268053504,-0.1706413829764908,-0.904680024163099,254.35999431461096
21:06:07.113315,226,0.34543630770937683,3.4428409272918414,-0.3471707151450818,-0.904680024163099,40.879999086260796
21:06:07.113315,226,0.3535377570019295,3.2010061612207736,-0.1611578353687324,-0.904680024163099,51.759998843073845
21:06:07.113315,226,0.36047255716641147,3.2637953191358657,-0.1643190179046519,-0.6958000185841229,181.999995931983
21:06:07.113315,226,0.3674073573308934,3.326584477050958,-0.16748020044057135,-0.6958000185841229,370.51999171823263
21:06:07.113315,226,0.37434215749537536,3.3893736349660495,-0.1706413829764908,-0.904680024163099,255.75999428331852
21:06:07.113315,226,0.37984687073816453,3.4392144812602274,-0.3471707151450818,-0.904680024163099,43.75999902188778
21:06:07.113315,226,0.3855296076605801,3.197310793685279,-0.1611578353687324,-0.904680024163099,39.759999111294746
21:06:07.113315,226,0.39309194218826865,3.260027465324477,-0.1643190179046519,-0.6958000185841229,120.35999730974436
21:06:07.113315,226,0.40065427671595716,3.322744136963675,-0.16748020044057135,-0.6958000185841229,261.239994160831
21:06:07.113315,226,0.40799192543171164,3.383597422866966,-0.2047321142760703,-0.904680024163099,218.35999511927366
21:06:07.113315,226,0.41421944939811445,3.4352441166618646,-0.3471707151450818,-0.904680024163099,43.63999902456999
21:06:07.113315,226,0.4172531196241381,3.1915380812856298,-0.19335394376017828,-0.904680024163099,30.51999931782484
21:06:07.113315,226,0.4254377249323182,3.254141518606553,-0.1971466672654756,-0.6958000185841229,82.51999815553427
21:06:07.113315,226,0.4336223302404983,3.3167449559274758,-0.20093939077077297,-0.8349600223009475,180.63999596238136
21:06:07.113315,226,0.44180693554867834,3.3793483932483985,-0.2047321142760703,-0.8349600223009475,168.11999624222517
21:06:07.113315,226,0.4469988210687427,3.419060739475761,-0.45080274235256973,-0.904680024163099,40.879999086260796
21:06:07.113315,226,0.4491471053221181,3.1872060441573584,-0.19335394376017828,-0.904680024163099,23.759999468922615
21:06:07.113315,226,0.4579573253288242,3.249724506645481,-0.1971466672654756,-0.6958000185841229,58.999998681247234
21:06:07.113315,226,0.46676754533553033,3.3122429691336044,-0.20093939077077297,-0.8349600223009475,127.63999714702368
21:06:07.113315,226,0.47450683129355076,3.3671619448780308,-0.3068678443342478,-0.8349600223009475,124.51999721676111
21:06:07.113315,226,0.48116650810490613,3.4144198742596834,-0.45080274235256973,-0.904680024163099,36.35999918729067
21:06:07.113315,226,0.4893267486447555,3.2376752820055428,-0.2954982075741153,-0.8349600223009475,43.87999901920557
21:06:07.113315,226,0.49986608406708705,3.30740976081782,-0.20093939077077297,-0.8349600223009475,93.2399979159236
21:06:07.113315,226,0.5081541636561042,3.3622485990684887,-0.3068678443342478,-0.8349600223009475,92.35999793559313
21:06:07.113315,226,0.5152860788933807,3.409437569916784,-0.45080274235256973,-0.904680024163099,31.359999299049377
21:06:07.113315,226,0.5216784949988684,3.2326202137746765,-0.2954982075741153,-0.8349600223009475,33.7599992454052
21:06:07.113315,226,0.5317145880134463,3.2948096224953054,-0.30118302595418156,-0.8349600223009475,70.35999842733145
21:06:07.113315,226,0.5417506810280242,3.3569990312159343,-0.3068678443342478,-0.8349600223009475,69.6399984434247
21:06:07.113315,226,0.5493541215056731,3.4041143246733228,-0.45080274235256973,-0.8349600223009475,26.6399994045496
21:06:07.113315,226,0.5646355488631322,3.289327826251739,-0.30118302595418156,-0.8349600223009475,54.75999877601862
21:06:07.113315,226,0.5752930237857203,3.351413766272755,-0.3068678443342478,-0.8349600223009475,53.75999879837036
21:06:07.113315,226,0.5833672291660641,3.398450670849364,-0.45080274235256973,-0.8349600223009475,22.359999500215054
21:06:07.113315,226,0.597500046630984,3.28351709998135,-0.30118302595418156,-0.8349600223009475,43.5199990272522
21:06:07.113315,226,0.6087778377230191,3.3454933627607657,-0.3068678443342478,-0.8349600223009475,42.35999905318022
21:06:07.113315,226,0.641590127031854,3.3360580472548484,-0.3408562513829175,-0.8349600223009475,34.11999923735857
21:06:07.146116,227,0.06563230246837437,3.2811776364267824,-0.1971466672654756,-0.6958000185841229,32.75999926775694
21:06:07.146116,227,0.06693178181174439,3.346142941621109,-0.16748020044057135,-0.6958000185841229,41.51999907195568
21:06:07.146116,227,0.09844024965144339,3.280357266848096,-0.1971466672654756,-0.6958000185841229,40.879999086260796
21:06:07.146116,227,0.10038930623131699,3.345306329227813,-0.16748020044057135,-0.6958000185841229,51.35999885201454
21:06:07.146116,227,0.10154797466588154,3.3839170238638925,-0.4426033826246617,-0.6958000185841229,39.23999912291765
21:06:07.146116,227,0.12878446289859738,3.2178943351072347,-0.1611578353687324,-0.904680024163099,33.7599992454052
21:06:07.146116,227,0.13123835289202057,3.27920886429101,-0.1971466672654756,-0.6958000185841229,52.3599988296628
21:06:07.146116,227,0.13376312692302061,3.342294549232507,-0.20093939077077297,-0.6958000185841229,64.99999854713678
21:06:07.146116,227,0.13538150280864839,3.382732366630839,-0.4426033826246617,-0.6958000185841229,47.75999893248081
21:06:07.146116,227,0.16095643004821222,3.2164456186022243,-0.1611578353687324,-0.904680024163099,42.75999904423952
21:06:07.146116,227,0.16402333240726022,3.2777325435948192,-0.1971466672654756,-0.6958000185841229,68.87999846041203
21:06:07.146116,227,0.16717882652170296,3.3407898269595435,-0.20093939077077297,-0.6958000185841229,83.99999812245369
21:06:07.146116,227,0.16920149291455705,3.381209438995178,-0.4426033826246617,-0.904680024163099,58.87999868392944
21:06:07.146116,227,0.19353795377861144,1.7523338602615375,-3.642256568130542,-0.6958000185841229,7.519999831914902
21:06:07.146116,227,0.1931123016896717,3.214675260230095,-0.1611578353687324,-0.904680024163099,54.9999987706542
21:06:07.146116,227,0.19679190972667795,3.2759284523903562,-0.1971466672654756,-0.6958000185841229,93.1199979186058
21:06:07.146116,227,0.2005778083777957,3.3389510285028012,-0.20093939077077297,-0.6958000185841229,111.23999751359224
21:06:07.146116,227,0.20300456301293143,3.3793483932483985,-0.4426033826246617,-0.904680024163099,73.51999835669994
21:06:07.146116,227,0.23082382650963,3.842446276387772,-1.024016134592132,-0.20888000557897612,10.639999762177467
21:06:07.146116,227,0.22524886226275184,3.2125834370252004,-0.1611578353687324,-0.904680024163099,71.23999840766191
21:06:07.146116,227,0.22954080801999546,3.2737967710852294,-0.1971466672654756,-0.6958000185841229,128.23999713361263
21:06:07.146116,227,0.23395673262109493,3.3367783377405837,-0.20093939077077297,-0.6958000185841229,150.11999664455652
21:06:07.146116,227,0.2367873328250819,3.377149415493515,-0.4426033826246617,-0.904680024163099,92.99999792128801
21:06:07.146116,227,0.2373638848009241,3.385372415199565,-0.7588935336211884,-0.904680024163099,12.999999709427357
21:06:07.146116,227,0.25431003571488037,3.6270647514032457,-1.2861763760723006,-0.6263600167294499,7.1199998408555984
21:06:07.146116,227,0.26193030766165665,3.7357479171955967,-1.158439240023721,-0.20888000557897612,10.239999771118164
21:06:07.146116,227,0.2573628981383195,3.210170358168108,-0.1611578353687324,-0.904680024163099,90.63999797403812
21:06:07.146116,227,0.2622667524248205,3.271337712845784,-0.1971466672654756,-0.6958000185841229,175.11999608576298
21:06:07.146116,227,0.26671031187811683,3.3267636617487337,-0.30118302595418156,-0.6958000185841229,203.5199954509735
21:06:07.146116,227,0.27054642410233054,3.37461272562646,-0.4426033826246617,-0.904680024163099,118.75999734550714
21:06:07.146116,227,0.271205175875545,3.382829548762432,-0.7588935336211884,-0.904680024163099,14.879999667406082
21:06:07.146116,227,0.289451197939692,3.2074362649646817,-0.1611578353687324,-0.904680024163099,108.75999756902456
21:06:07.146116,227,0.2949664703741303,3.2685515235757836,-0.1971466672654756,-0.904680024163099,222.2399950325489
21:06:07.146116,227,0.29996405789034486,3.3239302663515558,-0.30118302595418156,-0.904680024163099,266.87999403476715
21:06:07.146116,227,0.30427846096383293,3.371738577314096,-0.4426033826246617,-0.904680024163099,151.23999661952257
21:06:07.146116,227,0.3050193466597942,3.37994840220456,-0.7588935336211884,-0.904680024163099,17.23999961465597
21:06:07.146116,227,0.32151055286377306,3.204381430821952,-0.1611578353687324,-0.974120026017772,116.87999738752842
21:06:07.146116,227,0.3276366919235259,3.2654384818918207,-0.1971466672654756,-0.904680024163099,239.1199946552515
21:06:07.146116,227,0.33318780774809403,3.320764480712534,-0.30118302595418156,-0.904680024163099,316.2399929314852
21:06:07.146116,227,0.3379800702341637,3.3685272579688466,-0.4426033826246617,-0.904680024163099,188.23999579250813
21:06:07.146116,227,0.3388030157649229,3.376729263638191,-0.7588935336211884,-0.904680024163099,20.359999544918537
21:06:07.146116,227,0.3466029568374476,3.1382170033056815,-0.15799665283281294,-0.974120026017772,18.23999959230423
21:06:07.146116,227,0.3535377570019295,3.2010061612207736,-0.1611578353687324,-0.974120026017772,109.23999755829573
21:06:07.146116,227,0.36027415007822333,3.261998899095455,-0.1971466672654756,-0.974120026017772,209.51999531686306
21:06:07.146116,227,0.3663782391042133,3.31726662140758,-0.30118302595418156,-0.904680024163099,316.35999292880297
21:06:07.146116,227,0.37164788178063096,3.364979088719954,-0.4426033826246617,-0.904680024163099,221.51999504864216
21:06:07.146116,227,0.3725528048523245,3.373172454974484,-0.7588935336211884,-0.904680024163099,24.35999945551157
21:06:07.146116,227,0.3855296076605801,3.197310793685279,-0.1611578353687324,-0.974120026017772,90.8799979686737
21:06:07.146116,227,0.39309194218826865,3.260027465324477,-0.1643190179046519,-0.974120026017772,158.99999644607306
21:06:07.146116,227,0.3995320329433743,3.313437038219694,-0.30118302595418156,-0.904680024163099,267.11999402940273
21:06:07.146116,227,0.40527852885028715,3.3610944243813727,-0.4426033826246617,-0.904680024163099,237.5199946910143
21:06:07.146116,227,0.40626533897136596,3.369278331891327,-0.7588935336211884,-0.904680024163099,29.11999934911728
21:06:07.146116,227,0.41748290568146157,3.193295697749126,-0.1611578353687324,-0.974120026017772,70.75999841839075
21:06:07.146116,227,0.42567201834523966,3.2559336114978104,-0.1643190179046519,-0.974120026017772,114.51999744027853
21:06:07.146116,227,0.43264587391396914,3.309276114103987,-0.30118302595418156,-0.904680024163099,203.5199954509735
21:06:07.146116,227,0.43886864840660095,3.356873653416281,-0.4426033826246617,-0.904680024163099,227.5199949145317
21:06:07.146116,227,0.4435194350798739,3.3924471748055445,-0.6225753573940163,-0.904680024163099,34.23999923467636
21:06:07.146116,227,0.44939445576154247,3.188961274918543,-0.1611578353687324,-0.974120026017772,53.87999879568815
21:06:07.146116,227,0.45820952765700457,3.2515141670378163,-0.1643190179046519,-0.974120026017772,82.51999815553427
21:06:07.146116,227,0.4657164506596437,3.304784265149383,-0.30118302595418156,-0.904680024163099,149.87999664992094
21:06:07.146116,227,0.47241488146575866,3.352317197898239,-0.4426033826246617,-0.904680024163099,197.51999558508396
21:06:07.146116,227,0.4774211648786973,3.3878424335357686,-0.6225753573940163,-0.904680024163099,38.75999913364649
21:06:07.146116,227,0.4812610667725502,3.1843079586321825,-0.1611578353687324,-0.974120026017772,41.23999907821417
21:06:07.146116,227,0.490701216399892,3.2467695738852407,-0.1643190179046519,-0.974120026017772,60.87999863922596
21:06:07.146116,227,0.49874045615042983,3.299961940537016,-0.30118302595418156,-0.20888000557897612,110.87999752163887
21:06:07.146116,227,0.5059138734325592,3.347425513468981,-0.4426033826246617,-0.904680024163099,160.87999640405178
21:06:07.146116,227,0.5121799388574338,3.388885509673427,-0.5883316338014193,-0.904680024163099,41.35999907553196
21:06:07.146116,227,0.5130795520800817,3.1793362142177752,-0.1611578353687324,-0.974120026017772,31.999999284744263
21:06:07.146116,227,0.5231438354322495,3.2417003064954226,-0.1643190179046519,-0.974120026017772,46.11999896913767
21:06:07.146116,227,0.5317145880134463,3.2948096224953054,-0.30118302595418156,-0.20888000557897612,83.63999813050032
21:06:07.146116,227,0.5393622744358718,3.3421990892928517,-0.4426033826246617,-0.20888000557897612,127.51999714970589
21:06:07.146116,227,0.5486084551873277,3.3994937469870226,-0.4852611934485247,-0.20888000557897612,41.63999906927347
21:06:07.146116,227,0.5549920856696121,3.4390503956358147,-0.6338989782006795,-0.974120026017772,6.11999986320734
21:06:07.146116,227,0.5448467298622636,3.174046538845596,-0.1611578353687324,-0.974120026017772,25.239999435842037
21:06:07.146116,227,0.555534140519354,3.2363068717908536,-0.1643190179046519,-0.974120026017772,35.879999198019505
21:06:07.146116,227,0.5646355488631322,3.289327826251739,-0.30118302595418156,-0.20888000557897612,64.63999855518341
21:06:07.146116,227,0.5727567396636188,3.336638448007891,-0.4426033826246617,-0.20888000557897612,100.3599977567792
21:06:07.146116,227,0.5825753951249844,3.393837780728752,-0.4852611934485247,-0.20888000557897612,39.759999111294746
21:06:07.146116,227,0.5765594234279323,3.1684394614787514,-0.1611578353687324,-0.974120026017772,20.359999544918537
21:06:07.146116,227,0.5878688926578336,3.230589809110487,-0.1643190179046519,-0.974120026017772,28.519999362528324
21:06:07.146116,227,0.596930974203055,3.2803898047472018,-0.33454178762075315,-0.6958000185841229,50.99999886006117
21:06:07.146116,227,0.6060939296972557,3.3307441456735676,-0.4426033826246617,-0.20888000557897612,79.63999821990728
21:06:07.146116,227,0.6173220005922843,3.392447174805545,-0.45080274235256973,-0.27832000743364915,36.51999918371439
21:06:07.146116,227,0.6297044784897834,3.2742565765105067,-0.33454178762075315,-0.6958000185841229,41.11999908089638
21:06:07.146116,227,0.6393705108457086,3.324516771715177,-0.4426033826246617,-0.20888000557897612,63.999998569488525
21:06:07.146116,227,0.6512150403356379,3.38610443688644,-0.45080274235256973,-0.27832000743364915,32.87999926507473
21:06:07.146116,227,0.6725831554787424,3.317956948864898,-0.4426033826246617,-0.27832000743364915,52.11999883502722
21:06:07.146116,227,0.6850429591205466,3.379423091360528,-0.45080274235256973,-0.27832000743364915,29.11999934911728
21:06:07.146116,227,0.7057285423597186,3.3110653330995192,-0.4426033826246617,-0.27832000743364915,42.9999990388751
21:06:07.146116,227,0.7188023741834727,3.3724038063567634,-0.45080274235256973,-0.27832000743364915,25.63999942690134
21:06:07.177537,228,0.12893916410221676,3.221759802381443,-0.03224446339685429,-0.974120026017772,64.3599985614419
21:06:07.177537,228,0.13131062735148502,3.2810147620557637,-0.1643190179046519,-0.6958000185841229,63.51999858021736
21:06:07.177537,228,0.16112560487747066,3.2198262952125534,-0.06448570237438334,-0.974120026017772,75.99999830126762
21:06:07.177537,228,0.1641136619292944,3.2795376283329083,-0.1643190179046519,-0.6958000185841229,75.51999831199646
21:06:07.177537,228,0.19331527426216394,3.2180540760879506,-0.06448570237438334,-0.974120026017772,89.75999799370766
21:06:07.177537,228,0.19690028527840536,3.2777325435948192,-0.1643190179046519,-0.6958000185841229,90.23999798297882
21:06:07.177537,228,0.20012613544424723,3.3314321817359747,-0.30118302595418156,-0.904680024163099,51.35999885201454
21:06:07.177537,228,0.2166721124516789,3.090258626547708,-0.030979484448272476,-0.974120026017772,8.239999815821648
21:06:07.177537,228,0.22524886226275184,3.2125834370252004,-0.1611578353687324,-0.974120026017772,105.1199976503849
21:06:07.177537,228,0.2296672187639517,3.2755996883484575,-0.1643190179046519,-0.6958000185841229,107.99999758601189
21:06:07.177537,228,0.23342989505815104,3.329264383566902,-0.30118302595418156,-0.904680024163099,61.99999861419201
21:06:07.177537,228,0.2573628981383195,3.210170358168108,-0.1611578353687324,-0.6958000185841229,121.11999729275703
21:06:07.177537,228,0.26241118572003713,3.273139275877561,-0.1643190179046519,-0.6958000185841229,128.63999712467194
21:06:07.177537,228,0.26671031187811683,3.3267636617487337,-0.30118302595418156,-0.904680024163099,75.23999831825495
21:06:07.177537,228,0.2837734841019852,3.144520977708048,-0.15799665283281294,-0.974120026017772,56.11999874562025
21:06:07.177537,228,0.289451197939692,3.2074362649646817,-0.1611578353687324,-0.6958000185841229,135.87999696284533
21:06:07.177537,228,0.2949664703741303,3.2685515235757836,-0.1971466672654756,-0.6958000185841229,151.35999661684036
21:06:07.177537,228,0.2996783654026579,3.320764480712534,-0.33454178762075315,-0.904680024163099,91.87999794632196
21:06:07.177537,228,0.32133359078622437,3.202617712678937,-0.19335394376017828,-1.1132800297345966,146.63999672234058
21:06:07.177537,228,0.3268989003055196,3.2580851750112307,-0.2954982075741153,-0.6958000185841229,173.51999612152576
21:06:07.177537,228,0.33287047221685745,3.3176017102386655,-0.33454178762075315,-0.7655200204462744,111.75999750196934
21:06:07.177537,228,0.3375213126772805,3.363954984420026,-0.4764350912240476,-1.1132800297345966,23.759999468922615
21:06:07.177537,228,0.38429605688456203,3.8301422384127957,-1.024016134592132,-0.20888000557897612,6.11999986320734
21:06:07.177537,228,0.3533431668853262,3.1992443008541693,-0.19335394376017828,-1.1132800297345966,150.51999663561583
21:06:07.177537,228,0.3594628635078715,3.254653337670179,-0.2954982075741153,-0.6958000185841229,190.75999573618174
21:06:07.177537,228,0.3647629938776874,3.3026418470529597,-0.4344040228967537,-0.904680024163099,133.63999701291323
21:06:07.177537,228,0.37114342518900895,3.360411631281903,-0.4764350912240476,-1.1132800297345966,28.879999354481697
21:06:07.177537,228,0.4031617132189595,1.3510202675659049,-3.521767807033592,-0.8349600223009475,7.879999823868275
21:06:07.177537,228,0.40447750229801116,3.6622254661305016,-1.1397475864697668,-0.20888000557897612,11.879999734461308
21:06:07.177537,228,0.3844497285066877,3.188355037224531,-0.28981338919404903,-1.1132800297345966,146.63999672234058
21:06:07.177537,228,0.39199088072503097,3.250896037722113,-0.2954982075741153,-0.6958000185841229,198.3599955663085
21:06:07.177537,228,0.39777062317560585,3.298829147280363,-0.4344040228967537,-0.904680024163099,154.35999654978514
21:06:07.177537,228,0.40472842366916284,3.356532239796008,-0.4764350912240476,-1.1132800297345966,34.759999223053455
21:06:07.177537,228,0.44831253633334045,3.7179881463863405,-1.158439240023721,-0.20888000557897612,12.23999972641468
21:06:07.177537,228,0.41631352445108727,3.184351187683768,-0.28981338919404903,-1.1132800297345966,135.87999696284533
21:06:07.177537,228,0.42447969918252826,3.2468136508938774,-0.2954982075741153,-0.7655200204462744,193.63999567180872
21:06:07.177537,228,0.43073847574445917,3.2946865673568007,-0.4344040228967537,-0.7655200204462744,168.35999623686075
21:06:07.177537,228,0.4382729496460316,3.3523171978982385,-0.4764350912240476,-1.1132800297345966,41.11999908089638
21:06:07.177537,228,0.4481356893918297,3.1800289056920876,-0.28981338919404903,-1.1132800297345966,120.99999729543924
21:06:07.177537,228,0.4564908834018699,3.2393184447614964,-0.3282273238585888,-0.7655200204462744,177.87999602407217
21:06:07.177537,228,0.46366325482661114,3.2902145215367935,-0.4344040228967537,-0.7655200204462744,170.35999619215727
21:06:07.177537,228,0.47177364869512123,3.3477669270892534,-0.4764350912240476,-1.1132800297345966,46.759998954832554
21:06:07.177537,228,0.47991304113908123,3.1753886234740696,-0.28981338919404903,-1.1132800297345966,104.75999765843153
21:06:07.177537,228,0.488860702888823,3.234591647545654,-0.3282273238585888,-1.0438400278799236,155.8799965158105
21:06:07.177537,228,0.49586768668541054,3.2809539980659497,-0.46760898899957043,-0.7655200204462744,159.35999643802643
21:06:07.177537,228,0.5052271707745936,3.3428818823923216,-0.4764350912240476,-1.1132800297345966,50.639998868107796
21:06:07.177537,228,0.5111551023002648,3.1674112157402288,-0.3219128600964245,-1.1132800297345966,89.35999800264835
21:06:07.177537,228,0.5193785802962694,3.21836861853191,-0.42620466316884575,-1.0438400278799236,132.35999704152346
21:06:07.177537,228,0.5286518859332091,3.275831357628616,-0.46760898899957043,-0.7655200204462744,139.63999687880278
21:06:07.177537,228,0.5361110033010053,3.322052342030336,-0.5776308499515445,-1.1132800297345966,51.35999885201454
21:06:07.177537,228,0.5428031283095092,3.162141380789606,-0.3219128600964245,-1.1132800297345966,75.63999830931425
21:06:07.177537,228,0.5515357606587282,3.2130140023249445,-0.42620466316884575,-1.0438400278799236,110.5199975296855
21:06:07.177537,228,0.5587576374172917,3.255085600947336,-0.5669300661016696,-1.1132800297345966,117.119997382164
21:06:07.177537,228,0.5693041669805992,3.316525220243045,-0.5776308499515445,-1.1132800297345966,48.99999890476465
21:06:07.177537,228,0.5724097170121699,3.145635058277636,-0.4180053034409377,-1.1132800297345966,63.879998572170734
21:06:07.177537,228,0.5828455866229645,3.2029846041286048,-0.4587828867750933,-1.0438400278799236,91.51999795436859
21:06:07.177537,228,0.5912800125398718,3.249335364907366,-0.5669300661016696,-1.1132800297345966,96.11999785155058
21:06:07.177537,228,0.6024404007204588,3.310666448712317,-0.5776308499515445,-1.1132800297345966,44.359999008476734
21:06:07.177537,228,0.6148457560850883,3.1969960976446155,-0.4587828867750933,-1.0438400278799236,75.87999830394983
21:06:07.177537,228,0.6237432601565728,3.2432601980532008,-0.5669300661016696,-1.0438400278799236,78.23999825119972
21:06:07.177537,228,0.6355163909249713,3.304476613310397,-0.5776308499515445,-1.1132800297345966,38.99999912828207
21:06:07.177537,228,0.6437594379168341,3.175765082777233,-0.5562292822517948,-1.0438400278799236,63.11999858915806
21:06:07.177537,228,0.6549850296914455,3.2311426668429246,-0.5999281157806897,-1.0438400278799236,63.879998572170734
21:06:07.177537,228,0.6685288300228275,3.297956333015639,-0.5776308499515445,-1.1132800297345966,33.519999250769615
21:06:07.177537,228,0.6754843710410443,3.1691688089108423,-0.5562292822517948,-1.0438400278799236,52.879998818039894
21:06:07.177537,228,0.6872631681394978,3.224431370076214,-0.5999281157806897,-1.0438400278799236,52.51999882608652
21:06:07.177537,228,0.7014744167977751,3.29110625985061,-0.5776308499515445,-1.1132800297345966,28.639999359846115
21:06:07.177537,228,0.7194725808465259,3.217397632873927,-0.5999281157806897,-1.0438400278799236,43.5199990272522
21:06:07.177537,228,0.7378005415666525,3.299358139787144,-0.4764350912240476,-0.7655200204462744,24.35999945551157
21:06:07.204371,229,-0.0644824781162777,3.2236940832368504,-0.03224446339685429,-1.0438400278799236,47.999998927116394
21:06:07.204371,229,-0.03223801471942341,3.223694083236851,-0.06448570237438334,-1.0438400278799236,56.87999872863293
21:06:07.204371,229,0.0,3.161092088968059,-0.03161197392256338,-1.0438400278799236,42.63999904692173
21:06:07.204371,229,0.0,3.2204703677878035,-0.1611578353687324,-0.8349600223009475,67.99999848008156
21:06:07.204371,229,0.0,3.281833981315104,-0.1971466672654756,-1.0438400278799236,40.639999091625214
21:06:07.204371,229,0.03161039333710952,3.1609340356877933,-0.03161197392256338,-1.0438400278799236,51.51999884843826
21:06:07.204371,229,0.03220416621570523,3.2203093456184706,-0.1611578353687324,-1.0438400278799236,81.87999816983938
21:06:07.204371,229,0.032743891071067906,3.274280033266312,-0.2954982075741153,-0.8349600223009475,46.23999896645546
21:06:07.204371,229,0.06320814293891569,3.159985818738786,-0.06322078667421904,-1.0438400278799236,62.759998597204685
21:06:07.204371,229,0.06440511204176956,3.2198262952125534,-0.1611578353687324,-1.0438400278799236,99.11999778449535
21:06:07.204371,229,0.06548450778046157,3.273788887190142,-0.2954982075741153,-0.8349600223009475,52.63999882340431
21:06:07.204371,229,0.09292141570047484,3.0964513226871526,-0.030979484448272476,-1.0438400278799236,26.239999413490295
21:06:07.204371,229,0.09480431337768816,3.1591957498909444,-0.06322078667421904,-1.0438400278799236,77.35999827086926
21:06:07.204371,229,0.09659961741058837,3.2190212648746885,-0.1611578353687324,-1.0438400278799236,120.23999731242657
21:06:07.204371,229,0.09821857609394015,3.2729703649680357,-0.2954982075741153,-0.8349600223009475,59.75999866425991
21:06:07.204371,229,0.12388076613076987,3.095367302768712,-0.030979484448272476,-1.0438400278799236,32.119999282062054
21:06:07.204371,229,0.12625829844570968,3.154773908158705,-0.15799665283281294,-1.0438400278799236,96.23999784886837
21:06:07.204371,229,0.12878446289859738,3.2178943351072347,-0.1611578353687324,-1.0438400278799236,145.8799967393279
21:06:07.204371,229,0.13094282263209692,3.2718245484515296,-0.2954982075741153,-1.0438400278799236,67.23999849706888
21:06:07.204371,229,0.1548277285882393,3.0939737487132954,-0.030979484448272476,-1.0438400278799236,39.759999111294746
21:06:07.204371,229,0.15779919816713006,3.15335360887154,-0.15799665283281294,-1.0438400278799236,120.11999731510878
21:06:07.204371,229,0.16086783829281742,3.214675260230095,-0.19335394376017828,-1.0438400278799236,175.23999608308077
21:06:07.204371,229,0.1634981072861901,3.2672367961497515,-0.3282273238585888,-1.0438400278799236,74.87999832630157
21:06:07.204371,229,0.18553633451220433,3.0885606935006464,-0.15483547029689348,-1.0438400278799236,49.75999888777733
21:06:07.204371,229,0.18932431810093803,3.1516179768653707,-0.15799665283281294,-1.0438400278799236,148.6399966776371
21:06:07.204371,229,0.1930060110755602,3.2129058762779117,-0.19335394376017828,-1.0438400278799236,205.8799953982234
21:06:07.204371,229,0.19616175514382156,3.2654384818918203,-0.3282273238585888,-1.0438400278799236,81.75999817252159
21:06:07.204371,229,0.21218102973723965,3.02620512679734,0.09103634540435815,-1.0438400278799236,20.63999953866005
21:06:07.204371,229,0.21641214926035204,3.086550934378685,-0.15483547029689348,-1.0438400278799236,62.1199986115098
21:06:07.204371,229,0.22083050576155194,3.1495671857019425,-0.15799665283281294,-1.0438400278799236,179.3599959909916
21:06:07.204371,229,0.22461793393464877,3.203584901465675,-0.28981338919404903,-0.7655200204462744,233.11999478936195
21:06:07.204371,229,0.22880578699028314,3.263313626521487,-0.3282273238585888,-1.0438400278799236,86.87999805808067
21:06:07.204371,229,0.24243196700123393,3.0239320429220586,0.09103634540435815,-1.0438400278799236,24.639999449253082
21:06:07.204371,229,0.24726632297488405,3.084232522749201,-0.15483547029689348,-1.0438400278799236,76.359998293221
21:06:07.204371,229,0.2521757345001791,3.1454691946570557,-0.18956122025488095,-1.0438400278799236,205.63999540358782
21:06:07.204371,229,0.2566420175025329,3.2011785817095766,-0.28981338919404903,-1.1132800297345966,250.23999440670013
21:06:07.204371,229,0.26052251763709083,3.249581310296081,-0.42620466316884575,-1.1132800297345966,89.23999800533056
21:06:07.204371,229,0.27265866127163774,3.0213565683759374,0.09103634540435815,-1.0438400278799236,28.999999351799488
21:06:07.204371,229,0.27809577026427845,3.081605690451414,-0.15483547029689348,-1.0438400278799236,89.63999799638987
21:06:07.204371,229,0.28361729282038456,3.1427902072554015,-0.18956122025488095,-1.0438400278799236,218.51999511569738
21:06:07.204371,229,0.28864043708368153,3.1984521467772575,-0.28981338919404903,-1.1132800297345966,251.99999436736107
21:06:07.204371,229,0.29300476240282397,3.2468136508938774,-0.42620466316884575,-1.1132800297345966,88.2399980276823
21:06:07.204371,229,0.32679563282273916,3.6212535011381317,-1.2861763760723006,-0.3480400092958007,8.879999801516533
21:06:07.204371,229,0.30285808990434804,3.0184789607042735,0.09103634540435815,-1.0438400278799236,33.11999925971031
21:06:07.204371,229,0.3088974082096353,3.078670700166354,-0.15483547029689348,-1.0438400278799236,97.51999782025814
21:06:07.204371,229,0.3143210854203707,3.1327265636086237,-0.2841285708139828,-1.1132800297345966,212.11999525874853
21:06:07.204371,229,0.320304636724338,3.19236249318549,-0.3219128600964245,-1.1132800297345966,237.87999468296766
21:06:07.204371,229,0.3254577069377965,3.2437213128467675,-0.42620466316884575,-1.1132800297345966,83.99999812245369
21:06:07.204371,229,0.38517282503390116,3.4874368059692125,-1.4422447906871954,-0.7655200204462744,7.35999983549118
21:06:07.204371,229,0.3738680727711863,3.726210226364762,-1.158439240023721,-0.3480400092958007,8.999999798834324
21:06:07.204371,229,0.3330272329818026,3.0152995076654237,0.09103634540435815,-1.0438400278799236,35.879999198019505
21:06:07.204371,229,0.3396681566729656,3.07542784539059,-0.15483547029689348,-1.0438400278799236,95.879997856915
21:06:07.204371,229,0.3456321123151878,3.1294267701953777,-0.2841285708139828,-1.1132800297345966,189.6399957612157
21:06:07.204371,229,0.35221171378726424,3.1889998834862987,-0.3219128600964245,-1.1132800297345966,212.8799952417612
21:06:07.204371,229,0.3578781059747439,3.2403046053859645,-0.42620466316884575,-1.1132800297345966,77.51999826729298
21:06:07.204371,229,0.36426788249494585,3.2981590031267944,-0.46760898899957043,-1.1830000315967482,9.359999790787697
21:06:07.204371,229,0.4177442175480788,3.782345132031975,-1.1771308935776752,-0.3480400092958007,4.999999888241291
21:06:07.204371,229,0.3548835177141174,2.943153727086283,0.207852661809506,-0.974120026017772,9.239999793469906
21:06:07.204371,229,0.3631630736149695,3.0118185272020273,0.09103634540435815,-1.0438400278799236,36.23999918997288
21:06:07.204371,229,0.370404938605203,3.0718774504068835,-0.15483547029689348,-1.1830000315967482,85.51999808847904
21:06:07.204371,229,0.37690857628834434,3.1258140367269496,-0.2841285708139828,-1.1132800297345966,160.1199964210391
21:06:07.204371,229,0.3827548118262432,3.174298593078344,-0.4180053034409377,-1.1132800297345966,183.63999589532614
21:06:07.204371,229,0.3897329940450436,3.232170717255422,-0.4587828867750933,-1.1132800297345966,69.75999844074249
21:06:07.204371,229,0.4472562156535235,3.421029531512558,-1.4181978727984474,-0.7655200204462744,6.7599998489022255
21:06:07.204371,229,0.3932625982450333,3.0080363674092157,0.09103634540435815,-1.0438400278799236,34.11999923735857
21:06:07.204371,229,0.4011046803539054,3.0680198702517574,-0.15483547029689348,-1.1830000315967482,71.23999840766191
21:06:07.204371,229,0.40814734971964634,3.121888724473658,-0.2841285708139828,-1.1132800297345966,130.99999707192183
21:06:07.204371,229,0.4144781304201756,3.1703123952378407,-0.4180053034409377,-1.1132800297345966,154.87999653816223
21:06:07.204371,229,0.4220346753163185,3.228111845175349,-0.4587828867750933,-1.1132800297345966,61.87999861687422
21:06:07.204371,229,0.42332279694474834,3.0039534064997975,0.09103634540435815,-1.0438400278799236,30.23999932408333
21:06:07.204371,229,0.4317643119706182,3.0638554906799955,-0.15483547029689348,-1.1830000315967482,57.11999872326851
21:06:07.204371,229,0.43892686644488216,3.1146819051029677,-0.3155983963342602,-1.1830000315967482,105.87999763339758
21:06:07.204371,229,0.44616000154831625,3.1660091688139036,-0.4180053034409377,-1.1132800297345966,129.2399971112609
21:06:07.204371,229,0.4542941534736427,3.223730164615272,-0.4587828867750933,-1.1132800297345966,54.63999877870083
21:06:07.204371,229,0.453340663719429,2.9995700527664444,0.09103634540435815,-1.0438400278799236,25.75999942421913
21:06:07.204371,229,0.4623807675178665,3.0593847281260667,-0.15483547029689348,-1.1830000315967482,45.35999898612499
21:06:07.204371,229,0.47005121952925005,3.1101369769002196,-0.3155983963342602,-1.1830000315967482,85.75999808311462
21:06:07.204371,229,0.4771487185070446,3.157098229413206,-0.4499567845506162,-1.1132800297345966,107.7599975913763
21:06:07.204371,229,0.48650820259622757,3.219026113739578,-0.4587828867750933,-1.1830000315967482,48.119998924434185
21:06:07.204371,229,0.483313196807547,2.994886744540857,0.09103634540435815,-0.974120026017772,21.359999522566795
21:06:07.204371,229,0.49295098537574605,3.05460802966248,-0.15483547029689348,-1.1830000315967482,36.11999919265509
21:06:07.204371,229,0.4993948861566669,3.0945381477709684,-0.40980594371302975,-1.1830000315967482,69.87999843806028
21:06:07.204371,229,0.5086953166790907,3.15216896827021,-0.4499567845506162,-1.1132800297345966,89.99999798834324
21:06:07.204371,229,0.5162477706971897,3.1989683202783152,-0.5562292822517948,-1.1132800297345966,42.51999904960394
21:06:07.204371,229,0.5132373989809043,2.989903950149934,0.09103634540435815,-0.974120026017772,17.639999605715275
21:06:07.204371,229,0.5234719085480827,3.0495258729550803,-0.15483547029689348,-1.1830000315967482,28.999999351799488
21:06:07.204371,229,0.5303147816538376,3.0893895566419984,-0.40980594371302975,-1.1830000315967482,57.51999871432781
21:06:07.204371,229,0.5401910457456541,3.146924492871275,-0.4499567845506162,-1.1132800297345966,75.51999831199646
21:06:07.204371,229,0.5482111078539841,3.1936459816516276,-0.5562292822517948,-1.1132800297345966,37.75999915599823
21:06:07.204371,229,0.5689592361786979,3.126673197297464,-0.54552849840192,-1.1132800297345966,63.75999857485294
21:06:07.204371,229,0.1396865066549765,0.07645558774197947,-0.19659915829445088,-3.7573201003542636,5.519999876618385
21:06:07.235392,230,0.12114923611201657,3.0271154750583884,-0.1819907642462835,-0.974120026017772,25.51999942958355
21:06:07.235392,230,0.12373213399282201,3.091653481210176,-0.15483547029689348,-0.974120026017772,47.63999893516302
21:06:07.235392,230,0.12640996511649333,3.1585635525750777,-0.03161197392256338,-0.974120026017772,51.99999883770943
21:06:07.235392,230,0.15141382825824187,3.025752648410091,-0.1819907642462835,-0.974120026017772,32.99999926239252
21:06:07.235392,230,0.15464196628604793,3.090261599140856,-0.15483547029689348,-0.974120026017772,61.11999863386154
21:06:07.235392,230,0.15796505455695586,3.1566679720082753,-0.06322078667421904,-0.974120026017772,65.51999853551388
21:06:07.235392,230,0.16095643004821222,3.2164456186022243,-0.1611578353687324,-0.974120026017772,27.87999937683344
21:06:07.235392,230,0.18166327914849598,3.0240872490319313,-0.1819907642462835,-0.974120026017772,43.87999901920557
21:06:07.235392,230,0.18553633451220433,3.0885606935006464,-0.15483547029689348,-0.974120026017772,80.75999819487333
21:06:07.235392,230,0.18932431810093803,3.1516179768653707,-0.15799665283281294,-0.974120026017772,84.63999810814857
21:06:07.235392,230,0.1931123016896717,3.214675260230095,-0.1611578353687324,-0.974120026017772,34.879999220371246
21:06:07.235392,230,0.2078422692634851,2.9643241037582797,-0.029717005458087066,-1.0438400278799236,21.7599995136261
21:06:07.235392,230,0.21189456386303282,3.0221194434624508,-0.1819907642462835,-0.974120026017772,60.239998653531075
21:06:07.235392,230,0.21641214926035204,3.086550934378685,-0.15483547029689348,-0.974120026017772,110.63999752700329
21:06:07.235392,230,0.22083050576155194,3.1495671857019425,-0.15799665283281294,-0.974120026017772,112.6399974822998
21:06:07.235392,230,0.22524886226275184,3.2125834370252004,-0.1611578353687324,-0.974120026017772,44.99999899417162
21:06:07.235392,230,0.2290239144963999,3.2664246425162884,-0.2954982075741153,-0.8349600223009475,6.359999857842922
21:06:07.235392,230,0.24596875885795882,3.5080983441814886,-1.2439902578190705,-0.974120026017772,9.999999776482582
21:06:07.235392,230,0.237474623560578,2.9620975007888726,-0.029717005458087066,-1.0438400278799236,25.359999433159828
21:06:07.235392,230,0.2421046592987089,3.019849428480558,-0.1819907642462835,-0.974120026017772,85.51999808847904
21:06:07.235392,230,0.24726632297488405,3.084232522749201,-0.15483547029689348,-0.974120026017772,157.3599964827299
21:06:07.235392,230,0.25231461055660176,3.147201440458654,-0.15799665283281294,-0.974120026017772,154.87999653816223
21:06:07.235392,230,0.2573628981383195,3.210170358168108,-0.1611578353687324,-0.974120026017772,59.99999865889549
21:06:07.235392,230,0.26167616469032484,3.263971121729155,-0.2954982075741153,-0.8349600223009475,7.35999983549118
21:06:07.235392,230,0.2670431677775957,2.95913075066757,-0.05943103924052525,-1.0438400278799236,28.759999357163906
21:06:07.235392,230,0.2722905444712906,3.01727743108585,-0.1819907642462835,-0.974120026017772,122.35999726504087
21:06:07.235392,230,0.27809577026427845,3.081605690451414,-0.15483547029689348,-0.974120026017772,230.63999484479427
21:06:07.235392,230,0.2837734841019852,3.144520977708048,-0.15799665283281294,-0.974120026017772,219.35999509692192
21:06:07.235392,230,0.28929188159725744,3.205670865415592,-0.19335394376017828,-0.974120026017772,82.51999815553427
21:06:07.235392,230,0.2943022474870132,3.2611912065644066,-0.2954982075741153,-0.8349600223009475,8.879999801516533
21:06:07.235392,230,0.32949480451296803,3.651163279457342,-0.9752350986192813,-0.6958000185841229,19.999999552965164
21:06:07.235392,230,0.29662062939037026,2.9563124082585,-0.05943103924052525,-1.0438400278799236,31.5199992954731
21:06:07.235392,230,0.3024492008175503,3.0144037084759105,-0.1819907642462835,-0.974120026017772,166.87999626994133
21:06:07.235392,230,0.3088974082096353,3.078670700166354,-0.15483547029689348,-0.974120026017772,334.7599925175309
21:06:07.235392,230,0.3152039805367042,3.141526065494153,-0.15799665283281294,-0.974120026017772,313.8799929842353
21:06:07.235392,230,0.32133359078622437,3.202617712678937,-0.19335394376017828,-0.974120026017772,116.35999739915133
21:06:07.235392,230,0.32658755447059773,3.254982101712078,-0.3282273238585888,-0.8349600223009475,11.239999748766422
21:06:07.235392,230,0.3720915878715959,3.708504632648854,-0.9914954439435648,-0.6958000185841229,18.35999958962202
21:06:07.235392,230,0.37819382237807897,3.769323435530825,-1.0077557892678484,-0.27832000743364915,5.239999882876873
21:06:07.235392,230,0.3261684291887148,2.9531984370854043,-0.05943103924052525,-1.0438400278799236,32.63999927043915
21:06:07.235392,230,0.3325776124971205,3.011228548020594,-0.1819907642462835,-0.974120026017772,193.51999567449093
21:06:07.235392,230,0.33948120049953184,3.0737351043715977,-0.1857684967495836,-0.974120026017772,431.99999034404755
21:06:07.235392,230,0.34641218369242904,3.136489702612883,-0.18956122025488095,-0.974120026017772,425.999990478158
21:06:07.235392,230,0.3525474879115297,3.1920400539327787,-0.28981338919404903,-0.904680024163099,162.11999637633562
21:06:07.235392,230,0.35912050302498927,3.2515535329297807,-0.3282273238585888,-0.904680024163099,14.759999670088291
21:06:07.235392,230,0.4054775235635118,3.671279871689232,0.8648327576196386,-0.6958000185841229,18.519999586045742
21:06:07.235392,230,0.3473302637407287,2.880512363163272,0.20342877660400377,-0.904680024163099,5.239999882876873
21:06:07.235392,230,0.35568361241740476,2.9497891485427927,-0.05943103924052525,-1.0438400278799236,31.999999284744263
21:06:07.235392,230,0.3626727666940748,3.007752267233284,-0.1819907642462835,-0.974120026017772,175.75999607145786
21:06:07.235392,230,0.3702010646518101,3.070186663554766,-0.1857684967495836,-0.974120026017772,430.5199903771281
21:06:07.235392,230,0.3777592368077904,3.132868815417206,-0.18956122025488095,-0.904680024163099,488.6399890780449
21:06:07.235392,230,0.3844497285066877,3.188355037224531,-0.28981338919404903,-0.904680024163099,204.11999543756247
21:06:07.235392,230,0.3916175398299499,3.2477998115183455,-0.3282273238585888,-0.904680024163099,19.119999572634697
21:06:07.235392,230,0.3851632275828449,2.946084883556663,-0.05943103924052525,-1.0438400278799236,29.639999337494373
21:06:07.235392,230,0.3927316539182072,3.0039752137391496,-0.1819907642462835,-1.0438400278799236,132.35999704152346
21:06:07.235392,230,0.40088390900777787,3.066331206643784,-0.1857684967495836,-0.904680024163099,331.75999258458614
21:06:07.235392,230,0.409068514315958,3.128934643964707,-0.18956122025488095,-0.904680024163099,436.75999023765326
21:06:07.235392,230,0.41631352445108727,3.184351187683768,-0.28981338919404903,-0.904680024163099,208.5199953392148
21:06:07.235392,230,0.424075415209025,3.2437213128467675,-0.3282273238585888,-0.904680024163099,22.99999948590994
21:06:07.235392,230,0.4146665272428921,2.9425273953183924,-0.029717005458087066,-1.0438400278799236,26.359999410808086
21:06:07.235392,230,0.42275126830597876,2.9998977652403727,-0.1819907642462835,-1.0438400278799236,93.1199979186058
21:06:07.235392,230,0.43152666530870576,3.062169119181112,-0.1857684967495836,-0.904680024163099,227.7599949091673
21:06:07.235392,230,0.43934530875792266,3.1176512259634404,-0.2841285708139828,-0.904680024163099,324.51999274641275
21:06:07.235392,230,0.4481356893918297,3.1800289056920876,-0.28981338919404903,-0.904680024163099,170.519996188581
21:06:07.235392,230,0.4564908834018699,3.2393184447614964,-0.3282273238585888,-0.904680024163099,24.119999460875988
21:06:07.235392,230,0.44407057696696417,2.9382336741122463,-0.029717005458087066,-1.0438400278799236,22.759999491274357
21:06:07.235392,230,0.452728607921101,2.9955203294783894,-0.1819907642462835,-1.0438400278799236,65.75999853014946
21:06:07.235392,230,0.4621262693046362,3.05770081737201,-0.1857684967495836,-0.904680024163099,154.99999653548002
21:06:07.235392,230,0.4704993336334069,3.1131019649425964,-0.2841285708139828,-0.904680024163099,225.87999495118856
21:06:07.235392,230,0.47991304113908123,3.1753886234740696,-0.28981338919404903,-0.904680024163099,123.63999723643064
21:06:07.235392,230,0.488860702888823,3.234591647545654,-0.3282273238585888,-0.904680024163099,21.99999950826168
21:06:07.235392,230,0.4826606750547276,2.9908433441931077,-0.1819907642462835,-1.0438400278799236,47.63999893516302
21:06:07.235392,230,0.4915702159551348,3.0460519876127887,-0.27844375243391656,-1.0438400278799236,108.75999756902456
21:06:07.235392,230,0.5016063089697127,3.108241396333418,-0.2841285708139828,-0.904680024163099,157.9999964684248
21:06:07.235392,230,0.5111551023002648,3.1674112157402288,-0.3219128600964245,-0.904680024163099,87.63999804109335
21:06:07.235392,230,0.5193785802962694,3.21836861853191,-0.42620466316884575,-0.904680024163099,18.639999583363533
21:06:07.235392,230,0.5128267406208621,2.9875116282823333,-0.1516867825536061,-1.0438400278799236,35.759999200701714
21:06:07.235392,230,0.5220056491727794,3.040984066167678,-0.27844375243391656,-1.0438400278799236,79.23999822884798
21:06:07.235392,230,0.5326631240953675,3.103070006188693,-0.2841285708139828,-1.0438400278799236,113.63999745994806
21:06:07.235392,230,0.5428031283095092,3.162141380789606,-0.3219128600964245,-0.904680024163099,63.23999858647585
21:06:07.235392,230,0.5515357606587282,3.2130140023249445,-0.42620466316884575,-0.904680024163099,15.359999656677246
21:06:07.235392,230,0.5426757171976352,2.9822340721314964,-0.1516867825536061,-1.0438400278799236,27.639999382197857
21:06:07.235392,230,0.5523888822628434,3.035612048863689,-0.27844375243391656,-1.0438400278799236,59.75999866425991
21:06:07.235392,230,0.5631298245894979,3.0946380991516236,-0.3155983963342602,-1.0438400278799236,84.51999811083078
21:06:07.235392,230,0.5724097170121699,3.145635058277636,-0.4180053034409377,-0.904680024163099,47.23999894410372
21:06:07.235392,230,0.5836377879071984,3.207338087409613,-0.42620466316884575,-0.904680024163099,12.759999714791775
21:06:07.235392,230,0.5724704266573425,2.9766582950719647,-0.1516867825536061,-1.0438400278799236,21.87999951094389
21:06:07.235392,230,0.5827168769274731,3.029936472898053,-0.27844375243391656,-1.0438400278799236,46.51999896019697
21:06:07.235392,230,0.5940475328635714,3.088852164277481,-0.3155983963342602,-1.0438400278799236,64.7599985525012
21:06:07.235392,230,0.6038369223759208,3.139753776201388,-0.4180053034409377,-0.904680024163099,36.35999918729067
21:06:07.235392,230,0.6156814518658501,3.201341441372651,-0.42620466316884575,-0.904680024163099,10.639999762177467
21:06:07.235392,230,0.6129866003926105,3.0239579058236092,-0.27844375243391656,-1.0438400278799236,37.119999170303345
21:06:07.235392,230,0.624905836882052,3.0827573467747533,-0.3155983963342602,-1.0438400278799236,50.99999886006117
21:06:07.235392,230,0.6352037445533293,3.1335585213780077,-0.4180053034409377,-1.0438400278799236,28.879999354481697
21:06:07.235392,230,0.6476635481951337,3.195024663873638,-0.42620466316884575,-0.904680024163099,9.119999796152115
21:06:07.235392,230,0.6534332150647025,3.0657114400705443,-0.40980594371302975,-1.0438400278799236,41.11999908089638
21:06:07.235392,230,0.6665070468884566,3.127049913327788,-0.4180053034409377,-1.0438400278799236,23.519999474287033
21:06:07.268696,231,0.060620100805325046,3.0306009632408437,-0.1516867825536061,-0.8349600223009475,20.999999530613422
21:06:07.268696,231,0.09092257368309371,3.029843243570997,-0.1516867825536061,-0.8349600223009475,26.239999413490295
21:06:07.268696,231,0.09280992858985976,3.0927362005215646,-0.15483547029689348,-0.8349600223009475,26.99999939650297
21:06:07.268696,231,0.09443950229700199,3.1470390285925642,-0.2841285708139828,-0.6958000185841229,13.519999697804451
21:06:07.268696,231,0.11878483363379655,2.9680369405105647,0.08913912996883075,-0.8349600223009475,21.119999527931213
21:06:07.268696,231,0.12121595437966909,3.028782542115198,-0.1516867825536061,-0.8349600223009475,33.359999254345894
21:06:07.268696,231,0.12338555684411415,3.082993673820345,-0.27844375243391656,-0.8349600223009475,34.99999921768904
21:06:07.268696,231,0.1259046454401084,3.1459372986974063,-0.2841285708139828,-0.6958000185841229,16.639999628067017
21:06:07.268696,231,0.12830142039521897,3.2058247135065194,-0.3219128600964245,-0.904680024163099,7.759999826550484
21:06:07.268696,231,0.1481618608771156,2.960767507824357,0.207852661809506,-0.8349600223009475,26.119999416172504
21:06:07.268696,231,0.15149721358236135,3.027418964942705,-0.1516867825536061,-0.8349600223009475,42.63999904692173
21:06:07.268696,231,0.15420880983738353,3.081605690451414,-0.27844375243391656,-0.8349600223009475,46.879998952150345
21:06:07.268696,231,0.15735719822415387,3.144520977708048,-0.2841285708139828,-0.6958000185841229,20.999999530613422
21:06:07.268696,231,0.16035271749504068,3.2043814308219525,-0.3219128600964245,-0.6958000185841229,8.639999806880951
21:06:07.268696,231,0.17397819867703782,2.896156310151742,0.20342877660400377,-0.974120026017772,19.759999558329582
21:06:07.268696,231,0.17776163380384633,2.959137876807097,0.207852661809506,-0.8349600223009475,32.75999926775694
21:06:07.268696,231,0.18176332319061983,3.0257526484100907,-0.1516867825536061,-0.8349600223009475,54.239998787641525
21:06:07.268696,231,0.1850166420788654,3.0799095490952104,-0.27844375243391656,-0.8349600223009475,64.51999855786562
21:06:07.268696,231,0.18861420377109148,3.1397969434660533,-0.3155983963342602,-0.6958000185841229,27.519999384880066
21:06:07.268696,231,0.1923879794574565,3.2026177126789372,-0.3219128600964245,-0.6958000185841229,9.359999790787697
21:06:07.268696,231,0.20293057960388697,2.8942717505977718,0.20342877660400377,-0.974120026017772,24.639999449253082
21:06:07.268696,231,0.20734363071612555,2.9572123344813233,0.207852661809506,-0.8349600223009475,40.99999908357859
21:06:07.268696,231,0.21201125661884068,3.0237837591476144,-0.1516867825536061,-0.8349600223009475,66.63999851047993
21:06:07.268696,231,0.21580597281114647,3.0779054193644475,-0.27844375243391656,-0.8349600223009475,90.23999798297882
21:06:07.268696,231,0.2200022185759357,3.1377538443741315,-0.3155983963342602,-0.8349600223009475,37.239999167621136
21:06:07.268696,231,0.22362766484424887,3.1894613136878784,-0.4180053034409377,-0.904680024163099,10.239999771118164
21:06:07.268696,231,0.23186266764279123,2.892097766293565,0.20342877660400377,-0.974120026017772,30.879999309778214
21:06:07.268696,231,0.23690489343904583,2.954991073399657,0.207852661809506,-0.8349600223009475,50.35999887436628
21:06:07.268696,231,0.24223798909902294,3.0215124940425513,-0.1516867825536061,-0.8349600223009475,75.63999830931425
21:06:07.268696,231,0.24657372312694892,3.07559350167042,-0.27844375243391656,-0.8349600223009475,123.87999723106623
21:06:07.268696,231,0.25136823334324043,3.1353969725265847,-0.3155983963342602,-0.8349600223009475,51.51999884843826
21:06:07.268696,231,0.25551056440447095,3.1870656026308914,-0.4180053034409377,-0.904680024163099,10.87999975681305
21:06:07.268696,231,0.2710604805797979,3.3810247177136143,-1.394246002015979,-1.2524400334514212,10.99999975413084
21:06:07.268696,231,0.2810368585006514,3.505463294194808,-1.2439902578190705,-1.2524400334514212,13.759999692440033
21:06:07.268696,231,0.26077156960918585,2.889634574635731,0.20342877660400377,-0.974120026017772,38.519999139010906
21:06:07.268696,231,0.2664424658711013,2.9524743156863447,0.207852661809506,-0.8349600223009475,59.239998675882816
21:06:07.268696,231,0.2724404979832425,3.0189390802195097,-0.1516867825536061,-0.8349600223009475,76.51999828964472
21:06:07.268696,231,0.2770526935295238,3.07004725790732,-0.30928393257209585,-0.8349600223009475,153.2399965748191
21:06:07.268696,231,0.281731063841815,3.121888724473658,-0.40980594371302975,-0.8349600223009475,69.11999845504761
21:06:07.268696,231,0.28736791312231946,3.1843511876837676,-0.4180053034409377,-0.904680024163099,11.119999751448631
21:06:07.268696,231,0.28965439463709425,2.8868824219413716,0.20342877660400377,-0.974120026017772,46.51999896019697
21:06:07.268696,231,0.2959533942797954,2.9496623130150494,0.207852661809506,-0.8349600223009475,64.3599985614419
21:06:07.268696,231,0.3026157630459145,3.016063775017716,-0.1516867825536061,-0.8349600223009475,68.63999846577644
21:06:07.268696,231,0.3077388012318186,3.067123276132315,-0.30928393257209585,-0.8349600223009475,154.87999653816223
21:06:07.268696,231,0.3129353436414293,3.118915367724688,-0.40980594371302975,-0.8349600223009475,80.23999820649624
21:06:07.268696,231,0.31876326359460816,3.177000174932232,-0.4499567845506162,-0.8349600223009475,10.759999759495258
21:06:07.268696,231,0.36593195239809667,3.313225846504031,-1.3701990841272313,-1.2524400334514212,5.879999868571758
21:06:07.268696,231,0.3570382336526757,3.5584732003955817,-1.2650833169456857,-1.3221600353135727,9.119999796152115
21:06:07.268696,231,0.3185082544682116,2.8838415834234503,0.20342877660400377,-0.974120026017772,52.999998815357685
21:06:07.268696,231,0.3254347275970115,2.946555346583682,0.207852661809506,-0.8349600223009475,63.23999858647585
21:06:07.268696,231,0.3327607667858137,3.012886865965281,-0.1516867825536061,-0.8349600223009475,56.35999874025583
21:06:07.268696,231,0.3372234422659134,3.0532928803849804,-0.4016065839851218,-0.8349600223009475,126.879997164011
21:06:07.268696,231,0.3441083301688569,3.1156301220519746,-0.40980594371302975,-0.8349600223009475,72.99999836832285
21:06:07.268696,231,0.35051679710681977,3.1736537468165764,-0.4499567845506162,-0.8349600223009475,9.759999781847
21:06:07.268696,231,0.3399982502261339,2.8197058116459646,0.17061259373039145,-0.904680024163099,12.519999720156193
21:06:07.268696,231,0.3473302637407287,2.880512363163272,0.20342877660400377,-0.974120026017772,54.9999987706542
21:06:07.268696,231,0.3548835177141174,2.943153727086283,0.207852661809506,-0.8349600223009475,56.519998736679554
21:06:07.268696,231,0.36185607877742193,3.0009792333622114,-0.2727814036917162,-0.8349600223009475,44.23999901115894
21:06:07.268696,231,0.3677390004768806,3.049768038876325,-0.4016065839851218,-0.8349600223009475,92.63999792933464
21:06:07.268696,231,0.3747375644209244,3.107809194714836,-0.4411306823261391,-0.8349600223009475,54.51999878138304
21:06:07.268696,231,0.382235279232984,3.169989955985129,-0.4499567845506162,-0.8349600223009475,8.51999980956316
21:06:07.268696,231,0.376362443301847,2.878768339097303,0.1744053172356888,-0.974120026017772,51.51999884843826
21:06:07.268696,231,0.38429681977677355,2.939457794681952,0.207852661809506,-0.8349600223009475,47.11999894678593
21:06:07.268696,231,0.39184727762724453,2.9972106852598035,-0.2727814036917162,-0.8349600223009475,34.35999923199415
21:06:07.268696,231,0.3982177850958922,3.0459382231188807,-0.4016065839851218,-0.8349600223009475,65.87999852746725
21:06:07.268696,231,0.40579640098660535,3.1039064924524586,-0.4411306823261391,-0.8349600223009475,37.99999915063381
21:06:07.268696,231,0.411979659827515,3.151201779483472,-0.54552849840192,-0.8349600223009475,7.519999831914902
21:06:07.268696,231,0.4051308282925664,2.8748608402641262,0.1744053172356888,-0.974120026017772,44.359999008476734
21:06:07.268696,231,0.41367169247941626,2.9354679189608324,0.207852661809506,-0.8349600223009475,37.99999915063381
21:06:07.268696,231,0.42179929207759437,2.9931424185999336,-0.2727814036917162,-0.8349600223009475,26.87999939918518
21:06:07.268696,231,0.4286567482700213,3.0418038160910132,-0.4016065839851218,-0.8349600223009475,47.51999893784523
21:06:07.268696,231,0.4368146582521643,3.099693402141291,-0.4411306823261391,-0.8349600223009475,26.87999939918518
21:06:07.268696,231,0.443470552909953,3.146924492871275,-0.54552849840192,-0.8349600223009475,6.7599998489022255
21:06:07.268696,231,0.43385870053987546,2.8706658577554847,0.1744053172356888,-0.974120026017772,36.35999918729067
21:06:07.268696,231,0.44300519835938545,2.9311844989071543,0.207852661809506,-0.8349600223009475,30.23999932408333
21:06:07.268696,231,0.4517091269521202,2.9887748402058616,-0.2727814036917162,-0.8349600223009475,21.359999522566795
21:06:07.268696,231,0.45905284612845243,3.0373652312299635,-0.4016065839851218,-0.8349600223009475,35.23999921232462
21:06:07.268696,231,0.4656013894214414,3.080694268139503,-0.5348277145520451,-0.8349600223009475,19.759999558329582
21:06:07.268696,231,0.4749170993086399,3.142332516446288,-0.54552849840192,-0.8349600223009475,6.11999986320734
21:06:07.268696,231,0.46254318728061783,2.8661838110661133,0.1744053172356888,-0.904680024163099,29.11999934911728
21:06:07.268696,231,0.472294404090669,2.9266079628593347,0.207852661809506,-0.974120026017772,24.23999945819378
21:06:07.268696,231,0.48873874742497225,3.028506578911803,-0.43230458010166195,-0.8349600223009475,26.99999939650297
21:06:07.268696,231,0.49638453809337424,3.075884298526294,-0.5348277145520451,-0.8349600223009475,15.119999662041664
21:06:07.268696,231,0.505421727103485,3.1318839231032083,-0.5772808741673632,-0.8349600223009475,5.759999871253967
21:06:07.268696,231,0.4918454612639078,2.8652835713380833,0.08724191453330335,-0.974120026017772,23.23999948054552
21:06:07.268696,231,0.527118048727369,3.0707667430602106,-0.5348277145520451,-0.8349600223009475,12.11999972909689
21:06:07.268696,231,0.5367147727818435,3.1266731972974635,-0.5772808741673632,-0.8349600223009475,5.359999880194664
21:06:07.268696,231,0.13123072065443528,0.06190858370925593,-0.20725547351073864,-3.7573201003542636,5.639999873936176
21:06:07.302877,232,-0.03643810407322675,0.24109605536132206,0.06748305521601608,-3.6878800984995905,5.119999885559082
21:06:07.302877,232,0.1819816647843072,3.02938730717271,-0.030349494932377975,-0.6958000185841229,74.75999832898378
21:06:07.302877,232,0.21369037404467114,3.557231480232829,-1.1023642793618584,-2.0179600538976956,19.519999563694
21:06:07.302877,232,0.21802727812403377,3.6294264576005695,-1.2861763760723006,-2.0179600538976956,8.879999801516533
21:06:07.302877,232,0.19851752849164842,2.8313311667142207,0.19900489139850155,-0.904680024163099,23.759999468922615
21:06:07.302877,232,0.2033372405241389,2.900071700589807,0.08724191453330335,-0.6958000185841229,29.879999332129955
21:06:07.302877,232,0.2078422692634851,2.9643241037582797,-0.029717005458087066,-0.6958000185841229,57.35999871790409
21:06:07.302877,232,0.2122659332765802,3.0274160527993197,-0.030349494932377975,-0.6958000185841229,88.11999803036451
21:06:07.302877,232,0.21894352173138848,3.1226543143989,-0.4411306823261391,-0.6263600167294499,12.759999714791775
21:06:07.302877,232,0.2268204418465366,2.8292044591874737,0.19900489139850155,-0.904680024163099,28.759999357163906
21:06:07.302877,232,0.232327306762138,2.897893359749195,0.08724191453330335,-0.6958000185841229,38.99999912828207
21:06:07.302877,232,0.237474623560578,2.9620975007888726,-0.029717005458087066,-0.6958000185841229,72.11999838799238
21:06:07.302877,232,0.2425289753533622,3.0251420593570213,-0.030349494932377975,-0.6958000185841229,103.63999768346548
21:06:07.302877,232,0.24726632297488405,3.084232522749201,-0.15483547029689348,-0.6263600167294499,45.99999897181988
21:06:07.302877,232,0.2501585966532902,3.120308784313287,-0.4411306823261391,-0.6263600167294499,12.759999714791775
21:06:07.302877,232,0.2762904414815398,3.4462597052840716,-1.2229805704676593,-0.41748001115047373,10.99999975413084
21:06:07.302877,232,0.2810368585006514,3.505463294194808,-1.2439902578190705,-2.0179600538976956,21.119999527931213
21:06:07.302877,232,0.2858021105079341,3.5649018179821734,-1.2650833169456857,-2.0179600538976956,17.11999961733818
21:06:07.302877,232,0.25510067334727043,2.8267948335851174,0.19900489139850155,-0.904680024163099,34.639999225735664
21:06:07.302877,232,0.2612941404641049,2.895425232000466,0.08724191453330335,-0.6958000185841229,52.11999883502722
21:06:07.302877,232,0.26708323059427125,2.959574690551034,-0.029717005458087066,-0.6958000185841229,91.87999794632196
21:06:07.302877,232,0.27276776473579983,3.0225655542432537,-0.030349494932377975,-0.6958000185841229,120.99999729543924
21:06:07.302877,232,0.27809577026427845,3.081605690451414,-0.15483547029689348,-0.6263600167294499,50.99999886006117
21:06:07.302877,232,0.28134865592510966,3.11765122596344,-0.4411306823261391,-0.6263600167294499,12.759999714791775
21:06:07.302877,232,0.277056395351692,2.7613226397940163,0.1945810061929993,-0.904680024163099,5.879999868571758
21:06:07.302877,232,0.2835398974056458,2.82594140083726,0.17061259373039145,-0.904680024163099,40.759999088943005
21:06:07.302877,232,0.29023484497093777,2.8926675641543262,0.08724191453330335,-0.6958000185841229,70.87999841570854
21:06:07.302877,232,0.2966651295286676,2.9567559253236753,-0.029717005458087066,-0.6958000185841229,117.35999737679958
21:06:07.302877,232,0.3029792775702889,3.0196867951063693,-0.030349494932377975,-0.6958000185841229,138.63999690115452
21:06:07.302877,232,0.3088974082096353,3.078670700166354,-0.15483547029689348,-0.6958000185841229,55.75999875366688
21:06:07.302877,232,0.3125105805670507,3.1146819051029673,-0.4411306823261391,-0.974120026017772,12.639999717473984
21:06:07.302877,232,0.311784662918429,2.822964753296736,0.17061259373039145,-0.904680024163099,45.87999897450209
21:06:07.302877,232,0.3191465262364326,2.88962063197525,0.08724191453330335,-0.6958000185841229,95.51999786496162
21:06:07.302877,232,0.3262173621986574,2.9536414869809557,-0.029717005458087066,-0.6958000185841229,147.11999671161175
21:06:07.302877,232,0.33316049273085724,3.016506069819871,-0.030349494932377975,-0.6958000185841229,153.87999656051397
21:06:07.302877,232,0.34203404812472377,3.0968491305683874,-0.5348277145520451,-0.974120026017772,12.639999717473984
21:06:07.302877,232,0.38466072602067025,3.190104901866552,-1.6322022162757865,-0.3480400092958007,5.119999885559082
21:06:07.302877,232,0.3399982502261339,2.8197058116459646,0.17061259373039145,-0.904680024163099,48.51999891549349
21:06:07.302877,232,0.34802629311668504,2.8862847401539033,0.08724191453330335,-0.904680024163099,120.51999730616808
21:06:07.302877,232,0.3557369734057325,2.950231686964102,-0.029717005458087066,-0.6958000185841229,174.3599961027503
21:06:07.302877,232,0.3633083921212747,3.0130236964536214,-0.030349494932377975,-0.6958000185841229,162.9999963566661
21:06:07.302877,232,0.37298492104017344,3.09327400600972,-0.5348277145520451,-0.974120026017772,12.879999712109566
21:06:07.302877,232,0.36867558736628697,2.8199721497104018,0.08534469909777596,-0.904680024163099,47.51999893784523
21:06:07.302877,232,0.37687125765920243,2.882660222276673,0.08724191453330335,-0.904680024163099,131.51999706029892
21:06:07.302877,232,0.3852210112135037,2.9465268662502586,-0.029717005458087066,-0.6958000185841229,186.6399958282709
21:06:07.302877,232,0.39341996097686005,3.009240023242041,-0.030349494932377975,-0.6958000185841229,163.11999635398388
21:06:07.302877,232,0.39998117498820546,3.0594262612635483,-0.27844375243391656,-0.974120026017772,63.35999858379364
21:06:07.302877,232,0.4038984957760062,3.089389556641999,-0.5348277145520451,-0.974120026017772,13.519999697804451
21:06:07.302877,232,0.411979659827515,3.151201779483472,-0.54552849840192,-0.974120026017772,5.519999876618385
21:06:07.302877,232,0.3968564046151714,2.816144457938566,0.08534469909777596,-0.904680024163099,43.239999033510685
21:06:07.302877,232,0.405678535391697,2.87874744079231,0.08724191453330335,-0.904680024163099,119.11999733746052
21:06:07.302877,232,0.4146665272428921,2.9425273953183924,-0.029717005458087066,-0.904680024163099,175.99999606609344
21:06:07.302877,232,0.42349218816595535,3.0051554285492794,-0.030349494932377975,-0.904680024163099,153.87999656051397
21:06:07.302877,232,0.4305549281240156,3.055273546234792,-0.27844375243391656,-0.974120026017772,62.1199986115098
21:06:07.302877,232,0.43477168100064784,3.0851961709069062,-0.5348277145520451,-0.974120026017772,14.51999967545271
21:06:07.302877,232,0.4249975365560808,2.8120351540803052,0.08534469909777596,-0.904680024163099,37.35999916493893
21:06:07.302877,232,0.4344452456105302,2.8745467869756847,0.08724191453330335,-0.904680024163099,93.51999790966511
21:06:07.302877,232,0.44407057696696417,2.9382336741122463,-0.029717005458087066,-0.904680024163099,148.6399966776371
21:06:07.302877,232,0.45352206649103605,3.0007703208313847,-0.030349494932377975,-0.904680024163099,137.75999692082405
21:06:07.302877,232,0.4610856261277326,3.0508153064111236,-0.27844375243391656,-0.974120026017772,59.239998675882816
21:06:07.302877,232,0.4656013894214414,3.080694268139503,-0.5348277145520451,-0.974120026017772,15.519999653100967
21:06:07.302877,232,0.4749170993086399,3.142332516446288,-0.54552849840192,-0.974120026017772,6.359999857842922
21:06:07.302877,232,0.45309616909939804,2.8076446490625613,0.08534469909777596,-0.904680024163099,31.239999301731586
21:06:07.302877,232,0.46328434336815677,2.8707764407664147,0.058166123540360964,-0.904680024163099,68.99999845772982
21:06:07.302877,232,0.47343022000538226,2.933646132000344,-0.029717005458087066,-0.904680024163099,117.5199973732233
21:06:07.302877,232,0.4835065929894289,2.996085138595455,-0.030349494932377975,-0.904680024163099,118.63999734818935
21:06:07.302877,232,0.4915702159551348,3.0460519876127887,-0.27844375243391656,-0.974120026017772,54.9999987706542
21:06:07.302877,232,0.49638453809337424,3.075884298526294,-0.5348277145520451,-0.974120026017772,16.359999634325504
21:06:07.302877,232,0.506316154395282,3.1374263094023047,-0.54552849840192,-0.974120026017772,6.5199998542666435
21:06:07.302877,232,0.48114949240540955,2.8029733819321576,0.08534469909777596,-0.904680024163099,25.879999421536922
21:06:07.302877,232,0.4919684646507382,2.866000137030482,0.058166123540360964,-0.904680024163099,50.639998868107796
21:06:07.302877,232,0.50274252041844,2.928765227733052,-0.029717005458087066,-0.904680024163099,90.51999797672033
21:06:07.302877,232,0.5134427692336049,2.991100350355788,-0.030349494932377975,-0.904680024163099,99.75999777019024
21:06:07.302877,232,0.5220056491727794,3.040984066167678,-0.27844375243391656,-0.974120026017772,49.99999888241291
21:06:07.302877,232,0.527118048727369,3.0707667430602106,-0.5348277145520451,-0.974120026017772,16.8799996227026
21:06:07.302877,232,0.5376645782906765,3.132206362355919,-0.54552849840192,-0.974120026017772,6.5199998542666435
21:06:07.302877,232,0.509154701165288,2.798021819811895,0.08534469909777596,-0.904680024163099,21.239999525249004
21:06:07.302877,232,0.5206033894990262,2.860937235681984,0.058166123540360964,-0.904680024163099,37.75999915599823
21:06:07.302877,232,0.5320045470006541,2.9235914493967092,-0.029717005458087066,-0.904680024163099,69.75999844074249
21:06:07.302877,232,0.5433276016310206,2.985816454587032,-0.030349494932377975,-0.904680024163099,82.99999814480543
21:06:07.302877,232,0.5499535752221126,3.0222290000136813,-0.4016065839851218,-0.974120026017772,44.75999899953604
21:06:07.302877,232,0.557798847998111,3.065342113492513,-0.5348277145520451,-0.974120026017772,16.99999962002039
21:06:07.302877,232,0.5689592361786979,3.126673197297464,-0.54552849840192,-1.0438400278799236,6.359999857842922
21:06:07.302877,232,0.5491862544445262,2.8555882430068134,0.058166123540360964,-0.904680024163099,28.759999357163906
21:06:07.302877,232,0.5612133735738819,2.9181253143648136,-0.029717005458087066,-0.904680024163099,54.239998787641525
21:06:07.302877,232,0.5730721272955602,2.9797869408718167,-0.06069595494068954,-0.904680024163099,68.75999846309423
21:06:07.302877,232,0.5801478633960623,3.016578445858862,-0.4016065839851218,-1.0438400278799236,39.759999111294746
21:06:07.302877,232,0.5884238678513773,3.0596109522816115,-0.5348277145520451,-1.0438400278799236,16.8799996227026
21:06:07.302877,232,0.5778008720739287,2.8503812546320635,-0.029084515983796157,-0.904680024163099,22.519999496638775
21:06:07.302877,232,0.5903660792799373,2.91236736924629,-0.029717005458087066,-0.904680024163099,42.9999990388751
21:06:07.302877,232,0.6022078895540004,2.9707848546767726,-0.1516867825536061,-0.7655200204462744,57.11999872326851
21:06:07.302877,232,0.6102841372697206,3.0106262363867478,-0.4016065839851218,-1.0438400278799236,35.11999921500683
21:06:07.302877,232,0.6189900458108408,3.053573832538827,-0.5348277145520451,-1.0438400278799236,16.359999634325504
21:06:07.302877,232,0.619459748872674,2.9063181898308255,-0.029717005458087066,-0.904680024163099,34.639999225735664
21:06:07.302877,232,0.631885132166233,2.9646143382850387,-0.1516867825536061,-0.7655200204462744,47.63999893516302
21:06:07.302877,232,0.6403593832409485,3.0043729668133006,-0.4016065839851218,-1.0438400278799236,30.879999309778214
21:06:07.302877,232,0.6494943252843134,3.047231357971075,-0.5348277145520451,-1.0438400278799236,15.639999650418758
21:06:07.302877,232,0.6614991867946431,2.9581473629432327,-0.1516867825536061,-0.7655200204462744,39.99999910593033
21:06:07.302877,232,1.5223333111856803,6.807697363659144,0.7704515792935662,-0.06972000186215155,4.999999888241291
21:06:07.302877,232,1.7164806002839246,6.722282937672707,0.4864525154824983,-0.06972000186215155,5.639999873936176
21:06:07.302877,232,1.8999097887463634,6.607133551595408,0.48202863027699605,-0.06972000186215155,5.239999882876873
21:06:07.302877,232,0.1796278153328768,0.10066427127208441,-0.14700189974461886,-4.174800111504737,5.639999873936176
21:06:07.334843,233,0.12284158913412685,3.0694017344430957,-0.4016065839851218,-0.8349600223009475,17.759999603033066
21:06:07.334843,233,0.14185497927504437,2.8347350051778415,0.19900489139850155,-0.8349600223009475,17.519999608397484
21:06:07.334843,233,0.14529900840272608,2.9035581792178733,0.08724191453330335,-0.5566400148672983,25.75999942421913
21:06:07.334843,233,0.14851817379990317,2.9678878269008186,-0.029717005458087066,-0.5566400148672983,34.639999225735664
21:06:07.334843,233,0.1510728656734858,3.01893908021951,-0.2727814036917162,-0.5566400148672983,33.519999250769615
21:06:07.334843,233,0.15352895220013116,3.0680198702517574,-0.4016065839851218,-0.8349600223009475,19.519999563694
21:06:07.334843,233,0.15544401048500123,3.106289113847016,-0.5659572533606999,-0.974120026017772,9.119999796152115
21:06:07.334843,233,0.17019476355022925,2.833174743496388,0.19900489139850155,-0.8349600223009475,22.239999502897263
21:06:07.334843,233,0.17439659704288546,2.903121246428938,-0.029084515983796157,-0.5566400148672983,32.75999926775694
21:06:07.334843,233,0.17797533960188613,2.962695365045367,-0.14852560001768664,-0.5566400148672983,43.359999030828476
21:06:07.334843,233,0.18125419906693238,3.01727743108585,-0.2727814036917162,-0.5566400148672983,40.99999908357859
21:06:07.334843,233,0.18395093715493147,3.062169119181112,-0.43230458010166195,-0.8349600223009475,21.519999518990517
21:06:07.334843,233,0.18649861108152396,3.104579386529648,-0.5659572533606999,-0.974120026017772,8.879999801516533
21:06:07.334843,233,0.19410447737940986,2.7683905828306696,0.1945810061929993,-0.904680024163099,16.759999625384808
21:06:07.334843,233,0.19851752849164842,2.8313311667142207,0.19900489139850155,-0.904680024163099,29.23999934643507
21:06:07.334843,233,0.20341860525038996,2.9012321547172393,-0.029084515983796157,-0.5566400148672983,42.63999904692173
21:06:07.334843,233,0.2075929001176408,2.9607675078243565,-0.14852560001768664,-0.5566400148672983,55.359998762607574
21:06:07.334843,233,0.21141740719232716,3.0153140567369587,-0.2727814036917162,-0.5566400148672983,51.11999885737896
21:06:07.334843,233,0.21456291983355996,3.060176533335798,-0.43230458010166195,-0.8349600223009475,23.519999474287033
21:06:07.334843,233,0.2175345619731872,3.102559203874646,-0.5659572533606999,-0.8349600223009475,8.51999980956316
21:06:07.334843,233,0.221778216050282,2.7663111520813817,0.1945810061929993,-0.904680024163099,20.51999954134226
21:06:07.334843,233,0.2268204418465366,2.8292044591874737,0.19900489139850155,-0.904680024163099,39.11999912559986
21:06:07.334843,233,0.23242027176779376,2.8990529422207234,-0.029084515983796157,-0.7655200204462744,56.759998731315136
21:06:07.334843,233,0.23718970151730526,2.958543576333098,-0.14852560001768664,-0.5566400148672983,72.35999838262796
21:06:07.334843,233,0.24155947375412845,3.0130491535086263,-0.2727814036917162,-0.5566400148672983,64.99999854713678
21:06:07.334843,233,0.24515344639996617,3.057877932400969,-0.43230458010166195,-0.8349600223009475,25.51999942958355
21:06:07.334843,233,0.24854875959090383,3.100228767898583,-0.5659572533606999,-0.8349600223009475,7.759999826550484
21:06:07.334843,233,0.2495921893637991,2.7657547984450854,0.16681987022509412,-0.904680024163099,24.879999443888664
21:06:07.334843,233,0.25510067334727043,2.8267948335851174,0.19900489139850155,-0.904680024163099,53.119998812675476
21:06:07.334843,233,0.2613986964527426,2.896583826858815,-0.029084515983796157,-0.7655200204462744,76.99999827891588
21:06:07.334843,233,0.26676278414553567,2.956023792962876,-0.14852560001768664,-0.5566400148672983,96.75999783724546
21:06:07.334843,233,0.27167738457093304,3.0104829478892783,-0.2727814036917162,-0.5566400148672983,84.11999811977148
21:06:07.334843,233,0.2757194578271221,3.055273546234792,-0.43230458010166195,-0.8349600223009475,27.359999388456345
21:06:07.334843,233,0.27953810254089567,3.0975883116431047,-0.5659572533606999,-0.8349600223009475,6.7599998489022255
21:06:07.334843,233,0.30485661058947017,3.378145108325348,-1.394246002015979,-2.0874000557523686,25.119999438524246
21:06:07.334843,233,0.2772367962683443,2.763120631624377,0.16681987022509412,-0.904680024163099,29.639999337494373
21:06:07.334843,233,0.2839232225042327,2.8297618658793526,0.08534469909777596,-0.7655200204462744,71.11999841034412
21:06:07.334843,233,0.29035098148704624,2.8938250555409804,-0.029084515983796157,-0.7655200204462744,104.11999767273664
21:06:07.334843,233,0.2963091907188456,2.953208409689917,-0.14852560001768664,-0.5566400148672983,130.75999707728624
21:06:07.334843,233,0.3014807171525402,3.0047511759398238,-0.3029944271647227,-0.8349600223009475,109.75999754667282
21:06:07.334843,233,0.3062578975394933,3.052363635273703,-0.43230458010166195,-0.8349600223009475,28.759999357163906
21:06:07.334843,233,0.31049949191483067,3.0946380991516236,-0.5659572533606999,-0.8349600223009475,5.639999873936176
21:06:07.334843,233,0.36593195239809667,3.313225846504031,-1.3701990841272313,-0.13916000371682458,12.359999723732471
21:06:07.334843,233,0.3722219460969687,3.3701767893251655,-1.5550323520330647,-2.226560059469193,23.879999466240406
21:06:07.334843,233,0.38517282503390116,3.4874368059692125,-1.4422447906871954,-2.226560059469193,9.359999790787697
21:06:07.334843,233,0.30485367972553185,2.76021015505545,0.16681987022509412,-0.904680024163099,33.639999248087406
21:06:07.334843,233,0.3122061728637476,2.826781194130164,0.08534469909777596,-0.904680024163099,88.87999801337719
21:06:07.334843,233,0.31927423166645746,2.8907769041420406,-0.029084515983796157,-0.7655200204462744,133.75999701023102
21:06:07.334843,233,0.32564662930422333,2.9484739497793075,-0.17819804074098614,-0.7655200204462744,173.51999612152576
21:06:07.334843,233,0.33151265354143183,3.001586182782111,-0.3029944271647227,-0.8349600223009475,140.35999686270952
21:06:07.334843,233,0.3367657117186936,3.049148490506359,-0.43230458010166195,-0.8349600223009475,29.23999934643507
21:06:07.334843,233,0.3324400780701536,2.7570236597835245,0.16681987022509412,-0.904680024163099,35.999999195337296
21:06:07.334843,233,0.34045790286754274,2.8235178466298416,0.08534469909777596,-0.904680024163099,96.11999785155058
21:06:07.334843,233,0.3481655546901903,2.8874396774745823,-0.029084515983796157,-0.7655200204462744,151.35999661684036
21:06:07.334843,233,0.3543149265590787,2.9384382328646304,-0.26709658531165,-0.8349600223009475,213.23999523371458
21:06:07.334843,233,0.3615114389427109,2.998121033520851,-0.3029944271647227,-0.8349600223009475,167.99999624490738
21:06:07.334843,233,0.36723984960886474,3.0456284334445436,-0.43230458010166195,-0.8349600223009475,28.639999359846115
21:06:07.334843,233,0.36047991707337157,2.757284077144131,0.08344748366224856,-0.904680024163099,35.63999920338392
21:06:07.334843,233,0.36867558736628697,2.8199721497104018,0.08534469909777596,-0.904680024163099,86.75999806076288
21:06:07.334843,233,0.3765697103968153,2.8803537096924585,-0.14536441748176718,-0.7655200204462744,142.87999680638313
21:06:07.334843,233,0.3836811028958036,2.9347482220496937,-0.26709658531165,-0.8349600223009475,225.5199949592352
21:06:07.334843,233,0.3901197475035612,2.983996935818529,-0.3934396327936877,-0.8349600223009475,177.75999602675438
21:06:07.334843,233,0.39581733172449735,3.027577333800526,-0.5241269307021703,-0.8349600223009475,27.239999391138554
21:06:07.334843,233,0.44910843109588106,3.186931606837925,-1.4760353328761004,-0.13916000371682458,8.759999804198742
21:06:07.334843,233,0.3880342738386457,2.7535414750848224,0.08344748366224856,-0.904680024163099,32.75999926775694
21:06:07.334843,233,0.3968564046151714,2.816144457938566,0.08534469909777596,-0.904680024163099,68.63999846577644
21:06:07.334843,233,0.40535393846563694,2.876444058955057,-0.14536441748176718,-0.7655200204462744,115.63999741524458
21:06:07.334843,233,0.4130089114436873,2.9307647388712863,-0.26709658531165,-0.8349600223009475,199.75999553501606
21:06:07.334843,233,0.41993971304051475,2.979946604853527,-0.3934396327936877,-0.8349600223009475,162.2399963736534
21:06:07.334843,233,0.42607280909134265,3.023467848942537,-0.5241269307021703,-0.8349600223009475,25.359999433159828
21:06:07.334843,233,0.41554982750163144,2.7495235211849254,0.08344748366224856,-0.904680024163099,28.519999362528324
21:06:07.334843,233,0.4249975365560808,2.8120351540803052,0.08534469909777596,-0.904680024163099,51.11999885737896
21:06:07.334843,233,0.43409763148021774,2.8722467662216475,-0.14536441748176718,-0.7655200204462744,86.63999806344509
21:06:07.334843,233,0.4422954194464458,2.9264881816743884,-0.26709658531165,-0.8349600223009475,155.99999651312828
21:06:07.334843,233,0.44971768495799,2.9755982817246416,-0.3934396327936877,-0.8349600223009475,132.11999704688787
21:06:07.334843,233,0.456285679534243,3.0190560198327185,-0.5241269307021703,-0.8349600223009475,23.35999947786331
21:06:07.334843,233,0.44302382653001504,2.7452306172364622,0.08344748366224856,-0.904680024163099,23.879999466240406
21:06:07.334843,233,0.45309616909939804,2.8076446490625613,0.08534469909777596,-0.904680024163099,37.87999915331602
21:06:07.334843,233,0.4627979150953381,2.867762251217987,-0.14536441748176718,-0.7655200204462744,63.879998572170734
21:06:07.334843,233,0.47108859521191254,2.919136077027764,-0.29667996340255837,-0.7655200204462744,115.75999741256237
21:06:07.334843,233,0.4794506854837434,2.970952401260542,-0.3934396327936877,-0.8349600223009475,101.51999773085117
21:06:07.334843,233,0.48645292179146643,3.0143422876502837,-0.5241269307021703,-0.8349600223009475,21.519999518990517
21:06:07.334843,233,0.4704535235469113,2.7406631925262324,0.08344748366224856,-0.904680024163099,19.759999558329582
21:06:07.334843,233,0.4812698208862,2.803674364753646,0.05690120784019668,-0.904680024163099,28.519999362528324
21:06:07.334843,233,0.4914519193066812,2.8629909623918177,-0.14536441748176718,-0.7655200204462744,47.63999893516302
21:06:07.334843,233,0.5002559145770767,2.9142793141142853,-0.29667996340255837,-0.7655200204462744,85.35999809205532
21:06:07.334843,233,0.5091357413426325,2.966009428045383,-0.3934396327936877,-0.8349600223009475,77.11999827623367
21:06:07.334843,233,0.5165715191640614,3.0093271237645025,-0.5241269307021703,-0.8349600223009475,19.879999555647373
21:06:07.334843,233,0.5093584377399213,2.7991414390160636,-0.02845202650950525,-0.7655200204462744,21.87999951094389
21:06:07.334843,233,0.5186000852361137,2.8499282259909746,-0.2614117669315837,-0.7655200204462744,36.35999918729067
21:06:07.334843,233,0.5275418131589132,2.8990668272403672,-0.38524027306577974,-0.8349600223009475,64.11999856680632
21:06:07.334843,233,0.5380385842599641,2.956751052704833,-0.42351336365672826,-0.8349600223009475,59.119998678565025
21:06:07.334843,233,0.546638459817524,3.004011029687562,-0.5241269307021703,-0.8349600223009475,18.23999959230423
21:06:07.334843,233,0.5373239172746992,2.7939079837457683,-0.02845202650950525,-0.7655200204462744,17.23999961465597
21:06:07.334843,233,0.5470729620863638,2.8445998164699757,-0.2614117669315837,-0.8349600223009475,28.359999366104603
21:06:07.334843,233,0.5565056207382982,2.893646545022941,-0.38524027306577974,-0.8349600223009475,49.239998899400234
21:06:07.334843,233,0.5675786996329535,2.9512229203410865,-0.42351336365672826,-0.8349600223009475,46.11999896913767
21:06:07.334843,233,0.576650737082979,2.9983945370244154,-0.5241269307021703,-1.0438400278799236,16.759999625384808
21:06:07.334843,233,0.5854137782218503,2.8879369005753124,-0.38524027306577974,-0.8349600223009475,38.6399991363287
21:06:07.334843,233,0.5970620576114976,2.945399668157843,-0.42351336365672826,-0.8349600223009475,36.75999917834997
21:06:07.334843,233,0.6066053497578441,2.9924782074196234,-0.5241269307021703,-1.0438400278799236,15.359999656677246
21:06:07.334843,233,0.6264857098844995,2.9392818784754415,-0.42351336365672826,-1.0438400278799236,29.879999332129955
21:06:07.370952,234,-0.02578328872812069,0.1739684466666819,2.181876902511762,0.974120026017772,4.999999888241291
21:06:07.370952,234,0.17669438680052105,2.7414394439502003,0.8666034364550399,-0.6263600167294499,51.35999885201454
21:06:07.370952,234,0.1802101659991017,2.7880654033027454,0.8144868292607128,-0.5566400148672983,34.11999923735857
21:06:07.370952,234,0.18395093715493147,2.8459395780665258,0.789878153887871,-0.5566400148672983,14.51999967545271
21:06:07.370952,234,0.19410447737940986,2.7244212314295497,1.4714386120680865,-0.8349600223009475,16.639999628067017
21:06:07.370952,234,0.19891534591758853,2.76242522024871,1.3481657271831853,-0.6958000185841229,19.999999552965164
21:06:07.370952,234,0.2031745436164409,2.761389697091495,1.109595541778651,-0.6958000185841229,38.359999142587185
21:06:07.370952,234,0.2060987790357874,2.7395906795600866,0.8670988113803662,-1.0438400278799236,62.35999860614538
21:06:07.370952,234,0.20921653124661704,2.7493541733293787,0.731731121698201,-1.0438400278799236,38.519999139010906
21:06:07.370952,234,0.21355941146689278,2.806424787141488,0.7054046177993498,-0.5566400148672983,14.999999664723873
21:06:07.370952,234,0.2331478191329734,2.816261801466168,-0.33731371452276226,-0.27832000743364915,10.759999759495258
21:06:07.370952,234,0.221778216050282,2.722412655564833,1.471976808348974,-0.8349600223009475,21.119999527931213
21:06:07.370952,234,0.22727497664259005,2.760366861944327,1.3487172626285786,-0.6958000185841229,24.999999441206455
21:06:07.370952,234,0.23214141393558757,2.759287264988216,1.1101588867628658,-0.6958000185841229,47.11999894678593
21:06:07.370952,234,0.23548256156581995,2.737457987728823,0.8676702644342578,-1.0438400278799236,76.359998293221
21:06:07.370952,234,0.23904481593903087,2.747189219275587,0.732311219388565,-1.0438400278799236,43.5199990272522
21:06:07.370952,234,0.24400686648405853,2.8042148933495126,0.7059967570562682,-1.0438400278799236,15.239999659359455
21:06:07.370952,234,0.2837304477729931,2.621882251250733,-0.3626557614315189,-2.574600068764994,13.35999970138073
21:06:07.370952,234,0.2495921893637991,2.71469014851681,1.4453056050673374,-0.8349600223009475,27.119999393820763
21:06:07.370952,234,0.25561188006033847,2.7580346781312333,1.349342169397898,-0.6958000185841229,31.87999928742647
21:06:07.370952,234,0.26108507030782885,2.7569051441937185,1.1107971741060247,-0.6958000185841229,58.23999869823456
21:06:07.370952,234,0.2648427960369834,2.7350415817238045,0.8683177384718883,-1.0438400278799236,93.6399979069829
21:06:07.370952,234,0.2688491963501227,2.744736259171609,0.7329684880674918,-1.0438400278799236,48.99999890476465
21:06:07.370952,234,0.274429921019005,2.8017110151280544,0.7066676692036538,-1.0438400278799236,15.359999656677246
21:06:07.370952,234,0.3151561775425346,2.618989826919751,-0.3618807386678644,-2.574600068764994,14.879999667406082
21:06:07.370952,234,0.3207859532198813,2.6657740129121748,-0.404072070086559,-2.574600068764994,16.99999962002039
21:06:07.370952,234,0.2772367962683443,2.712145738753934,1.445987377608514,-0.904680024163099,35.11999921500683
21:06:07.370952,234,0.2839232225042327,2.7554289020258578,1.3500403850009897,-0.6958000185841229,40.879999086260796
21:06:07.370952,234,0.2891903129917432,2.716388212601843,1.0015125965207345,-0.6958000185841229,71.8799983933568
21:06:07.370952,234,0.2941765464504286,2.732341703183608,0.8690411687463959,-1.0438400278799236,113.75999745726585
21:06:07.370952,234,0.29809915633420675,2.7291817804550993,0.706195695924529,-1.0438400278799236,54.63999877870083
21:06:07.370952,234,0.3042870465645379,2.785833659258615,0.6793391321167022,-1.0438400278799236,14.999999664723873
21:06:07.370952,234,0.34655039195835996,2.6157940030347437,-0.3610244202387247,-2.574600068764994,15.87999964505434
21:06:07.370952,234,0.30485367972553185,2.7093344342691985,1.4467406643748768,-0.904680024163099,44.99999899417162
21:06:07.370952,234,0.3122061728637476,2.752549794203626,1.350811839616879,-0.6958000185841229,52.23999883234501
21:06:07.370952,234,0.31799794343020127,2.713455694138209,1.0022983624748547,-0.6958000185841229,87.35999804735184
21:06:07.370952,234,0.3230418023886468,2.7178971451735006,0.8424258107596083,-1.0438400278799236,134.23999699950218
21:06:07.370952,234,0.32779423927406015,2.7261589223555305,0.7070056683111423,-1.0438400278799236,59.35999867320061
21:06:07.370952,234,0.3345985348504245,2.782748053198495,0.6801659177686719,-1.0438400278799236,14.359999679028988
21:06:07.370952,234,0.37115917722998915,2.565630504097303,-0.3179276046454409,-2.574600068764994,8.51999980956316
21:06:07.370952,234,0.37790995162532975,2.6122950991754212,-0.3600868917752251,-2.574600068764994,16.239999637007713
21:06:07.370952,234,0.33288951261840044,2.6882784435947045,1.3660691541594892,-0.8349600223009475,54.9999987706542
21:06:07.370952,234,0.34059413597464805,2.7210362063415405,1.2414448406052516,-0.6958000185841229,64.63999855518341
21:06:07.370952,234,0.34677377434073536,2.710245066600791,1.0031586475307028,-0.6958000185841229,101.87999772280455
21:06:07.370952,234,0.35227405522115685,2.714635592927916,0.8432997410498846,-1.0438400278799236,150.11999664455652
21:06:07.370952,234,0.35745654306461244,2.722849387709275,0.7078924554469292,-1.0438400278799236,61.87999861687422
21:06:07.370952,234,0.36487656356315296,2.779369819809995,0.6810711126769644,-1.0438400278799236,13.519999697804451
21:06:07.370952,234,0.36047991707337157,2.6849296985668074,1.3669664476853718,-0.8349600223009475,61.11999863386154
21:06:07.370952,234,0.3688231116867911,2.7176099556603317,1.242362901708348,-0.6958000185841229,74.1199983432889
21:06:07.370952,234,0.37551492816436266,2.7067566510496532,1.0040933656604945,-0.6958000185841229,111.11999751627445
21:06:07.370952,234,0.3814710809432802,2.711091846591181,0.8442492850189935,-1.0438400278799236,155.1199965327978
21:06:07.370952,234,0.38708310150033565,2.7192535074670245,0.7088559686539193,-1.0438400278799236,61.23999863117933
21:06:07.370952,234,0.3927836550871742,2.7348538270929534,0.5986076721863836,-1.0438400278799236,12.759999714791775
21:06:07.370952,234,0.3792121430621201,2.620353749151659,1.382305379232126,-0.904680024163099,18.35999958962202
21:06:07.370952,234,0.3880342738386457,2.6813146225801985,1.3679351043765609,-0.8349600223009475,59.75999866425991
21:06:07.370952,234,0.3970152053967658,2.713911209873909,1.2433539776548281,-0.6958000185841229,75.99999830126762
21:06:07.370952,234,0.40421853080978026,2.7029907963234283,1.0051024233931996,-0.6958000185841229,110.87999752163887
21:06:07.370952,234,0.41062995987690604,2.70726626053496,0.8452743477133338,-1.0438400278799236,146.75999671965837
21:06:07.370952,234,0.41420916286949133,2.675379727602625,0.6281399643012775,-1.0438400278799236,57.2399987205863
21:06:07.370952,234,0.42280724433926986,2.730914792788446,0.5996631332472349,-1.0438400278799236,12.359999723732471
21:06:07.370952,234,0.41554982750163144,2.677433577139449,1.3689750273681982,-0.904680024163099,51.879998840391636
21:06:07.370952,234,0.42516759791882053,2.709940338853752,1.2444179693379271,-0.6958000185841229,69.11999845504761
21:06:07.370952,234,0.43288171194077146,2.6989478790044332,1.00618571982389,-0.6958000185841229,101.35999773442745
21:06:07.370952,234,0.4376910807475424,2.6672177113796196,0.7648177869782811,-1.0438400278799236,128.63999712467194
21:06:07.370952,234,0.44358078083480307,2.671236885870712,0.6292500353977135,-1.0438400278799236,51.23999885469675
21:06:07.370952,234,0.45180084552140304,2.7125398062972312,0.573252402503301,-1.0438400278799236,12.359999723732471
21:06:07.370952,234,0.44302382653001504,2.67328695034585,1.3700861126688562,-0.904680024163099,41.75999906659126
21:06:07.370952,234,0.45327747403728913,2.705697739683637,1.2455547703593686,-0.904680024163099,57.51999871432781
21:06:07.370952,234,0.4615016052632374,2.694628303381014,1.0073431466238303,-0.6958000185841229,86.75999806076288
21:06:07.370952,234,0.4666289445880537,2.662850144742284,0.7659880729316442,-1.0438400278799236,107.11999760568142
21:06:07.370952,234,0.4729080410936638,2.666810547970409,0.6304360690635271,-1.0438400278799236,44.87999899685383
21:06:07.370952,234,0.4816715738177087,2.708031443238406,0.5744604147440995,-1.0438400278799236,12.519999720156193
21:06:07.370952,234,0.4704535235469113,2.668875156858608,1.3712682491709356,-0.904680024163099,32.51999927312136
21:06:07.370952,234,0.48134202278811017,2.701183836619925,1.2467642670400025,-0.904680024163099,45.639998979866505
21:06:07.370952,234,0.4900753488118233,2.690032501407112,1.0085745880513106,-0.6958000185841229,71.23999840766191
21:06:07.370952,234,0.49552014592504817,2.6582032828459004,0.7672331958241192,-1.0438400278799236,86.87999805808067
21:06:07.370952,234,0.5010925438405869,2.648262608567637,0.6047088857197775,-1.0438400278799236,38.99999912828207
21:06:07.370952,234,0.5114941353601774,2.703234781331973,0.5757456764282933,-1.0438400278799236,12.519999720156193
21:06:07.370952,234,0.49796067718284026,2.657661447804736,1.345480689324305,-0.904680024163099,25.239999435842037
21:06:07.370952,234,0.5093584377399213,2.696399081049141,1.2480463384311742,-0.904680024163099,35.759999200701714
21:06:07.370952,234,0.5181061588987125,2.6750453084673125,0.9826152844889477,-0.904680024163099,57.759998708963394
21:06:07.370952,234,0.5243617956625974,2.653277590372767,0.7685530311444593,-1.0438400278799236,69.87999843806028
21:06:07.370952,234,0.5302585338702512,2.6432815239602068,0.6060435633177694,-1.0438400278799236,33.87999924272299
21:06:07.370952,234,0.5412655479176404,2.6981503002401053,0.5771080590307909,-1.0438400278799236,12.359999723732471
21:06:07.370952,234,0.5253003815934921,2.6527194353131534,1.346804897580409,-0.904680024163099,19.879999555647373
21:06:07.370952,234,0.5373239172746992,2.6913439514428346,1.2494008563268189,-0.904680024163099,28.11999937146902
21:06:07.370952,234,0.546551917543281,2.6699033620716075,0.9839930648732009,-0.904680024163099,46.63999895751476
21:06:07.370952,234,0.5531510096598912,2.648073559888003,0.7699474469102388,-1.0438400278799236,56.35999874025583
21:06:07.370952,234,0.5593714984907794,2.638018971276367,0.6074536600595304,-1.0438400278799236,29.639999337494373
21:06:07.370952,234,0.5963438951625881,2.643241725275655,0.49825033637840654,-1.0438400278799236,12.11999972909689
21:06:07.370952,234,0.5651508788153862,2.678251752582922,1.223456140654648,-0.904680024163099,22.359999500215054
21:06:07.370952,234,0.5749430214539971,2.6644869124273702,0.9854443981812182,-0.904680024163099,37.99999915063381
21:06:07.370952,234,0.5818849090196492,2.6425917117902977,0.7714163036810489,-0.6263600167294499,45.99999897181988
21:06:07.370952,234,0.5884285264301006,2.632475476766979,0.6089390349365673,-1.0438400278799236,26.119999416172504
21:06:07.370952,234,0.6241031397159243,2.6221981745667233,0.47285334167960547,-1.0438400278799236,11.639999739825726
21:06:07.370952,234,0.610560620376009,2.636832594259868,0.7729594545724434,-0.6263600167294499,37.87999915331602
21:06:07.370952,234,0.6174267120097644,2.6266515947768485,0.6104995394126371,-0.6263600167294499,23.11999948322773
21:06:07.403056,235,0.24992961965657204,2.7694938956249944,0.08344748366224856,-0.904680024163099,19.999999552965164
21:06:07.403056,235,0.26065887661718,2.8883858128688424,-0.648523898932787,-0.974120026017772,57.11999872326851
21:06:07.403056,235,0.2683742637284677,2.9738807515498054,-0.5433547691418661,-0.974120026017772,25.879999421536922
21:06:07.403056,235,0.27761160003752755,2.766856167604379,0.08344748366224856,-0.904680024163099,23.879999466240406
21:06:07.403056,235,0.2895292198704269,2.885634849523161,-0.648523898932787,-0.974120026017772,66.35999851673841
21:06:07.403056,235,0.29809915633420675,2.971048360909507,-0.5433547691418661,-0.974120026017772,27.119999393820763
21:06:07.403056,235,0.3052658194910626,2.7639417562850768,0.08344748366224856,-0.904680024163099,28.11999937146902
21:06:07.403056,235,0.31195636629236784,2.8245193922200054,-0.1422032349458477,-0.4872000130126253,31.119999304413795
21:06:07.403056,235,0.3141316457754873,2.8442148360302815,-0.5207075275285395,-0.974120026017772,64.87999854981899
21:06:07.403056,235,0.3183706104442546,2.8825953251101146,-0.648523898932787,-0.974120026017772,76.99999827891588
21:06:07.403056,235,0.32585755452272436,2.950383711638138,-0.6326758121504856,-0.974120026017772,28.519999362528324
21:06:07.403056,235,0.3329727634374426,2.761441376712728,0.055636292140032385,-0.904680024163099,32.239999279379845
21:06:07.403056,235,0.34018549114475594,2.821258655832855,-0.1422032349458477,-0.974120026017772,38.1199991479516
21:06:07.403056,235,0.3431638253366056,2.8459588600962498,-0.4920668747408852,-0.974120026017772,78.11999825388193
21:06:07.403056,235,0.34718016422376907,2.879267543579598,-0.648523898932787,-0.974120026017772,88.87999801337719
21:06:07.403056,235,0.3553446065102923,2.9469776725253976,-0.6326758121504856,-0.974120026017772,29.999999329447746
21:06:07.403056,235,0.36487656356315296,3.0260290049379464,-0.5546336325540366,-0.974120026017772,6.7599998489022255
21:06:07.403056,235,0.4019214314578313,3.0742671387046805,-1.5749120996390253,-2.2962800613313448,7.639999829232693
21:06:07.403056,235,0.41721719165898985,3.19126327095214,-1.4760353328761004,-0.20888000557897612,6.239999860525131
21:06:07.403056,235,0.3522842467804561,2.69459600457786,0.08155026822672116,-0.904680024163099,18.11999959498644
21:06:07.403056,235,0.3606241619234348,2.758387395274912,-0.02781953703521434,-0.6958000185841229,35.35999920964241
21:06:07.403056,235,0.3683805977330372,2.817715795943774,-0.1422032349458477,-0.974120026017772,46.63999895751476
21:06:07.403056,235,0.3738594021792777,2.859622763699569,-0.37704091333787176,-0.974120026017772,93.87999790161848
21:06:07.403056,235,0.37595500027772893,2.875651837706976,-0.648523898932787,-0.974120026017772,101.23999773710966
21:06:07.403056,235,0.4427779729815177,2.929681041367986,-1.696473056773013,-2.2962800613313448,6.5199998542666435
21:06:07.403056,235,0.38818954447370263,2.7546432956257316,-0.02781953703521434,-0.8349600223009475,36.51999918371439
21:06:07.403056,235,0.39653886657017484,2.8138911668357833,-0.1422032349458477,-0.7655200204462744,55.87999875098467
21:06:07.403056,235,0.4024364597622198,2.8557412521306365,-0.37704091333787176,-0.974120026017772,110.99999751895666
21:06:07.403056,235,0.4055769620288009,2.8780266630508713,-0.6194907231493265,-0.974120026017772,112.7599974796176
21:06:07.403056,235,0.41420916286949133,2.9392818784754415,-0.6326758121504856,-0.974120026017772,33.2399992570281
21:06:07.403056,235,0.4157161083947487,2.750623733954831,-0.02781953703521434,-0.8349600223009475,35.35999920964241
21:06:07.403056,235,0.42442374684926276,2.8082386218940325,-0.17061259373039145,-0.7655200204462744,64.11999856680632
21:06:07.403056,235,0.4309732740363473,2.851574168829034,-0.37704091333787176,-0.974120026017772,127.23999715596437
21:06:07.403056,235,0.4369178823326818,2.8909072144791104,-0.5320311483352028,-0.974120026017772,121.23999729007483
21:06:07.403056,235,0.44358078083480307,2.934992893111183,-0.6326758121504856,-0.974120026017772,34.51999922841787
21:06:07.403056,235,0.44320110105324256,2.74632911221501,-0.02781953703521434,-0.8349600223009475,32.239999279379845
21:06:07.403056,235,0.452484443393563,2.803854044502616,-0.17061259373039145,-0.7655200204462744,68.63999846577644
21:06:07.403056,235,0.46106206079712214,2.857005898892993,-0.29036549964039404,-0.7655200204462744,138.23999691009521
21:06:07.403056,235,0.4658046263047856,2.886393564422999,-0.5320311483352028,-0.974120026017772,124.7599972113967
21:06:07.403056,235,0.4757186980180111,2.94782685892952,-0.5433547691418661,-0.974120026017772,35.35999920964241
21:06:07.403056,235,0.47064177397294527,2.7417598598648443,-0.02781953703521434,-0.904680024163099,28.239999368786812
21:06:07.403056,235,0.47941787388923507,2.7928857050560314,-0.25572694855151745,-0.7655200204462744,67.5199984908104
21:06:07.403056,235,0.48960859007232366,2.8522525061332207,-0.29036549964039404,-0.7655200204462744,139.75999687612057
21:06:07.403056,235,0.49552014592504817,2.886690729518128,-0.50276765859076,-0.974120026017772,122.11999727040529
21:06:07.403056,235,0.5051726889108064,2.9429223612336184,-0.5433547691418661,-0.974120026017772,35.51999920606613
21:06:07.403056,235,0.49796067718284026,2.7365058929576347,-0.055636292140032385,-0.904680024163099,23.999999463558197
21:06:07.403056,235,0.5073222941440785,2.78795196321156,-0.25572694855151745,-0.7655200204462744,61.11999863386154
21:06:07.403056,235,0.5181061588987125,2.8472138905124544,-0.29036549964039404,-0.7655200204462744,130.99999707192183
21:06:07.403056,235,0.5268257537972153,2.8951317762357784,-0.4146872614322511,-0.974120026017772,113.87999745458364
21:06:07.403056,235,0.5345761629579449,2.9377235737671765,-0.5433547691418661,-0.974120026017772,34.99999921768904
21:06:07.403056,235,0.5253003815934921,2.73138954514181,-0.055636292140032385,-0.904680024163099,20.239999547600746
21:06:07.403056,235,0.5351759825945425,2.782739428506515,-0.25572694855151745,-0.7655200204462744,52.11999883502722
21:06:07.403056,235,0.546551917543281,2.841890555888036,-0.29036549964039404,-0.7655200204462744,114.9999974295497
21:06:07.403056,235,0.5557502473259406,2.8897188512433685,-0.4146872614322511,-0.974120026017772,102.11999771744013
21:06:07.403056,235,0.5639261798366557,2.932231016404585,-0.5433547691418661,-0.974120026017772,33.7599992454052
21:06:07.403056,235,0.5629761538951179,2.777248622190002,-0.25572694855151745,-0.7655200204462744,42.87999904155731
21:06:07.403056,235,0.5749430214539971,2.8362830345889662,-0.29036549964039404,-0.7655200204462744,96.51999784260988
21:06:07.403056,235,0.5854137782218503,2.8879369005753124,-0.38524027306577974,-1.1830000315967482,88.99999801069498
21:06:07.403056,235,0.5932198045698409,2.926445238396979,-0.5433547691418661,-0.974120026017772,32.119999282062054
21:06:07.403056,235,0.5907200280519657,2.77148009333805,-0.25572694855151745,-0.7655200204462744,34.759999223053455
21:06:07.403056,235,0.6032766315442554,2.8303918873626785,-0.29036549964039404,-0.7655200204462744,78.9999982342124
21:06:07.403056,235,0.6142633948180403,2.881938464857142,-0.38524027306577974,-1.1830000315967482,76.11999829858541
21:06:07.403056,235,0.622454107819569,2.9203668183173113,-0.5433547691418661,-0.974120026017772,30.119999326765537
21:06:07.403056,235,0.618404830700914,2.765434418798713,-0.25572694855151745,-0.7655200204462744,28.239999368786812
21:06:07.403056,235,0.631549914476785,2.824217703318958,-0.29036549964039404,-0.7655200204462744,64.23999856412411
21:06:07.403056,235,0.6430515855893789,2.875651837706976,-0.38524027306577974,-1.1830000315967482,64.63999855518341
21:06:07.403056,235,0.652779326394193,2.9191531622491778,-0.5134684424406348,-1.1830000315967482,27.87999937683344
21:06:07.403056,235,0.6454125020439727,2.756484362870233,-0.2840510358782297,-0.7655200204462744,22.99999948590994
21:06:07.403056,235,0.6597600429469799,2.817761099871039,-0.29036549964039404,-0.7655200204462744,52.11999883502722
21:06:07.403056,235,0.6717754717409077,2.8690776477822633,-0.38524027306577974,-1.1830000315967482,54.63999877870083
21:06:07.403056,235,0.6819377321482712,2.9124795214918686,-0.5134684424406348,-1.1830000315967482,25.75999942421913
21:06:07.403056,235,0.6879041959656278,2.811022722673855,-0.29036549964039404,-0.7655200204462744,42.75999904423952
21:06:07.403056,235,0.7004321809080766,2.8622165524964878,-0.38524027306577974,-1.1830000315967482,46.35999896377325
21:06:07.403056,235,0.7159795591410055,2.80400324555948,-0.29036549964039404,-0.7655200204462744,35.23999921232462
21:06:07.403056,235,0.7290188474439772,2.85506923795343,-0.38524027306577974,-1.1830000315967482,39.35999912023544
21:06:07.403056,235,0.7439833249603176,2.796703370469746,-0.29036549964039404,-0.7655200204462744,29.35999934375286
21:06:07.403056,235,0.757532612705906,2.847636418878556,-0.38524027306577974,-1.1830000315967482,33.639999248087406
21:06:07.435332,236,-0.08869380562813685,2.9555732624293,-0.29667996340255837,-0.5566400148672983,30.51999931782484
21:06:07.435332,236,-0.059134131604386166,2.9563124082585,-0.29667996340255837,-0.5566400148672983,34.879999220371246
21:06:07.435332,236,-0.029568544217017663,2.9567559253236753,-0.29667996340255837,-0.5566400148672983,39.87999910861254
21:06:07.435332,236,-0.03019787387857276,3.0196867951063697,-0.3029944271647227,-0.5566400148672983,20.999999530613422
21:06:07.435332,236,0.0,2.8967286620784782,-0.2614117669315837,-0.5566400148672983,51.11999885737896
21:06:07.435332,236,0.0,2.946674198725832,-0.38524027306577974,-0.5566400148672983,45.519998982548714
21:06:07.435332,236,0.0,3.0093904915059815,-0.3934396327936877,-0.5566400148672983,22.99999948590994
21:06:07.435332,236,0.028966803187651435,2.896583826858815,-0.2614117669315837,-0.5566400148672983,60.359998650848866
21:06:07.435332,236,0.029466250218747346,2.9465268662502586,-0.38524027306577974,-0.5566400148672983,51.99999883770943
21:06:07.435332,236,0.030093402679868157,3.009240023242041,-0.3934396327936877,-0.5566400148672983,24.879999443888664
21:06:07.435332,236,0.057930709719252516,2.8961493356832264,-0.2614117669315837,-0.5566400148672983,71.8799983933568
21:06:07.435332,236,0.058929553837159664,2.946084883556663,-0.38524027306577974,-0.5566400148672983,58.999998681247234
21:06:07.435332,236,0.0601837960446806,3.0087886334969203,-0.3934396327936877,-0.5566400148672983,26.75999940186739
21:06:07.435332,236,0.08499928632994698,2.83245956381273,-0.25572694855151745,-0.7655200204462744,54.87999877333641
21:06:07.435332,236,0.08680606836693397,2.8926675641543262,-0.29036549964039404,-0.5566400148672983,85.9999980777502
21:06:07.435332,236,0.08838696454955948,2.9453482948429444,-0.38524027306577974,-0.5566400148672983,66.51999851316214
21:06:07.435332,236,0.0902681710803106,3.0080363674092157,-0.3934396327936877,-0.5566400148672983,28.11999937146902
21:06:07.435332,236,0.11331915933205802,2.8314679633432336,-0.25572694855151745,-0.7655200204462744,66.87999850511551
21:06:07.435332,236,0.11572792098604259,2.8916548857911963,-0.29036549964039404,-0.5566400148672983,103.63999768346548
21:06:07.435332,236,0.11783553663955504,2.9443171737673564,-0.38524027306577974,-0.5566400148672983,74.23999834060669
21:06:07.435332,236,0.12034351937445933,3.006983300204905,-0.3934396327936877,-0.5566400148672983,28.999999351799488
21:06:07.435332,236,0.1388682860580327,2.775050926019968,-0.13904205240992823,-0.7655200204462744,28.239999368786812
21:06:07.435332,236,0.14162770051317478,2.8301932184496077,-0.25572694855151745,-0.7655200204462744,82.63999815285206
21:06:07.435332,236,0.14463820091000956,2.8903530443621177,-0.29036549964039404,-0.5566400148672983,125.51999719440937
21:06:07.435332,236,0.14727232527460934,2.942991623441143,-0.38524027306577974,-0.5566400148672983,81.6399981752038
21:06:07.435332,236,0.15040683341749453,3.005629537189827,-0.3934396327936877,-0.5566400148672983,28.879999354481697
21:06:07.435332,236,0.16661138883568513,2.7735235149511936,-0.13904205240992823,-0.7655200204462744,35.759999200701714
21:06:07.435332,236,0.16992207904289597,2.828635456605277,-0.25572694855151745,-0.7655200204462744,103.87999767810106
21:06:07.435332,236,0.17293366669784319,2.878768339097303,-0.37704091333787176,-0.5566400148672983,152.75999658554792
21:06:07.435332,236,0.17669438680052105,2.9413717764182263,-0.38524027306577974,-0.5566400148672983,87.99999803304672
21:06:07.435332,236,0.18045510690319894,3.003975213739149,-0.3934396327936877,-0.5566400148672983,27.759999379515648
21:06:07.435332,236,0.1901476132111046,2.711956307594119,-0.02718704756092343,-0.7655200204462744,17.879999600350857
21:06:07.435332,236,0.1943378306140411,2.7717187538545844,-0.13904205240992823,-0.7655200204462744,46.51999896019697
21:06:07.435332,236,0.19819946550707376,2.826794833585118,-0.25572694855151745,-0.7655200204462744,132.63999703526497
21:06:07.435332,236,0.20171222304217637,2.8768950940800724,-0.37704091333787176,-0.5566400148672983,185.99999584257603
21:06:07.435332,236,0.20581903066991022,2.935467918960832,-0.4146872614322511,-0.5566400148672983,92.51999793201685
21:06:07.435332,236,0.21048533502939842,3.0020204952838303,-0.3934396327936877,-0.5566400148672983,25.63999942690134
21:06:07.435332,236,0.21725721638944104,2.7099192665162772,-0.02718704756092343,-0.7655200204462744,23.35999947786331
21:06:07.435332,236,0.22204483877215217,2.769636823204737,-0.13904205240992823,-0.7655200204462744,62.23999860882759
21:06:07.435332,236,0.22645703219075256,2.824671533449891,-0.25572694855151745,-0.7655200204462744,172.239996150136
21:06:07.435332,236,0.2304706083332001,2.874734161963699,-0.37704091333787176,-0.7655200204462744,225.63999495655298
21:06:07.435332,236,0.2351629290959004,2.9332629908368557,-0.4146872614322511,-0.5566400148672983,94.87999787926674
21:06:07.435332,236,0.24016807934922443,2.9956938427491737,-0.42351336365672826,-0.5566400148672983,22.359999500215054
21:06:07.435332,236,0.24434509402815677,2.707611235782157,-0.02718704756092343,-0.7655200204462744,31.239999301731586
21:06:07.435332,236,0.24972964263241532,2.7672779311929743,-0.13904205240992823,-0.7655200204462744,86.35999806970358
21:06:07.435332,236,0.25469195336093814,2.8222657685278314,-0.25572694855151745,-0.7655200204462744,226.87999492883682
21:06:07.435332,236,0.2592059467564789,2.872285758839584,-0.37704091333787176,-0.7655200204462744,270.8799939453602
21:06:07.435332,236,0.2644833114260007,2.930764738871286,-0.4146872614322511,-0.5566400148672983,94.63999788463116
21:06:07.435332,236,0.27011250952398824,2.9931424185999336,-0.42351336365672826,-0.5566400148672983,18.639999583363533
21:06:07.435332,236,0.27140853736218223,2.705032446192897,-0.02718704756092343,-0.7655200204462744,42.75999904423952
21:06:07.435332,236,0.2773894737376389,2.7646423137065192,-0.13904205240992823,-0.7655200204462744,124.11999722570181
21:06:07.435332,236,0.2829014055491687,2.819577779393416,-0.25572694855151745,-0.7655200204462744,299.5199933052063
21:06:07.435332,236,0.287915364802245,2.869550129545988,-0.37704091333787176,-0.7655200204462744,318.639992877841
21:06:07.435332,236,0.2937772456465427,2.9279734128872263,-0.4146872614322511,-0.5566400148672983,92.23999793827534
21:06:07.435332,236,0.2984448400698577,2.702183155625296,-0.02718704756092343,-0.7655200204462744,58.51999869197607
21:06:07.435332,236,0.30485367972553185,2.76021015505545,-0.16681987022509412,-0.7655200204462744,181.51999594271183
21:06:07.435332,236,0.31108256783385946,2.8166078348433055,-0.25572694855151745,-0.7655200204462744,387.7599913328886
21:06:07.435332,236,0.31659599155274665,2.866527547643549,-0.37704091333787176,-0.7655200204462744,362.51999189704657
21:06:07.435332,236,0.3215309395064129,2.911209617640682,-0.50276765859076,-0.5566400148672983,88.51999802142382
21:06:07.435332,236,0.3784017264109274,3.138197171273986,-1.4496682539226546,-0.27832000743364915,9.63999978452921
21:06:07.435332,236,0.3852842308524777,3.195275811412902,-1.4760353328761004,-0.27832000743364915,14.6399996727705
21:06:07.435332,236,0.39216673529402796,3.2523544515518177,-1.5024024118295463,-0.27832000743364915,13.759999692440033
21:06:07.435332,236,0.32545129854356364,2.6990636490060242,-0.02718704756092343,-0.7655200204462744,76.63999828696251
21:06:07.435332,236,0.3324400780701536,2.7570236597835245,-0.16681987022509412,-0.7655200204462744,254.23999431729317
21:06:07.435332,236,0.339232622122392,2.8133562318694674,-0.25572694855151745,-0.7655200204462744,472.35998944193125
21:06:07.435332,236,0.3447763404090972,2.859331923393626,-0.405861159207774,-0.7655200204462744,394.2399911880493
21:06:07.435332,236,0.3506264734206834,2.907848802644329,-0.50276765859076,-0.904680024163099,84.35999811440706
21:06:07.435332,236,0.4287447198264116,1.2937792317360821,-3.4045612205994304,-0.5566400148672983,7.1199998408555984
21:06:07.435332,236,0.3440885764875407,2.631907932011589,0.07965305279119377,-0.904680024163099,18.879999577999115
21:06:07.435332,236,0.3523723479400554,2.695269883795635,-0.0543713764398681,-0.7655200204462744,88.7599980160594
21:06:07.435332,236,0.3599932326854868,2.753561464455457,-0.16681987022509412,-0.7655200204462744,301.1199932694435
21:06:07.435332,236,0.3673487534329217,2.8098232956294744,-0.25572694855151745,-0.7655200204462744,514.999988488853
21:06:07.435332,236,0.3733519437784236,2.855741252130637,-0.405861159207774,-0.7655200204462744,406.3599909171462
21:06:07.435332,236,0.37968694498136696,2.90419720520391,-0.50276765859076,-0.904680024163099,80.75999819487333
21:06:07.435332,236,0.37930697849641276,2.6916114567582823,-0.0543713764398681,-0.7655200204462744,84.99999810010195
21:06:07.435332,236,0.38751038827915407,2.7498239152878803,-0.16681987022509412,-0.7655200204462744,273.1199938952923
21:06:07.435332,236,0.39505153554837513,2.8033368732286967,-0.2840510358782297,-0.7655200204462744,489.23998906463385
21:06:07.435332,236,0.4018902122661668,2.8518650091349764,-0.405861159207774,-0.7655200204462744,396.51999113708735
21:06:07.435332,236,0.4062036786727041,2.6876838708302886,-0.0543713764398681,-0.7655200204462744,69.11999845504761
21:06:07.435332,236,0.41498879315865006,2.74581138603258,-0.16681987022509412,-0.7655200204462744,202.23999547958374
21:06:07.435332,236,0.4230646840223325,2.7992462581337607,-0.2840510358782297,-0.7655200204462744,413.7599907517433
21:06:07.435332,236,0.4303882920693872,2.8477035820276977,-0.405861159207774,-0.7655200204462744,368.5199917629361
21:06:07.435332,236,0.4376910807475424,2.8960231526590965,-0.50276765859076,-0.904680024163099,76.99999827891588
21:06:07.435332,236,0.43305975882144615,2.6834875187669556,-0.0543713764398681,-0.7655200204462744,51.639998845756054
21:06:07.435332,236,0.44242569950650806,2.741524277939119,-0.16681987022509412,-0.7655200204462744,139.63999687880278
21:06:07.435332,236,0.45103552638233174,2.7948757207582218,-0.2840510358782297,-0.7655200204462744,327.3599926829338
21:06:07.435332,236,0.45884333340398054,2.8432573869480247,-0.405861159207774,-0.7655200204462744,329.8799926266074
21:06:07.435332,236,0.4658046263047856,2.886393564422999,-0.5320311483352028,-0.904680024163099,76.359998293221
21:06:07.435332,236,0.45987253335712375,2.679022820199974,-0.0543713764398681,-0.904680024163099,37.87999915331602
21:06:07.435332,236,0.46981836365508006,2.736963019714715,-0.16681987022509412,-0.8349600223009475,97.23999782651663
21:06:07.435332,236,0.47896126556757046,2.790225698152156,-0.2840510358782297,-0.7655200204462744,252.99999434500933
21:06:07.435332,236,0.48497361636174063,2.8252511102224194,-0.4920668747408852,-0.6958000185841229,287.8799935653806
21:06:07.435332,236,0.49464479020451035,2.8815912774286674,-0.5320311483352028,-0.904680024163099,75.99999830126762
21:06:07.435332,236,0.48663932102474733,2.67429022159546,-0.0543713764398681,-0.904680024163099,28.11999937146902
21:06:07.435332,236,0.49716404636090084,2.73212806748137,-0.16681987022509412,-0.8349600223009475,69.87999843806028
21:06:07.435332,236,0.5068391090275268,2.785296655313929,-0.2840510358782297,-1.1830000315967482,195.63999562710524
21:06:07.435332,236,0.5132014074820105,2.8202601936237164,-0.4920668747408852,-1.1830000315967482,247.35999447107315
21:06:07.435332,236,0.5234354900396285,2.876500833720793,-0.5320311483352028,-0.904680024163099,75.51999831199646
21:06:07.435332,236,0.5133574451679751,2.6692901962093085,-0.0543713764398681,-0.904680024163099,21.359999522566795
21:06:07.435332,236,0.5244600130786098,2.7270199047302555,-0.16681987022509412,-0.8349600223009475,51.99999883770943
21:06:07.435332,236,0.5346662690012104,2.7800890851436937,-0.2840510358782297,-1.1830000315967482,152.9999965801835
21:06:07.435332,236,0.5413778788914926,2.814987253368467,-0.4920668747408852,-1.1830000315967482,210.7599952891469
21:06:07.435332,236,0.5521738467642774,2.871122742339481,-0.5320311483352028,-0.904680024163099,74.35999833792448
21:06:07.435332,236,0.5394572321993207,2.6612261362940615,-0.13588086987400877,-0.7655200204462744,16.759999625384808
21:06:07.435332,236,0.5517035342344041,2.7216390422733685,-0.16681987022509412,-0.8349600223009475,39.99999910593033
21:06:07.435332,236,0.5604941709382416,2.765004615584053,-0.36884155360996373,-1.1830000315967482,121.63999728113413
21:06:07.435332,236,0.5695002129666525,2.8094328167462796,-0.4920668747408852,-1.1830000315967482,179.119995996356
21:06:07.435332,236,0.5808569865668615,2.8654575410893646,-0.5320311483352028,-0.904680024163099,72.35999838262796
21:06:07.435332,236,0.5788918854989925,2.7159860181924445,-0.16681987022509412,-0.8349600223009475,31.63999929279089
21:06:07.435332,236,0.5881157311705323,2.7592615183426545,-0.36884155360996373,-1.1830000315967482,98.23999780416489
21:06:07.435332,236,0.5965099744952937,2.798644774654333,-0.5207075275285395,-1.1830000315967482,152.11999659985304
21:06:07.435332,236,0.6094820411574314,2.8595057964858217,-0.5320311483352028,-0.904680024163099,69.6399984434247
21:06:07.435332,236,0.6156784803224297,2.753242497261134,-0.36884155360996373,-1.1830000315967482,80.63999819755554
21:06:07.435332,236,0.6244661299290124,2.792539843394156,-0.5207075275285395,-1.1830000315967482,129.5199971050024
21:06:07.435332,236,0.6626083391146519,2.82992585314456,-0.6194907231493265,-0.904680024163099,66.11999852210283
21:06:07.435332,236,0.6431796621421108,2.7469481542365557,-0.36884155360996373,-1.1830000315967482,66.9999985024333
21:06:07.435332,236,0.6523598392729164,2.7861556604892326,-0.5207075275285395,-1.1830000315967482,110.63999752700329
21:06:07.435332,236,0.690873995222252,2.823158385228482,-0.6194907231493265,-0.904680024163099,61.99999861419201
21:06:07.435332,236,0.680188313179441,2.7794928643525036,-0.5207075275285395,-1.1830000315967482,94.75999788194895
21:06:07.435332,236,0.7190705645091446,2.8161086038391248,-0.6194907231493265,-1.6004800427472219,57.51999871432781
21:06:07.435332,236,0.7356384301858159,2.7653341252742183,-0.5207075275285395,-1.1830000315967482,81.35999818146229
21:06:07.435332,236,0.7455653043370876,2.8026501799029573,-0.648523898932787,-1.6004800427472219,52.879998818039894
21:06:07.435332,236,0.7632545283204222,2.7578395981947077,-0.5207075275285395,-1.1830000315967482,70.23999843001366
21:06:07.435332,236,0.7735540604507802,2.795054519951524,-0.648523898932787,-1.1830000315967482,48.239998921751976
21:06:07.435332,236,0.7861221046292077,2.733821239256655,-0.6063056341481673,-1.1830000315967482,60.75999864190817
21:06:07.435332,236,0.8014654618065121,2.7871793568897947,-0.648523898932787,-1.1830000315967482,43.63999902456999
21:06:07.435332,236,0.829296717287532,2.779025478227477,-0.648523898932787,-1.1830000315967482,39.35999912023544
21:06:07.469123,237,0.11331915933205802,2.8314679633432336,-0.25572694855151745,-0.6263600167294499,48.63999891281128
21:06:07.469123,237,0.14162770051317478,2.8301932184496077,-0.25572694855151745,-0.6263600167294499,57.51999871432781
21:06:07.469123,237,0.1441378171317242,2.8803537096924585,-0.37704091333787176,-0.6263600167294499,39.35999912023544
21:06:07.469123,237,0.16992207904289597,2.828635456605277,-0.25572694855151745,-0.6263600167294499,68.35999847203493
21:06:07.469123,237,0.17293366669784319,2.878768339097303,-0.37704091333787176,-0.6263600167294499,44.11999901384115
21:06:07.469123,237,0.1943378306140411,2.7717187538545844,-0.13904205240992823,-0.7655200204462744,46.879998952150345
21:06:07.469123,237,0.19819946550707376,2.826794833585118,-0.25572694855151745,-0.6263600167294499,81.87999816983938
21:06:07.469123,237,0.2014384287720817,2.8729901378977303,-0.405861159207774,-0.6263600167294499,49.51999889314175
21:06:07.469123,237,0.21706317853289367,3.095836157118439,-1.4233011749692088,-0.6958000185841229,5.759999871253967
21:06:07.469123,237,0.22496217018616455,3.208494527507441,-1.3221052483497355,-0.6958000185841229,11.639999739825726
21:06:07.469123,237,0.22204483877215217,2.769636823204737,-0.13904205240992823,-0.7655200204462744,56.87999872863293
21:06:07.469123,237,0.22645703219075256,2.824671533449891,-0.25572694855151745,-0.6263600167294499,98.75999779254198
21:06:07.469123,237,0.23015777884257638,2.8708321389245377,-0.405861159207774,-0.6263600167294499,55.359998762607574
21:06:07.469123,237,0.28226499585910714,3.5207822472078187,0.24765014294675136,-0.6958000185841229,10.87999975681305
21:06:07.469123,237,0.24972964263241532,2.7672779311929743,-0.13904205240992823,-0.8349600223009475,69.75999844074249
21:06:07.469123,237,0.25469195336093814,2.8222657685278314,-0.25572694855151745,-0.6263600167294499,119.7599973231554
21:06:07.469123,237,0.25885411332801306,2.868387059142638,-0.405861159207774,-0.8349600223009475,61.87999861687422
21:06:07.469123,237,0.2649883551041174,2.6410447710544314,0.07965305279119377,-0.904680024163099,19.63999956101179
21:06:07.469123,237,0.27140853736218223,2.705032446192897,-0.02718704756092343,-0.904680024163099,29.23999934643507
21:06:07.469123,237,0.2773894737376389,2.7646423137065192,-0.13904205240992823,-0.8349600223009475,86.5199980661273
21:06:07.469123,237,0.2826319639137611,2.8168923503600607,-0.2840510358782297,-0.8349600223009475,145.63999674469233
21:06:07.469123,237,0.2861798134683198,2.8522525061332202,-0.4920668747408852,-0.6263600167294499,68.75999846309423
21:06:07.469123,237,0.29138511274569256,2.6382628805949033,0.07965305279119377,-0.904680024163099,23.879999466240406
21:06:07.469123,237,0.2984448400698577,2.702183155625296,-0.02718704756092343,-0.904680024163099,36.75999917834997
21:06:07.469123,237,0.30485367972553185,2.76021015505545,-0.16681987022509412,-0.8349600223009475,108.51999757438898
21:06:07.469123,237,0.3097111036498031,2.8041903059765545,-0.36884155360996373,-0.6263600167294499,177.23999603837729
21:06:07.469123,237,0.31468755364832235,2.8492481443284,-0.4920668747408852,-0.6263600167294499,75.87999830394983
21:06:07.469123,237,0.31775273212011584,2.6352171660576555,0.07965305279119377,-0.904680024163099,28.879999354481697
21:06:07.469123,237,0.32545129854356364,2.6990636490060242,-0.02718704756092343,-0.904680024163099,46.759998954832554
21:06:07.469123,237,0.33169146990404874,2.750815231371886,-0.2500421301714512,-0.7655200204462744,136.639996945858
21:06:07.469123,237,0.3377370532946561,2.8009530382869157,-0.36884155360996373,-0.6263600167294499,214.51999520510435
21:06:07.469123,237,0.3431638253366056,2.8459588600962498,-0.4920668747408852,-0.6263600167294499,82.99999814480543
21:06:07.469123,237,0.344174628029358,2.6325661338553776,0.05310646073970381,-0.904680024163099,33.99999924004078
21:06:07.469123,237,0.3524252121600785,2.6956742382831296,-0.02718704756092343,-0.904680024163099,59.8799986615777
21:06:07.469123,237,0.3591825787014808,2.7473608324193646,-0.2500421301714512,-0.7655200204462744,171.87999615818262
21:06:07.469123,237,0.36572922951713593,2.7974356776400886,-0.36884155360996373,-0.6263600167294499,256.1199942752719
21:06:07.469123,237,0.3709493247821174,2.8373637981083903,-0.5207075275285395,-0.6263600167294499,89.75999799370766
21:06:07.469123,237,0.3704826414334617,2.6289928178102504,0.05310646073970381,-0.904680024163099,38.359999142587185
21:06:07.469123,237,0.3789087227792506,2.6887853825972363,-0.13588086987400877,-0.7655200204462744,75.99999830126762
21:06:07.469123,237,0.3866377695419662,2.7436316996853427,-0.2500421301714512,-0.7655200204462744,212.3599952533841
21:06:07.469123,237,0.3931504646554276,2.789846627897986,-0.3970350569832969,-0.6263600167294499,298.51999332755804
21:06:07.469123,237,0.3993039419265826,2.833512499766724,-0.5207075275285395,-0.6263600167294499,95.51999786496162
21:06:07.469123,237,0.407987446938395,2.895131776235779,-0.5320311483352028,-0.904680024163099,15.999999642372131
21:06:07.469123,237,0.3872067003382833,2.5619886224987862,0.07775583735566637,-0.904680024163099,14.239999681711197
21:06:07.469123,237,0.39681312934660495,2.625550440516554,-0.026554558086632523,-0.904680024163099,40.759999088943005
21:06:07.469123,237,0.4057771825981922,2.6848619204624735,-0.13588086987400877,-0.7655200204462744,92.87999792397022
21:06:07.469123,237,0.41405429692942286,2.7396282060799697,-0.2500421301714512,-0.7655200204462744,251.99999436736107
21:06:07.469123,237,0.42102880798020426,2.785775697701326,-0.3970350569832969,-0.7655200204462744,335.2399925068021
21:06:07.469123,237,0.4276186290113923,2.8293778525490003,-0.5207075275285395,-0.6263600167294499,99.87999776750803
21:06:07.469123,237,0.4230483550851494,2.621451099024788,-0.026554558086632523,-0.904680024163099,39.99999910593033
21:06:07.469123,237,0.43260506503883456,2.680669974385044,-0.13588086987400877,-0.7655200204462744,105.1199976503849
21:06:07.469123,237,0.44100899196754123,2.7327455426234506,-0.2777365721160654,-0.7655200204462744,279.2399937584996
21:06:07.469123,237,0.44886504877692135,2.781426192268821,-0.3970350569832969,-0.7655200204462744,358.51999198645353
21:06:07.469123,237,0.4558905545915602,2.8249602699164775,-0.5207075275285395,-0.6263600167294499,102.51999770849943
21:06:07.469123,237,0.44924127634261546,2.6170896146193723,-0.026554558086632523,-0.904680024163099,36.63999918103218
21:06:07.469123,237,0.4591368354375445,2.6747369553736093,-0.1630271467197968,-0.7655200204462744,106.75999761372805
21:06:07.469123,237,0.46669378333285133,2.718760536679491,-0.36064219388205576,-0.7655200204462744,283.23999366909266
21:06:07.469123,237,0.47442708679843304,2.763811490926711,-0.4813660908910103,-0.6263600167294499,362.51999189704657
21:06:07.469123,237,0.48411689149821435,2.8202601936237164,-0.5207075275285395,-0.904680024163099,102.9999976977706
21:06:07.469123,237,0.47538927384882207,2.6124664234450954,-0.026554558086632523,-0.904680024163099,31.75999929010868
21:06:07.469123,237,0.4858608019567574,2.670011927916957,-0.1630271467197968,-0.7655200204462744,96.75999783724546
21:06:07.469123,237,0.49385760047382743,2.713957739844436,-0.36064219388205576,-0.7655200204462744,262.9999941214919
21:06:07.469123,237,0.5020410193014235,2.758929109818766,-0.4813660908910103,-0.6263600167294499,347.2399922385812
21:06:07.469123,237,0.5122948171213122,2.8152780936744093,-0.5207075275285395,-0.904680024163099,101.63999772816896
21:06:07.469123,237,0.5014897328259252,2.6075819878171997,-0.026554558086632523,-0.904680024163099,26.75999940186739
21:06:07.469123,237,0.5113820236108997,2.659018652579593,-0.24435731179138498,-0.7655200204462744,80.75999819487333
21:06:07.469123,237,0.5209720322685103,2.7088835495091517,-0.36064219388205576,-0.7655200204462744,227.99999490380287
21:06:07.469123,237,0.5286691806195206,2.748906194209274,-0.5093839067218763,-1.2524400334514212,317.75999289751053
21:06:07.469123,237,0.53722857745489,2.7934122479797434,-0.6063056341481673,-1.2524400334514212,98.5199977979064
21:06:07.469123,237,0.5274609115874732,2.6020464274199084,-0.05310646073970381,-0.904680024163099,22.11999950557947
21:06:07.469123,237,0.5379461974878663,2.653771967868928,-0.24435731179138498,-0.7655200204462744,64.51999855786562
21:06:07.469123,237,0.5472904923476726,2.699868822673845,-0.3882089547588197,-1.1830000315967482,189.5199957638979
21:06:07.469123,237,0.5561313505609027,2.743482146474137,-0.5093839067218763,-1.2524400334514212,280.99999371916056
21:06:07.469123,237,0.5651353725401349,2.7879003824206796,-0.6063056341481673,-1.2524400334514212,94.11999789625406
21:06:07.469123,237,0.564456577195776,2.6482599081848077,-0.24435731179138498,-0.7655200204462744,50.87999886274338
21:06:07.469123,237,0.5742613656997291,2.6942610167771592,-0.3882089547588197,-1.1830000315967482,154.75999654084444
21:06:07.469123,237,0.5835379078331562,2.7377837528228435,-0.5093839067218763,-1.2524400334514212,243.23999456316233
21:06:07.469123,237,0.5916921225306095,2.7760408672554164,-0.6347208749208415,-1.2524400334514212,88.7599980160594
21:06:07.469123,237,0.5903477153115899,2.6399662647063495,-0.2714221083539011,-1.1830000315967482,40.23999910056591
21:06:07.469123,237,0.5983631255448584,2.675810246252788,-0.47066530704113546,-1.1830000315967482,125.87999718636274
21:06:07.469123,237,0.6108861118035147,2.7318115830899856,-0.5093839067218763,-1.2524400334514212,207.87999535351992
21:06:07.469123,237,0.6470909028465284,2.7636526243343695,-0.6347208749208415,-1.2524400334514212,82.99999814480543
21:06:07.469123,237,0.6145838525433138,2.624818660690848,-0.3524428341541478,-1.1830000315967482,32.239999279379845
21:06:07.469123,237,0.6250908635375586,2.669692925466352,-0.47066530704113546,-1.2524400334514212,102.8799977004528
21:06:07.469123,237,0.661465209020312,2.7029835603840624,-0.5931205451470081,-1.2524400334514212,176.63999605178833
21:06:07.469123,237,0.6746946135916352,2.757043641824956,-0.6347208749208415,-1.2524400334514212,76.99999827891588
21:06:07.469123,237,0.6506047403352947,2.658603798737722,-0.498060285915213,-1.2524400334514212,84.87999810278416
21:06:07.469123,237,0.6884615205416484,2.6962338706396127,-0.5931205451470081,-1.2524400334514212,149.87999664992094
21:06:07.469123,237,0.7022308554406423,2.7501589572612137,-0.6347208749208415,-1.2524400334514212,70.87999841570854
21:06:07.469123,237,0.7036431537826852,2.645060868665248,-0.498060285915213,-1.2524400334514212,70.63999842107296
21:06:07.469123,237,0.7138284452477828,2.683348338308704,-0.6209178509088961,-1.2524400334514212,127.35999715328217
21:06:07.469123,237,0.7296968747924352,2.7429992591058308,-0.6347208749208415,-1.2524400334514212,64.99999854713678
21:06:07.469123,237,0.7300581391739434,2.6378923026225465,-0.498060285915213,-1.2524400334514212,59.35999867320061
21:06:07.469123,237,0.7406257896853984,2.676076006693724,-0.6209178509088961,-1.2524400334514212,108.51999757438898
21:06:07.469123,237,0.7570899250680894,2.7355652633226244,-0.6347208749208415,-1.2524400334514212,59.239998675882816
21:06:07.469123,237,0.7673490721645423,2.6685360697200937,-0.6209178509088961,-1.2524400334514212,92.75999792665243
21:06:07.469123,237,0.7844072669855273,2.7278577133049438,-0.6347208749208415,-1.2524400334514212,53.87999879568815
21:06:07.469123,237,0.7939956203793557,2.660729281375193,-0.6209178509088961,-1.2524400334514212,79.63999821990728
21:06:07.469123,237,0.8116461688334438,2.719877379801335,-0.6347208749208415,-1.2524400334514212,48.87999890744686
21:06:07.469123,237,0.8205627696973411,2.6526564223313156,-0.6209178509088961,-1.2524400334514212,68.63999846577644
21:06:07.469123,237,0.847047863425825,2.6443182998676034,-0.6209178509088961,-1.2524400334514212,59.35999867320061
21:06:07.469123,237,0.10105263566556448,0.15092492939290234,-0.17612222061204827,-0.3480400092958007,6.11999986320734
21:06:07.494996,238,0.19658776422540417,3.272530111183245,-1.1597013930878137,-0.13916000371682458,16.359999634325504
21:06:07.494996,238,0.20155612958278438,1.3336146051575166,-3.273798858357183,-0.7655200204462744,9.999999776482582
21:06:07.494996,238,0.25159534559256097,2.7879519632115595,-0.5093839067218763,-0.7655200204462744,45.519998982548714
21:06:07.494996,238,0.29580159443163223,2.948149377870859,-1.696473056773013,-0.13916000371682458,12.639999717473984
21:06:07.494996,238,0.2644583960662898,2.6357628576466605,0.18573323578199485,-0.904680024163099,17.23999961465597
21:06:07.494996,238,0.2794618202833284,2.7852966553139287,-0.5093839067218763,-0.7655200204462744,50.99999886006117
21:06:07.494996,238,0.28444475937300756,2.575423442749817,0.07775583735566637,-0.904680024163099,22.359999500215054
21:06:07.494996,238,0.30241517430645765,2.7381314075496093,-0.3882089547588197,-0.7655200204462744,71.3599984049797
21:06:07.494996,238,0.30730034902620085,2.7823628200842903,-0.5093839067218763,-0.7655200204462744,57.35999871790409
21:06:07.494996,238,0.36652206108711666,2.6008880265989416,-2.0809241020632143,-0.8349600223009475,5.239999882876873
21:06:07.494996,238,0.3101843418709736,2.5724502725335934,0.07775583735566637,-0.904680024163099,24.51999945193529
21:06:07.494996,238,0.32978091078497795,2.7349704008530407,-0.3882089547588197,-0.7655200204462744,83.99999812245369
21:06:07.494996,238,0.3351081479916272,2.7791507509037094,-0.5093839067218763,-0.7655200204462744,64.63999855518341
21:06:07.494996,238,0.33589290619462525,2.5692198594453175,0.07775583735566637,-0.904680024163099,25.879999421536922
21:06:07.494996,238,0.3571136694487105,2.7315358994077465,-0.3882089547588197,-0.8349600223009475,98.75999779254198
21:06:07.494996,238,0.3628824364230082,2.775660768976413,-0.5093839067218763,-0.7655200204462744,72.75999837368727
21:06:07.494996,238,0.3615678815090688,2.5657325265235915,0.07775583735566637,-0.904680024163099,25.879999421536922
21:06:07.494996,238,0.3844107170446883,2.7278282466609953,-0.3882089547588197,-0.8349600223009475,115.23999742418528
21:06:07.494996,238,0.3906204369147702,2.771893223297669,-0.5093839067218763,-0.8349600223009475,81.35999818146229
21:06:07.494996,238,0.3778534633060299,2.500102072397168,0.050576629339375234,-0.904680024163099,8.639999806880951
21:06:07.494996,238,0.3872067003382833,2.5619886224987862,0.07775583735566637,-0.904680024163099,24.759999446570873
21:06:07.494996,238,0.4116693238910213,2.7238478133749546,-0.3882089547588197,-0.8349600223009475,132.51999703794718
21:06:07.494996,238,0.4183193756901028,2.767848490618891,-0.5093839067218763,-0.8349600223009475,89.63999799638987
21:06:07.494996,238,0.4276186290113923,2.8293778525490003,-0.5207075275285395,-0.8349600223009475,18.879999577999115
21:06:07.494996,238,0.4128067988218661,2.557988521758167,0.07775583735566637,-0.904680024163099,22.519999496638775
21:06:07.494996,238,0.4368340956823304,2.7068754823250774,-0.47066530704113546,-0.8349600223009475,148.2399966865778
21:06:07.494996,238,0.4459764828783348,2.763526975409956,-0.5093839067218763,-0.8349600223009475,96.35999784618616
21:06:07.494996,238,0.4558905545915602,2.8249602699164775,-0.5207075275285395,-0.8349600223009475,19.519999563694
21:06:07.494996,238,0.4383656169714165,2.5537326243084566,0.07775583735566637,-0.904680024163099,19.999999552965164
21:06:07.494996,238,0.46388055723512545,2.702371871631003,-0.47066530704113546,-0.8349600223009475,159.35999643802643
21:06:07.494996,238,0.47442708679843304,2.763811490926711,-0.4813660908910103,-0.8349600223009475,100.3599977567792
21:06:07.494996,238,0.48411689149821435,2.8202601936237164,-0.5207075275285395,-0.8349600223009475,19.999999552965164
21:06:07.494996,238,0.4797202429402496,2.6362669422088634,-0.45996452319126063,-0.8349600223009475,54.87999877333641
21:06:07.494996,238,0.4908806311208366,2.6975980260138144,-0.47066530704113546,-0.8349600223009475,162.7599963620305
21:06:07.494996,238,0.5020410193014235,2.758929109818766,-0.4813660908910103,-0.8349600223009475,100.6399977505207
21:06:07.494996,238,0.5122948171213122,2.8152780936744093,-0.5207075275285395,-0.8349600223009475,20.239999547600746
21:06:07.494996,238,0.5178316173546957,2.6925544228540743,-0.47066530704113546,-0.8349600223009475,156.99999649077654
21:06:07.494996,238,0.5296047481230942,2.753770838111271,-0.4813660908910103,-0.8349600223009475,96.99999783188105
21:06:07.494996,238,0.540421513691899,2.8100144682743773,-0.5207075275285395,-0.8349600223009475,20.239999547600746
21:06:07.494996,238,0.5447308208606593,2.687241566507874,-0.47066530704113546,-0.8349600223009475,143.8799967840314
21:06:07.494996,238,0.5571155169136559,2.748337191627077,-0.4813660908910103,-0.8349600223009475,90.23999798297882
21:06:07.494996,238,0.5684941685638821,2.804469843781751,-0.5207075275285395,-0.8349600223009475,19.759999558329582
21:06:07.494996,238,0.5715755517409126,2.681659988256395,-0.47066530704113546,-0.8349600223009475,126.51999717205763
21:06:07.494996,238,0.5845705746192781,2.7426287137262793,-0.4813660908910103,-0.8349600223009475,81.6399981752038
21:06:07.494996,238,0.5965099744952937,2.798644774654333,-0.5207075275285395,-0.8349600223009475,19.119999572634697
21:06:07.494996,238,0.5983631255448584,2.675810246252788,-0.47066530704113546,-0.8349600223009475,108.11999758332968
21:06:07.494996,238,0.611967175757192,2.7366459752518857,-0.4813660908910103,-0.8349600223009475,72.51999837905169
21:06:07.494996,238,0.6244661299290124,2.792539843394156,-0.5207075275285395,-0.8349600223009475,18.11999959498644
21:06:07.494996,238,0.6250908635375586,2.669692925466352,-0.47066530704113546,-0.8349600223009475,91.11999796330929
21:06:07.494996,238,0.6393025806902368,2.730389574472731,-0.4813660908910103,-0.8349600223009475,63.51999858021736
21:06:07.494996,238,0.6506047403352947,2.658603798737722,-0.498060285915213,-0.8349600223009475,76.11999829858541
21:06:07.494996,238,0.6665740559008209,2.7238601370236517,-0.4813660908910103,-0.8349600223009475,55.359998762607574
21:06:07.494996,238,0.6771578046655615,2.6519649308371176,-0.498060285915213,-0.7655200204462744,63.63999857753515
21:06:07.494996,238,0.6937788742642711,2.7170583158429222,-0.4813660908910103,-0.8349600223009475,48.119998924434185
21:06:07.494996,238,0.7300581391739434,2.6378923026225465,-0.498060285915213,-0.7655200204462744,53.35999880731106
21:06:07.494996,238,0.7479776655512662,2.70264027016232,-0.4813660908910103,-0.8349600223009475,41.75999906659126
21:06:07.494996,238,0.7564001193629276,2.630459949559611,-0.498060285915213,-0.7655200204462744,44.99999899417162
21:06:07.494996,238,0.7749662186410902,2.695025487454935,-0.4813660908910103,-0.8349600223009475,36.35999918729067
21:06:07.513710,239,0.16087296036576373,3.2147776163091986,-1.1386083339611985,-0.6958000185841229,11.239999748766422
21:06:07.513710,239,0.173376923092511,3.4646484423182304,0.24322625774124915,-0.7655200204462744,12.879999712109566
21:06:07.513710,239,0.1930121564361139,3.21300817601938,-1.1386083339611985,-0.6958000185841229,13.239999704062939
21:06:07.513710,239,0.2080141605292759,3.4627414710512925,0.24322625774124915,-0.7655200204462744,14.51999967545271
21:06:07.513710,239,0.22176731901805585,3.1629283664031327,-1.2664152459139735,-0.6958000185841229,15.359999656677246
21:06:07.513710,239,0.24263059672426232,3.460488228538337,0.24322625774124915,-0.7655200204462744,15.75999964773655
21:06:07.513710,239,0.24763776054334477,3.531902269834989,-0.03540691076830883,-0.6958000185841229,7.35999983549118
21:06:07.513710,239,0.21115329178109132,2.633783048017191,-0.2651076445917368,-1.0438400278799236,24.119999460875988
21:06:07.513710,239,0.2533849865500086,3.160552585130185,-1.2664152459139735,-0.6958000185841229,17.11999961733818
21:06:07.513710,239,0.2772227700628525,3.457888940101727,0.24322625774124915,-0.7655200204462744,16.239999637007713
21:06:07.513710,239,0.232696501119295,2.5785320694230722,-0.12955850480216982,-0.8349600223009475,17.999999597668648
21:06:07.513710,239,0.2374801251348129,2.6315398622895056,-0.2651076445917368,-1.0438400278799236,30.759999312460423
21:06:07.513710,239,0.24196651903405042,2.681254019956695,-0.3793828525343426,-0.974120026017772,33.7599992454052
21:06:07.513710,239,0.24643771474334147,2.730799765035016,-0.47066530704113546,-0.7655200204462744,28.359999366104603
21:06:07.513710,239,0.28382485042064176,3.1450901727724645,-1.2980583304609876,-0.6958000185841229,18.11999959498644
21:06:07.513710,239,0.25846975675643225,2.576076217723122,-0.12955850480216982,-0.904680024163099,23.35999947786331
21:06:07.513710,239,0.26378321067498206,2.6290335247802976,-0.2651076445917368,-1.0438400278799236,40.3599990978837
21:06:07.513710,239,0.2687665135363129,2.6787003335701676,-0.3793828525343426,-0.974120026017772,43.75999902188778
21:06:07.513710,239,0.273732934869818,2.728198890171092,-0.47066530704113546,-0.7655200204462744,35.11999921500683
21:06:07.513710,239,0.3466656960253056,3.138785057277022,-1.2980583304609876,-0.6958000185841229,17.999999597668648
21:06:07.513710,239,0.3463204941896151,3.4516532997425204,0.24322625774124915,-0.7655200204462744,14.999999664723873
21:06:07.513710,239,0.27761544847325803,2.5135894071085514,-0.025289579138050706,-0.904680024163099,13.639999695122242
21:06:07.513710,239,0.28421716563444005,2.5733627605596374,-0.12955850480216982,-0.904680024163099,31.119999304413795
21:06:07.513710,239,0.29005991811508147,2.6262642861212173,-0.2651076445917368,-1.0438400278799236,54.87999877333641
21:06:07.513710,239,0.29553963161239455,2.6758787793945005,-0.3793828525343426,-0.974120026017772,58.75999868661165
21:06:07.513710,239,0.30100078193214125,2.725325197703837,-0.47066530704113546,-0.7655200204462744,44.75999899953604
21:06:07.513710,239,0.3048183660693246,2.759890417689763,-0.6209178509088961,-0.8349600223009475,22.639999493956566
21:06:07.513710,239,0.3646367175278268,3.0240398909961543,-1.396934096015763,-0.8349600223009475,11.879999734461308
21:06:07.513710,239,0.37803568962872774,3.1351615202335528,-1.2980583304609876,-0.6958000185841229,16.8799996227026
21:06:07.513710,239,0.30273704239693694,2.5106876205374657,-0.025289579138050706,-0.904680024163099,16.119999639689922
21:06:07.513710,239,0.30976556160221264,2.5689772041962047,-0.1554416997092021,-0.904680024163099,42.9999990388751
21:06:07.513710,239,0.31630761980638183,2.6232324232338122,-0.2651076445917368,-1.0438400278799236,77.75999826192856
21:06:07.513710,239,0.3222831959729183,2.6727896395827475,-0.3793828525343426,-0.974120026017772,81.75999817252159
21:06:07.513710,239,0.32823852916845,2.722178975000092,-0.47066530704113546,-0.974120026017772,58.75999868661165
21:06:07.513710,239,0.33312825096323206,2.762730880643456,-0.5931205451470081,-0.8349600223009475,24.759999446570873
21:06:07.513710,239,0.38740544287985423,2.963235421612059,-1.3705670170623172,-0.8349600223009475,5.999999865889549
21:06:07.513710,239,0.40936787997990554,3.131224469664701,-1.2980583304609876,-0.3480400092958007,15.119999662041664
21:06:07.513710,239,0.3278283628700096,2.507534767307783,-0.025289579138050706,-0.904680024163099,18.759999580681324
21:06:07.513710,239,0.33543941676094646,2.5657511524926884,-0.1554416997092021,-0.904680024163099,61.359998628497124
21:06:07.513710,239,0.34133871153071066,2.610874419461649,-0.3442434744262398,-0.974120026017772,114.9999974295497
21:06:07.513710,239,0.34899453228385396,2.669433223046302,-0.3793828525343426,-0.974120026017772,118.35999735444784
21:06:07.513710,239,0.35544345282684037,2.7187605366794907,-0.47066530704113546,-0.974120026017772,79.23999822884798
21:06:07.513710,239,0.3607384424263339,2.759261518342654,-0.5931205451470081,-0.8349600223009475,27.239999391138554
21:06:07.513710,239,0.44065913388605416,3.126974299272225,-1.2980583304609876,-0.3480400092958007,12.999999709427357
21:06:07.513710,239,0.35283396730755967,2.503755539914187,-0.050576629339375234,-0.904680024163099,21.119999527931213
21:06:07.513710,239,0.36026662764024514,2.5564986604993996,-0.2329876750312525,-0.904680024163099,88.51999802142382
21:06:07.513710,239,0.36742995320562993,2.6073305466848566,-0.3442434744262398,-0.974120026017772,174.9999960884452
21:06:07.513710,239,0.3756709694339491,2.6658098654240048,-0.3793828525343426,-1.0438400278799236,176.11999606341124
21:06:07.513710,239,0.3826128324377389,2.7150702245830014,-0.47066530704113546,-0.974120026017772,108.87999756634235
21:06:07.513710,239,0.3906204369147702,2.771893223297669,-0.5093839067218763,-1.0438400278799236,30.35999932140112
21:06:07.513710,239,0.3778534633060299,2.500102072397168,-0.050576629339375234,-0.904680024163099,22.519999496638775
21:06:07.513710,239,0.3858131744123998,2.5527682304855506,-0.2329876750312525,-0.904680024163099,120.75999730080366
21:06:07.513710,239,0.3934844521930618,2.60352594303782,-0.3442434744262398,-0.974120026017772,255.23999429494143
21:06:07.513710,239,0.40230983980183826,2.6619199290485827,-0.3793828525343426,-1.0438400278799236,255.23999429494143
21:06:07.513710,239,0.409743951085947,2.7111084077387417,-0.47066530704113546,-0.974120026017772,146.99999671429396
21:06:07.513710,239,0.4183193756901028,2.767848490618891,-0.5093839067218763,-1.0438400278799236,33.87999924272299
21:06:07.513710,239,0.4028351742747356,2.4961985967674964,-0.050576629339375234,-0.904680024163099,22.639999493956566
21:06:07.513710,239,0.411321140190348,2.5487825257873635,-0.2329876750312525,-0.904680024163099,138.359996907413
21:06:07.513710,239,0.41949960306493594,2.5994609889777167,-0.3442434744262398,-0.904680024163099,302.75999323278666
21:06:07.513710,239,0.42890847952280287,2.6577638029104147,-0.3793828525343426,-1.0438400278799236,316.5199929252267
21:06:07.513710,239,0.4368340956823304,2.7068754823250774,-0.47066530704113546,-0.974120026017772,180.75999595969915
21:06:07.513710,239,0.4459764828783348,2.763526975409956,-0.5093839067218763,-0.974120026017772,37.63999915868044
21:06:07.513710,239,0.42732745536413846,2.4894289647202705,-0.12639732226625036,-0.974120026017772,21.239999525249004
21:06:07.513710,239,0.4367879741988822,2.54454194497197,-0.2329876750312525,-0.904680024163099,123.11999724805355
21:06:07.513710,239,0.4454728043279607,2.595136090996545,-0.3442434744262398,-0.904680024163099,259.63999419659376
21:06:07.513710,239,0.45546422875515497,2.6533419026186325,-0.3793828525343426,-1.0438400278799236,295.23999340087175
21:06:07.513710,239,0.46388055723512545,2.702371871631003,-0.47066530704113546,-0.974120026017772,185.87999584525824
21:06:07.513710,239,0.47358899279191824,2.7589291098187654,-0.5093839067218763,-0.974120026017772,40.3599990978837
21:06:07.513710,239,0.4521999633584248,2.485031291077613,-0.12639732226625036,-0.974120026017772,18.999999575316906
21:06:07.513710,239,0.46177090954278405,2.537627714519825,-0.2587931808295725,-0.904680024163099,91.23999796062708
21:06:07.513710,239,0.4714014586837702,2.5905516815804814,-0.3442434744262398,-0.904680024163099,180.23999597132206
21:06:07.513710,239,0.4819744319462199,2.6486546703595604,-0.3793828525343426,-0.904680024163099,218.11999512463808
21:06:07.513710,239,0.4908806311208366,2.6975980260138144,-0.47066530704113546,-0.974120026017772,157.9999964684248
21:06:07.513710,239,0.501154144202996,2.7540553536280266,-0.5093839067218763,-0.974120026017772,41.23999907821417
21:06:07.513710,239,0.47702725173522875,2.4803851163878083,-0.12639732226625036,-0.974120026017772,16.359999634325504
21:06:07.513710,239,0.48712367483292773,2.5328832021663263,-0.2587931808295725,-0.904680024163099,63.75999857485294
21:06:07.513710,239,0.4972829732886518,2.5857082191666256,-0.3442434744262398,-0.904680024163099,119.51999732851982
21:06:07.513710,239,0.5084364380978887,2.643702574852497,-0.3793828525343426,-0.904680024163099,148.5199966803193
21:06:07.513710,239,0.5178316173546957,2.6925544228540743,-0.47066530704113546,-0.974120026017772,120.11999731510878
21:06:07.513710,239,0.5286691806195206,2.748906194209274,-0.5093839067218763,-0.974120026017772,39.99999910593033
21:06:07.513710,239,0.501806837786513,2.4754909052644347,-0.12639732226625036,-0.904680024163099,13.879999689757824
21:06:07.513710,239,0.5124277281637009,2.5278854036146634,-0.2587931808295725,-0.904680024163099,44.87999899685383
21:06:07.513710,239,0.5231147600128286,2.5806061880971627,-0.3442434744262398,-0.904680024163099,81.35999818146229
21:06:07.513710,239,0.5348476010317164,2.6384861113028455,-0.3793828525343426,-0.904680024163099,101.99999772012234
21:06:07.513710,239,0.5447308208606593,2.687241566507874,-0.47066530704113546,-0.974120026017772,88.3599980250001
21:06:07.513710,239,0.5561313505609027,2.743482146474137,-0.5093839067218763,-0.974120026017772,37.119999170303345
21:06:07.513710,239,0.5358204038755161,2.513907625313679,-0.3360441146983318,-0.904680024163099,32.51999927312136
21:06:07.513710,239,0.5488942356992701,2.575246098570923,-0.3442434744262398,-0.904680024163099,57.879998706281185
21:06:07.513710,239,0.558580528862547,2.6206912627865115,-0.45996452319126063,-0.974120026017772,72.63999837636948
21:06:07.513710,239,0.5715755517409126,2.681659988256395,-0.47066530704113546,-0.974120026017772,65.75999853014946
21:06:07.513710,239,0.5835379078331562,2.7377837528228435,-0.5093839067218763,-0.974120026017772,33.639999248087406
21:06:07.513710,239,0.5609322697885312,2.5084238163694486,-0.3360441146983318,-0.904680024163099,24.35999945551157
21:06:07.513710,239,0.5746188224220058,2.5696284865923698,-0.3442434744262398,-0.904680024163099,42.87999904155731
21:06:07.513710,239,0.5847590753325246,2.6149745172536907,-0.45996452319126063,-0.904680024163099,53.63999880105257
21:06:07.513710,239,0.5983631255448584,2.675810246252788,-0.47066530704113546,-1.0438400278799236,50.23999887704849
21:06:07.513710,239,0.6108861118035147,2.7318115830899856,-0.5093839067218763,-0.974120026017772,29.999999329447746
21:06:07.513710,239,0.5859880429445169,2.5026891671451406,-0.3360441146983318,-0.904680024163099,18.879999577999115
21:06:07.513710,239,0.5994711490647284,2.5602740002024196,-0.3705567503098655,-0.904680024163099,32.99999926239252
21:06:07.513710,239,0.6108791463848805,2.6089962764599726,-0.45996452319126063,-0.904680024163099,41.11999908089638
21:06:07.513710,239,0.6250908635375586,2.669692925466352,-0.47066530704113546,-1.0438400278799236,39.35999912023544
21:06:07.513710,239,0.6381732276744939,2.7255662344875327,-0.5093839067218763,-0.974120026017772,26.6399994045496
21:06:07.513710,239,0.651756092967607,2.66330863762404,-0.47066530704113546,-1.0438400278799236,31.75999929010868
21:06:07.513710,239,0.6653965267573677,2.7190483315451126,-0.5093839067218763,-0.974120026017772,23.639999471604824
21:06:07.513710,239,0.6925532867450356,2.712258526047559,-0.5093839067218763,-0.974120026017772,20.999999530613422
21:06:07.541260,240,0.03218746559972649,3.218639339652358,-1.1386083339611985,-0.3480400092958007,17.519999608397484
21:06:07.541260,240,0.0643717124798597,3.2181565397494123,-1.1386083339611985,-0.3480400092958007,19.879999555647373
21:06:07.541260,240,0.09510653219782605,3.169266688417898,-1.2664152459139735,-0.3480400092958007,22.11999950557947
21:06:07.541260,240,0.12679391487841074,3.168157176961372,-1.2664152459139735,-0.3480400092958007,23.759999468922615
21:06:07.541260,240,0.1336855368939809,2.6714823339728193,-0.48673666510854974,-1.1132800297345966,35.11999921500683
21:06:07.541260,240,0.1343688461959388,2.6851371299307956,-0.7151981137099883,-1.1132800297345966,18.11999959498644
21:06:07.541260,240,0.15846861827373562,3.166730852441435,-1.2664152459139735,-0.3480400092958007,24.35999945551157
21:06:07.541260,240,0.1690599261136741,3.3783804627541976,-1.0463631987535689,-0.3480400092958007,6.8799998462200165
21:06:07.541260,240,0.15693902199020596,2.6125108910325037,-0.4492637393413858,-0.974120026017772,42.51999904960394
21:06:07.541260,240,0.16039323017094292,2.670011927916957,-0.48673666510854974,-1.1132800297345966,41.999999061226845
21:06:07.541260,240,0.16279908602934948,2.710061397785157,-0.6071148268969507,-1.1132800297345966,20.119999550282955
21:06:07.541260,240,0.18264702477626396,3.040463330225491,-1.396934096015763,-0.3480400092958007,14.359999679028988
21:06:07.541260,240,0.19658776422540417,3.272530111183245,-1.1597013930878137,-0.3480400092958007,19.119999572634697
21:06:07.541260,240,0.17680587288483662,2.5216714219672074,0.07585862192013897,-0.974120026017772,13.519999697804451
21:06:07.541260,240,0.18057554326006922,2.5754358693826624,-0.2329876750312525,-0.974120026017772,22.879999488592148
21:06:07.541260,240,0.18391602118076775,2.6230790136453233,-0.3705567503098655,-0.974120026017772,53.51999880373478
21:06:07.541260,240,0.1870848842592654,2.668274522905241,-0.48673666510854974,-1.1132800297345966,51.35999885201454
21:06:07.541260,240,0.1898911078407393,2.708297932159652,-0.6071148268969507,-1.1132800297345966,22.239999502897263
21:06:07.541260,240,0.19696099592530233,2.4567579686441734,0.07396140648461157,-0.904680024163099,14.6399996727705
21:06:07.541260,240,0.20201332604485028,2.5197773102306047,0.07585862192013897,-0.974120026017772,17.23999961465597
21:06:07.541260,240,0.20632044343958467,2.573501373371577,-0.2329876750312525,-0.974120026017772,29.519999340176582
21:06:07.541260,240,0.21013717782928026,2.6211087312752652,-0.3705567503098655,-0.974120026017772,69.11999845504761
21:06:07.541260,240,0.21375783001590187,2.6662702926767174,-0.48673666510854974,-1.1132800297345966,64.11999856680632
21:06:07.541260,240,0.216964140700436,2.7062636390099453,-0.6071148268969507,-1.1132800297345966,24.759999446570873
21:06:07.541260,240,0.22151831763773994,2.4546655546863154,0.07396140648461157,-0.904680024163099,18.519999586045742
21:06:07.541260,240,0.22720057804150637,2.5176312228740514,0.07585862192013897,-0.974120026017772,22.519999496638775
21:06:07.541260,240,0.2320447117476116,2.571309529379236,-0.2329876750312525,-0.974120026017772,39.23999912291765
21:06:07.541260,240,0.23633732093606286,2.6188763402280477,-0.3705567503098655,-0.974120026017772,91.99999794363976
21:06:07.541260,240,0.2404094001686232,2.663999437652729,-0.48673666510854974,-1.1132800297345966,82.23999816179276
21:06:07.541260,240,0.24401547732783535,2.703958721763648,-0.6071148268969507,-1.1132800297345966,27.239999391138554
21:06:07.541260,240,0.24713196060116574,2.7384927694414136,-0.7314584590342719,-1.2524400334514212,6.8799998462200165
21:06:07.541260,240,0.24605348770400204,2.45232767622951,0.07396140648461157,-0.904680024163099,23.519999474287033
21:06:07.541260,240,0.2523651101707072,2.5152333745044837,0.07585862192013897,-0.904680024163099,30.35999932140112
21:06:07.541260,240,0.25774577577887103,2.5688605565882026,-0.2329876750312525,-0.974120026017772,54.359998784959316
21:06:07.541260,240,0.2625138305087555,2.616382063740903,-0.3705567503098655,-0.974120026017772,126.879997164011
21:06:07.541260,240,0.2670369295827429,2.6614621849168767,-0.48673666510854974,-1.1132800297345966,108.11999758332968
21:06:07.541260,240,0.2710424126119383,2.7013834109105526,-0.6071148268969507,-1.1132800297345966,29.519999340176582
21:06:07.541260,240,0.2745040747758237,2.7358845675877754,-0.7314584590342719,-1.2524400334514212,6.239999860525131
21:06:07.541260,240,0.2705640526276375,2.4497445670596436,0.07396140648461157,-0.904680024163099,29.759999334812164
21:06:07.541260,240,0.27761544847325803,2.5135894071085514,-0.025289579138050706,-0.904680024163099,42.35999905318022
21:06:07.541260,240,0.28217155203802907,2.554841339308575,-0.3360441146983318,-1.1132800297345966,78.9999982342124
21:06:07.541260,240,0.2886640889183315,2.6136261512393917,-0.3705567503098655,-0.974120026017772,181.63999594002962
21:06:07.541260,240,0.293637755527628,2.658658788192308,-0.48673666510854974,-1.1132800297345966,145.23999675363302
21:06:07.541260,240,0.29804224388185957,2.6985379639795872,-0.6071148268969507,-1.1132800297345966,31.239999301731586
21:06:07.541260,240,0.30184873877298396,2.733002779569505,-0.7314584590342719,-1.2524400334514212,5.239999882876873
21:06:07.541260,240,0.295121348470839,2.4475284236626202,0.04931171363921095,-0.904680024163099,36.999999172985554
21:06:07.541260,240,0.30273704239693694,2.5106876205374657,-0.025289579138050706,-0.904680024163099,60.11999865621328
21:06:07.541260,240,0.3077054305959308,2.5518919298828773,-0.3360441146983318,-1.1132800297345966,120.23999731242657
21:06:07.541260,240,0.3147854811608587,2.610608878312455,-0.3705567503098655,-0.974120026017772,267.9999940097332
21:06:07.541260,240,0.32020921794297036,2.655589527816346,-0.48673666510854974,-1.1132800297345966,194.23999565839767
21:06:07.541260,240,0.32501227117709275,2.6954226655130618,-0.6071148268969507,-1.1132800297345966,31.63999929279089
21:06:07.541260,240,0.3788190587875757,2.6881491152967834,-1.740043589203576,-0.6958000185841229,7.639999829232693
21:06:07.541260,240,0.3851035285618581,2.5480727936723366,-2.041646737260022,0.06972000186215155,9.119999796152115
21:06:07.541260,240,0.31138374838656846,2.3817511340943494,0.04804679793904666,-0.904680024163099,7.639999829232693
21:06:07.541260,240,0.31958146829726586,2.4444548840346063,0.04931171363921095,-0.904680024163099,43.63999902456999
21:06:07.541260,240,0.3278283628700096,2.507534767307783,-0.025289579138050706,-0.904680024163099,83.8799981251359
21:06:07.541260,240,0.3332085388685689,2.5486873334021687,-0.3360441146983318,-1.1132800297345966,186.3599958345294
21:06:07.541260,240,0.34087539511899745,2.607330546684857,-0.3705567503098655,-0.974120026017772,391.23999125510454
21:06:07.541260,240,0.34674865970478996,2.6522547107124588,-0.48673666510854974,-1.1132800297345966,245.63999450951815
21:06:07.541260,240,0.35271921512347276,2.6979230450854104,-0.5799354561458488,-1.1132800297345966,30.51999931782484
21:06:07.541260,240,0.3440096302446086,2.441136900966155,0.04931171363921095,-0.904680024163099,46.879998952150345
21:06:07.541260,240,0.35288690078145,2.504131162702184,-0.025289579138050706,-0.904680024163099,105.1199976503849
21:06:07.541260,240,0.3586783265664825,2.5452278703234117,-0.3360441146983318,-1.0438400278799236,262.359994135797
21:06:07.541260,240,0.36693122182320986,2.603791484187014,-0.3705567503098655,-0.974120026017772,507.7599886506796
21:06:07.541260,240,0.37391396052843373,2.6533419026186325,-0.45996452319126063,-1.1132800297345966,271.87999392300844
21:06:07.541260,240,0.3819369319029578,2.710273946828615,-0.498060285915213,-1.0438400278799236,28.359999366104603
21:06:07.541260,240,0.36845866077438943,2.4379405003591392,-0.024657089663759797,-0.904680024163099,44.87999899685383
21:06:07.541260,240,0.37745673371616667,2.4974770747033,-0.12639732226625036,-1.0438400278799236,106.35999762266874
21:06:07.541260,240,0.3841122467322404,2.541513886590017,-0.3360441146983318,-1.0438400278799236,274.11999387294054
21:06:07.541260,240,0.39295035571265524,2.599992044722211,-0.3705567503098655,-1.0438400278799236,508.99998862296343
21:06:07.541260,240,0.40042824119874854,2.649470159431957,-0.45996452319126063,-1.1132800297345966,252.63999435305595
21:06:07.541260,240,0.4090201223688133,2.706319128688781,-0.498060285915213,-1.0438400278799236,25.999999418854713
21:06:07.541260,240,0.3928192361330096,2.434134079239454,-0.024657089663759797,-0.904680024163099,38.87999913096428
21:06:07.541260,240,0.4024122149823311,2.493577697552102,-0.12639732226625036,-1.0438400278799236,86.5199980661273
21:06:07.541260,240,0.4089519102686844,2.5341014135520084,-0.3617306480853884,-1.0438400278799236,205.3599954098463
21:06:07.541260,240,0.41893019489574357,2.595932608231212,-0.3705567503098655,-1.0438400278799236,394.6399911791086
21:06:07.541260,240,0.42690247938042264,2.645333471449067,-0.45996452319126063,-1.1132800297345966,204.99999541789293
21:06:07.541260,240,0.4360624111651093,2.7020936809034346,-0.498060285915213,-0.974120026017772,23.999999463558197
21:06:07.541260,240,0.41714052989712075,2.4300842467511647,-0.024657089663759797,-0.904680024163099,31.5199992954731
21:06:07.541260,240,0.42732745536413846,2.4894289647202705,-0.12639732226625036,-0.904680024163099,62.639998599886894
21:06:07.541260,240,0.4342720540654898,2.529885258689894,-0.3617306480853884,-1.0438400278799236,134.1199970021844
21:06:07.541260,240,0.4448681414103224,2.5916135806542635,-0.3705567503098655,-1.0438400278799236,272.6399939060211
21:06:07.541260,240,0.4533340276718179,2.6409322523352943,-0.45996452319126063,-0.8349600223009475,156.63999649882317
21:06:07.541260,240,0.4630610940856222,2.6975980260138144,-0.498060285915213,-0.974120026017772,22.519999496638775
21:06:07.541260,240,0.4414201099577228,2.4257914078741267,-0.024657089663759797,-0.904680024163099,24.879999443888664
21:06:07.541260,240,0.4509333386839028,2.4780706493144837,-0.22730285665118624,-1.0438400278799236,44.23999901115894
21:06:07.541260,240,0.4595487710207222,2.525416117421451,-0.3617306480853884,-1.0438400278799236,87.75999803841114
21:06:07.541260,240,0.46855985475966266,2.5749358584039124,-0.4492637393413858,-0.8349600223009475,186.6399958282709
21:06:07.541260,240,0.4797202429402496,2.6362669422088634,-0.45996452319126063,-0.8349600223009475,118.99999734014273
21:06:07.541260,240,0.49001347128467965,2.692832613581643,-0.498060285915213,-0.974120026017772,20.999999530613422
21:06:07.541260,240,0.46565554837715123,2.421255991888631,-0.024657089663759797,-0.904680024163099,19.63999956101179
21:06:07.541260,240,0.4756910851354355,2.4734374886892105,-0.22730285665118624,-1.0438400278799236,31.75999929010868
21:06:07.541260,240,0.48251222504950037,2.5089051770824855,-0.4385629554915109,-1.0438400278799236,59.99999865889549
21:06:07.541260,240,0.49428535581789884,2.5701215923396816,-0.4492637393413858,-0.8349600223009475,131.6399970576167
21:06:07.541260,240,0.5060584865862974,2.631338007596878,-0.45996452319126063,-0.8349600223009475,91.87999794632196
21:06:07.541260,240,0.5169168475471421,2.68779792014417,-0.498060285915213,-0.974120026017772,19.759999558329582
21:06:07.541260,240,0.4897709443595601,2.4161159775600223,-0.04931171363921095,-0.904680024163099,15.639999650418758
21:06:07.541260,240,0.5004012628769892,2.468556986387317,-0.22730285665118624,-1.0438400278799236,23.639999471604824
21:06:07.541260,240,0.5075767327016693,2.503954691150265,-0.4385629554915109,-1.0438400278799236,42.9999990388751
21:06:07.541260,240,0.519961428754666,2.565050316269468,-0.4492637393413858,-0.8349600223009475,96.23999784886837
21:06:07.541260,240,0.5323461248076625,2.6261459413886707,-0.45996452319126063,-0.8349600223009475,72.63999837636948
21:06:07.541260,240,0.5447308208606593,2.687241566507874,-0.47066530704113546,-0.974120026017772,18.35999958962202
21:06:07.541260,240,0.522746572051762,2.452569152056435,-0.3278447549704238,-1.0438400278799236,17.999999597668648
21:06:07.541260,240,0.5325904831058161,2.4987538118467434,-0.4385629554915109,-1.0438400278799236,32.239999279379845
21:06:07.541260,240,0.5455855059841817,2.5597225373166275,-0.4492637393413858,-0.8349600223009475,72.99999836832285
21:06:07.541260,240,0.5612052796535364,2.633005801352589,-0.3793828525343426,-0.8349600223009475,58.75999868661165
21:06:07.541260,240,0.5715755517409126,2.681659988256395,-0.47066530704113546,-0.974120026017772,17.11999961733818
21:06:07.541260,240,0.5575509749078573,2.493303059255496,-0.4385629554915109,-1.0438400278799236,24.879999443888664
21:06:07.541260,240,0.5711550251201909,2.5541387882545936,-0.4492637393413858,-0.8349600223009475,56.99999872595072
21:06:07.541260,240,0.5875068382175694,2.6272621930281312,-0.3793828525343426,-0.8349600223009475,48.63999891281128
21:06:07.541260,240,0.5966674292322024,2.548299627453593,-0.4492637393413858,-0.8349600223009475,45.639998979866505
21:06:07.541260,240,0.6137496465899945,2.6212558606854937,-0.3793828525343426,-0.8349600223009475,40.879999086260796
21:06:07.580345,241,0.18585066367204428,3.093793224856055,-1.2740114125722397,-0.4872000130126253,5.759999871253967
21:06:07.580345,241,0.19696099592530233,2.4567579686441734,0.07396140648461157,-0.974120026017772,25.119999438524246
21:06:07.580345,241,0.20209416101108832,2.5207855908118306,-0.025289579138050706,-0.974120026017772,36.35999918729067
21:06:07.580345,241,0.20632044343958467,2.573501373371577,-0.2329876750312525,-0.3480400092958007,48.63999891281128
21:06:07.580345,241,0.2685977509591481,2.9763572348172556,-1.3705670170623172,-0.8349600223009475,9.119999796152115
21:06:07.580345,241,0.22151831763773994,2.4546655546863154,0.07396140648461157,-0.974120026017772,31.5199992954731
21:06:07.580345,241,0.22729149160357093,2.518638644705499,-0.025289579138050706,-0.974120026017772,45.639998979866505
21:06:07.580345,241,0.2320447117476116,2.571309529379236,-0.2329876750312525,-0.3480400092958007,58.999998681247234
21:06:07.580345,241,0.23523197393995085,2.6066278849929856,-0.4492637393413858,-0.974120026017772,57.51999871432781
21:06:07.580345,241,0.24611502209785666,2.4529409676666596,0.04931171363921095,-0.974120026017772,39.99999910593033
21:06:07.580345,241,0.2524660932373182,2.516239836844813,-0.025289579138050706,-0.974120026017772,58.11999870091677
21:06:07.580345,241,0.25774577577887103,2.5688605565882026,-0.2329876750312525,-0.974120026017772,72.63999837636948
21:06:07.580345,241,0.2625138305087555,2.616382063740903,-0.3705567503098655,-0.974120026017772,67.99999848008156
21:06:07.580345,241,0.31559746914346726,2.857486713048327,-1.4603318663655032,-0.6263600167294499,9.759999781847
21:06:07.580345,241,0.27067231794105806,2.4507248242696362,-0.024657089663759797,-0.974120026017772,50.87999886274338
21:06:07.580345,241,0.27761544847325803,2.5135894071085514,-0.025289579138050706,-0.974120026017772,75.35999831557274
21:06:07.580345,241,0.2834210654484921,2.566154699893703,-0.2329876750312525,-0.974120026017772,90.35999798029661
21:06:07.580345,241,0.2886640889183315,2.6136261512393917,-0.3705567503098655,-0.974120026017772,80.51999820023775
21:06:07.580345,241,0.2912661216943946,2.6371855102694117,-0.5933118028850053,-0.974120026017772,20.63999953866005
21:06:07.580345,241,0.3450160264567824,2.639001927852743,-1.7059118611784168,-0.6263600167294499,6.7599998489022255
21:06:07.580345,241,0.29516562368139476,2.4478956110479464,-0.024657089663759797,-0.974120026017772,63.75999857485294
21:06:07.580345,241,0.30237381850631323,2.507675297636865,-0.12639732226625036,-0.974120026017772,98.63999779522419
21:06:07.580345,241,0.3090680132490188,2.563192229879141,-0.2329876750312525,-0.974120026017772,113.23999746888876
21:06:07.580345,241,0.31521333627061215,2.614157206983887,-0.3442434744262398,-0.974120026017772,95.51999786496162
21:06:07.580345,241,0.31762297349486734,2.634141039490883,-0.5933118028850053,-0.974120026017772,22.519999496638775
21:06:07.580345,241,0.31962941310665327,2.4448216103160005,-0.024657089663759797,-0.974120026017772,76.359998293221
21:06:07.580345,241,0.3274350344141468,2.504526227200353,-0.12639732226625036,-0.974120026017772,127.75999714434147
21:06:07.580345,241,0.334684054507158,2.559973442789036,-0.2329876750312525,-0.974120026017772,141.6399968340993
21:06:07.580345,241,0.34133871153071066,2.610874419461649,-0.3442434744262398,-0.974120026017772,112.6399974822998
21:06:07.580345,241,0.3446999878206117,2.636584571828167,-0.5667503671446896,-1.1830000315967482,24.639999449253082
21:06:07.580345,241,0.33523557893532374,2.3788750962404097,-0.02402460018946889,-0.904680024163099,19.239999569952488
21:06:07.580345,241,0.3440096302446086,2.441136900966155,-0.04931171363921095,-0.974120026017772,83.63999813050032
21:06:07.580345,241,0.3524635070928643,2.5011267062394156,-0.12639732226625036,-0.974120026017772,157.51999647915363
21:06:07.580345,241,0.36026662764024514,2.5564986604993996,-0.2329876750312525,-0.974120026017772,173.75999611616135
21:06:07.580345,241,0.36742995320562993,2.6073305466848566,-0.3442434744262398,-0.974120026017772,130.99999707192183
21:06:07.580345,241,0.37325342689114543,2.6486546703595604,-0.48673666510854974,-0.974120026017772,26.87999939918518
21:06:07.580345,241,0.3680165840888248,2.435015459450242,-0.12323613973033089,-0.974120026017772,81.2399981841445
21:06:07.580345,241,0.37724897839619914,2.49610244258677,-0.15164897620390475,-0.974120026017772,175.51999607682228
21:06:07.580345,241,0.3858131744123998,2.5527682304855506,-0.2329876750312525,-0.974120026017772,203.7599954456091
21:06:07.580345,241,0.3934844521930618,2.60352594303782,-0.3442434744262398,-0.974120026017772,148.3599966838956
21:06:07.580345,241,0.39972086904752374,2.6447897667586715,-0.48673666510854974,-0.974120026017772,29.35999934375286
21:06:07.580345,241,0.4017639695530293,2.6583081285152055,-0.7151981137099883,-0.974120026017772,5.239999882876873
21:06:07.580345,241,0.39234793163016324,2.4312136052744546,-0.12323613973033089,-0.974120026017772,70.75999841839075
21:06:07.580345,241,0.40219072395828864,2.49220521168513,-0.15164897620390475,-0.974120026017772,169.9999962002039
21:06:07.580345,241,0.411321140190348,2.5487825257873635,-0.2329876750312525,-0.974120026017772,221.11999505758286
21:06:07.580345,241,0.41949960306493594,2.5994609889777167,-0.3442434744262398,-0.974120026017772,161.63999638706446
21:06:07.580345,241,0.42690247938042264,2.645333471449067,-0.45996452319126063,-0.974120026017772,31.63999929279089
21:06:07.580345,241,0.416640044707048,2.4271686317750127,-0.12323613973033089,-0.974120026017772,57.2399987205863
21:06:07.580345,241,0.426130499276294,2.4824560049509548,-0.22730285665118624,-0.974120026017772,144.63999676704407
21:06:07.580345,241,0.4367879741988822,2.54454194497197,-0.2329876750312525,-0.974120026017772,217.51999513804913
21:06:07.580345,241,0.44701929205331115,2.6041452742089626,-0.2651076445917368,-0.974120026017772,167.2399962618947
21:06:07.580345,241,0.45546422875515497,2.6533419026186325,-0.3793828525343426,-0.974120026017772,33.359999254345894
21:06:07.580345,241,0.4406478243401837,2.4215473696593057,-0.14785625269860742,-0.974120026017772,44.87999899685383
21:06:07.580345,241,0.4509333386839028,2.4780706493144837,-0.22730285665118624,-0.974120026017772,113.75999745726585
21:06:07.580345,241,0.462211129775938,2.540046912093899,-0.2329876750312525,-0.974120026017772,194.63999564945698
21:06:07.580345,241,0.4730379594139697,2.599544949718351,-0.2651076445917368,-0.974120026017772,163.63999634236097
21:06:07.580345,241,0.4819744319462199,2.6486546703595604,-0.3793828525343426,-0.974120026017772,34.23999923467636
21:06:07.580345,241,0.4637941056436141,2.41157710072575,-0.22161803827112,-1.0438400278799236,34.879999220371246
21:06:07.580345,241,0.4756910851354355,2.4734374886892105,-0.22730285665118624,-0.974120026017772,86.75999806076288
21:06:07.580345,241,0.4875880646272569,2.5352978766526717,-0.2329876750312525,-0.974120026017772,162.63999636471272
21:06:07.580345,241,0.4990093233749984,2.5946846729106685,-0.2651076445917368,-0.974120026017772,151.63999661058187
21:06:07.580345,241,0.5084364380978887,2.643702574852497,-0.3793828525343426,-0.974120026017772,34.35999923199415
21:06:07.580345,241,0.4878862846733633,2.40681865922678,-0.22161803827112,-1.0438400278799236,27.359999388456345
21:06:07.580345,241,0.4999246695056417,2.466205877419803,-0.25247871706740815,-0.974120026017772,66.23999851942062
21:06:07.580345,241,0.5124277281637009,2.5278854036146634,-0.2587931808295725,-0.974120026017772,130.87999707460403
21:06:07.580345,241,0.5249307868217602,2.5895649298095242,-0.2651076445917368,-0.974120026017772,134.5199969932437
21:06:07.580345,241,0.5348476010317164,2.6384861113028455,-0.3793828525343426,-1.1132800297345966,33.519999250769615
21:06:07.580345,241,0.5119296754833966,2.4018195378783225,-0.22161803827112,-1.0438400278799236,21.7599995136261
21:06:07.580345,241,0.5245613206723129,2.4610834048960677,-0.25247871706740815,-0.974120026017772,51.11999885737896
21:06:07.580345,241,0.5376805391509699,2.522634818640503,-0.2587931808295725,-0.974120026017772,103.87999767810106
21:06:07.580345,241,0.550799757629627,2.584186232384938,-0.2651076445917368,-1.1132800297345966,115.99999740719795
21:06:07.580345,241,0.5619680675230242,2.636584571828167,-0.3524428341541478,-1.1132800297345966,32.119999282062054
21:06:07.580345,241,0.5472457171550565,2.447219146146527,-0.3278447549704238,-1.0438400278799236,40.23999910056591
21:06:07.580345,241,0.5628795825347932,2.517131972297944,-0.2587931808295725,-0.974120026017772,82.63999815285206
21:06:07.580345,241,0.5766136489231914,2.578549118502147,-0.2651076445917368,-1.1132800297345966,98.23999780416489
21:06:07.580345,241,0.5716901381451184,2.441624420372287,-0.3278447549704238,-1.0438400278799236,32.239999279379845
21:06:07.580345,241,0.5880223384319438,2.5113774148670105,-0.2587931808295725,-0.974120026017772,66.23999851942062
21:06:07.580345,241,0.602369879334951,2.572654151867816,-0.2651076445917368,-1.1132800297345966,82.63999815285206
21:06:07.580345,241,0.613106292587897,2.5053717217986247,-0.2587931808295725,-1.1132800297345966,53.75999879837036
21:06:07.580345,241,0.6258930449739707,2.5576229680001425,-0.3442434744262398,-1.1132800297345966,69.35999844968319
21:06:07.580345,241,0.6359212946198872,2.4904696667232367,-0.3360441146983318,-1.1132800297345966,43.99999901652336
21:06:07.580345,241,0.6514375534239022,2.551236261928269,-0.3442434744262398,-1.1132800297345966,58.51999869197607
21:06:07.580345,241,0.6769169186642662,2.5445944343676303,-0.3442434744262398,-1.1132800297345966,49.51999889314175
21:06:07.619537,242,0.10278764023012923,2.5683204151420638,-0.3360441146983318,-0.974120026017772,45.519998982548714
21:06:07.619537,242,0.12588575857932308,2.5156167821664384,-0.22730285665118624,-1.0438400278799236,44.11999901384115
21:06:07.619537,242,0.1282909039570739,2.563679598358689,-0.3617306480853884,-0.974120026017772,54.119998790323734
21:06:07.619537,242,0.13080650219474046,2.613949630610786,-0.4492637393413858,-0.974120026017772,27.639999382197857
21:06:07.619537,242,0.1465016262929711,2.9275904905879284,-1.4889769246838838,-1.1132800297345966,18.519999586045742
21:06:07.619537,242,0.15223376662019833,3.042137748098552,-1.396934096015763,-1.1132800297345966,16.8799996227026
21:06:07.619537,242,0.15089136301687317,2.511837554772843,-0.25247871706740815,-1.0438400278799236,53.63999880105257
21:06:07.619537,242,0.153920857598409,2.562268527823511,-0.3617306480853884,-0.974120026017772,65.11999854445457
21:06:07.619537,242,0.15666178306903497,2.607895788352544,-0.47541304430188647,-0.974120026017772,31.5199992954731
21:06:07.619537,242,0.17576971759526178,2.925979120476398,-1.4889769246838838,-1.1132800297345966,20.75999953597784
21:06:07.619537,242,0.18264702477626396,3.040463330225491,-1.396934096015763,-1.1132800297345966,19.519999563694
21:06:07.619537,242,0.17224604810804167,2.4566374972382965,-0.12323613973033089,-1.0438400278799236,32.99999926239252
21:06:07.619537,242,0.17600177486074856,2.510203075499305,-0.25247871706740815,-1.0438400278799236,65.87999852746725
21:06:07.619537,242,0.17953541928293926,2.560601232582221,-0.3617306480853884,-0.974120026017772,78.9999982342124
21:06:07.619537,242,0.18273247269902684,2.6061988029700665,-0.47541304430188647,-0.974120026017772,36.11999919265509
21:06:07.619537,242,0.18597954316677778,2.6525097352374267,-0.5667503671446896,-0.974120026017772,10.519999764859676
21:06:07.619537,242,0.23425024469940303,2.9218787842663194,-1.4889769246838838,-1.1132800297345966,22.519999496638775
21:06:07.619537,242,0.21304201838287376,3.0384848685667096,-1.396934096015763,-1.1132800297345966,21.87999951094389
21:06:07.619537,242,0.22496217018616455,3.208494527507441,-1.3221052483497355,-0.6958000185841229,6.359999857842922
21:06:07.619537,242,0.1968034008635637,2.4547922346574698,-0.12323613973033089,-1.0438400278799236,41.35999907553196
21:06:07.619537,242,0.20039888893748084,2.4996399159725615,-0.3278447549704238,-1.0438400278799236,81.75999817252159
21:06:07.619537,242,0.2051320275759562,2.5586778793629477,-0.3617306480853884,-0.974120026017772,96.63999783992767
21:06:07.619537,242,0.20878488923484229,2.604241199890767,-0.47541304430188647,-0.974120026017772,41.63999906927347
21:06:07.619537,242,0.2124948989443027,2.6505173464681375,-0.5667503671446896,-0.974120026017772,10.99999975413084
21:06:07.619537,242,0.26345683249753815,2.919390228197957,-1.4889769246838838,-1.2524400334514212,23.35999947786331
21:06:07.619537,242,0.27376505618252767,3.0336166356543606,-1.396934096015763,-1.1132800297345966,23.759999468922615
21:06:07.619537,242,0.2154043995138625,2.386916646230821,0.16803769495998594,-0.904680024163099,23.639999471604824
21:06:07.619537,242,0.2213410734438814,2.4527014949098045,-0.12323613973033089,-1.0438400278799236,52.23999883234501
21:06:07.619537,242,0.225384851073452,2.4975109795789265,-0.3278447549704238,-0.974120026017772,102.63999770581722
21:06:07.619537,242,0.22962910353825555,2.5445419449719697,-0.4385629554915109,-0.974120026017772,118.99999734014273
21:06:07.619537,242,0.23481642745665432,2.6020231748733145,-0.47541304430188647,-0.974120026017772,48.239998921751976
21:06:07.619537,242,0.23898900540996157,2.6482599081848073,-0.5667503671446896,-0.974120026017772,11.519999742507935
21:06:07.619537,242,0.27101875304566303,2.7011476044209726,-1.740043589203576,-0.8349600223009475,13.239999704062939
21:06:07.619537,242,0.2926370748331478,2.9166097355526426,-1.4889769246838838,-1.2524400334514212,23.11999948322773
21:06:07.619537,242,0.3040870281226656,3.0307273512200053,-1.396934096015763,-0.974120026017772,24.35999945551157
21:06:07.619537,242,0.23974186523729693,2.389421977954536,0.07206419104908417,-0.904680024163099,28.639999359846115
21:06:07.619537,242,0.24516796089372211,2.4435019451855955,-0.22161803827112,-1.0438400278799236,65.99999852478504
21:06:07.619537,242,0.2500084644536406,2.491745524082374,-0.35290454586091125,-0.974120026017772,129.6399971023202
21:06:07.619537,242,0.25506261697206534,2.542118466227898,-0.4385629554915109,-0.974120026017772,147.35999670624733
21:06:07.619537,242,0.26082448423245014,2.599544949718351,-0.47541304430188647,-0.974120026017772,56.11999874562025
21:06:07.619537,242,0.26545921317530463,2.6457376461293727,-0.5667503671446896,-0.974120026017772,11.879999734461308
21:06:07.619537,242,0.3186091969427484,2.6423200815469,-1.7059118611784168,-1.0438400278799236,6.7599998489022255
21:06:07.619537,242,0.3217880537064458,2.9135375843773104,-1.4889769246838838,-1.2524400334514212,21.7599995136261
21:06:07.619537,242,0.3343785916147556,3.0275349965896736,-1.396934096015763,-0.974120026017772,23.759999468922615
21:06:07.619537,242,0.33416922283240286,3.0256393270352766,-1.546267041320645,-1.0438400278799236,13.879999689757824
21:06:07.619537,242,0.2636236992549525,2.386905129214557,0.07206419104908417,-0.904680024163099,34.11999923735857
21:06:07.619537,242,0.2695903142558084,2.4409281324189016,-0.22161803827112,-1.0438400278799236,82.11999816447496
21:06:07.619537,242,0.27491300353020537,2.489120894929174,-0.35290454586091125,-0.974120026017772,163.35999634861946
21:06:07.619537,242,0.28047062435786957,2.539440777766992,-0.4385629554915109,-0.974120026017772,182.23999592661858
21:06:07.619537,242,0.2868064587783416,2.5968067722463166,-0.47541304430188647,-0.904680024163099,65.35999853909016
21:06:07.619537,242,0.2912661216943946,2.6371855102694117,-0.5933118028850053,-0.974120026017772,12.23999972641468
21:06:07.619537,242,0.3415595896054293,2.832654459819368,-1.6336177176262645,-1.2524400334514212,19.759999558329582
21:06:07.619537,242,0.35765762843930804,2.966160245880914,-1.5176219830022644,-1.1132800297345966,22.11999950557947
21:06:07.619537,242,0.28747917112354676,2.3841495919614073,0.07206419104908417,-0.904680024163099,39.35999912023544
21:06:07.619537,242,0.2926896192465682,2.4273613756808583,-0.31964539524251584,-0.974120026017772,98.23999780416489
21:06:07.619537,242,0.2983879368321387,2.4746192048077758,-0.4278621716416361,-0.974120026017772,202.51999547332525
21:06:07.619537,242,0.3053102878943135,2.5320283047289833,-0.4640894234952232,-0.974120026017772,222.99999501556158
21:06:07.619537,242,0.31091189541617176,2.5784840887615137,-0.5535652781435304,-0.974120026017772,75.63999830931425
21:06:07.619537,242,0.31762297349486734,2.634141039490883,-0.5933118028850053,-1.1830000315967482,12.759999714791775
21:06:07.619537,242,0.3873008531459936,2.9624354225159983,-1.5176219830022644,-0.974120026017772,19.759999558329582
21:06:07.619537,242,0.3113058953158789,2.3811556417465045,0.07206419104908417,-0.904680024163099,43.239999033510685
21:06:07.619537,242,0.3169481935442854,2.4243131612832083,-0.31964539524251584,-0.974120026017772,109.35999755561352
21:06:07.619537,242,0.32311879662080495,2.471511645313599,-0.4278621716416361,-0.974120026017772,240.75999461859465
21:06:07.619537,242,0.3306148829865717,2.528848652448504,-0.4640894234952232,-0.904680024163099,265.8799940571189
21:06:07.619537,242,0.3366807605177506,2.575246098570923,-0.5535652781435304,-0.904680024163099,86.23999807238579
21:06:07.619537,242,0.3439480632640954,2.6308331568152914,-0.5933118028850053,-1.1830000315967482,13.119999706745148
21:06:07.619537,242,0.33518529318165763,2.3785182620181233,0.04804679793904666,-0.904680024163099,44.359999008476734
21:06:07.619537,242,0.3407119789909922,2.417736340476042,-0.34407844363643414,-0.974120026017772,110.75999752432108
21:06:07.619537,242,0.34781734480051824,2.468156936725525,-0.4278621716416361,-0.974120026017772,267.11999402940273
21:06:07.619537,242,0.35588641686752065,2.525416117421451,-0.4640894234952232,-0.904680024163099,302.5199932381511
21:06:07.619537,242,0.36241595782534897,2.571750585928018,-0.5535652781435304,-0.904680024163099,95.51999786496162
21:06:07.619537,242,0.37023875851515703,2.6272621930281317,-0.5933118028850053,-1.1830000315967482,13.639999695122242
21:06:07.619537,242,0.34954060000176235,2.312767417308491,0.04678688190568144,-0.904680024163099,14.239999681711197
21:06:07.619537,242,0.3590071712503176,2.3754038536400004,-0.02402460018946889,-0.904680024163099,42.51999904960394
21:06:07.619537,242,0.36316540164995464,2.402917166204818,-0.41716138779176126,-0.974120026017772,101.99999772012234
21:06:07.619537,242,0.37182310908365523,2.4602016809683422,-0.45276580268855987,-0.974120026017772,270.8799939453602
21:06:07.619537,242,0.37887060267512956,2.5068320682594614,-0.5403801891423712,-0.904680024163099,322.2399927973747
21:06:07.619537,242,0.38726828446807154,2.562396099538068,-0.5795087788730598,-0.904680024163099,101.23999773710966
21:06:07.619537,242,0.3964924302005534,2.6234285052227917,-0.5933118028850053,-0.904680024163099,14.119999684393406
21:06:07.619537,242,0.38274286314896305,2.371695072644343,-0.02402460018946889,-0.904680024163099,38.239999145269394
21:06:07.619537,242,0.38717601417279157,2.399165427945025,-0.41716138779176126,-0.974120026017772,87.51999804377556
21:06:07.619537,242,0.39640612431220756,2.4563605028773496,-0.45276580268855987,-0.974120026017772,250.87999439239502
21:06:07.619537,242,0.4039195616227512,2.502918084908875,-0.5403801891423712,-0.904680024163099,318.2399928867817
21:06:07.619537,242,0.41287245457486293,2.558395362592748,-0.5795087788730598,-0.904680024163099,101.87999772280455
21:06:07.619537,242,0.42270645297511156,2.61933247676484,-0.5933118028850053,-0.904680024163099,14.51999967545271
21:06:07.619537,242,0.4064402810819558,2.3677491241284288,-0.02402460018946889,-0.904680024163099,33.11999925971031
21:06:07.619537,242,0.410421600554142,2.3909426069890594,-0.4414421818818966,-0.974120026017772,71.99999839067459
21:06:07.619537,242,0.41846243152518564,2.4377850863768598,-0.527195100141212,-0.6958000185841229,216.75999515503645
21:06:07.619537,242,0.4289281289526146,2.498753811846744,-0.5403801891423712,-0.904680024163099,292.6399934589863
21:06:07.619537,242,0.4384353377821017,2.5541387882545936,-0.5795087788730598,-0.904680024163099,97.51999782025814
21:06:07.619537,242,0.44887820545851587,2.6149745172536907,-0.5933118028850053,-0.7655200204462744,14.6399996727705
21:06:07.619537,242,0.43009705532735637,2.3635664026838037,-0.02402460018946889,-0.904680024163099,27.87999937683344
21:06:07.619537,242,0.434310106693098,2.3867189133497253,-0.4414421818818966,-0.974120026017772,58.35999869555235
21:06:07.619537,242,0.44281895260232895,2.433478643665397,-0.527195100141212,-0.6958000185841229,179.8799959793687
21:06:07.619537,242,0.4529036851483225,2.488898541873303,-0.5657057548611145,-0.904680024163099,254.99999430030584
21:06:07.619537,242,0.46395437782288373,2.5496268021774737,-0.5795087788730598,-0.904680024163099,89.63999799638987
21:06:07.619537,242,0.475005070497445,2.6103550624816445,-0.5933118028850053,-0.7655200204462744,14.51999967545271
21:06:07.619537,242,0.4554482946052588,2.3681816229864374,-0.5140100111400527,-0.974120026017772,47.35999894142151
21:06:07.619537,242,0.46611219758918654,2.4236304178880315,-0.5519027308491691,-0.6958000185841229,146.63999672234058
21:06:07.619537,242,0.4777696102018857,2.4842451367221234,-0.5657057548611145,-0.904680024163099,214.99999519437551
21:06:07.619537,242,0.4894270228145848,2.544859855556215,-0.5795087788730598,-0.904680024163099,80.35999820381403
21:06:07.619537,242,0.501084435427284,2.605474574390307,-0.5933118028850053,-0.7655200204462744,14.239999681711197
21:06:07.619537,242,0.49032479187536226,2.4188481931956622,-0.5519027308491691,-0.6958000185841229,119.23999733477831
21:06:07.619537,242,0.5025877586947045,2.479343309138575,-0.5657057548611145,-0.904680024163099,178.35999601334333
21:06:07.619537,242,0.5148507255140469,2.5398384250814874,-0.5795087788730598,-0.7655200204462744,70.99999841302633
21:06:07.619537,242,0.5271136923333891,2.6003335410244,-0.5933118028850053,-0.7655200204462744,13.759999692440033
21:06:07.619537,242,0.5144883540931448,2.413824085710486,-0.5519027308491691,-0.6958000185841229,97.51999782025814
21:06:07.619537,242,0.5273556488327222,2.4741935493013076,-0.5657057548611145,-0.8349600223009475,147.23999670892954
21:06:07.619537,242,0.5402229435722997,2.5345630128921295,-0.5795087788730598,-0.7655200204462744,62.35999860614538
21:06:07.619537,242,0.5748671765830593,2.5707390974914643,-0.6726295314515103,-0.7655200204462744,13.119999706745148
21:06:07.619537,242,0.5586314685037006,2.385852307882275,-0.6256846289805498,-0.6958000185841229,80.51999820023775
21:06:07.619537,242,0.5726027774728026,2.4455222005171318,-0.6413329298042033,-0.7655200204462744,121.87999727576971
21:06:07.619537,242,0.5865740864419047,2.5051920931519893,-0.6569812306278567,-0.7655200204462744,54.87999877333641
21:06:07.619537,242,0.5809452952879779,2.373950377483344,-0.6501567324128542,-0.6958000185841229,67.11999849975109
21:06:07.619537,242,0.5970289614473788,2.4396739932181077,-0.6413329298042033,-0.7655200204462744,101.35999773442745
21:06:07.619537,242,0.6100040457244862,2.4926948309240884,-0.6826774230614212,-0.7655200204462744,48.239998921751976
21:06:07.619537,242,0.6197777169685861,2.427246291766138,-0.6664170777371378,-0.7655200204462744,84.99999810010195
21:06:07.619537,242,0.6349000780827776,2.486470258572661,-0.6826774230614212,-0.7655200204462744,42.63999904692173
21:06:07.619537,242,0.6440187861784935,2.420927256732932,-0.6664170777371378,-0.7655200204462744,71.8799983933568
21:06:07.619537,242,0.6597326209651806,2.4799970412785424,-0.6826774230614212,-0.7655200204462744,37.87999915331602
21:06:07.658895,243,0.07366206493913251,2.454665554686316,-0.22161803827112,-0.904680024163099,46.11999896913767
21:06:07.658895,243,0.07572211736552363,2.523313368674271,-0.15164897620390475,-0.904680024163099,47.23999894410372
21:06:07.658895,243,0.09820462775609247,2.4538062140808634,-0.22161803827112,-0.904680024163099,56.519998736679554
21:06:07.658895,243,0.10095104386401645,2.522429995526413,-0.15164897620390475,-0.904680024163099,57.6399987116456
21:06:07.658895,243,0.11958898180578241,2.3897862076531706,-0.21593321989105377,-0.6958000185841229,30.999999307096004
21:06:07.658895,243,0.12273737019255275,2.4527014949098045,-0.22161803827112,-0.904680024163099,70.51999842375517
21:06:07.658895,243,0.12588575857932308,2.5156167821664384,-0.22730285665118624,-0.6263600167294499,71.3599984049797
21:06:07.658895,243,0.12846527641729824,2.5671641409490373,-0.3360441146983318,-0.7655200204462744,32.87999926507473
21:06:07.658895,243,0.16424507989550033,3.2821637970512505,0.09861770827122851,-0.6958000185841229,22.519999496638775
21:06:07.658895,243,0.14348046565347775,2.388470849483939,-0.21593321989105377,-0.904680024163099,39.11999912559986
21:06:07.658895,243,0.14725783899482323,2.45135150764413,-0.22161803827112,-0.904680024163099,89.63999799638987
21:06:07.658895,243,0.15103521233616868,2.514232165804321,-0.22730285665118624,-0.904680024163099,89.75999799370766
21:06:07.658895,243,0.15413006618445385,2.5657511524926884,-0.3360441146983318,-0.7655200204462744,38.239999145269394
21:06:07.658895,243,0.1995590155070261,2.846185243675445,-1.6336177176262645,-1.2524400334514212,24.639999449253082
21:06:07.658895,243,0.19981543027173668,1.657128322334077,2.9784398075181855,-0.6958000185841229,5.119999885559082
21:06:07.658895,243,0.16735760157481583,2.3869166462308216,-0.21593321989105377,-0.904680024163099,50.75999886542559
21:06:07.658895,243,0.17176358213656695,2.449756387281435,-0.22161803827112,-0.904680024163099,116.51999739557505
21:06:07.658895,243,0.1761695626983181,2.5125961283320493,-0.22730285665118624,-0.904680024163099,114.8799974322319
21:06:07.658895,243,0.17977944307412128,2.5640815910706785,-0.3360441146983318,-0.904680024163099,44.75999899953604
21:06:07.658895,243,0.2323968978567325,2.898761391896314,-1.6650453871996387,-1.6004800427472219,16.639999628067017
21:06:07.658895,243,0.1867267794059849,2.329103288241367,-0.11692626945112404,-0.904680024163099,18.879999577999115
21:06:07.658895,243,0.19121800187620877,2.3851237533128415,-0.21593321989105377,-0.904680024163099,67.63999848812819
21:06:07.658895,243,0.19625214906400074,2.4479162933324203,-0.22161803827112,-0.904680024163099,155.3599965274334
21:06:07.658895,243,0.2012862962517927,2.5107088333519987,-0.22730285665118624,-0.904680024163099,149.99999664723873
21:06:07.658895,243,0.20541084217010072,2.5621556236377514,-0.3360441146983318,-0.904680024163099,53.119998812675476
21:06:07.658895,243,0.25643901379974327,2.841625111478888,-1.6336177176262645,-1.6004800427472219,25.999999418854713
21:06:07.658895,243,0.21000808732513862,2.3271195974212664,-0.11692626945112404,-0.904680024163099,23.519999474287033
21:06:07.658895,243,0.2150592805376167,2.3830923500177894,-0.21593321989105377,-0.904680024163099,92.63999792933464
21:06:07.658895,243,0.22051087122996232,2.4435019451855955,-0.24616425330524383,-0.904680024163099,212.51999524980783
21:06:07.658895,243,0.22638290134427994,2.508570469592087,-0.22730285665118624,-0.904680024163099,199.99999552965164
21:06:07.658895,243,0.2310217003539565,2.559973442789036,-0.3360441146983318,-0.904680024163099,63.75999857485294
21:06:07.658895,243,0.2329198778016056,2.581007327693518,-0.5795087788730598,-0.7655200204462744,11.239999748766422
21:06:07.658895,243,0.27936215603567344,2.7843033371734887,-1.6021900480528903,-1.2524400334514212,23.23999948054552
21:06:07.658895,243,0.23326839461150475,2.324903196591086,-0.11692626945112404,-0.904680024163099,29.35999934375286
21:06:07.658895,243,0.23887905345114768,2.380822639484292,-0.21593321989105377,-0.904680024163099,129.5199971050024
21:06:07.658895,243,0.24493445743620298,2.441174699200534,-0.24616425330524383,-0.904680024163099,296.6399933695793
21:06:07.658895,243,0.2512173751824627,2.5037943077271216,-0.25247871706740815,-0.904680024163099,270.8799939453602
21:06:07.658895,243,0.25660945656132705,2.55753526674079,-0.3360441146983318,-0.904680024163099,77.35999827086926
21:06:07.658895,243,0.2587178744396126,2.578549118502147,-0.5795087788730598,-0.7655200204462744,11.639999739825726
21:06:07.658895,243,0.3186091969427484,2.6423200815469,-1.7059118611784168,-0.6958000185841229,14.6399996727705
21:06:07.658895,243,0.2565053752538422,2.3224543073890525,-0.11692626945112404,-0.904680024163099,36.23999918997288
21:06:07.658895,243,0.26242476116418123,2.376049688347289,-0.2398497895430795,-0.904680024163099,180.35999596863985
21:06:07.658895,243,0.26933355040190626,2.4386033377907705,-0.24616425330524383,-0.904680024163099,413.7599907517433
21:06:07.658895,243,0.27624233963963135,2.501156987234253,-0.25247871706740815,-0.904680024163099,368.2399917691946
21:06:07.658895,243,0.28217155203802907,2.554841339308575,-0.3360441146983318,-0.904680024163099,94.51999788731337
21:06:07.658895,243,0.2844899995069296,2.575833056559236,-0.5795087788730598,-1.1830000315967482,12.11999972909689
21:06:07.658895,243,0.3381129774497784,2.586201019371387,-1.6717801331532574,-0.6958000185841229,6.7599998489022255
21:06:07.658895,243,0.2797167055735547,2.3197731747020347,-0.11692626945112404,-0.904680024163099,42.9999990388751
21:06:07.658895,243,0.2861717403821625,2.3733066830424527,-0.2398497895430795,-0.904680024163099,234.239994764328
21:06:07.658895,243,0.29370571023821734,2.4357881180902927,-0.24616425330524383,-0.904680024163099,547.8799877539277
21:06:07.658895,243,0.30123968009427216,2.4982695531381323,-0.25247871706740815,-0.904680024163099,487.7599890977144
21:06:07.658895,243,0.3077054305959308,2.5518919298828773,-0.3360441146983318,-0.904680024163099,115.51999741792679
21:06:07.658895,243,0.31023367581264194,2.5728594134687044,-0.5795087788730598,-1.1830000315967482,12.759999714791775
21:06:07.658895,243,0.3029000644570567,2.316860066641054,-0.11692626945112404,-0.904680024163099,47.75999893248081
21:06:07.658895,243,0.30989010266586037,2.370326349057671,-0.2398497895430795,-0.904680024163099,257.63999424129725
21:06:07.658895,243,0.3169481935442854,2.4243131612832083,-0.31964539524251584,-0.8349600223009475,632.3599858656526
21:06:07.658895,243,0.3250783662064271,2.4865002473426885,-0.3278447549704238,-0.904680024163099,596.519986666739
21:06:07.658895,243,0.3327562579541408,2.5452278703234117,-0.3617306480853884,-0.904680024163099,138.7599968984723
21:06:07.658895,243,0.33594632901068705,2.5696284865923698,-0.5795087788730598,-1.1830000315967482,14.119999684393406
21:06:07.658895,243,0.32605313358788296,2.313715274514477,-0.11692626945112404,-0.904680024163099,48.35999891906977
21:06:07.658895,243,0.3335774761989179,2.3671089844238447,-0.2398497895430795,-0.904680024163099,228.87999488413334
21:06:07.658895,243,0.3411750732881875,2.4210225176005222,-0.31964539524251584,-0.8349600223009475,597.9999866336584
21:06:07.658895,243,0.349926699927335,2.4831251939619667,-0.3278447549704238,-0.904680024163099,633.9999858289957
21:06:07.658895,243,0.35819147421247066,2.5417731029500232,-0.3617306480853884,-0.6958000185841229,159.87999642640352
21:06:07.658895,243,0.36162538785728715,2.5661405990202124,-0.5795087788730598,-1.1830000315967482,16.119999639689922
21:06:07.658895,243,0.34009052821287095,2.2502401511641175,-0.045521966205517156,-0.904680024163099,9.759999781847
21:06:07.658895,243,0.34917359767851797,2.310339112798881,-0.11692626945112404,-0.904680024163099,44.87999899685383
21:06:07.658895,243,0.357231492263827,2.3636549108747418,-0.2398497895430795,-0.7655200204462744,175.11999608576298
21:06:07.658895,243,0.3653678358105976,2.41748977369441,-0.31964539524251584,-0.8349600223009475,479.23998928815126
21:06:07.658895,243,0.374740041271419,2.4795018301422136,-0.3278447549704238,-0.904680024163099,575.6399871334434
21:06:07.658895,243,0.3835908716234723,2.5380641603958396,-0.3617306480853884,-0.6958000185841229,171.75999616086483
21:06:07.658895,243,0.38726828446807154,2.562396099538068,-0.5795087788730598,-0.6958000185841229,18.879999577999115
21:06:07.658895,243,0.3722591447019231,2.306731919107609,-0.11692626945112404,-0.904680024163099,38.75999913364649
21:06:07.658895,243,0.38084978547879866,2.359964473814824,-0.2398497895430795,-0.7655200204462744,126.75999716669321
21:06:07.658895,243,0.38952406185553223,2.4137152828363035,-0.31964539524251584,-0.8349600223009475,355.35999205708504
21:06:07.658895,243,0.3995159089253335,2.4756305182167746,-0.3278447549704238,-0.904680024163099,466.759989567101
21:06:07.658895,243,0.4089519102686844,2.5341014135520084,-0.3617306480853884,-0.6958000185841229,169.23999621719122
21:06:07.658895,243,0.41287245457486293,2.558395362592748,-0.5795087788730598,-0.6958000185841229,21.87999951094389
21:06:07.658895,243,0.395307466122737,2.3028940541570075,-0.11692626945112404,-0.904680024163099,31.999999284744263
21:06:07.658895,243,0.4030308463181794,2.3478871996306534,-0.3114460355146078,-0.7655200204462744,91.87999794632196
21:06:07.658895,243,0.4136413358206248,2.409699422472126,-0.31964539524251584,-0.7655200204462744,259.99999418854713
21:06:07.658895,243,0.4236759667206572,2.468156936725525,-0.35290454586091125,-0.6263600167294499,359.5199919641018
21:06:07.658895,243,0.4342720540654898,2.529885258689894,-0.3617306480853884,-0.6958000185841229,154.11999655514956
21:06:07.658895,243,0.4393938263800437,2.5597225373166275,-0.5535652781435304,-0.6958000185841229,24.35999945551157
21:06:07.658895,243,0.41831625712812764,2.298825901730358,-0.11692626945112404,-0.904680024163099,25.999999418854713
21:06:07.658895,243,0.42648917510365575,2.3437395650525725,-0.3114460355146078,-0.7655200204462744,68.11999847739935
21:06:07.658895,243,0.43771724599868433,2.40544259418455,-0.31964539524251584,-0.7655200204462744,193.23999568074942
21:06:07.658895,243,0.4483359405579733,2.4637968409523965,-0.35290454586091125,-0.6263600167294499,274.23999387025833
21:06:07.658895,243,0.4595487710207222,2.525416117421451,-0.3617306480853884,-0.6958000185841229,132.99999702721834
21:06:07.658895,243,0.4649686550555495,2.5552006873283757,-0.5535652781435304,-0.6958000185841229,25.51999942958355
21:06:07.658895,243,0.44128321685827115,2.294527868639493,-0.11692626945112404,-0.7655200204462744,21.119999527931213
21:06:07.658895,243,0.44990485532893465,2.3393575584815736,-0.3114460355146078,-0.7655200204462744,51.99999883770943
21:06:07.658895,243,0.46112262886983696,2.397686298461626,-0.34407844363643414,-0.7655200204462744,147.11999671161175
21:06:07.658895,243,0.47295108117684986,2.4591903675593434,-0.35290454586091125,-0.6263600167294499,211.51999527215958
21:06:07.658895,243,0.4847795334838628,2.5206944366570614,-0.3617306480853884,-0.6958000185841229,111.87999749928713
21:06:07.658895,243,0.49049698725510077,2.55042331941214,-0.5535652781435304,-0.6958000185841229,25.51999942958355
21:06:07.658895,243,0.4732755454456113,2.3347416181146423,-0.3114460355146078,-0.7655200204462744,40.759999088943005
21:06:07.658895,243,0.4850760357678913,2.3929552658188475,-0.34407844363643414,-0.7655200204462744,114.75999743491411
21:06:07.658895,243,0.4975189270838476,2.454337977189847,-0.35290454586091125,-0.6263600167294499,165.99999628961086
21:06:07.658895,243,0.5099618183998038,2.5157206885608465,-0.3617306480853884,-0.6958000185841229,93.35999791324139
21:06:07.658895,243,0.5159762701668654,2.5453909113007103,-0.5535652781435304,-0.6958000185841229,24.51999945193529
21:06:07.658895,243,0.49659890840425397,2.329892205541948,-0.3114460355146078,-0.7655200204462744,32.75999926775694
21:06:07.658895,243,0.5089809354687659,2.3879849396543067,-0.34407844363643414,-0.7655200204462744,91.63999795168638
21:06:07.658895,243,0.5220370215149586,2.449240155078877,-0.35290454586091125,-0.6263600167294499,132.87999702990055
21:06:07.658895,243,0.5325904831058161,2.4987538118467434,-0.4385629554915109,-0.6958000185841229,78.23999825119972
21:06:07.658895,243,0.5446217078467432,2.5552006873283757,-0.47541304430188647,-0.6958000185841229,22.99999948590994
21:06:07.658895,243,0.5328349375025184,2.3827758169964564,-0.34407844363643414,-0.7655200204462744,74.63999833166599
21:06:07.658895,243,0.5439469246955236,2.4324673302563986,-0.4278621716416361,-0.6263600167294499,108.11999758332968
21:06:07.658895,243,0.5575509749078573,2.493303059255496,-0.4385629554915109,-0.6958000185841229,66.11999852210283
21:06:07.658895,243,0.5701460574270216,2.5496268021774737,-0.47541304430188647,-0.6958000185841229,21.239999525249004
21:06:07.658895,243,0.5566356564889302,2.377328418753198,-0.34407844363643414,-0.7655200204462744,61.75999861955643
21:06:07.658895,243,0.5682439949268461,2.4269063294408353,-0.4278621716416361,-0.6263600167294499,89.51999799907207
21:06:07.658895,243,0.5824557120795243,2.4876029784472142,-0.4385629554915109,-0.6958000185841229,56.519998736679554
21:06:07.658895,243,0.5956133928792263,2.543797956482433,-0.47541304430188647,-0.6958000185841229,19.519999563694
21:06:07.658895,243,0.5924842412347512,2.421102640025592,-0.4278621716416361,-0.6263600167294499,75.11999832093716
21:06:07.658895,243,0.6073022041679651,2.481654139425204,-0.4385629554915109,-0.6263600167294499,48.87999890744686
21:06:07.658895,243,0.6320879665447876,2.475457137068383,-0.4385629554915109,-0.6263600167294499,42.63999904692173
21:06:07.719944,244,-0.12301438122825696,2.4582370981275723,-0.14785625269860742,-0.974120026017772,32.51999927312136
21:06:07.719944,244,-0.09842626983301643,2.459344310584916,-0.14785625269860742,-0.974120026017772,38.359999142587185
21:06:07.719944,244,-0.07177252804066342,2.39169988649858,-0.21593321989105377,-0.8349600223009475,38.87999913096428
21:06:07.719944,244,-0.07366206493913251,2.454665554686316,-0.22161803827112,-0.974120026017772,45.759998977184296
21:06:07.719944,244,-0.07555160183760158,2.5176312228740514,-0.22730285665118624,-0.974120026017772,35.51999920606613
21:06:07.719944,244,-0.04785233972855567,2.3922980158084757,-0.21593321989105377,-0.974120026017772,45.99999897181988
21:06:07.719944,244,-0.04911213597739277,2.455279430792819,-0.22161803827112,-0.974120026017772,55.11999876797199
21:06:07.719944,244,-0.050371932226229876,2.5182608457771636,-0.22730285665118624,-0.974120026017772,41.51999907195568
21:06:07.719944,244,-0.023927366222565777,2.39265691732106,-0.21593321989105377,-0.974120026017772,54.75999877601862
21:06:07.719944,244,-0.024557295843201484,2.4556477810132793,-0.22161803827112,-0.974120026017772,66.87999850511551
21:06:07.719944,244,-0.02518722546383719,2.518638644705499,-0.22730285665118624,-0.974120026017772,48.99999890476465
21:06:07.719944,244,0.0,2.392776555146482,-0.21593321989105377,-0.974120026017772,65.63999853283167
21:06:07.719944,244,0.0,2.455770568512982,-0.22161803827112,-0.974120026017772,81.87999816983938
21:06:07.719944,244,0.0,2.5187645818794815,-0.22730285665118624,-0.974120026017772,57.999998703598976
21:06:07.719944,244,0.023927366222565777,2.39265691732106,-0.21593321989105377,-0.974120026017772,79.23999822884798
21:06:07.719944,244,0.024557295843201484,2.4556477810132793,-0.22161803827112,-0.974120026017772,101.23999773710966
21:06:07.719944,244,0.025163236586131964,2.5162398368448136,-0.25247871706740815,-0.974120026017772,69.11999845504761
21:06:07.719944,244,0.0478067640883445,2.39001953759268,-0.2398497895430795,-0.974120026017772,96.35999784618616
21:06:07.719944,244,0.04911213597739277,2.455279430792819,-0.22161803827112,-0.974120026017772,126.35999717563391
21:06:07.719944,244,0.05032395686968709,2.51586239774064,-0.25247871706740815,-0.974120026017772,82.75999815016985
21:06:07.719944,244,0.07170417027731094,2.389421977954536,-0.2398497895430795,-0.974120026017772,118.23999735713005
21:06:07.719944,244,0.07359190753851381,2.45232767622951,-0.24616425330524383,-0.904680024163099,159.11999644339085
21:06:07.719944,244,0.07521851883430165,2.506531786879046,-0.3278447549704238,-0.974120026017772,99.23999778181314
21:06:07.719944,244,0.0927656222657488,2.3179036015912273,-0.3032790843231738,-0.904680024163099,43.63999902456999
21:06:07.719944,244,0.09559440610932347,2.388585478120457,-0.2398497895430795,-0.974120026017772,145.9999967366457
21:06:07.719944,244,0.09811109546891336,2.451469154079299,-0.24616425330524383,-0.904680024163099,201.75999549031258
21:06:07.719944,244,0.10027965749522494,2.5056542887045152,-0.3278447549704238,-0.974120026017772,119.23999733477831
21:06:07.719944,244,0.11593963320600607,2.3168600666410546,-0.3032790843231738,-0.904680024163099,52.11999883502722
21:06:07.719944,244,0.11947508258081416,2.3875101217397243,-0.2398497895430795,-0.974120026017772,181.63999594002962
21:06:07.719944,244,0.12262047237196358,2.4503654870675233,-0.24616425330524383,-0.904680024163099,257.11999425292015
21:06:07.719944,244,0.12533076827441308,2.504526227200353,-0.3278447549704238,-0.974120026017772,142.99999680370092
21:06:07.719944,244,0.1274653178899943,2.547181638709348,-0.4640894234952232,-0.974120026017772,26.519999407231808
21:06:07.719944,244,0.13910205028007708,2.315584847625285,-0.3032790843231738,-0.904680024163099,62.99999859184027
21:06:07.719944,244,0.1428479058764202,2.3779408405299196,-0.3114460355146078,-0.8349600223009475,226.75999493151903
21:06:07.719944,244,0.14711758733050811,2.449016785559959,-0.24616425330524383,-0.904680024163099,327.8799926713109
21:06:07.719944,244,0.15036934608177596,2.5031477151717656,-0.3278447549704238,-0.974120026017772,170.87999618053436
21:06:07.719944,244,0.15293033596712707,2.5457796487881312,-0.4640894234952232,-0.974120026017772,28.11999937146902
21:06:07.719944,244,0.16225055726565984,2.314078072064752,-0.3032790843231738,-0.904680024163099,76.51999828964472
21:06:07.719944,244,0.16661977509328824,2.376393489265042,-0.3114460355146078,-0.8349600223009475,283.35999366641045
21:06:07.719944,244,0.17100633108689922,2.438956189866921,-0.31964539524251584,-0.904680024163099,416.1199906989932
21:06:07.719944,244,0.17539288708051026,2.5015188904688,-0.3278447549704238,-0.974120026017772,202.51999547332525
21:06:07.719944,244,0.1783800611387883,2.5441230830348913,-0.4640894234952232,-0.974120026017772,29.759999334812164
21:06:07.719944,244,0.22542923571259615,3.215155990562776,0.09672049283570111,-0.5566400148672983,27.87999937683344
21:06:07.719944,244,0.22985113031914653,3.2782227036665423,0.09861770827122851,-0.7655200204462744,18.879999577999115
21:06:07.719944,244,0.2181754876402073,1.443578111003754,3.0162366884481515,-0.6958000185841229,14.879999667406082
21:06:07.719944,244,0.18538283933144975,2.3123398906357484,-0.3032790843231738,-0.904680024163099,92.75999792665243
21:06:07.719944,244,0.1903749824722411,2.374608500642182,-0.3114460355146078,-0.8349600223009475,352.2399921268225
21:06:07.719944,244,0.19538693570486096,2.437124208307372,-0.31964539524251584,-0.904680024163099,520.759988360107
21:06:07.719944,244,0.20039888893748084,2.4996399159725615,-0.3278447549704238,-0.974120026017772,237.5199946910143
21:06:07.719944,244,0.20381194845378264,2.5422121071048167,-0.4640894234952232,-0.974120026017772,31.359999299049377
21:06:07.719944,244,0.2344220686163061,2.5976532470411073,-1.6717801331532574,-0.20888000557897612,8.639999806880951
21:06:07.719944,244,0.2392081227931884,2.650687968756843,-1.7059118611784168,-0.20888000557897612,21.119999527931213
21:06:07.719944,244,0.2575689876756108,3.212740979374688,0.09672049283570111,-0.5566400148672983,27.519999384880066
21:06:07.719944,244,0.2663116656606446,1.4634959663213154,3.073168043430051,-0.6263600167294499,5.879999868571758
21:06:07.719944,244,0.2084965832686204,2.310370477154962,-0.3032790843231738,-0.7655200204462744,111.35999751091003
21:06:07.719944,244,0.21411115251244303,2.3725860531587073,-0.3114460355146078,-0.8349600223009475,430.8799903690815
21:06:07.719944,244,0.2197480017929475,2.435048516368817,-0.31964539524251584,-0.904680024163099,635.8799857869744
21:06:07.719944,244,0.22507892474008773,2.4941209807707523,-0.35290454586091125,-0.974120026017772,274.23999387025833
21:06:07.719944,244,0.22922345474468545,2.540046912093899,-0.4640894234952232,-0.974120026017772,33.11999925971031
21:06:07.719944,244,0.265702599803257,2.6481633941621334,-1.7059118611784168,-0.20888000557897612,20.51999954134226
21:06:07.719944,244,0.28968298295564937,3.2100046967802998,0.09672049283570111,-0.5566400148672983,25.999999418854713
21:06:07.719944,244,0.23158947772214275,2.30817002856209,-0.3032790843231738,-0.7655200204462744,130.11999709159136
21:06:07.719944,244,0.23782591161677624,2.370326349057671,-0.3114460355146078,-0.8349600223009475,510.35998859256506
21:06:07.719944,244,0.24408709326495984,2.432729321618711,-0.31964539524251584,-0.904680024163099,748.7599832639098
21:06:07.719944,244,0.2500084644536406,2.491745524082374,-0.35290454586091125,-0.974120026017772,311.2399930432439
21:06:07.719944,244,0.25310773162434336,2.522634818640503,-0.5403801891423712,-0.974120026017772,34.99999921768904
21:06:07.719944,244,0.3186091969427484,2.6423200815469,-1.7059118611784168,-0.20888000557897612,18.879999577999115
21:06:07.719944,244,0.32176801018008905,3.2069474164055785,0.09672049283570111,-0.5566400148672983,23.639999471604824
21:06:07.719944,244,0.2546592134219188,2.305738764900149,-0.3032790843231738,-0.7655200204462744,144.63999676704407
21:06:07.719944,244,0.26151688832919845,2.3678296143075905,-0.3114460355146078,-0.8349600223009475,574.3599871620536
21:06:07.719944,244,0.26803746083614227,2.426868266774065,-0.34407844363643414,-0.904680024163099,841.63998118788
21:06:07.719944,244,0.27491300353020537,2.489120894929174,-0.35290454586091125,-0.974120026017772,346.51999225467443
21:06:07.719944,244,0.2783210035293352,2.5199776528810425,-0.5403801891423712,-0.974120026017772,37.35999916493893
21:06:07.719944,244,0.3450160264567824,2.639001927852743,-1.7059118611784168,-0.20888000557897612,16.8799996227026
21:06:07.719944,244,0.2777034834137063,2.3030769292934674,-0.3032790843231738,-0.7655200204462744,149.75999665260315
21:06:07.719944,244,0.2847946219126203,2.361885833231283,-0.33525234141195703,-0.974120026017772,602.9999865218997
21:06:07.719944,244,0.2922923367246799,2.4240665945015762,-0.34407844363643414,-0.904680024163099,898.519979916513
21:06:07.719944,244,0.2983879368321387,2.4746192048077758,-0.4278621716416361,-0.974120026017772,378.359991542995
21:06:07.719944,244,0.3028443781304165,2.5115777874465257,-0.5657057548611145,-0.974120026017772,40.639999091625214
21:06:07.719944,244,0.3007199832898127,2.300184787923377,-0.3032790843231738,-0.7655200204462744,143.2399967983365
21:06:07.719944,244,0.30839884645957116,2.3589198412390773,-0.33525234141195703,-0.974120026017772,585.5199869126081
21:06:07.719944,244,0.31651798362442773,2.421022517600522,-0.34407844363643414,-0.904680024163099,911.9999796152115
21:06:07.719944,244,0.32311879662080495,2.471511645313599,-0.4278621716416361,-0.974120026017772,405.99999092519283
21:06:07.719944,244,0.3279445947572786,2.5084238163694486,-0.5657057548611145,-0.974120026017772,45.35999898612499
21:06:07.719944,244,0.31723806169242086,2.2511623823952034,-0.11376508691520458,-0.8349600223009475,26.119999416172504
21:06:07.719944,244,0.3237064114195335,2.29706263000159,-0.3032790843231738,-0.7655200204462744,127.63999714702368
21:06:07.719944,244,0.33197223138025295,2.355717959239051,-0.33525234141195703,-0.6958000185841229,528.759988181293
21:06:07.719944,244,0.3407119789909922,2.417736340476042,-0.34407844363643414,-0.904680024163099,885.1199802160263
21:06:07.719944,244,0.34781734480051824,2.468156936725525,-0.4278621716416361,-0.974120026017772,428.5199904218316
21:06:07.719944,244,0.3530120171994173,2.5050190050122936,-0.5657057548611145,-0.974120026017772,52.23999883234501
21:06:07.719944,244,0.35810233038316325,2.5411405267891145,-0.6826774230614212,-1.3916000371682458,5.759999871253967
21:06:07.719944,244,0.3397334480511761,2.247877497545823,-0.11376508691520458,-0.8349600223009475,25.119999438524246
21:06:07.719944,244,0.34666046917931387,2.2937107677412842,-0.3032790843231738,-0.7655200204462744,107.8799975886941
21:06:07.719944,244,0.35551241935592326,2.3522805074167246,-0.33525234141195703,-0.6958000185841229,451.75998990237713
21:06:07.719944,244,0.36316540164995464,2.402917166204818,-0.41716138779176126,-0.7655200204462744,827.6399815008044
21:06:07.719944,244,0.37248111153715313,2.4645554145116026,-0.4278621716416361,-0.974120026017772,445.519990041852
21:06:07.719944,244,0.37804413873558973,2.501363693853345,-0.5657057548611145,-0.974120026017772,61.99999861419201
21:06:07.719944,244,0.3834954065952801,2.5374325072868897,-0.6826774230614212,-1.3916000371682458,7.639999829232693
21:06:07.719944,244,0.3621948613497553,2.2443678268299614,-0.11376508691520458,-0.8349600223009475,23.11999948322773
21:06:07.719944,244,0.3695798611826088,2.290129536325878,-0.3032790843231738,-0.6958000185841229,88.63999801874161
21:06:07.719944,244,0.3790170563875067,2.348607829514399,-0.33525234141195703,-0.6958000185841229,372.23999167978764
21:06:07.719944,244,0.38717601417279157,2.399165427945025,-0.41716138779176126,-0.7655200204462744,750.7599832192063
21:06:07.719944,244,0.3971076304746994,2.4607074388210357,-0.4278621716416361,-0.974120026017772,456.11998980492353
21:06:07.719944,244,0.40303845617461437,2.4974582484206556,-0.5657057548611145,-0.974120026017772,74.75999832898378
21:06:07.719944,244,0.4088501335880303,2.5334707466597997,-0.6826774230614212,-0.5566400148672983,9.999999776482582
21:06:07.719944,244,0.38462005546564654,2.2406337212117498,-0.11376508691520458,-0.8349600223009475,20.63999953866005
21:06:07.719944,244,0.3924622955094197,2.28631929387551,-0.3032790843231738,-0.6958000185841229,71.8799983933568
21:06:07.719944,244,0.40060137985527994,2.333734155856752,-0.4064606039418864,-0.5566400148672983,300.87999327480793
21:06:07.719944,244,0.4111479094185876,2.39517377515246,-0.41716138779176126,-0.5566400148672983,664.5199851468205
21:06:07.719944,244,0.420949499260438,2.4522736907940104,-0.45276580268855987,-0.5566400148672983,458.9999897405505
21:06:07.719944,244,0.4279924701056874,2.493303059255496,-0.5657057548611145,-0.5566400148672983,90.35999798029661
21:06:07.719944,244,0.43416397590995665,2.529255641080587,-0.6826774230614212,-0.5566400148672983,12.519999720156193
21:06:07.719944,244,0.415305483935485,2.2822804214112353,-0.3032790843231738,-0.6958000185841229,58.23999869823456
21:06:07.719944,244,0.4239183020373148,2.3296115231841084,-0.4064606039418864,-0.5566400148672983,241.2399946078658
21:06:07.719944,244,0.43507869021790174,2.3909426069890594,-0.41716138779176126,-0.5566400148672983,575.9999871253967
21:06:07.719944,244,0.4454507796114143,2.447941653396109,-0.45276580268855987,-0.5566400148672983,452.3599898889661
21:06:07.719944,244,0.4529036851483225,2.488898541873303,-0.5657057548611145,-0.5566400148672983,107.11999760568142
21:06:07.719944,244,0.45943440219803494,2.524787612056279,-0.6826774230614212,-0.5566400148672983,14.759999670088291
21:06:07.719944,244,0.43810714216109997,2.2780133228169164,-0.3032790843231738,-0.6958000185841229,47.51999893784523
21:06:07.719944,244,0.447192832744305,2.3252559313108967,-0.4064606039418864,-0.5566400148672983,193.23999568074942
21:06:07.719944,244,0.45896596351270347,2.386472346568093,-0.41716138779176126,-0.5566400148672983,490.6399890333414
21:06:07.719944,244,0.46990751525762847,2.443364823883755,-0.45276580268855987,-0.5566400148672983,434.35999029129744
21:06:07.719944,244,0.4777696102018857,2.4842451367221234,-0.5657057548611145,-0.5566400148672983,121.87999727576971
21:06:07.719944,244,0.5098349031810855,2.5150945961164655,-0.6826774230614212,-0.5566400148672983,16.239999637007713
21:06:07.719944,244,0.46086499003954534,2.273518424798837,-0.3032790843231738,-0.6958000185841229,38.99999912828207
21:06:07.719944,244,0.4704226445426793,2.3206678157926555,-0.4064606039418864,-0.5566400148672983,155.2399965301156
21:06:07.719944,244,0.48195444254302644,2.377555962628452,-0.4414421818818966,-0.5566400148672983,411.7599907964468
21:06:07.719944,244,0.4943172605460059,2.438543659936066,-0.45276580268855987,-0.5566400148672983,404.9999909475446
21:06:07.719944,244,0.5025877586947045,2.479343309138575,-0.5657057548611145,-0.5566400148672983,130.87999707460403
21:06:07.719944,244,0.5363562749862661,2.516421770840345,-0.6569812306278567,-0.5566400148672983,16.639999628067017
21:06:07.719944,244,0.49360541447071976,2.315847635437092,-0.4064606039418864,-0.5566400148672983,125.35999719798565
21:06:07.719944,244,0.5057055078603303,2.372617621833908,-0.4414421818818966,-0.5566400148672983,341.51999236643314
21:06:07.719944,244,0.5186775745224679,2.433478643665397,-0.45276580268855987,-0.5566400148672983,365.8799918219447
21:06:07.719944,244,0.5273556488327222,2.4741935493013076,-0.5657057548611145,-0.5566400148672983,132.11999704688787
21:06:07.719944,244,0.5402229435722997,2.5345630128921295,-0.5795087788730598,-0.5566400148672983,16.119999639689922
21:06:07.719944,244,0.5167388242708562,2.310795872258204,-0.4064606039418864,-0.5566400148672983,101.99999772012234
21:06:07.719944,244,0.5294060030505287,2.367442021264962,-0.4414421818818966,-0.5566400148672983,280.759993724525
21:06:07.719944,244,0.5429860211760263,2.428170281569132,-0.45276580268855987,-0.5566400148672983,320.6399928331375
21:06:07.719944,244,0.5767307522447699,2.4631523174938175,-0.5657057548611145,-0.5566400148672983,125.87999718636274
21:06:07.719944,244,0.5908027823651216,2.523252378861928,-0.5795087788730598,-0.5566400148672983,15.639999650418758
21:06:07.719944,244,0.5388669464855361,2.301440252475634,-0.43011856107523333,-0.5566400148672983,83.51999813318253
21:06:07.719944,244,0.5530535580839587,2.362029678477334,-0.4414421818818966,-0.5566400148672983,229.51999486982822
21:06:07.719944,244,0.5879432435154623,2.402546498273014,-0.527195100141212,-0.5566400148672983,273.75999388098717
21:06:07.719944,244,0.601333028049825,2.4572619496375254,-0.5657057548611145,-0.5566400148672983,114.63999743759632
21:06:07.719944,244,0.6160053451581872,2.5172182880750116,-0.5795087788730598,-0.5566400148672983,14.759999670088291
21:06:07.719944,244,0.561854021802856,2.295936601893378,-0.43011856107523333,-0.5566400148672983,68.87999846041203
21:06:07.719944,244,0.5766458082249291,2.3563811347007686,-0.4414421818818966,-0.5566400148672983,187.11999581754208
21:06:07.719944,244,0.6119389106229081,2.396547037640833,-0.527195100141212,-0.5566400148672983,229.2399948760867
21:06:07.719944,244,0.6258751710558725,2.451125857644965,-0.5657057548611145,-0.5566400148672983,100.99999774247408
21:06:07.719944,244,0.6411463079328265,2.510932477568215,-0.5795087788730598,-0.5566400148672983,13.759999692440033
21:06:07.774499,245,0.0,2.455770568512982,-0.22161803827112,-0.904680024163099,51.879998840391636
21:06:07.774499,245,0.023927366222565777,2.39265691732106,-0.21593321989105377,-0.8349600223009475,57.35999871790409
21:06:07.774499,245,0.024533906924576864,2.4533089670621187,-0.24616425330524383,-0.904680024163099,61.519998624920845
21:06:07.774499,245,0.04785233972855567,2.3922980158084757,-0.21593321989105377,-0.904680024163099,68.99999845772982
21:06:07.774499,245,0.049065360479015795,2.4529409676666596,-0.24616425330524383,-0.904680024163099,73.51999835669994
21:06:07.774499,245,0.049847555471033,2.4920455033694653,-0.4278621716416361,-0.904680024163099,37.87999915331602
21:06:07.774499,245,0.07177252804066342,2.39169988649858,-0.21593321989105377,-0.904680024163099,84.11999811977148
21:06:07.774499,245,0.07359190753851381,2.45232767622951,-0.24616425330524383,-0.904680024163099,88.63999801874161
21:06:07.774499,245,0.07476510225200701,2.4914224349025313,-0.4278621716416361,-0.904680024163099,42.35999905318022
21:06:07.774499,245,0.09317640743602487,2.3281677533578753,-0.2102708711488534,-0.904680024163099,51.639998845756054
21:06:07.774499,245,0.09568553916009821,2.390862589203802,-0.21593321989105377,-0.904680024163099,104.11999767273664
21:06:07.774499,245,0.09777167476032063,2.4429881622669667,-0.31964539524251584,-0.904680024163099,108.11999758332968
21:06:07.774499,245,0.0994990924941289,2.486150571884361,-0.45276580268855987,-0.904680024163099,47.63999893516302
21:06:07.774499,245,0.11645303764188468,2.3271195974212664,-0.2102708711488534,-0.904680024163099,64.51999855786562
21:06:07.774499,245,0.11958898180578241,2.3897862076531706,-0.21593321989105377,-0.904680024163099,131.3599970638752
21:06:07.774499,245,0.12219626013152789,2.441888313451669,-0.31964539524251584,-0.904680024163099,133.63999701291323
21:06:07.774499,245,0.12435520838800099,2.485031291077613,-0.45276580268855987,-0.904680024163099,53.51999880373478
21:06:07.774499,245,0.13648624858823036,2.2720404803795327,-0.022762121199283482,-0.7655200204462744,22.639999493956566
21:06:07.774499,245,0.13971802264154473,2.3258387314745788,-0.2102708711488534,-0.904680024163099,82.63999815285206
21:06:07.774499,245,0.14334381164414303,2.386196016347076,-0.2398497895430795,-0.904680024163099,169.23999621719122
21:06:07.774499,245,0.1466086259790981,2.4405442778508424,-0.31964539524251584,-0.904680024163099,167.1199962645769
21:06:07.774499,245,0.14919888886521915,2.4836635092237187,-0.45276580268855987,-0.904680024163099,60.239998653531075
21:06:07.774499,245,0.15919944995743515,2.27056203959949,-0.022762121199283482,-0.7655200204462744,28.759999357163906
21:06:07.774499,245,0.16296903595599652,2.324325283603333,-0.2102708711488534,-0.904680024163099,108.87999756634235
21:06:07.774499,245,0.16719820644640113,2.3846432933519495,-0.2398497895430795,-0.904680024163099,223.63999500125647
21:06:07.774499,245,0.17100633108689922,2.438956189866921,-0.31964539524251584,-0.904680024163099,211.87999526411295
21:06:07.774499,245,0.17402764957854977,2.482047363099717,-0.45276580268855987,-0.904680024163099,67.99999848008156
21:06:07.774499,245,0.18189673151502167,2.268856544517766,-0.022762121199283482,-0.7655200204462744,37.239999167621136
21:06:07.774499,245,0.18620375250338833,2.3225794051510484,-0.2102708711488534,-0.904680024163099,148.11999668926
21:06:07.774499,245,0.19103588156809337,2.3828521080253444,-0.2398497895430795,-0.904680024163099,303.7599932104349
21:06:07.774499,245,0.19538693570486096,2.437124208307372,-0.31964539524251584,-0.904680024163099,271.99999392032623
21:06:07.774499,245,0.19883900767272306,2.4801830143188663,-0.45276580268855987,-0.904680024163099,76.99999827891588
21:06:07.774499,245,0.22965493164960912,2.544828148731362,-1.6377833131440078,-0.13916000371682458,8.119999818503857
21:06:07.774499,245,0.20433037348743185,2.2642043101646325,-0.11376508691520458,-0.7655200204462744,48.99999890476465
21:06:07.774499,245,0.20941984883153142,2.3206012707041075,-0.2102708711488534,-0.904680024163099,208.1199953481555
21:06:07.774499,245,0.2148544532616788,2.380822639484292,-0.2398497895430795,-0.904680024163099,423.6399905309081
21:06:07.774499,245,0.2197480017929475,2.435048516368817,-0.31964539524251584,-0.904680024163099,352.75999211519957
21:06:07.774499,245,0.22363048203271652,2.4780706493144837,-0.45276580268855987,-0.904680024163099,87.63999804109335
21:06:07.774499,245,0.22737207803849074,2.5195316306584528,-0.5657057548611145,-0.7655200204462744,9.879999779164791
21:06:07.774499,245,0.22696182228443587,2.262047831263287,-0.11376508691520458,-0.7655200204462744,64.87999854981899
21:06:07.774499,245,0.23239345561066485,2.316182990481456,-0.23356028413570634,-0.904680024163099,299.6399933025241
21:06:07.774499,245,0.23782591161677624,2.370326349057671,-0.3114460355146078,-0.904680024163099,599.7599865943193
21:06:07.774499,245,0.24375578142608315,2.4294272542531097,-0.34407844363643414,-0.904680024163099,458.51998975127935
21:06:07.774499,245,0.24839959353186455,2.475710479321299,-0.45276580268855987,-0.7655200204462744,100.6399977505207
21:06:07.774499,245,0.25009513674989164,2.4926093560598934,-0.6664170777371378,-1.6004800427472219,9.519999787211418
21:06:07.774499,245,0.24957057508936026,2.259665149473961,-0.11376508691520458,-0.7655200204462744,83.99999812245369
21:06:07.774499,245,0.25554327939379895,2.313743286530065,-0.23356028413570634,-0.904680024163099,424.87999050319195
21:06:07.774499,245,0.26151688832919845,2.3678296143075905,-0.3114460355146078,-0.904680024163099,829.1199814677238
21:06:07.774499,245,0.26803746083614227,2.426868266774065,-0.34407844363643414,-0.904680024163099,587.7599868625402
21:06:07.774499,245,0.27314386527976875,2.473102740354334,-0.45276580268855987,-0.7655200204462744,116.51999739557505
21:06:07.774499,245,0.27500830966848877,2.4899838170069586,-0.6664170777371378,-1.6004800427472219,10.87999975681305
21:06:07.774499,245,0.27215437104586615,2.2570565030628367,-0.11376508691520458,-0.7655200204462744,100.87999774515629
21:06:07.774499,245,0.2786675490630881,2.311072210188478,-0.23356028413570634,-0.7655200204462744,538.3599879667163
21:06:07.774499,245,0.28518171357188693,2.3650960985798486,-0.3114460355146078,-0.904680024163099,1027.7599770277739
21:06:07.774499,245,0.2922923367246799,2.4240665945015762,-0.34407844363643414,-0.7655200204462744,721.9999838620424
21:06:07.774499,245,0.2978608228699851,2.470247693185302,-0.45276580268855987,-0.7655200204462744,136.1199969574809
21:06:07.774499,245,0.29989398198652123,2.4871092816584333,-0.6664170777371378,-1.6004800427472219,13.239999704062939
21:06:07.774499,245,0.36395765052687534,2.5826906370567326,-1.6717801331532574,-2.4354400650481693,8.759999804198742
21:06:07.774499,245,0.2868229907094593,2.193887725182433,0.04425705050535287,-0.8349600223009475,17.999999597668648
21:06:07.774499,245,0.29454874043865537,2.2529814103043617,-0.1364930731847126,-0.7655200204462744,106.23999762535095
21:06:07.774499,245,0.30176395221093877,2.30817002856209,-0.23356028413570634,-0.7655200204462744,540.239987924695
21:06:07.774499,245,0.3088180208821436,2.3621260752237285,-0.3114460355146078,-0.904680024163099,1034.9999768659472
21:06:07.774499,245,0.31651798362442773,2.421022517600522,-0.34407844363643414,-0.7655200204462744,817.9999817162752
21:06:07.774499,245,0.3206423059120283,2.4525691520564354,-0.527195100141212,-0.904680024163099,159.23999644070864
21:06:07.774499,245,0.32474966515760645,2.483986037465445,-0.6664170777371378,-1.6004800427472219,16.359999634325504
21:06:07.774499,245,0.39772354433335233,2.6315742847211125,-1.7059118611784168,-2.4354400650481693,7.519999831914902
21:06:07.774499,245,0.41810692288068285,2.590831140981107,-1.8735479277728202,-2.4354400650481693,6.6399998515844345
21:06:07.774499,245,0.3163494690581958,2.2448568139499505,-0.20458605276878716,-0.6958000185841229,95.99999785423279
21:06:07.774499,245,0.3237064114195335,2.29706263000159,-0.3032790843231738,-0.6958000185841229,427.51999044418335
21:06:07.774499,245,0.3324234466490401,2.358919841239077,-0.3114460355146078,-0.7655200204462744,843.1199811547995
21:06:07.774499,245,0.33911847289121305,2.406428614761156,-0.41716138779176126,-0.904680024163099,828.2399814873934
21:06:07.774499,245,0.34515155614396814,2.449240155078877,-0.527195100141212,-0.904680024163099,183.9999958872795
21:06:07.774499,245,0.34957287363425155,2.480614396749796,-0.6664170777371378,-0.904680024163099,20.359999544918537
21:06:07.774499,245,0.3387818452140901,2.241581130154396,-0.20458605276878716,-0.6958000185841229,77.63999826461077
21:06:07.774499,245,0.34666046917931387,2.2937107677412842,-0.3032790843231738,-0.6958000185841229,300.51999328285456
21:06:07.774499,245,0.35551241935592326,2.3522805074167246,-0.33525234141195703,-0.7655200204462744,611.3599863350391
21:06:07.774499,245,0.36316540164995464,2.402917166204818,-0.41716138779176126,-0.7655200204462744,749.239983253181
21:06:07.774499,245,0.3696262915094619,2.4456662361377863,-0.527195100141212,-0.7655200204462744,206.23999539017677
21:06:07.774499,245,0.3743611251164055,2.4769946966727323,-0.6664170777371378,-0.904680024163099,24.879999443888664
21:06:07.774499,245,0.3834954065952801,2.5374325072868897,-0.6826774230614212,-0.904680024163099,5.519999876618385
21:06:07.774499,245,0.3611803434692949,2.2380812901238256,-0.20458605276878716,-0.6958000185841229,59.35999867320061
21:06:07.774499,245,0.3695798611826088,2.290129536325878,-0.3032790843231738,-0.6958000185841229,207.35999536514282
21:06:07.774499,245,0.3790170563875067,2.348607829514399,-0.33525234141195703,-0.7655200204462744,430.9999903663993
21:06:07.774499,245,0.38717601417279157,2.399165427945025,-0.41716138779176126,-0.7655200204462744,624.1199860498309
21:06:07.774499,245,0.39320445777436586,2.436521134248563,-0.5519027308491691,-0.7655200204462744,219.63999509066343
21:06:07.774499,245,0.39911194079968804,2.47312729920123,-0.6664170777371378,-0.904680024163099,29.519999340176582
21:06:07.774499,245,0.4088501335880303,2.5334707466597997,-0.6826774230614212,-0.4872000130126253,6.359999857842922
21:06:07.774499,245,0.3835427239927498,2.2343576438393082,-0.20458605276878716,-0.6958000185841229,44.99999899417162
21:06:07.774499,245,0.3924622955094197,2.28631929387551,-0.3032790843231738,-0.6958000185841229,146.35999672859907
21:06:07.774499,245,0.40248379203099205,2.344700292796787,-0.33525234141195703,-0.7655200204462744,307.99999311566353
21:06:07.774499,245,0.410421600554142,2.3909426069890594,-0.4414421818818966,-0.7655200204462744,497.5199888795614
21:06:07.774499,245,0.41754960242927325,2.4324673302563986,-0.5519027308491691,-0.7655200204462744,219.9999950826168
21:06:07.774499,245,0.42382284562326683,2.469012591071795,-0.6664170777371378,-0.904680024163099,35.879999198019505
21:06:07.774499,245,0.43416397590995665,2.529255641080587,-0.6826774230614212,-0.4872000130126253,7.239999838173389
21:06:07.774499,245,0.40548019398081286,2.22828627068213,-0.22724582037354202,-0.6958000185841229,34.51999922841787
21:06:07.774499,245,0.415305483935485,2.2822804214112353,-0.3032790843231738,-0.6958000185841229,106.75999761372805
21:06:07.774499,245,0.4239183020373148,2.3296115231841084,-0.4064606039418864,-0.6958000185841229,225.87999495118856
21:06:07.774499,245,0.434310106693098,2.3867189133497253,-0.4414421818818966,-0.41748001115047373,390.3599912747741
21:06:07.774499,245,0.4418529924737612,2.428170281569132,-0.5519027308491691,-0.7655200204462744,207.9999953508377
21:06:07.774499,245,0.4484913685173625,2.4646509837517936,-0.6664170777371378,-0.7655200204462744,42.119999058544636
21:06:07.774499,245,0.47911539725337937,2.49124278761148,-0.7847539290517834,-0.904680024163099,7.759999826550484
21:06:07.774499,245,0.42774241097056676,2.22412012303254,-0.22724582037354202,-0.7655200204462744,26.87999939918518
21:06:07.774499,245,0.43751247703172813,2.274921259353533,-0.3264611249670233,-0.6958000185841229,80.51999820023775
21:06:07.774499,245,0.447192832744305,2.3252559313108967,-0.4064606039418864,-0.6958000185841229,170.35999619215727
21:06:07.774499,245,0.4581551821852501,2.382256549818651,-0.4414421818818966,-0.41748001115047373,306.7599931433797
21:06:07.774499,245,0.46611219758918654,2.4236304178880315,-0.5519027308491691,-0.41748001115047373,187.75999580323696
21:06:07.774499,245,0.4976914056754542,2.455188840814501,-0.6664170777371378,-0.4872000130126253,44.87999899685383
21:06:07.774499,245,0.5040034537984697,2.486327152502401,-0.7847539290517834,-0.904680024163099,7.879999823868275
21:06:07.774499,245,0.46023943452457944,2.270432462489382,-0.3264611249670233,-0.8349600223009475,62.35999860614538
21:06:07.774499,245,0.4704226445426793,2.3206678157926555,-0.4064606039418864,-0.6958000185841229,131.7599970549345
21:06:07.774499,245,0.48195444254302644,2.377555962628452,-0.4414421818818966,-0.41748001115047373,242.99999456852674
21:06:07.774499,245,0.49032479187536226,2.4188481931956622,-0.5519027308491691,-0.41748001115047373,164.51999632269144
21:06:07.774499,245,0.5222179999769544,2.450089251403575,-0.6664170777371378,-0.41748001115047373,44.519999004900455
21:06:07.774499,245,0.5288411104204345,2.481162886761118,-0.7847539290517834,-0.4872000130126253,7.759999826550484
21:06:07.774499,245,0.48292036845956726,2.265716624281152,-0.3264611249670233,-0.8349600223009475,49.51999889314175
21:06:07.774499,245,0.4927334411981926,2.3117566000024183,-0.43011856107523333,-0.4872000130126253,104.11999767273664
21:06:07.774499,245,0.5027176818756254,2.358599644034382,-0.5140100111400527,-0.41748001115047373,194.75999564677477
21:06:07.774499,245,0.5144883540931448,2.413824085710486,-0.5519027308491691,-0.41748001115047373,141.75999683141708
21:06:07.774499,245,0.5466923729159716,2.444744655120196,-0.6664170777371378,-0.41748001115047373,41.75999906659126
21:06:07.774499,245,0.5536258833744209,2.4757505068098795,-0.7847539290517834,-0.4872000130126253,7.239999838173389
21:06:07.774499,245,0.5055530107623002,2.260774216308713,-0.3264611249670233,-0.8349600223009475,40.11999910324812
21:06:07.774499,245,0.5158259849250308,2.3067137609607906,-0.43011856107523333,-0.4872000130126253,83.8799981251359
21:06:07.774499,245,0.5485866920040665,2.3429521947575975,-0.5380997068372236,-0.41748001115047373,157.879996471107
21:06:07.774499,245,0.5626587221244181,2.4030522561257075,-0.5519027308491691,-0.41748001115047373,121.11999729275703
21:06:07.774499,245,0.5711120770757165,2.4391555864195134,-0.6664170777371378,-0.41748001115047373,38.1199991479516
21:06:07.774499,245,0.578355294203898,2.4700905538821454,-0.7847539290517834,-0.4872000130126253,6.7599998489022255
21:06:07.774499,245,0.5388669464855361,2.301440252475634,-0.43011856107523333,-0.8349600223009475,68.63999846577644
21:06:07.774499,245,0.5719883938331011,2.337349272762553,-0.5380997068372236,-0.41748001115047373,129.5199971050024
21:06:07.774499,245,0.586660710941463,2.3973056112000393,-0.5519027308491691,-0.41748001115047373,103.23999769240618
21:06:07.774499,245,0.5954746705062319,2.4333226042037164,-0.6664170777371378,-0.41748001115047373,34.23999923467636
21:06:07.774499,245,0.6030268699885014,2.4641835939684675,-0.7847539290517834,-0.4872000130126253,6.11999986320734
21:06:07.774499,245,0.561854021802856,2.295936601893378,-0.43011856107523333,-0.8349600223009475,56.87999872863293
21:06:07.774499,245,0.5953328973019646,2.3315126177984657,-0.5380997068372236,-0.41748001115047373,107.359997600317
21:06:07.774499,245,0.6046553558543946,2.3680223249596155,-0.6501567324128542,-0.41748001115047373,87.99999803304672
21:06:07.774499,245,0.6197777169685861,2.427246291766138,-0.6664170777371378,-0.41748001115047373,30.51999931782484
21:06:07.774499,245,0.6186178679798683,2.325442813525942,-0.5380997068372236,-0.41748001115047373,89.75999799370766
21:06:07.774499,245,0.6283049513918063,2.3618574721873222,-0.6501567324128542,-0.41748001115047373,75.35999831557274
21:06:07.774499,245,0.6440187861784935,2.420927256732932,-0.6664170777371378,-0.41748001115047373,27.119999393820763
21:06:07.774499,245,0.6418409773892526,2.3191404669203233,-0.5380997068372236,-0.41748001115047373,75.75999830663204
21:06:07.774499,245,0.6518917169604734,2.355456435646576,-0.6501567324128542,-0.41748001115047373,64.63999855518341
21:06:07.774499,245,0.6681954540493426,2.414366131002308,-0.6664170777371378,-0.41748001115047373,24.119999460875988
21:06:07.774499,245,0.6649999032386329,2.312606208210991,-0.5380997068372236,-0.41748001115047373,64.3599985614419
21:06:07.774499,245,0.6754132939035999,2.3488198554356687,-0.6501567324128542,-0.41748001115047373,55.75999875366688
21:06:07.774499,245,0.6923053029346014,2.4075635706813414,-0.6664170777371378,-0.41748001115047373,21.519999518990517
21:06:07.774499,245,0.681388738296815,2.283376534393757,-0.6338963870885707,-0.41748001115047373,55.11999876797199
21:06:07.774499,245,0.6988673300831979,2.341948395207061,-0.6501567324128542,-0.41748001115047373,48.239998921751976
21:06:07.774499,245,0.7222514801152993,2.3348427421010194,-0.6501567324128542,-0.41748001115047373,41.999999061226845
21:06:07.774499,245,0.14459109780233462,0.09081180629281714,-0.18669664259080943,-3.270400087349117,5.359999880194664
21:06:07.829103,246,-0.07177252804066342,2.39169988649858,-0.21593321989105377,-0.8349600223009475,66.9999985024333
21:06:07.829103,246,-0.0721787480166059,2.405236490222565,-0.5380997068372236,-1.1830000315967482,44.63999900221825
21:06:07.829103,246,-0.0467284104889812,2.3361090456349105,-0.11692626945112404,-0.8349600223009475,66.9999985024333
21:06:07.829103,246,-0.04785233972855567,2.3922980158084757,-0.21593321989105377,-0.8349600223009475,79.35999822616577
21:06:07.829103,246,-0.048123175615544515,2.4058380048399104,-0.5380997068372236,-1.1830000315967482,51.879998840391636
21:06:07.829103,246,-0.023365373503378004,2.3364595174676417,-0.11692626945112404,-0.8349600223009475,79.51999822258949
21:06:07.829103,246,-0.023904577263021764,2.3903780972794246,-0.2398497895430795,-0.8349600223009475,94.99999787658453
21:06:07.829103,246,-0.024062790937239203,2.4061989376723854,-0.5380997068372236,-1.1830000315967482,60.63999864459038
21:06:07.829103,246,-0.024439595868034784,2.443878175569387,-0.6501567324128542,-1.5307600408850703,22.879999488592148
21:06:07.829103,246,0.0,2.336576345306115,-0.11692626945112404,-0.8349600223009475,94.99999787658453
21:06:07.829103,246,0.0,2.390497621159102,-0.2398497895430795,-0.8349600223009475,114.63999743759632
21:06:07.829103,246,0.0,2.406319252627009,-0.5380997068372236,-1.1830000315967482,71.23999840766191
21:06:07.829103,246,0.0,2.444000374564322,-0.6501567324128542,-1.5307600408850703,24.759999446570873
21:06:07.829103,246,0.023352513007817193,2.3351735107514187,-0.14028579669000996,-0.8349600223009475,114.9999974295497
21:06:07.829103,246,0.023904577263021764,2.3903780972794246,-0.2398497895430795,-0.8349600223009475,139.87999687343836
21:06:07.829103,246,0.024062790937239203,2.4061989376723854,-0.5380997068372236,-1.1830000315967482,84.11999811977148
21:06:07.829103,246,0.024439595868034784,2.443878175569387,-0.6501567324128542,-1.5307600408850703,26.6399994045496
21:06:07.829103,246,0.04670269078389836,2.3348232318212934,-0.14028579669000996,-0.8349600223009475,140.9999968484044
21:06:07.829103,246,0.04764137396947122,2.3817511340943494,-0.3114460355146078,-0.8349600223009475,172.6399961411953
21:06:07.829103,246,0.048123175615544515,2.4058380048399104,-0.5380997068372236,-1.1830000315967482,99.63999777287245
21:06:07.829103,246,0.048317699605109385,2.4155629076744005,-0.747370621943875,-1.5307600408850703,28.239999368786812
21:06:07.829103,246,0.06815439685775926,2.271131694521475,-0.1364930731847126,-0.8349600223009475,57.999998703598976
21:06:07.829103,246,0.06989045966748475,2.328983094469689,-0.2102708711488534,-0.8349600223009475,175.35999608039856
21:06:07.829103,246,0.07145610577279941,2.381155641746504,-0.3114460355146078,-0.8349600223009475,215.87999517470598
21:06:07.829103,246,0.0721787480166059,2.405236490222565,-0.5380997068372236,-1.1830000315967482,118.51999735087156
21:06:07.829103,246,0.07247050968541506,2.414958961608555,-0.747370621943875,-1.5307600408850703,29.639999337494373
21:06:07.829103,246,0.09086192708401242,2.270336606293791,-0.1364930731847126,-0.8349600223009475,72.63999837636948
21:06:07.829103,246,0.09317640743602487,2.3281677533578753,-0.2102708711488534,-0.8349600223009475,222.2399950325489
21:06:07.829103,246,0.09526369202541633,2.380322035829418,-0.3114460355146078,-0.8349600223009475,273.87999387830496
21:06:07.829103,246,0.09622710260333703,2.404394453971306,-0.5380997068372236,-1.1830000315967482,141.1199968457222
21:06:07.829103,246,0.09661607277546806,2.414113521669803,-0.747370621943875,-1.5307600408850703,30.63999931514263
21:06:07.829103,246,0.12686232651139528,3.169866555571816,-0.5772808741673632,-0.4872000130126253,4.999999888241291
21:06:07.829103,246,0.11330464925511434,2.2642043101646325,-0.20458605276878716,-0.8349600223009475,92.99999792128801
21:06:07.829103,246,0.11645303764188468,2.3271195974212664,-0.2102708711488534,-0.8349600223009475,287.5199935734272
21:06:07.829103,246,0.11906175198864272,2.379250399702985,-0.3114460355146078,-0.8349600223009475,352.99999210983515
21:06:07.829103,246,0.120265834560427,2.403311980289053,-0.5380997068372236,-1.1830000315967482,168.11999624222517
21:06:07.829103,246,0.12075197433918854,2.4130266724014304,-0.747370621943875,-1.5307600408850703,31.119999304413795
21:06:07.829103,246,0.13253450880423118,2.2062572029428438,-0.1106039043792851,-0.8349600223009475,19.63999956101179
21:06:07.829103,246,0.13594064930019928,2.2629580733143873,-0.20458605276878716,-0.8349600223009475,122.35999726504087
21:06:07.829103,246,0.13971802264154473,2.3258387314745788,-0.2102708711488534,-0.8349600223009475,381.35999147593975
21:06:07.829103,246,0.1428479058764202,2.3779408405299196,-0.3114460355146078,-0.8349600223009475,462.99998965114355
21:06:07.829103,246,0.14546744176331125,2.4215473696593053,-0.4414421818818966,-1.1830000315967482,199.63999553769827
21:06:07.829103,246,0.14487580080664117,2.411698522487454,-0.747370621943875,-1.5307600408850703,30.999999307096004
21:06:07.829103,246,0.15415707483249422,2.198645801502105,-0.1989012343887209,-0.8349600223009475,24.51999945193529
21:06:07.829103,246,0.15856305539424537,2.2614855425527187,-0.20458605276878716,-0.8349600223009475,165.99999628961086
21:06:07.829103,246,0.16281382059577748,2.322111544140223,-0.23356028413570634,-0.8349600223009475,520.1199883744121
21:06:07.829103,246,0.16661977509328824,2.376393489265042,-0.3114460355146078,-0.8349600223009475,617.5199861973524
21:06:07.829103,246,0.16967523801831122,2.419971643164542,-0.4414421818818966,-1.1830000315967482,235.23999474197626
21:06:07.829103,246,0.16898513981539023,2.4101292047417515,-0.747370621943875,-1.5307600408850703,30.119999326765537
21:06:07.829103,246,0.21923744952240992,2.734619352471567,-1.570762378479516,-0.3480400092958007,7.759999826550484
21:06:07.829103,246,0.1761354581278044,2.1969943251118913,-0.1989012343887209,-0.8349600223009475,30.879999309778214
21:06:07.829103,246,0.1809970553254412,2.257634593503721,-0.22724582037354202,-0.8349600223009475,231.63999482244253
21:06:07.829103,246,0.18602640787869068,2.320367328501683,-0.23356028413570634,-0.8349600223009475,728.3599837198853
21:06:07.829103,246,0.1903749824722411,2.374608500642182,-0.3114460355146078,-0.8349600223009475,833.1199813783169
21:06:07.829103,246,0.19386606689166344,2.4181539215329164,-0.4414421818818966,-1.1830000315967482,273.6399938836694
21:06:07.829103,246,0.19531153763761525,2.4361837439192016,-0.6501567324128542,-1.5307600408850703,28.759999357163906
21:06:07.829103,246,0.19809622802486815,2.1951231511298097,-0.1989012343887209,-0.8349600223009475,38.6399991363287
21:06:07.829103,246,0.20356397470838558,2.2557117723729947,-0.22724582037354202,-0.8349600223009475,327.3599926829338
21:06:07.829103,246,0.20922039267666911,2.3183910780742982,-0.23356028413570634,-0.8349600223009475,1033.8799768909812
21:06:07.829103,246,0.2138205285441126,2.3693656213134564,-0.33525234141195703,-0.8349600223009475,1120.8799749463797
21:06:07.829103,246,0.21803750932074764,2.4160943865350686,-0.4414421818818966,-0.6958000185841229,311.759993031621
21:06:07.829103,246,0.21966320300864534,2.4341088529715615,-0.6501567324128542,-1.5307600408850703,27.239999391138554
21:06:07.829103,246,0.26204239468241775,2.6116834303856837,-1.645614886466895,-0.13916000371682458,9.759999781847
21:06:07.829103,246,0.2200371884650946,2.193032466671691,-0.1989012343887209,-0.8349600223009475,47.23999894410372
21:06:07.829103,246,0.22532829607395916,2.2457670560010508,-0.29507972459526577,-0.904680024163099,446.51999001950026
21:06:07.829103,246,0.23158947772214275,2.30817002856209,-0.3032790843231738,-0.8349600223009475,1422.9999681934714
21:06:07.829103,246,0.2375030983985257,2.3671089844238447,-0.33525234141195703,-0.8349600223009475,1453.7599675059319
21:06:07.829103,246,0.24218714818157178,2.413793244122773,-0.4414421818818966,-0.6958000185841229,344.9999922886491
21:06:07.829103,246,0.2439929022434086,2.4317905531779225,-0.6501567324128542,-1.5307600408850703,25.879999421536922
21:06:07.829103,246,0.3058849862305232,2.5367944476061184,-1.6377833131440078,-2.0179600538976956,12.879999712109566
21:06:07.829103,246,0.24195614537082188,2.0645959948866617,1.240875460256783,-0.8349600223009475,54.63999877870083
21:06:07.829103,246,0.24777432551897524,2.0905872174782774,1.1343398331744217,-0.6958000185841229,532.6399880945683
21:06:07.829103,246,0.2546592134219188,2.1486782186888216,1.1102857944916242,-0.8349600223009475,1726.1199614182115
21:06:07.829103,246,0.26116191814207923,2.1972736237164416,1.064163543484465,-0.8349600223009475,1717.5199616104364
21:06:07.829103,246,0.2663125685304823,2.214835704381598,0.949521985712751,-0.6958000185841229,367.63999178260565
21:06:07.829103,246,0.26829820239236496,2.1781821581844993,0.7432660711463033,-1.5307600408850703,25.239999435842037
21:06:07.829103,246,0.2638509068647232,2.062153114109524,1.2415300281882227,-0.6958000185841229,57.759998708963394
21:06:07.829103,246,0.27019557773902503,2.0880855941533105,1.1350101411241136,-0.6958000185841229,506.63998867571354
21:06:07.829103,246,0.2777034834137063,2.146107082930992,1.1109747282415654,-0.6958000185841229,1668.999962694943
21:06:07.829103,246,0.2847946219126203,2.1946368341917446,1.0648700691082182,-0.6958000185841229,1746.2399609684944
21:06:07.829103,246,0.29041135784565675,2.212146911942058,0.9502424454755407,-0.6958000185841229,375.3599916100502
21:06:07.829103,246,0.29257667294586254,2.175473318034312,0.743991902676971,-1.5307600408850703,26.239999413490295
21:06:07.829103,246,0.2854471580435168,2.0517865136353053,1.2215004896249062,-0.6958000185841229,54.9999987706542
21:06:07.829103,246,0.2921926635811025,2.0765955466654917,1.1147379271555429,-0.6958000185841229,394.3599911853671
21:06:07.829103,246,0.30031180074595915,2.1342977622949664,1.0901392116772728,-0.6958000185841229,1303.7599708586931
21:06:07.829103,246,0.30839884645957116,2.1917719059259064,1.0656377243234227,-0.6958000185841229,1517.2399660870433
21:06:07.829103,246,0.31448110626835346,2.2092254813959853,0.9510252404311044,-0.6958000185841229,366.99999179691076
21:06:07.829103,246,0.31682588607718654,2.17253010522145,0.7447805341733305,-1.5307600408850703,29.23999934643507
21:06:07.829103,246,0.3880655482282789,1.88212165451342,-0.26678673662042396,-2.0179600538976956,10.87999975681305
21:06:07.829103,246,0.30726616225939873,2.048923904325842,1.2222675234776226,-0.6958000185841229,47.8799989297986
21:06:07.829103,246,0.31452728061573393,2.0736652899950205,1.1155230870640114,-0.6958000185841229,279.9999937415123
21:06:07.829103,246,0.3232670282264732,2.1312860827867546,1.0909461887693597,-0.6958000185841229,917.3599794954062
21:06:07.829103,246,0.3304196009819079,2.159606822335924,1.0005361144502145,-0.6958000185841229,1184.7599735185504
21:06:07.829103,246,0.33578527588367757,2.162314247600355,0.8635278343989476,-0.6958000185841229,345.1199922859669
21:06:07.829103,246,0.3410434168853398,2.1693528140647262,0.745631886772893,-1.5307600408850703,34.35999923199415
21:06:07.829103,246,0.32123857082013335,2.0475157695987534,1.4291143237269868,-0.8349600223009475,13.519999697804451
21:06:07.829103,246,0.3279160582576712,2.0215062727765436,1.1613386183405472,-0.6958000185841229,39.35999912023544
21:06:07.829103,246,0.33525509297605566,2.0429895904863664,1.0538963531956969,-0.6958000185841229,196.35999561101198
21:06:07.829103,246,0.3461899292749979,2.1280528270909835,1.0918125370219647,-0.6958000185841229,633.7599858343601
21:06:07.829103,246,0.35384969176275616,2.1563020279598,1.0014216314344477,-0.6958000185841229,882.999980263412
21:06:07.829103,246,0.35959584727062605,2.1589557867583595,0.8644277312693722,-0.6958000185841229,314.75999296456575
21:06:07.829103,246,0.36522684363753094,2.165941762290596,0.7465458753411118,-1.5307600408850703,41.35999907553196
21:06:07.829103,246,0.34959616704300633,2.0182341128014145,1.1622153909633883,-0.6958000185841229,31.5199992954731
21:06:07.829103,246,0.35742042066747115,2.0396441968434837,1.0547927487206714,-0.6958000185841229,140.75999685376883
21:06:07.829103,246,0.36735203696937885,2.0963196478925124,1.0285283407499224,-0.6958000185841229,445.99999003112316
21:06:07.829103,246,0.3772443978708838,2.1527710853010302,1.0023677446683856,-0.6958000185841229,652.6399854123592
21:06:07.829103,246,0.38337045937411723,2.155367505217915,0.8653892084103498,-0.6958000185841229,280.99999371916056
21:06:07.829103,246,0.3893737480113458,2.162297291001379,0.7475224084798961,-1.5307600408850703,49.51999889314175
21:06:07.829103,246,0.37124131650452913,2.014752706157881,1.1631482310620476,-0.6958000185841229,25.119999438524246
21:06:07.829103,246,0.3795500066162668,2.03608487341734,1.0557464665583078,-0.6958000185841229,103.99999767541885
21:06:07.829103,246,0.3900965361795744,2.0926614217945603,1.029508559478599,-0.6958000185841229,322.8799927830696
21:06:07.829103,246,0.3998937018478459,2.1389090602057825,0.9815895436008004,-0.6958000185841229,487.11998911201954
21:06:07.829103,246,0.4071067347528591,2.1515497618041683,0.8664121696749723,-0.6958000185841229,247.35999447107315
21:06:07.829103,246,0.413481715336577,2.1584197646411507,0.7485613885367497,-0.5566400148672983,57.879998706281185
21:06:07.829103,246,0.39284934214542777,2.011062400983691,1.1641370453532962,-0.6958000185841229,20.119999550282955
21:06:07.829103,246,0.40093212221845864,2.022744380924052,1.0361155891332139,-0.6958000185841229,78.9999982342124
21:06:07.829103,246,0.4128020260629753,2.088783687280925,1.03054759530999,-0.6958000185841229,240.35999462753534
21:06:07.829103,246,0.42316943377478167,2.1349339374717347,0.9826546745272031,-0.6958000185841229,369.5199917405844
21:06:07.829103,246,0.43080229979919993,2.1475029382882633,0.8674965127679704,-0.7655200204462744,215.99999517202377
21:06:07.829103,246,0.46157119986989764,2.149967120971746,0.7508262675818747,-0.5566400148672983,65.23999854177237
21:06:07.829103,246,0.47311504265035276,2.2037375521308857,0.7195845757766368,-0.5566400148672983,12.519999720156193
21:06:07.829103,246,0.4229446348774918,2.018765328667376,1.0371817729720314,-0.6958000185841229,61.75999861955643
21:06:07.829103,246,0.4346969679498703,2.0748606200625272,1.0104280100463776,-0.6958000185841229,183.63999589532614
21:06:07.829103,246,0.44640284911287165,2.130734190938329,0.9837799932192446,-0.6958000185841229,285.1199936270714
21:06:07.829103,246,0.45445478497648745,2.1432274393491606,0.8686421292559432,-0.7655200204462744,187.63999580591917
21:06:07.829103,246,0.4855479081698231,2.145392848919856,0.7520519400841388,-0.5566400148672983,70.51999842375517
21:06:07.829103,246,0.4976914056754542,2.199048878059508,0.7208409022076352,-0.5566400148672983,13.35999970138073
21:06:07.829103,246,0.4449148534273807,2.014573854365335,1.0383048751263593,-0.6958000185841229,49.239998899400234
21:06:07.829103,246,0.4572776714303601,2.070552677556376,1.0115823197619407,-0.6958000185841229,143.3599967956543
21:06:07.829103,246,0.46959162454004705,2.126310240576702,0.984965387145998,-0.6958000185841229,223.63999500125647
21:06:07.829103,246,0.4780618250560199,2.1387236925331727,0.8698489045782014,-0.7655200204462744,162.51999636739492
21:06:07.829103,246,0.5094760620857238,2.1405872122269987,0.7533396065551075,-0.5566400148672983,72.99999836832285
21:06:07.829103,246,0.5222179999769544,2.1941230529440245,0.7221607730693858,-0.5566400148672983,13.639999695122242
21:06:07.829103,246,0.4798126475268144,2.0660268412389406,1.0127950139482729,-0.6958000185841229,113.99999745190144
21:06:07.829103,246,0.48982225720620093,2.0901693778066472,0.9214486907263157,-0.6958000185841229,178.11999601870775
21:06:07.829103,246,0.5016210593535673,2.1339921482112074,0.871116718058224,-0.41748001115047373,140.51999685913324
21:06:07.829103,246,0.5333532688222556,2.1355506914528193,0.7546891382292111,-0.5566400148672983,72.51999837905169
21:06:07.829103,246,0.5466923729159716,2.1889605693628202,0.7235440563759084,-0.5566400148672983,13.519999697804451
21:06:07.829103,246,0.5216361434705907,2.025713333899443,0.9523158908244485,-0.6958000185841229,92.11999794095755
21:06:07.829103,246,0.5345146618837148,2.069367866440745,0.9027226841472562,-0.6958000185841229,143.7599967867136
21:06:07.829103,246,0.5432422042817815,2.0770056369304237,0.7872101865087964,-0.41748001115047373,121.35999728739262
21:06:07.829103,246,0.557177140678749,2.1302837902451754,0.756100400154414,-0.5566400148672983,69.35999844968319
21:06:07.829103,246,0.5711120770757165,2.183561943559927,0.7249906138000315,-0.5566400148672983,12.999999709427357
21:06:07.829103,246,0.5438881843433865,2.020567203796106,0.9536947922297832,-0.6958000185841229,75.51999831199646
21:06:07.829103,246,0.557316076724739,2.064094685073569,0.904135628836134,-0.6958000185841229,117.35999737679958
21:06:07.829103,246,0.5664159200697239,2.071646355186145,0.7886462017241866,-0.41748001115047373,104.75999765843153
21:06:07.829103,246,0.5809452952879779,2.1247870352897746,0.7575732512057054,-0.5566400148672983,64.3599985614419
21:06:07.829103,246,0.5954746705062319,2.177927715393404,0.7265003006872242,-0.5566400148672983,12.359999723732471
21:06:07.829103,246,0.5648509837728668,2.0046194675304347,0.9343054253395779,-0.6958000185841229,62.639998599886894
21:06:07.829103,246,0.5800617604250107,2.0586015262841926,0.9056075162976431,-0.8349600223009475,96.87999783456326
21:06:07.884150,247,-0.09375874034452691,2.1271941536404464,-1.112771822809194,-1.3221600353135727,52.11999883502722
21:06:07.884150,247,-0.06958233484098408,2.1612126355609393,-0.8930727923868548,-0.8349600223009475,84.35999811440706
21:06:07.884150,247,-0.07032726031020811,2.127986634755578,-1.1129841674840102,-1.3221600353135727,60.11999865621328
21:06:07.884150,247,-0.045465075603993786,2.166057233516745,-0.6981715711259977,-0.8349600223009475,67.75999848544598
21:06:07.884150,247,-0.04639208924103139,2.1617727536731275,-0.8932228755826817,-0.8349600223009475,100.2399977594614
21:06:07.884150,247,-0.04688874760877854,2.128552749307071,-1.1131358574209065,-1.3221600353135727,69.75999844074249
21:06:07.884150,247,-0.02273367447619756,2.166386610924315,-0.6982598275363611,-0.8349600223009475,81.51999817788601
21:06:07.884150,247,-0.023197204471021925,2.1621088469465453,-0.8933129315038755,-0.8349600223009475,120.35999730974436
21:06:07.884150,247,-0.023445546071871517,2.1288924406839436,-1.1132268774510152,-1.3221600353135727,81.1199981868267
21:06:07.884150,247,-0.023828364377859537,2.13750212697403,-1.2289997991433053,-1.3221600353135727,30.51999931782484
21:06:07.884150,247,0.0,2.1664964070533452,-0.6982892473204668,-0.8349600223009475,99.23999778181314
21:06:07.884150,247,0.0,2.1622208817721478,-0.8933429511449198,-0.8349600223009475,145.8799967393279
21:06:07.884150,247,0.0,2.1290056749173445,-1.1132572184724105,-1.3221600353135727,94.75999788194895
21:06:07.884150,247,0.0,2.1376172100932394,-1.22903063557216,-1.3221600353135727,32.87999926507473
21:06:07.884150,247,0.02273367447619756,2.166386610924315,-0.6982598275363611,-0.8349600223009475,122.63999725878239
21:06:07.884150,247,0.023197204471021925,2.1621088469465453,-0.8933129315038755,-0.8349600223009475,178.87999600172043
21:06:07.884150,247,0.023445546071871517,2.1288924406839436,-1.1132268774510152,-1.3221600353135727,110.87999752163887
21:06:07.884150,247,0.023828364377859537,2.13750212697403,-1.2289997991433053,-1.3221600353135727,35.11999921500683
21:06:07.884150,247,0.04420174071900637,2.1058691522339625,-0.6787715263709315,-0.7655200204462744,45.639998979866505
21:06:07.884150,247,0.04544005124892013,2.158966375392526,-0.7198013242314786,-0.8349600223009475,154.51999654620886
21:06:07.884150,247,0.0465531423869644,2.187594539660034,-0.8279635891241475,-0.8349600223009475,222.2399950325489
21:06:07.884150,247,0.0472705391456041,2.171364497929819,-1.0271068647273538,-1.1132800297345966,130.11999709159136
21:06:07.884150,247,0.04765434593924471,2.1371568891246175,-1.2289072929403586,-1.3221600353135727,37.119999170303345
21:06:07.884150,247,0.06629708585195598,2.105335479446813,-0.6786285291785924,-0.7655200204462744,57.879998706281185
21:06:07.884150,247,0.06800092276901566,2.1358539880479124,-0.7841034185238765,-0.8349600223009475,198.8799955546856
21:06:07.884150,247,0.06982389442820769,2.187032477061501,-0.8278129849047748,-0.8349600223009475,280.1199937388301
21:06:07.884150,247,0.07089989989142692,2.1707937737916843,-1.0269539396554395,-1.1132800297345966,152.75999658554792
21:06:07.884150,247,0.0714755621059608,2.136581531068499,-1.2287531262138627,-1.3221600353135727,38.75999913364649
21:06:07.884150,247,0.08838580133186415,2.104588412259862,-0.6784283531291571,-0.7655200204462744,75.23999831825495
21:06:07.884150,247,0.0906573188400306,2.135087721213853,-0.7838980979445036,-0.8349600223009475,262.8799941241741
21:06:07.884150,247,0.09308766413850666,2.1862456681132327,-0.8276021600824885,-0.8349600223009475,358.8799919784069
21:06:07.884150,247,0.09452217070666061,2.1699948399006037,-1.0267398659645188,-1.1132800297345966,179.2399959936738
21:06:07.884150,247,0.0952896307763486,2.135776110340995,-1.228537314380361,-1.3221600353135727,39.639999113976955
21:06:07.884150,247,0.1021795288291439,2.0422405756721473,-2.2427747657725225,-0.20888000557897612,13.999999687075615
21:06:07.884150,247,0.11046567830568885,2.1036280253792023,-0.6781710182400629,-0.7655200204462744,101.35999773442745
21:06:07.884150,247,0.11330464925511434,2.134102652364131,-0.7836341495417316,-0.8349600223009475,358.239991992712
21:06:07.884150,247,0.11634212516038073,2.1852341914954647,-0.8273311357395947,-0.8349600223009475,467.87998954206705
21:06:07.884150,247,0.11813498938401439,2.168967776149297,-1.0264646650617808,-0.8349600223009475,209.51999531686306
21:06:07.884150,247,0.11909417056349249,2.1347407074835054,-1.2282598790208559,-1.3221600353135727,39.759999111294746
21:06:07.884150,247,0.15321820314069154,2.0397735408393958,-2.2421137257813872,-0.20888000557897612,16.119999639689922
21:06:07.884150,247,0.12874652521549754,2.042363930550444,-0.6584826565243076,-0.6958000185841229,24.639999449253082
21:06:07.884150,247,0.13253450880423118,2.1024544148427182,-0.6778565502445832,-0.7655200204462744,142.23999682068825
21:06:07.884150,247,0.13594064930019928,2.132898880004806,-0.7833115997101795,-0.8349600223009475,506.11998868733644
21:06:07.884150,247,0.13958495206721028,2.1839981483550117,-0.8269999389783005,-0.8349600223009475,620.1199861392379
21:06:07.884150,247,0.14198681993276963,2.177868945264132,-1.004357206640477,-0.8349600223009475,242.87999457120895
21:06:07.884150,247,0.1428868010333572,2.1334754260354494,-1.227920847878651,-1.3221600353135727,38.87999913096428
21:06:07.884150,247,0.1787158333954537,2.0381704092232034,-2.2416841679594675,-0.20888000557897612,18.11999959498644
21:06:07.884150,247,0.18358573533924058,2.103233141922958,-2.267225515960049,-0.20888000557897612,17.23999961465597
21:06:07.884150,247,0.15017172946173074,2.041016847626764,-0.6581217067427697,-0.7655200204462744,31.5199992954731
21:06:07.884150,247,0.15450499829617517,2.094176515826695,-0.6985144173791726,-0.7655200204462744,208.75999533385038
21:06:07.884150,247,0.15856305539424537,2.1314765245121055,-0.7829304807045604,-0.8349600223009475,740.9999834373593
21:06:07.884150,247,0.16225055726565984,2.1567333708524687,-0.8918725770255349,-0.8349600223009475,830.8799814283848
21:06:07.884150,247,0.16639361358945381,2.20553446361191,-0.9380499418943287,-0.8349600223009475,277.6399937942624
21:06:07.884150,247,0.16666514294282928,2.13198039252391,-1.2275202548565765,-1.3221600353135727,36.999999172985554
21:06:07.884150,247,0.20419559221660463,2.036321073677485,-2.2411886399934584,-0.20888000557897612,19.63999956101179
21:06:07.884150,247,0.20843424866129856,2.078590670923509,-2.287710842405184,-0.13916000371682458,18.759999580681324
21:06:07.884150,247,0.17158191666083183,2.0394628839293163,-0.6577053234249713,-0.7655200204462744,41.11999908089638
21:06:07.884150,247,0.17653298551171098,2.0925777118488296,-0.6980860191444478,-0.7655200204462744,319.35999286174774
21:06:07.884150,247,0.18116960531559637,2.1298357281203866,-0.7824908306364555,-0.8349600223009475,1104.5199753120542
21:06:07.884150,247,0.18538283933144975,2.1550544165194183,-0.8914227025678654,-0.8349600223009475,1106.6399752646685
21:06:07.884150,247,0.1901165768159841,2.20381263730058,-0.937588579924701,-0.8349600223009475,309.99999307096004
21:06:07.884150,247,0.1904268184776393,2.375255067840558,-0.6338963870885707,-1.3221600353135727,33.99999924004078
21:06:07.884150,247,0.22965493164960912,2.544828148731362,-1.6377833131440078,-0.13916000371682458,20.119999550282955
21:06:07.884150,247,0.2344220686163061,2.5976532470411073,-1.6717801331532574,-0.13916000371682458,19.63999956101179
21:06:07.884150,247,0.19297494581201827,2.1383737356513643,-0.10744272184336565,-0.7655200204462744,54.75999877601862
21:06:07.884150,247,0.19809622802486815,2.1951231511298097,-0.1989012343887209,-0.7655200204462744,487.8799890950322
21:06:07.884150,247,0.20375803842819978,2.257862210916959,-0.20458605276878716,-0.8349600223009475,1568.8799649327993
21:06:07.884150,247,0.2084965832686204,2.310370477154962,-0.3032790843231738,-0.8349600223009475,1410.9999684616923
21:06:07.884150,247,0.2138205285441126,2.3693656213134564,-0.33525234141195703,-0.8349600223009475,334.6399925202131
21:06:07.884150,247,0.21416945149014127,2.373232069677591,-0.6338963870885707,-1.3221600353135727,30.35999932140112
21:06:07.884150,247,0.24977515253944768,2.48942018714158,-1.6036515851188484,-0.27832000743364915,10.759999759495258
21:06:07.884150,247,0.26785304464933735,0.3454066331892568,-3.1308866980541907,-0.6958000185841229,9.359999790787697
21:06:07.884150,247,0.2143486776302981,2.0357349564657587,-0.6567064282716693,-0.7655200204462744,72.99999836832285
21:06:07.884150,247,0.2200371884650946,2.0668272698944055,-0.7597224080796336,-0.7655200204462744,649.5199854820967
21:06:07.884150,247,0.22611053786440516,2.117959525576924,-0.802767729410617,-0.7655200204462744,1844.5199587717652
21:06:07.884150,247,0.23158947772214275,2.1510266390504085,-0.8903434628477519,-0.8349600223009475,1621.6399637535214
21:06:07.884150,247,0.23639229907431264,2.1705582473782985,-1.0023983110458599,-0.8349600223009475,344.9999922886491
21:06:07.884150,247,0.24023106718112397,2.1734435125357447,-1.1394542431528418,-1.1132800297345966,26.519999407231808
21:06:07.884150,247,0.3058849862305232,2.0264657597366855,-2.238547916581866,-0.13916000371682458,18.35999958962202
21:06:07.884150,247,0.23570097476039634,2.033561365489271,-0.6561240163248439,-0.7655200204462744,93.75999790430069
21:06:07.884150,247,0.24195614537082188,2.0645959948866617,-0.7591245397432169,-0.7655200204462744,626.7599859908223
21:06:07.884150,247,0.2486344901560739,2.1156666641036264,-0.8021533590304903,-0.7655200204462744,1617.359963849187
21:06:07.884150,247,0.2546592134219188,2.1486782186888216,-0.8897142055083758,-0.7655200204462744,1592.639964401722
21:06:07.884150,247,0.2599404667835979,2.168161124270942,-1.0017560038450857,-0.8349600223009475,336.75999247282743
21:06:07.884150,247,0.2641616329445346,2.1710074626115294,-1.1388015055429266,-1.1132800297345966,23.23999948054552
21:06:07.884150,247,0.2570297019904891,2.031181639280985,-0.6554863706091264,-0.7655200204462744,109.11999756097794
21:06:07.884150,247,0.2638509068647232,2.062153114109524,-0.7584699718117773,-0.7655200204462744,452.2399898916483
21:06:07.884150,247,0.27113357920703324,2.113156356231078,-0.8014807240632876,-0.7655200204462744,1154.2399742007256
21:06:07.884150,247,0.2777034834137063,2.146107082930992,-0.8890252717584346,-0.7655200204462744,1341.9999700039625
21:06:07.884150,247,0.2834626406639832,2.1655366669812426,-1.0010527826337408,-0.8349600223009475,311.2399930432439
21:06:07.884150,247,0.28806578276596567,2.1683403868313773,-1.1380868647414821,-0.4872000130126253,23.23999948054552
21:06:07.884150,247,0.27833272646572244,2.0285960158115275,-0.6547935548885543,-0.7655200204462744,108.35999757796526
21:06:07.884150,247,0.28571928348899245,2.059498871849023,-0.7577587697415595,-0.7655200204462744,295.99999338388443
21:06:07.884150,247,0.29360555512722775,2.1104288529879636,-0.8007498917719418,-0.7655200204462744,775.639982663095
21:06:07.884150,247,0.3007199832898127,2.1433134888883427,-0.8882767304907263,-0.7655200204462744,1026.9999770447612
21:06:07.884150,247,0.3069564685177872,2.1626851379527325,-1.0002887177333575,-0.7655200204462744,275.1199938505888
21:06:07.884150,247,0.3119411262504619,2.1654425519006306,-1.1373103922119898,-0.4872000130126253,25.879999421536922
21:06:07.884150,247,0.291142158355277,1.9901856565862088,-0.5548693175022236,-0.8349600223009475,20.87999953329563
21:06:07.884150,247,0.2996079179014966,2.025804753641078,-0.6540456384441189,-0.7655200204462744,92.11999794095755
21:06:07.884150,247,0.30755908842428875,2.0566335335271604,-0.7569910046521746,-0.6958000185841229,196.35999561101198
21:06:07.884150,247,0.3149547847803861,2.082433287393974,-0.8634753278443492,-0.6958000185841229,528.6399881839752
21:06:07.884150,247,0.3237064114195335,2.1402977159179355,-0.8874686565587501,-0.7655200204462744,756.8799830824137
21:06:07.884150,247,0.3304196009819079,2.159606822335924,-0.9994638855497855,-0.7655200204462744,236.51999471336603
21:06:07.884150,247,0.33578527588367757,2.162314247600355,-1.1364721656010524,-0.4872000130126253,28.11999937146902
21:06:07.884150,247,0.32085314879649246,2.0228081318935165,-0.6532426960668383,-0.7655200204462744,71.23999840766191
21:06:07.884150,247,0.32936813770841583,2.0535573856753695,-0.7561667533194885,-0.6958000185841229,136.1199969574809
21:06:07.884150,247,0.3372882637184925,2.079283169185543,-0.8626312562143377,-0.6958000185841229,372.8799916654825
21:06:07.884150,247,0.3461899292749979,2.1280528270909835,-0.9081874629780353,-0.6958000185841229,556.2399875670671
21:06:07.884150,247,0.3532246024410762,2.1461838667419775,-1.0203597349356657,-0.7655200204462744,200.9999955072999
21:06:07.884150,247,0.35959584727062605,2.1589557867583595,-1.1355722687306278,-0.41748001115047373,32.359999276697636
21:06:07.884150,247,0.34206629464541966,2.019606450228507,-0.6523848080502773,-0.7655200204462744,53.23999880999327
21:06:07.884150,247,0.351144250454717,2.0502707359058565,-0.7552860981679435,-0.8349600223009475,98.75999779254198
21:06:07.884150,247,0.3595880141128076,2.0759174872409494,-0.8617294244553038,-0.6958000185841229,272.6399939060211
21:06:07.884150,247,0.3690782116206335,2.124598318530515,-0.9072618301990114,-0.6958000185841229,413.8799907490611
21:06:07.884150,247,0.3765779808857567,2.142659161631531,-1.0194152930477636,-0.27832000743364915,170.99999617785215
21:06:07.884150,247,0.38337045937411723,2.155367505217915,-1.1346107915896502,-0.41748001115047373,39.23999912291765
21:06:07.884150,247,0.3632452341514657,2.0162000288115327,-0.651472060182519,-0.7655200204462744,39.99999910593033
21:06:07.884150,247,0.3728852490701616,2.0467739128808455,-0.7543491272623173,-0.8349600223009475,74.35999833792448
21:06:07.884150,247,0.3818518060069744,2.0723365781255656,-0.8607699227496675,-0.6958000185841229,205.7599954009056
21:06:07.884150,247,0.39192958645432086,2.12092290255331,-0.9062770054560707,-0.6958000185841229,313.5199929922819
21:06:07.884150,247,0.3998937018478459,2.1389090602057825,-1.0184104563991996,-0.27832000743364915,146.5199967250228
21:06:07.884150,247,0.4071067347528591,2.1515497618041683,-1.1335878303250277,-0.41748001115047373,45.87999897450209
21:06:07.884150,247,0.47897674637404375,1.709103198330699,-2.3041094998905707,-2.2962800613313448,6.8799998462200165
21:06:07.884150,247,0.3843878494384238,2.012589208281882,-0.6505045437375855,-0.7655200204462744,30.51999931782484
21:06:07.884150,247,0.39421314410962716,2.166369035483604,-0.2209313566113777,-0.8349600223009475,57.999998703598976
21:06:07.884150,247,0.4040774130404564,2.2205773922792584,-0.29507972459526577,-0.6958000185841229,159.35999643802643
21:06:07.884150,247,0.41474176865772194,2.2791825659976794,-0.3264611249670233,-0.6958000185841229,241.6399945989251
21:06:07.884150,247,0.42316943377478167,2.3254961733033417,-0.43011856107523333,-0.6263600167294499,126.75999716669321
21:06:07.884150,247,0.4266053011560175,2.344377727142824,-0.6338963870885707,-0.41748001115047373,51.35999885201454
21:06:07.884150,247,0.46157119986989764,2.400018720410574,-0.6501567324128542,-0.4872000130126253,14.6399996727705
21:06:07.884150,247,0.40549202626247843,2.1084254266329348,-0.10744272184336565,-0.8349600223009475,23.879999466240406
21:06:07.884150,247,0.4256840247247151,2.213417190255815,-0.3176350227425462,-0.6958000185841229,126.11999718099833
21:06:07.884150,247,0.43751247703172813,2.274921259353533,-0.3264611249670233,-0.6958000185841229,189.5199957638979
21:06:07.884150,247,0.44640284911287165,2.321148275753547,-0.43011856107523333,-0.6263600167294499,110.35999753326178
21:06:07.884150,247,0.47340441066419187,2.335377330210572,-0.6338963870885707,-0.41748001115047373,55.11999876797199
21:06:07.884150,247,0.4855479081698231,2.3952830855125367,-0.6501567324128542,-0.41748001115047373,15.119999662041664
21:06:07.884150,247,0.4477965432086232,2.2090497511183824,-0.3176350227425462,-0.6958000185841229,101.75999772548676
21:06:07.884150,247,0.4580868998574811,2.259813675357718,-0.39580211568035095,-0.6263600167294499,150.8799966275692
21:06:07.884150,247,0.466817167793596,2.3028814401807405,-0.5008249221388935,-0.27832000743364915,96.63999783992767
21:06:07.884150,247,0.4967341241944933,2.3305265972218594,-0.6338963870885707,-0.41748001115047373,56.99999872595072
21:06:07.884150,247,0.5094760620857238,2.390307924312717,-0.6501567324128542,-0.41748001115047373,15.119999662041664
21:06:07.884150,247,0.573332994685211,2.1552127108805386,-1.7668604301388722,-2.2962800613313448,6.359999857842922
21:06:07.884150,247,0.46986428241337463,2.2044614088565813,-0.3176350227425462,-0.6958000185841229,83.23999813944101
21:06:07.884150,247,0.4806617553191463,2.255119893071832,-0.39580211568035095,-0.6263600167294499,121.75999727845192
21:06:07.884150,247,0.48875376461398984,2.293085158528842,-0.5242966828252782,-0.27832000743364915,84.99999810010195
21:06:07.884150,247,0.5200141647285397,2.325442813525942,-0.6338963870885707,-0.3480400092958007,57.11999872326851
21:06:07.884150,247,0.5333532688222556,2.3850937343230685,-0.6501567324128542,-0.41748001115047373,15.87999964505434
21:06:07.884150,247,0.49188503558353747,2.1996526223007944,-0.3176350227425462,-0.6958000185841229,69.11999845504761
21:06:07.884150,247,0.5031885450079784,2.2502006006859805,-0.39580211568035095,-0.6263600167294499,99.51999777555466
21:06:07.884150,247,0.5345146618837148,2.282852133389487,-0.5242966828252782,-0.27832000743364915,74.75999832898378
21:06:07.939832,248,-0.1128051250631209,2.2542221528923703,-0.29507972459526577,-0.7655200204462744,55.519998759031296
21:06:07.939832,248,-0.1369045513176359,2.279003824629179,-0.5105482162204946,-1.0438400278799236,40.23999910056591
21:06:07.939832,248,-0.11718084458336242,2.3416636044385886,-0.5242966828252782,-0.7655200204462744,20.999999530613422
21:06:07.939832,248,-0.0902576395308445,2.255237475153679,-0.29507972459526577,-0.7655200204462744,65.99999852478504
21:06:07.939832,248,-0.09130013445828125,2.2812859475071967,-0.5105482162204946,-0.7655200204462744,47.11999894678593
21:06:07.939832,248,-0.09375874034452691,2.3427183111288903,-0.5242966828252782,-0.7655200204462744,23.639999471604824
21:06:07.939832,248,-0.06770112831023296,2.2560272755569115,-0.29507972459526577,-0.7655200204462744,79.11999823153019
21:06:07.939832,248,-0.06904071417106901,2.3006667419207196,-0.41883969766306284,-0.7655200204462744,55.519998759031296
21:06:07.939832,248,-0.07032726031020811,2.3435387479508107,-0.5242966828252782,-0.7655200204462744,26.75999940186739
21:06:07.939832,248,-0.04407793041385794,2.2036027092545916,-0.1989012343887209,-0.7655200204462744,55.519998759031296
21:06:07.939832,248,-0.04513784703351045,2.25659147512269,-0.29507972459526577,-0.7655200204462744,95.63999786227942
21:06:07.939832,248,-0.04603097870182759,2.301242105166925,-0.41883969766306284,-0.7655200204462744,65.99999852478504
21:06:07.939832,248,-0.04688874760877854,2.344124832861355,-0.5242966828252782,-0.7655200204462744,30.23999932408333
21:06:07.939832,248,-0.02201907574737447,2.2018342265470827,-0.2209313566113777,-0.7655200204462744,67.11999849975109
21:06:07.939832,248,-0.02257005200990112,2.2569300174315305,-0.29507972459526577,-0.7655200204462744,117.119997382164
21:06:07.939832,248,-0.023016640173280777,2.3015873461305967,-0.41883969766306284,-0.7655200204462744,78.9999982342124
21:06:07.939832,248,-0.023445546071871517,2.344476507252522,-0.5242966828252782,-0.7655200204462744,34.11999923735857
21:06:07.939832,248,0.0,2.2019443228408293,-0.2209313566113777,-0.7655200204462744,82.11999816447496
21:06:07.939832,248,0.0,2.257042868629486,-0.29507972459526577,-0.7655200204462744,144.99999675899744
21:06:07.939832,248,0.0,2.301702430287927,-0.41883969766306284,-0.7655200204462744,95.23999787122011
21:06:07.939832,248,0.0,2.3445937359571687,-0.5242966828252782,-0.7655200204462744,38.519999139010906
21:06:07.939832,248,0.02201907574737447,2.2018342265470827,-0.2209313566113777,-0.7655200204462744,102.35999771207571
21:06:07.939832,248,0.02257005200990112,2.2569300174315305,-0.29507972459526577,-0.7655200204462744,182.11999592930079
21:06:07.939832,248,0.023016640173280777,2.3015873461305967,-0.41883969766306284,-0.7655200204462744,115.99999740719795
21:06:07.939832,248,0.023445546071871517,2.344476507252522,-0.5242966828252782,-0.7655200204462744,43.119999036192894
21:06:07.939832,248,0.04403594960562181,2.20150394867538,-0.2209313566113777,-0.7655200204462744,130.11999709159136
21:06:07.939832,248,0.04513784703351045,2.25659147512269,-0.29507972459526577,-0.7655200204462744,232.2399948090315
21:06:07.939832,248,0.04603097870182759,2.301242105166925,-0.41883969766306284,-0.7655200204462744,142.23999682068825
21:06:07.939832,248,0.04688874760877854,2.344124832861355,-0.5242966828252782,-0.7655200204462744,47.8799989297986
21:06:07.939832,248,0.0642218489720775,2.1400860899064815,-0.19321641600865466,-0.7655200204462744,39.23999912291765
21:06:07.939832,248,0.06604841990580193,2.2009535222532315,-0.2209313566113777,-0.7655200204462744,169.359996214509
21:06:07.939832,248,0.06770112831023296,2.2560272755569115,-0.29507972459526577,-0.7655200204462744,301.1199932694435
21:06:07.939832,248,0.06904071417106901,2.3006667419207196,-0.41883969766306284,-0.7655200204462744,175.63999607414007
21:06:07.939832,248,0.07032726031020811,2.3435387479508107,-0.5242966828252782,-0.7655200204462744,52.51999882608652
21:06:07.939832,248,0.08561914164804209,2.1393368787266906,-0.19321641600865466,-0.7655200204462744,49.99999888241291
21:06:07.939832,248,0.08805428541932689,2.2001830023228184,-0.2209313566113777,-0.7655200204462744,226.51999493688345
21:06:07.939832,248,0.0902576395308445,2.255237475153679,-0.29507972459526577,-0.7655200204462744,396.8799911290407
21:06:07.939832,248,0.09220643189542485,2.3039312986875085,-0.39580211568035095,-0.7655200204462744,217.2399951443076
21:06:07.939832,248,0.09375874034452691,2.3427183111288903,-0.5242966828252782,-0.7655200204462744,56.519998736679554
21:06:07.939832,248,0.10700787248157367,2.1383737356513643,-0.19321641600865466,-0.7655200204462744,65.75999853014946
21:06:07.939832,248,0.11005134557808188,2.1991924659354876,-0.2209313566113777,-0.7655200204462744,312.75999300926924
21:06:07.939832,248,0.1128051250631209,2.2542221528923703,-0.29507972459526577,-0.7655200204462744,529.7599881589413
21:06:07.939832,248,0.11524075009775761,2.302894054157008,-0.39580211568035095,-0.7655200204462744,266.87999403476715
21:06:07.939832,248,0.11718084458336242,2.3416636044385886,-0.5242966828252782,-0.7655200204462744,59.119998678565025
21:06:07.939832,248,0.12510864697609783,2.0826413892638747,-0.020864652776410756,-0.6958000185841229,20.359999544918537
21:06:07.939832,248,0.12838590261750837,2.137196756994005,-0.19321641600865466,-0.7655200204462744,89.63999799638987
21:06:07.939832,248,0.13203740069448017,2.1979820121440494,-0.2209313566113777,-0.7655200204462744,445.1199900507927
21:06:07.939832,248,0.1353413301773992,2.2529814103043617,-0.29507972459526577,-0.7655200204462744,707.9999841749668
21:06:07.939832,248,0.1389132399851395,2.312441786418403,-0.3264611249670233,-0.7655200204462744,320.359992839396
21:06:07.939832,248,0.14059123083591377,2.340374733349691,-0.5242966828252782,-0.7655200204462744,59.75999866425991
21:06:07.939832,248,0.1459284579181498,2.0812861924763695,-0.020864652776410756,-0.6958000185841229,25.75999942421913
21:06:07.939832,248,0.14975109427074312,2.135806060451492,-0.19321641600865466,-0.7655200204462744,126.879997164011
21:06:07.939832,248,0.15401025218143002,2.1965517619928674,-0.2209313566113777,-0.7655200204462744,644.8799855858088
21:06:07.939832,248,0.15786400127204883,2.251515371462873,-0.29507972459526577,-0.7655200204462744,923.5199793577194
21:06:07.939832,248,0.16203032632363254,2.3109370560810523,-0.3264611249670233,-0.7655200204462744,366.5199918076396
21:06:07.939832,248,0.163987558083169,2.338851826748226,-0.5242966828252782,-0.7655200204462744,57.51999871432781
21:06:07.939832,248,0.16673367613666898,2.07972286881332,-0.020864652776410756,-0.8349600223009475,33.359999254345894
21:06:07.939832,248,0.17110131094001244,2.1342017850923125,-0.19321641600865466,-0.6958000185841229,186.2399958372116
21:06:07.939832,248,0.17596770277219173,2.1949018585057596,-0.2209313566113777,-0.7655200204462744,906.1199797466397
21:06:07.939832,248,0.18037088609882987,2.2498241829705585,-0.29507972459526577,-0.7655200204462744,1121.5199749320745
21:06:07.939832,248,0.18513120976524236,2.3092012339741985,-0.3264611249670233,-0.7655200204462744,387.9999913275242
21:06:07.939832,248,0.18736748671200484,2.337095036923578,-0.5242966828252782,-0.8349600223009475,52.3599988296628
21:06:07.939832,248,0.22486887747272682,2.4917934270156263,-1.6036515851188484,-0.06972000186215155,8.639999806880951
21:06:07.939832,248,0.22965493164960912,2.544828148731362,-1.6377833131440078,-0.06972000186215155,6.7599998489022255
21:06:07.939832,248,0.18749409256093322,2.077639879285904,-0.04172721910502429,-0.8349600223009475,44.11999901384115
21:06:07.939832,248,0.1924344176215365,2.1323840913426606,-0.19321641600865466,-0.6958000185841229,275.8799938336015
21:06:07.939832,248,0.19790755674010202,2.193032466671691,-0.2209313566113777,-0.7655200204462744,1109.759975194931
21:06:07.939832,248,0.2028597339881159,2.2479080139448526,-0.29507972459526577,-0.7655200204462744,1199.879973180592
21:06:07.939832,248,0.20821358024097875,2.307234493678598,-0.3264611249670233,-0.7655200204462744,373.1199916601181
21:06:07.939832,248,0.2107286787491461,2.335104539553258,-0.5242966828252782,-0.8349600223009475,44.87999899685383
21:06:07.939832,248,0.20826076999175824,2.07566108852742,-0.04172721910502429,-0.8349600223009475,58.75999868661165
21:06:07.939832,248,0.2137482810225202,2.130353160970388,-0.19321641600865466,-0.6958000185841229,376.99999157339334
21:06:07.939832,248,0.21982762011814547,2.19094377342828,-0.2209313566113777,-0.8349600223009475,1062.9999762400985
21:06:07.939832,248,0.22532829607395916,2.2457670560010508,-0.29507972459526577,-0.7655200204462744,1103.8799753263593
21:06:07.939832,248,0.23127512953313253,2.3050370318666324,-0.3264611249670233,-0.7655200204462744,327.51999267935753
21:06:07.939832,248,0.2340687980949611,2.332880533685335,-0.5242966828252782,-0.8349600223009475,36.35999918729067
21:06:07.939832,248,0.31223449335820785,2.5894527837508257,-1.6717801331532574,-0.06972000186215155,5.519999876618385
21:06:07.939832,248,0.2290066215200651,2.0734747333990735,-0.04172721910502429,-0.8349600223009475,76.7599982842803
21:06:07.939832,248,0.23504076977448005,2.128109197066829,-0.19321641600865466,-0.6958000185841229,406.5199909135699
21:06:07.939832,248,0.24172570091834883,2.1886359876431007,-0.2209313566113777,-0.8349600223009475,817.7599817216396
21:06:07.939832,248,0.24777432551897524,2.243401523233154,-0.29507972459526577,-0.8349600223009475,901.2399798557162
21:06:07.939832,248,0.2543135515060955,2.302609068282642,-0.3264611249670233,-0.7655200204462744,269.75999397039413
21:06:07.939832,248,0.2573855107570696,2.330423241718533,-0.5242966828252782,-0.8349600223009475,28.519999362528324
21:06:07.939832,248,0.3068654796820046,2.3471912327925053,-1.6899408118862607,-0.06972000186215155,11.119999751448631
21:06:07.939832,248,0.2497295725780819,2.0710810325345457,-0.04172721910502429,-0.8349600223009475,93.6399979069829
21:06:07.939832,248,0.25630975464637984,2.125652424026496,-0.19321641600865466,-0.6958000185841229,327.7599926739931
21:06:07.939832,248,0.26359960935097837,2.1861093400927984,-0.2209313566113777,-0.8349600223009475,571.3599872291088
21:06:07.939832,248,0.27019557773902503,2.2408116521924577,-0.29507972459526577,-0.6958000185841229,690.8799845576286
21:06:07.939832,248,0.27732654233697196,2.299950845720952,-0.3264611249670233,-0.8349600223009475,215.1199951916933
21:06:07.939832,248,0.28067648508374027,2.3277329093799892,-0.5242966828252782,-0.8349600223009475,22.879999488592148
21:06:07.939832,248,0.33589589794000585,2.22248599550183,-1.7444707727765427,-1.3916000371682458,9.119999796152115
21:06:07.939832,248,0.2704275508880646,2.068480225301919,-0.04172721910502429,-0.8349600223009475,99.99999776482582
21:06:07.939832,248,0.2775531087575515,2.1229830875246334,-0.19321641600865466,-0.6958000185841229,225.87999495118856
21:06:07.939832,248,0.2854471580435168,2.1833640834400105,-0.2209313566113777,-0.6958000185841229,395.6399911567569
21:06:07.939832,248,0.29258981062767087,2.237997701863897,-0.29507972459526577,-0.6958000185841229,519.2399883940816
21:06:07.939832,248,0.29890724582616574,2.28631929387551,-0.39580211568035095,-0.6263600167294499,170.63999618589878
21:06:07.939832,248,0.3039393919970535,2.324809805700685,-0.5242966828252782,-0.8349600223009475,19.879999555647373
21:06:07.939832,248,0.34740799972386416,2.152739921427711,-1.7275830653356796,-1.3916000371682458,5.519999876618385
21:06:07.939832,248,0.2823164974322139,2.0033544384884117,-0.020232163302119847,-0.8349600223009475,14.359999679028988
21:06:07.939832,248,0.2910984866695228,2.0656725717797357,-0.04172721910502429,-0.8349600223009475,90.9999979659915
21:06:07.939832,248,0.29876870779038167,2.1201014544926546,-0.19321641600865466,-0.6958000185841229,151.63999661058187
21:06:07.939832,248,0.30726616225939873,2.1804004922081033,-0.2209313566113777,-0.6958000185841229,280.759993724525
21:06:07.939832,248,0.3149547847803861,2.2349599536401454,-0.29507972459526577,-0.6958000185841229,391.51999124884605
21:06:07.939832,248,0.32175511196552486,2.2832159562947276,-0.39580211568035095,-0.6263600167294499,136.5199969485402
21:06:07.939832,248,0.32717190522580775,2.321654222988537,-0.5242966828252782,-0.8349600223009475,19.519999563694
21:06:07.939832,248,0.3117403128461967,2.0626583527309963,-0.04172721910502429,-0.8349600223009475,73.35999836027622
21:06:07.939832,248,0.3199544302027415,2.1170078130914503,-0.19321641600865466,-0.6958000185841229,104.63999766111374
21:06:07.939832,248,0.3290544401164825,2.177218862753717,-0.2209313566113777,-0.6958000185841229,205.63999540358782
21:06:07.939832,248,0.3372882637184925,2.231698711293481,-0.29507972459526577,-0.6958000185841229,299.119993314147
21:06:07.939832,248,0.34457080286325414,2.2798842990311954,-0.39580211568035095,-0.6263600167294499,111.11999751627445
21:06:07.939832,248,0.35037170153814423,2.3182664767991747,-0.5242966828252782,-0.8349600223009475,20.75999953597784
21:06:07.939832,248,0.33235096525276225,2.0594378695750812,-0.04172721910502429,-0.8349600223009475,55.75999875366688
21:06:07.939832,248,0.34187801851693594,2.1184729750178364,-0.12890762617411794,-0.8349600223009475,75.11999832093716
21:06:07.939832,248,0.3508098128052368,2.17381951323713,-0.2209313566113777,-0.6958000185841229,155.1199965327978
21:06:07.939832,248,0.3595880141128076,2.2282143009454067,-0.29507972459526577,-0.6958000185841229,232.1199948117137
21:06:07.939832,248,0.36735203696937885,2.27632465524785,-0.39580211568035095,-0.6263600167294499,92.23999793827534
21:06:07.939832,248,0.37353646097386867,2.3146469059043784,-0.5242966828252782,-0.6958000185841229,22.639999493956566
21:06:07.939832,248,0.37963555522300346,2.35244040428409,-0.6338963870885707,-0.8349600223009475,10.239999771118164
21:06:07.939832,248,0.3529283828412464,2.0560114443576074,-0.04172721910502429,-0.8349600223009475,41.999999061226845
21:06:07.939832,248,0.3630453009588456,2.1149483291271416,-0.12890762617411794,-0.8349600223009475,55.99999874830246
21:06:07.939832,248,0.3725301048066193,2.170202783590448,-0.2209313566113777,-0.6958000185841229,120.11999731510878
21:06:07.939832,248,0.3818518060069744,2.224507071034037,-0.29507972459526577,-0.6958000185841229,182.87999591231346
21:06:07.939832,248,0.3894074153894008,2.268522854730165,-0.41883969766306284,-0.6263600167294499,77.87999825924635
21:06:07.939832,248,0.3966638670764448,2.310795872258204,-0.5242966828252782,-0.6958000185841229,24.51999945193529
21:06:07.939832,248,0.40314058504988726,2.3485264910542107,-0.6338963870885707,-0.8349600223009475,11.119999751448631
21:06:07.939832,248,0.3730783802085225,2.0502245112034156,-0.10428153930744617,-0.8349600223009475,31.87999928742647
21:06:07.939832,248,0.3843878494384238,2.1123748588351514,-0.10744272184336565,-0.8349600223009475,43.119999036192894
21:06:07.939832,248,0.39421314410962716,2.166369035483604,-0.2209313566113777,-0.6958000185841229,95.11999787390232
21:06:07.939832,248,0.4035289381949731,2.217563289528625,-0.3176350227425462,-0.6958000185841229,146.23999673128128
21:06:07.939832,248,0.41207279513677497,2.264515420371766,-0.41883969766306284,-0.6958000185841229,66.87999850511551
21:06:07.939832,248,0.4197516071246387,2.3067137609607906,-0.5242966828252782,-0.6958000185841229,25.999999418854713
21:06:07.939832,248,0.4500273570894425,2.3399945274228444,-0.6338963870885707,-0.6958000185841229,12.11999972909689
21:06:07.939832,248,0.43754833483669,2.4045143554473087,-0.6501567324128542,-0.8349600223009475,7.239999838173389
21:06:07.939832,248,0.39356162939721423,2.0463912792974153,-0.10428153930744617,-0.8349600223009475,24.759999446570873
21:06:07.939832,248,0.40549202626247843,2.1084254266329348,-0.10744272184336565,-0.8349600223009475,34.11999923735857
21:06:07.939832,248,0.4158567624284961,2.1623186522881976,-0.2209313566113777,-0.6958000185841229,76.87999828159809
21:06:07.939832,248,0.4256840247247151,2.213417190255815,-0.3176350227425462,-0.6958000185841229,118.51999735087156
21:06:07.939832,248,0.4346969679498703,2.260281536368543,-0.41883969766306284,-0.6958000185841229,58.11999870091677
21:06:07.939832,248,0.44279737236378836,2.302400980219848,-0.5242966828252782,-0.6958000185841229,26.87999939918518
21:06:07.939832,248,0.47340441066419187,2.335377330210572,-0.6338963870885707,-0.6958000185841229,13.999999687075615
21:06:07.939832,248,0.4855479081698231,2.3952830855125367,-0.6501567324128542,-0.8349600223009475,7.759999826550484
21:06:07.939832,248,0.4374587954195275,2.158052039039155,-0.2209313566113777,-0.6958000185841229,62.99999859184027
21:06:07.939832,248,0.4477965432086232,2.2090497511183824,-0.3176350227425462,-0.6958000185841229,96.99999783188105
21:06:07.939832,248,0.4572776714303601,2.2558216261053485,-0.41883969766306284,-0.6958000185841229,50.99999886006117
21:06:07.939832,248,0.4657988582366776,2.2978579613098375,-0.5242966828252782,-0.6958000185841229,27.119999393820763
21:06:07.939832,248,0.4967341241944933,2.3305265972218594,-0.6338963870885707,-0.6958000185841229,15.519999653100967
21:06:07.939832,248,0.5094760620857238,2.390307924312717,-0.6501567324128542,-0.4872000130126253,7.879999823868275
21:06:07.939832,248,0.46986428241337463,2.2044614088565813,-0.3176350227425462,-0.6958000185841229,80.23999820649624
21:06:07.939832,248,0.4798126475268144,2.251136135569473,-0.41883969766306284,-0.6958000185841229,44.99999899417162
21:06:07.939832,248,0.48875376461398984,2.293085158528842,-0.5242966828252782,-0.6958000185841229,26.87999939918518
21:06:07.990055,249,-0.19410720752210625,1.9526349680265107,0.9768145139549815,-0.8349600223009475,38.519999139010906
21:06:07.990055,249,-0.17258865685480404,1.9544059877744226,0.9763399706437488,-0.8349600223009475,46.759998954832554
21:06:07.990055,249,-0.17752143251954255,2.010265083448499,0.9470826290907519,-0.8349600223009475,42.75999904423952
21:06:07.990055,249,-0.12682495505654603,1.9396629948394342,1.0818233292349144,-0.6958000185841229,38.359999142587185
21:06:07.990055,249,-0.1510528474664112,1.9559690692025993,0.9759211442373648,-0.8349600223009475,57.6399987116456
21:06:07.990055,249,-0.1553701057593396,2.011872839481436,0.9466518321601003,-0.8349600223009475,51.35999885201454
21:06:07.990055,249,-0.13801929636226976,2.1108694389705116,1.0007794760995847,-0.8349600223009475,28.879999354481697
21:06:07.990055,249,-0.10570684429897395,1.940786046525266,1.0815224084426374,-0.6958000185841229,46.35999896377325
21:06:07.990055,249,-0.129501932919824,1.9573240560042082,0.9755580766181189,-0.8349600223009475,71.99999839067459
21:06:07.990055,249,-0.13320324211872994,2.0132665533120555,0.9462783876647056,-0.8349600223009475,62.23999860882759
21:06:07.990055,249,-0.1141080482425708,2.0704213584585833,0.9166738618049397,-0.8349600223009475,33.639999248087406
21:06:07.990055,249,-0.08457816294553325,1.94170506017745,1.0812761594767015,-0.6958000185841229,56.639998733997345
21:06:07.990055,249,-0.086363409940661,1.9594092245603778,0.9749993573874105,-0.8349600223009475,91.51999795436859
21:06:07.990055,249,-0.08883177219947112,2.015411318303461,0.9457036996173038,-0.8349600223009475,76.11999829858541
21:06:07.990055,249,-0.09130013445828125,2.0714134120465455,0.9164080418471969,-0.8349600223009475,39.23999912291765
21:06:07.990055,249,-0.06344102384665766,1.9424199438953895,1.0810846069617976,-0.6958000185841229,69.35999844968319
21:06:07.990055,249,-0.06478011532424166,1.960139197799831,0.9748037616474028,-0.8349600223009475,118.23999735713005
21:06:07.990055,249,-0.06663160303063943,2.016162154989546,0.9455025135336199,-0.8349600223009475,94.11999789625406
21:06:07.990055,249,-0.06848309073703722,2.072185112179261,0.9162012654198368,-0.8349600223009475,46.11999896913767
21:06:07.990055,249,-0.07032726031020811,2.127986634755578,0.8870158325159898,-0.7655200204462744,14.879999667406082
21:06:07.990055,249,-0.042297540698548346,1.9429306261913117,1.0809477700530163,-0.6958000185841229,85.23999809473753
21:06:07.990055,249,-0.04354202003297476,2.0000955812356667,1.0539073916163855,-0.8349600223009475,155.1199965327978
21:06:07.990055,249,-0.04442477075732868,2.016698520545356,0.9453587948160926,-0.8349600223009475,117.119997382164
21:06:07.990055,249,-0.045659198764094654,2.072736381687364,0.9160535532003289,-0.8349600223009475,53.99999879300594
21:06:07.990055,249,-0.04688874760877854,2.128552749307071,0.8868641425790935,-0.7655200204462744,16.119999639689922
21:06:07.990055,249,-0.021149827831806096,1.9432370559974168,1.0808656624339337,-0.6958000185841229,104.23999767005444
21:06:07.990055,249,-0.021772098612297657,2.0004110268274373,1.0538228682248147,-0.8349600223009475,205.7599954009056
21:06:07.990055,249,-0.02221349604416131,2.0170203613347875,0.9452725578364731,-0.8349600223009475,146.5199967250228
21:06:07.990055,249,-0.022830740909528996,2.0730671654443644,0.9159649199597713,-0.8349600223009475,63.35999858379364
21:06:07.990055,249,-0.023445546071871517,2.1288924406839436,0.8867731225489848,-0.7655200204462744,17.519999608397484
21:06:07.990055,249,0.0,1.952433500203468,1.1003173177197039,-0.6958000185841229,125.35999719798565
21:06:07.990055,249,0.0,2.000516178863066,1.0537946928217854,-0.8349600223009475,272.6399939060211
21:06:07.990055,249,0.0,2.017127645174029,0.9452438112183872,-0.8349600223009475,182.87999591231346
21:06:07.990055,249,0.0,2.073177430372165,0.9159353745614136,-0.8349600223009475,73.75999835133553
21:06:07.990055,249,0.0,2.1290056749173445,0.8867427815275895,-0.7655200204462744,18.879999577999115
21:06:07.990055,249,0.021187255948199087,1.9523311727644823,1.1003447362743435,-0.6958000185841229,146.1199967339635
21:06:07.990055,249,0.021772098612297657,2.0004110268274373,1.0538228682248147,-0.8349600223009475,352.519992120564
21:06:07.990055,249,0.02221349604416131,2.0170203613347875,0.9452725578364731,-0.8349600223009475,225.23999496549368
21:06:07.990055,249,0.022830740909528996,2.0730671654443644,0.9159649199597713,-0.8349600223009475,84.75999810546637
21:06:07.990055,249,0.023445546071871517,2.1288924406839436,0.8867731225489848,-0.7655200204462744,20.119999550282955
21:06:07.990055,249,0.04257149961420093,1.9781301797280697,1.1593965495065903,-0.6958000185841229,161.99999637901783
21:06:07.990055,249,0.04354202003297476,2.0000955812356667,1.0539073916163855,-0.7655200204462744,426.7599904611707
21:06:07.990055,249,0.04442477075732868,2.016698520545356,0.9453587948160926,-0.8349600223009475,269.63999397307634
21:06:07.990055,249,0.045659198764094654,2.072736381687364,0.9160535532003289,-0.8349600223009475,95.3599978685379
21:06:07.990055,249,0.04688874760877854,2.128552749307071,0.8868641425790935,-0.7655200204462744,21.119999527931213
21:06:07.990055,249,0.06385192797521654,1.977616189770148,1.1595342727007332,-0.6958000185841229,168.51999623328447
21:06:07.990055,249,0.0653075872881281,1.999569873632049,1.0540482545442298,-0.7655200204462744,463.11998964846134
21:06:07.990055,249,0.06663160303063943,2.016162154989546,0.9455025135336199,-0.8349600223009475,307.35999312996864
21:06:07.990055,249,0.06848309073703722,2.072185112179261,0.9162012654198368,-0.8349600223009475,104.11999767273664
21:06:07.990055,249,0.07032726031020811,2.127986634755578,0.8870158325159898,-0.7655200204462744,21.99999950826168
21:06:07.990055,249,0.0852416740610359,1.9852025101084372,1.1795547840505942,-0.6958000185841229,163.75999633967876
21:06:07.990055,249,0.08706662383926739,1.9988339565869042,1.0542454429221726,-0.7655200204462744,441.99999012053013
21:06:07.990055,249,0.08883177219947112,2.015411318303461,0.9457036996173038,-0.8349600223009475,327.9999926686287
21:06:07.990055,249,0.09130013445828125,2.0714134120465455,0.9164080418471969,-0.8349600223009475,108.99999756366014
21:06:07.990055,249,0.09284531600534422,2.0809904106637904,0.8029764178043934,-0.7655200204462744,22.359999500215054
21:06:07.990055,249,0.2600950902500824,6.193224531287522,0.0035720548281279463,-0.06972000186215155,4.999999888241291
21:06:07.990055,249,0.10653610877735054,1.9842762868438395,1.1798029648263542,-0.6958000185841229,150.11999664455652
21:06:07.990055,249,0.1090095233880477,2.007245122713229,1.0745523211008816,-0.7655200204462744,379.9999915063381
21:06:07.990055,249,0.11102305826550622,2.0144460855701434,0.9459623329487044,-0.8349600223009475,325.3599927276373
21:06:07.990055,249,0.1141080482425708,2.0704213584585833,0.9166738618049397,-0.8349600223009475,108.75999756902456
21:06:07.990055,249,0.11603923543700323,2.0799815673645434,0.8032467365517162,-0.7655200204462744,22.239999502897263
21:06:07.990055,249,0.1246085292761629,1.9550987427259872,1.2819858746643429,-0.6958000185841229,41.879999063909054
21:06:07.990055,249,0.1282636250081151,2.006860448568577,1.2400756064036753,-0.7655200204462744,131.99999704957008
21:06:07.990055,249,0.13078744329291123,2.0060869826720187,1.074862643789646,-0.7655200204462744,307.87999311834574
21:06:07.990055,249,0.13320324211872994,2.0132665533120555,0.9462783876647056,-0.8349600223009475,302.23999324440956
21:06:07.990055,249,0.1369045513176359,2.069209050619903,0.9169986987112919,-0.7655200204462744,102.8799977004528
21:06:07.990055,249,0.13922155104233627,2.078748742188043,0.8035770710621681,-0.7655200204462744,21.639999516308308
21:06:07.990055,249,0.1842176601213061,2.147548050348922,-0.1366626079382347,-0.06972000186215155,13.119999706745148
21:06:07.990055,249,0.18804161814029863,2.1921264777531997,-0.18101507722986865,-0.06972000186215155,6.7599998489022255
21:06:07.990055,249,0.14567314909397627,1.974468730353547,1.341414219673907,-0.7655200204462744,49.11999890208244
21:06:07.990055,249,0.14975109427074312,2.0130221454453157,1.2605799886239961,-0.7655200204462744,113.23999746888876
21:06:07.990055,249,0.15255228456301928,2.004718545495195,1.0752293154260688,-0.7655200204462744,244.1199945434928
21:06:07.990055,249,0.1553701057593396,2.011872839481436,0.9466518321601003,-0.8349600223009475,267.7599940150976
21:06:07.990055,249,0.159687364052268,2.067776609760272,0.9173825200828356,-0.7655200204462744,92.87999792397022
21:06:07.990055,249,0.16238994460920506,2.0772920584157735,0.8039673883025753,-0.7655200204462744,20.63999953866005
21:06:07.990055,249,0.2060953390646806,2.1009261834650825,-0.09163399864196586,-0.06972000186215155,8.999999798834324
21:06:07.990055,249,0.16653362907911415,1.9794577543056258,1.3616456995807873,-0.7655200204462744,56.759998731315136
21:06:07.990055,249,0.1751209092585943,2.0299843356279648,1.1363648169101503,-0.7655200204462744,193.63999567180872
21:06:07.990055,249,0.17752143251954255,2.010265083448499,0.9470826290907519,-0.8349600223009475,230.51999484747648
21:06:07.990055,249,0.18067668734804304,2.021183551542972,0.8357690282624697,-0.7655200204462744,80.75999819487333
21:06:07.990055,249,0.18554209931766336,2.0756116617148916,0.8044176492415405,-0.7655200204462744,19.239999569952488
21:06:07.990055,249,0.1872972319743115,1.9777488682689335,1.3621035942142756,-0.7655200204462744,63.879998572170734
21:06:07.990055,249,0.19695518404500362,2.028187331153735,1.1368463228078152,-0.7655200204462744,155.3599965274334
21:06:07.990055,249,0.19965500728522115,2.0084434459875036,0.9475707353773279,-0.8349600223009475,195.87999562174082
21:06:07.990055,249,0.20320366288601258,2.019329536411781,0.8362658101196274,-0.7655200204462744,68.51999846845865
21:06:07.990055,249,0.20867569997163718,2.0737077201236604,0.8049278088533469,-0.7655200204462744,17.999999597668648
21:06:07.990055,249,0.2080421053032292,1.9758395100201442,1.3626152052151004,-0.7655200204462744,69.2399984523654
21:06:07.990055,249,0.21876976347801763,2.0261795171495764,1.1373843149487814,-0.8349600223009475,126.35999717563391
21:06:07.990055,249,0.22176861671744233,2.0064081092606667,0.9481161022096092,-0.8349600223009475,165.99999628961086
21:06:07.990055,249,0.23178843323044254,2.071580424034643,0.8054978161224611,-0.7655200204462744,17.999999597668648
21:06:07.990055,249,0.2287661745959144,1.9737298704934825,1.36318048142259,-0.7655200204462744,71.3599984049797
21:06:07.990055,249,0.2438600494737897,2.0041592767999576,0.9487186750513692,-0.5566400148672983,141.1199968457222
21:06:07.990055,249,0.25487798784011734,2.069229986175667,0.8061276140486333,-0.7655200204462744,18.639999583363533
21:06:07.990055,249,0.24946736746280054,1.9714201606511337,1.3637993663095977,-0.7655200204462744,69.75999844074249
21:06:07.990055,249,0.2622298309773672,1.9269588845849939,1.4417832641078965,-0.7655200204462744,28.239999368786812
21:06:07.990055,249,0.2704275508880646,1.9871986717838084,1.424332524681145,-0.7655200204462744,64.87999854981899
21:06:07.990055,249,0.2910984866695228,1.98448668673546,1.425059198884735,-0.7655200204462744,57.999998703598976
21:06:07.990055,249,0.42172582506576783,2.0499978923207194,0.6963207411272827,-0.8349600223009475,17.23999961465597
21:06:07.990055,249,0.4500273570894425,2.096196689812607,0.7820679593871125,-0.4872000130126253,18.23999959230423
21:06:07.990055,249,0.47340441066419187,2.0917368197802038,0.7832629779606428,-0.4872000130126253,18.639999583363533
21:06:07.990055,249,0.4799942514239615,2.0937685252017637,0.6652414116977214,-0.8349600223009475,9.119999796152115
21:06:07.990055,249,0.48399218630326274,2.033515530792948,0.8156972735265502,-0.4872000130126253,20.999999530613422
21:06:07.990055,249,0.4967341241944933,2.0870513715099737,0.7845184400408285,-0.4872000130126253,18.519999586045742
21:06:07.990055,249,0.5036487170978267,2.0890178549832514,0.6665143499462785,-0.8349600223009475,9.63999978452921
21:06:07.990055,249,0.5066750606348237,2.028730935632819,0.8169793019358165,-0.4872000130126253,21.359999522566795
21:06:07.990055,249,0.5200141647285397,2.0821408135428197,0.7858342200825139,-0.4872000130126253,17.879999600350857
21:06:07.990055,249,0.5272528183219395,2.0840389415164093,0.6678484457889031,-0.41748001115047373,9.63999978452921
21:06:07.990055,249,0.529307267884814,2.023727483615672,0.8183199728631791,-0.4872000130126253,21.359999522566795
21:06:07.990055,249,0.5432422042817815,2.0770056369304237,0.7872101865087964,-0.4872000130126253,16.99999962002039
21:06:07.990055,249,0.550804194705953,2.0788322826884142,0.6692435658171287,-0.41748001115047373,9.239999793469906
21:06:07.990055,249,0.5518865448514697,2.0185056750825163,0.8197191522426679,-0.4872000130126253,21.119999527931213
21:06:07.990055,249,0.5664159200697239,2.071646355186145,0.7886462017241866,-0.4872000130126253,15.87999964505434
21:06:07.990055,249,0.57430049113196,2.0733983991607854,0.6706995705201217,-0.41748001115047373,8.639999806880951
21:06:07.990055,249,0.5895329947402029,2.066063504233669,0.790142122128366,-0.4872000130126253,14.51999967545271
21:06:07.990055,249,0.5977393579900033,2.067737834317323,0.6722163142986315,0.06972000186215155,7.879999823868275
21:06:07.990055,249,0.6125911166051192,2.0602576423534122,0.7916977981305475,-0.4872000130126253,13.239999704062939
21:06:07.990055,249,0.6355879798716044,2.0542293501266977,0.7933130741644343,-0.4872000130126253,12.23999972641468
21:06:08.044510,250,-0.029399717742343005,0.028108522885267898,1.750291022150969,-2.365720063186018,5.879999868571758
21:06:08.044510,250,0.06385192797521654,1.977616189770148,1.1595342727007332,-0.6263600167294499,169.8799962028861
21:06:08.044510,250,0.06573058104856573,2.035801664361594,1.1348060683738679,-0.6263600167294499,252.75999435037374
21:06:08.044510,250,0.08273369132613159,1.926793830604142,1.2036939443756551,-0.7655200204462744,56.639998733997345
21:06:08.044510,250,0.0851259711969298,1.9768966757884872,1.1597270658910621,-0.7655200204462744,213.23999523371458
21:06:08.044510,250,0.08763054971917927,2.0350609808209894,1.13500453393042,-0.6263600167294499,313.6399929895997
21:06:08.044510,250,0.08971356725879923,2.0655892337869126,1.047840797024084,-0.6263600167294499,145.11999675631523
21:06:08.044510,250,0.100711095708033,1.8969020061046582,1.3034650003029946,-0.7655200204462744,22.11999950557947
21:06:08.044510,250,0.10340160063446535,1.9258948587043474,1.2039348231702234,-0.7655200204462744,73.99999834597111
21:06:08.044510,250,0.106391501892842,1.975971709733883,1.1599749097984193,-0.7655200204462744,275.8799938336015
21:06:08.044510,250,0.10952175540823786,2.0341088003912473,1.135259669907618,-0.6263600167294499,399.5199910700321
21:06:08.044510,250,0.11212513674290266,2.0646144196005367,1.0481019976980939,-0.6263600167294499,179.7599959820509
21:06:08.044510,250,0.12083115593481744,1.8958320302997143,1.3037516994558502,-0.7655200204462744,28.759999357163906
21:06:08.044510,250,0.12405916986936558,1.924796298410732,1.2042291815137347,-0.7655200204462744,101.11999773979187
21:06:08.044510,250,0.1276463935276998,1.9748413841021673,1.1602777796386219,-0.7655200204462744,370.51999171823263
21:06:08.044510,250,0.131402009013513,2.0329452182896133,1.1355714507920782,-0.7655200204462744,525.6399882510304
21:06:08.044510,250,0.1345254938072703,2.0634231786295443,1.0484211897542621,-0.6263600167294499,228.75999488681555
21:06:08.044510,250,0.14080489955990888,1.887505588903042,1.2851310725138483,-0.7655200204462744,38.239999145269394
21:06:08.044510,250,0.14470433329121576,1.923498259578404,1.2045769899706011,-0.7655200204462744,145.75999674201012
21:06:08.044510,250,0.14888852063014704,1.9735058119249544,1.1606356451249396,-0.7655200204462744,521.879988335073
21:06:08.044510,250,0.15326912252797553,2.0315703508733223,1.1359398454059733,-0.7655200204462744,720.6399838924408
21:06:08.044510,250,0.1569123984349628,2.0620156299970342,1.0487983412736508,-0.6263600167294499,301.5199932605028
21:06:08.044510,250,0.16098761810558213,2.109425334463948,1.0011664227359047,-0.6263600167294499,11.639999739825726
21:06:08.044510,250,0.1956846391967033,1.951446406191422,-0.14777501134134186,-0.06972000186215155,6.5199998542666435
21:06:08.044510,250,0.16087964511244326,1.8860485523281616,1.28552148428743,-0.7655200204462744,51.99999883770943
21:06:08.044510,250,0.16533502640097028,1.9220008720101591,1.2049782137602687,-0.7655200204462744,226.11999494582415
21:06:08.044510,250,0.17011575900527026,1.9719651267583445,1.1610484704711233,-0.7655200204462744,781.9999825209379
21:06:08.044510,250,0.1751209092585943,2.0299843356279648,1.1363648169101503,-0.7655200204462744,1041.1199767291546
21:06:08.044510,250,0.17928361195427317,2.0603919144566905,1.0492334145414237,-0.6263600167294499,414.99999072402716
21:06:08.044510,250,0.1839398412219595,2.107759448912977,1.00161279542397,-0.6263600167294499,11.639999739825726
21:06:08.044510,250,0.18093830283525145,1.8843976846887496,1.2859638329382213,-0.7655200204462744,71.11999841034412
21:06:08.044510,250,0.18594918614660247,1.920304285443499,1.2054328127606948,-0.7655200204462744,384.9999913945794
21:06:08.044510,250,0.19132598594701605,1.9702194826695625,1.1615162143949846,-0.7655200204462744,1265.879971705377
21:06:08.044510,250,0.19695518404500362,2.028187331153735,1.1368463228078152,-0.7655200204462744,1605.759964108467
21:06:08.044510,250,0.20163689726259204,2.0585521943787066,1.0497263660506189,-0.6958000185841229,603.2399865165353
21:06:08.044510,250,0.20687367050831962,2.105871948904759,1.0021185495268858,-0.6263600167294499,11.879999734461308
21:06:08.044510,250,0.2009788668793664,1.8825531510701863,1.2864580742317273,-0.7655200204462744,93.35999791324139
21:06:08.044510,250,0.20626439742290276,1.9103585912935348,1.186693345296264,-0.7655200204462744,715.7599840015173
21:06:08.044510,250,0.21251708045046022,1.9682690542215553,1.1620388301225228,-0.7655200204462744,2207.2399506643414
21:06:08.044510,250,0.21774657975086528,1.9993529246402393,1.0766670292010456,-0.6263600167294499,32.55999927222729
21:06:08.044510,250,0.22397001905011618,2.0564966537335496,1.050277146506498,-0.6958000185841229,933.8799791261554
21:06:08.044510,250,0.22978681260094785,2.1037630231877116,1.002683634469666,-0.6263600167294499,14.999999664723873
21:06:08.044510,250,0.2995102826459827,1.9842338126845127,-0.19189613545375916,-0.06972000186215155,13.759999692440033
21:06:08.044510,250,0.22023477390720117,1.858223212636101,1.2305559879056118,-0.7655200204462744,108.35999757796526
21:06:08.044510,250,0.2268113807298432,1.908266978515861,1.1872537912509205,-0.7655200204462744,1198.8799732029438
21:06:08.044510,250,0.23368692342390626,1.9661140364555336,1.162616265392603,-0.7655200204462744,1060.1999763026834
21:06:08.044510,250,0.23943735816528705,1.9971448774241807,1.0772586736694383,-0.7655200204462744,0.0
21:06:08.044510,250,0.2462807440233776,2.0542254980735613,1.0508857008314771,-0.7655200204462744,1518.7599660530686
21:06:08.044510,250,0.25267697620483154,2.1014328826526403,1.0033079937442893,-0.7655200204462744,21.239999525249004
21:06:08.044510,250,0.24016395504029978,1.8559996390425861,1.2311517926543052,-0.7655200204462744,104.11999767273664
21:06:08.044510,250,0.24733568308873347,1.905977005011894,1.187867387801997,-0.7655200204462744,1091.7599755972624
21:06:08.044510,250,0.25483339790079307,1.9637546448714687,1.163248462462182,-0.7655200204462744,1393.439968854189
21:06:08.044510,250,0.2611041930444931,1.9947274272755424,1.0779064274845085,-0.7655200204462744,0.0
21:06:08.044510,250,0.26856684112857093,2.0517389545124054,1.0515519681706338,-0.7655200204462744,2326.239948004484
21:06:08.044510,250,0.27554187232278776,2.0988817603116474,1.0039915649153512,-0.7655200204462744,30.759999312460423
21:06:08.044510,250,0.3565563167685819,2.0200668549517946,-0.23683333521231065,-0.06972000186215155,12.11999972909689
21:06:08.044510,250,0.26006911997910387,1.853583678731925,1.2317991472684926,-0.8349600223009475,84.35999811440706
21:06:08.044510,250,0.2678352520865329,1.903488899777067,1.1885340735903525,-0.8349600223009475,606.7599864378572
21:06:08.044510,250,0.27595438925138943,1.9611911154065422,1.1639353581120824,-0.8349600223009475,2571.7599425166845
21:06:08.044510,250,0.282744917723148,1.9921008159373137,1.0786102258714174,-0.7655200204462744,0.0
21:06:08.044510,250,0.29082608177465685,2.049037271702354,1.052275881897792,-0.7655200204462744,2537.2399432882667
21:06:08.044510,250,0.2983792144843609,2.0961099112748287,1.004734279626308,-0.7655200204462744,41.999999061226845
21:06:08.044510,250,0.2799482782237962,1.850975573298125,1.2324979870132544,-0.8349600223009475,62.639998599886894
21:06:08.044510,250,0.28830803778351627,1.9008029116198175,1.1892537819479672,-0.8349600223009475,329.63999263197184
21:06:08.044510,250,0.29704778539425547,1.9584237044115518,1.1646768836533152,-0.8349600223009475,1440.2399678081274
21:06:08.044510,250,0.30435736814691455,1.9892653060684278,1.0793699984509157,-0.7655200204462744,122.43999726325274
21:06:08.044510,250,0.31305624005621974,2.0461207198094264,1.0530573696221854,-0.7655200204462744,1787.879960037768
21:06:08.044510,250,0.32118671897446793,2.093117612724765,1.0055360636063102,-0.7655200204462744,51.879998840391636
21:06:08.044510,250,0.299799441875207,1.8481755835495444,1.233248242005202,-0.8349600223009475,45.519998982548714
21:06:08.044510,250,0.30875199291826594,1.897919309136712,1.1900264409046075,-0.8349600223009475,197.23999559134245
21:06:08.044510,250,0.31811147700744896,1.9554526886252799,1.1654729649339468,-0.8349600223009475,855.6399808749557
21:06:08.044510,250,0.3259393830888572,1.9862211812174977,1.080185669246382,-0.7655200204462744,1614.5199639126658
21:06:08.044510,250,0.33525509297605566,2.0429895904863664,1.0538963531956969,-0.7655200204462744,1072.3599760308862
21:06:08.044510,250,0.343962105061768,2.089905163888806,1.0063968366776317,-0.7655200204462744,59.239998675882816
21:06:08.044510,250,0.36085066328337645,1.9524807078063908,0.6473682382987644,-0.5566400148672983,7.999999821186066
21:06:08.044510,250,0.46694659991823995,2.0459450722418437,-0.2789634806020014,-0.13916000371682458,6.6399998515844345
21:06:08.044510,250,0.3196206258336026,1.845183989482812,1.2340498372194648,-0.8349600223009475,33.639999248087406
21:06:08.044510,250,0.3291650731123965,1.8948383806855824,1.1908519731950258,-0.8349600223009475,128.87999711930752
21:06:08.044510,250,0.3391433577394558,1.9522783651468154,1.1663235223465165,-0.8349600223009475,550.8799876868725
21:06:08.044510,250,0.34748880436556334,1.9829687457944558,1.0810571566914204,-0.8349600223009475,1016.2399772852659
21:06:08.044510,250,0.35742042066747115,2.0396441968434837,1.0547927487206714,-0.7655200204462744,657.9999852925539
21:06:08.044510,250,0.3667030952267337,2.086472886009143,1.0073165127636865,-0.7655200204462744,55.87999875098467
21:06:08.044510,250,0.33940984799719315,1.8420010902548276,1.2349026924971929,-0.8349600223009475,25.359999433159828
21:06:08.044510,250,0.34954523707499063,1.8915604343566923,1.1917302962666843,-0.8349600223009475,90.11999798566103
21:06:08.044510,250,0.3584569474896517,1.9229317766629004,1.108222280717725,-0.8349600223009475,379.23999152332544
21:06:08.044510,250,0.3690034770529593,1.97950832504012,1.0819843736380166,-0.8349600223009475,684.1199847087264
21:06:08.044510,250,0.3795500066162668,2.03608487341734,1.0557464665583078,-0.8349600223009475,429.99999038875103
21:06:08.044510,250,0.3894074153894008,2.0828211223106883,1.008294999897637,-0.7655200204462744,48.239998921751976
21:06:08.044510,250,0.3586776163439777,1.8308505107529394,1.2171349246677308,-0.8349600223009475,19.759999558329582
21:06:08.044510,250,0.36989044680672656,1.888085797941929,1.192661322288012,-0.8349600223009475,66.35999851673841
21:06:08.044510,250,0.3793208615212144,1.9193685538500396,1.1091770433928834,-0.8349600223009475,274.999993853271
21:06:08.044510,250,0.39048124970180137,1.975840264993668,1.0829672273652524,-0.8349600223009475,486.5199891254306
21:06:08.044510,250,0.4016416378823883,2.0323119761372963,1.0567574113376212,-0.8349600223009475,298.11999333649874
21:06:08.044510,250,0.40963817303801847,2.0482065675240633,0.9462888470395667,-0.4872000130126253,40.51999909430742
21:06:08.044510,250,0.39019866780367624,1.8844148189020227,1.1936449581571864,-0.8349600223009475,50.87999886274338
21:06:08.044510,250,0.4001468437844202,1.9156039826261408,1.1101857572121765,-0.8349600223009475,207.63999535888433
21:06:08.044510,250,0.4119199745528187,1.97196493245803,1.0840056195885786,-0.8349600223009475,361.119991928339
21:06:08.044510,250,0.4236931053212172,2.028325882289919,1.0578254819649806,-0.8349600223009475,216.99999514967203
21:06:08.044510,250,0.43118603648078374,2.0334910653380764,0.9265693040228242,-0.4872000130126253,33.99999924004078
21:06:08.044510,250,0.41046786926075446,1.8805478643318017,1.194681105511445,-0.8349600223009475,40.23999910056591
21:06:08.044510,250,0.4209328116984911,1.911638439445173,1.1112483213050677,-0.8349600223009475,161.87999638170004
21:06:08.044510,250,0.43331750775148775,1.9678827149632132,1.0850994464696428,-0.8349600223009475,277.3599938005209
21:06:08.044510,250,0.44570220380448444,2.0241269904812533,1.058950571634218,-0.8349600223009475,164.23999632894993
21:06:08.044510,250,0.45358436164191773,2.0292179169345466,0.9277142906866884,-0.4872000130126253,28.759999357163906
21:06:08.044510,250,0.44167668668404986,1.907472320858131,1.1123646294160379,-0.8349600223009475,129.5199971050024
21:06:08.044510,250,0.4546717095624153,1.963594020727547,1.0862485986266737,-0.8349600223009475,218.99999510496855
21:06:08.044510,250,0.46766673244078083,2.0197157205969627,1.0601325678373095,-0.8349600223009475,128.35999713093042
21:06:08.044510,250,0.4759373287469008,2.0247286345899296,0.9289171902655238,-0.4872000130126253,24.51999945193529
21:06:08.044510,250,0.47598044458331107,1.959099278616862,1.0874529611454178,-0.8349600223009475,176.75999604910612
21:06:08.044510,250,0.48958449479564475,2.01509251376034,1.0613713523756247,-0.8349600223009475,102.8799977004528
21:06:08.044510,250,0.5204982524357755,2.015103485343651,0.9314962412330932,-0.4872000130126253,21.119999527931213
21:06:08.044510,250,0.49724158195852525,1.9543989381016036,1.0887124135906328,-0.8349600223009475,145.3599967509508
21:06:08.044510,250,0.5114532991112034,2.010257832288195,1.0626668013717477,-0.8349600223009475,84.11999811977148
21:06:08.044510,250,0.5427017529646314,2.0099685809488506,0.9328721347188909,-0.4872000130126253,18.35999958962202
21:06:08.101911,251,0.020660512943735193,2.0659824717192987,-0.2911567160691148,-0.8349600223009475,75.75999830663204
21:06:08.101911,251,0.021149827831806096,2.1149123305596285,-0.384868835243073,-0.4872000130126253,140.9999968484044
21:06:08.101911,251,0.04131895985348541,2.0656725717797357,-0.2911567160691148,-0.8349600223009475,93.87999790161848
21:06:08.101911,251,0.04237239318855405,2.1183372166344436,-0.36369976413072647,-0.4872000130126253,173.87999611347914
21:06:08.101911,251,0.043190342750562716,2.1592292425066297,-0.48294216819660385,-0.4872000130126253,121.51999728381634
21:06:08.101911,251,0.05981355995704752,1.9931872049887491,-0.34229819643097675,-0.7655200204462744,48.75999891012907
21:06:08.101911,251,0.06168342659106865,2.055497394394674,-0.3529989802808516,-0.4872000130126253,119.3599973320961
21:06:08.101911,251,0.06355329322508979,2.1178075838006,-0.36369976413072647,-0.4872000130126253,219.35999509692192
21:06:08.101911,251,0.06492173484384003,2.163408620208159,-0.46132177011170505,-0.4872000130126253,146.23999673128128
21:06:08.101911,251,0.07974210871229678,1.9924894208461217,-0.34229819643097675,-0.7655200204462744,61.75999861955643
21:06:08.101911,251,0.0822349733489224,2.054777796414399,-0.3529989802808516,-0.4872000130126253,156.35999650508165
21:06:08.101911,251,0.08472783798554802,2.1170661719826764,-0.36369976413072647,-0.4872000130126253,284.759993635118
21:06:08.101911,251,0.08655221393653931,2.1626512441697088,-0.46132177011170505,-0.4872000130126253,179.6399959847331
21:06:08.101911,251,0.09966268332348284,1.9915923894307186,-0.34229819643097675,-0.7655200204462744,80.23999820649624
21:06:08.101911,251,0.1027782966783378,2.0538527223759764,-0.3529989802808516,-0.4872000130126253,212.8799952417612
21:06:08.101911,251,0.10589391003319275,2.116113055321234,-0.36369976413072647,-0.4872000130126253,382.8799914419651
21:06:08.101911,251,0.10817403788035845,2.1616776048187116,-0.46132177011170505,-0.4872000130126253,225.99999494850636
21:06:08.101911,251,0.11102305826550622,2.218610522207425,-0.49674519220854924,-0.6263600167294499,47.8799989297986
21:06:08.101911,251,0.11957329174983401,1.990496200444931,-0.34229819643097675,-0.904680024163099,107.8799975886941
21:06:08.101911,251,0.12331134226419307,2.0527222647860364,-0.3529989802808516,-0.4872000130126253,304.5199931934476
21:06:08.101911,251,0.12704939277855215,2.1149483291271416,-0.36369976413072647,-0.4872000130126253,538.2399879693985
21:06:08.101911,251,0.13055640215845393,2.1733283297398533,-0.3961924560497363,-0.6263600167294499,292.6399934589863
21:06:08.101911,251,0.13320324211872994,2.2173893805566007,-0.49674519220854924,-0.6263600167294499,53.75999879837036
21:06:08.101911,251,0.1394719429471888,1.9892009635067374,-0.34229819643097675,-0.904680024163099,150.51999663561583
21:06:08.101911,251,0.14383205681913228,2.0513865366893898,-0.3529989802808516,-0.4872000130126253,464.5199896171689
21:06:08.101911,251,0.1481921706910758,2.113572109872042,-0.36369976413072647,-0.4872000130126253,799.6399821266532
21:06:08.101911,251,0.15228279498510502,2.1719141220006613,-0.3961924560497363,-0.6263600167294499,392.2399912327528
21:06:08.101911,251,0.1553701057593396,2.215946501825452,-0.49674519220854924,-0.6263600167294499,60.87999863922596
21:06:08.101911,251,0.1593566470670986,1.9877068081387477,-0.34229819643097675,-0.904680024163099,217.8799951300025
21:06:08.101911,251,0.16433838828889225,2.0498456716577276,-0.3529989802808516,-0.4872000130126253,766.5199828669429
21:06:08.101911,251,0.1693201295106859,2.111984535176707,-0.36369976413072647,-0.8349600223009475,1263.3599717617035
21:06:08.101911,251,0.1739939596598403,2.1702827246689016,-0.3961924560497363,-0.8349600223009475,544.5199878290296
21:06:08.101911,251,0.17752143251954255,2.2142820303006427,-0.49674519220854924,-0.6263600167294499,69.35999844968319
21:06:08.101911,251,0.17922541565581082,1.9860138837552466,-0.34229819643097675,-0.904680024163099,322.3599927946925
21:06:08.101911,251,0.18482828605750612,2.048099823776262,-0.3529989802808516,-0.8349600223009475,1353.759969741106
21:06:08.101911,251,0.19043115645920142,2.1101857637972774,-0.36369976413072647,-0.8349600223009475,2075.359953612089
21:06:08.101911,251,0.19568772508438184,2.168434300882939,-0.3961924560497363,-0.8349600223009475,771.1199827641249
21:06:08.101911,251,0.19965500728522115,2.212396132427931,-0.49674519220854924,-0.7655200204462744,79.35999822616577
21:06:08.101911,251,0.24977515253944768,2.48942018714158,-1.6036515851188484,-0.13916000371682458,6.8799998462200165
21:06:08.101911,251,0.1946959491331067,1.9404653393219293,-0.19567350156272043,-0.904680024163099,27.239999391138554
21:06:08.101911,251,0.1990762618531126,1.9841223596472541,-0.34229819643097675,-0.904680024163099,457.3599897772074
21:06:08.101911,251,0.2052997011523635,2.046149167628319,-0.3529989802808516,-0.904680024163099,2194.6399509459734
21:06:08.101911,251,0.2115231404516144,2.108175975609383,-0.36369976413072647,-0.8349600223009475,467.4399895519018
21:06:08.101911,251,0.21736192190036227,2.166369035483604,-0.3961924560497363,-0.8349600223009475,1046.2399766147137
21:06:08.101911,251,0.22176861671744233,2.2102889967955233,-0.49674519220854924,-0.7655200204462744,90.51999797672033
21:06:08.101911,251,0.2853874787577258,2.366802569980682,-1.6661850543377252,-0.13916000371682458,6.239999860525131
21:06:08.101911,251,0.2140905439674486,1.938421389869172,-0.19567350156272043,-0.904680024163099,33.7599992454052
21:06:08.101911,251,0.21890720059101537,1.982032424965596,-0.34229819643097675,-0.904680024163099,541.1199879050255
21:06:08.101911,251,0.22575058644910592,2.043993898277878,-0.3529989802808516,-0.904680024163099,2192.519950993359
21:06:08.101911,251,0.23259397230719647,2.1059553715901593,-0.36369976413072647,-0.8349600223009475,508.07998864352703
21:06:08.101911,251,0.2390143827062587,2.1640871349957065,-0.3961924560497363,-0.8349600223009475,1184.359973527491
21:06:08.101911,251,0.2438600494737897,2.2079608341152177,-0.49674519220854924,-0.7655200204462744,100.7599977478385
21:06:08.101911,251,0.23368629799134993,1.938029422533751,-0.17616196086845592,-0.904680024163099,41.51999907195568
21:06:08.101911,251,0.23983796827667386,1.9890470393694875,-0.2823306138446377,-0.904680024163099,478.3599893078208
21:06:08.101911,251,0.24617889687633748,2.0416342312500686,-0.3529989802808516,-0.904680024163099,1349.8799698278308
21:06:08.101911,251,0.2536415449604153,2.103524173798148,-0.36369976413072647,-0.904680024163099,2118.2399526536465
21:06:08.101911,251,0.26064294227413093,2.161588827607384,-0.3961924560497363,-0.8349600223009475,1003.6399775668979
21:06:08.101911,251,0.26592709642949586,2.2054118772013322,-0.49674519220854924,-0.7655200204462744,105.639997638762
21:06:08.101911,251,0.26755795376322705,2.2189370582833785,-0.6913695413355855,-0.7655200204462744,9.119999796152115
21:06:08.101911,251,0.25305458456322877,1.9355956978943043,-0.17616196086845592,-0.904680024163099,49.75999888777733
21:06:08.101911,251,0.2597161149216763,1.9865492481943652,-0.2823306138446377,-0.7655200204462744,342.6399923413992
21:06:08.101911,251,0.2665825896201303,2.0390704025096182,-0.3529989802808516,-0.904680024163099,762.7599829509854
21:06:08.101911,251,0.27466375367163914,2.1008826253510913,-0.36369976413072647,-0.904680024163099,1274.6399715095758
21:06:08.101911,251,0.2822454377661426,2.158874363147281,-0.3961924560497363,-0.8349600223009475,692.1199845299125
21:06:08.101911,251,0.28796755089835296,2.202642380947423,-0.49674519220854924,-0.8349600223009475,99.51999777555466
21:06:08.101911,251,0.2897335762435126,2.216150577474916,-0.6913695413355855,-0.7655200204462744,11.239999748766422
21:06:08.101911,251,0.2723975658886606,1.9329684153067117,-0.17616196086845592,-0.904680024163099,56.639998733997345
21:06:08.101911,251,0.279568290172777,1.983852803758756,-0.2823306138446377,-0.7655200204462744,230.63999484479427
21:06:08.101911,251,0.2869596243283042,2.036302668437251,-0.3529989802808516,-0.904680024163099,461.1199896931648
21:06:08.101911,251,0.29565849623760937,2.09803099040162,-0.36369976413072647,-0.904680024163099,793.3599822670221
21:06:08.101911,251,0.30381970895084315,2.15594401305957,-0.3961924560497363,-0.8349600223009475,451.3599899113178
21:06:08.101911,251,0.30997920885337976,2.1996526223007944,-0.49674519220854924,-0.8349600223009475,83.51999813318253
21:06:08.101911,251,0.31188022560891276,2.2131424834653988,-0.6913695413355855,-0.7655200204462744,13.639999695122242
21:06:08.101911,251,0.29171330768571846,1.9301478374970311,-0.17616196086845592,-0.904680024163099,59.35999867320061
21:06:08.101911,251,0.29939250882908297,1.9809579757048443,-0.2823306138446377,-0.7655200204462744,157.51999647915363
21:06:08.101911,251,0.30730796331446025,2.0333313058040563,-0.3529989802808516,-0.904680024163099,301.6399932578206
21:06:08.101911,251,0.31662367320165874,2.094969554110841,-0.36369976413072647,-0.904680024163099,525.2399882599711
21:06:08.101911,251,0.325363598419189,2.1527980703768055,-0.3961924560497363,-0.904680024163099,301.3599932640791
21:06:08.101911,251,0.331959869147222,2.1964429002348065,-0.49674519220854924,-0.8349600223009475,67.75999848544598
21:06:08.101911,251,0.3560777495282791,2.2064626812017774,-0.6913695413355855,-0.7655200204462744,16.519999630749226
21:06:08.101911,251,0.3018091612367483,1.8701832731640766,-0.09479799169968776,-0.8349600223009475,10.759999759495258
21:06:08.101911,251,0.31099987839640547,1.92713424652068,-0.17616196086845592,-0.7655200204462744,56.519998736679554
21:06:08.101911,251,0.3196206258336026,1.980553359423523,-0.2622822856836338,-0.7655200204462744,111.63999750465155
21:06:08.101911,251,0.3276255717617478,2.030156611743808,-0.3529989802808516,-0.904680024163099,210.3599952980876
21:06:08.101911,251,0.3375571880636556,2.0916986226198184,-0.36369976413072647,-0.904680024163099,367.87999177724123
21:06:08.101911,251,0.3468749518002828,2.149436849690619,-0.3961924560497363,-0.904680024163099,210.8799952864647
21:06:08.101911,251,0.3539073337322658,2.1930135357189764,-0.49674519220854924,-0.8349600223009475,54.75999877601862
21:06:08.101911,251,0.3781242043668818,2.2027916409223027,-0.6913695413355855,-0.7655200204462744,19.35999956727028
21:06:08.101911,251,0.3302553493798087,1.9239279437342314,-0.17616196086845592,-0.7655200204462744,49.51999889314175
21:06:08.101911,251,0.33940984799719315,1.9772581796681452,-0.2622822856836338,-0.7655200204462744,82.11999816447496
21:06:08.101911,251,0.3479104179263441,2.026778903723252,-0.3529989802808516,-0.904680024163099,154.23999655246735
21:06:08.101911,251,0.3584569474896517,2.0882185230189605,-0.36369976413072647,-0.904680024163099,269.75999397039413
21:06:08.101911,251,0.36835161797680877,2.145860687120263,-0.3961924560497363,-0.904680024163099,154.87999653816223
21:06:08.101911,251,0.37581940788044016,2.189364871686883,-0.49674519220854924,-0.8349600223009475,43.5199990272522
21:06:08.101911,251,0.3988751053706456,2.1919884971159784,-0.7136846984198458,-0.7655200204462744,21.639999516308308
21:06:08.101911,251,0.35026654596238876,1.9248637714822017,-0.11752945565822591,-0.7655200204462744,40.879999086260796
21:06:08.101911,251,0.35916512946034196,1.9737652757513495,-0.2622822856836338,-0.7655200204462744,62.5199986025691
21:06:08.101911,251,0.36816047334062746,2.023198519510361,-0.3529989802808516,-0.904680024163099,117.5199973732233
21:06:08.101911,251,0.3793208615212144,2.084529603315312,-0.36369976413072647,-0.904680024163099,204.99999541789293
21:06:08.101911,251,0.38979144930014237,2.142069940278999,-0.3961924560497363,-0.904680024163099,118.75999734550714
21:06:08.101911,251,0.3976939004026884,2.185497273001873,-0.49674519220854924,-0.8349600223009475,36.999999172985554
21:06:08.101911,251,0.4165423821197089,2.16588364961571,-0.7801930723591489,-0.904680024163099,22.759999491274357
21:06:08.101911,251,0.36949734925739586,1.9212649220960825,-0.11752945565822591,-0.7655200204462744,32.99999926239252
21:06:08.101911,251,0.37888449471145347,1.9700749969606008,-0.2622822856836338,-0.7655200204462744,48.87999890744686
21:06:08.101911,251,0.3883737130160218,2.019415817140556,-0.3529989802808516,-0.904680024163099,92.23999793827534
21:06:08.101911,251,0.4001468437844202,2.080632232397752,-0.36369976413072647,-0.904680024163099,160.5199964120984
21:06:08.101911,251,0.4111923018051134,2.138064988238335,-0.3961924560497363,-0.904680024163099,94.51999788731337
21:06:08.101911,251,0.41952862386808454,2.181411126420574,-0.49674519220854924,-0.8349600223009475,32.99999926239252
21:06:08.101911,251,0.43818003020835794,2.161610002035805,-0.7801930723591489,-0.904680024163099,22.519999496638775
21:06:08.101911,251,0.4414619439981151,2.177800191420714,-0.9134026913473011,-0.904680024163099,6.8799998462200165
21:06:08.101911,251,0.3886912031270424,1.917473947827391,-0.11752945565822591,-0.7655200204462744,26.359999410808086
21:06:08.101911,251,0.39994961944534974,1.9730134604545733,-0.20198796532488475,-0.7655200204462744,39.23999912291765
21:06:08.101911,251,0.4085481156454945,2.0154311748809053,-0.3529989802808516,-0.904680024163099,74.23999834060669
21:06:08.101911,251,0.4209328116984911,2.0765268000001087,-0.36369976413072647,-0.904680024163099,128.75999712198973
21:06:08.101911,251,0.43255203542440135,2.13384623149012,-0.3961924560497363,-0.904680024163099,77.51999826729298
21:06:08.101911,251,0.44132139482257543,2.1771068405542215,-0.49674519220854924,-0.4872000130126253,29.999999329447746
21:06:08.101911,251,0.45977386066109366,2.1571201952666943,-0.7801930723591489,-0.904680024163099,21.119999527931213
21:06:08.101911,251,0.407846188202022,1.913491227770378,-0.11752945565822591,-0.7655200204462744,21.239999525249004
21:06:08.101911,251,0.44089644754040147,2.068553070075005,-0.384868835243073,-0.904680024163099,105.2399976477027
21:06:08.101911,251,0.45386851420253915,2.129414091906494,-0.3961924560497363,-0.4872000130126253,65.11999854445457
21:06:08.101911,251,0.4630700340073234,2.172584845827795,-0.49674519220854924,-0.4872000130126253,27.519999384880066
21:06:08.101911,251,0.4813217141129622,2.1524146782852944,-0.7801930723591489,-0.8349600223009475,19.239999569952488
21:06:08.101911,251,0.4751396065095082,2.1247690126977026,-0.3961924560497363,-0.4872000130126253,55.87999875098467
21:06:08.101911,251,0.5064262223154238,2.1628895603029425,-0.49674519220854924,-0.4872000130126253,25.51999942958355
21:06:08.101911,251,0.5028214357966712,2.147493921639361,-0.7801930723591489,-0.8349600223009475,17.11999961733818
21:06:08.101911,251,0.5280294358562693,2.1577172390249464,-0.49674519220854924,-0.4872000130126253,23.639999471604824
21:06:08.101911,251,0.5242708757580649,2.142358417400436,-0.7801930723591489,-0.8349600223009475,14.999999664723873
21:06:08.101911,251,0.5670103360524233,2.131445241751321,-0.7801930723591489,-0.8349600223009475,13.239999704062939
21:06:08.101911,251,0.5882960824751661,2.125668661649553,-0.7801930723591489,-0.8349600223009475,11.639999739825726
21:06:08.159171,252,-0.042297540698548346,1.9429306261913117,-0.9190522299469837,-0.8349600223009475,69.2399984523654
21:06:08.159171,252,-0.02056388395670073,1.8948896345961588,-0.8731855833299602,-0.8349600223009475,83.75999812781811
21:06:08.159171,252,-0.021149827831806096,1.9432370559974168,-0.9191343375660663,-0.8349600223009475,79.87999821454287
21:06:08.159171,252,0.0,1.8949889513545928,-0.8732121951751775,-0.8349600223009475,98.35999780148268
21:06:08.159171,252,0.0,1.9433392026709786,-0.9191617076847567,-0.8349600223009475,92.51999793201685
21:06:08.159171,252,0.02056388395670073,1.8948896345961588,-0.8731855833299602,-0.8349600223009475,116.35999739915133
21:06:08.159171,252,0.021149827831806096,1.9432370559974168,-0.9191343375660663,-0.8349600223009475,107.7599975913763
21:06:08.159171,252,0.02159625117879362,1.9609735572252096,-1.0254198042868248,-0.8349600223009475,43.5199990272522
21:06:08.159171,252,0.041125711542234225,1.894591694252449,-0.8731057504554705,-0.8349600223009475,138.8799968957901
21:06:08.159171,252,0.04237239318855405,1.9520242006801833,-0.8995730108035696,-0.8349600223009475,126.35999717563391
21:06:08.159171,252,0.043190342750562716,1.9606606594033495,-1.0253359635681438,-0.8349600223009475,48.35999891906977
21:06:08.159171,252,0.05970789696371676,1.828120084422071,-0.8648426882030669,-0.8349600223009475,82.75999815016985
21:06:08.159171,252,0.06168342659106865,1.8940951601172489,-0.8729727045349291,-0.8349600223009475,167.3599962592125
21:06:08.159171,252,0.06355329322508979,1.9515126146475228,-0.8994359317392592,-0.8349600223009475,149.23999666422606
21:06:08.159171,252,0.0653075872881281,1.999569873632049,-0.9459517454557702,-0.8349600223009475,53.63999880105257
21:06:08.159171,252,0.07960124115806495,1.8274472673585422,-0.8646624074142406,-0.8349600223009475,99.23999778181314
21:06:08.159171,252,0.0822349733489224,1.8934000818435557,-0.8727864588728167,-0.8349600223009475,204.11999543756247
21:06:08.159171,252,0.08472783798554802,1.9507964658246748,-0.8992440402405165,-0.8349600223009475,177.87999602407217
21:06:08.159171,252,0.08706662383926739,1.9988339565869042,-0.9457545570778274,-0.8349600223009475,59.35999867320061
21:06:08.159171,252,0.09948662529498735,1.8265823321931596,-0.864430648735171,-0.8349600223009475,120.51999730616808
21:06:08.159171,252,0.1027782966783378,1.8925065289386138,-0.8725470320935429,-0.8349600223009475,252.35999435931444
21:06:08.159171,252,0.10589391003319275,1.9498758258259214,-0.8989973554963308,-0.8349600223009475,214.11999521404505
21:06:08.159171,252,0.10881695380096724,1.9978879036913195,-0.9455010629684584,-0.8349600223009475,65.75999853014946
21:06:08.159171,252,0.11957329174983401,1.8340783947994403,-0.8458129941042019,-0.8349600223009475,148.87999667227268
21:06:08.159171,252,0.12331134226419307,1.8914145907569662,-0.8722544481395857,-0.8349600223009475,316.75999291986227
21:06:08.159171,252,0.12704939277855215,1.9487507867144918,-0.8986959021749698,-0.8349600223009475,260.7599941715598
21:06:08.159171,252,0.13055640215845393,1.9967318095497935,-0.9451912884768621,-0.8349600223009475,72.51999837905169
21:06:08.159171,252,0.1394719429471888,1.8328272919896755,-0.8454777621166769,-0.8349600223009475,187.11999581754208
21:06:08.159171,252,0.14383205681913228,1.8901243764915152,-0.8719087362690952,-0.8349600223009475,404.1199909672141
21:06:08.159171,252,0.1481921706910758,1.947421460993355,-0.8983397104215133,-0.8349600223009475,321.519992813468
21:06:08.159171,252,0.15228279498510502,1.9953657897707702,-0.9448252645802278,-0.8349600223009475,79.63999821990728
21:06:08.159171,252,0.15510030824529816,1.7979075001494849,-0.764900568845958,-0.904680024163099,47.75999893248081
21:06:08.159171,252,0.1593566470670986,1.8313840487312458,-0.8450910462510992,-0.8349600223009475,239.87999463826418
21:06:08.159171,252,0.16433838828889225,1.8886360151626072,-0.8715099310529684,-0.8349600223009475,524.7599882707
21:06:08.159171,252,0.1693201295106859,1.9458879815939678,-0.8979288158548376,-0.8349600223009475,401.7599910199642
21:06:08.159171,252,0.1739939596598403,1.9937899809550843,-0.944403027880639,-0.8349600223009475,86.87999805808067
21:06:08.159171,252,0.22486887747272682,1.991832052994134,-2.1939320778086198,-0.13916000371682458,13.239999704062939
21:06:08.159171,252,0.22965493164960912,2.034225719134246,-2.2406271914357405,-0.13916000371682458,7.239999838173389
21:06:08.159171,252,0.17443839165305336,1.7963159372170452,-0.7644741108435076,-0.904680024163099,60.75999864190817
21:06:08.159171,252,0.17922541565581082,1.8297488093472676,-0.8446528851787305,-0.8349600223009475,313.2399929985404
21:06:08.159171,252,0.18482828605750612,1.8869496556051275,-0.8710580723713932,-0.8349600223009475,690.9999845549464
21:06:08.159171,252,0.19043115645920142,1.9441505018629872,-0.8974632595640559,-0.8349600223009475,507.519988656044
21:06:08.159171,252,0.19568772508438184,1.992004540682296,-0.9439246206014114,-0.8349600223009475,93.51999790966511
21:06:08.159171,252,0.24445899929704168,1.9471948034884417,-2.14663579783054,-0.13916000371682458,14.999999664723873
21:06:08.159171,252,0.1891223883220225,1.7961531706833016,-0.5794198943245906,-0.8349600223009475,21.87999951094389
21:06:08.159171,252,0.19375903136778788,1.7945376654374923,-0.7639976243562533,-0.904680024163099,78.9999982342124
21:06:08.159171,252,0.1990762618531126,1.8279217373603094,-0.8441633227153116,-0.904680024163099,414.2399907410145
21:06:08.159171,252,0.2052997011523635,1.8850654664536197,-0.8705532054098593,-0.8349600223009475,912.7599795982242
21:06:08.159171,252,0.2115231404516144,1.9422091955469294,-0.8969430881044068,-0.8349600223009475,642.8799856305122
21:06:08.159171,252,0.21736192190036227,1.990009647494937,-0.9433900905828723,-0.8349600223009475,98.87999778985977
21:06:08.159171,252,0.20796177410246855,1.7942353855061168,-0.5789060253351076,-0.8349600223009475,26.99999939650297
21:06:08.159171,252,0.21334988600425767,1.8001322114255567,-0.7453899734115907,-0.904680024163099,105.35999764502048
21:06:08.159171,252,0.21890720059101537,1.8259030154760385,-0.8436224078166783,-0.904680024163099,543.9999878406525
21:06:08.159171,252,0.22575058644910592,1.8829836361254193,-0.8699953806546394,-0.8349600223009475,1176.7599736973643
21:06:08.159171,252,0.23259397230719647,1.9400642567747997,-0.8963683534926005,-0.8349600223009475,800.5199821069837
21:06:08.159171,252,0.2390143827062587,1.9878055008806554,-0.9427994912775755,-0.8349600223009475,101.75999772548676
21:06:08.159171,252,0.3001921973750124,1.7900313095750255,-2.191146021355617,-0.06972000186215155,8.999999798834324
21:06:08.159171,252,0.22678036387973494,1.7921357247615808,-0.5783434229342298,-0.8349600223009475,33.519999250769615
21:06:08.159171,252,0.23265604936561846,1.7979781502649046,-0.7448127944631467,-0.904680024163099,142.63999681174755
21:06:08.159171,252,0.23983796827667386,1.8481993651523194,-0.7875136868581882,-0.904680024163099,680.2399847954512
21:06:08.159171,252,0.24617889687633748,1.8807043728018156,-0.8693846538877419,-0.8349600223009475,1405.999968573451
21:06:08.159171,252,0.2531934772498025,1.9286476017225747,-0.9152251050751117,-0.8349600223009475,944.3599788919091
21:06:08.159171,252,0.26064294227413093,1.9853923212522657,-0.9421528817449574,-0.904680024163099,100.87999774515629
21:06:08.159171,252,0.2455762758106101,1.7898543984140083,-0.5777321433817258,-0.8349600223009475,41.35999907553196
21:06:08.159171,252,0.2519389473169621,1.7956377167006417,-0.7441856771796638,-0.904680024163099,190.87999573349953
21:06:08.159171,252,0.2597161149216763,1.8457866841475918,-0.7868672109313776,-0.904680024163099,759.2399830296636
21:06:08.159171,252,0.2665825896201303,1.8782279044072325,-0.8687210861813321,-0.8349600223009475,1463.3599672913551
21:06:08.159171,252,0.27417854940703346,1.9261005692511488,-0.9145426297812973,-0.904680024163099,1004.2399775534868
21:06:08.159171,252,0.2822454377661426,1.9827703499257083,-0.9414503266454288,-0.904680024163099,95.51999786496162
21:06:08.159171,252,0.2642021311892471,1.7814926281225258,-0.5950984406630377,-0.8349600223009475,49.75999888777733
21:06:08.159171,252,0.27213812834542317,1.8146818131399236,-0.6888186416556077,-0.904680024163099,239.1199946552515
21:06:08.159171,252,0.279568290172777,1.8431821188280835,-0.7861693197573812,-0.904680024163099,720.2399839013815
21:06:08.159171,252,0.2869596243283042,1.8755544785864326,-0.8680047438916243,-0.8349600223009475,1295.8799710348248
21:06:08.159171,252,0.29513620393903073,1.9233509672814972,-0.9138058761540222,-0.904680024163099,931.8799791708589
21:06:08.159171,252,0.3013658381955099,1.9406677197362203,-1.0199788715300124,-0.904680024163099,86.23999807238579
21:06:08.159171,252,0.28293673379714934,1.7788501283594387,-0.594390384985519,-0.8349600223009475,56.759998731315136
21:06:08.159171,252,0.29143547339733655,1.8119599390337504,-0.6880893176869594,-0.904680024163099,258.5199942216277
21:06:08.159171,252,0.29939250882908297,1.8403859296481442,-0.7854200831247318,-0.904680024163099,589.7599868178368
21:06:08.159171,252,0.30730796331446025,1.8726843626797596,-0.8672356986522476,-0.904680024163099,1016.3599772825837
21:06:08.159171,252,0.3160643450978995,1.9203990707715155,-0.9130149178680322,-0.904680024163099,765.5199828892946
21:06:08.159171,252,0.32273572341474016,1.9376535156022507,-1.019171217966493,-0.904680024163099,75.23999831825495
21:06:08.159171,252,0.30164304296871647,1.776026801375259,-0.5936338768001391,-0.8349600223009475,59.8799986615777
21:06:08.159171,252,0.31099987839640547,1.8158746689450875,-0.668938433081414,-0.8349600223009475,231.9999948143959
21:06:08.159171,252,0.3191867884853373,1.8373983962243492,-0.7846195759564649,-0.8349600223009475,444.11999007314444
21:06:08.159171,252,0.3276255717617478,1.8696178436963993,-0.8664140273670815,-1.0438400278799236,751.8799831941724
21:06:08.159171,252,0.33696088008705743,1.91724517490838,-0.9121698340184932,-0.904680024163099,584.1199869439006
21:06:08.159171,252,0.3440733353320172,1.9344330483817282,-1.0183082963755028,-0.904680024163099,65.35999853909016
21:06:08.159171,252,0.309637659871168,1.7138987959608998,-0.5730602116180894,-0.8349600223009475,5.999999865889549
21:06:08.159171,252,0.32031918808870347,1.7730229295003204,-0.5928289917570827,-0.8349600223009475,57.6399987116456
21:06:08.159171,252,0.3302553493798087,1.812777618276754,-0.6681085808559158,-0.8349600223009475,180.87999595701694
21:06:08.159171,252,0.33940984799719315,1.8420010902548276,-0.7650973075028071,-0.8349600223009475,325.6399927213788
21:06:08.159171,252,0.34729582056421665,2.023198519510361,-0.37354521443640976,-1.0438400278799236,548.9999877288938
21:06:08.159171,252,0.3578237192705127,2.084529603315312,-0.384868835243073,-0.7655200204462744,433.6399903073907
21:06:08.159171,252,0.365376540204026,2.1285291426877855,-0.48294216819660385,-0.7655200204462744,57.999998703598976
21:06:08.159171,252,0.38418768376697365,2.1112748632640352,-0.7591000132325337,-0.8349600223009475,17.639999605715275
21:06:08.159171,252,0.33820000401292716,1.8585529869858626,-0.1704771424883897,-0.8349600223009475,51.11999885737896
21:06:08.159171,252,0.34947779510496224,1.920529249765278,-0.17616196086845592,-0.8349600223009475,132.75999703258276
21:06:08.159171,252,0.35916512946034196,1.9737652757513495,-0.2622822856836338,-0.8349600223009475,239.7599946409464
21:06:08.159171,252,0.3675101034635097,2.0196244601862317,-0.37354521443640976,-1.0438400278799236,404.5199909582734
21:06:08.159171,252,0.37641361935818773,2.0685530700750046,-0.44813668111054583,-1.0438400278799236,321.99999280273914
21:06:08.159171,252,0.38664320772812716,2.124769012697702,-0.48294216819660385,-0.7655200204462744,52.999998815357685
21:06:08.159171,252,0.4052808708270944,2.1073274876844454,-0.7591000132325337,-0.8349600223009475,18.879999577999115
21:06:08.159171,252,0.35676831385157665,1.8550781165169081,-0.1704771424883897,-0.8349600223009475,42.87999904155731
21:06:08.159171,252,0.368665293343398,1.9169385044803688,-0.17616196086845592,-0.8349600223009475,96.75999783724546
21:06:08.159171,252,0.37888449471145347,1.9700749969606008,-0.2622822856836338,-0.8349600223009475,179.6399959847331
21:06:08.159171,252,0.3876876356603566,2.015848440108128,-0.37354521443640976,-0.974120026017772,303.2399932220578
21:06:08.159171,252,0.39621379864268635,2.0601816887523907,-0.4691391441846584,-1.0438400278799236,242.51999457925558
21:06:08.159171,252,0.40787121125538545,2.1207964075864827,-0.48294216819660385,-0.7655200204462744,49.51999889314175
21:06:08.159171,252,0.4263335301396772,2.1031693811216075,-0.7591000132325337,-0.974120026017772,19.63999956101179
21:06:08.159171,252,0.37530094715774176,1.8514177397904878,-0.1704771424883897,-0.8349600223009475,34.99999921768904
21:06:08.159171,252,0.3878159253613676,1.9131560669510248,-0.17616196086845592,-0.8349600223009475,71.63999839872122
21:06:08.159171,252,0.39856597183052367,1.9661877123206868,-0.2622822856836338,-0.974120026017772,137.35999692976475
21:06:08.159171,252,0.40782639941844256,2.011870836874892,-0.37354521443640976,-0.974120026017772,231.75999481976032
21:06:08.159171,252,0.4167954611838908,2.0561166086683964,-0.4691391441846584,-1.0438400278799236,185.99999584257603
21:06:08.159171,252,0.4458167360204456,2.091637578688827,-0.5689192759310583,-0.7655200204462744,46.63999895751476
21:06:08.159171,252,0.4473435564564285,2.098800959382694,-0.7591000132325337,-0.974120026017772,19.879999555647373
21:06:08.159171,252,0.47412807476911134,2.120245560499843,-0.8677684609550387,-0.974120026017772,5.879999868571758
21:06:08.159171,252,0.39379605068361856,1.8475722228412077,-0.1704771424883897,-0.8349600223009475,28.239999368786812
21:06:08.159171,252,0.40692777611171344,1.909182315417829,-0.17616196086845592,-0.8349600223009475,54.359998784959316
21:06:08.159171,252,0.41820759268632957,1.962103810556814,-0.2622822856836338,-0.974120026017772,107.23999760299921
21:06:08.159171,252,0.42792438087826384,2.0076920482435154,-0.37354521443640976,-0.974120026017772,180.51999596506357
21:06:08.159171,252,0.4373354445281684,2.0518459186461513,-0.4691391441846584,-1.0438400278799236,145.3599967509508
21:06:08.159171,252,0.46671047208527155,2.0870749047279364,-0.5689192759310583,-0.7655200204462744,43.87999901920557
21:06:08.159171,252,0.468308848792319,2.09422265930622,-0.7591000132325337,-0.974120026017772,19.519999563694
21:06:08.159171,252,0.4269603889998754,1.9093171601937124,-0.11752945565822591,-0.8349600223009475,42.23999905586243
21:06:08.159171,252,0.4378073931332417,1.957823700055738,-0.2622822856836338,-0.974120026017772,85.23999809473753
21:06:08.159171,252,0.4479795702585128,2.0033124920893615,-0.37354521443640976,-0.974120026017772,142.99999680370092
21:06:08.159171,252,0.47828216207472046,2.042689437566722,-0.4691391441846584,-1.0438400278799236,115.75999741256237
21:06:08.159171,252,0.4875575374938993,2.0823035250251265,-0.5689192759310583,-0.7655200204462744,41.11999908089638
21:06:08.159171,252,0.48922731063567976,2.089434938718357,-0.7591000132325337,-0.974120026017772,18.759999580681324
21:06:08.159171,252,0.44603189411653643,1.9049521625006551,-0.11752945565822591,-0.8349600223009475,33.639999248087406
21:06:08.159171,252,0.45736341320763574,1.9533478088249228,-0.2622822856836338,-0.974120026017772,68.99999845772982
21:06:08.159171,252,0.4679899620570535,1.9987326063643747,-0.37354521443640976,-0.974120026017772,114.9999974295497
21:06:08.159171,252,0.4986848016395453,2.037804562149974,-0.4691391441846584,-1.0438400278799236,93.75999790430069
21:06:08.159171,252,0.5083558475572538,2.0773239167143696,-0.5689192759310583,-0.7655200204462744,38.1199991479516
21:06:08.159171,252,0.5100968501578521,2.0844382763871523,-0.7591000132325337,-0.974120026017772,17.759999603033066
21:06:08.159171,252,0.47687369732388857,1.9486765844497413,-0.2622822856836338,-0.974120026017772,56.639998733997345
21:06:08.159171,252,0.487953555251471,1.9939528490532916,-0.37354521443640976,-0.974120026017772,93.75999790430069
21:06:08.159171,252,0.5190375731420048,2.032715907984285,-0.4691391441846584,-1.0438400278799236,76.99999827891588
21:06:08.159171,252,0.5230514824957997,2.0484356512531092,-0.6539862342276772,-0.7655200204462744,35.23999921232462
21:06:08.159171,252,0.5516808195936435,2.0738201459869394,-0.7591000132325337,-0.974120026017772,16.639999628067017
21:06:08.159171,252,0.49633629446993416,1.9438104940487178,-0.2622822856836338,-0.974120026017772,47.11999894678593
21:06:08.159171,252,0.5234700117773478,1.9677730631336827,-0.455336120172713,-1.0438400278799236,77.35999827086926
21:06:08.159171,252,0.5393384413220002,2.0274239839308095,-0.4691391441846584,-1.0438400278799236,64.11999856680632
21:06:08.159171,252,0.5435093447912395,2.0431028027953957,-0.6539862342276772,-0.7655200204462744,32.359999276697636
21:06:08.159171,252,0.5638363657866315,2.037289264290844,-0.8443077406492442,-0.974120026017772,15.519999653100967
21:06:08.159171,252,0.5431212407270306,1.962440062548618,-0.455336120172713,-1.0438400278799236,64.51999855786562
21:06:08.159171,252,0.5541337360758315,2.0022311081578597,-0.5526589306067747,-1.0438400278799236,53.99999879300594
21:06:08.159171,252,0.5639128566075526,2.037565645769116,-0.6539862342276772,-0.7655200204462744,29.639999337494373
21:06:08.210894,253,0.06231555901339927,2.0765621539066097,-0.5526589306067747,-0.6958000185841229,62.1199986115098
21:06:08.210894,253,0.08142668542304074,2.034581376137536,-0.455336120172713,-0.904680024163099,96.51999784260988
21:06:08.210894,253,0.08307771824453225,2.0758351814784555,-0.5526589306067747,-0.6958000185841229,68.51999846845865
21:06:08.210894,253,0.09868309835724788,1.9720170188055668,-0.44153309616076764,-0.904680024163099,67.75999848544598
21:06:08.210894,253,0.10176808833431246,2.033665394656031,-0.455336120172713,-0.904680024163099,114.9999974295497
21:06:08.210894,253,0.10383156977344338,2.0749006272712895,-0.5526589306067747,-0.6958000185841229,75.23999831825495
21:06:08.210894,253,0.1056639459124651,2.1115176061780803,-0.6539862342276772,-0.6958000185841229,22.879999488592148
21:06:08.210894,253,0.13242071566759542,2.6462069927472216,-1.345864854666362,-0.41748001115047373,8.879999801516533
21:06:08.210894,253,0.1146966961242002,1.9093171601937124,-0.4277300721488222,-0.904680024163099,47.75999893248081
21:06:08.210894,253,0.11839800532310617,1.9709316042662903,-0.44153309616076764,-0.904680024163099,83.8799981251359
21:06:08.210894,253,0.1220993145220121,2.032546048338868,-0.455336120172713,-0.904680024163099,138.8799968957901
21:06:08.210894,253,0.1245750382323673,2.0737585847397506,-0.5526589306067747,-0.6958000185841229,82.51999815553427
21:06:08.210894,253,0.12510387411382298,2.082561937037677,-0.7380069541059185,-0.6958000185841229,23.639999471604824
21:06:08.210894,253,0.13378381429469768,1.9080747473159303,-0.4277300721488222,-0.904680024163099,59.99999865889549
21:06:08.210894,253,0.13810107258762608,1.9696490982178347,-0.44153309616076764,-0.904680024163099,105.87999763339758
21:06:08.210894,253,0.14241833088055444,2.0312234491197394,-0.455336120172713,-0.904680024163099,170.1199961975217
21:06:08.210894,253,0.14530604929183707,2.0724091680871344,-0.5526589306067747,-0.6958000185841229,89.75999799370766
21:06:08.210894,253,0.1459228907855138,2.0812067919505752,-0.7380069541059185,-0.6958000185841229,23.999999463558197
21:06:08.210894,253,0.15029916670311064,1.874729936979421,-0.24588356622781785,-0.974120026017772,26.87999939918518
21:06:08.210894,253,0.15285755419584993,1.9066415285620033,-0.4277300721488222,-0.904680024163099,77.11999827623367
21:06:08.210894,253,0.15779032986058847,1.968169628909731,-0.44153309616076764,-0.904680024163099,136.7599969431758
21:06:08.210894,253,0.162723105525327,2.0296977292574594,-0.455336120172713,-0.904680024163099,211.51999527215958
21:06:08.210894,253,0.16602252986811522,2.070852512253975,-0.5526589306067747,-0.6958000185841229,96.87999783456326
21:06:08.210894,253,0.16672731529038043,2.0796435279279164,-0.7380069541059185,-0.6958000185841229,23.879999466240406
21:06:08.210894,253,0.22685814664635484,2.5138367080028425,-1.4451759202238583,-0.41748001115047373,7.879999823868275
21:06:08.210894,253,0.169038638305089,1.873133234684195,-0.24588356622781785,-0.974120026017772,34.51999922841787
21:06:08.210894,253,0.17191600846964675,1.905017647252606,-0.4277300721488222,-0.974120026017772,101.99999772012234
21:06:08.210894,253,0.17746380823276164,1.9664933442876709,-0.44153309616076764,-0.904680024163099,181.23999594897032
21:06:08.210894,253,0.1830116079958765,2.027969041322736,-0.455336120172713,-0.904680024163099,266.35999404639006
21:06:08.210894,253,0.18672240833050033,2.0690887729045526,-0.5526589306067747,-0.6958000185841229,103.11999769508839
21:06:08.210894,253,0.18751506720340227,2.077872301294791,-0.7380069541059185,-0.6958000185841229,22.99999948590994
21:06:08.210894,253,0.1828158159949536,1.8220602739686926,-0.0916368091637683,-0.8349600223009475,18.999999575316906
21:06:08.210894,253,0.188413031386847,1.8778457307953416,-0.1893590378005561,-0.974120026017772,45.87999897450209
21:06:08.210894,253,0.19095727128662798,1.9032032657745088,-0.4277300721488222,-0.974120026017772,139.23999688774347
21:06:08.210894,253,0.19711954037279086,1.9646204119787114,-0.44153309616076764,-0.904680024163099,245.51999451220036
21:06:08.210894,253,0.20328180945895374,2.0260375581829146,-0.455336120172713,-0.904680024163099,337.3599924594164
21:06:08.210894,253,0.2074036147084886,2.0671181264113243,-0.5526589306067747,-0.6958000185841229,107.51999759674072
21:06:08.210894,253,0.20828406776680405,2.0758932891723796,-0.7380069541059185,-0.6958000185841229,21.119999527931213
21:06:08.210894,253,0.20102697393798663,1.8201410440683172,-0.0916368091637683,-0.8349600223009475,23.639999471604824
21:06:08.210894,253,0.2073792673891127,1.877656062117227,-0.1704771424883897,-0.974120026017772,63.23999858647585
21:06:08.210894,253,0.2099794385364647,1.9011985655643389,-0.4277300721488222,-0.974120026017772,195.51999562978745
21:06:08.210894,253,0.21675556072392968,1.9625510192745148,-0.44153309616076764,-0.904680024163099,335.7599924951792
21:06:08.210894,253,0.22135397362264508,2.004186029196651,-0.5363985852824912,-0.8349600223009475,422.75999055057764
21:06:08.210894,253,0.2280640808987689,2.0649407698372872,-0.5526589306067747,-0.6958000185841229,108.75999756902456
21:06:08.210894,253,0.22903224009792975,2.073706689460236,-0.7380069541059185,-0.6958000185841229,19.999999552965164
21:06:08.210894,253,0.21921802935204637,1.8180398015884507,-0.0916368091637683,-0.8349600223009475,29.519999340176582
21:06:08.210894,253,0.22614514577300662,1.8754884220361696,-0.1704771424883897,-0.974120026017772,90.63999797403812
21:06:08.210894,253,0.22898060801836875,1.8990037470904388,-0.4277300721488222,-0.974120026017772,277.9999937862158
21:06:08.210894,253,0.23636990570059416,1.9602853731126177,-0.44153309616076764,-0.904680024163099,447.7599899917841
21:06:08.210894,253,0.24138443183137295,2.0018723179401374,-0.5363985852824912,-0.8349600223009475,508.75998862832785
21:06:08.210894,253,0.24870174087203165,2.0625569209162764,-0.5526589306067747,-1.0438400278799236,105.5199976414442
21:06:08.210894,253,0.24975750939692903,2.0713127208164996,-0.7380069541059185,-0.5566400148672983,22.11999950557947
21:06:08.210894,253,0.3332177923865075,2.064809229409263,-1.834408210894929,-0.8349600223009475,5.239999882876873
21:06:08.210894,253,0.237387163146832,1.8157567566515807,-0.0916368091637683,-0.8349600223009475,36.51999918371439
21:06:08.210894,253,0.2448884098317878,1.873133234684195,-0.1704771424883897,-0.8349600223009475,133.8799970075488
21:06:08.210894,253,0.24795887963131108,1.8966190298328167,-0.4277300721488222,-0.974120026017772,380.3599914982915
21:06:08.210894,253,0.2559606138847194,1.957823700055738,-0.44153309616076764,-0.974120026017772,543.2399878576398
21:06:08.210894,253,0.2613907517991498,1.9993584211290005,-0.5363985852824912,-0.974120026017772,563.239987410605
21:06:08.210894,253,0.2693145308795697,2.0599668180311856,-0.5526589306067747,-1.0438400278799236,97.35999782383442
21:06:08.210894,253,0.29113105135781664,2.065903655026463,-0.7380069541059185,-0.974120026017772,23.519999474287033
21:06:08.210894,253,0.29497641364224375,2.0931908439444706,-0.8443077406492442,-0.974120026017772,5.519999876618385
21:06:08.210894,253,0.2555325584241861,1.813292137560288,-0.0916368091637683,-0.8349600223009475,43.99999901652336
21:06:08.210894,253,0.2636071852547536,1.870590735578064,-0.1704771424883897,-0.8349600223009475,194.35999565571547
21:06:08.210894,253,0.2690856889035936,1.9094669071833519,-0.3508979728230832,-0.974120026017772,451.9999898970127
21:06:08.210894,253,0.2755257262219003,1.955166246269119,-0.44153309616076764,-0.974120026017772,554.6399876028299
21:06:08.210894,253,0.28137093291074,1.9966445901508145,-0.5363985852824912,-0.974120026017772,553.999987617135
21:06:08.210894,253,0.2865845330210559,2.0336409719297888,-0.635294580673723,-1.0438400278799236,85.75999808311462
21:06:08.210894,253,0.3117751867001717,2.0628890987822106,-0.7380069541059185,-0.904680024163099,23.879999466240406
21:06:08.210894,253,0.2735017801065366,1.8096495960786252,-0.10994400864763122,-0.8349600223009475,50.1199988797307
21:06:08.210894,253,0.28229960018004413,1.867861178965558,-0.1704771424883897,-0.8349600223009475,246.5199944898486
21:06:08.210894,253,0.28816658513403093,1.9066806226563664,-0.3508979728230832,-0.974120026017772,426.7599904611707
21:06:08.210894,253,0.2950632862172946,1.952313277495913,-0.44153309616076764,-0.974120026017772,471.2399894669652
21:06:08.210894,253,0.30132297716477197,1.9937310963864037,-0.5363985852824912,-0.974120026017772,483.999989181757
21:06:08.210894,253,0.32719732509015514,2.0275029488837446,-0.635294580673723,-1.0438400278799236,73.23999836295843
21:06:08.210894,253,0.33238814478506223,2.0596682553563697,-0.7380069541059185,-0.904680024163099,23.23999948054552
21:06:08.210894,253,0.2915842990816616,1.8068241422003501,-0.10994400864763122,-0.7655200204462744,52.3599988296628
21:06:08.210894,253,0.30096378538182755,1.8649448378000508,-0.1704771424883897,-0.8349600223009475,236.9999947026372
21:06:08.210894,253,0.30920850385827814,1.916033858833807,-0.2735045116201606,-0.8349600223009475,330.99999260157347
21:06:08.210894,253,0.3145713401312715,1.949265079030607,-0.44153309616076764,-0.974120026017772,357.119992017746
21:06:08.210894,253,0.3212448893735361,1.9906182311827043,-0.5363985852824912,-0.974120026017772,389.239991299808
21:06:08.210894,253,0.347455656481173,2.024129655940466,-0.635294580673723,-0.974120026017772,62.99999859184027
21:06:08.210894,253,0.3529678643339493,2.056241446830585,-0.7380069541059185,-0.904680024163099,21.7599995136261
21:06:08.210894,253,0.309637659871168,1.803818007421614,-0.10994400864763122,-0.7655200204462744,49.63999889045954
21:06:08.210894,253,0.3195978744572205,1.861842003713216,-0.1704771424883897,-0.8349600223009475,177.5199960321188
21:06:08.210894,253,0.3287993584947479,1.9154459568266722,-0.25408292595572585,-0.8349600223009475,235.75999473035336
21:06:08.210894,253,0.33404793717478337,1.9460219556904936,-0.44153309616076764,-0.974120026017772,260.51999417692423
21:06:08.210894,253,0.34113467736250214,1.987306305823628,-0.5363985852824912,-0.974120026017772,300.87999327480793
21:06:08.210894,253,0.36767924259764145,2.020553951727411,-0.635294580673723,-0.974120026017772,55.87999875098467
21:06:08.210894,253,0.37351228739211983,2.052609015882838,-0.7380069541059185,-0.904680024163099,19.759999558329582
21:06:08.210894,253,0.32766005715410196,1.8006314923533757,-0.10994400864763122,-0.7655200204462744,43.119999036192894
21:06:08.210894,253,0.33820000401292716,1.8585529869858626,-0.1704771424883897,-0.8349600223009475,120.63999730348587
21:06:08.210894,253,0.34914494462488443,1.9187000946895,-0.19567350156272043,-0.8349600223009475,166.63999627530575
21:06:08.210894,253,0.35004731848886245,1.9236590231944513,-0.5201382399582077,-0.974120026017772,190.75999573618174
21:06:08.210894,253,0.3808099282437886,1.9800866192711204,-0.5363985852824912,-0.974120026017772,230.51999484747648
21:06:08.210894,253,0.38786606109789207,2.0167761938120052,-0.635294580673723,-0.974120026017772,51.51999884843826
21:06:08.210894,253,0.3940193595344799,2.0487713257531808,-0.7380069541059185,-0.904680024163099,17.639999605715275
21:06:08.210894,253,0.34487133435975525,1.7932177285534472,-0.16479232410832345,-0.8349600223009475,35.51999920606613
21:06:08.210894,253,0.35676831385157665,1.8550781165169081,-0.1704771424883897,-0.7655200204462744,81.99999816715717
21:06:08.210894,253,0.368665293343398,1.9169385044803688,-0.17616196086845592,-0.8349600223009475,120.51999730616808
21:06:08.210894,253,0.3884479261386297,1.916273824738331,-0.5201382399582077,-0.974120026017772,142.63999681174755
21:06:08.210894,253,0.4005914236442609,1.9761795800402955,-0.5363985852824912,-0.974120026017772,177.75999602675438
21:06:08.210894,253,0.40801409331698746,2.012796759966875,-0.635294580673723,-0.974120026017772,48.51999891549349
21:06:08.210894,253,0.4144870300709964,2.04472876020741,-0.7380069541059185,-0.904680024163099,15.639999650418758
21:06:08.210894,253,0.362785968954116,1.789679412629951,-0.16479232410832345,-0.8349600223009475,28.519999362528324
21:06:08.210894,253,0.37530094715774176,1.8514177397904878,-0.1704771424883897,-0.7655200204462744,57.759998708963394
21:06:08.210894,253,0.3878159253613676,1.9131560669510248,-0.17616196086845592,-0.8349600223009475,89.87999799102545
21:06:08.210894,253,0.407590922346754,1.9122935974162534,-0.5201382399582077,-0.974120026017772,109.23999755829573
21:06:08.210894,253,0.4203328602379845,1.9720749245071112,-0.5363985852824912,-0.974120026017772,139.11999689042568
21:06:08.210894,253,0.4281213244685856,2.0086160481320707,-0.635294580673723,-0.974120026017772,45.99999897181988
21:06:08.210894,253,0.4349132522517633,2.040481723498694,-0.7380069541059185,-0.904680024163099,13.879999689757824
21:06:08.210894,253,0.3806643252555238,1.7859621302645863,-0.16479232410832345,-0.8349600223009475,22.759999491274357
21:06:08.210894,253,0.39379605068361856,1.8475722228412077,-0.1704771424883897,-0.7655200204462744,42.23999905586243
21:06:08.210894,253,0.40692777611171344,1.909182315417829,-0.17616196086845592,-0.8349600223009475,69.11999845504761
21:06:08.210894,253,0.42669315980412365,1.9081221423365555,-0.5201382399582077,-0.974120026017772,85.75999808311462
21:06:08.210894,253,0.4400322638978396,1.9677730631336827,-0.5363985852824912,-0.974120026017772,110.75999752432108
21:06:08.210894,253,0.4481857438464173,2.0042344763752733,-0.635294580673723,-0.974120026017772,43.359999030828476
21:06:08.210894,253,0.45529598347167577,2.0360306403271458,-0.7380069541059185,-0.904680024163099,12.23999972641468
21:06:08.210894,253,0.3985046154433269,1.782066253182476,-0.16479232410832345,-0.7655200204462744,18.23999959230423
21:06:08.210894,253,0.4122517749343498,1.843541950217541,-0.1704771424883897,-0.7655200204462744,32.119999282062054
21:06:08.210894,253,0.4259989344253726,1.905017647252606,-0.17616196086845592,-0.7655200204462744,54.51999878138304
21:06:08.210894,253,0.4457527283029967,1.9037598766412502,-0.5201382399582077,-0.974120026017772,68.63999846577644
21:06:08.210894,253,0.45968766469996425,1.9632744261025423,-0.5363985852824912,-0.974120026017772,89.51999799907207
21:06:08.210894,253,0.4682053450253548,1.999652482849988,-0.635294580673723,-0.974120026017772,40.759999088943005
21:06:08.210894,253,0.4756331854746883,2.0313759557973525,-0.7380069541059185,-0.904680024163099,10.99999975413084
21:06:08.210894,253,0.473814936633782,1.9361773936415771,-0.6166029271197688,-0.974120026017772,73.51999835669994
21:06:08.210894,253,0.48817812606205263,1.994870525751728,-0.635294580673723,-0.974120026017772,37.87999915331602
21:06:08.210894,253,0.4959228245576394,2.0265181353738684,-0.7380069541059185,-0.904680024163099,10.87999975681305
21:06:08.210894,253,0.4931526968944808,1.9313425152912844,-0.6166029271197688,-0.974120026017772,61.11999863386154
21:06:08.210894,253,0.5081020896951403,1.9898890832721967,-0.635294580673723,-0.904680024163099,34.879999220371246
21:06:08.210894,253,0.5279752435449466,1.9847086535514695,-0.635294580673723,-0.904680024163099,31.87999928742647
21:06:08.210894,253,0.5477956003127367,1.9793297546281776,-0.635294580673723,-0.904680024163099,29.11999934911728
21:06:08.263016,254,-1.6545477361534664,0.7421096654709612,-0.897377281063831,-0.974120026017772,5.879999868571758
21:06:08.263016,254,0.0,1.8893295755517139,-2.293846694174199,-0.4872000130126253,7.239999838173389
21:06:08.263016,254,0.022797074040233962,1.7344920463076616,-2.334607180728254,-0.4872000130126253,6.9999998435378075
21:06:08.263016,254,0.11889538800391211,1.807173862006976,-2.435408054969358,-0.4872000130126253,5.239999882876873
21:06:08.263016,254,0.1421961248436694,2.737364759369665,-0.7629303819922032,-0.6958000185841229,5.639999873936176
21:06:08.263016,254,0.1541021965356019,1.7658510450392968,-0.8364346744898563,-0.904680024163099,74.99999832361937
21:06:08.263016,254,0.1590751373166615,1.8228357790182437,-0.863426762837552,-0.904680024163099,86.87999805808067
21:06:08.263016,254,0.16636820870653188,1.673592578221547,-0.8769665931567505,-0.904680024163099,83.23999813944101
21:06:08.263016,254,0.1733158342365063,1.76426972423737,-0.8360109608580055,-0.904680024163099,97.11999782919884
21:06:08.263016,254,0.1789088069484752,1.8212034283486012,-0.8629893757938569,-0.904680024163099,111.63999750465155
21:06:08.263016,254,0.18450177966044407,1.878137132459833,-0.8899677907297086,-0.904680024163099,47.23999894410372
21:06:08.263016,254,0.18479500220046513,1.6718965760527926,-0.8765121507452713,-0.904680024163099,106.23999762535095
21:06:08.263016,254,0.1925121404991912,1.7625028961093885,-0.8355375406879483,-0.904680024163099,130.51999708265066
21:06:08.263016,254,0.19872458584948396,1.8193795839557754,-0.8625006781616793,-0.904680024163099,148.3599966838956
21:06:08.263016,254,0.20493703119977674,1.8762562718021631,-0.8894638156354102,-0.904680024163099,54.51999878138304
21:06:08.263016,254,0.2094440785451166,1.8949042648580419,-0.9934266487753509,-0.904680024163099,13.239999704062939
21:06:08.263016,254,0.19837704301674372,1.6546611535278968,-0.7645034893027948,-0.8349600223009475,35.879999198019505
21:06:08.263016,254,0.2032033163489997,1.6700226724965705,-0.8760100398006878,-0.904680024163099,139.23999688774347
21:06:08.263016,254,0.210438486611051,1.734682839851172,-0.887801471845564,-0.904680024163099,183.23999590426683
21:06:08.263016,254,0.2185204924583994,1.8173644282226777,-0.8619607188103726,-0.904680024163099,205.3599954098463
21:06:08.263016,254,0.2240203583234479,1.8466406864027913,-0.9451009035743722,-0.904680024163099,63.75999857485294
21:06:08.263016,254,0.23030780509885967,1.8927804086988285,-0.9928575632326498,-0.904680024163099,13.519999697804451
21:06:08.263016,254,0.217344823840495,1.674866445573596,-0.7136569108387437,-0.8349600223009475,45.519998982548714
21:06:08.263016,254,0.22159131033614332,1.6679710549416666,-0.8754603105336738,-0.904680024163099,187.51999580860138
21:06:08.263016,254,0.2294811956376188,1.7325581732801938,-0.887232169153685,-0.904680024163099,271.63999392837286
21:06:08.263016,254,0.2368866474866389,1.7884685326985472,-0.9158635133878538,-0.904680024163099,298.11999333649874
21:06:08.263016,254,0.24429209933565896,1.8443788921169,-0.9444948576220222,-0.904680024163099,75.63999830931425
21:06:08.263016,254,0.251148501065045,1.8904551339717137,-0.9922345077473389,-0.904680024163099,16.239999637007713
21:06:08.263016,254,0.2356786019926786,1.6797457926380746,-0.6961553260759763,-0.8349600223009475,59.119998678565025
21:06:08.263016,254,0.2399571453779027,1.6657419285481179,-0.8748630179166954,-0.904680024163099,257.51999424397945
21:06:08.263016,254,0.24850095673688236,1.730249677566878,-0.8866136095915713,-0.904680024163099,425.6399904862046
21:06:08.263016,254,0.25652018403974347,1.7860855408863194,-0.9152249926561973,-0.904680024163099,453.75998985767365
21:06:08.263016,254,0.2645394113426046,1.841921404205761,-0.9438363757208234,-0.904680024163099,90.63999797403812
21:06:08.263016,254,0.27196408239153624,1.8879286732022231,-0.991557544624445,-0.904680024163099,20.63999953866005
21:06:08.263016,254,0.2536933983063538,1.6773822877262385,-0.6955220268435428,-0.8349600223009475,78.51999824494123
21:06:08.263016,254,0.25829898490616054,1.663335516226695,-0.8742182216785139,-0.904680024163099,351.8799921348691
21:06:08.263016,254,0.2669123555640305,1.7188019569286004,-0.9033703516488136,-0.904680024163099,680.1199847981334
21:06:08.263016,254,0.2755257262219003,1.7742683976305056,-0.9325224816191134,-0.904680024163099,700.3599843457341
21:06:08.263016,254,0.2841390968797701,1.8297348383324106,-0.9616746115894131,-0.904680024163099,108.63999757170677
21:06:08.263016,254,0.29275246753764,1.8852012790343153,-0.9908267415597127,-0.904680024163099,25.999999418854713
21:06:08.263016,254,0.2726259900377635,1.6950145654175415,-0.6436794714178775,-0.7655200204462744,105.1199976503849
21:06:08.263016,254,0.2766149947523309,1.6607520586166151,-0.873525986298213,-0.904680024163099,449.9999899417162
21:06:08.263016,254,0.2858391404848128,1.7161323500137424,-0.902655032631869,-0.904680024163099,950.2399787604809
21:06:08.263016,254,0.2950632862172946,1.7715126414108697,-0.931784078965525,-0.904680024163099,968.519978351891
21:06:08.263016,254,0.3042874319497764,1.8268929328079966,-0.9609131252991808,-0.904680024163099,125.63999719172716
21:06:08.263016,254,0.3135115776822583,1.8822732242051237,-0.9900421716328368,-0.904680024163099,32.51999927312136
21:06:08.263016,254,0.2909276923672497,1.6986766354647027,-0.6257646005381492,-0.7655200204462744,137.63999692350626
21:06:08.263016,254,0.2955480484166085,1.666646756791721,-0.8559210497541202,-0.8349600223009475,490.7599890306592
21:06:08.263016,254,0.30473734173102296,1.7132800609255248,-0.901890764074101,-0.904680024163099,905.7599797546864
21:06:08.263016,254,0.3145713401312715,1.7685683077895757,-0.9309951471494514,-0.904680024163099,975.3599781990051
21:06:08.263016,254,0.32440533853152004,1.8238565546536265,-0.9600995302248019,-0.904680024163099,132.87999702990055
21:06:08.263016,254,0.33098308216187844,1.838038197441762,-1.0646554774101793,-0.904680024163099,39.519999116659164
21:06:08.263016,254,0.29895613165363244,1.6547746624214799,-0.5532914314790962,-0.7655200204462744,31.75999929010868
21:06:08.263016,254,0.30894039953463226,1.6957794709747085,-0.6249883076527152,-0.7655200204462744,166.51999627798796
21:06:08.263016,254,0.3157121244453285,1.6886475587701637,-0.8040249877940404,-0.7655200204462744,434.11999029666185
21:06:08.263016,254,0.32360506949836915,1.7102453748904676,-0.9010776224017253,-0.904680024163099,612.3599863126874
21:06:08.263016,254,0.33404793717478337,1.7654356911975195,-0.9301557650634136,-0.904680024163099,708.1199841722846
21:06:08.263016,254,0.34449080485119754,1.8206260075045715,-0.959233907725102,-0.904680024163099,123.63999723643064
21:06:08.263016,254,0.351475807649192,1.8347421467130542,-1.0637723032792101,-0.904680024163099,45.639998979866505
21:06:08.263016,254,0.326922212920892,1.692708464854879,-0.6241654340429558,-0.7655200204462744,173.35999612510204
21:06:08.263016,254,0.3346793087988666,1.693481709275526,-0.7859836924965917,-0.7655200204462744,329.63999263197184
21:06:08.263016,254,0.3424404370298822,1.7070285953746307,-0.9002156889282279,-0.904680024163099,377.8799915537238
21:06:08.263016,254,0.3534911297044434,1.7621151048937358,-0.9292660166449169,-0.904680024163099,454.8799898326397
21:06:08.263016,254,0.3645418223790047,1.8172016144128404,-0.9583163443616058,-0.904680024163099,102.9999976977706
21:06:08.263016,254,0.37193338585020735,2.043932279803421,-0.5526589306067747,-0.904680024163099,49.239998899400234
21:06:08.263016,254,0.3940193595344799,2.0487713257531808,-0.7380069541059185,-0.6263600167294499,14.119999684393406
21:06:08.263016,254,0.3337258584300536,1.7352649124186683,-0.10615128514233388,-0.7655200204462744,29.999999329447746
21:06:08.263016,254,0.34487133435975525,1.7932177285534472,-0.16479232410832345,-0.7655200204462744,151.99999660253525
21:06:08.263016,254,0.3551954357315949,1.8468996666180748,-0.24588356622781785,-0.7655200204462744,235.63999473303556
21:06:08.263016,254,0.361241560804589,1.8783375322501155,-0.4277300721488222,-0.7655200204462744,240.99999461323023
21:06:08.263016,254,0.38946184179719384,1.9212756278276473,-0.5005600733827194,-0.8349600223009475,295.23999340087175
21:06:08.263016,254,0.4016370359124403,1.7802207423459182,-1.011426944204795,-0.974120026017772,81.99999816715717
21:06:08.263016,254,0.41273492114989213,1.8236687532485012,-1.060805196442911,-0.904680024163099,49.359998896718025
21:06:08.263016,254,0.4263335301396772,1.835036081723602,-1.2775745984284317,-0.904680024163099,5.879999868571758
21:06:08.263016,254,0.3510615318039014,1.6453559234858386,-0.5507676879875716,-0.7655200204462744,27.519999384880066
21:06:08.263016,254,0.36360475557828176,1.704143530976577,-0.5704462962435884,-0.7655200204462744,118.23999735713005
21:06:08.263016,254,0.37494350212923117,1.7376192371141876,-0.6616325727178183,-0.7655200204462744,167.99999624490738
21:06:08.263016,254,0.380006560725864,1.700050060778675,-0.898345796218889,-0.7655200204462744,162.7599963620305
21:06:08.263016,254,0.4086548045061054,1.7224006286879372,-0.9797337783372433,-0.8349600223009475,200.75999551266432
21:06:08.263016,254,0.4203328602379845,1.766047931321326,-1.0285317955408337,-0.974120026017772,65.35999853909016
21:06:08.263016,254,0.43307479812921507,1.8195837720383516,-1.0597106290265552,-0.974120026017772,46.51999896019697
21:06:08.263016,254,0.3815234622797997,1.7005448081199788,-0.5694820213603796,-0.7655200204462744,87.63999804109335
21:06:08.263016,254,0.39379605068361856,1.740494994745973,-0.6428551531952,-0.7655200204462744,122.35999726504087
21:06:08.263016,254,0.398733560309436,1.6962890035461688,-0.8973380239707516,-0.7655200204462744,115.75999741256237
21:06:08.263016,254,0.42669315980412365,1.7084827744096156,-0.996273310034697,-0.8349600223009475,143.11999680101871
21:06:08.263016,254,0.4400322638978396,1.7618926523196161,-1.0274183918879998,-0.974120026017772,53.51999880373478
21:06:08.263016,254,0.45337136799155553,1.8153025302296162,-1.058563473741302,-0.974120026017772,41.75999906659126
21:06:08.263016,254,0.3994040169547303,1.6967731866707936,-0.5684714184389145,-0.7655200204462744,64.63999855518341
21:06:08.263016,254,0.4122517749343498,1.7366020503317874,-0.6418120418832398,-0.7655200204462744,91.63999795168638
21:06:08.263016,254,0.4318177919060292,1.6509909959986333,-0.964034486238572,-0.6958000185841229,85.87999808043242
21:06:08.263016,254,0.4457527283029967,1.7042691493133852,-0.9951442725929546,-0.8349600223009475,106.35999762266874
21:06:08.263016,254,0.45968766469996425,1.7575473026281372,-1.026254058947337,-0.974120026017772,45.11999899148941
21:06:08.263016,254,0.4682053450253548,1.7670896400590823,-1.1311955889223517,-0.7655200204462744,36.51999918371439
21:06:08.263016,254,0.4172446315625865,1.6928290437880058,-0.5674145885386386,-0.7655200204462744,48.51999891549349
21:06:08.263016,254,0.43066627435297233,1.7325310349313383,-0.6407212165943148,-0.7655200204462744,70.51999842375517
21:06:08.263016,254,0.45023834668423757,1.6467309565709602,-0.9628930121142023,-0.6958000185841229,66.11999852210283
21:06:08.263016,254,0.4647677219024916,1.8992072365532526,-0.5201382399582077,-0.974120026017772,81.87999816983938
21:06:08.263016,254,0.47929709712074575,1.958579463273625,-0.5363985852824912,-0.974120026017772,38.87999913096428
21:06:08.263016,254,0.48817812606205263,1.994870525751728,-0.635294580673723,-0.7655200204462744,31.5199992954731
21:06:08.263016,254,0.4350435220568544,1.7777435186846675,-0.10994400864763122,-0.7655200204462744,37.119999170303345
21:06:08.263016,254,0.4490377075049722,1.834928768477702,-0.1704771424883897,-0.7655200204462744,55.519998759031296
21:06:08.263016,254,0.48373623911917896,1.8944646773327567,-0.5201382399582077,-0.974120026017772,64.7599985525012
21:06:08.263016,254,0.49885860023337053,1.9536886441392793,-0.5363985852824912,-0.974120026017772,34.11999923735857
21:06:08.263016,254,0.5081020896951403,1.9898890832721967,-0.635294580673723,-0.7655200204462744,27.119999393820763
21:06:08.263016,254,0.4530482700925634,1.7742808485465043,-0.0916368091637683,-0.7655200204462744,29.11999934911728
21:06:08.263016,254,0.46736423726242565,1.830346720672487,-0.1704771424883897,-0.7655200204462744,44.63999900221825
21:06:08.263016,254,0.5183702179039161,1.9486024577773222,-0.5363985852824912,-0.974120026017772,30.35999932140112
21:06:08.263016,254,0.5279752435449466,1.9847086535514695,-0.635294580673723,-0.7655200204462744,23.35999947786331
21:06:08.263016,254,0.5477956003127367,1.9793297546281776,-0.635294580673723,-0.7655200204462744,20.239999547600746
21:06:08.322720,255,0.08650575801880836,2.6868505879585345,-1.1102809218453376,-0.6263600167294499,6.11999986320734
21:06:08.322720,255,0.1388579158462609,1.8048805176837117,-2.195124854676581,-1.0438400278799236,5.639999873936176
21:06:08.322720,255,0.13242071566759542,2.20770421947948,-1.9848943888234716,-0.06972000186215155,6.239999860525131
21:06:08.322720,255,0.16334338938528603,1.5040253715840453,-2.2589441966193164,-1.0438400278799236,8.879999801516533
21:06:08.322720,255,0.13075171520330178,1.7182331229859964,-0.7926158138118409,-0.8349600223009475,92.23999793827534
21:06:08.322720,255,0.13487314874415085,1.7672467003844146,-0.8368086392124928,-0.6958000185841229,115.23999742418528
21:06:08.322720,255,0.19598844133669469,1.6506340157425239,-2.2308116487394156,-1.0438400278799236,7.1199998408555984
21:06:08.322720,255,0.15009515799197412,1.739888291279865,-0.7402169152849851,-0.8349600223009475,110.75999752432108
21:06:08.322720,255,0.1541021965356019,1.7658510450392968,-0.8364346744898563,-0.6958000185841229,137.99999691545963
21:06:08.322720,255,0.15779032986058847,1.7868287007521917,-0.9358880046972593,-0.6958000185841229,80.75999819487333
21:06:08.322720,255,0.1688091935550658,1.7383480887328728,-0.7398042192563382,-0.8349600223009475,134.63999699056149
21:06:08.322720,255,0.17362254525411547,1.7725479630894079,-0.818247697986068,-0.6958000185841229,167.2399962618947
21:06:08.322720,255,0.17746380823276164,1.7852095341435326,-0.9354541503120577,-0.7655200204462744,97.11999782919884
21:06:08.322720,255,0.18150002453667397,1.6857907000209125,-0.6977750541275286,-0.8349600223009475,60.87999863922596
21:06:08.322720,255,0.18750634834023044,1.7366272025094713,-0.739343109182512,-0.8349600223009475,165.5199963003397
21:06:08.322720,255,0.1928528225538617,1.7707780082669995,-0.817773440020764,-0.8349600223009475,205.11999541521072
21:06:08.322720,255,0.19711954037279086,1.7834004204554175,-0.9349693997603111,-0.7655200204462744,118.75999734550714
21:06:08.322720,255,0.19637808739061757,1.7104479133651487,-1.178679874273013,-0.7655200204462744,26.239999413490295
21:06:08.322720,255,0.19958011019837063,1.6839502090044685,-0.6972818960459957,-0.8349600223009475,76.7599982842803
21:06:08.322720,255,0.20618475264765404,1.734725804696841,-0.7388336311741273,-0.8349600223009475,205.8799953982234
21:06:08.322720,255,0.21206381473292482,1.768822394826658,-0.817249434978717,-0.7655200204462744,254.87999430298805
21:06:08.322720,255,0.21675556072392968,1.7814015405976997,-0.9344338015166689,-0.7655200204462744,147.87999669462442
21:06:08.322720,255,0.21594024806341183,1.7084565521706172,-1.1781462906490996,-0.7655200204462744,29.11999934911728
21:06:08.322720,255,0.21165569482435787,1.6726127675018787,-0.5397719490967815,-0.7655200204462744,24.879999443888664
21:06:08.322720,255,0.21764023801625582,1.6819351727095424,-0.6967419686980508,-0.8349600223009475,98.35999780148268
21:06:08.322720,255,0.22484253865255463,1.7326440854331704,-0.7382758361785584,-0.8349600223009475,258.9999942108989
21:06:08.322720,255,0.23125360070818188,1.7666813183280896,-0.8166757352599925,-0.7655200204462744,319.9999928474426
21:06:08.322720,255,0.23636990570059416,1.7792130944566906,-0.9338474091405065,-0.7655200204462744,186.99999582022429
21:06:08.322720,255,0.25499783383701435,1.7039074880769127,-1.176927372598874,-0.7655200204462744,32.359999276697636
21:06:08.322720,255,0.25775458738721596,1.6928314692555932,-1.299734469378508,-0.8349600223009475,9.119999796152115
21:06:08.322720,255,0.22919805048305392,1.6704835897152486,-0.5392014376283117,-0.7655200204462744,30.759999312460423
21:06:08.322720,255,0.2356786019926786,1.6797457926380746,-0.6961553260759763,-0.8349600223009475,127.99999713897705
21:06:08.322720,255,0.2434778405919632,1.7303822528886423,-0.7376697799748377,-0.8349600223009475,327.239992685616
21:06:08.322720,255,0.25042026151711255,1.764354992877151,-0.8160523982340815,-0.7655200204462744,403.35999098420143
21:06:08.322720,255,0.2559606138847194,1.7768353008751705,-0.9332102812705703,-0.7655200204462744,238.75999466329813
21:06:08.322720,255,0.27448935321196766,1.7013502400803378,-1.1762421600633457,-0.7655200204462744,36.35999918729067
21:06:08.322720,255,0.27745682743546746,1.6902465751320401,-1.299041849085582,-0.8349600223009475,11.759999737143517
21:06:08.322720,255,0.24658169117583487,1.6626794912001588,-0.5554095239666496,-0.7655200204462744,38.239999145269394
21:06:08.322720,255,0.2536933983063538,1.6773822877262385,-0.6955220268435428,-0.8349600223009475,167.1199962645769
21:06:08.322720,255,0.26208879495129855,1.727940533244615,-0.7370155231680774,-0.8349600223009475,410.35999082773924
21:06:08.322720,255,0.2695618805096939,1.7618436511044373,-0.8153794862341642,-0.7655200204462744,503.11998875439167
21:06:08.322720,255,0.2755257262219003,1.7742683976305056,-0.9325224816191134,-0.7655200204462744,301.5199932605028
21:06:08.322720,255,0.29395342388156714,1.6986048494675985,-1.1755065348657543,-0.7655200204462744,40.759999088943005
21:06:08.322720,255,0.29713132203342907,1.687471504403182,-1.2982982711248452,-0.8349600223009475,15.119999662041664
21:06:08.322720,255,0.2640668264159239,1.6602132277465642,-0.5547486906659365,-0.7655200204462744,46.999998949468136
21:06:08.322720,255,0.27168282549274286,1.6748448943225451,-0.6948421343301431,-0.8349600223009475,213.23999523371458
21:06:08.322720,255,0.280673540650717,1.8571022070521008,-0.26467840939568343,-0.7655200204462744,498.75998885184526
21:06:08.322720,255,0.28867654354006334,1.9100548091904868,-0.3315974125811019,-0.7655200204462744,604.519986487925
21:06:08.322720,255,0.2950632862172946,1.952313277495913,-0.44153309616076764,-0.7655200204462744,362.11999190598726
21:06:08.322720,255,0.313388099455053,1.9419330387713807,-0.6958208358526883,-0.7655200204462744,45.2399989888072
21:06:08.322720,255,0.3167761037481242,1.9629270633806584,-0.8173100668985892,-0.8349600223009475,19.519999563694
21:06:08.322720,255,0.3260962984507961,2.020680354116245,-0.8413569847873371,-0.6958000185841229,9.999999776482582
21:06:08.322720,255,0.2815255551946067,1.7444943756368532,-0.10615128514233388,-0.7655200204462744,55.75999875366688
21:06:08.322720,255,0.28964508462419886,1.7948076532821098,-0.23768420649990987,-0.8349600223009475,254.63999430835247
21:06:08.322720,255,0.29923021923121884,1.8542026641546039,-0.26467840939568343,-0.7655200204462744,567.239987321198
21:06:08.322720,255,0.30776233915793233,1.907072589991787,-0.3315974125811019,-0.7655200204462744,673.1199849545956
21:06:08.322720,255,0.3145713401312715,1.949265079030607,-0.44153309616076764,-0.7655200204462744,391.8799912407994
21:06:08.322720,255,0.3327914364811501,1.938702114239501,-0.6958208358526883,-0.6263600167294499,55.11999876797199
21:06:08.322720,255,0.3363892081178398,1.9596612096788337,-0.8173100668985892,-0.8349600223009475,24.51999945193529
21:06:08.322720,255,0.346286460083628,2.0173184123824903,-0.8413569847873371,-0.6958000185841229,12.23999972641468
21:06:08.322720,255,0.29895613165363244,1.7415919430805085,-0.10615128514233388,-0.7655200204462744,62.23999860882759
21:06:08.322720,255,0.3086461577781005,1.7980419357040605,-0.18304457403839178,-0.7655200204462744,269.63999397307634
21:06:08.322720,255,0.3177569750404929,1.8511177025441437,-0.26467840939568343,-0.7655200204462744,583.5199869573116
21:06:08.322720,255,0.32681735879972895,1.903899665131835,-0.3315974125811019,-0.7655200204462744,671.7599849849939
21:06:08.322720,255,0.33404793717478337,1.9460219556904936,-0.44153309616076764,-0.7655200204462744,367.87999177724123
21:06:08.322720,255,0.3521614946424121,1.9352773211204435,-0.6958208358526883,-0.6263600167294499,63.879998572170734
21:06:08.322720,255,0.3559686738485707,1.956199391497847,-0.8173100668985892,-0.8349600223009475,29.639999337494373
21:06:08.322720,255,0.36644199336057076,2.013754740497609,-0.8413569847873371,-0.904680024163099,14.759999670088291
21:06:08.322720,255,0.3156444218288569,1.7346004614270325,-0.1591075057282572,-0.7655200204462744,63.75999857485294
21:06:08.322720,255,0.3266108448825131,1.7948656242924481,-0.18304457403839178,-0.7655200204462744,247.51999446749687
21:06:08.322720,255,0.3362519554184801,1.71637993637496,-0.7339178705728315,-0.7655200204462744,536.6399880051613
21:06:08.322720,255,0.34583969697945355,1.7499534204191547,-0.8121935085242231,-0.7655200204462744,597.7599866390228
21:06:08.322720,255,0.3534911297044434,1.7621151048937358,-0.9292660166449169,-0.7655200204462744,303.9999932050705
21:06:08.322720,255,0.37149633694925094,1.6857476332121137,-1.1720614541531849,-0.6263600167294499,62.99999859184027
21:06:08.322720,255,0.37551254301014764,1.6744752901961277,-1.294815946023403,-0.8349600223009475,33.87999924272299
21:06:08.322720,255,0.3865608827451828,1.723741745414132,-1.3329120542155093,-0.904680024163099,17.11999961733818
21:06:08.322720,255,0.33297435486793386,1.631182717109795,-0.6017943025620995,-0.7655200204462744,59.51999866962433
21:06:08.322720,255,0.3433509062416656,1.6629617708190447,-0.6916580609838209,-0.7655200204462744,202.87999546527863
21:06:08.322720,255,0.3547133108826374,1.7130428026611129,-0.7330236882891715,-0.7655200204462744,450.5199899300933
21:06:08.322720,255,0.3648274514792249,1.7465211331304737,-0.8112738299170295,-0.7655200204462744,487.99998909235
21:06:08.322720,255,0.3728989734172881,1.7586068809340727,-0.9283259908680577,-0.7655200204462744,233.35999478399754
21:06:08.322720,255,0.3849533806825337,1.6340199729378604,-1.2390610502714847,-0.6263600167294499,54.359998784959316
21:06:08.322720,255,0.39501886123202834,1.67075387835087,-1.2938187967247625,-0.8349600223009475,36.11999919265509
21:06:08.322720,255,0.4066411163653814,1.7199108420934877,-1.331885566764461,-0.904680024163099,19.119999572634697
21:06:08.322720,255,0.3385183080295211,1.5865683159951007,-0.5310890797315547,-0.7655200204462744,5.999999865889549
21:06:08.322720,255,0.35027099075049023,1.6278828680596422,-0.6009101106739665,-0.7655200204462744,51.51999884843826
21:06:08.322720,255,0.3611865609051106,1.6595590878638364,-0.6907463148338736,-0.7655200204462744,156.75999649614096
21:06:08.322720,255,0.37313919531288564,1.7095275157782626,-0.7320817700077482,-0.7655200204462744,357.99999199807644
21:06:08.322720,255,0.38377872353950115,1.7429056128910518,-0.810305054188658,-0.7655200204462744,380.1199915036559
21:06:08.322720,255,0.3922695275452063,1.9351263767825715,-0.44153309616076764,-0.7655200204462744,174.7599960938096
21:06:08.322720,255,0.42285455353953877,1.8909563419461097,-0.7739255797318607,-0.6263600167294499,43.75999902188778
21:06:08.322720,255,0.43391104634490396,1.940399690764232,-0.8173100668985892,-0.8349600223009475,35.759999200701714
21:06:08.322720,255,0.4466775883527259,1.9974901805611098,-0.8413569847873371,-0.904680024163099,20.239999547600746
21:06:08.322720,255,0.367532599827429,1.724352037687965,-0.1591075057282572,-0.7655200204462744,42.51999904960394
21:06:08.322720,255,0.37898609721506754,1.7780883907850826,-0.23768420649990987,-0.7655200204462744,118.99999734014273
21:06:08.322720,255,0.39152776613621887,1.8369301163091578,-0.26467840939568343,-0.7655200204462744,278.23999378085136
21:06:08.322720,255,0.4026916180489535,1.8893075402525286,-0.3315974125811019,-0.7655200204462744,291.3599934875965
21:06:08.322720,255,0.4116008550490135,1.9311069914645078,-0.44153309616076764,-0.7655200204462744,131.51999706029892
21:06:08.322720,255,0.44174265882800173,1.8866333199556566,-0.7739255797318607,-0.6263600167294499,34.51999922841787
21:06:08.322720,255,0.4532930240499717,1.9359636335442072,-0.8173100668985892,-0.904680024163099,33.2399992570281
21:06:08.322720,255,0.4666298231062157,1.992923605551032,-0.8413569847873371,-0.904680024163099,20.359999544918537
21:06:08.322720,255,0.4799666221624598,2.0498835775578566,-0.8654039026760849,-0.904680024163099,5.119999885559082
21:06:08.322720,255,0.38475745595230404,1.720590556147411,-0.1591075057282572,-0.7655200204462744,34.35999923199415
21:06:08.322720,255,0.39674773523281776,1.7742096893869743,-0.23768420649990987,-0.7655200204462744,90.8799979686737
21:06:08.322720,255,0.4098771845109609,1.8329230582532812,-0.26467840939568343,-0.7655200204462744,215.7599951773882
21:06:08.322720,255,0.4208195340075174,1.8818559714810197,-0.3508979728230832,-0.7655200204462744,223.75999499857426
21:06:08.322720,255,0.45013810183401703,1.9224893148305013,-0.44153309616076764,-0.7655200204462744,100.6399977505207
21:06:08.322720,255,0.46058659022067433,1.8821216362138309,-0.7739255797318607,-0.5566400148672983,27.359999388456345
21:06:08.322720,255,0.47262967283240365,1.93133398158278,-0.8173100668985892,-0.904680024163099,29.759999334812164
21:06:08.322720,255,0.4885109629323519,1.996230616314981,-0.8208470203434497,-0.904680024163099,19.759999558329582
21:06:08.322720,255,0.40194383665393396,1.7166570169927546,-0.1591075057282572,-0.7655200204462744,27.639999382197857
21:06:08.322720,255,0.41446969880944035,1.7701535685063614,-0.23768420649990987,-0.7655200204462744,70.51999842375517
21:06:08.322720,255,0.42818561551064716,1.8287327094272037,-0.26467840939568343,-0.7655200204462744,168.63999623060226
21:06:08.322720,255,0.4396167388602084,1.877553754360975,-0.3508979728230832,-0.7655200204462744,173.75999611616135
21:06:08.322720,255,0.4693401674228213,1.9178918852750018,-0.44153309616076764,-0.5566400148672983,78.63999824225903
21:06:08.322720,255,0.4793844633402046,1.8774217418852266,-0.7739255797318607,-0.5566400148672983,21.99999950826168
21:06:08.322720,255,0.4919190590435219,1.926511197841267,-0.8173100668985892,-0.904680024163099,25.999999418854713
21:06:08.322720,255,0.5084485106023834,1.9912457775183354,-0.8208470203434497,-0.904680024163099,18.519999586045742
21:06:08.322720,255,0.41869087258317084,1.710920740867592,-0.17673011027622745,-0.7655200204462744,22.359999500215054
21:06:08.322720,255,0.43215021576342505,1.7659204337519343,-0.23768420649990987,-0.7655200204462744,55.63999875634909
21:06:08.322720,255,0.4443631809260634,1.815826980019194,-0.32089662873122704,-0.904680024163099,133.35999701917171
21:06:08.322720,255,0.4583699824073248,1.8730637834385102,-0.3508979728230832,-0.5566400148672983,136.7599969431758
21:06:08.322720,255,0.4884952993880969,1.9131026681377858,-0.44153309616076764,-0.5566400148672983,62.879998594522476
21:06:08.322720,255,0.4981343984150296,1.8725341069553398,-0.7739255797318607,-0.5566400148672983,19.63999956101179
21:06:08.322720,255,0.5132348061311813,1.9292979613837726,-0.7973863000376552,-0.904680024163099,22.519999496638775
21:06:08.322720,255,0.5283352138473332,1.9860618158122054,-0.8208470203434497,-0.904680024163099,16.8799996227026
21:06:08.322720,255,0.4497875180578892,1.761510708433621,-0.23768420649990987,-0.7655200204462744,44.75999899953604
21:06:08.322720,255,0.4624989297111875,1.8112926317810607,-0.32089662873122704,-0.904680024163099,106.99999760836363
21:06:08.322720,255,0.4957370889338832,1.8635223948899664,-0.3508979728230832,-0.5566400148672983,109.11999756097794
21:06:08.322720,255,0.5076015822326954,1.9081221423365555,-0.44153309616076764,-0.5566400148672983,51.23999885469675
21:06:08.322720,255,0.5246761171551332,1.895792973939642,-0.6958208358526883,-0.5566400148672983,17.759999603033066
21:06:08.322720,255,0.5325018022404442,1.9240692348859934,-0.7973863000376552,-0.904680024163099,19.35999956727028
21:06:08.322720,255,0.5481690840135378,1.9806792495884185,-0.8208470203434497,-0.904680024163099,15.239999659359455
21:06:08.322720,255,0.4986298698301957,1.8016810236114154,-0.32089662873122704,-0.904680024163099,86.87999805808067
21:06:08.322720,255,0.5143472152339789,1.8584719313947489,-0.3508979728230832,-0.5566400148672983,88.3599980250001
21:06:08.322720,255,0.5266571053443396,1.9029508059197178,-0.44153309616076764,-0.5566400148672983,42.51999904960394
21:06:08.322720,255,0.5436074969208214,1.890451511476393,-0.6958208358526883,-0.5566400148672983,16.119999639689922
21:06:08.322720,255,0.5517155486156134,1.918648103076712,-0.7973863000376552,-0.904680024163099,16.759999625384808
21:06:08.322720,255,0.5166214481003384,1.7966047248326675,-0.32089662873122704,-0.904680024163099,71.51999840140343
21:06:08.322720,255,0.5329059072434715,1.8532356222634212,-0.3508979728230832,-0.5566400148672983,72.51999837905169
21:06:08.322720,255,-0.1293146923679913,0.06581705795719028,-0.20725547351073864,-3.4790000929206144,5.639999873936176
21:06:08.379489,256,0.11795265853524249,1.716521126722489,-1.1803071868875743,-0.7655200204462744,20.119999550282955
21:06:08.379489,256,0.1367556526245886,1.7493782131903073,-1.0072312098301,-0.7655200204462744,36.23999918997288
21:06:08.379489,256,0.1375816139285922,1.7152869806991329,-1.179976498457274,-0.7655200204462744,21.239999525249004
21:06:08.379489,256,0.15625309154816333,1.7479630778624995,-1.006852025461833,-0.7655200204462744,39.519999116659164
21:06:08.379489,256,0.15719681127581508,1.7138632983972275,-1.1795950239342,-0.7655200204462744,22.11999950557947
21:06:08.379489,256,0.17573490529349217,1.7463596856358774,-1.0064223978095592,-0.7655200204462744,42.9999990388751
21:06:08.379489,256,0.17415396336164707,1.6637530514550658,-1.2470280046486608,-0.7655200204462744,22.99999948590994
21:06:08.379489,256,0.19375903136778788,1.7945376654374923,-0.7639976243562533,-0.8349600223009475,61.99999861419201
21:06:08.379489,256,0.19519914569552252,1.7445681968483209,-1.005942369835684,-0.7655200204462744,46.63999895751476
21:06:08.379489,256,0.21271289259856924,1.6600160800969816,-1.246026686191124,-0.7655200204462744,23.35999947786331
21:06:08.379489,256,0.21451219854485848,1.6441135922656216,-1.3683203257697802,-0.6958000185841229,6.6399998515844345
21:06:08.379489,256,0.19409217377350466,1.6745723955145397,-0.5402970298402395,-0.8349600223009475,32.63999927043915
21:06:08.379489,256,0.2012684558227436,1.7554878014156934,-0.48936301159559337,-0.8349600223009475,64.11999856680632
21:06:08.379489,256,0.20796177410246855,1.7942353855061168,-0.5789060253351076,-0.8349600223009475,74.99999832361937
21:06:08.379489,256,0.21306029534171708,1.792572862636514,-0.7634711570324448,-0.8349600223009475,74.35999833792448
21:06:08.379489,256,0.2146438663465213,1.7425887906472077,-1.0054119895426026,-0.7655200204462744,50.23999887704849
21:06:08.379489,256,0.23196141403201223,1.6578684502627317,-1.2454512305113958,-0.7655200204462744,23.519999474287033
21:06:08.379489,256,0.23392354028810672,1.6419477959578501,-1.3677400023981425,-0.6958000185841229,6.7599998489022255
21:06:08.379489,256,0.20409336029666933,1.6128512888720274,-0.5204862121780574,-0.7655200204462744,25.999999418854713
21:06:08.379489,256,0.21165569482435787,1.6726127675018787,-0.5397719490967815,-0.8349600223009475,42.23999905586243
21:06:08.379489,256,0.21944844060479904,1.7484470929073954,-0.5064560341888376,-0.8349600223009475,82.11999816447496
21:06:08.379489,256,0.22678036387973494,1.7921357247615808,-0.5783434229342298,-0.8349600223009475,94.87999787926674
21:06:08.379489,256,0.23084508217681726,1.7584134431335021,-0.8344417750655744,-0.7655200204462744,91.51999795436859
21:06:08.379489,256,0.2340671227907143,1.7404216649714996,-1.0048313099678998,-0.7655200204462744,53.75999879837036
21:06:08.379489,256,0.2501709252626706,1.6430249380634003,-1.2614936482652666,-0.7655200204462744,22.759999491274357
21:06:08.379489,256,0.2533114898733075,1.6395946119050206,-1.367109468631545,-0.6958000185841229,7.759999826550484
21:06:08.379489,256,0.22100893781927583,1.610798185365869,-0.5199360847516047,-0.7655200204462744,33.639999248087406
21:06:08.379489,256,0.22919805048305392,1.6704835897152486,-0.5392014376283117,-0.8349600223009475,56.99999872595072
21:06:08.379489,256,0.237387163146832,1.7301689940646285,-0.5584667905050188,-0.8349600223009475,108.87999756634235
21:06:08.379489,256,0.2455762758106101,1.7898543984140083,-0.5777321433817258,-0.8349600223009475,124.11999722570181
21:06:08.379489,256,0.24997788432970605,1.756091227227469,-0.8338195391889022,-0.7655200204462744,116.11999740451574
21:06:08.379489,256,0.2505678384845851,1.696518235822419,-1.073583990754635,-0.7655200204462744,56.759998731315136
21:06:08.379489,256,0.26929348549557064,1.6405160967614845,-1.2608214062644802,-0.7655200204462744,21.359999522566795
21:06:08.379489,256,0.27267410852174545,1.637054275423566,-1.3664287875228358,-0.6958000185841229,8.759999804198742
21:06:08.379489,256,0.2379024146332619,1.6085817953089059,-0.519342204825729,-0.7655200204462744,44.87999899685383
21:06:08.379489,256,0.24671748652872402,1.6681850750706446,-0.538585552485499,-0.8349600223009475,80.75999819487333
21:06:08.379489,256,0.2555325584241861,1.7277883548323838,-0.557828900145269,-0.8349600223009475,150.63999663293362
21:06:08.379489,256,0.2643476303196482,1.7873916345941225,-0.5770722478050389,-0.7655200204462744,168.63999623060226
21:06:08.379489,256,0.2690856889035936,1.7535843218382303,-0.8331478159143544,-0.7655200204462744,152.75999658554792
21:06:08.379489,256,0.26972073796248464,1.694005414072802,-1.0729106821961016,-0.7655200204462744,58.35999869555235
21:06:08.379489,256,0.2883891166055354,1.637822674235255,-1.2600997058737013,-0.7655200204462744,24.999999441206455
21:06:08.379489,256,0.2920094599877779,1.6343270405450079,-1.3656980271395562,-0.6958000185841229,9.879999779164791
21:06:08.379489,256,0.2547721014050995,1.6062023403382872,-0.5187046317879255,-0.7655200204462744,61.23999863117933
21:06:08.379489,256,0.2642122510324413,1.6657174534176056,-0.5379243552563416,-0.7655200204462744,121.75999727845192
21:06:08.379489,256,0.27365240065978313,1.7252325664969244,-0.5571440787247577,-0.8349600223009475,219.63999509066343
21:06:08.379489,256,0.28293673379714934,1.7788501283594387,-0.594390384985519,-0.7655200204462744,240.51999462395906
21:06:08.379489,256,0.28816658513403093,1.7508929776542252,-0.8324266724136962,-0.7655200204462744,208.99999532848597
21:06:08.379489,256,0.3079437087980725,1.6884254181158735,-1.0714155267856738,-0.7655200204462744,60.51999864727259
21:06:08.379489,256,0.3074559090454523,1.6349449398247073,-1.2593286192623638,-0.7655200204462744,28.879999354481697
21:06:08.379489,256,0.31131561075245734,1.6314131799905482,-1.3649172605571318,-0.6958000185841229,10.99999975413084
21:06:08.379489,256,0.27146681130755185,1.5983538947924434,-0.534247016052636,-0.7655200204462744,84.75999810546637
21:06:08.379489,256,0.2815255551946067,1.6575781969867154,-0.5540426363018038,-0.7655200204462744,197.23999559134245
21:06:08.379489,256,0.2915842990816616,1.716802499180987,-0.5738382565509714,-0.7655200204462744,339.7599924057722
21:06:08.379489,256,0.30096378538182755,1.7572756522048951,-0.6473515168097816,-0.7655200204462744,362.51999189704657
21:06:08.379489,256,0.30721866494738115,1.7480174638076171,-0.8316561808006728,-0.8349600223009475,295.87999338656664
21:06:08.379489,256,0.3270099578907004,1.6853588019034822,-1.0705938294480675,-0.7655200204462744,77.23999827355146
21:06:08.379489,256,0.32649195615205145,1.631883181300871,-1.2585082235384828,-0.6958000185841229,32.239999279379845
21:06:08.379489,256,0.33059063021688195,1.6283129851438012,-1.3640865658515668,-0.6958000185841229,12.11999972909689
21:06:08.379489,256,0.28827460343609695,1.5956505288820597,-0.5335226513401029,-0.7655200204462744,113.75999745726585
21:06:08.379489,256,0.29895613165363244,1.6547746624214799,-0.5532914314790962,-0.7655200204462744,337.6399924531579
21:06:08.379489,256,0.309637659871168,1.7138987959608998,-0.5730602116180894,-0.7655200204462744,547.7599877566099
21:06:08.379489,256,0.3195978744572205,1.7542785446257314,-0.6465484442543155,-0.7655200204462744,571.9999872148037
21:06:08.379489,256,0.32360506949836915,1.7102453748904676,-0.9010776224017253,-0.7655200204462744,419.35999062657356
21:06:08.379489,256,0.3460435062615086,1.6821081762700583,-1.0697228269346954,-0.6263600167294499,93.35999791324139
21:06:08.379489,256,0.3454953543365707,1.628637704837034,-1.2576386007409432,-0.6958000185841229,34.35999923199415
21:06:08.379489,256,0.36903956860762654,1.6215548512432671,-1.3622757293305774,-0.6958000185841229,12.879999712109566
21:06:08.379489,256,0.46450203461947187,1.819137426499452,-2.052925137105264,-0.27832000743364915,9.519999787211418
21:06:08.379489,256,0.49633336956629115,2.028195769199579,-2.024709401779219,-0.06972000186215155,11.519999742507935
21:06:08.379489,256,0.29395679705862016,1.6154177313292193,-0.08216575634864198,-0.7655200204462744,9.359999790787697
21:06:08.379489,256,0.30505356834581515,1.6763992132245502,-0.10235856163703654,-0.7655200204462744,136.1199969574809
21:06:08.379489,256,0.3163568127499585,1.651802904401966,1.4475048486823332,-0.7655200204462744,521.6399883404374
21:06:08.379489,256,0.326922212920892,1.692708464854879,1.3758345659570441,-0.7655200204462744,822.5199816152453
21:06:08.379489,256,0.3378778947536988,1.744504792448126,1.3365224482910132,-0.7655200204462744,875.2399804368615
21:06:08.379489,256,0.3424404370298822,1.7070285953746307,1.099784311071772,-0.7655200204462744,541.8799878880382
21:06:08.379489,256,0.36504245057160606,1.6786738662754408,0.9311973936549203,-0.6263600167294499,102.63999770581722
21:06:08.379489,256,0.3644642032751125,1.6252088349781233,0.7432801621687031,-0.6958000185841229,34.879999220371246
21:06:08.379489,256,0.38820964267232005,1.617897587997208,0.6387042314027123,-0.6958000185841229,13.519999697804451
21:06:08.379489,256,0.497670569705163,0.21758853334781592,-0.7929245542497481,-0.5566400148672983,15.359999656677246
21:06:08.379489,256,0.32180202815427283,1.5897574448316543,1.468056395772132,-0.7655200204462744,133.75999701023102
21:06:08.379489,256,0.3337258584300536,1.6486632201014857,1.4483461245551357,-0.7655200204462744,513.239988528192
21:06:08.379489,256,0.34487133435975525,1.6894639242032532,1.3767039380044572,-0.7655200204462744,885.7599802017212
21:06:08.379489,256,0.3551954357315949,1.7203287367335824,1.2844819050062382,-0.7655200204462744,1046.3599766120315
21:06:08.379489,256,0.361241560804589,1.7036300440532717,1.100694950153766,-0.7655200204462744,558.5199875161052
21:06:08.379489,256,0.3840048909424793,1.6750562153477533,0.932166740299492,-0.6263600167294499,100.51999775320292
21:06:08.379489,256,0.38339660609867526,1.621596914608252,0.7442479733149356,-0.6958000185841229,33.639999248087406
21:06:08.379489,256,0.40734089609798857,1.6140553420067374,0.6397337581129805,-0.6958000185841229,13.639999695122242
21:06:08.379489,256,0.3380439236203931,1.5754935490117643,1.4366212113271801,-0.7655200204462744,108.51999757438898
21:06:08.379489,256,0.35027099075049023,1.6278828680596422,1.3990898893260335,-0.7655200204462744,325.8799927160144
21:06:08.379489,256,0.36244044347117194,1.6796756932905565,1.3604305669813523,-0.7655200204462744,632.8799858540297
21:06:08.379489,256,0.37364636454691497,1.7168086718875,1.2854251035390512,-0.7655200204462744,831.7599814087152
21:06:08.379489,256,0.380006560725864,1.700050060778675,1.101654203781111,-0.7655200204462744,449.1199899613857
21:06:08.379489,256,0.4029289311459778,1.671255585249056,0.9331851160651672,-0.6263600167294499,89.23999800533056
21:06:08.379489,256,0.42114450433708206,1.6138253853604514,0.7463303483008388,-0.6958000185841229,31.119999304413795
21:06:08.379489,256,0.4264314157753179,1.6100284974932355,0.6408127478484191,-0.6958000185841229,13.239999704062939
21:06:08.379489,256,0.3544008743993341,1.5663766738006462,1.4214557814660833,-0.7655200204462744,79.63999821990728
21:06:08.379489,256,0.367532599827429,1.624416114115755,1.4000188032456555,-0.7655200204462744,189.23999577015638
21:06:08.379489,256,0.3803017720255775,1.6760884940362428,1.3613917541246354,-0.7655200204462744,387.1199913471937
21:06:08.379489,256,0.39152776613621887,1.7058344272521528,1.2689077900803996,-0.7655200204462744,527.3599882125854
21:06:08.379489,256,0.398733560309436,1.6962890035461688,1.1026619760292484,-0.6958000185841229,318.2399928867817
21:06:08.379489,256,0.421812678793936,1.667272356039176,0.9342524191152226,-0.6958000185841229,74.35999833792448
21:06:08.379489,256,0.43995622499372755,1.6096665536289354,0.7474447039047554,-0.6958000185841229,28.11999937146902
21:06:08.379489,256,0.44547929266833436,1.6058174571377806,0.6419410927109581,-0.6958000185841229,12.759999714791775
21:06:08.379489,256,0.37101029646128114,1.5628731777600429,1.4223945404008487,-0.7655200204462744,57.11999872326851
21:06:08.379489,256,0.38475745595230404,1.6207828019506243,1.4009923463061524,-0.7655200204462744,116.35999739915133
21:06:08.379489,256,0.39674773523281776,1.6522377608689274,1.3112154288219364,-0.6263600167294499,240.99999461323023
21:06:08.379489,256,0.4079601935216427,1.6791331028994727,1.2178610049943839,-0.7655200204462744,327.8799926713109
21:06:08.379489,256,0.4360660717136653,1.6882251896873504,1.1048226684406337,-0.6958000185841229,221.75999504327774
21:06:08.379489,256,0.4406542455274097,1.6631069260376965,0.9353685427202474,-0.5566400148672983,60.51999864727259
21:06:08.379489,256,0.45872395039646946,1.6053262256015728,0.7486076912945732,-0.6958000185841229,24.999999441206455
21:06:08.379489,256,0.4644826220053068,1.6014226420408795,0.6431186798670567,-0.6958000185841229,11.879999734461308
21:06:08.379489,256,0.3875826178044148,1.5592094248729642,1.4233762400282086,-0.7655200204462744,41.51999907195568
21:06:08.379489,256,0.40194383665393396,1.6169832948924223,1.402010421154034,-0.7655200204462744,76.87999828159809
21:06:08.379489,256,0.41446969880944035,1.648319848955793,1.312265230155077,-0.6263600167294499,158.87999644875526
21:06:08.379489,256,0.4254301272617859,1.6671644606779978,1.2017313909906742,-0.7655200204462744,213.87999521940947
21:06:08.379489,256,0.45023834668423757,1.6467309565709602,1.0371069878857977,-0.5566400148672983,158.87999644875526
21:06:08.379489,256,0.4594517472055113,1.6587597117841282,0.9365333752688163,-0.5566400148672983,49.11999890208244
21:06:08.379489,256,0.477445803788491,1.6008048353075295,0.7498191941725281,-0.5566400148672983,22.11999950557947
21:06:08.379489,256,0.4834395034692227,1.5968444916803597,0.6443453915589863,-0.6958000185841229,11.119999751448631
21:06:08.379489,256,0.40411618121048504,1.5553857815116297,1.4244007821790228,-0.7655200204462744,30.999999307096004
21:06:08.379489,256,0.4190900233086474,1.6130179728886715,1.4030729259826684,-0.7655200204462744,53.99999879300594
21:06:08.379489,256,0.43156363627353733,1.6372134054890246,1.2964321908444938,-0.6263600167294499,110.87999752163887
21:06:08.379489,256,0.4579530256341889,1.625245554622078,1.1359879527731758,-0.6263600167294499,147.35999670624733
21:06:08.379489,256,0.4686138780049874,1.6422932042169687,1.0382960800452592,-0.5566400148672983,118.23999735713005
21:06:08.379489,256,0.47820330409382134,1.6542311479962535,0.93774680027865,-0.5566400148672983,45.519998982548714
21:06:08.379489,256,0.4961199130001381,1.5961028348820472,0.7510790913893468,-0.5566400148672983,19.519999563694
21:06:08.379489,256,0.5212063449231414,1.58714003470086,0.6469456929696258,-0.974120026017772,10.239999771118164
21:06:08.379489,256,0.4206093333370031,1.5514026300371715,1.4254680643999347,-0.7655200204462744,23.879999466240406
21:06:08.379489,256,0.4357788600891749,1.6027546057443576,1.3875787241953115,-0.6263600167294499,39.87999910861254
21:06:08.379489,256,0.44707620278131666,1.6109475350774083,1.2472095394592557,-0.6263600167294499,80.99999818950891
21:06:08.379489,256,0.4758647231433905,1.6207355237362757,1.1371964119068658,-0.5566400148672983,106.51999761909246
21:06:08.379489,256,0.4869425483305419,1.6376781827081768,1.0395326713315922,-0.5566400148672983,91.11999796330929
21:06:08.379489,256,0.49690704105236116,1.6495216875266578,0.9390086964082645,-0.5566400148672983,43.119999036192894
21:06:08.379489,256,0.514744410636135,1.5912206945212293,0.7523872569563634,-0.5566400148672983,17.359999611973763
21:06:08.379489,256,0.5400125282606401,1.582014698519447,0.6483190226603734,-0.974120026017772,9.359999790787697
21:06:08.379489,256,0.45282327007426587,1.598462951342336,1.3887286695265266,-0.6263600167294499,30.63999931514263
21:06:08.379489,256,0.4811508260875001,1.5943283045749213,1.2329708550954153,-0.6263600167294499,61.519998624920845
21:06:08.379489,256,0.4937288345789577,1.6160527075253746,1.13845116872888,-0.5566400148672983,79.99999821186066
21:06:08.379489,256,0.5052225248092241,1.6328863535428688,1.0408166380867043,-0.5566400148672983,72.51999837905169
21:06:08.379489,256,0.5271286212053927,1.596049226874662,0.8738103030730604,-0.5566400148672983,40.51999909430742
21:06:08.379489,256,0.5333174342623214,1.5861589024350211,0.753743560058117,-0.5566400148672983,16.519999630749226
21:06:08.379489,256,0.5587647107977355,1.5767079678525082,0.6497409568570292,-0.974120026017772,8.639999806880951
21:06:08.379489,256,0.49851172496474755,1.589596858456347,1.2342386422619185,-0.6263600167294499,48.119998924434185
21:06:08.379489,256,0.5065599704277,1.5753846112618488,1.0730581316937593,-0.5566400148672983,62.1199986115098
21:06:08.379489,256,0.5234519794587014,1.6279181958999467,1.0421478519149958,-0.5566400148672983,58.999998681247234
21:06:08.379489,256,0.5454334041651688,1.5908691070196985,0.8751983120048943,-0.5566400148672983,37.51999916136265
21:06:08.379489,256,0.5518371265918954,1.5809179647983909,0.7551478650654342,-0.5566400148672983,16.759999625384808
21:06:08.379489,256,0.5241504975623984,1.5704066205875011,1.0743919802748805,-0.5566400148672983,49.359998896718025
21:06:08.379489,256,0.5416290893487813,1.6227742065910122,1.0435261796961992,-0.5566400148672983,49.11999890208244
21:06:08.379489,256,0.5636836442414931,1.585512438493284,0.8766336270106683,-0.5566400148672983,34.639999225735664
21:06:08.379489,256,0.5887091150646164,1.5699007670933511,0.7580999142933535,-0.5566400148672983,16.639999628067017
21:06:08.432424,257,0.05613124870244287,1.6076574373483692,-1.227121753707869,-0.5566400148672983,29.999999329447746
21:06:08.432424,257,0.05688817865991245,1.6059881577250323,-1.330807437586049,-0.7655200204462744,9.239999793469906
21:06:08.432424,257,0.07483293319109291,1.6070249236635021,-1.2269522721768071,-0.5566400148672983,33.639999248087406
21:06:08.432424,257,0.07584205538678696,1.6053471145923508,-1.3306356705963336,-0.7655200204462744,9.879999779164791
21:06:08.432424,257,0.09352713444911896,1.6062118002183892,-1.2267343964063424,-0.7655200204462744,37.75999915599823
21:06:08.432424,257,0.09478834797166333,1.604523026176585,-1.3304148567708372,-0.7655200204462744,10.359999768435955
21:06:08.432424,257,0.11221198307205718,1.6052181483246952,-1.2264681481838693,-0.7655200204462744,42.23999905586243
21:06:08.432424,257,0.11372516180115629,1.6035159748858883,-1.3301450181907584,-0.7655200204462744,10.99999975413084
21:06:08.432424,257,0.12083203941591256,1.5646426772507462,-0.8191936712217825,-0.6958000185841229,58.75999868661165
21:06:08.432424,257,0.12862944305972823,1.553753272838346,-1.2895139335764343,-0.7655200204462744,47.23999894410372
21:06:08.432424,257,0.13265060320974814,1.6023260614245443,-1.3298261818397283,-0.7655200204462744,11.639999739825726
21:06:08.432424,257,0.13805922720163438,1.563392318055884,-0.8188586384852704,-0.6263600167294499,70.87999841570854
21:06:08.432424,257,0.1429920028663729,1.619251413729961,-0.8481159800382676,-0.6958000185841229,83.8799981251359
21:06:08.432424,257,0.1496370334857248,1.6529594121448938,-1.0425614154301062,-0.5566400148672983,63.11999858915806
21:06:08.432424,257,0.14696831726125836,1.5524222268042214,-1.289157280866502,-0.7655200204462744,52.51999882608652
21:06:08.432424,257,0.15156277966915388,1.6009534047829028,-1.3294583796011152,-0.7655200204462744,11.999999731779099
21:06:08.432424,257,0.1552726091803021,1.5619756222995618,-0.8184790360014432,-0.6263600167294499,86.35999806970358
21:06:08.432424,257,0.160820408943417,1.6177841002605544,-0.8477228145790968,-0.6958000185841229,104.51999766379595
21:06:08.432424,257,0.16636820870653188,1.673592578221547,-0.8769665931567505,-0.6958000185841229,90.51999797672033
21:06:08.432424,257,0.16829394956263868,1.6514239106458286,-1.042149979043455,-0.5566400148672983,74.23999834060669
21:06:08.432424,257,0.18360014313613343,1.5492290743039254,-1.2883016782327383,-0.7655200204462744,57.6399987116456
21:06:08.432424,257,0.18933977444880387,1.5976604292772225,-1.3285760294736728,-0.7655200204462744,12.759999714791775
21:06:08.432424,257,0.17247046402813937,1.560392731650168,-0.8180549017302314,-0.6263600167294499,106.75999761372805
21:06:08.432424,257,0.17863273311430225,1.6161446538514803,-0.8472835262377514,-0.6958000185841229,133.23999702185392
21:06:08.432424,257,0.18479500220046513,1.6718965760527926,-0.8765121507452713,-0.6958000185841229,116.11999740451574
21:06:08.432424,257,0.18693403638559314,1.649708276957965,-1.0416902763822842,-0.5566400148672983,88.11999803036451
21:06:08.432424,257,0.2054305834321446,1.5975460711173162,-1.224412421291883,-0.7655200204462744,61.99999861419201
21:06:08.432424,257,0.2082008151012198,1.5957404397079755,-1.3280615698191167,-0.7655200204462744,15.119999662041664
21:06:08.432424,257,0.21451219854485848,1.6441135922656216,-1.3683203257697802,-0.7655200204462744,4.999999888241291
21:06:08.432424,257,0.1896510719740697,1.5586438043954416,-0.8175862780847067,-0.6263600167294499,133.63999701291323
21:06:08.432424,257,0.19642719416153473,1.6143332384460063,-0.8467981589426973,-0.6263600167294499,174.51999609917402
21:06:08.432424,257,0.2032033163489997,1.6700226724965705,-0.8760100398006878,-0.6958000185841229,153.6399965658784
21:06:08.432424,257,0.20555542996152248,1.6478126826432338,-1.0411823534164748,-0.5566400148672983,105.639997638762
21:06:08.432424,257,0.22402012419750267,1.5954719662313523,-1.2238566665626716,-0.7655200204462744,64.87999854981899
21:06:08.432424,257,0.2270410358465564,1.5936383655150848,-1.3274983207367015,-0.7655200204462744,17.879999600350857
21:06:08.432424,257,0.23392354028810672,1.6419477959578501,-1.3677400023981425,-0.7655200204462744,5.759999871253967
21:06:08.432424,257,0.2785866917870057,1.4563353297552895,-2.2029883754435517,-0.13916000371682458,9.519999787211418
21:06:08.432424,257,0.20681271497169249,1.5567290154266433,-0.8170732119268411,-0.6263600167294499,168.87999622523785
21:06:08.432424,257,0.2142020126539179,1.612350035184155,-0.8462667612302575,-0.6263600167294499,234.51999475806952
21:06:08.432424,257,0.22159131033614332,1.6679710549416666,-0.8754603105336738,-0.6958000185841229,209.99999530613422
21:06:08.432424,257,0.22415626816667023,1.6457373172594791,-1.0406262609378985,-0.5566400148672983,126.99999716132879
21:06:08.432424,257,0.24258726313812518,1.5932184068712074,-1.223252827152025,-0.7655200204462744,65.23999854177237
21:06:08.432424,257,0.2458585526785236,1.5913544169042098,-1.3268863385508634,-0.7655200204462744,20.63999953866005
21:06:08.432424,257,0.2533114898733075,1.6395946119050206,-1.367109468631545,-0.7655200204462744,6.7599998489022255
21:06:08.432424,257,0.21771033089326952,1.5294121045292293,-0.7261887517323755,-0.6263600167294499,40.23999910056591
21:06:08.432424,257,0.22395367687108592,1.5546485562210655,-0.8165157545628207,-0.6263600167294499,213.99999521672726
21:06:08.432424,257,0.2319554111244943,1.6101952423845913,-0.845689386239758,-0.6263600167294499,322.51999279111624
21:06:08.432424,257,0.2399571453779027,1.6657419285481179,-0.8748630179166954,-0.6263600167294499,295.63999339193106
21:06:08.432424,257,0.2427346909327996,1.6434823883415004,-1.0400220545553363,-0.5566400148672983,151.51999661326408
21:06:08.432424,257,0.26113014355567377,1.5907856183909295,-1.2226009634433788,-0.7655200204462744,62.23999860882759
21:06:08.432424,257,0.26465148386120335,1.5888888222682969,-1.3262256844593079,-0.7655200204462744,23.23999948054552
21:06:08.432424,257,0.27267410852174545,1.637054275423566,-1.3664287875228358,-0.7655200204462744,7.759999826550484
21:06:08.432424,257,0.34580396861773,1.4818794853760664,-2.253010224294217,-0.20888000557897612,10.519999764859676
21:06:08.432424,257,0.23476639287247317,1.5344219961404462,-0.7101289709192441,-0.6263600167294499,48.35999891906977
21:06:08.432424,257,0.24107224359042087,1.5524026348228848,-0.8159139617379144,-0.6263600167294499,268.5199939981103
21:06:08.432424,257,0.24968561424829072,1.60786907552479,-0.8450660917082141,-0.6263600167294499,445.2399900481105
21:06:08.432424,257,0.25829898490616054,1.663335516226695,-0.8742182216785139,-0.6263600167294499,418.6399906426668
21:06:08.432424,257,0.26128884043319905,1.6410481213803,-1.0393697946889209,-0.7655200204462744,175.63999607414007
21:06:08.432424,257,0.27964691117764173,1.588173844067328,-1.2219011406225575,-0.7655200204462744,56.11999874562025
21:06:08.432424,257,0.28341795011722226,1.5862418281647441,-1.3255164245268911,-0.7655200204462744,25.119999438524246
21:06:08.432424,257,0.2920094599877779,1.6343270405450079,-1.3656980271395562,-0.7655200204462744,8.759999804198742
21:06:08.432424,257,0.37444458169384826,1.5128370582341137,-2.304482593921902,-0.06972000186215155,7.1199998408555984
21:06:08.432424,257,0.25141370399126944,1.532073907066547,-0.7094998023481365,-0.6263600167294499,58.23999869823456
21:06:08.432424,257,0.25873109630076113,1.5580748260997128,-0.7995288714455346,-0.6263600167294499,325.2399927303195
21:06:08.432424,257,0.26739084901984905,1.6053717672194878,-0.844396939964557,-0.6263600167294499,587.6399868652225
21:06:08.432424,257,0.2766149947523309,1.6607520586166151,-0.873525986298213,-0.6263600167294499,558.2399875223637
21:06:08.432424,257,0.2983169006520312,1.635642564936173,-1.0379213802050762,-0.7655200204462744,191.5199957191944
21:06:08.432424,257,0.2993462887068891,1.5974823681782038,-1.2049825036749149,-0.7655200204462744,47.75999893248081
21:06:08.432424,257,0.30215607481567724,1.5834136992907448,-1.3247586296790117,-0.7655200204462744,25.879999421536922
21:06:08.432424,257,0.31131561075245734,1.6314131799905482,-1.3649172605571318,-0.7655200204462744,9.759999781847
21:06:08.432424,257,0.26929536535004117,1.5501984739181829,1.3380226782860816,-0.6263600167294499,69.51999844610691
21:06:08.432424,257,0.2774764498077048,1.5787897527068542,1.2488574724171473,-0.7655200204462744,368.2399917691946
21:06:08.432424,257,0.2856925513493353,1.6110698977607067,1.1726209333205855,-0.6263600167294499,679.3599848151207
21:06:08.432424,257,0.29490334333077434,1.6579918140614742,1.1272136190012494,-0.6263600167294499,623.9999860525131
21:06:08.432424,257,0.31678710859546416,1.6326718160043618,0.9628746295721182,-0.7655200204462744,190.35999574512243
21:06:08.432424,257,0.31788023092547096,1.5945013682232099,0.7958162528556629,-0.7655200204462744,38.99999912828207
21:06:08.432424,257,0.3208639841597973,1.5804047184568166,0.67604762430548,-0.7655200204462744,25.75999942421913
21:06:08.432424,257,0.33059063021688195,1.6283129851438012,0.6359134341484332,-0.7655200204462744,10.519999764859676
21:06:08.432424,257,0.28635740048496666,1.554081730416405,1.3544934615557682,-0.6263600167294499,81.2399981841445
21:06:08.432424,257,0.2946563270327364,1.576026540615728,1.2495978728654804,-0.7655200204462744,378.359991542995
21:06:08.432424,257,0.3033811262164602,1.6082248667219277,1.173383257089868,-0.6263600167294499,641.5199856609106
21:06:08.432424,257,0.3131622018219549,1.6550550585834154,1.128000520259963,-0.6958000185841229,545.5199878066778
21:06:08.432424,257,0.33522563809344214,1.629522810077506,0.9637184031671799,-0.7655200204462744,170.75999618321657
21:06:08.432424,257,0.34148609826755827,1.6380350895187388,0.862560225084056,-0.7655200204462744,31.239999301731586
21:06:08.432424,257,0.35818167689257485,1.5738454225463785,0.6778051823475986,-0.7655200204462744,24.879999443888664
21:06:08.432424,257,0.36903956860762654,1.6215548512432671,0.6377242706694226,-0.7655200204462744,10.87999975681305
21:06:08.432424,257,0.3030247749851989,1.551235209434777,1.3552561845540336,-0.7655200204462744,91.23999796062708
21:06:08.432424,257,0.3123585324376927,1.5805382869882698,1.2664359395586704,-0.7655200204462744,350.75999215990305
21:06:08.432424,257,0.32294741179024444,1.629303381625151,1.2235993114445898,-0.7655200204462744,508.75998862832785
21:06:08.432424,257,0.3313897443553209,1.651942085855526,1.1288346387884611,-0.6958000185841229,401.11999103426933
21:06:08.432424,257,0.35363064530846305,1.6261958620535597,0.9646098562034569,-0.7655200204462744,140.87999685108662
21:06:08.432424,257,0.36023482565663645,1.6346460095357818,0.8634683263285736,-0.8349600223009475,29.11999934911728
21:06:08.432424,257,0.3644642032751125,1.6252088349781233,0.7432801621687031,-0.904680024163099,23.519999474287033
21:06:08.432424,257,0.319661847261807,1.54822783898997,1.356062007036061,-0.7655200204462744,96.75999783724546
21:06:08.432424,257,0.3310564062686115,1.5987947918338392,1.3158638807465897,-0.7655200204462744,299.5199933052063
21:06:08.432424,257,0.340678303370843,1.6260982889013222,1.2244581134516066,-0.7655200204462744,371.2399917021394
21:06:08.432424,257,0.34958414819188993,1.6486532071724709,1.1297158911755896,-0.6958000185841229,278.63999377191067
21:06:08.432424,257,0.3720002897552252,1.622691304624538,0.9655488995363917,-0.7655200204462744,111.11999751627445
21:06:08.432424,257,0.37894752986495417,1.6310760032277989,0.8644249066357719,-0.904680024163099,26.87999939918518
21:06:08.432424,257,0.38339660609867526,1.621596914608252,0.7442479733149356,-0.904680024163099,21.87999951094389
21:06:08.432424,257,0.3374343261550535,1.5637886056432941,1.4045568463796938,-0.7655200204462744,95.7599978595972
21:06:08.432424,257,0.34825341268097315,1.5955139500759032,1.316742979646123,-0.7655200204462744,243.63999455422163
21:06:08.432424,257,0.35837512740652494,1.622722092028047,1.2253627626772892,-0.6958000185841229,266.99999403208494
21:06:08.432424,257,0.3677435939065216,1.6451887514193633,1.1306441892968482,-0.6958000185841229,194.99999564141035
21:06:08.432424,257,0.39033273448467387,1.6190094882432475,0.9665354392624381,-0.8349600223009475,86.5199980661273
21:06:08.432424,257,0.3976223396377678,1.6273254275924292,0.8654298703484209,-0.904680024163099,24.639999449253082
21:06:08.432424,257,0.42114450433708206,1.6138253853604514,0.7463303483008388,-0.904680024163099,20.239999547600746
21:06:08.432424,257,0.3413210530243147,1.5085666383879686,1.4428080285473,-0.7655200204462744,15.519999653100967
21:06:08.432424,257,0.3540633350682633,1.560448900638051,1.4054517176388068,-0.7655200204462744,88.63999801874161
21:06:08.432424,257,0.3659122653913135,1.5988580337127398,1.3340070854265473,-0.7655200204462744,194.23999565839767
21:06:08.432424,257,0.37670157229222256,1.6268638215110518,1.2429447833628586,-0.6958000185841229,195.11999563872814
21:06:08.432424,257,0.38586626556985854,1.6415490650388753,1.1316194403232025,-0.6958000185841229,140.51999685913324
21:06:08.432424,257,0.4086261462676953,1.6151507810882417,0.9675693767284501,-0.904680024163099,67.99999848008156
21:06:08.432424,257,0.41625738750974606,1.6233946576840945,0.8664831169709917,-0.904680024163099,22.519999496638775
21:06:08.432424,257,0.43995622499372755,1.6096665536289354,0.7474447039047554,-0.904680024163099,18.879999577999115
21:06:08.432424,257,0.370656937944601,1.5569487414055523,1.406389582478535,-0.7655200204462744,77.87999825924635
21:06:08.432424,257,0.38306118259934313,1.5952407396663313,1.3349763364450684,-0.7655200204462744,154.63999654352665
21:06:08.432424,257,0.394356143309309,1.6231398677559947,1.243942613764177,-0.6958000185841229,146.35999672859907
21:06:08.432424,257,0.4219940415933136,1.6337454737446335,1.133710406308557,-0.6958000185841229,104.63999766111374
21:06:08.432424,257,0.42687869577843723,1.6111155690270038,0.9686506085415472,-0.904680024163099,54.51999878138304
21:06:08.432424,257,0.43485080999171405,1.6192840865764926,0.8675845411797045,-0.904680024163099,20.63999953866005
21:06:08.432424,257,0.45872395039646946,1.6053262256015728,0.7486076912945732,-0.904680024163099,17.519999608397484
21:06:08.432424,257,0.3875826178044148,1.5592094248729642,1.4233762400282086,-0.7655200204462744,66.11999852210283
21:06:08.432424,257,0.401561016340688,1.6108429572973317,1.3854114569285931,-0.7655200204462744,123.87999723106623
21:06:08.432424,257,0.41197127904245645,1.619245572982056,1.2449860869039426,-0.6958000185841229,112.87999747693539
21:06:08.432424,257,0.43999553320609724,1.6295823491834718,1.1348259121727104,-0.6958000185841229,80.23999820649624
21:06:08.432424,257,0.4450885577772407,1.6069042555773587,0.9697790265794537,-0.904680024163099,44.63999900221825
21:06:08.432424,257,0.45340074775700134,1.61499412532329,0.8687340328330608,-0.904680024163099,18.999999575316906
21:06:08.432424,257,0.40411618121048504,1.5553857815116297,1.4244007821790228,-0.7655200204462744,55.11999876797199
21:06:08.432424,257,0.41869087258317084,1.6068814119550772,1.3864729498038293,-0.7655200204462744,100.51999775320292
21:06:08.432424,257,0.43156363627353733,1.6372134054890246,1.2964321908444938,-0.6958000185841229,89.11999800801277
21:06:08.432424,257,0.4579530256341889,1.625245554622078,1.1359879527731758,-0.6958000185841229,63.23999858647585
21:06:08.432424,257,0.4632539112931619,1.602517261867123,0.9709545180013119,-0.4872000130126253,37.51999916136265
21:06:08.432424,257,0.4206093333370031,1.5514026300371715,1.4254680643999347,-0.7655200204462744,45.759998977184296
21:06:08.432424,257,0.4357788600891749,1.6027546057443576,1.3875787241953115,-0.6958000185841229,82.51999815553427
21:06:08.432424,257,0.12112447059690265,0.08515145528632471,1.7948485964811112,-3.7573201003542636,4.999999888241291
21:06:08.489461,258,0.05224164319783497,1.740865697749585,-0.3169271104030934,-0.5566400148672983,68.75999846309423
21:06:08.489461,258,0.06964739758312838,1.7402562474805419,-0.3169271104030934,-0.5566400148672983,80.75999819487333
21:06:08.489461,258,0.08704618728701413,1.7394727730447388,-0.3169271104030934,-0.5566400148672983,95.23999787122011
21:06:08.489461,258,0.09015629678900744,1.8016231206764741,-0.3282507312097567,-0.5566400148672983,115.63999741524458
21:06:08.489461,258,0.09559810838018329,1.9103686429551023,-0.4277300721488222,-0.6958000185841229,63.879998572170734
21:06:08.489461,258,0.10443627244509854,1.7385153527889632,-0.3169271104030934,-0.5566400148672983,112.87999747693539
21:06:08.489461,258,0.10816771954700645,1.800631492353376,-0.3282507312097567,-0.5566400148672983,133.8799970075488
21:06:08.489461,258,0.11189916664891437,1.8627476319177887,-0.33957435201641994,-0.6958000185841229,104.87999765574932
21:06:08.489461,258,0.1146966961242002,1.9093171601937124,-0.4277300721488222,-0.6958000185841229,68.51999846845865
21:06:08.489461,258,0.1455817360073433,2.076341115033042,-1.6490283357292945,-0.06972000186215155,22.879999488592148
21:06:08.489461,258,0.11651478112298418,1.6617773437083128,-0.37251797610104054,-0.6263600167294499,66.23999851942062
21:06:08.489461,258,0.12181591406343524,1.737384082454438,-0.3169271104030934,-0.5566400148672983,133.9999970048666
21:06:08.489461,258,0.12616832562367378,1.7994598023896127,-0.3282507312097567,-0.6958000185841229,155.3599965274334
21:06:08.489461,258,0.13052073718391233,1.8615355223247876,-0.33957435201641994,-0.6958000185841229,117.87999736517668
21:06:08.489461,258,0.13378381429469768,1.9080747473159303,-0.4277300721488222,-0.6958000185841229,72.99999836832285
21:06:08.489461,258,0.17668897272949227,1.9579073183521827,-1.6897161419900473,-0.06972000186215155,14.6399996727705
21:06:08.489461,258,0.18707667360517352,2.0730144201207072,-1.6490283357292945,-0.06972000186215155,26.119999416172504
21:06:08.489461,258,0.13312645153689584,1.6605291271710916,-0.37251797610104054,-0.6263600167294499,77.51999826729298
21:06:08.489461,258,0.1391833741924231,1.736079075167249,-0.3169271104030934,-0.5566400148672983,159.11999644339085
21:06:08.489461,258,0.1441563149734827,1.7981081679531994,-0.3282507312097567,-0.6958000185841229,180.87999595701694
21:06:08.489461,258,0.14912925575454228,1.8601372607391498,-0.33957435201641994,-0.6958000185841229,132.63999703526497
21:06:08.489461,258,0.15285755419584993,1.9066415285620033,-0.4277300721488222,-0.6958000185841229,77.11999827623367
21:06:08.489461,258,0.19456219875648958,1.939132296846714,-1.7092899657413296,-0.06972000186215155,16.639999628067017
21:06:08.489461,258,0.20104753343440196,2.003769323001726,-1.7309446292041935,-0.06972000186215155,29.23999934643507
21:06:08.489461,258,0.14972480941718724,1.6591148591123461,-0.37251797610104054,-0.6263600167294499,90.9999979659915
21:06:08.489461,258,0.1565369161005996,1.7346004614270323,-0.3169271104030934,-0.5566400148672983,188.35999578982592
21:06:08.489461,258,0.1621298888125685,1.7965767242064474,-0.3282507312097567,-0.6958000185841229,210.7599952891469
21:06:08.489461,258,0.1677228615245374,1.8585529869858626,-0.33957435201641994,-0.6958000185841229,149.35999666154385
21:06:08.489461,258,0.17191600846964675,1.905017647252606,-0.4277300721488222,-0.6958000185841229,80.87999819219112
21:06:08.489461,258,0.2333033472277702,1.9348534988549624,-1.7092899657413296,-0.06972000186215155,18.35999958962202
21:06:08.489461,258,0.2410800391952731,1.9993478999925094,-1.7309446292041935,-0.06972000186215155,31.63999929279089
21:06:08.489461,258,0.16630819494197652,1.6575346809576972,-0.37251797610104054,-0.6263600167294499,106.99999760836363
21:06:08.489461,258,0.17387480444831285,1.7329483890939223,-0.3169271104030934,-0.6958000185841229,221.23999505490065
21:06:08.489461,258,0.18008724979860563,1.7948656242924483,-0.3282507312097567,-0.6958000185841229,245.63999450951815
21:06:08.489461,258,0.1862996951488984,1.8567828594909743,-0.33957435201641994,-0.6958000185841229,168.35999623686075
21:06:08.489461,258,0.19095727128662798,1.9032032657745088,-0.4277300721488222,-0.6958000185841229,83.8799981251359
21:06:08.489461,258,0.2526398942402667,1.9324237624540945,-1.7092899657413296,-0.06972000186215155,19.63999956101179
21:06:08.489461,258,0.2588042199460038,1.9795742313422118,-1.7509960474591961,-0.06972000186215155,32.99999926239252
21:06:08.489461,258,0.2850357083748037,2.0226503115973915,-1.9806788466262069,-0.06972000186215155,10.759999759495258
21:06:08.489461,258,0.1828749497866047,1.6557887507236362,-0.37251797610104054,-0.6263600167294499,125.35999719798565
21:06:08.489461,258,0.19119530546125368,1.7311230233737684,-0.3169271104030934,-0.6958000185841229,256.3599942699075
21:06:08.489461,258,0.19802660221054014,1.7929750393197597,-0.3282507312097567,-0.6958000185841229,285.87999361008406
21:06:08.489461,258,0.20364755075485255,1.84386830479395,-0.39539632510590894,-0.6958000185841229,189.99999575316906
21:06:08.489461,258,0.2099794385364647,1.9011985655643389,-0.4277300721488222,-0.6958000185841229,86.119998075068
21:06:08.489461,258,0.27195117747500114,1.9298007852959673,-1.7092899657413296,-0.06972000186215155,19.879999555647373
21:06:08.489461,258,0.2852222060990102,2.023973723608221,-1.7927021291770624,-0.06972000186215155,31.87999928742647
21:06:08.489461,258,0.1998593882415384,1.657492878748222,-0.35584105810243133,-0.6263600167294499,145.63999674469233
21:06:08.489461,258,0.20849668710383204,1.7291245468016139,-0.3169271104030934,-0.6958000185841229,290.519993506372
21:06:08.489461,258,0.21594615212816043,1.790905158345295,-0.3282507312097567,-0.6958000185841229,331.51999258995056
21:06:08.489461,258,0.22207574378859868,1.841739670630164,-0.39539632510590894,-0.6958000185841229,214.51999520510435
21:06:08.489461,258,0.22898060801836875,1.8990037470904388,-0.4277300721488222,-0.6958000185841229,87.11999805271626
21:06:08.489461,258,0.3104902308820719,1.9239761771876933,-1.7092899657413296,-0.06972000186215155,19.35999956727028
21:06:08.489461,258,0.3332177923865075,2.064809229409263,-1.834408210894929,-0.06972000186215155,24.51999945193529
21:06:08.489461,258,0.21771033089326952,1.6652501300914637,-0.30560348959643013,-0.6263600167294499,166.23999628424644
21:06:08.489461,258,0.22577721925237865,1.7269531592234408,-0.3169271104030934,-0.6958000185841229,319.11999286711216
21:06:08.489461,258,0.2324625021311601,1.7780883907850826,-0.3822112361047498,-0.6958000185841229,381.63999146968126
21:06:08.489461,258,0.2404817294340212,1.8394268640423266,-0.39539632510590894,-0.6958000185841229,241.9999945908785
21:06:08.489461,258,0.24795887963131108,1.8966190298328167,-0.4277300721488222,-0.6958000185841229,86.63999806344509
21:06:08.489461,258,0.3297141471813556,1.9207751286934769,-1.7092899657413296,-0.06972000186215155,18.11999959498644
21:06:08.489461,258,0.234351668856344,1.6629898013071336,-0.30560348959643013,-0.6263600167294499,184.6399958729744
21:06:08.489461,258,0.2430351738681564,1.724609077776188,-0.3169271104030934,-0.6958000185841229,337.3599924594164
21:06:08.489461,258,0.25023146626728576,1.7756749008845873,-0.3822112361047498,-0.6958000185841229,433.7599903047085
21:06:08.489461,258,0.25886366710797615,1.8369301163091578,-0.39539632510590894,-0.6958000185841229,272.2399939149618
21:06:08.489461,258,0.2669123555640305,1.8940446522612,-0.4277300721488222,-0.6958000185841229,84.51999811083078
21:06:08.489461,258,0.34890509234215605,1.9173820042956184,-1.7092899657413296,-0.06972000186215155,16.359999634325504
21:06:08.489461,258,0.24468197848740875,1.618960737165877,-0.14776033860599058,-0.6263600167294499,29.23999934643507
21:06:08.489461,258,0.25096957184887286,1.6605631749359273,-0.30560348959643013,-0.6263600167294499,197.35999558866024
21:06:08.489461,258,0.26026882517016237,1.722092536866037,-0.3169271104030934,-0.6958000185841229,341.7599923610687
21:06:08.489461,258,0.2679754074664288,1.7730838449816653,-0.3822112361047498,-0.6958000185841229,483.7599891871214
21:06:08.489461,258,0.27721971863209643,1.8342496771033399,-0.39539632510590894,-0.6958000185841229,304.2399931997061
21:06:08.489461,258,0.2830544142070228,1.8728554751580886,-0.5038778946339242,-0.6958000185841229,80.51999820023775
21:06:08.489461,258,0.2608590816753523,1.6164330108571416,-0.14776033860599058,-0.6263600167294499,36.23999918997288
21:06:08.489461,258,0.2680358739503012,1.6609045464877452,-0.28879427718160255,-0.6958000185841229,201.23999550193548
21:06:08.489461,258,0.275837054282062,1.709245149892925,-0.36902614710359055,-0.5566400148672983,331.51999258995056
21:06:08.489461,258,0.2856925513493353,1.7703154821797362,-0.3822112361047498,-0.6958000185841229,525.1199882626534
21:06:08.489461,258,0.29490334333077434,1.8273908506864223,-0.4139270481368768,-0.6958000185841229,335.3599925041199
21:06:08.489461,258,0.3017685037968516,1.8699313362655645,-0.5038778946339242,-0.6958000185841229,74.63999833166599
21:06:08.489461,258,0.2770100991736763,1.6137436426015694,-0.14776033860599058,-0.6263600167294499,44.63999900221825
21:06:08.489461,258,0.28463124054649863,1.6581411879490013,-0.28879427718160255,-0.5566400148672983,194.99999564141035
21:06:08.489461,258,0.2929154287890312,1.706401363842877,-0.36902614710359055,-0.5566400148672983,309.23999308794737
21:06:08.489461,258,0.3033811262164602,1.7673700893127609,-0.3822112361047498,-0.6958000185841229,550.1199877038598
21:06:08.489461,258,0.3131622018219549,1.824350497692299,-0.4139270481368768,-0.6958000185841229,360.9999919310212
21:06:08.489461,258,0.32045241678912256,1.866820205806044,-0.5038778946339242,-0.6958000185841229,67.63999848812819
21:06:08.489461,258,0.33502203482457066,1.8410886934983226,-0.7692162311210934,-0.6958000185841229,7.879999823868275
21:06:08.489461,258,0.2931334158941622,1.6108929013337332,-0.14776033860599058,-0.6263600167294499,53.119998812675476
21:06:08.489461,258,0.30261346403023354,1.6629898013071336,-0.2382001027222521,-0.6958000185841229,180.23999597132206
21:06:08.489461,258,0.30996451199852626,1.7033869390860694,-0.36902614710359055,-0.5566400148672983,279.7599937468767
21:06:08.489461,258,0.32103936322513654,1.7642479609175585,-0.3822112361047498,-0.6958000185841229,552.879987642169
21:06:08.489461,258,0.3313897443553209,1.8211277111768491,-0.4139270481368768,-0.6958000185841229,375.2399916127324
21:06:08.489461,258,0.3577222426828784,1.8600382332956604,-0.5038778946339242,-0.6958000185841229,60.51999864727259
21:06:08.489461,258,0.3092274195186461,1.6078810721253707,-0.14776033860599058,-0.6958000185841229,59.8799986615777
21:06:08.489461,258,0.3192279539615986,1.6598805683763542,-0.2382001027222521,-0.6958000185841229,160.5199964120984
21:06:08.489461,258,0.32698259901650994,1.7002021770624518,-0.36902614710359055,-0.5566400148672983,247.23999447375536
21:06:08.489461,258,0.3379267355791908,1.757108094581932,-0.40012402412493137,-0.6958000185841229,531.3599881231785
21:06:08.489461,258,0.34958414819188993,1.8177228134160237,-0.4139270481368768,-0.6958000185841229,372.75999166816473
21:06:08.489461,258,0.3763044286329985,1.8563680694363667,-0.5038778946339242,-0.6958000185841229,54.51999878138304
21:06:08.489461,258,0.3127755224566234,1.542970128996343,-0.14207552022592435,-0.7655200204462744,8.759999804198742
21:06:08.489461,258,0.3252905006602491,1.6047084561568798,-0.14776033860599058,-0.6958000185841229,61.639998622238636
21:06:08.489461,258,0.33626695362150194,1.6588569998425367,-0.2212854870440939,-0.6958000185841229,138.9999968931079
21:06:08.489461,258,0.3439679880485383,1.6968473962455592,-0.36902614710359055,-0.5566400148672983,215.2399951890111
21:06:08.489461,258,0.3554806270871793,1.7536410289538342,-0.40012402412493137,-0.6958000185841229,489.63998905569315
21:06:08.489461,258,0.3677435939065216,1.8141361448967466,-0.4139270481368768,-0.6958000185841229,351.8799921348691
21:06:08.489461,258,0.3948489844555234,1.8525122703253958,-0.5038778946339242,-0.6958000185841229,50.35999887436628
21:06:08.489461,258,0.3413210530243147,1.6013753706871996,-0.14776033860599058,-0.7655200204462744,57.759998708963394
21:06:08.489461,258,0.35283843356755945,1.6554114442705952,-0.2212854870440939,-0.6958000185841229,118.35999735444784
21:06:08.489461,258,0.3609189805699385,1.693322932110662,-0.36902614710359055,-0.5566400148672983,185.63999585062265
21:06:08.489461,258,0.3729989708302811,1.7499986006920425,-0.40012402412493137,-0.6958000185841229,435.2399902716279
21:06:08.489461,258,0.38586626556985854,1.8103680642828646,-0.4139270481368768,-0.6958000185841229,316.6399929225445
21:06:08.489461,258,0.4133540557104077,1.8484712215394286,-0.5038778946339242,-0.6958000185841229,48.35999891906977
21:06:08.489461,258,0.35731747356903704,1.5978821490220838,-0.14776033860599058,-0.7655200204462744,49.99999888241291
21:06:08.489461,258,0.3693746299658685,1.6518003489411317,-0.2212854870440939,-0.6958000185841229,99.99999776482582
21:06:08.489461,258,0.39471099934978127,1.6857663805936427,-0.36902614710359055,-0.5566400148672983,159.35999643802643
21:06:08.489461,258,0.4079220114729619,1.7421891307261703,-0.40012402412493137,-0.6958000185841229,376.23999159038067
21:06:08.489461,258,0.4189736013777754,1.789389230911706,-0.4692634717354123,-0.6958000185841229,274.51999386399984
21:06:08.489461,258,0.4318177919060292,1.8442453271799581,-0.5038778946339242,-0.6958000185841229,47.8799989297986
21:06:08.489461,258,0.37327816266576325,1.594229140480773,-0.14776033860599058,-0.7655200204462744,41.11999908089638
21:06:08.489461,258,0.38587388921064336,1.6480240749606538,-0.2212854870440939,-0.6958000185841229,84.35999811440706
21:06:08.489461,258,0.4115486464346569,1.6817350488603415,-0.36902614710359055,-0.5566400148672983,136.5199969485402
21:06:08.489461,258,0.42532321609773527,1.7380228699625433,-0.40012402412493137,-0.6958000185841229,319.11999286711216
21:06:08.489461,258,0.43684624655234483,1.7851100961081865,-0.4692634717354123,-0.6958000185841229,232.35999480634928
21:06:08.489461,258,0.4450885577772407,1.8187911294212755,-0.5792196200118604,-0.6958000185841229,47.63999893516302
21:06:08.489461,258,0.46297254853346004,1.813147473442188,-0.7692162311210934,-0.974120026017772,12.879999712109566
21:06:08.489461,258,0.38920152425895577,1.5904167103610607,-0.14776033860599058,-0.7655200204462744,33.11999925971031
21:06:08.489461,258,0.4023345613897827,1.6440829999533961,-0.2212854870440939,-0.5566400148672983,71.11999841034412
21:06:08.489461,258,0.4283451389996848,1.6775355450311131,-0.36902614710359055,-0.5566400148672983,116.99999738484621
21:06:08.489461,258,0.44268188875723496,1.733682808368037,-0.40012402412493137,-0.6958000185841229,267.6399940177798
21:06:08.489461,258,0.45467520746824913,1.7806524517906224,-0.4692634717354123,-0.6958000185841229,194.23999565839767
21:06:08.489461,258,0.4632539112931619,1.8142493793294596,-0.5792196200118604,-0.5566400148672983,47.11999894678593
21:06:08.489461,258,0.48108057223941025,1.8084271686078923,-0.7692162311210934,-0.974120026017772,13.119999706745148
21:06:08.489461,258,0.4050859660257956,1.5864452399027646,-0.14776033860599058,-0.7655200204462744,26.519999407231808
21:06:08.489461,258,0.4187550004498592,1.6399775180235567,-0.2212854870440939,-0.5566400148672983,60.239998653531075
21:06:08.489461,258,0.44509879740968067,1.6731682890528223,-0.36902614710359055,-0.5566400148672983,100.3599977567792
21:06:08.489461,258,0.4599962935987381,1.7291693799451746,-0.40012402412493137,-0.6958000185841229,223.11999501287937
21:06:08.489461,258,0.47122871354385476,1.7713931041404916,-0.48761754930964063,-0.6958000185841229,161.75999638438225
21:06:08.489461,258,0.4813729398060684,1.8095262058196906,-0.5792196200118604,-0.5566400148672983,45.99999897181988
21:06:08.489461,258,0.49914048829118624,1.8035260225718377,-0.7692162311210934,-0.974120026017772,13.239999704062939
21:06:08.489461,258,0.4209298995354143,1.5823151262496036,-0.14776033860599058,-0.7655200204462744,21.359999522566795
21:06:08.489461,258,0.46180794631283967,1.6686337176474082,-0.36902614710359055,-0.5566400148672983,86.35999806970358
21:06:08.489461,258,0.47726469919626674,1.7244830360330172,-0.40012402412493137,-0.5566400148672983,185.75999584794044
21:06:08.489461,258,0.48891878772035513,1.7665923267349322,-0.48761754930964063,-0.5566400148672983,134.99999698251486
21:06:08.489461,258,0.4994438314282888,1.8046220812053622,-0.5792196200118604,-0.5566400148672983,44.11999901384115
21:06:08.489461,258,0.5171504907123133,1.7984445254445216,-0.7692162311210934,-0.904680024163099,12.999999709427357
21:06:08.489461,258,0.49448537872372844,1.7196242452620303,-0.40012402412493137,-0.5566400148672983,154.87999653816223
21:06:08.489461,258,0.5065599704277,1.7616148915767518,-0.48761754930964063,-0.5566400148672983,113.23999746888876
21:06:08.489461,258,0.5174647790858009,1.7995374958948274,-0.5792196200118604,-0.5566400148672983,41.75999906659126
21:06:08.489461,258,0.5351087785176384,1.7931831853713993,-0.7692162311210934,-0.904680024163099,12.759999714791775
21:06:08.489461,258,0.5079944062823961,1.7023212179994047,-0.4536151709117588,-0.5566400148672983,129.5199971050024
21:06:08.489461,258,0.5241504975623984,1.7564612964052961,-0.48761754930964063,-0.5566400148672983,95.63999786227942
21:06:08.489461,258,0.5533496393625901,1.7888289949972955,-0.5792196200118604,-0.5566400148672983,39.11999912559986
21:06:08.489461,258,0.5249919348556114,1.6971562433676348,-0.4536151709117588,-0.5566400148672983,108.87999756634235
21:06:08.540564,259,0.09074023431586269,1.6852862564470636,-0.7164488907475745,-0.6958000185841229,148.7599966749549
21:06:08.540564,259,0.1390351003655525,2.676513051776261,-0.7459704147974023,-0.5566400148672983,9.63999978452921
21:06:08.540564,259,0.10886831609863358,1.684322213164937,-0.7161905761286599,-0.6958000185841229,172.239996150136
21:06:08.540564,259,0.11099538692529426,1.6776115694649714,-0.8780434786148137,-0.5566400148672983,98.23999780416489
21:06:08.540564,259,0.12277155332316066,1.6319543704858228,-0.6748610512842287,-0.6958000185841229,115.75999741256237
21:06:08.540564,259,0.12639160133135827,1.6609360384841567,-0.7661848396594229,-0.6958000185841229,201.1199955046177
21:06:08.540564,259,0.12946655600176932,1.6764502178084186,-0.8777322953763119,-0.5566400148672983,109.9999975413084
21:06:08.540564,259,0.14008485748532606,1.6238498735406253,-0.6908496081630394,-0.6958000185841229,139.99999687075615
21:06:08.540564,259,0.14441142340171767,1.6596281494371627,-0.7658343918454913,-0.6958000185841229,237.119994699955
21:06:08.540564,259,0.1479247785311114,1.6751105094040377,-0.8773733215912649,-0.5566400148672983,123.23999724537134
21:06:08.540564,259,0.15755079735909067,1.6224123917645277,-0.6904644360819996,-0.6958000185841229,172.1199961528182
21:06:08.540564,259,0.16241680445072487,1.6581462705736887,-0.7654373236007426,-0.6958000185841229,282.2399936914444
21:06:08.540564,259,0.16636820870653188,1.673592578221547,-0.8769665931567505,-0.5566400148672983,137.99999691545963
21:06:08.540564,259,0.16897766124030678,1.5694817152635383,-0.6496329519474727,-0.6958000185841229,45.2399989888072
21:06:08.540564,259,0.17500098228511554,1.6208062766534288,-0.6900340788350292,-0.6958000185841229,216.23999516665936
21:06:08.540564,259,0.18008724979860563,1.6487495204166143,-0.7816112657404863,-0.6958000185841229,339.6399924084544
21:06:08.540564,259,0.18479500220046513,1.6718965760527926,-0.8765121507452713,-0.5566400148672983,154.11999655514956
21:06:08.540564,259,0.18693403638559314,1.649708276957965,-1.0416902763822842,-0.5566400148672983,26.87999939918518
21:06:08.540564,259,0.24647556853452968,1.3894316953771244,-2.0987069746797284,-0.27832000743364915,8.879999801516533
21:06:08.540564,259,0.18555812456546483,1.561184630877821,-0.6649210535991751,-0.6958000185841229,58.23999869823456
21:06:08.540564,259,0.19153365715865311,1.597580532878516,-0.7381305164648336,-0.6958000185841229,278.23999378085136
21:06:08.540564,259,0.19802660221054014,1.6469233555647003,-0.7811219463431698,-0.6958000185841229,412.63999077677727
21:06:08.540564,259,0.2032033163489997,1.6700226724965705,-0.8760100398006878,-0.5566400148672983,170.87999618053436
21:06:08.540564,259,0.20555542996152248,1.6478126826432338,-1.0411823534164748,-0.5566400148672983,27.519999384880066
21:06:08.540564,259,0.26195535231802414,1.225371456760895,-2.1236213943189908,-1.669920044601895,5.879999868571758
21:06:08.540564,259,0.2984448400698577,2.6030719716928914,-0.7256371354107004,-0.5566400148672983,16.639999628067017
21:06:08.540564,259,0.20234939421637577,1.5593111658544467,-0.664419060159114,-0.6958000185841229,77.87999825924635
21:06:08.540564,259,0.20886565645594846,1.5956467366175007,-0.7376123573183682,-0.6958000185841229,367.23999179154634
21:06:08.540564,259,0.21594615212816043,1.6449240040741204,-0.780586221725883,-0.6958000185841229,504.2399887293577
21:06:08.540564,259,0.22159131033614332,1.6679710549416666,-0.8754603105336738,-0.5566400148672983,187.11999581754208
21:06:08.540564,259,0.22415626816667023,1.6457373172594791,-1.0406262609378985,-0.5566400148672983,27.519999384880066
21:06:08.540564,259,0.3104902308820719,1.4160214819740142,-2.149008999506024,-0.27832000743364915,9.999999776482582
21:06:08.540564,259,0.21132021907606413,1.5061369419672728,-0.6242047210629424,-0.6263600167294499,28.759999357163906
21:06:08.540564,259,0.21912042909739354,1.557275606000217,-0.6638736335400279,-0.6958000185841229,109.11999756097794
21:06:08.540564,259,0.226176769362586,1.593545625582029,-0.7370493663132055,-0.6958000185841229,496.35998890548944
21:06:08.540564,259,0.2338441076114878,1.6427516658783492,-0.7800041454606388,-0.6958000185841229,613.9999862760305
21:06:08.540564,259,0.2399571453779027,1.6657419285481179,-0.8748630179166954,-0.6958000185841229,200.51999551802874
21:06:08.540564,259,0.2427346909327996,1.6434823883415004,-1.0400220545553363,-0.5566400148672983,26.75999940186739
21:06:08.540564,259,0.31427536215374385,1.1075118157872412,-2.180498157462302,-1.948240052035544,5.639999873936176
21:06:08.540564,259,0.22747310979855231,1.5040177153105734,-0.6236368759917014,-0.6958000185841229,37.87999915331602
21:06:08.540564,259,0.23586955211908087,1.5550781548694121,-0.6632848282841218,-0.6958000185841229,161.87999638170004
21:06:08.540564,259,0.2430351738681564,1.5838176763949625,-0.7524897556746867,-0.6958000185841229,677.5199848562479
21:06:08.540564,259,0.25023146626728576,1.616246698701619,-0.8287661863109087,-0.6958000185841229,731.6399836465716
21:06:08.540564,259,0.25829898490616054,1.663335516226695,-0.8742182216785139,-0.6263600167294499,207.75999535620213
21:06:08.540564,259,0.26128884043319905,1.6410481213803,-1.0393697946889209,-0.6263600167294499,25.239999435842037
21:06:08.540564,259,0.3574182554593868,1.4440470194610673,-2.199695732623872,-0.27832000743364915,15.359999656677246
21:06:08.540564,259,0.24360325340063776,1.501742572275028,-0.6230272532526617,-0.6958000185841229,51.759998843073845
21:06:08.540564,259,0.25141370399126944,1.532073907066547,-0.7094998023481365,-0.6958000185841229,256.99999425560236
21:06:08.540564,259,0.26026882517016237,1.5813868845369345,-0.7518384269593599,-0.6958000185841229,897.2399799451232
21:06:08.540564,259,0.2679754074664288,1.613743930887628,-0.8280955716963072,-0.6958000185841229,828.5199814811349
21:06:08.540564,259,0.2766149947523309,1.6607520586166151,-0.873525986298213,-0.6263600167294499,205.11999541521072
21:06:08.540564,259,0.2983169006520312,1.635642564936173,-1.0379213802050762,-0.6263600167294499,22.519999496638775
21:06:08.540564,259,0.2597090368814742,1.4993117403730345,-0.6223759138075867,-0.6958000185841229,74.1199983432889
21:06:08.540564,259,0.2680358739503012,1.5295651374022305,-0.7088275795425871,-0.6958000185841229,429.87999039143324
21:06:08.540564,259,0.2774764498077048,1.5787897527068542,-0.7511425275828527,-0.6958000185841229,1064.5199762061238
21:06:08.540564,259,0.2850693449305258,1.6027035671974235,-0.8436819979234,-0.6958000185841229,861.759980738163
21:06:08.540564,259,0.2920303110085093,1.6217229682510346,-0.939358193640078,-0.6263600167294499,190.35999574512243
21:06:08.540564,259,0.31678710859546416,1.6326718160043618,-1.0371253704278818,-0.6263600167294499,18.999999575316906
21:06:08.540564,259,0.266352624251088,1.4620143980056017,-0.5388329791775454,-0.6958000185841229,27.359999388456345
21:06:08.540564,259,0.2757888496762069,1.4967254626857465,-0.6216829227898752,-0.6958000185841229,110.87999752163887
21:06:08.540564,259,0.28463124054649863,1.5268959380223612,-0.7081123697243136,-0.6958000185841229,666.7599850967526
21:06:08.540564,259,0.2929154287890312,1.5527461523395105,-0.7981010576147595,-0.6958000185841229,1041.1199767291546
21:06:08.540564,259,0.3027193341455407,1.5998647422763632,-0.8429213370783486,-0.6958000185841229,806.639981970191
21:06:08.540564,259,0.31011128650243275,1.618814823480863,-0.9385789585974378,-0.6263600167294499,165.1199963092804
21:06:08.540564,259,0.33522563809344214,1.629522810077506,-1.03628159683282,-0.6263600167294499,14.879999667406082
21:06:08.540564,259,0.28185562480212706,1.459366733471148,-0.5381235396037101,-0.6958000185841229,32.119999282062054
21:06:08.540564,259,0.2918410838170281,1.493983997838766,-0.6209483494980484,-0.6958000185841229,168.35999623686075
21:06:08.540564,259,0.3011981442571057,1.5240665758446414,-0.7073542444136984,-0.6958000185841229,700.1199843510985
21:06:08.540564,259,0.30996451199852626,1.5498344416155048,-0.7973208670776691,-0.6958000185841229,840.9999812021852
21:06:08.540564,259,0.3203390516807597,1.5968555763364212,-0.84211503349485,-0.6958000185841229,685.3599846810102
21:06:08.540564,259,0.32816125112751754,1.6157321782194738,-0.9377529662890969,-0.6263600167294499,134.87999698519707
21:06:08.540564,259,0.34897331436402196,1.5835443858594502,-1.101001893189668,-0.5566400148672983,14.6399996727705
21:06:08.540564,259,0.29704725585578184,1.451074347462504,-0.5521928701054453,-0.6958000185841229,36.999999172985554
21:06:08.540564,259,0.3074462544305026,1.4847725675892285,-0.6353451659667315,-0.6958000185841229,232.75999479740858
21:06:08.540564,259,0.31717363722608616,1.5139077061110209,-0.7220343606970863,-0.6958000185841229,470.51998948305845
21:06:08.540564,259,0.3262693229664917,1.5386995334108695,-0.8122422267807632,-0.6958000185841229,610.879986345768
21:06:08.540564,259,0.3379267355791908,1.5936763702916703,-0.8412631678025868,-0.6263600167294499,545.3599878102541
21:06:08.540564,259,0.36416093112736725,1.6090446366898918,-0.9359610449368958,-0.6263600167294499,105.99999763071537
21:06:08.540564,259,0.3671010297962734,1.5800859836038483,-1.1000752170981773,-0.5566400148672983,16.519999630749226
21:06:08.540564,259,0.3124776280431171,1.4481305438609473,-0.5514040803077324,-0.6958000185841229,40.99999908357859
21:06:08.540564,259,0.3234168114376613,1.4817257076259198,-0.6345287623001123,-0.6958000185841229,242.11999458819628
21:06:08.540564,259,0.3336494914005662,1.5107644456459643,-0.7211921265938737,-0.6958000185841229,277.6399937942624
21:06:08.540564,259,0.34321766026783707,1.5354661327007395,-0.8113758396716776,-0.6263600167294499,431.5199903547764
21:06:08.540564,259,0.3554806270871793,1.5903274420600515,-0.8403658251874147,-0.6263600167294499,420.51999060064554
21:06:08.540564,259,0.38210704656429284,1.6054404091702494,-0.9349952950836695,-0.6263600167294499,82.63999815285206
21:06:08.540564,259,0.3851920354331026,1.576452656904071,-1.0991016701431335,-1.1132800297345966,17.999999597668648
21:06:08.540564,259,0.32787675272944183,1.4450378439857055,-0.5505753938737294,-0.6958000185841229,42.87999904155731
21:06:08.540564,259,0.339355027034635,1.4785247388440963,-0.6336710653000255,-0.6958000185841229,182.75999591499567
21:06:08.540564,259,0.350091980905438,1.5074622004679938,-0.7203072926652269,-0.6958000185841229,170.35999619215727
21:06:08.540564,259,0.3601316760907037,1.5320691880242883,-0.8104656310888894,-0.6263600167294499,308.2399931102991
21:06:08.540564,259,0.3876851377526581,1.5572047538166502,-0.8868687377526694,-0.6263600167294499,321.63999281078577
21:06:08.540564,259,0.40001495161669176,1.601663018589615,-0.9339831463280917,-0.6263600167294499,65.87999852746725
21:06:08.540564,259,0.3432430900151892,1.4417965571041749,-0.5497068936713857,-0.6958000185841229,42.119999058544636
21:06:08.540564,259,0.35525930741321715,1.4751699813379535,-0.6327721607354522,-0.6958000185841229,119.8799973204732
21:06:08.540564,259,0.36649946150552665,1.5040013007988606,-0.7193799473937974,-0.6958000185841229,111.99999749660492
21:06:08.540564,259,0.39384998135261023,1.5247860418592003,-0.8085141179555961,-0.7655200204462744,225.75999495387077
21:06:08.540564,259,0.40394791911209416,1.54443468936913,-0.901814913529807,-0.6263600167294499,247.51999446749687
21:06:08.540564,259,0.4178828555090617,1.5977128426838818,-0.9329246998841896,-0.6263600167294499,54.75999877601862
21:06:08.540564,259,0.35733459306955156,1.4210971372985384,-0.5929297722565378,-0.6958000185841229,38.75999913364649
21:06:08.540564,259,0.3711280621586946,1.4716617705804318,-0.6318321384960961,-0.6958000185841229,78.35999824851751
21:06:08.540564,259,0.39684425333368695,1.4742928903098753,-0.7634293608308443,-0.6263600167294499,78.23999825119972
21:06:08.540564,259,0.4077116477971733,1.6660556992938012,-0.43796687008810525,-0.5566400148672983,169.7599962055683
21:06:08.540564,259,0.4211795962477293,1.7210905563921357,-0.47135720398535713,-0.6263600167294499,192.87999568879604
21:06:08.540564,259,0.4357089714659834,1.7804627831125082,-0.48761754930964063,-0.6263600167294499,47.75999893248081
21:06:08.540564,259,0.37257783123427,1.5224863515971474,-0.20491917612475186,-0.6958000185841229,33.7599992454052
21:06:08.540564,259,0.38695970440888755,1.5812558321811612,-0.22940888627731837,-0.6958000185841229,53.35999880731106
21:06:08.540564,259,0.4130406170159367,1.6175981784313571,-0.35584105810243133,-0.6263600167294499,57.35999871790409
21:06:08.540564,259,0.4232467946624128,1.6575688101066663,-0.45509685866107363,-0.5566400148672983,130.87999707460403
21:06:08.540564,259,0.43836915577660435,1.716792776913189,-0.47135720398535713,-0.6263600167294499,152.51999659091234
21:06:08.540564,259,0.45349151689079586,1.7760167437197116,-0.48761754930964063,-0.7655200204462744,43.359999030828476
21:06:08.540564,259,0.49053645185056216,1.7724373732159289,-0.843433873400147,-0.7655200204462744,9.519999787211418
21:06:08.540564,259,0.3877838119280111,1.5186845117842631,-0.20491917612475186,-0.6958000185841229,28.639999359846115
21:06:08.540564,259,0.40275265101283475,1.5773072375873014,-0.22940888627731837,-0.6958000185841229,38.1199991479516
21:06:08.540564,259,0.4282594345094333,1.6098675383509207,-0.37251797610104054,-0.6263600167294499,43.75999902188778
21:06:08.540564,259,0.43980104397048053,1.6532535350492712,-0.45509685866107363,-0.5566400148672983,103.23999769240618
21:06:08.540564,259,0.4555148787571676,1.7123233195948813,-0.47135720398535713,-0.7655200204462744,122.35999726504087
21:06:08.540564,259,0.4658388385597756,1.7511320565757647,-0.5605279664579063,-0.5566400148672983,40.51999909430742
21:06:08.540564,259,0.40295101456544485,1.5147308047925556,-0.20491917612475186,-0.6958000185841229,23.759999468922615
21:06:08.540564,259,0.4185053226891072,1.5732009135911522,-0.22940888627731837,-0.6958000185841229,28.239999368786812
21:06:08.540564,259,0.4563113135426169,1.6487729360234684,-0.45509685866107363,-0.5566400148672983,82.99999814480543
21:06:08.540564,259,0.472615050631486,1.7076826313792002,-0.47135720398535713,-0.7655200204462744,99.75999777019024
21:06:08.540564,259,0.4833265751334729,1.746386190064424,-0.5605279664579063,-0.5566400148672983,38.239999145269394
21:06:08.540564,259,0.4727759523656971,1.6441274610854066,-0.45509685866107363,-0.5566400148672983,67.87999848276377
21:06:08.540564,259,0.4840671798233755,1.6833938768995744,-0.5418363129039522,-0.5566400148672983,82.35999815911055
21:06:08.540564,259,0.5007659794545882,1.741465686397201,-0.5605279664579063,-0.7655200204462744,36.35999918729067
21:06:08.540564,259,0.5176360019241373,1.6733765113916026,-0.5418363129039522,-0.5566400148672983,68.87999846041203
21:06:08.599695,260,-0.0338193893125692,1.6907440348216316,-0.8590120848282736,-0.3480400092958007,61.99999861419201
21:06:08.599695,260,-0.034947148044094184,1.7471244540663755,-0.8876571431466541,-0.3480400092958007,31.359999299049377
21:06:08.599695,260,0.0,1.6910822399807781,-0.8590120848282736,-0.3480400092958007,71.3599984049797
21:06:08.599695,260,0.0,1.7474739371885197,-0.8876571431466541,-0.3480400092958007,34.35999923199415
21:06:08.599695,260,0.01691054017620958,1.690997686577174,-0.8590120848282736,-0.3480400092958007,82.11999816447496
21:06:08.599695,260,0.017474447737113895,1.7473865642236777,-0.8876571431466541,-0.3480400092958007,37.75999915599823
21:06:08.599695,260,0.03607514402641628,1.8035167342695266,-0.3282507312097567,-0.8349600223009475,54.51999878138304
21:06:08.599695,260,0.0338193893125692,1.6907440348216316,-0.8590120848282736,-0.3480400092958007,94.51999788731337
21:06:08.599695,260,0.034947148044094184,1.7471244540663755,-0.8876571431466541,-0.3480400092958007,41.23999907821417
21:06:08.599695,260,0.052651476064224004,1.7545226950267425,-0.22948484677200187,-0.8349600223009475,61.359998628497124
21:06:08.599695,260,0.05410820663930542,1.8030658137686,-0.3282507312097567,-0.8349600223009475,62.759998597204685
21:06:08.599695,260,0.05072485653833148,1.6903213100791137,-0.8590120848282736,-0.3480400092958007,108.51999757438898
21:06:08.599695,260,0.0524163536655488,1.746687632927409,-0.8876571431466541,-0.3480400092958007,44.75999899953604
21:06:08.599695,260,0.06727778552916873,1.6810475430047347,-0.28879427718160255,-0.6263600167294499,65.75999853014946
21:06:08.599695,260,0.0701937776516101,1.7539084636532893,-0.22948484677200187,-0.8349600223009475,71.99999839067459
21:06:08.599695,260,0.07213585847686252,1.8024345881969064,-0.3282507312097567,-0.8349600223009475,72.35999838262796
21:06:08.599695,260,0.06762525132093725,1.6897295546217406,-0.8590120848282736,-0.3480400092958007,123.75999723374844
21:06:08.599695,260,0.06988031769555134,1.746076144488526,-0.8876571431466541,-0.3480400092958007,48.119998924434185
21:06:08.599695,260,0.08408461654920805,1.6802907247044294,-0.28879427718160255,-0.6263600167294499,77.51999826729298
21:06:08.599695,260,0.08772905992003943,1.7531188429028965,-0.22948484677200187,-0.6958000185841229,85.11999809741974
21:06:08.599695,260,0.09015629678900744,1.8016231206764741,-0.3282507312097567,-0.8349600223009475,83.3599981367588
21:06:08.599695,260,0.08451888363506742,1.688968827624562,-0.8590120848282736,-0.3480400092958007,139.51999688148499
21:06:08.599695,260,0.08733729375233011,1.745290049898058,-0.8876571431466541,-0.3480400092958007,50.99999886006117
21:06:08.599695,260,0.10088303917803862,1.6793658787394028,-0.28879427718160255,-0.6263600167294499,91.75999794900417
21:06:08.599695,260,0.10511270061282034,1.749775624025295,-0.24702620494672922,-0.6958000185841229,101.23999773710966
21:06:08.599695,260,0.10816771954700645,1.800631492353376,-0.3282507312097567,-0.6958000185841229,96.11999785155058
21:06:08.599695,260,0.10140406413164407,1.6880392051596407,-0.8590120848282736,-0.3480400092958007,154.87999653816223
21:06:08.599695,260,0.10478553615290491,1.7443294277648058,-0.8876571431466541,-0.3480400092958007,52.999998815357685
21:06:08.599695,260,0.1174635025031967,1.675308362519263,-0.30560348959643013,-0.6263600167294499,108.99999756366014
21:06:08.599695,260,0.1226049092431761,1.7486370265131363,-0.24702620494672922,-0.6958000185841229,120.87999729812145
21:06:08.599695,260,0.12616832562367378,1.7994598023896127,-0.3282507312097567,-0.6958000185841229,110.23999753594398
21:06:08.599695,260,0.13514231667054752,1.6856736625525484,-0.8590120848282736,-0.3480400092958007,168.23999623954296
21:06:08.599695,260,0.13964884179479276,1.7418850025585844,-0.8876571431466541,-0.3480400092958007,53.63999880105257
21:06:08.599695,260,0.1342104334113635,1.6740499823812989,-0.30560348959643013,-0.6263600167294499,130.11999709159136
21:06:08.599695,260,0.13942968217992402,1.7391513540628287,-0.2994950610314774,-0.8349600223009475,145.11999675631523
21:06:08.599695,260,0.1429920028663729,1.7835853278665474,-0.40012402412493137,-0.3480400092958007,125.75999718904495
21:06:08.599695,260,0.15199201491588638,1.6842379789626567,-0.8590120848282736,-0.3480400092958007,177.87999602407217
21:06:08.599695,260,0.15706041873475013,1.740401443926088,-0.8876571431466541,-0.3480400092958007,52.879998818039894
21:06:08.599695,260,0.15094394338863074,1.6726241986476171,-0.30560348959643013,-0.6263600167294499,155.3599965274334
21:06:08.599695,260,0.15681393404902955,1.7376701236711851,-0.2994950610314774,-0.8349600223009475,174.6399960964918
21:06:08.599695,260,0.160820408943417,1.782066253182476,-0.40012402412493137,-0.3480400092958007,141.99999682605267
21:06:08.599695,260,0.17212088051079258,1.715467652469873,-0.7906997154932552,-0.3480400092958007,182.23999592661858
21:06:08.599695,260,0.17445628976441938,1.7387438466073086,-0.8876571431466541,-0.3480400092958007,50.639998868107796
21:06:08.599695,260,0.16766235909802008,1.6710311538953966,-0.30560348959643013,-0.6263600167294499,185.63999585062265
21:06:08.599695,260,0.17387480444831285,1.7329483890939223,-0.3169271104030934,-0.6958000185841229,210.51999529451132
21:06:08.599695,260,0.17863273311430225,1.7803689733661028,-0.40012402412493137,-0.8349600223009475,158.1199964657426
21:06:08.599695,260,0.18926666477030368,1.7136606997258919,-0.7906997154932552,-0.3480400092958007,180.51999596506357
21:06:08.599695,260,0.19183471531127178,1.7369123763605894,-0.8876571431466541,-0.3480400092958007,47.11999894678593
21:06:08.599695,260,0.18436400871196726,1.6692710074277775,-0.30560348959643013,-0.6263600167294499,221.11999505758286
21:06:08.599695,260,0.19119530546125368,1.7311230233737684,-0.3169271104030934,-0.6958000185841229,253.2399943396449
21:06:08.599695,260,0.19642719416153473,1.7784936581439876,-0.40012402412493137,-0.8349600223009475,172.6399961411953
21:06:08.599695,260,0.20639352252190554,1.7116823823476444,-0.7906997154932552,-0.6263600167294499,172.87999613583088
21:06:08.599695,260,0.20919395754731238,1.734907216331421,-0.8876571431466541,-0.6263600167294499,42.75999904423952
21:06:08.599695,260,0.1998593882415384,1.657492878748222,-0.35584105810243133,-0.6263600167294499,261.239994160831
21:06:08.599695,260,0.20849668710383204,1.7291245468016139,-0.3169271104030934,-0.6958000185841229,302.99999322742224
21:06:08.599695,260,0.2142020126539179,1.7764404950460815,-0.40012402412493137,-0.8349600223009475,184.1199958845973
21:06:08.599695,260,0.22349974109417184,1.7095328981652111,-0.7906997154932552,-0.6263600167294499,160.5199964120984
21:06:08.599695,260,0.22653228056286107,1.7327285670341261,-0.8876571431466541,-0.6263600167294499,37.87999915331602
21:06:08.599695,260,0.21642404752543784,1.6554114442705952,-0.35584105810243133,-0.6263600167294499,304.6399931907654
21:06:08.599695,260,0.22444327482829896,1.7167499175278391,-0.36902614710359055,-0.8349600223009475,358.11999199539423
21:06:08.599695,260,0.2319554111244943,1.774209689386974,-0.40012402412493137,-0.6958000185841229,190.87999573349953
21:06:08.599695,260,0.24058360987957703,1.7072124621252092,-0.7906997154932552,-0.6263600167294499,144.99999675899744
21:06:08.599695,260,0.232967064585905,1.6531644700354462,-0.35584105810243133,-0.6263600167294499,347.87999222427607
21:06:08.599695,260,0.24159926542659538,1.7144196854600167,-0.36902614710359055,-0.8349600223009475,415.11999072134495
21:06:08.599695,260,0.2472531059150931,1.7545400699935385,-0.47135720398535713,-0.3480400092958007,191.6399957165122
21:06:08.599695,260,0.24894255755488542,1.6471512490722964,-0.37251797610104054,-0.6263600167294499,385.7599913775921
21:06:08.599695,260,0.25816670328736724,1.7081836547570195,-0.386321000112986,-0.8349600223009475,467.5199895501137
21:06:08.599695,260,0.2647858512492736,1.7519798539297733,-0.47135720398535713,-0.3480400092958007,186.2399958372116
21:06:08.599695,260,0.26540134813002864,1.644579508170145,-0.37251797610104054,-0.6263600167294499,412.35999078303576
21:06:08.599695,260,0.2752353465302772,1.7055166223422376,-0.386321000112986,-0.6958000185841229,507.1199886649847
21:06:08.599695,260,0.2822921182201671,1.7492444413484247,-0.47135720398535713,-0.8349600223009475,175.51999607682228
21:06:08.599695,260,0.28183359879271236,1.641843310695007,-0.37251797610104054,-0.6263600167294499,422.75999055057764
21:06:08.599695,260,0.29227646646912653,1.7026790396941043,-0.386321000112986,-0.6958000185841229,526.3599882349372
21:06:08.599695,260,0.299770156215743,1.74633410578846,-0.47135720398535713,-0.8349600223009475,160.6399964094162
21:06:08.599695,260,0.28185562480212706,1.5489166385543178,-0.14207552022592435,-0.6263600167294499,28.759999357163906
21:06:08.599695,260,0.2982376663316372,1.6389429302643372,-0.37251797610104054,-0.6263600167294499,414.7599907293916
21:06:08.599695,260,0.30707461448456264,1.687505722075632,-0.43796687008810525,-0.5566400148672983,521.3599883466959
21:06:08.599695,260,0.2973304400268247,1.5460206841619097,-0.14207552022592435,-0.6263600167294499,36.51999918371439
21:06:08.599695,260,0.3146119103537926,1.6358786569137485,-0.37251797610104054,-0.6263600167294499,390.7599912658334
21:06:08.599695,260,0.3398739361161049,1.6766508035304735,-0.45509685866107363,-0.5566400148672983,494.51998894661665
21:06:08.599695,260,0.3127755224566234,1.542970128996343,-0.14207552022592435,-0.6263600167294499,47.11999894678593
21:06:08.599695,260,0.32133553829087924,1.5851980138137178,-0.2943246261842596,-0.6263600167294499,144.23999677598476
21:06:08.599695,260,0.33095469344849476,1.6326507970680093,-0.37251797610104054,-0.6263600167294499,355.63999205082655
21:06:08.599695,260,0.3566231707818318,1.6731682890528223,-0.45509685866107363,-0.5566400148672983,451.8799898996949
21:06:08.599695,260,0.3281893275962199,1.5397652781105782,-0.14207552022592435,-0.6263600167294499,61.11999863386154
21:06:08.599695,260,0.3371711872340598,1.5819054528216343,-0.2943246261842596,-0.6263600167294499,144.75999676436186
21:06:08.599695,260,0.3609372948698049,1.6140695685215374,-0.4223185692644517,-0.5566400148672983,315.1199929565191
21:06:08.599695,260,0.3733367434292598,1.6695184591480476,-0.45509685866107363,-0.5566400148672983,401.2399910315871
21:06:08.599695,260,0.3435703140780142,1.5364064519870189,-0.14207552022592435,-0.6263600167294499,78.11999825388193
21:06:08.599695,260,0.3535977636217638,1.5812480391227837,-0.27813578892006713,-0.6263600167294499,139.99999687075615
21:06:08.599695,260,0.3770596744704693,1.6103795530071345,-0.4223185692644517,-0.5566400148672983,273.99999387562275
21:06:08.599695,260,0.3900129827151267,1.6657016787960823,-0.45509685866107363,-0.5566400148672983,349.1199921965599
21:06:08.599695,260,0.3993275962804922,1.7054833479732308,-0.5418363129039522,-0.5566400148672983,86.5199980661273
21:06:08.599695,260,0.34533336700094086,1.4748800543850737,-0.09099538212314175,-0.6958000185841229,29.639999337494373
21:06:08.599695,260,0.35891694381624406,1.5328939865054636,-0.14207552022592435,-0.6263600167294499,94.51999788731337
21:06:08.599695,260,0.3693923003794919,1.5776330587586924,-0.27813578892006713,-0.6263600167294499,130.87999707460403
21:06:08.599695,260,0.39212084581122114,1.6023461029513912,-0.4388365133367901,-0.5566400148672983,235.23999474197626
21:06:08.599695,260,0.4019989894924287,1.642711733090823,-0.523144659349998,-0.5566400148672983,299.7599932998419
21:06:08.599695,260,0.4163621789206994,1.7014048652009737,-0.5418363129039522,-0.5566400148672983,78.87999823689461
21:06:08.599695,260,0.37422768216079333,1.5292282329095175,-0.14207552022592435,-0.6263600167294499,102.8799977004528
21:06:08.599695,260,0.38695970440888755,1.5812558321811612,-0.22940888627731837,-0.6263600167294499,118.63999734818935
21:06:08.599695,260,0.4081244335482212,1.5983448433001437,-0.4388365133367901,-0.5566400148672983,200.35999552160501
21:06:08.599695,260,0.41840573289118366,1.6386096753867225,-0.523144659349998,-0.5566400148672983,255.23999429494143
21:06:08.599695,260,0.4333551256918431,1.6971562433676348,-0.5418363129039522,-0.5566400148672983,73.75999835133553
21:06:08.599695,260,0.3895009980506548,1.525409557771469,-0.14207552022592435,-0.6958000185841229,97.63999781757593
21:06:08.599695,260,0.40275265101283475,1.5773072375873014,-0.22940888627731837,-0.6263600167294499,104.99999765306711
21:06:08.599695,260,0.4240872091837934,1.5941837505036611,-0.4388365133367901,-0.5566400148672983,169.8799962028861
21:06:08.599695,260,0.4347706360671901,1.6343437580879119,-0.523144659349998,-0.5566400148672983,216.35999516397715
21:06:08.599695,260,0.4503047373134828,1.6927379073318383,-0.5418363129039522,-0.5566400148672983,70.63999842107296
21:06:08.599695,260,0.40473536416703537,1.5214383429556328,-0.14207552022592435,-0.6958000185841229,82.35999815911055
21:06:08.599695,260,0.41907415337377285,1.575339201694741,-0.21311853585265983,-0.6958000185841229,91.51999795436859
21:06:08.599695,260,0.44000757645374783,1.5898632406677364,-0.4388365133367901,-0.5566400148672983,143.8799967840314
21:06:08.599695,260,0.45109206254384093,1.6299144077825474,-0.523144659349998,-0.5566400148672983,183.11999590694904
21:06:08.599695,260,0.4672093188386569,1.6881502989234856,-0.5418363129039522,-0.5566400148672983,68.75999846309423
21:06:08.599695,260,0.41992925708608686,1.5173149855801638,-0.14207552022592435,-0.6958000185841229,64.7599985525012
21:06:08.599695,260,0.4348063289512829,1.5710697637998374,-0.21311853585265983,-0.5566400148672983,78.75999823957682
21:06:08.599695,260,0.4558839433346956,1.585383745839734,-0.4388365133367901,-0.5566400148672983,121.87999727576971
21:06:08.599695,260,0.48359796139402705,1.6205671961763048,-0.523144659349998,-0.5566400148672983,154.99999653548002
21:06:08.599695,260,0.5008766344956637,1.6784691168983221,-0.5418363129039522,-0.5566400148672983,67.35999849438667
21:06:08.599695,260,0.5113311797110016,1.7135029557054182,-0.6325416584728428,-0.5566400148672983,79.11999823153019
21:06:08.599695,260,0.43508115743124687,1.513039897977344,-0.14207552022592435,-0.6958000185841229,49.63999889045954
21:06:08.599695,260,0.45205894694767235,1.5720819237673773,-0.16412614110669,-0.6958000185841229,67.35999849438667
21:06:08.599695,260,0.4717147222032499,1.580745713965383,-0.4388365133367901,-0.5566400148672983,103.35999768972397
21:06:08.599695,260,0.49319706967428795,1.5943720854274637,-0.5903555402196125,-0.5566400148672983,131.2399970665574
21:06:08.599695,260,0.5108187133160893,1.6513380701207483,-0.6114485993462276,-0.5566400148672983,65.99999852478504
21:06:08.599695,260,0.5284403569578905,1.7083040548140327,-0.6325416584728428,-0.5566400148672983,80.63999819755554
21:06:08.599695,260,0.5530169496892634,1.7264111077335096,-0.7451693132323455,-0.5566400148672983,91.11999796330929
21:06:08.599695,260,0.5708630323769399,1.7821230988376648,-0.7692162311210934,-0.5566400148672983,57.759998708963394
21:06:08.599695,260,0.4501895500251751,1.5086135076523528,-0.14207552022592435,-0.6958000185841229,38.1199991479516
21:06:08.599695,260,0.46775690106365236,1.567482806304077,-0.16412614110669,-0.6958000185841229,57.51999871432781
21:06:08.599695,260,0.4874983299947868,1.5759496088439857,-0.4388365133367901,-0.5566400148672983,87.87999803572893
21:06:08.599695,260,0.5091158647979749,1.5893604791036657,-0.5903555402196125,-0.5566400148672983,111.51999750733376
21:06:08.599695,260,0.527306277704893,1.6461474020260254,-0.6114485993462276,-0.5566400148672983,64.23999856412411
21:06:08.599695,260,0.5454966906118113,1.7029343249483846,-0.6325416584728428,-0.5566400148672983,80.75999819487333
21:06:08.599695,260,0.5702531220311636,1.720794710697058,-0.7451693132323455,-0.5566400148672983,97.35999782383442
21:06:08.599695,260,0.5886554230354855,1.77632545837644,-0.7692162311210934,-0.5566400148672983,61.99999861419201
21:06:08.599695,260,0.5965934421357643,1.800279209357264,-0.8698009523535928,-0.5566400148672983,18.639999583363533
21:06:08.599695,260,0.46525292404127006,1.5040362572405137,-0.14207552022592435,-0.6958000185841229,29.639999337494373
21:06:08.599695,260,0.4834080798814132,1.562726941873385,-0.16412614110669,-0.6958000185841229,49.11999890208244
21:06:08.599695,260,0.5032331883617507,1.5709959100820359,-0.4388365133367901,-0.5566400148672983,74.87999832630157
21:06:08.599695,260,0.5249837487617199,1.584189938063525,-0.5903555402196125,-0.5566400148672983,94.87999787926674
21:06:08.599695,260,0.5437411119077041,1.640792120570243,-0.6114485993462276,-0.5566400148672983,61.99999861419201
21:06:08.599695,260,0.5624984750536886,1.6973943030769614,-0.6325416584728428,-0.5566400148672983,79.23999822884798
21:06:08.599695,260,0.5874322695386189,1.7150062356312201,-0.7451693132323455,-0.5566400148672983,101.75999772548676
21:06:08.599695,260,0.6063889486449034,1.7703501868575848,-0.7692162311210934,-0.5566400148672983,64.87999854981899
21:06:08.599695,260,0.49523859569328504,1.4944310220812294,-0.14207552022592435,-0.6958000185841229,23.519999474287033
21:06:08.599695,260,0.5345503679635911,1.5606177288090786,-0.4388365133367901,-0.5566400148672983,63.999998569488525
21:06:08.599695,260,0.5407991347904203,1.5788609793568136,-0.5903555402196125,-0.5566400148672983,81.1199981868267
21:06:08.599695,260,0.5601215724548712,1.635272761277061,-0.6114485993462276,-0.5566400148672983,59.119998678565025
21:06:08.599695,260,0.579444010119322,1.6916845431973089,-0.6325416584728428,-0.5566400148672983,76.2399982959032
21:06:08.654529,261,0.08451888363506742,1.4090899228729548,0.7331207429962414,-0.6263600167294499,44.519999004900455
21:06:08.654529,261,0.09802259211038324,1.361233683384368,0.7755993302834758,-0.6958000185841229,55.23999876528978
21:06:08.654529,261,0.10140406413164407,1.4081919765253887,0.7333613469949183,-0.6263600167294499,46.999998949468136
21:06:08.654529,261,0.1306357915463023,1.3590249394267344,0.7761911614432109,-0.6958000185841229,59.51999866962433
21:06:08.654529,261,0.13514231667054752,1.405907037828011,0.7339735944736352,-0.6263600167294499,49.11999890208244
21:06:08.654529,261,0.14692361109702265,1.3576844193089652,0.7765503527262048,-0.6958000185841229,63.23999858647585
21:06:08.654529,261,0.15199201491588638,1.4045202739701552,0.7343451767294402,-0.6263600167294499,50.519998870790005
21:06:08.654529,261,0.21638873781516862,2.543872986634729,1.0653939831772155,-0.4872000130126253,5.359999880194664
21:06:08.654529,261,0.16319673840972596,1.3561866405867016,0.7769516813252757,-0.6958000185841229,66.35999851673841
21:06:08.654529,261,0.16882651408707267,1.4029708265791254,0.7347603499065813,-0.6263600167294499,51.11999885737896
21:06:08.654529,261,0.1794535461853147,1.3545317530365606,0.7773951071079004,-0.6958000185841229,68.51999846845865
21:06:08.654529,261,0.18564413074829325,1.4012588505983619,0.7352190724880883,-0.6263600167294499,50.639998868107796
21:06:08.654529,261,0.17651064897375912,1.455009484038432,1.2553338674928025,-0.8349600223009475,61.639998622238636
21:06:08.654529,261,0.1828749497866047,1.5029543703448773,1.211625602773284,-0.8349600223009475,88.99999801069498
21:06:08.654529,261,0.19569240875663121,1.3527199221459112,0.7778805857318716,-0.6958000185841229,69.2399984523654
21:06:08.654529,261,0.2024431831519718,1.3993845172240287,0.7357212986020876,-0.6263600167294499,48.99999890476465
21:06:08.654529,261,0.19248320695318638,1.4532273657513466,1.2558113846486438,-0.8349600223009475,73.75999835133553
21:06:08.654529,261,0.19942341728946705,1.5011079956691313,1.2121203373765752,-0.8349600223009475,104.75999765843153
21:06:08.654529,261,0.21191170225102335,1.3507513290963242,0.7784080686497341,-0.6958000185841229,68.63999846577644
21:06:08.654529,261,0.2192219914069422,1.3973480138878938,0.7362669780263884,-0.6263600167294499,46.23999896645546
21:06:08.654529,261,0.2096753274683861,1.4729663150826322,1.3006125905986963,-0.8349600223009475,89.35999800264835
21:06:08.654529,261,0.21595194261767756,1.499101870057539,1.2126578771141168,-0.8349600223009475,124.11999722570181
21:06:08.654529,261,0.22810980475273018,1.3486261707454552,0.7789775031136377,-0.6958000185841229,66.35999851673841
21:06:08.654529,261,0.2359788776464363,1.3951495442385833,0.7368560561935054,-0.6263600167294499,42.51999904960394
21:06:08.654529,261,0.21872148315940484,1.4461532867866114,1.4003564527226997,-0.7655200204462744,41.51999907195568
21:06:08.654529,261,0.2257024859987285,1.47086358423574,1.301176015631021,-0.8349600223009475,109.87999754399061
21:06:08.654529,261,0.232458872932551,1.4969361941209798,1.2132381682323854,-0.8349600223009475,148.11999668926
21:06:08.654529,261,0.26043595987243023,1.3439070238312383,0.7802419947182659,-0.6958000185841229,62.639998599886894
21:06:08.654529,261,0.23423104793981636,1.4439656758660284,1.4009426213022231,-0.7655200204462744,52.11999883502722
21:06:08.654529,261,0.24170707446956471,1.4686061506446664,1.3017808931387163,-0.8349600223009475,137.11999693512917
21:06:08.654529,261,0.24894255755488542,1.4946111844252339,1.213861152702755,-0.8349600223009475,177.99999602138996
21:06:08.654529,261,0.24078689564619657,1.405913168430699,1.4820846570402828,-0.6958000185841229,28.359999366104603
21:06:08.654529,261,0.24971718981167296,1.4416283659335005,1.4015689016111055,-0.7655200204462744,66.9999985024333
21:06:08.654529,261,0.2576874924354564,1.4661942400508787,1.3024271626345376,-0.8349600223009475,174.11999610811472
21:06:08.654529,261,0.26540134813002864,1.492127073469322,1.2145267682273009,-0.8349600223009475,214.87999519705772
21:06:08.654529,261,0.25545161954091494,1.3982351109820021,1.4685025745632139,-0.6958000185841229,36.87999917566776
21:06:08.654529,261,0.26517836017376156,1.439141590718062,1.4022352310218398,-0.7655200204462744,88.63999801874161
21:06:08.654529,261,0.2736421418679953,1.4636280936434156,1.3031147594920773,-0.8349600223009475,224.8799949735403
21:06:08.654529,261,0.28183359879271236,1.489484109662259,1.215234948245028,-0.8349600223009475,259.99999418854713
21:06:08.654529,261,0.2703201293205419,1.3956958073230692,1.4691829789279622,-0.6958000185841229,48.99999890476465
21:06:08.654529,261,0.2806130129219995,1.4365055988951516,1.4029415429020438,-0.7655200204462744,121.11999729275703
21:06:08.654529,261,0.2895694273156051,1.4609079680347685,1.3038436149522257,-0.8349600223009475,295.11999340355396
21:06:08.654529,261,0.2982376663316372,1.4866825572982119,1.215985621938528,-0.8349600223009475,313.6399929895997
21:06:08.654529,261,0.2851616073137112,1.393013014249154,1.4699018311655776,-0.6958000185841229,66.63999851047993
21:06:08.654529,261,0.29601960460404303,1.4337206540617426,1.403687766621121,-0.7655200204462744,170.75999618321657
21:06:08.654529,261,0.30600833175094166,1.4649391545237238,1.3195233793961243,-0.8349600223009475,390.1199912801385
21:06:08.654529,261,0.3146119103537926,1.4837226965300687,1.2167787142410607,-0.8349600223009475,373.2399916574359
21:06:08.654529,261,0.2999745693850578,1.3901870000373162,1.4706590593914384,-0.6958000185841229,91.23999796062708
21:06:08.654529,261,0.31139659457363167,1.430787034709986,1.4044738275573243,-0.7655200204462744,245.23999451845884
21:06:08.654529,261,0.32190419464231623,1.4619065446902495,1.3203359647519624,-0.8349600223009475,508.75998862832785
21:06:08.654529,261,0.33167821245522094,1.4883687401199837,1.2327990265797553,-0.8349600223009475,431.75999034941196
21:06:08.654529,261,0.31475753425078473,1.3872180472866096,1.4714545878833563,-0.6958000185841229,121.11999729275703
21:06:08.654529,261,0.3267424451446512,1.4277050341993582,1.4052996471052195,-0.7655200204462744,342.3599923476577
21:06:08.654529,261,0.3377678673839181,1.4587205468034736,1.3211896503128113,-0.8349600223009475,628.119985960424
21:06:08.654529,261,0.34802355590051404,1.4850860053760448,1.2336786327033593,-0.8349600223009475,476.1199893578887
21:06:08.654529,261,0.32950902362679085,1.3841064528898217,1.4722883370891489,-0.6958000185841229,144.87999676167965
21:06:08.654529,261,0.3420556217449014,1.4244749607273286,1.4061651426835429,-0.6958000185841229,419.5199906229973
21:06:08.654529,261,0.3535977636217638,1.4553814794605158,1.32208435071083,-0.6263600167294499,693.51998449862
21:06:08.654529,261,0.3806082055585802,1.4780477285600981,1.2355645332922989,-0.5566400148672983,491.63998901098967
21:06:08.654529,261,0.32988002147348994,1.3232980486652421,1.4951191138191817,-0.6958000185841229,16.359999634325504
21:06:08.654529,261,0.3430366882701531,1.364235271770066,1.4307949205128603,-0.6958000185841229,145.3599967509508
21:06:08.654529,261,0.35733459306955156,1.4210971372985384,1.4070702277434624,-0.6958000185841229,406.1199909225106
21:06:08.654529,261,0.3693923003794919,1.4518896765653122,1.3230199764767285,-0.6263600167294499,659.11998526752
21:06:08.654529,261,0.39684425333368695,1.4742928903098753,1.2365706391691558,-0.5566400148672983,471.1199894696474
21:06:08.654529,261,0.35767000404744886,1.3608510901903332,1.43170170923419,-0.6958000185841229,122.35999726504087
21:06:08.654529,261,0.37257783123427,1.4175719016925001,1.4080148117772295,-0.6958000185841229,317.11999291181564
21:06:08.654529,261,0.3851498982166592,1.4482454872952275,1.3239964340487138,-0.6263600167294499,548.9999877288938
21:06:08.654529,261,0.4130406170159367,1.4703814142386586,1.2376187160236518,-0.5566400148672983,421.3599905818701
21:06:08.654529,261,0.427410751880281,1.5168530080768334,1.1936115320399179,-0.6958000185841229,98.99999778717756
21:06:08.654529,261,0.37226755312399606,1.3573257332008561,1.4326463257925517,-0.6958000185841229,92.87999792397022
21:06:08.654529,261,0.3877838119280111,1.4138996064298213,1.408998800327233,-0.6958000185841229,224.51999498158693
21:06:08.654529,261,0.40275265101283475,1.4641864078939137,1.3701708788988862,-0.6263600167294499,423.3599905371666
21:06:08.654529,261,0.4317465361276217,1.4885783161939357,1.2847526288759699,-0.6958000185841229,357.75999200344086
21:06:08.654529,261,0.38682787575711697,1.3536595533343814,1.4336286757270809,-0.6958000185841229,68.23999847471714
21:06:08.654529,261,0.40295101456544485,1.4100806187369512,1.4100220949954418,-0.6263600167294499,157.11999648809433
21:06:08.654529,261,0.4185053226891072,1.4602200034949226,1.371233673754451,-0.6263600167294499,317.75999289751053
21:06:08.654529,261,0.4479544369410214,1.4843296514368096,1.2858910551665523,-0.6958000185841229,293.9999934285879
21:06:08.654529,261,0.40134951592674684,1.3498529172058236,1.434648660803607,-0.6958000185841229,50.639998868107796
21:06:08.654529,261,0.4180779224390148,1.40611532050946,1.4110845934532468,-0.6263600167294499,112.6399974822998
21:06:08.654529,261,0.4342161441837348,1.456101640829812,1.372337185704706,-0.6263600167294499,238.75999466329813
21:06:08.654529,261,0.4641175426860235,1.4799246454240438,1.2870713729703271,-0.6958000185841229,237.87999468296766
21:06:08.654529,261,0.4727759523656971,1.4703174419856535,1.1348786912512863,-0.5566400148672983,105.2399976477027
21:06:08.654529,261,0.4849237342948671,1.389222664010472,0.9060932713143894,-0.5566400148672983,88.3599980250001
21:06:08.654529,261,0.415831021481035,1.3459062054756061,1.4357061790244772,-0.6958000185841229,38.359999142587185
21:06:08.654529,261,0.433163022870607,1.4020041082738481,1.4121861894516918,-0.6263600167294499,83.3599981367588
21:06:08.654529,261,0.46550595669419664,1.447410703187013,1.3746659154275633,-0.6263600167294499,181.7599959373474
21:06:08.654529,261,0.48023423706559515,1.4753637386525482,1.288293464256503,-0.6958000185841229,191.6399957165122
21:06:08.654529,261,0.48919331398963267,1.4656714485804792,1.136123581432243,-0.5566400148672983,105.2399976477027
21:06:08.654529,261,0.5194253717030766,1.3902735977449943,0.9234038937508662,-0.5566400148672983,100.3599977567792
21:06:08.654529,261,0.5259457495253309,1.3813055637891982,0.8112877083748711,-0.6958000185841229,130.51999708265066
21:06:08.654529,261,0.5434842067060227,1.4273672887975901,0.7716482975693935,-0.6263600167294499,90.11999798566103
21:06:08.654529,261,0.5610226638867144,1.4734290138059816,0.7320088867639161,-0.5566400148672983,46.23999896645546
21:06:08.654529,261,0.44466784034813556,1.3375941478496352,1.4379333881527971,-0.6263600167294499,29.759999334812164
21:06:08.654529,261,0.4632017717497959,1.393345600799546,1.41450622953709,-0.7655200204462744,63.63999857753515
21:06:08.654529,261,0.48108181875499445,1.4428389972958071,1.3758909003291444,-0.7655200204462744,140.87999685108662
21:06:08.654529,261,0.49630290842380087,1.4706473872091794,1.289557206816975,-0.6958000185841229,154.75999654084444
21:06:08.654529,261,0.5055617566920161,1.4608671105836317,1.1374108999186645,-0.6958000185841229,103.63999768346548
21:06:08.654529,261,0.5356145775320486,1.3851781037227027,0.9247692272591768,-0.5566400148672983,112.2399974912405
21:06:08.654529,261,0.5423381794253587,1.3761461057250512,0.8126701809965415,-0.41748001115047373,146.99999671429396
21:06:08.654529,261,0.5604232669954938,1.422035780794043,0.773076870833384,-0.5566400148672983,100.51999775320292
21:06:08.654529,261,0.578508354565629,1.4679254558630344,0.7334835606702266,-0.5566400148672983,51.639998845756054
21:06:08.654529,261,0.5965934421357643,1.5138151309320258,0.6938902505070694,-0.5566400148672983,11.999999731779099
21:06:08.654529,261,0.47815241634767114,1.388799171404349,1.415724441621978,-0.7655200204462744,49.99999888241291
21:06:08.654529,261,0.4966095730369674,1.43811707122454,1.37715613660666,-0.7655200204462744,111.11999751627445
21:06:08.654529,261,0.5123219499069671,1.4657760627251304,1.290862474278546,-0.6958000185841229,125.75999718904495
21:06:08.654529,261,0.5218796436422901,1.4559049084248852,1.1387405179797807,-0.6958000185841229,100.3599977567792
21:06:08.654529,261,0.5517502223520057,1.3799264913625486,0.9261763925500412,-0.5566400148672983,125.35999719798565
21:06:08.654529,261,0.5586763759618152,1.37082856956019,0.8140950105176392,-0.41748001115047373,161.99999637901783
21:06:08.654529,261,0.5773062854277884,1.4165409233362185,0.7745492134517322,-0.5566400148672983,109.35999755561352
21:06:08.654529,261,0.5959361948937617,1.4622532771122472,0.735003416385825,-0.5566400148672983,55.11999876797199
21:06:08.654529,261,0.5120876667776968,1.4332453971618622,1.378461497737542,-0.7655200204462744,88.99999801069498
21:06:08.654529,261,0.5282897596243665,1.460750252328768,1.2922091361155632,-0.6958000185841229,102.8799977004528
21:06:08.654529,261,0.5381453430654313,1.4507853383202987,1.1401123026548992,-0.41748001115047373,95.63999786227942
21:06:08.654529,261,0.5678306926119844,1.3745192858213688,0.9276252489081096,-0.5566400148672983,143.6399967893958
21:06:08.654529,261,0.591183539306823,1.3597214056794733,0.8170711661096774,-0.41748001115047373,172.99999613314867
21:06:08.654529,261,0.6108974493430199,1.405063374262168,0.7776246134572125,-0.5566400148672983,115.11999742686749
21:06:08.654529,261,0.6306113593792168,1.4504053428448633,0.7381780608047475,-0.5566400148672983,55.75999875366688
21:06:08.654529,261,0.6503252694154138,1.4957473114275583,0.6987315081522827,-0.5566400148672983,11.999999731779099
21:06:08.654529,261,0.5275145521807757,1.4282244622710991,1.3798068531867713,-0.7655200204462744,72.35999838262796
21:06:08.654529,261,0.544204740808405,1.4555704585969218,1.2935970576629712,-0.6958000185841229,84.87999810278416
21:06:08.654529,261,0.570513678486418,1.4400761577699575,1.142981818934962,-0.41748001115047373,89.63999799638987
21:06:08.654529,261,0.5838543802784308,1.3689570278151864,0.9291156514489596,-0.5566400148672983,155.1199965327978
21:06:08.654529,261,0.6073492554262742,1.3539328886707,0.818622194567552,-0.41748001115047373,177.35999603569508
21:06:08.654529,261,0.6276022357377079,1.3990818303912333,0.7792273633069209,-0.5566400148672983,116.51999739557505
21:06:08.654529,261,0.6478552160491415,1.444230772111767,0.7398325320462895,-0.5566400148672983,53.35999880731106
21:06:08.654529,261,0.6681081963605753,1.4893797138323004,0.7004377007856584,-0.5566400148672983,11.359999746084213
21:06:08.654529,261,0.5428886865705888,1.4230547686415325,1.38119206841993,-0.7655200204462744,59.63999866694212
21:06:08.654529,261,0.5600653019742978,1.450237199504625,1.295026100129778,-0.6958000185841229,70.63999842107296
21:06:08.654529,261,0.5866130776778398,1.4344876182332862,1.1444792635906826,-0.41748001115047373,82.87999814748764
21:06:08.654529,261,0.5998196829960032,1.363240273565142,0.930647451133586,-0.5566400148672983,157.879996471107
21:06:08.654529,261,0.6234542371290206,1.3479885148643076,0.8202149847284836,-0.41748001115047373,173.75999611616135
21:06:08.654529,261,0.6442442624346278,1.3929392324418308,0.7808732674668923,-0.41748001115047373,113.11999747157097
21:06:08.654529,261,0.6650342877402351,1.4378899500193543,0.741531550205301,-0.5566400148672983,48.87999890744686
21:06:08.654529,261,0.5758698570792165,1.4447510083733186,1.2964961206129344,-0.6958000185841229,59.239998675882816
21:06:08.654529,261,0.6026538160529586,1.42874385246185,1.1460183009906524,-0.41748001115047373,75.87999830394983
21:06:08.654529,261,0.6157250042478054,1.3573695947418716,0.9322204947833042,-0.5566400148672983,152.51999659091234
21:06:08.654529,261,0.6394968739303845,1.3418888786926964,0.8218493773147906,-0.41748001115047373,162.51999636739492
21:06:08.654529,261,0.6608218652450527,1.386636194668609,0.78256216134809,-0.41748001115047373,105.35999764502048
21:06:08.654529,261,0.6821468565597208,1.4313835106445223,0.7432749453813892,-0.5566400148672983,43.239999033510685
21:06:08.654529,261,0.6186342895513761,1.4228454348274144,1.147598777232421,-0.41748001115047373,68.75999846309423
21:06:08.654529,261,0.6473493464360474,1.3451688269611304,0.9354896806571933,-0.41748001115047373,140.87999685108662
21:06:08.654529,261,0.6554755615801264,1.3356345901143731,0.8235252088885834,-0.41748001115047373,146.23999673128128
21:06:08.654529,261,0.6773333864225901,1.3801733473700653,0.7842938760625404,-0.41748001115047373,95.11999787390232
21:06:08.654529,261,0.6991912112650538,1.4247121046257574,0.7450625432364975,-0.5566400148672983,37.35999916493893
21:06:08.654529,261,0.6345529001391308,1.416792955166801,1.1492205342696882,-0.41748001115047373,61.87999861687422
21:06:08.654529,261,0.6603837294658345,1.3283157252819993,0.9224132363601356,-0.41748001115047373,126.11999718099833
21:06:08.654529,261,0.6872347045578779,1.322664572834632,0.8270005145445078,-0.41748001115047373,127.75999714434147
21:06:08.654529,261,0.7101515860990857,1.366770825230462,0.7878850710463874,-0.41748001115047373,83.63999813050032
21:06:08.654529,261,0.7330684676402934,1.410877077626292,0.7487696275482669,-0.5566400148672983,32.119999282062054
21:06:08.654529,261,0.6759699942994125,1.3218615787674057,0.924142619706553,-0.41748001115047373,110.5199975296855
21:06:08.710580,262,0.10828098214006951,2.5501459602636634,-0.9362868550407992,-0.5566400148672983,7.879999823868275
21:06:08.710580,262,0.09891828829522083,1.4769715308699227,-0.8500703182921453,-0.7655200204462744,55.87999875098467
21:06:08.710580,262,0.11112136063997216,1.4214643679648415,-0.8184298079627748,-0.7655200204462744,65.99999852478504
21:06:08.710580,262,0.11537966095646744,1.4759365426496256,-0.8497929940343409,-0.7655200204462744,65.23999854177237
21:06:08.710580,262,0.12083203941591256,1.5646426772507462,-0.8191936712217825,-0.7655200204462744,38.75999913364649
21:06:08.710580,262,0.11656596260966846,1.4080349070797515,-1.1685771887865524,-0.6958000185841229,32.87999926507473
21:06:08.710580,262,0.12696408377866328,1.4203144940101071,-0.8181217001652061,-0.7655200204462744,76.99999827891588
21:06:08.710580,262,0.1318294957482836,1.4747426041820273,-0.8494730791861356,-0.7655200204462744,76.51999828964472
21:06:08.710580,262,0.13805922720163438,1.563392318055884,-0.8188586384852704,-0.7655200204462744,43.99999901652336
21:06:08.710580,262,0.13318493003757184,1.4068286928681775,-1.1682539846626623,-0.6958000185841229,35.879999198019505
21:06:08.710580,262,0.2098058578447202,2.1970439523579373,1.4767058926188217,-0.6263600167294499,12.639999717473984
21:06:08.710580,262,0.14279411061534714,1.4190116511480948,-0.8177726044724652,-0.7655200204462744,90.11999798566103
21:06:08.710580,262,0.14826614770097177,1.4733898348599743,-0.8491106057387459,-0.7655200204462744,89.99999798834324
21:06:08.710580,262,0.1552726091803021,1.5619756222995618,-0.8184790360014432,-0.7655200204462744,49.87999888509512
21:06:08.710580,262,0.16638124919812214,1.4039350093840344,-1.167478624509935,-0.6958000185841229,38.87999913096428
21:06:08.710580,262,0.15860985816060252,1.4175559696619993,-0.817382555793829,-0.7655200204462744,105.75999763607979
21:06:08.710580,262,0.16468797316310735,1.4718783699592657,-0.848705609939213,-0.7655200204462744,105.99999763071537
21:06:08.710580,262,0.17247046402813937,1.560392731650168,-0.8180549017302314,-0.7655200204462744,56.23999874293804
21:06:08.710580,262,0.182955281326665,1.4022478294773895,-1.1670265460164633,-0.6958000185841229,41.51999907195568
21:06:08.710580,262,0.17440974485292526,1.4159475951187492,-0.8169515931338384,-0.7655200204462744,124.51999721676111
21:06:08.710580,262,0.18109332996590233,1.4702083606251248,-0.8482581322867775,-0.7655200204462744,124.87999720871449
21:06:08.710580,262,0.18829363639856347,1.5334051477903015,-0.8642913394311103,-0.7655200204462744,62.879998594522476
21:06:08.710580,262,0.19951101808035523,1.400400643744025,-1.166531594090938,-0.6958000185841229,43.63999902456999
21:06:08.710580,262,0.19019219071688337,1.4141866883544523,-0.8164797595883986,-0.7655200204462744,146.75999671965837
21:06:08.710580,262,0.19748057758742088,1.4683799738570864,-0.8477682175288298,-0.7655200204462744,146.75999671965837
21:06:08.710580,262,0.20479788662807957,1.522788312079969,-0.879180836016644,-0.7655200204462744,69.51999844610691
21:06:08.710580,262,0.21604680389938796,1.3983936369009675,-1.165993818228137,-0.6958000185841229,45.11999899148941
21:06:08.710580,262,0.20595561752111294,1.4122734254583091,-0.8159671023404685,-0.7655200204462744,172.99999613314867
21:06:08.710580,262,0.21384807731663005,1.4663933924922954,-0.8472359146564353,-0.7655200204462744,171.51999616622925
21:06:08.710580,262,0.22177185639705,1.5207281213002262,-0.8786288095609578,-0.7655200204462744,75.51999831199646
21:06:08.710580,262,0.23256098521903493,1.396227009647219,-1.1654132722051957,-0.6958000185841229,45.519998982548714
21:06:08.710580,262,0.3297141471813556,1.412929506562247,-2.1481805071914244,-0.13916000371682458,7.519999831914902
21:06:08.710580,262,0.22169844893614024,1.4102079977550062,-0.8154136726553436,-0.7655200204462744,203.6399954482913
21:06:08.710580,262,0.23019419241726968,1.4642488151872233,-0.8466612768994352,-0.7655200204462744,198.2399955689907
21:06:08.710580,262,0.2387236491661814,1.5185040803076637,-0.878032879573067,-0.7655200204462744,80.11999820917845
21:06:08.710580,262,0.24905191063499976,1.3939009786436898,-1.1647900140762304,-0.6958000185841229,44.63999900221825
21:06:08.710580,262,0.22828482921313842,1.353820656678869,-0.7834707819511812,-0.7655200204462744,83.3599981367588
21:06:08.710580,262,0.23741911069201302,1.4079906117855836,-0.8148195258755287,-0.7655200204462744,238.75999466329813
21:06:08.710580,262,0.24651728829152447,1.4619464563978048,-0.8460443617211237,-0.7655200204462744,225.99999494850636
21:06:08.710580,262,0.25565156977039905,1.516116411504519,-0.8773931056454712,-0.7655200204462744,82.51999815553427
21:06:08.710580,262,0.27017513023476486,1.4366985608284688,-1.1066278568979362,-0.6958000185841229,42.63999904692173
21:06:08.710580,262,0.2457722208884258,1.3817691103612366,-0.7273795027092527,-0.7655200204462744,101.51999773085117
21:06:08.710580,262,0.2531160307357265,1.4056214892867804,-0.814184721415204,-0.7655200204462744,277.879993788898
21:06:08.710580,262,0.2628157326434825,1.4594865463579894,-0.845385230812502,-0.7655200204462744,252.11999436467886
21:06:08.710580,262,0.2725539254318248,1.5135653536556708,-0.8767095517550274,-0.7655200204462744,81.99999816715717
21:06:08.710580,262,0.28690294828889834,1.4340080579511845,-1.1059069388247342,-0.6958000185841229,39.35999912023544
21:06:08.710580,262,0.25456787067131625,1.3815577187503774,-0.5738466151664451,-0.7655200204462744,23.879999466240406
21:06:08.710580,262,0.26098913959670766,1.3793216205908707,-0.7267236998017996,-0.7655200204462744,125.11999720335007
21:06:08.710580,262,0.2687876393884273,1.403100867168862,-0.8135093227542838,-0.7655200204462744,319.51999285817146
21:06:08.710580,262,0.2790878956423634,1.45686933105672,-0.8446839500861085,-0.7655200204462744,274.11999387294054
21:06:08.710580,262,0.2894290259290532,1.5108511618647673,-0.8759822862565516,-0.7655200204462744,78.35999824851751
21:06:08.710580,262,0.3036020762885705,1.4311561139797275,-1.1051427627407235,-0.6958000185841229,35.11999921500683
21:06:08.710580,262,0.26938494202697094,1.379027199951537,-0.5731685646978641,-0.7655200204462744,30.759999312460423
21:06:08.710580,262,0.2761799596096869,1.376727271499208,-0.7260285460578042,-0.7655200204462744,156.11999651044607
21:06:08.710580,262,0.28517478673216834,1.4084872528846084,-0.7984830970158229,-0.7655200204462744,360.8799919337034
21:06:08.710580,262,0.2953321500855002,1.4540950722133343,-0.8439405896694284,-0.7655200204462744,288.9999935403466
21:06:08.710580,262,0.323090714341513,1.5049344784105312,-0.8743969157031184,-0.7655200204462744,71.8799983933568
21:06:08.710580,262,0.2732759587716405,1.3349516810358037,-0.5080034675633995,-0.6263600167294499,26.119999416172504
21:06:08.710580,262,0.2841750751141137,1.3763536881472052,-0.5724521993689382,-0.6958000185841229,40.759999088943005
21:06:08.710580,262,0.2919800838273397,1.3811823307758007,-0.7112339978314997,-0.7655200204462744,196.99999559670687
21:06:08.710580,262,0.3164588004026129,1.402675725097862,-0.7969259028385731,-0.7655200204462744,397.6399911120534
21:06:08.710580,262,0.3277304386104737,1.4480765492709347,-0.8423279313073843,-0.7655200204462744,294.9999934062362
21:06:08.710580,262,0.3398739361161049,1.5017325784105868,-0.8735389691838882,-0.7655200204462744,63.51999858021736
21:06:08.710580,262,0.286476987290023,1.3162878666626578,-0.547869009188525,-0.6263600167294499,31.87999928742647
21:06:08.710580,262,0.29893679093182735,1.3735374506863218,-0.5716975908156003,-0.6263600167294499,55.99999874830246
21:06:08.710580,262,0.30897272028789985,1.3990280594345976,-0.6678526386135124,-0.6958000185841229,249.35999442636967
21:06:08.710580,262,0.3187401968537349,1.4259603571021133,-0.7535104535631905,-0.6958000185841229,424.63999050855637
21:06:08.710580,262,0.3438812328906013,1.6133869619619645,-0.4388365133367901,-0.7655200204462744,291.51999348402023
21:06:08.710580,262,0.30059478149714314,1.4102999957999491,-0.18852045666893588,-0.6263600167294499,38.519999139010906
21:06:08.710580,262,0.3136686133208971,1.4716384690571929,-0.19671981639684386,-0.6263600167294499,79.87999821454287
21:06:08.710580,262,0.32419912057192213,1.3959700488516587,1.3329667528526319,-0.6958000185841229,311.759993031621
21:06:08.710580,262,0.33444794548403717,1.422805674403011,1.2473348411184104,-0.6958000185841229,436.87999023497105
21:06:08.710580,262,0.3599976393355438,1.441433384859614,1.1594520992318165,-0.6263600167294499,279.7599937468767
21:06:08.710580,262,0.31468251647795215,1.3104809183221364,1.4536869579298068,-0.6263600167294499,45.35999898612499
21:06:08.710580,262,0.32836906911142677,1.3674779395247325,1.4299260503066749,-0.6263600167294499,117.23999737948179
21:06:08.710580,262,0.3393931012155016,1.3927651178897473,1.3338255115156736,-0.6958000185841229,374.63999162614346
21:06:08.710580,262,0.36576154178431924,1.41604194481939,1.2491471769981641,-0.6958000185841229,431.75999034941196
21:06:08.710580,262,0.3770596744704693,1.4462031115513487,1.1752746888640866,-0.6263600167294499,261.75999414920807
21:06:08.710580,262,0.32873878347075464,1.3073734062415936,1.4545196132822584,-0.6263600167294499,51.23999885469675
21:06:08.710580,262,0.3430366882701531,1.364235271770066,1.4307949205128603,-0.6263600167294499,169.63999620825052
21:06:08.710580,262,0.35518058322681373,1.396030782378721,1.3490655886956135,-0.6263600167294499,416.9999906793237
21:06:08.710580,262,0.38136425812090363,1.412433574302163,1.2501140369642474,-0.6263600167294499,409.99999083578587
21:06:08.710580,262,0.3931443484195875,1.4424832808497472,1.1762714144965614,-0.6263600167294499,239.99999463558197
21:06:08.710580,262,0.3427621768606277,1.304130278688166,1.4553886066911503,-0.6263600167294499,54.359998784959316
21:06:08.710580,262,0.35767000404744886,1.3608510901903332,1.43170170923419,-0.6263600167294499,216.63999515771866
21:06:08.710580,262,0.3703319352834452,1.3925267968624886,1.3500044787849783,-0.6263600167294499,416.9999906793237
21:06:08.710580,262,0.39779658721394257,1.4161142618678118,1.2657558108628493,-0.6263600167294499,375.8799915984273
21:06:08.710580,262,0.4091897082632404,1.4386082727112666,1.1773097197979312,-0.6263600167294499,216.87999515235424
21:06:08.710580,262,0.3567512943199811,1.3007518599718915,1.4562938512578705,-0.6263600167294499,53.51999880373478
21:06:08.710580,262,0.37176225542091046,1.3515224294276238,1.418634007742737,-0.6263600167294499,213.1199952363968
21:06:08.710580,262,0.3854462544568128,1.3888766381639561,1.3509825358604957,-0.6263600167294499,373.6399916484952
21:06:08.710580,262,0.41581212969760406,1.4336395734170064,1.311150159268948,-0.6263600167294499,334.7599925175309
21:06:08.710580,262,0.42519414947888645,1.4345784746334747,1.1783895009385361,-0.6263600167294499,193.7599956691265
21:06:08.710580,262,0.37070473694878897,1.2972384879318115,1.4572352564587199,-0.6263600167294499,48.99999890476465
21:06:08.710580,262,0.38630281458681276,1.3478612258537377,1.419615024283686,-0.6263600167294499,163.75999633967876
21:06:08.710580,262,0.40240406863795997,1.40404061467433,1.3954243490190685,-0.6263600167294499,308.6399931013584
21:06:08.710580,262,0.4314218478799292,1.4295477135103194,1.3122465698264862,-0.6263600167294499,291.7599934786558
21:06:08.710580,262,0.44115607163581266,1.4303942895928026,1.1795106499411665,-0.6263600167294499,171.75999616086483
21:06:08.710580,262,0.38409904360048436,1.2880388145844004,1.4447818444714529,-0.6263600167294499,42.51999904960394
21:06:08.710580,262,0.4008047437949012,1.3440597566662043,1.4206336248825373,-0.6263600167294499,112.99999747425318
21:06:08.710580,262,0.41751044398931797,1.400080698748008,1.3964854052936215,-0.6263600167294499,243.999994546175
21:06:08.710580,262,0.44698842423891194,1.4253052824119086,1.3133833258132501,-0.6263600167294499,250.51999440044165
21:06:08.710580,262,0.45707387855517617,1.4260561360042499,1.1806730546918613,-0.6263600167294499,151.51999661326408
21:06:08.710580,262,0.4117773950867004,1.280350982426833,1.4468417928896191,-0.6263600167294499,35.63999920338392
21:06:08.710580,262,0.42968691562253253,1.3360375560135596,1.4227831670689337,-0.6263600167294499,77.51999826729298
21:06:08.710580,262,0.44759643615836453,1.391724129600286,1.3987245412482485,-0.6263600167294499,190.11999575048685
21:06:08.710580,262,0.46251030212995803,1.4209127043613294,1.3145603135545934,-0.6263600167294499,213.1199952363968
21:06:08.710580,262,0.47294597846962105,1.4215644476795397,1.1818765989511197,-0.6263600167294499,133.23999702185392
21:06:08.710580,262,0.4255554956961379,1.2763069414947856,1.4479253903915197,-0.6263600167294499,29.519999340176582
21:06:08.710580,262,0.4440642700490901,1.3318176267617927,1.4239138937040612,-0.6263600167294499,54.75999877601862
21:06:08.710580,262,0.4625730444020423,1.3873283120287998,1.3999023970166027,-0.6263600167294499,148.3599966838956
21:06:08.710580,262,0.4779859293782827,1.4163704186127073,1.3157774153527282,-0.6263600167294499,180.35999596863985
21:06:08.710580,262,0.4922944022048542,1.4408117796857378,1.228276659755978,-0.6263600167294499,116.99999738484621
21:06:08.710580,262,0.527306277704893,1.4318017468835271,0.9833317077528303,-0.3480400092958007,51.23999885469675
21:06:08.710580,262,0.45839721842068015,1.3274590362428464,1.425081774513751,-0.6263600167294499,40.23999910056591
21:06:08.710580,262,0.4775033957288238,1.3827880537336932,1.4011189555602055,-0.6263600167294499,116.99999738484621
21:06:08.710580,262,0.4942869356404583,1.418501865391624,1.331966213517761,-0.6263600167294499,152.51999659091234
21:06:08.710580,262,0.5081840621625107,1.4359797995902817,1.2295713849203989,-0.6263600167294499,102.75999770313501
21:06:08.710580,262,0.5586763759618152,1.37082856956019,0.8140950105176392,-0.3480400092958007,56.639998733997345
21:06:08.710580,262,0.47268432745447375,1.3229622203121203,1.4262866927109004,-0.6263600167294499,30.63999931514263
21:06:08.710580,262,0.4923859971160852,1.3781038087369912,1.4023740952242212,-0.6263600167294499,93.51999790966511
21:06:08.710580,262,0.5096926385105707,1.4136529760938317,1.3332654694892925,-0.6263600167294499,128.9999971166253
21:06:08.710580,262,0.5678306926119844,1.3745192858213688,0.9276252489081096,-0.3480400092958007,57.6399987116456
21:06:08.710580,262,0.591183539306823,1.3597214056794733,0.8170711661096774,-0.3480400092958007,61.639998622238636
21:06:08.710580,262,0.6108974493430199,1.405063374262168,0.7776246134572125,-0.3480400092958007,41.11999908089638
21:06:08.710580,262,0.6306113593792168,1.4504053428448633,0.7381780608047475,-0.3480400092958007,16.359999634325504
21:06:08.710580,262,0.5072193603161564,1.3732760454592698,1.4036676904957353,-0.6263600167294499,75.75999830663204
21:06:08.710580,262,0.5250473725438527,1.408655524059171,1.334604532726193,-0.6263600167294499,109.35999755561352
21:06:08.710580,262,0.5838543802784308,1.3689570278151864,0.9291156514489596,-0.3480400092958007,59.63999866694212
21:06:08.710580,262,0.6073492554262742,1.3539328886707,0.818622194567552,-0.3480400092958007,65.51999853551388
21:06:08.710580,262,0.6276022357377079,1.3990818303912333,0.7792273633069209,-0.3480400092958007,44.359999008476734
21:06:08.710580,262,0.5220020020051449,1.3683052466728118,1.4049996120163044,-0.6263600167294499,62.23999860882759
21:06:08.710580,262,0.5403496022797656,1.4035100090286579,1.3359832693232612,-0.6263600167294499,92.99999792128801
21:06:08.710580,262,0.5998196829960032,1.363240273565142,0.930647451133586,-0.3480400092958007,60.359998650848866
21:06:08.710580,262,0.6234542371290206,1.3479885148643076,0.8202149847284836,-0.3480400092958007,67.75999848544598
21:06:08.710580,262,0.6442442624346278,1.3929392324418308,0.7808732674668923,-0.3480400092958007,46.63999895751476
21:06:08.710580,262,0.5555977975081557,1.3982169455494848,1.3374015414079923,-0.6263600167294499,79.35999822616577
21:06:08.710580,262,0.6132349753628542,1.3467704269904466,0.9174683139407998,-0.3480400092958007,59.99999865889549
21:06:08.710580,262,0.6394968739303845,1.3418888786926964,0.8218493773147906,-0.3480400092958007,67.87999848276377
21:06:08.710580,262,0.6608218652450527,1.386636194668609,0.78256216134809,-0.3480400092958007,47.23999894410372
21:06:08.710580,262,0.6447314268125798,1.3346189998471374,0.9207242790307351,-0.3480400092958007,58.11999870091677
21:06:08.710580,262,0.6554755615801264,1.3356345901143731,0.8235252088885834,-0.3480400092958007,65.87999852746725
21:06:08.710580,262,0.6773333864225901,1.3801733473700653,0.7842938760625404,-0.3480400092958007,46.23999896645546
21:06:08.710580,262,0.6603837294658345,1.3283157252819993,0.9224132363601356,-0.3480400092958007,55.23999876528978
21:06:08.710580,262,0.6872347045578779,1.322664572834632,0.8270005145445078,-0.3480400092958007,61.99999861419201
21:06:08.710580,262,0.7101515860990857,1.366770825230462,0.7878850710463874,-0.3480400092958007,43.75999902188778
21:06:08.710580,262,0.6759699942994125,1.3218615787674057,0.924142619706553,-0.3480400092958007,51.879998840391636
21:06:08.710580,262,0.7030119839981974,1.3159501411240755,0.8287996410989853,-0.3480400092958007,56.759998731315136
21:06:08.710580,262,0.7264549828055712,1.3598324906303878,0.789744192199294,-0.3480400092958007,40.23999910056591
21:06:08.710580,262,0.691488662699889,1.3152572057126013,0.9259122561331017,-0.3480400092958007,49.63999889045954
21:06:08.763836,263,0.07847743204695704,1.5682405008049718,-0.8174646074833456,-0.06972000186215155,37.239999167621136
21:06:08.763836,263,0.07952418108599883,1.589158033328485,-0.9110297575143353,-0.7655200204462744,25.51999942958355
21:06:08.763836,263,0.09415565149365715,1.5673773282134456,-0.8174646074833456,-0.06972000186215155,43.75999902188778
21:06:08.763836,263,0.11128931790194886,1.5872498347742159,-0.9110297575143353,-0.7655200204462744,28.879999354481697
21:06:08.763836,263,0.12548227706099166,1.5651808757614252,-0.8174646074833456,-0.06972000186215155,51.51999884843826
21:06:08.763836,263,0.12715598693533842,1.586057598341358,-0.9110297575143353,-0.7655200204462744,32.63999927043915
21:06:08.763836,263,0.13678680345929514,1.5157475840723633,-0.7730769098731319,-0.7655200204462744,48.99999890476465
21:06:08.763836,263,0.13807654602052938,1.5300393441093456,-0.8796020879409611,-0.7655200204462744,61.23999863117933
21:06:08.763836,263,0.14300994047656582,1.5847067574774665,-0.9110297575143353,-0.7655200204462744,37.119999170303345
21:06:08.763836,263,0.1519371870550326,1.5143039521217736,-0.7730769098731319,-0.7655200204462744,57.6399987116456
21:06:08.763836,263,0.15336978034490645,1.5285821003663724,-0.8796020879409611,-0.7655200204462744,73.35999836027622
21:06:08.763836,263,0.15884959314355937,1.583197447265496,-0.9110297575143353,-0.7655200204462744,42.119999058544636
21:06:08.763836,263,0.1643294059422123,1.6378127941646192,-0.9424574270877096,-0.7655200204462744,11.119999751448631
21:06:08.763836,263,0.1670723770593576,1.5127088910446562,-0.7730769098731319,-0.7655200204462744,68.51999846845865
21:06:08.763836,263,0.16864767781974235,1.52697199969401,-0.8796020879409611,-0.7655200204462744,88.3599980250001
21:06:08.763836,263,0.17467336098432293,1.5815298186352027,-0.9110297575143353,-0.7655200204462744,47.75999893248081
21:06:08.763836,263,0.18069904414890348,1.6360876375763953,-0.9424574270877096,-0.7655200204462744,11.359999746084213
21:06:08.763836,263,0.1701441494446437,1.5405213725588014,-0.5482527937415862,-0.8349600223009475,64.87999854981899
21:06:08.763836,263,0.1821908599659501,1.5109625603457835,-0.7730769098731319,-0.7655200204462744,81.87999816983938
21:06:08.763836,263,0.1839087106680895,1.525209203100977,-0.8796020879409611,-0.7655200204462744,106.87999761104584
21:06:08.763836,263,0.1904796616353295,1.5797040383480532,-0.9110297575143353,-0.7655200204462744,53.75999879837036
21:06:08.763836,263,0.19705061260256954,1.6341988735951294,-0.9424574270877096,-0.7655200204462744,11.519999742507935
21:06:08.763836,263,0.20091849452578553,1.536810622509549,-0.5482527937415862,-0.8349600223009475,77.35999827086926
21:06:08.763836,263,0.19729112393918566,1.509065134656762,-0.7730769098731319,-0.7655200204462744,98.75999779254198
21:06:08.763836,263,0.2035518950784966,1.5569533074937305,-0.8174646074833456,-0.7655200204462744,129.35999710857868
21:06:08.763836,263,0.22203354080554633,1.5755787689059562,-0.9110297575143353,-0.7655200204462744,59.63999866694212
21:06:08.763836,263,0.22969300164871553,1.6299312952944491,-0.9424574270877096,-0.7655200204462744,11.519999742507935
21:06:08.763836,263,0.198031838440693,1.5147308047925556,-0.4063800928278447,-0.8349600223009475,64.11999856680632
21:06:08.763836,263,0.21627629843300974,1.5347246312080909,-0.5482527937415862,-0.8349600223009475,92.75999792665243
21:06:08.763836,263,0.21237165896531793,1.5070168037185705,-0.7730769098731319,-0.7655200204462744,119.63999732583761
21:06:08.763836,263,0.21911099080503874,1.5548399755004203,-0.8174646074833456,-0.7655200204462744,155.51999652385712
21:06:08.763836,263,0.23777796396327533,1.5732796922744972,-0.9110297575143353,-0.7655200204462744,64.63999855518341
21:06:08.763836,263,0.24598055802963867,1.6275529077292894,-0.9424574270877096,-0.7655200204462744,11.239999748766422
21:06:08.763836,263,0.2131689921872285,1.5126747835518333,-0.4063800928278447,-0.8349600223009475,75.87999830394983
21:06:08.763836,263,0.2316124748915871,1.532485168729306,-0.5482527937415862,-0.8349600223009475,111.87999749928713
21:06:08.763836,263,0.24246751213648127,1.5024682604901054,-0.7730769098731319,-0.7655200204462744,145.51999674737453
21:06:08.763836,263,0.2501618958061315,1.5501470903086572,-0.8174646074833456,-0.7655200204462744,183.51999589800835
21:06:08.763836,263,0.25349860952381864,1.5708232889919054,-0.9110297575143353,-0.7655200204462744,67.87999848276377
21:06:08.763836,263,0.26224351656084155,1.6250117662369221,-0.9424574270877096,-0.7655200204462744,10.87999975681305
21:06:08.763836,263,0.22828482921313842,1.5104674961000757,-0.4063800928278447,-0.8349600223009475,90.23999798297882
21:06:08.763836,263,0.24692549029672042,1.530092459017565,-0.5482527937415862,-0.8349600223009475,135.63999696820974
21:06:08.763836,263,0.24719885919499693,1.531786410052269,-0.7115984786329178,-0.7655200204462744,176.35999605804682
21:06:08.763836,263,0.26565060001619656,1.547568006394791,-0.8174646074833456,-0.7655200204462744,208.6399953365326
21:06:08.763836,263,0.26919390543579086,1.5682098046964517,-0.9110297575143353,-0.7655200204462744,68.23999847471714
21:06:08.763836,263,0.27848025096009615,1.6223081249293672,-0.9424574270877096,-0.7655200204462744,11.639999739825726
21:06:08.763836,263,0.2433778379473843,1.5081091631641792,-0.4063800928278447,-0.8349600223009475,108.11999758332968
21:06:08.763836,263,0.26221381335969846,1.5275467413418353,-0.5482527937415862,-0.8349600223009475,164.63999632000923
21:06:08.763836,263,0.2625041078172892,1.5292378740363364,-0.7115984786329178,-0.7655200204462744,210.7599952891469
21:06:08.763836,263,0.2811127393888223,1.5448341669768395,-0.8174646074833456,-0.7655200204462744,223.35999500751495
21:06:08.763836,263,0.28486228218275045,1.5654395007343758,-0.9110297575143353,-0.7655200204462744,64.99999854713678
21:06:08.763836,263,0.2946891375675658,1.6194422541684905,-0.9424574270877096,-0.7655200204462744,12.359999723732471
21:06:08.763836,263,0.42833772564192796,1.1043527163559832,2.447148163747661,-0.5566400148672983,7.519999831914902
21:06:08.763836,263,0.2584465091017375,1.5056000205754612,-0.4063800928278447,-0.8349600223009475,130.51999708265066
21:06:08.763836,263,0.2774759152610235,1.5248482702717514,-0.5482527937415862,-0.8349600223009475,198.99999555200338
21:06:08.763836,263,0.2930343266022647,1.5236823046294403,-0.7115984786329178,-0.7655200204462744,244.23999454081059
21:06:08.763836,263,0.29807576933400115,1.5498961518916952,-0.8017219681915125,-0.7655200204462744,220.5199950709939
21:06:08.763836,263,0.3005021729401495,1.5625126541337528,-0.9110297575143353,-0.7655200204462744,58.51999869197607
21:06:08.763836,263,0.31086855550816944,1.6164144405389669,-0.9424574270877096,-0.7655200204462744,13.239999704062939
21:06:08.763836,263,0.4404869109259812,1.3751142641489256,2.1528568792839002,-0.27832000743364915,9.759999781847
21:06:08.763836,263,0.2657088812076055,1.4601834091586556,-0.3163379060752428,-0.8349600223009475,60.239998653531075
21:06:08.763836,263,0.2734893358217073,1.5029403192460788,-0.4063800928278447,-0.8349600223009475,158.1199964657426
21:06:08.763836,263,0.2927102698032919,1.5219973156521593,-0.5482527937415862,-0.7655200204462744,237.63999468833208
21:06:08.763836,263,0.30825624376864763,1.5206758267907625,-0.7115984786329178,-0.7655200204462744,268.3599940016866
21:06:08.763836,263,0.31355956852817024,1.546837949785681,-0.8017219681915125,-0.7655200204462744,198.7599955573678
21:06:08.763836,263,0.3316902435873474,1.556190519370563,-0.9110297575143353,-0.7655200204462744,49.75999888777733
21:06:08.763836,263,0.34313251678445655,1.6098742119531582,-0.9424574270877096,-0.7655200204462744,14.359999679028988
21:06:08.763836,263,0.46944911842777576,1.2103472986174169,2.3165400626388055,-0.5566400148672983,12.359999723732471
21:06:08.763836,263,0.28196308991832786,1.4661155082022925,-0.27167738457093304,-0.8349600223009475,74.35999833792448
21:06:08.763836,263,0.30349144161306757,1.49717031926609,-0.4063800928278447,-0.8349600223009475,191.99999570846558
21:06:08.763836,263,0.30791535356381294,1.5189941625761327,-0.5482527937415862,-0.7655200204462744,276.9999938085675
21:06:08.763836,263,0.32344733556891103,1.2816338964091178,-1.0801137224798896,-0.7655200204462744,273.99999387562275
21:06:08.763836,263,0.329012012028187,1.2835264023200765,-1.173923519945852,-0.7655200204462744,164.63999632000923
21:06:08.763836,263,0.3472353046962108,1.2640937755286754,-1.2818803139094828,-0.7655200204462744,40.759999088943005
21:06:08.763836,263,0.29660990228492046,1.3430492362435564,-0.6411300832490938,-0.8349600223009475,93.2399979159236
21:06:08.763836,263,0.3064772300343926,1.3710990477428013,-0.7245204680474534,-0.8349600223009475,232.2399948090315
21:06:08.763836,263,0.3230896460469493,1.3222898816072923,-0.9218995641404653,-0.7655200204462744,310.3599930629134
21:06:08.763836,263,0.338606082906602,1.2784363973582755,-1.079256955191417,-0.7655200204462744,257.35999424755573
21:06:08.763836,263,0.34443155460264746,1.280273892620699,-1.1730520125985293,-0.7655200204462744,127.35999715328217
21:06:08.763836,263,0.3627456425655186,1.2606648023648293,-1.280961523319362,-0.7655200204462744,40.759999088943005
21:06:08.763836,263,0.30059478149714314,1.3134525041811902,-0.5471092761013663,-0.7655200204462744,33.87999924272299
21:06:08.763836,263,0.3112270539097845,1.340113584774564,-0.640343477808718,-0.8349600223009475,118.63999734818935
21:06:08.763836,263,0.3215806507444597,1.3680657358957176,-0.7237076945876355,-0.8349600223009475,277.5199937969446
21:06:08.763836,263,0.3427456043184138,1.354748920463811,-0.8659775227849124,-0.8349600223009475,329.7599926292896
21:06:08.763836,263,0.3599354306562631,1.3168947074261168,-1.0247361085236437,-0.7655200204462744,224.3599949851632
21:06:08.763836,263,0.36683787316949357,1.3223390410504274,-1.118317841901815,-0.6958000185841229,93.87999790161848
21:06:08.763836,263,0.3865770272993114,1.3067304992574094,-1.2266768823212555,-0.7655200204462744,40.639999091625214
21:06:08.763836,263,0.31425538187692886,1.3049062927984907,-0.5597377826943621,-0.5566400148672983,43.63999902456999
21:06:08.763836,263,0.32581308309000395,1.3370368916006274,-0.6395190803574033,-0.8349600223009475,152.35999659448862
21:06:08.763836,263,0.35168951166396756,1.361562228876673,-0.7219650851339124,-0.8349600223009475,322.9999927803874
21:06:08.763836,263,0.3580553958468116,1.3513642834083643,-0.865070612019233,-0.6958000185841229,329.23999264091253
21:06:08.763836,263,0.37528961578086434,1.3133438136122142,-1.0237846493937999,-0.6958000185841229,185.35999585688114
21:06:08.763836,263,0.382486503828303,1.318720052132977,-1.117348136743967,-0.6958000185841229,66.87999850511551
21:06:08.763836,263,0.3282925695828964,1.3018029987023072,-0.5589062575474135,-0.5566400148672983,56.99999872595072
21:06:08.763836,263,0.34036653123488075,1.3338194643884866,-0.6386569733342043,-0.8349600223009475,194.75999564677477
21:06:08.763836,263,0.3666919410125416,1.358092684049966,-0.7210354233994927,-0.8349600223009475,360.3599919453263
21:06:08.763836,263,0.3733293821356039,1.347831936821009,-0.8641241226037644,-0.6958000185841229,309.35999308526516
21:06:08.763836,263,0.3921923215536685,1.3197392281473124,-1.0091198290610923,-0.6958000185841229,148.6399966776371
21:06:08.763836,263,0.39809688615717714,1.314950092521064,-1.1163379791104568,-0.6958000185841229,46.63999895751476
21:06:08.763836,263,0.34229692830694936,1.298564273211025,-0.5580384436675183,-0.5566400148672983,74.23999834060669
21:06:08.763836,263,0.35551397235023136,1.3368081064297492,-0.6239874764787571,-0.5566400148672983,242.23999458551407
21:06:08.763836,263,0.38249206523019447,1.3616317636542234,-0.7059954391597025,-0.8349600223009475,379.23999152332544
21:06:08.763836,263,0.39306184461234656,1.377515320271784,-0.8066536961253031,-0.6958000185841229,276.63999381661415
21:06:08.763836,263,0.4075319521181191,1.3158768243976438,-1.0080849010955257,-0.6958000185841229,117.99999736249447
21:06:08.763836,263,0.42092320919649867,1.3541821439970976,-1.0596224483431624,-0.6958000185841229,42.51999904960394
21:06:08.763836,263,0.35626705762494826,1.2951904401944794,-0.5571344278353374,-0.5566400148672983,93.6399979069829
21:06:08.763836,263,0.3700235275269419,1.3333040002617764,-0.6230485540608559,-0.5566400148672983,281.879993699491
21:06:08.763836,263,0.39981449149603865,1.378482819756042,-0.6623475582333396,-0.5566400148672983,373.2399916574359
21:06:08.763836,263,0.40843548441602595,1.3736443532511444,-0.8056164736381952,-0.6958000185841229,238.87999466061592
21:06:08.763836,263,0.42924616917508374,1.3507951276640318,-0.9512883506741978,-0.6958000185841229,93.75999790430069
21:06:08.763836,263,0.4367247989113912,1.350039987767173,-1.0585125609264308,-0.6958000185841229,39.35999912023544
21:06:08.763836,263,0.3702015605356655,1.2916818370331455,-0.5561943004516967,-0.5566400148672983,108.75999756902456
21:06:08.763836,263,0.39893018450893475,1.3258762303370613,-0.6210582891079643,-0.5566400148672983,295.11999340355396
21:06:08.763836,263,0.4148236533066898,1.3745483869412638,-0.6612933301379452,-0.5566400148672983,344.5199922993779
21:06:08.763836,263,0.4237682810134513,1.3696250842982023,-0.8045395137680909,-0.6958000185841229,202.11999548226595
21:06:08.763836,263,0.44473424262824934,1.3465740913258608,-0.9501573273961625,-0.6958000185841229,75.35999831557274
21:06:08.763836,263,0.45248271651228106,1.3457454095545633,-1.0573618321625298,-0.6958000185841229,36.75999917834997
21:06:08.763836,263,0.493004751810957,1.3911481977086846,-1.1913496174352505,-0.7655200204462744,29.879999332129955
21:06:08.763836,263,0.38409904360048436,1.2880388145844004,-0.5552181555285471,-0.5566400148672983,110.99999751895666
21:06:08.763836,263,0.4133243956727368,1.3219533093510882,-0.6200071455978017,-0.5566400148672983,274.11999387294054
21:06:08.763836,263,0.42979133309954987,1.370469175895757,-0.6602003088325457,-0.5566400148672983,302.11999324709177
21:06:08.763836,263,0.43905870113780876,1.3654579153364859,-0.803422924210075,-0.6958000185841229,169.359996214509
21:06:08.763836,263,0.4601778430297508,1.3422036652329794,-0.948986275253995,-0.6958000185841229,61.359998628497124
21:06:08.763836,263,0.4700964846287698,1.5753228980352607,-0.6566219782028883,-0.6958000185841229,34.35999923199415
21:06:08.763836,263,0.3806496413010787,1.32374864919382,-0.19410447737940986,-0.5566400148672983,12.759999714791775
21:06:08.763836,263,0.4117773950867004,1.37989195959559,-0.202930579603887,-0.5566400148672983,98.99999778717756
21:06:08.763836,263,0.42968691562253253,1.4399078897619446,-0.21175668182836413,-0.5566400148672983,231.23999483138323
21:06:08.763836,263,0.44550303265265273,1.49290869306561,-0.26743500507019224,-0.5566400148672983,256.1199942752719
21:06:08.763836,263,0.45877472977898626,1.5373829851790939,-0.35876950949625697,-0.6958000185841229,141.5199968367815
21:06:08.763836,263,0.47557542603248665,1.5374061007341788,-0.5692624810929973,-0.6958000185841229,50.99999886006117
21:06:08.763836,263,0.4255554956961379,1.375705260346038,-0.202930579603887,-0.5566400148672983,80.35999820381403
21:06:08.763836,263,0.4440642700490901,1.4355390975245748,-0.21175668182836413,-0.5566400148672983,184.6399958729744
21:06:08.763836,263,0.4604095954677519,1.4883790922795168,-0.26743500507019224,-0.5566400148672983,213.1199952363968
21:06:08.763836,263,0.4741253645136381,1.5327184459406673,-0.35876950949625697,-0.6958000185841229,118.51999735087156
21:06:08.763836,263,0.49092545189105674,1.532573556181306,-0.5692624810929973,-0.6958000185841229,42.9999990388751
21:06:08.763836,263,0.4392910411125364,1.3713809917230186,-0.202930579603887,-0.5566400148672983,62.35999860614538
21:06:08.763836,263,0.45839721842068015,1.4310267525801483,-0.21175668182836413,-0.5566400148672983,144.35999677330256
21:06:08.763836,263,0.4752701177090356,1.4837006548311615,-0.26743500507019224,-0.5566400148672983,175.99999606609344
21:06:08.763836,263,0.4894285871090611,1.527900636141759,-0.35876950949625697,-0.6958000185841229,99.63999777287245
21:06:08.763836,263,0.45298265779286223,1.3669195861497707,-0.202930579603887,-0.5566400148672983,47.999998927116394
21:06:08.763836,263,0.47268432745447375,1.426371306159379,-0.21175668182836413,-0.5566400148672983,113.11999747157097
21:06:08.763836,263,0.4900831133367302,1.3592651715087134,1.358916904437469,-0.5566400148672983,145.23999675363302
21:06:08.763836,263,0.5046828672558171,1.3781810730502004,1.2592919670134568,-0.6958000185841229,84.35999811440706
21:06:08.763836,263,0.591183539306823,1.3597214056794733,0.8170711661096774,-0.27832000743364915,41.51999907195568
21:06:08.763836,263,0.6108974493430199,1.405063374262168,0.7776246134572125,-0.27832000743364915,23.759999468922615
21:06:08.763836,263,0.6306113593792168,1.4504053428448633,0.7381780608047475,-0.4872000130126253,5.759999871253967
21:06:08.763836,263,0.46662897658691793,1.2633792118356117,1.4513893651136631,-0.6263600167294499,37.35999916493893
21:06:08.763836,263,0.48692416845153713,1.3183276286474408,1.4275285278046992,-0.5566400148672983,89.51999799907207
21:06:08.763836,263,0.5048471010636831,1.3544599876256291,1.3602044495784245,-0.5566400148672983,120.35999730974436
21:06:08.763836,263,0.601552931216647,1.405168469511446,0.8769254043052417,-0.27832000743364915,42.63999904692173
21:06:08.763836,263,0.4802286328742571,1.2588062027353706,1.452614699209053,-0.6263600167294499,29.519999340176582
21:06:08.819261,264,0.1386511379532623,1.3947707752859948,1.2691367116738983,-0.904680024163099,81.35999818146229
21:06:08.819261,264,0.15336978034490645,1.2488391558760048,0.7547434668224073,-0.904680024163099,22.239999502897263
21:06:08.819261,264,0.15400801356445776,1.39335732837509,1.2695154436322196,-0.904680024163099,93.75999790430069
21:06:08.819261,264,0.16864767781974235,1.2472839180536446,0.7551601915409472,-0.904680024163099,23.639999471604824
21:06:08.819261,264,0.16934948850332476,1.3917956185838691,1.2699339025095888,-0.904680024163099,107.99999758601189
21:06:08.819261,264,0.1839087106680895,1.2455811872979394,0.7556164368718661,-0.904680024163099,24.879999443888664
21:06:08.819261,264,0.17555757263556598,1.3053700119086868,1.2463454773872296,-0.904680024163099,81.51999817788601
21:06:08.819261,264,0.18287488167622468,1.3597783501315697,1.2149328588994155,-0.904680024163099,124.6399972140789
21:06:08.819261,264,0.2143740799623771,1.241733942805232,0.756647302926772,-0.904680024163099,25.879999421536922
21:06:08.819261,264,0.19010805936027306,1.3036039678424478,1.246818687468576,-0.904680024163099,94.35999789088964
21:06:08.819261,264,0.198031838440693,1.3579386966503781,1.2154257925640537,-0.904680024163099,143.7599967867136
21:06:08.819261,264,0.21237165896531793,1.2555794237591993,0.8632203969539021,-0.904680024163099,63.23999858647585
21:06:08.819261,264,0.229575369896912,1.2395898137894568,0.7572218205650172,-0.904680024163099,26.6399994045496
21:06:08.819261,264,0.20463953543831678,1.301697467514125,1.2473295326919198,-0.904680024163099,109.35999755561352
21:06:08.819261,264,0.2131689921872285,1.3559527326345655,1.2159579300182881,-0.904680024163099,165.35999630391598
21:06:08.819261,264,0.22169844893614024,1.4102079977550062,1.1845863273446564,-0.904680024163099,120.63999730348587
21:06:08.819261,264,0.24246751213648127,1.2511858683828327,0.864397646568901,-0.904680024163099,70.87999841570854
21:06:08.819261,264,0.2447537024867957,1.2372989612443162,0.7578356526544665,-0.8349600223009475,27.119999393820763
21:06:08.819261,264,0.21915054773426385,1.299650701572155,1.2478779619731661,-0.904680024163099,126.75999716669321
21:06:08.819261,264,0.22828482921313842,1.353820656678869,1.2165292180488188,-0.904680024163099,189.23999577015638
21:06:08.819261,264,0.23741911069201302,1.4079906117855836,1.1851804741244711,-0.904680024163099,139.23999688774347
21:06:08.819261,264,0.2574798207214095,1.2487712881123085,0.865044631402448,-0.904680024163099,79.35999822616577
21:06:08.819261,264,0.25990755991148556,1.2348616142531461,0.7584887378124248,-0.8349600223009475,27.239999391138554
21:06:08.819261,264,0.233639645159042,1.297463874691417,1.2484639204698467,-0.904680024163099,146.5199967250228
21:06:08.819261,264,0.2433778379473843,1.3515426819890985,1.2171395995273213,-0.904680024163099,215.2399951890111
21:06:08.819261,264,0.2531160307357265,1.4056214892867804,1.185815278584796,-0.904680024163099,160.99999640136957
21:06:08.819261,264,0.2724663815399824,1.2462118232240675,0.8657304379523081,-0.904680024163099,88.63999801874161
21:06:08.819261,264,0.2750354267979351,1.2322780165486034,0.759181010730924,-0.8349600223009475,27.119999393820763
21:06:08.819261,264,0.3753020005351148,1.034538766995448,-0.0644947851495572,-0.41748001115047373,4.999999888241291
21:06:08.819261,264,0.2481053788150477,1.2951372055527666,1.2490873495866024,-0.904680024163099,168.51999623328447
21:06:08.819261,264,0.2584465091017375,1.349119036360814,1.2177890134161593,-0.904680024163099,242.11999458819628
21:06:08.819261,264,0.2687876393884273,1.403100867168862,1.1864906772457162,-0.904680024163099,185.63999585062265
21:06:08.819261,264,0.2874256959486739,1.243507729662454,0.8664549976384006,-0.904680024163099,98.23999780416489
21:06:08.819261,264,0.29013579037212966,1.2295484264882943,0.7599124021832517,-0.8349600223009475,26.519999407231808
21:06:08.819261,264,0.26254630214103486,1.2926709268211685,1.2497481869810443,-0.904680024163099,191.99999570846558
21:06:08.819261,264,0.2734893358217073,1.3465499621565482,1.218477394774488,-0.904680024163099,268.5199939981103
21:06:08.819261,264,0.2966167249424047,1.3640132638857407,1.131540103876777,-0.904680024163099,212.8799952417612
21:06:08.819261,264,0.30235626802857596,1.2406592778345586,0.8672182380053641,-0.6958000185841229,107.8799975886941
21:06:08.819261,264,0.32024797039023817,1.223652375699071,0.761492244230757,-0.8349600223009475,25.51999942958355
21:06:08.819261,264,0.29134794410743636,1.2873205410185375,1.2511818185360541,-0.904680024163099,215.3599951863289
21:06:08.819261,264,0.30349144161306757,1.3409765701581895,1.2199707806595503,-0.7655200204462744,291.8799934759736
21:06:08.819261,264,0.31202473283550525,1.3610737269401736,1.1323277504274631,-0.904680024163099,240.87999461591244
21:06:08.819261,264,0.3172566047349895,1.237666752583178,0.8680200827298012,-0.6958000185841229,116.51999739557505
21:06:08.819261,264,0.33525677564137835,1.220486504570296,0.7623405368430534,-0.8349600223009475,24.23999945819378
21:06:08.819261,264,0.4790754870105537,1.9784075893257567,3.6050391861530415,-0.6263600167294499,6.359999857842922
21:06:08.819261,264,0.281951296395708,1.2613764290241778,1.3334595029840208,-0.7655200204462744,65.87999852746725
21:06:08.819261,264,0.3057057826077841,1.284436968981602,1.251954469334668,-0.904680024163099,236.63999471068382
21:06:08.819261,264,0.3184477204990146,1.3379728096986274,1.2207756358489465,-0.7655200204462744,309.6399930790067
21:06:08.819261,264,0.3274015385167367,1.357985509526479,1.1331552357895143,-0.7655200204462744,266.99999403208494
21:06:08.819261,264,0.338606082906602,1.2784363973582755,0.9207430448085829,-0.6958000185841229,122.5199972614646
21:06:08.819261,264,0.29584606126530477,1.2585858588811307,1.3342072340002726,-0.7655200204462744,75.99999830126762
21:06:08.819261,264,0.3200330507859917,1.2814148573664115,1.2527642417013949,-0.904680024163099,252.87999434769154
21:06:08.819261,264,0.3333721548797076,1.3348247352764113,1.2216191598480923,-0.7655200204462744,319.11999286711216
21:06:08.819261,264,0.3427456043184138,1.354748920463811,1.1340224772150878,-0.7655200204462744,286.9999935850501
21:06:08.819261,264,0.35373096991968683,1.2750926383692016,0.9216390023293897,-0.6958000185841229,124.35999722033739
21:06:08.819261,264,0.5588555059468282,2.0214454010304777,3.628840057832365,-0.6263600167294499,5.759999871253967
21:06:08.819261,264,0.3235454514232642,1.2526027969912397,1.3358103906019343,-0.7655200204462744,86.119998075068
21:06:08.819261,264,0.33432831592724455,1.2782545083815953,1.253611054659677,-0.7655200204462744,261.35999415814877
21:06:08.819261,264,0.34826325232421207,1.331532661696347,1.2225012683052945,-0.7655200204462744,318.639992877841
21:06:08.819261,264,0.3580553958468116,1.3513642834083643,1.1349293879807671,-0.7655200204462744,296.3599933758378
21:06:08.819261,264,0.37528961578086434,1.3133438136122142,0.9762153506062001,-0.6958000185841229,121.23999729007483
21:06:08.819261,264,0.3373473067958176,1.249410903545572,1.3366656558730272,-0.7655200204462744,95.23999787122011
21:06:08.819261,264,0.3485901485170053,1.2749562380594042,1.2544948235289275,-0.7655200204462744,260.51999417692423
21:06:08.819261,264,0.3631195237352594,1.3280969181630335,1.2234218730104462,-0.7655200204462744,307.99999311566353
21:06:08.819261,264,0.3733293821356039,1.347831936821009,1.1358758773962356,-0.6958000185841229,292.1199934706092
21:06:08.819261,264,0.39060627225830535,1.3096447897771162,0.9772065010555981,-0.6958000185841229,113.11999747157097
21:06:08.819261,264,0.35111542772032117,1.2460858562325858,1.3375565996153371,-0.7655200204462744,101.35999773442745
21:06:08.819261,264,0.36281712238396346,1.2715203762241072,1.2554154599330003,-0.7655200204462744,250.35999440401793
21:06:08.819261,264,0.37793948349815504,1.3245178482479456,1.2243808819038486,-0.5566400148672983,288.75999354571104
21:06:08.819261,264,0.38856603579895826,1.3441522339334442,1.1368618508133452,-0.6958000185841229,274.7599938586354
21:06:08.819261,264,0.4075319521181191,1.3158768243976438,0.9919150989044743,-0.6958000185841229,101.51999773085117
21:06:08.819261,264,0.3656460534574371,1.2492013391039627,1.3514306194622023,-0.7655200204462744,103.23999769240618
21:06:08.819261,264,0.38071686694087,1.2966738670197961,1.3097116410010117,-0.7655200204462744,232.87999479472637
21:06:08.819261,264,0.3927216496293388,1.3207958098550767,1.2253781990854153,-0.5566400148672983,263.3599941134453
21:06:08.819261,264,0.40376383318427367,1.3403255427128757,1.1378872096355797,-0.6958000185841229,247.99999445676804
21:06:08.819261,264,0.42283082982878856,1.3118664467860555,0.9929896763468431,-0.6958000185841229,88.51999802142382
21:06:08.819261,264,0.44468295297285637,1.302738234703594,0.8869341783298179,-0.6958000185841229,30.51999931782484
21:06:08.819261,264,0.3541003064845183,1.235502448212553,1.4679963748129206,-0.6263600167294499,17.759999603033066
21:06:08.819261,264,0.37937252135316885,1.245603145787022,1.3523947524556876,-0.6958000185841229,100.11999776214361
21:06:08.819261,264,0.39500909791673566,1.2929273671647585,1.3107155126116123,-0.6958000185841229,210.8799952864647
21:06:08.819261,264,0.4074645439245822,1.316931175185148,1.2264137248242641,-0.5566400148672983,235.11999474465847
21:06:08.819261,264,0.4189212545245443,1.3363522458252197,1.1389518513279162,-0.6958000185841229,216.75999515503645
21:06:08.819261,264,0.43808742481072316,1.307708496346949,0.9941037958091705,-0.6958000185841229,75.87999830394983
21:06:08.819261,264,0.4601247723175677,1.298368312636773,0.8881050954186096,-0.6958000185841229,33.11999925971031
21:06:08.819261,264,0.493004751810957,1.3911481977086846,0.8086503825647495,-0.904680024163099,15.119999662041664
21:06:08.819261,264,0.3953971508208258,1.2607969628634537,1.3926324218758632,-0.6958000185841229,92.99999792128801
21:06:08.819261,264,0.4092618283137486,1.2890430045869423,1.311756324427448,-0.6958000185841229,186.99999582022429
21:06:08.819261,264,0.4221666921068073,1.312924330698388,1.2274873555686887,-0.5566400148672983,206.23999539017677
21:06:08.819261,264,0.4491089103413532,1.3279674389747969,1.141198553552178,-0.6958000185841229,185.35999585688114
21:06:08.819261,264,0.4601778430297508,1.3422036652329794,1.051013724746005,-0.6958000185841229,64.63999855518341
21:06:08.819261,264,0.47552057957054034,1.2938494550323885,0.8893159196644156,-0.4872000130126253,34.99999921768904
21:06:08.819261,264,0.4925106525307644,1.3400779414217676,0.8496318252815738,-0.8349600223009475,33.11999925971031
21:06:08.819261,264,0.5095007254909885,1.3863064278111468,0.809947730898732,-0.3480400092958007,19.239999569952488
21:06:08.819261,264,0.5183804304433813,1.4850703144044313,0.8306205681899117,-0.3480400092958007,5.999999865889549
21:06:08.819261,264,0.40912749809762256,1.256911374888968,1.3936735620357465,-0.6958000185841229,83.51999813318253
21:06:08.819261,264,0.42347363287081,1.2850211677193506,1.3128339723682088,-0.6958000185841229,163.35999634861946
21:06:08.819261,264,0.4368266239735133,1.308775677075889,1.2285989839565137,-0.5566400148672983,178.87999600172043
21:06:08.819261,264,0.45802343315606797,1.2883145675932086,1.0872040938122023,-0.6958000185841229,156.51999650150537
21:06:08.819261,264,0.47557542603248665,1.337684286424335,1.0522246886480715,-0.6958000185841229,55.359998762607574
21:06:08.819261,264,0.49086883516394725,1.2891821137724153,0.8905665299858259,-0.4872000130126253,36.11999919265509
21:06:08.819261,264,0.508407292344639,1.3352438387808068,0.8509271191803485,-0.8349600223009475,38.519999139010906
21:06:08.819261,264,0.5259457495253309,1.3813055637891982,0.8112877083748711,-0.3480400092958007,24.23999945819378
21:06:08.819261,264,0.5530169496892634,1.4747210656616192,0.8333936410328171,-0.3480400092958007,7.999999821186066
21:06:08.819261,264,0.4228169329673769,1.252893358435237,1.394750186299699,-0.6958000185841229,72.99999836832285
21:06:08.819261,264,0.437643090419371,1.2808622587423004,1.3139483486700039,-0.6958000185841229,141.5199968367815
21:06:08.819261,264,0.4514428735437957,1.304485629179537,1.229748498825832,-0.5566400148672983,153.87999656051397
21:06:08.819261,264,0.4728069378493832,1.2838189647540323,1.0884086869624507,-0.6958000185841229,131.3599970638752
21:06:08.819261,264,0.49092545189105674,1.3330164068340227,1.0534754432146616,-0.6958000185841229,47.63999893516302
21:06:08.819261,264,0.5061680042850883,1.2843667555870686,0.891856801322856,-0.4872000130126253,36.23999918997288
21:06:08.819261,264,0.5242530918552234,1.3302564306560598,0.8522634911596989,-0.8349600223009475,43.359999030828476
21:06:08.819261,264,0.5423381794253587,1.3761461057250512,0.8126701809965415,-0.3480400092958007,29.639999337494373
21:06:08.819261,264,0.5604232669954938,1.422035780794043,0.773076870833384,-0.3480400092958007,10.639999762177467
21:06:08.819261,264,0.4364640864980708,1.2487433153005396,1.3958621870061954,-0.5566400148672983,62.99999859184027
21:06:08.819261,264,0.45176878402554765,1.2765666935432058,1.3150993418961365,-0.6958000185841229,121.87999727576971
21:06:08.819261,264,0.4660139792049428,1.3000546160105282,1.2309357852261196,-0.6958000185841229,131.8799970522523
21:06:08.819261,264,0.48754316224503175,1.2791807913863928,1.089651481770665,-0.6958000185841229,110.23999753594398
21:06:08.819261,264,0.5062263856157355,1.3282004932460905,1.054765863371366,-0.6958000185841229,41.51999907195568
21:06:08.819261,264,0.5305622322197654,1.3220017506740829,0.949000262059855,-0.4872000130126253,35.51999920606613
21:06:08.819261,264,0.5400464664958419,1.3251162157841616,0.8536408075835464,-0.8349600223009475,46.759998954832554
21:06:08.819261,264,0.5586763759618152,1.37082856956019,0.8140950105176392,-0.3480400092958007,34.759999223053455
21:06:08.819261,264,0.5773062854277884,1.4165409233362185,0.7745492134517322,-0.3480400092958007,13.639999695122242
21:06:08.819261,264,0.46584930113181416,1.2721349016749872,1.3162868369482486,-0.6958000185841229,104.75999765843153
21:06:08.819261,264,0.4950149350664597,1.2907714802970562,1.233423193943773,-0.6958000185841229,112.87999747693539
21:06:08.819261,264,0.5022306327329197,1.274400511303741,1.0909323539584064,-0.6958000185841229,92.63999792933464
21:06:08.819261,264,0.5214766971259694,1.3232370272478622,1.0560958200772506,-0.4872000130126253,36.51999918371439
21:06:08.819261,264,0.5460251896426168,1.3168021894853803,0.9503934802813643,-0.4872000130126253,33.87999924272299
21:06:08.819261,264,0.571469629270626,1.3143794370967783,0.8565177187621424,-0.3480400092958007,47.8799989297986
21:06:08.819261,264,0.591183539306823,1.3597214056794733,0.8170711661096774,-0.3480400092958007,38.239999145269394
21:06:08.819261,264,0.6108974493430199,1.405063374262168,0.7776246134572125,-0.3480400092958007,16.639999628067017
21:06:08.819261,264,0.4798832336982563,1.267567326313119,1.3175107150778294,-0.6958000185841229,90.11999798566103
21:06:08.819261,264,0.5094418851955403,1.2859202860583876,1.2347230675223506,-0.6958000185841229,96.51999784260988
21:06:08.819261,264,0.5314534420686621,1.2644155572521634,1.0936078143329884,-0.6958000185841229,78.23999825119972
21:06:08.819261,264,0.5435720900656021,1.274507579209448,1.0029999547441364,-0.4872000130126253,32.51999927312136
21:06:08.819261,264,0.5614335450039644,1.3114535300659744,0.9518266492533831,-0.4872000130126253,31.75999929010868
21:06:08.819261,264,0.5870962751148405,1.3087839469501668,0.8580170258281834,-0.3480400092958007,46.759998954832554
21:06:08.819261,264,0.6073492554262742,1.3539328886707,0.818622194567552,-0.3480400092958007,39.35999912023544
21:06:08.819261,264,0.6276022357377079,1.3990818303912333,0.7792273633069209,-0.3480400092958007,18.759999580681324
21:06:08.819261,264,0.4938691783433753,1.2628644242113103,1.3187708538980916,-0.6958000185841229,77.63999826461077
21:06:08.819261,264,0.523817891562912,1.2809299830658196,1.236060215179196,-0.6958000185841229,82.75999815016985
21:06:08.819261,264,0.5459858586600658,1.2592118817702773,1.0950021349760335,-0.6958000185841229,66.51999851316214
21:06:08.819261,264,0.5767857574811809,1.305956307277326,0.9532996256602155,-0.4872000130126253,29.35999934375286
21:06:08.819261,264,0.5973939761851406,1.3526173644360837,0.915901631774046,-0.27832000743364915,43.63999902456999
21:06:08.819261,264,0.6234542371290206,1.3479885148643076,0.8202149847284836,-0.3480400092958007,37.99999915063381
21:06:08.819261,264,0.6442442624346278,1.3929392324418308,0.7808732674668923,-0.3480400092958007,19.35999956727028
21:06:08.819261,264,0.5078057364844238,1.2580266656558314,1.320067127396209,-0.6958000185841229,66.9999985024333
21:06:08.819261,264,0.5381415165799827,1.2758010703454705,1.237434503200663,-0.6958000185841229,71.11999841034412
21:06:08.819261,264,0.5920802918658808,1.3003110708371084,0.9548122622054545,-0.4872000130126253,26.75999940186739
21:06:08.819261,264,0.6132349753628542,1.3467704269904466,0.9174683139407998,-0.27832000743364915,39.35999912023544
21:06:08.819261,264,0.6394968739303845,1.3418888786926964,0.8218493773147906,-0.27832000743364915,34.99999921768904
21:06:08.819261,264,0.6608218652450527,1.386636194668609,0.78256216134809,-0.3480400092958007,18.519999586045742
21:06:08.865640,265,0.16981361914277293,2.966741658013721,-2.039221543440283,-1.3916000371682458,5.519999876618385
21:06:08.865640,265,0.17021133202441444,2.9334291457563597,-2.194252808893658,-0.8349600223009475,5.359999880194664
21:06:08.865640,265,0.2001633720146944,2.9129030335215202,-2.002958385800229,-0.06972000186215155,4.999999888241291
21:06:08.865640,265,0.16098953030067767,1.3069954231099163,-0.7540900502315084,-0.904680024163099,60.75999864190817
21:06:08.865640,265,0.17354955966475613,1.2741869280312548,-0.8056889545781942,-0.904680024163099,73.11999836564064
21:06:08.865640,265,0.18287488167622468,1.3597783501315697,-0.7850671411005845,-0.904680024163099,59.99999865889549
21:06:08.865640,265,0.18793361912781803,1.4374902762633834,-0.44845192518775423,-0.904680024163099,88.87999801337719
21:06:08.865640,265,0.19576676667960355,1.4974054393432243,-0.4671435787417084,-0.904680024163099,73.75999835133553
21:06:08.865640,265,0.20229888538641813,1.4355390975245748,-0.44845192518775423,-0.904680024163099,108.75999756902456
21:06:08.865640,265,0.21073078291570374,1.4953729347031115,-0.4671435787417084,-0.904680024163099,92.11999794095755
21:06:08.865640,265,0.2316124748915871,1.532485168729306,-0.5482527937415862,-0.904680024163099,39.759999111294746
21:06:08.865640,265,0.22896017971180957,1.418769054468085,-0.9211519326315721,-0.974120026017772,23.639999471604824
21:06:08.865640,265,0.3306006629661379,1.6309043098277662,-1.8195543338667524,-0.41748001115047373,5.879999868571758
21:06:08.865640,265,0.23096729425482518,1.4312062913971777,-0.44845192518775423,-0.904680024163099,133.75999701023102
21:06:08.865640,265,0.24059410240086648,1.4908595355031884,-0.4671435787417084,-0.904680024163099,116.87999738752842
21:06:08.865640,265,0.24692549029672042,1.530092459017565,-0.5482527937415862,-0.904680024163099,49.239998899400234
21:06:08.865640,265,0.2572878780053052,1.4139064119104403,-0.9211519326315721,-0.974120026017772,26.75999940186739
21:06:08.865640,265,0.34455662246427293,1.5408171082812434,-1.7263904954197575,-0.06972000186215155,8.239999815821648
21:06:08.865640,265,0.3538351295022081,1.582309511710061,-1.77288017321905,-0.06972000186215155,9.519999787211418
21:06:08.865640,265,0.23504472075252744,1.369271102291626,-0.42976027163380004,-0.904680024163099,70.35999842733145
21:06:08.865640,265,0.2452675700477637,1.4288250972855714,-0.44845192518775423,-0.904680024163099,164.35999632626772
21:06:08.865640,265,0.255490419343,1.488379092279517,-0.4671435787417084,-0.904680024163099,150.3599966391921
21:06:08.865640,265,0.2572503119645208,1.498631482131412,-0.6250297708948858,-0.904680024163099,62.1199986115098
21:06:08.865640,265,0.27141384187238,1.4112628813406816,-0.9211519326315721,-0.974120026017772,30.35999932140112
21:06:08.865640,265,0.410859951195757,1.4288081384872195,-2.123549411890167,-0.27832000743364915,6.11999986320734
21:06:08.865640,265,0.24872545112111646,1.3668522313290323,-0.42976027163380004,-0.904680024163099,80.87999819219112
21:06:08.865640,265,0.2595433192891829,1.4263010218613077,-0.44845192518775423,-0.8349600223009475,200.11999552696943
21:06:08.865640,265,0.27036118745724935,1.485749812393583,-0.4671435787417084,-0.8349600223009475,195.23999563604593
21:06:08.865640,265,0.2722235142723806,1.4959840909977722,-0.6250297708948858,-0.904680024163099,80.11999820917845
21:06:08.865640,265,0.28551266458265834,1.4084782256651462,-0.9211519326315721,-0.974120026017772,34.11999923735857
21:06:08.865640,265,0.2623813091529757,1.364296676288456,-0.42976027163380004,-0.904680024163099,92.23999793827534
21:06:08.865640,265,0.2737931144161187,1.423634317529814,-0.44845192518775423,-0.8349600223009475,237.75999468564987
21:06:08.865640,265,0.2852049196792617,1.482971958771172,-0.4671435787417084,-0.8349600223009475,252.11999436467886
21:06:08.865640,265,0.2871694944568823,1.4931871027083692,-0.6250297708948858,-0.904680024163099,104.63999766111374
21:06:08.865640,265,0.30148815755163877,1.414491446628296,-0.9067348648156841,-0.974120026017772,37.51999916136265
21:06:08.865640,265,0.276010929273743,1.3616046927232597,-0.42976027163380004,-0.8349600223009475,103.75999768078327
21:06:08.865640,265,0.28422235342645147,1.402112920747738,-0.5060666754883558,-0.8349600223009475,270.7599939480424
21:06:08.865640,265,0.29606885349513223,1.4605535416619355,-0.527159734614971,-0.904680024163099,314.5199929699302
21:06:08.865640,265,0.30208675793252915,1.4902407969596891,-0.6250297708948858,-0.904680024163099,135.87999696284533
21:06:08.865640,265,0.32327824658654586,1.4456626882200228,-0.8481744183675868,-0.974120026017772,39.639999113976955
21:06:08.865640,265,0.28961294853282504,1.3587765498295448,-0.42976027163380004,-0.8349600223009475,114.35999744385481
21:06:08.865640,265,0.29822903763761893,1.3992006395884629,-0.5060666754883558,-0.8349600223009475,290.1199935153127
21:06:08.865640,265,0.3106593418422841,1.457519875472463,-0.527159734614971,-0.8349600223009475,363.6399918720126
21:06:08.865640,265,0.3318291709226757,1.4839014264990804,-0.6250297708948858,-0.904680024163099,168.51999623328447
21:06:08.865640,265,0.3377184684261469,1.4423576771770281,-0.8481744183675868,-0.974120026017772,39.11999912559986
21:06:08.865640,265,0.30318600673969176,1.3558125304192306,-0.42976027163380004,-0.8349600223009475,122.87999725341797
21:06:08.865640,265,0.31220589919487934,1.3961484395374801,-0.5060666754883558,-0.8349600223009475,289.5199935287237
21:06:08.865640,265,0.32521876451552256,1.4543404585165545,-0.527159734614971,-0.8349600223009475,374.51999162882566
21:06:08.865640,265,0.3466513462207947,1.4805089957188866,-0.6250297708948858,-0.904680024163099,187.23999581485987
21:06:08.865640,265,0.3521249187018461,1.4389084315747243,-0.8481744183675868,-0.7655200204462744,35.63999920338392
21:06:08.865640,265,0.3651723124381623,1.4922247516081755,-0.8796020879409611,-0.7655200204462744,6.239999860525131
21:06:08.865640,265,0.31672874659989403,1.3527129308917758,-0.42976027163380004,-0.8349600223009475,127.87999714165926
21:06:08.865640,265,0.3261515404237865,1.392956625812238,-0.5060666754883558,-0.8349600223009475,269.9999939650297
21:06:08.865640,265,0.3397456655847779,1.4510156087332424,-0.527159734614971,-0.8349600223009475,340.87999238073826
21:06:08.865640,265,0.3614388566747164,1.476968515279493,-0.6250297708948858,-0.6958000185841229,177.99999602138996
21:06:08.865640,265,0.3745944288252954,1.46703070050603,-0.7882570738449772,-0.7655200204462744,29.879999332129955
21:06:08.865640,265,0.330239813850792,1.3494780612045356,-0.42976027163380004,-0.8349600223009475,128.35999713093042
21:06:08.865640,265,0.34006456677190144,1.3896255175914347,-0.5060666754883558,-0.8349600223009475,238.87999466061592
21:06:08.865640,265,0.3542385923721141,1.4475456586047186,-0.527159734614971,-0.8349600223009475,282.9999936744571
21:06:08.865640,265,0.37619022354578435,1.4732803392259766,-0.6250297708948858,-0.6958000185841229,146.87999671697617
21:06:08.865640,265,0.3912527210811475,1.4707558180977616,-0.7730769098731319,-0.7655200204462744,23.639999471604824
21:06:08.865640,265,0.3677872130624289,1.3825467639912927,-0.5060666754883558,-0.8349600223009475,204.35999543219805
21:06:08.865640,265,0.3831167295212089,1.4401718597556745,-0.527159734614971,-0.8349600223009475,223.99999499320984
21:06:08.865640,265,0.3909039717096703,1.4694448363728532,-0.6250297708948858,-0.6958000185841229,111.75999750196934
21:06:08.865640,265,0.40594047133649985,1.4667698190080536,-0.7730769098731319,-0.7655200204462744,18.11999959498644
21:06:08.865640,265,0.38159406076343855,1.3787998264813834,-0.5060666754883558,-0.8349600223009475,171.9999961555004
21:06:08.865640,265,0.39749905209344677,1.4362687484088612,-0.527159734614971,-0.5566400148672983,174.7599960938096
21:06:08.865640,265,0.40557862980388487,1.4654623902671944,-0.6250297708948858,-0.6958000185841229,83.11999814212322
21:06:08.865640,265,0.42879469042489243,1.4911780562600652,-0.7115984786329178,-0.7655200204462744,13.879999689757824
21:06:08.865640,265,0.3650290695869717,1.3189461513112732,-0.2490301429576065,-0.5566400148672983,40.3599990978837
21:06:08.865640,265,0.3866867419349124,1.3972010246067028,-0.44845192518775423,-0.5566400148672983,143.8799967840314
21:06:08.865640,265,0.405686407012039,1.4108166014366845,-0.5863325474052906,-0.6958000185841229,136.99999693781137
21:06:08.865640,265,0.4202127303749132,1.4613333991502748,-0.6250297708948858,-0.6958000185841229,62.23999860882759
21:06:08.865640,265,0.4436847825708731,1.486815622638921,-0.7115984786329178,-0.7655200204462744,10.87999975681305
21:06:08.865640,265,0.3506876432116508,1.2671268012977348,-0.18527837515493276,-0.5566400148672983,5.519999876618385
21:06:08.865640,265,0.40063918482790967,1.3932643622553065,-0.44845192518775423,-0.5566400148672983,120.51999730616808
21:06:08.865640,265,0.4197740534257466,1.4066892648322205,-0.5863325474052906,-0.6958000185841229,108.75999756902456
21:06:08.865640,265,0.4348048100249586,1.4570582759177464,-0.6250297708948858,-0.6958000185841229,47.63999893516302
21:06:08.865640,265,0.45853050661031625,1.4823045087011681,-0.7115984786329178,-0.7655200204462744,8.759999804198742
21:06:08.865640,265,0.4478220105370266,1.3980130151762786,-0.5863325474052906,-0.6958000185841229,87.63999804109335
21:06:08.865640,265,0.46385707412711685,1.4480713577111681,-0.6250297708948858,-0.6958000185841229,37.239999167621136
21:06:08.865640,265,0.47333037798325545,1.4776451655544214,-0.7115984786329178,-0.7655200204462744,7.35999983549118
21:06:08.865640,265,0.47831435337715966,1.44336046142141,-0.6250297708948858,-0.6958000185841229,29.879999332129955
21:06:08.865640,265,0.4880829167149531,1.4728380591290915,-0.7115984786329178,-0.7655200204462744,6.5199998542666435
21:06:08.865640,265,0.5297100625616259,1.546486475935875,-0.830367026509893,-0.3480400092958007,8.999999798834324
21:06:08.865640,265,0.6115214216598656,1.5766422210601563,-0.8590120848282736,-0.20888000557897612,8.119999818503857
21:06:08.865640,265,0.6319135291700734,1.629217742600715,-0.8876571431466541,-0.20888000557897612,5.759999871253967
21:06:08.922425,266,0.02727076134211007,0.16210147999350016,0.19232374226877816,1.0438400278799236,5.239999882876873
21:06:08.922425,266,0.3291314808406219,1.0447459897089215,-2.067229802232597,-0.27832000743364915,8.51999980956316
21:06:08.922425,266,0.3299986457676748,0.9422386037357645,-2.1852446329262,-0.27832000743364915,10.639999762177467
21:06:08.922425,266,0.2236109954356453,1.1890864827145906,-0.9159027940237896,-0.904680024163099,77.75999826192856
21:06:08.922425,266,0.3352412959539651,1.013334834601119,-2.010492561828933,-0.27832000743364915,5.239999882876873
21:06:08.922425,266,0.2374558080329442,1.1868596825420905,-0.9153061247158627,-0.904680024163099,92.99999792128801
21:06:08.922425,266,0.24559370196912067,1.1003663181241097,-1.1079930051049807,-0.7655200204462744,63.51999858021736
21:06:08.922425,266,0.2630591844140761,1.0951950789082985,-1.1975324051467648,-0.6958000185841229,43.87999901920557
21:06:08.922425,266,0.38396421101895,0.9565734883216389,-2.239969260092307,-0.27832000743364915,9.63999978452921
21:06:08.922425,266,0.24872545112111646,1.2090477278342924,-0.7688839347929227,-0.904680024163099,68.63999846577644
21:06:08.922425,266,0.25127687524838055,1.184499265320009,-0.9146736528274055,-0.7655200204462744,111.99999749660492
21:06:08.922425,266,0.25907761651221234,1.097928922565384,-1.107339906933385,-0.7655200204462744,76.11999829858541
21:06:08.922425,266,0.26944399908023225,1.4010203454572618,-0.816870968832052,-0.6958000185841229,48.239998921751976
21:06:08.922425,266,0.2623813091529757,1.364296676288456,-0.42976027163380004,-0.904680024163099,81.35999818146229
21:06:08.922425,266,0.2661491380806504,1.3838881498558553,-0.5628718270994961,-0.7655200204462744,135.75999696552753
21:06:08.922425,266,0.2859663771751837,1.3416679375484142,-0.7854432992586777,-0.7655200204462744,92.11999794095755
21:06:08.922425,266,0.2974086503722929,1.3953516301310094,-0.816870968832052,-0.6958000185841229,52.11999883502722
21:06:08.922425,266,0.4551739179934586,1.5253164383259805,-1.9652145111725938,-0.3480400092958007,6.7599998489022255
21:06:08.922425,266,0.276010929273743,1.3616046927232597,-0.42976027163380004,-0.904680024163099,97.23999782651663
21:06:08.922425,266,0.2799744812776156,1.3811575090647212,-0.5628718270994961,-0.7655200204462744,165.1199963092804
21:06:08.922425,266,0.2922852252043649,1.3713140654839369,-0.72995745136523,-0.7655200204462744,112.11999749392271
21:06:08.922425,266,0.311347063496357,1.3923078262646267,-0.816870968832052,-0.6958000185841229,54.87999877333641
21:06:08.922425,266,0.28961294853282504,1.3587765498295448,-0.42976027163380004,-0.904680024163099,116.75999739021063
21:06:08.922425,266,0.3075397963078122,1.3752821705742735,-0.5628718270994961,-0.7655200204462744,200.9999955072999
21:06:08.922425,266,0.3075611805892586,1.37537779859171,-0.7159000148107518,-0.7655200204462744,136.2399969547987
21:06:08.922425,266,0.3252543421749182,1.3891247927820938,-0.816870968832052,-0.6958000185841229,55.75999875366688
21:06:08.922425,266,0.3377184684261469,1.4423576771770281,-0.8481744183675868,-0.7655200204462744,12.879999712109566
21:06:08.922425,266,0.29335484259855976,1.3118487087557884,-0.35759905685499416,-0.904680024163099,54.51999878138304
21:06:08.922425,266,0.30318600673969176,1.3558125304192306,-0.42976027163380004,-0.904680024163099,140.35999686270952
21:06:08.922425,266,0.31220589919487934,1.3961484395374801,-0.5060666754883558,-0.7655200204462744,242.63999457657337
21:06:08.922425,266,0.3350053919629979,1.3689519188124013,-0.7159000148107518,-0.7655200204462744,163.51999634504318
21:06:08.922425,266,0.33912909569176036,1.385802847984093,-0.816870968832052,-0.6958000185841229,53.87999879568815
21:06:08.922425,266,0.3064584431333095,1.3088496174016948,-0.35759905685499416,-0.904680024163099,66.51999851316214
21:06:08.922425,266,0.31672874659989403,1.3527129308917758,-0.42976027163380004,-0.904680024163099,168.11999624222517
21:06:08.922425,266,0.3261515404237865,1.392956625812238,-0.5060666754883558,-0.7655200204462744,287.1199935823679
21:06:08.922425,266,0.34867793255837604,1.3655334737791138,-0.7159000148107518,-0.7655200204462744,190.11999575048685
21:06:08.922425,266,0.3607693268827098,1.412887212438145,-0.7591649850035984,-0.7655200204462744,48.99999890476465
21:06:08.922425,266,0.31953139808049713,1.3057196421824167,-0.35759905685499416,-0.904680024163099,81.87999816983938
21:06:08.922425,266,0.330239813850792,1.3494780612045356,-0.42976027163380004,-0.904680024163099,198.8799955546856
21:06:08.922425,266,0.34006456677190144,1.3896255175914347,-0.5060666754883558,-0.7655200204462744,327.7599926739931
21:06:08.922425,266,0.35548179793416623,1.3921795705181805,-0.6589685384293994,-0.7655200204462744,209.35999532043934
21:06:08.922425,266,0.3768128139762194,1.4164748476583011,-0.7445450731291323,-0.7655200204462744,42.119999058544636
21:06:08.922425,266,0.31106008355058956,1.2711028194124079,-0.2246318696706929,-0.6263600167294499,28.999999351799488
21:06:08.922425,266,0.3358442908433672,1.315272858707357,-0.30355741344847537,-0.904680024163099,100.87999774515629
21:06:08.922425,266,0.34371785739697996,1.3461082448417687,-0.42976027163380004,-0.6958000185841229,229.63999486714602
21:06:08.922425,266,0.3677872130624289,1.3825467639912927,-0.5060666754883558,-0.7655200204462744,354.8799920678139
21:06:08.922425,266,0.3758646309489424,1.4129105383797977,-0.6009828530061379,-0.7655200204462744,214.35999520868063
21:06:08.922425,266,0.39095848557539875,1.4126359592555595,-0.7445450731291323,-0.7655200204462744,34.35999923199415
21:06:08.922425,266,0.3237553467373292,1.2679287158810089,-0.2246318696706929,-0.6263600167294499,33.7599992454052
21:06:08.922425,266,0.3489800078515652,1.3118487087557882,-0.30355741344847537,-0.6263600167294499,122.75999725610018
21:06:08.922425,266,0.3612939800559645,1.3581380897304915,-0.37385940217927766,-0.6958000185841229,254.75999430567026
21:06:08.922425,266,0.37269563069168815,1.4009979680262146,-0.44845192518775423,-0.6263600167294499,359.7599919587374
21:06:08.922425,266,0.39749905209344677,1.4362687484088612,-0.527159734614971,-0.6263600167294499,202.63999547064304
21:06:08.922425,266,0.41296922733363983,1.4361433652557394,-0.6853356173828452,-0.6263600167294499,27.239999391138554
21:06:08.922425,266,0.4361717916011102,1.5168326915399137,-0.8017219681915125,-0.6958000185841229,5.239999882876873
21:06:08.922425,266,0.3490474810423315,1.26120046347703,-0.2246318696706929,-0.5566400148672983,38.359999142587185
21:06:08.922425,266,0.3620808271513537,1.308293375032412,-0.30355741344847537,-0.6263600167294499,144.87999676167965
21:06:08.922425,266,0.374857069746844,1.354457303890484,-0.37385940217927766,-0.6958000185841229,267.9999940097332
21:06:08.922425,266,0.3866867419349124,1.3972010246067028,-0.44845192518775423,-0.6263600167294499,341.11999237537384
21:06:08.922425,266,0.41184162509350036,1.4322220113905142,-0.527159734614971,-0.6263600167294499,178.87999600172043
21:06:08.922425,266,0.42730977302080575,1.4319419353359029,-0.6853356173828452,-0.6263600167294499,21.239999525249004
21:06:08.922425,266,0.3616418229683534,1.257646987424054,-0.2246318696706929,-0.5566400148672983,42.23999905586243
21:06:08.922425,266,0.3759655655971215,1.3074592896015156,-0.2899677280729244,-0.6263600167294499,161.75999638438225
21:06:08.922425,266,0.38838267404480437,1.3506410734548522,-0.37385940217927766,-0.6958000185841229,265.1199940741062
21:06:08.922425,266,0.40527468307580583,1.4093847887005249,-0.3901197475035612,-0.6263600167294499,305.75999316573143
21:06:08.922425,266,0.4318302372397166,1.44709029535698,-0.4671435787417084,-0.6263600167294499,150.7599966302514
21:06:08.922425,266,0.4348048100249586,1.4570582759177464,-0.6250297708948858,-0.6263600167294499,16.759999625384808
21:06:08.922425,266,0.3742000010150623,1.253967747725993,-0.2246318696706929,-0.5566400148672983,44.23999901115894
21:06:08.922425,266,0.39133323008684406,1.3113822763527605,-0.2490301429576065,-0.5566400148672983,166.87999626994133
21:06:08.922425,266,0.4058230844167219,1.3599386899006676,-0.31736043746042075,-0.6263600167294499,247.35999447107315
21:06:08.922425,266,0.41934803218713046,1.405261640856748,-0.3901197475035612,-0.6263600167294499,263.2399941161275
21:06:08.922425,266,0.4462793073583746,1.4426997111438646,-0.4671435787417084,-0.6263600167294499,123.87999723106623
21:06:08.922425,266,0.46385707412711685,1.4480713577111681,-0.6250297708948858,-0.6263600167294499,13.639999695122242
21:06:08.922425,266,0.38672075937517475,1.2501631123037347,-0.2246318696706929,-0.5566400148672983,43.99999901652336
21:06:08.922425,266,0.40442726749707497,1.3074034407967574,-0.2490301429576065,-0.5566400148672983,157.879996471107
21:06:08.922425,266,0.4194019533722374,1.3558125304192308,-0.31736043746042075,-0.6263600167294499,220.1199950799346
21:06:08.922425,266,0.4333794468465665,1.4009979680262146,-0.3901197475035612,-0.6263600167294499,221.63999504595995
21:06:08.922425,266,0.46068374992018984,1.4381648581683302,-0.4671435787417084,-0.6263600167294499,100.99999774247408
21:06:08.922425,266,0.3992028459833446,1.2462334616176338,-0.2246318696706929,-0.5566400148672983,41.51999907195568
21:06:08.922425,266,0.4174808625193856,1.3032938659920181,-0.2490301429576065,-0.5566400148672983,138.63999690115452
21:06:08.922425,266,0.43293888248379087,1.3515507908206528,-0.31736043746042075,-0.6263600167294499,189.6399957612157
21:06:08.922425,266,0.45176878402554765,1.410334072594355,-0.3311634614723662,-0.5566400148672983,184.5199958756566
21:06:08.922425,266,0.47504212449297445,1.4334861899118745,-0.4671435787417084,-0.6263600167294499,82.51999815553427
21:06:08.922425,266,0.4116450126413687,1.2421791886294664,-0.2246318696706929,-0.5566400148672983,37.35999916493893
21:06:08.922425,266,0.4304927098052102,1.2990539628925803,-0.2490301429576065,-0.5566400148672983,115.99999740719795
21:06:08.922425,266,0.450067593985785,1.3581230952814771,-0.2603537637642698,-0.5566400148672983,160.3599964156747
21:06:08.922425,266,0.46584930113181416,1.405745944036653,-0.3311634614723662,-0.5566400148672983,153.35999657213688
21:06:08.922425,266,0.4893529952513003,1.4286641742374033,-0.4671435787417084,-0.6263600167294499,67.99999848008156
21:06:08.922425,266,0.571469629270626,1.5655480359567004,-0.7643326365398094,-0.20888000557897612,7.999999821186066
21:06:08.922425,266,0.4240460151430051,1.238000698763135,-0.2246318696706929,-0.5566400148672983,32.75999926775694
21:06:08.922425,266,0.4442462866231746,1.2969753131082815,-0.23533265352056773,-0.5566400148672983,94.63999788463116
21:06:08.922425,266,0.46362609509116753,1.3535545888672573,-0.2603537637642698,-0.5566400148672983,134.5199969932437
21:06:08.922425,266,0.4798832336982563,1.401017242062283,-0.3311634614723662,-0.5566400148672983,127.87999714165926
21:06:08.922425,266,0.5036149311200815,1.4236992933424448,-0.4671435787417084,-0.6263600167294499,56.519998736679554
21:06:08.922425,266,0.6073492554262742,1.6135618197365287,-0.7906997154932552,-0.27832000743364915,5.999999865889549
21:06:08.922425,266,0.4571936111746678,1.2924680761596672,-0.23533265352056773,-0.5566400148672983,76.63999828696251
21:06:08.922425,266,0.47713823397546734,1.3488507281281596,-0.2603537637642698,-0.5566400148672983,112.7599974796176
21:06:08.922425,266,0.4938691783433753,1.39614843953748,-0.3311634614723662,-0.5566400148672983,107.23999760299921
21:06:08.922425,266,0.4700952167480807,1.2878315934862679,-0.23533265352056773,-0.5566400148672983,62.23999860882759
21:06:08.922425,266,0.4906026594361163,1.3440119834463176,-0.2603537637642698,-0.5566400148672983,94.75999788194895
21:06:08.922425,266,0.48294981319366487,1.2830663287324662,-0.23533265352056773,-0.5566400148672983,50.99999886006117
21:06:08.973374,267,0.13587127726191692,3.3949701972136648,-1.201887511341044,-0.5566400148672983,4.999999888241291
21:06:08.973374,267,0.21468150459738888,1.3302901651841827,-0.9417941307654186,-1.1830000315967482,39.519999116659164
21:06:08.973374,267,0.22797345025268392,1.3280768720152631,-0.9417941307654186,-1.1830000315967482,41.51999907195568
21:06:08.973374,267,0.24124259875395002,1.3257307722718061,-0.9417941307654186,-1.1830000315967482,42.87999904155731
21:06:08.973374,267,0.35944499062219865,1.4688208650507748,-1.8669149320253684,-0.06972000186215155,7.639999829232693
21:06:08.973374,267,0.25448762319745394,1.32325210056182,-0.9417941307654186,-1.1830000315967482,43.239999033510685
21:06:08.973374,267,0.2749752903186235,1.356495725245167,-0.8871551126223225,-0.4872000130126253,42.23999905586243
21:06:08.973374,267,0.4139599299816534,1.495746234852395,-1.916064721598981,-0.06972000186215155,9.239999793469906
21:06:08.973374,267,0.25892573592544843,1.3463288298583653,-0.4849736163617407,-0.6958000185841229,99.11999778449535
21:06:08.973374,267,0.2995829362656811,1.4055527233470686,-0.9211519326315721,-0.6958000185841229,6.9999998435378075
21:06:08.973374,267,0.2723758533577707,1.3436722998335409,-0.4849736163617407,-0.6958000185841229,115.63999741524458
21:06:08.973374,267,0.30204840236999186,1.350725296098344,-0.8871551126223225,-0.4872000130126253,35.879999198019505
21:06:08.973374,267,0.4700024188784749,1.3721702414670451,-2.0717355435124825,-0.4872000130126253,8.51999980956316
21:06:08.973374,267,0.27336842922828863,1.2825621678204624,-0.4638805572351255,-0.8349600223009475,88.11999803036451
21:06:08.973374,267,0.2857987334329538,1.3408814037044627,-0.4849736163617407,-0.6958000185841229,135.23999697715044
21:06:08.973374,267,0.31274075510523236,1.335680666782418,-0.7854432992586777,-0.5566400148672983,78.87999823689461
21:06:08.973374,267,0.5097886625990694,1.3965722736719879,-2.123549411890167,-0.06972000186215155,5.519999876618385
21:06:08.973374,267,0.2899994742134511,1.2968438919120853,-0.4110686180798459,-0.8349600223009475,103.99999767541885
21:06:08.973374,267,0.29919303387423607,1.3379564205584054,-0.4849736163617407,-0.6958000185841229,158.5199964568019
21:06:08.973374,267,0.30295319685092154,1.2938791039164244,-0.4110686180798459,-0.8349600223009475,123.11999724805355
21:06:08.973374,267,0.31255741526279507,1.3348976428912336,-0.4849736163617407,-0.6958000185841229,185.35999585688114
21:06:08.973374,267,0.33939004090865194,1.3291591415824286,-0.7854432992586777,-0.5566400148672983,67.23999849706888
21:06:08.973374,267,0.35296993658315595,1.3823423240623203,-0.816870968832052,-0.4872000130126253,21.99999950826168
21:06:08.973374,267,0.3050020228622431,1.2463474154620442,-0.3413387115307106,-0.8349600223009475,47.35999894142151
21:06:08.973374,267,0.3158766244225213,1.2907849290943847,-0.4110686180798459,-0.8349600223009475,145.9999967366457
21:06:08.973374,267,0.32589054117168875,1.331705376578151,-0.4849736163617407,-0.6958000185841229,215.6399951800704
21:06:08.973374,267,0.3623156056526209,1.3619784765424936,-0.7159000148107518,-0.5566400148672983,59.239998675882816
21:06:08.973374,267,0.3805443477292746,1.3750069368686235,-0.816870968832052,-0.27832000743364915,21.119999527931213
21:06:08.973374,267,0.3205731539664132,1.2554662387841076,-0.2897543894365299,-0.8349600223009475,57.11999872326851
21:06:08.973374,267,0.33257240015558037,1.3024590960928528,-0.35759905685499416,-0.8349600223009475,172.7599961385131
21:06:08.973374,267,0.34371785739697996,1.3461082448417687,-0.42976027163380004,-0.6958000185841229,247.99999445676804
21:06:08.973374,267,0.3759170474898489,1.3582872825992858,-0.7159000148107518,-0.5566400148672983,50.87999886274338
21:06:08.973374,267,0.33311157830691274,1.2521977879586614,-0.2897543894365299,-0.8349600223009475,69.11999845504761
21:06:08.973374,267,0.34558014526927744,1.2990683051848813,-0.35759905685499416,-0.8349600223009475,202.35999547690153
21:06:08.973374,267,0.35716152944539536,1.3426038187822884,-0.42976027163380004,-0.6958000185841229,279.9999937415123
21:06:08.973374,267,0.38159406076343855,1.3787998264813834,-0.5060666754883558,-0.6958000185841229,166.75999627262354
21:06:08.973374,267,0.3970809647856759,1.380890282620444,-0.6589685384293994,-0.5566400148672983,42.87999904155731
21:06:08.973374,267,0.3456166917686628,1.2488041184035117,-0.2897543894365299,-0.8349600223009475,83.51999813318253
21:06:08.973374,267,0.3585533326579749,1.295547608534752,-0.35759905685499416,-0.8349600223009475,232.519994802773
21:06:08.973374,267,0.37056948564009645,1.3389651334657644,-0.42976027163380004,-0.6958000185841229,306.99999313801527
21:06:08.973374,267,0.4040457868249051,1.405111174395862,-0.6009828530061379,-0.27832000743364915,35.759999200701714
21:06:08.973374,267,0.3588700788796392,1.2480079595747033,-0.2767826390717652,-0.8349600223009475,99.23999778181314
21:06:08.973374,267,0.37514543867177874,1.3046072130676216,-0.30355741344847537,-0.6958000185841229,258.359994225204
21:06:08.973374,267,0.38838267404480437,1.3506410734548522,-0.37385940217927766,-0.6958000185841229,323.99999275803566
21:06:08.973374,267,0.4180764619507015,1.401000528988429,-0.6009828530061379,-0.27832000743364915,29.759999334812164
21:06:08.973374,267,0.3735389620760656,1.2517525646494447,-0.23770652215094323,-0.4872000130126253,114.23999744653702
21:06:08.973374,267,0.38817253596263374,1.3007905914745252,-0.30355741344847537,-0.6958000185841229,274.11999387294054
21:06:08.973374,267,0.40186944040074757,1.3466897800434436,-0.37385940217927766,-0.6958000185841229,326.63999269902706
21:06:08.973374,267,0.42842248863914817,1.3849734693410183,-0.44845192518775423,-0.6958000185841229,144.51999676972628
21:06:08.973374,267,0.38603760202677306,1.247954650264482,-0.23770652215094323,-0.4872000130126253,124.35999722033739
21:06:08.973374,267,0.4011608163251038,1.2968438919120853,-0.30355741344847537,-0.41748001115047373,274.8799938559532
21:06:08.973374,267,0.4153160201493373,1.3426038187822884,-0.37385940217927766,-0.41748001115047373,313.9999929815531
21:06:08.973374,267,0.4422505712502851,1.3806200678604719,-0.44845192518775423,-0.41748001115047373,131.3599970638752
21:06:08.973374,267,0.3801860280519219,1.186866663314252,-0.21393108582081805,-0.4872000130126253,17.519999608397484
21:06:08.973374,267,0.39849763854070036,1.2440319414600303,-0.23770652215094323,-0.4872000130126253,125.87999718636274
21:06:08.973374,267,0.4150142882982938,1.295593702125911,-0.2899677280729244,-0.41748001115047373,260.1199941858649
21:06:08.973374,267,0.43293888248379087,1.3515507908206528,-0.31736043746042075,-0.41748001115047373,288.75999354571104
21:06:08.973374,267,0.45603442917481496,1.376128605529824,-0.44845192518775423,-0.41748001115047373,117.5199973732233
21:06:08.973374,267,0.4109178256246354,1.2399848305036834,-0.23770652215094323,-0.4872000130126253,117.87999736517668
21:06:08.973374,267,0.4304927098052102,1.2990539628925803,-0.2490301429576065,-0.4872000130126253,233.99999476969242
21:06:08.973374,267,0.4464325180698127,1.347153897275323,-0.31736043746042075,-0.41748001115047373,256.2399942725897
21:06:08.973374,267,0.46977268403849326,1.371499531491545,-0.44845192518775423,-0.41748001115047373,103.87999767810106
21:06:08.973374,267,0.4232969212702752,1.2358137221031464,-0.23770652215094323,-0.4872000130126253,103.63999768346548
21:06:08.973374,267,0.44346150818072133,1.2946841554852018,-0.2490301429576065,-0.4872000130126253,202.75999546796083
21:06:08.973374,267,0.45988151077804895,1.3426222894689128,-0.31736043746042075,-0.41748001115047373,221.35999505221844
21:06:08.973374,267,0.4356336875784265,1.2315190333657653,-0.23770652215094323,-0.4872000130126253,87.11999805271626
21:06:08.973374,267,0.4563859607769469,1.2901848807469625,-0.2490301429576065,-0.4872000130126253,171.63999616354704
21:06:08.973374,267,0.47328451572049657,1.3379564205584056,-0.31736043746042075,-0.41748001115047373,188.11999579519033
21:06:08.973374,267,0.44792689088279414,1.227101193756815,-0.23770652215094323,-0.4872000130126253,71.63999839872122
21:06:08.973374,267,0.46926477515945525,1.285556588601566,-0.2490301429576065,-0.4872000130126253,143.3599967956543
21:06:08.973374,267,0.4866401926078902,1.3331567571267835,-0.31736043746042075,-0.41748001115047373,158.35999646037817
21:06:08.973374,267,0.4601753018733471,1.2225606450565552,-0.23770652215094323,-0.4872000130126253,58.51999869197607
21:06:08.973374,267,0.48209666345759805,1.2807997418743502,-0.2490301429576065,-0.41748001115047373,119.23999733477831
21:06:08.973374,267,0.5132042248578389,1.3231579798808266,-0.31736043746042075,-0.41748001115047373,132.87999702990055
21:06:08.973374,267,0.4723776957192479,1.2178978413160524,-0.23770652215094323,-0.4872000130126253,47.8799989297986
21:06:08.973374,267,0.49488034249329615,1.2759148162460017,-0.2490301429576065,-0.41748001115047373,99.23999778181314
21:06:08.973374,267,0.5264099238394244,1.3179598659358398,-0.31736043746042075,-0.41748001115047373,111.35999751091003
21:06:08.973374,267,0.507614533909356,1.2709023002049913,-0.2490301429576065,-0.41748001115047373,82.87999814748764
21:06:08.973374,267,0.5407425518020565,1.3154995726224934,-0.30315281707408365,-0.41748001115047373,93.6399979069829
21:06:08.973374,267,0.53292936532473,1.2604965145834124,-0.2490301429576065,-0.41748001115047373,69.6399984434247
21:06:08.973374,267,0.5538702910843538,1.3100264629210723,-0.30315281707408365,-0.41748001115047373,78.9999982342124
21:06:08.973374,267,0.5669426438015756,1.3044223516709004,-0.30315281707408365,-0.41748001115047373,66.9999985024333
21:06:09.037770,268,0.21202624726387992,1.048290065961647,-1.164003268014224,-0.20888000557897612,26.239999413490295
21:06:09.037770,268,0.22050997975759515,1.0902349317987965,-1.2105781259626027,-0.20888000557897612,7.759999826550484
21:06:09.037770,268,0.3126574057975733,0.8927245043719184,-2.070411278126228,-0.06972000186215155,7.519999831914902
21:06:09.037770,268,0.23825882434498313,1.04394050127382,-1.1628378056686939,-0.20888000557897612,30.119999326765537
21:06:09.037770,268,0.2477921918223326,1.0857113294917986,-1.209366030377563,-0.20888000557897612,8.51999980956316
21:06:09.037770,268,0.35001937796488397,1.4303044386207233,-1.8179594103947343,-0.6958000185841229,13.639999695122242
21:06:09.037770,268,0.2357668465843053,1.295639183182119,-0.7540156296853034,-0.974120026017772,51.639998845756054
21:06:09.037770,268,0.2513400296073607,1.306885647146621,-0.8530233845971632,-0.20888000557897612,34.639999225735664
21:06:09.037770,268,0.2613968108015189,1.359177608039883,-0.8871551126223225,-0.20888000557897612,9.119999796152115
21:06:09.037770,268,0.23477432976160806,1.2901848807469625,-0.4638805572351255,-0.7655200204462744,96.35999784618616
21:06:09.037770,268,0.24178133396735593,1.3286913515982088,-0.5394111067937016,-0.7655200204462744,76.63999828696251
21:06:09.037770,268,0.25551757094441274,1.3286074907474352,-0.6872549564923712,-0.974120026017772,61.75999861955643
21:06:09.037770,268,0.26439610107735045,1.3043069450616167,-0.8530233845971632,-0.20888000557897612,39.99999910593033
21:06:09.037770,268,0.2749752903186235,1.356495725245167,-0.8871551126223225,-0.20888000557897612,9.879999779164791
21:06:09.037770,268,0.40334126808513526,1.457378213214186,-1.8669149320253684,-0.27832000743364915,17.519999608397484
21:06:09.037770,268,0.24766422463283397,1.2877726679271009,-0.4638805572351255,-0.7655200204462744,112.2399974912405
21:06:09.037770,268,0.25505593677349975,1.3262071445982717,-0.5394111067937016,-0.7655200204462744,91.11999796330929
21:06:09.037770,268,0.26879064834994965,1.3259859278631667,-0.6872549564923712,-0.974120026017772,74.87999832630157
21:06:09.037770,268,0.27742573315874364,1.3015978133748556,-0.8530233845971632,-0.20888000557897612,46.23999896645546
21:06:09.037770,268,0.28852627253707075,1.3536781940144,-0.8871551126223225,-0.20888000557897612,10.519999764859676
21:06:09.037770,268,0.26052935328908994,1.2852316789193436,-0.4638805572351255,-0.7655200204462744,131.11999706923962
21:06:09.037770,268,0.26830503419965235,1.3235903179949724,-0.5394111067937016,-0.7655200204462744,109.23999755829573
21:06:09.037770,268,0.28203684691584446,1.323231767497024,-0.6872549564923712,-0.974120026017772,91.99999794363976
21:06:09.037770,268,0.2904276228992486,1.2987585229972367,-0.8530233845971632,-0.20888000557897612,52.7599988207221
21:06:09.037770,268,0.30204840236999186,1.350725296098344,-0.8871551126223225,-0.20888000557897612,10.87999975681305
21:06:09.037770,268,0.27336842922828863,1.2825621678204624,-0.4638805572351255,-0.7655200204462744,152.9999965801835
21:06:09.037770,268,0.294721416000419,1.3179598659358398,-0.5394111067937016,-0.7655200204462744,131.99999704957008
21:06:09.037770,268,0.29525484203333857,1.320345285062736,-0.6872549564923712,-0.974120026017772,114.23999744653702
21:06:09.037770,268,0.31634297754949664,1.2926906148634292,-0.8530233845971632,-0.20888000557897612,58.35999869555235
21:06:09.037770,268,0.32900069909307134,1.344414594866663,-0.8871551126223225,-0.41748001115047373,10.759999759495258
21:06:09.037770,268,0.48819874047351064,1.4731875686773934,-1.916064721598981,-0.3480400092958007,15.119999662041664
21:06:09.037770,268,0.2731673032329496,1.2215723826002565,-0.44278749810851037,-0.7655200204462744,102.35999771207571
21:06:09.037770,268,0.28618016855359285,1.279764401579331,-0.4638805572351255,-0.7655200204462744,178.23999601602554
21:06:09.037770,268,0.30788605875898467,1.3149468035204954,-0.5394111067937016,-0.7655200204462744,160.5199964120984
21:06:09.037770,268,0.3216009377218721,1.3141765217762575,-0.6872549564923712,-0.974120026017772,142.87999680638313
21:06:09.037770,268,0.32608170195544417,1.3324865279506417,-0.7854432992586777,-0.3480400092958007,61.23999863117933
21:06:09.037770,268,0.34242817077613796,1.3410574226158742,-0.8871551126223225,-0.41748001115047373,10.239999771118164
21:06:09.037770,268,0.5244986402122396,1.352277568302772,-2.0717355435124825,-0.3480400092958007,6.7599998489022255
21:06:09.037770,268,0.2853691649408122,1.218779677049225,-0.44278749810851037,-0.7655200204462744,118.63999734818935
21:06:09.037770,268,0.29896329010180367,1.2768386599702293,-0.4638805572351255,-0.7655200204462744,206.99999537318945
21:06:09.037770,268,0.3210199131696217,1.3118022475264624,-0.5394111067937016,-0.7655200204462744,195.87999562174082
21:06:09.037770,268,0.32787644093176094,1.3398204736850663,-0.6326014594759536,-0.974120026017772,177.99999602138996
21:06:09.037770,268,0.33939004090865194,1.3291591415824286,-0.7854432992586777,-0.3480400092958007,59.119998678565025
21:06:09.037770,268,0.35296993658315595,1.3823423240623203,-0.816870968832052,-0.41748001115047373,10.99999975413084
21:06:09.037770,268,0.29754248997126337,1.2158650945515832,-0.44278749810851037,-0.7655200204462744,137.11999693512917
21:06:09.037770,268,0.311716515571476,1.2737852355648671,-0.4638805572351255,-0.7655200204462744,238.63999466598034
21:06:09.037770,268,0.32589054117168875,1.331705376578151,-0.4849736163617407,-0.7655200204462744,238.51999466866255
21:06:09.037770,268,0.34125802838215863,1.3364747735323983,-0.6326014594759536,-0.974120026017772,215.87999517470598
21:06:09.037770,268,0.3659035752269165,1.322105970471458,-0.7854432992586777,-0.3480400092958007,51.639998845756054
21:06:09.037770,268,0.3805443477292746,1.3750069368686235,-0.816870968832052,-0.41748001115047373,10.99999975413084
21:06:09.037770,268,0.32179866368608895,1.2096714766981476,-0.44278749810851037,-0.7655200204462744,157.9999964684248
21:06:09.037770,268,0.33712818014486895,1.2672965724625291,-0.4638805572351255,-0.7655200204462744,272.119993917644
21:06:09.037770,268,0.3524576966036489,1.3249216682269112,-0.4849736163617407,-0.7655200204462744,287.639993570745
21:06:09.037770,268,0.3679174919971472,1.3293827820858382,-0.6326014594759536,-0.5566400148672983,247.11999447643757
21:06:09.037770,268,0.3759170474898489,1.3582872825992858,-0.7159000148107518,-0.3480400092958007,40.879999086260796
21:06:09.037770,268,0.39427516056598494,1.3711328071292734,-0.816870968832052,-0.41748001115047373,10.519999764859676
21:06:09.037770,268,0.31724314876226034,1.1925468671615345,-0.27595136542458454,-0.7655200204462744,49.99999888241291
21:06:09.037770,268,0.3260933269528098,1.2258155202944359,-0.3923769645258917,-0.7655200204462744,180.75999595969915
21:06:09.037770,268,0.34978407810342205,1.263861982626428,-0.4638805572351255,-0.7655200204462744,305.75999316573143
21:06:09.037770,268,0.3656890694334303,1.3213309045539057,-0.4849736163617407,-0.7655200204462744,338.99999242275953
21:06:09.037770,268,0.3743707851139874,1.3527002294589219,-0.5769359351173899,-0.5566400148672983,257.75999423861504
21:06:09.037770,268,0.38948089793727153,1.3544602610657923,-0.7159000148107518,-0.3480400092958007,30.119999326765537
21:06:09.037770,268,0.40796654621696277,1.3671215652579463,-0.816870968832052,-0.41748001115047373,9.759999781847
21:06:09.037770,268,0.33183268044049297,1.1989988557391122,-0.22638290134427994,-0.41748001115047373,60.11999865621328
21:06:09.037770,268,0.34224959556910584,1.23663791317902,-0.3413387115307106,-0.7655200204462744,204.35999543219805
21:06:09.037770,268,0.3544522293452805,1.280729242324826,-0.4110686180798459,-0.7655200204462744,336.63999247550964
21:06:09.037770,268,0.378883873662643,1.3176080088974569,-0.4849736163617407,-0.6263600167294499,383.87999141961336
21:06:09.037770,268,0.3878788432748971,1.348888949641449,-0.5769359351173899,-0.6263600167294499,241.2399946078658
21:06:09.037770,268,0.4108697832741111,1.3768504953054916,-0.6589685384293994,-0.3480400092958007,24.999999441206455
21:06:09.037770,268,0.41913113156493165,1.4045347932245695,-0.7445450731291323,-0.41748001115047373,8.879999801516533
21:06:09.037770,268,0.3438058774027397,1.1956206348735183,-0.22638290134427994,-0.41748001115047373,71.8799983933568
21:06:09.037770,268,0.3580872438507938,1.2452855694827711,-0.2897543894365299,-0.41748001115047373,226.9999949261546
21:06:09.037770,268,0.36724158556548425,1.2771207432600535,-0.4110686180798459,-0.6263600167294499,361.2399919256568
21:06:09.037770,268,0.39204078982191864,1.3137533535440118,-0.4849736163617407,-0.6263600167294499,410.87999081611633
21:06:09.037770,268,0.40297778021418346,1.3504038964940026,-0.5628718270994961,-0.6263600167294499,206.11999539285898
21:06:09.037770,268,0.4246175151284461,1.3726730240945353,-0.6589685384293994,-0.3480400092958007,21.519999518990517
21:06:09.037770,268,0.4471361306976732,1.3958718320282837,-0.7445450731291323,-0.41748001115047373,7.999999821186066
21:06:09.037770,268,0.3557446940652871,1.1921228529461292,-0.22638290134427994,-0.41748001115047373,84.35999811440706
21:06:09.037770,268,0.37052198750854565,1.2416424930483831,-0.2897543894365299,-0.41748001115047373,246.2399944961071
21:06:09.037770,268,0.38439084861436473,1.2881179192301393,-0.35759905685499416,-0.6263600167294499,376.23999159038067
21:06:09.037770,268,0.4105656699199217,1.327247227538172,-0.42976027163380004,-0.6263600167294499,411.2399908080697
21:06:09.037770,268,0.42278014587246543,1.3667333086491602,-0.5060666754883558,-0.6263600167294499,166.63999627530575
21:06:09.037770,268,0.43832278558701293,1.368358286731196,-0.6589685384293994,-0.3480400092958007,18.519999586045742
21:06:09.037770,268,0.4610722594425986,1.3913307523366905,-0.7445450731291323,-0.41748001115047373,7.1199998408555984
21:06:09.037770,268,0.3676479365564711,1.1885058597322067,-0.22638290134427994,-0.41748001115047373,95.51999786496162
21:06:09.037770,268,0.38603760202677306,1.247954650264482,-0.23770652215094323,-0.41748001115047373,259.11999420821667
21:06:09.037770,268,0.4011608163251038,1.2968438919120853,-0.30355741344847537,-0.6263600167294499,379.51999151706696
21:06:09.037770,268,0.42381739258038026,1.3230752775526138,-0.42976027163380004,-0.6263600167294499,385.239991389215
21:06:09.037770,268,0.43642611203554693,1.3624372416550277,-0.5060666754883558,-0.6263600167294499,131.6399970576167
21:06:09.037770,268,0.4599120523728376,1.387829713742028,-0.6009828530061379,-0.3480400092958007,15.87999964505434
21:06:09.037770,268,1.177705441938201,3.676566799160054,-1.4092243009228052,-0.7655200204462744,6.11999986320734
21:06:09.037770,268,0.36116921012049913,1.12749986501087,-0.2032303019709432,-0.41748001115047373,5.999999865889549
21:06:09.037770,268,0.3801860280519219,1.186866663314252,-0.21393108582081805,-0.41748001115047373,102.51999770849943
21:06:09.037770,268,0.39849763854070036,1.2440319414600303,-0.23770652215094323,-0.41748001115047373,263.519994109869
21:06:09.037770,268,0.41410898094203413,1.2927675090469506,-0.30355741344847537,-0.6263600167294499,370.51999171823263
21:06:09.037770,268,0.42872106864386406,1.3383835982640895,-0.37385940217927766,-0.6263600167294499,342.1199923530221
21:06:09.037770,268,0.450028435953063,1.3580049320781804,-0.5060666754883558,-0.6263600167294499,103.99999767541885
21:06:09.037770,268,0.47376712248631225,1.3831612790683934,-0.6009828530061379,-0.3480400092958007,13.759999692440033
21:06:09.037770,268,1.2557696634169182,3.6662146684043337,-1.5478511594637214,-0.904680024163099,13.639999695122242
21:06:09.037770,268,1.2748033157560315,3.721783342685804,-1.571311879769516,-0.904680024163099,12.759999714791775
21:06:09.037770,268,1.2938369680951451,3.777352016967274,-1.5947726000753104,-0.7655200204462744,5.119999885559082
21:06:09.037770,268,0.3920354874675283,1.183005523646741,-0.21393108582081805,-0.41748001115047373,102.8799977004528
21:06:09.037770,268,0.4109178256246354,1.2399848305036834,-0.23770652215094323,-0.41748001115047373,258.1199942305684
21:06:09.037770,268,0.4270157350078112,1.288561850513993,-0.30355741344847537,-0.3480400092958007,350.75999215990305
21:06:09.037770,268,0.45540121418339335,1.329542080914237,-0.37385940217927766,-0.6263600167294499,292.99999345093966
21:06:09.037770,268,0.463585757404018,1.3534368231458633,-0.5060666754883558,-0.6263600167294499,83.11999814212322
21:06:09.037770,268,0.4038457436628356,1.1790260844179885,-0.21393108582081805,-0.41748001115047373,96.35999784618616
21:06:09.037770,268,0.4232969212702752,1.2358137221031464,-0.23770652215094323,-0.41748001115047373,244.1199945434928
21:06:09.037770,268,0.44346150818072133,1.2946841554852018,-0.2490301429576065,-0.41748001115047373,323.3599927723408
21:06:09.037770,268,0.46867364323619454,1.3249216682269112,-0.37385940217927766,-0.6263600167294499,245.75999450683594
21:06:09.037770,268,0.4905599746588776,1.343895047977224,-0.5060666754883558,-0.6263600167294499,67.5199984908104
21:06:09.037770,268,0.41561561562211896,1.1749287435685831,-0.21393108582081805,-0.41748001115047373,85.35999809205532
21:06:09.037770,268,0.4356336875784265,1.2315190333657653,-0.23770652215094323,-0.3480400092958007,223.87999499589205
21:06:09.037770,268,0.4563859607769469,1.2901848807469625,-0.2490301429576065,-0.3480400092958007,291.7599934786558
21:06:09.037770,268,0.47328451572049657,1.3379564205584056,-0.31736043746042075,-0.6263600167294499,204.51999542862177
21:06:09.037770,268,0.497106894025038,1.361830413620961,-0.44845192518775423,-0.6263600167294499,55.75999875366688
21:06:09.037770,268,0.42734392636804314,1.1707139108291775,-0.21393108582081805,-0.41748001115047373,72.63999837636948
21:06:09.037770,268,0.4487195715580619,1.2292727521577227,-0.2246318696706929,-0.3480400092958007,200.23999552428722
21:06:09.037770,268,0.46926477515945525,1.285556588601566,-0.2490301429576065,-0.3480400092958007,258.7599942162633
21:06:09.037770,268,0.4866401926078902,1.3331567571267835,-0.31736043746042075,-0.6263600167294499,169.8799962028861
21:06:09.037770,268,0.4390295030793596,1.1663820076795135,-0.21393108582081805,-0.3480400092958007,60.51999864727259
21:06:09.037770,268,0.46098965813651227,1.22472416820599,-0.2246318696706929,-0.3480400092958007,175.99999606609344
21:06:09.037770,268,0.48209666345759805,1.2807997418743502,-0.2490301429576065,-0.3480400092958007,226.63999493420124
21:06:09.037770,268,0.5132042248578389,1.3231579798808266,-0.31736043746042075,-0.6263600167294499,141.6399968340993
21:06:09.037770,268,0.4506711772081875,1.1619334673062776,-0.21393108582081805,-0.3480400092958007,50.1199988797307
21:06:09.037770,268,0.4732136461353665,1.2200531128635115,-0.2246318696706929,-0.3480400092958007,152.63999658823013
21:06:09.037770,268,0.49488034249329615,1.2759148162460017,-0.2490301429576065,-0.3480400092958007,196.99999559670687
21:06:09.037770,268,0.5264099238394244,1.3179598659358398,-0.31736043746042075,-0.3480400092958007,118.75999734550714
21:06:09.037770,268,0.4622677845968672,1.15736873455978,-0.21393108582081805,-0.27832000743364915,41.35999907553196
21:06:09.037770,268,0.48539031316606596,1.2152600532319082,-0.2246318696706929,-0.3480400092958007,131.51999706029892
21:06:09.037770,268,0.507614533909356,1.2709023002049913,-0.2490301429576065,-0.3480400092958007,170.23999619483948
21:06:09.037770,268,0.5306962156273767,1.3286913515982088,-0.2603537637642698,-0.4872000130126253,100.2399977594614
21:06:09.037770,268,0.5095968185508166,1.2053098504615145,-0.2246318696706929,-0.3480400092958007,112.87999747693539
21:06:09.037770,268,0.53292936532473,1.2604965145834124,-0.2490301429576065,-0.3480400092958007,146.75999671965837
21:06:09.037770,268,0.5216242362746097,1.2001537023346645,-0.2246318696706929,-0.3480400092958007,96.75999783724546
21:06:09.037770,268,0.5455074738621114,1.2551042855726884,-0.2490301429576065,-0.3480400092958007,126.35999717563391
21:06:09.037770,268,0.5335994920117925,1.1948775398430709,-0.2246318696706929,-0.3480400092958007,82.99999814480543
21:06:09.037770,268,0.5580310321091332,1.2495865471849343,-0.2490301429576065,-0.3480400092958007,108.87999756634235
21:06:09.037770,268,0.5704987877204629,1.2439438511893666,-0.2490301429576065,-0.3480400092958007,93.87999790161848
21:06:09.083807,269,0.27502272768864416,1.0251258021342942,-0.013651942057428812,-0.06972000186215155,6.7599998489022255
21:06:09.083807,269,0.2925424789015742,0.9234604750363855,-0.12953056306208754,-0.3480400092958007,10.519999764859676
21:06:09.083807,269,0.35944499062219865,0.9355788677503506,-0.18346016204710391,-0.06972000186215155,9.879999779164791
21:06:09.083807,269,0.48819874047351064,0.9270758779546192,-0.23206539921581637,-0.06972000186215155,5.119999885559082
21:06:09.083807,269,0.2799673509395743,1.0243157280521538,1.2029330005317704,-0.6263600167294499,87.75999803841114
21:06:09.083807,269,0.2919102444950455,1.0215537484028223,1.2036730707483199,-0.6263600167294499,100.6399977505207
21:06:09.083807,269,0.29896329010180367,1.1132703148043501,1.221455626729751,-0.20888000557897612,93.87999790161848
21:06:09.083807,269,0.30382394727062967,1.0186765492832843,1.2044440139288637,-0.6263600167294499,114.8799974322319
21:06:09.083807,269,0.311716515571476,1.1103209333125894,1.2222459111186397,-0.6263600167294499,110.1199975386262
21:06:09.083807,269,0.3157072679060308,1.0156844184110416,1.2052457529797294,-0.6263600167294499,130.51999708265066
21:06:09.083807,269,0.33712818014486895,1.1040533660439522,1.2239253007067787,-0.6263600167294499,129.35999710857868
21:06:09.083807,269,0.3476947612697719,1.218522904200269,1.286450037962152,-0.20888000557897612,83.51999813318253
21:06:09.083807,269,0.3132217834320464,0.9717956191921308,1.2540336530407634,-0.6263600167294499,78.63999824225903
21:06:09.083807,269,0.32888906520514005,1.0204046131928441,1.216720587445531,-0.6263600167294499,146.87999671697617
21:06:09.083807,269,0.34978407810342205,1.100735807018552,1.2248142379684772,-0.6263600167294499,151.63999661058187
21:06:09.083807,269,0.3612939800559645,1.215098723062942,1.2873675445326367,-0.3480400092958007,101.63999772816896
21:06:09.083807,269,0.39749905209344677,1.25089009845045,1.1190690917819341,-0.7655200204462744,7.35999983549118
21:06:09.083807,269,0.3245234614371174,0.9687155205803849,1.254858962976389,-0.6263600167294499,89.63999799638987
21:06:09.083807,269,0.34075605055210173,1.0171704487549276,1.21758717919486,-0.6263600167294499,163.23999635130167
21:06:09.083807,269,0.3544522293452805,1.1306970644421415,1.271461085886333,-0.6263600167294499,176.75999604910612
21:06:09.083807,269,0.374857069746844,1.2115433569590395,1.2883202020089743,-0.3480400092958007,124.35999722033739
21:06:09.083807,269,0.3357926873679308,0.9655264119674857,1.2557134820537905,-0.6263600167294499,100.3599977567792
21:06:09.083807,269,0.35258896057949396,1.0138218216606,1.218484441120538,-0.6263600167294499,178.23999601602554
21:06:09.083807,269,0.36724158556548425,1.1272115220013377,1.2723950341685308,-0.6263600167294499,203.6399954482913
21:06:09.083807,269,0.38838267404480437,1.2078571614221925,1.2893079151262157,-0.3480400092958007,151.87999660521746
21:06:09.083807,269,0.35229357130526034,0.9909207851104698,1.2979133677770864,-0.6263600167294499,109.63999754935503
21:06:09.083807,269,0.3699152149470616,1.0404864155242592,1.2627951554496057,-0.6263600167294499,190.23999574780464
21:06:09.083807,269,0.38439084861436473,1.1516729190653558,1.3211963856925577,-0.3480400092958007,229.63999486714602
21:06:09.083807,269,0.40186944040074757,1.204040505068867,1.2903305851138764,-0.3480400092958007,182.75999591499567
21:06:09.083807,269,0.41934803218713046,1.256408091072378,1.259464784535195,-0.6263600167294499,38.239999145269394
21:06:09.083807,269,0.3464374051837031,1.0139280318380157,1.4569228690872107,-0.3480400092958007,19.119999572634697
21:06:09.083807,269,0.3646785422308366,1.0673148772188727,1.4283279650037692,-0.3480400092958007,115.75999741256237
21:06:09.083807,269,0.39725259345210806,1.1478978397524822,1.3222079151458057,-0.3480400092958007,251.1199943870306
21:06:09.083807,269,0.4153160201493373,1.2000937695615006,1.2913881097058144,-0.3480400092958007,212.51999524980783
21:06:09.083807,269,0.4333794468465665,1.2522896993705188,1.2605683042658233,-0.3480400092958007,39.519999116659164
21:06:09.083807,269,0.3764491778585206,1.063735475443416,1.4292870628188894,-0.3480400092958007,117.5199973732233
21:06:09.083807,269,0.39527907940027734,1.1169432799683636,1.4007401325882012,-0.3480400092958007,200.11999552696943
21:06:09.083807,269,0.41410898094203413,1.170151084493311,1.372193202357513,-0.3480400092958007,263.8799941018224
21:06:09.083807,269,0.42872106864386406,1.1960173495703372,1.2924803831504568,-0.3480400092958007,232.99999479204416
21:06:09.083807,269,0.45603442917481496,1.213170261324937,1.2106604119906026,-0.27832000743364915,39.35999912023544
21:06:09.083807,269,0.39134294144406057,1.0820847651257923,1.475687435628664,-0.3480400092958007,114.35999744385481
21:06:09.083807,269,0.40759895194580975,1.1130656446121676,1.4017791418504362,-0.3480400092958007,196.2399956136942
21:06:09.083807,269,0.4270157350078112,1.1660887302997742,1.3732817068830403,-0.3480400092958007,264.75999408215284
21:06:09.083807,269,0.4420832453907094,1.1918116527339608,1.2936072962213738,-0.3480400092958007,235.99999472498894
21:06:09.083807,269,0.46977268403849326,1.208698919159559,1.211858504512899,-0.27832000743364915,37.63999915868044
21:06:09.083807,269,0.403132334359829,1.0782477122998286,1.4767155708346966,-0.3480400092958007,107.11999760568142
21:06:09.083807,269,0.4232969212702752,1.1321814155841023,1.450541003697721,-0.3480400092958007,187.11999581754208
21:06:09.083807,269,0.43987978785784154,1.1619019116319924,1.374403561563928,-0.3480400092958007,253.6399943307042
21:06:09.083807,269,0.46867364323619454,1.1830141236757301,1.2959645870279162,-0.27832000743364915,219.9999950826168
21:06:09.083807,269,0.48346396202734376,1.2040951014222507,1.2130920937577105,-0.27832000743364915,34.879999220371246
21:06:09.083807,269,0.41488141437990605,1.0742969764344452,1.4777741673193348,-0.3480400092958007,97.11999782919884
21:06:09.083807,269,0.4356336875784265,1.128033064816793,1.4516525509357427,-0.3480400092958007,173.87999611347914
21:06:09.083807,269,0.4526998530976178,1.1575910471683246,1.3755586542156477,-0.3480400092958007,233.11999478936195
21:06:09.083807,269,0.48189920531732716,1.1784231711994106,1.2971947290364356,-0.27832000743364915,191.3599957227707
21:06:09.083807,269,0.497106894025038,1.1993592684909287,1.2143610563671472,-0.27832000743364915,31.63999929279089
21:06:09.083807,269,0.4265890066061331,1.0702329525999188,1.478863119223817,-0.3480400092958007,85.87999808043242
21:06:09.083807,269,0.44792689088279414,1.1237657594421053,1.4527959719647474,-0.3480400092958007,158.23999646306038
21:06:09.083807,269,0.4654746487313566,1.1531565679916056,1.3767468693299023,-0.27832000743364915,207.23999536782503
21:06:09.083807,269,0.49507657788166365,1.1737047012809747,1.298459039240591,-0.27832000743364915,159.11999644339085
21:06:09.083807,269,0.5107001157498062,1.1944918939449183,1.2156652654460105,-0.27832000743364915,28.239999368786812
21:06:09.083807,269,0.4382539402890961,1.0660560471952272,1.4799823176538651,-0.3480400092958007,74.87999832630157
21:06:09.083807,269,0.4601753018733471,1.119379926187001,1.45397115244359,-0.3480400092958007,141.6399968340993
21:06:09.083807,269,0.49088332595994777,1.1439185515928472,1.379222188363615,-0.27832000743364915,180.23999597132206
21:06:09.083807,269,0.5082044432029875,1.1688591857634614,1.2997573912104212,-0.27832000743364915,129.35999710857868
21:06:09.083807,269,0.5242422678908645,1.1894934645175963,1.2170045905744853,-0.27832000743364915,24.999999441206455
21:06:09.083807,269,0.44987504894519986,1.0617666779074122,1.4811316506905743,-0.3480400092958007,64.63999855518341
21:06:09.083807,269,0.4723776957192479,1.114876003631132,1.4551779748552074,-0.3480400092958007,125.23999720066786
21:06:09.083807,269,0.5035146667083646,1.139115938164708,1.3805090447532438,-0.27832000743364915,154.51999654620886
21:06:09.083807,269,0.5212814885057653,1.1638871091943628,1.301089655111817,-0.27832000743364915,104.51999766379595
21:06:09.083807,269,0.551167951848712,1.179105453429433,1.219788049756524,-0.27832000743364915,22.239999502897263
21:06:09.083807,269,0.4845328521913353,1.11025444216298,1.4564163185183696,-0.27832000743364915,109.87999754399061
21:06:09.083807,269,0.5172239226794985,1.1403601066150697,1.3942447483902962,-0.27832000743364915,131.51999706029892
21:06:09.083807,269,0.5343064060964224,1.1587889687771697,1.3024556977195043,-0.27832000743364915,84.75999810546637
21:06:09.083807,269,0.55711365904214,1.1418185939918342,1.170131855004634,-0.27832000743364915,19.759999558329582
21:06:09.083807,269,0.5086965958374624,1.1006602628165054,1.4589870711262969,-0.27832000743364915,95.879997856915
21:06:09.083807,269,0.5297806944461654,1.135303420589348,1.3955996833272661,-0.20888000557897612,111.75999750196934
21:06:09.083807,269,0.5472778934941124,1.1535652743216536,1.303855382430367,-0.27832000743364915,69.11999845504761
21:06:09.083807,269,0.5422844885872385,1.1301257003185528,1.39698704929246,-0.20888000557897612,95.11999787390232
21:06:09.083807,269,0.5601946535609628,1.1482165481928825,1.3052885692771061,-0.27832000743364915,57.11999872326851
21:06:09.083807,269,0.15216793226928885,0.026488984082588603,1.79961971106995,-1.1132800297345966,4.999999888241291
21:06:09.137337,270,0.2449661400437259,1.039813093251016,1.2115201008876282,-0.41748001115047373,41.35999907553196
21:06:09.137337,270,0.4347847603662286,0.7300739159939253,-0.1797282076603981,-0.7655200204462744,5.239999882876873
21:06:09.137337,270,0.26908465538563264,1.0348475784504472,1.2128506065684452,-0.41748001115047373,49.63999889045954
21:06:09.137337,270,0.26663055188333024,0.9755204203516842,1.240902865127037,-0.41748001115047373,44.23999901115894
21:06:09.137337,270,0.28110415301168434,1.0321903484693902,1.2135626091959733,-0.41748001115047373,60.359998650848866
21:06:09.137337,270,0.5042866650711167,0.8938290356967503,-0.1722733282642066,-0.7655200204462744,7.35999983549118
21:06:09.137337,270,0.27800452205911125,0.9728900130712624,1.2416076806335912,-0.41748001115047373,53.23999880999327
21:06:09.137337,270,0.2930955404579441,1.0294171538545354,1.214305684453478,-0.41748001115047373,74.23999834060669
21:06:09.137337,270,0.29896329010180367,1.1132703148043501,1.221455626729751,-0.41748001115047373,44.23999901115894
21:06:09.137337,270,0.5392318967589129,1.0497076434421184,-0.16500957616327705,-0.6958000185841229,5.879999868571758
21:06:09.137337,270,0.28935069201559876,0.9701498750282153,1.2423418984093755,-0.41748001115047373,64.63999855518341
21:06:09.137337,270,0.30505761859571373,1.0265282719230195,1.2150797580340567,-0.41748001115047373,91.99999794363976
21:06:09.137337,270,0.311716515571476,1.1103209333125894,1.2222459111186397,-0.41748001115047373,54.119998790323734
21:06:09.137337,270,0.30066792714530294,0.9673002802340517,1.2431054450332275,-0.41748001115047373,78.51999824494123
21:06:09.137337,270,0.3169891912272013,1.0235239915606162,1.2158847525309993,-0.41748001115047373,114.63999743759632
21:06:09.137337,270,0.33712818014486895,1.1040533660439522,1.2239253007067787,-0.41748001115047373,67.23999849706888
21:06:09.137337,270,0.35111542772032117,1.2460858562325858,1.3375565996153371,-0.4872000130126253,32.63999927043915
21:06:09.137337,270,0.31195509573419244,0.9643415136458636,1.2438982441511246,-0.41748001115047373,94.87999787926674
21:06:09.137337,270,0.32888906520514005,1.0204046131928441,1.216720587445531,-0.41748001115047373,142.11999682337046
21:06:09.137337,270,0.34978407810342205,1.100735807018552,1.2248142379684772,-0.41748001115047373,84.11999811977148
21:06:09.137337,270,0.3648484373962176,1.2426279875542265,1.3384831327352364,-0.4872000130126253,39.87999910861254
21:06:09.137337,270,0.3070441255248567,0.9131911725617394,1.28249913803969,-0.41748001115047373,30.51999931782484
21:06:09.137337,270,0.3232110690748648,0.9612738711378309,1.2447202164838194,-0.41748001115047373,112.51999748498201
21:06:09.137337,270,0.34075605055210173,1.0171704487549276,1.21758717919486,-0.41748001115047373,172.6399961411953
21:06:09.137337,270,0.3624049979472143,1.0972961693229484,1.22573588611127,-0.41748001115047373,105.639997638762
21:06:09.137337,270,0.3785449625340447,1.239037643294465,1.3394451625801893,-0.4872000130126253,49.239998899400234
21:06:09.137337,270,0.31770637350515907,0.9101738342746548,1.2833076313970058,-0.41748001115047373,34.99999921768904
21:06:09.137337,270,0.3344347215794161,0.9580976594716345,1.2455712798347671,-0.41748001115047373,128.75999712198973
21:06:09.137337,270,0.35258896057949396,1.0138218216606,1.218484441120538,-0.41748001115047373,200.63999551534653
21:06:09.137337,270,0.374989677594835,1.0937347969180282,1.2266901529711147,-0.41748001115047373,131.2399970665574
21:06:09.137337,270,0.39220363349276366,1.2353151824847188,1.3404425929480173,-0.4872000130126253,61.11999863386154
21:06:09.137337,270,0.3389344953133815,0.9038309592479694,1.2850071996380976,-0.41748001115047373,39.11999912559986
21:06:09.137337,270,0.3582292787120482,0.9588224512400026,1.2575098029168095,-0.41748001115047373,139.23999688774347
21:06:09.137337,270,0.3699152149470616,1.0404864155242592,1.2627951554496057,-0.41748001115047373,217.7599951326847
21:06:09.137337,270,0.3927088512006953,1.1198707199346682,1.2743619961540915,-0.41748001115047373,158.1199964657426
21:06:09.137337,270,0.4058230844167219,1.231460977367951,1.341475324096519,-0.4872000130126253,75.51999831199646
21:06:09.137337,270,0.34949824634690574,0.9005060567905574,1.2858981045664735,-0.41748001115047373,42.119999058544636
21:06:09.137337,270,0.3693944004850152,0.9553082695158756,1.2584514250718457,-0.41748001115047373,140.51999685913324
21:06:09.137337,270,0.38185487331479234,1.0368556146302716,1.2637680256170278,-0.41748001115047373,217.2399951443076
21:06:09.137337,270,0.4053842139104755,1.116016194382859,1.275394813162904,-0.41748001115047373,179.2399959936738
21:06:09.137337,270,0.4194019533722374,1.2274754133614438,1.3425432527534453,-0.4872000130126253,90.9999979659915
21:06:09.137337,270,0.4422505712502851,1.2175086807879143,1.2094979359990703,-0.4872000130126253,9.119999796152115
21:06:09.137337,270,0.36148893078829936,0.9040832821103144,1.2964654439873122,-0.41748001115047373,43.119999036192894
21:06:09.137337,270,0.38052258312741266,0.9516864185044683,1.259421897125458,-0.41748001115047373,132.11999704688787
21:06:09.137337,270,0.39375634651511005,1.0331096689557682,1.2647717487354018,-0.41748001115047373,199.87999553233385
21:06:09.137337,270,0.4100746133633247,1.1439987163502416,1.3232526821126251,-0.6263600167294499,186.3599958345294
21:06:09.137337,270,0.43293888248379087,1.2233588890182585,1.3436462721268247,-0.20888000557897612,104.11999767273664
21:06:09.137337,270,0.3669735690817639,0.9311883298075541,1.3357557726231968,-0.41748001115047373,41.879999063909054
21:06:09.137337,270,0.38818216888380824,1.0600425589245612,1.4302765768178323,-0.27832000743364915,117.35999737679958
21:06:09.137337,270,0.40759895194580975,1.1130656446121676,1.4017791418504362,-0.20888000557897612,173.11999613046646
21:06:09.137337,270,0.4228556261567659,1.1399759387677082,1.3243305821171951,-0.3480400092958007,176.51999605447054
21:06:09.137337,270,0.4464325180698127,1.2191118159873806,1.3447842719156444,-0.20888000557897612,110.23999753594398
21:06:09.137337,270,0.37987461909721937,1.0034037896103027,1.4597428312930758,-0.27832000743364915,38.87999913096428
21:06:09.137337,270,0.3998763420174268,1.056236496950866,1.4312964080500266,-0.27832000743364915,100.2399977594614
21:06:09.137337,270,0.4198780649376342,1.1090692042914292,1.4028499848069773,-0.20888000557897612,144.75999676436186
21:06:09.137337,270,0.43987978785784154,1.1619019116319924,1.374403561563928,-0.20888000557897612,154.75999654084444
21:06:09.137337,270,0.46867364323619454,1.1830141236757301,1.2959645870279162,-0.20888000557897612,106.75999761372805
21:06:09.137337,270,0.3909458652289816,0.9996809816038462,1.460740354691982,-0.27832000743364915,34.759999223053455
21:06:09.137337,270,0.41488141437990605,1.0742969764344452,1.4777741673193348,-0.27832000743364915,83.99999812245369
21:06:09.137337,270,0.4356336875784265,1.128033064816793,1.4516525509357427,-0.27832000743364915,119.23999733477831
21:06:09.137337,270,0.4526998530976178,1.1575910471683246,1.3755586542156477,-0.20888000557897612,129.2399971112609
21:06:09.137337,270,0.48189920531732716,1.1784231711994106,1.2971947290364356,-0.20888000557897612,95.23999787122011
21:06:09.137337,270,0.405251122329472,1.0167001457577323,1.5049302664828867,-0.27832000743364915,30.23999932408333
21:06:09.137337,270,0.4265890066061331,1.0702329525999188,1.478863119223817,-0.27832000743364915,69.87999843806028
21:06:09.137337,270,0.44792689088279414,1.1237657594421053,1.4527959719647474,-0.27832000743364915,97.9999978095293
21:06:09.137337,270,0.4654746487313566,1.1531565679916056,1.3767468693299023,-0.20888000557897612,105.5199976414442
21:06:09.137337,270,0.49507657788166365,1.1737047012809747,1.298459039240591,-0.20888000557897612,80.63999819755554
21:06:09.137337,270,0.4382539402890961,1.0660560471952272,1.4799823176538651,-0.27832000743364915,58.23999869823456
21:06:09.137337,270,0.4601753018733471,1.119379926187001,1.45397115244359,-0.27832000743364915,81.1199981868267
21:06:09.137337,270,0.48209666345759805,1.172703805178775,1.4279599872333146,-0.27832000743364915,85.75999808311462
21:06:09.137337,270,0.5082044432029875,1.1688591857634614,1.2997573912104212,-0.13916000371682458,66.35999851673841
21:06:09.137337,270,0.49488034249329615,1.167985329354852,1.4292242990198407,-0.27832000743364915,70.11999843269587
21:06:09.137337,270,0.5212814885057653,1.1638871091943628,1.301089655111817,-0.13916000371682458,54.239998787641525
21:06:09.137337,270,0.5343064060964224,1.1587889687771697,1.3024556977195043,-0.13916000371682458,44.359999008476734
21:06:09.190933,271,0.40974910400017656,0.9953409494297858,-0.005671114828575519,0.06972000186215155,9.63999978452921
21:06:09.190933,271,0.2904276228992486,1.0337257016245178,0.8398992416481823,-0.27832000743364915,5.239999882876873
21:06:09.190933,271,0.2731673032329496,1.0653464755912796,1.2561339224308583,-0.3480400092958007,38.6399991363287
21:06:09.190933,271,0.4910629148528106,0.8703904387149004,-0.1153104896874555,-0.27832000743364915,15.87999964505434
21:06:09.190933,271,0.2853691649408122,1.0626489291743175,1.2568567278148288,-0.3480400092958007,46.879998952150345
21:06:09.190933,271,0.28935069201559876,0.9701498750282153,1.2423418984093755,-0.3480400092958007,52.3599988296628
21:06:09.190933,271,0.29754248997126337,1.0598336586669952,1.257611077273741,-0.3480400092958007,57.35999871790409
21:06:09.190933,271,0.3158766244225213,1.1404101119939314,1.2688584826387859,-0.4872000130126253,53.23999880999327
21:06:09.190933,271,0.5468212849938356,0.8785985090027856,-0.16819232093625835,-0.27832000743364915,15.87999964505434
21:06:09.190933,271,0.30066792714530294,0.9673002802340517,1.2431054450332275,-0.20888000557897612,63.63999857753515
21:06:09.190933,271,0.32179866368608895,1.0538510832241967,1.259214103532297,-0.3480400092958007,71.11999841034412
21:06:09.190933,271,0.32876846459632053,1.1372966894169223,1.2696927217039922,-0.4872000130126253,63.879998572170734
21:06:09.190933,271,0.3677872130624289,1.2044579316834634,1.1533476950557415,-0.6263600167294499,9.239999793469906
21:06:09.190933,271,0.5900420728513845,0.8906084639939026,-0.222293985094991,-0.27832000743364915,8.759999804198742
21:06:09.190933,271,0.31195509573419244,0.9643415136458636,1.2438982441511246,-0.20888000557897612,77.99999825656414
21:06:09.190933,271,0.3338790867734139,1.0506843765412526,1.2600626200306582,-0.3480400092958007,88.7599980160594
21:06:09.190933,271,0.3416274281991026,1.134058898974215,1.2705602850383768,-0.4872000130126253,76.87999828159809
21:06:09.190933,271,0.31222984479394333,0.8810421892698338,1.245494278136763,-0.20888000557897612,44.23999901115894
21:06:09.190933,271,0.3232110690748648,0.9612738711378309,1.2447202164838194,-0.20888000557897612,95.879997856915
21:06:09.190933,271,0.3459261222317856,1.047401142213188,1.2609423600174252,-0.3480400092958007,111.35999751091003
21:06:09.190933,271,0.3544522293452805,1.1306970644421415,1.271461085886333,-0.4872000130126253,92.51999793201685
21:06:09.190933,271,0.3226770773671016,0.877975798818052,1.2463159149819965,-0.20888000557897612,53.75999879837036
21:06:09.190933,271,0.3344347215794161,0.9580976594716345,1.2455712798347671,-0.20888000557897612,117.87999736517668
21:06:09.190933,271,0.35793856536775137,1.0440017085606843,1.2618532355193368,-0.3480400092958007,139.35999688506126
21:06:09.190933,271,0.36724158556548425,1.1272115220013377,1.2723950341685308,-0.4872000130126253,110.63999752700329
21:06:09.190933,271,0.3330920425028621,0.8748086508510741,1.2471645497220583,-0.20888000557897612,64.99999854713678
21:06:09.190933,271,0.356780578001058,0.9514208099638354,1.247360336268366,-0.20888000557897612,143.2399967983365
21:06:09.190933,271,0.3699152149470616,1.0404864155242592,1.2627951554496057,-0.20888000557897612,171.75999616086483
21:06:09.190933,271,0.3927088512006953,1.1198707199346682,1.2743619961540915,-0.3480400092958007,130.35999708622694
21:06:09.190933,271,0.34347369871343725,0.8715410620810428,1.248040097494185,-0.20888000557897612,77.23999827355146
21:06:09.190933,271,0.3679005473512277,0.9479208398015898,1.2482981504468726,-0.20888000557897612,169.63999620825052
21:06:09.190933,271,0.38185487331479234,1.0368556146302716,1.2637680256170278,-0.20888000557897612,204.63999542593956
21:06:09.190933,271,0.4053842139104755,1.116016194382859,1.275394813162904,-0.3480400092958007,149.75999665260315
21:06:09.190933,271,0.34245527844918594,0.8564801457161605,1.3335089908491666,-0.20888000557897612,7.519999831914902
21:06:09.190933,271,0.3538210078419035,0.8681733592640981,1.2489424707443333,-0.20888000557897612,88.51999802142382
21:06:09.190933,271,0.37898372695488963,0.9443136357731269,1.2492646978532336,-0.20888000557897612,192.35999570041895
21:06:09.190933,271,0.39375634651511005,1.0331096689557682,1.2647717487354018,-0.20888000557897612,230.75999484211206
21:06:09.190933,271,0.4180190385384959,1.1120394289970263,1.2764603842365259,-0.3480400092958007,165.5199963003397
21:06:09.190933,271,0.43702673385665547,1.1626048451609816,1.2435603981135643,-0.20888000557897612,53.35999880731106
21:06:09.190933,271,0.374408449501685,0.8611389685369538,1.2508273300589168,-0.20888000557897612,95.99999785423279
21:06:09.190933,271,0.390029008503369,0.9405995585958274,1.250259881833518,-0.20888000557897612,205.23999541252851
21:06:09.190933,271,0.4056184444106655,1.0292489530921787,1.2658062244332569,-0.20888000557897612,241.8799945935607
21:06:09.190933,271,0.4306120616128792,1.1079408214503765,1.277558602818743,-0.3480400092958007,174.11999610811472
21:06:09.190933,271,0.3809755943714233,0.8899215099515614,1.288734225344232,-0.20888000557897612,97.23999782651663
21:06:09.190933,271,0.40266368358989685,0.9441211680787037,1.2614489998675809,-0.20888000557897612,204.23999543488026
21:06:09.190933,271,0.42921977354420077,1.0211847665094644,1.2679670167157089,-0.20888000557897612,234.8799947500229
21:06:09.190933,271,0.4431620238418683,1.103720781600231,1.2786893590886166,-0.3480400092958007,173.75999611616135
21:06:09.190933,271,0.3941291411813857,1.0205608880520978,1.5038957837029268,-0.13916000371682458,91.75999794900417
21:06:09.190933,271,0.41153052785186034,1.0523176701253392,1.4323464545332039,-0.13916000371682458,190.51999574154615
21:06:09.190933,271,0.43494805834711314,1.0493899629250942,1.3125982817736275,-0.3480400092958007,213.99999521672726
21:06:09.190933,271,0.4609398621945347,1.1271697652662058,1.3277619859650556,-0.3480400092958007,164.9999963119626
21:06:09.190933,271,0.405251122329472,1.0167001457577323,1.5049302664828867,-0.13916000371682458,81.6399981752038
21:06:09.190933,271,0.4265890066061331,1.0702329525999188,1.478863119223817,-0.13916000371682458,168.87999622523785
21:06:09.190933,271,0.44430910485482294,1.1007215191594928,1.405086740296749,-0.13916000371682458,186.51999583095312
21:06:09.190933,271,0.4735441085325041,1.1226565167487266,1.3289713072605551,-0.3480400092958007,150.63999663293362
21:06:09.190933,271,0.4163325787048452,1.0127321682034534,1.5059934828641404,-0.13916000371682458,69.87999843806028
21:06:09.190933,271,0.4382539402890961,1.0660560471952272,1.4799823176538651,-0.13916000371682458,145.11999675631523
21:06:09.190933,271,0.4601753018733471,1.119379926187001,1.45397115244359,-0.13916000371682458,158.87999644875526
21:06:09.190933,271,0.49088332595994777,1.1439185515928472,1.379222188363615,-0.13916000371682458,133.63999701291323
21:06:09.190933,271,0.42812870828100846,1.0136024051502233,1.518006563325688,-0.13916000371682458,58.51999869197607
21:06:09.190933,271,0.4506711772081875,1.0669721051508487,1.492627928678737,-0.13916000371682458,122.75999725610018
21:06:09.190933,271,0.4723776957192479,1.114876003631132,1.4551779748552074,-0.13916000371682458,134.1199970021844
21:06:09.190933,271,0.5035146667083646,1.139115938164708,1.3805090447532438,-0.13916000371682458,116.63999739289284
21:06:09.190933,271,0.43914525602766846,1.0094137587354333,1.5191289077499106,-0.13916000371682458,48.75999891012907
21:06:09.190933,271,0.4622677845968672,1.0625629119008992,1.4938093684493337,-0.13916000371682458,103.35999768972397
21:06:09.248314,272,0.46658855416386885,1.0101353311802497,-2.0579559042303304,0.20888000557897612,6.6399998515844345
21:06:09.248314,272,0.34125802838215863,1.12720619426675,-0.9569512121452439,-0.4872000130126253,13.999999687075615
21:06:09.248314,272,0.3524576966036489,1.1542556488637081,-0.81136350211874,-0.13916000371682458,28.759999357163906
21:06:09.248314,272,0.3679174919971472,1.1203558565686964,-0.95511566969117,-0.4872000130126253,14.239999681711197
21:06:09.248314,272,0.3791061192607547,1.070170466845131,-1.099902051140008,-0.4872000130126253,7.1199998408555984
21:06:09.248314,272,0.3416274281991026,1.134058898974215,-0.7294397149616232,0.20888000557897612,56.759998731315136
21:06:09.248314,272,0.3656890694334303,1.1507872374958514,-0.8104341440937037,-0.13916000371682458,32.75999926775694
21:06:09.248314,272,0.38119270223771196,1.1167379020831543,-0.9541462417085165,-0.4872000130126253,13.999999687075615
21:06:09.248314,272,0.34224959556910584,1.1061555387329307,-0.6497733208063154,-0.27832000743364915,56.519998736679554
21:06:09.248314,272,0.3544522293452805,1.1306970644421415,-0.728538914113667,0.20888000557897612,66.63999851047993
21:06:09.248314,272,0.378883873662643,1.1471911964327082,-0.8094705877948853,-0.13916000371682458,36.87999917566776
21:06:09.248314,272,0.39442979352741653,1.1129919019496133,-0.9531425039978874,-0.4872000130126253,14.6399996727705
21:06:09.248314,272,0.31714518667184616,0.9734456080547138,-0.6283504422753792,-0.13916000371682458,23.519999474287033
21:06:09.248314,272,0.33384398630305884,1.0247009127035884,-0.6614352834607424,-0.20888000557897612,38.75999913364649
21:06:09.248314,272,0.3505427859342716,1.075956217352463,-0.6945201246461059,-0.20888000557897612,67.23999849706888
21:06:09.248314,272,0.36724158556548425,1.1272115220013377,-0.7276049658314692,-0.13916000371682458,78.35999824851751
21:06:09.248314,272,0.39204078982191864,1.1434678852753721,-0.8084729295771074,-0.13916000371682458,41.11999908089638
21:06:09.248314,272,0.40762744216822194,1.109118230764948,-0.9521045569322125,-0.4872000130126253,14.759999670088291
21:06:09.248314,272,0.339138395043016,0.9671061842714022,-0.626651798792162,-0.13916000371682458,29.11999934911728
21:06:09.248314,272,0.3569952137622424,1.0180276961591574,-0.6596472004767442,-0.20888000557897612,47.75999893248081
21:06:09.248314,272,0.37485203248146887,1.0689492080469127,-0.6926426021613263,-0.20888000557897612,80.23999820649624
21:06:09.248314,272,0.3927088512006953,1.1198707199346682,-0.7256380038459085,-0.13916000371682458,91.63999795168638
21:06:09.248314,272,0.40515850223066413,1.1396176763518393,-0.8074412692053556,-0.13916000371682458,44.87999899685383
21:06:09.248314,272,0.42078432840632113,1.1051172758930319,-0.9510325043053292,-0.4872000130126253,14.119999684393406
21:06:09.248314,272,0.3500846779007611,0.9637774647752766,-0.6257598710913455,-0.13916000371682458,36.23999918997288
21:06:09.248314,272,0.36851785657066594,1.014523707977804,-0.6587083096732623,-0.27832000743364915,59.239998675882816
21:06:09.248314,272,0.37918916675487885,1.095701909943464,-0.6469722794142031,-0.27832000743364915,95.879997856915
21:06:09.248314,272,0.4053842139104755,1.116016194382859,-0.724605186837096,-0.13916000371682458,106.23999762535095
21:06:09.248314,272,0.4182356991286287,1.135640954679776,-0.806375709844803,-0.13916000371682458,47.51999893784523
21:06:09.248314,272,0.4338991365641132,1.1009894374259999,-0.9499264533216019,-0.41748001115047373,12.879999712109566
21:06:09.248314,272,0.36099595258401745,0.9603431805051603,-0.6248396573945889,-0.13916000371682458,44.99999899417162
21:06:09.248314,272,0.38000364790217694,1.0109085966691156,-0.6577396435175507,-0.13916000371682458,73.63999835401773
21:06:09.248314,272,0.3914281580827853,1.0919800831301465,-0.6459750189252063,-0.27832000743364915,113.75999745726585
21:06:09.248314,272,0.4100746133633247,1.1439987163502416,-0.6767473178873747,-0.27832000743364915,120.99999729543924
21:06:09.248314,272,0.4312710728070787,1.1315381179280182,-0.8052763580504927,-0.13916000371682458,48.51999891549349
21:06:09.248314,272,0.44697055517176987,1.304928804584064,-0.6326014594759536,-0.41748001115047373,11.359999746084213
21:06:09.248314,272,0.37187112797445804,1.0856763177622526,-0.3549936574179834,-0.13916000371682458,54.239998787641525
21:06:09.248314,272,0.39145143918726505,1.1428409605081111,-0.3736853109719375,-0.13916000371682458,90.51999797672033
21:06:09.248314,272,0.415787493300327,1.213889976230963,-0.3413387115307106,-0.27832000743364915,132.63999703526497
21:06:09.248314,272,0.4355943537418602,1.2717160285726,-0.35759905685499416,-0.13916000371682458,134.23999699950218
21:06:09.248314,272,0.45019237282568625,1.3143348887456865,-0.42976027163380004,-0.20888000557897612,47.51999893784523
21:06:09.248314,272,0.46806565472824235,1.3232029090010742,-0.5769359351173899,-0.41748001115047373,9.999999776482582
21:06:09.248314,272,0.36787957242952396,1.007810586226083,-0.37950832072866486,-0.06972000186215155,8.879999801516533
21:06:09.248314,272,0.3827091165636552,1.0819033851827373,-0.3549936574179834,-0.13916000371682458,61.75999861955643
21:06:09.248314,272,0.40286008565639286,1.1388693698760217,-0.3736853109719375,-0.13916000371682458,107.51999759674072
21:06:09.248314,272,0.42790540127684873,1.2096714766981476,-0.3413387115307106,-0.13916000371682458,150.2399966418743
21:06:09.248314,272,0.44828952225652163,1.2672965724625291,-0.35759905685499416,-0.13916000371682458,143.51999679207802
21:06:09.248314,272,0.46331299293460604,1.3097673239558758,-0.42976027163380004,-0.20888000557897612,44.87999899685383
21:06:09.248314,272,0.3935088345618299,1.078022263171123,-0.3549936574179834,-0.13916000371682458,64.51999855786562
21:06:09.248314,272,0.4142284464544715,1.1347838932610907,-0.3736853109719375,-0.13916000371682458,119.8799973204732
21:06:09.248314,272,0.43998051907174224,1.2053320110311259,-0.3413387115307106,-0.13916000371682458,162.8799963593483
21:06:09.248314,272,0.4609398621945347,1.2627503877569544,-0.35759905685499416,-0.13916000371682458,146.99999671429396
21:06:09.248314,272,0.4763872821323964,1.3050687835309933,-0.42976027163380004,-0.20888000557897612,41.23999907821417
21:06:09.248314,272,0.40426920200623045,1.0740333398363595,-0.3549936574179834,-0.13916000371682458,60.99999863654375
21:06:09.248314,272,0.4255553847549456,1.130584939207556,-0.3736853109719375,-0.13916000371682458,122.5199972614646
21:06:09.248314,272,0.45201163918334464,1.2008720131728292,-0.3413387115307106,-0.13916000371682458,167.1199962645769
21:06:09.248314,272,0.4735441085325041,1.2580779290705368,-0.35759905685499416,-0.13916000371682458,143.8799967840314
21:06:09.248314,272,0.4200615245970307,1.0516979364765626,-0.40060137985528005,-0.13916000371682458,53.119998812675476
21:06:09.248314,272,0.4418941161630929,1.1393041945933824,-0.3250783662064271,-0.13916000371682458,113.99999745190144
21:06:09.248314,272,0.4639975585097244,1.1962919291193068,-0.3413387115307106,-0.13916000371682458,161.75999638438225
21:06:09.248314,272,0.48610100085635605,1.2532796636452312,-0.35759905685499416,-0.13916000371682458,135.11999697983265
21:06:09.248314,272,0.4305573255443564,1.0474448068781155,-0.40060137985528005,-0.13916000371682458,43.87999901920557
21:06:09.248314,272,0.4532648734506035,1.134828362446694,-0.3250783662064271,-0.13916000371682458,98.35999780148268
21:06:09.248314,272,0.47593707846899075,1.1915922168751267,-0.3413387115307106,-0.13916000371682458,148.3599966838956
21:06:09.248314,272,0.49860928348737804,1.24835607130356,-0.35759905685499416,-0.13916000371682458,122.63999725878239
21:06:09.248314,272,0.4410100711198489,1.0430869336765312,-0.40060137985528005,-0.13916000371682458,35.35999920964241
21:06:09.248314,272,0.4645903046305148,1.130239048414521,-0.3250783662064271,-0.13916000371682458,81.1199981868267
21:06:09.248314,272,0.4878290051191507,1.1867733464075763,-0.3413387115307106,-0.13916000371682458,130.75999707728624
21:06:09.248314,272,0.5160956564119558,1.2555394673115696,-0.30355741344847537,-0.13916000371682458,108.63999757170677
21:06:09.248314,272,0.45141871605770806,1.0386247526554777,-0.40060137985528005,-0.13916000371682458,28.359999366104603
21:06:09.248314,272,0.4758692771691972,1.1255367114244221,-0.3250783662064271,-0.13916000371682458,65.63999853283167
21:06:09.248314,272,0.504587989110882,1.1934628544767214,-0.2897543894365299,-0.13916000371682458,112.2399974912405
21:06:09.248314,272,0.528625036982291,1.2503158204308937,-0.30355741344847537,0.13916000371682458,94.75999788194895
21:06:09.248314,272,0.472099545111544,1.0293892623984937,-0.40060137985528005,-0.13916000371682458,22.879999488592148
21:06:09.248314,272,0.4871006631788465,1.1207218217061559,-0.3250783662064271,-0.13916000371682458,52.999998815357685
21:06:09.248314,272,0.5164971892913383,1.1883573861531869,-0.2897543894365299,0.13916000371682458,95.11999787390232
21:06:09.248314,272,0.5411015554918105,1.2449671430156906,-0.30355741344847537,0.13916000371682458,81.87999816983938
21:06:09.248314,272,0.5031855160720579,1.1267721962440682,-0.27595136542458454,0.13916000371682458,42.9999990388751
21:06:09.248314,272,0.528354740185587,1.183133083086644,-0.2897543894365299,0.13916000371682458,80.23999820649624
21:06:09.300007,273,0.34224959556910584,1.1061555387329307,-0.6497733208063154,-0.20888000557897612,84.75999810546637
21:06:09.300007,273,0.35459865598280144,1.102789992145997,-0.6488715253162572,-0.20888000557897612,99.75999777019024
21:06:09.300007,273,0.34943366504159895,1.046937747058334,-0.6170720131500796,-0.13916000371682458,54.87999877333641
21:06:09.300007,273,0.36691225682798184,1.229546058416835,-0.3413387115307106,-0.20888000557897612,117.23999737948179
21:06:09.300007,273,0.38439084861436473,1.2881179192301393,-0.35759905685499416,-0.20888000557897612,112.11999749392271
21:06:09.300007,273,0.6537178102150892,1.3194458597065115,-1.8179594103947343,0.13916000371682458,9.519999787211418
21:06:09.300007,273,0.671321666613273,1.3549769942059817,-1.8669149320253684,0.13916000371682458,10.759999759495258
21:06:09.300007,273,0.6889953795844652,1.3906491252709257,-1.916064721598981,0.13916000371682458,8.879999801516533
21:06:09.300007,273,0.36112574005764964,1.1674213710505097,-0.3250783662064271,-0.13916000371682458,66.63999851047993
21:06:09.300007,273,0.37918916675487885,1.2258155202944359,-0.3413387115307106,-0.13916000371682458,137.75999692082405
21:06:09.300007,273,0.39725259345210806,1.2842096695383622,-0.35759905685499416,-0.20888000557897612,127.23999715596437
21:06:09.300007,273,0.37278170280224593,1.1637518033384502,-0.3250783662064271,-0.13916000371682458,81.51999817788601
21:06:09.300007,273,0.3914281580827853,1.2219624016469968,-0.3413387115307106,-0.13916000371682458,160.99999640136957
21:06:09.300007,273,0.4100746133633247,1.2801729999555431,-0.35759905685499416,-0.13916000371682458,143.2399967983365
21:06:09.300007,273,0.37187112797445804,1.0856763177622526,-0.3549936574179834,-0.13916000371682458,37.51999916136265
21:06:09.300007,273,0.38440038768887885,1.159965861421049,-0.3250783662064271,-0.13916000371682458,100.51999775320292
21:06:09.300007,273,0.4036280069228224,1.2179870877831536,-0.3413387115307106,-0.13916000371682458,186.51999583095312
21:06:09.300007,273,0.4228556261567659,1.2760083141452585,-0.35759905685499416,-0.13916000371682458,159.63999643176794
21:06:09.300007,273,0.4639252755931303,1.270928964260933,-0.6872549564923712,-0.20888000557897612,14.6399996727705
21:06:09.300007,273,0.3827091165636552,1.0819033851827373,-0.3549936574179834,-0.13916000371682458,46.879998952150345
21:06:09.300007,273,0.4075212802971758,1.1520463809337658,-0.3250783662064271,-0.13916000371682458,124.11999722570181
21:06:09.300007,273,0.42790540127684873,1.2096714766981476,-0.3413387115307106,-0.13916000371682458,213.35999523103237
21:06:09.300007,273,0.44828952225652163,1.2672965724625291,-0.35759905685499416,-0.13916000371682458,175.51999607682228
21:06:09.300007,273,0.3935088345618299,1.078022263171123,-0.3549936574179834,-0.13916000371682458,58.75999868661165
21:06:09.300007,273,0.41153052785186034,1.163380363621182,-0.27595136542458454,-0.13916000371682458,152.51999659091234
21:06:09.300007,273,0.43211519047473906,1.2215723826002565,-0.2897543894365299,-0.13916000371682458,239.35999464988708
21:06:09.300007,273,0.4609398621945347,1.2627503877569544,-0.35759905685499416,-0.13916000371682458,189.75999575853348
21:06:09.300007,273,0.38574096961876153,0.9384171432142455,-0.515384606582088,0.06972000186215155,7.1199998408555984
21:06:09.300007,273,0.40894670048502557,1.0864601813774137,-0.30881802088214355,-0.13916000371682458,72.63999837636948
21:06:09.300007,273,0.42314356097828926,1.159206958491881,-0.27595136542458454,-0.13916000371682458,183.9999958872795
21:06:09.300007,273,0.44430910485482294,1.217190224703515,-0.2897543894365299,-0.13916000371682458,261.99999414384365
21:06:09.300007,273,0.42392062926627405,1.092964430690626,-0.2621483414126391,-0.13916000371682458,86.75999806076288
21:06:09.300007,273,0.4462415281641653,1.1505128179881763,-0.27595136542458454,-0.13916000371682458,213.87999521940947
21:06:09.300007,273,0.4685624270620565,1.2080612052857265,-0.2897543894365299,-0.13916000371682458,278.23999378085136
21:06:09.300007,273,0.5082044432029875,1.3102673981711557,-0.37385940217927766,-0.20888000557897612,64.99999854713678
21:06:09.300007,273,0.4273724021711517,1.1018638914561536,-0.21505928053761666,-0.13916000371682458,97.11999782919884
21:06:09.300007,273,0.44987504894519986,1.1598808663861029,-0.22638290134427994,-0.13916000371682458,234.3599947616458
21:06:09.300007,273,0.4806194095773049,1.2033152566589729,-0.2897543894365299,-0.13916000371682458,285.75999361276627
21:06:09.300007,273,0.5035146667083646,1.2606375612974066,-0.30355741344847537,-0.13916000371682458,211.51999527215958
21:06:09.300007,273,0.43836948875529397,1.0975351460253384,-0.21505928053761666,-0.13916000371682458,99.51999777555466
21:06:09.300007,273,0.46145117047331463,1.155324197418556,-0.22638290134427994,-0.13916000371682458,238.63999466598034
21:06:09.300007,273,0.4845328521913353,1.2131132488117735,-0.23770652215094323,-0.13916000371682458,283.63999366015196
21:06:09.300007,273,0.4610455117937628,1.090475208335074,-0.2032303019709432,-0.13916000371682458,92.87999792397022
21:06:09.300007,273,0.48446382635019486,1.145864732344159,-0.22638290134427994,-0.13916000371682458,225.1199949681759
21:06:09.300007,273,0.5086965958374624,1.2031806234637858,-0.23770652215094323,-0.06972000186215155,272.6399939060211
21:06:09.300007,273,0.46321194887710865,1.0955993140239353,-0.16762617070597852,-0.06972000186215155,80.35999820381403
21:06:09.300007,273,0.49677563304028927,1.1429820045958827,-0.21393108582081805,-0.13916000371682458,199.75999553501606
21:06:09.300007,273,0.5207027666573821,1.1980335838742897,-0.23770652215094323,-0.06972000186215155,254.75999430567026
21:06:09.300007,273,0.4747890541261634,1.0923952560315968,-0.1557230177573039,-0.06972000186215155,66.35999851673841
21:06:09.300007,273,0.5081804237611836,1.137957182550603,-0.21393108582081805,-0.06972000186215155,170.1199961975217
21:06:09.300007,273,0.532656867636881,1.1927667419301198,-0.23770652215094323,-0.06972000186215155,232.87999479472637
21:06:09.300007,273,0.49654054761931404,1.082681636441787,-0.1557230177573039,-0.06972000186215155,53.87999879568815
21:06:09.300007,273,0.5219756712183153,1.1381416414168062,-0.17645227293045562,-0.06972000186215155,141.75999683141708
21:06:09.300007,273,0.5455213882468242,1.1894818905985622,-0.2246318696706929,-0.06972000186215155,209.23999532312155
21:06:09.300007,273,0.5073423564763287,1.0776621802046318,-0.1557230177573039,-0.06972000186215155,43.5199990272522
21:06:09.300007,273,0.5333307991238714,1.1328650652114953,-0.17645227293045562,-0.06972000186215155,117.35999737679958
21:06:09.300007,273,0.5573887328000694,1.1839672941615427,-0.2246318696706929,-0.06972000186215155,185.87999584525824
21:06:09.300007,273,0.5446325943963402,1.1274752034487785,-0.17645227293045562,-0.06972000186215155,97.23999782651663
21:06:09.300007,273,0.5692003389470153,1.1783343019870358,-0.2246318696706929,-0.06972000186215155,163.75999633967876
21:06:09.300007,273,0.5836849133221698,1.1780934070049212,-0.18527837515493276,-0.06972000186215155,143.6399967893958
21:06:09.352698,274,0.36976834314752605,0.9948619570730229,-1.2554908663630004,-0.06972000186215155,5.519999876618385
21:06:09.352698,274,0.4047019647590265,1.2212278608585718,-0.9184713558154397,-0.06972000186215155,10.519999764859676
21:06:09.352698,274,0.4234995726366691,1.1601822567824749,-0.881720880879285,0.06972000186215155,13.879999689757824
21:06:09.352698,274,0.3809755943714233,1.0436872984428878,-0.45670134567365056,0.20888000557897612,23.519999474287033
21:06:09.352698,274,0.40877303983930846,1.1198387401431302,-0.4216944389818952,-0.13916000371682458,31.239999301731586
21:06:09.352698,274,0.7657130195505568,1.5454938776058955,-1.6724649605551223,0.3480400092958007,6.239999860525131
21:06:09.352698,274,0.3913932445554405,1.0398254221522178,-0.45670134567365056,0.20888000557897612,29.23999934643507
21:06:09.352698,274,0.4199508018708352,1.1156950864966932,-0.4216944389818952,-0.13916000371682458,38.87999913096428
21:06:09.352698,274,0.40177175574291174,1.035859564190499,-0.45670134567365056,0.20888000557897612,36.51999918371439
21:06:09.352698,274,0.4246437239549223,1.0948287343365273,-0.46902894587631816,0.20888000557897612,48.87999890744686
21:06:09.352698,274,0.4468415675036608,1.1871365385787525,-0.3923769645258917,-0.13916000371682458,66.75999850779772
21:06:09.352698,274,0.49507657788166365,1.3152838449682447,-0.37385940217927766,-0.13916000371682458,20.999999530613422
21:06:09.352698,274,0.7981723949210038,1.3622618893745175,-1.7263904954197575,0.41748001115047373,4.999999888241291
21:06:09.352698,274,0.422407213776172,1.0276174999422325,-0.45670134567365056,0.20888000557897612,45.11999899148941
21:06:09.352698,274,0.44645391249979927,1.0861174677892111,-0.46902894587631816,0.20888000557897612,61.519998624920845
21:06:09.352698,274,0.46429693176583353,1.1624490615248748,-0.44278749810851037,-0.13916000371682458,77.23999827355146
21:06:09.352698,274,0.43523958816404423,1.001399794741704,-0.5007660647087243,0.20888000557897612,54.359998784959316
21:06:09.352698,274,0.4554432647447764,1.0772246476819194,-0.4807482635623984,0.20888000557897612,75.99999830126762
21:06:09.352698,274,0.475898013728632,1.157748047727299,-0.44278749810851037,-0.13916000371682458,87.75999803841114
21:06:09.352698,274,0.44523165719142466,0.9969974019266606,-0.5007660647087243,0.20888000557897612,61.99999861419201
21:06:09.352698,274,0.4661925594718338,1.072616430261963,-0.4807482635623984,0.20888000557897612,90.35999798029661
21:06:09.352698,274,0.4914990560722471,1.130841649636387,-0.49248966618211265,0.20888000557897612,96.87999783456326
21:06:09.352698,274,0.4312124316328021,0.9402369723331828,-0.4743989857552785,0.20888000557897612,8.879999801516533
21:06:09.352698,274,0.45517920342610146,0.9924953102067098,-0.5007660647087243,0.20888000557897612,65.11999854445457
21:06:09.352698,274,0.47689523533352035,1.0679009520976193,-0.4807482635623984,0.20888000557897612,99.87999776750803
21:06:09.352698,274,0.5007494256339119,1.121317112809501,-0.5047951814511463,0.20888000557897612,102.8799977004528
21:06:09.352698,274,0.5297012110671605,1.2187372161494643,-0.4110686180798459,-0.13916000371682458,63.63999857753515
21:06:09.352698,274,0.4650812321217852,0.9878939697872519,-0.5007660647087243,0.20888000557897612,62.35999860614538
21:06:09.352698,274,0.48956938024391045,1.0399100310476421,-0.5271331436621702,0.20888000557897612,100.51999775320292
21:06:09.352698,274,0.511937372364617,1.1162536367369824,-0.5047951814511463,0.20888000557897612,104.23999767005444
21:06:09.352698,274,0.47493675308390215,0.9831938407984737,-0.5007660647087243,0.20888000557897612,55.11999876797199
21:06:09.352698,274,0.49994382874055715,1.03496242388318,-0.5271331436621702,0.20888000557897612,91.87999794632196
21:06:09.352698,274,0.5341585722350105,1.1057923288122335,-0.5047951814511463,0.20888000557897612,100.87999774515629
21:06:09.352698,274,0.4945043343813668,0.973499106980574,-0.5007660647087243,0.20888000557897612,46.23999896645546
21:06:09.352698,274,0.5205417114049851,1.0247572285343898,-0.5271331436621702,0.20888000557897612,78.35999824851751
21:06:09.352698,274,0.5465790884286034,1.0760153500882057,-0.553500222615616,0.20888000557897612,93.75999790430069
21:06:09.352698,274,0.5042144379749786,0.9685054716167123,-0.5007660647087243,0.20888000557897612,37.75999915599823
21:06:09.352698,274,0.5307630858017568,1.019500660861047,-0.5271331436621702,0.20888000557897612,64.23999856412411
21:06:09.352698,274,0.557311733628535,1.0704958501053816,-0.553500222615616,0.20888000557897612,84.35999811440706
21:06:09.352698,274,0.513874120547224,0.9634149865171036,-0.5007660647087243,0.20888000557897612,30.63999931514263
21:06:09.352698,274,0.5409313843346221,1.0141421439757565,-0.5271331436621702,0.20888000557897612,51.879998840391636
21:06:09.352698,274,0.5679886481220202,1.0648693014344093,-0.553500222615616,0.20888000557897612,74.23999834060669
21:06:09.352698,274,0.5510455901822466,1.0086822137257176,-0.5271331436621702,0.20888000557897612,41.999999061226845
21:06:09.406723,275,0.5267548181244736,0.9591379068981554,0.004029461181324301,-0.06972000186215155,5.519999876618385
21:06:09.406723,275,0.5856359115327099,0.9694588041690095,-0.04705666166676581,-0.06972000186215155,7.239999838173389
21:06:09.406723,275,0.6716611467905957,1.1016310707118362,-0.026644291987476976,-0.06972000186215155,4.999999888241291
21:06:09.406723,275,0.488470970507837,0.9861476205010017,0.9551481203987788,0.06972000186215155,13.639999695122242
21:06:09.406723,275,0.42314356097828926,1.0482864703273802,1.4334266112635956,0.06972000186215155,36.11999919265509
21:06:09.406723,275,0.44430910485482294,1.1007215191594928,1.405086740296749,0.06972000186215155,47.8799989297986
21:06:09.406723,275,0.4462415281641653,1.039888575477466,1.4356768204067516,0.06972000186215155,44.63999900221825
21:06:09.406723,275,0.4685624270620565,1.0919035635351566,1.4074495043851833,0.06972000186215155,58.87999868392944
21:06:09.406723,275,0.4577241524462452,1.0355227202079604,1.4368466478004867,0.06972000186215155,54.75999877601862
21:06:09.406723,275,0.4806194095773049,1.0873193291863341,1.4086778462768654,0.06972000186215155,72.51999837905169
21:06:09.406723,275,0.49860928348737804,1.1132659232520945,1.3314875092044267,0.06972000186215155,64.63999855518341
21:06:09.406723,275,0.4645903046305148,1.0075906144189315,1.3934710192651285,0.06972000186215155,65.75999853014946
21:06:09.406723,275,0.492628330554259,1.0826188644829413,1.4099373319981905,0.06972000186215155,88.2399980276823
21:06:09.406723,275,0.5110677056077866,1.1083895173244236,1.3327941382347124,0.06972000186215155,73.87999834865332
21:06:09.406723,275,0.5410181742904587,1.1247959256562308,1.2536912675615557,0.06972000186215155,36.999999172985554
21:06:09.406723,275,0.4758692771691972,1.0030485056762806,1.394688073634656,0.13916000371682458,75.35999831557274
21:06:09.406723,275,0.504587989110882,1.0778026394675106,1.4112278356016417,0.13916000371682458,104.35999766737223
21:06:09.406723,275,0.5234750213858073,1.103393018106529,1.33413294616513,0.06972000186215155,82.63999815285206
21:06:09.406723,275,0.472099545111544,0.8906304072544639,1.3466232352179814,0.27832000743364915,21.359999522566795
21:06:09.406723,275,0.4871006631788465,0.9983976793466733,1.3959342587938117,0.13916000371682458,80.51999820023775
21:06:09.406723,275,0.5164971892913383,1.072871135758508,1.41254922803794,0.13916000371682458,116.75999739021063
21:06:09.406723,275,0.5358299901002573,1.098276925244146,1.3355037991160081,0.06972000186215155,89.35999800264835
21:06:09.406723,275,0.5094161879652048,0.9887717450666988,1.398513520110526,0.13916000371682458,78.75999823957682
21:06:09.406723,275,0.534897068857889,1.0382298809903594,1.3684273043311594,0.13916000371682458,120.99999729543924
21:06:09.406723,275,0.5603779497505733,1.08768801691402,1.3383410885517926,0.06972000186215155,92.87999792397022
21:06:09.406723,275,0.5204980952081314,0.9837975997016948,1.399846338344114,0.13916000371682458,71.23999840766191
21:06:09.406723,275,0.546533290559586,1.0330069300149665,1.3698267898271232,0.13916000371682458,115.11999742686749
21:06:09.406723,275,0.5725684859110405,1.0822162603282384,1.3398072413101325,0.13916000371682458,92.11999794095755
21:06:09.406723,275,0.525448380387554,0.9539794327039345,1.3575144799926986,0.13916000371682458,60.63999864459038
21:06:09.406723,275,0.5581148593901128,1.027671844790104,1.3712563216046763,0.13916000371682458,101.87999772280455
21:06:09.406723,275,0.584701765702615,1.0766270277560044,1.3413048716641722,0.13916000371682458,87.35999804735184
21:06:09.406723,275,0.5470970606256956,0.9436190941751611,1.3602905243347965,0.13916000371682458,49.99999888241291
21:06:09.406723,275,0.56964061720229,1.0222251588198252,1.3727157567118384,0.13916000371682458,85.75999808311462
21:06:09.406723,275,0.5967765758074829,1.0709208781158928,1.3428338298521312,0.13916000371682458,79.75999821722507
21:06:09.406723,275,0.5578398767449554,0.9382826142025656,1.3617204298338783,0.13916000371682458,40.759999088943005
21:06:09.406723,275,0.5811094114299923,1.0166674167681629,1.3742049492063217,0.13916000371682458,70.35999842733145
21:06:09.406723,275,0.6087917087547499,1.0650983820180864,1.344393962979472,0.13916000371682458,70.75999841839075
21:06:09.406723,275,0.5685269093438994,0.9328426351481384,1.3631780678283543,0.13916000371682458,33.11999925971031
21:06:09.406723,275,0.5925200952034054,1.010999174404667,1.3757237501701245,0.13916000371682458,57.2399987205863
21:06:09.406723,275,0.6151625730771965,0.9993334670133796,1.3788495670447578,0.13916000371682458,46.759998954832554
21:06:09.406723,275,0.1310375833401293,0.08999370680755278,1.803177007014059,-3.0615200817701407,5.239999882876873
21:06:09.462444,276,0.7290901712725097,1.400451409157056,-1.7263904954197575,0.6263600167294499,5.999999865889549
21:06:09.462444,276,0.5342061122320272,1.263516305068541,-0.7854432992586777,0.41748001115047373,8.999999798834324
21:06:09.462444,276,0.8413082603010325,1.2565173480860297,-1.8669149320253684,0.06972000186215155,6.9999998435378075
21:06:09.462444,276,0.4554432647447764,1.0772246476819194,-0.4807482635623984,0.3480400092958007,25.51999942958355
21:06:09.462444,276,0.475898013728632,1.157748047727299,-0.44278749810851037,0.3480400092958007,41.63999906927347
21:06:09.462444,276,0.4661925594718338,1.072616430261963,-0.4807482635623984,0.3480400092958007,31.359999299049377
21:06:09.462444,276,0.48745150628876527,1.1529312600949129,-0.44278749810851037,0.3480400092958007,49.87999888509512
21:06:09.462444,276,0.56400740334458,1.2297897147496533,-0.6872549564923712,0.27832000743364915,13.639999695122242
21:06:09.462444,276,0.9119529245411336,1.3919366111965392,-1.8195543338667524,0.20888000557897612,5.879999868571758
21:06:09.462444,276,0.47883165931255617,1.0722371434823599,-0.46902894587631816,0.3480400092958007,38.519999139010906
21:06:09.462444,276,0.49895625410665717,1.1479991803024436,-0.44278749810851037,0.3480400092958007,59.119998678565025
21:06:09.462444,276,0.472099545111544,1.0293892623984937,-0.40060137985528005,0.3480400092958007,21.119999527931213
21:06:09.462444,276,0.4895299104200483,1.06739529539312,-0.46902894587631816,0.3480400092958007,46.51999896019697
21:06:09.462444,276,0.5218149186446224,1.1377911285324454,-0.44278749810851037,0.3480400092958007,68.63999846577644
21:06:09.462444,276,0.5358299901002573,1.2328383186977168,-0.35759905685499416,0.20888000557897612,66.87999850511551
21:06:09.462444,276,0.48236966116194196,1.0246168767038513,-0.40060137985528005,0.3480400092958007,23.35999947786331
21:06:09.462444,276,0.5107784899713612,1.0573918781633433,-0.46902894587631816,0.3480400092958007,53.99999879300594
21:06:09.462444,276,0.5331665495173931,1.1325161773515409,-0.44278749810851037,0.3480400092958007,76.51999828964472
21:06:09.462444,276,0.5603779497505733,1.2218758741269913,-0.35759905685499416,0.20888000557897612,71.8799983933568
21:06:09.462444,276,0.5858588306432575,1.2774356505745341,-0.37385940217927766,0.20888000557897612,43.5199990272522
21:06:09.462444,276,0.4925915406503533,1.0197420301799633,-0.40060137985528005,0.3480400092958007,24.759999446570873
21:06:09.462444,276,0.5213266935750291,1.0522313093561484,-0.46902894587631816,0.3480400092958007,58.87999868392944
21:06:09.462444,276,0.5444648641818993,1.1271279755017243,-0.44278749810851037,0.3480400092958007,80.51999820023775
21:06:09.462444,276,0.5725684859110405,1.2162110948687295,-0.35759905685499416,0.20888000557897612,74.5199983343482
21:06:09.462444,276,0.5027641613973933,1.014765210307398,-0.40060137985528005,0.3480400092958007,24.999999441206455
21:06:09.462444,276,0.5318227649461076,1.0469655182995778,-0.46902894587631816,0.3480400092958007,58.999998681247234
21:06:09.462444,276,0.5517311878683866,1.142170409357207,-0.3923769645258917,0.20888000557897612,78.9999982342124
21:06:09.462444,276,0.5398917685960916,1.0628504505465508,-0.4216944389818952,0.3480400092958007,54.239998787641525
21:06:09.462444,276,0.56964061720229,1.149746790042213,-0.3413387115307106,0.20888000557897612,72.75999837368727
21:06:09.462444,276,0.5967765758074829,1.2045172547156604,-0.35759905685499416,0.20888000557897612,70.51999842375517
21:06:09.462444,276,0.5610393852767328,1.0518407722621934,-0.4216944389818952,0.3480400092958007,46.759998954832554
21:06:09.462444,276,0.5868264416795068,1.155247744475814,-0.2897543894365299,0.20888000557897612,63.63999857753515
21:06:09.462444,276,0.6087917087547499,1.1984893631950708,-0.35759905685499416,0.20888000557897612,64.87999854981899
21:06:09.462444,276,0.5685269093438994,1.065878437538145,-0.3736853109719375,0.20888000557897612,38.6399991363287
21:06:09.462444,276,0.5983493852494697,1.1493218160908063,-0.2897543894365299,0.20888000557897612,53.87999879568815
21:06:09.462444,276,0.6207459630411877,1.1923416237422577,-0.35759905685499416,0.20888000557897612,57.999998703598976
21:06:09.462444,276,0.5858580859771153,1.0724060615330686,-0.3250783662064271,0.20888000557897612,31.359999299049377
21:06:09.462444,276,0.6098124943822053,1.143280956487092,-0.2897543894365299,0.20888000557897612,44.87999899685383
21:06:09.462444,276,0.5916218343067315,1.0829565323617207,-0.27595136542458454,0.20888000557897612,25.51999942958355
21:06:09.462444,276,0.6212146227764039,1.137125769745571,-0.2897543894365299,0.20888000557897612,37.239999167621136
21:06:09.516757,277,0.5446956375658376,0.822162634559919,-0.05150428209367286,0.20888000557897612,5.879999868571758
21:06:09.516757,277,0.6138462216083059,0.8223312833022178,-0.10243307780570543,0.20888000557897612,10.239999771118164
21:06:09.516757,277,0.6726505661764015,0.6521795448524811,-0.21228611517808904,0.13916000371682458,8.999999798834324
21:06:09.516757,277,0.492628330554259,1.0826188644829413,1.4099373319981905,0.20888000557897612,37.87999915331602
21:06:09.516757,277,0.5788673621808403,0.9367351950457607,0.8658877695594458,0.13916000371682458,11.759999737143517
21:06:09.516757,277,0.504587989110882,1.0778026394675106,1.4112278356016417,0.20888000557897612,45.87999897450209
21:06:09.516757,277,0.528625036982291,1.12914590208948,1.3831805078681105,0.27832000743364915,58.75999868661165
21:06:09.516757,277,0.49189282309086596,1.02176279507937,1.4405336086266052,0.27832000743364915,25.999999418854713
21:06:09.516757,277,0.5164971892913383,1.072871135758508,1.41254922803794,0.20888000557897612,55.359998762607574
21:06:09.516757,277,0.5411015554918105,1.123979476437646,1.3845648474492747,0.27832000743364915,68.23999847471714
21:06:09.516757,277,0.5031855160720579,1.0169568958026722,1.4418213454567017,0.27832000743364915,30.51999931782484
21:06:09.516757,277,0.528354740185587,1.067824846502173,1.4139013771689488,0.20888000557897612,65.99999852478504
21:06:09.516757,277,0.5535239642991162,1.118692797201674,1.3859814088811957,0.27832000743364915,77.35999827086926
21:06:09.516757,277,0.6038624125261746,1.220428698600676,1.33014147230569,0.13916000371682458,38.6399991363287
21:06:09.516757,277,0.514427890923212,1.012042159601349,1.4431382450528583,0.27832000743364915,34.879999220371246
21:06:09.516757,277,0.5401594560484734,1.0626642763232037,1.4152841477808877,0.27832000743364915,76.2399982959032
21:06:09.516757,277,0.5658910211737349,1.1132863930450585,1.3874300505089172,0.27832000743364915,84.63999810814857
21:06:09.516757,277,0.5256188234162618,1.007019077944903,1.4444841757262186,0.27832000743364915,38.359999142587185
21:06:09.516757,277,0.5519101564183009,1.0573899412742942,1.4166974015978542,0.27832000743364915,83.75999812781811
21:06:09.516757,277,0.5782014894203401,1.1077608046036853,1.3889106274694898,0.27832000743364915,88.11999803036451
21:06:09.516757,277,0.6044928224223792,1.1581316679330764,1.3611238533411256,0.27832000743364915,75.99999830126762
21:06:09.516757,277,0.5478418902486547,0.9966498982666966,1.447262589047167,0.27832000743364915,40.23999910056591
21:06:09.516757,277,0.5752448159570196,1.0465020976066481,1.4196147905159164,0.27832000743364915,85.87999808043242
21:06:09.516757,277,0.6026477416653845,1.0963542969465998,1.3919669919846653,0.27832000743364915,86.75999806076288
21:06:09.516757,277,0.5588718022999332,0.9913048371542169,1.448694793855751,0.27832000743364915,39.639999113976955
21:06:09.516757,277,0.5868264416795068,1.0408896777631567,1.4211186338805644,0.27832000743364915,81.99999816715717
21:06:09.516757,277,0.6087917087547499,1.0650983820180864,1.344393962979472,0.27832000743364915,80.87999819219112
21:06:09.516757,277,0.5360683595278409,0.9146772797993643,1.4352010204419974,0.3480400092958007,5.999999865889549
21:06:09.516757,277,0.5642942273656232,0.9628382271020155,1.405462385306061,0.27832000743364915,36.999999172985554
21:06:09.516757,277,0.5925200952034054,1.010999174404667,1.3757237501701245,0.27832000743364915,73.51999835669994
21:06:09.516757,277,0.6207459630411877,1.0591601217073179,1.3459851150341882,0.27832000743364915,72.23999838531017
21:06:09.516757,277,0.5858580859771153,0.9517282387786996,1.4084392977052127,0.3480400092958007,32.87999926507473
21:06:09.516757,277,0.6151625730771965,0.9993334670133796,1.3788495670447578,0.27832000743364915,62.879998594522476
21:06:09.516757,277,0.6444670601772775,1.0469386952480595,1.3492598363843027,0.27832000743364915,62.5199986025691
21:06:09.516757,277,0.596552674960424,0.9460175858611319,1.4099694625427293,0.3480400092958007,28.359999366104603
21:06:09.516757,277,0.6263921029487569,0.9933371685465542,1.3804562703765195,0.27832000743364915,52.63999882340431
21:06:09.516757,277,0.6562315309370896,1.0406567512319764,1.3509430782103098,0.27832000743364915,53.119998812675476
21:06:09.516757,277,0.607187609176029,0.9402039184008091,1.411527230043786,0.3480400092958007,24.119999460875988
21:06:09.516757,277,0.6375589941348142,0.9872327027731707,1.382091957050721,0.27832000743364915,43.5199990272522
21:06:09.570316,278,0.5704015259476723,1.0205243271881848,1.2463068392127294,0.20888000557897612,44.519999004900455
21:06:09.570316,278,0.5963381877134454,1.0669284707501205,1.2120357447340848,0.20888000557897612,48.63999891281128
21:06:09.570316,278,0.5564040838007658,1.0800813542676835,1.4645011730530677,0.20888000557897612,41.11999908089638
21:06:09.570316,278,0.5780139953492192,1.0494150975809988,1.2932405232659894,0.20888000557897612,50.639998868107796
21:06:09.570316,278,0.608653304234888,1.0611087603698777,1.213595131430654,0.20888000557897612,55.75999875366688
21:06:09.570316,278,0.5681948242834305,1.0746499134793295,1.4659565232260445,0.20888000557897612,46.23999896645546
21:06:09.570316,278,0.5952619096804759,1.1258429897569178,1.4405163048822653,0.20888000557897612,56.23999874293804
21:06:09.570316,278,0.6300506673737495,1.1462064962865512,1.3643191934534147,0.20888000557897612,62.99999859184027
21:06:09.570316,278,0.6510484930178686,1.1683123167080283,1.283069976132717,0.3480400092958007,43.75999902188778
21:06:09.570316,278,0.579928745759701,1.0691048563540069,1.467442316804759,0.20888000557897612,50.639998868107796
21:06:09.570316,278,0.6075547997377098,1.1200337828570315,1.442072877179755,0.20888000557897612,60.75999864190817
21:06:09.570316,278,0.6351808537157185,1.170962709360056,1.4167034375547511,0.20888000557897612,69.6399984434247
21:06:09.570316,278,0.6706903598182274,1.1896441995899754,1.3383901539550038,0.3480400092958007,48.239998921751976
21:06:09.570316,278,0.5916046748472603,1.0634467373927814,1.4689584052110987,0.20888000557897612,53.23999880999327
21:06:09.570316,278,0.6197869348239797,1.1141061281968434,1.443661187458963,0.20888000557897612,63.23999858647585
21:06:09.570316,278,0.6479691948006991,1.1647655190009056,1.4183639697068275,0.20888000557897612,74.5199983343482
21:06:09.570316,278,0.6761514547774186,1.2154249098049679,1.393066751954692,0.3480400092958007,51.759998843073845
21:06:09.570316,278,0.7054235665545344,1.2036429636152715,1.2567692096263787,0.3480400092958007,9.759999781847
21:06:09.570316,278,0.5854917294110212,1.0016893184585471,1.4972293306382918,0.3480400092958007,27.99999937415123
21:06:09.570316,278,0.6147778914396864,1.0517935884407557,1.4720808570620736,0.20888000557897612,53.35999880731106
21:06:09.570316,278,0.6733502154970168,1.1520021284051736,1.421783909909637,0.20888000557897612,76.87999828159809
21:06:09.570316,278,0.7026363775256819,1.2021063983873823,1.3966354363334186,0.3480400092958007,53.35999880731106
21:06:09.570316,278,0.6262728616423084,1.0457997237550876,1.4736869082641397,0.20888000557897612,51.23999885469675
21:06:09.570316,278,0.6377052050834582,1.039695127727252,1.4753226298399165,0.20888000557897612,47.11999894678593
21:06:09.570316,278,0.6550437526685211,1.004892243881248,1.4307641172188144,0.4872000130126253,41.999999061226845
21:06:09.570316,278,0.6661906187624852,0.9985111188380178,1.43247393452095,0.4872000130126253,36.75999917834997
21:06:09.627319,279,0.5506513278611466,1.2601301810257837,1.5270324478444663,0.27832000743364915,47.75999893248081
21:06:09.627319,279,0.5394886011833032,1.2001737282918845,1.5489830879943893,0.27832000743364915,64.11999856680632
21:06:09.627319,279,0.5640196249251034,1.254746688978054,1.5284749501911148,0.27832000743364915,56.639998733997345
21:06:09.627319,279,0.5522215196934869,1.1949011294684604,1.5503958765911392,0.27832000743364915,73.99999834597111
21:06:09.627319,279,0.5747862492927975,1.2286142085072618,1.4756230767116958,0.27832000743364915,66.87999850511551
21:06:09.627319,279,0.5648992165143527,1.1895058057770194,1.5518415492171653,0.27832000743364915,84.35999811440706
21:06:09.627319,279,0.6011189106142664,1.2172554585014257,1.4786666446027865,0.27832000743364915,78.63999824225903
21:06:09.627319,279,0.6222748494792184,1.1133326143120563,1.17776465025544,0.27832000743364915,45.35999898612499
21:06:09.627319,279,0.5769703804991402,1.1792458969371982,1.540254985467708,0.27832000743364915,94.35999789088964
21:06:09.627319,279,0.6141957310349229,1.2113858907222945,1.4802393905491245,0.27832000743364915,90.9999979659915
21:06:09.627319,279,0.6351255899442616,1.1072597860486775,1.179391859684385,0.27832000743364915,53.87999879568815
21:06:09.627319,279,0.6635063249356481,1.0604962619135638,1.0336264515684326,0.27832000743364915,16.8799996227026
21:06:09.627319,279,0.599931707178474,1.1529640129569911,1.504382087337564,0.27832000743364915,102.8799977004528
21:06:09.627319,279,0.6272111323970495,1.205390306141412,1.4818459025957242,0.27832000743364915,102.8799977004528
21:06:09.627319,279,0.6479128183824191,1.1010631348747206,1.1810522473622243,0.27832000743364915,63.35999858379364
21:06:09.627319,279,0.6762177032716123,1.0540258379431737,1.0353601964459855,0.27832000743364915,17.879999600350857
21:06:09.627319,279,0.6123210342935792,1.1471092331430557,1.5059508708605702,0.27832000743364915,108.51999757438898
21:06:09.627319,279,0.6392948862351839,1.1938456319743718,1.4700208316843275,0.27832000743364915,112.11999749392271
21:06:09.627319,279,0.6732916308085741,1.088300854755,1.1844718900138833,0.27832000743364915,72.63999837636948
21:06:09.627319,279,0.7014363319670464,1.040718278529076,1.0389259462442222,0.27832000743364915,18.35999958962202
21:06:09.627319,279,0.624649129818258,1.1411350763525434,1.5075516413480448,0.27832000743364915,110.1199975386262
21:06:09.627319,279,0.6521660567234533,1.187608302743721,1.4716921190146073,0.27832000743364915,116.75999739021063
21:06:09.627319,279,0.6858806769365913,1.0817365020265555,1.186230803026303,0.27832000743364915,79.87999821454287
21:06:09.627319,279,0.7139410604847747,1.033882473830161,1.0407575945929133,0.41748001115047373,18.35999958962202
21:06:09.627319,279,0.6745418200074311,1.1578664078324559,1.4350380737841333,0.27832000743364915,115.75999741256237
21:06:09.627319,279,0.6950343089462837,1.1128329745159595,1.2375457069617979,0.27832000743364915,83.11999814212322
21:06:09.627319,279,0.726374395494595,1.0269262265321535,1.0426215154387657,0.41748001115047373,17.639999605715275
21:06:09.627319,279,0.7497232320698273,1.011623860725295,0.9429907774989994,0.27832000743364915,8.119999818503857
21:06:09.627319,279,0.618759775060447,1.0725738833987577,1.5207904055776045,0.3480400092958007,69.99999843537807
21:06:09.627319,279,0.6859403570275481,1.1454372044969583,1.423542975969215,0.3480400092958007,109.51999755203724
21:06:09.627319,279,0.7077218632216187,1.1060581261368099,1.2393610221138345,0.27832000743364915,81.2399981841445
21:06:09.627319,279,0.7387350936734228,1.0198502322539555,1.044517522391256,0.41748001115047373,16.239999637007713
21:06:09.627319,279,0.6024216380525635,0.9688673793962538,1.4547068925422046,0.3480400092958007,20.75999953597784
21:06:09.627319,279,0.6388337298558626,1.0450278842603618,1.4874295983133807,0.3480400092958007,67.5199984908104
21:06:09.627319,279,0.6984619050970582,1.1387509994331437,1.4253345392164931,0.3480400092958007,99.63999777287245
21:06:09.627319,279,0.732883395324414,1.0921424843428655,1.2430897070946827,0.27832000743364915,74.99999832361937
21:06:09.627319,279,0.7632336426874806,1.0053418450348248,1.0484050330301002,0.41748001115047373,14.6399996727705
21:06:09.627319,279,0.6490737785383696,1.0334804108117372,1.476987858218617,0.3480400092958007,62.879998594522476
21:06:09.627319,279,0.7109136075612306,1.1319441818286344,1.4271584204966472,0.3480400092958007,88.2399980276823
21:06:09.627319,279,0.7453548570197445,1.0850030824805919,1.2450027040581202,0.27832000743364915,66.23999851942062
21:06:09.627319,279,0.7753690436883336,0.9979109029204594,1.0503961479686468,0.41748001115047373,12.999999709427357
21:06:09.627319,279,0.6603774451592216,1.0271561944750287,1.4786824268787977,0.3480400092958007,56.759998731315136
21:06:09.627319,279,0.7296612369311573,1.0936432269404535,1.378403479026241,0.3480400092958007,76.7599982842803
21:06:09.627319,279,0.757751783853832,1.0777435745264234,1.2469478833518868,0.4872000130126253,56.759998731315136
21:06:09.627319,279,0.7874269084344226,0.9903631153339554,1.0524185715570922,0.41748001115047373,11.519999742507935
21:06:09.627319,279,0.7700729361443792,1.0703646864250735,1.2489250504596832,0.4872000130126253,47.8799989297986
21:06:09.627319,279,0.7944829963758274,1.0552517331754683,1.2529745540781643,0.4872000130126253,40.11999910324812
21:06:09.677734,280,0.658817938910141,1.265471058695428,-0.816870968832052,0.27832000743364915,8.759999804198742
21:06:09.677734,280,0.6238012617516406,1.2280377117589523,-0.19410447737940986,0.3480400092958007,57.11999872326851
21:06:09.677734,280,0.7124717044761325,1.2159942594376472,-0.7159000148107518,0.27832000743364915,14.999999664723873
21:06:09.677734,280,0.6360502441210506,1.2217384018760542,-0.19410447737940986,0.3480400092958007,62.879998594522476
21:06:09.677734,280,0.6262728616423084,1.1463848141290431,-0.23770652215094323,0.3480400092958007,40.99999908357859
21:06:09.677734,280,0.6377052050834582,1.140064871270399,-0.23770652215094323,0.3480400092958007,44.11999901384115
21:06:09.677734,280,0.6680835550902582,1.194374118574374,-0.2490301429576065,0.3480400092958007,69.11999845504761
21:06:09.677734,280,0.6177618251394186,1.0543504090756788,-0.3250783662064271,0.4872000130126253,7.879999823868275
21:06:09.677734,280,0.6564757813258415,1.120424539721225,-0.2767826390717652,0.3480400092958007,45.519998982548714
21:06:09.677734,280,0.7109136075612306,1.2416364297480045,-0.2603537637642698,0.3480400092958007,68.51999846845865
21:06:09.677734,280,0.6661906187624852,1.1113742318605127,-0.2897543894365299,0.3480400092958007,44.63999900221825
21:06:09.677734,280,0.6772708663527082,1.1046568686069622,-0.2897543894365299,0.3480400092958007,41.879999063909054
21:06:09.677734,280,0.7789828777612554,1.242496972840341,-0.3901197475035612,0.4872000130126253,48.119998924434185
21:06:09.677734,280,0.688283387423714,1.0978290405920335,-0.2897543894365299,0.3480400092958007,37.75999915599823
21:06:09.736538,281,0.7238716291490733,1.4250398541537013,-1.2404887060961745,0.6958000185841229,5.359999880194664
21:06:09.736538,281,0.7244913609431766,1.5389153489885536,-0.9738850966610839,0.41748001115047373,5.239999882876873
21:06:09.736538,281,0.6479691948006991,1.275615578331665,-0.2603537637642698,0.3480400092958007,65.99999852478504
21:06:09.736538,281,0.6838600580802637,1.313572476684465,-0.3311634614723662,0.20888000557897612,59.119998678565025
21:06:09.736538,281,0.645203831274084,1.2096328955927282,-0.23533265352056773,0.3480400092958007,50.75999886542559
21:06:09.736538,281,0.6733502154970168,1.2624019440666334,-0.2603537637642698,0.3480400092958007,75.35999831557274
21:06:09.736538,281,0.6969613709094306,1.3066683121590377,-0.3311634614723662,0.20888000557897612,67.75999848544598
21:06:09.736538,281,0.6262728616423084,1.1463848141290431,-0.23770652215094323,0.3480400092958007,26.6399994045496
21:06:09.736538,281,0.6561066093349283,1.2009951244236483,-0.2490301429576065,0.3480400092958007,58.87999868392944
21:06:09.736538,281,0.6859403570275481,1.2556054347182535,-0.2603537637642698,0.3480400092958007,84.11999811977148
21:06:09.736538,281,0.7099929881854212,1.2996334818971222,-0.3311634614723662,0.20888000557897612,76.359998293221
21:06:09.736538,281,0.6377052050834582,1.140064871270399,-0.23770652215094323,0.3480400092958007,30.35999932140112
21:06:09.736538,281,0.6680835550902582,1.194374118574374,-0.2490301429576065,0.3480400092958007,66.63999851047993
21:06:09.736538,281,0.6928206145812104,1.2385980833771542,-0.31736043746042075,0.3480400092958007,91.11999796330929
21:06:09.736538,281,0.722953606757426,1.292468689375851,-0.3311634614723662,0.20888000557897612,83.51999813318253
21:06:09.736538,281,0.6490737785383696,1.133630922879775,-0.23770652215094323,0.3480400092958007,33.519999250769615
21:06:09.736538,281,0.6799936930498001,1.1876336763138897,-0.2490301429576065,0.3480400092958007,72.51999837905169
21:06:09.736538,281,0.7174523647661056,1.2244948837891354,-0.31736043746042075,0.3480400092958007,94.75999788194895
21:06:09.736538,281,0.7413630444041658,1.2653038717060836,-0.3901197475035612,0.20888000557897612,87.99999803304672
21:06:09.736538,281,0.6661906187624852,1.1113742318605127,-0.2897543894365299,0.3480400092958007,35.23999921232462
21:06:09.736538,281,0.6979259278468212,1.1643167437529451,-0.30355741344847537,0.3480400092958007,74.87999832630157
21:06:09.736538,281,0.7296612369311573,1.2172592556453778,-0.31736043746042075,0.3480400092958007,93.99999789893627
21:06:09.736538,281,0.7539788041138361,1.2578271003240817,-0.3901197475035612,0.20888000557897612,88.51999802142382
21:06:09.736538,281,0.6772708663527082,1.1046568686069622,-0.2897543894365299,0.3480400092958007,35.23999921232462
21:06:09.736538,281,0.7095340049682675,1.1572793856014194,-0.30355741344847537,0.3480400092958007,73.11999836564064
21:06:09.736538,281,0.7417971435838268,1.2099019025958762,-0.31736043746042075,0.3480400092958007,89.11999800801277
21:06:09.736538,281,0.7789828777612554,1.242496972840341,-0.3901197475035612,0.3480400092958007,85.11999809741974
21:06:09.736538,281,0.8041917777956298,1.254650946915934,-0.527159734614971,0.13916000371682458,40.99999908357859
21:06:09.736538,281,0.688283387423714,1.0978290405920335,-0.2897543894365299,0.3480400092958007,33.359999254345894
21:06:09.736538,281,0.721071129283665,1.1501263004809026,-0.30355741344847537,0.3480400092958007,67.5199984908104
21:06:09.736538,281,0.7583841313616677,1.183184651734579,-0.37385940217927766,0.3480400092958007,81.2399981841445
21:06:09.736538,281,0.7913686913125877,1.234645149738507,-0.3901197475035612,0.3480400092958007,78.51999824494123
21:06:09.736538,281,0.6992270807326216,1.0908914305928077,-0.2897543894365299,0.3480400092958007,30.23999932408333
21:06:09.736538,281,0.7366803544006572,1.1244136933443925,-0.35759905685499416,0.3480400092958007,59.75999866425991
21:06:09.736538,281,0.7701778615292276,1.1755417782502393,-0.37385940217927766,0.3480400092958007,71.99999839067459
21:06:09.736538,281,0.806569463331156,1.204633986060475,-0.44845192518775423,0.20888000557897612,70.11999843269587
21:06:09.736538,281,0.720903613615648,1.0766896505709467,-0.2897543894365299,0.3480400092958007,26.359999410808086
21:06:09.736538,281,0.747887469972318,1.1169907925308336,-0.35759905685499416,0.3480400092958007,51.23999885469675
21:06:09.736538,281,0.7818945745558904,1.1677813515729438,-0.37385940217927766,0.3480400092958007,62.5199986025691
21:06:09.736538,281,0.8185752740158961,1.196508194840327,-0.44845192518775423,0.4872000130126253,61.23999863117933
21:06:09.736538,281,0.7700762235309719,1.101810649926988,-0.35759905685499416,0.3480400092958007,43.359999030828476
21:06:09.788802,282,0.7868819118060387,0.9928060711525941,0.8558836428248076,0.5566400148672983,8.359999813139439
21:06:09.788802,282,0.7698902272062272,0.9487862877914595,0.900086423896225,0.3480400092958007,22.879999488592148
21:06:09.788802,282,0.6996979488931562,1.1445918287973122,1.4385949865164633,0.20888000557897612,53.35999880731106
21:06:09.788802,282,0.681197054291904,1.0882875673899353,1.464759934522493,0.41748001115047373,38.6399991363287
21:06:09.788802,282,0.7109136075612306,1.1319441818286344,1.4271584204966472,0.20888000557897612,59.75999866425991
21:06:09.788802,282,0.6918358322097362,1.0760868134172585,1.4538484321509375,0.41748001115047373,43.75999902188778
21:06:09.788802,282,0.7232942192602508,1.1250174323594881,1.4290144374230778,0.41748001115047373,64.63999855518341
21:06:09.788802,282,0.7893351778101779,1.122664352838645,1.2155603733828633,0.13916000371682458,53.75999879837036
21:06:09.788802,282,0.7036087883660719,1.0693472774141548,1.4556542853803296,0.41748001115047373,47.63999893516302
21:06:09.788802,282,0.7356025021433215,1.117971443694849,1.4309024043956466,0.41748001115047373,67.23999849706888
21:06:09.788802,282,0.7740602821993859,1.1337935323317956,1.3533552951435723,0.27832000743364915,62.639998599886894
21:06:09.788802,282,0.7269424495609037,1.0555287532370548,1.4593569477741735,0.41748001115047373,49.51999889314175
21:06:09.788802,282,0.7599971655456105,1.1035245790043045,1.4347734301226396,0.41748001115047373,66.75999850779772
21:06:09.788802,282,0.6992270807326216,0.9787262520987949,1.437775273586082,0.3480400092958007,10.239999771118164
21:06:09.788802,282,0.7325361470902481,1.0253498148517597,1.410992585620968,0.3480400092958007,48.63999891281128
21:06:09.788802,282,0.7658452134478744,1.0719733776047242,1.384209897655854,0.41748001115047373,63.51999858021736
21:06:09.788802,282,0.7552452845335088,1.0109784710382204,1.4148433755899559,0.41748001115047373,45.519998982548714
21:06:09.788802,282,0.7895869554513697,1.0569485560800373,1.3882357864498154,0.41748001115047373,57.999998703598976
21:06:09.788802,282,0.7664871332754679,1.0036290067415423,1.416812658613052,0.41748001115047373,40.759999088943005
21:06:09.788802,282,0.801339980996297,1.049264905142982,1.390294614513322,0.41748001115047373,51.639998845756054
21:06:09.788802,282,0.7810556426611989,0.9642224621109367,1.3714235842543392,0.4872000130126253,35.35999920964241
21:06:09.788802,282,0.816570933386088,1.0080665100825517,1.3428416588079606,0.4872000130126253,44.99999899417162
21:06:09.788802,282,0.7919569568815287,0.9566253314963377,1.373459229267315,0.4872000130126253,30.23999932408333
21:06:09.841823,283,0.859333399680792,1.0131971253762704,0.9281665380652073,0.4872000130126253,11.519999742507935
21:06:09.841823,283,0.8332980941116163,1.0667757746127509,1.0670798588327814,0.3480400092958007,40.23999910056591
21:06:09.841823,283,0.8275973617931394,1.099235042647197,1.22183823812788,0.41748001115047373,53.119998812675476
21:06:09.841823,283,0.7325361470902481,1.0253498148517597,1.410992585620968,0.5566400148672983,22.11999950557947
21:06:09.841823,283,0.7701778615292276,1.0387242300190431,1.334626947509198,0.3480400092958007,41.23999907821417
21:06:09.841823,283,0.8036753686577981,1.0839016806284323,1.3056877379028422,0.3480400092958007,51.759998843073845
21:06:09.896906,284,0.8212698561267278,1.0375490225795587,0.9216414668754205,0.41748001115047373,12.879999712109566
21:06:09.896906,284,0.7063850788504478,1.1822415449855943,1.532915090067301,0.4872000130126253,35.63999920338392
21:06:09.896906,284,0.7289684233047042,1.1529635890976544,1.4958935990894142,0.4872000130126253,40.879999086260796
21:06:09.896906,284,0.7606735997008002,1.2031096760912434,1.4739683937549843,0.4872000130126253,47.999998927116394
21:06:09.896906,284,0.7413732640015326,1.1458623250328897,1.497796377060808,0.4872000130126253,45.87999897450209
21:06:09.896906,284,0.7736179667335917,1.1956995552603815,1.4759539296474309,0.4872000130126253,52.11999883502722
21:06:09.896906,284,0.7526809272240527,1.133300217204796,1.4862439266772427,0.4872000130126253,49.87999888509512
21:06:09.896906,284,0.8607117272104515,1.143218352118926,1.1907019221775959,0.41748001115047373,37.51999916136265
21:06:09.896906,284,0.7316508170436111,1.0769986284655861,1.5104673453113686,0.4872000130126253,20.75999953597784
21:06:09.896906,284,0.7649196266611585,1.1259707084443416,1.488207862630523,0.4872000130126253,51.879998840391636
21:06:09.896906,284,0.8056613919850236,1.14379914840163,1.4122588168799806,0.4872000130126253,55.87999875098467
21:06:09.896906,284,0.832463346163127,1.1652205031106537,1.3306445217256253,0.41748001115047373,48.87999890744686
21:06:09.951684,285,0.699683841481848,1.1175368012859082,1.5567898878131259,0.5566400148672983,6.6399998515844345
21:06:09.951684,285,0.8911745464469373,1.0507394324530421,0.8884515606385079,0.5566400148672983,9.879999779164791
21:06:09.951684,285,0.9230156932130825,1.0882817395298137,0.8487365832118088,0.5566400148672983,7.35999983549118
21:06:09.951684,285,0.7413732640015326,1.1458623250328897,1.497796377060808,0.5566400148672983,29.11999934911728
21:06:09.951684,285,0.7736179667335917,1.1956995552603815,1.4759539296474309,0.5566400148672983,37.87999915331602
21:06:09.951684,285,0.876101850501434,1.0527841206987947,0.9812063901097352,0.41748001115047373,31.5199992954731
21:06:09.951684,285,0.818153945820472,1.23188194488326,1.441554125559602,0.5566400148672983,35.63999920338392
21:06:09.951684,285,0.8657724125207532,1.2118440658636183,1.3038618337605112,0.41748001115047373,35.35999920964241
21:06:10.007932,286,0.96876596874006,1.3860922192226384,-0.8590120848282736,0.41748001115047373,5.879999868571758
21:06:10.007932,286,0.9217991226810895,1.3188929347882012,-0.7379655575863636,0.4872000130126253,15.87999964505434
21:06:10.007932,286,0.954734467694268,1.3660162101026223,-0.7643326365398094,0.6958000185841229,10.87999975681305
21:06:10.007932,286,0.8036753686577981,1.2266698631560857,-0.3901197475035612,0.7655200204462744,39.87999910861254
21:06:10.007932,286,0.7895869554513697,1.1792701369556011,-0.31736043746042075,0.7655200204462744,11.999999731779099
21:06:10.007932,286,0.8159016791394627,1.218571910615054,-0.3901197475035612,0.7655200204462744,43.359999030828476
21:06:10.007932,286,0.9219054428335212,1.319045055672695,-0.5692624810929973,0.5566400148672983,34.639999225735664
21:06:10.007932,286,0.8401083171878145,1.2020112589965524,-0.3901197475035612,0.7655200204462744,45.2399989888072
21:06:10.007932,286,0.8520862241109771,1.1935502159703695,-0.3901197475035612,0.7655200204462744,44.87999899685383
21:06:10.007932,286,0.8876015148358662,1.2432978608864327,-0.4063800928278447,0.6958000185841229,57.51999871432781
21:06:10.007932,286,0.9231168055607555,1.2930455058024959,-0.42264043815212826,0.5566400148672983,44.63999900221825
21:06:10.007932,286,0.8639789231256072,1.1849698189225473,-0.3901197475035612,0.7655200204462744,42.35999905318022
21:06:10.007932,286,0.8999899062476465,1.2343598294970783,-0.4063800928278447,0.7655200204462744,55.359998762607574
21:06:10.007932,286,0.8757852249717669,1.176270925885601,-0.3901197475035612,0.7655200204462744,38.239999145269394
21:06:10.007932,286,0.9122882994228143,1.2252983631589218,-0.4063800928278447,0.7655200204462744,51.11999885737896
21:06:10.007932,286,0.9487913738738616,1.2743258004322424,-0.42264043815212826,0.6958000185841229,39.639999113976955
21:06:10.007932,286,0.9002577716090654,1.1363244625580045,-0.44845192518775423,0.7655200204462744,33.639999248087406
21:06:10.007932,286,0.9366101808699872,1.2068087624451498,-0.4063800928278447,0.7655200204462744,45.519998982548714
21:06:10.007932,286,0.9115758140827441,1.1272652193382176,-0.44845192518775423,0.7655200204462744,28.999999351799488
21:06:10.007932,286,0.9486312369742241,1.197382477014115,-0.4063800928278447,0.7655200204462744,39.519999116659164
21:06:10.061689,287,0.08822030767699796,0.19235993423110906,0.13865005985035883,-2.9920800799154676,5.359999880194664
21:06:10.061689,287,0.8568532622174416,1.4294476825312343,-0.7643326365398094,0.8349600223009475,20.119999550282955
21:06:10.061689,287,0.9282340181289206,1.4805562362643931,-0.8876571431466541,0.5566400148672983,6.8799998462200165
21:06:10.061689,287,0.8418053032300956,1.4043438858255761,-0.6730285595661019,0.5566400148672983,48.35999891906977
21:06:10.061689,287,0.9158079467135719,1.4607363447640298,-0.7906997154932552,0.5566400148672983,12.359999723732471
21:06:10.061689,287,0.8361928287171262,1.2222597038856151,-0.3311634614723662,0.7655200204462744,26.75999940186739
21:06:10.061689,287,0.940613613588227,1.374891146314824,-0.37251797610104054,0.6263600167294499,52.11999883502722
21:06:10.061689,287,0.8837339517509385,1.2644300005479716,-0.3449664854843116,0.6958000185841229,45.2399989888072
21:06:10.061689,287,0.9321985492004587,1.3057666562868437,-0.35876950949625697,0.6958000185841229,52.879998818039894
21:06:10.117245,288,0.9159707629921928,1.2645304160795527,0.8152803061122011,0.27832000743364915,7.35999983549118
21:06:10.117245,288,0.9158079467135719,1.2063148154798697,0.8581763380672736,0.6263600167294499,10.99999975413084
21:06:10.117245,288,0.7725678956801898,1.1901156349273294,1.461882827981987,0.6958000185841229,5.639999873936176
21:06:10.117245,288,0.853801106774994,1.1895560465439883,1.4043903274199594,0.6958000185841229,37.99999915063381
21:06:10.117245,288,0.9952792080155024,1.0933908461992239,0.915731433229634,0.6958000185841229,37.87999915331602
21:06:10.117245,288,0.9265782161367953,1.2043807729443223,1.3725798697133318,0.6958000185841229,49.99999888241291
21:06:10.117245,288,0.9679214863048557,1.213192472156417,1.2892670693901909,0.6958000185841229,42.35999905318022
21:06:10.117245,288,1.0099676567132674,1.1748707878060851,1.1435951164626426,0.6958000185841229,38.99999912828207
21:06:10.171925,289,0.975088263766944,1.3461442414030544,0.7388175299505653,0.20888000557897612,5.759999871253967
21:06:10.171925,289,0.9158079467135719,1.2063148154798697,0.8581763380672736,0.6958000185841229,12.759999714791775
21:06:10.171925,289,0.9463469490225918,1.2465412090895187,0.8201004995976571,0.6958000185841229,8.359999813139439
21:06:10.171925,289,0.9768859513316115,1.286767602699168,0.7820246611280406,0.6958000185841229,7.239999838173389
21:06:10.171925,289,0.8094311943761747,1.2675522710549283,1.5132729906973261,0.6958000185841229,5.519999876618385
21:06:10.171925,289,0.8933490539133478,1.2619203862788397,1.4412329078120836,0.6958000185841229,25.239999435842037
21:06:10.171925,289,1.0103193090298852,1.322899916506555,1.231291164318498,0.6958000185841229,21.119999527931213
21:06:10.171925,289,0.9637883453258539,1.2572375952129593,1.3641423654637805,0.6958000185841229,33.359999254345894
21:06:10.171925,289,1.0119595081366528,1.2871643203337197,1.3269982715139057,0.6958000185841229,30.879999309778214
21:06:10.227601,290,1.0921213249138289,1.0308933329170733,-0.19002531211154894,0.5566400148672983,4.999999888241291
21:06:10.227601,290,1.1462050113852438,1.215089527898736,-0.22470138362017655,0.5566400148672983,4.999999888241291
21:06:10.227601,290,1.1499043568331844,1.0335393572970037,-0.2363180971674499,0.5566400148672983,6.239999860525131
21:06:10.227601,290,1.0393586869830287,1.3072229259176327,0.7492464650032409,0.7655200204462744,5.639999873936176
21:06:10.227601,290,1.0255294214789097,1.3128674488961363,0.8518669856346868,0.20888000557897612,9.999999776482582
21:06:10.227601,290,0.8589111729416978,1.3659475994092476,1.6850476077084355,0.7655200204462744,5.639999873936176
21:06:10.227601,290,0.9930383020598686,1.3189777429328302,1.0662797268189508,0.6958000185841229,32.239999279379845
21:06:10.227601,290,1.0277524858567322,1.26291084367347,0.9089539910344304,0.20888000557897612,21.87999951094389
21:06:10.227601,290,0.9040354888295628,1.2192554654581447,1.218984493311467,0.6958000185841229,18.11999959498644
21:06:10.227601,290,0.9375329959581332,1.2644329160675338,1.190045283705111,0.6958000185841229,30.119999326765537
21:06:10.227601,290,0.9710305030867036,1.309610366676923,1.161106074098755,0.6958000185841229,33.11999925971031
21:06:10.282613,291,0.9355317270961104,1.2976012353715607,0.3806402573062386,0.27832000743364915,8.359999813139439
21:06:10.282613,291,0.9615272819511699,1.3336575904016545,0.3356432210732325,0.27832000743364915,6.239999860525131
21:06:10.282613,291,0.9207290326147498,1.3433588644367052,0.501662763238951,0.3480400092958007,8.359999813139439
21:06:10.282613,291,0.918166299733343,1.4920029897685307,0.7540773595172208,0.27832000743364915,7.1199998408555984
21:06:10.282613,291,0.9773918854272047,1.4687924014123588,0.8860715250012665,0.27832000743364915,7.519999831914902
21:06:10.282613,291,1.0131996580208122,1.3863795955046418,0.9299911114759885,0.6263600167294499,14.879999667406082
21:06:10.282613,291,1.028043453480338,1.3139205726403467,0.9712435898225908,0.7655200204462744,21.639999516308308
21:06:10.282613,291,0.9544655314865936,1.3251578000414455,1.3168179493085723,0.7655200204462744,18.23999959230423
21:06:10.282613,291,0.9955012431288198,1.3325873663900627,1.2286954199454954,0.7655200204462744,24.35999945551157
21:06:10.282613,291,1.01980989120776,1.345010934730086,1.134786572277834,0.7655200204462744,23.23999948054552
21:06:10.282613,291,0.9416945533609913,1.301250655773359,1.422239343827865,0.904680024163099,5.879999868571758
21:06:10.336551,292,1.0857296681822863,1.2087717583167987,-0.1798312293819868,0.6958000185841229,6.9999998435378075
21:06:10.336551,292,1.1111795747889344,1.1017874823738805,-0.30018891212688326,0.6958000185841229,6.359999857842922
21:06:10.336551,292,0.8586343043921744,1.371412882670773,1.456103765993534,0.6263600167294499,6.6399998515844345
21:06:10.336551,292,0.8970292509228031,1.367965328677724,1.3233946920706758,0.6263600167294499,31.999999284744263
21:06:10.336551,292,1.026721626394804,1.4270941362830512,0.998607979138421,0.6263600167294499,14.759999670088291
21:06:10.336551,292,0.973430090414854,1.3819807173603882,1.2898692196042467,0.6263600167294499,48.87999890744686
21:06:10.336551,292,1.0070103757809512,1.4296547181092534,1.2653719347064931,0.6263600167294499,47.23999894410372
21:06:10.336551,292,1.0321860879201195,1.4447775967717105,1.17005425436168,0.6263600167294499,28.639999359846115
21:06:10.393750,293,1.0511078489394123,0.93340514333212,-2.3271290022178817,0.5566400148672983,6.11999986320734
21:06:10.393750,293,1.1111795747889344,1.1017874823738805,-2.3001889121268833,0.904680024163099,8.359999813139439
21:06:10.393750,293,1.1274246253345803,1.924205359654975,-1.7668604301388722,0.20888000557897612,6.9999998435378075
21:06:10.393750,293,0.8863156091384009,1.5845210024670804,-0.25585230717120633,0.5566400148672983,23.639999471604824
21:06:10.393750,293,0.9109902826149873,1.6286334359496362,-0.33957435201641994,0.5566400148672983,31.5199992954731
21:06:10.393750,293,0.9021162393142291,1.5755787689059562,-0.25585230717120633,0.5566400148672983,26.99999939650297
21:06:10.393750,293,0.9272307960404086,1.6194422541684905,-0.33957435201641994,0.5566400148672983,35.759999200701714
21:06:10.393750,293,0.9178266586219196,1.5664789787879627,-0.25585230717120633,0.5566400148672983,30.119999326765537
21:06:10.393750,293,0.9433785871630604,1.610089129518698,-0.33957435201641994,0.5566400148672983,39.87999910861254
21:06:10.393750,293,0.9334452960327038,1.5572225420844876,-0.25585230717120633,0.5566400148672983,32.359999276697636
21:06:10.393750,293,0.9594320412173594,1.6005749973048882,-0.33957435201641994,0.5566400148672983,42.9999990388751
21:06:10.393750,293,0.9174794219286623,1.4964469839032362,-0.22948484677200187,0.5566400148672983,15.359999656677246
21:06:10.393750,293,0.9489705896959261,1.5478103844314466,-0.25585230717120633,0.5566400148672983,33.519999250769615
21:06:10.393750,293,0.9930037062766963,1.583865492158062,-0.32089662873122704,0.5566400148672983,44.75999899953604
21:06:10.393750,293,1.0321860879201195,1.610353759338658,-0.4277300721488222,0.904680024163099,46.35999896377325
21:06:10.393750,293,1.0753816584413585,1.6061124957475161,-0.5979112735658146,0.904680024163099,36.63999918103218
21:06:10.393750,293,1.1089997925802024,1.656322116583315,-0.6166029271197688,0.904680024163099,12.999999709427357
21:06:10.445950,294,-0.026610877516757718,0.17607331012887784,0.17971938331347845,-1.4613200390303973,5.239999882876873
21:06:10.445950,294,1.2843949061217015,1.5882976305410696,-1.9806788466262069,0.20888000557897612,5.239999882876873
21:06:10.445950,294,0.950260426553426,1.549914161833969,-0.23768420649990987,0.5566400148672983,12.23999972641468
21:06:10.445950,294,1.0609184780661396,1.5507402841965308,-0.7504648594260662,0.4872000130126253,34.759999223053455
21:06:10.445950,294,1.0943942171871048,1.6345082824321577,-0.6958208358526883,0.4872000130126253,36.75999917834997
21:06:10.445950,294,1.110672935680149,1.6952479460672054,-0.7169138949793035,0.4872000130126253,15.239999659359455
21:06:10.445950,294,0.9990258253288216,1.5934709211167237,-0.24588356622781785,0.41748001115047373,24.51999945193529
21:06:10.445950,294,1.0405906611470488,1.6234660617132177,-0.3508979728230832,0.41748001115047373,28.359999366104603
21:06:10.503481,295,1.1592616358834242,1.9339412381678127,-1.145349446437698,1.0438400278799236,7.1199998408555984
21:06:10.503481,295,1.188254636464534,1.982308886769677,-1.1739945047560787,1.0438400278799236,8.759999804198742
21:06:10.503481,295,0.9126024305058237,1.6315155720259673,-0.32089662873122704,0.8349600223009475,25.75999942421913
21:06:10.503481,295,0.9288716842042912,1.6223081249293672,-0.32089662873122704,0.8349600223009475,28.999999351799488
21:06:10.503481,295,0.9598463166154796,1.6764064451622827,-0.3315974125811019,0.8349600223009475,27.99999937415123
21:06:10.503481,295,0.9450480515125478,1.6129384483794451,-0.32089662873122704,0.8349600223009475,31.63999929279089
21:06:10.503481,295,0.976562109378987,1.666724322564235,-0.3315974125811019,0.8349600223009475,31.359999299049377
21:06:10.503481,295,0.9334452960327038,1.5572225420844876,-0.25585230717120633,0.5566400148672983,13.119999706745148
21:06:10.503481,295,0.9611299148074152,1.6034074793360067,-0.32089662873122704,0.8349600223009475,32.87999926507473
21:06:10.503481,295,0.9931802467497212,1.6568755289303139,-0.3315974125811019,0.8349600223009475,33.7599992454052
21:06:10.503481,295,1.0588185708502453,1.688841830322961,-0.6166029271197688,0.4872000130126253,28.239999368786812
21:06:10.503481,295,1.0936652059567642,1.706269728377371,-0.7169138949793035,0.4872000130126253,14.119999684393406
21:06:10.503481,295,0.9930037062766963,1.583865492158062,-0.32089662873122704,0.8349600223009475,32.63999927043915
21:06:10.503481,295,1.024304242371942,1.6337906220381848,-0.3508979728230832,0.8349600223009475,34.639999225735664
21:06:10.503481,295,1.0488189520655464,1.672892190832485,-0.44153309616076764,0.8349600223009475,29.999999329447746
21:06:10.503481,295,1.0087924470986667,1.5738564282059018,-0.32089662873122704,0.8349600223009475,30.759999312460423
21:06:10.503481,295,1.0405906611470488,1.6234660617132177,-0.3508979728230832,0.8349600223009475,33.7599992454052
21:06:10.503481,295,1.0567730217278484,1.6129791561422206,-0.3508979728230832,0.8349600223009475,31.5199992954731
21:06:10.559417,296,1.2253882312474997,1.701459711334513,0.26937560456057175,1.1830000315967482,5.239999882876873
21:06:10.559417,296,1.1621071302899453,1.642952033465011,0.4683155543537172,1.1830000315967482,6.5199998542666435
21:06:10.559417,296,1.1911712963598695,1.6840420754249408,0.4300083020060983,1.1830000315967482,9.63999978452921
21:06:10.559417,296,1.2202354624297942,1.7251321173848702,0.39170104965847985,1.1830000315967482,8.999999798834324
21:06:10.559417,296,0.9358709693552563,1.6091338141333789,1.3864576120079033,0.6263600167294499,27.759999379515648
21:06:10.559417,296,0.9529548939408019,1.6000114099035183,1.3889019528543247,0.6263600167294499,32.75999926775694
21:06:10.559417,296,0.9837071373294528,1.6516444311669864,1.3691815694451592,0.8349600223009475,29.519999340176582
21:06:10.559417,296,0.9868351601901136,1.5812738526243055,1.3939226661954218,0.6263600167294499,37.87999915331602
21:06:10.559417,296,1.01868073359931,1.632302205266391,1.3743643032550443,0.8349600223009475,33.11999925971031
21:06:10.559417,296,1.0036281138556398,1.5716605733149827,1.3964985366229694,0.6263600167294499,41.999999061226845
21:06:10.559417,296,1.0360156027338894,1.6223787015099693,1.3770232980726647,0.8349600223009475,35.879999198019505
21:06:10.559417,296,0.9873945399250715,1.5114828850513515,1.4185084566544215,0.6263600167294499,28.639999359846115
21:06:10.559417,296,1.0193489292562963,1.5553046119494958,1.3806812699384123,0.6263600167294499,43.99999901652336
21:06:10.559417,296,1.0532468711761702,1.6122882547410817,1.3797270251356575,0.8349600223009475,36.999999172985554
21:06:10.559417,296,1.110672935680149,1.4519328033505392,0.8687518990008782,0.4872000130126253,16.519999630749226
21:06:10.559417,296,1.158610129146429,1.538894290291474,0.9105981470675304,0.4872000130126253,5.759999871253967
21:06:10.559417,296,1.0359236885141323,1.5453783249443251,1.3833410105252875,0.6263600167294499,43.359999030828476
21:06:10.559417,296,1.0693533687684784,1.5952483142569418,1.3634411732373917,0.8349600223009475,36.51999918371439
21:06:10.559417,296,1.0989679106622308,1.6231472475798616,1.285055801081481,0.5566400148672983,22.879999488592148
21:06:10.559417,296,1.065063348947787,1.5044792926438724,1.333829987415866,0.6958000185841229,40.11999910324812
21:06:10.559417,296,1.0994333779380663,1.553029453490671,1.3123324092036484,0.6958000185841229,34.23999923467636
21:06:10.559417,296,1.0812661538298434,1.494113230999287,1.3366075652622238,0.6958000185841229,35.51999920606613
21:06:10.559417,296,1.1161590539470565,1.5423288748057693,1.3151996206208134,0.6958000185841229,30.879999309778214
21:06:10.559417,296,1.0973608330024025,1.4835911831884394,1.339426939475862,0.6958000185841229,30.35999932140112
21:06:10.559417,296,1.1133457770110313,1.4729142014072942,1.3422878281217216,0.6958000185841229,25.63999942690134
21:06:10.614760,297,0.9510038595994283,1.6960246517598425,1.440864067497543,0.7655200204462744,20.63999953866005
21:06:10.614760,297,0.9358709693552563,1.6091338141333789,1.3864576120079033,0.5566400148672983,20.75999953597784
21:06:10.614760,297,0.9687855026625418,1.6867527040705095,1.4433484783931636,0.7655200204462744,24.639999449253082
21:06:10.614760,297,0.9962728456937461,1.712988624076171,1.3468590854359643,0.5566400148672983,23.11999948322773
21:06:10.614760,297,0.9529548939408019,1.6000114099035183,1.3889019528543247,0.5566400148672983,24.23999945819378
21:06:10.614760,297,0.9864702679870383,1.6773094653584413,1.4458787865799965,0.7655200204462744,28.879999354481697
21:06:10.614760,297,1.0173088912170791,1.72974481624633,1.4285560796733783,0.7655200204462744,25.879999421536922
21:06:10.614760,297,0.9868351601901136,1.5812738526243055,1.3939226661954218,0.6958000185841229,27.359999388456345
21:06:10.614760,297,1.0040563871112016,1.6676958799395971,1.4484547390293434,0.7655200204462744,32.63999927043915
21:06:10.614760,297,1.0354447802829716,1.7198306949185567,1.4312125604768196,0.7655200204462744,27.87999937683344
21:06:10.614760,297,1.078624200854568,1.6166818133850713,1.0811228324130386,0.5566400148672983,22.99999948590994
21:06:10.614760,297,1.1050442818244022,1.5716945834774139,0.9018093349968537,0.5566400148672983,12.11999972909689
21:06:10.614760,297,1.0036281138556398,1.5716605733149827,1.3964985366229694,0.7655200204462744,29.519999340176582
21:06:10.614760,297,1.0389256624102097,1.647961531321926,1.4537425418046026,0.7655200204462744,34.879999220371246
21:06:10.614760,297,1.071404124363723,1.699479419302211,1.4366656683431624,0.7655200204462744,28.639999359846115
21:06:10.614760,297,1.020320705550621,1.5618855698962164,1.3991177408950395,0.8349600223009475,29.999999329447746
21:06:10.614760,297,1.0562053316867381,1.637842741541427,1.4564538633546675,0.8349600223009475,35.11999921500683
21:06:10.614760,297,1.0892239834743007,1.6890443001241504,1.4394617500998463,0.7655200204462744,27.99999937415123
21:06:10.614760,297,0.9990258253288216,1.4755353663297879,1.3500740909184277,0.6958000185841229,9.999999776482582
21:06:10.614760,297,1.0359236885141323,1.5453783249443251,1.3833410105252875,0.8349600223009475,28.639999359846115
21:06:10.614760,297,1.0733793813149874,1.6275575516934688,1.4592097716684287,0.8349600223009475,32.99999926239252
21:06:10.614760,297,1.106934921099084,1.6784375789489299,1.4423038124730887,0.7655200204462744,26.119999416172504
21:06:10.614760,297,1.065063348947787,1.5044792926438724,1.333829987415866,0.6263600167294499,25.879999421536922
21:06:10.614760,297,1.0904460939043834,1.617106990288419,1.4620099911573639,0.8349600223009475,29.23999934643507
21:06:10.614760,297,1.1245351661591478,1.6676603164397805,1.4451915712590335,0.7655200204462744,23.519999474287033
21:06:10.614760,297,1.0812661538298434,1.494113230999287,1.3366075652622238,0.6263600167294499,22.519999496638775
21:06:10.614760,297,1.1074037627979656,1.6064921023736631,1.4648542418018695,0.8349600223009475,25.119999438524246
21:06:10.614760,297,1.0973608330024025,1.4835911831884394,1.339426939475862,0.6263600167294499,19.119999572634697
21:06:10.614760,297,1.1409851975608118,1.5847736092609908,1.470673694492231,0.8349600223009475,21.119999527931213
21:06:10.672210,298,0.9305134019392312,1.679381436694978,1.3617494612134764,0.6958000185841229,28.11999937146902
21:06:10.672210,298,0.9596027248961847,1.7318815606890259,1.3417967383278975,0.8349600223009475,30.51999931782484
21:06:10.672210,298,0.9877503954008611,1.777095719793836,1.3016408799280232,0.8349600223009475,28.519999362528324
21:06:10.672210,298,0.948340071338173,1.6703071958107467,1.3641808967303317,0.6958000185841229,32.87999926507473
21:06:10.672210,298,0.9779866842194974,1.7225236446603849,1.34430418437061,0.8349600223009475,35.35999920964241
21:06:10.672210,298,1.0031909621051351,1.7445754953060337,1.24403059834401,0.8349600223009475,33.2399992570281
21:06:10.672210,298,0.9660719075245011,1.661061219104775,1.3666583487219337,0.6958000185841229,37.51999916136265
21:06:10.672210,298,0.9962728456937461,1.712988624076171,1.3468590854359643,0.8349600223009475,39.99999910593033
21:06:10.672210,298,1.0406036182091456,1.7248332979821377,1.2493205041737638,0.8349600223009475,37.87999915331602
21:06:10.672210,298,0.9837071373294528,1.6516444311669864,1.3691815694451592,0.6958000185841229,41.11999908089638
21:06:10.672210,298,1.0144593807181037,1.7032774524304544,1.3494611860359942,0.8349600223009475,43.239999033510685
21:06:10.672210,298,1.0591547897798856,1.714692159322961,1.2520378140878223,0.8349600223009475,41.35999907553196
21:06:10.672210,298,1.01868073359931,1.632302205266391,1.3743643032550443,0.6958000185841229,42.75999904423952
21:06:10.672210,298,1.050526307008506,1.683330557908476,1.354805940314667,0.8349600223009475,44.23999901115894
21:06:10.672210,298,1.0776000467590086,1.7043723401496873,1.2548030013013363,0.8349600223009475,42.75999904423952
21:06:10.672210,298,1.002672235959546,1.565070305436054,1.3780645602551593,0.6958000185841229,30.119999326765537
21:06:10.672210,298,1.0360156027338894,1.6223787015099693,1.3770232980726647,0.6958000185841229,41.879999063909054
21:06:10.672210,298,1.068403091612139,1.673096829704955,1.3575480595223601,0.8349600223009475,42.75999904423952
21:06:10.672210,298,1.0959375446362696,1.6938748724355888,1.2576157892979007,0.8349600223009475,41.35999907553196
21:06:10.672210,298,1.0158224358029535,1.5346312732180654,1.325750788570812,0.6958000185841229,28.999999351799488
21:06:10.672210,298,1.0522437352641842,1.6054949265953151,1.3606956017361698,0.6958000185841229,38.75999913364649
21:06:10.672210,298,1.0851385412720724,1.6556852412411343,1.3407099335339272,0.8349600223009475,39.11999912559986
21:06:10.672210,298,1.1126531361869743,1.6753048938875776,1.240538340295274,0.8349600223009475,37.99999915063381
21:06:10.672210,298,1.1540684770179614,1.5919092868598517,0.9844606172147221,0.6958000185841229,26.359999410808086
21:06:10.672210,298,1.0323398537732913,1.5247393267464793,1.3284013276394453,0.6958000185841229,26.75999940186739
21:06:10.672210,298,1.0693533687684784,1.5952483142569418,1.3634411732373917,0.6958000185841229,34.35999923199415
21:06:10.672210,298,1.102783049022825,1.6451183035695585,1.3435413359494959,0.8349600223009475,34.51999922841787
21:06:10.672210,298,1.130745035182964,1.6644700226771345,1.2434415352862076,0.8349600223009475,33.2399992570281
21:06:10.672210,298,1.1720155458581267,1.5806750703332593,0.987470816460619,0.6958000185841229,25.51999942958355
21:06:10.672210,298,1.205513052986697,1.6258525209426486,0.9585316068542629,0.6958000185841229,8.759999804198742
21:06:10.672210,298,1.086356067831801,1.5848369506342115,1.366230889712209,0.6958000185841229,29.639999337494373
21:06:10.672210,298,1.1203172793925875,1.6343814642274965,1.3464182633804642,0.8349600223009475,29.639999337494373
21:06:10.672210,298,1.1665878146389248,1.6422787521469633,1.2493876683037874,0.8349600223009475,28.359999366104603
21:06:10.672210,298,1.1898454141256216,1.569268063032914,0.9905273148548024,0.6958000185841229,23.519999474287033
21:06:10.672210,298,1.1200338724762637,1.5635241504171158,1.3719416373188258,0.6958000185841229,25.119999438524246
21:06:10.672210,298,1.1787959888367998,1.606442469616574,1.193025334953874,0.6958000185841229,23.999999463558197
21:06:10.672210,298,1.2251464289533005,1.5459402560405247,0.9967779818996023,0.6958000185841229,20.999999530613422
21:06:10.672210,298,1.2457488417885567,1.5475586748964967,0.8889255085128156,0.6958000185841229,8.759999804198742
21:06:10.672210,298,1.280364377974444,1.5905605798661633,0.8580521591063075,0.6958000185841229,7.999999821186066
21:06:10.672210,298,1.2426140454415764,1.5340217891096348,0.9999715254887511,0.6958000185841229,18.35999958962202
21:06:10.726289,299,0.9622981487755534,1.7584292704589592,1.4208701033317768,0.8349600223009475,25.879999421536922
21:06:10.726289,299,0.9914691806039999,1.8117341596784797,1.40331440433141,0.8349600223009475,24.759999446570873
21:06:10.726289,299,0.9807337467214666,1.7490450690210855,1.4233845925286661,0.8349600223009475,31.63999929279089
21:06:10.726289,299,1.0099074662703424,1.795502782558798,1.3854414845542649,0.8349600223009475,29.519999340176582
21:06:10.726289,299,0.9687855026625418,1.6867527040705095,1.4433484783931636,0.8349600223009475,27.519999384880066
21:06:10.726289,299,0.9990712721143672,1.7394832655594308,1.4259466700444017,0.8349600223009475,38.1199991479516
21:06:10.726289,299,1.0287904749045624,1.785656545759854,1.3880797757530274,0.8349600223009475,34.35999923199415
21:06:10.726289,299,0.9864702679870383,1.6773094653584413,1.4458787865799965,0.8349600223009475,30.999999307096004
21:06:10.726289,299,1.0173088912170791,1.72974481624633,1.4285560796733783,0.8349600223009475,44.23999901115894
21:06:10.726289,299,1.0452116241067546,1.7549104736939227,1.3297408026268287,0.6958000185841229,38.6399991363287
21:06:10.726289,299,0.9726679939394318,1.6155610649606378,1.4656969175818673,0.8349600223009475,6.5199998542666435
21:06:10.726289,299,1.0040563871112016,1.6676958799395971,1.4484547390293434,0.8349600223009475,33.639999248087406
21:06:10.726289,299,1.0354447802829716,1.7198306949185567,1.4312125604768196,0.8349600223009475,48.63999891281128
21:06:10.726289,299,1.0823718804177025,1.7343589105505617,1.3352475773742896,0.6958000185841229,41.11999908089638
21:06:10.726289,299,1.0389256624102097,1.647961531321926,1.4537425418046026,0.8349600223009475,34.759999223053455
21:06:10.726289,299,1.071404124363723,1.699479419302211,1.4366656683431624,0.8349600223009475,49.359998896718025
21:06:10.726289,299,1.1007905804903886,1.7238149578999413,1.3380728209720554,0.8349600223009475,40.99999908357859
21:06:10.726289,299,1.1213815745189455,1.7101015519637355,1.1541717009193087,0.7655200204462744,32.51999927312136
21:06:10.726289,299,1.0562053316867381,1.637842741541427,1.4564538633546675,0.8349600223009475,33.99999924004078
21:06:10.726289,299,1.0892239834743007,1.6890443001241504,1.4394617500998463,0.8349600223009475,46.11999896913767
21:06:10.726289,299,1.119099202427269,1.7130936244308121,1.3409455936168935,0.8349600223009475,38.359999142587185
21:06:10.726289,299,1.1870530369688814,1.6374078238656744,0.9554353727677412,0.8349600223009475,20.87999953329563
21:06:10.726289,299,1.0727885843920761,1.6214187089070091,1.4399402041122134,0.8349600223009475,31.75999929010868
21:06:10.726289,299,1.1063256549284897,1.6721068262125167,1.4224318477104325,0.7655200204462744,40.3599990978837
21:06:10.726289,299,1.137295915381489,1.702195982267539,1.3438656080339457,0.8349600223009475,33.99999924004078
21:06:10.726289,299,1.2390105601152677,1.6710299715520378,0.929592397247907,0.8349600223009475,7.639999829232693
21:06:10.726289,299,1.0898459033211711,1.6109738995777199,1.4427388823370935,0.8349600223009475,28.359999366104603
21:06:10.726289,299,1.1239162126675515,1.6613354955981277,1.4253180170499669,0.7655200204462744,33.87999924272299
21:06:10.726289,299,1.155378899696998,1.6911231211652085,1.3468325722242172,0.8349600223009475,29.11999934911728
21:06:10.726289,299,1.1413943797269646,1.6503947946412134,1.4282495690360024,0.7655200204462744,27.759999379515648
21:06:10.726289,299,1.1911964608323533,1.6684561886617282,1.3529061584834154,0.8349600223009475,24.35999945551157
21:06:10.726289,299,1.3148430938592015,1.6333925168319972,0.8273008387488368,0.3480400092958007,4.999999888241291
21:06:10.726289,299,1.17335836110701,1.6081160772555134,1.3749595996647548,0.8349600223009475,22.639999493956566
21:06:10.726289,299,1.2089274559260939,1.6568643839348383,1.3560121731988048,0.8349600223009475,20.239999547600746
21:06:12.315018,300,0.8876120455782283,1.8854052298279897,-0.10428153930744617,0.8349600223009475,16.359999634325504
21:06:12.315018,300,0.9156176066028889,1.9448927407098018,-0.021497142250701665,0.7655200204462744,17.359999611973763
21:06:12.315018,300,0.9251401190249063,1.8672771043122882,-0.10428153930744617,0.8349600223009475,19.879999555647373
21:06:12.315018,300,0.9543297500002674,1.9261926442210588,-0.021497142250701665,0.7655200204462744,21.239999525249004
21:06:12.315018,300,0.981229371388506,1.9804860924242003,-0.1106039043792851,-3.6878800984995905,21.519999518990517
21:06:12.315018,300,0.9437663218209768,1.8579324944450502,-0.10428153930744617,0.8349600223009475,23.879999466240406
21:06:12.315018,300,0.9735436388937289,1.9165531971631895,-0.021497142250701665,0.7655200204462744,25.879999421536922
21:06:12.315018,300,1.0009848407332,1.970574938992042,-0.1106039043792851,-3.6878800984995905,25.75999942421913
21:06:12.315018,300,0.9622981487755534,1.8484020928849447,-0.10428153930744617,0.8349600223009475,28.239999368786812
21:06:12.315018,300,0.9926601742389366,1.9067220963912939,-0.021497142250701665,0.7655200204462744,31.119999304413795
21:06:12.315018,300,1.0206402124324465,1.960466729716934,-0.1106039043792851,0.7655200204462744,30.35999932140112
21:06:12.315018,300,0.9807337467214666,1.838686852664144,-0.10428153930744617,0.8349600223009475,32.119999282062054
21:06:12.315018,300,1.011677444398372,1.8967003250072125,-0.021497142250701665,0.7655200204462744,36.23999918997288
21:06:12.315018,300,1.040193520965543,1.9501624754113351,-0.1106039043792851,0.7655200204462744,34.759999223053455
21:06:12.315018,300,0.9990712721143672,1.8287877452985302,-0.10428153930744617,0.8349600223009475,34.35999923199415
21:06:12.315018,300,1.0293570415661928,1.8842254758952863,-0.10744272184336565,0.8349600223009475,39.639999113976955
21:06:12.315018,300,1.059642811018018,1.9396632064920427,-0.1106039043792851,0.7655200204462744,37.87999915331602
21:06:12.315018,300,0.9864702679870383,1.7635736545972431,-0.10112035677152671,0.8349600223009475,11.879999734461308
21:06:12.315018,300,1.0173088912170791,1.8187057606905461,-0.10428153930744617,0.8349600223009475,33.99999924004078
21:06:12.315018,300,1.0481475144471202,1.8738378667838493,-0.10744272184336565,0.8349600223009475,40.11999910324812
21:06:12.315018,300,1.0789861376771608,1.9289699728771525,-0.1106039043792851,0.7655200204462744,38.6399991363287
21:06:12.315018,300,1.1120445666062488,1.8979558075591252,-0.5851796212553418,0.7655200204462744,23.639999471604824
21:06:12.315018,300,1.0354447802829716,1.8084419070302067,-0.10428153930744617,0.8349600223009475,31.359999299049377
21:06:12.315018,300,1.0668331734547416,1.863262875455637,-0.10744272184336565,0.7655200204462744,37.35999916493893
21:06:12.315018,300,1.0982215666265114,1.9180838438810675,-0.1106039043792851,0.7655200204462744,36.75999917834997
21:06:12.315018,300,1.071404124363723,1.7873727161436435,-0.10428153930744617,0.8349600223009475,27.239999391138554
21:06:12.315018,300,1.1038825863172363,1.8415549947422947,-0.10744272184336565,0.7655200204462744,32.63999927043915
21:06:12.315018,300,1.1363610482707496,1.8957372733409457,-0.1106039043792851,0.7655200204462744,32.99999926239252
21:06:12.315018,300,1.297985694152388,1.8972604831069986,-1.0542662873243405,0.5566400148672983,5.119999885559082
21:06:12.315018,300,1.3304481675233404,1.9447107502309675,-1.0806333662777863,0.5566400148672983,5.759999871253967
21:06:12.315018,300,1.0892239834743007,1.776569485818857,-0.10428153930744617,0.7655200204462744,22.879999488592148
21:06:12.315018,300,1.1222426352618633,1.830424276127049,-0.10744272184336565,0.7655200204462744,27.239999391138554
21:06:12.315018,300,1.155261287049426,1.8842790664352411,-0.1106039043792851,0.7655200204462744,28.359999366104603
21:06:12.315018,300,1.2248388599810531,1.8695022584435605,-0.6913695413355855,0.7655200204462744,14.6399996727705
21:06:12.315018,300,1.106934921099084,1.7655886000338998,-0.10428153930744617,0.7655200204462744,18.879999577999115
21:06:12.315018,300,1.14049046088318,1.8191105166177217,-0.10744272184336565,0.7655200204462744,22.359999500215054
21:06:12.315018,300,1.1740460006672766,1.8726324332015434,-0.1106039043792851,0.7655200204462744,23.879999466240406
21:06:12.315018,300,1.276957585273873,1.9071717637629595,-0.7099873148359668,0.8349600223009475,8.999999798834324
21:06:12.315018,300,1.3125664185929984,1.9185730695406318,-0.8222958188371752,0.8349600223009475,5.879999868571758
21:06:12.315018,300,1.1245351661591478,1.754431156868151,-0.10428153930744617,0.7655200204462744,15.639999650418758
21:06:12.315018,300,1.1586242384139123,1.807614847580785,-0.10744272184336565,0.7655200204462744,18.23999959230423
21:06:12.315018,300,1.192713310668677,1.860798538293419,-0.1106039043792851,0.7655200204462744,19.759999558329582
21:06:12.315018,300,1.2959651372805208,1.8943070432315559,-0.7099873148359668,0.8349600223009475,8.759999804198742
21:06:12.315018,300,1.3148430938592015,1.8812528935828807,-0.7099873148359668,0.8349600223009475,8.359999813139439
21:06:12.322720,301,0.953184745206706,1.9238815983682442,-0.10744272184336565,0.8349600223009475,22.11999950557947
21:06:12.322720,301,0.981229371388506,1.9804860924242003,-0.1106039043792851,0.8349600223009475,24.879999443888664
21:06:12.322720,301,1.0020098880738746,2.0224289097600936,-0.29507972459526577,0.5566400148672983,27.99999937415123
21:06:12.322720,301,0.9723755812770883,1.9142537167185458,-0.10744272184336565,0.8349600223009475,26.519999407231808
21:06:12.322720,301,1.0009848407332,1.970574938992042,-0.1106039043792851,0.8349600223009475,30.119999326765537
21:06:12.322720,301,1.0221837395749893,2.0123078575058315,-0.29507972459526577,0.5566400148672983,32.51999927312136
21:06:12.322720,301,0.9914691806039999,1.9044344113009395,-0.10744272184336565,0.8349600223009475,31.239999301731586
21:06:12.322720,301,1.0206402124324465,1.960466729716934,-0.1106039043792851,0.8349600223009475,35.759999200701714
21:06:12.322720,301,1.0422553735585325,2.001985576151732,-0.29507972459526577,0.5566400148672983,36.75999917834997
21:06:12.322720,301,1.010463633843505,1.8944246640377396,-0.10744272184336565,0.8349600223009475,35.759999200701714
21:06:12.322720,301,1.040193520965543,1.9501624754113351,-0.1106039043792851,0.8349600223009475,40.879999086260796
21:06:12.322720,301,1.0622227828779225,1.9914630979172827,-0.29507972459526577,0.5566400148672983,39.639999113976955
21:06:12.322720,301,0.9985213749916824,1.8277811653405132,-0.12511490266882058,0.8349600223009475,19.999999552965164
21:06:12.322720,301,1.0293570415661928,1.8842254758952863,-0.10744272184336565,0.8349600223009475,38.87999913096428
21:06:12.322720,301,1.059642811018018,1.9396632064920427,-0.1106039043792851,0.8349600223009475,43.87999901920557
21:06:12.322720,301,1.101836951249479,1.9698217796776623,-0.29507972459526577,0.5566400148672983,40.23999910056591
21:06:12.322720,301,1.1145634023123547,1.9925736400624736,-0.5105482162204946,0.5566400148672983,31.5199992954731
21:06:12.322720,301,1.1536324484344875,2.0148609609955663,-0.6176360417642871,0.8349600223009475,9.879999779164791
21:06:12.322720,301,1.0481475144471202,1.8738378667838493,-0.10744272184336565,0.8349600223009475,39.35999912023544
21:06:12.322720,301,1.0759638674954053,1.9235668743321808,-0.1989012343887209,0.8349600223009475,43.63999902456999
21:06:12.322720,301,1.1214797489179973,1.958705103786184,-0.29507972459526577,0.5566400148672983,38.359999142587185
21:06:12.322720,301,1.154189312271139,1.9698853571426391,-0.5105482162204946,0.5566400148672983,30.119999326765537
21:06:12.322720,301,1.0662459796189845,1.8622373200997613,-0.12890762617411794,0.8349600223009475,37.239999167621136
21:06:12.322720,301,1.1142174538268987,1.9016643315189063,-0.1989012343887209,0.8349600223009475,40.11999910324812
21:06:12.322720,301,1.1410103995512004,1.9473925590253316,-0.29507972459526577,0.5566400148672983,34.759999223053455
21:06:12.322720,301,1.173830128107576,1.9582451631991484,-0.5105482162204946,0.5566400148672983,27.639999382197857
21:06:12.322720,301,1.231253022100551,2.0082247375869495,-0.7286789683899209,0.8349600223009475,6.9999998435378075
21:06:12.322720,301,1.262250673100521,1.9692864885934052,-0.9614965271247968,0.6958000185841229,5.759999871253967
21:06:12.322720,301,1.291290465531635,1.9709290099232901,-1.0806333662777863,0.6958000185841229,6.7599998489022255
21:06:12.322720,301,1.3227975045691027,2.019018993481067,-1.107000445231232,0.6958000185841229,5.879999868571758
21:06:12.322720,301,1.1007905804903886,1.8363967479823742,-0.19321641600865466,0.8349600223009475,32.99999926239252
21:06:12.322720,301,1.1331780693686382,1.8904272605116845,-0.1989012343887209,0.8349600223009475,34.759999223053455
21:06:12.322720,301,1.1604269501003877,1.9358852766401038,-0.29507972459526577,0.8349600223009475,30.119999326765537
21:06:12.322720,301,1.193353561914638,1.946409146379957,-0.5105482162204946,0.5566400148672983,24.639999449253082
21:06:12.322720,301,1.119099202427269,1.8252972068195512,-0.19321641600865466,0.8349600223009475,28.11999937146902
21:06:12.322720,301,1.1520253680528183,1.8790011483622129,-0.1989012343887209,0.8349600223009475,28.999999351799488
21:06:12.322720,301,1.1797274589267717,1.9241844073490986,-0.29507972459526577,0.8349600223009475,25.51999942958355
21:06:12.322720,301,1.137295915381489,1.814015137465282,-0.19321641600865466,0.8349600223009475,23.35999947786331
21:06:12.322720,301,1.1707574651653612,1.8673871376721334,-0.1989012343887209,0.8349600223009475,23.759999468922615
21:06:12.322720,301,1.1972826544180588,1.9096954711302598,-0.3176350227425462,0.8349600223009475,21.359999522566795
21:06:12.322720,301,1.155378899696998,1.80255166811705,-0.19321641600865466,0.8349600223009475,19.239999569952488
21:06:12.322720,301,1.1893724875122487,1.855586389832786,-0.1989012343887209,0.8349600223009475,19.35999956727028
21:06:12.349499,302,1.0011612061088953,2.072561293900842,-0.41883969766306284,0.5566400148672983,19.35999956727028
21:06:12.349499,302,1.0064469930319113,2.031384639089296,-0.20458605276878716,0.5566400148672983,16.519999630749226
21:06:12.349499,302,1.0218364155185995,2.0624462217263875,-0.41883969766306284,0.5566400148672983,21.99999950826168
21:06:12.349499,302,1.0009848407332,1.970574938992042,-0.1106039043792851,1.2524400334514212,17.23999961465597
21:06:12.349499,302,1.0267101784783133,2.021218768743244,-0.20458605276878716,1.2524400334514212,18.999999575316906
21:06:12.349499,302,1.0424094421428471,2.052124906657679,-0.41883969766306284,0.5566400148672983,24.119999460875988
21:06:12.349499,302,1.0200784435859405,1.9593876725526649,-0.13270034967941527,1.2524400334514212,19.63999956101179
21:06:12.349499,302,1.0468706937670456,2.0108507782136966,-0.20458605276878716,1.2524400334514212,21.119999527931213
21:06:12.349499,302,1.0832407283171879,2.030867696849846,-0.41883969766306284,0.5566400148672983,25.239999435842037
21:06:12.349499,302,1.0396209898156845,1.949089089794184,-0.13270034967941527,1.2524400334514212,21.359999522566795
21:06:12.349499,302,1.0669265228634703,2.0002817042910204,-0.20458605276878716,1.2524400334514212,22.359999500215054
21:06:12.349499,302,1.1034949047728717,2.019933927813893,-0.41883969766306284,0.5566400148672983,24.999999441206455
21:06:12.349499,302,1.124058091674118,2.05757458995574,-0.5242966828252782,0.20888000557897612,25.879999421536922
21:06:12.349499,302,1.056674722032236,1.9342301559023019,-0.1989012343887209,1.2524400334514212,22.359999500215054
21:06:12.349499,302,1.0868756602014809,1.9895126038737525,-0.20458605276878716,1.2524400334514212,22.359999500215054
21:06:12.349499,302,1.1236387326625874,2.008798167077461,-0.41883969766306284,0.5566400148672983,23.519999474287033
21:06:12.349499,302,1.144577291752696,2.046231318764733,-0.5242966828252782,0.20888000557897612,25.239999435842037
21:06:12.349499,302,1.0475706053532134,1.8728064908649507,-0.12890762617411794,0.7655200204462744,11.239999748766422
21:06:12.349499,302,1.0759638674954053,1.9235668743321808,-0.1989012343887209,1.2524400334514212,22.11999950557947
21:06:12.349499,302,1.1067161108840564,1.978544553862913,-0.20458605276878716,1.2524400334514212,20.999999530613422
21:06:12.349499,302,1.1436701976204222,1.9974615282072934,-0.41883969766306284,0.7655200204462744,21.119999527931213
21:06:12.349499,302,1.1852702811418732,2.0229320669096773,-0.5242966828252782,0.8349600223009475,23.759999468922615
21:06:12.349499,302,1.2046233454626503,2.0559624524937563,-0.6338963870885707,0.8349600223009475,8.359999813139439
21:06:12.349499,302,1.3025415122659305,2.03214579766205,-1.107000445231232,1.0438400278799236,5.359999880194664
21:06:12.349499,302,1.1142174538268987,1.9016643315189063,-0.1989012343887209,1.2524400334514212,20.75999953597784
21:06:12.349499,302,1.1449714911380708,1.9541530585658473,-0.22724582037354202,1.2524400334514212,18.879999577999115
21:06:12.349499,302,1.1635872965166627,1.9859251448577804,-0.41883969766306284,0.7655200204462744,18.35999958962202
21:06:12.349499,302,1.205440001187626,2.0109784161512945,-0.5242966828252782,0.8349600223009475,21.359999522566795
21:06:12.349499,302,1.1331780693686382,1.8904272605116845,-0.1989012343887209,1.2524400334514212,18.639999583363533
21:06:12.349499,302,1.164455447501488,1.9426058279036698,-0.22724582037354202,1.2524400334514212,16.359999634325504
21:06:12.349499,302,1.1520253680528183,1.8790011483622129,-0.1989012343887209,1.2524400334514212,16.359999634325504
21:06:12.379023,303,1.2617126549790982,2.2036269662501766,-1.7747434410652476,0.20888000557897612,6.7599998489022255
21:06:12.379023,303,1.300673269597138,2.2198933926745124,-1.8367974528366655,0.20888000557897612,5.359999880194664
21:06:12.379023,303,0.9477163086197683,2.066447642228985,-0.11376508691520458,0.8349600223009475,23.11999948322773
21:06:12.379023,303,0.9821208362912915,2.086154385005407,-0.39580211568035095,0.6958000185841229,26.359999410808086
21:06:12.379023,303,0.9425569314628182,2.0021154251381748,-0.022129631724992573,0.7655200204462744,21.519999518990517
21:06:12.379023,303,0.9683330547555437,2.0568673157900603,-0.11376508691520458,0.8349600223009475,28.639999359846115
21:06:12.379023,303,1.0076456738554667,2.085985162885265,-0.3264611249670233,0.6958000185841229,31.87999928742647
21:06:12.379023,303,0.9824080645426639,1.9828651339277605,-0.022129631724992573,0.7655200204462744,25.359999433159828
21:06:12.379023,303,1.0092739975703056,2.0370905864801565,-0.11376508691520458,0.8349600223009475,35.23999921232462
21:06:12.379023,303,1.0298526669517098,2.0786260008275623,-0.3032790843231738,0.6958000185841229,38.6399991363287
21:06:12.379023,303,1.002187264971193,1.9729420748096933,-0.022129631724992573,0.7655200204462744,29.23999934643507
21:06:12.379023,303,1.0295941001893116,2.026896161265538,-0.11376508691520458,0.8349600223009475,42.9999990388751
21:06:12.379023,303,1.050587087857523,2.0682237156001726,-0.3032790843231738,0.6958000185841229,45.87999897450209
21:06:12.379023,303,1.0217129663051612,1.9625272974380705,-0.04425705050535287,0.7655200204462744,32.63999927043915
21:06:12.379023,303,1.0498112442608931,2.016499048132929,-0.11376508691520458,0.7655200204462744,50.35999887436628
21:06:12.379023,303,1.0712164509347333,2.0576146097339825,-0.3032790843231738,0.6958000185841229,52.879998818039894
21:06:12.379023,303,1.041286826534338,1.9522122127452528,-0.04425705050535287,0.7655200204462744,34.639999225735664
21:06:12.379023,303,1.0699234080875812,2.0059002867849305,-0.11376508691520458,0.7655200204462744,55.359998762607574
21:06:12.379023,303,1.0917386932643163,2.04679974413069,-0.3032790843231738,0.6958000185841229,57.51999871432781
21:06:12.379023,303,1.124058091674118,2.05757458995574,-0.5242966828252782,0.6958000185841229,47.63999893516302
21:06:12.379023,303,1.1632659219325154,2.079642133966386,-0.6338963870885707,0.20888000557897612,25.879999421536922
21:06:12.379023,303,1.193105349920848,2.132987917185843,-0.6501567324128542,0.20888000557897612,6.6399998515844345
21:06:12.379023,303,1.0607565589532524,1.9417019084667253,-0.04425705050535287,0.7655200204462744,34.51999922841787
21:06:12.379023,303,1.0899285804698435,1.9951009370887989,-0.11376508691520458,0.7655200204462744,55.63999875634909
21:06:12.379023,303,1.1170765983707256,2.0447950518452034,-0.2102708711488534,0.6958000185841229,58.23999869823456
21:06:12.379023,303,1.144577291752696,2.046231318764733,-0.5242966828252782,0.6958000185841229,46.999998949468136
21:06:12.379023,303,1.0789861376771608,1.9289699728771525,-0.1106039043792851,0.7655200204462744,32.359999276697636
21:06:12.379023,303,1.1098247609072018,1.9841020789704558,-0.11376508691520458,0.7655200204462744,51.11999885737896
21:06:12.379023,303,1.1374683542727073,2.0335222333936454,-0.2102708711488534,0.7655200204462744,54.63999877870083
21:06:12.379023,303,1.1852702811418732,2.0229320669096773,-0.5242966828252782,0.6958000185841229,44.359999008476734
21:06:12.379023,303,1.0679544788907056,1.8652212761155198,-0.04299213480518858,0.7655200204462744,7.35999983549118
21:06:12.379023,303,1.0982215666265114,1.9180838438810675,-0.1106039043792851,0.7655200204462744,28.879999354481697
21:06:12.379023,303,1.1296099597982814,1.9729048123064978,-0.11376508691520458,0.7655200204462744,43.63999902456999
21:06:12.379023,303,1.1779086006452912,2.010367692538853,-0.2102708711488534,0.7655200204462744,48.119998924434185
21:06:12.379023,303,1.1949213421163847,2.0394037873566218,-0.43011856107523333,0.6958000185841229,40.3599990978837
21:06:12.379023,303,1.1363610482707496,1.8957372733409457,-0.1106039043792851,0.7655200204462744,24.759999446570873
21:06:12.379023,303,1.1688395102242628,1.9499195519395967,-0.11376508691520458,0.7655200204462744,35.759999200701714
21:06:12.379023,303,1.1979530471251374,1.9984882855703054,-0.2102708711488534,0.7655200204462744,40.639999091625214
21:06:12.379023,303,1.155261287049426,1.8842790664352411,-0.1106039043792851,0.7655200204462744,20.87999953329563
21:06:12.379023,303,1.1882799388369887,1.938133856743433,-0.11376508691520458,0.7655200204462744,28.759999357163906
21:06:12.379023,303,1.217877699303917,1.9864090314475358,-0.2102708711488534,0.7655200204462744,33.519999250769615
21:06:12.379023,303,1.207601540451373,1.9261543497853653,-0.11376508691520458,0.7655200204462744,23.11999948322773
21:06:12.379023,303,1.2376805647331053,1.9741311380858366,-0.2102708711488534,0.7655200204462744,27.519999384880066
21:06:12.411611,304,1.2259374573720052,2.53788351704877,-1.4316868080471228,0.904680024163099,8.999999798834324
21:06:12.411611,304,1.2414951184571879,2.384689379463769,-1.5393347089061418,0.904680024163099,7.759999826550484
21:06:12.411611,304,1.0575853953201466,2.1346009690054366,-0.3114460355146078,0.6263600167294499,26.75999940186739
21:06:12.411611,304,1.0986625697643622,2.1628668470148202,-0.4414421818818966,0.6263600167294499,33.359999254345894
21:06:12.411611,304,1.13969165527841,2.1891431917858397,-0.5519027308491691,0.7655200204462744,24.639999449253082
21:06:12.411611,304,1.1000630576493682,2.1130237657131405,-0.3114460355146078,0.6263600167294499,28.359999366104603
21:06:12.411611,304,1.1905753632553353,2.2320994610835356,-0.5657057548611145,0.6263600167294499,5.999999865889549
21:06:12.411611,304,1.278363794569643,2.1818172229205883,-1.1597346031381237,-3.0615200817701407,5.879999868571758
21:06:12.411611,304,1.0707801750174883,2.007506559736263,0.06827725905326862,0.6958000185841229,9.999999776482582
21:06:12.411611,304,1.1009742440609331,2.0641146227953824,-0.023394610673574387,0.6958000185841229,19.999999552965164
21:06:12.411611,304,1.3303603192326872,2.2705610636987417,-1.0817311165685364,0.20888000557897612,6.8799998462200165
21:06:12.411611,304,1.3654562594741928,2.330460231055313,-1.0788222135874033,0.20888000557897612,5.759999871253967
21:06:12.457612,305,0.9655227110211495,1.9832030319887175,1.0478033676155376,0.5566400148672983,20.51999954134226
21:06:12.457612,305,0.9870948109681754,1.9737725351451325,1.0503302616290005,0.5566400148672983,23.999999463558197
21:06:12.457612,305,1.0085682022610933,1.9641341428152588,1.0529128610701244,0.5566400148672983,27.519999384880066
21:06:12.457612,305,1.0299407375787644,1.9542888188302556,1.0555509076811287,0.5566400148672983,30.35999932140112
21:06:12.457612,305,1.0020098880738746,1.8771440632220564,1.1915317539873276,0.7655200204462744,6.11999986320734
21:06:12.457612,305,1.0298526669517098,1.9293041343912143,1.1690669032194851,0.7655200204462744,20.359999544918537
21:06:12.457612,305,1.051210279685563,1.944237547714272,1.0582441376595628,0.5566400148672983,31.63999929279089
21:06:12.457612,305,1.1345365255352269,1.9849038682864015,0.7782208846394938,0.6263600167294499,15.87999964505434
21:06:12.457612,305,1.0723747016450975,1.9339813345859977,1.0609922816846853,0.5566400148672983,31.119999304413795
21:06:12.457612,305,1.1003625868934641,1.8775155069013796,0.8406634057480584,0.5566400148672983,29.879999332129955
21:06:12.457612,305,1.1370538186877988,1.8656852702962767,0.7263561356567085,0.6263600167294499,29.759999334812164
21:06:12.457612,305,1.25741024266069,1.9831241836163938,0.5081344935875944,1.4613200390303973,5.759999871253967
21:06:12.457612,305,1.2859980204638133,2.028211388725573,0.4742162717038474,0.974120026017772,8.239999815821648
21:06:12.457612,305,1.1143797301480856,1.9128582051349325,1.0666522071627162,0.5566400148672983,28.999999351799488
21:06:12.457612,305,1.3385830002041794,2.060484666018521,0.44373153143033006,0.3480400092958007,8.999999798834324
21:06:12.457612,305,1.367692635673636,2.105293211703813,0.40988797611417693,0.3480400092958007,6.5199998542666435
21:06:12.457612,305,1.1352161362238804,1.9019934011073882,1.0695634226278192,0.5566400148672983,25.75999942421913
21:06:12.457612,305,1.155939021637138,1.8909278794468234,1.0725284202205967,0.5566400148672983,22.11999950557947
21:06:12.494221,306,0.002169966867582097,0.21698945833751151,0.13007640944735455,-2.226560059469193,5.239999882876873
21:06:12.494221,306,1.2171566762778732,2.5197059179619603,-1.6021900480528903,0.27832000743364915,5.879999868571758
21:06:12.494221,306,1.2424452795830319,2.4459226867231405,-1.570762378479516,0.27832000743364915,5.879999868571758
21:06:12.494221,306,0.9576110532310358,2.2032727220266373,-0.02402460018946889,0.8349600223009475,21.239999525249004
21:06:12.494221,306,0.9828218333004897,2.2612777166856106,-0.024657089663759797,0.8349600223009475,19.759999558329582
21:06:12.494221,306,0.9795955325970547,2.1935866085962537,-0.02402460018946889,0.8349600223009475,26.87999939918518
21:06:12.494221,306,1.0041788314130289,2.248635445880021,-0.12323613973033089,0.8349600223009475,24.999999441206455
21:06:12.494221,306,1.0270525654671445,2.2998560926062037,-0.22730285665118624,1.1830000315967482,28.239999368786812
21:06:12.494221,306,0.9752205051125085,2.1264191563591996,-0.023394610673574387,0.6958000185841229,28.239999368786812
21:06:12.494221,306,1.00148205323052,2.1836811383427985,-0.02402460018946889,0.6958000185841229,34.51999922841787
21:06:12.494221,306,1.0266146020776248,2.238481394322293,-0.12323613973033089,0.8349600223009475,32.239999279379845
21:06:12.494221,306,1.0499993903737017,2.289470746514437,-0.22730285665118624,0.974120026017772,34.639999225735664
21:06:12.494221,306,1.0882251497653774,2.3115339621843414,-0.4385629554915109,1.1830000315967482,21.519999518990517
21:06:12.494221,306,0.996286114606549,2.1162433072441282,-0.04678688190568144,0.6958000185841229,33.87999924272299
21:06:12.494221,306,1.0232684264977048,2.173557301805,-0.02402460018946889,0.6958000185841229,44.359999008476734
21:06:12.494221,306,1.0489477121421118,2.228103496500535,-0.12323613973033089,0.8349600223009475,41.63999906927347
21:06:12.494221,306,1.0955757588453268,2.268014280281543,-0.22730285665118624,0.6958000185841229,42.119999058544636
21:06:12.494221,306,1.1112856928152142,2.3005363165700574,-0.4385629554915109,1.1830000315967482,24.35999945551157
21:06:12.494221,306,1.2688203743182564,2.4978456515711445,-0.9910402918500965,1.6004800427472219,6.11999986320734
21:06:12.494221,306,1.2962598998444916,2.489882698874684,-1.1538718702347799,1.6004800427472219,5.639999873936176
21:06:12.494221,306,1.0384089076320804,2.0958956792177728,-0.04678688190568144,0.6958000185841229,39.639999113976955
21:06:12.494221,306,1.0663720455593388,2.1523356996455223,-0.04804679793904666,0.6958000185841229,56.11999874562025
21:06:12.494221,306,1.0932970277908758,2.206680335469937,-0.12323613973033089,0.6958000185841229,53.119998812675476
21:06:12.494221,306,1.1182007448117315,2.2569453057690625,-0.22730285665118624,0.6958000185841229,49.99999888241291
21:06:12.494221,306,1.1342351082268054,2.289308619251508,-0.4385629554915109,1.1830000315967482,27.119999393820763
21:06:12.494221,306,1.0593155946312207,2.08540696953484,-0.04678688190568144,0.6958000185841229,44.11999901384115
21:06:12.494221,306,1.0878417251983363,2.1415645412726874,-0.04804679793904666,0.6958000185841229,67.5199984908104
21:06:12.494221,306,1.1153087984807444,2.195637214559253,-0.12323613973033089,0.6958000185841229,64.51999855786562
21:06:12.494221,306,1.140713911640485,2.2456506386168757,-0.22730285665118624,0.6958000185841229,56.23999874293804
21:06:12.494221,306,1.1570711010778372,2.2778519929890177,-0.4385629554915109,0.6263600167294499,28.999999351799488
21:06:12.494221,306,1.0789822760893397,2.0725313665489233,-0.11692626945112404,0.6958000185841229,45.87999897450209
21:06:12.494221,306,1.108038007396725,2.1283422133506256,-0.12007495719441143,0.6958000185841229,73.51999835669994
21:06:12.494221,306,1.1372090392251717,2.18437453176662,-0.12323613973033089,0.6958000185841229,70.99999841302633
21:06:12.494221,306,1.1631130080337653,2.2341314082822357,-0.22730285665118624,0.6958000185841229,58.75999868661165
21:06:12.494221,306,1.2002696208507078,2.2502743266334746,-0.4640894234952232,0.6263600167294499,29.519999340176582
21:06:12.494221,306,1.2222912807914388,2.291560696906978,-0.5535652781435304,0.6263600167294499,5.119999885559082
21:06:12.494221,306,1.0699234080875812,2.0059002867849305,-0.11376508691520458,0.7655200204462744,9.239999793469906
21:06:12.494221,306,1.0996532952096196,2.061638098158526,-0.11692626945112404,0.6958000185841229,43.99999901652336
21:06:12.494221,306,1.129265672896393,2.1171556019772853,-0.12007495719441143,0.6958000185841229,70.51999842375517
21:06:12.494221,306,1.158995560018431,2.172893413350881,-0.12323613973033089,0.6958000185841229,68.63999846577644
21:06:12.494221,306,1.1853957941006992,2.2223887666785243,-0.22730285665118624,0.6958000185841229,56.23999874293804
21:06:12.494221,306,1.222711975591997,2.238159317963481,-0.4640894234952232,0.6263600167294499,28.359999366104603
21:06:12.494221,306,1.2451453912714359,2.2792234110115386,-0.5535652781435304,0.6263600167294499,5.119999885559082
21:06:12.494221,306,1.1202143499216688,2.0505386676855553,-0.11692626945112404,0.6958000185841229,39.35999912023544
21:06:12.494221,306,1.1503804127748705,2.105757276817502,-0.12007495719441143,0.6958000185841229,60.51999864727259
21:06:12.494221,306,1.180666182226696,2.1611950074142587,-0.12323613973033089,0.6958000185841229,58.999998681247234
21:06:12.494221,306,1.2075600415813486,2.210423888060064,-0.22730285665118624,0.6958000185841229,49.87999888509512
21:06:12.494221,306,1.2450320601601164,2.2258204952368232,-0.4640894234952232,0.6263600167294499,25.999999418854713
21:06:12.494221,306,1.2678749882554898,2.2666582046845334,-0.5535652781435304,0.6263600167294499,5.119999885559082
21:06:12.494221,306,1.1406633841372427,2.039234185063759,-0.11692626945112404,0.6958000185841229,33.519999250769615
21:06:12.494221,306,1.1713801155758603,2.094148377694243,-0.12007495719441143,0.6958000185841229,48.51999891549349
21:06:12.494221,306,1.2022187388059014,2.1492804837875457,-0.12323613973033089,0.6958000185841229,47.23999894410372
21:06:12.494221,306,1.2296035340695346,2.198237968904693,-0.22730285665118624,0.6958000185841229,41.879999063909054
21:06:12.494221,306,1.2672276425653084,2.213259092325435,-0.4640894234952232,0.6263600167294499,22.99999948590994
21:06:12.494221,306,1.312951562651683,2.24084907944245,-0.5535652781435304,0.6263600167294499,5.119999885559082
21:06:12.494221,306,1.1609983529700512,2.027725780731928,-0.11692626945112404,0.6958000185841229,27.759999379515648
21:06:12.494221,306,1.192262681346676,2.082330065487693,-0.12007495719441143,0.6958000185841229,37.75999915599823
21:06:12.494221,306,1.2236510745184457,2.1371510339131237,-0.12323613973033089,0.6958000185841229,36.75999917834997
21:06:12.494221,306,1.2733194490412232,2.173207905292053,-0.22730285665118624,0.6958000185841229,34.23999923467636
21:06:12.494221,306,1.2892965032679284,2.2004763653590858,-0.4640894234952232,0.6263600167294499,19.879999555647373
21:06:12.494221,306,1.3352940324441478,2.2276077414182724,-0.5535652781435304,0.6263600167294499,5.119999885559082
21:06:12.494221,306,1.201317972177776,2.004101830538248,-0.11692626945112404,0.6958000185841229,22.759999491274357
21:06:12.494221,306,1.2336680607638841,2.0580699499329516,-0.12007495719441143,0.6958000185841229,29.23999934643507
21:06:12.494221,306,1.2661465227173976,2.1122522285316028,-0.12323613973033089,0.6958000185841229,28.519999362528324
21:06:12.494221,306,1.2949874999698534,2.160366263820176,-0.22730285665118624,0.6958000185841229,27.87999937683344
21:06:12.494221,306,1.3112364354003954,2.187473592599761,-0.4640894234952232,0.6263600167294499,17.11999961733818
21:06:12.494221,306,1.2206263777407778,1.9908922399623528,-0.14028579669000996,0.7655200204462744,18.639999583363533
21:06:12.494221,306,1.2541867339070247,2.0456305725759902,-0.12007495719441143,0.6958000185841229,22.99999948590994
21:06:12.494221,306,1.2872053856945875,2.0994853628841823,-0.12323613973033089,0.6958000185841229,22.359999500215054
21:06:12.494221,306,1.3165260532334286,2.1473085875318736,-0.22730285665118624,0.6958000185841229,22.639999493956566
21:06:12.494221,306,1.354720751167687,2.160813132642084,-0.4640894234952232,1.1830000315967482,14.6399996727705
21:06:12.494221,306,1.2745799894275338,2.0329866338756024,-0.12007495719441143,0.6958000185841229,18.35999958962202
21:06:12.537880,307,1.018399869314899,2.1497868484666567,0.9699325686237024,1.0438400278799236,23.35999947786331
21:06:12.537880,307,1.0432484725492195,2.2022409011874653,0.9447992809259298,0.5566400148672983,13.35999970138073
21:06:12.537880,307,1.2290065972119215,1.8387397500700329,-0.258778746879317,0.13916000371682458,4.999999888241291
21:06:12.537880,307,0.9828218333004897,2.1778448225568248,1.390921340948471,0.6263600167294499,18.999999575316906
21:06:12.537880,307,0.9982199294814382,2.127108910113511,1.0646892150337999,0.6263600167294499,24.759999446570873
21:06:12.537880,307,1.0417799157729761,2.1398368614662866,0.9725986596051517,1.0438400278799236,27.99999937415123
21:06:12.537880,307,1.067198984023585,2.1920481379588095,0.9475304236016897,0.5566400148672983,15.119999662041664
21:06:12.537880,307,0.979203707462631,2.136646034064138,1.5020937611149916,0.7655200204462744,17.759999603033066
21:06:12.537880,307,1.0053850924042405,2.1682424406637493,1.3934942914221358,0.7655200204462744,23.639999471604824
21:06:12.537880,307,1.0453702767361044,2.1168568365481217,1.0933800544613699,0.6263600167294499,30.51999931782484
21:06:12.537880,307,1.070060445801248,2.1600877852694174,1.0467150986696225,1.0438400278799236,33.359999254345894
21:06:12.537880,307,1.0910427764936483,2.1816245440490736,0.9503234171720334,0.5566400148672983,16.639999628067017
21:06:12.537880,307,1.0010814737800506,2.127081911576861,1.5046564600117698,0.7655200204462744,21.359999522566795
21:06:12.537880,307,1.0278478138410632,2.1584225981760694,1.3961255102865104,0.7655200204462744,29.759999334812164
21:06:12.537880,307,1.0681114002319545,2.1066494190384617,1.0961151237398905,0.6263600167294499,37.51999916136265
21:06:12.537880,307,1.0933386825060147,2.149639282978948,1.0495147664204687,1.0438400278799236,38.75999913364649
21:06:12.537880,307,1.1147774656001388,2.170971161808916,0.9531779823399438,0.5566400148672983,17.879999600350857
21:06:12.537880,307,1.022859132788799,2.1173069478233835,1.5072756536555576,0.7655200204462744,25.359999433159828
21:06:12.537880,307,1.0502077513576338,2.148386277069806,1.3988147344219133,0.7655200204462744,37.119999170303345
21:06:12.537880,307,1.0907457134826462,2.0962228531762985,1.0989089136424872,0.6263600167294499,45.2399989888072
21:06:12.537880,307,1.1165075862585312,2.1389664563614947,1.0523745416935726,1.0438400278799236,43.119999036192894
21:06:12.537880,307,1.136389648566861,2.149299826958659,0.9319130464520891,0.5566400148672983,18.23999959230423
21:06:12.537880,307,1.0661054281180804,2.0971284274567688,1.512682471892247,0.7655200204462744,29.35999934375286
21:06:12.537880,307,1.0946103412318453,2.1276682350436587,1.4043661170515735,0.7655200204462744,45.35999898612499
21:06:12.537880,307,1.1182007448117315,2.1212114510566806,1.1963018714835718,0.6263600167294499,52.23999883234501
21:06:12.537880,307,1.1395648401878327,2.128070372690779,1.0552941385138028,0.6263600167294499,45.2399989888072
21:06:12.537880,307,1.159857491519402,2.1382097127080137,0.9348846336095182,0.5566400148672983,17.759999603033066
21:06:12.537880,307,1.059474517126121,2.008595679504367,1.4375785265758436,0.6958000185841229,8.119999818503857
21:06:12.537880,307,1.0880049272902355,2.0626848129981794,1.4224331737971636,0.6958000185841229,32.239999279379845
21:06:12.537880,307,1.1166485533676993,2.116988585910619,1.4072277204122192,0.7655200204462744,52.23999883234501
21:06:12.537880,307,1.140713911640485,2.1103016403550447,1.1992251464506516,0.6263600167294499,56.639998733997345
21:06:12.537880,307,1.164088214788914,2.1266048897734584,1.0822794696509483,0.6263600167294499,44.519999004900455
21:06:12.537880,307,1.1832093496945206,2.126893474785563,0.9379168104221973,0.5566400148672983,16.519999630749226
21:06:12.537880,307,1.1093690283098245,2.052072223528353,1.4252768085752068,0.6958000185841229,33.2399992570281
21:06:12.537880,307,1.138575101583746,2.10609660152551,1.4101462188321814,0.7655200204462744,55.23999876528978
21:06:12.537880,307,1.1663800710536183,2.1313528037338645,1.298049600443836,0.7655200204462744,56.519998736679554
21:06:12.537880,307,1.1869462897779708,2.115250170672152,1.0853219574644255,0.6263600167294499,40.99999908357859
21:06:12.537880,307,1.2295557828793728,2.1035871768815113,0.9441617141241472,0.6263600167294499,14.759999670088291
21:06:12.537880,307,1.130622193356013,2.0412538067582036,1.4281755946121517,0.6958000185841229,31.87999928742647
21:06:12.537880,307,1.1603877932435331,2.0949933710776443,1.4131213204640638,0.7655200204462744,52.7599988207221
21:06:12.537880,307,1.1887254471404693,2.119978422983142,1.301097356580396,0.7655200204462744,51.879998840391636
21:06:12.537880,307,1.2096856711324744,2.103675230937116,1.0884234532188675,0.6263600167294499,35.999999195337296
21:06:12.537880,307,1.2525457232846169,2.091599447510175,0.9473738165282795,0.6263600167294499,12.999999709427357
21:06:12.537880,307,1.1517622971301018,2.030230644520343,1.4311292420318238,0.6958000185841229,28.759999357163906
21:06:12.537880,307,1.18208444709617,2.0836800048807644,1.4161527278001955,0.7655200204462744,45.99999897181988
21:06:12.537880,307,1.2109519516785212,2.1083887747902232,1.3042027934542495,0.7655200204462744,44.75999899953604
21:06:12.537880,307,1.2547992693581382,2.079869341409092,1.094802222093006,0.6263600167294499,30.63999931514263
21:06:12.537880,307,1.1727872256394252,2.0190038391217615,1.434137455471955,0.7655200204462744,24.759999446570873
21:06:12.537880,307,1.2036628934944487,2.0721576342620116,1.4192401377023822,0.7655200204462744,37.99999915063381
21:06:12.537880,307,1.233057362035942,2.0965850181102175,1.3073656005243104,0.7655200204462744,37.239999167621136
21:06:12.537880,307,1.2603557774581855,2.1161375394502016,1.1917760649421547,0.7655200204462744,25.75999942421913
21:06:12.537880,307,1.1936948764087467,2.0075745132335916,1.437199934113722,0.7655200204462744,20.87999953329563
21:06:12.537880,307,1.2251209746118072,2.060427411448795,1.4223832414322208,0.7655200204462744,30.51999931782484
21:06:12.537880,307,1.256547072814868,2.113280309663997,1.4075665487507194,0.7655200204462744,30.51999931782484
21:06:12.537880,307,1.2351499936738908,1.9841128918181308,1.4434864566251195,0.7655200204462744,17.359999611973763
21:06:12.537880,307,1.2676674700942336,2.0363481219565274,1.4288352676059892,0.7655200204462744,24.35999945551157
21:06:12.537880,307,1.3001849465145765,2.0885833520949233,1.4141840785868585,0.7655200204462744,24.879999443888664
21:06:12.537880,307,1.2887516298453987,2.0240014631862526,1.432143544852707,0.7655200204462744,19.63999956101179
21:06:12.566288,308,1.195249350104158,2.199920476003728,-0.1309692582633728,0.27832000743364915,6.5199998542666435
21:06:12.566288,308,0.9145514419713946,2.2053377116703152,1.383554643512913,0.7655200204462744,21.119999527931213
21:06:12.566288,308,1.1918991802863639,2.0308066655451498,-0.2028621992558075,0.27832000743364915,6.11999986320734
21:06:12.566288,308,0.9374027371482851,2.1963933854804845,1.3859512684923185,0.7655200204462744,26.75999940186739
21:06:12.566288,308,0.9614484527012118,2.252734004615287,1.3702000438069852,0.7655200204462744,27.759999379515648
21:06:12.566288,308,0.935530813561981,2.1311232495830588,1.4040951499829968,0.7655200204462744,20.87999953329563
21:06:12.566288,308,0.9601602928368177,2.1872287836251516,1.3884069161584076,0.7655200204462744,34.35999923199415
21:06:12.566288,308,0.9847897721116544,2.243334317667245,1.3727186823338184,0.7655200204462744,34.759999223053455
21:06:12.566288,308,0.9576110532310358,2.121980000483736,1.4065450761953568,0.7655200204462744,24.639999449253082
21:06:12.566288,308,0.9828218333004897,2.1778448225568248,1.390921340948471,0.7655200204462744,44.75999899953604
21:06:12.566288,308,1.0080326133699435,2.2337096446299136,1.3752976057015849,0.7655200204462744,43.99999901652336
21:06:12.566288,308,1.0291130369701231,2.2268026260708957,1.1621234443518196,0.7655200204462744,29.999999329447746
21:06:12.566288,308,0.9795955325970547,2.1126239333649632,1.4090520268241635,0.7655200204462744,28.239999368786812
21:06:12.566288,308,1.0053850924042405,2.1682424406637493,1.3934942914221358,0.7655200204462744,57.6399987116456
21:06:12.566288,308,1.031174652211426,2.2238609479625353,1.377936556020108,0.7655200204462744,55.23999876528978
21:06:12.566288,308,1.0527390323575347,2.2167479691053047,1.1648175815659214,0.7655200204462744,34.879999220371246
21:06:12.566288,308,1.00148205323052,2.103055983825613,1.4116157511764542,0.7655200204462744,31.239999301731586
21:06:12.566288,308,1.0278478138410632,2.1584225981760694,1.3961255102865104,0.7655200204462744,70.87999841570854
21:06:12.566288,308,1.0542135744516068,2.2137892125265246,1.380635269396567,0.7655200204462744,67.35999849438667
21:06:12.566288,308,1.0762597547236965,2.2064656090857597,1.1675727316294446,0.7655200204462744,39.639999113976955
21:06:12.566288,308,1.0232684264977048,2.093277108652624,1.4142359928819412,0.7655200204462744,32.51999927312136
21:06:12.566288,308,1.0502077513576338,2.148386277069806,1.3988147344219133,0.7655200204462744,79.23999822884798
21:06:12.566288,308,1.077147076217563,2.203495445486987,1.383393475961885,0.7655200204462744,76.87999828159809
21:06:12.566288,308,1.1229759829445625,2.1852219154616512,1.1732649621802786,0.7655200204462744,43.359999030828476
21:06:12.566288,308,1.066532026689449,2.073090513917627,1.419644974639118,0.7655200204462744,31.63999929279089
21:06:12.566288,308,1.0946103412318453,2.1276682350436587,1.4043661170515735,0.7655200204462744,77.35999827086926
21:06:12.566288,308,1.1226886557742417,2.1822459561696896,1.389087259464029,0.7655200204462744,79.35999822616577
21:06:12.566288,308,1.1461668172155837,2.1742627062086517,1.1762014734493036,0.7655200204462744,45.2399989888072
21:06:12.566288,308,1.159857491519402,2.1382097127080137,0.9348846336095182,0.7655200204462744,20.999999530613422
21:06:12.566288,308,1.0880049272902355,2.0626848129981794,1.4224331737971636,0.7655200204462744,28.879999354481697
21:06:12.566288,308,1.1166485533676993,2.116988585910619,1.4072277204122192,0.7655200204462744,66.51999851316214
21:06:12.566288,308,1.1452921794451636,2.171292358823058,1.3920222670272744,0.7655200204462744,73.23999836295843
21:06:12.566288,308,1.169243035765143,2.163080042392394,1.1791978591880987,0.7655200204462744,44.63999900221825
21:06:12.566288,308,1.1093690283098245,2.052072223528353,1.4252768085752068,0.7655200204462744,25.119999438524246
21:06:12.566288,308,1.138575101583746,2.10609660152551,1.4101462188321814,0.7655200204462744,52.63999882340431
21:06:12.566288,308,1.1677811748576674,2.1601209795226666,1.3950156290891562,0.7655200204462744,61.87999861687422
21:06:12.566288,308,1.1922023309907188,2.151675042269891,1.1822538197606,0.7655200204462744,41.75999906659126
21:06:12.566288,308,1.130622193356013,2.0412538067582036,1.4281755946121517,0.7655200204462744,21.359999522566795
21:06:12.566288,308,1.1603877932435331,2.0949933710776443,1.4131213204640638,0.7655200204462744,40.51999909430742
21:06:12.566288,308,1.1901533931310537,2.148732935397085,1.3980670463159757,0.7655200204462744,49.63999889045954
21:06:12.566288,308,1.2184553342625075,2.1729988402443845,1.2836178816115194,0.7655200204462744,37.239999167621136
21:06:12.566288,308,1.1517622971301018,2.030230644520343,1.4311292420318238,0.8349600223009475,17.759999603033066
21:06:12.566288,308,1.18208444709617,2.0836800048807644,1.4161527278001955,0.7655200204462744,30.999999307096004
21:06:12.566288,308,1.2124065970622382,2.137129365241185,1.4011762135685668,0.7655200204462744,38.99999912828207
21:06:12.566288,308,1.2412377211303467,2.161119336279144,1.2868009851054878,0.7655200204462744,32.359999276697636
21:06:12.566288,308,1.2036628934944487,2.0721576342620116,1.4192401377023822,0.7655200204462744,23.999999463558197
21:06:12.566288,308,1.2345385613494717,2.125311429402262,1.4043428199328092,0.7655200204462744,30.759999312460423
21:06:12.566288,308,1.2251209746118072,2.060427411448795,1.4223832414322208,0.7655200204462744,18.999999575316906
21:06:12.566288,308,1.256547072814868,2.113280309663997,1.4075665487507194,0.7655200204462744,24.35999945551157
21:06:12.598199,309,-0.0911184274760764,0.22103396194330766,1.9172327001620793,-1.3221600353135727,5.639999873936176
21:06:12.598199,309,1.178983413369706,1.9597936253955681,-0.3618865650548173,0.13916000371682458,7.239999838173389
21:06:12.598199,309,1.207817287748359,1.5636742910864105,-0.7065295449206701,0.13916000371682458,6.359999857842922
21:06:12.598199,309,0.9370277885687234,2.221036649848429,1.4814455057163336,0.8349600223009475,21.359999522566795
21:06:12.598199,309,0.9610638861564641,2.278009403818991,1.4681438442488521,0.8349600223009475,23.23999948054552
21:06:12.598199,309,0.9850999837442049,2.3349821577895526,1.4548421827813711,0.8349600223009475,22.879999488592148
21:06:12.598199,309,0.9597762415388175,2.2118757137114815,1.4839001711561417,0.8349600223009475,26.87999939918518
21:06:12.598199,309,0.9843958693507733,2.2686134766202324,1.4706614753539013,0.8349600223009475,29.759999334812164
21:06:12.598199,309,1.0090154971627292,2.325351239528982,1.457422779551661,0.8349600223009475,29.35999934375286
21:06:12.598199,309,1.0340487306613277,2.355545385751431,1.34134221468464,0.6958000185841229,26.519999407231808
21:06:12.598199,309,0.9824287176888591,2.202495506102297,1.486413590209859,0.8349600223009475,34.11999923735857
21:06:12.598199,309,1.0076294137828752,2.2589926533236167,1.473239367186752,0.8349600223009475,39.11999912559986
21:06:12.598199,309,1.0328301098768913,2.315489800544937,1.4600651441636447,0.8349600223009475,38.519999139010906
21:06:12.598199,309,1.0584541735088515,2.3454392887760918,1.3440501352078127,0.6958000185841229,33.87999924272299
21:06:12.598199,309,1.0731160273933018,2.2867051598936774,0.994513168593572,0.6958000185841229,10.759999759495258
21:06:12.598199,309,1.2857377846023599,1.885066676602652,-0.2783334285631014,0.13916000371682458,7.519999831914902
21:06:12.598199,309,1.0049829517902111,2.1928969650337766,1.488985511537686,0.8349600223009475,43.359999030828476
21:06:12.598199,309,1.0307621961177913,2.249147896003415,1.4758772619603804,0.8349600223009475,52.11999883502722
21:06:12.598199,309,1.0565414404453717,2.3053988269730534,1.4627690123830748,0.8349600223009475,51.639998845756054
21:06:12.598199,309,1.0827537718257976,2.335097962560108,1.3468210852160525,0.8349600223009475,44.11999901384115
21:06:12.598199,309,1.1238040489823184,2.2756838767754863,1.0253566718334715,0.6958000185841229,11.999999731779099
21:06:12.598199,309,1.0276936353909798,2.177242409874255,1.46766089709328,0.8349600223009475,54.119998790323734
21:06:12.598199,309,1.054055441104649,2.23309177920389,1.4540056407782238,0.8349600223009475,69.6399984434247
21:06:12.598199,309,1.0801471177549786,2.295079327902235,1.4655341138253943,0.8349600223009475,69.87999843806028
21:06:12.598199,309,1.1069450956726934,2.324522441227436,1.34965478761668,0.8349600223009475,57.759998708963394
21:06:12.598199,309,1.1482514311509,2.2647106002415254,1.0282969524190695,0.6958000185841229,13.239999704062939
21:06:12.598199,309,1.3308364637981145,1.8105416056404817,-0.22358177558232484,0.13916000371682458,7.879999823868275
21:06:12.598199,309,1.050050218889121,2.167207594228637,1.4703497178417186,0.8349600223009475,64.51999855786562
21:06:12.598199,309,1.0769855028168251,2.222799556242207,1.4567634336091277,0.8349600223009475,89.51999799907207
21:06:12.598199,309,1.1039207867445295,2.2783915182557775,1.4431771493765368,0.8349600223009475,92.23999793827534
21:06:12.598199,309,1.1310257259374212,2.31371378232135,1.3525509590418292,0.8349600223009475,73.75999835133553
21:06:12.598199,309,1.1725839891383727,2.2535017327295606,1.031300359416968,0.6958000185841229,14.51999967545271
21:06:12.598199,309,1.0946103412318453,2.1276682350436587,1.4043661170515735,0.8349600223009475,70.35999842733145
21:06:12.598199,309,1.122520251079945,2.2015532543747285,1.4624563630366665,0.8349600223009475,103.87999767810106
21:06:12.598199,309,1.1507669703166383,2.2368236772957206,1.3738084018764845,0.8349600223009475,110.75999752432108
21:06:12.598199,309,1.178845284859035,2.2914013984217516,1.3585295442889398,0.8349600223009475,87.51999804377556
21:06:12.598199,309,1.1967992897093231,2.242058395116954,1.0343665924889827,0.6958000185841229,15.359999656677246
21:06:12.598199,309,1.0880049272902355,2.0626848129981794,1.4224331737971636,0.8349600223009475,17.759999603033066
21:06:12.598199,309,1.1166485533676993,2.116988585910619,1.4072277204122192,0.8349600223009475,68.51999846845865
21:06:12.598199,309,1.1452921794451636,2.171292358823058,1.3920222670272744,0.8349600223009475,102.51999770849943
21:06:12.598199,309,1.1739358055226277,2.2255961317354975,1.3768168136423298,0.8349600223009475,112.2399974912405
21:06:12.598199,309,1.2025794316000917,2.2798999046479365,1.3616113602573852,0.8349600223009475,90.8799979686737
21:06:12.598199,309,1.2263012840144598,2.2686368464670927,1.139143284662993,0.6958000185841229,15.75999964773655
21:06:12.598199,309,1.138575101583746,2.10609660152551,1.4101462188321814,0.8349600223009475,60.11999865621328
21:06:12.598199,309,1.1677811748576674,2.1601209795226666,1.3950156290891562,0.8349600223009475,86.5199980661273
21:06:12.598199,309,1.196987248131589,2.214145357519823,1.379885039346131,0.8349600223009475,95.3599978685379
21:06:12.598199,309,1.2261933214055105,2.268169735516979,1.3647544496031057,0.8349600223009475,81.2399981841445
21:06:12.598199,309,1.250380976904626,2.2566752902579865,1.1423483739894422,0.8349600223009475,15.519999653100967
21:06:12.598199,309,1.42809617034277,1.801823789356026,-0.07643378707015014,0.13916000371682458,5.119999885559082
21:06:12.598199,309,1.1603877932435331,2.0949933710776443,1.4131213204640638,0.8349600223009475,49.239998899400234
21:06:12.598199,309,1.1901533931310537,2.148732935397085,1.3980670463159757,0.8349600223009475,66.51999851316214
21:06:12.598199,309,1.219918993018574,2.202472499716526,1.3830127721678878,0.8349600223009475,72.35999838262796
21:06:12.598199,309,1.2496845929060947,2.2562120640359664,1.3679584980197999,0.8349600223009475,64.99999854713678
21:06:12.598199,309,1.274335632744672,2.244481744030875,1.1456156248538685,0.8349600223009475,14.6399996727705
21:06:12.598199,309,1.18208444709617,2.0836800048807644,1.4161527278001955,0.8349600223009475,38.99999912828207
21:06:12.598199,309,1.2124065970622382,2.137129365241185,1.4011762135685668,0.8349600223009475,49.51999889314175
21:06:12.598199,309,1.2427287470283066,2.1905787256016067,1.3861996993369385,0.8349600223009475,52.999998815357685
21:06:12.598199,309,1.2730508969943748,2.2440280859620274,1.3712231851053103,0.8349600223009475,49.239998899400234
21:06:12.598199,309,1.2981628560890832,2.2320574271301648,1.148944710533922,0.8349600223009475,13.35999970138073
21:06:12.598199,309,1.2036628934944487,2.0721576342620116,1.4192401377023822,0.8349600223009475,30.759999312460423
21:06:12.598199,309,1.2345385613494717,2.125311429402262,1.4043428199328092,0.8349600223009475,36.999999172985554
21:06:12.598199,309,1.2654142292044952,2.1784652245425122,1.3894455021632366,0.8349600223009475,38.99999912828207
21:06:12.598199,309,1.2962898970595187,2.2316190196827623,1.3745481843936633,0.8349600223009475,37.119999170303345
21:06:12.598199,309,1.3218602642354873,2.219403581977138,1.1523352981238242,0.8349600223009475,11.999999731779099
21:06:12.598199,309,1.2251209746118072,2.060427411448795,1.4223832414322208,0.8349600223009475,24.23999945819378
21:06:12.598199,309,1.256547072814868,2.113280309663997,1.4075665487507194,0.8349600223009475,28.11999937146902
21:06:12.598199,309,1.2879731710179285,2.1661332078792004,1.392749856069218,0.8349600223009475,29.23999934643507
21:06:12.598199,309,1.3193992692209893,2.2189861060944027,1.3779331633877168,0.8349600223009475,28.11999937146902
21:06:12.598199,309,1.368856169268812,2.193412391235883,1.1592996166932665,0.8349600223009475,10.759999759495258
21:06:12.598199,309,1.3001849465145765,2.0885833520949233,1.4141840785868585,0.8349600223009475,21.87999951094389
21:06:12.598199,309,1.3327024229349194,2.1408185822333197,1.399532889567728,0.8349600223009475,22.519999496638775
21:06:12.598199,309,1.3635819085779373,2.1629367831090445,1.2830413047137637,0.8349600223009475,21.87999951094389
21:06:12.598199,309,1.3862613410572755,2.1496559496667533,1.2865998933094378,0.8349600223009475,17.23999961465597
21:06:12.631078,310,0.9614705365306084,2.4072106585393325,-0.025922068612341614,0.8349600223009475,18.759999580681324
21:06:12.631078,310,0.9849300838102153,2.465945762851267,-0.026554558086632523,0.904680024163099,14.759999670088291
21:06:12.631078,310,1.21352078928723,2.024459211908682,-2.288718698882457,0.6263600167294499,5.239999882876873
21:06:12.631078,310,1.2426004470756462,1.704259198172867,-2.6039675076865803,0.6263600167294499,5.519999876618385
21:06:12.631078,310,0.961304234237859,2.3386273284500327,0.050576629339375234,0.8349600223009475,21.639999516308308
21:06:12.631078,310,0.9854941682541386,2.397475754108664,-0.025922068612341614,0.8349600223009475,23.639999471604824
21:06:12.631078,310,1.0095398838070653,2.4559733301323394,-0.026554558086632523,0.904680024163099,18.519999586045742
21:06:12.631078,310,1.0294538749338096,2.5044193914403277,-0.24435731179138498,0.7655200204462744,14.759999670088291
21:06:12.631078,310,0.9847897721116544,2.329246906084369,-0.025289579138050706,0.8349600223009475,25.75999942421913
21:06:12.631078,310,1.0094192513864912,2.387501104111192,-0.025922068612341614,0.8349600223009475,29.759999334812164
21:06:12.631078,310,1.0340487306613277,2.4457553021380156,-0.026554558086632523,0.904680024163099,23.35999947786331
21:06:12.631078,310,1.0534419004655429,2.4916244632979416,-0.2714221083539011,0.7655200204462744,17.639999605715275
21:06:12.631078,310,1.0080326133699435,2.319282711344585,-0.025289579138050706,0.8349600223009475,29.999999329447746
21:06:12.631078,310,1.0332433934393974,2.3772877060035587,-0.025922068612341614,0.8349600223009475,37.239999167621136
21:06:12.631078,310,1.0584541735088515,2.4352927006625325,-0.026554558086632523,0.904680024163099,29.11999934911728
21:06:12.631078,310,1.0783050576192252,2.480965639922087,-0.2714221083539011,0.7655200204462744,20.63999953866005
21:06:12.631078,310,1.031174652211426,2.3090865902767637,-0.025289579138050706,0.8349600223009475,33.639999248087406
21:06:12.631078,310,1.056964212018612,2.366836581117019,-0.025922068612341614,0.8349600223009475,44.75999899953604
21:06:12.631078,310,1.0814546838962986,2.4216775530911065,-0.13271968733808928,0.8349600223009475,35.11999921500683
21:06:12.631078,310,1.1030603851705503,2.470058722060795,-0.2714221083539011,0.7655200204462744,23.519999474287033
21:06:12.631078,310,1.0278478138410632,2.2411703504136344,-0.024657089663759797,0.8349600223009475,9.119999796152115
21:06:12.631078,310,1.0542135744516068,2.2986595624844695,-0.025289579138050706,0.8349600223009475,35.63999920338392
21:06:12.631078,310,1.0805793350621502,2.356148774555305,-0.025922068612341614,0.8349600223009475,49.75999888777733
21:06:12.631078,310,1.1056169829938693,2.4107421038721886,-0.13271968733808928,0.8349600223009475,39.11999912559986
21:06:12.631078,310,1.1482514311509,2.439037712742013,-0.3524428341541478,0.6263600167294499,25.239999435842037
21:06:12.631078,310,1.1733699352808307,2.4923927334269513,-0.3882089547588197,0.6263600167294499,9.119999796152115
21:06:12.631078,310,1.077147076217563,2.2880026706617462,-0.025289579138050706,0.8349600223009475,35.11999921500683
21:06:12.631078,310,1.1040864010774922,2.345225355090119,-0.025922068612341614,0.8349600223009475,49.63999889045954
21:06:12.631078,310,1.1296687213194272,2.3995655824626057,-0.13271968733808928,0.8349600223009475,39.23999912291765
21:06:12.631078,310,1.1725839891383727,2.4274334391975034,-0.3524428341541478,0.6263600167294499,25.51999942958355
21:06:12.631078,310,1.1226886557742417,2.2660035805256693,-0.025289579138050706,0.8349600223009475,32.359999276697636
21:06:12.631078,310,1.1507669703166383,2.322676070232371,-0.025922068612341614,0.904680024163099,44.519999004900455
21:06:12.631078,310,1.1774309063362753,2.3764938176378054,-0.13271968733808928,0.8349600223009475,35.51999920606613
21:06:12.631078,310,1.1967992897093231,2.4155864243427807,-0.3524428341541478,0.8349600223009475,23.999999463558197
21:06:12.631078,310,1.1452921794451636,2.2546635821028986,-0.025289579138050706,0.8349600223009475,28.359999366104603
21:06:12.631078,310,1.1737597136921487,2.3107057990069193,-0.05184154503953953,0.904680024163099,36.87999917566776
21:06:12.631078,310,1.2011365768490794,2.3646008813797414,-0.13271968733808928,0.904680024163099,29.639999337494373
21:06:12.631078,310,1.2208949113539822,2.4034978528694033,-0.3524428341541478,0.8349600223009475,21.359999522566795
21:06:12.631078,310,1.1677811748576674,2.243098119210877,-0.025289579138050706,0.8349600223009475,23.879999466240406
21:06:12.631078,310,1.196807698556057,2.298852863435987,-0.05184154503953953,0.904680024163099,29.35999934375286
21:06:12.631078,310,1.2247221347105115,2.3524714870146037,-0.13271968733808928,0.904680024163099,23.759999468922615
21:06:12.631078,310,1.2448684445303724,2.391168933624392,-0.3524428341541478,0.8349600223009475,18.35999958962202
21:06:12.631078,310,1.1899748686422689,2.2309736493595773,-0.050576629339375234,0.8349600223009475,19.879999555647373
21:06:12.631078,310,1.2197360036527962,2.2867700445046912,-0.05184154503953953,0.904680024163099,23.11999948322773
21:06:12.631078,310,1.248185221384546,2.3401068474716675,-0.13271968733808928,0.904680024163099,18.759999580681324
21:06:12.631078,310,1.2687174919052615,2.378600899489341,-0.3524428341541478,0.8349600223009475,15.519999653100967
21:06:12.631078,310,1.2122247345651944,2.218962551519362,-0.050576629339375234,0.8349600223009475,16.359999634325504
21:06:12.631078,310,1.242542336171066,2.2744585504848027,-0.05184154503953953,0.904680024163099,18.23999959230423
21:06:12.631078,310,1.2715234905821722,2.3275081992045275,-0.13271968733808928,0.904680024163099,14.879999667406082
21:06:12.631078,310,1.263895985265983,2.259544695974152,-0.12955850480216982,0.8349600223009475,14.6399996727705
21:06:12.631078,310,1.2947346084960238,2.314676802067455,-0.13271968733808928,0.904680024163099,11.879999734461308
21:06:12.676884,311,0.9610859611526238,2.3443815922428914,1.4523236119102896,0.904680024163099,16.8799996227026
21:06:12.676884,311,0.9845361249265281,2.4015836891507365,1.4389604981879733,0.13916000371682458,17.23999961465597
21:06:12.676884,311,0.9850999837442049,2.3349821577895526,1.4548421827813711,0.904680024163099,21.119999527931213
21:06:12.676884,311,1.0091360813319457,2.3919549117601147,1.4415405213138897,0.13916000371682458,21.639999516308308
21:06:12.676884,311,1.0090154971627292,2.325351239528982,1.457422779551661,0.904680024163099,26.239999413490295
21:06:12.676884,311,1.033635124974685,2.3820890024377324,1.4441840837494206,0.13916000371682458,27.119999393820763
21:06:12.676884,311,1.0328301098768913,2.315489800544937,1.4600651441636447,0.904680024163099,32.119999282062054
21:06:12.676884,311,1.0580308059709076,2.3719869477662567,1.4468909211405376,0.8349600223009475,33.7599992454052
21:06:12.676884,311,1.0832315020649237,2.4284840949875774,1.4337166981174305,0.974120026017772,21.519999518990517
21:06:12.676884,311,1.0310199747314506,2.243162003867062,1.4513073322121268,0.904680024163099,15.359999656677246
21:06:12.676884,311,1.0565414404453717,2.3053988269730534,1.4627690123830748,0.904680024163099,37.63999915868044
21:06:12.676884,311,1.0823206847729516,2.3616497579426916,1.4496607628057692,0.8349600223009475,40.759999088943005
21:06:12.676884,311,1.1080999291005318,2.417900688912331,1.4365525132284636,0.974120026017772,24.35999945551157
21:06:12.676884,311,1.080417246818318,2.288941148533524,1.4403503844631675,0.904680024163099,41.11999908089638
21:06:12.676884,311,1.106502332413288,2.3510784666773588,1.4524933317632693,0.8349600223009475,46.51999896019697
21:06:12.676884,311,1.1328575470715974,2.4070776054524834,1.4394525497011443,0.974120026017772,26.87999939918518
21:06:12.676884,311,1.1039207867445295,2.2783915182557775,1.4431771493765368,0.904680024163099,40.879999086260796
21:06:12.676884,311,1.1305733307474115,2.3402741310905286,1.4553883447585152,0.8349600223009475,48.35999891906977
21:06:12.676884,311,1.1575018802370645,2.3960159269073156,1.4424165175342547,0.974120026017772,28.359999366104603
21:06:12.676884,311,1.150594353840248,2.2566138488149026,1.449012458316251,0.904680024163099,37.239999167621136
21:06:12.676884,311,1.178373762483897,2.317970671846597,1.4613645386513472,0.8349600223009475,45.759998977184296
21:06:12.676884,311,1.206440846075351,2.373181232944054,1.4485350553411225,0.974120026017772,28.639999359846115
21:06:12.676884,311,1.2246420685871584,2.2942184662861114,1.0119017417211402,0.974120026017772,7.759999826550484
21:06:12.676884,311,1.1739358055226277,2.2255961317354975,1.3768168136423298,0.904680024163099,31.75999929010868
21:06:12.676884,311,1.2020984158831327,2.3064737785167337,1.464445121934551,0.8349600223009475,39.87999910861254
21:06:12.676884,311,1.230730584892588,2.3614105009762274,1.4516890134662248,0.974120026017772,27.519999384880066
21:06:12.676884,311,1.196987248131589,2.214145357519823,1.379885039346131,0.904680024163099,26.119999416172504
21:06:12.676884,311,1.2257028604478992,2.2947483012968197,1.4675869540864963,0.8349600223009475,32.87999926507473
21:06:12.676884,311,1.219918993018574,2.202472499716526,1.3830127721678878,0.904680024163099,21.119999527931213
21:06:12.676884,311,1.249184735753516,2.2827954127247514,1.4707897209266012,0.8349600223009475,26.6399994045496
21:06:12.676884,311,1.2427287470283066,2.1905787256016067,1.3861996993369385,0.904680024163099,17.11999961733818
21:06:12.676884,311,1.2725416936321252,2.2706163080793735,1.4740531021808643,0.8349600223009475,21.519999518990517
21:06:12.676884,311,1.2957713984075079,2.2582122052609463,1.4773767715138946,0.8349600223009475,17.359999611973763
21:06:12.709403,312,1.1559166941122578,0.9362686275734634,-3.073168043430051,0.7655200204462744,10.239999771118164
21:06:12.709403,312,0.9760605120545355,2.593127367709212,-0.2500421301714512,0.974120026017772,22.519999496638775
21:06:12.709403,312,1.2145230164932286,0.9057698367926097,-3.130099398411951,0.7655200204462744,12.639999717473984
21:06:12.709403,312,0.959837715733463,2.474681367471438,0.07965305279119377,0.904680024163099,19.759999558329582
21:06:12.709403,312,0.983092824701373,2.5346383621988524,-0.02718704756092343,-4.244520113366889,26.239999413490295
21:06:12.709403,312,1.0019425503495833,2.5832372702006374,-0.2500421301714512,0.974120026017772,27.759999379515648
21:06:12.709403,312,1.2690912386440623,3.0874007908043186,-1.180794452214429,0.6263600167294499,7.999999821186066
21:06:12.709403,312,0.9845361249265281,2.464959417469057,0.07965305279119377,0.904680024163099,24.999999441206455
21:06:12.709403,312,1.0083896310898224,2.5246808671632017,-0.02718704756092343,-4.244520113366889,33.359999254345894
21:06:12.709403,312,1.0277243952290243,2.5730888511292815,-0.2500421301714512,0.974120026017772,34.759999223053455
21:06:12.709403,312,1.0464562412295138,2.6199873234519013,-0.36884155360996373,0.974120026017772,18.879999577999115
21:06:12.709403,312,1.0091360813319457,2.454990973590075,0.07965305279119377,0.904680024163099,31.87999928742647
21:06:12.709403,312,1.033585599359992,2.5144709061560153,-0.02718704756092343,-4.244520113366889,42.87999904155731
21:06:12.709403,312,1.053403468529971,2.5626831253285483,-0.2500421301714512,0.974120026017772,43.5199990272522
21:06:12.709403,312,1.0726033548423781,2.609391937413338,-0.36884155360996373,0.974120026017772,22.519999496638775
21:06:12.709403,312,1.0090154971627292,2.38654613554516,0.07775583735566637,0.904680024163099,18.23999959230423
21:06:12.709403,312,1.033635124974685,2.444777032670527,0.07965305279119377,0.904680024163099,40.639999091625214
21:06:12.709403,312,1.0586782099361647,2.504009500164839,-0.02718704756092343,-4.244520113366889,55.11999876797199
21:06:12.709403,312,1.0789772023666064,2.5520211333623,-0.2500421301714512,0.974120026017772,53.75999879837036
21:06:12.709403,312,1.098643209018386,2.598535614367185,-0.36884155360996373,0.974120026017772,26.519999407231808
21:06:12.709403,312,1.0328301098768913,2.3763368226604107,0.07775583735566637,0.904680024163099,20.51999954134226
21:06:12.709403,312,1.0580308059709076,2.434318616095948,0.07965305279119377,0.904680024163099,50.639998868107796
21:06:12.709403,312,1.0836649535783054,2.4932976953215067,-0.02718704756092343,0.904680024163099,68.87999846041203
21:06:12.709403,312,1.1044430393869737,2.541103941420802,-0.2500421301714512,0.974120026017772,63.35999858379364
21:06:12.709403,312,1.1245731997939368,2.58741943993665,-0.36884155360996373,0.974120026017772,30.119999326765537
21:06:12.709403,312,1.056805666072599,2.36648155268697,0.05184154503953953,0.904680024163099,22.239999502897263
21:06:12.709403,312,1.0827537718257976,2.424586571957274,-0.026554558086632523,0.974120026017772,59.119998678565025
21:06:12.709403,312,1.1085433316329831,2.482336562797529,-0.02718704756092343,0.904680024163099,79.87999821454287
21:06:12.709403,312,1.1297984330287054,2.5299326412140997,-0.2500421301714512,0.974120026017772,68.87999846041203
21:06:12.709403,312,1.1744968592597167,2.560931202246871,-0.3970350569832969,0.974120026017772,32.239999279379845
21:06:12.709403,312,1.080417246818318,2.355795349309529,0.05184154503953953,0.904680024163099,22.99999948590994
21:06:12.709403,312,1.1069450956726934,2.4136379866261404,-0.026554558086632523,0.974120026017772,61.87999861687422
21:06:12.709403,312,1.1333108562832368,2.4711271986969754,-0.02718704756092343,0.904680024163099,81.75999817252159
21:06:12.709403,312,1.1550408477736804,2.518508349862856,-0.2500421301714512,0.974120026017772,66.9999985024333
21:06:12.709403,312,1.2000470195391024,2.5490583841779415,-0.3970350569832969,0.974120026017772,32.119999282062054
21:06:12.709403,312,1.2085936056601037,2.501979013831999,-0.8595205432676001,0.5566400148672983,6.6399998515844345
21:06:12.709403,312,1.2437788941791494,2.5104087523255028,-0.9910402918500965,0.5566400148672983,4.999999888241291
21:06:12.709403,312,1.276458751768633,2.5128828375161874,-1.1257436541989922,0.5566400148672983,4.999999888241291
21:06:12.709403,312,1.1039207867445295,2.344873568370845,0.05184154503953953,0.904680024163099,22.639999493956566
21:06:12.709403,312,1.1310257259374212,2.402448039518492,-0.026554558086632523,0.904680024163099,57.11999872326851
21:06:12.709403,312,1.1579650507973505,2.4596707239468656,-0.02718704756092343,0.904680024163099,72.99999836832285
21:06:12.709403,312,1.2051766552422694,2.494905388589661,-0.2500421301714512,0.974120026017772,58.63999868929386
21:06:12.709403,312,1.2254771761219347,2.536930662406198,-0.3970350569832969,0.974120026017772,29.639999337494373
21:06:12.709403,312,1.1507669703166383,2.322676070232371,-0.025922068612341614,0.904680024163099,21.119999527931213
21:06:12.709403,312,1.178845284859035,2.3793485599390727,-0.026554558086632523,0.904680024163099,47.51999893784523
21:06:12.709403,312,1.2069235994014313,2.4360210496457744,-0.02718704756092343,0.904680024163099,58.87999868392944
21:06:12.709403,312,1.2300650344271402,2.482729078944062,-0.2500421301714512,0.974120026017772,47.75999893248081
21:06:12.709403,312,1.2507847860138608,2.524549249693656,-0.3970350569832969,0.974120026017772,25.75999942421913
21:06:12.709403,312,1.1739358055226277,2.3110524597494027,-0.025922068612341614,0.904680024163099,18.999999575316906
21:06:12.709403,312,1.2025794316000917,2.3674413373959067,-0.026554558086632523,0.904680024163099,37.35999916493893
21:06:12.709403,312,1.2312230576775558,2.4238302150424103,-0.02718704756092343,0.904680024163099,45.2399989888072
21:06:12.709403,312,1.2548304081391177,2.4703044984706004,-0.2500421301714512,0.974120026017772,37.51999916136265
21:06:12.709403,312,1.2699996336548236,2.5001671841265316,-0.4813660908910103,0.974120026017772,21.519999518990517
21:06:12.709403,312,1.2261933214055105,2.355297372702445,-0.026554558086632523,0.904680024163099,28.759999357163906
21:06:12.709403,312,1.255399394679432,2.411396999448229,-0.02718704756092343,0.904680024163099,34.35999923199415
21:06:12.709403,312,1.2794702998615797,2.4576328896169155,-0.2500421301714512,0.904680024163099,29.23999934643507
21:06:12.709403,312,1.319745651281515,2.47426886857312,-0.4813660908910103,0.974120026017772,17.639999605715275
21:06:12.709403,312,1.2496845929060947,2.3429178802449835,-0.026554558086632523,0.904680024163099,22.239999502897263
21:06:12.709403,312,1.2794501927936148,2.3987226461743734,-0.02718704756092343,0.904680024163099,26.239999413490295
21:06:12.709403,312,1.3076449956286222,2.4515824702188587,-0.13904205240992823,0.904680024163099,22.879999488592148
21:06:12.709403,312,1.344421940308427,2.4609479199048283,-0.4813660908910103,0.974120026017772,14.359999679028988
21:06:12.709403,312,1.2730508969943748,2.330304097962396,-0.026554558086632523,0.904680024163099,17.519999608397484
21:06:12.709403,312,1.303373046960443,2.3858084226455523,-0.02718704756092343,0.904680024163099,20.51999954134226
21:06:12.709403,312,1.332095029485823,2.43838366039804,-0.13904205240992823,0.904680024163099,18.23999959230423
21:06:12.741917,313,1.1706460721374248,0.5666367364049324,-3.1568361935030747,0.6958000185841229,6.7599998489022255
21:06:12.741917,313,1.1804849406775308,1.3459447999054897,-2.981257335289075,0.6958000185841229,7.519999831914902
21:06:12.741917,313,1.0264084497156778,2.6463159597616532,-0.6347208749208415,0.6958000185841229,16.759999625384808
21:06:12.741917,313,1.039182381453674,2.601775935670531,-0.9910402918500965,0.6958000185841229,8.879999801516533
21:06:12.741917,313,1.0202044828692483,2.6303207129531465,-0.36884155360996373,0.974120026017772,25.51999942958355
21:06:12.741917,313,1.0528198476788488,2.6359197318716796,-0.6347208749208415,0.6958000185841229,20.51999954134226
21:06:12.741917,313,1.065147747917953,2.5912541975775567,-0.9910402918500965,0.6958000185841229,10.239999771118164
21:06:12.741917,313,1.0083896310898224,2.5246808671632017,-0.02718704756092343,0.904680024163099,23.11999948322773
21:06:12.741917,313,1.0306111657689994,2.5803163891021668,-0.13904205240992823,1.0438400278799236,27.99999937415123
21:06:12.741917,313,1.0464562412295138,2.6199873234519013,-0.36884155360996373,0.974120026017772,30.51999931782484
21:06:12.741917,313,1.079125964539305,2.625259914216895,-0.6347208749208415,0.6958000185841229,24.879999443888664
21:06:12.741917,313,1.0910066004998218,2.58047333623578,-0.9910402918500965,0.6958000185841229,11.879999734461308
21:06:12.741917,313,1.1290975822393277,2.6705669824931064,-0.8969038503755085,0.7655200204462744,5.239999882876873
21:06:12.741917,313,1.033585599359992,2.5144709061560153,-0.02718704756092343,0.904680024163099,27.87999937683344
21:06:12.741917,313,1.056362368906158,2.569881434703934,-0.13904205240992823,1.0438400278799236,33.639999248087406
21:06:12.741917,313,1.0726033548423781,2.609391937413338,-0.36884155360996373,0.974120026017772,35.999999195337296
21:06:12.741917,313,1.1053241697073999,2.6143375727701326,-0.6347208749208415,0.6958000185841229,29.879999332129955
21:06:12.741917,313,1.116756353335687,2.5694344297223024,-0.9910402918500965,0.6958000185841229,13.519999697804451
21:06:12.741917,313,1.1557463519689664,2.6591426678746397,-0.8969038503755085,0.7655200204462744,6.11999986320734
21:06:12.741917,313,1.0586782099361647,2.504009500164839,-0.02718704756092343,0.904680024163099,33.639999248087406
21:06:12.741917,313,1.082007936691447,2.5591894943152798,-0.13904205240992823,1.0438400278799236,39.99999910593033
21:06:12.741917,313,1.1035082261084066,2.610042462149204,-0.25572694855151745,0.904680024163099,41.35999907553196
21:06:12.741917,313,1.1406243621336816,2.624349974542174,-0.5207075275285395,0.6958000185841229,34.51999922841787
21:06:12.741917,313,1.1679182711219405,2.54658692239977,-0.9910402918500965,0.6958000185841229,14.759999670088291
21:06:12.741917,313,1.182279548031693,2.6474524412172173,-0.8969038503755085,0.7655200204462744,7.519999831914902
21:06:12.741917,313,1.0836649535783054,2.4932976953215067,-0.02718704756092343,0.904680024163099,39.759999111294746
21:06:12.741917,313,1.1075453045895745,2.548241637121285,-0.13904205240992823,1.0438400278799236,46.51999896019697
21:06:12.741917,313,1.1295530401925908,2.5988770630221194,-0.25572694855151745,0.904680024163099,45.759998977184296
21:06:12.741917,313,1.1668103931627705,2.612812704879498,-0.5207075275285395,0.6958000185841229,37.51999916136265
21:06:12.741917,313,1.1933253199234137,2.5347806063223057,-0.9910402918500965,0.6958000185841229,15.119999662041664
21:06:12.741917,313,1.2086945171301318,2.6354974715337116,-0.8969038503755085,0.7655200204462744,8.759999804198742
21:06:12.741917,313,1.1085433316329831,2.482336562797529,-0.02718704756092343,0.904680024163099,45.2399989888072
21:06:12.741917,313,1.132971918885145,2.537038957898497,-0.13904205240992823,0.904680024163099,52.11999883502722
21:06:12.741917,313,1.1554848999190956,2.587451778366074,-0.25572694855151745,0.904680024163099,47.999998927116394
21:06:12.741917,313,1.192879744130098,2.60101415613535,-0.5207075275285395,0.6958000185841229,37.87999915331602
21:06:12.741917,313,1.2186130371926638,2.522720814307851,-0.9910402918500965,0.6958000185841229,14.359999679028988
21:06:12.741917,313,1.2349886177895024,2.6232789543110746,-0.8969038503755085,0.7655200204462744,9.359999790787697
21:06:12.741917,313,1.2606242958523488,2.677732520743232,-0.9155216238758896,0.7655200204462744,5.879999868571758
21:06:12.741917,313,1.1069450956726934,2.4136379866261404,-0.026554558086632523,0.904680024163099,18.999999575316906
21:06:12.741917,313,1.1333108562832368,2.4711271986969754,-0.02718704756092343,0.904680024163099,48.87999890744686
21:06:12.741917,313,1.158285236938032,2.5255825769054527,-0.13904205240992823,0.904680024163099,55.23999876528978
21:06:12.741917,313,1.1813012121236752,2.5757677506999612,-0.25572694855151745,0.904680024163099,47.23999894410372
21:06:12.741917,313,1.218829808122408,2.5889555081547213,-0.5207075275285395,0.6958000185841229,35.35999920964241
21:06:12.741917,313,1.2437788941791494,2.5104087523255028,-0.9910402918500965,0.6958000185841229,12.639999717473984
21:06:12.741917,313,1.2702511798885232,2.563839678071137,-1.0121333509767116,0.6958000185841229,9.239999793469906
21:06:12.741917,313,1.1579650507973505,2.4596707239468656,-0.02718704756092343,0.904680024163099,49.239998899400234
21:06:12.741917,313,1.1834827274376376,2.5138736397706527,-0.13904205240992823,0.904680024163099,54.87999877333641
21:06:12.741917,313,1.2325768793415048,2.5516281656666906,-0.25572694855151745,0.904680024163099,43.75999902188778
21:06:12.741917,313,1.2446579901550425,2.576637966792306,-0.5207075275285395,0.6958000185841229,31.119999304413795
21:06:12.741917,313,1.2688203743182564,2.4978456515711445,-0.9910402918500965,0.6958000185841229,10.759999759495258
21:06:12.741917,313,1.2958256367648382,2.551009187353722,-1.0121333509767116,0.6958000185841229,8.51999980956316
21:06:12.741917,313,1.2069235994014313,2.4360210496457744,-0.02718704756092343,0.904680024163099,46.11999896913767
21:06:12.741917,313,1.2335201586998752,2.4897028057497175,-0.13904205240992823,0.904680024163099,51.11999885737896
21:06:12.741917,313,1.261564784881675,2.5463072998056733,-0.1422032349458477,0.904680024163099,38.75999913364649
21:06:12.741917,313,1.270361707431437,2.5640627637919207,-0.5207075275285395,0.6958000185841229,26.239999413490295
21:06:12.741917,313,1.318520200234188,2.4719713839226363,-0.9910402918500965,0.6958000185841229,8.999999798834324
21:06:12.741917,313,1.3465832616171483,2.524584218122386,-1.0121333509767116,0.6958000185841229,7.519999831914902
21:06:12.741917,313,1.2312230576775558,2.4238302150424103,-0.02718704756092343,0.904680024163099,40.759999088943005
21:06:12.741917,313,1.259677702185961,2.4798470567411512,-0.055636292140032385,0.904680024163099,45.2399989888072
21:06:12.741917,313,1.286964355217414,2.5335645482002294,-0.1422032349458477,0.904680024163099,33.359999254345894
21:06:12.741917,313,1.2982317667990702,2.5557459819109103,-0.4920668747408852,0.6958000185841229,21.7599995136261
21:06:12.741917,313,1.3361169180250954,2.504961840058507,-0.8782121968215543,0.6958000185841229,7.519999831914902
21:06:12.741917,313,1.3717613538731825,2.510992382083249,-1.0121333509767116,0.6958000185841229,6.5199998542666435
21:06:12.741917,313,1.255399394679432,2.411396999448229,-0.02718704756092343,0.904680024163099,34.639999225735664
21:06:12.741917,313,1.2846054679533534,2.467496626194013,-0.02781953703521434,0.904680024163099,38.6399991363287
21:06:12.741917,313,1.361099313088052,2.4914756468192527,-0.8782121968215543,0.6958000185841229,6.359999857842922
21:06:12.741917,313,1.3968022711430927,2.497149448909615,-1.0121333509767116,0.6958000185841229,5.639999873936176
21:06:12.741917,313,1.2794501927936148,2.3987226461743734,-0.02718704756092343,0.904680024163099,28.879999354481697
21:06:12.741917,313,1.3092157926811354,2.4545274121037637,-0.02781953703521434,0.904680024163099,32.51999927312136
21:06:12.773230,314,1.128169007553382,2.5956926789759303,-2.020549827517439,0.974120026017772,5.119999885559082
21:06:12.773230,314,1.1987440974380836,0.9709579389560635,-3.1870307533938504,0.6263600167294499,5.359999880194664
21:06:12.773230,314,0.9826996006968001,2.5336245406940208,0.08155026822672116,0.7655200204462744,24.23999945819378
21:06:12.773230,314,1.0059638577725867,2.5936051213378235,-0.02781953703521434,0.7655200204462744,23.999999463558197
21:06:12.773230,314,1.0276004947854158,2.649389324847138,-0.1422032349458477,-4.383680117083713,22.879999488592148
21:06:12.773230,314,1.0082383713913454,2.524302161893985,0.0543713764398681,0.7655200204462744,30.51999931782484
21:06:12.773230,314,1.031849178369429,2.5834159714751372,-0.02781953703521434,0.7655200204462744,30.759999312460423
21:06:12.773230,314,1.0540425662847757,2.63898102303844,-0.1422032349458477,0.7655200204462744,28.519999362528324
21:06:12.773230,314,1.07445593225148,2.6900894764592076,-0.2614117669315837,1.0438400278799236,23.879999466240406
21:06:12.773230,314,1.0863932691781257,2.7199766998244574,-0.50276765859076,1.0438400278799236,8.119999818503857
21:06:12.773230,314,1.0334305602349465,2.5140937323936443,0.0543713764398681,0.7655200204462744,38.6399991363287
21:06:12.773230,314,1.0576313149129188,2.5729684821796908,-0.02781953703521434,0.7655200204462744,40.11999910324812
21:06:12.773230,314,1.0803792344105845,2.628308825338378,-0.1422032349458477,0.7655200204462744,35.759999200701714
21:06:12.773230,314,1.1013026557222931,2.6792105931049903,-0.2614117669315837,0.7655200204462744,27.99999937415123
21:06:12.773230,314,1.140571903994268,2.6977063062391307,-0.50276765859076,1.0438400278799236,8.879999801516533
21:06:12.773230,314,1.1658703208146879,2.7575426903858125,-0.7964355701917842,1.0438400278799236,5.999999865889549
21:06:12.773230,314,1.0586782099361647,2.504009500164839,-0.02718704756092343,0.7655200204462744,48.35999891906977
21:06:12.773230,314,1.0833076892110014,2.562263698191662,-0.02781953703521434,0.7655200204462744,52.999998815357685
21:06:12.773230,314,1.1066078655180949,2.6173737989577823,-0.1422032349458477,0.7655200204462744,45.11999899148941
21:06:12.773230,314,1.1280392498502068,2.6680637909361073,-0.2614117669315837,0.7655200204462744,32.119999282062054
21:06:12.773230,314,1.167491488720822,2.686165893363238,-0.50276765859076,1.0438400278799236,9.359999790787697
21:06:12.773230,314,1.0836649535783054,2.4932976953215067,-0.02718704756092343,0.7655200204462744,58.51999869197607
21:06:12.773230,314,1.108875733647759,2.5513026899804805,-0.02781953703521434,0.7655200204462744,68.99999845772982
21:06:12.773230,314,1.1327258367661708,2.606177037390128,-0.1422032349458477,0.7655200204462744,55.99999874830246
21:06:12.773230,314,1.1546630409982075,2.656650184623437,-0.2614117669315837,0.7655200204462744,35.63999920338392
21:06:12.773230,314,1.194294325276629,2.674356866148481,-0.50276765859076,1.0438400278799236,9.759999781847
21:06:12.773230,314,1.2077248250523491,2.704431487228744,-0.6623269229447324,1.0438400278799236,6.239999860525131
21:06:12.773230,314,1.2337843868432117,2.690204667812665,-0.9155216238758896,1.0438400278799236,6.9999998435378075
21:06:12.773230,314,1.0825913574137473,2.4242228809567936,0.05310646073970381,0.8349600223009475,17.359999611973763
21:06:12.773230,314,1.1085433316329831,2.482336562797529,-0.02718704756092343,0.7655200204462744,65.51999853551388
21:06:12.773230,314,1.1343328914401691,2.540086553637784,-0.02781953703521434,0.7655200204462744,84.63999810814857
21:06:12.773230,314,1.1587305363795681,2.594719660302192,-0.1422032349458477,0.7655200204462744,66.75999850779772
21:06:12.773230,314,1.181171366809486,2.644970915518048,-0.2614117669315837,0.8349600223009475,37.35999916493893
21:06:12.773230,314,1.2209777334004892,2.6622804054876874,-0.50276765859076,1.0438400278799236,9.759999781847
21:06:12.773230,314,1.2606242958523488,2.677732520743232,-0.9155216238758896,1.0438400278799236,7.1199998408555984
21:06:12.773230,314,1.1333108562832368,2.4711271986969754,-0.02718704756092343,0.8349600223009475,65.75999853014946
21:06:12.773230,314,1.15967661689378,2.5286164107678113,-0.02781953703521434,0.7655200204462744,91.63999795168638
21:06:12.773230,314,1.1846193639101135,2.5830028134220844,-0.1422032349458477,0.7655200204462744,73.23999836295843
21:06:12.773230,314,1.2075615764736698,2.633027151537066,-0.2614117669315837,0.8349600223009475,36.999999172985554
21:06:12.773230,314,1.2475390447739456,2.649937719016806,-0.50276765859076,1.0438400278799236,9.359999790787697
21:06:12.773230,314,1.2873381434880524,2.664992602665131,-0.9155216238758896,1.0438400278799236,6.8799998462200165
21:06:12.773230,314,1.1579650507973505,2.4596707239468656,-0.02718704756092343,0.8349600223009475,58.87999868392944
21:06:12.773230,314,1.1847266385276425,2.5165158712345224,-0.055636292140032385,0.7655200204462744,84.51999811083078
21:06:12.773230,314,1.2103897304967426,2.5710276684246764,-0.1422032349458477,0.8349600223009475,72.23999838531017
21:06:12.773230,314,1.2599771034407405,2.6083509427437197,-0.2614117669315837,0.8349600223009475,34.51999922841787
21:06:12.773230,314,1.2739756032881135,2.6373300409941436,-0.50276765859076,1.0438400278799236,8.759999804198742
21:06:12.773230,314,1.3403769820627958,2.638714576056942,-0.9155216238758896,1.0438400278799236,6.359999857842922
21:06:12.773230,314,1.2069235994014313,2.4360210496457744,-0.02718704756092343,0.8349600223009475,48.51999891549349
21:06:12.773230,314,1.2348166621211574,2.492319632222203,-0.055636292140032385,0.7655200204462744,68.35999847203493
21:06:12.773230,314,1.261564784881675,2.5463072998056733,-0.1422032349458477,0.8349600223009475,64.11999856680632
21:06:12.773230,314,1.2859971792348446,2.5956209655315616,-0.2614117669315837,0.8349600223009475,30.63999931514263
21:06:12.773230,314,1.3002847653092906,2.6244586321769385,-0.50276765859076,0.974120026017772,8.119999818503857
21:06:12.773230,314,1.2310383726880239,2.4234666374964076,-0.0543713764398681,0.8349600223009475,38.239999145269394
21:06:12.773230,314,1.259677702185961,2.4798470567411512,-0.055636292140032385,0.8349600223009475,51.879998840391636
21:06:12.773230,314,1.286964355217414,2.5335645482002294,-0.1422032349458477,0.8349600223009475,52.879998818039894
21:06:12.773230,314,1.3118886563884344,2.5826314283974625,-0.2614117669315837,0.8349600223009475,26.359999410808086
21:06:12.773230,314,1.2552110832092893,2.4110352869000247,-0.0543713764398681,0.8349600223009475,29.759999334812164
21:06:12.773230,314,1.2844127755359054,2.4671264986320436,-0.055636292140032385,0.8349600223009475,38.75999913364649
21:06:12.773230,314,1.312235230195851,2.520568442262588,-0.1422032349458477,0.8349600223009475,42.119999058544636
21:06:12.773230,314,1.2792582736738507,2.3983628347949186,-0.0543713764398681,0.8349600223009475,23.23999948054552
21:06:12.773230,314,1.3076449956286222,2.4515824702188587,-0.13904205240992823,0.8349600223009475,29.11999934911728
21:06:12.773230,314,1.3373748827506604,2.5073202815924542,-0.1422032349458477,0.8349600223009475,33.11999925971031
21:06:12.773230,314,1.3018092600339977,2.382945929801284,-0.13588086987400877,0.8349600223009475,18.519999586045742
21:06:12.773230,314,1.332095029485823,2.43838366039804,-0.13904205240992823,0.8349600223009475,22.359999500215054
21:06:12.773230,314,1.3623807989376484,2.493821390994796,-0.1422032349458477,0.8349600223009475,26.239999413490295
21:06:12.773230,314,1.3564118549561055,2.4249410142540615,-0.13904205240992823,0.8349600223009475,17.639999605715275
21:06:12.801096,315,0.08050176166455796,0.08182927116302441,1.774539487203724,-2.7832000743364915,5.639999873936176
21:06:12.801096,315,0.9795859635398317,2.535413514946343,1.4070291883418586,0.7655200204462744,19.239999569952488
21:06:12.801096,315,1.001857283523259,2.593057262185867,1.3935477347698322,0.7655200204462744,21.87999951094389
21:06:12.801096,315,1.0245384051901132,2.6216451477663596,1.267421793198252,0.7655200204462744,19.759999558329582
21:06:12.801096,315,1.0426340139101604,2.6064800833164736,1.0250770339455246,0.904680024163099,15.359999656677246
21:06:12.801096,315,1.0601307053574593,2.6186801456072923,0.8910080894885166,0.904680024163099,6.239999860525131
21:06:12.801096,315,0.9826996006968001,2.4684001405264278,1.4230212259502517,0.7655200204462744,16.759999625384808
21:06:12.801096,315,1.0055614856601374,2.5258259093129274,1.4095981795286805,0.7655200204462744,24.999999441206455
21:06:12.801096,315,1.0284233706234742,2.583251678099427,1.3961751331071093,0.7655200204462744,28.359999366104603
21:06:12.801096,315,1.0517059239150137,2.611617574331399,1.2701086734021936,0.7655200204462744,25.119999438524246
21:06:12.801096,315,1.0702813709566406,2.5962754008103737,1.0278113703820502,0.904680024163099,18.879999577999115
21:06:12.801096,315,1.0882420193333338,2.6083042158766196,0.8937883114805725,0.904680024163099,6.6399998515844345
21:06:12.801096,315,1.2828924635103762,2.469078469099366,-0.18969180341454273,0.974120026017772,8.239999815821648
21:06:12.801096,315,1.0079862887004325,2.458785786058583,1.4255973844656573,0.7655200204462744,20.75999953597784
21:06:12.801096,315,1.0314364524743367,2.5159878829664284,1.4122342707433408,0.7655200204462744,33.639999248087406
21:06:12.801096,315,1.054886616248241,2.573189979874274,1.3988711570210248,0.7655200204462744,37.99999915063381
21:06:12.801096,315,1.078768272928643,2.601328088570663,1.2728657328023143,0.7655200204462744,32.75999926775694
21:06:12.801096,315,1.0978217007627076,2.585804180028955,1.0306171255341992,0.904680024163099,23.519999474287033
21:06:12.801096,315,1.116244510019005,2.597657275027905,0.8966411506828473,0.904680024163099,6.7599998489022255
21:06:12.801096,315,1.2889016340338642,2.412661982738354,-0.14727784266681354,0.6958000185841229,6.9999998435378075
21:06:12.801096,315,1.3394943536434043,2.398734466674989,-0.3325190393251316,0.974120026017772,6.11999986320734
21:06:12.801096,315,1.0331721789196864,2.448927665730677,1.4282388598464086,0.7655200204462744,25.63999942690134
21:06:12.801096,315,1.0572082765074273,2.5059004197012382,1.4149371983789272,0.7655200204462744,46.35999896377325
21:06:12.801096,315,1.081244374095168,2.5628731736718002,1.4016355369114462,0.7655200204462744,52.7599988207221
21:06:12.801096,315,1.105722746018772,2.5907777194241053,1.2756926956949846,0.7655200204462744,43.87999901920557
21:06:12.801096,315,1.1252522493184545,2.5750674680855234,1.0334940188288073,0.904680024163099,29.11999934911728
21:06:12.801096,315,1.1441353771888645,2.5867403877463144,0.8995663218138112,0.904680024163099,6.8799998462200165
21:06:12.801096,315,1.0582547527866408,2.4388267653464832,1.4309453879471805,0.7655200204462744,30.879999309778214
21:06:12.801096,315,1.0828743805985968,2.4955645282552332,1.41770669214494,0.7655200204462744,65.35999853909016
21:06:12.801096,315,1.1074940084105527,2.552302291163983,1.4044679963426998,0.7655200204462744,75.63999830931425
21:06:12.801096,315,1.1325666477606748,2.579967521919803,1.2785892793862836,0.7655200204462744,60.239998653531075
21:06:12.801096,315,1.1558077231713904,2.602151140573525,1.1489906874201727,0.7655200204462744,35.759999200701714
21:06:12.801096,315,1.1719118317795632,2.5755546457114287,0.9025635323588017,0.904680024163099,6.7599998489022255
21:06:12.801096,315,1.2423930796952078,2.3438130072284484,0.280551677280203,1.1830000315967482,4.999999888241291
21:06:12.801096,315,1.0832315020649237,2.4284840949875774,1.4337166981174305,0.7655200204462744,35.63999920338392
21:06:12.801096,315,1.1084321981589398,2.4849812422088977,1.4205424750943232,0.7655200204462744,89.63999799638987
21:06:12.801096,315,1.1336328942529559,2.5414783894302175,1.4073682520712163,0.7655200204462744,109.63999754935503
21:06:12.801096,315,1.159297293786667,2.5688985770684476,1.2815551942202688,0.7655200204462744,82.87999814748764
21:06:12.801096,315,1.1830869011193632,2.5908550530789394,1.1520174649419783,0.7655200204462744,41.999999061226845
21:06:12.801096,315,1.1995710961689123,2.56410116748808,0.9056324825992754,0.904680024163099,6.5199998542666435
21:06:12.801096,315,1.2694202633491687,2.3316817795115523,0.28380222995014326,1.1830000315967482,4.999999888241291
21:06:12.801096,315,1.1083770487548956,2.411465677348191,1.4101391101034875,0.7655200204462744,37.87999915331602
21:06:12.801096,315,1.1341627400960441,2.4675669018419004,1.3964163694006078,0.7655200204462744,109.51999755203724
21:06:12.801096,315,1.1596584177556923,2.5304025508516075,1.4103360140738523,0.7655200204462744,148.3599966838956
21:06:12.801096,315,1.1854376620832725,2.5866534818212465,1.3972277644965465,0.7655200204462744,109.11999756097794
21:06:12.801096,315,1.2102477713684148,2.579296038156475,1.155114693655752,0.7655200204462744,45.759998977184296
21:06:12.801096,315,1.2313703977903891,2.585004304955275,0.9936672708156233,0.904680024163099,6.239999860525131
21:06:12.801096,315,1.400067153103408,2.504906674408526,0.15003819251046835,0.20888000557897612,5.359999880194664
21:06:12.801096,315,1.1331408582456561,2.400639887192793,1.413039871833055,0.7655200204462744,36.63999918103218
21:06:12.801096,315,1.159502663959325,2.456489256522428,1.3993846155179985,0.7655200204462744,107.63999759405851
21:06:12.801096,315,1.185864469672994,2.5123386258520632,1.3857293592029425,0.7655200204462744,164.23999632894993
21:06:12.801096,315,1.2119231910465253,2.5750750217778573,1.400330203514769,0.7655200204462744,126.35999717563391
21:06:12.801096,315,1.2372876178542762,2.567475251697941,1.1582820638412168,0.7655200204462744,45.35999898612499
21:06:12.801096,315,1.2862680641696227,2.560684974732469,1.0001836157092898,0.7655200204462744,5.999999865889549
21:06:12.801096,315,1.157791354599938,2.3895754422829185,1.4160045809113546,0.7655200204462744,32.51999927312136
21:06:12.801096,315,1.1847266385276425,2.445167404296489,1.4024182966787637,0.7655200204462744,85.87999808043242
21:06:12.801096,315,1.2116619224553467,2.500759366310059,1.3888320124461726,0.7655200204462744,138.8799968957901
21:06:12.801096,315,1.238597206383051,2.55635132832363,1.3752457282135815,0.7655200204462744,120.23999731242657
21:06:12.801096,315,1.264203736614953,2.5553938757720798,1.1615192587640082,0.7655200204462744,40.879999086260796
21:06:12.801096,315,1.313525328049077,2.5481288324756313,1.00354802388706,0.7655200204462744,5.879999868571758
21:06:12.801096,315,1.2067425593608543,2.366735037695252,1.4221246488754198,0.7655200204462744,27.119999393820763
21:06:12.801096,315,1.2348166621211574,2.4217956321354266,1.4086807441550044,0.7655200204462744,61.75999861955643
21:06:12.801096,315,1.2628907648814605,2.476856226575601,1.395236839434589,0.7655200204462744,99.23999778181314
21:06:12.801096,315,1.2909648676417635,2.531916821015776,1.3817929347141733,0.7655200204462744,96.51999784260988
21:06:12.801096,315,1.3192368575710174,2.564290004051908,1.282135256351217,0.7655200204462744,34.639999225735664
21:06:12.801096,315,1.3406512404961994,2.535310037463241,1.00698280965857,0.7655200204462744,5.759999871253967
21:06:12.801096,315,1.2312230576775558,2.3342036775603754,1.3464059068724405,0.7655200204462744,21.87999951094389
21:06:12.801096,315,1.2598666837550196,2.388507450472814,1.3312004534874964,0.7655200204462744,43.5199990272522
21:06:12.801096,315,1.2883170316838986,2.464534736677094,1.3985383727024423,0.8349600223009475,67.99999848008156
21:06:12.801096,315,1.316956361181836,2.5193214239962494,1.385167861173905,0.7655200204462744,71.23999840766191
21:06:12.801096,315,1.345797561987412,2.5514187692101316,1.285584093332662,0.7655200204462744,28.239999368786812
21:06:12.801096,315,1.3689469046377507,2.5325288566538395,1.0390068483502284,0.7655200204462744,5.639999873936176
21:06:12.801096,315,1.255399394679432,2.3221941135141355,1.3496238598600805,0.7655200204462744,17.639999605715275
21:06:12.801096,315,1.2846054679533534,2.376218491511292,1.334493270117055,0.7655200204462744,31.239999301731586
21:06:12.801096,315,1.3136144678625215,2.451968268068998,1.4019055478176925,0.8349600223009475,47.35999894142151
21:06:12.801096,315,1.3428161601891375,2.5064756023824546,1.3886098887014355,0.7655200204462744,51.759998843073845
21:06:12.801096,315,1.372223687775118,2.538291625502761,1.2891015008879796,0.7655200204462744,22.879999488592148
21:06:12.801096,315,1.2794501927936148,2.309951628355407,1.352904223871712,0.7655200204462744,14.119999684393406
21:06:12.801096,315,1.3092157926811354,2.363691192674848,1.3378499497236238,0.7655200204462744,23.11999948322773
21:06:12.801096,315,1.3387805436949054,2.4391580773876456,1.4053380280656498,0.8349600223009475,34.23999923467636
21:06:12.801096,315,1.368199511933384,2.5002863708943477,1.4203697621220184,0.7655200204462744,38.239999145269394
21:06:12.801096,315,1.3985125923436967,2.5249098856331704,1.2926871272793599,0.7655200204462744,18.519999586045742
21:06:12.801096,315,1.3336951969265112,2.3509268066828697,1.3412701566420533,0.7655200204462744,17.639999605715275
21:06:12.801096,315,1.3638127425945512,2.4261054456413724,1.4088354702011645,0.8349600223009475,25.63999942690134
21:06:12.801096,315,1.3937817796757808,2.4869469147237275,1.4239440586304064,0.7655200204462744,28.999999351799488
21:06:12.801096,315,1.3889169006245887,2.391080405103514,1.3298562310849449,0.7655200204462744,19.759999558329582
21:06:12.801096,315,1.4192246704079217,2.4733610239131854,1.4275843871015486,0.7655200204462744,22.519999496638775
21:06:12.849167,316,1.1804580998977696,2.955484554198335,-1.82218373506651,0.4872000130126253,8.51999980956316
21:06:12.849167,316,1.1638305470486778,3.0006215868216937,-1.4760353328761004,0.904680024163099,12.519999720156193
21:06:12.849167,316,1.184620572354285,3.054223031534388,-1.5024024118295463,0.4872000130126253,14.999999664723873
21:06:12.849167,316,1.2013525447054243,3.097361886717601,-1.0276715451996148,0.20888000557897612,5.879999868571758
21:06:12.849167,316,1.0284233706234742,2.651510887139186,0.08534469909777596,0.7655200204462744,19.239999569952488
21:06:12.849167,316,1.0517059239150137,2.7115386396157652,-0.029084515983796157,0.7655200204462744,19.879999555647373
21:06:12.849167,316,1.073287679598826,2.767181346494854,-0.14852560001768664,0.7655200204462744,19.239999569952488
21:06:12.849167,316,1.054886616248241,2.641094250632211,0.08534469909777596,0.7655200204462744,24.51999945193529
21:06:12.849167,316,1.078768272928643,2.7008861800990065,-0.029084515983796157,0.7655200204462744,25.51999942958355
21:06:12.849167,316,1.1009053673163276,2.756310290910986,-0.14852560001768664,0.7655200204462744,23.519999474287033
21:06:12.849167,316,1.081244374095168,2.6304135069128827,0.08534469909777596,0.7655200204462744,31.5199992954731
21:06:12.849167,316,1.105722746018772,2.689963634227042,-0.029084515983796157,0.7655200204462744,33.11999925971031
21:06:12.849167,316,1.1284129654194373,2.745163606607267,-0.14852560001768664,0.7655200204462744,28.759999357163906
21:06:12.849167,316,1.1492018429146158,2.795738060881432,-0.2727814036917162,0.6263600167294499,17.23999961465597
21:06:12.849167,316,1.2134760650312981,2.870140866736298,-0.8289562608403512,0.20888000557897612,4.999999888241291
21:06:12.849167,316,1.2372789371396031,2.9264399549115407,-0.8452166061646348,0.20888000557897612,5.999999865889549
21:06:12.849167,316,1.0828743805985968,2.56123882692126,0.08344748366224856,0.6958000185841229,21.99999950826168
21:06:12.849167,316,1.1074940084105527,2.6194697240466263,0.08534469909777596,0.7655200204462744,40.51999909430742
21:06:12.849167,316,1.1321136362225086,2.6777006211719927,0.08724191453330335,0.8349600223009475,43.119999036192894
21:06:12.849167,316,1.1558077231713904,2.733742408242787,-0.14852560001768664,0.7655200204462744,34.51999922841787
21:06:12.849167,316,1.177101297333807,2.7841064485099145,-0.2727814036917162,0.7655200204462744,20.359999544918537
21:06:12.849167,316,1.2421163214078215,2.85786280276117,-0.8289562608403512,0.20888000557897612,5.119999885559082
21:06:12.849167,316,1.1084321981589398,2.550282202967022,0.08344748366224856,0.6958000185841229,23.759999468922615
21:06:12.849167,316,1.1336328942529559,2.608263996402559,0.08534469909777596,0.6958000185841229,50.23999887704849
21:06:12.849167,316,1.158833590346972,2.6662457898380962,0.08724191453330335,0.8349600223009475,54.359998784959316
21:06:12.849167,316,1.1830869011193632,2.722047837927814,-0.14852560001768664,0.7655200204462744,40.11999910324812
21:06:12.849167,316,1.2037354850112547,2.7695561258532537,-0.3029944271647227,0.6958000185841229,23.759999468922615
21:06:12.849167,316,1.2244715835028963,2.8172657674804467,-0.4016065839851218,0.6958000185841229,6.9999998435378075
21:06:12.849167,316,1.2990213508056965,2.8324505795273067,-0.8289562608403512,0.20888000557897612,4.999999888241291
21:06:12.849167,316,1.3499831125910648,2.943570132422392,-0.8614769514889183,0.20888000557897612,8.639999806880951
21:06:12.849167,316,1.1338791734281122,2.539070552929116,0.08344748366224856,0.6958000185841229,24.51999945193529
21:06:12.849167,316,1.1596584177556923,2.596797444544057,0.08534469909777596,0.6958000185841229,57.759998708963394
21:06:12.849167,316,1.1854376620832725,2.6545243361589983,0.08724191453330335,0.8349600223009475,63.51999858021736
21:06:12.849167,316,1.2102477713684148,2.7100810651095824,-0.14852560001768664,0.7655200204462744,44.11999901384115
21:06:12.849167,316,1.2313703977903891,2.7573804952476366,-0.3029944271647227,0.6958000185841229,26.87999939918518
21:06:12.849167,316,1.2805682551713922,2.792214534606998,-0.4016065839851218,0.6958000185841229,7.35999983549118
21:06:12.849167,316,1.3893113305725893,2.9510807808094186,-1.0089798916456605,0.20888000557897612,7.519999831914902
21:06:12.849167,316,1.1592127617299066,2.5276049979631527,0.08344748366224856,0.6958000185841229,23.999999463558197
21:06:12.849167,316,1.1855679763882159,2.5850712151167,0.08534469909777596,0.6958000185841229,58.87999868392944
21:06:12.849167,316,1.2119231910465253,2.6425374322702475,0.08724191453330335,0.8349600223009475,65.35999853909016
21:06:12.849167,316,1.2372876178542762,2.697843286455348,-0.14852560001768664,0.7655200204462744,44.99999899417162
21:06:12.849167,316,1.2862680641696227,2.7322032719444387,-0.3029944271647227,0.6958000185841229,28.879999354481697
21:06:12.849167,316,1.3084259066502946,2.7792694562114044,-0.4016065839851218,0.6958000185841229,7.759999826550484
21:06:12.849167,316,1.1847266385276425,2.5165158712345224,0.055636292140032385,0.6958000185841229,22.359999500215054
21:06:12.849167,316,1.2113589792163706,2.5730864807336062,0.08534469909777596,0.6958000185841229,52.879998818039894
21:06:12.849167,316,1.2382875287060238,2.63028627685219,0.08724191453330335,0.8349600223009475,58.75999868661165
21:06:12.849167,316,1.264203736614953,2.685335725732724,-0.14852560001768664,0.7655200204462744,42.51999904960394
21:06:12.849167,316,1.313525328049077,2.719204196948094,-0.3029944271647227,0.6958000185841229,29.23999934643507
21:06:12.849167,316,1.336152716634732,2.7660464531986637,-0.4016065839851218,0.6958000185841229,7.999999821186066
21:06:12.849167,316,1.2348166621211574,2.492319632222203,0.055636292140032385,0.6958000185841229,19.999999552965164
21:06:12.849167,316,1.2625750132582594,2.5483463166842313,0.08534469909777596,0.6958000185841229,43.359999030828476
21:06:12.849167,316,1.2906420968497136,2.604996138151687,0.08724191453330335,0.8349600223009475,47.75999893248081
21:06:12.849167,316,1.3176540372452745,2.6595162879175853,-0.14852560001768664,0.7655200204462744,37.51999916136265
21:06:12.849167,316,1.3360131840984995,2.696571879680125,-0.3934396327936877,0.7655200204462744,27.87999937683344
21:06:12.849167,316,1.3637459124669362,2.7525468478579986,-0.4016065839851218,0.6958000185841229,8.119999818503857
21:06:12.849167,316,1.259677702185961,2.4798470567411512,0.055636292140032385,0.6958000185841229,17.359999611973763
21:06:12.849167,316,1.2879949229114982,2.535593361013628,0.08534469909777596,0.8349600223009475,33.87999924272299
21:06:12.849167,316,1.3166270919209533,2.591959683861923,0.08724191453330335,0.8349600223009475,37.119999170303345
21:06:12.849167,316,1.345797561987412,2.649385725628426,-0.029717005458087066,0.8349600223009475,31.63999929279089
21:06:12.849167,316,1.362911652766652,2.6830771433411087,-0.3934396327936877,0.7655200204462744,25.119999438524246
21:06:12.849167,316,1.391202734850441,2.7387719901386345,-0.4016065839851218,0.6958000185841229,7.999999821186066
21:06:12.849167,316,1.3132860341515291,2.5225868481312457,0.08534469909777596,0.8349600223009475,26.239999413490295
21:06:12.849167,316,1.3424804253860723,2.578664035775319,0.08724191453330335,0.8349600223009475,28.519999362528324
21:06:12.849167,316,1.372223687775118,2.635795506431365,-0.029717005458087066,0.8349600223009475,26.119999416172504
21:06:12.849167,316,1.3896738314113768,2.6693141015356425,-0.3934396327936877,0.6958000185841229,21.87999951094389
21:06:12.849167,316,1.4185204381260115,2.7247232575148015,-0.4016065839851218,0.6958000185841229,7.879999823868275
21:06:12.849167,316,1.3384458178884169,2.509328078677475,0.08534469909777596,0.8349600223009475,20.51999954134226
21:06:12.849167,316,1.368199511933384,2.5651105234455445,0.08724191453330335,0.8349600223009475,22.11999950557947
21:06:12.849167,316,1.3985125923436967,2.6219417098919338,-0.029717005458087066,0.8349600223009475,21.359999522566795
21:06:12.849167,316,1.41629704383723,2.6552841305563772,-0.3934396327936877,0.6958000185841229,18.759999580681324
21:06:12.849167,316,1.363471758164867,2.495818378518154,0.08534469909777596,0.8349600223009475,16.119999639689922
21:06:12.849167,316,1.3937817796757808,2.5513005022124773,0.08724191453330335,0.8349600223009475,17.359999611973763
21:06:12.849167,316,1.4691159349993055,2.6264290395702163,-0.3934396327936877,0.6958000185841229,15.75999964773655
21:06:12.877796,317,1.184620572354285,2.56130254781651,-0.24170037961699986,0.3480400092958007,5.119999885559082
21:06:12.877796,317,1.1602456182061958,2.703751414809046,0.5327374189737424,0.20888000557897612,8.639999806880951
21:06:12.877796,317,1.0702813709566406,2.5962754008103737,1.0278113703820502,0.6263600167294499,18.35999958962202
21:06:12.877796,317,1.0882420193333338,2.6083042158766196,0.8937883114805725,0.6958000185841229,21.119999527931213
21:06:12.877796,317,1.1672056382466727,2.6406034094982753,0.5639478179775952,1.7396400464640465,6.359999857842922
21:06:12.877796,317,1.0783367800221453,2.63039207678212,1.3855080432987088,0.6958000185841229,17.999999597668648
21:06:12.877796,317,1.0978217007627076,2.585804180028955,1.0306171255341992,0.6263600167294499,22.759999491274357
21:06:12.877796,317,1.1211874692739356,2.640839803613318,1.009985017580986,0.4872000130126253,26.239999413490295
21:06:12.877796,317,1.1444608829689134,2.6956578950886527,0.9894344594615796,0.41748001115047373,20.51999954134226
21:06:12.877796,317,1.2433044893144958,2.7323335077253526,0.5107889282816314,0.20888000557897612,10.239999771118164
21:06:12.877796,317,1.1052804716829085,2.6198459276423627,1.3883338754439647,0.6958000185841229,21.519999518990517
21:06:12.877796,317,1.1284129654194373,2.6131831710409466,1.1460346637655516,0.6958000185841229,28.239999368786812
21:06:12.877796,317,1.1492018429146158,2.6298745741194796,1.012923141968682,0.6263600167294499,32.75999926775694
21:06:12.877796,317,1.171939528538334,2.6738576428642413,0.9633477155432923,0.6263600167294499,24.879999443888664
21:06:12.877796,317,1.1321136362225086,2.609040054072734,1.3912293005404597,0.6958000185841229,25.239999435842037
21:06:12.877796,317,1.1558077231713904,2.602151140573525,1.1489906874201727,0.6263600167294499,34.879999220371246
21:06:12.877796,317,1.177101297333807,2.6186392993284473,1.0159336247756807,0.6263600167294499,40.3599990978837
21:06:12.877796,317,1.2003909913166904,2.6624000710523075,0.9664177626575214,0.6263600167294499,29.999999329447746
21:06:12.877796,317,1.158833590346972,2.5979755366515382,1.394194029048109,0.6958000185841229,28.759999357163906
21:06:12.877796,317,1.1830869011193632,2.5908550530789394,1.1520174649419783,0.6263600167294499,41.51999907195568
21:06:12.877796,317,1.2048830426094412,2.6071351027582867,1.019016164956224,0.6263600167294499,48.239998921751976
21:06:12.877796,317,1.2287224160016037,2.6506682566736837,0.9695612928460255,0.6263600167294499,35.23999921232462
21:06:12.877796,317,1.375463993483749,2.669761906361389,0.3759389371588482,0.13916000371682458,6.5199998542666435
21:06:12.877796,317,1.1854376620832725,2.5866534818212465,1.3972277644965465,0.6958000185841229,30.999999307096004
21:06:12.877796,317,1.2102477713684148,2.579296038156475,1.155114693655752,0.6263600167294499,46.63999895751476
21:06:12.877796,317,1.2325443005902663,2.595363134819018,1.0221704542588763,0.6263600167294499,54.63999877870083
21:06:12.877796,317,1.2569309694743411,2.638663372899981,0.9727779917584187,0.6263600167294499,39.519999116659164
21:06:12.877796,317,1.1831969195023426,2.543499497868182,1.5244963874472188,0.6958000185841229,10.87999975681305
21:06:12.877796,317,1.2119231910465253,2.5750750217778573,1.400330203514769,0.6958000185841229,31.359999299049377
21:06:12.877796,317,1.2372876178542762,2.567475251697941,1.1582820638412168,0.6263600167294499,48.119998924434185
21:06:12.877796,317,1.2600823051736594,2.5833245726975718,1.0253961772573497,0.6263600167294499,56.759998731315136
21:06:12.877796,317,1.3084259066502946,2.580624713397056,0.8927499617818033,0.6263600167294499,41.35999907553196
21:06:12.877796,317,1.335139250289943,2.6333117737980776,0.8701439046748631,0.6263600167294499,10.119999773800373
21:06:12.877796,317,1.2382875287060238,2.563241314357674,1.403501035861473,0.6958000185841229,29.639999337494373
21:06:12.877796,317,1.264203736614953,2.5553938757720798,1.1615192587640082,0.6263600167294499,45.2399989888072
21:06:12.877796,317,1.3147775516392117,2.558452507831463,1.032060626952318,0.6263600167294499,53.75999879837036
21:06:12.877796,317,1.336152716634732,2.5678522732859514,0.8961723267949486,0.6263600167294499,40.11999910324812
21:06:12.877796,317,1.2906420968497136,2.5388129162364255,1.4100466054104475,0.6958000185841229,26.519999407231808
21:06:12.877796,317,1.3192368575710174,2.564290004051908,1.282135256351217,0.6263600167294499,39.35999912023544
21:06:12.877796,317,1.3419293240425485,2.5456214922724496,1.0354986872094267,0.6263600167294499,46.999998949468136
21:06:12.877796,317,1.3637459124669362,2.554812655842693,0.8996662817584804,0.6263600167294499,36.23999918997288
21:06:12.877796,317,1.3166270919209533,2.526220668354706,1.413420688061247,0.6958000185841229,22.879999488592148
21:06:12.877796,317,1.345797561987412,2.5514187692101316,1.285584093332662,0.6263600167294499,32.63999927043915
21:06:12.877796,317,1.3689469046377507,2.5325288566538395,1.0390068483502284,0.6263600167294499,39.11999912559986
21:06:12.877796,317,1.391202734850441,2.541507165018102,0.9032314772798293,0.6263600167294499,31.119999304413795
21:06:12.877796,317,1.3424804253860723,2.5133780584906042,1.416861855003041,0.6958000185841229,19.239999569952488
21:06:12.877796,317,1.372223687775118,2.538291625502761,1.2891015008879796,0.6263600167294499,26.519999407231808
21:06:12.877796,317,1.395827591689394,2.519175910228226,1.0425847595615476,0.6263600167294499,31.63999929279089
21:06:12.877796,317,1.4185204381260115,2.5279371313501118,0.9068675568424305,0.6263600167294499,25.999999418854713
21:06:12.877796,317,1.3985125923436967,2.5249098856331704,1.2926871272793599,0.6263600167294499,21.359999522566795
21:06:12.877796,317,1.4225686971512936,2.5055639882790643,1.0462320630552608,0.6263600167294499,25.51999942958355
21:06:12.877796,317,1.4456962905462072,2.5141039118307207,0.9105741568413739,0.6263600167294499,21.359999522566795
21:06:12.906046,318,1.018548067314404,2.79032488278817,0.08913912996883075,0.6958000185841229,16.119999639689922
21:06:12.906046,318,1.121355534075324,3.0719671948646043,-0.7312874855972975,0.20888000557897612,5.519999876618385
21:06:12.906046,318,1.1425210779518578,3.129950461076239,-0.745090509609243,0.20888000557897612,8.999999798834324
21:06:12.906046,318,1.1636866218283914,3.187933727287873,-0.7588935336211884,1.6004800427472219,7.519999831914902
21:06:12.906046,318,1.024128603506686,2.720831215901727,0.08724191453330335,0.6958000185841229,19.239999569952488
21:06:12.906046,318,1.0463999234901133,2.780000057024569,0.08913912996883075,0.6958000185841229,20.359999544918537
21:06:12.906046,318,1.0686712434735404,2.83916889814741,0.09103634540435815,0.7655200204462744,20.87999953329563
21:06:12.906046,318,1.089981705429773,2.8957850007709176,-0.15483547029689348,0.6958000185841229,19.35999956727028
21:06:12.906046,318,1.2381542919599888,3.099937122646734,-1.180794452214429,0.13916000371682458,6.359999857842922
21:06:12.906046,318,1.2454640431974566,3.0299213758614836,-1.5024024118295463,0.13916000371682458,10.639999762177467
21:06:12.906046,318,1.26732186803992,3.0830963278657117,-1.5287694907829923,0.41748001115047373,10.99999975413084
21:06:12.906046,318,1.2890932983177892,3.136061102194034,-1.5550323520330647,0.41748001115047373,6.5199998542666435
21:06:12.906046,318,1.051285255586811,2.710454060361769,0.08724191453330335,0.6958000185841229,24.119999460875988
21:06:12.906046,318,1.0741471405501484,2.7693972335843515,0.08913912996883075,0.6958000185841229,26.359999410808086
21:06:12.906046,318,1.0974479900574408,2.8294721578937074,-0.030349494932377975,0.6958000185841229,26.6399994045496
21:06:12.906046,318,1.1188845735331583,2.8847405775859536,-0.15483547029689348,0.6958000185841229,23.639999471604824
21:06:12.906046,318,1.0783367800221453,2.699805861686595,0.08724191453330335,0.6958000185841229,30.23999932408333
21:06:12.906046,318,1.1017869437960495,2.7585174727409796,0.08913912996883075,0.6958000185841229,34.51999922841787
21:06:12.906046,318,1.1256873674878567,2.8183563887228757,-0.030349494932377975,0.6958000185841229,34.35999923199415
21:06:12.906046,318,1.1476755541165924,2.873407682760069,-0.15483547029689348,0.6958000185841229,28.639999359846115
21:06:12.906046,318,1.1052804716829085,2.688887684687152,0.08724191453330335,0.6958000185841229,37.35999916493893
21:06:12.906046,318,1.1293165692706493,2.7473618624614216,0.08913912996883075,0.6958000185841229,45.35999898612499
21:06:12.906046,318,1.1538141771246255,2.806958786274393,-0.030349494932377975,0.6958000185841229,43.99999901652336
21:06:12.906046,318,1.1763517681061384,2.861787449573252,-0.15483547029689348,0.6958000185841229,34.23999923467636
21:06:12.906046,318,1.1321136362225086,2.6777006211719927,0.08724191453330335,0.6958000185841229,44.359999008476734
21:06:12.906046,318,1.1567332640344645,2.7359315182973596,0.08913912996883075,0.6958000185841229,57.879998706281185
21:06:12.906046,318,1.1818256063103485,2.795280490298955,-0.030349494932377975,0.6958000185841229,54.63999877870083
21:06:12.906046,318,1.2042471552455007,2.848312441854299,-0.1857684967495836,0.6958000185841229,39.35999912023544
21:06:12.906046,318,1.1591233977511497,2.666912579080045,0.058166123540360964,0.6958000185841229,48.87999890744686
21:06:12.906046,318,1.1845080738561211,2.7253176739574023,-0.029717005458087066,0.6958000185841229,68.23999847471714
21:06:12.906046,318,1.2097188539255748,2.783322668616376,-0.030349494932377975,0.6958000185841229,62.99999859184027
21:06:12.906046,318,1.2326695924577589,2.8361277568489225,-0.1857684967495836,0.6958000185841229,42.75999904423952
21:06:12.906046,318,1.1596584177556923,2.596797444544057,0.08534469909777596,0.6958000185841229,13.759999692440033
21:06:12.906046,318,1.185734122778341,2.655188194036089,0.058166123540360964,0.6958000185841229,48.99999890476465
21:06:12.906046,318,1.2117015708617263,2.7133365261585496,-0.029717005458087066,0.6958000185841229,70.63999842107296
21:06:12.906046,318,1.2374911306689118,2.771086516998805,-0.030349494932377975,0.6958000185841229,64.63999855518341
21:06:12.906046,318,1.2581292399435404,2.8173009786057803,-0.27844375243391656,0.6263600167294499,42.9999990388751
21:06:12.906046,318,1.3067128459201303,2.849221496942018,-0.40980594371302975,0.6958000185841229,8.999999798834324
21:06:12.906046,318,1.212226275386663,2.6431982923972477,0.058166123540360964,0.6958000185841229,44.75999899953604
21:06:12.906046,318,1.23877389872541,2.7010840469803172,-0.029717005458087066,0.6958000185841229,63.23999858647585
21:06:12.906046,318,1.2649498868140014,2.758159469632335,-0.06069595494068954,0.6958000185841229,58.63999868929386
21:06:12.906046,318,1.2862388736171322,2.804579032305941,-0.27844375243391656,0.6263600167294499,39.99999910593033
21:06:12.906046,318,1.238783025377138,2.6313387772319845,-0.029084515983796157,0.6958000185841229,37.87999915331602
21:06:12.906046,318,1.2657223502370671,2.6885614616603575,-0.029717005458087066,0.6958000185841229,51.23999885469675
21:06:12.906046,318,1.2911107396740582,2.7424897543867477,-0.1516867825536061,0.6958000185841229,48.35999891906977
21:06:12.906046,318,1.3420694744574226,2.778295073274899,-0.27844375243391656,0.6263600167294499,34.879999220371246
21:06:12.906046,318,1.291158543028621,2.6060385187658794,-0.029084515983796157,0.6958000185841229,30.879999309778214
21:06:12.906046,318,1.3192368575710174,2.662711008472581,-0.029717005458087066,0.6958000185841229,39.519999116659164
21:06:12.906046,318,1.3456986634270742,2.7161207819735416,-0.1516867825536061,0.6958000185841229,38.1199991479516
21:06:12.906046,318,1.3697848586108126,2.7647356889175785,-0.27844375243391656,0.6263600167294499,29.23999934643507
21:06:12.906046,318,1.317153935909948,2.592996847981922,-0.029084515983796157,0.6958000185841229,24.879999443888664
21:06:12.906046,318,1.345797561987412,2.649385725628426,-0.029717005458087066,0.6958000185841229,30.119999326765537
21:06:12.906046,318,1.3727921335857485,2.7025282150207173,-0.1516867825536061,0.6958000185841229,29.759999334812164
21:06:12.906046,318,1.397363265425948,2.7508998333076637,-0.27844375243391656,0.6263600167294499,24.119999460875988
21:06:12.906046,318,1.3430176145011965,2.579695879685581,-0.029084515983796157,0.6958000185841229,19.999999552965164
21:06:12.906046,318,1.372223687775118,2.635795506431365,-0.029717005458087066,0.6958000185841229,23.23999948054552
21:06:12.906046,318,1.3997483256811907,2.6886653975105714,-0.1516867825536061,0.6958000185841229,23.23999948054552
21:06:12.906046,318,1.424801937085253,2.7367888900191244,-0.27844375243391656,0.6263600167294499,19.759999558329582
21:06:12.906046,318,1.3985125923436967,2.6219417098919338,-0.029717005458087066,0.6958000185841229,18.23999959230423
21:06:12.906046,318,1.4265645441167751,2.674533715713241,-0.1516867825536061,0.6958000185841229,18.519999586045742
21:06:12.930746,319,1.20539274068042,3.2024007385740503,-0.9102579874617689,0.4872000130126253,12.11999972909689
21:06:12.930746,319,1.0463999234901133,2.780000057024569,0.08913912996883075,0.6958000185841229,19.759999558329582
21:06:12.930746,319,1.2272083148998694,3.1640239814581914,-0.7588935336211884,0.27832000743364915,15.119999662041664
21:06:12.930746,319,1.0741471405501484,2.7693972335843515,0.08913912996883075,0.6958000185841229,24.119999460875988
21:06:12.930746,319,1.0970090255134852,2.828340406806934,0.09103634540435815,0.6958000185841229,22.99999948590994
21:06:12.930746,319,1.2917615827362001,3.1425524112289107,-1.201887511341044,0.13916000371682458,8.359999813139439
21:06:12.930746,319,1.3287262265927917,3.0571349821157243,-1.5287694907829923,0.13916000371682458,5.639999873936176
21:06:12.930746,319,1.1017869437960495,2.7585174727409796,0.08913912996883075,0.6958000185841229,29.519999340176582
21:06:12.930746,319,1.125237107569954,2.8172290837953637,0.09103634540435815,0.6958000185841229,27.519999384880066
21:06:12.930746,319,1.1293165692706493,2.7473618624614216,0.08913912996883075,0.6958000185841229,35.11999921500683
21:06:12.930746,319,1.15335266685839,2.8058360402356906,0.09103634540435815,0.6958000185841229,32.51999927312136
21:06:12.930746,319,1.177764850323588,2.86522514658256,-0.030979484448272476,0.6263600167294499,25.119999438524246
21:06:12.930746,319,1.2975255445843186,3.0689365851230623,-0.745090509609243,0.27832000743364915,12.639999717473984
21:06:12.930746,319,1.1321136362225086,2.6777006211719927,0.08724191453330335,0.6958000185841229,20.359999544918537
21:06:12.930746,319,1.1567332640344645,2.7359315182973596,0.08913912996883075,0.6958000185841229,39.87999910861254
21:06:12.930746,319,1.1813528918464204,2.794162415422726,0.09103634540435815,0.6958000185841229,36.87999917566776
21:06:12.930746,319,1.2063577358647313,2.8533044345786376,-0.030979484448272476,0.6263600167294499,27.639999382197857
21:06:12.930746,319,1.3035451563285818,2.9991983438142196,-0.7312874855972975,0.27832000743364915,5.999999865889549
21:06:12.930746,319,1.1840342864409883,2.7242275832736333,0.08913912996883075,0.6958000185841229,41.999999061226845
21:06:12.930746,319,1.2092349825350044,2.78220937670917,0.09103634540435815,0.6958000185841229,39.519999116659164
21:06:12.930746,319,1.2348299866429755,2.841098394521757,-0.030979484448272476,0.6263600167294499,29.23999934643507
21:06:12.930746,319,1.3334714625207322,2.986013151137898,-0.7312874855972975,0.27832000743364915,6.6399998515844345
21:06:12.930746,319,1.2112169064108527,2.7122512277739395,0.08913912996883075,0.6958000185841229,40.639999091625214
21:06:12.930746,319,1.2369961507384328,2.769978119388881,0.09103634540435815,0.6958000185841229,39.519999116659164
21:06:12.930746,319,1.263178755457097,2.8286082470056995,-0.030979484448272476,0.6263600167294499,29.519999340176582
21:06:12.930746,319,1.2867132034810032,2.881308415910186,-0.18956122025488095,0.6263600167294499,14.999999664723873
21:06:12.930746,319,1.3632644226838142,2.972529359648148,-0.7312874855972975,0.27832000743364915,6.9999998435378075
21:06:12.930746,319,1.2382784057048346,2.7000036494237953,0.08913912996883075,0.6958000185841229,36.23999918997288
21:06:12.930746,319,1.264633620363144,2.7574698665773427,0.09103634540435815,0.6958000185841229,36.75999917834997
21:06:12.930746,319,1.291401207453965,2.8158352410347516,-0.030979484448272476,0.6263600167294499,28.359999366104603
21:06:12.930746,319,1.2652160781956767,2.6874860729707737,0.08913912996883075,0.6958000185841229,30.63999931514263
21:06:12.930746,319,1.29214462768533,2.7446858690893574,0.09103634540435815,0.6958000185841229,32.239999279379845
21:06:12.930746,319,1.3194945204120245,2.8027806538988096,-0.030979484448272476,0.6958000185841229,26.239999413490295
21:06:12.930746,319,1.3187091804411675,2.6616459596191424,0.08913912996883075,0.6958000185841229,24.999999441206455
21:06:12.930746,319,1.3467762640326217,2.718295781086598,0.09103634540435815,0.6958000185841229,27.239999391138554
21:06:12.930746,319,1.3752825051754058,2.775831985950385,-0.030979484448272476,0.6958000185841229,23.35999947786331
21:06:12.930746,319,1.3452592609304086,2.648326006710218,0.08913912996883075,0.6958000185841229,20.239999547600746
21:06:12.930746,319,1.3738914299398635,2.7046923295585135,0.09103634540435815,0.8349600223009475,22.519999496638775
21:06:12.930746,319,1.3716748166206156,2.6347412234193928,0.08913912996883075,0.6958000185841229,16.359999634325504
21:06:12.930746,319,1.4008692078551588,2.690818411063467,0.09103634540435815,0.8349600223009475,18.639999583363533
21:06:12.957807,320,1.1748381414908988,2.8438717811635463,-0.21873663390623754,1.5307600408850703,5.359999880194664
21:06:12.957807,320,1.215396171074241,2.751895786030925,-0.20559473033807762,1.5307600408850703,9.759999781847
21:06:12.957807,320,1.2265535660754987,2.693724487799681,-0.1652109766569958,0.13916000371682458,11.119999751448631
21:06:12.957807,320,1.0908545345242269,2.8234044102457845,1.3396752068594817,0.8349600223009475,26.239999413490295
21:06:12.957807,320,1.1122352053873046,2.813327958770915,1.082600874141102,0.5566400148672983,25.879999421536922
21:06:12.957807,320,1.2495292137977607,2.911811367039808,0.41982815488746983,1.0438400278799236,6.359999857842922
21:06:12.957807,320,1.259459386834153,2.8967292456534395,0.264621377288883,1.0438400278799236,9.119999796152115
21:06:12.957807,320,1.0970090255134852,2.755528984458927,1.3559059938423959,0.6958000185841229,26.359999410808086
21:06:12.957807,320,1.120228623788452,2.781774538517681,1.2225534365480473,0.6958000185841229,32.239999279379845
21:06:12.957807,320,1.1417281659398633,2.802442061138898,1.0855177416204889,0.6958000185841229,31.75999929010868
21:06:12.957807,320,1.125237107569954,2.744796270597811,1.3587818158540763,0.6958000185841229,31.63999929279089
21:06:12.957807,320,1.149054189284145,2.770814653048621,1.2254901290086195,0.6958000185841229,39.639999113976955
21:06:12.957807,320,1.1711069546323685,2.791271832428634,1.088510795382675,0.6958000185841229,38.99999912828207
21:06:12.957807,320,1.15335266685839,2.7337914355834863,1.3617305525090022,0.6958000185841229,37.119999170303345
21:06:12.957807,320,1.177764850323588,2.759576886634306,1.2285012794440648,0.6958000185841229,48.119998924434185
21:06:12.957807,320,1.2003686336105648,2.7798183896536357,1.0915797361247919,0.6958000185841229,47.11999894678593
21:06:12.957807,320,1.1321136362225086,2.609040054072734,1.3912293005404597,0.7655200204462744,6.359999857842922
21:06:12.957807,320,1.1813528918464204,2.722515579890235,1.364751908935979,0.6958000185841229,41.999999061226845
21:06:12.957807,320,1.2063577358647313,2.748062363041963,1.2315865867418623,0.6958000185841229,56.759998731315136
21:06:12.957807,320,1.2295102767310702,2.7680828781485842,1.0947242569553364,0.6958000185841229,54.63999877870083
21:06:12.957807,320,1.1840342864409883,2.654472683872858,1.3810198060250019,0.6958000185841229,24.23999945819378
21:06:12.957807,320,1.2097188539255748,2.6806282212146257,1.2503077237264968,0.6958000185841229,44.99999899417162
21:06:12.957807,320,1.2348299866429755,2.7362722337143035,1.234745742373867,0.6958000185841229,63.23999858647585
21:06:12.957807,320,1.2585289698539872,2.756066471454798,1.0979440434248606,0.6958000185841229,59.119998678565025
21:06:12.957807,320,1.2801137960112499,2.7699199798497847,0.9577652797039027,0.6958000185841229,17.999999597668648
21:06:12.957807,320,1.2374911306689118,2.668809006352825,1.2534746728038861,0.6958000185841229,44.75999899953604
21:06:12.957807,320,1.2616631936398919,2.688873265317998,1.1192211057274397,0.6958000185841229,64.87999854981899
21:06:12.957807,320,1.2867132034810032,2.7340681584168562,1.071160428841209,0.6958000185841229,58.75999868661165
21:06:12.957807,320,1.2651396593359536,2.6567221273301707,1.2567133422770191,0.6958000185841229,41.63999906927347
21:06:12.957807,320,1.2898517843400514,2.676550291834852,1.122523036520599,0.6958000185841229,60.99999863654375
21:06:12.957807,320,1.315461471659277,2.7215005153510665,1.0745279186514498,0.6958000185841229,53.51999880373478
21:06:12.957807,320,1.2926616750969964,2.6443687928244386,1.2600234082816613,0.6958000185841229,36.51999918371439
21:06:12.957807,320,1.3179113909424158,2.663955658161657,1.1258977584422976,0.6958000185841229,53.119998812675476
21:06:12.957807,320,1.3694696985566583,2.6648790742610258,0.9917962625874845,0.6958000185841229,45.639998979866505
21:06:12.957807,320,1.347315172113414,2.618867725177939,1.2668563987636725,0.6958000185841229,30.759999312460423
21:06:12.957807,320,1.373632441284045,2.637956475096224,1.1328642185485491,0.6958000185841229,44.11999901384115
21:06:12.957807,320,1.3977509310146645,2.651514313820851,0.9953773393544647,0.6958000185841229,37.51999916136265
21:06:12.957807,320,1.374441188064876,2.6057225421225705,1.2703786399477177,0.6958000185841229,25.51999942958355
21:06:12.957807,320,1.4012883129649587,2.624554525600512,1.1364552600929279,0.6958000185841229,35.879999198019505
21:06:12.957807,320,1.4258923895506062,2.6378770504438056,0.9990314330633145,0.6958000185841229,30.23999932408333
21:06:12.957807,320,1.4288040569885763,2.6108861154478102,1.1401176995551614,0.6958000185841229,28.879999354481697
21:06:12.957807,320,1.4538912600422065,2.6239686478448037,1.002758178307724,0.6958000185841229,24.51999945193529
21:06:13.004578,321,1.1293165692706493,2.7473618624614216,0.08913912996883075,0.7655200204462744,10.119999773800373
21:06:13.004578,321,1.1763517681061384,2.861787449573252,-0.15483547029689348,0.8349600223009475,24.999999441206455
21:06:13.004578,321,1.2049103479044223,2.849881040039086,-0.15483547029689348,0.8349600223009475,27.119999393820763
21:06:13.004578,321,1.2505974079910578,2.957941101555262,-0.28981338919404903,0.7655200204462744,21.359999522566795
21:06:13.004578,321,1.2097188539255748,2.783322668616376,-0.030349494932377975,0.8349600223009475,23.639999471604824
21:06:13.004578,321,1.2333484376773909,2.837689644788548,-0.15483547029689348,0.8349600223009475,28.11999937146902
21:06:13.004578,321,1.2585289698539872,2.895625045057391,-0.15799665283281294,0.7655200204462744,26.87999939918518
21:06:13.004578,321,1.3039806724368215,3.0002003798267003,-0.3282273238585888,0.7655200204462744,6.359999857842922
21:06:13.004578,321,1.2616631936398919,2.8252144829509502,-0.15483547029689348,0.8349600223009475,27.759999379515648
21:06:13.004578,321,1.2867132034810032,2.881308415910186,-0.18956122025488095,0.7655200204462744,25.999999418854713
21:06:13.004578,321,1.2898517843400514,2.8124568020320244,-0.15483547029689348,0.8349600223009475,26.119999416172504
21:06:13.004578,321,1.312499237967127,2.861838433143046,-0.2841285708139828,0.8349600223009475,24.119999460875988
21:06:13.004578,321,1.3179113909424158,2.7994178777891743,-0.15483547029689348,0.8349600223009475,23.639999471604824
21:06:13.004578,321,1.3694696985566583,2.8350178503519285,-0.2841285708139828,0.8349600223009475,21.639999516308308
21:06:13.004578,321,1.373632441284045,2.7725015428514106,-0.15483547029689348,0.8349600223009475,20.75999953597784
21:06:13.004578,321,-0.14954335782422232,0.05472258372097319,-0.19659915829445088,-4.383680117083713,5.239999882876873
21:06:13.024986,322,1.0014268132269797,2.9236617024146354,0.21668294650823575,0.904680024163099,16.99999962002039
21:06:13.024986,322,0.9939761084934093,2.9994203696112884,0.09482327740017371,0.904680024163099,16.359999634325504
21:06:13.024986,322,1.0096546367672843,2.8542533274152717,0.21227654701500823,0.904680024163099,16.239999637007713
21:06:13.024986,322,1.0306128714019924,2.9135014195494273,0.21668294650823575,0.904680024163099,21.7599995136261
21:06:13.024986,322,1.0537617268114887,2.978942309109408,0.09482327740017371,0.904680024163099,21.239999525249004
21:06:13.024986,322,1.0748452947737905,3.0385447135542223,0.09672049283570111,0.8349600223009475,19.519999563694
21:06:13.024986,322,1.0381462113880906,2.8440142380774716,0.21227654701500823,0.904680024163099,19.35999956727028
21:06:13.024986,322,1.0603858734606497,2.9049400642188776,0.1857684967495836,0.8349600223009475,28.239999368786812
21:06:13.024986,322,1.0834979651039487,2.968255921835316,0.09482327740017371,0.904680024163099,27.99999937415123
21:06:13.024986,322,1.1056187257232606,3.0288560159919076,-0.03224446339685429,0.8349600223009475,25.119999438524246
21:06:13.024986,322,1.1259533866000522,3.0845630680676894,-0.1643190179046519,0.8349600223009475,14.239999681711197
21:06:13.024986,322,1.0665339722575178,2.8334907496985813,0.21227654701500823,0.904680024163099,22.639999493956566
21:06:13.024986,322,1.0893817704498325,2.8941911366650386,0.1857684967495836,0.8349600223009475,36.87999917566776
21:06:13.024986,322,1.113125854507654,2.9572727114558486,0.09482327740017371,0.904680024163099,37.75999915599823
21:06:13.024986,322,1.1358514999262577,3.0176485717186434,-0.03224446339685429,0.8349600223009475,32.87999926507473
21:06:13.024986,322,1.156742205302368,3.0731494952500267,-0.1643190179046519,0.8349600223009475,17.23999961465597
21:06:13.024986,322,1.0955279522530923,2.8245218608785176,0.1819907642462835,0.904680024163099,25.359999433159828
21:06:13.024986,322,1.1197805472951492,2.887050603060258,0.09292606196464631,0.904680024163099,47.23999894410372
21:06:13.024986,322,1.1426424322584863,2.9459937762828408,0.09482327740017371,0.904680024163099,51.11999885737896
21:06:13.024986,322,1.165970689930879,3.0061393651163955,-0.03224446339685429,0.8349600223009475,43.63999902456999
21:06:13.024986,322,1.1874153507532734,3.0614286100575265,-0.1643190179046519,0.8349600223009475,20.87999953329563
21:06:13.024986,322,1.125237107569954,2.8172290837953637,0.09103634540435815,0.904680024163099,26.87999939918518
21:06:13.024986,322,1.148594582949495,2.875708633145976,0.09292606196464631,0.904680024163099,56.87999872863293
21:06:13.024986,322,1.1720447467233994,2.9344202442003606,0.09482327740017371,0.904680024163099,67.23999849706888
21:06:13.024986,322,1.1959732838433588,2.994329547096182,-0.03224446339685429,0.8349600223009475,57.11999872326851
21:06:13.024986,322,1.2179697556639208,3.0494015845688884,-0.1643190179046519,0.8349600223009475,24.879999443888664
21:06:13.024986,322,1.15335266685839,2.8058360402356906,0.09103634540435815,0.904680024163099,26.75999940186739
21:06:13.024986,322,1.1772937601078393,2.8640790947776504,0.09292606196464631,0.904680024163099,60.87999863922596
21:06:13.024986,322,1.2013298576955802,2.9225532725519203,0.09482327740017371,0.904680024163099,80.11999820917845
21:06:13.024986,322,1.2258562814294414,2.9822202986299113,-0.03224446339685429,0.8349600223009475,70.99999841302633
21:06:13.024986,322,1.2484023646194178,3.0370696214765847,-0.1643190179046519,0.8349600223009475,28.759999357163906
21:06:13.024986,322,1.1813528918464204,2.794162415422726,0.09103634540435815,0.904680024163099,24.879999443888664
21:06:13.024986,322,1.2058752088765108,2.8521631508993757,0.09292606196464631,0.904680024163099,56.87999872863293
21:06:13.024986,322,1.2308025655267099,2.9111218951903908,0.06322078667421904,0.904680024163099,80.87999819219112
21:06:13.024986,322,1.2556166944144047,2.9698128306322844,-0.03224446339685429,0.8349600223009475,78.51999824494123
21:06:13.024986,322,1.2787101343843656,3.024433953966593,-0.1643190179046519,0.8349600223009475,31.359999299049377
21:06:13.024986,322,1.2092349825350044,2.78220937670917,0.09103634540435815,0.904680024163099,21.99999950826168
21:06:13.024986,322,1.2343360711345777,2.839961993095555,0.09292606196464631,0.904680024163099,47.35999894142151
21:06:13.024986,322,1.2598517590307108,2.898668520067661,0.06322078667421904,0.904680024163099,69.11999845504761
21:06:13.024986,322,1.2852515467818832,2.9571083838397048,-0.03224446339685429,0.8349600223009475,74.75999832898378
21:06:13.024986,322,1.3088900342071796,3.011495845595077,-0.1643190179046519,0.8349600223009475,31.87999928742647
21:06:13.024986,322,1.3244687786695304,3.0473394405509935,-0.4344040228967537,0.8349600223009475,6.7599998489022255
21:06:13.024986,322,1.3586406866342615,3.042374037980474,-0.745090509609243,0.4872000130126253,7.519999831914902
21:06:13.024986,322,1.4009448743764332,3.0546896853174776,-0.8939976421374853,0.4872000130126253,8.119999818503857
21:06:13.024986,322,1.2369961507384328,2.769978119388881,0.09103634540435815,0.904680024163099,18.759999580681324
21:06:13.024986,322,1.262673500819659,2.8274768414717473,0.09292606196464631,0.904680024163099,37.119999170303345
21:06:13.024986,322,1.288774968414313,2.885925280521432,0.06322078667421904,0.904680024163099,53.23999880999327
21:06:13.024986,322,1.3147578750714684,2.94410822868621,-0.03224446339685429,0.8349600223009475,62.35999860614538
21:06:13.024986,322,1.3389390461231616,2.9982565901620357,-0.1643190179046519,0.8349600223009475,29.999999329447746
21:06:13.024986,322,1.264633620363144,2.7574698665773427,0.09103634540435815,0.904680024163099,15.87999964505434
21:06:13.024986,322,1.291207495667142,2.8154128622474377,0.06195587097405476,0.904680024163099,28.639999359846115
21:06:13.024986,322,1.3177669680645083,2.8733244531055866,-0.03161197392256338,0.8349600223009475,39.639999113976955
21:06:13.024986,322,1.3441327286750517,2.9308136651764225,-0.03224446339685429,0.8349600223009475,48.51999891549349
21:06:13.024986,322,1.3688541652562958,2.9847175115819202,-0.1643190179046519,0.8349600223009475,26.6399994045496
21:06:13.024986,322,1.3192965945933273,2.802360233315798,0.06195587097405476,0.8349600223009475,22.239999502897263
21:06:13.024986,322,1.3464338452719538,2.8600033383271826,-0.03161197392256338,0.8349600223009475,29.639999337494373
21:06:13.024986,322,1.373373170131883,2.9172260227555555,-0.03224446339685429,0.8349600223009475,36.75999917834997
21:06:13.024986,322,1.3986324001197314,2.970879963751245,-0.1643190179046519,0.8349600223009475,22.759999491274357
21:06:13.024986,322,1.3750762110896282,2.775415607701073,0.06195587097405476,0.8349600223009475,17.519999608397484
21:06:13.024986,322,1.4033608197178022,2.8325044756570867,-0.03161197392256338,0.8349600223009475,22.639999493956566
21:06:13.024986,322,1.4312244166102344,2.888743585226633,-0.06448570237438334,0.8349600223009475,28.11999937146902
21:06:13.024986,322,1.4577663198294444,2.942315025019279,-0.1643190179046519,0.8349600223009475,19.119999572634697
21:06:13.024986,322,1.4316152243064546,2.818329477628623,-0.03161197392256338,0.8349600223009475,17.759999603033066
21:06:13.024986,322,1.4600398097407015,2.874287143947463,-0.06448570237438334,0.8349600223009475,21.87999951094389
21:06:13.024986,322,1.4871160913332933,2.9275904905879284,-0.1643190179046519,0.8349600223009475,15.999999642372131
21:06:13.052151,323,1.054183386091485,2.980134323050748,-0.03161197392256338,0.904680024163099,19.119999572634697
21:06:13.052151,323,1.0739852752059895,3.0361134725895913,-0.1611578353687324,0.41748001115047373,20.75999953597784
21:06:13.052151,323,1.0839315232416367,2.9694436596540292,-0.03161197392256338,0.904680024163099,22.879999488592148
21:06:13.052151,323,1.1042922044230457,3.0252219946724246,-0.1611578353687324,0.41748001115047373,25.239999435842037
21:06:13.052151,323,1.1227995598477514,3.075923121122278,-0.2954982075741153,0.41748001115047373,21.359999522566795
21:06:13.052151,323,1.1135712681475831,2.9584560543791474,-0.03161197392256338,0.904680024163099,27.239999391138554
21:06:13.052151,323,1.1344887053448365,3.014027997090324,-0.1611578353687324,0.41748001115047373,30.879999309778214
21:06:13.052151,323,1.1535021382125445,3.0645415180395266,-0.2954982075741153,0.41748001115047373,25.75999942421913
21:06:13.052151,323,1.1430996568596656,2.9471726059774244,-0.03161197392256338,0.904680024163099,31.75999929010868
21:06:13.052151,323,1.1645717583465682,3.002532599233669,-0.1611578353687324,0.904680024163099,37.239999167621136
21:06:13.052151,323,1.1840893673299218,3.0528534633724465,-0.2954982075741153,0.41748001115047373,30.759999312460423
21:06:13.052151,323,1.172513736563752,2.9355944427842475,-0.03161197392256338,0.904680024163099,35.51999920606613
21:06:13.052151,323,1.1945383551481445,2.9907369506326154,-0.1611578353687324,0.904680024163099,43.87999901920557
21:06:13.052151,323,1.2145581885025971,3.040860125916713,-0.2954982075741153,0.41748001115047373,36.23999918997288
21:06:13.052151,323,1.153641103563425,2.8065377389663304,0.06069595494068954,0.904680024163099,5.239999882876873
21:06:13.052151,323,1.1772937601078393,2.8640790947776504,0.09292606196464631,0.904680024163099,21.239999525249004
21:06:13.052151,323,1.2018105658765148,2.923722722606236,-0.03161197392256338,0.904680024163099,37.51999916136265
21:06:13.052151,323,1.2243854991149914,2.9786422308421407,-0.1611578353687324,0.904680024163099,48.99999890476465
21:06:13.052151,323,1.2449055548739796,3.0285627049960224,-0.2954982075741153,0.41748001115047373,41.11999908089638
21:06:13.052151,323,1.230987215139568,2.9115586326054608,-0.03161197392256338,0.904680024163099,37.119999170303345
21:06:13.052151,323,1.254110205557718,2.966249649324091,-0.1611578353687324,0.904680024163099,50.99999886006117
21:06:13.052151,323,1.275128431732858,3.0159624303421655,-0.2954982075741153,0.41748001115047373,44.11999901384115
21:06:13.052151,323,1.2600407667124296,2.899103389180731,-0.03161197392256338,0.904680024163099,34.23999923467636
21:06:13.052151,323,1.2837095020305833,2.953560445326234,-0.1611578353687324,0.904680024163099,48.87999890744686
21:06:13.052151,323,1.3052237968168667,3.003060561972049,-0.2954982075741153,0.41748001115047373,44.23999901115894
21:06:13.052151,323,1.3303337976224836,3.060833683573367,-0.30118302595418156,0.7655200204462744,12.879999712109566
21:06:13.052151,323,1.2889683152642826,2.8863582378459545,-0.03161197392256338,0.904680024163099,30.119999326765537
21:06:13.052151,323,1.3131804286287385,2.9405758877583406,-0.1611578353687324,0.904680024163099,43.5199990272522
21:06:13.052151,323,1.335188640614711,2.9898583900617024,-0.2954982075741153,0.904680024163099,41.51999907195568
21:06:13.052151,323,1.3177669680645083,2.8733244531055866,-0.03161197392256338,0.904680024163099,25.51999942958355
21:06:13.052151,323,1.3425200382842144,2.927297275065288,-0.1611578353687324,0.904680024163099,36.75999917834997
21:06:13.052151,323,1.3688541652562958,2.9847175115819202,-0.1643190179046519,0.7655200204462744,36.63999918103218
21:06:13.052151,323,1.3464338452719538,2.8600033383271826,-0.03161197392256338,0.904680024163099,21.239999525249004
21:06:13.052151,323,1.3717253970606262,2.9137259350972213,-0.1611578353687324,0.904680024163099,30.23999932408333
21:06:13.052151,323,1.3986324001197314,2.970879963751245,-0.1643190179046519,0.7655200204462744,31.119999304413795
21:06:13.052151,323,1.4297216936476445,2.8857105309633226,-0.1611578353687324,0.904680024163099,24.759999446570873
21:06:13.052151,323,1.4577663198294444,2.942315025019279,-0.1643190179046519,0.7655200204462744,25.879999421536922
21:06:13.082209,324,1.1331264558630532,2.9662033206386056,1.43869479482567,0.974120026017772,27.99999937415123
21:06:13.082209,324,1.163173386316214,2.95511295185428,1.4416664501851932,0.974120026017772,32.75999926775694
21:06:13.082209,324,1.1883662021851604,2.9850050802816592,1.3022668636755643,0.974120026017772,31.5199992954731
21:06:13.082209,324,1.1888043785131432,2.9665800121708017,1.5715744887186214,0.8349600223009475,37.239999167621136
21:06:13.082209,324,1.218945074271208,2.9733785629844984,1.305382179596125,0.974120026017772,34.11999923735857
21:06:13.082209,324,1.241401156179697,2.958814364719131,1.0337998182134738,0.974120026017772,15.119999662041664
21:06:13.082209,324,1.2185082513783214,2.954953488336997,1.5746898063906707,0.8349600223009475,40.3599990978837
21:06:13.082209,324,1.2469033320893912,2.9895780817262847,1.437011489447081,0.8349600223009475,35.23999921232462
21:06:13.082209,324,1.2236084292358547,2.8853115837522814,1.5861618814082035,0.8349600223009475,22.11999950557947
21:06:13.082209,324,1.2480902744392293,2.943040633233446,1.577881846295216,0.8349600223009475,41.23999907821417
21:06:13.082209,324,1.2771747094747041,2.977387619571832,1.4402779139367288,0.8349600223009475,34.51999922841787
21:06:13.082209,324,1.3389639774505493,2.8175144548261555,0.6122349140431318,0.6263600167294499,7.35999983549118
21:06:13.082209,324,1.3395749752506434,2.7456923131103657,0.3387594977900201,0.4872000130126253,7.1199998408555984
21:06:13.082209,324,1.3639396387113487,2.7956319360591015,0.30854426795111833,0.4872000130126253,8.879999801516533
21:06:13.082209,324,1.4019626211304712,2.9121653724523915,0.40544335744585625,0.7655200204462744,5.119999885559082
21:06:13.082209,324,1.2318674813116124,2.793788105792712,1.4757334264502155,0.8349600223009475,5.519999876618385
21:06:13.082209,324,1.277547489518344,2.9308426381356774,1.581150289230942,0.8349600223009475,39.35999912023544
21:06:13.082209,324,1.3073183704590878,2.96490537276307,1.4436225218888623,0.8349600223009475,31.999999284744263
21:06:13.082209,324,1.3068769509188374,2.9183607228329835,1.5844948083562924,0.8349600223009475,35.35999920964241
21:06:13.082209,324,1.3373313007016978,2.952132589514223,1.4470449788454887,0.8349600223009475,28.359999366104603
21:06:13.082209,324,1.3651408940662388,2.8925501526040738,1.5914107298053157,0.8349600223009475,30.51999931782484
21:06:13.082209,324,1.367210498934655,2.939070547092914,1.4505449425637795,0.8349600223009475,24.51999945193529
21:06:13.082209,324,1.3940695494676458,2.879224078713257,1.5949814405426375,0.8349600223009475,25.63999942690134
21:06:13.082209,324,1.4265557614643243,2.9120839383011647,1.4577759825959835,0.8349600223009475,20.75999953597784
21:06:13.082209,324,1.4228587990820585,2.86561924643021,1.5986268443660407,0.8349600223009475,21.239999525249004
21:06:13.128340,325,1.1365594538263564,3.21300817601938,-0.2047321142760703,0.8349600223009475,16.239999637007713
21:06:13.128340,325,1.1550077721333047,3.265160834953744,-0.31255266271431403,0.8349600223009475,10.359999768435955
21:06:13.128340,325,1.1205486288682969,3.069756668185038,0.36092361768566555,0.7655200204462744,12.639999717473984
21:06:13.128340,325,1.1686321718731514,3.2014821220979024,-0.2047321142760703,0.8349600223009475,19.119999572634697
21:06:13.128340,325,1.1876010856575334,3.253447693316925,-0.31255266271431403,0.8349600223009475,11.879999734461308
21:06:13.128340,325,1.1944998221752992,3.2723468663486672,-0.6338989782006795,0.8349600223009475,7.759999826550484
21:06:13.128340,325,1.1353971744910811,3.0164415525786903,0.09672049283570111,0.904680024163099,19.999999552965164
21:06:13.128340,325,1.2005880276818401,3.1896359226464197,-0.2047321142760703,0.8349600223009475,22.11999950557947
21:06:13.128340,325,1.2189136126998612,3.238322018900314,-0.3471707151450818,0.8349600223009475,13.239999704062939
21:06:13.128340,325,1.2495292137977607,3.2215723687557416,-0.7726965576331338,0.8349600223009475,8.879999801516533
21:06:13.128340,325,1.1426424322584863,2.9459937762828408,0.09482327740017371,0.904680024163099,7.999999821186066
21:06:13.128340,325,1.2324238256936146,3.1774707622749516,-0.2047321142760703,0.8349600223009475,24.51999945193529
21:06:13.128340,325,1.2512353472774098,3.2259711714525925,-0.3471707151450818,0.8349600223009475,14.239999681711197
21:06:13.128340,325,1.2816819239019714,3.2089162078819498,-0.7726965576331338,0.8349600223009475,9.63999978452921
21:06:13.128340,325,1.2612897255250526,3.1578607512466386,-0.3068678443342478,0.8349600223009475,25.75999942421913
21:06:13.128340,325,1.2834319593685166,3.213297729590447,-0.3471707151450818,0.8349600223009475,14.6399996727705
21:06:13.128340,325,1.3137064668875862,3.195939158075802,-0.7726965576331338,0.8349600223009475,10.119999773800373
21:06:13.128340,325,1.337173792745283,3.2530296478726797,-0.7864995816450792,0.8349600223009475,7.519999831914902
21:06:13.128340,325,1.2928047420663022,3.1450901727724645,-0.3068678443342478,0.8349600223009475,25.359999433159828
21:06:13.128340,325,1.3155002293389468,3.2003029606474462,-0.3471707151450818,0.8349600223009475,14.239999681711197
21:06:13.128340,325,1.3455996403271364,3.1826425170314074,-0.7726965576331338,0.8349600223009475,9.999999776482582
21:06:13.128340,325,1.3033100632110135,3.082618258609095,-0.16748020044057135,0.974120026017772,11.759999737143517
21:06:13.128340,325,1.3241904792164583,3.132005087915972,-0.3068678443342478,0.8349600223009475,23.639999471604824
21:06:13.128340,325,1.3427754184558256,3.1759626039757087,-0.45080274235256973,0.8349600223009475,13.35999970138073
21:06:13.128340,325,1.3773582549299987,3.1690276144017298,-0.7726965576331338,0.8349600223009475,9.519999787211418
21:06:13.128340,325,1.3554437984281005,3.1186068051746845,-0.3068678443342478,0.8349600223009475,20.999999530613422
21:06:13.128340,325,1.3744673762528477,3.162376277086267,-0.45080274235256973,0.8349600223009475,11.999999731779099
21:06:13.128340,325,1.4089791348613199,3.155095811665626,-0.7726965576331338,0.8349600223009475,8.639999806880951
21:06:13.128340,325,1.3865615743954915,3.1048966643656506,-0.3068678443342478,0.8349600223009475,18.11999959498644
21:06:13.128340,325,1.4374357996638207,3.1342563086171196,-0.45080274235256973,0.8349600223009475,10.639999762177467
21:06:13.128340,325,1.4404591180595987,3.140848501991698,-0.7726965576331338,0.8349600223009475,7.759999826550484
21:06:13.145989,326,1.0414943995305035,3.2513424787468344,-0.034141931819727016,0.7655200204462744,18.519999586045742
21:06:13.145989,326,1.0607883940447613,3.311574568306983,-0.03477442129401793,0.8349600223009475,14.999999664723873
21:06:13.145989,326,1.2330952512002165,3.6000168097619087,-1.1771308935776752,0.27832000743364915,6.11999986320734
21:06:13.145989,326,1.072666676007581,3.2368768729230513,-0.1706413829764908,0.8349600223009475,21.7599995136261
21:06:13.145989,326,1.093850548086001,3.300801284059614,-0.03477442129401793,0.8349600223009475,18.11999959498644
21:06:13.145989,326,1.1124096164820507,3.356805092715031,-0.17696374804832976,0.8349600223009475,7.999999821186066
21:06:13.145989,326,1.1397029154850187,3.3273582473755963,-0.7864995816450792,1.1132800297345966,5.879999868571758
21:06:13.145989,326,1.26721258692771,3.471544374346437,-1.3072694351989158,0.27832000743364915,6.11999986320734
21:06:13.145989,326,1.137185370095224,3.214777616309199,-0.1706413829764908,0.7655200204462744,24.999999441206455
21:06:13.145989,326,1.1582520683916353,3.2743323308824017,-0.1738025655124103,0.8349600223009475,21.639999516308308
21:06:13.145989,326,1.179318766688047,3.333887045455604,-0.17696374804832976,0.8349600223009475,8.999999798834324
21:06:13.145989,326,1.172918957989802,3.315795041906476,-0.7864995816450792,1.1132800297345966,7.1199998408555984
21:06:13.145989,326,1.1935036206126808,3.373987060885551,-0.8003026056570246,1.1132800297345966,6.7599998489022255
21:06:13.145989,326,1.1692757509540652,3.2032452148582182,-0.1706413829764908,0.7655200204462744,28.11999937146902
21:06:13.145989,326,1.1909369331310717,3.262586288253483,-0.1738025655124103,0.8349600223009475,25.51999942958355
21:06:13.145989,326,1.2125981153080785,3.321927361648748,-0.17696374804832976,0.8349600223009475,9.999999776482582
21:06:13.145989,326,1.2060177095814586,3.3039002597111415,-0.7864995816450792,1.1132800297345966,8.359999813139439
21:06:13.145989,326,1.2271832534579923,3.3618835259227757,-0.8003026056570246,1.1132800297345966,7.879999823868275
21:06:13.145989,326,1.1338642733426356,3.012369051057591,0.19335394376017828,0.8349600223009475,18.999999575316906
21:06:13.145989,326,1.1775800135205738,3.1285098854167863,0.2343784873302447,0.6958000185841229,21.99999950826168
21:06:13.145989,326,1.2012492052174313,3.191392491569433,-0.1706413829764908,0.7655200204462744,30.119999326765537
21:06:13.145989,326,1.223502705174963,3.2505139897291366,-0.1738025655124103,0.8349600223009475,28.759999357163906
21:06:13.145989,326,1.2457562051324946,3.3096354878888397,-0.17696374804832976,0.7655200204462744,10.99999975413084
21:06:13.145989,326,1.2718501126956518,3.279120756053292,-0.7864995816450792,1.1132800297345966,9.519999787211418
21:06:13.145989,326,1.294171011593543,3.3366691433508415,-0.8003026056570246,1.1132800297345966,8.879999801516533
21:06:13.145989,326,1.18598954903431,3.057752566816268,0.22995460212474245,0.8349600223009475,28.999999351799488
21:06:13.145989,326,1.2331025355666834,3.1792206317052427,-0.1706413829764908,0.7655200204462744,30.51999931782484
21:06:13.145989,326,1.2559461279733883,3.2381166425291004,-0.1738025655124103,0.7655200204462744,30.759999312460423
21:06:13.145989,326,1.2787897203800935,3.297012653352958,-0.17696374804832976,0.7655200204462744,11.759999737143517
21:06:13.145989,326,1.304577181033031,3.266238512520383,-0.7864995816450792,1.1132800297345966,10.239999771118164
21:06:13.145989,326,1.327472438164091,3.3235608171588162,-0.8003026056570246,1.1132800297345966,9.519999787211418
21:06:13.145989,326,1.2648325566954732,3.166730852441435,-0.1706413829764908,0.7655200204462744,29.23999934643507
21:06:13.145989,326,1.288263957211249,3.2253954863777086,-0.1738025655124103,0.7655200204462744,30.51999931782484
21:06:13.145989,326,1.3080212625475083,3.274861376576565,-0.31823748109438027,0.7655200204462744,11.999999731779099
21:06:13.145989,326,1.337173792745283,3.2530296478726797,-0.7864995816450792,1.1132800297345966,10.359999768435955
21:06:13.145989,326,1.3606411186029794,3.310120137669557,-0.8003026056570246,1.1132800297345966,9.759999781847
21:06:13.145989,326,1.296436095628271,3.1539244027454734,-0.1706413829764908,0.7655200204462744,26.75999940186739
21:06:13.145989,326,1.3204529611326974,3.2123517933799177,-0.1738025655124103,0.7655200204462744,28.359999366104603
21:06:13.145989,326,1.340703929258625,3.261617640548906,-0.31823748109438027,0.7655200204462744,11.759999737143517
21:06:13.145989,326,1.3696366881985453,3.2394954829855798,-0.7864995816450792,1.1132800297345966,9.879999779164791
21:06:13.145989,326,1.3936737360699545,3.2963484489397525,-0.8003026056570246,1.1132800297345966,9.359999790787697
21:06:13.145989,326,1.3279099920376611,3.1408025632515977,-0.1706413829764908,0.7655200204462744,23.519999474287033
21:06:13.145989,326,1.352509920864309,3.1989868678941,-0.1738025655124103,0.7655200204462744,24.999999441206455
21:06:13.145989,326,1.3732525267000582,3.2480477454897794,-0.31823748109438027,0.7655200204462744,10.99999975413084
21:06:13.145989,326,1.4019626211304712,3.2256373712642334,-0.7864995816450792,0.7655200204462744,8.999999798834324
21:06:13.145989,326,1.4265669873309434,3.2822471281267367,-0.8003026056570246,1.1132800297345966,8.639999806880951
21:06:13.145989,326,1.3844316307369682,3.1853020464016066,-0.1738025655124103,0.7655200204462744,21.239999525249004
21:06:13.145989,326,1.405663800039334,3.2341530483773195,-0.31823748109438027,0.7655200204462744,10.119999773800373
21:06:13.145989,326,1.434148358974849,3.211456698508202,-0.7864995816450792,0.7655200204462744,7.879999823868275
21:06:13.145989,326,1.459317583088378,3.267817585350778,-0.8003026056570246,1.1132800297345966,7.759999826550484
21:06:13.145989,326,1.4154354021685056,3.1695531882412564,-0.20852483778136766,0.7655200204462744,17.759999603033066
21:06:13.145989,326,1.4379345081762722,3.219934938669599,-0.31823748109438027,0.7655200204462744,9.119999796152115
21:06:13.145989,326,1.4661906831848601,3.1969548827728813,-0.7864995816450792,0.7655200204462744,6.7599998489022255
21:06:13.145989,326,1.4919222483101218,3.2530612635540646,-0.8003026056570246,1.1132800297345966,6.7599998489022255
21:06:13.176526,327,0.9524345076215504,3.191667961354807,0.367867095388842,0.904680024163099,21.119999527931213
21:06:13.176526,327,1.016073129406443,3.171982229229107,0.367867095388842,0.8349600223009475,25.51999942958355
21:06:13.176526,327,1.0065089002569911,3.2537697260931293,0.2388023725357469,0.904680024163099,21.7599995136261
21:06:13.176526,327,1.0477416190978779,3.1616630697240993,0.367867095388842,0.8349600223009475,30.63999931514263
21:06:13.176526,327,1.0389957294750556,3.243542117942866,0.2388023725357469,0.8349600223009475,26.75999940186739
21:06:13.176526,327,1.0627633974134936,3.1027336223736985,0.22995460212474245,0.8349600223009475,24.639999449253082
21:06:13.176526,327,1.0793053355052016,3.151027746560963,0.367867095388842,0.7655200204462744,35.999999195337296
21:06:13.176526,327,1.1036544535378359,3.222114902346407,0.2388023725357469,0.8349600223009475,32.87999926507473
21:06:13.176526,327,1.093850548086001,3.300801284059614,-0.03477442129401793,0.974120026017772,30.119999326765537
21:06:13.176526,327,1.2876593206326024,3.527558451304961,-1.328362494325531,0.20888000557897612,6.7599998489022255
21:06:13.176526,327,1.093737078099387,3.091951030382063,0.22995460212474245,0.8349600223009475,26.75999940186739
21:06:13.176526,327,1.1107611222832177,3.1400773232631045,0.367867095388842,0.7655200204462744,40.51999909430742
21:06:13.176526,327,1.1358198825643164,3.2109174376038196,0.2388023725357469,0.8349600223009475,39.99999910593033
21:06:13.176526,327,1.1596434085039586,3.2782655938027605,-0.03477442129401793,0.7655200204462744,36.87999917566776
21:06:13.176526,327,1.124601385993804,3.080859245877828,0.22995460212474245,0.8349600223009475,27.87999937683344
21:06:13.176526,327,1.1462365582739675,3.1401290648427045,0.2343784873302447,0.8349600223009475,42.9999990388751
21:06:13.176526,327,1.1702120766646602,3.2058102905895542,0.1024121391422833,0.8349600223009475,46.999998949468136
21:06:13.176526,327,1.1923675356497563,3.26650544134342,-0.03477442129401793,0.7655200204462744,44.23999901115894
21:06:13.176526,327,1.1331264558630532,3.0104088706435177,0.22553071691924023,0.8349600223009475,7.1199998408555984
21:06:13.176526,327,1.1553532346918134,3.069459378030152,0.22995460212474245,0.8349600223009475,27.519999384880066
21:06:13.176526,327,1.1775800135205738,3.1285098854167863,0.2343784873302447,0.8349600223009475,42.35999905318022
21:06:13.176526,327,1.2022111344413626,3.193948075947214,0.1024121391422833,0.8349600223009475,51.99999883770943
21:06:13.176526,327,1.2249724270409552,3.2544186410766263,-0.03477442129401793,0.7655200204462744,50.99999886006117
21:06:13.176526,327,1.18598954903431,3.057752566816268,0.22995460212474245,0.8349600223009475,25.879999421536922
21:06:13.176526,327,1.208805711752406,3.1165778576233945,0.2343784873302447,0.8349600223009475,38.87999913096428
21:06:13.176526,327,1.2340899721118346,3.1817664691731715,0.1024121391422833,0.8349600223009475,52.999998815357685
21:06:13.176526,327,1.2574548222157333,3.2420064016722794,-0.03477442129401793,0.7655200204462744,54.9999987706542
21:06:13.176526,327,1.2787897203800935,3.297012653352958,-0.17696374804832976,0.6958000185841229,19.63999956101179
21:06:13.176526,327,1.216507265415526,3.0457399829074907,0.22995460212474245,0.8349600223009475,23.23999948054552
21:06:13.176526,327,1.2399105304258011,3.1043341746553117,0.2343784873302447,0.8349600223009475,33.87999924272299
21:06:13.176526,327,1.2658454018190166,3.169266688417898,0.1024121391422833,0.8349600223009475,49.51999889314175
21:06:13.176526,327,1.2898114729617864,3.229269964343921,-0.03477442129401793,0.7655200204462744,54.359998784959316
21:06:13.176526,327,1.3116953577270254,3.2840601203139816,-0.17696374804832976,0.6958000185841229,19.63999956101179
21:06:13.176526,327,1.2469033320893912,3.0334228275521458,0.22995460212474245,0.8349600223009475,20.239999547600746
21:06:13.176526,327,1.2708913590849518,3.0917800608705774,0.2343784873302447,0.8349600223009475,28.359999366104603
21:06:13.176526,327,1.297474248046543,3.1564499836489976,0.1024121391422833,0.8349600223009475,42.9999990388751
21:06:13.176526,327,1.3218408361258027,3.215728167135227,-0.06954536517504048,0.6958000185841229,49.51999889314175
21:06:13.176526,327,1.344469826637124,3.2707791840143616,-0.17696374804832976,0.6958000185841229,18.759999580681324
21:06:13.176526,327,1.2771747094747041,3.0208023324554505,0.22995460212474245,0.8349600223009475,17.23999961465597
21:06:13.176526,327,1.3017450996729478,3.078916771670052,0.2343784873302447,0.8349600223009475,23.519999474287033
21:06:13.176526,327,1.329505132238915,3.1445754247127544,-0.034141931819727016,0.6958000185841229,35.759999200701714
21:06:13.176526,327,1.3539314896383183,3.2023491943138263,-0.06954536517504048,0.6958000185841229,42.35999905318022
21:06:13.176526,327,1.3771098496909566,3.2571711725366024,-0.17696374804832976,0.6958000185841229,17.359999611973763
21:06:13.176526,327,1.3351388555106425,3.0718891668377033,0.10051492370675591,0.8349600223009475,19.35999956727028
21:06:13.176526,327,1.360883886990245,3.1311233678166266,-0.034141931819727016,0.6958000185841229,28.999999351799488
21:06:13.176526,327,1.385886751136195,3.188649989255925,-0.06954536517504048,0.6958000185841229,34.879999220371246
21:06:13.176526,327,1.4096121629135643,3.243237446670449,-0.17696374804832976,0.6958000185841229,15.639999650418758
21:06:13.176526,327,1.3921265544930257,3.1173582012069754,-0.034141931819727016,0.6958000185841229,23.519999474287033
21:06:13.176526,327,1.417703425120055,3.174631921870551,-0.06954536517504048,0.6958000185841229,28.239999368786812
21:06:13.176526,327,1.4419735161008547,3.2289793997768164,-0.17696374804832976,0.6958000185841229,13.879999689757824
21:06:13.176526,327,1.4232300105066817,3.1032813013889284,-0.034141931819727016,0.6958000185841229,18.999999575316906
21:06:13.176526,327,1.4478565461725401,3.1569782211318156,-0.1738025655124103,0.6958000185841229,22.879999488592148
21:06:13.176526,327,1.4793534092970468,3.1423420497133163,-0.1738025655124103,0.6958000185841229,18.639999583363533
21:06:13.213115,328,0.9976501355838004,3.2472924830623633,1.658108341310158,0.8349600223009475,17.999999597668648
21:06:13.213115,328,1.016073129406443,3.159110566095544,1.534362916426784,0.8349600223009475,21.239999525249004
21:06:13.213115,328,1.0298510327301789,3.237500322973238,1.6607321426981954,0.8349600223009475,22.519999496638775
21:06:13.213115,328,1.0251547779581716,3.2640749632005295,1.3772001006655705,0.8349600223009475,21.7599995136261
21:06:13.213115,328,1.0477416190978779,3.1491430234240605,1.537033711436131,0.8349600223009475,25.119999438524246
21:06:13.213115,328,1.0675177030751803,3.2085829805209185,1.5282952400091943,0.8349600223009475,28.759999357163906
21:06:13.213115,328,1.0582434353809786,3.2540128388707177,1.3798962387538851,0.8349600223009475,27.519999384880066
21:06:13.213115,328,1.0800823885590192,3.247751149252207,1.093111771000285,1.2524400334514212,23.23999948054552
21:06:13.213115,328,1.2168553332319967,3.0877468592765362,-0.20258132670022988,0.20888000557897612,6.239999860525131
21:06:13.213115,328,1.0793053355052016,3.1388700901098567,1.5397863356215706,0.8349600223009475,28.879999354481697
21:06:13.213115,328,1.0996771834522931,3.1981161459736134,1.531099819873455,0.8349600223009475,36.999999172985554
21:06:13.213115,328,1.1240999816000072,3.232932317970266,1.3855447473051885,0.8349600223009475,35.51999920606613
21:06:13.213115,328,1.1137458887521232,3.2371556842358564,1.0959508172948484,1.2524400334514212,28.879999354481697
21:06:13.213115,328,1.0897955475340644,3.069246383654032,1.5512535344651632,0.8349600223009475,7.639999829232693
21:06:13.213115,328,1.1107611222832177,3.128292793437658,1.5426205137229907,0.8349600223009475,31.999999284744263
21:06:13.213115,328,1.1317266970323714,3.187339203221284,1.533987492980818,0.8349600223009475,47.35999894142151
21:06:13.213115,328,1.1591795666229978,3.192292067751923,1.2526169086299503,0.8349600223009475,46.51999896019697
21:06:13.213115,328,1.1807354129864533,3.21499195846262,1.101889569717052,1.2524400334514212,35.999999195337296
21:06:13.213115,328,1.343875776805326,3.0993922625203325,-0.22753884478070585,0.20888000557897612,6.8799998462200165
21:06:13.213115,328,1.1421058338796022,3.117412191128269,1.5455359623249558,0.8349600223009475,33.519999250769615
21:06:13.213115,328,1.1636630388909077,3.176253229949177,1.536957970566392,0.8349600223009475,58.63999868929386
21:06:13.213115,328,1.191890604554838,3.1809371763926815,1.2556594425998022,0.8349600223009475,60.99999863654375
21:06:13.213115,328,1.2140547381313802,3.2034259140597423,1.1049886819744255,0.6263600167294499,45.11999899148941
21:06:13.213115,328,1.1733363358494557,3.106229371232805,1.548532389885048,0.8349600223009475,32.87999926507473
21:06:13.213115,328,1.1998067923493345,3.1407535082928693,1.405664041939384,0.8349600223009475,66.87999850511551
21:06:13.213115,328,1.2244824544247896,3.1692668936829294,1.2587864854273232,0.8349600223009475,77.51999826729298
21:06:13.213115,328,1.2472526588196298,3.191538613358685,1.1081738745974596,0.6263600167294499,55.519998759031296
21:06:13.213115,328,1.2680097050900265,3.207349612783037,0.9541142112786183,0.6263600167294499,18.639999583363533
21:06:13.213115,328,1.2057195251550252,3.089283057408992,1.5185722436516855,0.8349600223009475,30.23999932408333
21:06:13.213115,328,1.231621874470502,3.129010511976578,1.408810568319056,0.8349600223009475,67.35999849438667
21:06:13.213115,328,1.2569518570751714,3.157282386641159,1.2619977244108507,0.8349600223009475,90.51999797672033
21:06:13.213115,328,1.28013380481672,3.1696899003863783,1.0773759538161372,0.6263600167294499,65.63999853283167
21:06:13.213115,328,1.3016333127867985,3.1949390868626613,0.9574396016766284,0.6263600167294499,20.87999953329563
21:06:13.213115,328,1.2399105304258011,3.059218169014712,1.422931427275439,0.8349600223009475,26.519999407231808
21:06:13.213115,328,1.2633137954360762,3.1169607978389973,1.4120392794912466,0.8349600223009475,59.8799986615777
21:06:13.213115,328,1.2898114729617864,3.110234976106062,1.1306139198281069,0.6263600167294499,91.99999794363976
21:06:13.213115,328,1.3116953577270254,3.126356897009628,0.9790888410442724,0.6263600167294499,71.99999839067459
21:06:13.213115,328,1.3343918933905439,3.1711135411296545,0.9265688573601534,0.6263600167294499,22.639999493956566
21:06:13.213115,328,1.2708913590849518,3.0470918262838653,1.4261806710173124,0.8349600223009475,22.519999496638775
21:06:13.213115,328,1.2948793860805121,3.104605570841447,1.4153498525875434,0.8349600223009475,48.51999891549349
21:06:13.213115,328,1.3220391436411485,3.0976206014431242,1.1339939313320644,0.6263600167294499,80.75999819487333
21:06:13.213115,328,1.344469826637124,3.113528497640525,0.9825262002954076,0.6263600167294499,71.51999840140343
21:06:13.213115,328,1.3677334657047133,3.1580631693169723,0.9300656939482874,0.6263600167294499,23.519999474287033
21:06:13.213115,328,1.3017450996729478,3.0346668430340524,1.4295099352450698,0.8349600223009475,18.759999580681324
21:06:13.213115,328,1.3289733479362902,3.0627178974102915,1.2853720609834154,0.6263600167294499,37.51999916136265
21:06:13.213115,328,1.3541346115137518,3.084695567294521,1.1374571837943273,0.6263600167294499,64.11999856680632
21:06:13.213115,328,1.3771098496909566,3.100384167909719,0.9860482128318253,0.6263600167294499,64.3599985614419
21:06:13.213115,328,1.4009382658182004,3.1446914005342923,0.9336486485949822,0.6263600167294499,23.519999474287033
21:06:13.213115,328,1.3603395516046586,3.049729405539802,1.2888523168910113,0.6263600167294499,28.879999354481697
21:06:13.213115,328,1.386094667059699,3.0714611661528375,1.141003330892551,0.6263600167294499,48.75999891012907
21:06:13.213115,328,1.4096121629135643,3.0869252222391697,0.9896545264552234,0.6263600167294499,53.99999879300594
21:06:13.213115,328,1.434002973278813,3.1309995719472905,0.9373173630077747,0.6263600167294499,22.519999496638775
21:06:13.213115,328,1.3915697224575598,3.036438593882823,1.292413579141253,0.6263600167294499,22.239999502897263
21:06:13.213115,328,1.4179161143002112,3.0579187214471,1.1446320180149963,0.6263600167294499,36.87999917566776
21:06:13.213115,328,1.4419735161008547,3.073153006512169,0.9933447805372604,0.6263600167294499,43.63999902456999
21:06:13.213115,328,1.4669242816435066,3.1169890527273543,0.9410714703182974,0.6263600167294499,20.75999953597784
21:06:13.213115,328,1.422660737504074,3.022846791509386,1.2960554916108988,0.6263600167294499,17.519999608397484
21:06:13.213115,328,1.4478565461725401,3.0044233827810514,1.015033524693474,0.6263600167294499,28.239999368786812
21:06:13.213115,328,1.4741906731446215,3.0590688979387517,0.9971186060556199,0.6263600167294499,34.759999223053455
21:06:13.213115,328,1.4793534092970468,2.9902859268099293,1.0188216446039668,0.6263600167294499,21.99999950826168
21:06:13.213115,328,1.506260412356152,3.0446743049179745,1.0009756256309117,0.6263600167294499,27.759999379515648
21:06:13.213115,328,1.5699448245566439,3.0149594542275517,1.008937695876622,0.6263600167294499,22.359999500215054
21:06:13.250144,329,1.0458923706488745,3.29336636101052,1.2274982753252708,-1.878800050180871,20.87999953329563
21:06:13.250144,329,1.0582434353809786,3.2540128388707177,1.3798962387538851,0.6958000185841229,19.879999555647373
21:06:13.250144,329,1.0796503700238143,3.2831006925521127,1.2302489528984664,-1.878800050180871,24.999999441206455
21:06:13.250144,329,1.0993763830732766,3.3057671798079373,1.0769116211777243,0.5566400148672983,22.759999491274357
21:06:13.250144,329,1.2361777708964474,3.136777170918849,-0.23755610079519984,0.27832000743364915,8.119999818503857
21:06:13.250144,329,1.1240999816000072,3.232932317970266,1.3855447473051885,0.6958000185841229,22.99999948590994
21:06:13.250144,329,1.1133004052662836,3.272509465580308,1.2330868636124164,0.5566400148672983,29.519999340176582
21:06:13.250144,329,1.1336412294182452,3.2949824432637227,1.079801382625329,0.5566400148672983,26.359999410808086
21:06:13.250144,329,1.1568612847967812,3.2219160294340554,1.3884965529220543,0.6958000185841229,25.75999942421913
21:06:13.250144,329,1.1802631345852996,3.2503546050014727,1.2390232406129393,0.5566400148672983,33.87999924272299
21:06:13.250144,329,1.201827417468948,3.272422796949596,1.0858462216367313,0.5566400148672983,29.759999334812164
21:06:13.250144,329,1.3048441750413393,3.148169888775283,-0.062205154679118024,0.27832000743364915,8.879999801516533
21:06:13.250144,329,1.1895069028342948,3.210583847100262,1.3915330020268766,0.6958000185841229,27.759999379515648
21:06:13.250144,329,1.213569132445016,3.2387931868619377,1.2421211132667862,0.6958000185841229,37.239999167621136
21:06:13.250144,329,1.235741940613004,3.2606501431254147,1.0890006947216917,0.5566400148672983,32.239999279379845
21:06:13.250144,329,1.3224427883717214,3.317764471484129,0.38445506315331146,1.2524400334514212,6.359999857842922
21:06:13.250144,329,1.1998067923493345,3.1407535082928693,1.405664041939384,0.6958000185841229,14.879999667406082
21:06:13.250144,329,1.222033571178095,3.1989369041776246,1.3946537909772887,0.6958000185841229,28.359999366104603
21:06:13.250144,329,1.2467537744082169,3.226910640922453,1.2453050318552967,0.6958000185841229,38.519999139010906
21:06:13.250144,329,1.2695328905983043,3.248550494258195,1.0922427858643635,0.5566400148672983,33.11999925971031
21:06:13.250144,329,1.2902632050475582,3.2636384204990545,0.935758973726835,0.5566400148672983,10.119999773800373
21:06:13.250144,329,1.254438037188598,3.1869763653506773,1.3978586076970103,0.6958000185841229,27.359999388456345
21:06:13.250144,329,1.2798137420385085,3.214708155427659,1.2485746779892795,0.6958000185841229,37.119999170303345
21:06:13.250144,329,1.3031968883581604,3.2361250603026863,1.0955721708583481,0.5566400148672983,32.119999282062054
21:06:13.250144,329,1.2867170604463514,3.1747034266632834,1.401147131707054,0.6958000185841229,25.119999438524246
21:06:13.250144,329,1.3127457293668254,3.2021869506158813,1.25192972470686,0.6958000185841229,33.7599992454052
21:06:13.250144,329,1.3367305675210002,3.2233750837918755,1.0989885167679359,0.5566400148672983,29.519999340176582
21:06:13.250144,329,1.3188674130760727,3.162119315399028,1.404519034157775,0.6958000185841229,22.11999950557947
21:06:13.250144,329,1.3455464432220248,3.18934827859711,1.2553698365061778,0.6958000185841229,29.23999934643507
21:06:13.250144,329,1.3701305747470018,3.2103018397127308,1.1024914819613976,0.5566400148672983,25.999999418854713
21:06:13.250144,329,1.3508858800694348,3.149225289958496,1.4079739778617517,0.6958000185841229,19.119999572634697
21:06:13.250144,329,1.3782126035602018,3.176193423227792,1.2588946693789347,0.5566400148672983,24.639999449253082
21:06:13.250144,329,1.4033935700634252,3.196906635378707,1.1060807161451491,0.5566400148672983,22.359999500215054
21:06:13.250144,329,1.4107409437926908,3.162723699982442,1.262503870844797,0.5566400148672983,20.51999954134226
21:06:13.283028,330,-0.015346184811759339,0.11593748770771314,1.7756520567594254,4.453120118938386,5.759999871253967
21:06:13.283028,330,0.9586732383451922,3.283237908699931,1.3720654048944043,1.1132800297345966,17.999999597668648
21:06:13.283028,330,0.9704116734249115,3.238112523863524,1.5203828227176834,0.7655200204462744,16.8799996227026
21:06:13.283028,330,0.9919636059164437,3.273816977874702,1.3745897357009738,1.1132800297345966,22.239999502897263
21:06:13.283028,330,1.0120297829131193,3.3033054443972847,1.2248351059582814,1.1132800297345966,23.23999948054552
21:06:13.283028,330,1.0065089002569911,3.2047068132587797,1.388527805520467,0.7655200204462744,19.35999956727028
21:06:13.283028,330,1.0251547779581716,3.2640749632005295,1.3772001006655705,0.7655200204462744,27.359999388456345
21:06:13.283028,330,1.0458923706488745,3.29336636101052,1.2274982753252708,1.1132800297345966,28.759999357163906
21:06:13.283028,330,1.0650016000110594,3.316220409643244,1.074110686685057,0.974120026017772,21.99999950826168
21:06:13.283028,330,1.0389957294750556,3.194827702405276,1.391174905295601,0.7655200204462744,21.639999516308308
21:06:13.283028,330,1.0582434353809786,3.2540128388707177,1.3798962387538851,0.7655200204462744,33.2399992570281
21:06:13.283028,330,1.0796503700238143,3.2831006925521127,1.2302489528984664,1.1132800297345966,35.51999920606613
21:06:13.283028,330,1.0993763830732766,3.3057671798079373,1.0769116211777243,0.974120026017772,26.75999940186739
21:06:13.283028,330,1.2226959131612667,3.4323615711767346,0.554209486689851,3.896480104071088,6.6399998515844345
21:06:13.283028,330,1.2327534768739061,3.408631190737297,0.34838432421342524,3.896480104071088,6.6399998515844345
21:06:13.283028,330,1.2526755624130235,3.223064366641948,-0.10162409323792776,0.3480400092958007,5.119999885559082
21:06:13.283028,330,1.0832089254756647,3.115328884980118,1.4078966062457763,0.7655200204462744,5.639999873936176
21:06:13.283028,330,1.1036544535378359,3.174130601475192,1.3967206767754823,0.7655200204462744,22.99999948590994
21:06:13.283028,330,1.1240999816000072,3.232932317970266,1.3855447473051885,0.7655200204462744,38.99999912828207
21:06:13.283028,330,1.1133004052662836,3.272509465580308,1.2330868636124164,1.1132800297345966,43.5199990272522
21:06:13.283028,330,1.1336412294182452,3.2949824432637227,1.079801382625329,0.974120026017772,32.359999276697636
21:06:13.283028,330,1.3285527880423866,3.1608466158254735,-0.2658426308059614,0.3480400092958007,5.359999880194664
21:06:13.283028,330,1.1358198825643164,3.1633146810913657,1.3996187939077278,0.7655200204462744,23.11999948322773
21:06:13.283028,330,1.1568612847967812,3.2219160294340554,1.3884965529220543,0.7655200204462744,42.87999904155731
21:06:13.283028,330,1.1802631345852996,3.2503546050014727,1.2390232406129393,0.6958000185841229,51.879998840391636
21:06:13.283028,330,1.201827417468948,3.272422796949596,1.0858462216367313,0.6958000185841229,38.75999913364649
21:06:13.283028,330,1.2227359825175943,3.3198622951834196,1.0345183077156086,0.6958000185841229,13.759999692440033
21:06:13.283028,330,1.1678717305541313,3.1521886124980787,1.4026000150022324,0.7655200204462744,22.11999950557947
21:06:13.283028,330,1.191890604554838,3.1809371763926815,1.2556594425998022,0.7655200204462744,43.119999036192894
21:06:13.283028,330,1.2140547381313802,3.2034259140597423,1.1049886819744255,0.6958000185841229,58.23999869823456
21:06:13.283028,330,1.235741940613004,3.2606501431254147,1.0890006947216917,0.6958000185841229,44.87999899685383
21:06:13.283028,330,1.2572405271596991,3.3078848288423157,1.0377276601490784,0.6958000185841229,15.639999650418758
21:06:13.283028,330,1.1998067923493345,3.1407535082928693,1.405664041939384,0.7655200204462744,19.999999552965164
21:06:13.283028,330,1.2244824544247896,3.1692668936829294,1.2587864854273232,0.7655200204462744,39.759999111294746
21:06:13.283028,330,1.2472526588196298,3.191538613358685,1.1081738745974596,0.6958000185841229,60.11999865621328
21:06:13.283028,330,1.2693424590862004,3.2387350580844396,1.0575658224750553,0.6958000185841229,49.359998896718025
21:06:13.283028,330,1.2916193488024053,3.2955746786237965,1.0410261549588364,0.6958000185841229,17.359999611973763
21:06:13.283028,330,1.231621874470502,3.129010511976578,1.408810568319056,0.7655200204462744,17.519999608397484
21:06:13.283028,330,1.2569518570751714,3.157282386641159,1.2619977244108507,0.7655200204462744,34.23999923467636
21:06:13.283028,330,1.280325855286947,3.1793312450795606,1.1114448290695604,0.6958000185841229,56.519998736679554
21:06:13.283028,330,1.3030014072045353,3.226311487959474,1.0608947080571511,0.6263600167294499,50.35999887436628
21:06:13.283028,330,1.3244769051935035,3.251010090537484,0.9391427245417914,0.6263600167294499,18.639999583363533
21:06:13.283028,330,1.2892955655929208,3.1449848537080354,1.2652928384291764,0.7655200204462744,28.239999368786812
21:06:13.283028,330,1.3132710202413933,3.1668050299489687,1.1148012182980211,0.6958000185841229,49.239998899400234
21:06:13.283028,330,1.3351267582428015,3.182204407773127,0.9608518486545388,0.6958000185841229,47.51999893784523
21:06:13.283028,330,1.3585581587585778,3.2380519185366254,0.9426148562648051,0.6263600167294499,18.879999577999115
21:06:13.283028,330,1.321510345634284,3.132375524626548,1.268671497973659,0.7655200204462744,22.879999488592148
21:06:13.283028,330,1.346084859194075,3.1539612205779273,1.1182427066467309,0.6958000185841229,40.759999088943005
21:06:13.283028,330,1.3684866921415504,3.1691468489716734,0.9643506109905102,0.6263600167294499,41.879999063909054
21:06:13.283028,330,1.3925035576459768,3.2247652003028215,0.9461750216856126,0.6263600167294499,18.23999959230423
21:06:13.283028,330,1.353592975748246,3.1194556603190415,1.2721333651811753,0.7655200204462744,18.519999586045742
21:06:13.283028,330,1.3787640907885883,3.140801101336614,1.121768949969738,0.6263600167294499,32.99999926239252
21:06:13.283028,330,1.4017097785176043,3.1557677162032416,0.9679355388112403,0.6263600167294499,35.35999920964241
21:06:13.283028,330,1.426309707344252,3.211151264496764,0.9498228647906548,0.6263600167294499,16.8799996227026
21:06:13.283028,330,1.4113054471291528,3.127325988225926,1.125379595645665,0.6263600167294499,26.519999407231808
21:06:13.283028,330,1.4347926950901606,3.1420683473698987,0.9716062736269506,0.6263600167294499,29.11999934911728
21:06:13.283028,330,1.4599732272667565,3.1972114725006273,0.9535580207986776,0.6263600167294499,15.119999662041664
21:06:13.283028,330,1.4677321335952778,3.1280501123970508,0.9753624483672347,0.6263600167294499,23.879999466240406
21:06:13.310254,331,0.9919636059164437,3.324132456875991,0.24322625774124915,0.7655200204462744,22.759999491274357
21:06:13.310254,331,1.0100057908407327,3.3845929537551878,0.24765014294675136,0.7655200204462744,22.759999491274357
21:06:13.310254,331,1.1556309269618656,3.735840710127234,-1.0402764799164155,0.20888000557897612,5.239999882876873
21:06:13.310254,331,1.1977194630615218,3.7390466714264083,-1.2145142006855836,0.41748001115047373,6.359999857842922
21:06:13.310254,331,1.0251547779581716,3.3140467811346146,0.24322625774124915,0.7655200204462744,27.119999393820763
21:06:13.310254,331,1.0438006556593518,3.3743238361761,0.24765014294675136,0.7655200204462744,27.519999384880066
21:06:13.310254,331,1.2375411289832832,3.734401701194232,-1.3916416717053766,0.3480400092958007,5.119999885559082
21:06:13.310254,331,1.0582434353809786,3.3036297034916355,0.24322625774124915,0.7655200204462744,31.75999929010868
21:06:13.310254,331,1.0774911412869017,3.3637172890404052,0.24765014294675136,0.7655200204462744,33.11999925971031
21:06:13.310254,331,1.0967388471928243,3.4238048745891745,0.2520740281522536,0.7655200204462744,23.519999474287033
21:06:13.310254,331,1.1240999816000072,3.2818055423327612,0.24322625774124915,0.7655200204462744,35.999999195337296
21:06:13.310254,331,1.1445455096621784,3.3414961823191156,0.24765014294675136,0.7655200204462744,39.11999912559986
21:06:13.310254,331,1.1649910377243498,3.4011868223054695,0.2520740281522536,0.7655200204462744,26.99999939650297
21:06:13.310254,331,1.1358198825643164,3.2109174376038196,0.2388023725357469,0.7655200204462744,14.119999684393406
21:06:13.310254,331,1.1568612847967812,3.2704006412146978,0.24322625774124915,0.7655200204462744,38.75999913364649
21:06:13.310254,331,1.1779026870292462,3.3298838448255763,0.24765014294675136,0.7655200204462744,43.99999901652336
21:06:13.310254,331,1.198944089261711,3.3893670484364544,0.2520740281522536,0.7655200204462744,30.23999932408333
21:06:13.310254,331,1.1895069028342948,3.2586687027724577,0.24322625774124915,0.7655200204462744,38.99999912828207
21:06:13.310254,331,1.2111420751144586,3.317938521737334,0.24765014294675136,0.7655200204462744,46.35999896377325
21:06:13.310254,331,1.2352476603351938,3.383976067155233,0.1081037854488655,0.7655200204462744,32.239999279379845
21:06:13.310254,331,1.222033571178095,3.246610900190055,0.24322625774124915,0.7655200204462744,36.63999918103218
21:06:13.310254,331,1.2442603500068554,3.305661407576689,0.24765014294675136,0.7655200204462744,45.2399989888072
21:06:13.310254,331,1.2690250943916441,3.3714545993157388,0.1081037854488655,0.7655200204462744,32.63999927043915
21:06:13.310254,331,1.2918131223769789,3.4319961930951135,-0.03667188971689065,0.6958000185841229,13.759999692440033
21:06:13.310254,331,1.2552548447974063,3.236334356245484,0.20852483778136766,0.7655200204462744,32.51999927312136
21:06:13.310254,331,1.2780858639011983,3.2951979502160165,0.21231756128666499,0.7655200204462744,40.99999908357859
21:06:13.310254,331,1.3026756270018456,3.3585959888409196,0.1081037854488655,0.7655200204462744,31.119999304413795
21:06:13.310254,331,1.2875548860337447,3.2236202019240516,0.20852483778136766,0.7655200204462744,27.639999382197857
21:06:13.310254,331,1.3109733897121443,3.2822525463587593,0.21231756128666499,0.7655200204462744,35.11999921500683
21:06:13.310254,331,1.3361958931407296,3.3454015215810515,0.1081037854488655,0.7655200204462744,28.239999368786812
21:06:13.310254,331,1.3197261728601943,3.2105836882831786,0.20852483778136766,0.7655200204462744,23.11999948322773
21:06:13.310254,331,1.3437298192824538,3.2689789199967403,0.21231756128666499,0.7655200204462744,29.23999934643507
21:06:13.310254,331,1.3695825408097655,3.3318725169718055,0.1081037854488655,0.7655200204462744,24.759999446570873
21:06:13.310254,331,1.3517654881750256,3.1972261189633064,0.20852483778136766,0.7655200204462744,19.119999572634697
21:06:13.310254,331,1.3782126035602018,3.2597794307769417,0.1062065700133381,0.7655200204462744,23.879999466240406
21:06:13.310254,331,1.4028322313721577,3.3180103279023077,0.1081037854488655,0.7655200204462744,21.239999525249004
21:06:13.310254,331,1.4107409437926908,3.2458345471443146,0.1062065700133381,0.7655200204462744,19.63999956101179
21:06:13.348319,332,0.9761099262892134,3.3945236148745153,0.24765014294675136,0.8349600223009475,20.119999550282955
21:06:13.348319,332,1.1626105757665888,3.758404017787773,-1.3916416717053766,0.4872000130126253,5.759999871253967
21:06:13.348319,332,1.0100057908407327,3.3845929537551878,0.24765014294675136,0.8349600223009475,24.119999460875988
21:06:13.348319,332,1.0280479757650218,3.445053450634384,0.2520740281522536,0.8349600223009475,22.879999488592148
21:06:13.348319,332,1.0438006556593518,3.3743238361761,0.24765014294675136,0.8349600223009475,28.639999359846115
21:06:13.348319,332,1.0624465333605317,3.4346008912175843,0.2520740281522536,0.8349600223009475,27.519999384880066
21:06:13.348319,332,1.083692318990166,3.5032827419902075,-0.03667188971689065,0.6263600167294499,20.239999547600746
21:06:13.348319,332,1.269222143232544,2.5617626990841766,-3.1260618663055983,0.6263600167294499,5.359999880194664
21:06:13.348319,332,1.0774911412869017,3.3637172890404052,0.24765014294675136,0.8349600223009475,32.99999926239252
21:06:13.348319,332,1.0967388471928243,3.4238048745891745,0.2520740281522536,0.8349600223009475,32.239999279379845
21:06:13.348319,332,1.1186703775875344,3.4922708369874282,-0.03667188971689065,0.6263600167294499,23.35999947786331
21:06:13.348319,332,1.1240999816000072,3.2818055423327612,0.24322625774124915,0.8349600223009475,19.35999956727028
21:06:13.348319,332,1.1445455096621784,3.3414961823191156,0.24765014294675136,0.8349600223009475,36.23999918997288
21:06:13.348319,332,1.1649910377243498,3.4011868223054695,0.2520740281522536,0.8349600223009475,36.51999918371439
21:06:13.348319,332,1.1535365700843674,3.480909707826778,-0.03667188971689065,0.6263600167294499,26.239999413490295
21:06:13.348319,332,1.1779026870292462,3.3298838448255763,0.24765014294675136,0.8349600223009475,37.35999916493893
21:06:13.348319,332,1.198944089261711,3.3893670484364544,0.2520740281522536,0.8349600223009475,39.11999912559986
21:06:13.348319,332,1.222919421951443,3.4571443562539677,-0.03667188971689065,0.6263600167294499,28.239999368786812
21:06:13.348319,332,1.2111420751144586,3.317938521737334,0.24765014294675136,0.8349600223009475,35.879999198019505
21:06:13.348319,332,1.2352476603351938,3.383976067155233,0.1081037854488655,0.6263600167294499,38.87999913096428
21:06:13.348319,332,1.2574291430946278,3.4447425103570546,-0.03667188971689065,0.6263600167294499,28.759999357163906
21:06:13.348319,332,1.2774960445182404,3.499716032137327,-0.18643480086345607,0.6958000185841229,11.879999734461308
21:06:13.348319,332,1.2442603500068554,3.305661407576689,0.24765014294675136,0.8349600223009475,32.119999282062054
21:06:13.348319,332,1.2690250943916441,3.3714545993157388,0.1081037854488655,0.6263600167294499,36.11999919265509
21:06:13.348319,332,1.2918131223769789,3.4319961930951135,-0.03667188971689065,0.6263600167294499,27.639999382197857
21:06:13.348319,332,1.277254199906694,3.2930537300447726,0.24765014294675136,0.7655200204462744,27.519999384880066
21:06:13.348319,332,1.3026756270018456,3.3585959888409196,0.1081037854488655,0.6263600167294499,31.63999929279089
21:06:13.348319,332,1.3260679214293738,3.418906679089192,-0.03667188971689065,0.6263600167294499,25.359999433159828
21:06:13.348319,332,1.3101203254566265,3.280116749898775,0.24765014294675136,0.7655200204462744,22.99999948590994
21:06:13.348319,332,1.3361958931407296,3.3454015215810515,0.1081037854488655,0.7655200204462744,26.75999940186739
21:06:13.348319,332,1.3601901148006073,3.4054752772797254,-0.03667188971689065,0.6263600167294499,22.359999500215054
21:06:13.348319,332,1.3428554400716333,3.266851760825872,0.24765014294675136,0.7655200204462744,18.879999577999115
21:06:13.348319,332,1.3695825408097655,3.3318725169718055,0.1081037854488655,0.7655200204462744,22.11999950557947
21:06:13.372890,333,0.9922398260002762,3.7299229332018955,-1.5865262980196826,0.5566400148672983,7.35999983549118
21:06:13.372890,333,1.062830719467981,2.4453622631387706,-3.29187029377418,0.7655200204462744,10.519999764859676
21:06:13.372890,333,1.1167493396634878,2.1984731160012974,-3.522114262290201,0.7655200204462744,5.639999873936176
21:06:13.372890,333,1.0243431708349948,3.4326384162109,0.3956410062015478,0.8349600223009475,25.63999942690134
21:06:13.372890,333,1.042320336638356,3.4928810299249227,0.40258448390472423,0.8349600223009475,26.75999940186739
21:06:13.372890,333,1.0602264464503994,3.5528855305412623,0.4095005170319988,0.8349600223009475,22.759999491274357
21:06:13.372890,333,1.074740212261082,3.355129424908158,0.35348517890724607,0.8349600223009475,22.759999491274357
21:06:13.372890,333,1.0927864990691794,3.4114664142470015,0.3956410062015478,0.8349600223009475,31.63999929279089
21:06:13.372890,333,1.1119648414848635,3.471337460501475,0.40258448390472423,0.8349600223009475,33.519999250769615
21:06:13.372890,333,1.1310673801755844,3.53097186230435,0.4095005170319988,0.8349600223009475,28.519999362528324
21:06:13.372890,333,1.108237210014426,3.34421444708245,0.35348517890724607,0.8349600223009475,26.87999939918518
21:06:13.372890,333,1.126845955007088,3.4003681597390787,0.3956410062015478,0.8349600223009475,39.23999912291765
21:06:13.372890,333,1.1466220389843906,3.4600444322428237,0.40258448390472423,0.8349600223009475,42.23999905586243
21:06:13.372890,333,1.1663199566218618,3.519484830151692,0.4095005170319988,0.8349600223009475,35.759999200701714
21:06:13.372890,333,1.1445455096621784,3.3414961823191156,0.24765014294675136,0.8349600223009475,30.879999309778214
21:06:13.372890,333,1.1620167138179205,3.3925032951810237,0.3597996426694104,0.8349600223009475,47.999998927116394
21:06:13.372890,333,1.1811645752406597,3.448405402439777,0.40258448390472423,0.8349600223009475,52.7599988207221
21:06:13.372890,333,1.2014559020496205,3.507645852464647,0.4095005170319988,0.8349600223009475,44.519999004900455
21:06:13.372890,333,1.1779026870292462,3.3298838448255763,0.24765014294675136,0.8349600223009475,33.99999924004078
21:06:13.372890,333,1.198944089261711,3.3893670484364544,0.2520740281522536,0.8349600223009475,56.639998733997345
21:06:13.372890,333,1.219985491494176,3.448850252047333,0.25649791335775585,0.8349600223009475,63.999998569488525
21:06:13.372890,333,1.2409437261288838,3.5080983441814886,0.26090431285098337,0.8349600223009475,53.35999880731106
21:06:13.372890,333,1.2645140721737866,3.5747307709312897,0.11378793288020846,0.8349600223009475,12.639999717473984
21:06:13.372890,333,1.1895069028342948,3.2586687027724577,0.24322625774124915,0.8349600223009475,5.879999868571758
21:06:13.372890,333,1.2111420751144586,3.317938521737334,0.24765014294675136,0.8349600223009475,35.51999920606613
21:06:13.372890,333,1.2327772473946221,3.3772083407022104,0.2520740281522536,0.8349600223009475,62.639998599886894
21:06:13.372890,333,1.254412419674786,3.436478159667087,0.25649791335775585,0.8349600223009475,72.63999837636948
21:06:13.372890,333,1.2759620774400082,3.4955137105728133,0.26090431285098337,0.8349600223009475,59.8799986615777
21:06:13.372890,333,1.2442603500068554,3.305661407576689,0.24765014294675136,0.8349600223009475,34.639999225735664
21:06:13.372890,333,1.2664871288356159,3.364711914963324,0.2520740281522536,0.8349600223009475,63.51999858021736
21:06:13.372890,333,1.2887139076643763,3.423762422349958,0.25649791335775585,0.8349600223009475,74.75999832898378
21:06:13.372890,333,1.3108528336123906,3.4825795285216254,0.26090431285098337,0.8349600223009475,60.87999863922596
21:06:13.372890,333,1.277254199906694,3.2930537300447726,0.24765014294675136,0.8349600223009475,31.75999929010868
21:06:13.372890,333,1.30007036262479,3.3518790208518987,0.2520740281522536,0.8349600223009475,58.63999868929386
21:06:13.372890,333,1.3228865253428859,3.4107043116590248,0.25649791335775585,0.8349600223009475,69.2399984523654
21:06:13.372890,333,1.3456125055996457,3.469297091435293,0.26090431285098337,0.8349600223009475,55.87999875098467
21:06:13.372890,333,1.3101203254566265,3.280116749898775,0.24765014294675136,0.8349600223009475,27.87999937683344
21:06:13.372890,333,1.3335235904669016,3.338710941646596,0.2520740281522536,0.8349600223009475,50.35999887436628
21:06:13.372890,333,1.3569268554771767,3.397305133394417,0.25649791335775585,0.8349600223009475,58.87999868392944
21:06:13.372890,333,1.3802376174636959,3.455667727546397,0.26090431285098337,0.8349600223009475,47.35999894142151
21:06:13.372890,333,1.3437298192824538,3.2689789199967403,0.21231756128666499,0.8349600223009475,23.759999468922615
21:06:13.372890,333,1.3677334657047133,3.3273741517103024,0.21611028479196234,0.8349600223009475,41.35999907553196
21:06:13.372890,333,1.390831494062754,3.383566227462735,0.25649791335775585,0.8349600223009475,47.75999893248081
21:06:13.372890,333,1.4147247067223638,3.441692799779908,0.26090431285098337,0.8349600223009475,38.359999142587185
21:06:13.372890,333,1.4009382658182004,3.3135306779996427,0.21611028479196234,0.8349600223009475,33.359999254345894
21:06:13.372890,333,1.4255246546397877,3.371682957517811,0.21990300829725967,0.8349600223009475,37.87999915331602
21:06:13.372890,333,1.4500138640589184,3.429605386128792,0.2236807408005598,0.8349600223009475,30.63999931514263
21:06:13.372890,333,1.434002973278813,3.299355853997262,0.21611028479196234,0.8349600223009475,26.87999939918518
21:06:13.372890,333,1.459169645881445,3.3572593661408043,0.21990300829725967,0.8349600223009475,29.999999329447746
21:06:13.372890,333,1.4862434245802967,3.4195507504017733,0.11189071744468106,0.8349600223009475,24.35999945551157
21:06:13.372890,333,1.4946866997678805,3.3470188660062186,0.1100010008843929,0.7655200204462744,24.119999460875988
21:06:13.372890,333,1.520364049849107,3.404517588089085,0.11189071744468106,0.8349600223009475,19.63999956101179
21:06:13.406007,334,1.2312634430604883,2.3650361667447766,-3.29187029377418,0.7655200204462744,6.6399998515844345
21:06:13.406007,334,1.2881724649934072,2.600011501850084,-3.172736026953301,0.7655200204462744,5.639999873936176
21:06:13.406007,334,1.135158181115714,3.543742545348576,0.26090431285098337,0.8349600223009475,22.759999491274357
21:06:13.406007,334,1.1884786416337036,3.586350834898082,-0.3409542849767794,0.41748001115047373,26.359999410808086
21:06:13.406007,334,1.2131785926933314,3.6608853591221533,-0.7017959456461664,0.41748001115047373,8.119999818503857
21:06:13.406007,334,1.185436565786521,3.4608774622918244,0.25649791335775585,0.8349600223009475,21.99999950826168
21:06:13.406007,334,1.20580128148481,3.520332170894833,0.26090431285098337,0.8349600223009475,27.99999937415123
21:06:13.406007,334,1.1918169540703691,3.596424520006911,-0.18959598339937553,0.41748001115047373,29.999999329447746
21:06:13.406007,334,1.2295615899899333,3.589700299545329,-0.6904723248395032,0.41748001115047373,22.879999488592148
21:06:13.406007,334,1.219985491494176,3.448850252047333,0.25649791335775585,0.8349600223009475,26.99999939650297
21:06:13.406007,334,1.2409437261288838,3.5080983441814886,0.26090431285098337,0.8349600223009475,34.11999923735857
21:06:13.406007,334,1.2635022922914936,3.5718705096196666,-0.18959598339937553,0.41748001115047373,33.11999925971031
21:06:13.406007,334,1.254412419674786,3.436478159667087,0.25649791335775585,0.8349600223009475,32.99999926239252
21:06:13.406007,334,1.2759620774400082,3.4955137105728133,0.26090431285098337,0.8349600223009475,40.51999909430742
21:06:13.406007,334,1.299157226695247,3.5590571055325917,-0.18959598339937553,0.41748001115047373,35.11999921500683
21:06:13.406007,334,1.2887139076643763,3.423762422349958,0.25649791335775585,0.8349600223009475,38.99999912828207
21:06:13.406007,334,1.3117063748290794,3.4848471554373015,0.2236807408005598,0.8349600223009475,45.87999897450209
21:06:13.406007,334,1.3346822464647656,3.5458877987167448,-0.18959598339937553,0.41748001115047373,35.23999921232462
21:06:13.406007,334,1.3228865253428859,3.4107043116590248,0.25649791335775585,0.8349600223009475,43.359999030828476
21:06:13.406007,334,1.3483090337468464,3.476249358316826,0.11189071744468106,0.8349600223009475,48.119998924434185
21:06:13.406007,334,1.3717195882315987,3.5366071271729096,-0.03793436870707606,0.8349600223009475,33.519999250769615
21:06:13.406007,334,1.3335235904669016,3.338710941646596,0.2520740281522536,0.8349600223009475,18.999999575316906
21:06:13.406007,334,1.3578103970689435,3.399517235228175,0.21990300829725967,0.8349600223009475,44.359999008476734
21:06:13.406007,334,1.383003532294175,3.462592681986048,0.11189071744468106,0.8349600223009475,46.11999896913767
21:06:13.406007,334,1.4070164838765022,3.522713331341097,-0.03793436870707606,0.8349600223009475,30.51999931782484
21:06:13.406007,334,1.3917371121269726,3.385769383423864,0.21990300829725967,0.904680024163099,41.23999907821417
21:06:13.406007,334,1.4175597316469555,3.448589749288035,0.11189071744468106,0.8349600223009475,40.759999088943005
21:06:13.406007,334,1.442172679051818,3.508467267127483,-0.03793436870707606,0.8349600223009475,26.6399994045496
21:06:13.406007,334,1.4255246546397877,3.371682957517811,0.21990300829725967,0.904680024163099,35.51999920606613
21:06:13.406007,334,1.4519741762142042,3.434241960504324,0.11189071744468106,0.8349600223009475,34.11999923735857
21:06:13.406007,334,1.4771846581674817,3.4938703591265527,-0.03793436870707606,0.8349600223009475,22.879999488592148
21:06:13.406007,334,1.4611423359807232,3.3617981340153884,0.1100010008843929,0.8349600223009475,29.11999934911728
21:06:13.406007,334,1.4862434245802967,3.4195507504017733,0.11189071744468106,0.8349600223009475,27.639999382197857
21:06:13.406007,334,1.5120489200549154,3.478924067016877,-0.03793436870707606,0.8349600223009475,19.35999956727028
21:06:13.406007,334,1.4946866997678805,3.3470188660062186,0.1100010008843929,0.8349600223009475,23.35999947786331
21:06:13.406007,334,1.520364049849107,3.404517588089085,0.11189071744468106,0.904680024163099,22.239999502897263
21:06:13.406007,334,1.5280815961373115,3.3319048989145834,0.1100010008843929,0.904680024163099,18.639999583363533
21:06:13.406007,334,1.5543326399866946,3.3891439768698954,0.11189071744468106,0.904680024163099,17.879999600350857
21:06:13.406007,334,1.5613236856273562,3.3164577441245293,0.1100010008843929,0.904680024163099,14.999999664723873
21:06:13.436554,335,1.0640610326297093,3.5657354700968127,0.26090431285098337,0.974120026017772,19.999999552965164
21:06:13.436554,335,1.0810924110617122,3.4948779462590696,0.25649791335775585,0.974120026017772,19.759999558329582
21:06:13.436554,335,1.0996645896415438,3.5549167520711418,0.26090431285098337,0.974120026017772,24.999999441206455
21:06:13.436554,335,1.1205514956030516,3.622438442412832,0.11378793288020846,0.974120026017772,25.879999421536922
21:06:13.436554,335,1.1159865530987474,3.4838924601379437,0.25649791335775585,0.974120026017772,23.999999463558197
21:06:13.436554,335,1.135158181115714,3.543742545348576,0.26090431285098337,0.974120026017772,31.359999299049377
21:06:13.436554,335,1.15671924837544,3.611051994060221,0.11378793288020846,0.974120026017772,31.63999929279089
21:06:13.436554,335,1.185436565786521,3.4608774622918244,0.25649791335775585,0.974120026017772,28.879999354481697
21:06:13.436554,335,1.20580128148481,3.520332170894833,0.26090431285098337,0.974120026017772,39.519999116659164
21:06:13.436554,335,1.1927713301920913,3.5993044435335464,0.11378793288020846,0.974120026017772,38.359999142587185
21:06:13.436554,335,1.2595302111904363,3.6771935730634837,-0.5081658519114517,0.4872000130126253,6.239999860525131
21:06:13.436554,335,1.219985491494176,3.448850252047333,0.25649791335775585,0.974120026017772,33.7599992454052
21:06:13.436554,335,1.2409437261288838,3.5080983441814886,0.26090431285098337,0.974120026017772,48.75999891012907
21:06:13.436554,335,1.2645140721737866,3.5747307709312897,0.11378793288020846,0.974120026017772,45.519998982548714
21:06:13.436554,335,1.2327772473946221,3.3772083407022104,0.2520740281522536,0.974120026017772,7.639999829232693
21:06:13.436554,335,1.254412419674786,3.436478159667087,0.25649791335775585,0.974120026017772,37.51999916136265
21:06:13.436554,335,1.2759620774400082,3.4955137105728133,0.26090431285098337,0.974120026017772,57.35999871790409
21:06:13.436554,335,1.3001975581247387,3.56190710620238,0.11378793288020846,0.974120026017772,51.35999885201454
21:06:13.436554,335,1.322405030371588,3.6227447479227135,-0.038566858181366966,0.904680024163099,21.519999518990517
21:06:13.436554,335,1.2887139076643763,3.423762422349958,0.25649791335775585,0.974120026017772,39.11999912559986
21:06:13.436554,335,1.3108528336123906,3.4825795285216254,0.26090431285098337,0.974120026017772,61.87999861687422
21:06:13.436554,335,1.3357510254091847,3.5487272537470185,0.11378793288020846,0.974120026017772,53.99999879300594
21:06:13.436554,335,1.3228865253428859,3.4107043116590248,0.25649791335775585,0.974120026017772,37.75999915599823
21:06:13.436554,335,1.3456125055996457,3.469297091435293,0.26090431285098337,0.974120026017772,60.11999865621328
21:06:13.436554,335,1.3693196991341368,3.530419663671386,0.22747346430585713,0.974120026017772,52.23999883234501
21:06:13.436554,335,1.3569268554771767,3.397305133394417,0.25649791335775585,0.974120026017772,33.99999924004078
21:06:13.436554,335,1.3802376174636959,3.455667727546397,0.26090431285098337,0.974120026017772,52.879998818039894
21:06:13.436554,335,1.4045548411700965,3.5165501757006155,0.22747346430585713,0.974120026017772,46.879998952150345
21:06:13.436554,335,1.390831494062754,3.383566227462735,0.25649791335775585,0.974120026017772,29.11999934911728
21:06:13.436554,335,1.4147247067223638,3.441692799779908,0.26090431285098337,0.974120026017772,43.5199990272522
21:06:13.436554,335,1.4396495288986764,3.5023290356584433,0.22747346430585713,0.974120026017772,39.759999111294746
21:06:13.436554,335,1.424597050664165,3.3694889677430617,0.25649791335775585,0.974120026017772,24.35999945551157
21:06:13.436554,335,1.4490703246956171,3.427373705616894,0.26090431285098337,0.974120026017772,34.759999223053455
21:06:13.436554,335,1.474600252880506,3.48775766564696,0.22747346430585713,0.974120026017772,32.75999926775694
21:06:13.436554,335,1.4582201487540383,3.3550747619495738,0.25649791335775585,0.974120026017772,20.119999550282955
21:06:13.436554,335,1.4832710368504334,3.4127118769547744,0.26090431285098337,0.974120026017772,27.519999384880066
21:06:13.436554,335,1.5094035180724688,3.4728375227909583,0.22747346430585713,0.974120026017772,26.6399994045496
21:06:13.436554,335,1.51732342314425,3.3977087799641326,0.26090431285098337,0.974120026017772,21.87999951094389
21:06:13.436554,335,1.5440558441772037,3.457570099092223,0.22747346430585713,0.974120026017772,21.639999516308308
21:06:13.436554,335,0.12208524185477897,0.16397321669604306,0.14905362796034682,1.3916000371682458,5.359999880194664
21:06:13.474009,336,1.028351070406083,3.5761976175628503,0.26090431285098337,1.0438400278799236,15.359999656677246
21:06:13.474009,336,1.0640610326297093,3.5657354700968127,0.26090431285098337,1.0438400278799236,19.119999572634697
21:06:13.474009,336,1.0821032175539982,3.6261959669760095,0.2653281980564856,1.0438400278799236,18.759999580681324
21:06:13.474009,336,1.1014680019963357,3.691088578056948,-0.19275716593529502,1.0438400278799236,19.63999956101179
21:06:13.474009,336,1.1163960373864852,3.74111336390778,-0.35232392173691185,1.0438400278799236,22.639999493956566
21:06:13.474009,336,1.2098512538943351,4.054287674543007,-0.2117242611508118,0.7655200204462744,5.359999880194664
21:06:13.474009,336,1.2722094263432813,2.7023408681903587,-3.2658998654002955,0.8349600223009475,9.119999796152115
21:06:13.474009,336,1.0996645896415438,3.5549167520711418,0.26090431285098337,1.0438400278799236,23.999999463558197
21:06:13.474009,336,1.118310467342724,3.6151938071126266,0.2653281980564856,1.0438400278799236,23.639999471604824
21:06:13.474009,336,1.139690599567884,3.6843099639159407,-0.038566858181366966,1.0438400278799236,24.23999945819378
21:06:13.474009,336,1.1537507273394139,3.729762535747471,-0.35232392173691185,1.0438400278799236,25.75999942421913
21:06:13.474009,336,1.2881724649934072,2.600011501850084,-3.172736026953301,0.8349600223009475,12.759999714791775
21:06:13.474009,336,1.307122786754271,2.6382603046159914,-3.219410187601003,0.8349600223009475,15.359999656677246
21:06:13.474009,336,1.135158181115714,3.543742545348576,0.26090431285098337,1.0438400278799236,30.23999932408333
21:06:13.474009,336,1.154405887021637,3.6038301308973457,0.2653281980564856,1.0438400278799236,29.759999334812164
21:06:13.474009,336,1.1764761002824249,3.672729034167636,-0.038566858181366966,1.0438400278799236,29.999999329447746
21:06:13.474009,336,1.2281102610265238,3.70594313241083,-0.35232392173691185,1.0438400278799236,28.519999362528324
21:06:13.474009,336,1.20580128148481,3.520332170894833,0.26090431285098337,1.0438400278799236,36.999999172985554
21:06:13.474009,336,1.2262468095469814,3.5800228108811876,0.2653281980564856,1.0438400278799236,37.239999167621136
21:06:13.474009,336,1.21265871298757,3.65931657113431,0.11568514831573586,1.0438400278799236,36.75999917834997
21:06:13.474009,336,1.2651076688696345,3.6934769391548756,-0.35232392173691185,1.0438400278799236,30.23999932408333
21:06:13.474009,336,1.285520439292085,3.7530719433389432,-0.3580087401169781,0.974120026017772,6.11999986320734
21:06:13.474009,336,1.2409437261288838,3.5080983441814886,0.26090431285098337,1.0438400278799236,42.87999904155731
21:06:13.474009,336,1.2619851283613488,3.567581547792367,0.2653281980564856,1.0438400278799236,44.87999899685383
21:06:13.474009,336,1.2855976401360882,3.634333175376104,0.11568514831573586,1.0438400278799236,43.119999036192894
21:06:13.474009,336,1.3056356888843166,3.6909799387660716,-0.19591834847121448,1.0438400278799236,30.63999931514263
21:06:13.474009,336,1.254412419674786,3.436478159667087,0.25649791335775585,0.904680024163099,16.99999962002039
21:06:13.474009,336,1.2759620774400082,3.4955137105728133,0.26090431285098337,0.904680024163099,44.99999899417162
21:06:13.474009,336,1.297597249720172,3.55478352953769,0.2653281980564856,0.904680024163099,49.75999888777733
21:06:13.474009,336,1.3218760860149164,3.6212956983909392,0.11568514831573586,1.0438400278799236,47.35999894142151
21:06:13.474009,336,1.34247959104926,3.677739252323121,-0.19591834847121448,1.0438400278799236,29.35999934375286
21:06:13.474009,336,1.3108528336123906,3.4825795285216254,0.26090431285098337,0.904680024163099,41.999999061226845
21:06:13.474009,336,1.333079612441151,3.5416300359082595,0.2653281980564856,0.904680024163099,49.51999889314175
21:06:13.474009,336,1.358022345392612,3.6078960948698597,0.11568514831573586,1.0438400278799236,47.35999894142151
21:06:13.474009,336,1.3808459853344486,3.6685322999339682,-0.03919934765565788,1.0438400278799236,26.99999939650297
21:06:13.474009,336,1.3456125055996457,3.469297091435293,0.26090431285098337,0.904680024163099,35.759999200701714
21:06:13.474009,336,1.3684286683177416,3.5281223822424193,0.2653281980564856,0.904680024163099,43.99999901652336
21:06:13.474009,336,1.3940328036735206,3.5941357047619915,0.11568514831573586,1.0438400278799236,43.119999036192894
21:06:13.474009,336,1.4174616543740257,3.6545406454508513,-0.03919934765565788,1.0438400278799236,23.879999466240406
21:06:13.474009,336,1.3802376174636959,3.455667727546397,0.26090431285098337,0.904680024163099,28.639999359846115
21:06:13.474009,336,1.4036408824739708,3.5142619192942184,0.2653281980564856,0.904680024163099,36.11999919265509
21:06:13.474009,336,1.4299038598419835,3.580015904094817,0.11568514831573586,1.0438400278799236,36.63999918103218
21:06:13.474009,336,1.4147247067223638,3.441692799779908,0.26090431285098337,0.904680024163099,22.519999496638775
21:06:13.474009,336,1.4387127337179244,3.5000500330983395,0.2653281980564856,0.904680024163099,28.519999362528324
21:06:13.474009,336,1.462700760713485,3.558407266416771,0.2697520832619878,0.904680024163099,29.759999334812164
21:06:13.474009,336,1.4490703246956171,3.427373705616894,0.26090431285098337,0.974120026017772,17.639999605715275
21:06:13.474009,336,1.4736407148938608,3.485488144831496,0.2653281980564856,0.904680024163099,22.359999500215054
21:06:13.474009,336,1.498211105092104,3.5436025840460976,0.2697520832619878,0.904680024163099,23.879999466240406
21:06:13.474009,336,1.4832710368504334,3.4127118769547744,0.26090431285098337,0.974120026017772,13.999999687075615
21:06:13.474009,336,1.508421333232925,3.4705777106703137,0.2653281980564856,0.904680024163099,17.519999608397484
21:06:13.474009,336,1.5335716296154167,3.5284435443858526,0.2697520832619878,0.904680024163099,19.119999572634697
21:06:13.474009,336,1.5430511107024227,3.4553202216457173,0.2653281980564856,0.904680024163099,13.999999687075615
21:06:13.496010,337,1.00367713271218,3.772916846045283,-0.35232392173691185,1.1830000315967482,21.7599995136261
21:06:13.496010,337,1.0153753779963994,3.8168916515514453,-0.5163652116393597,0.6958000185841229,18.23999959230423
21:06:13.496010,337,1.0413554880768372,3.762691597959349,-0.35232392173691185,1.1830000315967482,25.75999942421913
21:06:13.496010,337,1.053492889169828,3.8065472242431277,-0.5163652116393597,0.6958000185841229,22.239999502897263
21:06:13.496010,337,1.0789297087651353,3.752090083866006,-0.35232392173691185,1.0438400278799236,29.759999334812164
21:06:13.496010,337,1.0915050519369573,3.795822145401514,-0.5163652116393597,0.6958000185841229,26.87999939918518
21:06:13.496010,337,1.1088370533265293,3.8560959797570398,-0.5245645713672676,0.6958000185841229,12.23999972641468
21:06:13.496010,337,1.2214802320857838,2.1837154416357123,-3.5739281306678854,0.7655200204462744,11.639999739825726
21:06:13.496010,337,1.239118935798214,2.2152492386268414,-3.625537201146844,0.7655200204462744,14.6399996727705
21:06:13.496010,337,1.1163960373864852,3.74111336390778,-0.35232392173691185,1.0438400278799236,32.87999926507473
21:06:13.496010,337,1.1671981384294636,3.7732343610715793,-0.5163652116393597,0.6958000185841229,31.359999299049377
21:06:13.496010,337,1.1857320698311238,3.8331495241514206,-0.5245645713672676,0.6958000185841229,13.639999695122242
21:06:13.496010,337,1.304901148864854,1.9073687755233073,-3.8484152920525254,0.7655200204462744,8.639999806880951
21:06:13.496010,337,1.156991492690144,3.7402390493529487,-0.19591834847121448,1.0438400278799236,33.99999924004078
21:06:13.496010,337,1.204871492909607,3.761373914342767,-0.5163652116393597,0.6958000185841229,34.35999923199415
21:06:13.496010,337,1.2240036392540574,3.8211007454686516,-0.5245645713672676,0.6958000185841229,14.6399996727705
21:06:13.496010,337,1.1663199566218618,3.519484830151692,0.4095005170319988,0.904680024163099,5.759999871253967
21:06:13.496010,337,1.1760055255494866,3.6712599915887063,0.11568514831573586,1.0438400278799236,22.759999491274357
21:06:13.496010,337,1.1943354098876782,3.7284823171299135,-0.19591834847121448,1.0438400278799236,32.87999926507473
21:06:13.496010,337,1.242424361249902,3.749137333373802,-0.5163652116393597,0.6958000185841229,34.639999225735664
21:06:13.496010,337,1.262152809338537,3.808669859912657,-0.5245645713672676,0.6958000185841229,15.119999662041664
21:06:13.496010,337,1.221827749996712,3.5671213836404094,0.41644399473517524,0.904680024163099,13.239999704062939
21:06:13.496010,337,1.2315598945448392,3.7163527397988907,-0.19591834847121448,1.0438400278799236,29.759999334812164
21:06:13.496010,337,1.2798529881949758,3.7365258418125307,-0.5163652116393597,0.6958000185841229,32.119999282062054
21:06:13.496010,337,1.3001757651995154,3.7958581105615785,-0.5245645713672676,0.8349600223009475,14.879999667406082
21:06:13.496010,337,1.3056356888843166,3.6909799387660716,-0.19591834847121448,1.0438400278799236,25.75999942421913
21:06:13.496010,337,1.3171536309134924,3.723540700797543,-0.5163652116393597,0.8349600223009475,27.759999379515648
21:06:13.496010,337,1.3380687045732622,3.7826667785796166,-0.5245645713672676,0.8349600223009475,13.879999689757824
21:06:13.496010,337,1.34247959104926,3.677739252323121,-0.19591834847121448,0.8349600223009475,21.639999516308308
21:06:13.496010,337,1.35432255937243,3.7101832088320608,-0.5163652116393597,0.8349600223009475,23.11999948322773
21:06:13.496010,337,1.3758278381975866,3.769097183088918,-0.5245645713672676,0.8349600223009475,12.519999720156193
21:06:13.496010,337,1.379189246379829,3.6641307950361512,-0.19591834847121448,0.8349600223009475,17.999999597668648
21:06:13.496010,337,1.3913560567100824,3.6964547016540896,-0.5163652116393597,0.8349600223009475,18.879999577999115
21:06:13.496010,337,1.413449390190761,3.7551506810376636,-0.5245645713672676,0.8349600223009475,11.119999751448631
21:06:13.496010,337,1.4282504196077437,3.6823565521028456,-0.5163652116393597,0.8349600223009475,15.239999659359455
21:06:13.522597,338,1.193106085992337,3.9981735633126423,-1.475930536436633,1.1132800297345966,6.9999998435378075
21:06:13.522597,338,1.2034624545087578,2.556313219199621,-3.488275184125652,0.904680024163099,5.879999868571758
21:06:13.522597,338,1.0420190240748246,3.6237293455434623,0.41644399473517524,0.8349600223009475,10.639999762177467
21:06:13.522597,338,1.0828267154540852,3.765642329239899,0.11758236375126324,0.904680024163099,26.99999939650297
21:06:13.522597,338,1.1001454024782873,3.686656463855206,0.2697520832619878,0.904680024163099,20.87999953329563
21:06:13.522597,338,1.1204283694187467,3.7546259622585607,0.11758236375126324,0.904680024163099,29.11999934911728
21:06:13.522597,338,1.1579179814851621,3.7432341358266252,0.11758236375126324,0.904680024163099,30.23999932408333
21:06:13.522597,338,1.2150640893109406,3.7931932132879336,-0.03983183712994878,0.904680024163099,33.2399992570281
21:06:13.522597,338,1.2328771010485942,3.8488019633332127,-0.20224071354305342,1.1132800297345966,25.359999433159828
21:06:13.522597,338,1.2521479466290524,3.908961786434863,-0.20540189607897288,0.904680024163099,8.879999801516533
21:06:13.522597,338,1.2325460957830494,3.7193286987350738,0.11758236375126324,0.904680024163099,28.239999368786812
21:06:13.558821,339,1.1083458853622337,3.739196203579108,-0.3954524108788572,0.7655200204462744,20.119999550282955
21:06:13.558821,339,1.2451064292285048,3.8251851589581234,-1.8452461631908506,1.2524400334514212,7.1199998408555984
21:06:13.558821,339,1.0782036122537604,3.597797425284112,-0.5328923664115013,0.7655200204462744,5.879999868571758
21:06:13.558821,339,1.1454312166620775,3.7283112055662198,-0.39253578445168935,0.7655200204462744,21.87999951094389
21:06:13.558821,339,1.294616034855062,3.78898891564691,-2.0294470265702484,0.27832000743364915,8.759999804198742
21:06:13.558821,339,1.1650237048724599,3.652341895744836,-0.4214741026159601,0.7655200204462744,19.519999563694
21:06:13.558821,339,1.182402005799898,3.7170685409841386,-0.3895233215561468,0.7655200204462744,22.759999491274357
21:06:13.558821,339,1.2144534754843097,3.7815862454304447,-1.0558195353485258,0.904680024163099,5.879999868571758
21:06:13.558821,339,1.31966437097631,3.832980284703036,-1.6125561868187344,0.27832000743364915,5.119999885559082
21:06:13.558821,339,1.3623792158429955,2.0491856707948592,-3.8298489513198257,0.8349600223009475,5.519999876618385
21:06:13.558821,339,1.2256482085537694,3.6838676967538997,-0.5415779919935442,0.7655200204462744,22.519999496638775
21:06:13.558821,339,1.2121490047394057,3.7272599972485363,-0.7102885138701902,0.8349600223009475,17.639999605715275
21:06:13.558821,339,1.2343580838251982,3.711650081324311,-1.0364253953674634,0.974120026017772,14.759999670088291
21:06:13.558821,339,1.3457222013576289,3.8113847521787267,-1.465632980551412,0.27832000743364915,5.119999885559082
21:06:13.558821,339,1.2625714458908952,3.671850418749818,-0.5383579720571301,0.7655200204462744,21.119999527931213
21:06:13.558821,339,1.2993684271412156,3.6594770964713876,-0.5350425503449348,0.7655200204462744,18.999999575316906
21:06:13.558821,339,1.336035472637434,3.64674896724047,-0.5316320583963514,0.7655200204462744,16.639999628067017
21:06:13.558821,339,1.37256891570572,3.633667303859324,-0.5281268372577177,0.7655200204462744,14.239999681711197
21:06:13.558821,339,0.11111631361268705,0.17335689314569774,-0.14700189974461886,-1.878800050180871,5.239999882876873
21:06:13.582302,340,1.1556022227450846,3.6794173560736376,1.2979509402182707,0.8349600223009475,13.239999704062939
21:06:13.582302,340,1.1952844673672725,3.7637808316964114,1.1171564699862198,0.8349600223009475,27.759999379515648
21:06:13.582302,340,1.3005322246318596,3.7774107464513667,0.4108222279004874,0.13916000371682458,5.239999882876873
21:06:13.582302,340,1.233864357071627,3.7520488462648096,1.1203000460082313,0.8349600223009475,32.99999926239252
21:06:13.582302,340,1.253150634245674,3.810696341514099,1.106549638967584,0.6958000185841229,30.63999931514263
21:06:13.582302,340,1.2723208613740074,3.739944800528339,1.123543315288468,0.8349600223009475,38.359999142587185
21:06:13.582302,340,1.2922082441694864,3.7984030999558493,1.1098436031154777,0.6958000185841229,34.23999923467636
21:06:13.582302,340,1.3120956269649655,3.8568613993833587,1.0961438909424874,0.6958000185841229,10.87999975681305
21:06:13.582302,340,1.3488483440229937,3.714625406803208,1.1303276263899624,0.6958000185841229,43.119999036192894
21:06:13.582302,340,1.3699319119852955,3.772687944052758,1.1167339583729514,0.6958000185841229,36.87999917566776
21:06:13.582302,340,1.365233141795272,3.6435565802634504,1.1474063191188102,0.6958000185841229,30.35999932140112
21:06:13.582302,340,1.38691166968545,3.7014125907327062,1.1338679897857942,0.6958000185841229,45.99999897181988
21:06:13.582302,340,1.4085901975756279,3.759268601201963,1.1203296604527782,0.6958000185841229,37.87999915331602
21:06:13.582302,340,1.4248363053428932,3.6878327779404665,1.1375066896568407,0.6958000185841229,45.759998977184296
21:06:13.582302,340,1.4471076253263204,3.7454765251799915,1.1240252360848142,0.6958000185841229,36.87999917566776
21:06:13.582302,340,1.4626184585635316,3.673887326396391,1.141243362136163,0.6958000185841229,42.63999904692173
21:06:13.582302,340,1.4858518405268697,3.7216048152697248,1.0878878501344613,0.6958000185841229,33.99999924004078
21:06:13.582302,340,1.5006295429278451,3.6500151847403752,1.105760696726636,0.6958000185841229,37.63999915868044
21:06:13.582302,340,1.524085571246191,3.707067813045041,1.0917830281409349,0.6958000185841229,30.119999326765537
21:06:13.582302,340,1.5381247860195717,3.6353390063363356,1.1096931668779737,0.6263600167294499,31.999999284744263
21:06:13.582302,340,1.5621668946852674,3.6921622343483897,1.095776965915421,0.6958000185841229,25.999999418854713
21:06:13.582302,340,1.5757025752668286,3.589423612669239,0.9963250882023711,0.6263600167294499,26.6399994045496
21:06:13.582302,340,1.6128920403327311,3.5740237552372265,1.0004514675648333,0.6263600167294499,21.99999950826168
21:06:13.619657,341,1.2404964194319792,3.7166497007076797,-0.19061784660395986,0.20888000557897612,10.119999773800373
21:06:13.619657,341,1.257975011218362,3.7690172867111906,-0.22148364718264135,0.20888000557897612,16.99999962002039
21:06:13.619657,341,1.2880016820528657,3.9084119931523307,-0.09002622769985669,0.20888000557897612,12.759999714791775
21:06:13.619657,341,1.2922082441694864,3.7984030999558493,1.1098436031154777,0.6958000185841229,21.99999950826168
21:06:13.619657,341,1.3488483440229937,3.714625406803208,1.1303276263899624,0.6958000185841229,20.999999530613422
21:06:13.619657,341,1.3702745120053672,3.7629900113867274,1.0767987202563067,0.6958000185841229,25.359999433159828
21:06:13.619657,341,1.38691166968545,3.7014125907327062,1.1338679897857942,0.6958000185841229,22.879999488592148
21:06:13.619657,341,1.4089424654699225,3.7495673125537192,1.0803953215688575,0.6958000185841229,28.519999362528324
21:06:13.619657,341,1.3997599489274324,3.664174097358885,1.3066153020590323,0.6263600167294499,9.63999978452921
21:06:13.619657,341,1.4248363053428932,3.6878327779404665,1.1375066896568407,0.6958000185841229,23.999999463558197
21:06:13.619657,341,1.4476866806704718,3.704420198051503,0.9648570447297635,0.8349600223009475,30.63999931514263
21:06:13.619657,341,1.4904567461674874,3.77001520453722,0.7706343861068388,0.6958000185841229,8.239999815821648
21:06:13.619657,341,1.4860747535876664,3.6902511006045966,0.9686536429481398,0.4872000130126253,31.239999301731586
21:06:13.619657,341,1.50894578665888,3.747044915827722,0.9527809847369275,0.4872000130126253,22.359999500215054
21:06:13.619657,341,1.5006295429278451,3.6500151847403752,1.105760696726636,0.4872000130126253,22.879999488592148
21:06:13.619657,341,1.5243142202745368,3.675711917484367,0.9725494053238135,0.4872000130126253,30.119999326765537
21:06:13.619657,341,1.5381247860195717,3.6353390063363356,1.1096931668779737,0.4872000130126253,20.87999953329563
21:06:13.619657,341,1.5624012568164514,3.660804102596946,0.9765439422838107,0.4872000130126253,27.639999382197857
21:06:13.619657,341,1.6003320545416653,3.645529146711332,0.9806368543777821,0.4872000130126253,24.35999945551157
21:06:13.651518,342,1.0780127299407312,4.021549740411836,0.6966905163879666,0.13916000371682458,6.11999986320734
21:06:13.651518,342,1.0935797007702002,4.079622660850996,0.6778701628340025,1.4613200390303973,7.1199998408555984
21:06:13.651518,342,1.235539658838442,4.04588597010056,0.49821060643155946,2.15712005761452,5.519999876618385
21:06:13.651518,342,1.1501122754672048,3.8377454280775427,1.4315674283157664,0.6958000185841229,26.239999413490295
21:06:13.651518,342,1.226959092254005,3.8147839169518405,1.4377199466788966,0.6958000185841229,30.999999307096004
21:06:13.651518,342,1.2652003765083744,3.8027476109476157,1.4409450651525824,0.6958000185841229,35.759999200701714
21:06:13.651518,342,1.2506444165512516,3.84563027017942,1.267154153046378,0.7655200204462744,27.99999937415123
21:06:13.651518,342,1.3974711572173317,3.8161951276111767,-0.05102685107237903,0.3480400092958007,5.359999880194664
21:06:13.651518,342,1.2625714458908952,3.671850418749818,1.46164202794287,0.6958000185841229,5.359999880194664
21:06:13.651518,342,1.282943293837987,3.731096474613574,1.4529555121947542,0.6958000185841229,23.759999468922615
21:06:13.651518,342,1.3046894096737556,3.7838025993692614,1.4043598076409256,0.6958000185841229,39.519999116659164
21:06:13.651518,342,1.3284744498578376,3.8207170650692452,1.27382962623652,0.6958000185841229,31.999999284744263
21:06:13.651518,342,1.4874768439791342,3.754651323930089,-0.234468247256423,0.3480400092958007,5.359999880194664
21:06:13.651518,342,1.3461507372912078,3.749096538635487,1.2884403454778124,0.6958000185841229,41.11999908089638
21:06:13.651518,342,1.3671921395236728,3.807697886978177,1.277318104492139,0.6958000185841229,35.35999920964241
21:06:13.651518,342,1.3841379388408264,3.7359101473159484,1.2919736283829637,0.6958000185841229,39.99999910593033
21:06:13.651518,342,1.4066884581842818,3.786113232453665,1.240644457702049,0.6958000185841229,37.239999167621136
21:06:13.651518,342,1.452310364218495,3.821126758792899,0.8884242416815142,0.4872000130126253,5.759999871253967
21:06:13.651518,342,1.4219867277561928,3.72235749324364,1.295605051096937,0.6958000185841229,36.63999918103218
21:06:13.651518,342,1.4471076253263204,3.7454765251799915,1.1240252360848142,0.6958000185841229,36.75999917834997
21:06:13.651518,342,1.4596933191901256,3.708439931672614,1.2993342504805039,0.6958000185841229,31.87999928742647
21:06:13.651518,342,1.4854803435268686,3.7313130951828914,1.1278203157145916,0.6958000185841229,34.35999923199415
21:06:13.651518,342,1.50894578665888,3.747044915827722,0.9527809847369275,0.4872000130126253,17.879999600350857
21:06:13.651518,342,1.4972539425150713,3.6941588543473687,1.3031608536168497,0.6958000185841229,26.87999939918518
21:06:13.651518,342,1.523704514937601,3.716779727541797,1.1317145198373277,0.6958000185841229,30.51999931782484
21:06:13.651518,342,1.5346648417001663,3.679515689363671,1.3070844778488673,0.6958000185841229,22.359999500215054
21:06:13.651518,342,1.5617763171734,3.7018778755812964,1.135707459035872,0.6958000185841229,26.239999413490295
21:06:13.651518,342,1.6000920027436603,3.6768895697251507,1.0998692640674892,0.6958000185841229,22.239999502897263
21:06:13.681335,343,1.1441126594689486,3.859861591271138,1.5917861784129348,0.6958000185841229,25.879999421536922
21:06:13.681335,343,1.1288882784213816,3.908826071484418,1.4197098443927167,0.8349600223009475,27.87999937683344
21:06:13.681335,343,1.1462621292906927,3.9689838059016918,1.4107790451124294,0.7655200204462744,24.51999945193529
21:06:13.681335,343,1.252948409879104,4.102892494406388,0.47705039722166775,1.7396400464640465,15.87999964505434
21:06:13.681335,343,1.1639129831043928,3.7884682677478683,1.601130570556839,0.6958000185841229,19.759999558329582
21:06:13.681335,343,1.1823947495467082,3.8486253299295172,1.5947969255653671,0.6958000185841229,31.5199992954731
21:06:13.681335,343,1.168089441270566,3.8977324287759,1.4226823769975834,0.8349600223009475,34.35999923199415
21:06:13.681335,343,1.1860666070739272,3.9577194294742584,1.4137973256794003,0.7655200204462744,30.23999932408333
21:06:13.681335,343,1.2784443397520233,4.0337442588352745,0.5014639681598243,1.7396400464640465,7.999999821186066
21:06:13.681335,343,1.2964576176511804,4.090579706456421,0.4803495988094366,1.7396400464640465,17.359999611973763
21:06:13.681335,343,1.2014803034700112,3.777044200478334,1.6041916401559893,0.6958000185841229,23.11999948322773
21:06:13.681335,343,1.226959092254005,3.8147839169518405,1.4377199466788966,0.8349600223009475,38.6399991363287
21:06:13.681335,343,1.2461374346696892,3.8744120110448113,1.428931064095785,0.6958000185841229,42.75999904423952
21:06:13.681335,343,1.2653157770853736,3.9340401051377816,1.420142181512674,0.7655200204462744,37.51999916136265
21:06:13.681335,343,1.339837180747665,4.077847274479816,0.4837612436752523,1.7396400464640465,18.23999959230423
21:06:13.681335,343,1.2407379554089177,3.760333797927001,1.5678644612029595,0.6958000185841229,26.6399994045496
21:06:13.681335,343,1.2652003765083744,3.8027476109476157,1.4409450651525824,0.6958000185841229,46.759998954832554
21:06:13.681335,343,1.284976460485677,3.862187568044474,1.4322065937256458,0.6958000185841229,53.119998812675476
21:06:13.681335,343,1.2698921224571744,3.9048154066448606,1.2558754865046622,0.8349600223009475,46.11999896913767
21:06:13.681335,343,1.426190034632141,4.051128613213526,0.49092048738439553,1.7396400464640465,18.35999958962202
21:06:13.681335,343,1.282943293837987,3.731096474613574,1.4529555121947542,0.5566400148672983,29.759999334812164
21:06:13.681335,343,1.3033151417850786,3.7903425304773313,1.4442689964466384,0.6958000185841229,55.11999876797199
21:06:13.681335,343,1.3236869897321701,3.8495885863410875,1.4355824806985227,0.6958000185841229,64.51999855786562
21:06:13.681335,343,1.3489199779200087,3.879518781564319,1.2626536967662263,0.4872000130126253,55.23999876528978
21:06:13.681335,343,1.4830004310585354,4.027227726772093,0.3014745124492362,1.669920044601895,19.759999558329582
21:06:13.681335,343,1.3203340018903693,3.7185235062550137,1.4563244289128925,0.5566400148672983,31.75999929010868
21:06:13.681335,343,1.3412995766395228,3.7775699160386402,1.4476914081707197,0.6958000185841229,61.87999861687422
21:06:13.681335,343,1.3622651513886763,3.8366163258222667,1.439058387428547,0.6958000185841229,74.63999833166599
21:06:13.681335,343,1.3882335417561376,3.866299235320866,1.2661958635064652,0.4872000130126253,62.35999860614538
21:06:13.681335,343,1.3575926776487395,3.705590006061378,1.459789949845085,0.5566400148672983,32.119999282062054
21:06:13.681335,343,1.3791498826600448,3.7644310448822864,1.4512119580865213,0.5566400148672983,64.3599985614419
21:06:13.681335,343,1.4007070876713503,3.8232720837031944,1.4426339663279577,0.5566400148672983,79.75999821722507
21:06:13.681335,343,1.4274082834011539,3.8527006165203144,1.2698396024322518,0.4872000130126253,64.63999855518341
21:06:13.681335,343,1.4519472533559836,3.8749806221404737,1.0932530017867468,0.4872000130126253,17.23999961465597
21:06:13.681335,343,1.5808855881124004,1.1023459120622308,-2.2633716574400724,-3.618160096637439,13.35999970138073
21:06:13.681335,343,1.3947155952767367,3.6922972673718504,1.4633517284421418,0.5566400148672983,30.759999312460423
21:06:13.681335,343,1.4168622748477537,3.7509272308843764,1.4548302941420013,0.5566400148672983,61.75999861955643
21:06:13.681335,343,1.439008954418771,3.8095571943969024,1.446308859841861,0.5566400148672983,77.35999827086926
21:06:13.681335,343,1.466440285413714,3.838724285013149,1.2735845491727464,0.5566400148672983,60.75999864190817
21:06:13.681335,343,1.6458842753708078,1.085872370602895,-2.312599249055883,0.4872000130126253,5.519999876618385
21:06:13.681335,343,1.4316990425137006,3.678646619449163,1.4670094085291874,0.5566400148672983,27.99999937415123
21:06:13.681335,343,1.4544329819950268,3.7370598244149975,1.4585460545065856,0.5566400148672983,54.87999877333641
21:06:13.681335,343,1.4771669214763525,3.795473029380832,1.4500827004839836,0.5566400148672983,68.63999846577644
21:06:13.681335,343,1.5053256446263177,3.824371638420813,1.2774303292364122,0.5566400148672983,52.7599988207221
21:06:13.681335,343,1.468539321045892,3.6646394273466725,1.4707626243412775,0.5566400148672983,24.51999945193529
21:06:13.681335,343,1.493431322382373,3.716219093392212,1.42246875348914,0.5566400148672983,46.51999896019697
21:06:13.681335,343,1.5206572075253466,3.751901483171654,1.2922687058326574,0.5566400148672983,57.2399987205863
21:06:13.681335,343,1.5440604725356215,3.809644111995939,1.281376558048465,0.5566400148672983,43.359999030828476
21:06:13.681335,343,1.5307467082731987,3.7016133136881146,1.4263823603656798,0.5566400148672983,38.239999145269394
21:06:13.681335,343,1.5586528686957266,3.7370294339212524,1.2962536594190985,0.5566400148672983,46.23999896645546
21:06:13.681335,343,1.5826408956912872,3.7945431784788335,1.2854228409893298,0.5566400148672983,34.759999223053455
21:06:13.681335,343,1.5719222756868345,3.664511901025752,1.3111047308174202,0.5566400148672983,31.119999304413795
21:06:13.681335,343,1.5964926658850782,3.721791124487974,1.3003367521257612,0.5566400148672983,36.87999917566776
21:06:13.681335,343,1.6210630560833217,3.779070347950195,1.2895687734341021,0.5566400148672983,27.759999379515648
21:06:13.681335,343,1.634172815145384,3.706188078689994,1.3045175756467957,0.5566400148672983,29.639999337494373
21:06:13.681335,343,1.659323111527876,3.7632271676801126,1.2938139407930112,0.5566400148672983,22.239999502897263
21:06:13.713398,344,1.1457845825809407,3.8549102388607768,1.55166023363061,0.7655200204462744,22.11999950557947
21:06:13.713398,344,1.1288882784213816,3.908826071484418,1.4197098443927167,0.7655200204462744,28.639999359846115
21:06:13.713398,344,1.1462621292906927,3.9689838059016918,1.4107790451124294,0.7655200204462744,29.519999340176582
21:06:13.713398,344,1.167844573958252,3.9996021828123887,1.2350573893555485,0.7655200204462744,21.87999951094389
21:06:13.713398,344,1.1501122754672048,3.8377454280775427,1.4315674283157664,0.7655200204462744,26.99999939650297
21:06:13.713398,344,1.168089441270566,3.8977324287759,1.4226823769975834,0.7655200204462744,35.51999920606613
21:06:13.713398,344,1.1860666070739272,3.9577194294742584,1.4137973256794003,0.7655200204462744,36.35999918729067
21:06:13.713398,344,1.2083985120240215,3.988125714600059,1.2381324997450038,0.7655200204462744,26.519999407231808
21:06:13.713398,344,1.226959092254005,3.8147839169518405,1.4377199466788966,0.7655200204462744,32.63999927043915
21:06:13.713398,344,1.2461374346696892,3.8744120110448113,1.428931064095785,0.7655200204462744,43.99999901652336
21:06:13.713398,344,1.2653157770853736,3.9340401051377816,1.420142181512674,0.7655200204462744,44.63999900221825
21:06:13.713398,344,1.2488316112509859,3.9762581057823843,1.2413124159437883,0.7655200204462744,31.75999929010868
21:06:13.713398,344,1.3212211773027116,4.021188734173187,0.50482821085358,0.974120026017772,5.359999880194664
21:06:13.713398,344,1.338561089805452,4.062133669241177,0.441056032708818,0.974120026017772,10.99999975413084
21:06:13.713398,344,1.2652003765083744,3.8027476109476157,1.4409450651525824,0.7655200204462744,38.519999139010906
21:06:13.713398,344,1.284976460485677,3.862187568044474,1.4322065937256458,0.7655200204462744,53.51999880373478
21:06:13.713398,344,1.3061283280068345,3.9148966347571568,1.3823076945762645,0.7655200204462744,53.63999880105257
21:06:13.713398,344,1.2891398283630973,3.964000543110302,1.2445968199629465,0.7655200204462744,36.999999172985554
21:06:13.713398,344,1.4446286359730516,4.091509785714832,0.4266475120979085,1.2524400334514212,12.639999717473984
21:06:13.713398,344,1.282943293837987,3.731096474613574,1.4529555121947542,0.7655200204462744,9.519999787211418
21:06:13.713398,344,1.3033151417850786,3.7903425304773313,1.4442689964466384,0.7655200204462744,42.9999990388751
21:06:13.713398,344,1.3236869897321701,3.8495885863410875,1.4355824806985227,0.7655200204462744,62.35999860614538
21:06:13.713398,344,1.3489199779200087,3.879518781564319,1.2626536967662263,0.7655200204462744,61.639998622238636
21:06:13.713398,344,1.3693655059821799,3.938320498059393,1.2514777672959325,0.7655200204462744,41.35999907553196
21:06:13.713398,344,1.503323208063075,4.082416147033892,0.2781982179876208,1.2524400334514212,9.879999779164791
21:06:13.713398,344,1.3412995766395228,3.7775699160386402,1.4476914081707197,0.7655200204462744,44.63999900221825
21:06:13.713398,344,1.363701578537718,3.829960491938,1.398529051527841,0.7655200204462744,67.11999849975109
21:06:13.713398,344,1.3882335417561376,3.866299235320866,1.2661958635064652,0.6263600167294499,65.87999852746725
21:06:13.713398,344,1.4092749439886025,3.924900583663556,1.2550736225207917,0.7655200204462744,43.119999036192894
21:06:13.713398,344,1.43375609916974,3.9039350209447248,0.9094328051962057,0.6958000185841229,9.119999796152115
21:06:13.713398,344,1.5558463163222733,4.028719859432298,0.04160150369971127,1.8090800483187195,4.999999888241291
21:06:13.713398,344,1.3791498826600448,3.7644310448822864,1.4512119580865213,0.7655200204462744,42.35999905318022
21:06:13.713398,344,1.4021840495436666,3.8166021791134974,1.4021084006614086,0.7655200204462744,65.63999853283167
21:06:13.713398,344,1.4274082834011539,3.8527006165203144,1.2698396024322518,0.6263600167294499,64.51999855786562
21:06:13.713398,344,1.4499869775492826,3.902651543520126,1.2172711439723352,0.6263600167294499,41.63999906927347
21:06:13.713398,344,1.4183562713989901,3.744345738699621,1.414932241593223,0.7655200204462744,37.35999916493893
21:06:13.713398,344,1.440526303319412,3.8028728282764783,1.4057871691307917,0.5566400148672983,58.51999869197607
21:06:13.713398,344,1.466440285413714,3.838724285013149,1.2735845491727464,0.6263600167294499,57.999998703598976
21:06:13.713398,344,1.4896363864002917,3.8884541348915214,1.2210753281489848,0.6263600167294499,37.51999916136265
21:06:13.713398,344,1.4559665946105074,3.7304637098792854,1.4186519200049375,0.6263600167294499,31.359999299049377
21:06:13.713398,344,1.4825094819082214,3.7664057850467136,1.288382289858458,0.6263600167294499,48.75999891012907
21:06:13.713398,344,1.5053256446263177,3.824371638420813,1.2774303292364122,0.6263600167294499,49.11999890208244
21:06:13.713398,344,1.5312041134535428,3.8461646327558907,1.1009742228714496,0.6263600167294499,32.119999282062054
21:06:13.713398,344,1.493431322382373,3.716219093392212,1.42246875348914,0.6263600167294499,25.63999942690134
21:06:13.713398,344,1.5206572075253466,3.751901483171654,1.2922687058326574,0.6263600167294499,39.35999912023544
21:06:13.713398,344,1.5440604725356215,3.809644111995939,1.281376558048465,0.6263600167294499,40.23999910056591
21:06:13.713398,344,1.5706048424854095,3.8311839213574883,1.1049882923926952,0.6263600167294499,26.6399994045496
21:06:13.713398,344,1.5346648417001663,3.679515689363671,1.3070844778488673,0.6263600167294499,20.75999953597784
21:06:13.713398,344,1.5586528686957266,3.7370294339212524,1.2962536594190985,0.6263600167294499,31.359999299049377
21:06:13.713398,344,1.5826408956912872,3.7945431784788335,1.2854228409893298,0.6263600167294499,32.51999927312136
21:06:13.713398,344,1.6098485123488815,3.8158233835224196,1.1091041361009097,0.6263600167294499,21.87999951094389
21:06:13.713398,344,1.5964926658850782,3.721791124487974,1.3003367521257612,0.6263600167294499,25.119999438524246
21:06:13.713398,344,1.6221185858100307,3.7707041762248257,1.2486998181786082,0.6263600167294499,26.239999413490295
21:06:13.741391,345,1.2083985120240215,3.988125714600059,1.2381324997450038,0.904680024163099,17.999999597668648
21:06:13.741391,345,1.2301857335498056,3.9168899558406345,1.2526401207986846,0.7655200204462744,19.759999558329582
21:06:13.741391,345,1.2488316112509859,3.9762581057823843,1.2413124159437883,0.904680024163099,21.7599995136261
21:06:13.741391,345,1.270525632421629,3.9561846979081934,0.8954325464490573,0.3480400092958007,19.999999552965164
21:06:13.741391,345,1.2698921224571744,3.9048154066448606,1.2558754865046622,0.7655200204462744,23.519999474287033
21:06:13.741391,345,1.2917231885937674,3.927991332012677,1.0790488248862895,0.904680024163099,26.239999413490295
21:06:13.741391,345,1.311534061882229,3.943714203547232,0.8987740053422937,0.3480400092958007,23.23999948054552
21:06:13.741391,345,1.3489199779200087,3.879518781564319,1.2626536967662263,0.7655200204462744,27.359999388456345
21:06:13.741391,345,1.3319830097604444,3.9153196988108676,1.0824441787694976,0.904680024163099,31.119999304413795
21:06:13.741391,345,1.3524113390354455,3.9308482283053205,0.9022214330182028,0.3480400092958007,26.519999407231808
21:06:13.741391,345,1.3882335417561376,3.866299235320866,1.2661958635064652,0.7655200204462744,30.51999931782484
21:06:13.741391,345,1.4120990479098994,3.888813018551857,1.0895466223389296,0.6263600167294499,35.35999920964241
21:06:13.741391,345,1.43375609916974,3.9039350209447248,0.9094328051962057,0.6263600167294499,29.11999934911728
21:06:13.741391,345,1.453102576959197,3.911456285766931,0.7261899686520212,0.6263600167294499,12.11999972909689
21:06:13.741391,345,1.5372077900822736,1.1324653846058883,-2.2714421457845972,0.41748001115047373,9.759999781847
21:06:13.741391,345,1.4007070876713503,3.8232720837031944,1.4426339663279577,0.7655200204462744,17.519999608397484
21:06:13.741391,345,1.4274082834011539,3.8527006165203144,1.2698396024322518,0.6958000185841229,31.87999928742647
21:06:13.741391,345,1.4519472533559836,3.8749806221404737,1.0932530017867468,0.6263600167294499,37.87999915331602
21:06:13.741391,345,1.4742154477429552,3.8898904801242287,0.9131960285671237,0.6263600167294499,30.23999932408333
21:06:13.741391,345,1.6022568974253815,1.1172480502268975,-2.321006337073112,0.41748001115047373,9.519999787211418
21:06:13.741391,345,1.466440285413714,3.838724285013149,1.2735845491727464,0.6958000185841229,31.119999304413795
21:06:13.741391,345,1.491650265293175,3.860764019659039,1.0970623289407615,0.6263600167294499,37.87999915331602
21:06:13.741391,345,1.5145273760064955,3.8754558407500306,0.9170637785304745,0.6263600167294499,29.639999337494373
21:06:13.741391,345,1.5063058137568877,3.816034963918621,1.236553470223789,0.6958000185841229,28.359999366104603
21:06:13.741391,345,1.5312041134535428,3.8461646327558907,1.1009742228714496,0.6263600167294499,35.11999921500683
21:06:13.741391,345,1.554687852801307,3.8606325462739735,0.9210356683145027,0.6263600167294499,27.359999388456345
21:06:13.741391,345,1.5450658632404937,3.8012978478964254,1.2405022685607001,0.6958000185841229,24.639999449253082
21:06:13.741391,345,1.5706048424854095,3.8311839213574883,1.1049882923926952,0.6263600167294499,30.879999309778214
21:06:13.741391,345,1.5946928621133574,3.8454220790130873,0.9251113007335572,0.6263600167294499,24.23999945819378
21:06:13.741391,345,1.5858124147611408,3.758850629551858,1.122405797568391,0.6263600167294499,20.75999953597784
21:06:13.741391,345,1.610251112016659,3.805808690372496,1.0679445639903165,0.6263600167294499,26.119999416172504
21:06:13.741391,345,1.6345384034752315,3.8298259600013553,0.9292902682278104,0.6263600167294499,20.999999530613422
21:06:13.741391,345,1.6243115708978952,3.74334679238285,1.1265600382174101,0.6263600167294499,17.23999961465597
21:06:13.741391,345,1.6493435723883036,3.7900659260899494,1.0721628249664583,0.6263600167294499,21.639999516308308
21:06:13.773317,346,1.1462621292906927,3.9689838059016918,1.4107790451124294,0.8349600223009475,20.119999550282955
21:06:13.773317,346,1.1636359801600042,4.029141540318966,1.4018482458321422,0.8349600223009475,20.51999954134226
21:06:13.773317,346,1.1860666070739272,3.9577194294742584,1.4137973256794003,0.8349600223009475,24.119999460875988
21:06:13.773317,346,1.2040437728772884,4.017706430172615,1.4049122743612175,0.8349600223009475,24.879999443888664
21:06:13.773317,346,1.2264406969483104,4.0476710557504765,1.2267573166488388,0.8349600223009475,18.639999583363533
21:06:13.773317,346,1.2653157770853736,3.9340401051377816,1.420142181512674,0.8349600223009475,28.359999366104603
21:06:13.773317,346,1.2844941195010575,3.9936681992307514,1.4113532989295627,0.8349600223009475,29.879999332129955
21:06:13.773317,346,1.2674774889521663,4.035626255724134,1.2299847110888915,0.8349600223009475,21.99999950826168
21:06:13.773317,346,1.3047525444629795,3.9216275251413326,1.4234681222987091,0.8349600223009475,32.239999279379845
21:06:13.773317,346,1.324528628440282,3.981067482238191,1.4147296508717726,0.8349600223009475,34.99999921768904
21:06:13.773317,346,1.3083875342690203,4.023185679575744,1.2333181534212305,0.8349600223009475,25.51999942958355
21:06:13.773317,346,1.3236869897321701,3.8495885863410875,1.4355824806985227,0.8349600223009475,16.519999630749226
21:06:13.773317,346,1.3440588376792617,3.908834642204844,1.4268959649504072,0.8349600223009475,34.759999223053455
21:06:13.773317,346,1.3644306856263533,3.9680806980686016,1.4182094492022914,0.8349600223009475,38.6399991363287
21:06:13.773317,346,1.3898110340443512,3.9971222145544667,1.2403018378256385,0.8349600223009475,28.239999368786812
21:06:13.773317,346,1.38323072613783,3.895662735605893,1.4304253666863744,0.8349600223009475,34.99999921768904
21:06:13.773317,346,1.4041963008869836,3.9547091453895193,1.4217923459442017,0.8349600223009475,39.639999113976955
21:06:13.773317,346,1.4331826158722012,3.946875555801407,1.0759529543219186,0.41748001115047373,29.639999337494373
21:06:13.773317,346,1.5787694861432744,1.1630840052102474,-2.3869297079415306,0.6263600167294499,6.11999986320734
21:06:13.773317,346,1.422264292682656,3.882113122524103,1.4340559745693942,0.6263600167294499,32.75999926775694
21:06:13.773317,346,1.4438214976939616,3.9409541613450108,1.4254779828108306,0.8349600223009475,37.239999167621136
21:06:13.773317,346,1.4736257812461613,3.93283663260973,1.079714672453731,0.41748001115047373,28.879999354481697
21:06:13.773317,346,1.4899228285988222,3.841095034986532,0.5648316239493925,0.41748001115047373,15.119999662041664
21:06:13.773317,346,1.588265684024442,0.7110309711809246,-2.343103811443723,0.6263600167294499,6.11999986320734
21:06:13.773317,346,1.6097367616658091,0.720643091710381,-2.4018163556219365,0.6263600167294499,9.119999796152115
21:06:13.773317,346,1.461155633989788,3.868187157909429,1.4377874255417205,0.6263600167294499,28.759999357163906
21:06:13.773317,346,1.4848663671602553,3.919927007430192,1.3874970242059288,0.6263600167294499,32.51999927312136
21:06:13.773317,346,1.5139215852766021,3.9184077668985644,1.0835808753687348,0.41748001115047373,26.519999407231808
21:06:13.773317,346,1.4999008609576785,3.8538862343466667,1.4416193464613818,0.6263600167294499,24.23999945819378
21:06:13.773317,346,1.5242403277940841,3.905394017293,1.391391127176799,0.6263600167294499,26.99999939650297
21:06:13.773317,346,1.5540659984168799,3.9035904015423912,1.0875511764498784,0.41748001115047373,22.99999948590994
21:06:13.773317,346,1.5384960990960914,3.8392117819161906,1.4455513541394969,0.6263600167294499,19.999999552965164
21:06:13.773317,346,1.5674637375458969,3.867386740820225,1.270484410264273,0.6263600167294499,21.87999951094389
21:06:13.773317,346,1.5940550062593137,3.888386018265334,1.091625178670379,0.41748001115047373,19.35999956727028
21:06:13.773317,346,1.5786002752067363,3.8173316095441745,1.4084501642916054,0.6263600167294499,16.359999634325504
21:06:13.773317,346,1.6066289226868478,3.8520569230364146,1.274592022559561,0.6263600167294499,17.639999605715275
21:06:13.773317,346,1.6338846099366222,3.872796137492982,1.0958024746334283,0.6263600167294499,15.999999642372131
21:06:13.773317,346,1.6456334462815652,3.8363495714124163,1.2788007947424431,0.6263600167294499,14.239999681711197
21:06:13.804335,347,-0.09232672687208272,0.21155667397268613,1.8964212604670665,-1.3916000371682458,5.879999868571758
21:06:13.804335,347,1.3083875342690203,4.023185679575744,1.2333181534212305,0.8349600223009475,21.359999522566795
21:06:13.804335,347,1.3898110340443512,3.9971222145544667,1.2403018378256385,0.8349600223009475,24.51999945193529
21:06:13.804335,347,1.4283291493621901,3.9249590269786134,0.5364982402430893,0.4872000130126253,13.239999704062939
21:06:13.804335,347,1.4331826158722012,3.946875555801407,1.0759529543219186,0.8349600223009475,27.119999393820763
21:06:13.804335,347,1.4274082834011539,3.8527006165203144,1.2698396024322518,0.8349600223009475,12.23999972641468
21:06:13.804335,347,1.4490434556813176,3.911095851122498,1.258772589456896,0.8349600223009475,23.11999948322773
21:06:13.804335,347,1.4736257812461613,3.93283663260973,1.079714672453731,0.8349600223009475,28.519999362528324
21:06:13.804335,347,1.4959026502245791,3.947114709189901,0.8972080413143895,0.7655200204462744,25.359999433159828
21:06:13.804335,347,1.4886670642424744,3.896907680897904,1.2625742982106511,0.8349600223009475,22.759999491274357
21:06:13.804335,347,1.5139215852766021,3.9184077668985644,1.0835808753687348,0.8349600223009475,28.359999366104603
21:06:13.804335,347,1.5281418073444135,3.882337491794912,1.2664783686143666,0.8349600223009475,21.359999522566795
21:06:13.804335,347,1.5540659984168799,3.9035904015423912,1.0875511764498784,0.8349600223009475,26.6399994045496
21:06:13.804335,347,1.5775588858725207,3.917426361497099,0.9051630101032901,0.7655200204462744,23.11999948322773
21:06:13.804335,347,1.5684843669188933,3.858913972717765,1.2289905907477272,0.8349600223009475,19.35999956727028
21:06:13.804335,347,1.5940550062593137,3.888386018265334,1.091625178670379,0.8349600223009475,23.879999466240406
21:06:13.804335,347,1.6338846099366222,3.872796137492982,1.0958024746334283,0.8349600223009475,20.75999953597784
21:06:13.804335,347,1.673550826521807,3.856822318200351,1.1000826466129294,0.8349600223009475,17.639999605715275
21:06:13.833457,348,1.301660964529353,4.201536130790491,0.8270742111454328,1.1830000315967482,6.11999986320734
21:06:13.833457,348,1.3249323496648102,4.079133795342198,0.6747284569709264,0.904680024163099,14.759999670088291
21:06:13.833457,348,1.3484260051812225,4.008837534241705,0.6968369803450964,0.5566400148672983,16.639999628067017
21:06:13.833457,348,1.3644306856263533,3.9680806980686016,1.4182094492022914,0.904680024163099,7.1199998408555984
21:06:13.833457,348,1.384802533573445,4.027326753932358,1.4095229334541757,0.904680024163099,11.639999739825726
21:06:13.833457,348,1.3723066797015675,3.9886749873331877,0.8860719983486831,0.904680024163099,12.999999709427357
21:06:13.865331,349,1.296871791820577,4.076922497949312,-0.42723355128332985,0.6263600167294499,15.75999964773655
21:06:13.865331,349,1.324528628440282,3.981067482238191,-0.5852703491282274,0.6263600167294499,15.87999964505434
21:06:13.865331,349,1.3443047124175846,4.040507439335049,-0.5940088205551642,0.6263600167294499,19.519999563694
21:06:13.865331,349,1.35696500331665,4.123988861556308,-0.4300595541633643,0.6263600167294499,16.119999639689922
21:06:13.865331,349,1.3644306856263533,3.9680806980686016,-0.5817905507977086,0.6263600167294499,19.239999569952488
21:06:13.865331,349,1.384802533573445,4.027326753932358,-0.5904770665458244,0.6263600167294499,24.119999460875988
21:06:13.865331,349,1.4051743815205366,4.086572809796114,-0.5991635822939398,0.6263600167294499,18.759999580681324
21:06:13.865331,349,1.4691546902070904,4.037145055767585,-1.5053326296906504,0.8349600223009475,5.999999865889549
21:06:13.865331,349,1.4041963008869836,3.9547091453895193,-0.5782076540557983,0.6263600167294499,22.639999493956566
21:06:13.865331,349,1.425161875636137,4.013755555173145,-0.5868406747979712,0.6263600167294499,29.23999934643507
21:06:13.865331,349,1.4461274503852906,4.0728019649567715,-0.5954736955401438,0.6263600167294499,21.239999525249004
21:06:13.865331,349,1.4909647416553287,3.9668542304451657,-1.480612902751351,0.8349600223009475,7.639999829232693
21:06:13.865331,349,1.422264292682656,3.882113122524103,-0.5659440254306058,0.6263600167294499,7.239999838173389
21:06:13.865331,349,1.4438214976939616,3.9409541613450108,-0.5745220171891694,0.6263600167294499,25.51999942958355
21:06:13.865331,349,1.465378702705267,3.9997952001659187,-0.5831000089477331,0.6263600167294499,33.7599992454052
21:06:13.865331,349,1.4869359077165727,4.058636238986827,-0.5916780007062965,0.6263600167294499,23.11999948322773
21:06:13.865331,349,1.5175041325382916,4.0041127555319935,-1.1187167523128394,0.6263600167294499,12.879999712109566
21:06:13.865331,349,1.483302313560805,3.926817121421955,-0.5707340087584201,0.6263600167294499,26.75999940186739
21:06:13.865331,349,1.505448993131822,3.985447084934481,-0.5792554430585607,0.6263600167294499,36.11999919265509
21:06:13.865331,349,1.5275956727028392,4.044077048447007,-0.5877768773587009,0.6263600167294499,23.999999463558197
21:06:13.865331,349,1.5242403277940841,3.905394017293,-0.6086088728232011,0.6263600167294499,25.75999942421913
21:06:13.865331,349,1.5453687399203304,3.970712644278336,-0.5753073615838221,0.6263600167294499,34.99999921768904
21:06:13.865331,349,1.5681026794016564,4.029125849244169,-0.5837707156064238,0.6263600167294499,23.519999474287033
21:06:13.865331,349,1.5634618656721435,3.8904814368918226,-0.6046130589476415,0.6263600167294499,23.11999948322773
21:06:13.865331,349,1.5868053801020667,3.972846466822179,0.4292337856984268,0.6263600167294499,30.999999307096004
21:06:13.865331,349,1.614270267566447,4.041609645024608,0.3051431649060057,0.6263600167294499,21.7599995136261
21:06:13.865331,349,1.6066289226868478,3.90855066632736,0.2962953944950012,0.6263600167294499,19.519999563694
21:06:13.865331,349,1.6306169496824083,3.966907899645792,0.30071927970050344,0.6263600167294499,25.879999421536922
21:06:13.865331,349,1.6546049766779687,4.025265132964223,0.3051431649060057,0.6263600167294499,19.239999569952488
21:06:13.865331,349,1.6456334462815652,3.892289219333709,0.2962953944950012,0.6263600167294499,16.119999639689922
21:06:13.865331,349,1.6702038364798086,3.9504036585483107,0.30071927970050344,0.6263600167294499,20.75999953597784
21:06:13.865331,349,1.694774226678052,4.008518097762912,0.3051431649060057,0.6263600167294499,16.639999628067017
21:06:13.865331,349,1.6844734079103676,3.8756385466790872,0.2962953944950012,0.6263600167294499,13.119999706745148
21:06:13.865331,349,1.7096237042928593,3.9335043803946257,0.30071927970050344,0.6263600167294499,16.639999628067017
21:06:13.865331,349,1.723144923609632,3.8586003134168103,0.2962953944950012,0.6263600167294499,10.639999762177467
21:06:13.865331,349,1.7488726111678046,3.916211755098395,0.30071927970050344,0.6263600167294499,13.35999970138073
21:06:13.865331,349,0.15920151839801275,0.09778180257712449,0.17059484665447644,1.948240052035544,5.359999880194664
21:06:13.896110,350,1.3869676963421385,4.123421039428752,-1.3404109712984318,1.1132800297345966,7.999999821186066
21:06:13.896110,350,1.4306212778048115,4.114493229692856,-0.7820058474806793,0.7655200204462744,11.879999734461308
21:06:13.896110,350,1.4103245833193323,4.052712362081413,-1.3181919413239735,1.1132800297345966,13.519999697804451
21:06:13.896110,350,1.4385836569905766,4.09698503552999,-0.42282390078706156,0.6263600167294499,15.359999656677246
21:06:13.896110,350,1.4577344842269597,3.993481441245814,0.6425092668344611,0.6263600167294499,14.759999670088291
21:06:13.896110,350,1.483302313560805,3.9407309038499503,0.4650483386574103,0.5566400148672983,6.359999857842922
21:06:13.927780,351,1.6016362874572898,4.255112094822275,-0.22751767903777706,0.27832000743364915,6.6399998515844345
21:06:13.927780,351,1.585133951129558,3.968661750302281,0.47199181636058674,0.41748001115047373,6.11999986320734
21:06:13.927780,351,1.614270267566447,4.041609645024608,0.3051431649060057,0.41748001115047373,9.999999776482582
21:06:13.927780,351,1.637581029552966,4.099972239176588,0.3095495643992332,0.41748001115047373,10.759999759495258
21:06:13.927780,351,1.6643128091866632,4.166899952934889,0.1346498037957706,0.41748001115047373,8.999999798834324
21:06:13.959928,352,1.637581029552966,4.040386395558598,1.2378510188792222,0.20888000557897612,14.879999667406082
21:06:13.959928,352,1.6643128091866632,4.059766213744176,1.051588656134744,0.27832000743364915,12.879999712109566
21:06:13.959928,352,1.6877629729605679,4.116968310652021,1.0382255424124278,0.27832000743364915,6.359999857842922
21:06:13.959928,352,1.6306169496824083,3.9095706675939965,1.263761204129792,0.3480400092958007,10.87999975681305
21:06:13.959928,352,1.6546049766779687,3.967084412151577,1.2529303857000238,0.20888000557897612,17.519999608397484
21:06:13.988552,353,1.57748632667677,4.190952215946271,0.3139734496047354,0.7655200204462744,12.999999709427357
21:06:13.988552,353,1.60291883627757,4.258519478283871,0.136547019231298,0.7655200204462744,8.119999818503857
21:06:13.988552,353,1.6637235615250205,4.420061099093129,-0.42620409103990714,0.6958000185841229,5.759999871253967
21:06:13.988552,353,1.6859147288102287,4.479016996292125,-0.4318889094199734,0.7655200204462744,5.119999885559082
21:06:13.988552,353,1.596500113037365,4.116142779282822,0.3095495643992332,0.13916000371682458,13.239999704062939
21:06:13.988552,353,1.614270267566447,4.041609645024608,0.3051431649060057,0.13916000371682458,9.63999978452921
21:06:14.021032,354,1.6610579828951497,4.269638360644587,0.3527692485964484,0.3480400092958007,6.359999857842922
21:06:14.021032,354,1.775151923139565,4.181184667648401,0.4325306443924326,0.41748001115047373,6.359999857842922
21:06:14.021032,354,1.702486216333139,4.081884574213153,1.231311558399497,0.3480400092958007,17.879999600350857
21:06:14.021032,354,1.7264742433286995,4.139398318770733,1.2204807399697284,0.3480400092958007,11.239999748766422
21:06:14.021032,354,1.694774226678052,3.950908018336859,1.2572648373591253,0.3480400092958007,7.35999983549118
21:06:14.021032,354,1.719247500709504,4.0079608417063435,1.2465394198480657,0.3480400092958007,14.119999684393406
21:06:14.051717,355,2.087911156586005,6.120155513852059,0.4975589070847046,0.13916000371682458,8.51999980956316
21:06:14.051717,355,2.1072765137596927,6.194269134595559,0.548372000262773,0.06972000186215155,7.639999829232693
21:06:14.051717,355,1.6783174855284406,4.188126487953027,1.395162030165714,0.20888000557897612,9.119999796152115
21:06:14.051717,355,1.6784981893375783,4.02437082965557,1.2421423768292659,0.20888000557897612,6.359999857842922
21:06:14.051717,355,1.702486216333139,4.081884574213153,1.231311558399497,0.20888000557897612,10.759999759495258
21:06:14.081692,356,1.9614924587615297,6.159271052169025,0.48707793018116496,0.06972000186215155,5.119999885559082
21:06:14.081692,356,1.7719320269877652,4.083549109902907,1.0471801902648468,0.20888000557897612,11.119999751448631
21:06:14.081692,356,1.796551654799721,4.140286872811656,1.0339414944626064,0.20888000557897612,5.119999885559082
21:06:14.081692,356,1.7382503855204583,3.8969633049773065,1.0912910435721637,0.13916000371682458,5.359999880194664
21:06:14.081692,356,1.7633514741200316,3.9532371433163296,1.0781688925768158,0.20888000557897612,11.879999734461308
21:06:14.081692,356,1.7885521702140479,4.00973429053765,1.064994669553709,0.20888000557897612,14.239999681711197
21:06:14.113390,357,1.919788412008081,6.112572876808814,0.8336941353154166,0.06972000186215155,5.359999880194664
21:06:14.113390,357,1.9384342897092612,6.171941026750563,0.8223664304605203,0.06972000186215155,5.239999882876873
21:06:14.113390,357,1.7226927713638533,3.9700735840854056,1.0736575818693275,0.20888000557897612,6.239999860525131
21:06:14.113390,357,1.7438178909077475,4.065240065168566,1.2357714411564065,0.13916000371682458,11.119999751448631
21:06:14.113390,357,1.7683882811059912,4.122519288630788,1.2250034624647475,0.20888000557897612,8.359999813139439
21:06:14.158110,358,1.9570801674104414,6.231309176692312,0.8110387256056235,0.13916000371682458,5.999999865889549
21:06:14.158110,358,1.9770125080685208,6.277385054492182,0.734035274011811,0.13916000371682458,4.999999888241291
21:06:14.158110,358,1.719247500709504,4.0079608417063435,1.2465394198480657,0.06972000186215155,5.639999873936176
21:06:14.158110,358,1.7473123991758093,4.026811346994156,1.0604188860670871,0.20888000557897612,5.879999868571758
21:06:14.177235,359,1.9384342897092612,6.266431232020318,0.4599092042494849,0.13916000371682458,5.519999876618385
21:06:14.177235,359,1.9583544893971787,6.3308278237103925,0.3980860580362486,0.13916000371682458,7.1199998408555984
21:06:14.177235,359,2.0435830770033476,6.379667975271281,0.20102984741351182,0.13916000371682458,5.359999880194664
21:06:14.208000,360,2.087389130964214,6.13581083516805,0.5620717124357633,0.20888000557897612,6.8799998462200165
21:06:14.208000,360,2.2340248613967884,6.152333986505646,0.5596084893279449,0.20888000557897612,7.1199998408555984
21:06:14.208000,360,1.825953983377666,4.030757568041775,1.2450109984145385,-0.13916000371682458,5.239999882876873
21:06:14.208000,360,1.8416460603229878,3.9474744727330364,1.2170249053717976,-0.06972000186215155,6.5199998542666435
21:06:14.274636,362,2.2976415605765363,6.294417145289189,0.13403106754942382,0.13916000371682458,5.639999873936176
21:06:14.274636,362,1.9752641784654068,4.423165384221786,-0.4860390012031145,0.41748001115047373,6.5199998542666435
21:06:14.274636,362,2.0901326278314785,4.439717787944641,-0.4923534649652788,0.41748001115047373,6.9999998435378075
21:06:14.274636,362,1.8850073833807353,4.004004673658056,-0.04425676349158874,-0.20888000557897612,5.639999873936176
21:06:14.274636,362,1.9119467082406645,4.061227358086429,-0.044889252965879645,-0.20888000557897612,5.999999865889549
21:06:14.274636,362,1.9385951977848528,4.117832269887619,0.09103893274423525,-0.27832000743364915,5.519999876618385
21:06:14.274636,362,3.2368315277469577,6.217372628032478,-0.35076631356074006,0.06972000186215155,5.239999882876873
21:06:14.314314,363,1.8929986003584462,3.864251905352721,1.280484272852445,-0.13916000371682458,4.999999888241291
21:06:14.314314,363,1.913413958305608,3.951845547019755,1.4440964833250356,-0.13916000371682458,10.639999762177467
21:06:14.314314,363,1.9407592518406767,4.0083228064331875,1.4361518643497904,-0.13916000371682458,11.119999751448631
21:06:14.314314,363,1.9701797939411572,4.057232618957837,1.3833663273157741,-0.13916000371682458,5.879999868571758
21:06:14.346376,364,1.8489838540217536,3.906388282828458,1.4041991423795734,-0.13916000371682458,14.999999664723873
21:06:14.346376,364,1.8756839818776634,3.962798221930674,1.3955955198868597,-0.13916000371682458,23.759999468922615
21:06:14.346376,364,1.9428056664290962,4.00086050337783,1.3919339762360392,-0.13916000371682458,19.35999956727028
21:06:14.346376,364,1.9752227100983868,4.032099188846925,1.2492314551813748,-0.13916000371682458,9.119999796152115
21:06:14.367583,365,1.9752227100983868,4.032099188846925,1.2492314551813748,-0.20888000557897612,8.239999815821648
21:06:14.367583,365,1.932091348095648,3.845777985970611,1.2854343446319192,-0.13916000371682458,8.359999813139439
21:06:14.367583,365,1.9599915841692317,3.9013126861290317,1.2751157070092753,-0.20888000557897612,13.119999706745148
21:06:14.367583,365,1.988002535465329,3.957067762081731,1.2647561224119384,-0.20888000557897612,13.759999692440033
21:06:14.367583,365,0.12366738215124028,0.06539532056927355,1.789194789627889,2.226560059469193,5.519999876618385
21:06:14.407400,366,1.8574312930590358,3.844861971536511,1.1052515537922094,-0.27832000743364915,15.519999653100967
21:06:14.407400,366,1.9359631452745703,3.8082193743546378,1.1150699081156712,-0.13916000371682458,16.759999625384808
21:06:14.407400,366,1.9467952122748167,3.7241954486752182,1.0911223032893949,-0.13916000371682458,7.999999821186066
21:06:14.407400,366,1.9754345417727541,3.7789821359943736,1.0777517917608574,-0.13916000371682458,17.359999611973763
21:06:14.407400,366,2.0039606723398697,3.8335522751423072,1.0644341281039744,-0.27832000743364915,16.759999625384808
21:06:14.407400,366,2.0320918052718446,3.8989873062555516,1.094669234556279,-0.20888000557897612,9.63999978452921
21:06:14.407400,366,2.3144735956352407,3.9721926040533067,0.8374751497191555,-0.41748001115047373,9.519999787211418
21:06:14.407400,366,2.3456964894917163,4.038217772295461,0.8682160282649789,-0.41748001115047373,8.879999801516533
21:06:14.462966,367,1.817884786569788,3.8626125326667857,-0.8995046947278468,-0.20888000557897612,18.35999958962202
21:06:14.462966,367,1.8441358304191713,3.918390330972443,-0.9124939321968408,-0.3480400092958007,17.999999597668648
21:06:14.462966,367,1.8574312930590358,3.844861971536511,-0.8947484462077905,-0.20888000557897612,21.639999516308308
21:06:14.462966,367,1.8842534055941842,3.900383444049673,-0.9076690013876862,-0.3480400092958007,21.87999951094389
21:06:14.462966,367,1.9364473014626453,3.7978752315236637,-0.9273105979287398,-0.20888000557897612,24.879999443888664
21:06:14.462966,367,1.9644104393899038,3.8527181951557745,-0.9407013646858338,-0.3480400092958007,26.359999410808086
21:06:14.462966,367,1.9467952122748167,3.7241954486752182,-0.9088776967106053,-0.20888000557897612,10.239999771118164
21:06:14.462966,367,1.9757309038649218,3.7456724944465387,-1.0488156799235897,-0.41748001115047373,27.639999382197857
21:06:14.462966,367,2.0042613140290366,3.7997616279403514,-1.0639610327022697,-0.3480400092958007,30.879999309778214
21:06:14.462966,367,2.0145264217517944,3.7264008712584076,-1.043651864053493,-0.41748001115047373,28.879999354481697
21:06:14.462966,367,2.0436170560009184,3.7802117141646656,-1.0587226490939767,-0.3480400092958007,34.639999225735664
21:06:14.462966,367,2.0531204886842644,3.7067554819705935,-1.0383878978588281,-0.3480400092958007,28.519999362528324
21:06:14.462966,367,2.082768437979344,3.7602826369448987,-1.0533826689470425,-0.3480400092958007,36.23999918997288
21:06:14.462966,367,2.1419782901450253,3.8553991134808547,-1.1273015175169236,-0.3480400092958007,5.239999882876873
21:06:14.462966,367,2.0915092452879716,3.6867382911055677,-1.0330243077318049,-0.3480400092958007,26.519999407231808
21:06:14.462966,367,2.121711544858917,3.7399763891720745,-1.047941626255008,-0.3480400092958007,35.23999921232462
21:06:14.462966,367,2.1520336948249854,3.7934257495324952,-1.0629181404866361,-0.3480400092958007,20.75999953597784
21:06:14.462966,367,2.129688852719418,3.6663513003656463,-1.0275616300269421,-0.3480400092958007,23.519999474287033
21:06:14.462966,367,2.1601184133029667,3.8617767287453266,-0.08850910134390666,-0.3480400092958007,31.999999284744263
21:06:14.462966,367,2.167330342030667,3.7853211407712446,-0.08724918531054145,-0.3480400092958007,20.239999547600746
21:06:14.462966,367,2.1986275310852617,3.839982817894295,-0.08850910134390666,-0.3480400092958007,27.87999937683344
21:06:14.462966,367,2.2725937231740936,3.7912603874779442,-0.22119531396593814,-0.41748001115047373,23.519999474287033
21:06:14.516199,368,2.0728231292748394,3.9815213353648184,-0.044889252965879645,-0.20888000557897612,10.87999975681305
21:06:14.516199,368,2.082768437979344,3.904789609675856,-0.04425676349158874,-0.27832000743364915,9.999999776482582
21:06:14.516199,368,2.142299637754385,4.016399141534636,-0.04552174244017056,-0.20888000557897612,7.519999831914902
21:06:14.516199,368,2.0831485058952266,3.813177863833153,-0.39211765039737556,-0.27832000743364915,5.519999876618385
21:06:14.516199,368,2.2527315227023315,4.027346888442423,-0.09230384844439952,-0.41748001115047373,5.879999868571758
21:06:14.516199,368,2.2839451537816693,4.083149419164578,-0.04678672138875237,-0.41748001115047373,7.759999826550484
21:06:14.516199,368,2.3148208216366926,4.138347752215534,-0.04741921086304328,-0.27832000743364915,6.239999860525131
21:06:14.574543,369,1.7781564931249088,3.8799802227318696,1.09584164674482,-0.27832000743364915,16.519999630749226
21:06:14.574543,369,1.803833843206135,3.936008818005976,1.0827852084306657,-0.27832000743364915,16.359999634325504
21:06:14.574543,369,1.817884786569788,3.8626125326667857,1.1004953052721533,-0.27832000743364915,20.239999547600746
21:06:14.574543,369,1.8441358304191713,3.918390330972443,1.0875060678031592,-0.27832000743364915,19.879999555647373
21:06:14.574543,369,1.8574312930590358,3.844861971536511,1.1052515537922094,-0.27832000743364915,24.759999446570873
21:06:14.574543,369,1.8847246299294442,3.8898992234238623,1.0493360088159736,-0.27832000743364915,23.879999466240406
21:06:14.574543,369,1.9364473014626453,3.7978752315236637,1.0726894020712603,-0.27832000743364915,29.639999337494373
21:06:14.574543,369,1.9647051476049233,3.818930423296957,0.9309027040620503,-0.3480400092958007,27.99999937415123
21:06:14.574543,369,1.9757309038649218,3.7456724944465387,0.9511843200764103,-0.3480400092958007,33.87999924272299
21:06:14.574543,369,2.0042613140290366,3.7997616279403514,0.9360389672977303,-0.3480400092958007,31.239999301731586
21:06:14.574543,369,2.0145264217517944,3.7264008712584076,0.9563481359465069,-0.3480400092958007,36.35999918729067
21:06:14.574543,369,2.0436170560009184,3.7802117141646656,0.9412773509060233,-0.3480400092958007,32.359999276697636
21:06:14.574543,369,2.0728231292748394,3.8342360921618224,0.9261467611629983,-0.3480400092958007,17.11999961733818
21:06:14.574543,369,2.023354888796744,3.6530159176511527,0.9766663762892598,-0.3480400092958007,20.75999953597784
21:06:14.574543,369,2.0531204886842644,3.7067554819705935,0.9616121021411719,-0.3480400092958007,35.879999198019505
21:06:14.574543,369,2.082768437979344,3.7602826369448987,0.9466173310529575,-0.3480400092958007,31.119999304413795
21:06:14.574543,369,2.142299637754385,3.86776176558378,0.9165087827567815,-0.3480400092958007,5.119999885559082
21:06:14.574543,369,2.0911955163006333,3.6748932712010873,0.9249883123989131,-0.3480400092958007,32.63999927043915
21:06:14.574543,369,2.1213932854890905,3.727960322048757,0.909464677920919,-0.3480400092958007,27.759999379515648
21:06:14.574543,369,2.127133652124281,3.6167956851563274,0.805144038626902,-0.3480400092958007,27.99999937415123
21:06:14.574543,369,2.1601184133029667,3.7072820365645125,0.9150054078172825,-0.3480400092958007,23.639999471604824
21:06:14.574543,369,2.165054740081253,3.5960658347739907,0.8106985852960673,-0.3480400092958007,23.11999948322773
21:06:14.574543,369,2.196319068457878,3.6479945832905827,0.793524557646913,-0.3480400092958007,19.519999563694
21:06:14.574543,369,2.2402436345879857,3.553512502545277,0.8221007163020042,-0.3480400092958007,18.879999577999115
21:06:14.574543,369,2.2725937231740936,3.60482676250983,0.8050913403641271,-0.3480400092958007,15.999999642372131
21:06:14.574543,369,2.276250365244102,3.51844383369846,0.7863993101397753,-0.3480400092958007,15.359999656677246
21:06:14.574543,369,3.125410030719252,3.6798385870172177,0.4911939798608669,-0.5566400148672983,8.359999813139439
21:06:14.574543,369,3.243580386658207,3.6637728221737436,0.4889874134416501,-0.5566400148672983,12.11999972909689
21:06:14.574543,369,3.2836402274111736,3.7090222497553866,0.4703256519381469,-0.5566400148672983,7.999999821186066
21:06:14.631037,370,1.7382503855204583,3.8969633049773065,1.0912910435721637,-0.3480400092958007,13.999999687075615
21:06:14.631037,370,1.7523772487973286,3.8237292917622314,1.1089498963221254,-0.3480400092958007,16.639999628067017
21:06:14.631037,370,1.7781564931249088,3.8799802227318696,1.09584164674482,-0.3480400092958007,17.639999605715275
21:06:14.631037,370,1.803833843206135,3.936008818005976,1.0827852084306657,-0.3480400092958007,14.999999664723873
21:06:14.631037,370,1.7915295719114785,3.8066133938916615,1.1135360873342781,-0.3480400092958007,20.75999953597784
21:06:14.631037,370,1.817884786569788,3.8626125326667857,1.1004953052721533,-0.3480400092958007,22.639999493956566
21:06:14.631037,370,1.8441358304191713,3.918390330972443,1.0875060678031592,-0.3480400092958007,18.759999580681324
21:06:14.631037,370,1.8309605256468724,3.778935030471874,1.0764548765529636,-0.3480400092958007,25.999999418854713
21:06:14.631037,370,1.8578958095745766,3.834526992485444,1.0628685923203727,-0.3480400092958007,29.519999340176582
21:06:14.631037,370,1.8842534055941842,3.900383444049673,1.0923309986123138,-0.41748001115047373,23.35999947786331
21:06:14.631037,370,1.908373198702342,3.742814637083489,1.0861333067916756,-0.3480400092958007,32.119999282062054
21:06:14.631037,370,1.9364473014626453,3.7978752315236637,1.0726894020712603,-0.3480400092958007,38.6399991363287
21:06:14.631037,370,1.9644104393899038,3.8527181951557745,1.0592986353141662,-0.41748001115047373,29.11999934911728
21:06:14.631037,370,1.9470872777874577,3.6913687215340993,0.9663897734613551,-0.3480400092958007,38.6399991363287
21:06:14.631037,370,1.9757309038649218,3.7456724944465387,0.9511843200764103,-0.3480400092958007,49.359998896718025
21:06:14.631037,370,2.0039606723398697,3.8335522751423072,1.0644341281039744,-0.41748001115047373,35.23999921232462
21:06:14.631037,370,1.9853203484778732,3.672376493261251,0.9714787256895323,-0.3480400092958007,43.5199990272522
21:06:14.631037,370,2.0145264217517944,3.7264008712584076,0.9563481359465069,-0.3480400092958007,59.119998678565025
21:06:14.631037,370,2.0433105109015215,3.8140052938779956,1.0696717259482131,-0.41748001115047373,40.3599990978837
21:06:14.631037,370,1.9935892889092237,3.5992763533317125,0.9917206504373477,-0.3480400092958007,13.639999695122242
21:06:14.631037,370,2.023354888796744,3.6530159176511527,0.9766663762892598,-0.3480400092958007,44.75999899953604
21:06:14.631037,370,2.0531204886842644,3.7067554819705935,0.9616121021411719,-0.41748001115047373,62.639998599886894
21:06:14.631037,370,2.082768437979344,3.7602826369448987,0.9466173310529575,-0.41748001115047373,42.23999905586243
21:06:14.631037,370,2.112217155134498,3.8483017694027377,1.0617915501227313,-0.41748001115047373,12.11999972909689
21:06:14.631037,370,2.0611870953219036,3.6332889307451466,0.9819522064998236,-0.41748001115047373,41.63999906927347
21:06:14.631037,370,2.0915092452879716,3.6867382911055677,0.9669756922681951,-0.41748001115047373,57.51999871432781
21:06:14.631037,370,2.121711544858917,3.7399763891720745,0.9520583737449919,-0.41748001115047373,39.99999910593033
21:06:14.631037,370,2.0988131848643947,3.6131975052253953,0.9873356877426309,-0.41748001115047373,35.63999920338392
21:06:14.631037,370,2.129688852719418,3.6663513003656463,0.9724383699730579,-0.41748001115047373,47.23999894410372
21:06:14.631037,370,2.1604424823615758,3.719295001453958,0.9575999348824162,-0.41748001115047373,34.759999223053455
21:06:14.631037,370,2.1362293948467874,3.5927436502176184,0.992816281674068,-0.41748001115047373,29.11999934911728
21:06:14.631037,370,2.167655493049848,3.6455965484328208,0.9779995889925668,-0.41748001115047373,36.63999918103218
21:06:14.631037,370,2.198957377426019,3.6982405419119946,0.9632414603137591,-0.41748001115047373,28.519999362528324
21:06:14.631037,370,2.2100856658015444,3.5390959552345596,0.962684630641065,-0.41748001115047373,23.23999948054552
21:06:14.631037,370,2.2429347075549497,3.602992099387951,0.9894154167081124,-0.41748001115047373,27.87999937683344
21:06:14.631037,370,2.275323656400509,3.6550208661661157,0.9748221375270023,-0.41748001115047373,22.879999488592148
21:06:14.631037,370,2.2468443587086484,3.5175704572530586,0.9684523704418859,-0.41748001115047373,18.519999586045742
21:06:14.631037,370,2.2798977150729516,3.5693174816561886,0.953277259947747,-0.41748001115047373,21.519999518990517
21:06:14.631037,370,2.3131674037466383,3.6328599718935646,0.9807601312508838,-0.41748001115047373,18.23999959230423
21:06:14.631037,370,2.3169691777245043,3.5471161348820686,0.9592260928867558,-0.41748001115047373,16.759999625384808
21:06:14.631037,370,2.350427216392006,3.598338028526575,0.9441968667912575,-0.41748001115047373,14.6399996727705
21:06:14.631037,370,3.176250124619806,3.8062762612437697,0.7151263786288813,-0.5566400148672983,6.359999857842922
21:06:14.631037,370,3.1766174929122806,3.728959114099801,0.7391032071873607,-0.4872000130126253,4.999999888241291
21:06:14.686160,371,1.817884786569788,3.8626125326667857,1.1004953052721533,-0.3480400092958007,19.999999552965164
21:06:14.686160,371,1.8441358304191713,3.918390330972443,1.0875060678031592,-0.3480400092958007,16.359999634325504
21:06:14.686160,371,1.8305027435693826,3.7891201757197246,1.1182233810164701,-0.3480400092958007,22.639999493956566
21:06:14.686160,371,1.8574312930590358,3.844861971536511,1.1052515537922094,-0.3480400092958007,24.759999446570873
21:06:14.686160,371,1.8847246299294442,3.8898992234238623,1.0493360088159736,-0.3480400092958007,20.239999547600746
21:06:14.686160,371,1.907896061683116,3.753008813257181,1.1278993914258961,-0.3480400092958007,25.75999942421913
21:06:14.686160,371,1.9359631452745703,3.8082193743546378,1.1150699081156712,-0.3480400092958007,30.63999931514263
21:06:14.686160,371,1.9644104393899038,3.8527181951557745,1.0592986353141662,-0.5566400148672983,25.359999433159828
21:06:14.686160,371,1.946308468871975,3.7343942800725656,1.1328871405601961,-0.3480400092958007,28.239999368786812
21:06:14.686160,371,1.9754345417727541,3.7789821359943736,1.0777517917608574,-0.3480400092958007,37.51999916136265
21:06:14.686160,371,2.0042613140290366,3.7997616279403514,0.9360389672977303,-0.5566400148672983,31.63999929279089
21:06:14.686160,371,1.955331855610022,3.6607522091390137,1.1506553320462891,-0.3480400092958007,13.519999697804451
21:06:14.686160,371,1.9845262468445652,3.7154096484374604,1.137974057275425,-0.3480400092958007,29.519999340176582
21:06:14.686160,371,2.0145264217517944,3.7264008712584076,0.9563481359465069,-0.5566400148672983,44.359999008476734
21:06:14.686160,371,2.0436170560009184,3.7802117141646656,0.9412773509060233,-0.5566400148672983,38.519999139010906
21:06:14.686160,371,2.0230513830476218,3.6858483977605414,1.1013973646140975,-0.3480400092958007,28.999999351799488
21:06:14.686160,371,2.0531204886842644,3.7067554819705935,0.9616121021411719,-0.5566400148672983,48.99999890476465
21:06:14.686160,371,2.082768437979344,3.7602826369448987,0.9466173310529575,-0.5566400148672983,44.75999899953604
21:06:14.686160,371,2.0611870953219036,3.6332889307451466,0.9819522064998236,-0.5566400148672983,26.87999939918518
21:06:14.686160,371,2.0915092452879716,3.6867382911055677,0.9669756922681951,-0.5566400148672983,49.239998899400234
21:06:14.686160,371,2.121711544858917,3.7399763891720745,0.9520583737449919,-0.5566400148672983,47.63999893516302
21:06:14.686160,371,2.0988131848643947,3.6131975052253953,0.9873356877426309,-0.5566400148672983,23.759999468922615
21:06:14.686160,371,2.129688852719418,3.6663513003656463,0.9724383699730579,-0.5566400148672983,44.99999899417162
21:06:14.686160,371,2.1604424823615758,3.719295001453958,0.9575999348824162,-0.5566400148672983,45.759998977184296
21:06:14.686160,371,2.191318150216599,3.772448796594209,0.9427026171128434,-0.4872000130126253,15.999999642372131
21:06:14.686160,371,2.1362293948467874,3.5927436502176184,0.992816281674068,-0.5566400148672983,20.359999544918537
21:06:14.686160,371,2.167330342030667,3.633757699840896,0.9360105555250693,-0.5566400148672983,38.1199991479516
21:06:14.686160,371,2.198957377426019,3.6982405419119946,0.9632414603137591,-0.5566400148672983,39.87999910861254
21:06:14.686160,371,2.2104172311346075,3.5507568692495544,1.004066605727243,-0.5566400148672983,17.11999961733818
21:06:14.686160,371,2.2402436345879857,3.553512502545277,0.8221007163020042,-0.5566400148672983,30.879999309778214
21:06:14.686160,371,2.2749823550229524,3.6430175424768816,0.9322250271100578,-0.5566400148672983,32.75999926775694
21:06:14.686160,371,2.2775039223112894,3.5316932759964708,0.8279471604352286,-0.5566400148672983,24.639999449253082
21:06:14.686160,371,2.312820425759926,3.6208599723660244,0.9381621301274978,-0.5566400148672983,26.119999416172504
21:06:14.686160,371,2.314536461550457,3.509515239664243,0.8338897473601572,-0.5566400148672983,19.63999956101179
21:06:14.686160,371,2.350427216392006,3.598338028526575,0.9441968667912575,-0.5566400148672983,20.63999953866005
21:06:14.686160,371,2.3513375490825887,3.486980611333646,0.8399278828230763,-0.5566400148672983,15.75999964773655
21:06:14.686160,371,2.385291881921327,3.537334121966623,0.8231759388927236,-0.5566400148672983,16.359999634325504
21:06:14.741190,372,1.858174538065707,3.9470081658479765,-0.043626773975694234,-0.5566400148672983,17.759999603033066
21:06:14.741190,372,1.907896061683116,3.850844385760075,0.12896565636442764,-0.5566400148672983,21.87999951094389
21:06:14.741190,372,1.9367378145429313,3.9090577781488194,-0.043626773975694234,-0.5566400148672983,21.7599995136261
21:06:14.741190,372,1.9647051476049233,3.9655062659199216,-0.04425676349158874,-0.6958000185841229,17.879999600350857
21:06:14.741190,372,1.9470872777874577,3.833106394326379,-0.04299428450140333,-0.5566400148672983,25.51999942958355
21:06:14.741190,372,1.9757309038649218,3.889495271972883,-0.043626773975694234,-0.5566400148672983,26.359999410808086
21:06:14.741190,372,2.0042613140290366,3.9456612686800727,-0.04425676349158874,-0.6958000185841229,21.639999516308308
21:06:14.741190,372,1.9261374643754787,3.699764490730757,0.12517122549337284,-0.5566400148672983,5.759999871253967
21:06:14.741190,372,1.9853203484778732,3.8134441927825877,-0.04299428450140333,-0.5566400148672983,28.639999359846115
21:06:14.741190,372,2.0145264217517944,3.869543819528372,-0.043626773975694234,-0.5566400148672983,31.63999929279089
21:06:14.741190,372,2.041165124343832,3.9207119878195758,-0.22119531396593814,-0.6958000185841229,25.879999421536922
21:06:14.741190,372,1.9935892889092237,3.737595884085035,-0.04236179502711242,-0.5566400148672983,18.35999958962202
21:06:14.741190,372,2.023354888796744,3.793400650014425,-0.04299428450140333,-0.5566400148672983,30.759999312460423
21:06:14.741190,372,2.052812518058149,3.8486280303453912,-0.08724918531054145,-0.5566400148672983,36.35999918729067
21:06:14.741190,372,2.080269532495821,3.900104643267834,-0.22119531396593814,-0.6958000185841229,30.35999932140112
21:06:14.741190,372,2.0611870953219036,3.772977770359375,-0.04299428450140333,-0.5566400148672983,30.879999309778214
21:06:14.741190,372,2.0911955163006333,3.82790781796801,-0.08724918531054145,-0.5566400148672983,39.519999116659164
21:06:14.741190,372,2.1191659154374123,3.879107291519276,-0.22119531396593814,-0.6958000185841229,34.35999923199415
21:06:14.741190,372,2.098498360277039,3.7516147647834903,-0.08598426961037715,-0.5566400148672983,29.23999934643507
21:06:14.741190,372,2.127133652124281,3.802807839661002,-0.21804662622265075,-0.4872000130126253,39.639999113976955
21:06:14.741190,372,2.1578503835628986,3.857722032291486,-0.22119531396593814,-0.6958000185841229,36.63999918103218
21:06:14.741190,372,2.1825584280103367,3.901894125113945,-0.4034648175196422,-0.8349600223009475,14.999999664723873
21:06:14.741190,372,2.133666346909483,3.726525750911274,-0.2148854436867313,-0.41748001115047373,26.239999413490295
21:06:14.741190,372,2.165054740081253,3.781346719336704,-0.21804662622265075,-0.4872000130126253,36.87999917566776
21:06:14.741190,372,2.196319068457878,3.8359510040924687,-0.22119531396593814,-0.6958000185841229,36.51999918371439
21:06:14.741190,372,2.2077651726344727,3.6831099894845893,-0.2148854436867313,-0.5566400148672983,22.639999493956566
21:06:14.741190,372,2.2402436345879857,3.73729226808324,-0.21804662622265075,-0.6958000185841229,32.119999282062054
21:06:14.741190,372,2.2713428687212773,3.789173646284785,-0.26538570835683334,-0.6958000185841229,33.99999924004078
21:06:14.741190,372,2.296426360827756,3.8310192472090385,-0.44815221863012855,-0.8349600223009475,16.519999630749226
21:06:14.741190,372,2.2444852705237266,3.660848552254098,-0.2148854436867313,-0.5566400148672983,19.239999569952488
21:06:14.741190,372,2.2775039223112894,3.7147033425622897,-0.21804662622265075,-0.6958000185841229,26.99999939650297
21:06:14.741190,372,2.3039205931585003,3.7577900281807786,-0.39777999913957596,-0.8349600223009475,29.879999332129955
21:06:14.741190,372,2.314536461550457,3.691742949819265,-0.21804662622265075,-0.6958000185841229,22.239999502897263
21:06:14.741190,372,2.3413826712406673,3.7345633188217104,-0.39777999913957596,-0.8349600223009475,25.51999942958355
21:06:14.741190,372,2.3513375490825887,3.6684133858742034,-0.21804662622265075,-0.6958000185841229,18.23999959230423
21:06:14.741190,372,2.378610613017323,3.710963156259581,-0.39777999913957596,-0.8349600223009475,21.239999525249004
21:06:14.800231,373,1.7272888969674394,3.867879821296932,-0.04236179502711242,-0.4872000130126253,15.519999653100967
21:06:14.800231,373,1.7658806859512135,3.850413828222552,-0.04236179502711242,-0.4872000130126253,19.119999572634697
21:06:14.800231,373,1.8042958883458486,3.8325627969912306,-0.04236179502711242,-0.4872000130126253,23.879999466240406
21:06:14.800231,373,1.8312352132057779,3.8897854814196036,-0.04299428450140333,-0.4872000130126253,19.999999552965164
21:06:14.800231,373,1.8805811854581385,3.7957127987354156,-0.04236179502711242,-0.4872000130126253,29.879999332129955
21:06:14.800231,373,1.9086595000005349,3.8523852884421177,-0.04299428450140333,-0.4872000130126253,24.51999945193529
21:06:14.800231,373,1.9184436517099936,3.7767175166798754,-0.04236179502711242,-0.4872000130126253,36.75999917834997
21:06:14.800231,373,1.9467952122748167,3.832531423601215,-0.08598426961037715,-0.4872000130126253,29.999999329447746
21:06:14.800231,373,1.9558208556304741,3.7567809596800843,-0.08471935391021287,-0.4872000130126253,43.239999033510685
21:06:14.800231,373,1.9829383612079998,3.808868822601879,-0.2148854436867313,-0.4872000130126253,35.999999195337296
21:06:14.800231,373,2.0354477640590893,3.909729964493912,-0.39777999913957596,-0.974120026017772,11.879999734461308
21:06:14.800231,373,1.9638236890217031,3.6817911181556453,-0.04172930555282151,-0.4872000130126253,19.759999558329582
21:06:14.800231,373,1.9911973805649716,3.7331115167018836,-0.2117242611508118,-0.4872000130126253,46.879998952150345
21:06:14.800231,373,2.02092726768701,3.788849328075479,-0.2148854436867313,-0.4872000130126253,41.51999907195568
21:06:14.800231,373,2.049528456086027,3.8424710467688996,-0.2616079758535332,-0.4872000130126253,21.359999522566795
21:06:14.800231,373,2.0744426396762234,3.889180341687417,-0.39777999913957596,-0.974120026017772,14.879999667406082
21:06:14.800231,373,2.02842831368056,3.7130132211938167,-0.2117242611508118,-0.4872000130126253,45.99999897181988
21:06:14.800231,373,2.0587140831323856,3.7684509517905727,-0.2148854436867313,-0.4872000130126253,44.75999899953604
21:06:14.800231,373,2.0878500497220043,3.821783982309764,-0.2616079758535332,-0.4872000130126253,25.75999942421913
21:06:14.800231,373,2.1112173851114124,3.8645576039653955,-0.4418377548679642,-0.974120026017772,18.999999575316906
21:06:14.800231,373,2.1413895592306686,3.919787399695116,-0.44815221863012855,-0.974120026017772,5.759999871253967
21:06:14.800231,373,2.065456405664199,3.6925436274743957,-0.2117242611508118,-0.4872000130126253,40.879999086260796
21:06:14.800231,373,2.0962950288942404,3.7476757335676987,-0.2148854436867313,-0.4872000130126253,44.359999008476734
21:06:14.800231,373,2.12117549160216,3.7921560691336293,-0.39211765039737556,-0.4872000130126253,30.51999931782484
21:06:14.800231,373,2.1497567562127347,3.843252556192623,-0.4418377548679642,-0.974120026017772,24.35999945551157
21:06:14.800231,373,2.2116738464109345,3.8627686813382445,-0.5819276809261497,-0.974120026017772,7.35999983549118
21:06:14.800231,373,2.1022779537377128,3.6717047824858433,-0.2117242611508118,-0.4872000130126253,33.99999924004078
21:06:14.800231,373,2.133666346909483,3.726525750911274,-0.2148854436867313,-0.4872000130126253,40.51999909430742
21:06:14.800231,373,2.1965893342446012,3.7489769825278394,-0.39211765039737556,-0.974120026017772,34.99999921768904
21:06:14.800231,373,2.2261867443841044,3.7994916634586704,-0.4418377548679642,-0.974120026017772,31.119999304413795
21:06:14.800231,373,2.250190305803553,3.8404591751629713,-0.5819276809261497,-0.974120026017772,9.63999978452921
21:06:14.800231,373,2.1752867106809592,3.628927710885938,-0.2117242611508118,-0.4872000130126253,27.239999391138554
21:06:14.800231,373,2.2065500003540945,3.6810827751683743,-0.2578152523482359,-0.4872000130126253,34.639999225735664
21:06:14.800231,373,2.2339686498590265,3.7268240084940585,-0.39211765039737556,-0.974120026017772,37.99999915063381
21:06:14.800231,373,2.2640697185193672,3.777040194550101,-0.4418377548679642,-0.974120026017772,37.99999915063381
21:06:14.800231,373,2.2884817480508026,3.8177656262877218,-0.5819276809261497,-0.974120026017772,12.11999972909689
21:06:14.800231,373,2.211466618736164,3.6069937619459056,-0.2117242611508118,-0.4872000130126253,21.639999516308308
21:06:14.800231,373,2.2432498871966122,3.6588335908177543,-0.2578152523482359,-0.4872000130126253,28.639999359846115
21:06:14.800231,373,2.271124570480087,3.7042983551817636,-0.39211765039737556,-0.974120026017772,38.519999139010906
21:06:14.800231,373,2.293763339415776,3.7412231261176374,-0.5737283211982417,-0.974120026017772,42.87999904155731
21:06:14.800231,373,2.32654434404054,3.7946903040483706,-0.5819276809261497,-0.974120026017772,14.51999967545271
21:06:14.800231,373,2.2474253819822643,3.5846991166516213,-0.2117242611508118,-0.4872000130126253,17.23999961465597
21:06:14.800231,373,2.274591830762978,3.628030274930564,-0.3864328320173093,-0.4872000130126253,23.23999948054552
21:06:14.800231,373,2.30805338054685,3.6814022751374154,-0.39211765039737556,-0.974120026017772,36.11999919265509
21:06:14.800231,373,2.3310602591005836,3.7180988159390225,-0.5737283211982417,-0.974120026017772,43.119999036192894
21:06:14.800231,373,2.3643742875450533,3.7712355159578084,-0.5819276809261497,-0.974120026017772,15.87999964505434
21:06:14.800231,373,2.310757799393996,3.6051033362341,-0.3864328320173093,-0.974120026017772,18.879999577999115
21:06:14.800231,373,2.3425181934675345,3.6546539653241115,-0.43554824946059106,-0.974120026017772,31.999999284744263
21:06:14.800231,373,2.404951079900851,3.6707371248741,-0.5737283211982417,-0.974120026017772,38.6399991363287
21:06:14.800231,373,2.4393211088911304,3.7231969617714133,-0.5819276809261497,-0.974120026017772,15.75999964773655
21:06:14.800231,373,2.4151379103649173,3.6070758194005066,-0.43554824946059106,-0.974120026017772,27.239999391138554
21:06:14.800231,373,2.4415375919961377,3.646504480117218,-0.5737283211982417,-0.974120026017772,31.87999928742647
21:06:14.800231,373,2.4764304921133506,3.698617999490751,-0.5819276809261497,-0.974120026017772,14.359999679028988
21:06:14.800231,373,2.4426076398883834,3.570349790273884,-0.5655613700068076,-0.974120026017772,22.639999493956566
21:06:14.800231,373,2.477879952377746,3.6219071879673694,-0.5737283211982417,-0.974120026017772,25.359999433159828
21:06:14.800231,373,2.513292234361115,3.673669178508845,-0.5819276809261497,-0.974120026017772,12.639999717473984
21:06:14.800231,373,2.4781884125790192,3.545745605526283,-0.5655613700068076,-0.974120026017772,18.759999580681324
21:06:14.800231,373,2.513974526840088,3.5969477081331602,-0.5737283211982417,-0.974120026017772,19.999999552965164
21:06:14.800231,373,2.546441536801922,3.6434008984202335,-0.6264090574810718,-0.974120026017772,10.87999975681305
21:06:14.800231,373,2.5854059054374656,3.5459522050888275,-0.5737283211982417,-0.974120026017772,15.87999964505434
21:06:14.800231,373,2.6187954240626725,3.591746808151697,-0.6264090574810718,-0.974120026017772,9.239999793469906
21:06:14.855140,374,-0.03996481109810967,0.24295731223009773,2.0581684140092205,0.6263600167294499,5.239999882876873
21:06:14.855140,374,1.7658806859512135,3.7082501192429773,0.962521217865246,-0.4872000130126253,16.239999637007713
21:06:14.855140,374,1.7773565634859196,3.63589817873357,0.9825626631826598,-0.4872000130126253,17.999999597668648
21:06:14.855140,374,1.8021310942155615,3.6427314902799606,0.8047399545517051,-0.4872000130126253,20.51999954134226
21:06:14.855140,374,1.8312352132057779,3.7461165155679326,0.9517201462626039,-0.4872000130126253,17.11999961733818
21:06:14.855140,374,1.8525028709157418,3.6008352610107215,0.991957743670776,-0.4872000130126253,22.239999502897263
21:06:14.855140,374,1.8783248642316126,3.607179831383595,0.8142659928425731,-0.4872000130126253,26.519999407231808
21:06:14.855140,374,1.9086595000005349,3.709990703262784,0.961400028495687,-0.4872000130126253,21.99999950826168
21:06:14.855140,374,1.8895165532789415,3.571422878022724,0.9566417319754068,-0.4872000130126253,27.639999382197857
21:06:14.855140,374,1.916141903098065,3.5888538118383364,0.819176434980202,-0.4872000130126253,34.879999220371246
21:06:14.855140,374,1.9470872777874577,3.6913687215340993,0.9663897734613551,-0.6958000185841229,28.879999354481697
21:06:14.855140,374,1.9757309038649218,3.7456724944465387,0.9511843200764103,-0.6958000185841229,18.519999586045742
21:06:14.855140,374,1.926619163303858,3.552992204619127,0.9615802160298623,-0.4872000130126253,34.11999923735857
21:06:14.855140,374,1.9537673293795534,3.570163430137439,0.8241845076631871,-0.4872000130126253,46.759998954832554
21:06:14.855140,374,1.9850225479570902,3.6606973361514346,0.9301016388258792,-0.6958000185841229,38.87999913096428
21:06:14.855140,374,2.0145264217517944,3.7264008712584076,0.9563481359465069,-0.6958000185841229,22.879999488592148
21:06:14.855140,374,1.9614674934429333,3.498090138042171,0.8467691850573322,-0.4872000130126253,41.11999908089638
21:06:14.855140,374,1.9911973805649716,3.551110555303414,0.8292897100884553,-0.4872000130126253,62.5199986025691
21:06:14.855140,374,2.0230513830476218,3.6413396646517504,0.9352885112715663,-0.6958000185841229,52.7599988207221
21:06:14.855140,374,2.052812518058149,3.6949074594625944,0.9196255268170779,-0.6958000185841229,28.239999368786812
21:06:14.855140,374,1.9981425442287344,3.4789665311188616,0.8518933400888034,-0.4872000130126253,46.999998949468136
21:06:14.855140,374,2.02842831368056,3.5316970926077826,0.8344915317400414,-0.4872000130126253,79.51999822258949
21:06:14.855140,374,2.0587140831323856,3.5844276540967033,0.8170897233912797,-0.4872000130126253,69.99999843537807
21:06:14.855140,374,2.0911955163006333,3.6748932712010873,0.9249883123989131,-0.6958000185841229,34.35999923199415
21:06:14.855140,374,2.006186181299325,3.4537361198046446,1.0320276410513496,-0.5566400148672983,10.87999975681305
21:06:14.855140,374,2.0346177824341583,3.45948963249266,0.8571121593467566,-0.4872000130126253,49.63999889045954
21:06:14.855140,374,2.065456405664199,3.5119249833805495,0.8397894524401386,-0.4872000130126253,90.11999798566103
21:06:14.855140,374,2.0962950288942404,3.564360334268438,0.8224667455335204,-0.4872000130126253,85.11999809741974
21:06:14.855140,374,2.127133652124281,3.6167956851563274,0.805144038626902,-0.904680024163099,39.99999910593033
21:06:14.855140,374,2.070889560565943,3.4396613898371133,0.8624251209536389,-0.4872000130126253,47.75999893248081
21:06:14.855140,374,2.1022779537377128,3.491796204816072,0.845182942401115,-0.4872000130126253,86.63999806344509
21:06:14.855140,374,2.133666346909483,3.543931019795032,0.8279407638485909,-0.4872000130126253,88.2399980276823
21:06:14.855140,374,2.165054740081253,3.5960658347739907,0.8106985852960673,-0.904680024163099,43.359999030828476
21:06:14.855140,374,2.142808248727446,3.398958838604422,0.8733313366863249,-0.5566400148672983,42.119999058544636
21:06:14.855140,374,2.1752867106809592,3.450476726584707,0.8562544632248847,-0.4872000130126253,71.75999839603901
21:06:14.855140,374,2.2077651726344727,3.501994614564992,0.8391775897634444,-0.904680024163099,76.7599982842803
21:06:14.855140,374,2.2402436345879857,3.553512502545277,0.8221007163020042,-0.904680024163099,42.75999904423952
21:06:14.855140,374,2.1784479669486014,3.378088600248301,0.8789235001996927,-0.5566400148672983,35.11999921500683
21:06:14.855140,374,2.211466618736164,3.429290158831024,0.8619313869448713,-0.904680024163099,54.87999877333641
21:06:14.855140,374,2.2444852705237266,3.4804917174137477,0.8449392736900498,-0.904680024163099,59.35999867320061
21:06:14.855140,374,2.2775039223112894,3.5316932759964708,0.8279471604352286,-0.904680024163099,38.6399991363287
21:06:14.855140,374,2.309120406619469,3.569251686892662,0.7688743904306024,-0.904680024163099,5.999999865889549
21:06:14.855140,374,2.213869842198168,3.3568751578978597,0.8846076249461774,-0.5566400148672983,28.519999362528324
21:06:14.855140,374,2.2474253819822643,3.4077551851533205,0.8677016657508374,-0.904680024163099,40.879999086260796
21:06:14.855140,374,2.28098092176636,3.4586352124087822,0.8507957065554972,-0.904680024163099,43.99999901652336
21:06:14.855140,374,2.314536461550457,3.509515239664243,0.8338897473601572,-0.904680024163099,32.63999927043915
21:06:14.855140,374,2.2490703323182957,3.335320632879561,0.890383142518067,-0.5566400148672983,22.879999488592148
21:06:14.855140,374,2.2831594045730603,3.3858739590309233,0.8735647226197365,-0.904680024163099,30.759999312460423
21:06:14.855140,374,2.3172484768278245,3.4364272851822846,0.8567463027214064,-0.904680024163099,32.63999927043915
21:06:14.855140,374,2.350043353374244,3.47375577925748,0.7983734382385539,-0.904680024163099,26.519999407231808
21:06:14.855140,374,2.2840459172894647,3.3134271806278486,0.8962494753684427,-0.5566400148672983,18.519999586045742
21:06:14.855140,374,2.318665113136232,3.3636486685681106,0.8795199712507944,-0.904680024163099,23.519999474287033
21:06:14.855140,374,2.353284308982999,3.413870156508372,0.8627904671331461,-0.904680024163099,24.639999449253082
21:06:14.855140,374,2.386589182915799,3.4508794106498706,0.8045031427327196,-0.904680024163099,21.359999522566795
21:06:14.855140,374,2.3889774092015266,3.3181748188468414,0.8917046525603427,-0.904680024163099,18.519999586045742
21:06:14.855140,374,2.4246464138948274,3.3677173522884614,0.8751570737523029,-0.904680024163099,18.999999575316906
21:06:14.855140,374,2.458961240555649,3.4040734285201246,0.8170447678453305,-0.904680024163099,17.11999961733818
21:06:14.855140,374,4.043936897219596,3.4309446850873955,0.7993326864470534,-0.904680024163099,6.359999857842922
21:06:14.855140,374,4.234343572230305,3.309999782879254,0.8284670783410202,-0.904680024163099,8.51999980956316
21:06:14.855140,374,4.288176838384473,3.409740885486446,1.0287608752493385,-0.904680024163099,5.879999868571758
21:06:14.906391,375,1.8525028709157418,3.6008352610107215,0.991957743670776,-0.5566400148672983,20.75999953597784
21:06:14.906391,375,1.8805811854581385,3.6554129821367525,0.9766788860832316,-0.5566400148672983,21.99999950826168
21:06:14.906391,375,1.8895165532789415,3.571422878022724,0.9566417319754068,-0.5566400148672983,25.239999435842037
21:06:14.906391,375,1.9184436517099936,3.637064948621661,0.9815952268462995,-0.5566400148672983,27.359999388456345
21:06:14.906391,375,1.926619163303858,3.552992204619127,0.9615802160298623,-0.5566400148672983,30.879999309778214
21:06:14.906391,375,1.9558208556304741,3.6068447703852806,0.9458409274278707,-0.5566400148672983,34.35999923199415
21:06:14.906391,375,1.9853203484778732,3.672376493261251,0.9714787256895323,-0.5566400148672983,21.99999950826168
21:06:14.906391,375,1.9614674934429333,3.498090138042171,0.8467691850573322,-0.5566400148672983,37.119999170303345
21:06:14.906391,375,1.9932902480370944,3.5877718698409065,0.950951495726055,-0.5566400148672983,42.87999904155731
21:06:14.906391,375,2.023354888796744,3.6530159176511527,0.9766663762892598,-0.5566400148672983,25.63999942690134
21:06:14.906391,375,1.9981425442287344,3.4789665311188616,0.8518933400888034,-0.5566400148672983,43.239999033510685
21:06:14.906391,375,2.030560313088891,3.5683380024355293,0.9561587848031392,-0.5566400148672983,51.639998845756054
21:06:14.906391,375,2.0611870953219036,3.6332889307451466,0.9819522064998236,-0.5566400148672983,28.879999354481697
21:06:14.906391,375,2.0058852508776743,3.4425808845440904,0.9924743771738294,-0.5566400148672983,15.639999650418758
21:06:14.906391,375,2.0346177824341583,3.45948963249266,0.8571121593467566,-0.5566400148672983,47.35999894142151
21:06:14.906391,375,2.067627323810584,3.5485451115396076,0.9614622739345788,-0.5566400148672983,58.23999869823456
21:06:14.906391,375,2.0988131848643947,3.6131975052253953,0.9873356877426309,-0.5566400148672983,31.239999301731586
21:06:14.906391,375,2.070889560565943,3.4396613898371133,0.8624251209536389,-0.5566400148672983,47.999998927116394
21:06:14.906391,375,2.1022779537377128,3.491796204816072,0.845182942401115,-0.5566400148672983,59.63999866694212
21:06:14.906391,375,2.135908957781411,3.5810764381332723,0.9514359941504864,-0.7655200204462744,31.87999928742647
21:06:14.906391,375,2.165054740081253,3.5960658347739907,0.8106985852960673,-0.6263600167294499,9.519999787211418
21:06:14.906391,375,2.142808248727446,3.398958838604422,0.8733313366863249,-0.5566400148672983,44.63999900221825
21:06:14.906391,375,2.1752867106809592,3.450476726584707,0.8562544632248847,-0.5566400148672983,54.87999877333641
21:06:14.906391,375,2.2100856658015444,3.5390959552345596,0.962684630641065,-0.7655200204462744,30.63999931514263
21:06:14.906391,375,2.1784479669486014,3.378088600248301,0.8789235001996927,-0.5566400148672983,38.87999913096428
21:06:14.906391,375,2.211466618736164,3.429290158831024,0.8619313869448713,-0.5566400148672983,46.51999896019697
21:06:14.906391,375,2.2468443587086484,3.5175704572530586,0.9684523704418859,-0.7655200204462744,27.759999379515648
21:06:14.906391,375,2.213869842198168,3.3568751578978597,0.8846076249461774,-0.7655200204462744,32.239999279379845
21:06:14.906391,375,2.2474253819822643,3.4077551851533205,0.8677016657508374,-0.5566400148672983,37.51999916136265
21:06:14.906391,375,2.28098092176636,3.4586352124087822,0.8507957065554972,-0.6263600167294499,24.23999945819378
21:06:14.906391,375,2.2490703323182957,3.335320632879561,0.890383142518067,-0.7655200204462744,26.239999413490295
21:06:14.906391,375,2.2831594045730603,3.3858739590309233,0.8735647226197365,-0.7655200204462744,29.759999334812164
21:06:14.906391,375,2.3172484768278245,3.4364272851822846,0.8567463027214064,-0.6263600167294499,20.63999953866005
21:06:14.906391,375,2.2840459172894647,3.3134271806278486,0.8962494753684427,-0.7655200204462744,21.239999525249004
21:06:14.906391,375,2.318665113136232,3.3636486685681106,0.8795199712507944,-0.7655200204462744,23.519999474287033
21:06:14.906391,375,2.3889774092015266,3.3181748188468414,0.8917046525603427,-0.7655200204462744,18.759999580681324
21:06:14.906391,375,2.9594435328571596,3.594839430440952,0.37488959816325007,-0.4872000130126253,5.239999882876873
21:06:14.965138,376,1.8222356118680128,3.67794971456862,-0.20540189607897288,-0.5566400148672983,25.999999418854713
21:06:14.965138,376,1.8502802380498127,3.7345542086245764,-0.20856307861489234,-0.5566400148672983,30.759999312460423
21:06:14.965138,376,1.8589233841858421,3.659543766616604,-0.20540189607897288,-0.5566400148672983,31.75999929010868
21:06:14.965138,376,1.8875326436419535,3.7158649888901003,-0.20856307861489234,-0.5566400148672983,38.99999912828207
21:06:14.965138,376,1.916141903098065,3.772186211163596,-0.2117242611508118,-0.5566400148672983,30.23999932408333
21:06:14.965138,376,1.8954252657226602,3.640771867353895,-0.20540189607897288,-0.5566400148672983,38.6399991363287
21:06:14.965138,376,1.9245962975511068,3.6968041857698895,-0.20856307861489234,-0.5566400148672983,50.1199988797307
21:06:14.965138,376,1.9537673293795534,3.7528365041858844,-0.2117242611508118,-0.5566400148672983,37.99999915063381
21:06:14.965138,376,1.931737606320895,3.6216358939546924,-0.20540189607897288,-0.5566400148672983,45.759998977184296
21:06:14.965138,376,1.9614674934429333,3.677373705328288,-0.20856307861489234,-0.5566400148672983,64.23999856412411
21:06:14.965138,376,1.9911973805649716,3.7331115167018836,-0.2117242611508118,-0.5566400148672983,48.239998921751976
21:06:14.965138,376,2.02092726768701,3.788849328075479,-0.2148854436867313,-0.41748001115047373,26.239999413490295
21:06:14.965138,376,1.9398984954576304,3.5509604716267504,-0.040464326604239695,-0.5566400148672983,12.11999972909689
21:06:14.965138,376,1.9678567747769091,3.602137760000304,-0.20540189607897288,-0.5566400148672983,51.759998843073845
21:06:14.965138,376,1.9981425442287344,3.6575754905970603,-0.20856307861489234,-0.5566400148672983,80.63999819755554
21:06:14.965138,376,2.02842831368056,3.7130132211938167,-0.2117242611508118,-0.5566400148672983,61.11999863386154
21:06:14.965138,376,2.0587140831323856,3.7684509517905727,-0.2148854436867313,-0.41748001115047373,32.359999276697636
21:06:14.965138,376,2.0037791592041176,3.5822794152877893,-0.20540189607897288,-0.5566400148672983,54.359998784959316
21:06:14.965138,376,2.0346177824341583,3.6374115213810922,-0.20856307861489234,-0.5566400148672983,95.3599978685379
21:06:14.965138,376,2.065456405664199,3.6925436274743957,-0.2117242611508118,-0.5566400148672983,75.75999830663204
21:06:14.965138,376,2.0962950288942404,3.7476757335676987,-0.2148854436867313,-0.41748001115047373,39.759999111294746
21:06:14.965138,376,2.1259628601022125,3.800714742654292,-0.2616079758535332,-0.6263600167294499,10.239999771118164
21:06:14.965138,376,2.039501167394173,3.5620628456349825,-0.20540189607897288,-0.5566400148672983,52.7599988207221
21:06:14.965138,376,2.070889560565943,3.6168838140604134,-0.20856307861489234,-0.5566400148672983,101.75999772548676
21:06:14.965138,376,2.1022779537377128,3.6717047824858433,-0.2117242611508118,-0.5566400148672983,88.99999801069498
21:06:14.965138,376,2.133666346909483,3.726525750911274,-0.2148854436867313,-0.41748001115047373,47.8799989297986
21:06:14.965138,376,2.163863075977544,3.7792654347087957,-0.2616079758535332,-0.6958000185841229,11.999999731779099
21:06:14.965138,376,2.1103297867739323,3.520563153688636,-0.20540189607897288,-0.5566400148672983,47.35999894142151
21:06:14.965138,376,2.142808248727446,3.574745432287287,-0.20856307861489234,-0.5566400148672983,95.7599978595972
21:06:14.965138,376,2.1752867106809592,3.628927710885938,-0.2117242611508118,-0.5566400148672983,95.51999786496162
21:06:14.965138,376,2.2077651726344727,3.6831099894845893,-0.2148854436867313,-0.41748001115047373,55.11999876797199
21:06:14.965138,376,2.2339686498590265,3.7268240084940585,-0.39211765039737556,-0.6263600167294499,13.759999692440033
21:06:14.965138,376,2.1454293151610386,3.4992841813295215,-0.20540189607897288,-0.5566400148672983,40.23999910056591
21:06:14.965138,376,2.1784479669486014,3.553138971637714,-0.20856307861489234,-0.5566400148672983,81.2399981841445
21:06:14.965138,376,2.211466618736164,3.6069937619459056,-0.2117242611508118,-0.5566400148672983,91.87999794632196
21:06:14.965138,376,2.2432498871966122,3.6588335908177543,-0.2578152523482359,-0.6958000185841229,59.35999867320061
21:06:14.965138,376,2.271124570480087,3.7042983551817636,-0.39211765039737556,-0.6263600167294499,15.239999659359455
21:06:14.965138,376,2.180314302414071,3.477655283483978,-0.20540189607897288,-0.5566400148672983,33.2399992570281
21:06:14.965138,376,2.213869842198168,3.5311772000677997,-0.20856307861489234,-0.5566400148672983,64.7599985525012
21:06:14.965138,376,2.2474253819822643,3.5846991166516213,-0.2117242611508118,-0.5566400148672983,80.11999820917845
21:06:14.965138,376,2.2797254509298064,3.636218526173426,-0.2578152523482359,-0.6958000185841229,58.87999868392944
21:06:14.965138,376,2.30805338054685,3.6814022751374154,-0.39211765039737556,-0.6263600167294499,16.119999639689922
21:06:14.965138,376,2.214981260063531,3.4556786230236685,-0.20540189607897288,-0.5566400148672983,27.119999393820763
21:06:14.965138,376,2.2490703323182957,3.508862313736302,-0.20856307861489234,-0.5566400148672983,50.35999887436628
21:06:14.965138,376,2.2831594045730603,3.5620460044489364,-0.2117242611508118,-0.6958000185841229,65.63999853283167
21:06:14.965138,376,2.3159730440278636,3.613239842722908,-0.2578152523482359,-0.6958000185841229,53.99999879300594
21:06:14.965138,376,2.3447513872092465,3.6581380579498357,-0.39211765039737556,-0.6958000185841229,16.239999637007713
21:06:14.965138,376,2.249426721442698,3.433356397596227,-0.20540189607897288,-0.5566400148672983,22.11999950557947
21:06:14.965138,376,2.2840459172894647,3.4861965441131586,-0.20856307861489234,-0.6958000185841229,39.23999912291765
21:06:14.965138,376,2.318665113136232,3.539036690630091,-0.2117242611508118,-0.6958000185841229,52.11999883502722
21:06:14.965138,376,2.3519890417618425,3.5898998383152927,-0.2578152523482359,-0.6958000185841229,46.63999895751476
21:06:14.965138,376,2.4174403346883824,3.6105145543346597,-0.39211765039737556,-0.6958000185841229,15.75999964773655
21:06:14.965138,376,2.3557818723119404,3.44343691405317,-0.08345443821004858,-0.6958000185841229,30.879999309778214
21:06:14.965138,376,2.3889774092015266,3.4919586971821133,-0.2117242611508118,-0.6958000185841229,41.23999907821417
21:06:14.965138,376,2.423311868378663,3.5421452384507135,-0.2578152523482359,-0.6958000185841229,38.87999913096428
21:06:14.965138,376,2.3904564501125494,3.420220355387634,-0.04172930555282151,-0.6958000185841229,24.639999449253082
21:06:14.965138,376,2.423776965532951,3.467894725312884,-0.2117242611508118,-0.6958000185841229,32.87999926507473
21:06:14.965138,376,2.453075118574165,3.509813974417842,-0.3864328320173093,-0.6958000185841229,31.87999928742647
21:06:14.965138,376,2.488050019839472,3.4851081433957285,-0.3864328320173093,-0.6958000185841229,26.119999416172504
21:06:14.965138,376,3.0501527813710125,3.8499675640859716,-0.4432585461801059,-0.6263600167294499,6.239999860525131
21:06:14.965138,376,3.0574531239546165,3.780881977281347,-0.24332359171737442,-0.6263600167294499,8.119999818503857
21:06:14.965138,376,3.0950080263681032,3.674523116354595,-0.09609859554489239,-0.6263600167294499,5.359999880194664
21:06:15.018357,377,1.7483170880973513,3.7136564310019557,-0.20540189607897288,-0.41748001115047373,23.759999468922615
21:06:15.018357,377,1.7752240911564565,3.7708104596559795,-0.20856307861489234,-0.41748001115047373,25.75999942421913
21:06:15.018357,377,1.8222356118680128,3.67794971456862,-0.20540189607897288,-0.41748001115047373,29.35999934375286
21:06:15.018357,377,1.8502802380498127,3.7345542086245764,-0.20856307861489234,-0.41748001115047373,32.359999276697636
21:06:15.018357,377,1.8802990959420391,3.795143437096085,-0.08471935391021287,-0.41748001115047373,19.879999555647373
21:06:15.018357,377,1.8589233841858421,3.659543766616604,-0.20540189607897288,-0.41748001115047373,36.63999918103218
21:06:15.018357,377,1.8875326436419535,3.7158649888901003,-0.20856307861489234,-0.41748001115047373,41.11999908089638
21:06:15.018357,377,1.9181558827768792,3.776151004356471,-0.08471935391021287,-0.41748001115047373,24.639999449253082
21:06:15.018357,377,1.8954252657226602,3.640771867353895,-0.20540189607897288,-0.41748001115047373,45.519998982548714
21:06:15.018357,377,1.9245962975511068,3.6968041857698895,-0.20856307861489234,-0.41748001115047373,52.51999882608652
21:06:15.018357,377,1.9558208556304741,3.7567809596800843,-0.08471935391021287,-0.41748001115047373,30.759999312460423
21:06:15.018357,377,1.9042924892466622,3.570181586296865,-0.040464326604239695,-0.41748001115047373,21.7599995136261
21:06:15.018357,377,1.9337679780160397,3.6254424497649356,-0.08218952250988429,-0.41748001115047373,55.359998762607574
21:06:15.018357,377,1.9614674934429333,3.677373705328288,-0.20856307861489234,-0.41748001115047373,65.87999852746725
21:06:15.018357,377,1.9911973805649716,3.7331115167018836,-0.2117242611508118,-0.41748001115047373,37.99999915063381
21:06:15.018357,377,1.9398984954576304,3.5509604716267504,-0.040464326604239695,-0.41748001115047373,23.999999463558197
21:06:15.018357,377,1.9699251098771484,3.605923822106247,-0.08218952250988429,-0.41748001115047373,63.999998569488525
21:06:15.018357,377,1.9981425442287344,3.6575754905970603,-0.20856307861489234,-0.41748001115047373,78.9999982342124
21:06:15.018357,377,2.02842831368056,3.7130132211938167,-0.2117242611508118,-0.41748001115047373,45.87999897450209
21:06:15.018357,377,1.9753105134443014,3.5313842638844704,-0.040464326604239695,-0.41748001115047373,25.239999435842037
21:06:15.018357,377,2.0058852508776743,3.586044605086394,-0.08218952250988429,-0.41748001115047373,68.11999847739935
21:06:15.018357,377,2.036756287344129,3.6412346583187594,-0.08345443821004858,-0.41748001115047373,86.99999805539846
21:06:15.018357,377,2.065456405664199,3.6925436274743957,-0.2117242611508118,-0.41748001115047373,52.51999882608652
21:06:15.018357,377,2.0105250020345444,3.511454920674398,-0.040464326604239695,-0.41748001115047373,25.359999433159828
21:06:15.018357,377,2.0419511002376054,3.5663417423060935,-0.0410968160785306,-0.41748001115047373,65.75999853014946
21:06:15.018357,377,2.0730661892829003,3.6206853751506287,-0.08345443821004858,-0.41748001115047373,85.35999809205532
21:06:15.018357,377,2.1022779537377128,3.6717047824858433,-0.2117242611508118,-0.41748001115047373,55.23999876528978
21:06:15.018357,377,2.080347325453236,3.470544834635337,-0.040464326604239695,-0.41748001115047373,24.119999460875988
21:06:15.018357,377,2.1128648018735787,3.5247921992197147,-0.0410968160785306,-0.41748001115047373,57.999998703598976
21:06:15.018357,377,2.145060468284648,3.5785027034194092,-0.08345443821004858,-0.41748001115047373,75.23999831825495
21:06:15.018357,377,2.1752867106809592,3.628927710885938,-0.2117242611508118,-0.41748001115047373,52.879998818039894
21:06:15.018357,377,2.2077651726344727,3.6831099894845893,-0.2148854436867313,-0.6958000185841229,12.639999717473984
21:06:15.018357,377,2.1149481781078396,3.4495681827806766,-0.040464326604239695,-0.41748001115047373,21.99999950826168
21:06:15.018357,377,2.14800649326052,3.503487665682166,-0.0410968160785306,-0.6958000185841229,48.119998924434185
21:06:15.018357,377,2.1810648084132005,3.5574071485836556,-0.04172930555282151,-0.6958000185841229,61.639998622238636
21:06:15.018357,377,2.211466618736164,3.6069937619459056,-0.2117242611508118,-0.6958000185841229,46.63999895751476
21:06:15.018357,377,2.149337537716538,3.4282465769977892,-0.040464326604239695,-0.41748001115047373,19.35999956727028
21:06:15.018357,377,2.182933385797737,3.4818327863132743,-0.0410968160785306,-0.6958000185841229,38.75999913364649
21:06:15.018357,377,2.2165292338789357,3.535418995628759,-0.04172930555282151,-0.6958000185841229,48.75999891012907
21:06:15.018357,377,2.2474253819822643,3.5846991166516213,-0.2117242611508118,-0.6958000185841229,38.87999913096428
21:06:15.018357,377,2.217641986825237,3.4598297265828335,-0.0410968160785306,-0.6958000185841229,30.999999307096004
21:06:15.018357,377,2.251772008278293,3.5130773037362766,-0.04172930555282151,-0.6958000185841229,38.359999142587185
21:06:15.018357,377,2.2831594045730603,3.5620460044489364,-0.2117242611508118,-0.6958000185841229,31.63999929279089
21:06:15.018357,377,2.2521288255119973,3.437480686778383,-0.0410968160785306,-0.6958000185841229,24.879999443888664
21:06:15.018357,377,2.2867896073633585,3.4903843070566802,-0.04172930555282151,-0.6958000185841229,30.35999932140112
21:06:15.018357,377,2.318665113136232,3.539036690630091,-0.2117242611508118,-0.6958000185841229,25.51999942958355
21:06:15.018357,377,2.3561352955358466,3.443953511362024,-0.04172930555282151,-0.6958000185841229,24.35999945551157
21:06:15.073242,378,1.8589233841858421,3.481685914004746,0.8544373806219852,-0.3480400092958007,21.639999516308308
21:06:15.073242,378,1.8875326436419535,3.5352698629215413,0.8368069078010936,-0.3480400092958007,20.75999953597784
21:06:15.073242,378,1.8954252657226602,3.463553651698398,0.8592959056639204,-0.3480400092958007,26.6399994045496
21:06:15.073242,378,1.9245962975511068,3.5168585409179185,0.8417402066635538,-0.3480400092958007,25.999999418854713
21:06:15.073242,378,1.9537673293795534,3.570163430137439,0.8241845076631871,-0.41748001115047373,17.11999961733818
21:06:15.073242,378,1.931737606320895,3.445069720780928,0.8642486600262091,-0.3480400092958007,32.99999926239252
21:06:15.073242,378,1.9614674934429333,3.498090138042171,0.8467691850573322,-0.3480400092958007,32.51999927312136
21:06:15.073242,378,1.9901014089953428,3.5381782358947356,0.7889645256160038,-0.41748001115047373,20.51999954134226
21:06:15.073242,378,1.9398984954576304,3.4194914893034625,1.0418582634263367,-0.4872000130126253,22.11999950557947
21:06:15.073242,378,1.9678567747769091,3.42623596962994,0.8692951484375651,-0.3480400092958007,40.3599990978837
21:06:15.073242,378,1.9981425442287344,3.4789665311188616,0.8518933400888034,-0.3480400092958007,40.3599990978837
21:06:15.073242,378,2.022746629556737,3.4779046531237374,0.6739189075859593,-0.904680024163099,24.119999460875988
21:06:15.073242,378,1.9753105134443014,3.4005823246643945,1.0469249588209224,-0.4872000130126253,24.639999449253082
21:06:15.073242,378,2.0037791592041176,3.4070542816047715,0.8744348662533747,-0.3480400092958007,47.8799989297986
21:06:15.073242,378,2.0289187614362074,3.4065549048609087,0.6989223720719884,-0.904680024163099,48.51999891549349
21:06:15.073242,378,2.059671004824858,3.458187926124377,0.6792019886628231,-0.904680024163099,27.639999382197857
21:06:15.073242,378,2.0105250020345444,3.381332057356807,1.0520830524000737,-0.4872000130126253,26.519999407231808
21:06:15.073242,378,2.039501167394173,3.3875265748581533,0.8796672995061627,-0.3480400092958007,53.35999880731106
21:06:15.073242,378,2.101052614017012,3.366661115816952,0.7096118806293341,-0.904680024163099,54.63999877870083
21:06:15.073242,378,2.1328981874262083,3.4176894684590375,0.6900535176889568,-0.904680024163099,29.999999329447746
21:06:15.073242,378,2.04701074443393,3.3294936352769082,1.2315592316004942,-0.4872000130126253,5.879999868571758
21:06:15.073242,378,2.080347325453236,3.3418159486959698,1.0626713618037655,-0.4872000130126253,27.119999393820763
21:06:15.073242,378,2.1103297867739323,3.347440950624137,0.8904082101477651,-0.3480400092958007,54.63999877870083
21:06:15.073242,378,2.136806183224278,3.34619365940991,0.7150961190447203,-0.904680024163099,56.23999874293804
21:06:15.073242,378,2.1691936721025273,3.3969117876048958,0.6956208804944155,-0.6263600167294499,30.51999931782484
21:06:15.073242,378,2.2065500003540945,3.488925423817333,0.7982352605331899,-0.6263600167294499,8.119999818503857
21:06:15.073242,378,2.1149481781078396,3.3215540589204786,1.0681005188062367,-0.4872000130126253,26.359999410808086
21:06:15.073242,378,2.14424845305414,3.314405947061428,0.8567771623051841,-0.904680024163099,51.11999885737896
21:06:15.073242,378,2.1723460736034395,3.3253818791718937,0.7206726187525505,-0.904680024163099,52.3599988296628
21:06:15.073242,378,2.2052722392289885,3.3757845640167585,0.7012819029931687,-0.6263600167294499,28.999999351799488
21:06:15.073242,378,2.149337537716538,3.3009589692368335,1.0736189564550158,-0.4872000130126253,24.23999945819378
21:06:15.073242,378,2.1742071814113615,3.254145802127698,0.7456456251273442,-0.904680024163099,44.519999004900455
21:06:15.073242,378,2.2076687311952337,3.304227856263491,0.7263408221075267,-0.904680024163099,44.99999899417162
21:06:15.073242,378,2.241130280979106,3.354309910399284,0.7070360190877092,-0.6263600167294499,25.999999418854713
21:06:15.073242,378,2.183184435862436,3.269067268106404,1.040276747668718,-0.6958000185841229,21.519999518990517
21:06:15.073242,378,2.208777035948244,3.2329774379386977,0.7513176712168748,-0.904680024163099,36.87999917566776
21:06:15.073242,378,2.242770623763495,3.2827337060692705,0.7321001622940613,-0.904680024163099,36.87999917566776
21:06:15.073242,378,2.274595770345962,3.318307442048278,0.6730239004291834,-0.6263600167294499,22.359999500215054
21:06:15.073242,378,2.2171354206969265,3.2478151785134712,1.045971227912618,-0.6958000185841229,18.639999583363533
21:06:15.073242,378,2.2772506825936802,3.189644294151662,0.7629287521001125,-0.904680024163099,29.999999329447746
21:06:15.073242,378,2.3100958111174834,3.224804784228654,0.7046150760071468,-0.904680024163099,29.639999337494373
21:06:15.073242,378,2.3451098441999614,3.273683025925865,0.6849809766918944,-0.6263600167294499,18.759999580681324
21:06:15.073242,378,2.311147627394936,3.167483847831702,0.7688666257954591,-0.904680024163099,24.23999945819378
21:06:15.073242,378,2.3363707939382783,3.1586867384925297,0.5935860298126387,-0.904680024163099,23.759999468922615
21:06:15.073242,378,2.380016874659687,3.250862226611134,0.6910957914389093,-0.6263600167294499,15.639999650418758
21:06:15.073242,378,2.3448134593697345,3.1449970956448956,0.7748919328843127,-0.904680024163099,19.759999558329582
21:06:15.073242,378,2.3704040446260377,3.135954572690122,0.5996770952816044,-0.904680024163099,19.119999572634697
21:06:15.126284,379,1.8684960553821872,3.456278981272625,-0.9679989153383667,-0.3480400092958007,20.63999953866005
21:06:15.126284,379,1.8954252657226602,3.463553651698398,-1.1407040943360796,-0.3480400092958007,24.639999449253082
21:06:15.126284,379,1.9042924892466622,3.43805766037339,-0.9631165271183882,-0.3480400092958007,24.879999443888664
21:06:15.126284,379,1.931737606320895,3.445069720780928,-1.1357513399737909,-0.3480400092958007,29.639999337494373
21:06:15.126284,379,1.9614674934429333,3.498090138042171,-1.1532308149426678,-0.3480400092958007,20.87999953329563
21:06:15.126284,379,1.9398984954576304,3.4194914893034625,-0.9581417365736632,-0.3480400092958007,29.759999334812164
21:06:15.126284,379,1.9678567747769091,3.42623596962994,-1.130704851562435,-0.3480400092958007,34.99999921768904
21:06:15.126284,379,1.9925456913874922,3.425977248152342,-1.3062818291280713,-0.3480400092958007,23.879999466240406
21:06:15.126284,379,1.9753105134443014,3.4005823246643945,-0.9530750411790776,-0.3480400092958007,34.51999922841787
21:06:15.126284,379,2.0037791592041176,3.5822794152877893,-0.20540189607897288,-0.3480400092958007,40.23999910056591
21:06:15.126284,379,2.0289187614362074,3.6272230305414324,-0.37506319525717685,-0.3480400092958007,26.519999407231808
21:06:15.126284,379,2.0105250020345444,3.511454920674398,-0.040464326604239695,-0.5566400148672983,38.239999145269394
21:06:15.126284,379,2.039501167394173,3.5620628456349825,-0.20540189607897288,-0.3480400092958007,43.87999901920557
21:06:15.126284,379,2.101052614017012,3.5859219409979195,-0.37506319525717685,-0.3480400092958007,28.11999937146902
21:06:15.126284,379,2.047829849032893,3.4162974700509587,-0.03983183712994878,-0.5566400148672983,18.639999583363533
21:06:15.126284,379,2.080347325453236,3.470544834635337,-0.040464326604239695,-0.5566400148672983,39.639999113976955
21:06:15.126284,379,2.104418694346028,3.5107019583768166,-0.3693783768771106,-0.3480400092958007,44.75999899953604
21:06:15.126284,379,2.136806183224278,3.564732470906127,-0.37506319525717685,-0.3480400092958007,28.239999368786812
21:06:15.126284,379,2.1124106633734763,3.44542939102133,-0.20224071354305342,-0.974120026017772,37.99999915063381
21:06:15.126284,379,2.1394199079778895,3.489482589011118,-0.3693783768771106,-0.974120026017772,42.35999905318022
21:06:15.126284,379,2.1723460736034395,3.5431865305537795,-0.37506319525717685,-0.3480400092958007,26.87999939918518
21:06:15.126284,379,2.2052722392289885,3.5968904720964407,-0.3807480136372431,-0.3480400092958007,9.759999781847
21:06:15.126284,379,2.146758762629975,3.4241333669001563,-0.20224071354305342,-0.974120026017772,34.11999923735857
21:06:15.126284,379,2.1742071814113615,3.4679142743100093,-0.3693783768771106,-0.974120026017772,37.75999915599823
21:06:15.126284,379,2.20556609804565,3.5179325225950477,-0.41660485817409815,-0.3480400092958007,24.35999945551157
21:06:15.126284,379,2.180892187808767,3.4024949323110345,-0.20224071354305342,-0.974120026017772,29.23999934643507
21:06:15.126284,379,2.208777035948244,3.445999171086892,-0.3693783768771106,-0.974120026017772,32.119999282062054
21:06:15.126284,379,2.267606813856691,3.4611051284188257,-0.5409632908230837,-0.974120026017772,21.359999522566795
21:06:15.126284,379,2.214807525595931,3.380516251079295,-0.20224071354305342,-0.974120026017772,24.35999945551157
21:06:15.126284,379,2.267211008011326,3.3861428655395662,-0.5327639310951756,-0.974120026017772,26.75999940186739
21:06:15.126284,379,2.3021039081285393,3.438256384913099,-0.5409632908230837,-0.974120026017772,18.35999958962202
21:06:15.126284,379,2.2819703951216237,3.335546973891395,-0.20224071354305342,-0.974120026017772,20.119999550282955
21:06:15.126284,379,2.30095851195491,3.3633018281079807,-0.5327639310951756,-0.974120026017772,22.11999950557947
21:06:15.126284,379,3.141772078847558,3.582131077069163,-0.6229244795656896,-0.904680024163099,5.879999868571758
21:06:15.126284,379,3.1494972464936772,3.5193157436096296,-0.42620409103990714,-1.2524400334514212,5.639999873936176
21:06:15.180341,380,1.8954252657226602,3.640771867353895,-0.20540189607897288,-0.3480400092958007,23.639999471604824
21:06:15.180341,380,1.896680142676346,3.5559099028725374,-0.3636935584970444,-0.20888000557897612,25.51999942958355
21:06:15.180341,380,1.931737606320895,3.6216358939546924,-0.20540189607897288,-0.3480400092958007,28.239999368786812
21:06:15.180341,380,1.9321438150490022,3.5367656239758993,-0.3636935584970444,-0.20888000557897612,30.35999932140112
21:06:15.180341,380,1.966773650070485,3.6001551134714465,-0.24643708183234384,-0.3480400092958007,33.519999250769615
21:06:15.180341,380,1.9674142746589056,3.5172676714799684,-0.3636935584970444,-0.20888000557897612,35.63999920338392
21:06:15.180341,380,1.9981665180475565,3.5722453510107006,-0.3693783768771106,-0.3480400092958007,38.99999912828207
21:06:15.180341,380,2.03736146719862,3.4772185799779733,-0.3636935584970444,-0.20888000557897612,40.23999910056591
21:06:15.180341,380,2.0692070406078162,3.531570260487946,-0.3693783768771106,-0.8349600223009475,43.75999902188778
21:06:15.180341,380,2.0720312054677787,3.4566714458475065,-0.3636935584970444,-0.8349600223009475,43.119999036192894
21:06:15.180341,380,2.104418694346028,3.5107019583768166,-0.3693783768771106,-0.8349600223009475,46.35999896377325
21:06:15.180341,380,2.073567576726791,3.3820747059257945,-0.3580087401169781,-0.8349600223009475,19.63999956101179
21:06:15.180341,380,2.1064937423523404,3.435778647468456,-0.3636935584970444,-0.8349600223009475,43.239999033510685
21:06:15.180341,380,2.1394199079778895,3.489482589011118,-0.3693783768771106,-0.8349600223009475,45.99999897181988
21:06:15.180341,380,2.1784479669486014,3.553138971637714,-0.20856307861489234,-0.3480400092958007,23.759999468922615
21:06:15.180341,380,2.1407456316274893,3.414542274103158,-0.3636935584970444,-0.8349600223009475,40.639999091625214
21:06:15.180341,380,2.1742071814113615,3.4679142743100093,-0.3693783768771106,-0.8349600223009475,42.87999904155731
21:06:15.180341,380,2.1747834481329935,3.392964449371156,-0.3636935584970444,-0.8349600223009475,36.11999919265509
21:06:15.180341,380,2.208777035948244,3.445999171086892,-0.3693783768771106,-0.8349600223009475,37.99999915063381
21:06:15.180341,380,2.242203269570005,3.3487931107936966,-0.3636935584970444,-0.8349600223009475,30.999999307096004
21:06:15.180341,380,2.2772506825936802,3.4011373995018888,-0.3693783768771106,-0.8349600223009475,32.51999927312136
21:06:15.180341,380,2.317388900607886,3.5370887754536944,-0.2540225288429385,-0.6263600167294499,6.11999986320734
21:06:15.180341,380,2.2755785325758526,3.3262040140450906,-0.3636935584970444,-0.6263600167294499,25.999999418854713
21:06:15.180341,380,2.311147627394936,3.3781952172795777,-0.3693783768771106,-0.8349600223009475,27.359999388456345
21:06:15.180341,380,2.3087262396349244,3.3032822996817766,-0.3636935584970444,-0.6263600167294499,21.7599995136261
21:06:15.180341,380,2.3448134593697345,3.3549152183657927,-0.3693783768771106,-0.8349600223009475,22.879999488592148
21:06:15.180341,380,2.9696708623349197,3.525717587369034,-0.23067886157369652,-1.3221600353135727,6.8799998462200165
21:06:15.180341,380,3.044279410415936,3.5418010257755608,-0.28055660237802266,-1.3221600353135727,9.759999781847
21:06:15.180341,380,3.078485747096797,3.5815976482307073,-0.42620409103990714,-0.6958000185841229,9.759999781847
21:06:15.180341,380,3.1195473716231303,3.6293699070351337,-0.4318889094199734,-0.6958000185841229,4.999999888241291
21:06:15.238523,381,1.837083202065767,3.3569438732593575,0.8944073036646538,-0.4872000130126253,17.519999608397484
21:06:15.238523,381,1.8662542338942136,3.410248762478878,0.8768516046642871,-0.4872000130126253,19.63999956101179
21:06:15.238523,381,1.8722778320768187,3.3390288862584416,0.8992076099639632,-0.4872000130126253,21.7599995136261
21:06:15.238523,381,1.9020077191988567,3.392049303519685,0.8817281349950863,-0.4872000130126253,24.51999945193529
21:06:15.238523,381,1.9072852358732582,3.320774846652098,0.9040987651350889,-0.4872000130126253,27.359999388456345
21:06:15.238523,381,1.9375710053250836,3.373505408141019,0.886696956786327,-0.4872000130126253,30.879999309778214
21:06:15.238523,381,1.9678567747769091,3.42623596962994,0.8692951484375651,-0.5566400148672983,21.7599995136261
21:06:15.238523,381,1.9366620312702547,3.2516558410705048,0.7580835222994842,-0.5566400148672983,34.51999922841787
21:06:15.238523,381,1.9729405359740766,3.3546189307168826,0.8917575731599929,-0.4872000130126253,39.23999912291765
21:06:15.238523,381,2.0037791592041176,3.4070542816047715,0.8744348662533747,-0.5566400148672983,26.359999410808086
21:06:15.238523,381,1.9736703203802273,3.162547705248611,0.7878453323908434,-0.5566400148672983,19.35999956727028
21:06:15.238523,381,2.0055158937894233,3.213576057890697,0.7682869694504659,-0.5566400148672983,42.87999904155731
21:06:15.238523,381,2.008112774222403,3.3353917598791942,0.8969094780586868,-0.4872000130126253,49.75999888777733
21:06:15.238523,381,2.039501167394173,3.3875265748581533,0.8796672995061627,-0.5566400148672983,31.999999284744263
21:06:15.238523,381,2.0072562277112795,3.1433211466299653,0.792997073245939,-0.5566400148672983,21.359999522566795
21:06:15.238523,381,2.039643716589529,3.194039274824952,0.7735218346956343,-0.5566400148672983,51.11999885737896
21:06:15.238523,381,2.0720312054677787,3.2447574030199386,0.7540465961453295,-0.5566400148672983,61.359998628497124
21:06:15.238523,381,2.1103297867739323,3.347440950624137,0.8904082101477651,-0.5566400148672983,38.519999139010906
21:06:15.238523,381,2.040641411101242,3.123771139792433,0.7982354817900787,-0.5566400148672983,22.519999496638775
21:06:15.238523,381,2.073567576726791,3.174173824637298,0.778844766030697,-0.5566400148672983,56.35999874025583
21:06:15.238523,381,2.1064937423523404,3.2245765094821635,0.7594540502713147,-0.5566400148672983,70.75999841839075
21:06:15.238523,381,2.1454293151610386,3.326887041665577,0.8959156134545139,-0.5566400148672983,44.99999899417162
21:06:15.238523,381,2.073822532059745,3.1038996397203173,0.8035600341867972,-0.5566400148672983,22.639999493956566
21:06:15.238523,381,2.107284081843617,3.1539816938561107,0.7842552311669797,-0.5566400148672983,56.11999874562025
21:06:15.238523,381,2.1407456316274893,3.2040637479919045,0.7649504281471617,-0.5566400148672983,73.87999834865332
21:06:15.238523,381,2.180314302414071,3.3059951306423985,0.9015135841415174,-0.5566400148672983,50.23999887704849
21:06:15.238523,381,2.1067962725024922,3.083708633546978,0.8089701979853152,-0.5566400148672983,21.519999518990517
21:06:15.238523,381,2.1407898603177427,3.1334649016775513,0.7897526890625017,-0.5566400148672983,50.35999887436628
21:06:15.238523,381,2.1747834481329935,3.183221169808125,0.7705351801396882,-0.5566400148672983,68.87999846041203
21:06:15.238523,381,2.2137621159887226,3.272309395175848,0.8680568993870601,-0.5566400148672983,52.63999882340431
21:06:15.238523,381,2.247832425335103,3.3226709911962553,0.8506360340999337,-0.7655200204462744,16.99999962002039
21:06:15.238523,381,2.172108443522654,3.042376210979869,0.820045187233394,-0.5566400148672983,19.63999956101179
21:06:15.238523,381,2.207155856546329,3.0914655720371336,0.8010063755223003,-0.5566400148672983,42.119999058544636
21:06:15.238523,381,2.242203269570005,3.140554933094398,0.7819675638112062,-0.5566400148672983,58.51999869197607
21:06:15.238523,381,2.2481886182999724,3.2507596488266133,0.8738311365184332,-0.6958000185841229,51.23999885469675
21:06:15.238523,381,2.312298095617356,3.2387336552089265,0.7438899403890189,-0.5566400148672983,18.519999586045742
21:06:15.238523,381,2.2044403429376844,3.021238927793727,0.8257089051933086,-0.5566400148672983,17.359999611973763
21:06:15.238523,381,2.2400094377567688,3.0699872344730528,0.8067614787273587,-0.5566400148672983,33.7599992454052
21:06:15.238523,381,2.2755785325758526,3.118735541152377,0.787814052261409,-0.5566400148672983,47.23999894410372
21:06:15.238523,381,2.311147627394936,3.167483847831702,0.7688666257954591,-0.5566400148672983,46.759998954832554
21:06:15.238523,381,2.34671672221402,3.216232154511027,0.7499191993295093,-1.3916000371682458,19.35999956727028
21:06:15.238523,381,2.2726390199001143,3.048192634887166,0.8126013240857568,-0.5566400148672983,26.75999940186739
21:06:15.238523,381,2.3087262396349244,3.096594865266031,0.7937466284850347,-0.5566400148672983,37.239999167621136
21:06:15.238523,381,2.3448134593697345,3.1449970956448956,0.7748919328843127,-0.5566400148672983,40.51999909430742
21:06:15.238523,381,2.3050413400454883,3.026083952721174,0.8185253276178508,-0.5566400148672983,21.359999522566795
21:06:15.238523,381,2.341643076004285,3.074135119484399,0.7997646992294314,-0.5566400148672983,29.519999340176582
21:06:15.238523,381,2.3782448119630817,3.1221862862476235,0.781004070841012,-1.3916000371682458,34.11999923735857
21:06:15.238523,381,2.369151256572879,2.9809332152345607,0.8306234312650584,-0.5566400148672983,17.11999961733818
21:06:15.238523,381,2.4067709934656762,3.0282674337404503,0.8120549085832067,-0.5566400148672983,23.519999474287033
21:06:15.238523,381,2.4443907303584735,3.07560165224634,0.7934863859013555,-1.3916000371682458,28.359999366104603
21:06:15.238523,381,3.1074884525584756,3.2452175378175507,0.6950929950903646,-0.4872000130126253,5.759999871253967
21:06:15.238523,381,3.1494972464936772,3.289088231756522,0.6774525210191844,-0.4872000130126253,5.119999885559082
21:06:15.292152,382,1.837083202065767,3.3569438732593575,0.8944073036646538,-0.5566400148672983,18.999999575316906
21:06:15.292152,382,1.8447612894716214,3.3305785317345085,1.0669920211777877,-0.7655200204462744,17.879999600350857
21:06:15.292152,382,1.8722778320768187,3.3390288862584416,0.8992076099639632,-0.5566400148672983,23.639999471604824
21:06:15.292152,382,1.9020077191988567,3.392049303519685,0.8817281349950863,-0.5566400148672983,21.239999525249004
21:06:15.292152,382,1.8792541955254938,3.3125927685826198,1.0718112918895937,-0.7655200204462744,21.87999951094389
21:06:15.292152,382,1.9072852358732582,3.320774846652098,0.9040987651350889,-0.5566400148672983,29.759999334812164
21:06:15.292152,382,1.9375710053250836,3.373505408141019,0.886696956786327,-0.5566400148672983,25.879999421536922
21:06:15.292152,382,1.9112632895139947,3.249748228941105,0.9264029869732293,-0.4872000130126253,26.519999407231808
21:06:15.292152,382,1.9421019127440358,3.3021835798289936,0.9090802800666111,-0.7655200204462744,37.51999916136265
21:06:15.292152,382,1.9729405359740766,3.3546189307168826,0.8917575731599929,-0.7655200204462744,31.5199992954731
21:06:15.292152,382,1.9453359878788636,3.2311221299212756,0.9313938351637345,-0.4872000130126253,31.63999929279089
21:06:15.292152,382,1.9767243810506334,3.283256944900235,0.9141516566112107,-0.7655200204462744,46.759998954832554
21:06:15.292152,382,2.008112774222403,3.3353917598791942,0.8969094780586868,-0.7655200204462744,37.87999915331602
21:06:15.292152,382,2.0128944009133924,3.1928872866832814,0.9416388305320857,-0.4872000130126253,36.23999918997288
21:06:15.292152,382,2.045372862866906,3.2444051746635667,0.9245619570706454,-0.7655200204462744,56.23999874293804
21:06:15.292152,382,2.0778513248204193,3.295923062643852,0.9074850836092052,-0.7655200204462744,43.87999901920557
21:06:15.292152,382,2.015773232649799,3.1657984966616968,1.1117994997914131,-0.7655200204462744,9.119999796152115
21:06:15.292152,382,2.0463733597983507,3.173282365917407,0.9468919532189779,-0.7655200204462744,38.99999912828207
21:06:15.292152,382,2.079392011585913,3.22448392450013,0.9298998399641567,-0.7655200204462744,62.759998597204685
21:06:15.292152,382,2.1124106633734763,3.275685483082854,0.9129077267093353,-0.7655200204462744,48.239998921751976
21:06:15.292152,382,2.0796476830617823,3.153355048876015,0.9522314617275378,-0.7655200204462744,38.87999913096428
21:06:15.292152,382,2.1132032228458786,3.204235076131476,0.9353255025321978,-0.7655200204462744,63.11999858915806
21:06:15.292152,382,2.146758762629975,3.2551151033869377,0.9184195433368576,-0.7655200204462744,49.239998899400234
21:06:15.292152,382,2.112714043299238,3.1331073282741144,0.9576568221113881,-0.7655200204462744,35.879999198019505
21:06:15.292152,382,2.146803115554002,3.183660654425476,0.9408384022130578,-0.7655200204462744,57.11999872326851
21:06:15.292152,382,2.180892187808767,3.234213980576838,0.9240199823147275,-0.7655200204462744,46.35999896377325
21:06:15.292152,382,2.214981260063531,3.2847673067281997,0.9072015624163972,-0.7655200204462744,20.75999953597784
21:06:15.292152,382,2.1455691339023972,3.112541228866803,0.9631674918390354,-0.7655200204462744,31.119999304413795
21:06:15.292152,382,2.1801883297491638,3.1627627168070642,0.9464379877213873,-0.7655200204462744,47.63999893516302
21:06:15.292152,382,2.214807525595931,3.2129842047473263,0.9297084836037388,-0.7655200204462744,40.879999086260796
21:06:15.292152,382,2.210632385735021,3.070462151638741,0.9744425466005413,-0.7655200204462744,25.999999418854713
21:06:15.292152,382,2.2463013904283224,3.1200046850803616,0.9578949677925015,-0.7655200204462744,38.1199991479516
21:06:15.292152,382,2.2819703951216237,3.1695472185219815,0.9413473889844619,-0.7655200204462744,34.35999923199415
21:06:15.292152,382,2.2428340406938134,3.048953381690461,0.9802058041383699,-0.7655200204462744,21.359999522566795
21:06:15.292152,382,2.2790226256616406,3.098148866739421,0.963751216666878,-0.7655200204462744,30.119999326765537
21:06:15.292152,382,2.315211210629468,3.1473443517883806,0.9472966291953862,-0.7655200204462744,28.359999366104603
21:06:15.292152,382,2.274811414127584,3.027134648260923,0.9860521161406846,-0.7655200204462744,17.519999608397484
21:06:15.292152,382,2.3115159605417595,3.075978083593194,0.969691860106475,-0.7655200204462744,23.879999466240406
21:06:15.292152,382,2.348220506955936,3.1248215189254656,0.9533316040722652,-0.7655200204462744,23.11999948322773
21:06:15.292152,382,2.343778145762415,3.0534945527014226,0.9757163040519254,-0.6958000185841229,19.119999572634697
21:06:15.292152,382,2.3809949831990487,3.101980972197654,0.9594517101226676,-0.7655200204462744,18.999999575316906
21:06:15.292152,382,2.966144863486182,3.362566767763037,0.6636493636940575,-0.27832000743364915,5.519999876618385
21:06:15.344739,383,0.11638543928959413,0.07235360462127038,-0.21266967696454975,-0.4872000130126253,5.359999880194664
21:06:15.344739,383,1.962497181714492,3.1771357337472654,-1.3858915581042826,-0.7655200204462744,25.239999435842037
21:06:15.344739,383,1.9966742115375369,3.1580142453314304,-1.3807679707251785,-0.7655200204462744,29.519999340176582
21:06:15.344739,383,2.0256261653196606,3.193243670797482,-1.4402073818538002,-0.7655200204462744,23.519999474287033
21:06:15.344739,383,2.027895268842251,3.1239064928001876,-1.4124910876051067,-0.7655200204462744,33.7599992454052
21:06:15.344739,383,2.06009620419762,3.173510983020388,-1.4349200240994324,-0.7655200204462744,26.75999940186739
21:06:15.344739,383,2.0616237258829,3.1041554685789947,-1.4071988166153506,-0.7655200204462744,37.35999916493893
21:06:15.344739,383,2.1184602596276005,3.0866734538802705,-1.5358179979904465,-0.7655200204462744,29.639999337494373
21:06:15.344739,383,2.0477306008258167,3.18483009843566,-0.733606574427679,-0.904680024163099,11.999999731779099
21:06:15.344739,383,2.0646797075465826,3.0494786534929585,-1.3431973447211092,-0.7655200204462744,26.99999939650297
21:06:15.344739,383,2.0951460222781915,3.084079645460493,-1.401819516023358,-0.7655200204462744,39.35999912023544
21:06:15.344739,383,2.152143739124689,3.0660478489797245,-1.5302913838139418,-0.7655200204462744,31.359999299049377
21:06:15.344739,383,2.151449159298747,2.9975006309639993,-1.500845945471736,-0.7655200204462744,39.11999912559986
21:06:15.344739,383,2.1856120060509334,3.045097923352997,-1.5246778681607682,-0.7655200204462744,31.63999929279089
21:06:15.344739,383,2.233236784866412,3.1546090678281398,-1.3968327598049208,-0.7655200204462744,11.239999748766422
21:06:15.344739,383,2.1841791475912005,2.9765609801605852,-1.4952351829491715,-0.7655200204462744,36.75999917834997
21:06:15.344739,383,2.2188617136076805,3.0238257719750976,-1.5189780123777874,-0.7655200204462744,30.23999932408333
21:06:15.344739,383,2.2489806247915687,2.933738518530767,-1.4837609389375488,-0.7655200204462744,32.99999926239252
21:06:15.344739,383,2.284692173029331,2.9803233327646392,-1.5073215689225612,-0.7655200204462744,27.759999379515648
21:06:15.344739,383,2.2810456336060536,2.911859989914649,-1.4778986048632787,-0.7655200204462744,28.639999359846115
21:06:15.344739,383,2.3087967422910487,3.166575461984789,-0.7131195664528297,-0.7655200204462744,24.51999945193529
21:06:15.344739,383,2.59250279991126,3.6314192028703283,0.4927948048942142,-0.7655200204462744,5.359999880194664
21:06:15.344739,383,2.789805385592672,3.5946241602057225,0.136547019231298,-0.6263600167294499,6.8799998462200165
21:06:15.344739,383,2.898567298677731,3.584401923825009,-0.23067886157369652,-1.0438400278799236,7.759999826550484
21:06:15.344739,383,3.0590637560809553,3.487830139292929,-0.6065257601098736,-0.4872000130126253,7.239999838173389
21:06:15.398228,384,1.9736703203802273,3.162547705248611,0.7878453323908434,-0.974120026017772,23.23999948054552
21:06:15.398228,384,2.0072562277112795,3.1433211466299653,0.792997073245939,-0.974120026017772,26.519999407231808
21:06:15.398228,384,2.040641411101242,3.123771139792433,0.7982354817900787,-0.974120026017772,29.35999934375286
21:06:15.398228,384,2.0715926645204803,3.1607995385448104,0.7413768716745821,-0.974120026017772,22.879999488592148
21:06:15.398228,384,2.073822532059745,3.1038996397203173,0.8035600341867972,-0.974120026017772,31.239999301731586
21:06:15.398228,384,2.105277057282611,3.1406266392012667,0.7467821837626789,-0.974120026017772,25.119999438524246
21:06:15.398228,384,2.0728026846872414,3.0339523654164053,0.8281877069081287,-1.0438400278799236,23.759999468922615
21:06:15.398228,384,2.1067962725024922,3.083708633546978,0.8089701979853152,-0.974120026017772,31.5199992954731
21:06:15.398228,384,2.1387509241028155,3.1201293876751373,0.752274405756163,-0.974120026017772,26.359999410808086
21:06:15.398228,384,2.170039678787571,3.029291817439809,0.7831514732681559,-0.974120026017772,30.119999326765537
21:06:15.398228,384,2.205053711870049,3.07817005913702,0.7635173739529038,-0.974120026017772,26.519999407231808
21:06:15.398228,384,2.242203269570005,3.140554933094398,0.7819675638112062,-1.0438400278799236,12.639999717473984
21:06:15.398228,384,2.139294376348419,2.9713770847555017,1.0075377042166207,-0.8349600223009475,11.639999739825726
21:06:15.398228,384,2.2023407845773906,3.008174665875632,0.7888097969762229,-0.974120026017772,27.519999384880066
21:06:15.398228,384,2.23787600259385,3.0567121780227327,0.7692669958687599,-0.974120026017772,25.359999433159828
21:06:15.398228,384,2.234421658133876,2.9867465706442125,0.794551437788819,-0.974120026017772,24.23999945819378
21:06:15.398228,384,2.270474507592286,3.0349383361016735,0.7751012792276308,-0.974120026017772,23.23999948054552
21:06:15.398228,384,2.266279091396548,2.965009674537121,0.8003758215466732,-0.974120026017772,20.87999953329563
21:06:15.398228,384,2.5652187911572604,3.5508833866362757,1.3690129548125634,-0.6958000185841229,7.239999838173389
21:06:15.398228,384,2.959829881104925,3.248079506900863,1.0832069448218569,-0.6263600167294499,5.639999873936176
21:06:15.453968,385,1.844405301104302,3.0967567772801003,-1.18275532747302,-0.974120026017772,22.11999950557947
21:06:15.453968,385,1.875157544492953,3.3523346328877714,-0.3466391033568456,-1.1132800297345966,20.75999953597784
21:06:15.453968,385,1.9099791735618348,3.2598118579380797,-0.3409542849767794,-0.974120026017772,25.999999418854713
21:06:15.453968,385,1.9399753095867127,3.3110070548594535,-0.3850325393632765,-1.1132800297345966,24.639999449253082
21:06:15.453968,385,1.94248124995478,3.2405493957302642,-0.3409542849767794,-0.974120026017772,30.119999326765537
21:06:15.453968,385,1.9729878296107035,3.291442076559024,-0.3850325393632765,-1.1132800297345966,28.879999354481697
21:06:15.453968,385,1.974789079850143,3.2209628812978104,-0.3409542849767794,-0.974120026017772,33.639999248087406
21:06:15.453968,385,2.005803052504704,3.271547956808511,-0.3850325393632765,-1.1132800297345966,33.11999925971031
21:06:15.453968,385,2.0068994324920006,3.2010542732757514,-0.3409542849767794,-0.974120026017772,35.999999195337296
21:06:15.453968,385,2.038417696773918,3.251326685003223,-0.3850325393632765,-1.1132800297345966,36.35999918729067
21:06:15.453968,385,2.00481550905674,3.1277908407924757,-0.33526946659671314,-0.974120026017772,16.239999637007713
21:06:15.453968,385,2.0388090968719905,3.1808255625082116,-0.3409542849767794,-1.1132800297345966,36.35999918729067
21:06:15.453968,385,2.070828500981242,3.230780283253399,-0.3850325393632765,-1.1132800297345966,37.63999915868044
21:06:15.453968,385,2.102013617475303,3.139415955960926,-0.3409542849767794,-1.1132800297345966,34.639999225735664
21:06:15.453968,385,2.1350256457050936,3.188720340719249,-0.3850325393632765,-1.1132800297345966,36.63999918103218
21:06:15.453968,385,2.170039678787571,3.241014775554406,-0.39134700312544085,-1.1132800297345966,23.23999948054552
21:06:15.453968,385,2.133302153299517,3.1182392011071425,-0.3409542849767794,-1.1132800297345966,31.239999301731586
21:06:15.453968,385,2.166805566560932,3.1672110058939382,-0.3850325393632765,-1.1132800297345966,33.519999250769615
21:06:15.453968,385,2.2400094377567688,3.274212810810604,-0.3580087401169781,-0.904680024163099,9.119999796152115
21:06:15.453968,385,2.1643773606956844,3.096750624945711,-0.3409542849767794,-1.1132800297345966,27.119999393820763
21:06:15.453968,385,2.1983688086754656,3.14538495262153,-0.3850325393632765,-0.904680024163099,29.23999934643507
21:06:15.453968,385,2.1952361321690983,3.074952376316245,-0.3409542849767794,-1.1132800297345966,23.11999948322773
21:06:15.453968,385,2.2297122157509275,3.123244363489066,-0.3850325393632765,-0.904680024163099,24.879999443888664
21:06:15.453968,385,2.2917270098235902,3.0780284650373457,-0.3850325393632765,-0.904680024163099,20.75999953597784
21:06:15.513896,386,1.8113400623720228,3.315635832090096,-0.3409542849767794,-1.0438400278799236,16.759999625384808
21:06:15.513896,386,1.8187474198238722,3.2514867787279704,-0.18643480086345607,-1.0438400278799236,16.99999962002039
21:06:15.513896,386,1.844405301104302,3.2973569533570393,-0.3409542849767794,-1.0438400278799236,20.87999953329563
21:06:15.513896,386,1.875157544492953,3.3523346328877714,-0.3466391033568456,-1.0438400278799236,17.519999608397484
21:06:15.513896,386,1.8511708083635536,3.2331370350824002,-0.18643480086345607,-1.0438400278799236,21.359999522566795
21:06:15.513896,386,1.9099791735618348,3.2598118579380797,-0.3409542849767794,-1.0438400278799236,26.6399994045496
21:06:15.513896,386,1.941824746971031,3.314163538448053,-0.3466391033568456,-1.0438400278799236,21.359999522566795
21:06:15.513896,386,1.9100937610765307,3.1865188832009537,-0.33526946659671314,-1.0438400278799236,27.119999393820763
21:06:15.513896,386,1.94248124995478,3.2405493957302642,-0.3409542849767794,-1.0438400278799236,34.23999923467636
21:06:15.513896,386,1.97486873883303,3.294579908259575,-0.3466391033568456,-1.0438400278799236,26.119999416172504
21:06:15.513896,386,1.9418629142245938,3.1672589397551483,-0.33526946659671314,-1.0438400278799236,34.35999923199415
21:06:15.513896,386,1.974789079850143,3.2209628812978104,-0.3409542849767794,-1.0438400278799236,43.99999901652336
21:06:15.513896,386,2.0077152454756924,3.2746668228404716,-0.3466391033568456,-1.0438400278799236,31.63999929279089
21:06:15.513896,386,1.9471161070534717,3.1056983893349153,0.1100010008843929,-0.904680024163099,18.23999959230423
21:06:15.513896,386,1.9734378827081285,3.1476822730689,-0.33526946659671314,-1.0438400278799236,42.75999904423952
21:06:15.513896,386,2.0068994324920006,3.2010542732757514,-0.3409542849767794,-1.0438400278799236,55.11999876797199
21:06:15.513896,386,2.040360982275873,3.2544262734826033,-0.3466391033568456,-1.0438400278799236,37.239999167621136
21:06:15.513896,386,1.9780752176491625,3.0860722695988136,0.1100010008843929,-0.904680024163099,20.51999954134226
21:06:15.513896,386,2.00481550905674,3.1277908407924757,-0.33526946659671314,-1.0438400278799236,50.35999887436628
21:06:15.513896,386,2.0388090968719905,3.1808255625082116,-0.3409542849767794,-1.0438400278799236,64.7599985525012
21:06:15.513896,386,2.0728026846872414,3.233860284223948,-0.3466391033568456,-1.0438400278799236,41.75999906659126
21:06:15.513896,386,2.3400507498690395,3.650804410363727,0.47893529406376323,-0.6958000185841229,5.239999882876873
21:06:15.513896,386,2.0088365223803217,3.066137545221266,0.1100010008843929,-0.904680024163099,22.11999950557947
21:06:15.513896,386,2.0669662044516275,3.0870716672527334,-0.33526946659671314,-1.0438400278799236,54.359998784959316
21:06:15.513896,386,2.102013617475303,3.139415955960926,-0.3409542849767794,-1.0438400278799236,68.23999847471714
21:06:15.513896,386,2.1370610304989786,3.1917602446691187,-0.3466391033568456,-1.0438400278799236,43.359999030828476
21:06:15.513896,386,2.0697534299182685,3.0253502870256392,0.1100010008843929,-0.904680024163099,22.759999491274357
21:06:15.513896,386,2.0977330584804332,3.0662479978726553,-0.33526946659671314,-1.0438400278799236,52.3599988296628
21:06:15.513896,386,2.133302153299517,3.1182392011071425,-0.3409542849767794,-1.0438400278799236,63.51999858021736
21:06:15.513896,386,2.168871248118601,3.170230404341629,-0.3466391033568456,-1.0438400278799236,41.63999906927347
21:06:15.513896,386,2.2044403429376844,3.2222216075761163,-0.35232392173691185,-1.0438400278799236,7.759999826550484
21:06:15.513896,386,2.099902941085338,3.0045018318992085,0.1100010008843929,-0.904680024163099,21.99999950826168
21:06:15.513896,386,2.1282901409608743,3.0451177062616943,-0.33526946659671314,-1.1132800297345966,45.639998979866505
21:06:15.513896,386,2.1643773606956844,3.096750624945711,-0.3409542849767794,-1.1132800297345966,53.51999880373478
21:06:15.513896,386,2.200464580430494,3.148383543629727,-0.3466391033568456,-1.0438400278799236,37.239999167621136
21:06:15.513896,386,2.0889224477954618,2.926034676024645,0.2520740281522536,-0.904680024163099,5.639999873936176
21:06:15.513896,386,2.1298424637175994,2.9833529291067626,0.1100010008843929,-0.904680024163099,20.359999544918537
21:06:15.513896,386,2.158634396210301,3.0236829054313095,-0.33526946659671314,-1.1132800297345966,37.239999167621136
21:06:15.513896,386,2.1952361321690983,3.074952376316245,-0.3409542849767794,-1.1132800297345966,42.63999904692173
21:06:15.513896,386,2.231837868127895,3.1262218472011805,-0.3466391033568456,-1.0438400278799236,31.63999929279089
21:06:15.513896,386,2.159569003887873,2.961905693520861,0.1100010008843929,-0.904680024163099,18.11999959498644
21:06:15.513896,386,2.1949107960158782,3.0103778910448646,-0.18643480086345607,-1.1132800297345966,29.639999337494373
21:06:15.513896,386,2.256292045894487,3.0304356116286204,-0.3409542849767794,-1.1132800297345966,33.2399992570281
21:06:15.513896,386,2.2939117827872844,3.080962843060151,-0.3466391033568456,-1.0438400278799236,26.119999416172504
21:06:15.513896,386,2.1890795889670467,2.9401622698470944,0.1100010008843929,-0.904680024163099,15.639999650418758
21:06:15.513896,386,2.2546753712273517,2.965880547112373,-0.18643480086345607,-1.1132800297345966,23.35999947786331
21:06:15.513896,386,2.2864830826062432,3.0077215472096346,-0.3409542849767794,-1.1132800297345966,26.119999416172504
21:06:15.513896,386,2.324606202409814,3.0578700612101644,-0.3466391033568456,-1.0438400278799236,21.359999522566795
21:06:15.513896,386,2.286964849229631,2.9467213530508074,-0.03730187923278515,-0.904680024163099,18.639999583363533
21:06:15.513896,386,2.316445472925355,2.9847067131557994,-0.3409542849767794,-1.1132800297345966,20.63999953866005
21:06:15.513896,386,2.8847091543965004,3.3561524632555755,-0.04425676349158874,-0.6958000185841229,4.999999888241291
21:06:15.513896,386,2.9814620707528716,3.331549635821094,-0.4034648175196422,-0.27832000743364915,5.759999871253967
21:06:15.566649,387,1.7580854460563438,3.218153908210354,-0.03667188971689065,-0.974120026017772,18.11999959498644
21:06:15.566649,387,1.7880195002419206,3.2729478283136024,-0.07460002830889857,-0.974120026017772,20.119999550282955
21:06:15.566649,387,1.7901785445270268,3.200412440808186,-0.03667188971689065,-0.974120026017772,22.759999491274357
21:06:15.566649,387,1.8206590320789449,3.2549042856922004,-0.07460002830889857,-0.974120026017772,25.63999942690134
21:06:15.566649,387,1.849586043053913,3.306618884821274,-0.18959598339937553,-0.974120026017772,18.999999575316906
21:06:15.566649,387,1.8220926266430701,3.1823509348432437,-0.03667188971689065,-0.974120026017772,28.879999354481697
21:06:15.566649,387,1.8511708083635536,3.2331370350824002,-0.18643480086345607,-0.974120026017772,32.75999926775694
21:06:15.566649,387,1.8825592015353236,3.2879580035078306,-0.18959598339937553,-0.974120026017772,23.11999948322773
21:06:15.566649,387,1.885088186512551,3.144803268419561,-0.07334011227553335,-0.974120026017772,36.23999918997288
21:06:15.566649,387,1.915459015052853,3.1954694820967293,-0.18643480086345607,-0.974120026017772,42.119999058544636
21:06:15.566649,387,1.947937477006366,3.2496517606953805,-0.18959598339937553,-0.974120026017772,28.239999368786812
21:06:15.566649,387,1.9164414407429446,3.125795462309496,-0.07334011227553335,-0.974120026017772,44.23999901115894
21:06:15.566649,387,1.9473174044356627,3.176155439480369,-0.18643480086345607,-0.974120026017772,52.7599988207221
21:06:15.566649,387,1.9803360562232255,3.2300102297885616,-0.18959598339937553,-0.974120026017772,33.639999248087406
21:06:15.566649,387,1.9476030524348606,3.1064750792719944,-0.07334011227553335,-0.904680024163099,50.75999886542559
21:06:15.566649,387,1.9789810637094933,3.156523783981047,-0.18643480086345607,-0.974120026017772,62.23999860882759
21:06:15.566649,387,2.0125366034935896,3.210045700564869,-0.18959598339937553,-0.974120026017772,38.519999139010906
21:06:15.566649,387,1.9447367164713558,3.0340595740871175,-0.036039400242599745,-0.904680024163099,19.119999572634697
21:06:15.566649,387,1.9764924936962065,3.083603000251487,-0.18328611312016868,-0.974120026017772,52.63999882340431
21:06:15.566649,387,2.0104468265349444,3.136576478747865,-0.18643480086345607,-0.974120026017772,65.99999852478504
21:06:15.566649,387,2.0445358987897087,3.1897601694604987,-0.18959598339937553,-0.974120026017772,41.35999907553196
21:06:15.566649,387,2.007229185281522,3.0636842263117616,-0.18328611312016868,-0.974120026017772,48.99999890476465
21:06:15.566649,387,2.041711546362096,3.116315518494635,-0.18643480086345607,-0.974120026017772,61.99999861419201
21:06:15.566649,387,2.0751879125301893,3.1674113354225057,-0.22747346430585713,-0.974120026017772,40.99999908357859
21:06:15.566649,387,2.1370610304989786,3.1917602446691187,-0.3466391033568456,-0.974120026017772,10.519999764859676
21:06:15.566649,387,2.068097351170091,3.022929603361724,-0.18328611312016868,-0.974120026017772,41.75999906659126
21:06:15.566649,387,2.103625371655118,3.074860768406864,-0.18643480086345607,-0.974120026017772,52.3599988296628
21:06:15.566649,387,2.138116890962777,3.125276883838303,-0.22747346430585713,-0.974120026017772,37.75999915599823
21:06:15.566649,387,2.0982227387077517,3.002097829779563,-0.18328611312016868,-0.974120026017772,33.7599992454052
21:06:15.566649,387,2.134268285790331,3.053671124012602,-0.18643480086345607,-0.974120026017772,41.75999906659126
21:06:15.566649,387,2.1692622332768754,3.1037398092225787,-0.22747346430585713,-0.974120026017772,32.75999926775694
21:06:15.566649,387,2.128138305729434,2.980965848929584,-0.18328611312016868,-0.974120026017772,26.75999940186739
21:06:15.566649,387,2.163506307257954,3.0305071801567713,-0.2236807408005598,-0.8349600223009475,32.63999927043915
21:06:15.566649,387,2.200190651185055,3.081892363226248,-0.22747346430585713,-0.974120026017772,27.519999384880066
21:06:15.566649,387,2.1578410607034995,2.959535773992167,-0.18328611312016868,-0.974120026017772,21.119999527931213
21:06:15.566649,387,2.193702698891111,3.0087209540608035,-0.2236807408005598,-0.8349600223009475,25.51999942958355
21:06:15.566649,387,2.225875381868466,3.0528466350253454,-0.3409542849767794,-0.974120026017772,22.639999493956566
21:06:15.566649,387,2.2165962750843797,2.915789943408042,-0.18328611312016868,-0.974120026017772,16.8799996227026
21:06:15.566649,387,2.2534343791842093,2.9642481018358393,-0.2236807408005598,-0.8349600223009475,20.119999550282955
21:06:15.566649,387,2.83960716111246,3.371300515533071,-0.39777999913957596,-0.7655200204462744,6.359999857842922
21:06:15.566649,387,2.9786224594943485,3.328376593323922,-0.44815221863012855,-0.6958000185841229,6.6399998515844345
21:06:15.622501,388,1.8528535180856203,2.9763758010874275,1.165171775099659,-0.904680024163099,22.519999496638775
21:06:15.622501,388,1.8831089264667449,2.987019362777873,1.0098788268542835,-0.7655200204462744,28.879999354481697
21:06:15.622501,388,1.915459015052853,3.0383336227424262,0.9928694509164062,-0.7655200204462744,27.639999382197857
21:06:15.622501,388,1.8833880843786415,2.9485577225119255,1.1353186052035253,-0.7655200204462744,26.99999939650297
21:06:15.622501,388,1.9144292611531892,2.968678509288421,1.0147932437352798,-0.7655200204462744,35.63999920338392
21:06:15.622501,388,1.9473174044356627,3.019677690169236,0.9978682929834419,-0.7655200204462744,33.519999250769615
21:06:15.622501,388,1.9140122437726463,2.9302175348381123,1.1402328436797586,-0.7655200204462744,31.999999284744263
21:06:15.622501,388,1.945558154517429,2.9500360466812663,1.0197884765357943,-0.7655200204462744,43.87999901920557
21:06:15.622501,388,1.9789810637094933,3.0007149671096314,1.0029493393135582,-0.7655200204462744,40.23999910056591
21:06:15.622501,388,2.0125366034935896,3.0515949943650926,0.9860433801182182,-0.7655200204462744,21.519999518990517
21:06:15.622501,388,1.942403421441442,2.8805405130356907,1.041682445635062,-0.7655200204462744,36.999999172985554
21:06:15.622501,388,1.9764924936962065,2.931093839187053,1.0248640257367316,-0.7655200204462744,52.7599988207221
21:06:15.622501,388,2.0104468265349444,2.98144734982003,1.008112081806379,-0.7655200204462744,46.879998952150345
21:06:15.622501,388,2.0445358987897087,3.0320006759713913,0.9912936619080488,-0.7655200204462744,23.639999471604824
21:06:15.622501,388,2.3485141552994295,3.6181372996347707,1.346430482700074,-0.7655200204462744,6.6399998515844345
21:06:15.622501,388,1.9726099894347549,2.861632293070397,1.0467488879050724,-0.7655200204462744,40.639999091625214
21:06:15.622501,388,2.007229185281522,2.9118537810106586,1.0300193837874243,-0.7655200204462744,60.239998653531075
21:06:15.622501,388,2.041711546362096,2.9618767650460183,1.01335600419198,-0.7655200204462744,51.99999883770943
21:06:15.622501,388,2.0763307422088633,3.01209825298628,0.996626500074332,-0.7655200204462744,24.999999441206455
21:06:15.622501,388,1.9698368507034902,2.8325958533137676,1.2043522972804936,-0.904680024163099,11.519999742507935
21:06:15.622501,388,2.03242834647679,2.8229453047209243,1.0571150351909058,-0.7655200204462744,41.75999906659126
21:06:15.622501,388,2.068097351170091,2.872487838162544,1.0405674563828662,-0.7655200204462744,63.51999858021736
21:06:15.622501,388,2.103625371655118,2.9218345513138817,1.0240852830246605,-0.7655200204462744,53.51999880373478
21:06:15.622501,388,2.139294376348419,2.9713770847555017,1.0075377042166207,-0.7655200204462744,25.239999435842037
21:06:15.622501,388,0.14450624263389508,0.06070280306283697,1.801399593100424,-4.244520113366889,5.239999882876873
21:06:15.622501,388,2.0620341537399245,2.8031704050031685,1.062413703600685,-0.7655200204462744,39.87999910861254
21:06:15.622501,388,2.0982227387077517,2.8523658900521283,1.045959116129193,-0.7655200204462744,60.87999863922596
21:06:15.622501,388,2.134268285790331,2.9013669265435826,1.0295695665528455,-0.7655200204462744,50.99999886006117
21:06:15.622501,388,2.1704568707581586,2.950562411592542,1.0131149790813536,-0.7655200204462744,24.35999945551157
21:06:15.622501,388,2.091433759315258,2.783110528656216,1.0677887312681191,-0.7655200204462744,35.759999200701714
21:06:15.622501,388,2.128138305729434,2.831953963988487,1.0514284752339094,-0.7655200204462744,53.51999880373478
21:06:15.622501,388,2.164697774885056,2.8806043422641094,1.0351328842433134,-0.7655200204462744,45.2399989888072
21:06:15.622501,388,2.201402321299232,2.9294477775963808,1.0187726282091036,-0.7655200204462744,22.519999496638775
21:06:15.622501,388,2.1206242232668653,2.7627676816508946,1.0732395806949446,-0.7655200204462744,30.63999931514263
21:06:15.622501,388,2.1578410607034995,2.8112541011471266,1.056974986765687,-0.7655200204462744,44.519999004900455
21:06:15.622501,388,2.1949107960158782,2.8595488747164954,1.040774679768956,-0.7655200204462744,38.359999142587185
21:06:15.622501,388,2.2321276334525124,2.9080352942127274,1.0245100858396985,-0.7655200204462744,19.999999552965164
21:06:15.622501,388,2.17836607141703,2.7212412408291797,1.084366556977662,-0.7655200204462744,25.63999942690134
21:06:15.622501,388,2.2165962750843797,2.768998873593454,1.068297240864687,-0.7655200204462744,35.879999198019505
21:06:15.622501,388,2.2546753712273517,2.816567741010835,1.0522914398351622,-0.7655200204462744,31.75999929010868
21:06:15.622501,388,2.2069116814791485,2.700061799622077,1.0900415711452478,-0.7655200204462744,21.119999527931213
21:06:15.622501,388,2.245642859018981,2.7474477343684964,1.074071851215985,-0.7655200204462744,28.639999359846115
21:06:15.622501,388,2.284220948900553,2.794646372930148,1.0581652527093675,-0.7655200204462744,25.999999418854713
21:06:15.622501,388,2.2744648805490817,2.7256171089179815,1.0799213496757167,-0.7655200204462744,23.11999948322773
21:06:15.622501,388,2.313538106392586,2.772440717306238,1.0641152402011977,-0.7655200204462744,21.359999522566795
21:06:15.622501,388,6.518451253818528,2.951667440087758,1.1344842159957682,-0.41748001115047373,4.999999888241291
21:06:15.678242,389,1.7208566191613999,3.1500069958752355,-0.3239222994744465,-1.6004800427472219,17.23999961465597
21:06:15.678242,389,1.7510575573306448,3.205289443846686,-0.32960711785451274,-0.6958000185841229,20.239999547600746
21:06:15.678242,389,1.7215178779188238,3.0776635383152597,-0.31823748109438027,-1.6004800427472219,15.75999964773655
21:06:15.678242,389,1.7506012199945082,3.1296576201814865,-0.3597996426694104,-1.6004800427472219,21.99999950826168
21:06:15.678242,389,1.806807955725217,3.155655702080124,-0.47540082153629365,-1.6004800427472219,25.51999942958355
21:06:15.678242,389,1.8378472634382688,3.2098669800761837,-0.4835677727277277,-0.6958000185841229,20.119999550282955
21:06:15.678242,389,1.7827227517567066,3.042619964674906,-0.31823748109438027,-1.6004800427472219,19.119999572634697
21:06:15.678242,389,1.8065684700637128,3.0833180813738803,-0.4672014618083857,-1.6004800427472219,28.519999362528324
21:06:15.678242,389,1.8382736464598086,3.13743014259666,-0.47540082153629365,-1.6004800427472219,32.51999927312136
21:06:15.678242,389,1.8698535059531531,3.1913283221545274,-0.4835677727277277,-0.6958000185841229,23.999999463558197
21:06:15.678242,389,1.8130593082318145,3.024640904951083,-0.31823748109438027,-1.6004800427472219,22.99999948590994
21:06:15.678242,389,1.837310808637802,3.0650985335577965,-0.4672014618083857,-1.6004800427472219,37.239999167621136
21:06:15.678242,389,1.8695555113698612,3.1188908427274775,-0.47540082153629365,-1.6004800427472219,41.63999906927347
21:06:15.678242,389,1.901672764684007,3.1724705340743538,-0.4835677727277277,-0.6958000185841229,28.239999368786812
21:06:15.678242,389,1.841459041461342,3.003496059653785,-0.35348517890724607,-1.6004800427472219,26.87999939918518
21:06:15.678242,389,1.8678694176703285,3.046572478456299,-0.4672014618083857,-1.6004800427472219,48.119998924434185
21:06:15.678242,389,1.9006504222950922,3.100039656387032,-0.47540082153629365,-1.6004800427472219,51.99999883770943
21:06:15.678242,389,1.933301857731616,3.1532955015986706,-0.4835677727277277,-0.6958000185841229,32.63999927043915
21:06:15.678242,389,1.8448915351651396,2.942647666723166,-0.1738025655124103,-0.8349600223009475,5.119999885559082
21:06:15.678242,389,1.8714014286257215,2.984931603014238,-0.35348517890724607,-0.6958000185841229,29.999999329447746
21:06:15.678242,389,1.8982412413259906,3.027741768659377,-0.4672014618083857,-1.6004800427472219,58.999998681247234
21:06:15.678242,389,1.9289334714616702,3.0766966354760883,-0.511739500121956,-1.6004800427472219,61.639998622238636
21:06:15.678242,389,1.9620707838080018,3.129551468943944,-0.5205307165668898,-0.6958000185841229,36.35999918729067
21:06:15.678242,389,1.9240423738708554,2.936714110579669,-0.4590021020804777,-1.6004800427472219,31.5199992954731
21:06:15.678242,389,1.9557541499982254,2.9851165894904796,-0.5029133978974789,-1.6004800427472219,65.23999854177237
21:06:15.678242,389,1.9900775267982773,3.0375052199802886,-0.511739500121956,-0.6958000185841229,66.35999851673841
21:06:15.678242,389,2.0242652380773807,3.0896867807843678,-0.5205307165668898,-0.6958000185841229,38.239999145269394
21:06:15.678242,389,1.9533128235576624,2.9173271734677826,-0.4590021020804777,-1.6004800427472219,30.51999931782484
21:06:15.678242,389,1.9855070308207605,2.9654101198060077,-0.5029133978974789,-1.6004800427472219,62.759998597204685
21:06:15.678242,389,2.0203525690281445,3.017452902846443,-0.511739500121956,-0.6958000185841229,63.51999858021736
21:06:15.678242,389,2.0550603778355,3.0692899831871143,-0.5205307165668898,-0.6958000185841229,37.99999915063381
21:06:15.678242,389,1.9823879435986005,2.8976485060826893,-0.4590021020804777,-1.6004800427472219,27.639999382197857
21:06:15.678242,389,2.0150613626036726,2.9454071115939784,-0.5029133978974789,-1.6004800427472219,53.35999880731106
21:06:15.678242,389,2.070564035967333,2.9625242754853853,-0.6204339853510439,-1.6004800427472219,54.87999877333641
21:06:15.678242,389,2.1061344318405193,3.013417732259693,-0.6310924736125793,-1.6004800427472219,35.35999920964241
21:06:15.678242,389,2.1210142283676556,3.1002779905193556,-0.5293568187913669,-0.6958000185841229,9.999999776482582
21:06:15.678242,389,2.0112648265060256,2.87768007627464,-0.4590021020804777,-0.6958000185841229,23.879999466240406
21:06:15.678242,389,2.0638645486766376,2.8909351050437384,-0.609733201501169,-1.6004800427472219,42.119999058544636
21:06:15.678242,389,2.1000852569740287,2.941670855708005,-0.6204339853510439,-1.6004800427472219,44.359999008476734
21:06:15.678242,389,2.136162800416489,2.992206069808381,-0.6310924736125793,-1.6004800427472219,31.5199992954731
21:06:15.678242,389,2.0684123503762537,2.8368819454709975,-0.4590021020804777,-0.6958000185841229,19.999999552965164
21:06:15.678242,389,2.0926702248979443,2.870152258449725,-0.609733201501169,-1.6004800427472219,32.359999276697636
21:06:15.678242,389,2.12939647121448,2.920523271309588,-0.6204339853510439,-1.6004800427472219,34.99999921768904
21:06:15.678242,389,2.165977554502097,2.9706951892569613,-0.6310924736125793,-1.6004800427472219,27.239999391138554
21:06:15.678242,389,2.093831349818998,2.812233947631725,-0.4940872956730018,-0.6958000185841229,16.639999628067017
21:06:15.678242,389,2.1212666358500023,2.849082399034483,-0.609733201501169,-1.6004800427472219,24.999999441206455
21:06:15.678242,389,2.15468168218854,2.893962292385514,-0.6565462198140061,-1.6004800427472219,27.519999384880066
21:06:15.678242,389,2.195575712646912,2.9488872416754663,-0.6310924736125793,-1.6004800427472219,22.99999948590994
21:06:15.678242,389,2.1739730400402935,2.8011330301825215,-0.6452225990073428,-1.6004800427472219,19.519999563694
21:06:15.678242,389,2.2121261462507675,2.850292759416441,-0.6565462198140061,-1.6004800427472219,21.87999951094389
21:06:15.678242,389,2.201875205121553,2.7792536071169307,-0.6452225990073428,-1.6004800427472219,15.519999653100967
21:06:15.678242,389,3.9078281584970465,3.1010616488618257,-0.24964595678921334,-0.41748001115047373,5.639999873936176
21:06:15.735022,390,1.6906556809921551,2.9069084450983476,0.8916325457739713,-1.3221600353135727,18.999999575316906
21:06:15.735022,390,1.6907656345301727,2.838795754050757,0.9157686433933236,-1.3221600353135727,18.999999575316906
21:06:15.735022,390,1.7215178779188238,2.890428775314226,0.8960482599841582,-1.3221600353135727,24.119999460875988
21:06:15.735022,390,1.7522701213074745,2.942061796577694,0.8763278765749931,-1.3221600353135727,21.87999951094389
21:06:15.735022,390,1.75087717834751,2.80555092984746,0.9246765671911117,-1.3221600353135727,23.35999947786331
21:06:15.735022,390,1.7827227517567066,2.8565792824895455,0.9051182042507344,-1.3221600353135727,31.359999299049377
21:06:15.735022,390,1.8145683251659028,2.907607635131631,0.8855598413103571,-1.3221600353135727,28.11999937146902
21:06:15.735022,390,1.846413898575099,2.9586359877737167,0.8660014783699796,-1.3221600353135727,19.63999956101179
21:06:15.735022,390,1.7806718193535649,2.788494716174925,0.9292467658706003,-1.3221600353135727,28.759999357163906
21:06:15.735022,390,1.8130593082318145,2.8392128443699116,0.9097715273202955,-1.3221600353135727,41.63999906927347
21:06:15.735022,390,1.845446797110064,2.889930972564897,0.8902962887699908,-1.3221600353135727,36.87999917566776
21:06:15.735022,390,1.8778342859883137,2.940649100759883,0.870821050219686,-1.3221600353135727,24.51999945193529
21:06:15.735022,390,1.8102883946695327,2.7711515659765777,0.9338938489604591,-1.3221600353135727,34.99999921768904
21:06:15.735022,390,1.841459041461342,2.809665716714376,0.8811975543543027,-1.3221600353135727,55.75999875366688
21:06:15.735022,390,1.8761407259206313,2.8719569356663084,0.8951124174416949,-1.3221600353135727,48.87999890744686
21:06:15.735022,390,1.9090668915461808,2.9223596205111737,0.8757217016823127,-1.3221600353135727,30.51999931782484
21:06:15.735022,390,1.837971748371375,2.7418638392825967,0.9059022265824934,-1.3221600353135727,41.11999908089638
21:06:15.735022,390,1.8714014286257215,2.791733828595214,0.8860023892945974,-1.3221600353135727,73.35999836027622
21:06:15.735022,390,1.9048311088800676,2.8416038179078305,0.8661025520067018,-1.3221600353135727,64.23999856412411
21:06:15.735022,390,1.9401085920143113,2.9037693759602896,0.8807029426968194,-1.3221600353135727,37.75999915599823
21:06:15.735022,390,1.9734378827081285,2.9536534773129373,0.86147444324625,-0.6958000185841229,11.759999737143517
21:06:15.735022,390,1.8391233784328722,2.7185308966431383,1.0596175603704046,-1.3221600353135727,7.639999829232693
21:06:15.735022,390,1.8896723448805761,2.6692993572291153,0.8180580516523845,-1.3221600353135727,45.519998982548714
21:06:15.735022,390,1.9240423738708554,2.717849518075914,0.796560473440167,-1.3221600353135727,89.99999798834324
21:06:15.735022,390,1.9351178887758858,2.823058134232397,0.8710718529706174,-1.3221600353135727,80.11999820917845
21:06:15.735022,390,1.9709562832486642,2.884880226116112,0.885764275143277,-1.3221600353135727,45.35999898612499
21:06:15.735022,390,2.00481550905674,2.9344398291552594,0.8666227247537557,-0.6958000185841229,13.519999697804451
21:06:15.735022,390,1.9184199234404493,2.6509075310204193,0.8229861266323382,-1.3221600353135727,46.759998954832554
21:06:15.735022,390,1.9533128235576624,2.699123174826901,0.8015781819909278,-1.3221600353135727,96.75999783724546
21:06:15.735022,390,1.9882057236748756,2.747338818633384,0.7801702373495174,-1.3221600353135727,89.23999800533056
21:06:15.735022,390,2.0301219418453367,2.8339720452821786,0.861610265393532,-0.6958000185841229,51.35999885201454
21:06:15.735022,390,2.064997579540137,2.8826570923481754,0.8420537712139131,-0.6958000185841229,15.119999662041664
21:06:15.735022,390,1.946975661615232,2.6322389487437747,0.8279883581771992,-1.3221600353135727,44.11999901384115
21:06:15.735022,390,1.9823879435986005,2.6801150417726873,0.8066713958924279,-1.3221600353135727,88.2399980276823
21:06:15.735022,390,2.017800225581969,2.7279911348016,0.7853544336076566,-1.3221600353135727,85.11999809741974
21:06:15.735022,390,2.0603403679187338,2.8142164651613295,0.8669037571329219,-0.6958000185841229,53.119998812675476
21:06:15.735022,390,2.0884848200547,2.823554087290141,0.7428047658060379,-0.904680024163099,16.359999634325504
21:06:15.735022,390,1.9753367038550314,2.6132954772417687,0.8330642460680036,-1.3221600353135727,38.87999913096428
21:06:15.735022,390,2.0112648265060256,2.660827019710652,0.8118396058275439,-1.3221600353135727,71.23999840766191
21:06:15.735022,390,2.047192949157019,2.7083585621795354,0.7906149655870842,-1.3221600353135727,70.87999841570854
21:06:15.735022,390,2.090352761681494,2.7941699901007624,0.8722751939364914,-0.6958000185841229,49.87999888509512
21:06:15.735022,390,2.1189071860690816,2.803233775407939,0.7482495769648225,-0.904680024163099,16.99999962002039
21:06:15.735022,390,2.0314633759608625,2.5745914711860505,0.8434349532344827,-1.3221600353135727,32.87999926507473
21:06:15.735022,390,2.0684123503762537,2.621419051503094,0.8223989390841104,-1.3221600353135727,54.239998787641525
21:06:15.735022,390,2.105361324791646,2.668246631820137,0.8013629249337384,-1.6004800427472219,54.87999877333641
21:06:15.735022,390,2.1201561219193854,2.7738346247311885,0.8777240386650604,-0.6958000185841229,43.239999033510685
21:06:15.735022,390,2.179113230245293,2.761716703203958,0.7593740429339839,-0.904680024163099,16.759999625384808
21:06:15.735022,390,2.0592233932067066,2.5548348070005176,0.848728735448129,-1.3221600353135727,27.119999393820763
21:06:15.735022,390,2.093831349818998,2.5885301975209694,0.794888615737189,-1.6004800427472219,40.879999086260796
21:06:15.735022,390,2.1341311600623927,2.647771285242233,0.8068492775140352,-1.6004800427472219,41.51999907195568
21:06:15.735022,390,2.1715850434902357,2.6942395243630908,0.785909548546988,-0.904680024163099,35.63999920338392
21:06:15.735022,390,2.2088908878531464,2.740524094554617,0.7650525853070835,-0.904680024163099,15.75999964773655
21:06:15.735022,390,2.0839450005075433,2.52229349178362,0.8217741409476753,-1.3221600353135727,22.239999502897263
21:06:15.735022,390,2.1218485292730653,2.5681698579533725,0.8003441522819501,-0.6958000185841229,31.119999304413795
21:06:15.735022,390,2.16268758400511,2.6270190717917963,0.8124098163492379,-0.6958000185841229,31.5199992954731
21:06:15.735022,390,2.200642631088441,2.6731231107182194,0.7915676745301727,-0.904680024163099,28.759999357163906
21:06:15.735022,390,2.2384476582228254,2.719044920241773,0.7708079127182974,-0.904680024163099,14.239999681711197
21:06:15.735022,390,2.149653525651891,2.5475399157385255,0.8058719286383191,-0.6958000185841229,24.23999945819378
21:06:15.735022,390,2.1910277410013292,2.6059920666727843,0.8180439853901222,-0.6958000185841229,24.35999945551157
21:06:15.735022,390,2.229480156267238,2.65172708282624,0.7973007229250626,-0.904680024163099,23.11999948322773
21:06:15.735022,390,2.247047940096354,2.5631221194292895,0.8295309531335815,-0.6958000185841229,19.239999569952488
21:06:15.735022,390,2.2864835067476013,2.6081047703876417,0.8089892863149633,-0.904680024163099,18.759999580681324
21:06:15.735022,390,3.0558144227171202,2.8822433421214346,0.8217551607138103,-0.6958000185841229,5.239999882876873
21:06:15.735022,390,3.0999417067996777,2.923864184606943,0.8047407948035403,-0.6958000185841229,5.239999882876873
21:06:15.789196,391,1.6906556809921551,3.0947245479037844,-0.31823748109438027,-0.6263600167294499,22.639999493956566
21:06:15.789196,391,1.7256903257609295,3.158855036691063,-0.18012493058424922,-0.5566400148672983,22.519999496638775
21:06:15.789196,391,1.6955148186951319,3.031176267817577,-0.1738025655124103,-1.1132800297345966,21.99999950826168
21:06:15.789196,391,1.7215178779188238,3.0776635383152597,-0.31823748109438027,-0.6263600167294499,28.519999362528324
21:06:15.789196,391,1.7571920651552135,3.1414404800041833,-0.18012493058424922,-0.5566400148672983,27.87999937683344
21:06:15.789196,391,1.7257413004716193,3.0140698450503445,-0.1738025655124103,-1.1132800297345966,27.239999391138554
21:06:15.789196,391,1.7827227517567066,3.042619964674906,-0.31823748109438027,-0.6263600167294499,36.23999918997288
21:06:15.789196,391,1.8145683251659028,3.096971645184879,-0.3239222994744465,-0.5566400148672983,34.879999220371246
21:06:15.789196,391,1.7806718193535649,2.9706103924217726,-0.31255266271431403,-0.6263600167294499,33.87999924272299
21:06:15.789196,391,1.8130593082318145,3.024640904951083,-0.31823748109438027,-0.6263600167294499,46.51999896019697
21:06:15.789196,391,1.845446797110064,3.0786714174803933,-0.3239222994744465,-0.5566400148672983,43.75999902188778
21:06:15.789196,391,1.8831089264667449,3.1415013627020256,-0.18328611312016868,-0.5566400148672983,20.999999530613422
21:06:15.789196,391,1.8102883946695327,2.9526554421281492,-0.31255266271431403,-0.6263600167294499,42.119999058544636
21:06:15.789196,391,1.843214560295082,3.0063593836708113,-0.31823748109438027,-0.6263600167294499,58.999998681247234
21:06:15.789196,391,1.8761407259206313,3.0600633252134726,-0.3239222994744465,-0.5566400148672983,54.119998790323734
21:06:15.789196,391,1.9144292611531892,3.1225135139560045,-0.18328611312016868,-0.5566400148672983,24.51999945193529
21:06:15.789196,391,1.8397239426626946,2.9344052287640507,-0.31255266271431403,-0.6263600167294499,51.23999885469675
21:06:15.789196,391,1.873185492446567,2.9877772289709026,-0.31823748109438027,-0.6263600167294499,71.99999839067459
21:06:15.789196,391,1.906647042230439,3.041149229177754,-0.3239222994744465,-0.5566400148672983,64.23999856412411
21:06:15.789196,391,1.9401085920143113,3.0945212293846054,-0.32960711785451274,-0.5566400148672983,28.11999937146902
21:06:15.789196,391,1.8401362046771486,2.870868237400951,-0.1706413829764908,-0.904680024163099,22.11999950557947
21:06:15.789196,391,1.868975519802912,2.9158615773355234,-0.31255266271431403,-0.6263600167294499,59.51999866962433
21:06:15.789196,391,1.902969107618163,2.9688962990512593,-0.31823748109438027,-0.6263600167294499,81.2399981841445
21:06:15.789196,391,1.9369626954334138,3.021931020766995,-0.3239222994744465,-0.5566400148672983,71.11999841034412
21:06:15.789196,391,1.9709562832486642,3.0749657424827315,-0.32960711785451274,-0.5566400148672983,31.359999299049377
21:06:15.789196,391,1.868752401894454,2.852323640244034,-0.1706413829764908,-0.904680024163099,23.879999466240406
21:06:15.789196,391,1.9269150796811298,2.877901406841735,-0.31255266271431403,-0.6263600167294499,64.23999856412411
21:06:15.789196,391,1.9619624927048054,2.930245695549927,-0.31823748109438027,-0.5566400148672983,81.87999816983938
21:06:15.789196,391,1.997009905728481,2.98258998425812,-0.3239222994744465,-0.5566400148672983,71.75999839603901
21:06:15.789196,391,2.0320573187521562,3.0349342729663125,-0.32960711785451274,-0.5566400148672983,33.519999250769615
21:06:15.789196,391,1.925421332396887,2.8143806389741,-0.1706413829764908,-0.904680024163099,24.759999446570873
21:06:15.789196,391,1.9555972685116834,2.858488683761721,-0.31255266271431403,-0.6263600167294499,63.23999858647585
21:06:15.789196,391,1.9911663633307672,2.9104798869962076,-0.31823748109438027,-0.5566400148672983,73.51999835669994
21:06:15.789196,391,2.024805149902275,2.9596495664074034,-0.3597996426694104,-0.5566400148672983,65.63999853283167
21:06:15.789196,391,2.062304552968935,3.014462293465182,-0.32960711785451274,-0.5566400148672983,33.87999924272299
21:06:15.789196,391,1.984083899253787,2.8387901142081744,-0.31255266271431403,-0.6263600167294499,57.11999872326851
21:06:15.789196,391,2.0201711189885976,2.890423032892191,-0.31823748109438027,-0.5566400148672983,60.87999863922596
21:06:15.789196,391,2.054299912223084,2.939253871588253,-0.3597996426694104,-0.5566400148672983,55.87999875098467
21:06:15.789196,391,2.090352761681494,2.990837613923979,-0.3661141064315747,-0.5566400148672983,32.359999276697636
21:06:15.789196,391,2.012372123268232,2.818807668021548,-0.31255266271431403,-0.6263600167294499,48.35999891906977
21:06:15.789196,391,2.0489738592270292,2.8700771389064834,-0.31823748109438027,-0.5566400148672983,48.35999891906977
21:06:15.789196,391,2.105361324791646,2.8875584357770174,-0.4672014618083857,-0.5566400148672983,45.639998979866505
21:06:15.789196,391,2.1423102992070375,2.9382349260830374,-0.47540082153629365,-0.5566400148672983,29.519999340176582
21:06:15.789196,391,2.068342056042726,2.7779991668481685,-0.31255266271431403,-0.6263600167294499,39.639999113976955
21:06:15.789196,391,2.105961792935523,2.828526398279699,-0.31823748109438027,-0.5566400148672983,37.99999915063381
21:06:15.789196,391,2.1341311600623927,2.866360797179272,-0.4672014618083857,-0.5566400148672983,36.63999918103218
21:06:15.789196,391,2.1715850434902357,2.9166652701042417,-0.47540082153629365,-0.5566400148672983,25.879999421536922
21:06:15.789196,391,2.0960181678563883,2.7571771926773443,-0.31255266271431403,-0.6263600167294499,32.119999282062054
21:06:15.789196,391,2.134141287659959,2.807325706677874,-0.31823748109438027,-0.5566400148672983,29.999999329447746
21:06:15.789196,391,2.16268758400511,2.8448765249032495,-0.4672014618083857,-0.5566400148672983,29.519999340176582
21:06:15.789196,391,2.200642631088441,2.89480395004202,-0.47540082153629365,-0.5566400148672983,22.239999502897263
21:06:15.789196,391,2.1294493263994836,2.7437648647965567,-0.1738025655124103,-0.7655200204462744,25.999999418854713
21:06:15.789196,391,2.162107370043614,2.7858442848573604,-0.31823748109438027,-0.5566400148672983,23.999999463558197
21:06:15.789196,391,3.0283926272093735,3.000647878543751,-0.5573620102788996,-0.6958000185841229,6.8799998462200165
21:06:15.789196,391,3.0729433502401893,3.044790448218804,-0.5655613700068076,-0.6958000185841229,8.639999806880951
21:06:15.840959,392,1.8113359953810433,2.8891257501393444,-0.1706413829764908,-0.904680024163099,27.759999379515648
21:06:15.840959,392,1.8448915351651396,2.942647666723166,-0.1738025655124103,-0.904680024163099,31.999999284744263
21:06:15.840959,392,1.8401362046771486,2.870868237400951,-0.1706413829764908,-0.904680024163099,33.87999924272299
21:06:15.840959,392,1.874225276931913,2.9240519281135855,-0.1738025655124103,-0.904680024163099,37.87999915331602
21:06:15.840959,392,1.834133206047687,2.7994834937271014,-0.16748020044057135,-0.904680024163099,22.239999502897263
21:06:15.840959,392,1.868752401894454,2.852323640244034,-0.1706413829764908,-0.904680024163099,40.879999086260796
21:06:15.840959,392,1.9033715977412209,2.9051637867609656,-0.1738025655124103,-0.904680024163099,43.99999901652336
21:06:15.840959,392,1.8897523277035857,2.7622433978771936,-0.16748020044057135,-0.904680024163099,25.359999433159828
21:06:15.840959,392,1.925421332396887,2.8143806389741,-0.1706413829764908,-0.904680024163099,48.35999891906977
21:06:15.840959,392,1.9610903370901878,2.8665178800710063,-0.1738025655124103,-0.904680024163099,49.87999888509512
21:06:15.840959,392,1.9172798138686145,2.7432080789668865,-0.16748020044057135,-0.904680024163099,27.87999937683344
21:06:15.840959,392,1.9558149855731541,2.798343481519825,-0.034141931819727016,-0.904680024163099,54.87999877333641
21:06:15.840959,392,1.9896569838042693,2.8467639792919575,-0.1738025655124103,-0.904680024163099,54.359998784959316
21:06:15.840959,392,2.047192949157019,2.9290853618283705,-0.4672014618083857,-0.4872000130126253,18.35999958962202
21:06:15.840959,392,2.0923455584582173,2.9936888702602236,-0.32960711785451274,-0.4872000130126253,6.11999986320734
21:06:15.840959,392,1.9025669153918419,2.664999255366742,-0.2954982075741153,-1.2524400334514212,5.759999871253967
21:06:15.840959,392,1.9469515260168668,2.727170500597858,-0.03350944234543611,-0.904680024163099,29.11999934911728
21:06:15.840959,392,1.9837001634446694,2.778645742066916,-0.034141931819727016,-0.904680024163099,58.63999868929386
21:06:15.840959,392,2.020448800872472,2.8301209835359744,-0.03477442129401793,-0.904680024163099,56.35999874025583
21:06:15.840959,392,2.0489738592270292,2.8700771389064834,-0.31823748109438027,-0.4872000130126253,34.99999921768904
21:06:15.840959,392,1.9741254291264396,2.7075649528805266,-0.03350944234543611,-0.6958000185841229,28.999999351799488
21:06:15.840959,392,2.0105824450267016,2.757566709142709,0.1024121391422833,-0.6958000185841229,58.11999870091677
21:06:15.840959,392,2.0486485167971336,2.8097753278549775,-0.03477442129401793,-0.904680024163099,55.23999876528978
21:06:15.840959,392,2.0003015072952683,2.6866136113593604,0.10051492370675591,-0.6958000185841229,27.359999388456345
21:06:15.840959,392,2.038057123629624,2.7373233430569073,0.1024121391422833,-0.6958000185841229,53.75999879837036
21:06:15.840959,392,2.0758127399639794,2.7880330747544537,0.1043093545778107,-0.6958000185841229,51.35999885201454
21:06:15.840959,392,2.053630149293436,2.6460729443350814,0.10051492370675591,-0.6958000185841229,24.759999446570873
21:06:15.840959,392,2.0882076966167853,2.690625617310427,0.2388023725357469,-0.6958000185841229,46.999998949468136
21:06:15.840959,392,2.1311545342190166,2.745962000574529,0.1043093545778107,-0.6958000185841229,45.99999897181988
21:06:15.840959,392,2.075827919692041,2.620154048757569,0.2343784873302447,-0.6958000185841229,21.7599995136261
21:06:15.840959,392,2.1150090942430775,2.6696093586901015,0.2388023725357469,-0.6958000185841229,39.87999910861254
21:06:15.840959,392,2.154190268794113,2.7190646686226336,0.24322625774124915,-0.6958000185841229,39.99999910593033
21:06:15.840959,392,2.1415989927319012,2.6483261413705077,0.2388023725357469,-0.6958000185841229,33.2399992570281
21:06:15.840959,392,4.063046146273321,2.7844320143066703,-0.24648477425329388,-0.41748001115047373,5.359999880194664
21:06:15.898649,393,1.777780455596947,2.8356038335555227,-0.16748020044057135,-0.8349600223009475,22.879999488592148
21:06:15.898649,393,1.8082166306591323,2.821069265473344,-0.03350944234543611,-0.8349600223009475,26.239999413490295
21:06:15.898649,393,1.8423466521121883,2.8743168426267873,-0.034141931819727016,-0.8349600223009475,31.63999929279089
21:06:15.898649,393,-0.1390086441139229,0.041602543695994094,-0.20725547351073864,-1.2524400334514212,5.639999873936176
21:06:15.898649,393,1.836336442433409,2.8028463486573054,-0.03350944234543611,-0.8349600223009475,29.35999934375286
21:06:15.898649,393,1.8709972242847706,2.855749968935603,-0.034141931819727016,-0.8349600223009475,35.999999195337296
21:06:15.898649,393,1.9855070308207605,2.9654101198060077,-0.5029133978974789,-0.41748001115047373,11.639999739825726
21:06:15.898649,393,2.0301219418453367,3.032043733584667,-0.3661141064315747,-0.3480400092958007,5.239999882876873
21:06:15.898649,393,1.8920223760701225,2.76556151846972,-0.03350944234543611,-0.8349600223009475,31.75999929010868
21:06:15.898649,393,1.927734227841664,2.817761388969037,-0.034141931819727016,-0.8349600223009475,39.759999111294746
21:06:15.898649,393,1.9823879435986005,2.8976485060826893,-0.4590021020804777,-0.5566400148672983,24.999999441206455
21:06:15.898649,393,2.0348524877295713,2.9114288605492753,-0.609733201501169,-0.6958000185841229,13.519999697804451
21:06:15.898649,393,2.053212507565337,3.0011724871656407,-0.47540082153629365,-0.41748001115047373,5.759999871253967
21:06:15.898649,393,1.8833508731985464,2.694663185580085,-0.0328769528711452,-0.7655200204462744,9.999999776482582
21:06:15.898649,393,1.9195829293858502,2.746503333549955,-0.03350944234543611,-0.7655200204462744,32.63999927043915
21:06:15.898649,393,1.9558149855731541,2.798343481519825,-0.034141931819727016,-0.8349600223009475,41.879999063909054
21:06:15.898649,393,2.0112648265060256,2.87768007627464,-0.4590021020804777,-0.5566400148672983,27.99999937415123
21:06:15.898649,393,2.0638645486766376,2.8909351050437384,-0.609733201501169,-0.6958000185841229,15.239999659359455
21:06:15.898649,393,2.0831210718080126,2.980490647382101,-0.47540082153629365,-0.41748001115047373,6.11999986320734
21:06:15.898649,393,1.9469515260168668,2.727170500597858,-0.03350944234543611,-0.7655200204462744,31.999999284744263
21:06:15.898649,393,1.9829067098637436,2.7775343208678884,0.1024121391422833,-0.6958000185841229,41.879999063909054
21:06:15.898649,393,2.020448800872472,2.8301209835359744,-0.03477442129401793,-0.6958000185841229,32.99999926239252
21:06:15.898649,393,2.0684123503762537,2.8368819454709975,-0.4590021020804777,-0.5566400148672983,30.119999326765537
21:06:15.898649,393,2.0926702248979443,2.870152258449725,-0.609733201501169,-0.6958000185841229,16.639999628067017
21:06:15.898649,393,2.1423102992070375,2.9382349260830374,-0.47540082153629365,-0.41748001115047373,6.11999986320734
21:06:15.898649,393,1.9741254291264396,2.7075649528805266,-0.03350944234543611,-0.6958000185841229,29.879999332129955
21:06:15.898649,393,2.0105824450267016,2.757566709142709,0.1024121391422833,-0.6958000185841229,39.87999910861254
21:06:15.898649,393,2.0478290847419944,2.808651455237247,0.1043093545778107,-0.6958000185841229,33.11999925971031
21:06:15.898649,393,2.0966772766345496,2.816056324254303,-0.4590021020804777,-0.5566400148672983,30.879999309778214
21:06:15.898649,393,2.1212666358500023,2.849082399034483,-0.609733201501169,-0.5566400148672983,17.23999961465597
21:06:15.898649,393,2.1715850434902357,2.9166652701042417,-0.47540082153629365,-0.41748001115047373,5.879999868571758
21:06:15.898649,393,2.0003015072952683,2.6866136113593604,0.10051492370675591,-0.6958000185841229,26.99999939650297
21:06:15.898649,393,2.038057123629624,2.7373233430569073,0.1024121391422833,-0.6958000185841229,36.23999918997288
21:06:15.898649,393,2.0758127399639794,2.7880330747544537,0.1043093545778107,-0.6958000185841229,31.63999929279089
21:06:15.898649,393,2.1247325369217798,2.7949490997644784,-0.4590021020804777,-0.5566400148672983,29.999999329447746
21:06:15.898649,393,2.177820244690134,2.806090098103815,-0.609733201501169,-0.5566400148672983,16.8799996227026
21:06:15.898649,393,2.200642631088441,2.89480395004202,-0.47540082153629365,-0.41748001115047373,5.639999873936176
21:06:15.898649,393,2.0923923417562262,2.6960174724548054,0.1024121391422833,-0.6958000185841229,31.87999928742647
21:06:15.898649,393,2.1311545342190166,2.745962000574529,0.1043093545778107,-0.6958000185841229,29.11999934911728
21:06:15.898649,393,2.1525753257354205,2.7735623827062876,-0.4590021020804777,-0.5566400148672983,27.639999382197857
21:06:15.898649,393,2.205771787264704,2.7841719557824636,-0.609733201501169,-0.5566400148672983,15.639999650418758
21:06:15.898649,393,2.229480156267238,2.8726531520100638,-0.47540082153629365,-0.5566400148672983,5.639999873936176
21:06:15.898649,393,2.1150090942430775,2.6696093586901015,0.2388023725357469,-0.6958000185841229,27.519999384880066
21:06:15.898649,393,2.158507139119007,2.7245135139495673,0.1043093545778107,-0.6958000185841229,26.119999416172504
21:06:15.898649,393,2.207612373445107,2.72995905323512,-0.4590021020804777,-0.5566400148672983,24.35999945551157
21:06:15.898649,393,2.233502754508545,2.761975398598115,-0.609733201501169,-0.5566400148672983,13.999999687075615
21:06:15.898649,393,2.2833799462723268,2.8236541121455434,-0.511739500121956,-0.5566400148672983,5.519999876618385
21:06:15.898649,393,2.1415989927319012,2.6483261413705077,0.2388023725357469,-0.6958000185841229,23.35999947786331
21:06:15.898649,393,2.2348011286824927,2.707746801118559,-0.4590021020804777,-0.5566400148672983,20.999999530613422
21:06:15.898649,393,2.288291893044728,2.7167559458082073,-0.609733201501169,-0.5566400148672983,12.23999972641468
21:06:15.898649,393,2.311501848115207,2.800679512231814,-0.511739500121956,-0.5566400148672983,5.239999882876873
21:06:15.898649,393,2.2617664056793276,2.6852637765904386,-0.4590021020804777,-0.5566400148672983,17.879999600350857
21:06:15.898649,393,2.311254438691891,2.688978979320698,-0.6452225990073428,-0.5566400148672983,10.639999762177467
21:06:15.898649,393,2.9201234033274175,2.9518215318206096,-0.41660485817409815,-0.41748001115047373,5.639999873936176
21:06:15.898649,393,3.0091672255023445,2.9225472497697735,-0.5911395343627067,-0.41748001115047373,8.759999804198742
21:06:15.898649,393,3.0691827171658854,2.921764771671837,-0.7273995282614529,-0.41748001115047373,9.119999796152115
21:06:15.949579,394,1.7456216459104374,2.7843097360517737,0.09861770827122851,-0.6263600167294499,12.359999723732471
21:06:15.949579,394,1.8135118468179143,2.892596287041814,-0.034141931819727016,-0.4872000130126253,14.51999967545271
21:06:15.949579,394,1.8074933681484338,2.8199408754313513,0.10051492370675591,-0.6263600167294499,20.999999530613422
21:06:15.949579,394,1.9184199234404493,2.8652136540942497,-0.45080274235256973,-0.5566400148672983,6.8799998462200165
21:06:15.949579,394,2.0562583387234077,2.942055951576207,-0.3239222994744465,-0.4872000130126253,6.7599998489022255
21:06:15.949579,394,2.0855755951858255,2.9213466097914185,-0.3239222994744465,-0.4872000130126253,8.359999813139439
21:06:15.949579,394,2.128138305729434,2.980965848929584,-0.18328611312016868,-0.4872000130126253,5.119999885559082
21:06:15.949579,394,2.1435815298283205,2.8790536297112292,-0.3239222994744465,-0.4872000130126253,10.119999773800373
21:06:15.949579,394,2.1578410607034995,2.959535773992167,-0.18328611312016868,-0.4872000130126253,5.639999873936176
21:06:15.949579,394,2.1358199338298194,2.751973300948603,-0.6338989782006795,-0.6958000185841229,12.639999717473984
21:06:15.949579,394,2.170195494184896,2.854752698225519,-0.3597996426694104,-0.4872000130126253,11.639999739825726
21:06:15.949579,394,2.2153762420918954,2.9141850684156503,-0.21990300829725967,-0.4872000130126253,6.8799998462200165
21:06:15.949579,394,2.1986340358737455,2.8329083690271086,-0.3597996426694104,-0.4872000130126253,12.879999712109566
21:06:15.949579,394,2.2444068385455482,2.8918859676847424,-0.21990300829725967,-0.4872000130126253,7.999999821186066
21:06:15.949579,394,2.2268527160010247,2.8107807513652086,-0.3597996426694104,-0.4872000130126253,13.119999706745148
21:06:15.949579,394,2.268094041158381,2.862836427108892,-0.32960711785451274,-0.4872000130126253,8.759999804198742
21:06:15.949579,394,2.2826192264615432,2.7656845297311863,-0.3597996426694104,-0.4872000130126253,12.759999714791775
21:06:15.949579,394,2.324893347714603,2.816905023189839,-0.32960711785451274,-0.4872000130126253,8.879999801516533
21:06:15.949579,394,2.3021693500157583,2.7332318437709358,-0.4672014618083857,-0.4872000130126253,11.759999737143517
21:06:15.949579,394,2.352945684141596,2.7935156336414515,-0.32960711785451274,-0.4872000130126253,8.639999806880951
21:06:15.949579,394,2.356369922931502,2.6866448991742913,-0.4672014618083857,-0.4872000130126253,10.519999764859676
21:06:15.949579,394,2.3807627279714736,2.76984689487011,-0.32960711785451274,-0.4872000130126253,8.119999818503857
21:06:15.949579,394,3.0240319305951817,2.878782652400237,-0.716698744411578,-0.27832000743364915,7.35999983549118
21:06:15.949579,394,3.0691827171658854,2.921764771671837,-0.7273995282614529,-0.27832000743364915,6.359999857842922
21:06:16.008153,395,1.7183790615529593,2.6987370214298294,-0.7571611316680577,-0.6263600167294499,23.639999471604824
21:06:16.008153,395,1.7514373767056397,2.7506555421827565,-0.7717274586631164,-0.6263600167294499,24.23999945819378
21:06:16.008153,395,1.7460582004615754,2.6730917592019985,-0.7843228269122844,-0.6263600167294499,27.87999937683344
21:06:16.008153,395,1.7799159987367155,2.733600273301033,-0.7671575131395629,-0.6263600167294499,28.999999351799488
21:06:16.008153,395,1.7738204940088285,2.656091909234358,-0.7797677308420048,-0.6263600167294499,32.119999282062054
21:06:16.008153,395,1.8082166306591323,2.716270779401271,-0.7625140892438818,-0.6263600167294499,34.11999923735857
21:06:16.008153,395,1.8423466521121883,2.7675402890393284,-0.7769065142348324,-0.6263600167294499,22.759999491274357
21:06:16.008153,395,1.801405406992789,2.6388247505641083,-0.7751410096207313,-0.6958000185841229,35.23999921232462
21:06:16.008153,395,1.8360609896837765,2.689590674211946,-0.7900532349597964,-0.6263600167294499,38.75999913364649
21:06:16.008153,395,1.8707165723747639,2.7403565978597846,-0.8049654602988615,-0.6263600167294499,26.519999407231808
21:06:16.008153,395,1.8184143183169839,2.5256901040712045,-0.8435994919608558,-0.6263600167294499,15.519999653100967
21:06:16.008153,395,1.8560320754118336,2.6034954404793624,-0.765674549514375,-0.6958000185841229,36.35999918729067
21:06:16.008153,395,1.8917385703612057,2.653581696006796,-0.7804046583294565,-0.6263600167294499,41.75999906659126
21:06:16.008153,395,1.927445065310578,2.70366795153423,-0.7951347671445381,-0.6263600167294499,29.879999332129955
21:06:16.008153,395,1.9610903370901878,2.723860237837685,-0.9097898071930147,-0.7655200204462744,16.359999634325504
21:06:16.008153,395,1.881091228900787,2.557192979758371,-0.8553133590418558,-0.6263600167294499,34.99999921768904
21:06:16.008153,395,1.9192949895596676,2.635175664332444,-0.7754727770064522,-0.6263600167294499,41.879999063909054
21:06:16.008153,395,1.9555216108934932,2.6849145066986106,-0.7901097967455324,-0.7655200204462744,32.359999276697636
21:06:16.008153,395,1.9885618600818062,2.6942791572516023,-0.937810721948499,-0.7655200204462744,18.35999958962202
21:06:16.008153,395,1.9079110272443784,2.5388933519948593,-0.8504099885608327,-0.6263600167294499,31.75999929010868
21:06:16.008153,395,1.9446155736585544,2.5877367873271306,-0.8667702445950424,-0.6263600167294499,39.23999912291765
21:06:16.008153,395,1.9813201200727302,2.636580222659402,-0.883130500629252,-0.7655200204462744,32.99999926239252
21:06:16.008153,395,2.012372123268232,2.818807668021548,-0.31255266271431403,-0.7655200204462744,19.879999555647373
21:06:16.008153,395,1.934540036083695,2.6532725450794863,-0.1643190179046519,-0.6263600167294499,27.519999384880066
21:06:16.008153,395,1.9717568735203292,2.704316416564933,-0.16748020044057135,-0.6263600167294499,34.759999223053455
21:06:16.008153,395,2.008973710956963,2.75536028805038,-0.1706413829764908,-0.7655200204462744,31.75999929010868
21:06:16.008153,395,2.068342056042726,2.7779991668481685,-0.31255266271431403,-0.7655200204462744,20.51999954134226
21:06:16.008153,395,2.0966772766345496,2.816056324254303,-0.4590021020804777,-0.6263600167294499,8.359999813139439
21:06:16.008153,395,1.9872150530802832,2.6140536877605265,-0.1643190179046519,-0.6263600167294499,23.23999948054552
21:06:16.008153,395,2.0254452567476324,2.6643430637017795,-0.16748020044057135,-0.6263600167294499,29.639999337494373
21:06:16.008153,395,2.063675460414982,2.7146324396430317,-0.1706413829764908,-0.7655200204462744,28.999999351799488
21:06:16.008153,395,2.0960181678563883,2.7571771926773443,-0.31255266271431403,-0.7655200204462744,19.999999552965164
21:06:16.008153,395,2.013255793779986,2.5940511672853717,-0.1643190179046519,-0.6263600167294499,19.35999956727028
21:06:16.008153,395,2.0519869713198187,2.6439557331224335,-0.16748020044057135,-0.6263600167294499,24.759999446570873
21:06:16.008153,395,2.090718148859651,2.6938602989594953,-0.1706413829764908,-0.7655200204462744,25.359999433159828
21:06:16.008153,395,2.1234846796093114,2.736079503097217,-0.31255266271431403,-0.7655200204462744,18.639999583363533
21:06:16.008153,395,2.078323488914029,2.6233040091848836,-0.16748020044057135,-0.6263600167294499,20.51999954134226
21:06:16.008153,395,2.1175517672410393,2.672818774502981,-0.1706413829764908,-0.7655200204462744,21.7599995136261
21:06:16.008153,395,2.15073884467333,2.7147082078590694,-0.31255266271431403,-0.7655200204462744,16.639999628067017
21:06:16.008153,395,2.2045992546669937,2.6711533760018176,-0.31255266271431403,-0.7655200204462744,14.51999967545271
21:06:16.008153,395,3.0529331079487503,2.9062956581848756,-0.42291932193626247,-0.6263600167294499,5.519999876618385
21:06:16.008153,395,4.001054824669957,2.625921174726739,-0.4318889094199734,-0.6263600167294499,6.7599998489022255
21:06:16.008153,395,4.163186763395083,2.4437375419967426,-0.6311238392935976,-0.6263600167294499,10.639999762177467
21:06:16.008153,395,4.312893216553754,2.304859718676738,-0.6393231990215056,-0.6263600167294499,6.239999860525131
21:06:16.063836,396,1.6902661359839062,2.8197908760836103,-0.0328769528711452,-0.4872000130126253,19.63999956101179
21:06:16.063836,396,1.685320746400279,2.7488280255470876,-0.03224446339685429,-0.6958000185841229,17.519999608397484
21:06:16.063836,396,1.7183790615529593,2.8027475084485776,-0.0328769528711452,-0.4872000130126253,23.999999463558197
21:06:16.063836,396,1.7514373767056397,2.856666991350067,-0.03350944234543611,-0.5566400148672983,22.11999950557947
21:06:16.063836,396,1.712724302574318,2.7318376590953592,-0.03224446339685429,-0.6958000185841229,20.75999953597784
21:06:16.063836,396,1.7463201506555166,2.785423868410844,-0.0328769528711452,-0.6958000185841229,29.23999934643507
21:06:16.063836,396,1.7799159987367155,2.8390100777263294,-0.03350944234543611,-0.6958000185841229,26.359999410808086
21:06:16.063836,396,1.737868987912855,2.7113171652630497,-0.1611578353687324,-0.4872000130126253,24.119999460875988
21:06:16.063836,396,1.7740866092060765,2.7678216883199007,-0.0328769528711452,-0.6958000185841229,35.35999920964241
21:06:16.063836,396,1.8082166306591323,2.821069265473344,-0.03350944234543611,-0.6958000185841229,31.359999299049377
21:06:16.063836,396,1.7648948143541527,2.693803200693238,-0.1611578353687324,-0.4872000130126253,27.239999391138554
21:06:16.063836,396,1.801675660582047,2.749942728379008,-0.0328769528711452,-0.6958000185841229,41.35999907553196
21:06:16.063836,396,1.836336442433409,2.8028463486573054,-0.03350944234543611,-0.6958000185841229,36.51999918371439
21:06:16.063836,396,1.8677238250576509,2.850753697631815,-0.2047321142760703,-0.6958000185841229,21.7599995136261
21:06:16.063836,396,1.8184143183169839,2.6579689156833815,-0.1611578353687324,-0.4872000130126253,29.23999934643507
21:06:16.063836,396,1.8560320754118336,2.712954640349463,-0.06575061807454763,-0.6958000185841229,45.87999897450209
21:06:16.063836,396,1.8917385703612057,2.7651466808033005,-0.06701553377471191,-0.6958000185841229,40.879999086260796
21:06:16.063836,396,1.9243615645102572,2.8128315805047914,-0.2047321142760703,-0.6958000185841229,25.239999435842037
21:06:16.063836,396,1.808714058965132,2.587874228479281,-0.15799665283281294,-0.6958000185841229,7.879999823868275
21:06:16.063836,396,1.8449026439329594,2.6396521786418163,-0.1611578353687324,-0.6958000185841229,29.759999334812164
21:06:16.063836,396,1.881091228900787,2.6914301288043516,-0.1643190179046519,-0.4872000130126253,47.11999894678593
21:06:16.063836,396,1.9172798138686145,2.7432080789668865,-0.16748020044057135,-0.5566400148672983,43.359999030828476
21:06:16.063836,396,1.9479966795189771,2.787157195524158,-0.3068678443342478,-0.7655200204462744,28.759999357163906
21:06:16.063836,396,1.8712064808302025,2.62107147859389,-0.1611578353687324,-0.6958000185841229,28.359999366104603
21:06:16.063836,396,1.9079110272443784,2.6724849600704172,-0.1643190179046519,-0.4872000130126253,44.63999900221825
21:06:16.063836,396,1.9446155736585544,2.723898441546945,-0.16748020044057135,-0.5566400148672983,42.9999990388751
21:06:16.063836,396,1.9757703873094354,2.7675381971366124,-0.3068678443342478,-0.7655200204462744,31.5199992954731
21:06:16.063836,396,1.8973231986470611,2.60222867359404,-0.1611578353687324,-0.6958000185841229,25.63999942690134
21:06:16.063836,396,1.934540036083695,2.6532725450794863,-0.1643190179046519,-0.4872000130126253,39.519999116659164
21:06:16.063836,396,1.9717568735203292,2.704316416564933,-0.16748020044057135,-0.5566400148672983,39.99999910593033
21:06:16.063836,396,2.0307223191499286,2.727471935416639,-0.3068678443342478,-0.7655200204462744,32.87999926507473
21:06:16.063836,396,1.9489848494129338,2.563764311819274,-0.1611578353687324,-0.6958000185841229,22.359999500215054
21:06:16.063836,396,1.9872150530802832,2.6140536877605265,-0.1643190179046519,-0.7655200204462744,33.359999254345894
21:06:16.063836,396,2.0254452567476324,2.6643430637017795,-0.16748020044057135,-0.4872000130126253,35.35999920964241
21:06:16.063836,396,2.057895048052818,2.7070286786768145,-0.3068678443342478,-0.7655200204462744,32.359999276697636
21:06:16.063836,396,2.013255793779986,2.5940511672853717,-0.1643190179046519,-0.7655200204462744,27.639999382197857
21:06:16.063836,396,2.0519869713198187,2.6439557331224335,-0.16748020044057135,-0.4872000130126253,30.119999326765537
21:06:16.063836,396,2.084861989175008,2.6863147213370735,-0.3068678443342478,-0.7655200204462744,30.119999326765537
21:06:16.063836,396,2.124589629803052,2.681702113970345,-0.6225753573940163,-0.7655200204462744,15.239999659359455
21:06:16.063836,396,2.0390952105870186,2.5737892438667864,-0.1643190179046519,-0.7655200204462744,22.639999493956566
21:06:16.063836,396,2.078323488914029,2.6233040091848836,-0.16748020044057135,-0.4872000130126253,25.239999435842037
21:06:16.063836,396,2.11162044584498,2.6653321347757952,-0.3068678443342478,-0.7655200204462744,26.87999939918518
21:06:16.063836,396,2.1512999748037624,2.6603224882613428,-0.6225753573940163,-0.7655200204462744,15.359999656677246
21:06:16.063836,396,2.162439704202643,2.6200716996766653,-0.3408562513829175,-0.904680024163099,23.23999948054552
21:06:16.063836,396,2.2040726307203413,2.6167673113307583,-0.6225753573940163,-0.7655200204462744,14.759999670088291
21:06:16.063836,396,2.1885318628580106,2.5983166610353385,-0.3408562513829175,-0.904680024163099,19.759999558329582
21:06:16.063836,396,2.2301296644148314,2.594596115590379,-0.6225753573940163,-0.7655200204462744,13.759999692440033
21:06:16.063836,396,2.9645920514912705,2.8221977694517864,-0.3693783768771106,-0.7655200204462744,6.11999986320734
21:06:16.063836,396,3.0669246020102845,2.8048585952561074,-0.37506319525717685,-0.6263600167294499,6.7599998489022255
21:06:16.063836,396,3.1104445785884347,2.844659828155853,-0.42291932193626247,-0.6958000185841229,6.239999860525131
21:06:16.063836,396,4.009359283242771,2.5743801169613234,-0.6229244795656896,-0.6958000185841229,5.359999880194664
21:06:16.063836,396,4.157535858041107,2.4404205326131616,-0.6793656708279345,-0.6958000185841229,5.239999882876873
21:06:16.114674,397,1.8563105242985811,2.6123969102888895,1.2659736313865704,-0.6958000185841229,31.239999301731586
21:06:16.114674,397,1.8106151255581915,2.4859591372339414,1.2684382822107887,-0.6958000185841229,11.359999746084213
21:06:16.114674,397,1.881091228900787,2.557192979758371,1.1446866409581442,-0.6958000185841229,34.51999922841787
21:06:16.114674,397,1.9172798138686145,2.60638846480733,1.1282320534866526,-0.6958000185841229,29.23999934643507
21:06:16.114674,397,1.8731732306941682,2.5177315375759304,1.2586153561029476,-0.6958000185841229,27.119999393820763
21:06:16.114674,397,1.9079110272443784,2.5388933519948593,1.1495900114391673,-0.6958000185841229,36.75999917834997
21:06:16.114674,397,1.9446155736585544,2.5877367873271306,1.1332297554049577,-0.6958000185841229,32.99999926239252
21:06:16.114674,397,1.934540036083695,2.520335584169736,1.1545625503412333,-0.6958000185841229,37.51999916136265
21:06:16.114674,397,1.9717568735203292,2.568822003665968,1.1382979564119755,-0.6958000185841229,36.11999919265509
21:06:16.114674,397,2.007867955147504,2.6070201954401537,1.0894967627051724,-0.7655200204462744,20.63999953866005
21:06:16.114674,397,1.9872150530802832,2.482453077007807,1.1647131375425386,-0.6958000185841229,36.51999918371439
21:06:16.114674,397,2.024330434862619,2.520134326515125,1.1167042774212261,-0.6958000185841229,37.75999915599823
21:06:16.114674,397,2.0625395963084747,2.5677017679212963,1.100032103606512,-0.8349600223009475,22.879999488592148
21:06:16.114674,397,2.013255793779986,2.4631321258899788,1.1698901707915617,-0.6958000185841229,33.87999924272299
21:06:16.114674,397,2.0508575406547496,2.5004525163770186,1.1219780025533144,-0.8349600223009475,37.63999915868044
21:06:16.114674,397,2.089567400232909,2.547648464351011,1.105405370103746,-0.8349600223009475,24.35999945551157
21:06:16.114674,397,2.0390952105870186,2.443560610769676,1.1751343424627003,-0.8349600223009475,30.51999931782484
21:06:16.114674,397,2.0725020470166293,2.4488676172476964,1.0320202868735562,-0.8349600223009475,35.51999920606613
21:06:16.114674,397,2.11162044584498,2.495089902174857,1.0137497058961622,-0.8349600223009475,24.759999446570873
21:06:16.114674,397,2.124403192635254,2.408327275185452,1.0428830387900159,-0.8349600223009475,32.119999282062054
21:06:16.114674,397,2.164501223651124,2.453784362668437,1.0248174918498392,-0.8349600223009475,23.879999466240406
21:06:16.114674,397,2.2045992546669937,2.499241450151421,1.006751944909663,-0.8349600223009475,6.9999998435378075
21:06:16.114674,397,2.1500363999068752,2.3876831456354446,1.048414616631384,-0.8349600223009475,28.239999368786812
21:06:16.114674,397,2.1906182567538193,2.4327505759432455,1.0304534780166228,-0.8349600223009475,21.99999950826168
21:06:16.114674,397,2.2165162298661407,2.4114655739409168,1.0361567771140416,-0.8349600223009475,19.519999563694
21:06:16.114674,397,2.7641976276285356,2.6734345136614532,0.7405861752233651,-0.7655200204462744,5.119999885559082
21:06:16.114674,397,2.979471619416727,2.5474813060067167,0.7658466336776444,-0.7655200204462744,5.239999882876873
21:06:16.167290,398,1.7421826995971803,2.3877036220165735,1.0719505582369566,-0.20888000557897612,6.5199998542666435
21:06:16.167290,398,1.803647800579737,2.4191549531254766,1.0576378424066022,-0.7655200204462744,26.239999413490295
21:06:16.167290,398,1.8659651794330452,2.449659877122808,1.0435787155975045,-0.6958000185841229,40.11999910324812
21:06:16.167290,398,1.9178631084715367,2.413109684936632,1.0533723100769925,-0.6958000185841229,38.99999912828207
21:06:16.167290,398,1.955482845364334,2.4604439034425223,1.034803787395141,-0.6958000185841229,40.639999091625214
21:06:16.167290,398,1.9435256886421064,2.3944604541205856,1.0583693564136136,-0.6958000185841229,36.23999918997288
21:06:16.167290,398,1.968993917872099,2.3755642784055864,1.0634325714364845,-0.6958000185841229,32.75999926775694
21:06:16.167290,398,2.0372180799376953,2.423052002058962,0.9010170352503606,-0.6958000185841229,30.119999326765537
21:06:16.167290,398,2.1520335905453263,2.395305729818642,0.8649378626136925,-0.904680024163099,10.519999764859676
21:06:16.224806,399,0.13304654334993657,0.19925352528279214,2.0812751871455366,-2.15712005761452,5.639999873936176
21:06:16.224806,399,1.8379828154726232,2.4568276318985367,1.0084263038648076,-0.6263600167294499,20.999999530613422
21:06:16.224806,399,1.8641879924000428,2.438947371312487,1.0132173052492979,-0.6263600167294499,24.51999945193529
21:06:16.224806,399,1.9025669153918419,2.4977110438860333,1.024818087209085,-0.6958000185841229,21.239999525249004
21:06:16.224806,399,1.9160364926884466,2.4024319903480436,1.0230015720900352,-0.6263600167294499,27.99999937415123
21:06:16.224806,399,1.955482845364334,2.4604439034425223,1.034803787395141,-0.6958000185841229,25.119999438524246
21:06:16.224806,399,1.9054025688385359,2.3474920485621653,1.07683985981161,-0.6263600167294499,19.759999558329582
21:06:16.224806,399,1.9416746312428408,2.3838005214771543,1.0279938591277955,-0.6263600167294499,30.879999309778214
21:06:16.224806,399,1.981648808445677,2.441428859679007,1.0398988530156175,-0.7655200204462744,29.11999934911728
21:06:16.224806,399,1.8960181023421112,2.3116687244810517,1.188268532351587,-0.6263600167294499,8.639999806880951
21:06:16.224806,399,1.967118603960847,2.3649223429031645,1.0330522518312666,-0.6263600167294499,32.239999279379845
21:06:16.224806,399,2.007616608306402,2.422162027082639,1.04506138525052,-0.7655200204462744,32.75999926775694
21:06:16.224806,399,1.9923658664665105,2.3457993424281165,1.038176244365416,-0.7655200204462744,31.87999928742647
21:06:16.224806,399,2.0333836481882797,2.4026453323205357,1.0502908678509502,-0.7655200204462744,34.99999921768904
21:06:16.224806,399,2.042260181943742,2.3068265492017064,1.0486189728372175,-0.7655200204462744,29.759999334812164
21:06:16.224806,399,2.084305161619384,2.3628701877024687,1.0609485857301924,-0.7655200204462744,35.35999920964241
21:06:16.224806,399,2.0669022455255632,2.2869806536970163,1.0539366645107717,-0.7655200204462744,26.519999407231808
21:06:16.224806,399,2.1094545430599307,2.3426157153276437,1.0663757552461453,-0.7655200204462744,33.7599992454052
21:06:16.224806,399,2.1500363999068752,2.3876831456354446,1.048414616631384,-0.7655200204462744,19.879999555647373
21:06:16.224806,399,2.0913376206144845,2.266897730394888,1.0593178675912331,-0.7655200204462744,22.879999488592148
21:06:16.224806,399,2.134392980813474,2.3221193353516143,1.0718677437084836,-0.7655200204462744,30.51999931782484
21:06:16.224806,399,2.1836270713115957,2.2804090750648474,1.0830439742684148,-0.7655200204462744,26.6399994045496
21:06:16.224806,399,2.2079178006883726,2.2591993657451925,1.0887270987523152,-0.7655200204462744,22.759999491274357
21:06:16.224806,399,2.918966296334187,2.589948605569593,0.9295020846189441,-0.6263600167294499,5.639999873936176
21:06:18.188023,400,1.695656422660619,2.459860389548305,1.180584920846258,-0.5566400148672983,21.239999525249004
21:06:18.188023,400,1.7302756185073858,2.5100818774885663,1.16385541672861,-0.5566400148672983,27.639999382197857
21:06:18.188023,400,1.763923401595781,2.5505382292454315,1.1164106088457175,-0.5566400148672983,25.75999942421913
21:06:18.188023,400,1.7470763089303816,2.4266050371879646,1.1894956656552238,-0.5566400148672983,25.63999942690134
21:06:18.188023,400,1.7827453136236826,2.4761475706295846,1.172948086847184,-0.5566400148672983,33.99999924004078
21:06:18.188023,400,1.8174134479792998,2.5159440193142264,1.1256800994595766,-0.5566400148672983,31.239999301731586
21:06:18.188023,400,1.7725254739973046,2.4096065246114917,1.19405040337262,-0.5566400148672983,30.879999309778214
21:06:18.188023,400,1.808714058965132,2.4588020096604515,1.177595815901128,-0.5566400148672983,41.879999063909054
21:06:18.188023,400,1.8449026439329594,2.5079974947094112,1.161141228429636,-0.5566400148672983,37.99999915063381
21:06:18.188023,400,1.7977973880018505,2.392363045998046,1.1986707795417961,-0.5566400148672983,36.51999918371439
21:06:18.188023,400,1.8345019344160267,2.4412064813303176,1.1823105235075864,-0.5566400148672983,50.87999886274338
21:06:18.188023,400,1.8712064808302025,2.4900499166625885,1.1659502674733768,-0.5566400148672983,45.639998979866505
21:06:18.188023,400,1.822889523773793,2.3748763256810412,1.2033563321290064,-0.5566400148672983,41.63999906927347
21:06:18.188023,400,1.860106361210427,2.423362745177273,1.1870917381997486,-0.5566400148672983,60.239998653531075
21:06:18.188023,400,1.8973231986470611,2.471849164673505,1.170827144270491,-0.5566400148672983,53.63999880105257
21:06:18.188023,400,1.8121257302557556,2.3352323993024204,1.3114392880705839,-0.5566400148672983,12.999999709427357
21:06:18.188023,400,1.8725244420782352,2.3391801787149835,1.2129210858814643,-0.5566400148672983,45.2399989888072
21:06:18.188023,400,1.9107546457455846,2.3869378114792577,1.196851769768489,-0.5566400148672983,67.63999848812819
21:06:18.188023,400,1.9489848494129338,2.4346954442435322,1.1807824536555138,-0.5566400148672983,60.11999865621328
21:06:18.188023,400,1.897062261160489,2.32097432165072,1.21779933057935,-0.5566400148672983,45.99999897181988
21:06:18.188023,400,1.9357934387003215,2.36836025639714,1.2018296106500872,-0.5566400148672983,70.51999842375517
21:06:18.188023,400,1.9745246162401537,2.415746191143559,1.1858598907208246,-0.6958000185841229,63.51999858021736
21:06:18.188023,400,1.9214103756059866,2.302532361695523,1.2227408388561922,-0.5566400148672983,43.75999902188778
21:06:18.188023,400,1.9606386539329972,2.3495417780535743,1.2068720067250283,-0.6958000185841229,67.99999848008156
21:06:18.188023,400,1.9998669322600078,2.396551194411625,1.1910031745938643,-0.6958000185841229,62.5199986025691
21:06:18.188023,400,2.0390952105870186,2.443560610769676,1.1751343424627003,-0.6958000185841229,23.759999468922615
21:06:18.188023,400,1.9455663506236833,2.283856143029938,1.2277451165653028,-0.6958000185841229,39.519999116659164
21:06:18.188023,400,1.9852878069429047,2.3304842582806296,1.2119784537579288,-0.6958000185841229,60.99999863654375
21:06:18.188023,400,2.025009263262126,2.3771123735313213,1.196211790950555,-0.6958000185841229,57.51999871432781
21:06:18.188023,400,1.9932922395219543,2.245808423231395,1.237939972359168,-0.6958000185841229,34.23999923467636
21:06:18.188023,400,2.0339880865683595,2.291659741104018,1.22238145178193,-0.6958000185841229,52.3599988296628
21:06:18.188023,400,2.074683933614765,2.337511058976641,1.2068229312046923,-0.6958000185841229,50.23999887704849
21:06:18.188023,400,2.0168573808536236,2.2264407268385416,1.2431295309668844,-0.6958000185841229,29.11999934911728
21:06:18.188023,400,2.0580343431967454,2.271896626119541,1.2276769624819441,-0.6958000185841229,43.75999902188778
21:06:18.188023,400,2.0992113055398676,2.3173525254005414,1.212224393997004,-0.6958000185841229,42.75999904423952
21:06:18.188023,400,2.0818747981150345,2.2519022341558275,1.2330344436617726,-0.6958000185841229,36.23999918997288
21:06:18.188023,400,2.123528758093137,2.29695808747662,1.2176890671688054,-0.6958000185841229,35.879999198019505
21:06:18.217216,401,0.12952930319960274,0.038588120272196554,1.7861259186647134,-1.8090800483187195,5.359999880194664
21:06:18.217216,401,1.7421826995971803,2.3877036220165735,1.0719505582369566,-0.5566400148672983,21.119999527931213
21:06:18.217216,401,1.7827453136236826,2.4761475706295846,1.172948086847184,-0.5566400148672983,20.999999530613422
21:06:18.217216,401,1.7675605808449266,2.3707527227466114,1.0764925380073243,-0.5566400148672983,25.75999942421913
21:06:18.217216,401,1.803647800579737,2.4191549531254766,1.0576378424066022,-0.5566400148672983,26.239999413490295
21:06:18.217216,401,1.8397350203145468,2.467557183504341,1.0387831468058804,-0.5566400148672983,20.119999550282955
21:06:18.217216,401,1.7927617075154516,2.353557543596359,1.0810999723743429,-0.5566400148672983,31.359999299049377
21:06:18.217216,401,1.8293634434742485,2.4016087103595836,1.0623393439859237,-0.5566400148672983,33.11999925971031
21:06:18.217216,401,1.8659651794330452,2.449659877122808,1.0435787155975045,-0.5566400148672983,24.639999449253082
21:06:18.217216,401,1.8218861902458716,2.3655410604008478,1.1738334834474995,-0.5566400148672983,38.1199991479516
21:06:18.217216,401,1.8802433715787397,2.365775466430742,1.0719408327588442,-0.5566400148672983,41.879999063909054
21:06:18.217216,401,1.9178631084715367,2.413109684936632,1.0533723100769925,-0.5566400148672983,30.35999932140112
21:06:18.217216,401,1.8725244420782352,2.3391801787149835,1.2129210858814643,-0.5566400148672983,45.35999898612499
21:06:18.217216,401,1.9054025688385359,2.3474920485621653,1.07683985981161,-0.5566400148672983,52.63999882340431
21:06:18.217216,401,1.9435256886421064,2.3944604541205856,1.0583693564136136,-0.6263600167294499,37.239999167621136
21:06:18.217216,401,1.897062261160489,2.32097432165072,1.21779933057935,-0.5566400148672983,51.639998845756054
21:06:18.217216,401,1.930371227437796,2.328966529728535,1.0818037576224488,-0.6263600167294499,64.23999856412411
21:06:18.217216,401,1.968993917872099,2.3755642784055864,1.0634325714364845,-0.6263600167294499,44.75999899953604
21:06:18.217216,401,1.9214103756059866,2.302532361695523,1.2227408388561922,-0.5566400148672983,55.359998762607574
21:06:18.217216,401,1.9551468505315788,2.3102007624662133,1.0868320298057383,-0.6263600167294499,73.63999835401773
21:06:18.217216,401,1.9923658664665105,2.3457993424281165,1.038176244365416,-0.6263600167294499,51.639998845756054
21:06:18.217216,401,1.9060018961080951,2.237412328630039,1.2434494605473514,-0.5566400148672983,20.87999953329563
21:06:18.217216,401,1.9455663506236833,2.283856143029938,1.2277451165653028,-0.6263600167294499,54.9999987706542
21:06:18.217216,401,2.0041090995876445,2.2719560127364997,1.0970796796105455,-0.6263600167294499,76.99999827891588
21:06:18.217216,401,2.042260181943742,2.3068265492017064,1.0486189728372175,-0.6263600167294499,55.75999875366688
21:06:18.217216,401,1.9932922395219543,2.245808423231395,1.237939972359168,-0.6263600167294499,50.75999886542559
21:06:18.217216,401,2.0282908293660427,2.252480854712041,1.1022980324756677,-0.6263600167294499,72.75999837368727
21:06:18.217216,401,2.0669022455255632,2.2869806536970163,1.0539366645107717,-0.6263600167294499,55.63999875634909
21:06:18.217216,401,2.0973039815315495,2.2864204174761706,0.9123885009211996,-0.5566400148672983,16.519999630749226
21:06:18.217216,401,2.0168573808536236,2.2264407268385416,1.2431295309668844,-0.6263600167294499,44.23999901115894
21:06:18.217216,401,2.056901584007989,2.2624541365604127,1.197529025136837,-0.6263600167294499,63.11999858915806
21:06:18.217216,401,2.0913376206144845,2.266897730394888,1.0593178675912331,-0.6263600167294499,51.23999885469675
21:06:18.217216,401,2.0402208381369324,2.2068463808350347,1.24837982015474,-0.6263600167294499,37.239999167621136
21:06:18.217216,401,2.0818747981150345,2.2519022341558275,1.2330344436617726,-0.6263600167294499,51.99999883770943
21:06:18.217216,401,2.1395785521585045,2.226028857002091,1.070268649212403,-0.6263600167294499,44.519999004900455
21:06:18.217216,401,2.0888395652775147,2.2016930995053214,1.3779857896756926,-0.6263600167294499,30.879999309778214
21:06:18.217216,401,2.1289287875376486,2.2112276399080333,1.2439331683429327,-0.6263600167294499,41.879999063909054
21:06:18.217216,401,2.1633792845608655,2.205246993764523,1.0758371326841232,-0.6263600167294499,37.119999170303345
21:06:18.217216,401,2.1116113558912843,2.1814063107678328,1.3834216183349235,-0.6263600167294499,25.51999942958355
21:06:18.217216,401,2.1521376166824533,2.1905515050493003,1.249473321980927,-0.6263600167294499,33.519999250769615
21:06:18.217216,401,2.186963680847251,2.184236276027033,1.081466937534282,-0.6263600167294499,30.63999931514263
21:06:18.217216,401,2.233474053261889,2.1415367039441287,1.0929082533910508,-0.6263600167294499,25.119999438524246
21:06:18.217216,401,3.0362569745248504,2.5240551420866337,1.1143064695860019,-0.5566400148672983,4.999999888241291
21:06:18.249921,402,1.6957593820678178,2.3028157485475003,0.8087633912215133,-0.904680024163099,19.63999956101179
21:06:18.249921,402,1.7460701420874647,2.2695691207916733,0.8176717982797455,-0.904680024163099,24.51999945193529
21:06:18.249921,402,1.7817186044783724,2.3159055465147445,0.7935329155299693,-0.904680024163099,28.359999366104603
21:06:18.249921,402,1.7316159983422699,2.3225418055312996,1.0952727091195058,-0.5566400148672983,21.239999525249004
21:06:18.249921,402,1.7709648672262959,2.2525830048828492,0.8222232143200563,-0.904680024163099,30.999999307096004
21:06:18.249921,402,1.807121590225671,2.298572635308556,0.7981772550901478,-0.904680024163099,35.51999920606613
21:06:18.249921,402,1.8432783132250457,2.3445622657342633,0.7741312958602393,-0.904680024163099,23.519999474287033
21:06:18.249921,402,1.7563046424497726,2.3056963023934633,1.0997864480813848,-0.5566400148672983,25.51999942958355
21:06:18.249921,402,1.795682497362121,2.2353572777063024,0.8268388340060508,-0.904680024163099,39.519999116659164
21:06:18.249921,402,1.8323438653279551,2.2809952208357163,0.8028871091031724,-0.904680024163099,44.75999899953604
21:06:18.249921,402,1.8690052332937892,2.32663316396513,0.778935384200294,-0.904680024163099,27.99999937415123
21:06:18.249921,402,1.8051525924053695,2.271294121191713,1.109004484752263,-0.5566400148672983,30.119999326765537
21:06:18.249921,402,1.8202205607526338,2.21789366182032,0.8315181957796272,-0.904680024163099,49.99999888241291
21:06:18.249921,402,1.8573829075788457,2.2631750608229457,0.8076620065875877,-0.904680024163099,55.99999874830246
21:06:18.249921,402,1.8945452544050574,2.3084564598255715,0.7838058173955482,-0.904680024163099,32.75999926775694
21:06:18.249921,402,1.829307013499393,2.2537408833170964,1.113707860665318,-0.5566400148672983,34.35999923199415
21:06:18.249921,402,1.8687481903565009,2.182259772921914,0.8410662675331353,-0.904680024163099,61.23999863117933
21:06:18.249921,402,1.906901296566975,2.226813656278051,0.8174050155710535,-0.904680024163099,68.23999847471714
21:06:18.249921,402,1.945054402777449,2.2713675396341877,0.7937437636089717,-0.904680024163099,37.119999170303345
21:06:18.249921,402,1.8532785054246614,2.2359552131992415,1.1184735166102435,-0.5566400148672983,37.35999916493893
21:06:18.249921,402,1.8927329038475502,2.164093063268527,0.8459340227138912,-0.904680024163099,69.75999844074249
21:06:18.249921,402,1.9313756915068006,2.208276047855917,0.8223721527773686,-0.5566400148672983,78.51999824494123
21:06:18.249921,402,1.9700184791660509,2.252459032443307,0.7988102828408463,-0.5566400148672983,40.11999910324812
21:06:18.249921,402,1.84504608903241,2.2341205851787707,1.3398416541048683,-0.5566400148672983,11.359999746084213
21:06:18.249921,402,1.8823371497624821,2.255708753307267,1.2385469483307112,-0.5566400148672983,37.99999915063381
21:06:18.249921,402,1.9165283456339486,2.1456955912674425,0.8508636104793559,-0.5566400148672983,71.51999840140343
21:06:18.249921,402,1.9556569504955843,2.189502965750226,0.8274023849670318,-0.5566400148672983,82.35999815911055
21:06:18.249921,402,2.0030433778295555,2.162120481007965,0.6921569322586525,-0.8349600223009475,40.759999088943005
21:06:18.249921,402,2.0423339635475646,2.204531434775604,0.6665030094691842,-0.8349600223009475,5.759999871253967
21:06:18.249921,402,1.9060018961080951,2.237412328630039,1.2434494605473514,-0.5566400148672983,35.999999195337296
21:06:18.249921,402,1.9635419151607814,2.1082157420413963,0.8609063058119153,-0.5566400148672983,65.23999854177237
21:06:18.249921,402,1.9874475796758497,2.1006265362219145,0.7229241270806741,-0.904680024163099,77.75999826192856
21:06:18.249921,402,2.0272122485297834,2.142655679255853,0.6973725101689627,-0.8349600223009475,38.75999913364649
21:06:18.249921,402,1.9527572456259301,2.200138335864198,1.253436996807642,-0.5566400148672983,32.119999282062054
21:06:18.249921,402,1.9867553415836514,2.089137112769956,0.8660184091178904,-0.7655200204462744,54.51999878138304
21:06:18.249921,402,2.0342385759410466,2.0617787369255876,0.7333333635298513,-0.5566400148672983,67.11999849975109
21:06:18.249921,402,2.0749394347558416,2.1030306167549413,0.7079900136661148,-0.5566400148672983,34.99999921768904
21:06:18.249921,402,1.9758431733023718,2.1811644951436318,1.2585210221060343,-0.5566400148672983,27.519999384880066
21:06:18.249921,402,2.013326714531356,2.081647882689357,0.8996080040400272,-0.4872000130126253,43.359999030828476
21:06:18.249921,402,2.0573301055815154,2.0420178133950544,0.7386282870315508,-0.4872000130126253,54.75999877601862
21:06:18.249921,402,2.098492977603036,2.082874318479194,0.7133908775115021,-0.5566400148672983,30.35999932140112
21:06:18.249921,402,1.9987315183168464,2.1619686138910037,1.2636645429856799,-0.5566400148672983,22.99999948590994
21:06:18.249921,402,2.048529381941582,2.1071290252068433,1.0196227490519896,-0.5566400148672983,33.99999924004078
21:06:18.249921,402,2.080215903935059,2.0220348345763552,0.7439827100683896,-0.4872000130126253,43.5199990272522
21:06:18.249921,402,2.121836672910589,2.0624915220534468,0.7188524313532692,-0.5566400148672983,25.75999942421913
21:06:18.249921,402,2.043906325085572,2.122918430089642,1.2741280081995416,-0.5566400148672983,19.119999572634697
21:06:18.249921,402,2.0713172807961384,2.0872315283793945,1.0249542672583052,-0.4872000130126253,26.75999940186739
21:06:18.249921,402,2.125361173340535,1.9814107262045337,0.7548679070998534,-0.4872000130126253,34.35999923199415
21:06:18.249921,402,2.103170258972807,2.1086056932632893,1.1467346228555981,-0.6263600167294499,21.239999525249004
21:06:18.249921,402,2.1476161299033487,1.9607736590282139,0.7603975925838953,-0.4872000130126253,27.359999388456345
21:06:18.249921,402,3.116287590056729,2.3371449498052623,1.1676616016463068,-0.5566400148672983,4.999999888241291
21:06:18.249921,402,3.153896981087094,2.312941893040676,0.9620224291589368,-0.5566400148672983,6.239999860525131
21:06:18.249921,402,3.2129173023864217,2.26412792718751,0.7996109779226681,-0.6263600167294499,5.759999871253967
21:06:18.271918,403,1.8662804397888737,2.1907842133793474,1.2592161233547252,-0.4872000130126253,17.639999605715275
21:06:18.271918,403,1.9060018961080951,2.237412328630039,1.2434494605473514,-0.4872000130126253,27.359999388456345
21:06:18.271918,403,2.0678801158607114,2.1744424209576256,0.8197147708846473,-0.5566400148672983,13.879999689757824
21:06:18.271918,403,2.0168573808536236,2.2264407268385416,1.2431295309668844,-0.5566400148672983,32.75999926775694
21:06:18.271918,403,2.066890793248393,2.170227121806394,0.9942270632032821,-0.4872000130126253,26.239999413490295
21:06:18.271918,403,3.0704880517762776,2.3434191097473773,1.3315005911000133,-0.41748001115047373,6.9999998435378075
21:06:18.271918,403,3.165119728982542,2.2764691930737966,1.1839196216626506,-0.41748001115047373,6.11999986320734
21:06:18.271918,403,3.2033184581130136,2.2515338617052043,0.9784766615640614,-0.41748001115047373,4.999999888241291
21:06:18.301238,404,1.829307013499393,2.2537408833170964,1.113707860665318,-0.5566400148672983,34.879999220371246
21:06:18.301238,404,1.8532785054246614,2.2359552131992415,1.1184735166102435,-0.5566400148672983,41.75999906659126
21:06:18.301238,404,1.8899467933232144,2.272144338134286,1.0709864711345214,-0.6958000185841229,41.51999907195568
21:06:18.301238,404,1.8770646710520653,2.217938889390259,1.1233009760254382,-0.5566400148672983,49.359998896718025
21:06:18.301238,404,1.9142035832883393,2.2537715499588478,1.075909444888838,-0.6958000185841229,47.63999893516302
21:06:18.301238,404,1.9240715277970746,2.181221510053073,1.1331393681670243,-0.5566400148672983,56.759998731315136
21:06:18.301238,404,1.9640110685717749,2.226498925253516,1.115145226550722,-0.6958000185841229,53.51999880373478
21:06:18.301238,404,1.9472875182683873,2.1625241262320425,1.1381493170624442,-0.5566400148672983,62.23999860882759
21:06:18.301238,404,1.9877089725190984,2.2074134244042396,1.120259171090429,-0.6958000185841229,57.6399987116456
21:06:18.301238,404,1.9346662109592498,2.1357085958626323,1.2739735905909744,-0.5566400148672983,30.35999932140112
21:06:18.301238,404,1.9703087816193123,2.143603431767059,1.1432191018645725,-0.5566400148672983,63.999998569488525
21:06:18.301238,404,2.0112081072344745,2.188099977467661,1.1254341936001466,-0.6958000185841229,59.119998678565025
21:06:18.301238,404,2.066890793248393,2.170227121806394,0.9942270632032821,-0.6958000185841229,26.519999407231808
21:06:18.301238,404,1.957077558338744,2.116912760570211,1.279009919478647,-0.6958000185841229,29.759999334812164
21:06:18.301238,404,2.015757938234566,2.1050997012612913,1.1535361453591784,-0.5566400148672983,61.23999863117933
21:06:18.301238,404,2.0576006895059913,2.1487969932479345,1.1359653964819554,-0.6958000185841229,57.51999871432781
21:06:18.301238,404,1.961068391094142,2.067018844387097,1.4160334632897844,-0.6958000185841229,7.879999823868275
21:06:18.301238,404,2.0013109132036404,2.0786763903192402,1.2892553240088922,-0.6958000185841229,27.759999379515648
21:06:18.301238,404,2.0427813420752776,2.113885101841044,1.2451754907907064,-0.6958000185841229,54.87999877333641
21:06:18.301238,404,2.0804894978427733,2.128811386230281,1.1413205237425816,-0.6958000185841229,53.119998812675476
21:06:18.301238,404,2.0231284973906147,2.059239678965681,1.2944633751195953,-0.6958000185841229,24.879999443888664
21:06:18.301238,404,2.0650510222195604,2.0940456301015953,1.2504914612215519,-0.6958000185841229,46.999998949468136
21:06:18.301238,404,2.103170258972807,2.1086056932632893,1.1467346228555981,-0.6958000185841229,47.23999894410372
21:06:18.301238,404,2.0447437704228286,2.0395932012762668,1.2997276329505898,-0.6958000185841229,21.639999516308308
21:06:18.301238,404,2.087114198991723,2.0739920453254106,1.2558648030676796,-0.6958000185841229,39.11999912559986
21:06:18.301238,404,2.1304381510630503,2.1170436100224452,1.2404181745975853,-0.6958000185841229,40.759999088943005
21:06:18.301238,404,2.2350347783705664,2.041119408425285,0.8883110427265664,-0.6958000185841229,9.359999790787697
21:06:18.344735,405,1.7688026286856422,2.123314090562808,0.745368417187086,-0.4872000130126253,47.8799989297986
21:06:18.344735,405,1.8055191247670905,2.167389473661805,0.7193249938865214,-0.4872000130126253,39.23999912291765
21:06:18.344735,405,1.792470657474587,2.1061143184077054,0.749977082246045,-0.4872000130126253,55.23999876528978
21:06:18.344735,405,1.8296784503645045,2.1498326716398917,0.7240293248099663,-0.4872000130126253,45.639998979866505
21:06:18.344735,405,1.8159594406995176,2.08868679444671,0.7546467732174678,-0.4872000130126253,62.5199986025691
21:06:18.344735,405,1.853654809649788,2.13204339017987,0.7287959484111088,-0.4872000130126253,52.11999883502722
21:06:18.344735,405,1.8623898931820524,2.05315548465894,0.7641673589811209,-0.4872000130126253,68.51999846845865
21:06:18.344735,405,1.9010490573568364,2.095774527668335,0.7385141608314703,-0.4872000130126253,57.879998706281185
21:06:18.344735,405,1.8384257944279168,2.058253993979671,0.8976933293873552,-0.5566400148672983,42.75999904423952
21:06:18.344735,405,1.885326919433308,2.035055251933376,0.7690173017227511,-0.4872000130126253,71.99999839067459
21:06:18.344735,405,1.924462206393538,2.077298573472685,0.7434647778375889,-0.4872000130126253,61.519998624920845
21:06:18.344735,405,1.8438754657653347,2.0903073350871053,1.1692704620473773,-0.6263600167294499,14.6399996727705
21:06:18.344735,405,1.9080754145721486,2.016734373249035,0.7739263663708489,-0.4872000130126253,72.23999838531017
21:06:18.344735,405,1.9476829108219162,2.0585973931879766,0.7484757439923855,-0.4872000130126253,62.35999860614538
21:06:18.344735,405,1.9529977312711988,1.9794380281752972,0.7839198919139894,-0.4872000130126253,69.11999845504761
21:06:18.344735,405,1.9935377171262516,2.0205268570962343,0.7586767133935877,-0.4872000130126253,60.11999865621328
21:06:18.344735,405,2.0342385759410466,2.0617787369255876,0.7333333635298513,-0.4872000130126253,24.759999446570873
21:06:18.344735,405,1.9751670606373746,1.9604662913891628,0.78900335346485,-0.4872000130126253,63.51999858021736
21:06:18.344735,405,2.016167233559995,2.0011613083109143,0.7638656965515995,-0.4872000130126253,55.519998759031296
21:06:18.344735,405,1.9971388749522834,1.9412813674778135,0.7941439383337485,-0.5566400148672983,56.519998736679554
21:06:18.344735,405,2.0385951349595297,1.981578147099264,0.76911298878351,-0.4872000130126253,49.63999889045954
21:06:18.344735,405,2.040481189747259,1.9022796533114303,0.8045944161480603,-0.5566400148672983,49.359998896718025
21:06:18.344735,405,2.0828371419561806,1.9417668421610579,0.7797803957913314,-0.4872000130126253,43.239999033510685
21:06:18.344735,405,2.1905854364170336,2.0000046385247847,0.7355957413323118,-0.4872000130126253,4.999999888241291
21:06:18.344735,405,3.260849485729866,1.9659082189962156,1.0680842497156182,-0.6958000185841229,5.639999873936176
21:06:18.370043,406,1.8384257944279168,2.2734186497456923,-0.5320311483352028,-0.7655200204462744,39.23999912291765
21:06:18.370043,406,1.8775543992895525,2.321805536124565,-0.5433547691418661,-0.7655200204462744,50.75999886542559
21:06:18.370043,406,1.8835234623560528,2.2361979173104762,-0.5320311483352028,-0.7655200204462744,46.999998949468136
21:06:18.370043,406,1.927016064203871,2.2878341552519177,-0.5134684424406348,-0.7655200204462744,59.8799986615777
21:06:18.370043,406,1.9091635049577842,2.2211749805543897,-0.50276765859076,-0.7655200204462744,55.99999874830246
21:06:18.370043,406,1.9497976739452763,2.2684499254589285,-0.5134684424406348,-0.7655200204462744,70.23999843001366
21:06:18.370043,406,1.931279426697404,2.2019726063052714,-0.50276765859076,-0.7655200204462744,65.87999852746725
21:06:18.370043,406,1.9723843055528296,2.2488388525739036,-0.5134684424406348,-0.7655200204462744,80.87999819219112
21:06:18.370043,406,2.013326714531356,2.2955198567624233,-0.5241269307021703,-0.6263600167294499,54.63999877870083
21:06:18.370043,406,1.9623802525172207,2.192805764577562,-0.4146872614322511,-0.7655200204462744,75.23999831825495
21:06:18.370043,406,2.0041470737409823,2.239476906029411,-0.42351336365672826,-0.6263600167294499,90.51999797672033
21:06:18.370043,406,2.045748808714848,2.2859635765664303,-0.43230458010166195,-0.6263600167294499,60.75999864190817
21:06:18.370043,406,1.9869067557152758,2.176026281442741,-0.38524027306577974,-0.7655200204462744,82.11999816447496
21:06:18.370043,406,2.026441262542306,2.219323796855599,-0.42351336365672826,-0.6263600167294499,96.87999783456326
21:06:18.370043,406,2.06850577639409,2.265392132671712,-0.43230458010166195,-0.6263600167294499,65.75999853014946
21:06:18.370043,406,2.0300270109737055,2.1358556056423117,-0.38524027306577974,-0.6958000185841229,84.23999811708927
21:06:18.370043,406,2.0732336092555554,2.181314633843498,-0.3934396327936877,-0.6263600167294499,98.35999780148268
21:06:18.370043,406,2.01651486262317,2.07959244817989,-0.2614117669315837,-0.6263600167294499,28.359999366104603
21:06:18.370043,406,2.058404874486283,2.122792800401134,-0.29667996340255837,-0.6263600167294499,80.87999819219112
21:06:18.370043,406,2.0949427307438473,2.1604735789335923,-0.3934396327936877,-0.6263600167294499,94.51999788731337
21:06:18.370043,406,2.1355265873022,2.2023269186639904,-0.43230458010166195,-0.6263600167294499,69.87999843806028
21:06:18.370043,406,2.191193578267624,2.214979126343517,-0.5348277145520451,-0.6263600167294499,25.63999942690134
21:06:18.370043,406,2.0815120074974733,2.1041069550255793,-0.26709658531165,-0.6263600167294499,73.23999836295843
21:06:18.370043,406,2.1237897265992602,2.1468436015038463,-0.3029944271647227,-0.6263600167294499,86.5199980661273
21:06:18.370043,406,2.123175051731404,2.062058683754788,-0.26709658531165,-0.6263600167294499,63.63999857753515
21:06:18.370043,406,2.1662989915010047,2.1039412851950727,-0.3029944271647227,-0.6263600167294499,76.11999829858541
21:06:18.370043,406,2.2780163957192108,2.125583009062037,-0.5348277145520451,-0.6263600167294499,31.5199992954731
21:06:18.370043,406,2.366489373204185,2.121209075419738,-0.54552849840192,-0.8349600223009475,6.239999860525131
21:06:18.370043,406,3.2731262703038415,2.1481764078187062,-0.19591834847121448,-0.4872000130126253,5.519999876618385
21:06:18.370043,406,3.1881309677053844,2.047075453634878,-0.18959598339937553,-0.4872000130126253,7.1199998408555984
21:06:18.370043,406,3.2395034627718684,2.0800613550008653,-0.23126618781115446,-0.4872000130126253,9.239999793469906
21:06:18.406780,407,1.8731217171276482,2.269526031897169,-0.4146872614322511,-0.5566400148672983,41.51999907195568
21:06:18.406780,407,1.8553748400226635,2.202778694298331,-0.405861159207774,-0.7655200204462744,34.879999220371246
21:06:18.406780,407,1.8957229433857143,2.2506816519790496,-0.4146872614322511,-0.7655200204462744,51.759998843073845
21:06:18.406780,407,1.9497976739452763,2.2684499254589285,-0.5134684424406348,-0.13916000371682458,40.51999909430742
21:06:18.406780,407,1.8990564133621726,2.1652331310766018,-0.405861159207774,-0.7655200204462744,43.359999030828476
21:06:18.406780,407,1.940354442636767,2.2123196002327288,-0.4146872614322511,-0.7655200204462744,65.11999854445457
21:06:18.406780,407,1.9723843055528296,2.2488388525739036,-0.5134684424406348,-0.6958000185841229,49.239998899400234
21:06:18.406780,407,1.9206134312934589,2.1461346231257137,-0.405861159207774,-0.7655200204462744,53.99999879300594
21:06:18.406780,407,1.9623802525172207,2.192805764577562,-0.4146872614322511,-0.7655200204462744,81.87999816983938
21:06:18.406780,407,2.0169636195129406,2.208944044379189,-0.5134684424406348,-0.6958000185841229,59.63999866694212
21:06:18.406780,407,1.9419783894907072,2.1268215035105467,-0.405861159207774,-0.7655200204462744,66.11999852210283
21:06:18.406780,407,1.9842098260165064,2.173072650183073,-0.4146872614322511,-0.7655200204462744,100.87999774515629
21:06:18.406780,407,2.038951843971451,2.1886642985168945,-0.5134684424406348,-0.6958000185841229,70.51999842375517
21:06:18.406780,407,1.9841236001908684,2.087559175738358,-0.405861159207774,-0.7655200204462744,78.11999825388193
21:06:18.406780,407,2.027271551957096,2.132956500086115,-0.4146872614322511,-0.7655200204462744,118.11999735981226
21:06:18.406780,407,2.0607361749538,2.1681656880584135,-0.5134684424406348,-0.6958000185841229,80.11999820917845
21:06:18.406780,407,2.0048996382080206,2.067613893781219,-0.405861159207774,-0.7655200204462744,86.119998075068
21:06:18.406780,407,2.0484993982618827,2.1125774759650464,-0.4146872614322511,-0.7655200204462744,127.11999715864658
21:06:18.406780,407,2.0920991583157442,2.157541058148874,-0.42351336365672826,-0.7655200204462744,85.51999808847904
21:06:18.406780,407,2.1473523781646815,2.17066202717666,-0.5241269307021703,-0.6958000185841229,25.63999942690134
21:06:18.406780,407,2.045848191852247,2.02710506608283,-0.405861159207774,-0.7655200204462744,86.63999806344509
21:06:18.406780,407,2.090338443918485,2.0711877188006365,-0.4146872614322511,-0.7655200204462744,122.99999725073576
21:06:18.406780,407,2.134828695984724,2.1152703715184424,-0.42351336365672826,-0.7655200204462744,84.35999811440706
21:06:18.406780,407,2.0238348199562175,1.9655779967708342,-0.36884155360996373,-0.7655200204462744,27.759999379515648
21:06:18.406780,407,2.0688247337993704,2.0092728595406277,-0.37704091333787176,-0.7655200204462744,79.35999822616577
21:06:18.406780,407,2.1109454594007886,2.0501811246983355,-0.4146872614322511,-0.7655200204462744,108.11999758332968
21:06:18.406780,407,2.1558743061433145,2.093816678206258,-0.42351336365672826,-0.7655200204462744,77.23999827355146
21:06:18.406780,407,2.1085937599789646,1.9674972830081312,-0.37704091333787176,-0.7655200204462744,67.63999848812819
21:06:18.406780,407,2.1515241724580485,2.0075550084525324,-0.4146872614322511,-0.7655200204462744,89.11999800801277
21:06:18.406780,407,2.19731668660223,2.050283318130205,-0.42351336365672826,-0.7655200204462744,66.75999850779772
21:06:18.406780,407,2.128162975650016,1.9463133232701966,-0.37704091333787176,-0.7655200204462744,55.359998762607574
21:06:18.406780,407,2.1744432947869807,1.9886390298876422,-0.38524027306577974,-0.7655200204462744,71.11999841034412
21:06:18.406780,407,2.21770931269923,2.0282080046658715,-0.42351336365672826,-0.7655200204462744,55.75999875366688
21:06:18.406780,407,2.1666610278244542,1.9033636525302482,-0.37704091333787176,-0.7655200204462744,44.63999900221825
21:06:18.406780,407,2.213778548886822,1.9447553496327197,-0.38524027306577974,-0.7655200204462744,56.519998736679554
21:06:18.437113,408,2.104000878440027,1.7718671965541546,0.7174662513920511,-0.904680024163099,10.519999764859676
21:06:18.437113,408,1.9486048304392938,1.8379235522965631,1.2486672069464948,-0.8349600223009475,9.519999787211418
21:06:18.437113,408,2.001357939786008,1.812692328858712,1.1032496170736499,-0.8349600223009475,18.999999575316906
21:06:18.437113,408,2.036141964588974,1.745870294425173,0.8750840615046935,-0.974120026017772,24.759999446570873
21:06:18.437113,408,2.0800582517392274,1.714945282427454,0.7495523805134074,-0.974120026017772,18.35999958962202
21:06:18.437113,408,3.0340915738918186,2.0861293383805948,1.4024055814198113,-0.4872000130126253,6.5199998542666435
21:06:18.437113,408,3.1332197410996963,2.1143668416162824,1.233900209789609,-0.4872000130126253,7.1199998408555984
21:06:18.437113,408,3.16750114959123,1.9589475987830813,1.2788173673763874,-0.4872000130126253,9.999999776482582
21:06:18.456946,409,1.824666118670395,1.918695083960206,0.9585341764179076,-0.8349600223009475,23.759999468922615
21:06:18.456946,409,1.8715960136416083,1.8969342685165906,0.8346065916414624,-0.974120026017772,30.51999931782484
21:06:18.456946,409,1.8458032150880967,1.9009679310095238,0.9632841527351459,-0.8349600223009475,29.519999340176582
21:06:18.456946,409,1.892841316594334,1.8787532812208827,0.8394781725049478,-0.974120026017772,37.239999167621136
21:06:18.456946,409,1.8370797888459351,1.8823692664578962,1.0937171913117405,-0.8349600223009475,18.639999583363533
21:06:18.456946,409,1.8875215763640103,1.8649055813893847,0.972947030193031,-0.8349600223009475,36.35999918729067
21:06:18.456946,409,1.9138973370012242,1.860367992523631,0.8444044957639893,-0.974120026017772,44.99999899417162
21:06:18.456946,409,1.8575155164391086,1.8645255930439049,1.098498389193024,-0.8349600223009475,21.7599995136261
21:06:18.456946,409,1.9080986694210462,1.8465739909246748,0.9778589650540281,-0.8349600223009475,43.75999902188778
21:06:18.456946,409,1.9554331269785514,1.8229918852244795,0.854419393531016,-0.7655200204462744,52.63999882340431
21:06:18.456946,409,1.8978276966584136,1.8282505547176344,1.1082182564179561,-0.8349600223009475,24.51999945193529
21:06:18.456946,409,1.9284849542097464,1.8280445608927556,0.9828239108672898,-0.8349600223009475,49.99999888241291
21:06:18.456946,409,1.9759087430047892,1.8040048042019963,0.8595069665576147,-0.7655200204462744,58.63999868929386
21:06:18.456946,409,1.9177001181002968,1.8098228172787962,1.1131559537830258,-0.8349600223009475,26.359999410808086
21:06:18.456946,409,1.96867696382107,1.7903996134357045,0.9929108441375187,-0.8349600223009475,53.23999880999327
21:06:18.456946,409,2.0206730523809866,1.7770151574086595,0.8961564425524575,-0.7655200204462744,60.63999864459038
21:06:18.456946,409,2.0562044696372075,1.8700008966619994,0.9481355947862828,-0.7655200204462744,37.119999170303345
21:06:18.456946,409,1.9024887377896995,1.7873617459902011,1.2400810199641656,-0.8349600223009475,7.239999838173389
21:06:18.456946,409,1.95686768771977,1.7723961194569673,1.1231844072397483,-0.8349600223009475,26.6399994045496
21:06:18.456946,409,1.988478669476405,1.7712878604737792,0.9980318229096097,-0.8349600223009475,51.879998840391636
21:06:18.456946,409,2.040593291132866,1.7574005841488405,0.9014121516173073,-0.7655200204462744,57.879998706281185
21:06:18.456946,409,2.0274835819145576,1.7324953516884363,1.0084262443110195,-0.8349600223009475,46.63999895751476
21:06:18.456946,409,2.072554607854667,1.7710087796804552,0.9863835274856694,-0.7655200204462744,51.639998845756054
21:06:18.456946,409,2.162696659734885,1.848035635664495,0.9422980938349685,-0.7655200204462744,8.759999804198742
21:06:18.456946,409,2.050304831924107,1.723334444428678,1.0398870793700203,-0.8349600223009475,39.639999113976955
21:06:18.456946,409,2.0921807153826824,1.7508944854687845,0.9917731363760085,-0.7655200204462744,43.87999901920557
21:06:18.456946,409,2.0881544081591588,1.6833586661770004,1.050598556869363,-0.8349600223009475,32.63999927043915
21:06:18.456946,409,2.1308033398097375,1.710102233000606,1.0027033874823035,-0.7655200204462744,36.23999918997288
21:06:18.456946,409,3.0340915738918186,2.0861293383805948,1.4024055814198113,-0.4872000130126253,6.5199998542666435
21:06:18.456946,409,3.128578235762015,2.051343547151957,1.371802983681111,-0.4872000130126253,6.9999998435378075
21:06:18.488846,410,1.8600402437620585,1.8743312175440532,1.1244101909337008,-0.8349600223009475,28.519999362528324
21:06:18.488846,410,1.9004072161281567,1.8380068743373692,1.1341432693615225,-0.8349600223009475,33.87999924272299
21:06:18.488846,410,1.9436138144100064,1.8797947732596687,1.1144576337709822,-0.8349600223009475,25.999999418854713
21:06:18.488846,410,1.9203066480821693,1.8195540899948577,1.1390876780242043,-0.8349600223009475,39.35999912023544
21:06:18.488846,410,1.9612998781541586,1.8509699392029102,1.0929931622937288,-0.8349600223009475,30.23999932408333
21:06:18.488846,410,1.8954223960233665,1.7095212132703734,1.2674755417698833,-0.8349600223009475,9.63999978452921
21:06:18.488846,410,1.9338549922699115,1.7229716400264763,1.1734554693171682,-0.8349600223009475,32.239999279379845
21:06:18.488846,410,1.9788449061130644,1.7630554859967478,1.1542264333389836,-0.8349600223009475,47.35999894142151
21:06:18.488846,410,2.016884249703105,1.7244584204174676,1.164568485891163,-0.8349600223009475,47.51999893784523
21:06:18.488846,410,2.0599391441696855,1.7538442403769468,1.119017914858454,-0.8349600223009475,37.99999915063381
21:06:18.488846,410,2.035602337376085,1.7048862504775062,1.1698128330207003,-0.8349600223009475,44.75999899953604
21:06:18.488846,410,2.0790568111886274,1.733854258799371,1.1243742142788786,-0.7655200204462744,36.75999917834997
21:06:18.488846,410,2.1308033398097375,1.710102233000606,1.0027033874823035,-0.7655200204462744,20.87999953329563
21:06:18.488846,410,2.0724259856997183,1.6652044221042042,1.1804455468875168,-0.8349600223009475,39.87999910861254
21:06:18.488846,410,2.1166665424481956,1.6933253332596825,1.1352339071473392,-0.7655200204462744,33.639999248087406
21:06:18.488846,410,2.1978369031761207,1.6598254447347691,0.8838497675148993,-0.5566400148672983,9.239999793469906
21:06:18.488846,410,2.0876902841116696,1.6356042562440765,1.159837676518791,-0.8349600223009475,34.23999923467636
21:06:18.488846,410,2.1433580691274794,1.6220441610995942,1.067027728989168,-0.7655200204462744,29.35999934375286
21:06:18.488846,410,3.0978080210605192,1.9972782736922694,1.4262131524496935,-0.4872000130126253,9.519999787211418
21:06:18.488846,410,3.1498618009710477,2.0210207582379627,1.3799279504828752,-0.4872000130126253,7.639999829232693
21:06:18.488846,410,3.0844960274705877,1.9415175755741638,1.593653349570952,-0.4872000130126253,5.639999873936176
21:06:18.529624,411,1.8105155725512936,1.7970402710526026,0.8899529915450453,-0.7655200204462744,35.23999921232462
21:06:18.529624,411,1.8306557990501653,1.7794546175694488,0.8946650531942302,-0.7655200204462744,41.999999061226845
21:06:18.529624,411,1.8232644785127736,1.7644751912227257,1.0233034219279988,-0.7655200204462744,33.359999254345894
21:06:18.529624,411,1.8703850642098434,1.7437041171375287,0.9042443709139716,-0.7655200204462744,49.75999888777733
21:06:18.529624,411,1.8427443877542387,1.7467695808548211,1.028047625927579,-0.7655200204462744,38.239999145269394
21:06:18.529624,411,1.8899701299774192,1.7255428452088544,0.909110669060782,-0.7655200204462744,57.879998706281185
21:06:18.529624,411,1.9329394364911041,1.7647738247054254,0.8843088178091982,-0.7655200204462744,38.239999145269394
21:06:18.529624,411,1.8811494580049324,1.710798330209409,1.0376860934887546,-0.7655200204462744,42.75999904423952
21:06:18.529624,411,1.9285713356330492,1.6886573383043548,0.9189941108482551,-0.7655200204462744,65.23999854177237
21:06:18.529624,411,1.9724182576239873,1.727049709493338,0.8944169640154556,-0.7655200204462744,43.359999030828476
21:06:18.529624,411,2.016265179614926,1.7654420806823206,0.8698398171826565,-0.4872000130126253,17.11999961733818
21:06:18.529624,411,2.0562044696372075,1.8700008966619994,0.9481355947862828,-0.41748001115047373,6.6399998515844345
21:06:18.529624,411,1.9407699761122807,1.6655501976890326,1.0775268548821335,-0.7655200204462744,46.759998954832554
21:06:18.529624,411,1.9824125559744483,1.6939819236964166,1.03046896113637,-0.7655200204462744,71.3599984049797
21:06:18.529624,411,2.0301523764354985,1.6690525657339783,0.9099572518490879,-0.7655200204462744,50.1199988797307
21:06:18.529624,411,1.915560360784736,1.699643771676771,1.297489876610801,-0.7655200204462744,16.639999628067017
21:06:18.529624,411,2.001185061094936,1.6747424646980087,1.035624158637805,-0.6263600167294499,68.23999847471714
21:06:18.529624,411,2.041734667779204,1.6459375483013492,1.0717037818155057,-0.6263600167294499,61.99999861419201
21:06:18.529624,411,2.084465601716918,1.6729133156076927,1.0243912027622568,-0.6263600167294499,47.75999893248081
21:06:18.529624,411,2.1835690482180734,1.6925193176138058,0.905146826009791,-0.41748001115047373,13.239999704062939
21:06:18.529624,411,2.069612976396057,1.6556826560507638,1.15445768550528,-0.6263600167294499,54.119998790323734
21:06:18.529624,411,2.1030452306310807,1.652689023219543,1.0298102855751523,-0.6263600167294499,43.63999902456999
21:06:18.529624,411,2.151058680201143,1.6244981260237492,0.9076056360114695,-0.4872000130126253,27.519999384880066
21:06:18.529624,411,2.202641720284356,1.6713353702499,0.9108230475984529,-0.41748001115047373,14.759999670088291
21:06:18.529624,411,2.09052786401639,1.645098731820455,1.1858328503623177,-0.6263600167294499,46.23999896645546
21:06:18.529624,411,2.1876635560936286,1.5825878913320928,0.9188354495516975,-0.4872000130126253,26.359999410808086
21:06:18.529624,411,2.2401243922117815,1.628420115408912,0.9223221554760714,-0.41748001115047373,15.239999659359455
21:06:18.529624,411,2.2878026517583097,1.6630790107734665,0.8993851238730972,-0.41748001115047373,6.11999986320734
21:06:18.529624,411,2.2056387569463443,1.5613696941534518,0.9245208483505587,-0.4872000130126253,24.119999460875988
21:06:18.529624,411,2.2585306438371346,1.6066930994213595,0.9281438918638742,-0.41748001115047373,14.6399996727705
21:06:18.529624,411,2.2409256971193425,1.5184177489280721,0.9360297873870449,-0.4872000130126253,21.239999525249004
21:06:18.529624,411,2.294663775546473,1.5627111535118487,0.9399288187518768,-0.41748001115047373,13.239999704062939
21:06:18.529624,411,2.3247967011889914,1.5068644829488278,0.92483553369893,-0.41748001115047373,11.639999739825726
21:06:18.529624,411,2.3590052921420344,1.4616209227255792,0.9369585091234582,-0.41748001115047373,10.119999773800373
21:06:18.529624,411,2.9828489576716763,2.050896807499828,1.412498322756331,-0.4872000130126253,5.119999885559082
21:06:18.552345,412,1.8207977585451198,1.7443147765472415,1.3984834302872606,-0.8349600223009475,5.119999885559082
21:06:18.552345,412,1.904302438086567,1.7961375477377,1.2657490901818056,-0.6958000185841229,22.519999496638775
21:06:18.552345,412,1.8829487724438798,1.7609130356380698,1.3633131687040327,-0.8349600223009475,13.519999697804451
21:06:18.552345,412,1.9859207626829851,1.7042981701042348,1.0560661003336445,-0.5566400148672983,25.75999942421913
21:06:18.552345,412,2.0860594952210594,1.6094087634152854,0.9259387605139031,-0.27832000743364915,24.51999945193529
21:06:18.552345,412,2.1876635560936286,1.5825878913320928,0.9188354495516975,-0.27832000743364915,27.239999391138554
21:06:18.552345,412,2.2352378108376283,1.6170038047330744,0.8953237913719296,-0.41748001115047373,13.999999687075615
21:06:18.552345,412,2.2056387569463443,1.5613696941534518,0.9245208483505587,-0.27832000743364915,26.75999940186739
21:06:18.552345,412,2.2536039112791126,1.5953241838062646,0.9011328282914812,-0.41748001115047373,14.51999967545271
21:06:18.552345,412,2.2409256971193425,1.5184177489280721,0.9360297873870449,-0.27832000743364915,24.879999443888664
21:06:18.552345,412,2.2896582225939164,1.551438179603575,0.9128920476766207,-0.41748001115047373,14.239999681711197
21:06:18.552345,412,2.2753162969321714,1.4747927479285492,0.9477190711746741,-0.27832000743364915,21.99999950826168
21:06:18.552345,412,2.3247967011889914,1.5068644829488278,0.92483553369893,-0.41748001115047373,13.239999704062939
21:06:18.552345,412,2.3087968006040573,1.4305121405728434,0.9595840241559952,-0.27832000743364915,18.999999575316906
21:06:18.552345,412,2.3590052921420344,1.4616209227255792,0.9369585091234582,-0.41748001115047373,11.999999731779099
21:06:18.552345,412,3.1252933656182584,2.019733351047329,1.262529874145864,-0.3480400092958007,5.239999882876873
21:06:18.552345,412,3.0450324738661068,1.953759951403234,1.4005643275097732,-0.4872000130126253,7.999999821186066
21:06:18.552345,412,3.1146885892349245,1.9262855622408301,1.2908418306724052,-0.4872000130126253,9.519999787211418
21:06:18.592819,413,1.7839988868751855,1.733461366478219,-0.9295916213204902,-0.4872000130126253,22.239999502897263
21:06:18.592819,413,1.8030592792717677,1.7161370618805931,-0.9249495878941256,-0.4872000130126253,25.75999942421913
21:06:18.592819,413,1.847000823463734,1.6863118657122835,-1.0660874796876345,-0.4872000130126253,27.239999391138554
21:06:18.592819,413,1.8406372628199845,1.6809404835085573,-0.9155186931429999,-0.4872000130126253,28.999999351799488
21:06:18.592819,413,1.8847244136421109,1.6502649671153717,-1.0564287423189456,-0.4872000130126253,31.75999929010868
21:06:18.592819,413,1.8258752850060467,1.660527629063836,-0.7928355047313985,-0.7655200204462744,13.519999697804451
21:06:18.592819,413,1.8956191895415768,1.6268022252738301,-0.9010123905693772,-0.4872000130126253,31.359999299049377
21:06:18.592819,413,1.9578952127949163,1.5760213586076635,-1.0365352273761326,-0.4872000130126253,40.51999909430742
21:06:18.592819,413,1.9976708504560905,1.5484266492008187,-1.0016428255357552,-0.4872000130126253,39.11999912559986
21:06:18.592819,413,2.039686324823825,1.7918191924700186,-0.6071148268969507,-0.4872000130126253,24.51999945193529
21:06:18.592819,413,2.015119770176863,1.7348454103602986,-0.5667503671446896,-0.4872000130126253,35.63999920338392
21:06:18.592819,413,2.101615029932546,1.773028798467499,-0.7314584590342719,-0.6263600167294499,8.119999818503857
21:06:18.592819,413,2.184150796286503,1.7691169950817012,-0.7477188043585553,-0.13916000371682458,4.999999888241291
21:06:18.592819,413,3.032055017705559,1.9468602336882075,-0.07207519657536907,-0.41748001115047373,5.999999865889549
21:06:18.592819,413,3.1242682903709005,1.9189300971568561,-0.07334011227553335,-0.41748001115047373,10.519999764859676
21:06:18.592819,413,3.1746036631347065,1.9498461558211426,-0.18643480086345607,-0.41748001115047373,8.119999818503857
21:06:18.622906,414,1.7909191611160173,1.676016259555186,0.8273191735520573,-1.2524400334514212,26.6399994045496
21:06:18.622906,414,1.7864561283496938,1.602871320461429,0.8637522491121263,-0.4872000130126253,30.759999312460423
21:06:18.622906,414,1.8278610328254896,1.704060233094053,0.9291568596054494,-0.4872000130126253,31.999999284744263
21:06:18.622906,414,1.8047898724505225,1.5855267900074665,0.8683997020403627,-0.4872000130126253,36.51999918371439
21:06:18.622906,414,1.847000823463734,1.6863118657122835,0.9339125203123655,-0.4872000130126253,38.1199991479516
21:06:18.622906,414,1.8409141129151536,1.5503108205764606,0.8778357926100797,-0.4872000130126253,42.9999990388751
21:06:18.622906,414,1.8847244136421109,1.6502649671153717,0.9435712576810544,-0.4872000130126253,44.519999004900455
21:06:18.622906,414,1.9578952127949163,1.5760213586076635,0.9634647726238674,-0.4872000130126253,53.87999879568815
21:06:18.622906,414,2.003444407170743,1.6126864991803287,0.9393504358398526,-0.6263600167294499,18.23999959230423
21:06:18.622906,414,1.9469399840293555,1.502077136015918,0.9975680093294685,-0.4872000130126253,59.75999866425991
21:06:18.622906,414,1.9933131544265903,1.5378543451490403,0.9736915930576133,-0.4872000130126253,50.75999886542559
21:06:18.622906,414,2.015119770176863,1.5290461976501775,1.0035501508061895,-0.4872000130126253,45.35999898612499
21:06:18.622906,414,2.1030452306310807,1.652689023219543,1.0298102855751523,-0.27832000743364915,5.239999882876873
21:06:18.622906,414,1.9565665182190555,1.5667386637734106,1.3389870500023178,-0.4872000130126253,36.75999917834997
21:06:18.622906,414,1.9295096073859694,1.5331152820540177,1.4322044254223352,-0.6958000185841229,17.999999597668648
21:06:18.622906,414,3.0820280193271574,1.8640785919021061,1.3107698995584278,-0.41748001115047373,5.239999882876873
21:06:18.652735,415,1.6698545207231708,1.568209876091757,0.7867134036050534,-1.1830000315967482,25.879999421536922
21:06:18.652735,415,1.6468706386505232,1.5141241934175664,0.8205566422965749,-1.1830000315967482,29.519999340176582
21:06:18.652735,415,1.6880586844767966,1.5519922658705758,0.7910588991669816,-1.1830000315967482,32.239999279379845
21:06:18.652735,415,1.72924673030307,1.5898603383235852,0.7615611560373883,-1.1830000315967482,25.119999438524246
21:06:18.652735,415,1.6644659414447258,1.4981315328913913,0.8248418627693885,-1.1830000315967482,36.35999918729067
21:06:18.652735,415,1.7060940437762318,1.535599630738517,0.7954512925124348,-1.1830000315967482,40.879999086260796
21:06:18.652735,415,1.747722146107738,1.5730677285856427,0.7660607222554809,-1.1830000315967482,30.999999307096004
21:06:18.652735,415,1.6991554685630126,1.465640362673569,0.8335478455903962,-1.1830000315967482,44.63999900221825
21:06:18.652735,415,1.741651151989905,1.5022958600793035,0.8043750109654824,-1.1830000315967482,51.759998843073845
21:06:18.652735,415,1.784146835416797,1.5389513574850386,0.7752021763405683,-1.1830000315967482,38.359999142587185
21:06:18.652735,415,1.716246223963448,1.4491451020717223,0.837967737347602,-0.904680024163099,53.99999879300594
21:06:18.652735,415,1.759169345223111,1.4853880549013132,0.8089054437087075,-1.1830000315967482,64.63999855518341
21:06:18.652735,415,1.8020924664827744,1.521631007730905,0.7798431500698129,-1.1830000315967482,46.879998952150345
21:06:18.652735,415,1.7499111733117005,1.41566347727841,0.8469391116722518,-0.904680024163099,62.99999859184027
21:06:18.652735,415,1.7936762510942097,1.4510690585112527,0.8181011910764708,-0.904680024163099,77.11999827623367
21:06:18.652735,415,1.8374413288767184,1.4864746397440955,0.7892632704806899,-1.1830000315967482,55.23999876528978
21:06:18.652735,415,1.8847619071692994,1.5872368832394095,0.8511075357404083,-0.41748001115047373,18.759999580681324
21:06:18.652735,415,1.7664820007927875,1.3986804612213728,0.8514896971097796,-0.904680024163099,69.2399984523654
21:06:18.652735,415,1.8106615130704244,1.4336612991700688,0.8227655861339764,-0.904680024163099,84.87999810278416
21:06:18.652735,415,1.8548410253480616,1.4686421371187646,0.7940414751581732,-1.1830000315967482,61.23999863117933
21:06:18.652735,415,1.75937025646106,1.4464340089477399,1.0553473662233155,-0.904680024163099,27.519999384880066
21:06:18.652735,415,1.8035045167959962,1.424921871445993,0.9451015566683221,-0.904680024163099,70.23999843001366
21:06:18.652735,415,1.8440871627141986,1.3983579618280682,0.832225086864889,-0.904680024163099,83.8799981251359
21:06:18.652735,415,1.8937153991110194,1.496196136664624,0.8923357784629218,-0.41748001115047373,62.35999860614538
21:06:18.652735,415,1.9388208402685307,1.5318332692739394,0.8659528893602217,-0.41748001115047373,21.119999527931213
21:06:18.652735,415,1.8199080334974995,1.407421987196395,0.9497906365206399,-0.904680024163099,65.63999853283167
21:06:18.652735,415,1.876775202113361,1.3624159940153397,0.8418557081146951,-0.904680024163099,74.63999833166599
21:06:18.652735,415,1.9109394159559547,1.477820912218279,0.8972594050140605,-0.41748001115047373,58.11999870091677
21:06:18.652735,415,1.852167476925466,1.37195127990845,0.9592949838934057,-0.904680024163099,57.35999871790409
21:06:18.652735,415,1.8984899731356422,1.4062636240975401,0.9332670707780468,-0.904680024163099,61.75999861955643
21:06:18.652735,415,1.9448124693458184,1.4405759682866306,0.9072391576626884,-0.41748001115047373,50.519998870790005
21:06:18.652735,415,1.8703893423512774,1.412534213757628,1.0501408469908908,-0.904680024163099,48.119998924434185
21:06:18.652735,415,1.9147391481742,1.3878469885878155,0.9382017933901758,-0.904680024163099,49.239998899400234
21:06:18.652735,415,1.9614581186137867,1.421709973264517,0.9122942857932732,-0.41748001115047373,41.879999063909054
21:06:18.652735,415,1.901757996204722,1.4325656160723181,1.147407549241111,-0.904680024163099,39.519999116659164
21:06:18.652735,415,1.946661475562554,1.3505474802151574,0.9481961665367076,-0.904680024163099,38.99999912828207
21:06:18.652735,415,1.9941593397073438,1.383500369837535,0.9225325181746464,-0.41748001115047373,34.11999923735857
21:06:18.652735,415,3.1209879454810676,1.8041600627308965,1.326825021061514,-0.41748001115047373,10.759999759495258
21:06:18.652735,415,3.1746036631347065,1.8351538820647424,1.3152604907804792,-0.41748001115047373,6.359999857842922
21:06:18.652735,415,3.104220618535209,1.7134303121866812,1.3544086814306795,-0.41748001115047373,9.63999978452921
21:06:18.685250,416,1.647959878731179,1.804817461396821,-0.6501567324128542,-0.7655200204462744,24.119999460875988
21:06:18.685250,416,1.622551954172518,1.7769911371682048,-0.5380997068372236,-0.7655200204462744,25.75999942421913
21:06:18.685250,416,1.6659253548367476,1.7882478975194136,-0.6501567324128542,-0.7655200204462744,30.23999932408333
21:06:18.685250,416,1.705793492123577,1.868155845209076,-0.5657057548611145,-0.8349600223009475,24.51999945193529
21:06:18.685250,416,1.6577649072880738,1.744186875804187,-0.5380997068372236,-0.7655200204462744,31.87999928742647
21:06:18.685250,416,1.70135475375499,1.7545739747146158,-0.6501567324128542,-0.7655200204462744,38.359999142587185
21:06:18.685250,416,1.7428129700567818,1.8336686317767021,-0.5657057548611145,-0.8349600223009475,30.35999932140112
21:06:18.685250,416,1.675123597408994,1.7275222947814473,-0.5380997068372236,-0.7655200204462744,39.639999113976955
21:06:18.685250,416,1.7188151336574549,1.737472983151293,-0.6501567324128542,-0.7655200204462744,49.359998896718025
21:06:18.685250,416,1.761062210436364,1.8161491102695757,-0.5657057548611145,-0.8349600223009475,38.1199991479516
21:06:18.685250,416,1.7093367256783576,1.693676564108566,-0.5380997068372236,-0.7655200204462744,48.63999891281128
21:06:18.685250,416,1.753183647669296,1.7371217806470907,-0.5519027308491691,-0.6958000185841229,63.11999858915806
21:06:18.685250,416,1.797030569660234,1.780566997185615,-0.5657057548611145,-0.8349600223009475,47.63999893516302
21:06:18.685250,416,1.844901939349393,1.8279997912725314,-0.5535652781435304,-0.5566400148672983,22.519999496638775
21:06:18.685250,416,1.726187742542638,1.6764987990031361,-0.5380997068372236,-0.7655200204462744,57.35999871790409
21:06:18.685250,416,1.770466917120686,1.7195033813967076,-0.5519027308491691,-0.5566400148672983,77.99999825656414
21:06:18.685250,416,1.75937025646106,1.641642057893118,-0.5380997068372236,-0.7655200204462744,63.51999858021736
21:06:18.685250,416,1.804500609790133,1.6837525152232362,-0.5519027308491691,-0.5566400148672983,89.51999799907207
21:06:18.685250,416,1.849630963119206,1.7258629725533547,-0.5657057548611145,-0.5566400148672983,68.75999846309423
21:06:18.685250,416,1.7339316192444665,1.5857686891410165,-0.5008249221388935,-0.7655200204462744,17.879999600350857
21:06:18.685250,416,1.7756984352916103,1.6239665675334372,-0.5380997068372236,-0.7655200204462744,64.11999856680632
21:06:18.685250,416,1.8212476296674367,1.6656236233568134,-0.5519027308491691,-0.5566400148672983,91.35999795794487
21:06:18.685250,416,1.8667968240432633,1.7072806791801896,-0.5657057548611145,-0.5566400148672983,74.63999833166599
21:06:18.685250,416,1.8078204728376515,1.5881301846991187,-0.5380997068372236,-0.7655200204462744,58.75999868661165
21:06:18.685250,416,1.854193643234886,1.6288679862532989,-0.5519027308491691,-0.5566400148672983,82.35999815911055
21:06:18.685250,416,1.900566813632121,1.6696057878074786,-0.5657057548611145,-0.5566400148672983,73.35999836027622
21:06:18.685250,416,1.9469399840293555,1.7103435893616585,-0.5795087788730598,-0.5566400148672983,34.99999921768904
21:06:18.685250,416,1.8236111193762998,1.5699728758327403,-0.5380997068372236,-0.7655200204462744,50.1199988797307
21:06:18.685250,416,1.8703893423512774,1.610244916549123,-0.5519027308491691,-0.5566400148672983,67.75999848544598
21:06:18.685250,416,1.9213587951231166,1.6541252468989367,-0.5403801891423712,-0.5566400148672983,65.51999853551388
21:06:18.685250,416,2.008177089053373,1.694199822804152,-0.6989377683857048,-0.5566400148672983,7.759999826550484
21:06:18.685250,416,1.8546437728856333,1.5331891015983479,-0.5380997068372236,-0.7655200204462744,40.879999086260796
21:06:18.685250,416,1.9022180276296328,1.5725175861065483,-0.5519027308491691,-0.5566400148672983,53.119998812675476
21:06:18.685250,416,1.9540548349326121,1.615369819608471,-0.5403801891423712,-0.5566400148672983,54.75999877601862
21:06:18.685250,416,1.869882676616967,1.5145663145769397,-0.5380997068372236,-0.7655200204462744,32.75999926775694
21:06:18.685250,416,1.9178478309497353,1.5534170980695854,-0.5519027308491691,-0.5566400148672983,41.11999908089638
21:06:18.685250,416,1.9818196137176407,1.6052329197119344,-0.4640894234952232,-0.5566400148672983,44.11999901384115
21:06:18.685250,416,1.9490276274013558,1.5466531747985173,-0.45276580268855987,-0.5566400148672983,31.999999284744263
21:06:18.685250,416,3.077200797907053,1.847897948246798,-0.3239222994744465,-0.41748001115047373,6.11999986320734
21:06:18.685250,416,3.1312055011444615,1.8803284546914736,-0.32960711785451274,-0.20888000557897612,7.759999826550484
21:06:18.708001,417,0.05745275771308259,0.2347725284406034,-0.07476661421581668,-3.33984008920379,5.119999885559082
21:06:18.708001,417,1.6566597851361202,1.6746429342999234,-0.7286789683899209,-0.6958000185841229,32.119999282062054
21:06:18.708001,417,1.673323102703785,1.6579928814822134,-0.7286789683899209,-0.6958000185841229,39.11999912559986
21:06:18.708001,417,1.716246223963448,1.7005227607293998,-0.747370621943875,-0.6958000185841229,36.87999917566776
21:06:18.708001,417,1.6623810177466827,1.5825340953416145,-0.7099873148359668,-0.6958000185841229,26.519999407231808
21:06:18.708001,417,1.7061460955291916,1.6241970637205352,-0.7286789683899209,-0.6958000185841229,47.51999893784523
21:06:18.708001,417,1.7499111733117005,1.6658600320994559,-0.747370621943875,-0.6958000185841229,44.11999901384115
21:06:18.708001,417,1.754096989666327,1.572289525479148,-0.7286789683899209,-0.5566400148672983,65.23999854177237
21:06:18.708001,417,1.6835408637277185,1.5090463533939122,-0.6014399665796253,-0.5566400148672983,5.879999868571758
21:06:18.708001,417,1.7393972121042915,1.4974719194719535,-0.7099873148359668,-0.6958000185841229,33.7599992454052
21:06:18.708001,417,1.7851898754406479,1.5368954778097688,-0.7286789683899209,-0.5566400148672983,70.63999842107296
21:06:18.708001,417,1.8004693149813191,1.5189670328544373,-0.7286789683899209,-0.5566400148672983,70.51999842375517
21:06:18.708001,417,1.852167476925466,1.5945574521760264,-0.6501567324128542,-0.5566400148672983,72.23999838531017
21:06:18.708001,417,1.8304865478667094,1.4826562646705845,-0.7286789683899209,-0.5566400148672983,64.87999854981899
21:06:18.708001,417,1.8680201777346135,1.575956359309131,-0.6501567324128542,-0.5566400148672983,71.63999839872122
21:06:18.708001,417,1.8597716105718447,1.4457524537758601,-0.7286789683899209,-0.5566400148672983,55.99999874830246
21:06:18.708001,417,1.8991636114177641,1.5382832664815618,-0.6501567324128542,-0.5566400148672983,66.51999851316214
21:06:18.708001,417,1.949792282373632,1.6118460706147488,-0.5657057548611145,-0.5566400148672983,38.6399991363287
21:06:18.708001,417,1.9973665371176315,1.6511745551229495,-0.5795087788730598,-0.5566400148672983,9.119999796152115
21:06:18.708001,417,1.8741359060274616,1.427082761029135,-0.7286789683899209,-0.5566400148672983,46.51999896019697
21:06:18.708001,417,1.929547405012149,1.4999948808850747,-0.6501567324128542,-0.5566400148672983,58.35999869555235
21:06:18.708001,417,1.9658129852825037,1.5922678815622313,-0.5657057548611145,-0.5566400148672983,36.87999917566776
21:06:18.708001,417,1.902300843200879,1.389317135518431,-0.7286789683899209,-0.5566400148672983,37.99999915063381
21:06:18.708001,417,1.9444506269258823,1.4806247297401496,-0.6501567324128542,-0.5566400148672983,49.359998896718025
21:06:18.708001,417,1.9972630697464726,1.5526358008196515,-0.5657057548611145,-0.5566400148672983,33.639999248087406
21:06:18.708001,417,1.9784338713912537,1.475481074018014,-0.5519027308491691,-0.5566400148672983,41.11999908089638
21:06:18.708001,417,2.0279142756480737,1.5123826864860404,-0.5657057548611145,-0.5566400148672983,29.759999334812164
21:06:18.708001,417,2.0075458513761943,1.4356199489683081,-0.5519027308491691,-0.5566400148672983,33.99999924004078
21:06:18.708001,417,2.0577543429141714,1.47152463926971,-0.5657057548611145,-0.5566400148672983,25.63999942690134
21:06:18.708001,417,2.021801434824605,1.4154730450964808,-0.5519027308491691,-0.5566400148672983,28.11999937146902
21:06:18.708001,417,3.165165893365809,1.8156015996373638,-0.3661141064315747,-0.4872000130126253,6.5199998542666435
21:06:18.708001,417,3.1383118190713386,1.7587246813971837,-0.21611028479196234,-0.4872000130126253,8.639999806880951
21:06:18.708001,417,3.1188895358343993,1.6667704246782153,-0.17696374804832976,-0.41748001115047373,6.5199998542666435
21:06:18.747403,418,0.016337038153815736,0.23541152110541155,2.091233343661876,3.1312400836322922,5.879999868571758
21:06:18.747403,418,1.777150928463293,1.3166272072501806,1.2374463005646863,-0.4872000130126253,7.1199998408555984
21:06:18.747403,418,1.836075371876635,1.3855117769639662,1.3063205762072694,-0.4872000130126253,19.999999552965164
21:06:18.747403,418,1.9064923793608275,1.4278894193759168,1.3625501952819254,-0.4872000130126253,25.359999433159828
21:06:18.747403,418,1.9218389919969114,1.4093998449932157,1.3675044618061654,-0.4872000130126253,24.35999945551157
21:06:18.747403,418,1.9798070344112795,1.4017709362647928,1.28498674396117,-0.4872000130126253,18.879999577999115
21:06:18.747403,418,1.951954154971497,1.3719806300505641,1.3775309102314555,-0.4872000130126253,22.359999500215054
21:06:18.747403,418,2.0577543429141714,1.2749682298091636,1.072711599318679,-0.41748001115047373,9.759999781847
21:06:18.777520,419,1.728047926378066,1.2525288956702458,1.041729422561989,-0.27832000743364915,27.239999391138554
21:06:18.777520,419,1.7835319603567958,1.2116414107691504,0.9403087070253093,-0.27832000743364915,68.51999846845865
21:06:18.777520,419,1.8304865478667094,1.2435399827696287,0.9124104867211889,-0.27832000743364915,76.99999827891588
21:06:18.777520,419,1.812065819486508,1.176909446240644,0.9496151088722689,-0.27832000743364915,71.51999840140343
21:06:18.777520,419,1.8452213395132886,1.225787529337498,0.9171672422819994,-0.27832000743364915,86.75999806076288
21:06:18.777520,419,1.8260616503015215,1.1593384937965414,0.9543232313899119,-0.27832000743364915,69.11999845504761
21:06:18.777520,419,1.8741359060274616,1.1898601003449831,0.9267939678666703,-0.27832000743364915,90.63999797403812
21:06:18.777520,419,1.8535041167150408,1.1237954337755467,0.9638469656190682,-0.27832000743364915,62.35999860614538
21:06:18.777520,419,1.902300843200879,1.1533813073182329,0.9365684309990501,-0.27832000743364915,86.87999805808067
21:06:18.777520,419,1.9510975696867172,1.1829671808609188,0.9092898963790317,-0.27832000743364915,52.879998818039894
21:06:18.777520,419,1.8802052062280736,1.0877293697426935,0.9735108383508404,-0.27832000743364915,53.35999880731106
21:06:18.777520,419,1.9297048854347023,1.1163657412874286,0.9464867220243849,-0.27832000743364915,77.23999827355146
21:06:18.777520,419,1.9792045646413314,1.1450021128321632,0.9194626056979294,-0.27832000743364915,50.75999886542559
21:06:18.777520,419,2.023033586728639,1.2546667317914548,0.9738873356465303,-0.4872000130126253,15.639999650418758
21:06:18.777520,419,1.9061542387613022,1.0511547276420756,0.9833109841651584,-0.27832000743364915,44.359999008476734
21:06:18.777520,419,1.956337071477911,1.078828207984786,0.9565448737586846,-0.27832000743364915,65.23999854177237
21:06:18.777520,419,2.0065199041945196,1.106501688327496,0.9297787633522105,-0.27832000743364915,46.11999896913767
21:06:18.777520,419,1.9282089327817917,1.089345256086074,1.0686869361517284,-0.27832000743364915,36.51999918371439
21:06:18.777520,419,1.9821867488116545,1.0407837219224612,0.9667388630755416,-0.27832000743364915,53.63999880105257
21:06:18.777520,419,2.0330326625751494,1.0674813070026987,0.9402342430165445,-0.27832000743364915,40.3599990978837
21:06:18.777520,419,2.0072435779101196,1.002247500386946,0.9770646125153297,-0.27832000743364915,43.63999902456999
21:06:18.777520,419,2.058732235033841,1.0279565764893384,0.9508248626386571,-0.4872000130126253,34.51999922841787
21:06:18.810040,420,1.728047926378066,1.2525288956702458,1.041729422561989,-0.4872000130126253,20.239999547600746
21:06:18.810040,420,1.7835319603567958,1.2116414107691504,0.9403087070253093,-0.4872000130126253,38.1199991479516
21:06:18.810040,420,1.8304865478667094,1.2435399827696287,0.9124104867211889,-0.6263600167294499,36.35999918729067
21:06:18.810040,420,1.9222101617534018,1.2203817068934246,0.8992647043434285,-0.6263600167294499,18.639999583363533
21:06:18.810040,420,2.0081577574787133,1.274136052751304,0.9686705468181565,-0.6263600167294499,5.239999882876873
21:06:18.810040,420,3.175279499245644,1.2550609201012075,1.3401291131751436,-0.4872000130126253,5.759999871253967
21:06:18.810040,420,3.226053418796937,1.3396030089239572,1.4212471416976813,-0.4872000130126253,6.7599998489022255
21:06:18.835908,421,1.8794730628776146,1.4016778490819606,-0.5242966828252782,-0.5566400148672983,55.75999875366688
21:06:18.835908,421,1.9243109524452275,1.4053918915367025,-0.6338963870885707,-0.5566400148672983,50.87999886274338
21:06:18.835908,421,1.8068347007039718,1.347505440195982,-0.3176350227425462,-0.4872000130126253,9.879999779164791
21:06:18.835908,421,1.8483557301932816,1.3784710913967166,-0.39580211568035095,-0.5566400148672983,36.35999918729067
21:06:18.835908,421,1.8947766686613599,1.4130910082603718,-0.43011856107523333,-0.5566400148672983,62.1199986115098
21:06:18.835908,421,1.9520320664847324,1.3666271700478934,-0.6338963870885707,-0.5566400148672983,57.759998708963394
21:06:18.835908,421,1.8707974929094513,1.3663091320564371,-0.3264611249670233,-0.4872000130126253,36.11999919265509
21:06:18.835908,421,1.9226576614262139,1.3749153932838332,-0.43011856107523333,-0.5566400148672983,63.999998569488525
21:06:18.835908,421,1.9789723937592936,1.3273158159369536,-0.6338963870885707,-0.5566400148672983,60.63999864459038
21:06:18.835908,421,2.0330326625751494,1.3053953247695242,-0.747370621943875,-0.6263600167294499,26.87999939918518
21:06:18.835908,421,1.8977477062207995,1.3286224246755718,-0.3264611249670233,-0.4872000130126253,34.35999923199415
21:06:18.835908,421,1.9532200564277848,1.3385544392824005,-0.4064606039418864,-0.5566400148672983,60.75999864190817
21:06:18.835908,421,2.005121158497682,1.2874735532206796,-0.6338963870885707,-0.5566400148672983,57.999998703598976
21:06:18.835908,421,2.0459847471847907,1.2850000682158433,-0.747370621943875,-0.6263600167294499,26.87999939918518
21:06:18.835908,421,1.9239388457865574,1.2904042860633222,-0.3264611249670233,-0.4872000130126253,31.239999301731586
21:06:18.835908,421,1.9757482697166933,1.3251533649357263,-0.33525234141195703,-0.4872000130126253,53.51999880373478
21:06:18.835908,421,2.030467901543116,1.2471163182722227,-0.6338963870885707,-0.5566400148672983,51.23999885469675
21:06:18.835908,421,2.0836083420847262,1.2230515270512814,-0.747370621943875,-0.6263600167294499,25.51999942958355
21:06:18.835908,421,2.004575345297489,1.287123090577926,-0.3114460355146078,-0.4872000130126253,44.75999899953604
21:06:18.835908,421,2.055002484536782,1.206260253446752,-0.6338963870885707,-0.5566400148672983,42.63999904692173
21:06:18.835908,421,2.1076510336171075,1.181137537088832,-0.747370621943875,-0.6263600167294499,23.11999948322773
21:06:18.835908,421,2.029915188716495,1.246776841255682,-0.3114460355146078,-0.4872000130126253,36.35999918729067
21:06:18.835908,421,2.078715093973045,1.1649217006247259,-0.6338963870885707,-0.5566400148672983,34.35999923199415
21:06:18.835908,421,2.101596245124718,1.1231171946753613,-0.6338963870885707,-0.5566400148672983,27.519999384880066
21:06:18.870623,422,1.8755719486982685,1.0893362029327425,1.3094270082498949,-0.5566400148672983,9.239999793469906
21:06:18.870623,422,1.924282998782466,1.1114841538740285,1.2685639561687347,-0.41748001115047373,16.8799996227026
21:06:18.870623,422,1.9772206578718783,1.0966766501099445,1.1876542647988406,-0.5566400148672983,16.8799996227026
21:06:18.870623,422,2.050443909822219,1.0772026350279837,1.154282614685348,-0.41748001115047373,11.639999739825726
21:06:18.870623,422,2.132037097296089,0.985818711570518,1.0627588937509098,-0.4872000130126253,5.879999868571758
21:06:18.902898,423,0.07446068813295639,0.19197670034347525,-0.14700189974461886,-1.878800050180871,5.359999880194664
21:06:18.902898,423,1.8977477062207995,1.3286224246755718,-0.3264611249670233,-0.41748001115047373,29.999999329447746
21:06:18.902898,423,1.9532200564277848,1.3385544392824005,-0.4064606039418864,-0.4872000130126253,24.759999446570873
21:06:18.902898,423,1.9239388457865574,1.2904042860633222,-0.3264611249670233,-0.41748001115047373,34.879999220371246
21:06:18.902898,423,1.9795987289390842,1.2992249413158385,-0.4064606039418864,-0.4872000130126253,30.23999932408333
21:06:18.902898,423,1.8966581283642605,1.217830239046296,-0.3176350227425462,-0.41748001115047373,18.35999958962202
21:06:18.902898,423,1.9493604355005767,1.2516700029648808,-0.3264611249670233,-0.41748001115047373,38.519999139010906
21:06:18.902898,423,2.005185588388501,1.2593757707187487,-0.4064606039418864,-0.4872000130126253,35.63999920338392
21:06:18.902898,423,1.9767391266075598,1.1870568143494973,-0.39580211568035095,-0.4872000130126253,39.639999113976955
21:06:18.902898,423,2.0263843782573043,1.2168694150501584,-0.43011856107523333,-0.4872000130126253,39.35999912023544
21:06:18.902898,423,2.0000833450236715,1.147287264861646,-0.39580211568035095,-0.4872000130126253,37.75999915599823
21:06:18.902898,423,2.050314880205843,1.1761010644227203,-0.43011856107523333,-0.4872000130126253,39.99999910593033
21:06:18.902898,423,2.103754870911256,1.1789541092115,-0.5140100111400527,-0.4872000130126253,19.119999572634697
21:06:18.902898,423,2.022627556804957,1.1070588157853234,-0.39580211568035095,-0.4872000130126253,33.639999248087406
21:06:18.902898,423,2.0734252835761264,1.1348622890716806,-0.43011856107523333,-0.4872000130126253,37.239999167621136
21:06:18.902898,423,2.0957063445153548,1.0931695839565991,-0.43011856107523333,-0.4872000130126253,32.239999279379845
21:06:18.930854,424,1.987914587586361,0.9439552272049403,1.4182279860699263,-0.3480400092958007,7.239999838173389
21:06:18.930854,424,2.0616318162425222,0.8802006685617098,1.330536179280826,-0.3480400092958007,14.119999684393406
21:06:18.930854,424,2.1204791286747486,0.8305601057272677,1.2346602232078399,-0.3480400092958007,11.359999746084213
21:06:18.957560,425,1.8672652727240402,1.0278725108934292,1.4048798710734478,-0.4872000130126253,14.51999967545271
21:06:18.957560,425,1.9206337898952086,1.0572502498514091,1.3878706762453392,-0.41748001115047373,23.11999948322773
21:06:18.957560,425,1.9766853627480707,1.0942197270273575,1.3928270957844533,-0.41748001115047373,18.879999577999115
21:06:18.957560,425,2.053943251301291,1.0328370335533645,1.3024531694102879,-0.41748001115047373,11.119999751448631
21:06:18.995482,426,1.9533181215297064,1.1465728290200439,-0.8012027597105601,-0.3480400092958007,5.639999873936176
21:06:18.995482,426,1.9452237567506372,1.0395499391311447,-0.7801930723591489,-0.3480400092958007,5.999999865889549
21:06:18.995482,426,2.002902148550261,0.896354898916396,-0.2868803648673578,-0.4872000130126253,4.999999888241291
21:06:19.026671,427,1.991857182797472,0.8003081142028046,1.0697996690975078,-0.27832000743364915,12.999999709427357
21:06:19.026671,427,1.8552949025464214,0.8812587340066079,1.3654218961907296,-0.3480400092958007,8.359999813139439
21:06:19.026671,427,1.9132612879715198,0.9146141949786933,1.3673218958126188,-0.41748001115047373,16.519999630749226
21:06:19.026671,427,1.964467971587995,0.9331155684533277,1.3280807494844278,-0.4872000130126253,17.11999961733818
21:06:19.026671,427,2.094203190658788,0.6260175283929179,1.0027929760122238,-0.27832000743364915,5.759999871253967
21:06:19.055446,428,-0.01372589166175598,0.22849028240858782,0.10776268752895128,-3.33984008920379,5.359999880194664
21:06:19.055446,428,1.8092685428824968,1.0620175632452442,-0.4691391441846584,-0.3480400092958007,11.759999737143517
21:06:19.055446,428,1.884154710635095,0.958974711375323,-0.6539862342276772,-0.3480400092958007,17.11999961733818
21:06:19.055446,428,1.9622445670754842,0.7628806583694356,-0.8654039026760849,-0.27832000743364915,14.879999667406082
21:06:19.055446,428,-2.0310462891498813,0.6300488836833237,-0.9752692681673761,-0.27832000743364915,10.519999764859676
21:06:19.080836,429,0.08866832039651076,0.10753266883008582,1.788851568386432,-1.4613200390303973,4.999999888241291
21:06:19.080836,429,2.019069134226152,0.6599097388239841,0.8775536689303565,-0.41748001115047373,7.35999983549118
21:06:19.080836,429,2.024958373248894,0.5358421830139091,0.9580415020530246,-0.3480400092958007,13.999999687075615
21:06:19.080836,429,1.9149199824845344,0.7063573667128671,1.3250435327491645,-0.41748001115047373,12.359999723732471
21:06:19.080836,429,2.0338977039882025,0.6579299803986685,1.217885669928903,-0.3480400092958007,19.35999956727028
21:06:19.080836,429,1.996835671899723,0.6696422172298017,1.3205913854259443,-0.41748001115047373,19.519999563694
21:06:19.112583,430,1.7876677664565817,0.9391529411543784,1.2626661465760223,-0.4872000130126253,6.8799998462200165
21:06:19.112583,430,2.047587038850288,0.589863415460042,1.0342312702484309,-0.3480400092958007,7.35999983549118
21:06:19.112583,430,1.9520562236903203,0.6965855819558155,1.2243618809081995,-0.4872000130126253,12.759999714791775
21:06:19.112583,430,2.0345763065912057,0.5674110833650381,1.15155526412698,-0.3480400092958007,12.519999720156193
21:06:19.144045,431,2.04766154251833,0.47683002699545946,0.9738537616017875,-0.4872000130126253,5.519999876618385
21:06:19.144045,431,2.036469174005191,0.4571383058893703,1.0916319978589906,-0.4872000130126253,12.999999709427357
21:06:19.144045,431,1.9932784591847676,0.6012932140937559,1.2498953939216877,-0.3480400092958007,13.759999692440033
21:06:19.176405,432,1.935820732441489,0.4599269415324587,0.8943871134068977,-0.5566400148672983,7.999999821186066
21:06:19.176405,432,-1.921224807817349,0.3369040437166033,0.9546482083146872,-0.6263600167294499,6.9999998435378075
21:06:19.206969,433,-2.0296008179800786,0.47677607918259945,1.0863700723639245,-0.5566400148672983,7.1199998408555984
21:06:19.237451,434,-0.038608606507252,0.23248953629464347,2.0920162871322177,-4.105360109650064,5.119999885559082
21:06:19.237451,434,-1.9761355484836154,0.34653313579300415,0.9247708920814763,-0.6263600167294499,6.359999857842922
21:06:19.237451,434,-1.8958551393438212,0.4106541977235011,0.9348869141068681,-0.6263600167294499,18.11999959498644
21:06:19.237451,434,-1.8067256393753726,0.4870375785094929,0.9417172576975972,-0.6263600167294499,17.519999608397484
21:06:19.332408,437,0.09621050551484497,0.21280791334503305,2.0972899621072996,-4.313960115221562,5.879999868571758
21:06:19.395465,439,0.12380700759504196,0.0827855200696087,1.7954825469117746,-1.1830000315967482,5.639999873936176
21:06:19.684614,448,0.06343153168131589,0.1300309667799607,1.7924490555372974,-0.5566400148672983,5.239999882876873
21:06:19.808733,452,0.10405072310419833,0.09821728986180363,1.791347616658173,-0.8349600223009475,5.519999876618385
