{"timestamp": "20:35:42.242388", "frame": 16, "mu": [-2.4300427032005816, 4.638932963695937, 0.058973052853994276], "Sigma": [[0.002958422976809494, 0.003341415457186421, -0.005377520165975421], [0.003341415457186421, 0.01109706528716189, -0.02069703019669377], [-0.005377520165975421, -0.020697030196693774, 0.0423793456327203]], "chi2_level": 0.95, "chi2_df": 3, "chi2_threshold": 7.814727903251179, "N_raw": 67, "N_roi": 11, "N_inlier": 11, "refit": true}
{"timestamp": "20:35:42.675231", "frame": 24, "mu": [-2.3256414850660008, 4.2678683777494095, 1.034486137683086], "Sigma": [[0.013333909788270704, 0.0032948664370819874, -0.00928101118568056], [0.0032948664370819874, 0.0026408641919141787, -0.00314965883723048], [-0.00928101118568056, -0.00314965883723048, 0.010137552144002809]], "chi2_level": 0.95, "chi2_df": 3, "chi2_threshold": 7.814727903251179, "N_raw": 18, "N_roi": 18, "N_inlier": 17, "refit": true}
{"timestamp": "20:35:42.732313", "frame": 25, "mu": [-2.239472122862348, 4.241811880072702, 0.9733032788238087], "Sigma": [[0.02197034306127119, 0.005170050013186399, -0.019971532438728477], [0.005170050013186399, 0.005099177659866164, -0.003978240926378404], [-0.019971532438728477, -0.003978240926378404, 0.020061738138650434]], "chi2_level": 0.95, "chi2_df": 3, "chi2_threshold": 7.814727903251179, "N_raw": 30, "N_roi": 27, "N_inlier": 26, "refit": true}
{"timestamp": "20:35:43.174301", "frame": 33, "mu": [-1.8656858608529017, 4.421552410663965, 0.9951972091765402], "Sigma": [[0.02046502261212551, 0.01082258020691806, -0.01689725999569382], [0.010822580206918063, 0.017614591813521905, -0.020819078061136385], [-0.016897259995693817, -0.020819078061136385, 0.028016775184553665]], "chi2_level": 0.95, "chi2_df": 3, "chi2_threshold": 7.814727903251179, "N_raw": 35, "N_roi": 33, "N_inlier": 33, "refit": true}
{"timestamp": "20:35:43.231619", "frame": 34, "mu": [-1.790578120126337, 4.457116092909615, -0.12388740169505086], "Sigma": [[0.03144563417389693, 0.017383070001268687, 0.03966845164295509], [0.017383070001268687, 0.017595453577909384, 0.039174663786493084], [0.03966845164295509, 0.039174663786493084, 0.17018823433670668]], "chi2_level": 0.95, "chi2_df": 3, "chi2_threshold": 7.814727903251179, "N_raw": 50, "N_roi": 50, "N_inlier": 49, "refit": true}
{"timestamp": "20:35:43.336972", "frame": 36, "mu": [-1.6248933091729738, 4.489855698070381, -0.06211415310326295], "Sigma": [[0.015676006293365467, 0.005528271222732115, -0.008884075874012215], [0.005528271222732115, 0.0038736968687824195, -0.002458653355794663], [-0.008884075874012215, -0.002458653355794663, 0.006954538736723925]], "chi2_level": 0.95, "chi2_df": 3, "chi2_threshold": 7.814727903251179, "N_raw": 20, "N_roi": 20, "N_inlier": 20, "refit": true}
{"timestamp": "20:35:43.397343", "frame": 37, "mu": [-1.6279618749198834, 4.386739829605759, 1.1078393791657053], "Sigma": [[0.03367913752854711, 0.005782330225863772, -0.021574039470669912], [0.005782330225863772, 0.006893975321555882, -0.0030650339465861484], [-0.021574039470669912, -0.003065033946586149, 0.015780576178614537]], "chi2_level": 0.95, "chi2_df": 3, "chi2_threshold": 7.814727903251179, "N_raw": 54, "N_roi": 54, "N_inlier": 52, "refit": true}
{"timestamp": "20:35:43.452527", "frame": 38, "mu": [-1.5151231785471264, 4.265385083590024, 0.741080825082928], "Sigma": [[0.02827844428323901, -0.0027784640646005636, -0.031430002842306154], [-0.0027784640646005628, 0.008605997315254826, 0.007534935640576432], [-0.031430002842306154, 0.007534935640576433, 0.03954424464528121]], "chi2_level": 0.95, "chi2_df": 3, "chi2_threshold": 7.814727903251179, "N_raw": 53, "N_roi": 52, "N_inlier": 50, "refit": true}
{"timestamp": "20:35:43.504616", "frame": 39, "mu": [-1.5077013051404404, 4.293356629541722, 1.0712950467575264], "Sigma": [[0.013591963065073499, 0.0012358962689857503, -0.01149790849823926], [0.0012358962689857497, 0.00286870010036928, 0.0008767231709820777], [-0.01149790849823926, 0.0008767231709820774, 0.012548143112641649]], "chi2_level": 0.95, "chi2_df": 3, "chi2_threshold": 7.814727903251179, "N_raw": 31, "N_roi": 21, "N_inlier": 20, "refit": true}
{"timestamp": "20:35:43.560468", "frame": 40, "mu": [-1.4382760116432793, 4.257191262100694, 0.9652107697833981], "Sigma": [[0.018082040692163154, 0.0018714315479182544, -0.01021124998128047], [0.0018714315479182544, 0.0036955708995254537, -0.0011956171522940979], [-0.01021124998128047, -0.0011956171522940979, 0.007417091688991632]], "chi2_level": 0.95, "chi2_df": 3, "chi2_threshold": 7.814727903251179, "N_raw": 36, "N_roi": 33, "N_inlier": 33, "refit": true}
{"timestamp": "20:35:43.613941", "frame": 41, "mu": [-1.4755710335259065, 4.406778592088696, -0.4955156895218942], "Sigma": [[0.020561994456408793, 0.011648748656558435, 0.06231765365028539], [0.011648748656558433, 0.009548641954339633, 0.04456791855641927], [0.06231765365028539, 0.04456791855641927, 0.28612362476984304]], "chi2_level": 0.95, "chi2_df": 3, "chi2_threshold": 7.814727903251179, "N_raw": 29, "N_roi": 26, "N_inlier": 24, "refit": true}
{"timestamp": "20:35:43.667046", "frame": 42, "mu": [-1.3641199525286616, 4.488211494614431, 0.13006095871596748], "Sigma": [[0.005004726238712364, -0.001072690841672984, -0.00011986483006412834], [-0.0010726908416729838, 0.00555523338570772, -0.00011473366645526003], [-0.00011986483006412832, -0.00011473366645525996, 0.0003820566146381462]], "chi2_level": 0.95, "chi2_df": 3, "chi2_threshold": 7.814727903251179, "N_raw": 14, "N_roi": 13, "N_inlier": 13, "refit": true}
{"timestamp": "20:35:43.730287", "frame": 43, "mu": [-1.307626370386238, 4.319473494497654, 1.079159035350943], "Sigma": [[0.019178761013906392, 0.0006413341386905066, -0.013715436811786923], [0.0006413341386905066, 0.004413362535511149, 0.002859008791881164], [-0.013715436811786923, 0.0028590087918811645, 0.01351954815003315]], "chi2_level": 0.95, "chi2_df": 3, "chi2_threshold": 7.814727903251179, "N_raw": 49, "N_roi": 34, "N_inlier": 33, "refit": true}
{"timestamp": "20:35:43.891685", "frame": 46, "mu": [-1.117203177051894, 4.394988010232371, 0.9743653812195993], "Sigma": [[0.006757329274951923, 0.0026707067292685563, -0.002150125219155502], [0.0026707067292685563, 0.0035357774270160696, -0.0015254370050478924], [-0.002150125219155502, -0.0015254370050478924, 0.0018776230484672382]], "chi2_level": 0.95, "chi2_df": 3, "chi2_threshold": 7.814727903251179, "N_raw": 43, "N_roi": 18, "N_inlier": 16, "refit": true}
{"timestamp": "20:35:44.053331", "frame": 49, "mu": [-1.0133986786048346, 4.481695280813805, 0.660969577512749], "Sigma": [[0.013681103880425916, 0.0035885316323221485, -0.0036296743701508404], [0.0035885316323221485, 0.0022800595390504784, 0.00038592304871635564], [-0.00362967437015084, 0.00038592304871635553, 0.004511102484601273]], "chi2_level": 0.95, "chi2_df": 3, "chi2_threshold": 7.814727903251179, "N_raw": 26, "N_roi": 24, "N_inlier": 21, "refit": true}
{"timestamp": "20:35:44.112143", "frame": 50, "mu": [-0.9774004251468729, 4.5067076672982775, 0.12800604053292816], "Sigma": [[0.019155973549731045, 0.00310138055097466, 0.002287030986534875], [0.00310138055097466, 0.0034244947680122425, -0.007081632119757479], [0.002287030986534875, -0.007081632119757479, 0.019439846792176748]], "chi2_level": 0.95, "chi2_df": 3, "chi2_threshold": 7.814727903251179, "N_raw": 48, "N_roi": 37, "N_inlier": 31, "refit": true}
{"timestamp": "20:35:44.164338", "frame": 51, "mu": [-0.8528712947538637, 4.368763957874551, 0.8711904898576746], "Sigma": [[0.014574131349316252, -0.0009804063885198594, -0.011117442589591419], [-0.0009804063885198596, 0.003585106949857498, -0.00018290130608593802], [-0.011117442589591419, -0.00018290130608593808, 0.010820015212507457]], "chi2_level": 0.95, "chi2_df": 3, "chi2_threshold": 7.814727903251179, "N_raw": 27, "N_roi": 27, "N_inlier": 26, "refit": true}
{"timestamp": "20:35:44.219828", "frame": 52, "mu": [-0.8377756619204332, 4.335844806446322, 0.9442009171535222], "Sigma": [[0.03148624363158452, 0.000179279861441304, -0.02118400373024578], [0.000179279861441304, 0.0023841089358935166, -0.0014026459973367391], [-0.02118400373024578, -0.001402645997336739, 0.016794397614987258]], "chi2_level": 0.95, "chi2_df": 3, "chi2_threshold": 7.814727903251179, "N_raw": 40, "N_roi": 40, "N_inlier": 39, "refit": true}
{"timestamp": "20:35:44.278265", "frame": 53, "mu": [-0.8485785918117611, 4.384414667858341, 1.0644568087477968], "Sigma": [[0.027391643472120294, 0.0017558000349627133, -0.012190250627907365], [0.0017558000349627138, 0.00713793372367086, -0.0007074600861101537], [-0.012190250627907365, -0.0007074600861101541, 0.007213517340768054]], "chi2_level": 0.95, "chi2_df": 3, "chi2_threshold": 7.814727903251179, "N_raw": 59, "N_roi": 58, "N_inlier": 53, "refit": true}
{"timestamp": "20:35:44.385871", "frame": 55, "mu": [-0.8070091885365608, 4.393434146081452, -0.8321630873625859], "Sigma": [[0.020805408692689705, 0.0027926548179165135, -0.005761181022939453], [0.0027926548179165135, 0.004035960611789357, -0.0002253963338559094], [-0.005761181022939453, -0.00022539633385590947, 0.003043139303938665]], "chi2_level": 0.95, "chi2_df": 3, "chi2_threshold": 7.814727903251179, "N_raw": 36, "N_roi": 35, "N_inlier": 33, "refit": true}
{"timestamp": "20:35:44.438836", "frame": 56, "mu": [-0.7467449337218914, 4.399125777368241, 1.1451903503611491], "Sigma": [[0.009007474310621091, 0.002897870927310844, 0.0017757435864641418], [0.002897870927310844, 0.009874031851886357, 0.013962028856543735], [0.0017757435864641426, 0.013962028856543735, 0.022597472150370876]], "chi2_level": 0.95, "chi2_df": 3, "chi2_threshold": 7.814727903251179, "N_raw": 27, "N_roi": 23, "N_inlier": 20, "refit": true}
{"timestamp": "20:35:44.497457", "frame": 57, "mu": [-0.6444467045180812, 4.447982922739628, 0.3973127347241458], "Sigma": [[0.03660629229254281, 0.0048437364324741645, -0.004560691499392994], [0.004843736432474164, 0.004609782298602695, 0.0055208373884422495], [-0.0045606914993929935, 0.00552083738844225, 0.013058097805987696]], "chi2_level": 0.95, "chi2_df": 3, "chi2_threshold": 7.814727903251179, "N_raw": 59, "N_roi": 56, "N_inlier": 55, "refit": true}
{"timestamp": "20:35:44.553346", "frame": 58, "mu": [-0.5962270960615275, 4.377573433057422, 1.0328167601384892], "Sigma": [[0.036842114986990165, 0.0024237653181971267, -0.015949657724079313], [0.0024237653181971267, 0.0042907072367333, -0.0036595806659004576], [-0.015949657724079313, -0.003659580665900458, 0.010822123046574436]], "chi2_level": 0.95, "chi2_df": 3, "chi2_threshold": 7.814727903251179, "N_raw": 61, "N_roi": 58, "N_inlier": 55, "refit": true}
{"timestamp": "20:35:44.606967", "frame": 59, "mu": [-0.5028578954283626, 4.402509255788718, 1.0775539418182396], "Sigma": [[0.038144418769351957, 0.0015657767106337383, -0.01401046090609898], [0.0015657767106337388, 0.0035280639981718704, -0.0032331065714567503], [-0.01401046090609898, -0.0032331065714567503, 0.009548633140401774]], "chi2_level": 0.95, "chi2_df": 3, "chi2_threshold": 7.814727903251179, "N_raw": 57, "N_roi": 57, "N_inlier": 54, "refit": true}
{"timestamp": "20:35:44.661835", "frame": 60, "mu": [-0.44638488460101744, 4.384932304706267, 1.169455321907079], "Sigma": [[0.03239702585897973, 0.00025481980121008654, -0.01288352610476481], [0.0002548198012100866, 0.001747626907507049, -0.0029907056377274383], [-0.01288352610476481, -0.0029907056377274383, 0.017409393747713685]], "chi2_level": 0.95, "chi2_df": 3, "chi2_threshold": 7.814727903251179, "N_raw": 48, "N_roi": 43, "N_inlier": 41, "refit": true}
{"timestamp": "20:35:44.719363", "frame": 61, "mu": [-0.41446089121021834, 4.418786975000428, -0.06913672982446227], "Sigma": [[0.03629903659404364, 0.007464430381621614, 0.0718401084146027], [0.007464430381621614, 0.010139402916105537, 0.036162082889973], [0.0718401084146027, 0.036162082889973, 0.2624910564637573]], "chi2_level": 0.95, "chi2_df": 3, "chi2_threshold": 7.814727903251179, "N_raw": 66, "N_roi": 66, "N_inlier": 65, "refit": true}
{"timestamp": "20:35:44.770554", "frame": 62, "mu": [-0.38253435946758524, 4.3138465530776084, 1.1263676969409866], "Sigma": [[0.029096448789509535, -0.001086610152906773, -0.016629619563859124], [-0.0010866101529067728, 0.004734705103096531, 0.005678039818363692], [-0.016629619563859124, 0.005678039818363692, 0.01604016884394961]], "chi2_level": 0.95, "chi2_df": 3, "chi2_threshold": 7.814727903251179, "N_raw": 40, "N_roi": 40, "N_inlier": 39, "refit": true}
{"timestamp": "20:35:44.827878", "frame": 63, "mu": [-0.3124132560256854, 4.38316426963459, 0.26011521077637495], "Sigma": [[0.02579507735388137, 0.0023309938056500674, -0.026766004115533194], [0.0023309938056500674, 0.0030368427735782727, 0.004958061858093627], [-0.026766004115533194, 0.004958061858093627, 0.05286853765227302]], "chi2_level": 0.95, "chi2_df": 3, "chi2_threshold": 7.814727903251179, "N_raw": 45, "N_roi": 43, "N_inlier": 42, "refit": true}
{"timestamp": "20:35:44.881508", "frame": 64, "mu": [-0.19033084090890487, 4.366767537725341, 0.121957919712284], "Sigma": [[0.026113557671057802, 0.0008221701247352218, -0.015015213398992148], [0.000822170124735222, 0.004040790646519306, 0.004371980399038503], [-0.015015213398992148, 0.004371980399038503, 0.016966421317118438]], "chi2_level": 0.95, "chi2_df": 3, "chi2_threshold": 7.814727903251179, "N_raw": 49, "N_roi": 49, "N_inlier": 48, "refit": true}
{"timestamp": "20:35:44.936491", "frame": 65, "mu": [-0.12224647403127108, 4.208786233806272, 1.0228754159677995], "Sigma": [[0.017605047704760807, -0.0008806790046263689, -0.010735547914169625], [-0.0008806790046263689, 0.001173413686182446, 0.00016876619786293862], [-0.010735547914169625, 0.00016876619786293867, 0.011518176613759977]], "chi2_level": 0.95, "chi2_df": 3, "chi2_threshold": 7.814727903251179, "N_raw": 33, "N_roi": 25, "N_inlier": 23, "refit": true}
{"timestamp": "20:35:44.991835", "frame": 66, "mu": [-0.15786799478766186, 4.305261329711695, 1.1913005321715555], "Sigma": [[0.024764549170117733, -0.004807213648986526, -0.013855799752899037], [-0.004807213648986526, 0.0056199612023061715, 0.001805208005185219], [-0.013855799752899037, 0.0018052080051852194, 0.010283309001205708]], "chi2_level": 0.95, "chi2_df": 3, "chi2_threshold": 7.814727903251179, "N_raw": 54, "N_roi": 50, "N_inlier": 49, "refit": true}
{"timestamp": "20:35:45.043355", "frame": 67, "mu": [-0.0669944584674739, 4.277706730447834, -0.20821801458221917], "Sigma": [[0.01441305110472669, 0.00398334801832073, 0.05172993904051566], [0.00398334801832073, 0.0045972189799799576, 0.02470241677367311], [0.05172993904051566, 0.02470241677367311, 0.28476752996517823]], "chi2_level": 0.95, "chi2_df": 3, "chi2_threshold": 7.814727903251179, "N_raw": 22, "N_roi": 19, "N_inlier": 17, "refit": true}
{"timestamp": "20:35:45.155878", "frame": 69, "mu": [-0.05644187049926765, 4.297176575492085, 1.100483821992342], "Sigma": [[0.02272624562443589, -0.0022164438185675495, -0.005601891190268583], [-0.0022164438185675495, 0.0027536610506930462, -0.0034513094203235065], [-0.005601891190268583, -0.0034513094203235065, 0.010380555345084254]], "chi2_level": 0.95, "chi2_df": 3, "chi2_threshold": 7.814727903251179, "N_raw": 48, "N_roi": 48, "N_inlier": 46, "refit": true}
{"timestamp": "20:35:45.211253", "frame": 70, "mu": [-0.016568419449335677, 4.424464207264394, 0.29058066259194115], "Sigma": [[0.024376590596109665, -0.0020933726595198073, -0.0031225617915691664], [-0.0020933726595198077, 0.00534500340209905, -0.008174900303800043], [-0.0031225617915691655, -0.008174900303800043, 0.016566398262948694]], "chi2_level": 0.95, "chi2_df": 3, "chi2_threshold": 7.814727903251179, "N_raw": 47, "N_roi": 47, "N_inlier": 44, "refit": true}
{"timestamp": "20:35:45.266974", "frame": 71, "mu": [0.05870790600112659, 4.368867635962218, 1.3059817025320855], "Sigma": [[0.021013703789996428, -0.001321123879689644, -0.011465354489435302], [-0.001321123879689644, 0.002704070407138438, -0.0012394873858945655], [-0.011465354489435302, -0.0012394873858945655, 0.010627415823103682]], "chi2_level": 0.95, "chi2_df": 3, "chi2_threshold": 7.814727903251179, "N_raw": 42, "N_roi": 41, "N_inlier": 37, "refit": true}
{"timestamp": "20:35:45.320482", "frame": 72, "mu": [0.05415631073142738, 4.39133781792109, 1.1011175159784896], "Sigma": [[0.023343721582490845, -0.0022734481102499415, -0.00623417286055912], [-0.002273448110249941, 0.0020005690819810055, -0.002159846954762139], [-0.00623417286055912, -0.002159846954762139, 0.01050429893928063]], "chi2_level": 0.95, "chi2_df": 3, "chi2_threshold": 7.814727903251179, "N_raw": 39, "N_roi": 39, "N_inlier": 38, "refit": true}
{"timestamp": "20:35:45.593087", "frame": 77, "mu": [0.44722625599138904, 4.238853677922982, 0.9468074538192082], "Sigma": [[0.01975591277970428, -0.004955616652567709, -0.014819454587647395], [-0.004955616652567709, 0.004884908399082598, 0.009004516400091029], [-0.014819454587647395, 0.009004516400091029, 0.020796979140666902]], "chi2_level": 0.95, "chi2_df": 3, "chi2_threshold": 7.814727903251179, "N_raw": 27, "N_roi": 26, "N_inlier": 25, "refit": true}
{"timestamp": "20:35:45.760665", "frame": 80, "mu": [0.46854470491167394, 4.329000965120883, 1.2456192805580022], "Sigma": [[0.026188751648830264, -0.006251508087365005, -0.018282140609982473], [-0.006251508087365005, 0.00585168245659714, 0.007588665727699441], [-0.018282140609982473, 0.007588665727699441, 0.016662695864517723]], "chi2_level": 0.95, "chi2_df": 3, "chi2_threshold": 7.814727903251179, "N_raw": 46, "N_roi": 43, "N_inlier": 41, "refit": true}
{"timestamp": "20:35:45.816353", "frame": 81, "mu": [0.5205743518912859, 4.387061669887495, 0.16028955276342324], "Sigma": [[0.022883279147529446, -0.0023703829182427677, -0.008165191370337369], [-0.0023703829182427673, 0.003106034039968771, 0.0013939815480582419], [-0.008165191370337367, 0.0013939815480582419, 0.006772763899965755]], "chi2_level": 0.95, "chi2_df": 3, "chi2_threshold": 7.814727903251179, "N_raw": 43, "N_roi": 41, "N_inlier": 37, "refit": true}
{"timestamp": "20:35:45.869940", "frame": 82, "mu": [0.5889591498840454, 4.272439789489561, 0.9845827531708823], "Sigma": [[0.017678068681094995, -0.0037517210553237182, -0.006109778480462378], [-0.0037517210553237182, 0.004143360882304565, 0.0017168474159496966], [-0.006109778480462378, 0.0017168474159496966, 0.0035733510871852722]], "chi2_level": 0.95, "chi2_df": 3, "chi2_threshold": 7.814727903251179, "N_raw": 37, "N_roi": 34, "N_inlier": 33, "refit": true}
{"timestamp": "20:35:46.144123", "frame": 87, "mu": [0.831314970339091, 4.3647810403721605, 1.1555011144551188], "Sigma": [[0.013038692822322813, -0.0034166720578208557, -0.000471162676711186], [-0.0034166720578208552, 0.008866628308165052, -0.028697007810401257], [-0.00047116267671118536, -0.028697007810401253, 0.12179594932601527]], "chi2_level": 0.95, "chi2_df": 3, "chi2_threshold": 7.814727903251179, "N_raw": 30, "N_roi": 28, "N_inlier": 27, "refit": true}
{"timestamp": "20:35:46.363421", "frame": 91, "mu": [0.9556530025071035, 4.343742340276086, 1.279377334722571], "Sigma": [[0.01859293760283529, -0.006270538034080527, -0.0114719878745707], [-0.006270538034080526, 0.004367946482281408, 0.000981292412788032], [-0.011471987874570698, 0.0009812924127880324, 0.014864340508662779]], "chi2_level": 0.95, "chi2_df": 3, "chi2_threshold": 7.814727903251179, "N_raw": 35, "N_roi": 35, "N_inlier": 34, "refit": true}
{"timestamp": "20:35:46.581664", "frame": 95, "mu": [1.1062085223576703, 4.487990012943761, 0.04688881008548033], "Sigma": [[0.00604589827435513, -0.0002444128244545718, 0.00048348931736695014], [-0.0002444128244545714, 0.02338053172655518, -0.06520382511727858], [0.00048348931736695014, -0.06520382511727858, 0.1884436401939336]], "chi2_level": 0.95, "chi2_df": 3, "chi2_threshold": 7.814727903251179, "N_raw": 14, "N_roi": 13, "N_inlier": 13, "refit": true}
{"timestamp": "20:35:46.691213", "frame": 97, "mu": [1.2101384476547006, 4.388599442986657, 0.380614441052507], "Sigma": [[0.0026761447915591876, 0.000115701008899815, -0.0021047630486688007], [0.00011570100889981498, 0.00542152601020431, -0.004635942211567006], [-0.0021047630486688007, -0.004635942211567006, 0.0075604498835952294]], "chi2_level": 0.95, "chi2_df": 3, "chi2_threshold": 7.814727903251179, "N_raw": 14, "N_roi": 11, "N_inlier": 11, "refit": true}
{"timestamp": "20:35:47.056428", "frame": 101, "mu": [1.44077076420981, 4.11732218779171, 1.0357887332569338], "Sigma": [[0.014847051222423047, -0.005054659475351823, -0.00463236044526556], [-0.005054659475351823, 0.004103798118238622, 0.003423902951931062], [-0.004632360445265559, 0.003423902951931062, 0.004236723110913544]], "chi2_level": 0.95, "chi2_df": 3, "chi2_threshold": 7.814727903251179, "N_raw": 19, "N_roi": 19, "N_inlier": 17, "refit": true}
{"timestamp": "20:35:47.086459", "frame": 102, "mu": [1.4995712986649234, 4.170131245993343, 1.1864460534485386], "Sigma": [[0.011932227381198998, -0.004178654644353608, -0.004446048669361524], [-0.004178654644353608, 0.004826835011442719, 0.007399273754112439], [-0.004446048669361524, 0.007399273754112439, 0.012994183687207221]], "chi2_level": 0.95, "chi2_df": 3, "chi2_threshold": 7.814727903251179, "N_raw": 18, "N_roi": 18, "N_inlier": 16, "refit": true}
{"timestamp": "20:35:47.116166", "frame": 103, "mu": [1.5135842176136207, 4.11990544248022, 0.9425813597756345], "Sigma": [[0.010229433977635045, -0.004357388291691859, -0.00655196772311486], [-0.004357388291691859, 0.003751289697486767, 0.002225637707459964], [-0.00655196772311486, 0.002225637707459964, 0.005641475425675239]], "chi2_level": 0.95, "chi2_df": 3, "chi2_threshold": 7.814727903251179, "N_raw": 17, "N_roi": 17, "N_inlier": 16, "refit": true}
{"timestamp": "20:35:47.146328", "frame": 104, "mu": [1.5315890437793225, 4.122229288776992, 1.0603393079464791], "Sigma": [[0.018805967427609937, -0.005023756855069279, -0.0024317668171855026], [-0.005023756855069278, 0.006185516001168847, 0.005074918643109253], [-0.0024317668171855017, 0.005074918643109253, 0.006356893830032208]], "chi2_level": 0.95, "chi2_df": 3, "chi2_threshold": 7.814727903251179, "N_raw": 30, "N_roi": 30, "N_inlier": 29, "refit": true}
{"timestamp": "20:35:47.177870", "frame": 105, "mu": [1.6044315682105081, 4.197726650990329, -0.11023667719480884], "Sigma": [[0.025408417689519916, -0.0053215522714152655, -0.015284146205143649], [-0.0053215522714152655, 0.003958023826570757, 0.002075421156070176], [-0.015284146205143649, 0.002075421156070176, 0.011131626483685196]], "chi2_level": 0.95, "chi2_df": 3, "chi2_threshold": 7.814727903251179, "N_raw": 36, "N_roi": 36, "N_inlier": 34, "refit": true}
{"timestamp": "20:35:47.208960", "frame": 106, "mu": [1.6900524955773915, 4.081567892053002, -0.9090543842935134], "Sigma": [[0.029973950019569328, -0.0008637038023807221, 0.043102938886176806], [-0.0008637038023807224, 0.005040883247629377, 0.009456228825352226], [0.043102938886176806, 0.009456228825352225, 0.16177992045941716]], "chi2_level": 0.95, "chi2_df": 3, "chi2_threshold": 7.814727903251179, "N_raw": 50, "N_roi": 48, "N_inlier": 48, "refit": true}
{"timestamp": "20:35:47.243365", "frame": 107, "mu": [1.766537314236992, 3.995144474396839, 0.9390941944097502], "Sigma": [[0.020039714894862375, -0.010326326799960317, -0.022056907620148093], [-0.010326326799960319, 0.006345826539324371, 0.00911300059940232], [-0.022056907620148093, 0.00911300059940232, 0.03539110145787704]], "chi2_level": 0.95, "chi2_df": 3, "chi2_threshold": 7.814727903251179, "N_raw": 28, "N_roi": 28, "N_inlier": 28, "refit": true}
{"timestamp": "20:35:47.353692", "frame": 109, "mu": [1.7724126828284363, 4.12040931990307, 0.03221648274861287], "Sigma": [[0.018014717940638345, -0.004792683636410418, -0.00986420976635954], [-0.004792683636410418, 0.004600723953975427, 0.0024224288742859612], [-0.00986420976635954, 0.0024224288742859612, 0.0066699768147708595]], "chi2_level": 0.95, "chi2_df": 3, "chi2_threshold": 7.814727903251179, "N_raw": 33, "N_roi": 33, "N_inlier": 32, "refit": true}
{"timestamp": "20:35:47.412098", "frame": 110, "mu": [1.8801632414245786, 3.967061664930277, 0.9616782708284078], "Sigma": [[0.04869221881415296, -0.00809979691992743, -0.0428135961868116], [-0.008099796919927429, 0.007746085597258597, 0.0026882019518507734], [-0.0428135961868116, 0.0026882019518507734, 0.0451378258732525]], "chi2_level": 0.95, "chi2_df": 3, "chi2_threshold": 7.814727903251179, "N_raw": 55, "N_roi": 55, "N_inlier": 54, "refit": true}
{"timestamp": "20:35:47.465392", "frame": 111, "mu": [1.8044923329504112, 3.9621481561707905, -0.6923055022768759], "Sigma": [[0.022601773998505256, 0.0006061446654596959, 0.04920733020848293], [0.000606144665459696, 0.003984019798213418, 0.009482769853474128], [0.04920733020848293, 0.009482769853474127, 0.1830090988430163]], "chi2_level": 0.95, "chi2_df": 3, "chi2_threshold": 7.814727903251179, "N_raw": 37, "N_roi": 36, "N_inlier": 35, "refit": true}
{"timestamp": "20:35:47.519575", "frame": 112, "mu": [1.8017689918634636, 4.041230147373452, 0.011259009375663105], "Sigma": [[0.022274679314950294, -0.009659515300566652, -0.013287615204940994], [-0.009659515300566652, 0.007611652002357029, 0.005940068831321034], [-0.013287615204940994, 0.005940068831321035, 0.010195578168904167]], "chi2_level": 0.95, "chi2_df": 3, "chi2_threshold": 7.814727903251179, "N_raw": 37, "N_roi": 37, "N_inlier": 36, "refit": true}
{"timestamp": "20:35:47.574635", "frame": 113, "mu": [1.7148833678591389, 3.8862775818729642, 0.9719220800343903], "Sigma": [[0.025608393971644987, -0.008569093692554111, -0.007889651807250323], [-0.008569093692554111, 0.004972747832964486, 0.0021441586493530875], [-0.007889651807250323, 0.0021441586493530875, 0.004468648673778794]], "chi2_level": 0.95, "chi2_df": 3, "chi2_threshold": 7.814727903251179, "N_raw": 35, "N_roi": 35, "N_inlier": 33, "refit": true}
{"timestamp": "20:35:47.633123", "frame": 114, "mu": [1.822697453356618, 3.8456696849932754, 0.878655796973598], "Sigma": [[0.0412741151014321, -0.014664891145254677, -0.024064401272404258], [-0.014664891145254677, 0.007192527895628023, 0.005036569389376296], [-0.024064401272404258, 0.005036569389376296, 0.03093967802061178]], "chi2_level": 0.95, "chi2_df": 3, "chi2_threshold": 7.814727903251179, "N_raw": 62, "N_roi": 62, "N_inlier": 59, "refit": true}
{"timestamp": "20:35:47.688898", "frame": 115, "mu": [1.9362995037038542, 3.977940162021334, -0.15443641361333232], "Sigma": [[0.04013001230994159, -0.00941585445804339, -0.03650150482742563], [-0.00941585445804339, 0.007525589214887365, 0.004954037650722554], [-0.036501504827425625, 0.004954037650722554, 0.03874676223055061]], "chi2_level": 0.95, "chi2_df": 3, "chi2_threshold": 7.814727903251179, "N_raw": 61, "N_roi": 61, "N_inlier": 57, "refit": true}
{"timestamp": "20:35:47.799914", "frame": 117, "mu": [1.8115475436656654, 3.9257772484452786, -0.06427885274810793], "Sigma": [[0.028334850335037902, -0.006921265610430308, -0.0209601933720875], [-0.006921265610430308, 0.005986746693458085, -0.0010400335857978138], [-0.020960193372087505, -0.001040033585797814, 0.02653470545288255]], "chi2_level": 0.95, "chi2_df": 3, "chi2_threshold": 7.814727903251179, "N_raw": 51, "N_roi": 48, "N_inlier": 47, "refit": true}
{"timestamp": "20:35:47.852809", "frame": 118, "mu": [1.8051653957984362, 3.7701494397167927, 0.8778660054451541], "Sigma": [[0.03146101831007673, -0.016578481715174676, -0.02240249138535546], [-0.016578481715174676, 0.011020969285806094, 0.008240099469694513], [-0.02240249138535546, 0.008240099469694513, 0.024835927915310932]], "chi2_level": 0.95, "chi2_df": 3, "chi2_threshold": 7.814727903251179, "N_raw": 54, "N_roi": 54, "N_inlier": 52, "refit": true}
{"timestamp": "20:35:47.909862", "frame": 119, "mu": [1.9170156979568471, 3.835450899185782, -0.14498875034122238], "Sigma": [[0.027589780444466926, -0.009146404561345352, -0.024458846992049907], [-0.009146404561345352, 0.008848097438444792, -0.0066882420368489705], [-0.024458846992049907, -0.0066882420368489705, 0.06759059805848994]], "chi2_level": 0.95, "chi2_df": 3, "chi2_threshold": 7.814727903251179, "N_raw": 62, "N_roi": 59, "N_inlier": 59, "refit": true}
{"timestamp": "20:35:47.961659", "frame": 120, "mu": [1.8846481429541126, 3.668295718550522, 0.8759945421969407], "Sigma": [[0.024059950798726276, -0.015327266902865068, -0.021173249827815377], [-0.015327266902865068, 0.011438399787042497, 0.00931378651640397], [-0.021173249827815377, 0.009313786516403967, 0.03419158349582359]], "chi2_level": 0.95, "chi2_df": 3, "chi2_threshold": 7.814727903251179, "N_raw": 45, "N_roi": 45, "N_inlier": 44, "refit": true}
{"timestamp": "20:35:48.016377", "frame": 121, "mu": [1.8582685020948222, 3.646005557876585, 1.0482667851898955], "Sigma": [[0.022734604344129813, -0.010019333752116333, -0.016382322793759223], [-0.010019333752116333, 0.006361972571358737, 0.002793444002770332], [-0.016382322793759223, 0.0027934440027703317, 0.030269843178808528]], "chi2_level": 0.95, "chi2_df": 3, "chi2_threshold": 7.814727903251179, "N_raw": 47, "N_roi": 45, "N_inlier": 45, "refit": true}
{"timestamp": "20:35:48.070933", "frame": 122, "mu": [1.8952061457637073, 3.707537149942217, -0.08249006143853727], "Sigma": [[0.024494424506773513, -0.011355226518535613, -0.01596843399203046], [-0.011355226518535613, 0.008760371000739816, 0.007366602090350112], [-0.01596843399203046, 0.007366602090350112, 0.01203739176698707]], "chi2_level": 0.95, "chi2_df": 3, "chi2_threshold": 7.814727903251179, "N_raw": 40, "N_roi": 40, "N_inlier": 39, "refit": true}
{"timestamp": "20:35:48.129372", "frame": 123, "mu": [1.8675464700890942, 3.5385768783014795, 0.9011637760317737], "Sigma": [[0.02526635019948424, -0.015339644178265685, -0.015699667589509587], [-0.015339644178265685, 0.01267195613968647, 0.002757812412095428], [-0.015699667589509587, 0.002757812412095428, 0.03378034913251915]], "chi2_level": 0.95, "chi2_df": 3, "chi2_threshold": 7.814727903251179, "N_raw": 63, "N_roi": 62, "N_inlier": 60, "refit": true}
{"timestamp": "20:35:48.182270", "frame": 124, "mu": [1.935025598414628, 3.641549708471776, -0.20286868577366596], "Sigma": [[0.01872934678925474, -0.00974857987585633, -0.015743884611166784], [-0.00974857987585633, 0.010154704182328812, 0.002861136123207311], [-0.015743884611166784, 0.002861136123207311, 0.02256163810292294]], "chi2_level": 0.95, "chi2_df": 3, "chi2_threshold": 7.814727903251179, "N_raw": 43, "N_roi": 43, "N_inlier": 41, "refit": true}
{"timestamp": "20:35:48.237166", "frame": 125, "mu": [1.8765735138756405, 3.442363538263001, 0.9263464470177072], "Sigma": [[0.02501789594654564, -0.015575159339082965, -0.01622465427147561], [-0.015575159339082965, 0.011979786864116822, 0.005162848060763211], [-0.01622465427147561, 0.00516284806076321, 0.02553402841468845]], "chi2_level": 0.95, "chi2_df": 3, "chi2_threshold": 7.814727903251179, "N_raw": 53, "N_roi": 53, "N_inlier": 52, "refit": true}
{"timestamp": "20:35:48.296941", "frame": 126, "mu": [1.8973467169838836, 3.55092749328221, -0.2439905052971952], "Sigma": [[0.023082963551080214, -0.012785080660292873, -0.012216673836051984], [-0.012785080660292873, 0.014998725189107569, -0.006545594963881607], [-0.012216673836051984, -0.006545594963881607, 0.03217667978495595]], "chi2_level": 0.95, "chi2_df": 3, "chi2_threshold": 7.814727903251179, "N_raw": 64, "N_roi": 64, "N_inlier": 63, "refit": true}
{"timestamp": "20:35:48.349571", "frame": 127, "mu": [1.8612613081744451, 3.3387996999707275, 0.811454784925161], "Sigma": [[0.02120193774132125, -0.015513034078945269, -0.003921212257194845], [-0.015513034078945269, 0.01571706741999681, -0.0014829412004456798], [-0.003921212257194845, -0.0014829412004456804, 0.03886079049017905]], "chi2_level": 0.95, "chi2_df": 3, "chi2_threshold": 7.814727903251179, "N_raw": 66, "N_roi": 66, "N_inlier": 65, "refit": true}
{"timestamp": "20:35:48.402407", "frame": 128, "mu": [1.8559551793408342, 3.4070992598599728, -0.13128564594408065], "Sigma": [[0.018026440801981826, -0.008664340214154104, -0.014109955868461005], [-0.008664340214154104, 0.009483702818873728, 0.009023537307167307], [-0.014109955868461005, 0.009023537307167307, 0.014735923760449384]], "chi2_level": 0.95, "chi2_df": 3, "chi2_threshold": 7.814727903251179, "N_raw": 47, "N_roi": 47, "N_inlier": 44, "refit": true}
{"timestamp": "20:35:48.459571", "frame": 129, "mu": [1.7957372832229266, 3.460440115655164, -0.1485757328927798], "Sigma": [[0.01822168196087455, -0.01092024720203889, -0.003971019292419994], [-0.01092024720203889, 0.01517010054098567, -0.010699904488792673], [-0.003971019292419994, -0.010699904488792673, 0.02700047443482748]], "chi2_level": 0.95, "chi2_df": 3, "chi2_threshold": 7.814727903251179, "N_raw": 60, "N_roi": 60, "N_inlier": 59, "refit": true}
{"timestamp": "20:35:48.520338", "frame": 130, "mu": [1.7214788511385484, 3.500997360604815, -0.20297331126857637], "Sigma": [[0.024499943298082503, -0.00794925822065032, -0.010892570239056057], [-0.007949258220650318, 0.016849290500895762, -0.021337089485609848], [-0.010892570239056057, -0.021337089485609848, 0.0674703278038659]], "chi2_level": 0.95, "chi2_df": 3, "chi2_threshold": 7.814727903251179, "N_raw": 92, "N_roi": 92, "N_inlier": 90, "refit": true}
{"timestamp": "20:35:48.574852", "frame": 131, "mu": [1.7083206139222367, 3.4852393561032535, -0.3153347448190874], "Sigma": [[0.02186917891518144, -0.008917153422527375, -0.008067734268068307], [-0.008917153422527375, 0.01563641355896124, -0.020991899990842337], [-0.008067734268068309, -0.020991899990842337, 0.07334490628891313]], "chi2_level": 0.95, "chi2_df": 3, "chi2_threshold": 7.814727903251179, "N_raw": 93, "N_roi": 91, "N_inlier": 89, "refit": true}
{"timestamp": "20:35:48.624361", "frame": 132, "mu": [1.698931515970997, 3.2268371918081886, 0.9942093268708632], "Sigma": [[0.017403764872860588, -0.009642188123321429, -0.0163107400077091], [-0.009642188123321429, 0.011797480192291977, 0.007329573976438495], [-0.0163107400077091, 0.007329573976438494, 0.029303905127353837]], "chi2_level": 0.95, "chi2_df": 3, "chi2_threshold": 7.814727903251179, "N_raw": 61, "N_roi": 60, "N_inlier": 56, "refit": true}
{"timestamp": "20:35:48.676487", "frame": 133, "mu": [1.6519490921885935, 3.3569720220678176, -0.08387382464763274], "Sigma": [[0.020213506902399238, -0.005929516736074611, -0.019698970342294536], [-0.005929516736074611, 0.00639882944142587, 0.006490905131322984], [-0.01969897034229454, 0.006490905131322984, 0.021756432042286097]], "chi2_level": 0.95, "chi2_df": 3, "chi2_threshold": 7.814727903251179, "N_raw": 48, "N_roi": 48, "N_inlier": 46, "refit": true}
{"timestamp": "20:35:48.734350", "frame": 134, "mu": [1.5921155060600105, 3.210615318603177, 0.9886531807572164], "Sigma": [[0.01695794858348991, -0.009117006704667857, -0.010675831759358023], [-0.009117006704667857, 0.010552284934842228, 0.0024795240979246947], [-0.010675831759358023, 0.002479524097924694, 0.011156973411538722]], "chi2_level": 0.95, "chi2_df": 3, "chi2_threshold": 7.814727903251179, "N_raw": 57, "N_roi": 57, "N_inlier": 54, "refit": true}
{"timestamp": "20:35:48.785263", "frame": 135, "mu": [1.482371325799344, 3.262280838267817, 1.2631443292924522], "Sigma": [[0.015009189575599434, -0.011825065835079923, -0.016371341981553718], [-0.011825065835079923, 0.012549069142225805, 0.012705338357940658], [-0.016371341981553718, 0.012705338357940656, 0.020214143009377118]], "chi2_level": 0.95, "chi2_df": 3, "chi2_threshold": 7.814727903251179, "N_raw": 36, "N_roi": 36, "N_inlier": 35, "refit": true}
{"timestamp": "20:35:48.841386", "frame": 136, "mu": [1.5209869350370269, 3.2378135813241347, 1.0264836285775314], "Sigma": [[0.01610862426498428, -0.011936896642158659, -0.014811098758372821], [-0.011936896642158659, 0.011518610966076573, 0.007346811033257074], [-0.014811098758372821, 0.007346811033257075, 0.023828993384480867]], "chi2_level": 0.95, "chi2_df": 3, "chi2_threshold": 7.814727903251179, "N_raw": 49, "N_roi": 49, "N_inlier": 45, "refit": true}
{"timestamp": "20:35:48.900022", "frame": 137, "mu": [1.399486545510343, 3.3281058519166105, -0.4669848796761312], "Sigma": [[0.016787777768616546, -0.001123521745590971, 0.026269747804178657], [-0.0011235217455909706, 0.00715958424977998, -0.0023192427977236844], [0.026269747804178657, -0.002319242797723685, 0.12724073101968034]], "chi2_level": 0.95, "chi2_df": 3, "chi2_threshold": 7.814727903251179, "N_raw": 64, "N_roi": 64, "N_inlier": 61, "refit": true}
{"timestamp": "20:35:49.005776", "frame": 139, "mu": [1.4026542883671733, 3.3696695768120444, -0.24426300271808465], "Sigma": [[0.014189074241528156, -0.005585725227675885, -0.009487193949894442], [-0.005585725227675885, 0.007581158798469664, -0.002160597129067093], [-0.00948719394989444, -0.002160597129067093, 0.0177869893504273]], "chi2_level": 0.95, "chi2_df": 3, "chi2_threshold": 7.814727903251179, "N_raw": 42, "N_roi": 42, "N_inlier": 38, "refit": true}
{"timestamp": "20:35:49.063453", "frame": 140, "mu": [1.3380460547107664, 3.1733626447940075, 1.0518400429882462], "Sigma": [[0.01955591106566612, -0.006131899383464827, -0.00014161080324616416], [-0.006131899383464827, 0.005446036476897441, -0.004142475794969508], [-0.00014161080324616416, -0.004142475794969509, 0.00798177959659324]], "chi2_level": 0.95, "chi2_df": 3, "chi2_threshold": 7.814727903251179, "N_raw": 61, "N_roi": 60, "N_inlier": 56, "refit": true}
{"timestamp": "20:35:49.121397", "frame": 141, "mu": [1.2631085827358892, 3.2127566168701285, 0.9437086631520436], "Sigma": [[0.022543274400461645, -0.013172333700673484, 0.0019133238139218656], [-0.013172333700673486, 0.020391865905202367, -0.007966882572336922], [0.0019133238139218659, -0.007966882572336922, 0.008283998248267881]], "chi2_level": 0.95, "chi2_df": 3, "chi2_threshold": 7.814727903251179, "N_raw": 70, "N_roi": 69, "N_inlier": 67, "refit": true}
{"timestamp": "20:35:49.173588", "frame": 142, "mu": [1.148208557684963, 3.463773323916631, -0.31212051469454716], "Sigma": [[0.020972224846984085, -0.021164542293736113, 0.0060733611647794915], [-0.021164542293736113, 0.040967171824608906, -0.001571787830428462], [0.0060733611647794915, -0.0015717878304284617, 0.02339084746950388]], "chi2_level": 0.95, "chi2_df": 3, "chi2_threshold": 7.814727903251179, "N_raw": 60, "N_roi": 60, "N_inlier": 59, "refit": true}
{"timestamp": "20:35:49.229136", "frame": 143, "mu": [1.1467410580970405, 3.0918778552005888, 0.8268570597656995], "Sigma": [[0.0183184925369006, -0.004827661867121778, 0.00027612394769195743], [-0.004827661867121778, 0.006341923885055347, -0.001649875979722684], [0.0002761239476919574, -0.001649875979722684, 0.0007853957664925087]], "chi2_level": 0.95, "chi2_df": 3, "chi2_threshold": 7.814727903251179, "N_raw": 60, "N_roi": 57, "N_inlier": 52, "refit": true}
{"timestamp": "20:35:49.278534", "frame": 144, "mu": [1.1558168833129017, 3.1531242102179897, 0.9242008192074178], "Sigma": [[0.008090948149076554, -0.009658447198536833, 0.002006158770230801], [-0.009658447198536833, 0.030101957982703608, -0.009608981499630404], [0.002006158770230801, -0.009608981499630406, 0.008439520515424717]], "chi2_level": 0.95, "chi2_df": 3, "chi2_threshold": 7.814727903251179, "N_raw": 26, "N_roi": 26, "N_inlier": 24, "refit": true}
{"timestamp": "20:35:49.337345", "frame": 145, "mu": [1.1104396703119719, 3.1378273237039047, 0.9680682949468407], "Sigma": [[0.017108621826385596, -0.009751195931454886, -0.01453584392592782], [-0.009751195931454886, 0.009100176518460472, 0.0051190873670811255], [-0.01453584392592782, 0.005119087367081126, 0.017720202493268132]], "chi2_level": 0.95, "chi2_df": 3, "chi2_threshold": 7.814727903251179, "N_raw": 51, "N_roi": 51, "N_inlier": 49, "refit": true}
