{"timestamp": "20:21:07.303802", "frame": 29, "mu": [2.3876488597241634, 4.54452222127298, 0.7364328222625797], "Sigma": [[0.007150058932991807, -0.005964228832416726, 7.293792194492407e-05], [-0.005964228832416726, 0.010265458379771518, -0.0015300989968652593], [7.293792194492407e-05, -0.0015300989968652593, 0.0014660928203261315]], "chi2_level": 0.95, "chi2_df": 3, "chi2_threshold": 7.814727903251179, "N_raw": 40, "N_roi": 20, "N_inlier": 19, "refit": true}
{"timestamp": "20:21:07.359184", "frame": 30, "mu": [2.4060121091830684, 4.506849820572293, 0.8808707753092209], "Sigma": [[0.00367540609846177, -0.001481047653791216, -0.003605572442354103], [-0.001481047653791216, 0.003302919282835163, 0.0005349396336874512], [-0.0036055724423541035, 0.0005349396336874509, 0.006683734362475781]], "chi2_level": 0.95, "chi2_df": 3, "chi2_threshold": 7.814727903251179, "N_raw": 26, "N_roi": 11, "N_inlier": 11, "refit": true}
{"timestamp": "20:21:07.467656", "frame": 32, "mu": [2.3978982889864477, 4.268091773800098, 0.3663803596220307], "Sigma": [[0.004138637116519603, -0.0019736855748889452, -8.782391258375306e-06], [-0.0019736855748889452, 0.0027036942666208534, -0.0006984511776671205], [-8.782391258375387e-06, -0.0006984511776671205, 0.0006618512038809938]], "chi2_level": 0.95, "chi2_df": 3, "chi2_threshold": 7.814727903251179, "N_raw": 23, "N_roi": 12, "N_inlier": 11, "refit": true}
{"timestamp": "20:21:07.525785", "frame": 33, "mu": [2.3187970979769177, 4.208444911986054, 0.21926967141328632], "Sigma": [[0.007740883020825433, -0.0033452879156489717, 0.0040579263466677985], [-0.0033452879156489717, 0.003835796615662293, -0.0013379069240323199], [0.0040579263466677985, -0.0013379069240323192, 0.01627800464450628]], "chi2_level": 0.95, "chi2_df": 3, "chi2_threshold": 7.814727903251179, "N_raw": 40, "N_roi": 22, "N_inlier": 20, "refit": true}
{"timestamp": "20:21:07.579694", "frame": 34, "mu": [2.3138977322834187, 4.425525595373035, -0.5588993412426858], "Sigma": [[0.011286854593656534, -0.005530691270231302, -0.002172558306365194], [-0.005530691270231302, 0.003706918760325196, -0.003399460386744355], [-0.0021725583063651943, -0.0033994603867443544, 0.020695357647705234]], "chi2_level": 0.95, "chi2_df": 3, "chi2_threshold": 7.814727903251179, "N_raw": 28, "N_roi": 18, "N_inlier": 17, "refit": true}
{"timestamp": "20:21:07.688181", "frame": 36, "mu": [2.3132672776715846, 4.078095878428023, 0.612389431061902], "Sigma": [[0.00966611629262162, -0.006633426949414678, -0.004648997664941999], [-0.006633426949414678, 0.004915335767065908, 0.002502538468614787], [-0.004648997664941999, 0.002502538468614787, 0.013131239037274567]], "chi2_level": 0.95, "chi2_df": 3, "chi2_threshold": 7.814727903251179, "N_raw": 21, "N_roi": 16, "N_inlier": 16, "refit": true}
{"timestamp": "20:21:07.745144", "frame": 37, "mu": [2.3060652004894777, 4.030746779731561, 0.5370104794883134], "Sigma": [[0.010930563889569861, -0.0049395881116451115, 0.0009479152057678406], [-0.0049395881116451115, 0.0035505141861786127, -0.0029193143463866287], [0.0009479152057678406, -0.0029193143463866287, 0.011449941968611651]], "chi2_level": 0.95, "chi2_df": 3, "chi2_threshold": 7.814727903251179, "N_raw": 33, "N_roi": 25, "N_inlier": 24, "refit": true}
{"timestamp": "20:21:07.855045", "frame": 39, "mu": [2.2363985272684683, 3.97543352819537, 0.7486434384104437], "Sigma": [[0.021681201135124513, -0.015565759591799662, -0.014135010602627576], [-0.015565759591799662, 0.01215705304833588, 0.007646878281779436], [-0.014135010602627578, 0.007646878281779436, 0.03177067936883109]], "chi2_level": 0.95, "chi2_df": 3, "chi2_threshold": 7.814727903251179, "N_raw": 40, "N_roi": 34, "N_inlier": 34, "refit": true}
{"timestamp": "20:21:07.907945", "frame": 40, "mu": [2.220424470448572, 3.9234697494012822, 0.6377790613291259], "Sigma": [[0.01217326733358319, -0.007899150067932601, -0.0029211286465121032], [-0.007899150067932601, 0.0061143342196850175, 0.0007731735892764554], [-0.0029211286465121032, 0.0007731735892764554, 0.0073275140289313775]], "chi2_level": 0.95, "chi2_df": 3, "chi2_threshold": 7.814727903251179, "N_raw": 20, "N_roi": 20, "N_inlier": 19, "refit": true}
{"timestamp": "20:21:07.965136", "frame": 41, "mu": [2.1455166685897473, 3.9118937827763367, 0.6066392991665045], "Sigma": [[0.026778809347999276, -0.01734612186621129, -0.006806919778045166], [-0.01734612186621129, 0.015707066221262073, 0.00507609377340147], [-0.006806919778045166, 0.005076093773401471, 0.003501276300334501]], "chi2_level": 0.95, "chi2_df": 3, "chi2_threshold": 7.814727903251179, "N_raw": 37, "N_roi": 37, "N_inlier": 36, "refit": true}
{"timestamp": "20:21:08.021996", "frame": 42, "mu": [2.1174798395217262, 3.953823111842362, 0.8158712926549511], "Sigma": [[0.036218421540734666, -0.017994947853307935, -0.008053657735384454], [-0.017994947853307935, 0.013621982259484293, 0.0021727773347834946], [-0.008053657735384454, 0.002172777334783494, 0.0042305294138594305]], "chi2_level": 0.95, "chi2_df": 3, "chi2_threshold": 7.814727903251179, "N_raw": 54, "N_roi": 54, "N_inlier": 53, "refit": true}
{"timestamp": "20:21:08.074527", "frame": 43, "mu": [1.9846892675216834, 3.923205789427397, 0.6624309845626849], "Sigma": [[0.013738182784249839, -0.008765971935230276, -0.006418843449977334], [-0.008765971935230276, 0.008926160880430592, 0.00425695311902477], [-0.006418843449977334, 0.00425695311902477, 0.006629717954326293]], "chi2_level": 0.95, "chi2_df": 3, "chi2_threshold": 7.814727903251179, "N_raw": 25, "N_roi": 25, "N_inlier": 22, "refit": true}
{"timestamp": "20:21:08.135543", "frame": 44, "mu": [2.050100618091654, 3.83234308444261, 0.7102978707507841], "Sigma": [[0.03990787119519522, -0.02294457845901402, -0.020833026476178927], [-0.02294457845901402, 0.015853574220901823, 0.005589272489329456], [-0.020833026476178924, 0.005589272489329456, 0.039177969313734885]], "chi2_level": 0.95, "chi2_df": 3, "chi2_threshold": 7.814727903251179, "N_raw": 75, "N_roi": 73, "N_inlier": 72, "refit": true}
{"timestamp": "20:21:08.186622", "frame": 45, "mu": [2.0250479667210475, 3.6951447255431136, 0.47194155537870197], "Sigma": [[0.03151297682387397, -0.017911206582541504, -0.00543728149461413], [-0.017911206582541504, 0.010740235097568534, 0.0032407332603093656], [-0.00543728149461413, 0.003240733260309365, 0.021596647794948583]], "chi2_level": 0.95, "chi2_df": 3, "chi2_threshold": 7.814727903251179, "N_raw": 42, "N_roi": 42, "N_inlier": 40, "refit": true}
{"timestamp": "20:21:08.241405", "frame": 46, "mu": [2.0005945816815727, 3.6944724322962634, 0.43765559962072825], "Sigma": [[0.027668164084571397, -0.0167285104236343, -0.006127928867683303], [-0.0167285104236343, 0.011871949797446756, 0.0018352221498436328], [-0.006127928867683303, 0.0018352221498436332, 0.007059400771524971]], "chi2_level": 0.95, "chi2_df": 3, "chi2_threshold": 7.814727903251179, "N_raw": 40, "N_roi": 40, "N_inlier": 38, "refit": true}
{"timestamp": "20:21:08.292366", "frame": 47, "mu": [1.9666329400068396, 3.777457809559507, -1.0425964827918852], "Sigma": [[0.009072234734408711, 0.0034142593877571894, 0.030734734175936], [0.0034142593877571894, 0.005520043457490764, 0.024950606441701093], [0.030734734175936, 0.024950606441701093, 0.1974999768013044]], "chi2_level": 0.95, "chi2_df": 3, "chi2_threshold": 7.814727903251179, "N_raw": 18, "N_roi": 18, "N_inlier": 18, "refit": true}
{"timestamp": "20:21:08.349496", "frame": 48, "mu": [1.9659032849359712, 3.626329743549758, 0.605442977470387], "Sigma": [[0.019662497583479675, -0.015507854124263028, -0.010198910603182803], [-0.015507854124263028, 0.015138274637138243, 0.006304436275210251], [-0.010198910603182803, 0.006304436275210252, 0.009137965894698235]], "chi2_level": 0.95, "chi2_df": 3, "chi2_threshold": 7.814727903251179, "N_raw": 36, "N_roi": 35, "N_inlier": 34, "refit": true}
{"timestamp": "20:21:08.407667", "frame": 49, "mu": [1.8451640847394233, 3.66550713523042, 0.8019285010463224], "Sigma": [[0.023991917521866416, -0.013124762442815055, -0.008039150120897292], [-0.013124762442815055, 0.011766440711763774, -0.001381983179412371], [-0.008039150120897294, -0.0013819831794123709, 0.012338118472889608]], "chi2_level": 0.95, "chi2_df": 3, "chi2_threshold": 7.814727903251179, "N_raw": 59, "N_roi": 58, "N_inlier": 58, "refit": true}
{"timestamp": "20:21:08.456890", "frame": 50, "mu": [1.7672132735536379, 3.73995831820787, 0.7519915979469517], "Sigma": [[0.007746047454425016, -0.004760448073778398, -0.001674914900351442], [-0.004760448073778397, 0.005399017454197353, 0.0007676341702513127], [-0.0016749149003514418, 0.0007676341702513123, 0.0013630031380275733]], "chi2_level": 0.95, "chi2_df": 3, "chi2_threshold": 7.814727903251179, "N_raw": 15, "N_roi": 15, "N_inlier": 14, "refit": true}
{"timestamp": "20:21:08.517947", "frame": 51, "mu": [1.776377699086863, 3.5846570149240367, 0.6034046835306462], "Sigma": [[0.019356756273693022, -0.013453172323492739, -0.0016547824339545826], [-0.013453172323492739, 0.016536537526372935, 0.0006876571419386399], [-0.0016547824339545826, 0.0006876571419386406, 0.018784855085314318]], "chi2_level": 0.95, "chi2_df": 3, "chi2_threshold": 7.814727903251179, "N_raw": 57, "N_roi": 57, "N_inlier": 55, "refit": true}
{"timestamp": "20:21:08.573667", "frame": 52, "mu": [1.7417330886960016, 3.5149910172292356, 0.6859073048594394], "Sigma": [[0.0260869483690713, -0.015441855145929557, -0.002897291404393639], [-0.015441855145929557, 0.011133584333989229, -0.0004566913114447853], [-0.0028972914043936386, -0.0004566913114447857, 0.04064551049302468]], "chi2_level": 0.95, "chi2_df": 3, "chi2_threshold": 7.814727903251179, "N_raw": 59, "N_roi": 59, "N_inlier": 58, "refit": true}
{"timestamp": "20:21:08.626228", "frame": 53, "mu": [1.8131227914653445, 3.401367925937763, 0.8084323028832716], "Sigma": [[0.02355683071933227, -0.01441236526775154, -0.015813793340048444], [-0.01441236526775154, 0.009201268992798644, 0.009886662409642399], [-0.015813793340048444, 0.009886662409642397, 0.04188924325163909]], "chi2_level": 0.95, "chi2_df": 3, "chi2_threshold": 7.814727903251179, "N_raw": 42, "N_roi": 42, "N_inlier": 39, "refit": true}
{"timestamp": "20:21:08.685369", "frame": 54, "mu": [1.7050012110896298, 3.6625177564692217, -0.4549120351370916], "Sigma": [[0.029260600030859656, -0.016392767724289378, -0.00828552566314255], [-0.01639276772428938, 0.014826000474707583, 1.1755881287317874e-05], [-0.00828552566314255, 1.1755881287317982e-05, 0.00826565496168118]], "chi2_level": 0.95, "chi2_df": 3, "chi2_threshold": 7.814727903251179, "N_raw": 63, "N_roi": 63, "N_inlier": 60, "refit": true}
{"timestamp": "20:21:08.741180", "frame": 55, "mu": [1.6377634018840799, 3.417559176385662, 0.5859781891232609], "Sigma": [[0.03070453428617693, -0.01324564841889312, 0.018075545545175684], [-0.013245648418893122, 0.010937434328836206, -0.011272715863304245], [0.018075545545175684, -0.011272715863304245, 0.016079850755853463]], "chi2_level": 0.95, "chi2_df": 3, "chi2_threshold": 7.814727903251179, "N_raw": 72, "N_roi": 72, "N_inlier": 68, "refit": true}
{"timestamp": "20:21:08.793432", "frame": 56, "mu": [1.5207134460281868, 3.4100916653267612, 0.5543762858873283], "Sigma": [[0.02291059026177982, -0.006987719055507288, 0.01359497307295032], [-0.006987719055507288, 0.0034260674923669034, -0.0038295374454817453], [0.01359497307295032, -0.0038295374454817453, 0.04179276312100762]], "chi2_level": 0.95, "chi2_df": 3, "chi2_threshold": 7.814727903251179, "N_raw": 53, "N_roi": 53, "N_inlier": 51, "refit": true}
{"timestamp": "20:21:08.842959", "frame": 57, "mu": [1.5647018254145122, 3.3152760493957567, 0.648902567571131], "Sigma": [[0.015713062470568726, -0.005396890453217393, 0.020148819110625778], [-0.005396890453217394, 0.0022871226907399825, -0.008577703861987038], [0.020148819110625778, -0.008577703861987038, 0.041319323197185745]], "chi2_level": 0.95, "chi2_df": 3, "chi2_threshold": 7.814727903251179, "N_raw": 22, "N_roi": 22, "N_inlier": 21, "refit": true}
{"timestamp": "20:21:08.902168", "frame": 58, "mu": [1.5323371937786459, 3.2692684348179695, 0.5571037492249479], "Sigma": [[0.019526691124735582, -0.007923865929600465, 0.006551539640127562], [-0.007923865929600463, 0.005475783141696171, -0.004841305499480041], [0.006551539640127562, -0.004841305499480041, 0.013071063158804169]], "chi2_level": 0.95, "chi2_df": 3, "chi2_threshold": 7.814727903251179, "N_raw": 51, "N_roi": 48, "N_inlier": 46, "refit": true}
{"timestamp": "20:21:08.955825", "frame": 59, "mu": [1.526962999643629, 3.256112332546165, 0.8204643080437823], "Sigma": [[0.019731752916724625, -0.010751126970473528, -0.004250137486508324], [-0.010751126970473528, 0.007963667303634066, 0.0005048457352038128], [-0.004250137486508324, 0.0005048457352038128, 0.004718636264135039]], "chi2_level": 0.95, "chi2_df": 3, "chi2_threshold": 7.814727903251179, "N_raw": 41, "N_roi": 41, "N_inlier": 40, "refit": true}
{"timestamp": "20:21:09.011870", "frame": 60, "mu": [1.4553980997449893, 3.203839296621247, 0.6697374307751299], "Sigma": [[0.019049720352763762, -0.015701759182342838, -0.0037885491215924353], [-0.015701759182342838, 0.019436923158143868, 0.0006609572869783468], [-0.0037885491215924353, 0.0006609572869783469, 0.003188135473787891]], "chi2_level": 0.95, "chi2_df": 3, "chi2_threshold": 7.814727903251179, "N_raw": 50, "N_roi": 50, "N_inlier": 49, "refit": true}
{"timestamp": "20:21:09.068161", "frame": 61, "mu": [1.3175554104305456, 3.29511333517175, 0.7621203674584176], "Sigma": [[0.023021626234053606, -0.010164164405423613, -0.010756125785247785], [-0.010164164405423613, 0.0069872944069947615, 0.0013921368657714601], [-0.010756125785247785, 0.0013921368657714606, 0.0128075158867835]], "chi2_level": 0.95, "chi2_df": 3, "chi2_threshold": 7.814727903251179, "N_raw": 56, "N_roi": 56, "N_inlier": 54, "refit": true}
{"timestamp": "20:21:09.122513", "frame": 62, "mu": [1.3468646110380624, 3.2132654903517364, 0.8147877305738689], "Sigma": [[0.02014041189294852, -0.01230842582328796, 0.0029537779387209585], [-0.01230842582328796, 0.010551291396029165, -0.005150588112902352], [0.002953777938720958, -0.005150588112902351, 0.00854531704433526]], "chi2_level": 0.95, "chi2_df": 3, "chi2_threshold": 7.814727903251179, "N_raw": 49, "N_roi": 48, "N_inlier": 45, "refit": true}
{"timestamp": "20:21:09.176605", "frame": 63, "mu": [1.3045274652167924, 3.3441170205767357, -0.31750803432501873], "Sigma": [[0.01221327179498695, -0.0035136136528108527, -0.002715913660502472], [-0.0035136136528108527, 0.0045489724086525294, -0.0038104021688152765], [-0.002715913660502472, -0.0038104021688152765, 0.015159508389302636]], "chi2_level": 0.95, "chi2_df": 3, "chi2_threshold": 7.814727903251179, "N_raw": 38, "N_roi": 38, "N_inlier": 34, "refit": true}
{"timestamp": "20:21:09.235836", "frame": 64, "mu": [1.1431490820566588, 3.134705600104407, 0.5811669871091583], "Sigma": [[0.01820288841720863, -0.003645961073688239, 0.010148317206830085], [-0.0036459610736882396, 0.013602136650397596, -1.9609957269487875e-05], [0.010148317206830085, -1.9609957269487767e-05, 0.018511809624620935]], "chi2_level": 0.95, "chi2_df": 3, "chi2_threshold": 7.814727903251179, "N_raw": 76, "N_roi": 76, "N_inlier": 75, "refit": true}
{"timestamp": "20:21:09.291397", "frame": 65, "mu": [1.162808745617753, 3.1874456557966893, 0.7415807258302879], "Sigma": [[0.030683432597217487, -0.019065855309051215, 0.008229247275491626], [-0.019065855309051215, 0.01892588650393322, -0.007138077647893808], [0.008229247275491625, -0.0071380776478938085, 0.006471162671704237]], "chi2_level": 0.95, "chi2_df": 3, "chi2_threshold": 7.814727903251179, "N_raw": 78, "N_roi": 78, "N_inlier": 76, "refit": true}
{"timestamp": "20:21:09.345711", "frame": 66, "mu": [1.1876149476058693, 3.069545631957629, 0.8785599401679767], "Sigma": [[0.02229485853574787, -0.008066820136379098, -0.01450707817340199], [-0.0080668201363791, 0.004218174270312516, 0.002207676458907978], [-0.01450707817340199, 0.0022076764589079785, 0.05452012608005487]], "chi2_level": 0.95, "chi2_df": 3, "chi2_threshold": 7.814727903251179, "N_raw": 67, "N_roi": 67, "N_inlier": 66, "refit": true}
{"timestamp": "20:21:09.402864", "frame": 67, "mu": [1.0607842474096931, 3.0407652233922224, 0.650837878944766], "Sigma": [[0.021734906784607183, -0.0056427034515154, 0.011939698842475718], [-0.0056427034515154, 0.0034037660728011973, 0.0033531003581399356], [0.011939698842475716, 0.0033531003581399356, 0.10031120157819581]], "chi2_level": 0.95, "chi2_df": 3, "chi2_threshold": 7.814727903251179, "N_raw": 85, "N_roi": 85, "N_inlier": 84, "refit": true}
{"timestamp": "20:21:09.504827", "frame": 69, "mu": [0.8784380715655138, 3.130071936797624, 0.825501556922742], "Sigma": [[0.01599030128292414, -0.010436109021684237, 0.017927274368163208], [-0.010436109021684237, 0.009940069989988054, -0.0190503192691511], [0.017927274368163208, -0.0190503192691511, 0.04483939052415165]], "chi2_level": 0.95, "chi2_df": 3, "chi2_threshold": 7.814727903251179, "N_raw": 37, "N_roi": 34, "N_inlier": 34, "refit": true}
{"timestamp": "20:21:09.565072", "frame": 70, "mu": [0.9854275049444228, 2.9069978620291184, 0.7306219388483487], "Sigma": [[0.0219267146967421, -0.010193239506285218, -0.008627555316482224], [-0.01019323950628522, 0.012895250962431158, 0.004104002274410504], [-0.008627555316482224, 0.004104002274410504, 0.005122051701538174]], "chi2_level": 0.95, "chi2_df": 3, "chi2_threshold": 7.814727903251179, "N_raw": 66, "N_roi": 66, "N_inlier": 64, "refit": true}
{"timestamp": "20:21:09.620069", "frame": 71, "mu": [0.9294806466262546, 2.9159772055321147, -1.0642872702517514], "Sigma": [[0.019094263955352277, 0.004111643309931752, 0.032359459563933414], [0.004111643309931752, 0.009077200468894295, 0.018046144948929525], [0.032359459563933414, 0.01804614494892953, 0.11190688264466785]], "chi2_level": 0.95, "chi2_df": 3, "chi2_threshold": 7.814727903251179, "N_raw": 67, "N_roi": 64, "N_inlier": 60, "refit": true}
{"timestamp": "20:21:09.676825", "frame": 72, "mu": [0.9028654167832972, 2.820672874843167, 0.7554367911381158], "Sigma": [[0.019475616843223596, -0.006895386953885308, -0.006905444595177303], [-0.006895386953885309, 0.006882471454310454, -0.0013879866549234504], [-0.006905444595177303, -0.0013879866549234504, 0.013002691952382635]], "chi2_level": 0.95, "chi2_df": 3, "chi2_threshold": 7.814727903251179, "N_raw": 75, "N_roi": 75, "N_inlier": 72, "refit": true}
{"timestamp": "20:21:09.728485", "frame": 73, "mu": [0.8506890035341556, 2.952907880401742, -0.5578161638609296], "Sigma": [[0.01499237384759522, 0.0028450890443184225, 0.02656351900900084], [0.0028450890443184225, 0.006258131064396983, 0.012741758158113143], [0.02656351900900084, 0.012741758158113143, 0.11906938025713115]], "chi2_level": 0.95, "chi2_df": 3, "chi2_threshold": 7.814727903251179, "N_raw": 56, "N_roi": 54, "N_inlier": 50, "refit": true}
{"timestamp": "20:21:09.783781", "frame": 74, "mu": [0.8103549261522925, 2.777679197055618, 0.810096421019238], "Sigma": [[0.015841684331891703, -0.007336448890563011, -0.006575172313561792], [-0.007336448890563011, 0.0061026682318426366, 3.437353593579756e-05], [-0.006575172313561792, 3.4373535935797454e-05, 0.00800528766689042]], "chi2_level": 0.95, "chi2_df": 3, "chi2_threshold": 7.814727903251179, "N_raw": 55, "N_roi": 55, "N_inlier": 54, "refit": true}
{"timestamp": "20:21:09.842028", "frame": 75, "mu": [0.759131267609126, 2.7797175689757507, 0.8466553682809095], "Sigma": [[0.018379317410325346, -0.007286105568742657, 0.0042099202186790165], [-0.007286105568742657, 0.005943926078527703, -0.00770731902500341], [0.0042099202186790165, -0.00770731902500341, 0.02045315537288992]], "chi2_level": 0.95, "chi2_df": 3, "chi2_threshold": 7.814727903251179, "N_raw": 84, "N_roi": 83, "N_inlier": 80, "refit": true}
{"timestamp": "20:21:09.905458", "frame": 76, "mu": [0.6876829279985264, 2.704599523222801, 0.780591862447654], "Sigma": [[0.03626388387971741, -0.021657236316260514, 0.002639281362479096], [-0.021657236316260514, 0.018427897570137634, -0.004401200619356728], [0.0026392813624790965, -0.004401200619356728, 0.03923893490504924]], "chi2_level": 0.95, "chi2_df": 3, "chi2_threshold": 7.814727903251179, "N_raw": 128, "N_roi": 126, "N_inlier": 122, "refit": true}
{"timestamp": "20:21:09.957226", "frame": 77, "mu": [0.6651284567750148, 2.675760873292468, 0.8126511814919962], "Sigma": [[0.02290379115506435, -0.012250320929528581, 0.0006695636227157741], [-0.012250320929528581, 0.012958586531102417, -0.005361745964825041], [0.000669563622715774, -0.005361745964825042, 0.018956662679239122]], "chi2_level": 0.95, "chi2_df": 3, "chi2_threshold": 7.814727903251179, "N_raw": 108, "N_roi": 107, "N_inlier": 102, "refit": true}
{"timestamp": "20:21:10.009369", "frame": 78, "mu": [0.6276202886994894, 2.6601738959735055, 0.8269090013732767], "Sigma": [[0.021298160193509358, -0.014014077167632123, 0.00711076149576482], [-0.014014077167632122, 0.013390776798233113, -0.010863760837604788], [0.00711076149576482, -0.010863760837604788, 0.016294259902969843]], "chi2_level": 0.95, "chi2_df": 3, "chi2_threshold": 7.814727903251179, "N_raw": 94, "N_roi": 94, "N_inlier": 93, "refit": true}
{"timestamp": "20:21:10.061528", "frame": 79, "mu": [0.5763465999560242, 2.8614508295568837, -0.5072557937659129], "Sigma": [[0.02060624281083088, -0.01203564339066103, 0.019579749232600373], [-0.01203564339066103, 0.01023448119390173, -0.014674882665864423], [0.01957974923260037, -0.014674882665864423, 0.023730425714079805]], "chi2_level": 0.95, "chi2_df": 3, "chi2_threshold": 7.814727903251179, "N_raw": 54, "N_roi": 54, "N_inlier": 51, "refit": true}
{"timestamp": "20:21:10.117223", "frame": 80, "mu": [0.44798929938147036, 2.799444977294195, -0.5158224442502495], "Sigma": [[0.015715272412225947, -0.010892042905903666, 0.007332552750650035], [-0.010892042905903666, 0.01725007229772044, -0.016102325141309742], [0.007332552750650035, -0.016102325141309742, 0.01716887418672116]], "chi2_level": 0.95, "chi2_df": 3, "chi2_threshold": 7.814727903251179, "N_raw": 76, "N_roi": 76, "N_inlier": 75, "refit": true}
{"timestamp": "20:21:10.171921", "frame": 81, "mu": [0.4636170100668126, 2.5289631937180865, 0.9172388518171617], "Sigma": [[0.012686684957180302, -0.004478373701661315, 0.0025781415504399254], [-0.004478373701661316, 0.010016359370921579, -0.0011493944861710242], [0.0025781415504399254, -0.0011493944861710242, 0.004699293857657273]], "chi2_level": 0.95, "chi2_df": 3, "chi2_threshold": 7.814727903251179, "N_raw": 76, "N_roi": 76, "N_inlier": 73, "refit": true}
{"timestamp": "20:21:10.226692", "frame": 82, "mu": [0.33628570839804894, 2.527161089706631, 0.8562637469318802], "Sigma": [[0.011413766794163732, -0.004019205004538616, 0.0003362947416636769], [-0.004019205004538616, 0.018040535093013184, 0.004655300268656164], [0.0003362947416636769, 0.0046553002686561635, 0.0032075552457386347]], "chi2_level": 0.95, "chi2_df": 3, "chi2_threshold": 7.814727903251179, "N_raw": 82, "N_roi": 80, "N_inlier": 77, "refit": true}
{"timestamp": "20:21:10.280523", "frame": 83, "mu": [0.3597085414069529, 2.5052957120944916, 1.1124282065169275], "Sigma": [[0.01099071301045615, -0.004308105078270483, -0.008868812090356382], [-0.004308105078270483, 0.007609238677703045, 0.003434867104558425], [-0.008868812090356384, 0.003434867104558425, 0.013081040786386515]], "chi2_level": 0.95, "chi2_df": 3, "chi2_threshold": 7.814727903251179, "N_raw": 62, "N_roi": 61, "N_inlier": 58, "refit": true}
{"timestamp": "20:21:10.337983", "frame": 84, "mu": [0.3387470723507195, 2.423405950077537, 0.9859535179453673], "Sigma": [[0.013343508947256588, -0.0021425488056405788, 0.005057649399974326], [-0.002142548805640579, 0.0034853308460291678, -0.0025251521226858555], [0.005057649399974325, -0.0025251521226858555, 0.030927673297532793]], "chi2_level": 0.95, "chi2_df": 3, "chi2_threshold": 7.814727903251179, "N_raw": 79, "N_roi": 79, "N_inlier": 75, "refit": true}
{"timestamp": "20:21:10.392082", "frame": 85, "mu": [0.26602070075900996, 2.4265130068448126, 1.0012099746115186], "Sigma": [[0.013606708124491494, -0.006412993598787029, -0.0016675431986213564], [-0.006412993598787029, 0.00401943125273915, 0.0019240915354988251], [-0.0016675431986213564, 0.0019240915354988251, 0.04723975752083816]], "chi2_level": 0.95, "chi2_df": 3, "chi2_threshold": 7.814727903251179, "N_raw": 75, "N_roi": 75, "N_inlier": 70, "refit": true}
{"timestamp": "20:21:10.454835", "frame": 86, "mu": [0.2640116731214746, 2.3621087433958374, 0.7937663183217178], "Sigma": [[0.025317912492988065, -0.019608879824792737, -0.04276997735569926], [-0.019608879824792737, 0.02207188019864937, 0.05485303625490605], [-0.04276997735569926, 0.05485303625490605, 0.2808837705273095]], "chi2_level": 0.95, "chi2_df": 3, "chi2_threshold": 7.814727903251179, "N_raw": 129, "N_roi": 129, "N_inlier": 129, "refit": true}
{"timestamp": "20:21:10.504829", "frame": 87, "mu": [0.16023756773602701, 2.377791775521228, 0.9594100642798844], "Sigma": [[0.017443460358680864, -0.008760781629790416, -0.008730094651232348], [-0.008760781629790416, 0.006113741729522168, -0.0002987676438882882], [-0.008730094651232348, -0.0002987676438882883, 0.04217367131852462]], "chi2_level": 0.95, "chi2_df": 3, "chi2_threshold": 7.814727903251179, "N_raw": 98, "N_roi": 98, "N_inlier": 94, "refit": true}
{"timestamp": "20:21:10.557882", "frame": 88, "mu": [0.13210573880056867, 2.3836430043761356, 0.9861780625521037], "Sigma": [[0.03296918991798046, -0.011482232002434914, 0.02237296651183124], [-0.011482232002434914, 0.006737686795825721, -0.006219971596384167], [0.022372966511831245, -0.006219971596384168, 0.054347678842859404]], "chi2_level": 0.95, "chi2_df": 3, "chi2_threshold": 7.814727903251179, "N_raw": 79, "N_roi": 79, "N_inlier": 75, "refit": true}
{"timestamp": "20:21:10.616788", "frame": 89, "mu": [0.12033555885479819, 2.3486520786671083, 0.9675476258214982], "Sigma": [[0.021500757688558886, -0.009772838235838431, 0.0027051230938849795], [-0.009772838235838431, 0.007853756814586544, -0.007146234708408136], [0.00270512309388498, -0.007146234708408137, 0.017396061600457834]], "chi2_level": 0.95, "chi2_df": 3, "chi2_threshold": 7.814727903251179, "N_raw": 109, "N_roi": 109, "N_inlier": 104, "refit": true}
{"timestamp": "20:21:10.670732", "frame": 90, "mu": [-0.018437154400103007, 2.3259172671994994, 1.0445649149882772], "Sigma": [[0.03181655394384207, -0.009250056066507657, 0.03245511045889586], [-0.009250056066507657, 0.005550531702821301, -0.013701930513695873], [0.03245511045889586, -0.013701930513695875, 0.06595219465763322]], "chi2_level": 0.95, "chi2_df": 3, "chi2_threshold": 7.814727903251179, "N_raw": 96, "N_roi": 93, "N_inlier": 91, "refit": true}
{"timestamp": "20:21:10.727891", "frame": 91, "mu": [-0.01559939604823408, 2.233595453220957, 1.0018733046006938], "Sigma": [[0.020453611753530745, -0.005223349567143935, 0.007897681661448117], [-0.005223349567143935, 0.003788501564978162, -0.00977284782336364], [0.007897681661448115, -0.00977284782336364, 0.04099570815437277]], "chi2_level": 0.95, "chi2_df": 3, "chi2_threshold": 7.814727903251179, "N_raw": 113, "N_roi": 113, "N_inlier": 107, "refit": true}
{"timestamp": "20:21:10.782591", "frame": 92, "mu": [-0.035757369063810114, 2.1909736326092983, 0.9973312035571297], "Sigma": [[0.01723908081475372, -0.00834150442568375, 0.007111364075585153], [-0.008341504425683752, 0.007492509227814502, -0.008900509310707311], [0.007111364075585154, -0.00890050931070731, 0.033851980591534506]], "chi2_level": 0.95, "chi2_df": 3, "chi2_threshold": 7.814727903251179, "N_raw": 107, "N_roi": 107, "N_inlier": 99, "refit": true}
{"timestamp": "20:21:10.834524", "frame": 93, "mu": [-0.03736276438081758, 2.137009235502609, 1.0687186987313384], "Sigma": [[0.011305321611097997, -0.004936062466458603, -0.011669977358896005], [-0.004936062466458603, 0.005602232163703299, 0.00021163083840898927], [-0.011669977358896005, 0.00021163083840898943, 0.020897909187869164]], "chi2_level": 0.95, "chi2_df": 3, "chi2_threshold": 7.814727903251179, "N_raw": 86, "N_roi": 86, "N_inlier": 80, "refit": true}
{"timestamp": "20:21:10.888726", "frame": 94, "mu": [-0.07338959824094363, 2.081611696078416, 1.1050918998161703], "Sigma": [[0.011272735349236016, -0.0023270874348248066, -0.010039162845146575], [-0.0023270874348248066, 0.002155225648655568, -0.0022424373987873806], [-0.010039162845146575, -0.0022424373987873806, 0.029013023809487885]], "chi2_level": 0.95, "chi2_df": 3, "chi2_threshold": 7.814727903251179, "N_raw": 87, "N_roi": 86, "N_inlier": 80, "refit": true}
{"timestamp": "20:21:10.943509", "frame": 95, "mu": [-0.18266586148932207, 2.0637045746088116, 1.0691115990098035], "Sigma": [[0.01574454464071961, -0.007410532828383342, -0.004106647447856411], [-0.00741053282838334, 0.005602297421717809, -0.002777069983186597], [-0.004106647447856411, -0.002777069983186597, 0.014793097720608363]], "chi2_level": 0.95, "chi2_df": 3, "chi2_threshold": 7.814727903251179, "N_raw": 81, "N_roi": 81, "N_inlier": 78, "refit": true}
{"timestamp": "20:21:10.997892", "frame": 96, "mu": [-0.12896733810071617, 1.9780898265426514, 1.0176644204394192], "Sigma": [[0.010944046273453288, -0.002872887744947055, -0.0002810064502671288], [-0.002872887744947055, 0.002004626428915428, -0.002851195392425049], [-0.0002810064502671286, -0.002851195392425049, 0.020945688362990433]], "chi2_level": 0.95, "chi2_df": 3, "chi2_threshold": 7.814727903251179, "N_raw": 79, "N_roi": 79, "N_inlier": 75, "refit": true}
{"timestamp": "20:21:11.053360", "frame": 97, "mu": [-0.1909640862942107, 1.94065443336003, 1.0286456297508053], "Sigma": [[0.009657592620574576, -0.002847250894463014, -0.0007650106499464908], [-0.0028472508944630136, 0.002071174238867303, -0.0036072190764680876], [-0.0007650106499464909, -0.0036072190764680876, 0.025253212192117402]], "chi2_level": 0.95, "chi2_df": 3, "chi2_threshold": 7.814727903251179, "N_raw": 89, "N_roi": 87, "N_inlier": 82, "refit": true}
{"timestamp": "20:21:11.108100", "frame": 98, "mu": [-0.17584198011421295, 1.9091072402675766, 1.1470874546245144], "Sigma": [[0.011057137973416972, -0.005662739527014252, -0.008064437455356895], [-0.005662739527014252, 0.01141294514547232, 0.0027110484392994672], [-0.008064437455356895, 0.002711048439299468, 0.0070928654812920395]], "chi2_level": 0.95, "chi2_df": 3, "chi2_threshold": 7.814727903251179, "N_raw": 85, "N_roi": 85, "N_inlier": 81, "refit": true}
{"timestamp": "20:21:11.162813", "frame": 99, "mu": [-0.2801925267058851, 1.9619763402554404, -0.29578739831128026], "Sigma": [[0.009981783739155923, -0.0026971975351774884, 0.04420031498038183], [-0.0026971975351774884, 0.013640941862510558, -0.03552613815470618], [0.04420031498038182, -0.03552613815470618, 0.34176464638826837]], "chi2_level": 0.95, "chi2_df": 3, "chi2_threshold": 7.814727903251179, "N_raw": 82, "N_roi": 82, "N_inlier": 80, "refit": true}
{"timestamp": "20:21:11.327684", "frame": 100, "mu": [-0.39008158297468765, 1.9176937518847594, -0.5794950466988186], "Sigma": [[0.011115790515552235, 0.0010896009632281002, 0.012655686685003588], [0.0010896009632281002, 0.007510519462688528, 0.004218736391978046], [0.012655686685003588, 0.004218736391978045, 0.038883506531871406]], "chi2_level": 0.95, "chi2_df": 3, "chi2_threshold": 7.814727903251179, "N_raw": 93, "N_roi": 93, "N_inlier": 89, "refit": true}
{"timestamp": "20:21:11.334649", "frame": 101, "mu": [-0.28247179259426036, 1.9141039067407553, -0.45240184523569427], "Sigma": [[0.008568011874427168, 0.0003925194290351168, -0.007681549165832628], [0.0003925194290351168, 0.003406854432022468, -0.0042984319558131085], [-0.007681549165832628, -0.0042984319558131085, 0.013526548836885309]], "chi2_level": 0.95, "chi2_df": 3, "chi2_threshold": 7.814727903251179, "N_raw": 77, "N_roi": 77, "N_inlier": 67, "refit": true}
{"timestamp": "20:21:11.363802", "frame": 102, "mu": [-0.4381635763921057, 1.7818576858052653, 1.196381656150371], "Sigma": [[0.008022124602710123, -0.002109177160528874, -0.005898131869998224], [-0.0021091771605288743, 0.004909502983002203, -0.0037084017632964413], [-0.005898131869998224, -0.0037084017632964417, 0.013270170049507573]], "chi2_level": 0.95, "chi2_df": 3, "chi2_threshold": 7.814727903251179, "N_raw": 88, "N_roi": 88, "N_inlier": 83, "refit": true}
{"timestamp": "20:21:11.394076", "frame": 103, "mu": [-0.5145057894412295, 1.7840563086755483, 1.2558603845237066], "Sigma": [[0.009020579509712344, -0.000975975136125377, -0.0038640146619675292], [-0.0009759751361253768, 0.005840949516186334, -0.005403523351159082], [-0.003864014661967529, -0.005403523351159083, 0.01080408525338602]], "chi2_level": 0.95, "chi2_df": 3, "chi2_threshold": 7.814727903251179, "N_raw": 97, "N_roi": 97, "N_inlier": 93, "refit": true}
{"timestamp": "20:21:11.435733", "frame": 104, "mu": [-0.5914756709425639, 1.7474591784665194, 1.3544309657489682], "Sigma": [[0.006810719233184623, -0.002220750111072883, -0.005813895369894719], [-0.002220750111072883, 0.0048707984438887625, -0.001763098066503757], [-0.005813895369894719, -0.0017630980665037572, 0.008600490596509828]], "chi2_level": 0.95, "chi2_df": 3, "chi2_threshold": 7.814727903251179, "N_raw": 68, "N_roi": 68, "N_inlier": 65, "refit": true}
{"timestamp": "20:21:11.489560", "frame": 105, "mu": [-0.6196225758164797, 1.6874587570054225, 1.3242473808822564], "Sigma": [[0.007663005423539771, -0.0018406565072514093, -0.007268541786357647], [-0.0018406565072514093, 0.004689511781792176, -0.0008128897875591944], [-0.007268541786357647, -0.0008128897875591944, 0.009058930767688746]], "chi2_level": 0.95, "chi2_df": 3, "chi2_threshold": 7.814727903251179, "N_raw": 63, "N_roi": 63, "N_inlier": 59, "refit": true}
{"timestamp": "20:21:11.545871", "frame": 106, "mu": [-0.6525350845697043, 1.6567205591805545, 1.3369331205398816], "Sigma": [[0.007316160540224017, -0.0023462194702232246, -0.004252568325893013], [-0.0023462194702232246, 0.006691873601682237, -0.0005148327897846826], [-0.004252568325893013, -0.0005148327897846825, 0.0034365710605995647]], "chi2_level": 0.95, "chi2_df": 3, "chi2_threshold": 7.814727903251179, "N_raw": 67, "N_roi": 67, "N_inlier": 63, "refit": true}
{"timestamp": "20:21:11.602627", "frame": 107, "mu": [-0.6900697456590981, 1.7322538874820603, -0.13502851804430333], "Sigma": [[0.0075832468446771885, -0.002614943134645803, 0.002622275408084051], [-0.002614943134645803, 0.008402693524112685, -0.011765273421875342], [0.0026222754080840495, -0.011765273421875342, 0.09403419364085508]], "chi2_level": 0.95, "chi2_df": 3, "chi2_threshold": 7.814727903251179, "N_raw": 80, "N_roi": 80, "N_inlier": 75, "refit": true}
{"timestamp": "20:21:11.658533", "frame": 108, "mu": [-0.7359031385777277, 1.6018942057757934, 1.154971664696252], "Sigma": [[0.00840931077424328, -0.0018509822758418252, -0.001919589828412358], [-0.0018509822758418252, 0.0015794340105716282, -0.0025579629853729824], [-0.001919589828412358, -0.002557962985372983, 0.028807437542819267]], "chi2_level": 0.95, "chi2_df": 3, "chi2_threshold": 7.814727903251179, "N_raw": 86, "N_roi": 86, "N_inlier": 82, "refit": true}
{"timestamp": "20:21:11.703015", "frame": 109, "mu": [-0.694968996828043, 1.5179265944906337, 1.1408643232508684], "Sigma": [[0.00852159257005892, -0.005850880380382855, -0.0017504967965073057], [-0.005850880380382855, 0.005456722854220116, -0.0027899850184455867], [-0.0017504967965073061, -0.002789985018445587, 0.14074526156983308]], "chi2_level": 0.95, "chi2_df": 3, "chi2_threshold": 7.814727903251179, "N_raw": 13, "N_roi": 13, "N_inlier": 11, "refit": true}
{"timestamp": "20:21:11.764791", "frame": 110, "mu": [-0.7552092180819632, 1.61362533812931, -0.5841915693609627], "Sigma": [[0.006362511648487467, 0.0009303537991906446, 0.0060264171598941796], [0.0009303537991906447, 0.014373768748055129, 0.012606178876066226], [0.006026417159894179, 0.012606178876066224, 0.023210528727384716]], "chi2_level": 0.95, "chi2_df": 3, "chi2_threshold": 7.814727903251179, "N_raw": 67, "N_roi": 66, "N_inlier": 62, "refit": true}
{"timestamp": "20:21:11.818683", "frame": 111, "mu": [-0.8198001059453264, 1.4469530900345198, 1.2375391133880052], "Sigma": [[0.004971737160607862, -0.0006486603085197953, -0.0036105445244526213], [-0.0006486603085197953, 0.0023610447907951894, -0.0010551166938789515], [-0.0036105445244526213, -0.0010551166938789517, 0.008762453172871066]], "chi2_level": 0.95, "chi2_df": 3, "chi2_threshold": 7.814727903251179, "N_raw": 49, "N_roi": 49, "N_inlier": 41, "refit": true}
{"timestamp": "20:21:11.870645", "frame": 112, "mu": [-1.0762629062585158, 1.2951037002965358, 1.2920711525997102], "Sigma": [[0.11070320495680742, 0.05222107752203249, -0.09760370050286962], [0.05222107752203249, 0.026776754516955603, -0.04929966269492247], [-0.09760370050286962, -0.04929966269492246, 0.2501518198855824]], "chi2_level": 0.95, "chi2_df": 3, "chi2_threshold": 7.814727903251179, "N_raw": 30, "N_roi": 30, "N_inlier": 27, "refit": true}
{"timestamp": "20:21:11.928806", "frame": 113, "mu": [-0.9785519793202477, 1.374345221371982, 1.367287215632664], "Sigma": [[0.00649000865511116, -0.0008813985530654119, -0.0032071484934105355], [-0.0008813985530654119, 0.003542480496975006, -0.0024809793513593916], [-0.0032071484934105355, -0.0024809793513593916, 0.004554348358667437]], "chi2_level": 0.95, "chi2_df": 3, "chi2_threshold": 7.814727903251179, "N_raw": 60, "N_roi": 60, "N_inlier": 55, "refit": true}
{"timestamp": "20:21:11.981176", "frame": 114, "mu": [-0.9767958114461296, 1.30975593112867, 1.330579341892745], "Sigma": [[0.004975474355324391, -0.0007409884507884952, -0.0042999214669156224], [-0.0007409884507884951, 0.0031311567423916845, 8.873589994813787e-05], [-0.0042999214669156224, 8.873589994813787e-05, 0.004192623552586734]], "chi2_level": 0.95, "chi2_df": 3, "chi2_threshold": 7.814727903251179, "N_raw": 39, "N_roi": 39, "N_inlier": 37, "refit": true}
{"timestamp": "20:21:12.039090", "frame": 115, "mu": [-1.106077428428117, 1.2046496631941244, 1.3023459895094405], "Sigma": [[0.04959245523240214, 0.012853674377898517, -0.033812149061804755], [0.012853674377898517, 0.006945306947908307, -0.010429720838165362], [-0.033812149061804755, -0.010429720838165362, 0.024753421329865015]], "chi2_level": 0.95, "chi2_df": 3, "chi2_threshold": 7.814727903251179, "N_raw": 61, "N_roi": 61, "N_inlier": 57, "refit": true}
{"timestamp": "20:21:12.089051", "frame": 116, "mu": [-1.3323147464830123, 1.0627835035430746, 1.6155517870712066], "Sigma": [[0.030436087220407946, 0.014383170233270064, -0.057359602488364296], [0.014383170233270064, 0.009564723523105964, -0.02689609908829596], [-0.05735960248836429, -0.02689609908829596, 0.1311555246060312]], "chi2_level": 0.95, "chi2_df": 3, "chi2_threshold": 7.814727903251179, "N_raw": 26, "N_roi": 26, "N_inlier": 24, "refit": true}
{"timestamp": "20:21:12.145210", "frame": 117, "mu": [-1.3360373218330817, 1.0679259669868042, 1.5852483098698409], "Sigma": [[0.016215555781236422, 0.004553669661445687, -0.025611649256299093], [0.004553669661445686, 0.005692988415925227, -0.004938789563474608], [-0.02561164925629909, -0.004938789563474608, 0.0652378325133365]], "chi2_level": 0.95, "chi2_df": 3, "chi2_threshold": 7.814727903251179, "N_raw": 30, "N_roi": 30, "N_inlier": 26, "refit": true}
{"timestamp": "20:21:12.204565", "frame": 118, "mu": [-1.3970642446582497, 1.0366429920988354, 1.718385863813402], "Sigma": [[0.011538668392934359, 0.005980902546901713, -0.006680659554507308], [0.005980902546901712, 0.007680107194187816, -0.00698548711819005], [-0.006680659554507308, -0.00698548711819005, 0.007398389503267718]], "chi2_level": 0.95, "chi2_df": 3, "chi2_threshold": 7.814727903251179, "N_raw": 62, "N_roi": 62, "N_inlier": 57, "refit": true}
