{"timestamp": "19:27:21.437396", "frame": 44, "mu": [1.5511522679272223, 0.9634082083426615, -0.4086181927476356], "Sigma": [[0.0012597358101405847, -0.0009253404084712251, -0.0001318864231781879], [-0.0009253404084712251, 0.005001158974641339, -0.0004143592734434172], [-0.0001318864231781879, -0.0004143592734434172, 7.540561623494484e-05]], "chi2_level": 0.95, "chi2_df": 3, "chi2_threshold": 7.814727903251179, "N_raw": 15, "N_roi": 15, "N_inlier": 13, "refit": true}
{"timestamp": "19:27:21.932917", "frame": 53, "mu": [1.17783541643695, 1.2068405210626327, 1.337831364347847], "Sigma": [[0.0039286992218965375, -0.0016207107778326004, -0.0015686211433853887], [-0.0016207107778326004, 0.0025779433321781956, -0.00013170745434413643], [-0.0015686211433853887, -0.00013170745434413637, 0.001651631481983742]], "chi2_level": 0.95, "chi2_df": 3, "chi2_threshold": 7.814727903251179, "N_raw": 28, "N_roi": 28, "N_inlier": 25, "refit": true}
{"timestamp": "19:27:21.985792", "frame": 54, "mu": [1.098089572049602, 1.3500735173765717, -0.4707146552617732], "Sigma": [[0.002883941287234793, -0.0006861377513021854, -0.006068175882238064], [-0.0006861377513021854, 0.0016259660466085184, -0.0011551163553413174], [-0.006068175882238064, -0.0011551163553413174, 0.028318816331733575]], "chi2_level": 0.95, "chi2_df": 3, "chi2_threshold": 7.814727903251179, "N_raw": 14, "N_roi": 14, "N_inlier": 14, "refit": true}
{"timestamp": "19:27:22.098667", "frame": 56, "mu": [1.0212243057044945, 1.3882000312492913, 1.4050701719531735], "Sigma": [[0.0028160333688959874, -0.0012919554917671043, -0.0009063717117300108], [-0.001291955491767104, 0.00437639662591447, -0.00031538606161643555], [-0.0009063717117300108, -0.00031538606161643555, 0.001636722668476434]], "chi2_level": 0.95, "chi2_df": 3, "chi2_threshold": 7.814727903251179, "N_raw": 31, "N_roi": 31, "N_inlier": 29, "refit": true}
{"timestamp": "19:27:22.153739", "frame": 57, "mu": [0.9696379808838422, 1.2385999093003246, 1.2322322574807765], "Sigma": [[0.0019096581438995716, 0.0011576125182374292, 0.00013776966549289835], [0.001157612518237429, 0.016096887983220214, 0.008215977326476085], [0.00013776966549289835, 0.008215977326476087, 0.005619697712442323]], "chi2_level": 0.95, "chi2_df": 3, "chi2_threshold": 7.814727903251179, "N_raw": 16, "N_roi": 16, "N_inlier": 15, "refit": true}
{"timestamp": "19:27:22.211265", "frame": 58, "mu": [0.9383211097201164, 1.3446283666867052, 1.2851445207517922], "Sigma": [[0.004171615729691971, 0.0016834489549112813, 0.0016966508631673538], [0.0016834489549112813, 0.009369266779989687, 0.006872227570278732], [0.0016966508631673538, 0.006872227570278732, 0.007280305246948107]], "chi2_level": 0.95, "chi2_df": 3, "chi2_threshold": 7.814727903251179, "N_raw": 34, "N_roi": 34, "N_inlier": 33, "refit": true}
{"timestamp": "19:27:22.268613", "frame": 59, "mu": [0.8910306124958526, 1.4022775484369263, 1.2909501151711344], "Sigma": [[0.005243975916012661, 0.002145743928482935, 0.005223217215485545], [0.002145743928482935, 0.006653696600899387, 0.00528840549642949], [0.005223217215485545, 0.00528840549642949, 0.01415746577972255]], "chi2_level": 0.95, "chi2_df": 3, "chi2_threshold": 7.814727903251179, "N_raw": 47, "N_roi": 47, "N_inlier": 45, "refit": true}
{"timestamp": "19:27:22.322781", "frame": 60, "mu": [0.8600739311869534, 1.6003578782690164, -0.3616987294807285], "Sigma": [[0.005276824860869121, 0.0018154906821776762, 0.0051125445035083185], [0.0018154906821776762, 0.005668961274313755, 0.004224107087544354], [0.005112544503508319, 0.004224107087544354, 0.012658636380790204]], "chi2_level": 0.95, "chi2_df": 3, "chi2_threshold": 7.814727903251179, "N_raw": 47, "N_roi": 47, "N_inlier": 45, "refit": true}
{"timestamp": "19:27:22.376711", "frame": 61, "mu": [0.7793088931865644, 1.4380959156433282, 1.1699181330948445], "Sigma": [[0.004646758840383556, -0.0018692244331322714, -0.001751213756371238], [-0.0018692244331322714, 0.004008697967256948, -0.00021975356217605063], [-0.001751213756371238, -0.00021975356217605066, 0.001304543749208697]], "chi2_level": 0.95, "chi2_df": 3, "chi2_threshold": 7.814727903251179, "N_raw": 40, "N_roi": 40, "N_inlier": 38, "refit": true}
{"timestamp": "19:27:22.436253", "frame": 62, "mu": [0.8097083025842305, 1.608439206880607, 1.244630036143521], "Sigma": [[0.006645956999748443, 0.0030513489339362935, 0.004116399283524228], [0.0030513489339362935, 0.005020765955541598, 6.672767176883851e-05], [0.004116399283524227, 6.672767176883851e-05, 0.016520586835936747]], "chi2_level": 0.95, "chi2_df": 3, "chi2_threshold": 7.814727903251179, "N_raw": 65, "N_roi": 65, "N_inlier": 61, "refit": true}
{"timestamp": "19:27:22.492188", "frame": 63, "mu": [0.7446797952556351, 1.6179700979936156, 1.1997712118369899], "Sigma": [[0.004846022997383961, 0.0007366552983456025, 0.0019392887551311292], [0.0007366552983456029, 0.007426442363045515, 0.011401220510423856], [0.001939288755131129, 0.011401220510423856, 0.05279742598058525]], "chi2_level": 0.95, "chi2_df": 3, "chi2_threshold": 7.814727903251179, "N_raw": 64, "N_roi": 64, "N_inlier": 62, "refit": true}
{"timestamp": "19:27:22.542739", "frame": 64, "mu": [0.6836096888891816, 1.6329756035068863, 1.0319062483537285], "Sigma": [[0.008530400741759465, 3.2130165424525253e-06, -0.015613347837299436], [3.213016542452593e-06, 0.0015847800379751023, -0.0014467856234422318], [-0.015613347837299438, -0.0014467856234422318, 0.07438477916337832]], "chi2_level": 0.95, "chi2_df": 3, "chi2_threshold": 7.814727903251179, "N_raw": 37, "N_roi": 37, "N_inlier": 32, "refit": true}
{"timestamp": "19:27:22.597640", "frame": 65, "mu": [0.7699356527570326, 1.7916215141231198, 1.4428223363472181], "Sigma": [[0.006568805738825761, 0.00029300973323764177, 0.004091118952768797], [0.00029300973323764166, 0.002352224715451228, -0.0006894727689950765], [0.004091118952768797, -0.0006894727689950766, 0.012030996992761325]], "chi2_level": 0.95, "chi2_df": 3, "chi2_threshold": 7.814727903251179, "N_raw": 45, "N_roi": 45, "N_inlier": 42, "refit": true}
{"timestamp": "19:27:22.655302", "frame": 66, "mu": [0.640920001162206, 1.9397553135531629, -0.27956425570966487], "Sigma": [[0.00801751353324255, 0.0038199874431860065, -0.0007910936630221917], [0.0038199874431860065, 0.006896607349342116, -0.003771033829308322], [-0.0007910936630221918, -0.0037710338293083217, 0.011584416622850566]], "chi2_level": 0.95, "chi2_df": 3, "chi2_threshold": 7.814727903251179, "N_raw": 63, "N_roi": 63, "N_inlier": 56, "refit": true}
{"timestamp": "19:27:22.710097", "frame": 67, "mu": [0.5986356902260555, 1.8209354927922725, 1.222156970958973], "Sigma": [[0.006149677408689631, -0.0008694324459016945, -0.0018718065867806585], [-0.0008694324459016945, 0.0036025968130679394, -0.001011044537706291], [-0.0018718065867806585, -0.001011044537706291, 0.018437751046956025]], "chi2_level": 0.95, "chi2_df": 3, "chi2_threshold": 7.814727903251179, "N_raw": 61, "N_roi": 61, "N_inlier": 57, "refit": true}
{"timestamp": "19:27:22.768090", "frame": 68, "mu": [0.567173665256186, 1.8951276809619744, 1.2457832091439616], "Sigma": [[0.00669571596626995, 0.000609994164403385, -0.0029129585950725323], [0.000609994164403385, 0.007417577372024809, -0.0029712519241693884], [-0.0029129585950725323, -0.002971251924169389, 0.027393903148246808]], "chi2_level": 0.95, "chi2_df": 3, "chi2_threshold": 7.814727903251179, "N_raw": 78, "N_roi": 78, "N_inlier": 74, "refit": true}
{"timestamp": "19:27:22.818817", "frame": 69, "mu": [0.5213787178562657, 1.8921260203036199, 1.0119507765353253], "Sigma": [[0.005010697574240096, -9.795918464095693e-05, -0.004841371317362975], [-9.795918464095699e-05, 0.004614977401136931, -0.009996235830618903], [-0.004841371317362975, -0.009996235830618903, 0.05582791883009833]], "chi2_level": 0.95, "chi2_df": 3, "chi2_threshold": 7.814727903251179, "N_raw": 54, "N_roi": 54, "N_inlier": 48, "refit": true}
{"timestamp": "19:27:22.869563", "frame": 70, "mu": [0.530979422936674, 1.9552410114331609, 0.7162341453196989], "Sigma": [[0.005490959187817015, 0.0026721343572662917, -0.0005421563331154036], [0.0026721343572662917, 0.004108423468604266, 0.02064433048746671], [-0.0005421563331154001, 0.02064433048746671, 0.4461865405860781]], "chi2_level": 0.95, "chi2_df": 3, "chi2_threshold": 7.814727903251179, "N_raw": 13, "N_roi": 13, "N_inlier": 13, "refit": true}
{"timestamp": "19:27:22.926857", "frame": 71, "mu": [0.43875679452762634, 1.9593273130630204, 1.2449225394069143], "Sigma": [[0.00389031629914057, 0.0006220097585950742, -0.001226788553170452], [0.0006220097585950741, 0.0029385097328056588, -0.0016925697304909387], [-0.001226788553170452, -0.0016925697304909387, 0.0017820696290166292]], "chi2_level": 0.95, "chi2_df": 3, "chi2_threshold": 7.814727903251179, "N_raw": 34, "N_roi": 33, "N_inlier": 29, "refit": true}
{"timestamp": "19:27:22.978786", "frame": 72, "mu": [0.40043471002911674, 2.074934721617947, 0.6617520353445241], "Sigma": [[0.009188729980088814, -0.009022495692133143, 0.023616824264392648], [-0.009022495692133144, 0.021238898400178965, -0.021060660905488034], [0.023616824264392648, -0.021060660905488034, 0.4556090263066093]], "chi2_level": 0.95, "chi2_df": 3, "chi2_threshold": 7.814727903251179, "N_raw": 12, "N_roi": 10, "N_inlier": 10, "refit": true}
{"timestamp": "19:27:23.033428", "frame": 73, "mu": [0.5957072956166231, 2.939108552435593, 0.7719125275563907], "Sigma": [[0.08850625610520427, 0.30096355680167786, 0.012516020898235869], [0.30096355680167786, 1.187327427705775, -0.1275105216697976], [0.012516020898235867, -0.1275105216697976, 0.2505541970723329]], "chi2_level": 0.95, "chi2_df": 3, "chi2_threshold": 7.814727903251179, "N_raw": 14, "N_roi": 14, "N_inlier": 13, "refit": true}
{"timestamp": "19:27:23.089527", "frame": 74, "mu": [0.4904882846084103, 2.722671530270822, -1.1104603564491906], "Sigma": [[0.03832898862870226, 0.18044484342897427, -0.01308491045407386], [0.1804448434289743, 0.8966402329873493, -0.13620036713939354], [-0.013084910454073857, -0.1362003671393935, 0.31558850563785457]], "chi2_level": 0.95, "chi2_df": 3, "chi2_threshold": 7.814727903251179, "N_raw": 20, "N_roi": 19, "N_inlier": 18, "refit": true}
{"timestamp": "19:27:23.151359", "frame": 75, "mu": [0.3824527058854217, 2.164451101316177, 0.9395935219397615], "Sigma": [[0.03223814385407198, 0.0009413758273145563, -0.07262099099339654], [0.0009413758273145564, 0.002675028292767996, -0.0022658083924959878], [-0.07262099099339654, -0.0022658083924959878, 0.1927109311455606]], "chi2_level": 0.95, "chi2_df": 3, "chi2_threshold": 7.814727903251179, "N_raw": 69, "N_roi": 66, "N_inlier": 65, "refit": true}
{"timestamp": "19:27:23.210893", "frame": 76, "mu": [0.36157918772167685, 2.2608737534674446, 1.0301694123375402], "Sigma": [[0.016513122422771316, 0.0006946353145548887, -0.037770440492257244], [0.000694635314554889, 0.005447789998320205, 0.0006770983237984335], [-0.037770440492257244, 0.0006770983237984348, 0.15758446441774904]], "chi2_level": 0.95, "chi2_df": 3, "chi2_threshold": 7.814727903251179, "N_raw": 93, "N_roi": 90, "N_inlier": 90, "refit": true}
{"timestamp": "19:27:23.259439", "frame": 77, "mu": [0.16430607731523872, 2.300813671501552, 1.2818864796124496], "Sigma": [[0.0070765892545582776, -0.000793804420371774, -0.002636029806056271], [-0.0007938044203717739, 0.0038113595272323457, 0.0013693734247148409], [-0.002636029806056271, 0.0013693734247148413, 0.030737715493078688]], "chi2_level": 0.95, "chi2_df": 3, "chi2_threshold": 7.814727903251179, "N_raw": 49, "N_roi": 49, "N_inlier": 44, "refit": true}
{"timestamp": "19:27:23.318892", "frame": 78, "mu": [0.24651286749159762, 2.3702680901004443, 0.9186852575073512], "Sigma": [[0.014758460952352169, -0.002873706559855447, -0.03996546906043927], [-0.002873706559855447, 0.002318555772594799, 0.0027110547713127286], [-0.03996546906043927, 0.002711054771312728, 0.1919047845155208]], "chi2_level": 0.95, "chi2_df": 3, "chi2_threshold": 7.814727903251179, "N_raw": 88, "N_roi": 88, "N_inlier": 85, "refit": true}
{"timestamp": "19:27:23.372471", "frame": 79, "mu": [0.13621507059348134, 2.425441699551877, 1.3349542557802507], "Sigma": [[0.007628791599975457, -5.1998437291966376e-05, -0.0066902232543777996], [-5.199843729196632e-05, 0.004997441399690221, -0.0012632116327694679], [-0.0066902232543778, -0.0012632116327694679, 0.04240780498045169]], "chi2_level": 0.95, "chi2_df": 3, "chi2_threshold": 7.814727903251179, "N_raw": 67, "N_roi": 67, "N_inlier": 61, "refit": true}
{"timestamp": "19:27:23.428013", "frame": 80, "mu": [0.08281211235862868, 2.480124125819228, 1.340407422853082], "Sigma": [[0.010049399980724254, 0.0013911061908520094, -0.005372461219687615], [0.0013911061908520096, 0.007441533236517952, -0.0020814244779005907], [-0.005372461219687615, -0.0020814244779005907, 0.01988132348541099]], "chi2_level": 0.95, "chi2_df": 3, "chi2_threshold": 7.814727903251179, "N_raw": 76, "N_roi": 76, "N_inlier": 73, "refit": true}
{"timestamp": "19:27:23.478425", "frame": 81, "mu": [0.02126192463112765, 2.532611335409701, 1.4389910664627452], "Sigma": [[0.008452950427991381, 0.0015983116845950402, 0.0032990216236618037], [0.0015983116845950402, 0.005263770543294869, 0.0030048954854886966], [0.0032990216236618037, 0.0030048954854886966, 0.004071854643158659]], "chi2_level": 0.95, "chi2_df": 3, "chi2_threshold": 7.814727903251179, "N_raw": 46, "N_roi": 46, "N_inlier": 42, "refit": true}
{"timestamp": "19:27:23.535774", "frame": 82, "mu": [-0.04327834316977252, 2.5472803968293474, 1.2499103244221603], "Sigma": [[0.00790567896723478, 0.0019097218028659658, 0.009617250074506652], [0.0019097218028659658, 0.003728809962371329, 0.007701611273828325], [0.009617250074506653, 0.007701611273828325, 0.08120485718485088]], "chi2_level": 0.95, "chi2_df": 3, "chi2_threshold": 7.814727903251179, "N_raw": 56, "N_roi": 56, "N_inlier": 50, "refit": true}
{"timestamp": "19:27:23.589986", "frame": 83, "mu": [-0.08812824288044688, 2.5398442730842197, 1.360586553059324], "Sigma": [[0.009911877844718043, 0.00021537711014024775, -0.0037766169556108977], [0.00021537711014024777, 0.0055246061942857685, -0.00035176849445625033], [-0.0037766169556108973, -0.00035176849445625033, 0.002184179208478106]], "chi2_level": 0.95, "chi2_df": 3, "chi2_threshold": 7.814727903251179, "N_raw": 61, "N_roi": 61, "N_inlier": 55, "refit": true}
{"timestamp": "19:27:23.646666", "frame": 84, "mu": [-0.09809354987924776, 2.619683873913296, 1.3316908840504484], "Sigma": [[0.009109971501546575, -0.00019971998488659706, -0.0013592487656467478], [-0.00019971998488659706, 0.0037705787695204857, -0.000875320706048538], [-0.0013592487656467478, -0.0008753207060485382, 0.05325780643152804]], "chi2_level": 0.95, "chi2_df": 3, "chi2_threshold": 7.814727903251179, "N_raw": 66, "N_roi": 66, "N_inlier": 62, "refit": true}
{"timestamp": "19:27:23.706979", "frame": 85, "mu": [-0.10736361115435436, 2.6514368035299323, 1.1794132504686692], "Sigma": [[0.017999351400342332, -0.0005688641413839603, -0.03073943934317587], [-0.0005688641413839602, 0.008798598738523384, 0.0037321108017895647], [-0.03073943934317587, 0.0037321108017895643, 0.0923370341332383]], "chi2_level": 0.95, "chi2_df": 3, "chi2_threshold": 7.814727903251179, "N_raw": 102, "N_roi": 102, "N_inlier": 98, "refit": true}
{"timestamp": "19:27:23.761389", "frame": 86, "mu": [-0.14454325392621253, 2.7002951165025264, 1.23640014893626], "Sigma": [[0.01912114601162984, -0.006225304410420731, -0.043491864514455615], [-0.006225304410420732, 0.013644805992327308, 0.03077954697032462], [-0.04349186451445561, 0.030779546970324617, 0.1856467486379044]], "chi2_level": 0.95, "chi2_df": 3, "chi2_threshold": 7.814727903251179, "N_raw": 96, "N_roi": 95, "N_inlier": 92, "refit": true}
{"timestamp": "19:27:23.820093", "frame": 87, "mu": [-0.19528523779125845, 2.7787120563512757, 0.9593986640576956], "Sigma": [[0.017267631894429543, -0.0023490793041885173, 0.007044159706330478], [-0.002349079304188517, 0.005597257290453002, -0.014302919073261288], [0.007044159706330478, -0.014302919073261288, 0.31279809810398795]], "chi2_level": 0.95, "chi2_df": 3, "chi2_threshold": 7.814727903251179, "N_raw": 120, "N_roi": 120, "N_inlier": 106, "refit": true}
{"timestamp": "19:27:23.871841", "frame": 88, "mu": [-0.2890980955949006, 2.781931869601174, 0.7652175766699713], "Sigma": [[0.014865344780790919, 0.0017455869708167308, 0.020850326603236075], [0.0017455869708167312, 0.0050444492335546915, 0.024021418661008584], [0.020850326603236075, 0.024021418661008584, 0.6315851015045568]], "chi2_level": 0.95, "chi2_df": 3, "chi2_threshold": 7.814727903251179, "N_raw": 97, "N_roi": 97, "N_inlier": 92, "refit": true}
{"timestamp": "19:27:23.926446", "frame": 89, "mu": [-0.3126328372518271, 2.8671533471743498, 0.7579368069491842], "Sigma": [[0.015955066670989927, 0.00010222877926977073, -0.0026560418002971905], [0.00010222877926977083, 0.003920539699787575, -0.01585342967987162], [-0.002656041800297193, -0.01585342967987162, 0.6036834555081404]], "chi2_level": 0.95, "chi2_df": 3, "chi2_threshold": 7.814727903251179, "N_raw": 94, "N_roi": 93, "N_inlier": 91, "refit": true}
{"timestamp": "19:27:23.982447", "frame": 90, "mu": [-0.27111732781972897, 2.936034513598892, 1.1465476539708765], "Sigma": [[0.013978625633728486, 0.0005383869617106737, -0.0039486921750954435], [0.0005383869617106738, 0.007665452691837723, -0.02145257419633561], [-0.003948692175095444, -0.02145257419633561, 0.1696629114567571]], "chi2_level": 0.95, "chi2_df": 3, "chi2_threshold": 7.814727903251179, "N_raw": 102, "N_roi": 102, "N_inlier": 101, "refit": true}
{"timestamp": "19:27:24.033420", "frame": 91, "mu": [-0.3679467689143595, 2.9390363616143107, 1.2202414117055707], "Sigma": [[0.016508397414476718, 0.0024145121644217607, -0.0006241712706382191], [0.0024145121644217607, 0.010452810395331252, -0.020840475830293227], [-0.0006241712706382195, -0.020840475830293227, 0.06100624774283239]], "chi2_level": 0.95, "chi2_df": 3, "chi2_threshold": 7.814727903251179, "N_raw": 75, "N_roi": 75, "N_inlier": 71, "refit": true}
{"timestamp": "19:27:24.084063", "frame": 92, "mu": [-0.345081888628867, 3.0043732733133033, 1.3763733648630723], "Sigma": [[0.011507053602123297, 0.00042776208501813244, 0.0020382200529979223], [0.0004277620850181331, 0.006462873336971507, -0.011068511330517963], [0.002038220052997923, -0.011068511330517963, 0.06416384933083469]], "chi2_level": 0.95, "chi2_df": 3, "chi2_threshold": 7.814727903251179, "N_raw": 50, "N_roi": 50, "N_inlier": 47, "refit": true}
{"timestamp": "19:27:24.142322", "frame": 93, "mu": [-0.4422346983548294, 2.9893177227838077, 1.3036990112156432], "Sigma": [[0.01765461164839767, 0.003692686838336925, -0.012816693025530772], [0.0036926868383369248, 0.006740631484364598, -0.008803766216745484], [-0.012816693025530772, -0.008803766216745484, 0.03699879898203584]], "chi2_level": 0.95, "chi2_df": 3, "chi2_threshold": 7.814727903251179, "N_raw": 76, "N_roi": 76, "N_inlier": 71, "refit": true}
{"timestamp": "19:27:24.193052", "frame": 94, "mu": [-0.4876699623370205, 3.01426237584211, -0.40188568730385593], "Sigma": [[0.017157495993833267, 0.005318575928569288, 0.029143384953154973], [0.005318575928569288, 0.005791792018234011, 0.016146406174994327], [0.029143384953154973, 0.016146406174994327, 0.10444509107492939]], "chi2_level": 0.95, "chi2_df": 3, "chi2_threshold": 7.814727903251179, "N_raw": 48, "N_roi": 48, "N_inlier": 43, "refit": true}
{"timestamp": "19:27:24.257082", "frame": 95, "mu": [-0.4263406222646107, 3.089870023440424, 1.0079291508016381], "Sigma": [[0.02964248872777244, 0.004871415460561981, -0.050447378032603844], [0.004871415460561981, 0.0041521182840669486, -0.01552431929679356], [-0.050447378032603844, -0.01552431929679356, 0.14240974423265015]], "chi2_level": 0.95, "chi2_df": 3, "chi2_threshold": 7.814727903251179, "N_raw": 98, "N_roi": 98, "N_inlier": 96, "refit": true}
{"timestamp": "19:27:24.305450", "frame": 96, "mu": [-0.3776965379731772, 3.165026073333381, 0.8570412529527361], "Sigma": [[0.028447508620258768, 0.0008861015571224474, -0.06343369388639163], [0.0008861015571224473, 0.002057519940155437, -0.005679549335832904], [-0.06343369388639163, -0.005679549335832905, 0.20018251759933783]], "chi2_level": 0.95, "chi2_df": 3, "chi2_threshold": 7.814727903251179, "N_raw": 56, "N_roi": 56, "N_inlier": 55, "refit": true}
{"timestamp": "19:27:24.366544", "frame": 97, "mu": [-0.5294694990179998, 3.1710819705782387, 1.115839682861565], "Sigma": [[0.03355411402598571, 0.004935845451831965, -0.0560391502413005], [0.0049358454518319645, 0.005704161987215724, -0.010825827007617648], [-0.05603915024130051, -0.010825827007617648, 0.14425018392782846]], "chi2_level": 0.95, "chi2_df": 3, "chi2_threshold": 7.814727903251179, "N_raw": 87, "N_roi": 87, "N_inlier": 87, "refit": true}
{"timestamp": "19:27:24.412257", "frame": 98, "mu": [-0.5727462744186591, 3.2917534543838416, 1.262838604734091], "Sigma": [[0.01311325204326621, 0.0006176228965697355, -0.01080317901209486], [0.0006176228965697355, 0.00048818539352151304, -0.003021054983389188], [-0.010803179012094858, -0.003021054983389188, 0.045002720764028184]], "chi2_level": 0.95, "chi2_df": 3, "chi2_threshold": 7.814727903251179, "N_raw": 35, "N_roi": 35, "N_inlier": 33, "refit": true}
{"timestamp": "19:27:24.466678", "frame": 99, "mu": [-0.4447982883717211, 3.321786200202551, 0.5601077134084222], "Sigma": [[0.016249290623894755, -0.0036268591498481396, -0.017985062088639973], [-0.0036268591498481396, 0.0018323963839930273, 0.0010871029578846064], [-0.017985062088639973, 0.0010871029578846062, 0.040095516267286295]], "chi2_level": 0.95, "chi2_df": 3, "chi2_threshold": 7.814727903251179, "N_raw": 41, "N_roi": 41, "N_inlier": 39, "refit": true}
{"timestamp": "19:27:24.593007", "frame": 100, "mu": [-0.7026770826529074, 3.452307150219096, 0.03222894444704213], "Sigma": [[0.016297388194559302, 0.003218035360460301, -0.003084808535582109], [0.0032180353604603015, 0.0037160201344000553, -0.004198606678271384], [-0.0030848085355821087, -0.004198606678271384, 0.006130453811711366]], "chi2_level": 0.95, "chi2_df": 3, "chi2_threshold": 7.814727903251179, "N_raw": 39, "N_roi": 38, "N_inlier": 36, "refit": true}
{"timestamp": "19:27:24.627974", "frame": 101, "mu": [-0.7417910158055897, 3.322263947825692, 1.2102138473319042], "Sigma": [[0.015738125692705725, 0.00019259477562306705, -0.012358670852563895], [0.00019259477562306703, 0.00431838406173676, -0.0047218040577836195], [-0.012358670852563895, -0.0047218040577836195, 0.017651651180824707]], "chi2_level": 0.95, "chi2_df": 3, "chi2_threshold": 7.814727903251179, "N_raw": 64, "N_roi": 62, "N_inlier": 57, "refit": true}
{"timestamp": "19:27:24.674964", "frame": 102, "mu": [-0.8216794172833695, 3.43074978635488, 0.23353769657879575], "Sigma": [[0.016513501393601752, 0.0031474778332594, -0.0021175332676837528], [0.0031474778332594, 0.008834275496523663, -0.0034382225925000346], [-0.0021175332676837528, -0.0034382225925000346, 0.004850202647305418]], "chi2_level": 0.95, "chi2_df": 3, "chi2_threshold": 7.814727903251179, "N_raw": 67, "N_roi": 67, "N_inlier": 65, "refit": true}
{"timestamp": "19:27:24.706218", "frame": 103, "mu": [-0.8977593601725454, 3.4278262816738887, 0.06319359110996872], "Sigma": [[0.010100763842630834, 0.005154087970496815, -0.007299421628003563], [0.005154087970496815, 0.014734163909161236, -0.02684578010168911], [-0.007299421628003563, -0.026845780101689108, 0.06292102865197191]], "chi2_level": 0.95, "chi2_df": 3, "chi2_threshold": 7.814727903251179, "N_raw": 33, "N_roi": 33, "N_inlier": 31, "refit": true}
{"timestamp": "19:27:24.745901", "frame": 104, "mu": [-0.8963526146327022, 3.51011925517428, 0.18772140874029591], "Sigma": [[0.016695924200140717, 0.004877508492522987, -0.010495576490179737], [0.004877508492522987, 0.007890101142225707, -0.011015287746831293], [-0.010495576490179737, -0.01101528774683129, 0.019995223482086426]], "chi2_level": 0.95, "chi2_df": 3, "chi2_threshold": 7.814727903251179, "N_raw": 59, "N_roi": 58, "N_inlier": 54, "refit": true}
{"timestamp": "19:27:24.798992", "frame": 105, "mu": [-0.8876701845086558, 3.4623425032703965, 0.9369028599746603], "Sigma": [[0.015106710947247326, 0.0031670323603629627, -0.0063154645186152165], [0.0031670323603629627, 0.003211946149675732, -0.005077352052503011], [-0.0063154645186152165, -0.00507735205250301, 0.014519466609724597]], "chi2_level": 0.95, "chi2_df": 3, "chi2_threshold": 7.814727903251179, "N_raw": 43, "N_roi": 43, "N_inlier": 40, "refit": true}
{"timestamp": "19:27:24.852270", "frame": 106, "mu": [-0.8528263079848526, 3.5262802764181256, 0.5565692138779896], "Sigma": [[0.010137945326551554, -0.002230045506328846, -0.011921752084798166], [-0.002230045506328846, 0.0015367742436403333, 0.007126290556046062], [-0.011921752084798167, 0.007126290556046062, 0.056989434291019415]], "chi2_level": 0.95, "chi2_df": 3, "chi2_threshold": 7.814727903251179, "N_raw": 31, "N_roi": 31, "N_inlier": 27, "refit": true}
{"timestamp": "19:27:24.910947", "frame": 107, "mu": [-0.9483841698665197, 3.5760643378868693, 1.0893033386257789], "Sigma": [[0.014968952213565553, 0.004788522384165337, -0.026414089407114195], [0.004788522384165337, 0.005551338643901379, -0.013503302088708353], [-0.02641408940711419, -0.013503302088708353, 0.06969227844201933]], "chi2_level": 0.95, "chi2_df": 3, "chi2_threshold": 7.814727903251179, "N_raw": 59, "N_roi": 58, "N_inlier": 55, "refit": true}
{"timestamp": "19:27:24.960912", "frame": 108, "mu": [-0.9360309292082022, 3.5747869358505877, 0.8360256810398784], "Sigma": [[0.016347571411998427, -0.0020878381785193463, -0.032766065539737606], [-0.0020878381785193463, 0.0011428371531684107, 0.005844632335381216], [-0.032766065539737606, 0.005844632335381215, 0.10761422234718546]], "chi2_level": 0.95, "chi2_df": 3, "chi2_threshold": 7.814727903251179, "N_raw": 35, "N_roi": 35, "N_inlier": 33, "refit": true}
{"timestamp": "19:27:25.022692", "frame": 109, "mu": [-1.043996768717287, 3.6608002252003926, -0.9164525444904055], "Sigma": [[0.02001183560949284, 0.0020742669543750976, -0.02348316799250503], [0.002074266954375098, 0.003366090655452092, -0.009588356132283819], [-0.02348316799250503, -0.009588356132283819, 0.056331026032001796]], "chi2_level": 0.95, "chi2_df": 3, "chi2_threshold": 7.814727903251179, "N_raw": 70, "N_roi": 67, "N_inlier": 64, "refit": true}
{"timestamp": "19:27:25.073049", "frame": 110, "mu": [-1.1598500109269039, 3.7228855022190617, -0.2364747416251185], "Sigma": [[0.012258411645616038, 0.005335637284265019, 0.03293388999912869], [0.005335637284265019, 0.0077131694373660615, 0.024696313889086864], [0.032933889999128683, 0.024696313889086864, 0.1670675913286965]], "chi2_level": 0.95, "chi2_df": 3, "chi2_threshold": 7.814727903251179, "N_raw": 36, "N_roi": 35, "N_inlier": 33, "refit": true}
{"timestamp": "19:27:25.126231", "frame": 111, "mu": [-1.119160672294167, 3.7735939408564465, 1.1115548482446296], "Sigma": [[0.010285960339789797, 0.0015108597399379337, -0.014726355960553203], [0.0015108597399379337, 0.0010737683909371372, -0.004415735032993251], [-0.014726355960553203, -0.004415735032993251, 0.049224932230367724]], "chi2_level": 0.95, "chi2_df": 3, "chi2_threshold": 7.814727903251179, "N_raw": 32, "N_roi": 32, "N_inlier": 29, "refit": true}
{"timestamp": "19:27:25.184361", "frame": 112, "mu": [-1.137083538896689, 3.878300711111748, 0.22211564137770962], "Sigma": [[0.013836687863419796, 0.004581340994879585, -0.006238596012815494], [0.004581340994879585, 0.005259545167440261, -0.003988663974448181], [-0.006238596012815494, -0.003988663974448181, 0.004965138689741193]], "chi2_level": 0.95, "chi2_df": 3, "chi2_threshold": 7.814727903251179, "N_raw": 41, "N_roi": 37, "N_inlier": 34, "refit": true}
{"timestamp": "19:27:25.235913", "frame": 113, "mu": [-1.2317572782908082, 3.7865009032838155, 1.3149638988220922], "Sigma": [[0.009906252377037232, 0.0018248063798894266, -0.007213738832272523], [0.0018248063798894268, 0.004078902501296514, -0.00256965293721623], [-0.007213738832272523, -0.0025696529372162295, 0.012200284302014327]], "chi2_level": 0.95, "chi2_df": 3, "chi2_threshold": 7.814727903251179, "N_raw": 31, "N_roi": 31, "N_inlier": 27, "refit": true}
{"timestamp": "19:27:25.293448", "frame": 114, "mu": [-1.2893182811790178, 3.879889663193029, 0.9337933907339516], "Sigma": [[0.010500449565899041, -4.9979161728828873e-05, 0.007291420608352558], [-4.997916172882898e-05, 0.00755946448854468, -0.02767850360163971], [0.007291420608352557, -0.02767850360163971, 0.13461114884868003]], "chi2_level": 0.95, "chi2_df": 3, "chi2_threshold": 7.814727903251179, "N_raw": 51, "N_roi": 47, "N_inlier": 45, "refit": true}
{"timestamp": "19:27:25.346933", "frame": 115, "mu": [-1.2506231396253302, 3.9050559307578583, 1.1816202021104427], "Sigma": [[0.014323094572081826, 0.0034386517603306153, -0.00425297968679054], [0.0034386517603306153, 0.0035364344360042602, -0.005829588173900856], [-0.00425297968679054, -0.005829588173900856, 0.024379346802713964]], "chi2_level": 0.95, "chi2_df": 3, "chi2_threshold": 7.814727903251179, "N_raw": 38, "N_roi": 38, "N_inlier": 35, "refit": true}
{"timestamp": "19:27:25.405519", "frame": 116, "mu": [-1.2651200259338853, 4.102130667980028, 0.0460835505585886], "Sigma": [[0.019856899223723686, 0.009465111640751128, -0.01890697840481581], [0.009465111640751131, 0.020350622144000158, -0.0494506108487556], [-0.01890697840481581, -0.0494506108487556, 0.1529141268770461]], "chi2_level": 0.95, "chi2_df": 3, "chi2_threshold": 7.814727903251179, "N_raw": 59, "N_roi": 56, "N_inlier": 55, "refit": true}
{"timestamp": "19:27:25.457054", "frame": 117, "mu": [-1.3087920003903801, 3.997939389096428, 1.1285053618084646], "Sigma": [[0.013816096725038937, 0.002607004646534625, -0.010156019119212344], [0.002607004646534625, 0.0025045526293537837, -0.0051875760390408185], [-0.010156019119212344, -0.0051875760390408185, 0.01675295139138867]], "chi2_level": 0.95, "chi2_df": 3, "chi2_threshold": 7.814727903251179, "N_raw": 39, "N_roi": 35, "N_inlier": 33, "refit": true}
{"timestamp": "19:27:25.509670", "frame": 118, "mu": [-1.4138500442726416, 4.002646453689728, -0.8712987876919632], "Sigma": [[0.013303920199671996, 0.004078112183959623, -0.010922056327356761], [0.004078112183959623, 0.002018677771577943, -0.004681517203172539], [-0.010922056327356763, -0.004681517203172539, 0.031931386262846514]], "chi2_level": 0.95, "chi2_df": 3, "chi2_threshold": 7.814727903251179, "N_raw": 25, "N_roi": 25, "N_inlier": 21, "refit": true}
{"timestamp": "19:27:25.563534", "frame": 119, "mu": [-1.3673452950096179, 4.02588500252313, 1.0987837722901255], "Sigma": [[0.00924589558453951, 0.005907098225104291, -0.014136731126098107], [0.005907098225104291, 0.005125285012551185, -0.007730532862427477], [-0.014136731126098107, -0.007730532862427477, 0.02835976678459312]], "chi2_level": 0.95, "chi2_df": 3, "chi2_threshold": 7.814727903251179, "N_raw": 15, "N_roi": 11, "N_inlier": 10, "refit": true}
{"timestamp": "19:27:25.621973", "frame": 120, "mu": [-1.4284193992666918, 4.131762947471208, 1.0807408624084731], "Sigma": [[0.02599669893982353, 0.006569444474037582, -0.030676070327449536], [0.006569444474037582, 0.00434855299726807, -0.0109494105050676], [-0.030676070327449536, -0.0109494105050676, 0.04833980333479658]], "chi2_level": 0.95, "chi2_df": 3, "chi2_threshold": 7.814727903251179, "N_raw": 45, "N_roi": 44, "N_inlier": 43, "refit": true}
{"timestamp": "19:27:25.675046", "frame": 121, "mu": [-1.6005213676566163, 4.028554797522839, 1.246605146540785], "Sigma": [[0.01354477051370276, 0.006962254529646796, -0.008006434492352858], [0.006962254529646796, 0.006087316961552768, -0.004406459520063907], [-0.008006434492352858, -0.004406459520063907, 0.007453340088215257]], "chi2_level": 0.95, "chi2_df": 3, "chi2_threshold": 7.814727903251179, "N_raw": 23, "N_roi": 20, "N_inlier": 18, "refit": true}
{"timestamp": "19:27:25.729633", "frame": 122, "mu": [-1.5934199856921811, 4.091312300396841, 1.1525933856597816], "Sigma": [[0.015556576333940494, 0.004804500526260972, -0.008444839055871272], [0.004804500526260972, 0.004362246992961218, -0.004478168978724934], [-0.008444839055871272, -0.004478168978724934, 0.007710237347201165]], "chi2_level": 0.95, "chi2_df": 3, "chi2_threshold": 7.814727903251179, "N_raw": 28, "N_roi": 26, "N_inlier": 26, "refit": true}
{"timestamp": "19:27:25.785540", "frame": 123, "mu": [-1.6790431812482323, 4.146770442181733, 1.1756566572594291], "Sigma": [[0.017733360657601893, 0.007974058451413718, -0.007692745542606627], [0.007974058451413718, 0.006131005570898008, -0.005536891377900028], [-0.007692745542606628, -0.005536891377900028, 0.007998424138076879]], "chi2_level": 0.95, "chi2_df": 3, "chi2_threshold": 7.814727903251179, "N_raw": 31, "N_roi": 29, "N_inlier": 29, "refit": true}
{"timestamp": "19:27:25.839683", "frame": 124, "mu": [-1.773073915992826, 4.167666884449559, 1.3934595278136324], "Sigma": [[0.011901234288920008, 0.0049572993977945404, -0.002428067981246506], [0.0049572993977945404, 0.004060507782608071, -0.0009301672177414533], [-0.002428067981246506, -0.0009301672177414533, 0.0006517586434720147]], "chi2_level": 0.95, "chi2_df": 3, "chi2_threshold": 7.814727903251179, "N_raw": 25, "N_roi": 23, "N_inlier": 20, "refit": true}
{"timestamp": "19:27:26.005683", "frame": 127, "mu": [-1.7558692718065223, 4.427676906400738, 0.22291446316873065], "Sigma": [[0.02495228753383196, 0.010471045156860627, -0.012395883390533801], [0.010471045156860625, 0.006486026911021978, -0.006863460591779191], [-0.0123958833905338, -0.006863460591779191, 0.008534904219258599]], "chi2_level": 0.95, "chi2_df": 3, "chi2_threshold": 7.814727903251179, "N_raw": 25, "N_roi": 25, "N_inlier": 25, "refit": true}
{"timestamp": "19:27:26.059505", "frame": 128, "mu": [-1.7433105710351735, 4.364414356307093, 0.9872487901077753], "Sigma": [[0.014568292995744006, 0.0044678285985785635, -0.008769747513593273], [0.0044678285985785635, 0.003186404301689535, -0.004875781032719085], [-0.008769747513593273, -0.004875781032719085, 0.015873683851426117]], "chi2_level": 0.95, "chi2_df": 3, "chi2_threshold": 7.814727903251179, "N_raw": 23, "N_roi": 23, "N_inlier": 21, "refit": true}
{"timestamp": "19:27:26.169186", "frame": 130, "mu": [-1.8731792660995148, 4.4065132113445875, 1.269497920761494], "Sigma": [[0.01188759134581688, 0.0035574179740500028, -0.00565188198317949], [0.003557417974050003, 0.0017335592098074554, -0.0033904530460937858], [-0.005651881983179492, -0.0033904530460937858, 0.013402209862550493]], "chi2_level": 0.95, "chi2_df": 3, "chi2_threshold": 7.814727903251179, "N_raw": 19, "N_roi": 19, "N_inlier": 17, "refit": true}
{"timestamp": "19:27:26.498431", "frame": 136, "mu": [-2.2187841671103214, 4.626355031056045, 0.4483347421362878], "Sigma": [[0.013527005866435913, 0.0061871922850684795, -0.0056415129348657235], [0.0061871922850684795, 0.005751343395166786, -0.006015238640064272], [-0.0056415129348657235, -0.006015238640064273, 0.007709502252113481]], "chi2_level": 0.95, "chi2_df": 3, "chi2_threshold": 7.814727903251179, "N_raw": 19, "N_roi": 19, "N_inlier": 18, "refit": true}
{"timestamp": "19:27:26.779782", "frame": 141, "mu": [-2.2525800457555403, 4.771652458356996, 1.254652745375868], "Sigma": [[0.018451543753929996, 0.01077967675030623, -0.01280190953758768], [0.01077967675030623, 0.009928793674942675, -0.011934760669269316], [-0.01280190953758768, -0.011934760669269314, 0.019622134073673074]], "chi2_level": 0.95, "chi2_df": 3, "chi2_threshold": 7.814727903251179, "N_raw": 59, "N_roi": 34, "N_inlier": 32, "refit": true}
{"timestamp": "19:27:26.883504", "frame": 143, "mu": [-2.3379730129110063, 4.8537659138938665, 1.1119225688284708], "Sigma": [[0.009045303344209806, 0.004868083878963824, -0.0060461991698878255], [0.004868083878963824, 0.003913390475197585, -0.004357781100132808], [-0.006046199169887825, -0.004357781100132808, 0.006319947935911648]], "chi2_level": 0.95, "chi2_df": 3, "chi2_threshold": 7.814727903251179, "N_raw": 18, "N_roi": 14, "N_inlier": 13, "refit": true}
{"timestamp": "19:27:26.939583", "frame": 144, "mu": [-2.337374737770021, 4.949658943097594, 0.8605868911134134], "Sigma": [[0.01043615001425585, 0.0020540808356462664, -0.008987330212872822], [0.0020540808356462664, 0.0009972170182318977, -0.0025017305250082723], [-0.008987330212872822, -0.0025017305250082723, 0.012660467866603931]], "chi2_level": 0.95, "chi2_df": 3, "chi2_threshold": 7.814727903251179, "N_raw": 26, "N_roi": 13, "N_inlier": 13, "refit": true}
