{"timestamp": "20:22:35.359867", "frame": 26, "mu": [1.4676887556158378, 0.549692453703246, 1.1249427151101075], "Sigma": [[0.0006439132038374764, -0.0019461084617884042, -0.0008123795239239218], [-0.0019461084617884046, 0.024580323257655246, -0.022063651069098213], [-0.0008123795239239217, -0.02206365106909821, 0.03755154511807505]], "chi2_level": 0.95, "chi2_df": 3, "chi2_threshold": 7.814727903251179, "N_raw": 10, "N_roi": 10, "N_inlier": 10, "refit": true}
{"timestamp": "20:22:35.415150", "frame": 27, "mu": [1.4037878854200248, 0.6219373568858702, 1.332052497291243], "Sigma": [[0.002771281513863233, -0.0009110341533875332, -0.0031268809884003016], [-0.0009110341533875334, 0.0037024027620145613, -0.005971156164795415], [-0.003126880988400301, -0.005971156164795415, 0.03113092983426404]], "chi2_level": 0.95, "chi2_df": 3, "chi2_threshold": 7.814727903251179, "N_raw": 13, "N_roi": 13, "N_inlier": 12, "refit": true}
{"timestamp": "20:22:35.528568", "frame": 29, "mu": [1.356065396799466, 0.5899752233100677, 1.345773228587419], "Sigma": [[0.002498001369302296, -0.002027538368616544, -0.0019376660075521245], [-0.002027538368616544, 0.008554903920885268, -0.007514200868312959], [-0.0019376660075521243, -0.007514200868312959, 0.018705663292240618]], "chi2_level": 0.95, "chi2_df": 3, "chi2_threshold": 7.814727903251179, "N_raw": 36, "N_roi": 36, "N_inlier": 34, "refit": true}
{"timestamp": "20:22:35.582522", "frame": 30, "mu": [1.2532134385613103, 0.5907650747452925, 0.9388176960818851], "Sigma": [[0.0061914013905258365, 0.008360682119615622, 0.027155806524057906], [0.008360682119615624, 0.025314860762438454, 0.029462810557789723], [0.027155806524057913, 0.029462810557789723, 0.30676675246557045]], "chi2_level": 0.95, "chi2_df": 3, "chi2_threshold": 7.814727903251179, "N_raw": 12, "N_roi": 12, "N_inlier": 12, "refit": true}
{"timestamp": "20:22:35.638886", "frame": 31, "mu": [1.2286195309192471, 0.6027434222356504, 1.3046034992355406], "Sigma": [[0.001797836643407921, -0.0037136488217538316, -0.0023393445265724724], [-0.0037136488217538316, 0.01499803796154494, -0.007817212974211495], [-0.0023393445265724724, -0.007817212974211497, 0.050747413797703284]], "chi2_level": 0.95, "chi2_df": 3, "chi2_threshold": 7.814727903251179, "N_raw": 20, "N_roi": 20, "N_inlier": 18, "refit": true}
{"timestamp": "20:22:35.694904", "frame": 32, "mu": [1.2101108991954324, 0.5645060184840194, 1.3477619777753187], "Sigma": [[0.0036607592846635414, -0.0035876768296478033, -0.0022673896983271607], [-0.0035876768296478033, 0.007154479723474934, -0.006073342818192446], [-0.0022673896983271607, -0.006073342818192445, 0.034193085559174476]], "chi2_level": 0.95, "chi2_df": 3, "chi2_threshold": 7.814727903251179, "N_raw": 27, "N_roi": 27, "N_inlier": 24, "refit": true}
{"timestamp": "20:22:35.747108", "frame": 33, "mu": [1.1207693631866111, 0.6603585918879773, -0.674167872056925], "Sigma": [[0.0026830663425535324, -0.0015448657528485572, -0.002446128522863816], [-0.0015448657528485572, 0.004146397003144688, -0.00196637292467978], [-0.002446128522863816, -0.0019663729246797803, 0.06319976150694907]], "chi2_level": 0.95, "chi2_df": 3, "chi2_threshold": 7.814727903251179, "N_raw": 14, "N_roi": 14, "N_inlier": 13, "refit": true}
{"timestamp": "20:22:35.858433", "frame": 35, "mu": [1.0740170950907717, 0.6292420099533705, 1.438310124278567], "Sigma": [[0.0029769906306039064, -0.00172807038356106, -0.0011800181951673644], [-0.00172807038356106, 0.001907513313904306, 0.0004025759916713788], [-0.0011800181951673644, 0.00040257599167137887, 0.003969429931968314]], "chi2_level": 0.95, "chi2_df": 3, "chi2_threshold": 7.814727903251179, "N_raw": 24, "N_roi": 24, "N_inlier": 22, "refit": true}
{"timestamp": "20:22:35.917540", "frame": 36, "mu": [0.9551053043510244, 0.7218886446584145, 1.4093987550930411], "Sigma": [[0.0059916910154589, -0.005003334919070231, -0.005157585833673758], [-0.005003334919070231, 0.006537078473505302, 0.0037426946593863636], [-0.005157585833673758, 0.0037426946593863628, 0.009656119992324404]], "chi2_level": 0.95, "chi2_df": 3, "chi2_threshold": 7.814727903251179, "N_raw": 45, "N_roi": 45, "N_inlier": 42, "refit": true}
{"timestamp": "20:22:36.137590", "frame": 40, "mu": [0.7816324952284376, 0.73746946738361, 1.3764239664554287], "Sigma": [[0.005852274134797972, -0.0023609432950342946, -0.005965650078383662], [-0.0023609432950342946, 0.0017282974177836982, 0.0011300135786685625], [-0.005965650078383661, 0.0011300135786685623, 0.009043936685702837]], "chi2_level": 0.95, "chi2_df": 3, "chi2_threshold": 7.814727903251179, "N_raw": 51, "N_roi": 51, "N_inlier": 49, "refit": true}
{"timestamp": "20:22:36.189930", "frame": 41, "mu": [0.7339325071364221, 0.7298829852889299, 1.2542590474336186], "Sigma": [[0.003907018672196172, -0.0009371887393088436, -0.01207888988536317], [-0.0009371887393088435, 0.001561490612815251, 0.006269479186402889], [-0.01207888988536317, 0.006269479186402889, 0.06523520889685276]], "chi2_level": 0.95, "chi2_df": 3, "chi2_threshold": 7.814727903251179, "N_raw": 22, "N_roi": 22, "N_inlier": 20, "refit": true}
{"timestamp": "20:22:36.248784", "frame": 42, "mu": [0.7005695605455691, 0.7351729136872754, 1.397836447759116], "Sigma": [[0.0044861564159845236, -0.0009209177152769101, -0.006483648093640015], [-0.0009209177152769101, 0.0017890906973755721, -0.0012348375814810243], [-0.006483648093640015, -0.001234837581481024, 0.017781944858881474]], "chi2_level": 0.95, "chi2_df": 3, "chi2_threshold": 7.814727903251179, "N_raw": 53, "N_roi": 53, "N_inlier": 49, "refit": true}
{"timestamp": "20:22:36.300711", "frame": 43, "mu": [0.6264785474977594, 0.8819983553100881, -0.3436571457696211], "Sigma": [[0.0025337315711267683, 0.0003119744161163306, -0.0012028251908540312], [0.0003119744161163306, 0.002287476929442292, -0.000794326617276229], [-0.0012028251908540312, -0.000794326617276229, 0.0009453577929227118]], "chi2_level": 0.95, "chi2_df": 3, "chi2_threshold": 7.814727903251179, "N_raw": 39, "N_roi": 39, "N_inlier": 35, "refit": true}
{"timestamp": "20:22:36.359566", "frame": 44, "mu": [0.6084648196412639, 0.7253182841761768, 1.4120914807487113], "Sigma": [[0.005204016156150452, -0.0010666927880345007, -0.004815395324756394], [-0.0010666927880345007, 0.0018511289114303629, 0.0005260592091393198], [-0.004815395324756394, 0.0005260592091393198, 0.010862575923265776]], "chi2_level": 0.95, "chi2_df": 3, "chi2_threshold": 7.814727903251179, "N_raw": 64, "N_roi": 64, "N_inlier": 57, "refit": true}
{"timestamp": "20:22:36.416837", "frame": 45, "mu": [0.5582275116634698, 0.7368243570742403, 1.4252375257158878], "Sigma": [[0.004844326210685044, 0.00032361072234960813, -0.0012029162332403355], [0.0003236107223496081, 0.0036903545700545425, -0.003874948301384764], [-0.0012029162332403357, -0.0038749483013847635, 0.02164411178838962]], "chi2_level": 0.95, "chi2_df": 3, "chi2_threshold": 7.814727903251179, "N_raw": 68, "N_roi": 68, "N_inlier": 60, "refit": true}
{"timestamp": "20:22:36.466909", "frame": 46, "mu": [0.5013654501222705, 0.692687622233465, 1.4239109759479012], "Sigma": [[0.0023487977008986296, -0.00034083105460237583, -0.00429028445940788], [-0.0003408310546023759, 0.0025657156496387873, 0.004408608481307131], [-0.00429028445940788, 0.004408608481307131, 0.026125991248028294]], "chi2_level": 0.95, "chi2_df": 3, "chi2_threshold": 7.814727903251179, "N_raw": 41, "N_roi": 41, "N_inlier": 36, "refit": true}
{"timestamp": "20:22:36.520160", "frame": 47, "mu": [0.5150765169400546, 0.6572111024967953, 1.2458051470786438], "Sigma": [[0.000800381615851515, -0.0002934497166778037, 0.00020411724617588558], [-0.0002934497166778037, 0.002420780487607928, -0.002023467194120202], [0.00020411724617588542, -0.002023467194120202, 0.00363538507101935]], "chi2_level": 0.95, "chi2_df": 3, "chi2_threshold": 7.814727903251179, "N_raw": 25, "N_roi": 25, "N_inlier": 22, "refit": true}
{"timestamp": "20:22:36.583096", "frame": 48, "mu": [0.41279376734057327, 0.706656796623801, 1.2781916782639184], "Sigma": [[0.00234050794425914, -0.0019211751595050062, -0.0026366206650647885], [-0.0019211751595050062, 0.006486897769682986, 0.011675866869104809], [-0.0026366206650647885, 0.011675866869104809, 0.041258253528316316]], "chi2_level": 0.95, "chi2_df": 3, "chi2_threshold": 7.814727903251179, "N_raw": 87, "N_roi": 87, "N_inlier": 85, "refit": true}
{"timestamp": "20:22:36.638035", "frame": 49, "mu": [0.3576991738162461, 0.741450369116487, 1.278314299795655], "Sigma": [[0.002964030697779019, -0.0009064752904651731, 0.0073797953250931345], [-0.0009064752904651729, 0.0028877534502023848, -0.0041342516009810065], [0.0073797953250931345, -0.0041342516009810065, 0.05983942966032568]], "chi2_level": 0.95, "chi2_df": 3, "chi2_threshold": 7.814727903251179, "N_raw": 80, "N_roi": 80, "N_inlier": 77, "refit": true}
{"timestamp": "20:22:36.684793", "frame": 50, "mu": [0.3266527003937125, 0.8258433629344588, -0.372917512957588], "Sigma": [[0.0011919424969594103, 0.00018207816699950107, -0.0010365777388208451], [0.00018207816699950107, 0.002372614699953167, -0.005529710840643329], [-0.0010365777388208451, -0.005529710840643329, 0.02502234594458698]], "chi2_level": 0.95, "chi2_df": 3, "chi2_threshold": 7.814727903251179, "N_raw": 34, "N_roi": 34, "N_inlier": 32, "refit": true}
{"timestamp": "20:22:36.741616", "frame": 51, "mu": [0.2926151035002293, 0.8555435758028335, -0.3621585930161986], "Sigma": [[0.0015850749794831347, 0.0001796833258276796, 0.0001155019702239923], [0.0001796833258276796, 0.002279277429839935, -0.0038974815711368465], [0.00011550197022399227, -0.0038974815711368465, 0.010263256717845887]], "chi2_level": 0.95, "chi2_df": 3, "chi2_threshold": 7.814727903251179, "N_raw": 42, "N_roi": 42, "N_inlier": 39, "refit": true}
{"timestamp": "20:22:36.798392", "frame": 52, "mu": [0.21690363655572406, 0.835444129419859, -0.36841179616143344], "Sigma": [[0.001460478274591761, -0.00031085687088934857, -0.0005232742586581279], [-0.0003108568708893485, 0.0030851060115645685, -0.0005779100498650736], [-0.0005232742586581279, -0.0005779100498650735, 0.009457976197842857]], "chi2_level": 0.95, "chi2_df": 3, "chi2_threshold": 7.814727903251179, "N_raw": 60, "N_roi": 60, "N_inlier": 55, "refit": true}
{"timestamp": "20:22:36.851904", "frame": 53, "mu": [0.18154088515735875, 0.7432428806364354, 1.4891767436990926], "Sigma": [[0.001522003118804016, 0.0005479068554198647, -0.001374898936648538], [0.0005479068554198647, 0.0020916176201623404, -0.0019916490907584293], [-0.001374898936648538, -0.0019916490907584293, 0.0026376945110756674]], "chi2_level": 0.95, "chi2_df": 3, "chi2_threshold": 7.814727903251179, "N_raw": 49, "N_roi": 49, "N_inlier": 47, "refit": true}
{"timestamp": "20:22:36.903692", "frame": 54, "mu": [0.12319488119196967, 0.6808681749069626, 1.2975949145070584], "Sigma": [[0.001277452885376816, -0.0008958880551122725, -0.0007863374656160465], [-0.0008958880551122725, 0.000985738354359968, 0.00015588748444404803], [-0.0007863374656160465, 0.00015588748444404803, 0.0018468234608778969]], "chi2_level": 0.95, "chi2_df": 3, "chi2_threshold": 7.814727903251179, "N_raw": 28, "N_roi": 28, "N_inlier": 26, "refit": true}
{"timestamp": "20:22:36.959442", "frame": 55, "mu": [0.05127849601145595, 0.8224883730861353, -0.3573492125790719], "Sigma": [[0.0008092996138343886, -0.00026862219842041046, -9.459679217252511e-05], [-0.00026862219842041046, 0.001431661107237208, -0.0015525056327728732], [-9.459679217252515e-05, -0.0015525056327728732, 0.00213986003395103]], "chi2_level": 0.95, "chi2_df": 3, "chi2_threshold": 7.814727903251179, "N_raw": 34, "N_roi": 34, "N_inlier": 33, "refit": true}
{"timestamp": "20:22:37.021744", "frame": 56, "mu": [0.015462788034928142, 0.8717127193170399, -0.2293814755240683], "Sigma": [[0.002079540313412779, -0.0015766715973118046, 0.012598609383954252], [-0.0015766715973118046, 0.0071028124363285506, -0.03819565569631153], [0.012598609383954252, -0.03819565569631153, 0.30732768897645724]], "chi2_level": 0.95, "chi2_df": 3, "chi2_threshold": 7.814727903251179, "N_raw": 83, "N_roi": 83, "N_inlier": 80, "refit": true}
{"timestamp": "20:22:37.076143", "frame": 57, "mu": [-0.06424313989749728, 0.7747096228260141, 1.3956922591252798], "Sigma": [[0.0018242602005297981, -0.00021552932679136177, 0.001963039660366682], [-0.00021552932679136177, 0.001008270678563388, -0.0003396753178804333], [0.001963039660366682, -0.00033967531788043335, 0.018196900548702145]], "chi2_level": 0.95, "chi2_df": 3, "chi2_threshold": 7.814727903251179, "N_raw": 70, "N_roi": 70, "N_inlier": 66, "refit": true}
{"timestamp": "20:22:37.133907", "frame": 58, "mu": [-0.1087966736569315, 0.7320849859041327, 1.3529833258385748], "Sigma": [[0.00217676679599225, -0.0021170288800968873, -0.0009072592478958639], [-0.0021170288800968877, 0.003750816397583786, -0.0018645234170213154], [-0.0009072592478958638, -0.0018645234170213151, 0.012634120429085391]], "chi2_level": 0.95, "chi2_df": 3, "chi2_threshold": 7.814727903251179, "N_raw": 93, "N_roi": 93, "N_inlier": 89, "refit": true}
{"timestamp": "20:22:37.187577", "frame": 59, "mu": [-0.10292543444697416, 0.736032598419309, 1.331288705069293], "Sigma": [[0.0024688980804148187, -0.0015896282126185216, -0.002769093544144427], [-0.0015896282126185218, 0.0027523582282895343, -0.0013603465354965188], [-0.002769093544144427, -0.0013603465354965188, 0.010228640364418404]], "chi2_level": 0.95, "chi2_df": 3, "chi2_threshold": 7.814727903251179, "N_raw": 81, "N_roi": 81, "N_inlier": 80, "refit": true}
{"timestamp": "20:22:37.240970", "frame": 60, "mu": [-0.2174950426422979, 0.8856257873504657, -0.34568235346699167], "Sigma": [[0.0029476984234682287, -0.0006710279061538037, 0.0001769168396127246], [-0.0006710279061538036, 0.0025170272141833935, -0.002573986442289265], [0.0001769168396127246, -0.002573986442289265, 0.003216900251589375]], "chi2_level": 0.95, "chi2_df": 3, "chi2_threshold": 7.814727903251179, "N_raw": 67, "N_roi": 67, "N_inlier": 65, "refit": true}
{"timestamp": "20:22:37.293518", "frame": 61, "mu": [-0.20395573542622025, 0.8864061203361177, -0.35567855640070967], "Sigma": [[0.0017745629303862647, -0.0008831653563791295, -0.00022811653603519168], [-0.0008831653563791295, 0.002766076480636562, -0.0026328943471241022], [-0.0002281165360351917, -0.0026328943471241022, 0.0037151802242630073]], "chi2_level": 0.95, "chi2_df": 3, "chi2_threshold": 7.814727903251179, "N_raw": 56, "N_roi": 56, "N_inlier": 55, "refit": true}
{"timestamp": "20:22:37.350676", "frame": 62, "mu": [-0.25541185381285514, 0.8646586037466617, -0.4395104809639811], "Sigma": [[0.0019777996381655054, -0.00017225463057534513, -0.0009932978171509834], [-0.00017225463057534513, 0.0034692490228789793, -0.0034575898073766443], [-0.0009932978171509834, -0.0034575898073766443, 0.004477041154828189]], "chi2_level": 0.95, "chi2_df": 3, "chi2_threshold": 7.814727903251179, "N_raw": 68, "N_roi": 68, "N_inlier": 67, "refit": true}
{"timestamp": "20:22:37.403125", "frame": 63, "mu": [-0.2878065437029095, 0.7504164883639709, 1.396865217927836], "Sigma": [[0.0009293642251656277, -0.00010490304351552507, -0.0012442553390394156], [-0.00010490304351552508, 0.0012906032304094664, -0.0030548139305725725], [-0.0012442553390394158, -0.0030548139305725725, 0.010626039408783698]], "chi2_level": 0.95, "chi2_df": 3, "chi2_threshold": 7.814727903251179, "N_raw": 50, "N_roi": 46, "N_inlier": 45, "refit": true}
{"timestamp": "20:22:37.454639", "frame": 64, "mu": [-0.3865934994324256, 0.8458746838552142, -0.35179730044584284], "Sigma": [[0.0012160172337361953, -0.0003598952404789876, -0.0004567001862698919], [-0.00035989524047898763, 0.0026033383855030255, -0.0012227749123248175], [-0.00045670018626989186, -0.0012227749123248175, 0.005493596844458283]], "chi2_level": 0.95, "chi2_df": 3, "chi2_threshold": 7.814727903251179, "N_raw": 28, "N_roi": 28, "N_inlier": 24, "refit": true}
{"timestamp": "20:22:37.514198", "frame": 65, "mu": [-0.3767487153982924, 0.7399150288784794, 1.3253960561170746], "Sigma": [[0.0022314319037853633, -0.0007934135007682877, -0.0021199695583120847], [-0.0007934135007682878, 0.0019956830643663406, 0.0005301622732465806], [-0.0021199695583120847, 0.0005301622732465808, 0.019747795520853057]], "chi2_level": 0.95, "chi2_df": 3, "chi2_threshold": 7.814727903251179, "N_raw": 70, "N_roi": 70, "N_inlier": 67, "refit": true}
{"timestamp": "20:22:37.567201", "frame": 66, "mu": [-0.48013653905477294, 0.7556391630418711, 1.4553719263287834], "Sigma": [[0.00264422651764896, -0.0012448060342582115, 0.00041259882846833064], [-0.0012448060342582115, 0.0016288489344771237, -0.001698720269702241], [0.00041259882846833064, -0.001698720269702241, 0.0027523695527185647]], "chi2_level": 0.95, "chi2_df": 3, "chi2_threshold": 7.814727903251179, "N_raw": 48, "N_roi": 45, "N_inlier": 44, "refit": true}
{"timestamp": "20:22:37.620802", "frame": 67, "mu": [-0.5237456618768794, 0.7255889375301692, 1.4024687416154242], "Sigma": [[0.0022688179223846333, -0.0007087823894024951, -5.786146984836256e-05], [-0.0007087823894024952, 0.0007909271489116919, -0.0013509651669338357], [-5.786146984836259e-05, -0.0013509651669338357, 0.00433020158081896]], "chi2_level": 0.95, "chi2_df": 3, "chi2_threshold": 7.814727903251179, "N_raw": 42, "N_roi": 42, "N_inlier": 41, "refit": true}
{"timestamp": "20:22:37.678198", "frame": 68, "mu": [-0.4779945783679323, 0.9374785123226288, -0.8174771565270904], "Sigma": [[0.003701578905334371, 0.009591004108678438, -0.004023912963009654], [0.009591004108678438, 0.040402386129247736, -0.01770128365673891], [-0.004023912963009654, -0.017701283656738915, 0.03810814222247422]], "chi2_level": 0.95, "chi2_df": 3, "chi2_threshold": 7.814727903251179, "N_raw": 57, "N_roi": 57, "N_inlier": 56, "refit": true}
{"timestamp": "20:22:37.732574", "frame": 69, "mu": [-0.6183066560513308, 0.8252674986919823, 1.130896097252184], "Sigma": [[0.02816496508494474, 0.019317069975970574, -0.058590268195659365], [0.019317069975970578, 0.018568983043404597, -0.0491295297499396], [-0.058590268195659365, -0.049129529749939595, 0.14160753376957838]], "chi2_level": 0.95, "chi2_df": 3, "chi2_threshold": 7.814727903251179, "N_raw": 52, "N_roi": 52, "N_inlier": 48, "refit": true}
{"timestamp": "20:22:37.782499", "frame": 70, "mu": [-0.5840074374631626, 0.8697796267420536, 1.0302837201663282], "Sigma": [[0.0028935027605165946, 0.002740546559095056, -0.012332367728693422], [0.002740546559095056, 0.00399766298481524, -0.016588359133033283], [-0.012332367728693422, -0.016588359133033283, 0.07444534451793709]], "chi2_level": 0.95, "chi2_df": 3, "chi2_threshold": 7.814727903251179, "N_raw": 17, "N_roi": 17, "N_inlier": 15, "refit": true}
{"timestamp": "20:22:37.840537", "frame": 71, "mu": [-0.6292422945406111, 0.8635972686262016, 0.8898797555744856], "Sigma": [[0.0020860434216661283, 0.0007942546293462077, -0.0015750197285115985], [0.0007942546293462076, 0.0062287125104646185, -0.010180749859437786], [-0.0015750197285115985, -0.010180749859437786, 0.019463201318867314]], "chi2_level": 0.95, "chi2_df": 3, "chi2_threshold": 7.814727903251179, "N_raw": 39, "N_roi": 39, "N_inlier": 34, "refit": true}
{"timestamp": "20:22:37.896080", "frame": 72, "mu": [-0.9588702483735174, 0.7179257061759114, -0.3071037115850698], "Sigma": [[0.010973821893771125, 0.006747401205217593, -0.007819397246450109], [0.006747401205217593, 0.009574104595551362, -0.009385428681270631], [-0.007819397246450109, -0.00938542868127063, 0.010199762069958714]], "chi2_level": 0.95, "chi2_df": 3, "chi2_threshold": 7.814727903251179, "N_raw": 36, "N_roi": 36, "N_inlier": 33, "refit": true}
{"timestamp": "20:22:37.957537", "frame": 73, "mu": [-0.9020759822558505, 0.7102996394897444, -0.4048303271255116], "Sigma": [[0.010319426809134084, 0.004196221206001125, -0.0019019263146951993], [0.004196221206001125, 0.005375138239139444, -0.0032695140880375194], [-0.0019019263146951993, -0.0032695140880375194, 0.002616850388589569]], "chi2_level": 0.95, "chi2_df": 3, "chi2_threshold": 7.814727903251179, "N_raw": 82, "N_roi": 82, "N_inlier": 77, "refit": true}
{"timestamp": "20:22:38.007358", "frame": 74, "mu": [-1.008947764297941, 0.7289532004177124, -0.38415439066253404], "Sigma": [[0.0075701611715316254, 0.0032850570422242754, -0.006494056405528836], [0.0032850570422242754, 0.0071198979831784736, -0.007282860005787374], [-0.006494056405528836, -0.007282860005787374, 0.013059855624890253]], "chi2_level": 0.95, "chi2_df": 3, "chi2_threshold": 7.814727903251179, "N_raw": 44, "N_roi": 44, "N_inlier": 41, "refit": true}
{"timestamp": "20:22:38.065487", "frame": 75, "mu": [-1.028904055086762, 0.649211891156129, -0.4795007513864605], "Sigma": [[0.008166406378036064, 0.002429569702773032, 0.0005088733033546798], [0.002429569702773032, 0.0034977753949860576, -0.0021756683376062454], [0.0005088733033546798, -0.002175668337606245, 0.006221368490773421]], "chi2_level": 0.95, "chi2_df": 3, "chi2_threshold": 7.814727903251179, "N_raw": 74, "N_roi": 74, "N_inlier": 67, "refit": true}
{"timestamp": "20:22:38.123110", "frame": 76, "mu": [-1.1014013752190193, 0.5987593742536802, 1.451318788633525], "Sigma": [[0.010741586866240145, 0.004823328238148338, -0.0007889292354024378], [0.004823328238148338, 0.006176210219121656, -0.00398980708238804], [-0.0007889292354024381, -0.00398980708238804, 0.0067994418099591785]], "chi2_level": 0.95, "chi2_df": 3, "chi2_threshold": 7.814727903251179, "N_raw": 87, "N_roi": 87, "N_inlier": 81, "refit": true}
{"timestamp": "20:22:38.171603", "frame": 77, "mu": [-1.1519214677702132, 0.6532930042816769, 1.5714473785533727], "Sigma": [[0.00544974711475148, 0.0015644392675050762, 0.0008918267961941514], [0.0015644392675050762, 0.0034890380699708805, -0.002356787794003456], [0.0008918267961941515, -0.0023567877940034562, 0.004728266724153948]], "chi2_level": 0.95, "chi2_df": 3, "chi2_threshold": 7.814727903251179, "N_raw": 48, "N_roi": 48, "N_inlier": 46, "refit": true}
{"timestamp": "20:22:38.228657", "frame": 78, "mu": [-1.171302608806081, 0.6873923398834857, 1.5326414736191059], "Sigma": [[0.005572087581844356, 0.002572199505850702, 0.0003649436530470529], [0.002572199505850702, 0.0055358772640771, 7.158308918005842e-05], [0.00036494365304705296, 7.158308918005826e-05, 0.017008243664989216]], "chi2_level": 0.95, "chi2_df": 3, "chi2_threshold": 7.814727903251179, "N_raw": 59, "N_roi": 59, "N_inlier": 52, "refit": true}
{"timestamp": "20:22:38.285814", "frame": 79, "mu": [-1.2258525150197452, 0.6132007600032023, 1.4427261554626087], "Sigma": [[0.00974538289355231, 0.003959212090849554, -0.0007531482962058792], [0.003959212090849554, 0.008793236040485599, -0.004382899179766116], [-0.0007531482962058791, -0.004382899179766116, 0.003400075540034485]], "chi2_level": 0.95, "chi2_df": 3, "chi2_threshold": 7.814727903251179, "N_raw": 77, "N_roi": 77, "N_inlier": 73, "refit": true}
{"timestamp": "20:22:38.339955", "frame": 80, "mu": [-1.2567787275555873, 0.6402915873721402, 1.4142958482064814], "Sigma": [[0.00553899452812687, 0.0028853590224774375, 0.0007587897821095281], [0.0028853590224774375, 0.006912290877087542, -0.004285095072162394], [0.0007587897821095281, -0.004285095072162394, 0.005300748297177283]], "chi2_level": 0.95, "chi2_df": 3, "chi2_threshold": 7.814727903251179, "N_raw": 56, "N_roi": 56, "N_inlier": 53, "refit": true}
{"timestamp": "20:22:38.448109", "frame": 82, "mu": [-1.3366716077800316, 0.6621198456012242, 1.2762877181505963], "Sigma": [[0.00534999405315069, 0.0040332514056789295, 0.00524985147887772], [0.0040332514056789295, 0.00667274437430002, 0.00523725721348398], [0.00524985147887772, 0.00523725721348398, 0.03534882247370868]], "chi2_level": 0.95, "chi2_df": 3, "chi2_threshold": 7.814727903251179, "N_raw": 61, "N_roi": 61, "N_inlier": 59, "refit": true}
{"timestamp": "20:22:38.503199", "frame": 83, "mu": [-1.3920546320602984, 0.6864115770370068, -0.8913154357659614], "Sigma": [[0.010131997656770959, 0.012689158786136745, -0.00039481021763373763], [0.012689158786136745, 0.023655286554808006, 0.006428904614447752], [-0.00039481021763373763, 0.006428904614447752, 0.01866864684473758]], "chi2_level": 0.95, "chi2_df": 3, "chi2_threshold": 7.814727903251179, "N_raw": 52, "N_roi": 52, "N_inlier": 46, "refit": true}
{"timestamp": "20:22:38.559289", "frame": 84, "mu": [-1.4753628575760833, 0.7490771485494128, -0.6416852183258522], "Sigma": [[0.005519552046265651, 0.0058365714361181004, 0.006982847686981656], [0.005836571436118101, 0.020688172384013957, 0.0017451218864560363], [0.006982847686981656, 0.0017451218864560365, 0.02353891953800264]], "chi2_level": 0.95, "chi2_df": 3, "chi2_threshold": 7.814727903251179, "N_raw": 63, "N_roi": 63, "N_inlier": 59, "refit": true}
{"timestamp": "20:22:38.612689", "frame": 85, "mu": [-1.4766067268604537, 0.766218260049101, 1.3672611412043585], "Sigma": [[0.006529728685607925, 0.0032055223552261048, 0.003421529170435334], [0.0032055223552261048, 0.004845087142682745, -0.0030002649236982597], [0.0034215291704353347, -0.0030002649236982593, 0.017784607692611684]], "chi2_level": 0.95, "chi2_df": 3, "chi2_threshold": 7.814727903251179, "N_raw": 56, "N_roi": 56, "N_inlier": 52, "refit": true}
{"timestamp": "20:22:38.670394", "frame": 86, "mu": [-1.4909620173151712, 0.8919417947146145, -0.584939714835216], "Sigma": [[0.005359691094744778, 0.0033710918433126217, 0.0032657879339434404], [0.0033710918433126217, 0.02302597767310388, -0.012747793928510363], [0.003265787933943441, -0.012747793928510363, 0.028424707874466208]], "chi2_level": 0.95, "chi2_df": 3, "chi2_threshold": 7.814727903251179, "N_raw": 74, "N_roi": 74, "N_inlier": 69, "refit": true}
{"timestamp": "20:22:38.725749", "frame": 87, "mu": [-1.5491171111453599, 0.7558972333084857, 1.1870624309184306], "Sigma": [[0.008075397175695017, 0.00884915110506082, 0.00629404971760024], [0.00884915110506082, 0.012892420053434725, 0.00745009149935119], [0.00629404971760024, 0.00745009149935119, 0.04297577233643754]], "chi2_level": 0.95, "chi2_df": 3, "chi2_threshold": 7.814727903251179, "N_raw": 74, "N_roi": 74, "N_inlier": 72, "refit": true}
{"timestamp": "20:22:38.777441", "frame": 88, "mu": [-1.5732118680307177, 0.9584203488842917, -0.3343617202709619], "Sigma": [[0.005149469918476588, 0.0035703949599265204, -0.000443482626190898], [0.0035703949599265204, 0.0111057846925249, -0.0112551124442354], [-0.0004434826261908978, -0.0112551124442354, 0.020661255026039972]], "chi2_level": 0.95, "chi2_df": 3, "chi2_threshold": 7.814727903251179, "N_raw": 50, "N_roi": 50, "N_inlier": 48, "refit": true}
{"timestamp": "20:22:38.833585", "frame": 89, "mu": [-1.555944829755047, 0.9855187344827502, -0.5630542587829357], "Sigma": [[0.006632739339997852, 0.006865645090421284, 0.008463969537820042], [0.006865645090421285, 0.021930664256025627, 0.007105606447371737], [0.008463969537820042, 0.007105606447371737, 0.024485438628022917]], "chi2_level": 0.95, "chi2_df": 3, "chi2_threshold": 7.814727903251179, "N_raw": 67, "N_roi": 67, "N_inlier": 64, "refit": true}
{"timestamp": "20:22:38.891747", "frame": 90, "mu": [-1.5535562358681456, 0.9152776343365842, 1.2027264018815556], "Sigma": [[0.009381189856176978, 0.0069069475219901925, -0.001135346120398558], [0.0069069475219901925, 0.008529538052341103, -0.0076769711014467714], [-0.001135346120398558, -0.0076769711014467714, 0.022550598325236003]], "chi2_level": 0.95, "chi2_df": 3, "chi2_threshold": 7.814727903251179, "N_raw": 86, "N_roi": 86, "N_inlier": 84, "refit": true}
{"timestamp": "20:22:38.943951", "frame": 91, "mu": [-1.5831501217036898, 0.9016032114791858, 1.3783236669777517], "Sigma": [[0.009995271788214912, 0.005712235247478138, -0.007319599696772889], [0.005712235247478138, 0.01044835954775242, -0.009018468745803435], [-0.007319599696772889, -0.009018468745803433, 0.009120008949575304]], "chi2_level": 0.95, "chi2_df": 3, "chi2_threshold": 7.814727903251179, "N_raw": 60, "N_roi": 60, "N_inlier": 60, "refit": true}
{"timestamp": "20:22:39.000489", "frame": 92, "mu": [-1.6265673428450373, 1.069759836741915, -0.3892782588316552], "Sigma": [[0.007900191596391208, 0.002064886735036191, 0.0025814820413615353], [0.002064886735036191, 0.011308323704815793, -0.007136754601837998], [0.0025814820413615357, -0.007136754601837998, 0.02452760898876661]], "chi2_level": 0.95, "chi2_df": 3, "chi2_threshold": 7.814727903251179, "N_raw": 75, "N_roi": 75, "N_inlier": 71, "refit": true}
{"timestamp": "20:22:39.055950", "frame": 93, "mu": [-1.692038154769418, 0.932861236656969, 1.3168556773451423], "Sigma": [[0.008952568963866018, 0.005948196111245916, 0.006315067106865537], [0.005948196111245916, 0.010097041086636544, 0.0020727504653088825], [0.006315067106865537, 0.002072750465308882, 0.0427536925001719]], "chi2_level": 0.95, "chi2_df": 3, "chi2_threshold": 7.814727903251179, "N_raw": 76, "N_roi": 76, "N_inlier": 76, "refit": true}
{"timestamp": "20:22:39.109042", "frame": 94, "mu": [-1.6886322935880136, 0.99212835484944, 1.3174325531634041], "Sigma": [[0.007297656733278225, 0.0041301478885797235, 0.0005634040422823376], [0.0041301478885797235, 0.009393009665087803, -0.005979001329009009], [0.0005634040422823375, -0.005979001329009009, 0.01144741136110286]], "chi2_level": 0.95, "chi2_df": 3, "chi2_threshold": 7.814727903251179, "N_raw": 60, "N_roi": 60, "N_inlier": 57, "refit": true}
{"timestamp": "20:22:39.162836", "frame": 95, "mu": [-1.7146095699498907, 1.0492131005460748, 1.2955729738237325], "Sigma": [[0.008877676667655422, 0.004988347297202768, 0.001304013089955598], [0.004988347297202768, 0.007903514169292523, -0.002709005895114825], [0.0013040130899555982, -0.002709005895114825, 0.019797179420645898]], "chi2_level": 0.95, "chi2_df": 3, "chi2_threshold": 7.814727903251179, "N_raw": 58, "N_roi": 58, "N_inlier": 56, "refit": true}
{"timestamp": "20:22:39.221560", "frame": 96, "mu": [-1.7800320776930674, 1.0243220508246407, 1.2711874225818576], "Sigma": [[0.017324519262002173, 0.010374937572222463, 0.0038217256094959817], [0.010374937572222463, 0.011825520301328645, -0.0023490079413552713], [0.0038217256094959812, -0.0023490079413552717, 0.01900273933930713]], "chi2_level": 0.95, "chi2_df": 3, "chi2_threshold": 7.814727903251179, "N_raw": 84, "N_roi": 84, "N_inlier": 83, "refit": true}
{"timestamp": "20:22:39.277005", "frame": 97, "mu": [-1.7851812687039337, 1.2445631372268904, -0.42900739400672705], "Sigma": [[0.011463437380320652, 0.004620186531720619, 0.001231330379011271], [0.004620186531720618, 0.014904643158266962, -0.007127837810530337], [0.0012313303790112708, -0.007127837810530337, 0.007026479302497712]], "chi2_level": 0.95, "chi2_df": 3, "chi2_threshold": 7.814727903251179, "N_raw": 81, "N_roi": 81, "N_inlier": 77, "refit": true}
{"timestamp": "20:22:39.331905", "frame": 98, "mu": [-1.8515266016288936, 1.2580510612176203, -0.2773673620940995], "Sigma": [[0.010752368233029391, 0.0057657689088523156, 0.003876284544159882], [0.005765768908852314, 0.014277037355392756, -0.015201996310490129], [0.003876284544159881, -0.01520199631049013, 0.05533234332387103]], "chi2_level": 0.95, "chi2_df": 3, "chi2_threshold": 7.814727903251179, "N_raw": 81, "N_roi": 81, "N_inlier": 79, "refit": true}
{"timestamp": "20:22:39.386518", "frame": 99, "mu": [-1.8470472043843085, 1.175783280047455, 1.3528662735526198], "Sigma": [[0.010883306743741753, 0.007027998110861971, -0.0002017316780333772], [0.007027998110861971, 0.008804029566298895, -0.008596318847592488], [-0.00020173167803337762, -0.008596318847592488, 0.03336385466944432]], "chi2_level": 0.95, "chi2_df": 3, "chi2_threshold": 7.814727903251179, "N_raw": 74, "N_roi": 74, "N_inlier": 72, "refit": true}
{"timestamp": "20:22:39.645272", "frame": 100, "mu": [-1.7937756193839598, 1.4048729958062478, -0.37025543323517013], "Sigma": [[0.01928098558109033, 0.012589805924315477, -0.004195625105518299], [0.012589805924315477, 0.019582958582878455, -0.012781141212567168], [-0.004195625105518299, -0.012781141212567165, 0.01334515610561746]], "chi2_level": 0.95, "chi2_df": 3, "chi2_threshold": 7.814727903251179, "N_raw": 102, "N_roi": 102, "N_inlier": 98, "refit": true}
{"timestamp": "20:22:39.659104", "frame": 101, "mu": [-1.8652365884966593, 1.386715870968013, -0.4627903971790437], "Sigma": [[0.012295087359808906, 0.009989316477139588, 0.004662066693126099], [0.00998931647713959, 0.01660985731786105, -0.007428086845866548], [0.0046620666931260985, -0.007428086845866549, 0.022123735588594432]], "chi2_level": 0.95, "chi2_df": 3, "chi2_threshold": 7.814727903251179, "N_raw": 81, "N_roi": 81, "N_inlier": 77, "refit": true}
{"timestamp": "20:22:39.697271", "frame": 102, "mu": [-1.9355995268578807, 1.4308360243609364, -0.31664286433105077], "Sigma": [[0.007771768419613065, 0.007081180260477217, -0.002421122240934293], [0.007081180260477217, 0.017656440691944345, -0.015758354475055348], [-0.002421122240934293, -0.015758354475055348, 0.028322317254697138]], "chi2_level": 0.95, "chi2_df": 3, "chi2_threshold": 7.814727903251179, "N_raw": 62, "N_roi": 62, "N_inlier": 58, "refit": true}
{"timestamp": "20:22:39.721524", "frame": 103, "mu": [-1.981620134865473, 1.4107444451063984, -0.40869949958481466], "Sigma": [[0.009672294190568713, 0.008655678458684963, 0.006766505783530738], [0.008655678458684963, 0.014075442403721779, -0.007558573147280605], [0.006766505783530738, -0.007558573147280605, 0.08388018218581428]], "chi2_level": 0.95, "chi2_df": 3, "chi2_threshold": 7.814727903251179, "N_raw": 60, "N_roi": 60, "N_inlier": 56, "refit": true}
{"timestamp": "20:22:39.746592", "frame": 104, "mu": [-1.9287764313485118, 1.411995027473632, 1.4048543081651987], "Sigma": [[0.011503473211299253, 0.009664405895065275, -0.01376842736318137], [0.009664405895065273, 0.015422482322983372, -0.020404945319834125], [-0.01376842736318137, -0.020404945319834125, 0.04319378801406775]], "chi2_level": 0.95, "chi2_df": 3, "chi2_threshold": 7.814727903251179, "N_raw": 72, "N_roi": 72, "N_inlier": 68, "refit": true}
{"timestamp": "20:22:39.777407", "frame": 105, "mu": [-1.9525574221425468, 1.390758429826597, 1.274480009724882], "Sigma": [[0.013478786689703594, 0.008728506176229554, -0.006515972486798806], [0.008728506176229554, 0.013916242867221195, -0.013123204939388147], [-0.006515972486798806, -0.013123204939388148, 0.017889445500594403]], "chi2_level": 0.95, "chi2_df": 3, "chi2_threshold": 7.814727903251179, "N_raw": 74, "N_roi": 74, "N_inlier": 70, "refit": true}
{"timestamp": "20:22:39.802394", "frame": 106, "mu": [-1.9652208287261894, 1.6270221785203225, -0.5929573263754015], "Sigma": [[0.014854846014256911, 0.013527198092961209, -0.003928437818176329], [0.013527198092961209, 0.01751534912430276, -0.010205075234708143], [-0.003928437818176329, -0.010205075234708141, 0.01314560825212633]], "chi2_level": 0.95, "chi2_df": 3, "chi2_threshold": 7.814727903251179, "N_raw": 65, "N_roi": 65, "N_inlier": 61, "refit": true}
{"timestamp": "20:22:39.840712", "frame": 107, "mu": [-1.9802314787207087, 1.4618150784892558, 1.2169788293672743], "Sigma": [[0.013172799402927126, 0.011739035968528305, -0.006337400389600168], [0.011739035968528305, 0.013388448859569474, -0.01064107683129632], [-0.00633740038960017, -0.01064107683129632, 0.01406673421109496]], "chi2_level": 0.95, "chi2_df": 3, "chi2_threshold": 7.814727903251179, "N_raw": 54, "N_roi": 54, "N_inlier": 49, "refit": true}
{"timestamp": "20:22:39.885194", "frame": 108, "mu": [-2.0083885986774828, 1.5114425657557444, 1.1732552107693737], "Sigma": [[0.020112425749895555, 0.014237686246052136, 0.0017003959500019193], [0.014237686246052136, 0.013657073131975976, -0.006476162145054896], [0.0017003959500019195, -0.006476162145054896, 0.05327661331198834]], "chi2_level": 0.95, "chi2_df": 3, "chi2_threshold": 7.814727903251179, "N_raw": 108, "N_roi": 108, "N_inlier": 106, "refit": true}
{"timestamp": "20:22:39.934568", "frame": 109, "mu": [-2.0341606807522012, 1.605422647336747, 0.00435091668496747], "Sigma": [[0.01776118884934552, 0.01469871087515608, -0.011407703307295186], [0.01469871087515608, 0.021925065969530574, -0.01683125662098157], [-0.011407703307295186, -0.01683125662098157, 0.023308414289885903]], "chi2_level": 0.95, "chi2_df": 3, "chi2_threshold": 7.814727903251179, "N_raw": 58, "N_roi": 58, "N_inlier": 55, "refit": true}
{"timestamp": "20:22:39.987228", "frame": 110, "mu": [-1.9381899931608086, 1.7268139755578151, -0.11048883900050536], "Sigma": [[0.01613833682495728, 0.012590221318619041, -0.007420028110144808], [0.012590221318619041, 0.014995482179448268, -0.00689690738179333], [-0.007420028110144808, -0.006896907381793332, 0.012602062893274679]], "chi2_level": 0.95, "chi2_df": 3, "chi2_threshold": 7.814727903251179, "N_raw": 49, "N_roi": 49, "N_inlier": 46, "refit": true}
{"timestamp": "20:22:40.041651", "frame": 111, "mu": [-2.114750371542043, 1.6799238999075505, -0.06337343073375655], "Sigma": [[0.017887530968018563, 0.014091533877070034, -0.0021347186831932865], [0.014091533877070034, 0.018732161166019983, -0.014117807721403097], [-0.0021347186831932865, -0.0141178077214031, 0.039959529130400795]], "chi2_level": 0.95, "chi2_df": 3, "chi2_threshold": 7.814727903251179, "N_raw": 47, "N_roi": 47, "N_inlier": 43, "refit": true}
{"timestamp": "20:22:40.094752", "frame": 112, "mu": [-2.040387784351324, 1.7102586671183544, 1.3575542025177723], "Sigma": [[0.017018445282562293, 0.011106151338065265, -0.022827598557056503], [0.011106151338065263, 0.0136589696891473, -0.03339620080151466], [-0.022827598557056503, -0.033396200801514654, 0.1809228319744304]], "chi2_level": 0.95, "chi2_df": 3, "chi2_threshold": 7.814727903251179, "N_raw": 30, "N_roi": 30, "N_inlier": 30, "refit": true}
{"timestamp": "20:22:40.158334", "frame": 113, "mu": [-2.0385965877662926, 1.7595032023938757, 1.5932997210166127], "Sigma": [[0.030231164423511314, 0.022297635939905497, -0.025222305324563002], [0.022297635939905497, 0.026337556136738036, -0.023803620840695178], [-0.025222305324563005, -0.023803620840695178, 0.030939381405412674]], "chi2_level": 0.95, "chi2_df": 3, "chi2_threshold": 7.814727903251179, "N_raw": 98, "N_roi": 98, "N_inlier": 93, "refit": true}
{"timestamp": "20:22:40.212942", "frame": 114, "mu": [-1.9303560474827277, 1.9629614641808701, -0.12240982978693202], "Sigma": [[0.03196503504003184, 0.03133116239237322, -0.024435864759788935], [0.03133116239237322, 0.042140172206427344, -0.03824649955057796], [-0.024435864759788935, -0.03824649955057796, 0.04502390836259662]], "chi2_level": 0.95, "chi2_df": 3, "chi2_threshold": 7.814727903251179, "N_raw": 89, "N_roi": 89, "N_inlier": 88, "refit": true}
{"timestamp": "20:22:40.268936", "frame": 115, "mu": [-1.978065488336998, 1.9728755170468597, 0.037259237554740386], "Sigma": [[0.033349206326444225, 0.03738009218199903, -0.032991229105588396], [0.03738009218199903, 0.05444787658337692, -0.051255062831028875], [-0.032991229105588396, -0.05125506283102887, 0.06417591924589991]], "chi2_level": 0.95, "chi2_df": 3, "chi2_threshold": 7.814727903251179, "N_raw": 91, "N_roi": 91, "N_inlier": 90, "refit": true}
{"timestamp": "20:22:40.314952", "frame": 116, "mu": [-2.2376707815721897, 1.7012835075309811, 0.35924285244079357], "Sigma": [[0.02011778705330107, 0.020529002573278783, -0.010119188188294938], [0.020529002573278783, 0.029094726324610277, -0.017838734234758645], [-0.010119188188294938, -0.017838734234758645, 0.015316465516395867]], "chi2_level": 0.95, "chi2_df": 3, "chi2_threshold": 7.814727903251179, "N_raw": 29, "N_roi": 29, "N_inlier": 28, "refit": true}
{"timestamp": "20:22:40.369485", "frame": 117, "mu": [-1.8665112755538156, 2.141908190344338, -0.09407976709310213], "Sigma": [[0.025683602983043136, 0.018188246214730336, -0.011545553789877372], [0.018188246214730336, 0.018196481914531132, -0.010802907808417597], [-0.011545553789877372, -0.010802907808417597, 0.00794833130942517]], "chi2_level": 0.95, "chi2_df": 3, "chi2_threshold": 7.814727903251179, "N_raw": 36, "N_roi": 36, "N_inlier": 33, "refit": true}
