{"timestamp": "19:58:16.787811", "frame": 19, "mu": [2.0857634201510296, 1.8764088883073284, 0.8149746964311094], "Sigma": [[0.00952452181029423, -0.01207763996651072, 0.00970452319320812], [-0.012077639966510722, 0.020927428946194038, -0.01650254219186662], [0.00970452319320812, -0.01650254219186662, 0.04851721718975133]], "chi2_level": 0.95, "chi2_df": 3, "chi2_threshold": 7.814727903251179, "N_raw": 44, "N_roi": 44, "N_inlier": 43, "refit": true}
{"timestamp": "19:58:16.840018", "frame": 20, "mu": [2.0219864427702245, 1.8302464362163366, 0.9852220477941216], "Sigma": [[0.0024418998914378424, -0.002258753504543712, -0.00218425996023869], [-0.002258753504543712, 0.007395087452104629, -0.007062196961320149], [-0.00218425996023869, -0.0070621969613201465, 0.04903360760091957]], "chi2_level": 0.95, "chi2_df": 3, "chi2_threshold": 7.814727903251179, "N_raw": 12, "N_roi": 12, "N_inlier": 12, "refit": true}
{"timestamp": "19:58:17.005322", "frame": 23, "mu": [1.8005113629769816, 2.028862859452472, -0.5598057220399468], "Sigma": [[0.0029241987934782777, -0.0023488840487978493, -9.056091425789912e-05], [-0.0023488840487978493, 0.003257706213549502, -0.002935029782983969], [-9.056091425789904e-05, -0.002935029782983969, 0.012336434878839612]], "chi2_level": 0.95, "chi2_df": 3, "chi2_threshold": 7.814727903251179, "N_raw": 12, "N_roi": 12, "N_inlier": 11, "refit": true}
{"timestamp": "19:58:17.117771", "frame": 25, "mu": [1.6597132009832345, 2.021485151189921, 1.3990015982148232], "Sigma": [[0.00874962948806235, -0.006455600042704294, -0.005216038157023129], [-0.006455600042704294, 0.007362060230682067, 0.008288612914036826], [-0.005216038157023129, 0.008288612914036824, 0.02463911338083293]], "chi2_level": 0.95, "chi2_df": 3, "chi2_threshold": 7.814727903251179, "N_raw": 27, "N_roi": 27, "N_inlier": 25, "refit": true}
{"timestamp": "19:58:17.172834", "frame": 26, "mu": [1.6052318313646612, 1.9579708213051816, 1.1809231678933942], "Sigma": [[0.006748647926978091, -0.005080911909424264, -0.0030366864424698934], [-0.005080911909424264, 0.004332669365705724, 0.00037890923219996084], [-0.0030366864424698934, 0.000378909232199961, 0.016445707010116387]], "chi2_level": 0.95, "chi2_df": 3, "chi2_threshold": 7.814727903251179, "N_raw": 32, "N_roi": 32, "N_inlier": 31, "refit": true}
{"timestamp": "19:58:17.230374", "frame": 27, "mu": [1.57000383433801, 2.0623464476126316, -0.38091605760506786], "Sigma": [[0.007009389957638221, -0.00036248029269274996, 0.013840424934805662], [-0.00036248029269274996, 0.0037870772361223233, -0.005004939252757112], [0.013840424934805662, -0.005004939252757112, 0.0645490964894166]], "chi2_level": 0.95, "chi2_df": 3, "chi2_threshold": 7.814727903251179, "N_raw": 41, "N_roi": 41, "N_inlier": 40, "refit": true}
{"timestamp": "19:58:17.283391", "frame": 28, "mu": [1.4374831966648498, 2.068492410900103, 1.445836085656146], "Sigma": [[0.007425355798785608, -0.005177127311421113, -0.007852733604408585], [-0.005177127311421113, 0.006964766251542911, 0.005651748986214262], [-0.007852733604408586, 0.005651748986214262, 0.01797293830506233]], "chi2_level": 0.95, "chi2_df": 3, "chi2_threshold": 7.814727903251179, "N_raw": 37, "N_roi": 37, "N_inlier": 34, "refit": true}
{"timestamp": "19:58:17.339002", "frame": 29, "mu": [1.3677850096248372, 2.0585380695134585, 1.4520326287010148], "Sigma": [[0.006994532792643063, -0.0031300853976997814, -0.004930876081885754], [-0.0031300853976997814, 0.0053019496013121765, 0.0031621651584631694], [-0.004930876081885755, 0.0031621651584631694, 0.011907005137782246]], "chi2_level": 0.95, "chi2_df": 3, "chi2_threshold": 7.814727903251179, "N_raw": 36, "N_roi": 36, "N_inlier": 33, "refit": true}
{"timestamp": "19:58:17.399180", "frame": 30, "mu": [1.3678039521072667, 1.8672833086690894, 0.9805539039444062], "Sigma": [[0.00990427837404142, -0.013217076283057655, -0.022729269790879317], [-0.013217076283057655, 0.023427074126698165, 0.04215585427973238], [-0.02272926979087932, 0.04215585427973238, 0.10549989203031575]], "chi2_level": 0.95, "chi2_df": 3, "chi2_threshold": 7.814727903251179, "N_raw": 52, "N_roi": 52, "N_inlier": 48, "refit": true}
{"timestamp": "19:58:17.451518", "frame": 31, "mu": [1.3445439086636461, 1.877459673444784, 0.9021783492206567], "Sigma": [[0.009195351196190709, -0.006173807052725562, -0.006734224527575448], [-0.006173807052725562, 0.0058073338850672404, 0.001813514461036446], [-0.006734224527575448, 0.001813514461036446, 0.013426623990388136]], "chi2_level": 0.95, "chi2_df": 3, "chi2_threshold": 7.814727903251179, "N_raw": 55, "N_roi": 55, "N_inlier": 48, "refit": true}
{"timestamp": "19:58:17.505504", "frame": 32, "mu": [1.2640915669544897, 1.9267871371698577, 1.064109169207311], "Sigma": [[0.010601580895862377, -0.00941938543182104, -0.017064224104667423], [-0.00941938543182104, 0.009131335002494604, 0.014943258786618719], [-0.017064224104667423, 0.014943258786618719, 0.04951314952617847]], "chi2_level": 0.95, "chi2_df": 3, "chi2_threshold": 7.814727903251179, "N_raw": 51, "N_roi": 51, "N_inlier": 48, "refit": true}
{"timestamp": "19:58:17.558635", "frame": 33, "mu": [1.1971282246298691, 1.9319590795567942, 1.0635384593656967], "Sigma": [[0.007786264155082983, -0.0052774614187156895, -0.007819772280866862], [-0.0052774614187156895, 0.004121176445467567, 0.004679260773553526], [-0.00781977228086686, 0.004679260773553525, 0.019913356986396593]], "chi2_level": 0.95, "chi2_df": 3, "chi2_threshold": 7.814727903251179, "N_raw": 38, "N_roi": 38, "N_inlier": 35, "refit": true}
{"timestamp": "19:58:17.619908", "frame": 34, "mu": [1.1462483111282202, 1.8784930409932104, 1.0309529546016039], "Sigma": [[0.009340502263820582, -0.005776737999562329, -0.008689330812654345], [-0.005776737999562329, 0.005713053324653381, 0.0019563833146587755], [-0.008689330812654345, 0.0019563833146587755, 0.026986231473123]], "chi2_level": 0.95, "chi2_df": 3, "chi2_threshold": 7.814727903251179, "N_raw": 71, "N_roi": 71, "N_inlier": 64, "refit": true}
{"timestamp": "19:58:17.671771", "frame": 35, "mu": [0.9868360978609136, 1.9575631622253298, 1.0666291151056475], "Sigma": [[0.007011117585898157, -0.005395395303963444, 0.007553758914878787], [-0.005395395303963444, 0.01160974659007991, -0.019738321245169718], [0.007553758914878787, -0.019738321245169718, 0.0452296933024748]], "chi2_level": 0.95, "chi2_df": 3, "chi2_threshold": 7.814727903251179, "N_raw": 52, "N_roi": 52, "N_inlier": 48, "refit": true}
{"timestamp": "19:58:17.728922", "frame": 36, "mu": [0.9775785603747875, 1.8822869382585983, 1.0083512125209815], "Sigma": [[0.007620881888248066, -0.002800089731504781, 0.0010499779363965425], [-0.0028000897315047808, 0.003962903117108836, -0.005341318027301508], [0.0010499779363965425, -0.005341318027301508, 0.012069914642241766]], "chi2_level": 0.95, "chi2_df": 3, "chi2_threshold": 7.814727903251179, "N_raw": 67, "N_roi": 67, "N_inlier": 63, "refit": true}
{"timestamp": "19:58:17.782192", "frame": 37, "mu": [0.8715124865552129, 1.9058192760407018, 1.0943632996328607], "Sigma": [[0.005604576627029809, -0.003605258426734201, -0.000973210694099167], [-0.003605258426734201, 0.005982980306506292, -0.0024539697863415434], [-0.000973210694099167, -0.002453969786341544, 0.01119280920985467]], "chi2_level": 0.95, "chi2_df": 3, "chi2_threshold": 7.814727903251179, "N_raw": 53, "N_roi": 52, "N_inlier": 49, "refit": true}
{"timestamp": "19:58:17.834313", "frame": 38, "mu": [0.7213876271497488, 2.0251815380187215, 0.9470061617013478], "Sigma": [[0.006238257812830761, -0.0015469047774284168, 0.0028186284776942567], [-0.0015469047774284163, 0.002523475831148815, -0.002538827065823354], [0.0028186284776942567, -0.002538827065823354, 0.00370506484134116]], "chi2_level": 0.95, "chi2_df": 3, "chi2_threshold": 7.814727903251179, "N_raw": 39, "N_roi": 39, "N_inlier": 37, "refit": true}
{"timestamp": "19:58:17.894922", "frame": 39, "mu": [0.6879879487678945, 1.9654655347872672, 1.0588121220827584], "Sigma": [[0.006657840335409253, -0.004618735038495039, 0.0008121816735228695], [-0.004618735038495039, 0.011206148743762483, -0.0055391755532397955], [0.0008121816735228695, -0.0055391755532397955, 0.0040657234371145505]], "chi2_level": 0.95, "chi2_df": 3, "chi2_threshold": 7.814727903251179, "N_raw": 74, "N_roi": 72, "N_inlier": 68, "refit": true}
{"timestamp": "19:58:17.945991", "frame": 40, "mu": [0.6007201883013947, 2.0920592261793436, -0.3009747638349489], "Sigma": [[0.007596538147098236, -0.0010271898630318174, -0.0007326843433003482], [-0.0010271898630318176, 0.005840272777763607, 0.0011781292480823715], [-0.0007326843433003484, 0.0011781292480823715, 0.0012615368297104336]], "chi2_level": 0.95, "chi2_df": 3, "chi2_threshold": 7.814727903251179, "N_raw": 52, "N_roi": 52, "N_inlier": 50, "refit": true}
{"timestamp": "19:58:18.053173", "frame": 42, "mu": [0.4129569408215319, 1.987611493059307, 1.1039619316071942], "Sigma": [[0.009817759481489274, -0.003942176932266706, 0.019599408136125394], [-0.003942176932266707, 0.0032955470629681175, -0.011852094273683961], [0.01959940813612539, -0.011852094273683961, 0.1069278098749289]], "chi2_level": 0.95, "chi2_df": 3, "chi2_threshold": 7.814727903251179, "N_raw": 34, "N_roi": 33, "N_inlier": 30, "refit": true}
{"timestamp": "19:58:18.218962", "frame": 45, "mu": [0.2054475034708883, 2.2021158775270098, -0.06521434439703237], "Sigma": [[0.005301451057939311, -0.0011375847198945954, -0.002449642747119906], [-0.0011375847198945956, 0.003734889690112113, 0.0025731291657905752], [-0.002449642747119906, 0.0025731291657905757, 0.004018426289758033]], "chi2_level": 0.95, "chi2_df": 3, "chi2_threshold": 7.814727903251179, "N_raw": 42, "N_roi": 41, "N_inlier": 37, "refit": true}
{"timestamp": "19:58:18.271131", "frame": 46, "mu": [0.07425388283136626, 2.3456639589988617, -0.6480736903880784], "Sigma": [[0.004090833573169687, -0.0025653272146292207, -0.0005966621953785185], [-0.0025653272146292203, 0.015336565470590173, -0.08788969566049838], [-0.0005966621953785174, -0.08788969566049838, 0.5889883009062425]], "chi2_level": 0.95, "chi2_df": 3, "chi2_threshold": 7.814727903251179, "N_raw": 11, "N_roi": 11, "N_inlier": 10, "refit": true}
{"timestamp": "19:58:18.334506", "frame": 47, "mu": [0.08604129996344788, 2.103374708749813, 1.3092341782336645], "Sigma": [[0.008287761360215145, -0.0014012846748132578, -0.003340440423698251], [-0.0014012846748132576, 0.009674640701539072, 0.0026209573371308017], [-0.0033404404236982506, 0.0026209573371308017, 0.002089233848739642]], "chi2_level": 0.95, "chi2_df": 3, "chi2_threshold": 7.814727903251179, "N_raw": 74, "N_roi": 74, "N_inlier": 70, "refit": true}
{"timestamp": "19:58:18.390879", "frame": 48, "mu": [0.001889159618201442, 2.1218085020053326, 1.427679561539136], "Sigma": [[0.007092430958299847, -0.002443900069427711, -0.0071667735430164655], [-0.002443900069427711, 0.009906237760123443, 0.0065323277285631535], [-0.007166773543016466, 0.006532327728563153, 0.012306502726643787]], "chi2_level": 0.95, "chi2_df": 3, "chi2_threshold": 7.814727903251179, "N_raw": 68, "N_roi": 68, "N_inlier": 62, "refit": true}
{"timestamp": "19:58:18.443866", "frame": 49, "mu": [-0.040359488580091724, 2.1383722878765763, 1.429445250302621], "Sigma": [[0.007234384581205588, -0.0023964624947247926, -0.005922392265774453], [-0.0023964624947247926, 0.011650212562563805, 0.009587711665682466], [-0.005922392265774454, 0.009587711665682465, 0.012492243206590046]], "chi2_level": 0.95, "chi2_df": 3, "chi2_threshold": 7.814727903251179, "N_raw": 70, "N_roi": 67, "N_inlier": 62, "refit": true}
{"timestamp": "19:58:18.497881", "frame": 50, "mu": [-0.1282214854537217, 2.1229917931730373, 1.3011614727547203], "Sigma": [[0.008574547214311034, -0.0035798941900374408, -0.004693889983913348], [-0.00357989419003744, 0.007170103987058259, 0.00273512775672107], [-0.004693889983913348, 0.00273512775672107, 0.0031510284062577607]], "chi2_level": 0.95, "chi2_df": 3, "chi2_threshold": 7.814727903251179, "N_raw": 62, "N_roi": 59, "N_inlier": 56, "refit": true}
{"timestamp": "19:58:18.555478", "frame": 51, "mu": [-0.2085749492500003, 2.130829010669113, 1.2347654111755], "Sigma": [[0.01059162524261946, -0.0020215430712793784, -0.005964231652541436], [-0.002021543071279379, 0.006363451283062464, -0.0024147108053809005], [-0.005964231652541435, -0.0024147108053809005, 0.007104805374128913]], "chi2_level": 0.95, "chi2_df": 3, "chi2_threshold": 7.814727903251179, "N_raw": 78, "N_roi": 78, "N_inlier": 74, "refit": true}
{"timestamp": "19:58:18.608197", "frame": 52, "mu": [-0.21732613678084198, 2.04314822978834, 1.126236231357897], "Sigma": [[0.010224348062344353, 9.306124811655772e-05, -0.00722870395617387], [9.306124811655766e-05, 0.0034713829492973624, -0.0021557101602461878], [-0.007228703956173869, -0.0021557101602461878, 0.008405844539822401]], "chi2_level": 0.95, "chi2_df": 3, "chi2_threshold": 7.814727903251179, "N_raw": 63, "N_roi": 62, "N_inlier": 57, "refit": true}
{"timestamp": "19:58:18.665644", "frame": 53, "mu": [-0.3213613984176478, 2.1202330352423866, 0.7497540944154389], "Sigma": [[0.007400155026965391, -0.0018466080187191703, -0.0027367696641012176], [-0.0018466080187191703, 0.018014575159793773, -0.050150967242870624], [-0.0027367696641012185, -0.050150967242870624, 0.17676964629638528]], "chi2_level": 0.95, "chi2_df": 3, "chi2_threshold": 7.814727903251179, "N_raw": 78, "N_roi": 78, "N_inlier": 75, "refit": true}
{"timestamp": "19:58:18.719723", "frame": 54, "mu": [-0.44762883642642615, 2.287767884648354, -1.0258655602360947], "Sigma": [[0.01141072380355025, 0.01210535095519877, -0.012844533174571824], [0.01210535095519877, 0.02601686573215306, -0.017940918141573937], [-0.012844533174571824, -0.017940918141573933, 0.23014467822654688]], "chi2_level": 0.95, "chi2_df": 3, "chi2_threshold": 7.814727903251179, "N_raw": 79, "N_roi": 79, "N_inlier": 77, "refit": true}
{"timestamp": "19:58:18.774639", "frame": 55, "mu": [-0.5028486670717072, 2.4056861515690886, -0.7411935473775997], "Sigma": [[0.008259025409485659, 0.003605332134545035, -0.012530798800947363], [0.003605332134545035, 0.03956016846335386, -0.09438347812470999], [-0.012530798800947363, -0.09438347812470999, 0.24457261538599043]], "chi2_level": 0.95, "chi2_df": 3, "chi2_threshold": 7.814727903251179, "N_raw": 67, "N_roi": 67, "N_inlier": 64, "refit": true}
{"timestamp": "19:58:18.825116", "frame": 56, "mu": [-0.6304817338160951, 2.2636586929274847, 0.0060379282816543575], "Sigma": [[0.005725183325971778, 0.0011985711621394922, -0.00392619908372782], [0.001198571162139492, 0.004050500606101534, -0.005050430307483191], [-0.00392619908372782, -0.005050430307483191, 0.011798621017241015]], "chi2_level": 0.95, "chi2_df": 3, "chi2_threshold": 7.814727903251179, "N_raw": 43, "N_roi": 43, "N_inlier": 40, "refit": true}
{"timestamp": "19:58:18.879478", "frame": 57, "mu": [-0.6731793246579866, 2.231719838339813, -0.13679242223196866], "Sigma": [[0.005629805135240148, 0.0006991490976327535, -0.005104364016394168], [0.0006991490976327537, 0.0037752379634218283, 0.0004734194257879227], [-0.005104364016394168, 0.00047341942578792254, 0.006365511817547401]], "chi2_level": 0.95, "chi2_df": 3, "chi2_threshold": 7.814727903251179, "N_raw": 41, "N_roi": 40, "N_inlier": 37, "refit": true}
{"timestamp": "19:58:18.933723", "frame": 58, "mu": [-0.7724128023586184, 2.0574841065543032, 1.173874570211459], "Sigma": [[0.007824974250889303, -0.0008082723211078425, -0.001225369618794632], [-0.0008082723211078422, 0.005377262374047534, 0.0002542182573234742], [-0.001225369618794632, 0.0002542182573234741, 0.035539997393087525]], "chi2_level": 0.95, "chi2_df": 3, "chi2_threshold": 7.814727903251179, "N_raw": 44, "N_roi": 44, "N_inlier": 40, "refit": true}
{"timestamp": "19:58:18.989806", "frame": 59, "mu": [-0.8345477435088146, 2.3193212170990356, -0.06628731325576415], "Sigma": [[0.007387795765776694, 0.002265467512022494, -0.007335148577586055], [0.0022654675120224936, 0.004061160822734145, -0.009669683681693396], [-0.007335148577586055, -0.009669683681693396, 0.0262992311072687]], "chi2_level": 0.95, "chi2_df": 3, "chi2_threshold": 7.814727903251179, "N_raw": 43, "N_roi": 43, "N_inlier": 38, "refit": true}
{"timestamp": "19:58:19.051259", "frame": 60, "mu": [-0.891032279941448, 2.1105719424424154, 1.2257773640497687], "Sigma": [[0.010230146604240173, 0.002313595967014572, -0.011274954523215577], [0.0023135959670145725, 0.008662578274257475, -0.00702067332751048], [-0.011274954523215577, -0.00702067332751048, 0.026033858455738988]], "chi2_level": 0.95, "chi2_df": 3, "chi2_threshold": 7.814727903251179, "N_raw": 87, "N_roi": 87, "N_inlier": 82, "refit": true}
{"timestamp": "19:58:19.104755", "frame": 61, "mu": [-0.9889444640676816, 2.1559439483811746, 1.167740935769188], "Sigma": [[0.01111740538853361, -0.0005702421538289774, -0.016121340937162013], [-0.0005702421538289774, 0.0026042778647733435, 0.00514230436877813], [-0.016121340937162013, 0.00514230436877813, 0.08910410783017161]], "chi2_level": 0.95, "chi2_df": 3, "chi2_threshold": 7.814727903251179, "N_raw": 74, "N_roi": 74, "N_inlier": 69, "refit": true}
{"timestamp": "19:58:19.158751", "frame": 62, "mu": [-0.9916901610348808, 2.120664373823143, 0.7084669352450823], "Sigma": [[0.017692479772145064, 0.003824088514750262, -0.03785019870148455], [0.003824088514750262, 0.006077384514627129, -0.010584834637575997], [-0.03785019870148455, -0.010584834637575997, 0.13059241392247942]], "chi2_level": 0.95, "chi2_df": 3, "chi2_threshold": 7.814727903251179, "N_raw": 70, "N_roi": 68, "N_inlier": 63, "refit": true}
{"timestamp": "19:58:19.215632", "frame": 63, "mu": [-1.179024655499078, 2.089121820963723, 1.2645322307674656], "Sigma": [[0.010954142052975461, 0.00020186763253277073, -0.006183339819102512], [0.00020186763253277084, 0.006520967009374786, -0.0029253468299055376], [-0.006183339819102511, -0.0029253468299055376, 0.012352993850391954]], "chi2_level": 0.95, "chi2_df": 3, "chi2_threshold": 7.814727903251179, "N_raw": 74, "N_roi": 71, "N_inlier": 65, "refit": true}
{"timestamp": "19:58:19.261250", "frame": 64, "mu": [-1.1698441570200029, 2.083410470581462, 1.080303370178734], "Sigma": [[0.0083876106517748, 0.00472392740302674, -0.03120396908300556], [0.00472392740302674, 0.00791436669530428, -0.026233975206024676], [-0.03120396908300556, -0.026233975206024676, 0.14820493367369456]], "chi2_level": 0.95, "chi2_df": 3, "chi2_threshold": 7.814727903251179, "N_raw": 18, "N_roi": 18, "N_inlier": 17, "refit": true}
{"timestamp": "19:58:19.321722", "frame": 65, "mu": [-1.3183491064731725, 2.215057389145349, 1.1832055837104791], "Sigma": [[0.009163354525787086, 0.0022119074099613088, -0.0087829315265181], [0.0022119074099613088, 0.00275038239903888, 0.0035422520088401526], [-0.008782931526518102, 0.0035422520088401535, 0.14259905044517449]], "chi2_level": 0.95, "chi2_df": 3, "chi2_threshold": 7.814727903251179, "N_raw": 63, "N_roi": 63, "N_inlier": 61, "refit": true}
{"timestamp": "19:58:19.377504", "frame": 66, "mu": [-1.3578472779293715, 2.2725112597753956, -0.19686584006078509], "Sigma": [[0.008448965246157777, 0.0019454503026510906, -0.004583785514177381], [0.00194545030265109, 0.009492691960098628, -0.006354670895111936], [-0.004583785514177381, -0.006354670895111936, 0.007099650124524119]], "chi2_level": 0.95, "chi2_df": 3, "chi2_threshold": 7.814727903251179, "N_raw": 63, "N_roi": 63, "N_inlier": 59, "refit": true}
{"timestamp": "19:58:19.425824", "frame": 67, "mu": [-1.4342401701210648, 2.153694815181435, 0.848022769094397], "Sigma": [[0.001984643943517792, 0.00018458543306751059, 0.0011832791494376328], [0.00018458543306751053, 0.003949384343921575, -0.016703480562363024], [0.0011832791494376335, -0.01670348056236302, 0.371891867836612]], "chi2_level": 0.95, "chi2_df": 3, "chi2_threshold": 7.814727903251179, "N_raw": 10, "N_roi": 10, "N_inlier": 10, "refit": true}
{"timestamp": "19:58:19.483215", "frame": 68, "mu": [-1.5440322546446086, 2.1080467467847783, 1.5685379087248081], "Sigma": [[0.009060029831022923, 0.0019524289311487384, -0.008994893317607444], [0.0019524289311487382, 0.004453113320464638, -0.0011603061812925535], [-0.008994893317607444, -0.0011603061812925535, 0.009723634031383108]], "chi2_level": 0.95, "chi2_df": 3, "chi2_threshold": 7.814727903251179, "N_raw": 36, "N_roi": 36, "N_inlier": 35, "refit": true}
{"timestamp": "19:58:19.649354", "frame": 71, "mu": [-1.7850864453509323, 2.0371905588255075, 1.3943161359244596], "Sigma": [[0.00933146328295237, 0.002907492060285421, -0.007251303322507402], [0.0029074920602854206, 0.005933973112817892, -0.0033216690546906177], [-0.007251303322507402, -0.0033216690546906177, 0.008476303043816422]], "chi2_level": 0.95, "chi2_df": 3, "chi2_threshold": 7.814727903251179, "N_raw": 41, "N_roi": 41, "N_inlier": 34, "refit": true}
{"timestamp": "19:58:19.701593", "frame": 72, "mu": [-1.9419814999220544, 1.9520947618057338, 1.254210816105597], "Sigma": [[0.0529818888978979, 0.047655562662927343, -0.1320916394859434], [0.047655562662927343, 0.047116078761261754, -0.12216913917179348], [-0.13209163948594338, -0.12216913917179348, 0.3665855465658447]], "chi2_level": 0.95, "chi2_df": 3, "chi2_threshold": 7.814727903251179, "N_raw": 18, "N_roi": 18, "N_inlier": 18, "refit": true}
{"timestamp": "19:58:19.754944", "frame": 73, "mu": [-2.0272425708793698, 1.979077702787648, 1.363670989682917], "Sigma": [[0.03042387740097881, 0.03708648830748226, -0.07388953743644734], [0.03708648830748226, 0.052294858825691085, -0.09687437316449288], [-0.07388953743644736, -0.09687437316449288, 0.2720748573566668]], "chi2_level": 0.95, "chi2_df": 3, "chi2_threshold": 7.814727903251179, "N_raw": 17, "N_roi": 17, "N_inlier": 16, "refit": true}
{"timestamp": "19:58:19.819427", "frame": 74, "mu": [-2.1264427135710458, 1.904081375522474, 1.6706479382650719], "Sigma": [[0.02349999172708686, 0.020027351158351338, -0.01713911337208461], [0.020027351158351338, 0.023998500731280827, -0.013260769318302886], [-0.01713911337208461, -0.013260769318302886, 0.01816411485236675]], "chi2_level": 0.95, "chi2_df": 3, "chi2_threshold": 7.814727903251179, "N_raw": 56, "N_roi": 56, "N_inlier": 53, "refit": true}
{"timestamp": "19:58:19.872536", "frame": 75, "mu": [-2.1867249954483343, 1.9482306413283343, 1.5285484907895284], "Sigma": [[0.02357619084508842, 0.02331908349195525, -0.02397666775014347], [0.02331908349195525, 0.030576379903646124, -0.025826230345594378], [-0.023976667750143472, -0.025826230345594378, 0.036537319691279296]], "chi2_level": 0.95, "chi2_df": 3, "chi2_threshold": 7.814727903251179, "N_raw": 60, "N_roi": 60, "N_inlier": 54, "refit": true}
{"timestamp": "19:58:19.926313", "frame": 76, "mu": [-2.1832644214163084, 1.9297339664315185, 1.5207315148875706], "Sigma": [[0.017020485014484985, 0.014862614482375344, -0.01803405710529033], [0.014862614482375344, 0.022050103046901352, -0.01609323864362283], [-0.01803405710529033, -0.01609323864362283, 0.025047924532278262]], "chi2_level": 0.95, "chi2_df": 3, "chi2_threshold": 7.814727903251179, "N_raw": 61, "N_roi": 61, "N_inlier": 56, "refit": true}
{"timestamp": "19:58:19.986050", "frame": 77, "mu": [-2.2515473261734327, 1.9072604624325467, -0.16542883814201292], "Sigma": [[0.01881339452504368, 0.01677122176196919, -0.00877222186555283], [0.016771221761969185, 0.030769577647933255, -0.018294191174225885], [-0.008772221865552831, -0.01829419117422588, 0.016866718105474757]], "chi2_level": 0.95, "chi2_df": 3, "chi2_threshold": 7.814727903251179, "N_raw": 87, "N_roi": 80, "N_inlier": 79, "refit": true}
{"timestamp": "19:58:20.037541", "frame": 78, "mu": [-2.2894881281388315, 1.8358319439609079, 1.4082172752627145], "Sigma": [[0.013743843483986986, 0.011296079947769003, -0.008956657790448687], [0.011296079947769003, 0.016541003278702265, -0.009831372224188537], [-0.008956657790448685, -0.009831372224188537, 0.008042567798564755]], "chi2_level": 0.95, "chi2_df": 3, "chi2_threshold": 7.814727903251179, "N_raw": 57, "N_roi": 45, "N_inlier": 43, "refit": true}
{"timestamp": "19:58:20.090603", "frame": 79, "mu": [-2.3689629888347468, 1.789529016011149, 1.3985648865288771], "Sigma": [[0.004955812734917217, 0.003332189324255212, -0.0025917139482763705], [0.003332189324255212, 0.010321520885961966, -0.008291334437983822], [-0.0025917139482763705, -0.008291334437983822, 0.00809109329186957]], "chi2_level": 0.95, "chi2_df": 3, "chi2_threshold": 7.814727903251179, "N_raw": 47, "N_roi": 31, "N_inlier": 31, "refit": true}
{"timestamp": "19:58:20.145850", "frame": 80, "mu": [-2.3816638485807613, 1.827845205615724, 1.4823762183179139], "Sigma": [[0.005667068237965083, 0.0029784373619129965, -0.005331518116269556], [0.0029784373619129974, 0.014560868795606547, 0.0015979750597296003], [-0.005331518116269556, 0.0015979750597296001, 0.00755926643892034]], "chi2_level": 0.95, "chi2_df": 3, "chi2_threshold": 7.814727903251179, "N_raw": 52, "N_roi": 27, "N_inlier": 25, "refit": true}
{"timestamp": "19:58:20.198640", "frame": 81, "mu": [-2.4062599522959083, 1.944245866681051, 1.2144557651000054], "Sigma": [[0.004038861899532684, 0.0032549340872767133, -0.004529577921733393], [0.003254934087276713, 0.0035680325881425586, -0.005622889750989782], [-0.004529577921733392, -0.0056228897509897815, 0.05048267743797075]], "chi2_level": 0.95, "chi2_df": 3, "chi2_threshold": 7.814727903251179, "N_raw": 38, "N_roi": 19, "N_inlier": 17, "refit": true}
{"timestamp": "19:58:20.257811", "frame": 82, "mu": [-2.415366013710546, 1.9059266458941986, 1.279437651971661], "Sigma": [[0.0032923887129227662, 0.0023576730649255973, -0.005850147284102127], [0.0023576730649255973, 0.015060055051207387, -0.015098455795049742], [-0.005850147284102128, -0.015098455795049742, 0.0374039798876153]], "chi2_level": 0.95, "chi2_df": 3, "chi2_threshold": 7.814727903251179, "N_raw": 63, "N_roi": 23, "N_inlier": 21, "refit": true}
{"timestamp": "19:58:20.312538", "frame": 83, "mu": [-2.4105723079219468, 1.8669953851732002, 1.2421752371689105], "Sigma": [[0.003923736042108624, 0.0003409625667521657, -0.0024128941569521284], [0.0003409625667521655, 0.014023894271553055, -0.0008290347529555055], [-0.0024128941569521284, -0.0008290347529555056, 0.002785048656248855]], "chi2_level": 0.95, "chi2_df": 3, "chi2_threshold": 7.814727903251179, "N_raw": 62, "N_roi": 26, "N_inlier": 25, "refit": true}
{"timestamp": "19:58:20.367520", "frame": 84, "mu": [-2.42850718247167, 1.952813015125426, 1.0030910674003477], "Sigma": [[0.00486136620654247, 0.003517039623281832, -0.016910051868611484], [0.0035170396232818315, 0.010494256297820548, -0.029227391388384726], [-0.016910051868611484, -0.029227391388384726, 0.13929892540258168]], "chi2_level": 0.95, "chi2_df": 3, "chi2_threshold": 7.814727903251179, "N_raw": 66, "N_roi": 18, "N_inlier": 18, "refit": true}
