{"timestamp": "20:02:27.186620", "frame": 1, "mu": [-2.293385933602287, 3.5337601854057046, 1.2159444011379743], "Sigma": [[0.01195812584352894, 0.006925750059151339, -0.010173053141540914], [0.00692575005915134, 0.006877799473490356, -0.01058505193946531], [-0.010173053141540916, -0.01058505193946531, 0.021596749103369818]], "chi2_level": 0.95, "chi2_df": 3, "chi2_threshold": 7.814727903251179, "N_raw": 33, "N_roi": 28, "N_inlier": 26, "refit": true}
{"timestamp": "20:02:27.240482", "frame": 2, "mu": [-2.3281849641868253, 3.5365389659401862, 1.1132123240654448], "Sigma": [[0.01108288673909873, 0.003489293339282544, -0.00799022097218121], [0.003489293339282544, 0.0037431407485959637, -0.002108026947107173], [-0.00799022097218121, -0.002108026947107173, 0.006644528253635782]], "chi2_level": 0.95, "chi2_df": 3, "chi2_threshold": 7.814727903251179, "N_raw": 23, "N_roi": 18, "N_inlier": 18, "refit": true}
{"timestamp": "20:02:27.300611", "frame": 3, "mu": [-2.258258355461747, 3.5333907786412824, 1.215445635970219], "Sigma": [[0.01876403826246011, 0.008197229526464853, -0.009992983811174434], [0.008197229526464855, 0.009632861474759327, -0.012230540805167724], [-0.009992983811174434, -0.012230540805167724, 0.018565289306962923]], "chi2_level": 0.95, "chi2_df": 3, "chi2_threshold": 7.814727903251179, "N_raw": 60, "N_roi": 52, "N_inlier": 51, "refit": true}
{"timestamp": "20:02:27.355810", "frame": 4, "mu": [-2.2849888187449285, 3.499397658166156, 1.1318645318608909], "Sigma": [[0.01047689025719169, 0.005614546538346081, -0.003239034594103821], [0.005614546538346081, 0.0056577985222025845, -0.008517474854478624], [-0.0032390345941038213, -0.008517474854478624, 0.023584986747289143]], "chi2_level": 0.95, "chi2_df": 3, "chi2_threshold": 7.814727903251179, "N_raw": 33, "N_roi": 33, "N_inlier": 31, "refit": true}
{"timestamp": "20:02:27.411493", "frame": 5, "mu": [-2.233629013428109, 3.501982924454841, 1.2111856134554508], "Sigma": [[0.023640956637746596, 0.011733015229868811, -0.011783235391856186], [0.011733015229868811, 0.00819476917775372, -0.010270806149401252], [-0.011783235391856186, -0.010270806149401252, 0.015948707494776983]], "chi2_level": 0.95, "chi2_df": 3, "chi2_threshold": 7.814727903251179, "N_raw": 44, "N_roi": 43, "N_inlier": 41, "refit": true}
{"timestamp": "20:02:27.518059", "frame": 7, "mu": [-2.108342631016716, 3.5996878818449707, 0.9012906919661225], "Sigma": [[0.018219975739186593, 0.0130274520939654, -0.026524857113554453], [0.013027452093965398, 0.012149799433532886, -0.026291998493393302], [-0.026524857113554453, -0.026291998493393302, 0.06219911308811361]], "chi2_level": 0.95, "chi2_df": 3, "chi2_threshold": 7.814727903251179, "N_raw": 25, "N_roi": 25, "N_inlier": 23, "refit": true}
{"timestamp": "20:02:27.579116", "frame": 8, "mu": [-2.144814618570935, 3.511110016180388, 1.012605770108776], "Sigma": [[0.0338800727701275, 0.021586977288253935, -0.03538452187993815], [0.021586977288253935, 0.01879750424696172, -0.030652048279012613], [-0.03538452187993815, -0.03065204827901261, 0.05427473250793039]], "chi2_level": 0.95, "chi2_df": 3, "chi2_threshold": 7.814727903251179, "N_raw": 68, "N_roi": 68, "N_inlier": 66, "refit": true}
{"timestamp": "20:02:27.628965", "frame": 9, "mu": [-2.2446005966960176, 3.4855733706897216, -0.03936949828459035], "Sigma": [[0.020146295480925593, 0.014342866917053727, -0.010717395965103075], [0.014342866917053727, 0.01417960755399506, -0.01186699701139085], [-0.010717395965103078, -0.01186699701139085, 0.011721660372284103]], "chi2_level": 0.95, "chi2_df": 3, "chi2_threshold": 7.814727903251179, "N_raw": 28, "N_roi": 28, "N_inlier": 26, "refit": true}
{"timestamp": "20:02:27.689766", "frame": 10, "mu": [-1.9613708433673311, 3.520472477797644, 0.7215360379547224], "Sigma": [[0.030988706245351917, 0.014692363997207665, -0.029776229340165463], [0.014692363997207667, 0.012728941947299238, -0.018583175492770807], [-0.029776229340165463, -0.018583175492770807, 0.04913112476751368]], "chi2_level": 0.95, "chi2_df": 3, "chi2_threshold": 7.814727903251179, "N_raw": 71, "N_roi": 70, "N_inlier": 68, "refit": true}
{"timestamp": "20:02:27.740228", "frame": 11, "mu": [-2.1905773602269134, 3.456509151836842, 0.02601612268423684], "Sigma": [[0.019527962507882402, 0.010387172022611336, -0.010383310708070284], [0.010387172022611336, 0.009037871998657193, -0.006784905516333229], [-0.010383310708070284, -0.006784905516333229, 0.007232274906256506]], "chi2_level": 0.95, "chi2_df": 3, "chi2_threshold": 7.814727903251179, "N_raw": 36, "N_roi": 36, "N_inlier": 33, "refit": true}
{"timestamp": "20:02:27.797252", "frame": 12, "mu": [-1.8422781655688305, 3.46159320041294, 0.48968112923536655], "Sigma": [[0.02663420234291563, 0.0033998927124745835, -0.021207417944822324], [0.0033998927124745835, 0.0049196680532514565, -0.00532259532870551], [-0.021207417944822324, -0.00532259532870551, 0.02028736406422077]], "chi2_level": 0.95, "chi2_df": 3, "chi2_threshold": 7.814727903251179, "N_raw": 53, "N_roi": 53, "N_inlier": 52, "refit": true}
{"timestamp": "20:02:27.853065", "frame": 13, "mu": [-1.8127825776250033, 3.7230693153056738, -0.6152348101131591], "Sigma": [[0.021051330357854177, 0.0062954104250871465, -0.026411293880036345], [0.0062954104250871465, 0.007455998098442043, -0.009122183452926902], [-0.026411293880036345, -0.009122183452926902, 0.03711710205589502]], "chi2_level": 0.95, "chi2_df": 3, "chi2_threshold": 7.814727903251179, "N_raw": 49, "N_roi": 49, "N_inlier": 45, "refit": true}
{"timestamp": "20:02:27.909169", "frame": 14, "mu": [-1.8620623768395024, 3.576603271609171, -0.44950148070840207], "Sigma": [[0.022538718718491113, 0.014319480643851515, -0.021826746262746808], [0.014319480643851516, 0.016303266504316065, -0.025822600155663757], [-0.021826746262746808, -0.025822600155663754, 0.04361379407423747]], "chi2_level": 0.95, "chi2_df": 3, "chi2_threshold": 7.814727903251179, "N_raw": 68, "N_roi": 68, "N_inlier": 64, "refit": true}
{"timestamp": "20:02:27.962352", "frame": 15, "mu": [-1.835576991323338, 3.307267462408096, 0.6752301237609108], "Sigma": [[0.019582556572639388, 0.006695560065109145, -0.016622728870521228], [0.006695560065109145, 0.0036913292002021926, -0.010132008654756839], [-0.016622728870521228, -0.010132008654756837, 0.03227272358475576]], "chi2_level": 0.95, "chi2_df": 3, "chi2_threshold": 7.814727903251179, "N_raw": 50, "N_roi": 49, "N_inlier": 49, "refit": true}
{"timestamp": "20:02:28.072438", "frame": 17, "mu": [-1.7943790822663828, 3.199045072125993, 0.8740522257331238], "Sigma": [[0.020543013898248447, 0.007715906945174434, -0.020810551465846393], [0.007715906945174434, 0.006136447523434963, -0.014385218028009674], [-0.020810551465846393, -0.014385218028009674, 0.04260332127415903]], "chi2_level": 0.95, "chi2_df": 3, "chi2_threshold": 7.814727903251179, "N_raw": 60, "N_roi": 60, "N_inlier": 59, "refit": true}
{"timestamp": "20:02:28.122036", "frame": 18, "mu": [-1.6639922524778548, 3.229571802700269, 0.67934367137406], "Sigma": [[0.006922113393098232, 0.005020828409281301, -0.0076384186437766476], [0.005020828409281301, 0.005513490727186753, -0.008257565069727333], [-0.007638418643776649, -0.008257565069727335, 0.019603731486935755]], "chi2_level": 0.95, "chi2_df": 3, "chi2_threshold": 7.814727903251179, "N_raw": 16, "N_roi": 15, "N_inlier": 15, "refit": true}
{"timestamp": "20:02:28.176951", "frame": 19, "mu": [-1.719723577420857, 3.1454941867983823, 0.9447093135634356], "Sigma": [[0.01023439694884033, 0.0037732699950286464, -0.012782377973224355], [0.003773269995028647, 0.0019451053914284085, -0.005418255984064894], [-0.012782377973224355, -0.005418255984064893, 0.026456602937512272]], "chi2_level": 0.95, "chi2_df": 3, "chi2_threshold": 7.814727903251179, "N_raw": 14, "N_roi": 14, "N_inlier": 12, "refit": true}
{"timestamp": "20:02:28.237665", "frame": 20, "mu": [-1.6256571882693207, 3.1013031524738444, 0.8413874750800701], "Sigma": [[0.01716685387328401, 0.0022495679993720435, -0.022066430892536685], [0.0022495679993720435, 0.0020450098802825417, -0.006343926887814384], [-0.022066430892536685, -0.006343926887814384, 0.04940709335530265]], "chi2_level": 0.95, "chi2_df": 3, "chi2_threshold": 7.814727903251179, "N_raw": 51, "N_roi": 51, "N_inlier": 49, "refit": true}
{"timestamp": "20:02:28.293712", "frame": 21, "mu": [-1.6281513552180238, 3.048751524761529, 0.9942585941461032], "Sigma": [[0.016748439188901405, 0.0017846018346849013, -0.022239055837012016], [0.001784601834684902, 0.003231749656536819, -0.0060886418620305464], [-0.022239055837012012, -0.006088641862030546, 0.07214705926450718]], "chi2_level": 0.95, "chi2_df": 3, "chi2_threshold": 7.814727903251179, "N_raw": 62, "N_roi": 62, "N_inlier": 60, "refit": true}
{"timestamp": "20:02:28.346735", "frame": 22, "mu": [-1.5422607230126097, 2.985352765012866, 0.7103182879182598], "Sigma": [[0.018830507122739218, 0.0005798118135390205, -0.02478285923640868], [0.0005798118135390204, 0.001269095109573466, -0.0029408745018716332], [-0.02478285923640868, -0.002940874501871633, 0.04115692874309231]], "chi2_level": 0.95, "chi2_df": 3, "chi2_threshold": 7.814727903251179, "N_raw": 44, "N_roi": 41, "N_inlier": 39, "refit": true}
{"timestamp": "20:02:28.406435", "frame": 23, "mu": [-1.5036637758989984, 2.9663909551617635, 0.8184721006718966], "Sigma": [[0.024118164689745203, 0.0033650451996548323, -0.015245909948253734], [0.003365045199654832, 0.00404552242663541, -0.007844277228015882], [-0.015245909948253734, -0.007844277228015882, 0.021823115776607224]], "chi2_level": 0.95, "chi2_df": 3, "chi2_threshold": 7.814727903251179, "N_raw": 76, "N_roi": 72, "N_inlier": 71, "refit": true}
{"timestamp": "20:02:28.453784", "frame": 24, "mu": [-1.575768974989613, 2.903852824195516, 0.795592979312487], "Sigma": [[0.006034764365767524, 0.0015008115752455705, -0.00826098843084845], [0.0015008115752455705, 0.0008521990251827662, -0.0042707306725146745], [-0.008260988430848451, -0.0042707306725146745, 0.03274773147092223]], "chi2_level": 0.95, "chi2_df": 3, "chi2_threshold": 7.814727903251179, "N_raw": 24, "N_roi": 24, "N_inlier": 23, "refit": true}
{"timestamp": "20:02:28.513662", "frame": 25, "mu": [-1.3273051085823306, 3.0850248383597005, -0.4498526567964954], "Sigma": [[0.016568432426937785, 0.008732453281835275, -0.01542021117668156], [0.008732453281835275, 0.009040692788246993, -0.01582633769276591], [-0.01542021117668156, -0.01582633769276591, 0.03367513265700291]], "chi2_level": 0.95, "chi2_df": 3, "chi2_threshold": 7.814727903251179, "N_raw": 58, "N_roi": 58, "N_inlier": 56, "refit": true}
{"timestamp": "20:02:28.564834", "frame": 26, "mu": [-1.330398460813897, 2.7740620742039237, 0.8169182682914737], "Sigma": [[0.012189600395854741, 0.0019149321352373025, -0.009364966914791242], [0.0019149321352373025, 0.002494762497055435, -0.0038884432906546697], [-0.009364966914791242, -0.0038884432906546697, 0.012025064902219218]], "chi2_level": 0.95, "chi2_df": 3, "chi2_threshold": 7.814727903251179, "N_raw": 39, "N_roi": 39, "N_inlier": 37, "refit": true}
{"timestamp": "20:02:28.620975", "frame": 27, "mu": [-1.3641761850621408, 2.769036449741947, 0.975150090517718], "Sigma": [[0.009725731053096777, 0.0012185412257001832, -0.0037765473523518577], [0.001218541225700183, 0.0013304082570755854, -0.005060996563602023], [-0.0037765473523518577, -0.005060996563602023, 0.02306858650057199]], "chi2_level": 0.95, "chi2_df": 3, "chi2_threshold": 7.814727903251179, "N_raw": 45, "N_roi": 45, "N_inlier": 43, "refit": true}
{"timestamp": "20:02:28.680007", "frame": 28, "mu": [-1.19660944731799, 2.757955912303277, 0.8047068653758191], "Sigma": [[0.014583635786887894, 0.004959657899374555, -0.015772700773684922], [0.004959657899374555, 0.003624708463313943, -0.011418165818716026], [-0.01577270077368492, -0.011418165818716026, 0.04809828065389023]], "chi2_level": 0.95, "chi2_df": 3, "chi2_threshold": 7.814727903251179, "N_raw": 73, "N_roi": 70, "N_inlier": 67, "refit": true}
{"timestamp": "20:02:28.737989", "frame": 29, "mu": [-1.1126318166361586, 2.7198386708280022, 0.8808256361954159], "Sigma": [[0.018491857629152328, 0.004978931270553315, -0.028431325068889568], [0.004978931270553313, 0.0034574974141781765, -0.01542753384915732], [-0.02843132506888957, -0.01542753384915732, 0.08392400888946062]], "chi2_level": 0.95, "chi2_df": 3, "chi2_threshold": 7.814727903251179, "N_raw": 89, "N_roi": 89, "N_inlier": 87, "refit": true}
{"timestamp": "20:02:28.789205", "frame": 30, "mu": [-1.018079412835539, 2.6835988234164487, 0.6221131878944085], "Sigma": [[0.020027139935100437, 0.007229428507193558, -0.011741703331364244], [0.007229428507193558, 0.008539855952393016, -0.004373203692447652], [-0.011741703331364244, -0.004373203692447652, 0.00804165151471742]], "chi2_level": 0.95, "chi2_df": 3, "chi2_threshold": 7.814727903251179, "N_raw": 60, "N_roi": 60, "N_inlier": 56, "refit": true}
{"timestamp": "20:02:28.842798", "frame": 31, "mu": [-0.903074825231528, 2.646714350549083, 0.469555689065689], "Sigma": [[0.012706942952459796, -0.0007220243483997787, -0.006898496810765625], [-0.0007220243483997789, 0.009070549732589252, 0.002488316712421973], [-0.006898496810765625, 0.002488316712421973, 0.005091279365573729]], "chi2_level": 0.95, "chi2_df": 3, "chi2_threshold": 7.814727903251179, "N_raw": 51, "N_roi": 51, "N_inlier": 47, "refit": true}
{"timestamp": "20:02:28.905207", "frame": 32, "mu": [-0.9738250106902098, 2.547544238427513, 0.7979835452894202], "Sigma": [[0.016240551186888087, 0.003718148516735558, -0.01606519367805795], [0.003718148516735558, 0.006055586762718049, -0.007357791474304028], [-0.01606519367805795, -0.007357791474304028, 0.09684532278918731]], "chi2_level": 0.95, "chi2_df": 3, "chi2_threshold": 7.814727903251179, "N_raw": 103, "N_roi": 103, "N_inlier": 101, "refit": true}
{"timestamp": "20:02:28.962735", "frame": 33, "mu": [-0.9171057161122824, 2.7290652237697515, -0.46392302034860206], "Sigma": [[0.019336368037291427, 0.010038452927120713, -0.02000455186160839], [0.010038452927120713, 0.017227752272036448, -0.02755771918736049], [-0.02000455186160839, -0.02755771918736049, 0.048967795447430046]], "chi2_level": 0.95, "chi2_df": 3, "chi2_threshold": 7.814727903251179, "N_raw": 115, "N_roi": 115, "N_inlier": 110, "refit": true}
{"timestamp": "20:02:29.012704", "frame": 34, "mu": [-0.9499542669357162, 2.3968985641780844, 0.796972592276883], "Sigma": [[0.0136202430659293, 0.004738221939223844, -0.009490703081217612], [0.004738221939223844, 0.0029086950213898966, -0.006310780649140091], [-0.009490703081217612, -0.00631078064914009, 0.07093340113119738]], "chi2_level": 0.95, "chi2_df": 3, "chi2_threshold": 7.814727903251179, "N_raw": 82, "N_roi": 82, "N_inlier": 79, "refit": true}
{"timestamp": "20:02:29.060150", "frame": 35, "mu": [-0.9065896213284376, 2.336074485981954, 1.008037912735039], "Sigma": [[0.008352403563773137, -9.093152783211166e-05, -0.008177040226296046], [-9.093152783211172e-05, 0.0005948374930942363, 5.49340256963826e-05], [-0.008177040226296046, 5.49340256963826e-05, 0.03138830201160038]], "chi2_level": 0.95, "chi2_df": 3, "chi2_threshold": 7.814727903251179, "N_raw": 33, "N_roi": 31, "N_inlier": 26, "refit": true}
{"timestamp": "20:02:29.116838", "frame": 36, "mu": [-0.8613861078049114, 2.2969800452303644, 1.0822659640455348], "Sigma": [[0.01260375067976175, 0.004181913733735056, 0.008885283265181945], [0.004181913733735056, 0.002555306709916576, 0.0050295851827630985], [0.008885283265181945, 0.0050295851827630985, 0.03953949182677448]], "chi2_level": 0.95, "chi2_df": 3, "chi2_threshold": 7.814727903251179, "N_raw": 52, "N_roi": 52, "N_inlier": 47, "refit": true}
{"timestamp": "20:02:29.175307", "frame": 37, "mu": [-0.7534946344153787, 2.3003151849879306, 0.956200311574788], "Sigma": [[0.011063972824353644, 0.0015854446526883696, -0.009746359149487776], [0.0015854446526883696, 0.002005212475094495, -0.006047632694837951], [-0.009746359149487776, -0.006047632694837951, 0.02495531617058381]], "chi2_level": 0.95, "chi2_df": 3, "chi2_threshold": 7.814727903251179, "N_raw": 67, "N_roi": 64, "N_inlier": 63, "refit": true}
{"timestamp": "20:02:29.229593", "frame": 38, "mu": [-0.688820490367513, 2.270886196734493, 0.8216239301102071], "Sigma": [[0.008115710011565835, 0.0016608735076298453, 0.0007369097012560243], [0.0016608735076298453, 0.0015125127005790405, -0.0024724433476524255], [0.0007369097012560242, -0.0024724433476524255, 0.02250998445101061]], "chi2_level": 0.95, "chi2_df": 3, "chi2_threshold": 7.814727903251179, "N_raw": 61, "N_roi": 59, "N_inlier": 56, "refit": true}
{"timestamp": "20:02:29.289313", "frame": 39, "mu": [-0.6639027942201715, 2.190643201225804, 1.0117907670346071], "Sigma": [[0.01103064174405384, -0.00037784492303036103, -0.003909646980390124], [-0.00037784492303036103, 0.0015420631377485174, -0.006173812791839307], [-0.003909646980390124, -0.006173812791839306, 0.03407515717198391]], "chi2_level": 0.95, "chi2_df": 3, "chi2_threshold": 7.814727903251179, "N_raw": 88, "N_roi": 88, "N_inlier": 84, "refit": true}
{"timestamp": "20:02:29.346288", "frame": 40, "mu": [-0.6085948082814984, 2.3235486140501336, -0.498122687779562], "Sigma": [[0.01088407954749646, 0.0004369749334801905, -0.002331091378324269], [0.00043697493348019047, 0.005552495031098222, -0.01676833956332487], [-0.002331091378324269, -0.01676833956332487, 0.06425865368127595]], "chi2_level": 0.95, "chi2_df": 3, "chi2_threshold": 7.814727903251179, "N_raw": 108, "N_roi": 108, "N_inlier": 102, "refit": true}
{"timestamp": "20:02:29.402288", "frame": 41, "mu": [-0.5626961998364537, 2.071340389471311, -1.0947599186799717], "Sigma": [[0.010316382885545565, 0.0011388594220793503, 0.002598404914047514], [0.00113885942207935, 0.0033792220854331426, 0.0035122388002069805], [0.002598404914047514, 0.00351223880020698, 0.08151770879606862]], "chi2_level": 0.95, "chi2_df": 3, "chi2_threshold": 7.814727903251179, "N_raw": 117, "N_roi": 117, "N_inlier": 110, "refit": true}
{"timestamp": "20:02:29.455175", "frame": 42, "mu": [-0.5542941806728864, 2.1804902713331993, -0.1277023223165918], "Sigma": [[0.010872932118554305, -0.006996544378544684, 0.04933248301357442], [-0.006996544378544684, 0.010128092950999742, -0.05786161637943086], [0.04933248301357443, -0.05786161637943086, 0.4050237408914402]], "chi2_level": 0.95, "chi2_df": 3, "chi2_threshold": 7.814727903251179, "N_raw": 100, "N_roi": 100, "N_inlier": 96, "refit": true}
{"timestamp": "20:02:29.507740", "frame": 43, "mu": [-0.47570025976116115, 1.9863507424512497, 1.0305612886166928], "Sigma": [[0.012165203307260173, 0.0026614861373357567, 0.008736714759169375], [0.0026614861373357567, 0.0015122758431721816, 0.0013944665091678743], [0.008736714759169373, 0.0013944665091678741, 0.03780074029968268]], "chi2_level": 0.95, "chi2_df": 3, "chi2_threshold": 7.814727903251179, "N_raw": 75, "N_roi": 75, "N_inlier": 71, "refit": true}
{"timestamp": "20:02:29.560755", "frame": 44, "mu": [-0.40436036226057914, 1.9003707687702713, 1.0715756636231073], "Sigma": [[0.008797823859395695, 0.002785985660255617, 0.014240541805470979], [0.002785985660255617, 0.003021198743248868, 0.00878165983964045], [0.014240541805470977, 0.008781659839640448, 0.09127667830531538]], "chi2_level": 0.95, "chi2_df": 3, "chi2_threshold": 7.814727903251179, "N_raw": 59, "N_roi": 59, "N_inlier": 56, "refit": true}
{"timestamp": "20:02:29.619338", "frame": 45, "mu": [-0.35911944139555657, 1.845414773212323, 0.9801224037525756], "Sigma": [[0.010368298002200712, 0.003858234132473922, 0.008085002713481398], [0.003858234132473922, 0.0022497951866626833, 0.0029592257669308793], [0.0080850027134814, 0.00295922576693088, 0.06309033367499484]], "chi2_level": 0.95, "chi2_df": 3, "chi2_threshold": 7.814727903251179, "N_raw": 100, "N_roi": 100, "N_inlier": 91, "refit": true}
{"timestamp": "20:02:29.676531", "frame": 46, "mu": [-0.3350226845540962, 2.0007795504979025, -0.6231372880594606], "Sigma": [[0.011394926129643544, 0.00043162131992040097, 0.0024564169207443023], [0.0004316213199204009, 0.003821465668338823, -0.009076460876473352], [0.002456416920744302, -0.00907646087647335, 0.035001164535742445]], "chi2_level": 0.95, "chi2_df": 3, "chi2_threshold": 7.814727903251179, "N_raw": 101, "N_roi": 99, "N_inlier": 93, "refit": true}
{"timestamp": "20:02:29.722654", "frame": 47, "mu": [-0.26925473731899235, 1.7675301459587422, 0.7601626813681085], "Sigma": [[0.013750242054101603, 0.006282123411807979, -0.0013508551208274606], [0.006282123411807979, 0.003572037567116098, 0.0025634308729841314], [-0.001350855120827461, 0.0025634308729841314, 0.07076465909627624]], "chi2_level": 0.95, "chi2_df": 3, "chi2_threshold": 7.814727903251179, "N_raw": 50, "N_roi": 50, "N_inlier": 46, "refit": true}
{"timestamp": "20:02:29.791270", "frame": 48, "mu": [-0.3235010518957509, 1.5595640132834858, 0.674398245872128], "Sigma": [[0.010331632119445421, 0.005797779568462229, 0.009620331822528853], [0.00579777956846223, 0.013452978702107982, 0.03185203431310456], [0.009620331822528853, 0.03185203431310456, 0.12146428609395085]], "chi2_level": 0.95, "chi2_df": 3, "chi2_threshold": 7.814727903251179, "N_raw": 141, "N_roi": 141, "N_inlier": 137, "refit": true}
{"timestamp": "20:02:29.843596", "frame": 49, "mu": [-0.20870109857490346, 1.684314222127945, 1.1548337764436405], "Sigma": [[0.007537510776840868, 0.0011132692772185654, 0.005407383653012355], [0.0011132692772185657, 0.0028910468310419848, 0.0005360814795712696], [0.005407383653012354, 0.0005360814795712695, 0.06868759794904689]], "chi2_level": 0.95, "chi2_df": 3, "chi2_threshold": 7.814727903251179, "N_raw": 117, "N_roi": 117, "N_inlier": 106, "refit": true}
{"timestamp": "20:02:29.893947", "frame": 50, "mu": [-0.16620290934276571, 1.6146082853107333, 1.1283037750170695], "Sigma": [[0.007055038434066533, 0.002324595878312136, 0.009076929831472767], [0.002324595878312136, 0.002182820973458016, 0.002351519530190818], [0.009076929831472765, 0.002351519530190818, 0.04288218598616636]], "chi2_level": 0.95, "chi2_df": 3, "chi2_threshold": 7.814727903251179, "N_raw": 87, "N_roi": 87, "N_inlier": 83, "refit": true}
{"timestamp": "20:02:29.947780", "frame": 51, "mu": [-0.1026980996816509, 1.7238923243501179, -0.3906245687996329], "Sigma": [[0.014151637307302825, -0.0022484060989761785, 0.025957402413288744], [-0.002248406098976178, 0.004059004923514308, -0.003295865142851017], [0.025957402413288744, -0.0032958651428510177, 0.06367437659566713]], "chi2_level": 0.95, "chi2_df": 3, "chi2_threshold": 7.814727903251179, "N_raw": 81, "N_roi": 81, "N_inlier": 77, "refit": true}
{"timestamp": "20:02:29.997779", "frame": 52, "mu": [-0.01145396856001939, 1.5010455803268508, 1.3314847628300266], "Sigma": [[0.008639837809005143, 0.001589399390890055, 0.008255562848103516], [0.0015893993908900552, 0.0024265907848374344, 0.0011501001944123138], [0.008255562848103516, 0.0011501001944123138, 0.01539242724266914]], "chi2_level": 0.95, "chi2_df": 3, "chi2_threshold": 7.814727903251179, "N_raw": 49, "N_roi": 49, "N_inlier": 43, "refit": true}
{"timestamp": "20:02:30.061198", "frame": 53, "mu": [0.032662532968913034, 1.3692198130565005, 0.8338654004356314], "Sigma": [[0.009268212762115322, 0.0021135270688997605, -0.012128833497144305], [0.0021135270688997605, 0.004274156626618698, 0.0006944474243911249], [-0.012128833497144305, 0.0006944474243911252, 0.05921166295129918]], "chi2_level": 0.95, "chi2_df": 3, "chi2_threshold": 7.814727903251179, "N_raw": 110, "N_roi": 110, "N_inlier": 105, "refit": true}
{"timestamp": "20:02:30.118887", "frame": 54, "mu": [0.08180895482674957, 1.4020727816789509, 1.1293107991093736], "Sigma": [[0.004668208772522351, 0.0007012828028098216, -0.000475485947679046], [0.0007012828028098217, 0.0035147958914336307, 0.004052637341926679], [-0.00047548594767904634, 0.004052637341926679, 0.07561704136729125]], "chi2_level": 0.95, "chi2_df": 3, "chi2_threshold": 7.814727903251179, "N_raw": 123, "N_roi": 123, "N_inlier": 114, "refit": true}
{"timestamp": "20:02:30.168922", "frame": 55, "mu": [0.12643130756541152, 1.3514806296387203, 1.1814522296658287], "Sigma": [[0.004377279578590121, 0.003518039957112453, 0.008185225401623804], [0.003518039957112453, 0.009026200187718485, 0.01838120594409688], [0.008185225401623804, 0.01838120594409688, 0.0866766401873928]], "chi2_level": 0.95, "chi2_df": 3, "chi2_threshold": 7.814727903251179, "N_raw": 91, "N_roi": 91, "N_inlier": 86, "refit": true}
{"timestamp": "20:02:30.227596", "frame": 56, "mu": [0.0953270833716263, 1.3308374594507901, 1.1782061662786225], "Sigma": [[0.009197734465947955, 0.0020252130274743003, -0.0017344257450271424], [0.0020252130274743, 0.005852390701681715, -0.00016285913145339755], [-0.0017344257450271428, -0.00016285913145339733, 0.02827994038367536]], "chi2_level": 0.95, "chi2_df": 3, "chi2_threshold": 7.814727903251179, "N_raw": 110, "N_roi": 110, "N_inlier": 105, "refit": true}
{"timestamp": "20:02:30.278924", "frame": 57, "mu": [0.13926856527349118, 1.2226645797581333, 1.0368495677027092], "Sigma": [[0.004114388701423802, 0.0017652350815571729, -0.0011148516068080188], [0.0017652350815571729, 0.0012569859446735737, 0.0008902472666636549], [-0.0011148516068080186, 0.0008902472666636547, 0.02816890033093712]], "chi2_level": 0.95, "chi2_df": 3, "chi2_threshold": 7.814727903251179, "N_raw": 81, "N_roi": 81, "N_inlier": 76, "refit": true}
{"timestamp": "20:02:30.330730", "frame": 58, "mu": [0.21391803384560865, 1.2247455571398083, 1.3362871523126019], "Sigma": [[0.005400548893927777, -0.00036949772235628014, 0.002967132719408547], [-0.00036949772235628003, 0.0016694407986688412, -0.0017960300507307196], [0.002967132719408547, -0.0017960300507307196, 0.012855625897889373]], "chi2_level": 0.95, "chi2_df": 3, "chi2_threshold": 7.814727903251179, "N_raw": 64, "N_roi": 64, "N_inlier": 59, "refit": true}
{"timestamp": "20:02:30.387694", "frame": 59, "mu": [0.2946244108732596, 1.1357553542314458, 1.2060924551134815], "Sigma": [[0.008431249940172818, 0.003019567685101943, 0.021516314489776363], [0.0030195676851019434, 0.0036638702958628777, 0.011798321273842899], [0.02151631448977636, 0.011798321273842899, 0.10600711087741878]], "chi2_level": 0.95, "chi2_df": 3, "chi2_threshold": 7.814727903251179, "N_raw": 83, "N_roi": 83, "N_inlier": 78, "refit": true}
{"timestamp": "20:02:30.448185", "frame": 60, "mu": [0.30220339909678645, 1.0988531080155073, 1.1075773015876036], "Sigma": [[0.005244167613419222, 0.0023829153698333655, 0.01160897709016711], [0.0023829153698333655, 0.0034253446252755634, 0.009111620159396582], [0.01160897709016711, 0.009111620159396584, 0.07021622492641288]], "chi2_level": 0.95, "chi2_df": 3, "chi2_threshold": 7.814727903251179, "N_raw": 115, "N_roi": 115, "N_inlier": 105, "refit": true}
{"timestamp": "20:02:30.497120", "frame": 61, "mu": [0.3558230470842494, 1.0350043137158156, 1.2970140019341885], "Sigma": [[0.00360270802418619, 0.0008708705363481962, 0.003098479220238098], [0.0008708705363481962, 0.0016704955205112096, -0.00156615808274009], [0.003098479220238098, -0.00156615808274009, 0.014764042769043329]], "chi2_level": 0.95, "chi2_df": 3, "chi2_threshold": 7.814727903251179, "N_raw": 71, "N_roi": 71, "N_inlier": 64, "refit": true}
{"timestamp": "20:02:30.558595", "frame": 62, "mu": [0.407063418582238, 0.9916035347350091, 1.1981333020470637], "Sigma": [[0.00409594234353521, -0.0006986394872315723, 0.006173136951105266], [-0.0006986394872315722, 0.0019865727709087646, -0.000497811621414949], [0.006173136951105266, -0.0004978116214149487, 0.04932094098132439]], "chi2_level": 0.95, "chi2_df": 3, "chi2_threshold": 7.814727903251179, "N_raw": 120, "N_roi": 120, "N_inlier": 115, "refit": true}
{"timestamp": "20:02:30.610813", "frame": 63, "mu": [0.49946459335843346, 0.918905592204525, 1.2895128991391251], "Sigma": [[0.003927432778546893, 0.0003526549710017894, 0.0040760237867476035], [0.0003526549710017893, 0.004097117536558033, 0.003296688447172745], [0.0040760237867476035, 0.0032966884471727453, 0.04746466823981694]], "chi2_level": 0.95, "chi2_df": 3, "chi2_threshold": 7.814727903251179, "N_raw": 99, "N_roi": 99, "N_inlier": 97, "refit": true}
{"timestamp": "20:02:30.661669", "frame": 64, "mu": [0.49099742761809406, 1.045606720144559, -0.4859595361441175], "Sigma": [[0.00505039687921788, -0.0006893165450272376, 0.00522972325501863], [-0.0006893165450272376, 0.00568528520683305, -0.005845826318270235], [0.00522972325501863, -0.005845826318270234, 0.016919264200317398]], "chi2_level": 0.95, "chi2_df": 3, "chi2_threshold": 7.814727903251179, "N_raw": 71, "N_roi": 71, "N_inlier": 69, "refit": true}
{"timestamp": "20:02:30.710221", "frame": 65, "mu": [0.5435618800828591, 0.8152996517390636, 1.4183959589306394], "Sigma": [[0.002265064130684467, 0.00022681482914788147, -0.0024633561993164066], [0.00022681482914788147, 0.0012192001909680685, 0.0016462921204542453], [-0.0024633561993164066, 0.0016462921204542455, 0.020656878158172777]], "chi2_level": 0.95, "chi2_df": 3, "chi2_threshold": 7.814727903251179, "N_raw": 30, "N_roi": 30, "N_inlier": 25, "refit": true}
{"timestamp": "20:02:30.762155", "frame": 66, "mu": [0.5718799088202965, 0.7580776153432938, 1.1942115277848222], "Sigma": [[0.009549956949909169, 0.004609369947104253, 0.0208337945006635], [0.004609369947104253, 0.004733480703917319, 0.012270927694831207], [0.0208337945006635, 0.012270927694831209, 0.09863668725562036]], "chi2_level": 0.95, "chi2_df": 3, "chi2_threshold": 7.814727903251179, "N_raw": 10, "N_roi": 10, "N_inlier": 10, "refit": true}
{"timestamp": "20:02:30.819497", "frame": 67, "mu": [0.6296171457959449, 0.7437550623147452, 1.458316552739089], "Sigma": [[0.0012368014738888507, 0.00019157690798497762, -0.00018217446949358857], [0.00019157690798497762, 0.0009274793591133483, 0.0007906096591443932], [-0.00018217446949358852, 0.0007906096591443932, 0.01591342781700002]], "chi2_level": 0.95, "chi2_df": 3, "chi2_threshold": 7.814727903251179, "N_raw": 22, "N_roi": 22, "N_inlier": 18, "refit": true}
{"timestamp": "20:02:30.874759", "frame": 68, "mu": [0.6670953954166533, 0.7274684947699231, 1.3702876649434963], "Sigma": [[0.0019652162711104237, 0.0011362489025610613, -0.0013951643226474562], [0.0011362489025610613, 0.0018597135708889711, -0.0022253266186684495], [-0.0013951643226474564, -0.0022253266186684495, 0.005422302576744882]], "chi2_level": 0.95, "chi2_df": 3, "chi2_threshold": 7.814727903251179, "N_raw": 39, "N_roi": 39, "N_inlier": 37, "refit": true}
{"timestamp": "20:02:30.983977", "frame": 70, "mu": [0.7143847841703277, 0.6831563185043804, 1.4338749717831387], "Sigma": [[0.002340568150456264, -6.0239492413769574e-05, -0.001446226403407326], [-6.0239492413769574e-05, 0.0011083012722670222, -0.0010092179695652876], [-0.0014462264034073259, -0.0010092179695652876, 0.0022017606005631544]], "chi2_level": 0.95, "chi2_df": 3, "chi2_threshold": 7.814727903251179, "N_raw": 32, "N_roi": 32, "N_inlier": 30, "refit": true}
{"timestamp": "20:02:31.039393", "frame": 71, "mu": [0.7455989794948855, 0.7618434003729647, -0.5546735035898553], "Sigma": [[0.004456006079492336, 0.0006141993130283163, -0.01312128582464151], [0.0006141993130283163, 0.0018690679662012868, -0.0035507686102096018], [-0.01312128582464151, -0.0035507686102096018, 0.07070384386011144]], "chi2_level": 0.95, "chi2_df": 3, "chi2_threshold": 7.814727903251179, "N_raw": 33, "N_roi": 33, "N_inlier": 29, "refit": true}
