{"timestamp": "20:14:36.730126", "frame": 28, "mu": [0.054360664325598836, 0.32901475226987376, -0.6961124524618028], "Sigma": [[0.3083508887807091, -0.031276271111615205, 0.1247911523155443], [-0.0312762711116152, 0.029055805288999682, -0.09311482477676326], [0.12479115231554429, -0.09311482477676325, 0.3147730014565231]], "chi2_level": 0.95, "chi2_df": 3, "chi2_threshold": 7.814727903251179, "N_raw": 19, "N_roi": 19, "N_inlier": 18, "refit": true}
{"timestamp": "20:14:36.788687", "frame": 29, "mu": [-0.24254995028027687, 0.22622259030178513, -0.3995791547015187], "Sigma": [[0.22687230959945753, 0.0014461987221139254, 0.0012199166760111175], [0.0014461987221139263, 0.0015647304835400152, -0.0016415618222396285], [0.001219916676011117, -0.0016415618222396285, 0.003612718044891598]], "chi2_level": 0.95, "chi2_df": 3, "chi2_threshold": 7.814727903251179, "N_raw": 43, "N_roi": 43, "N_inlier": 40, "refit": true}
{"timestamp": "20:14:36.845778", "frame": 30, "mu": [-0.43956078650814867, 0.40939722057836936, -0.47132843223856913], "Sigma": [[0.0011530021618004782, -0.00031090929160065714, 0.00032719508277641486], [-0.0003109092916006572, 0.0012021130829988154, -0.0018114870565402853], [0.0003271950827764149, -0.0018114870565402853, 0.0036430056055442254]], "chi2_level": 0.95, "chi2_df": 3, "chi2_threshold": 7.814727903251179, "N_raw": 49, "N_roi": 49, "N_inlier": 43, "refit": true}
{"timestamp": "20:14:36.903720", "frame": 31, "mu": [-0.5714029793761286, 0.1863059649868148, 1.5957333930929851], "Sigma": [[0.003948699664074195, 0.0019779488145108327, -0.0005187508354465369], [0.001977948814510833, 0.002321273328678226, -0.0027087190910085575], [-0.0005187508354465372, -0.0027087190910085575, 0.006419212571691753]], "chi2_level": 0.95, "chi2_df": 3, "chi2_threshold": 7.814727903251179, "N_raw": 56, "N_roi": 56, "N_inlier": 48, "refit": true}
{"timestamp": "20:14:36.953640", "frame": 32, "mu": [-0.576676705127976, 0.2562852494325946, 1.4175904363479912], "Sigma": [[0.007121224628038718, 0.003782565980842558, -0.013879030932932957], [0.003782565980842558, 0.0028913586481641882, -0.004921329219431357], [-0.013879030932932957, -0.004921329219431357, 0.2089400448906885]], "chi2_level": 0.95, "chi2_df": 3, "chi2_threshold": 7.814727903251179, "N_raw": 32, "N_roi": 32, "N_inlier": 29, "refit": true}
{"timestamp": "20:14:37.009457", "frame": 33, "mu": [-0.4834844540150088, 0.34304259867927056, 1.3867300941368224], "Sigma": [[0.012264295802919071, 0.004191144789543386, -0.01552026231181114], [0.004191144789543387, 0.002036143762110968, -0.006337366982669263], [-0.01552026231181114, -0.0063373669826692625, 0.02695022884028175]], "chi2_level": 0.95, "chi2_df": 3, "chi2_threshold": 7.814727903251179, "N_raw": 36, "N_roi": 36, "N_inlier": 32, "refit": true}
{"timestamp": "20:14:37.073593", "frame": 34, "mu": [-0.5138691051279692, 0.5213378842603181, -0.4028748001332784], "Sigma": [[0.008451317873259277, 0.00562514803089111, -0.008468056322226233], [0.005625148030891111, 0.00846053349602847, -0.012233094643899692], [-0.008468056322226233, -0.012233094643899694, 0.019218386895129412]], "chi2_level": 0.95, "chi2_df": 3, "chi2_threshold": 7.814727903251179, "N_raw": 92, "N_roi": 92, "N_inlier": 90, "refit": true}
{"timestamp": "20:14:37.122083", "frame": 35, "mu": [-0.5629068671307198, 0.40933983837804794, 1.556107127659617], "Sigma": [[0.014933176980544279, 0.004289085935451642, -0.013721601304966524], [0.004289085935451641, 0.0023493341888950656, -0.006240638804896422], [-0.013721601304966524, -0.006240638804896422, 0.023188521350118833]], "chi2_level": 0.95, "chi2_df": 3, "chi2_threshold": 7.814727903251179, "N_raw": 55, "N_roi": 55, "N_inlier": 52, "refit": true}
{"timestamp": "20:14:37.177675", "frame": 36, "mu": [-0.43456071908882893, 0.454097906374986, 1.4111398644776134], "Sigma": [[0.0012581927987330972, 0.00015314874664270885, -0.0009136823349966123], [0.00015314874664270885, 0.0008348836730921268, -0.0026292619957967874], [-0.0009136823349966123, -0.0026292619957967874, 0.010302239910624287]], "chi2_level": 0.95, "chi2_df": 3, "chi2_threshold": 7.814727903251179, "N_raw": 60, "N_roi": 60, "N_inlier": 54, "refit": true}
{"timestamp": "20:14:37.226927", "frame": 37, "mu": [-0.5951763632034234, 0.5290181708369023, 1.3136663266774304], "Sigma": [[0.01858023162420836, 0.008934724938442207, -0.028535437521788616], [0.008934724938442207, 0.0293602062311248, -0.09035786847296032], [-0.028535437521788616, -0.09035786847296033, 0.29153730111371984]], "chi2_level": 0.95, "chi2_df": 3, "chi2_threshold": 7.814727903251179, "N_raw": 19, "N_roi": 19, "N_inlier": 18, "refit": true}
{"timestamp": "20:14:37.288913", "frame": 38, "mu": [-0.4189002907468235, 0.7312900503585396, -0.5508528258739835], "Sigma": [[0.0022477672962809693, -0.001125159890036427, 0.0009879765466196976], [-0.001125159890036427, 0.003727805077906197, -0.0035136618910763173], [0.0009879765466196976, -0.0035136618910763173, 0.0036886769738434157]], "chi2_level": 0.95, "chi2_df": 3, "chi2_threshold": 7.814727903251179, "N_raw": 67, "N_roi": 67, "N_inlier": 67, "refit": true}
{"timestamp": "20:14:37.349010", "frame": 39, "mu": [-0.43312504516259365, 0.7746872073751068, -0.5103061730270235], "Sigma": [[0.01772392815737519, 0.008161715146573083, -0.010473716629693758], [0.008161715146573083, 0.008976490155316638, -0.0118861458779115], [-0.010473716629693758, -0.0118861458779115, 0.01738566208204806]], "chi2_level": 0.95, "chi2_df": 3, "chi2_threshold": 7.814727903251179, "N_raw": 98, "N_roi": 98, "N_inlier": 93, "refit": true}
{"timestamp": "20:14:37.396594", "frame": 40, "mu": [-0.41867773272146824, 0.6546396192193397, 1.2567198364961782], "Sigma": [[0.001999921254365551, -0.00034757327475211017, -0.00014047179709679957], [-0.0003475732747521102, 0.001950427951174809, -0.001112446257199331], [-0.00014047179709679957, -0.001112446257199331, 0.0010369930580956448]], "chi2_level": 0.95, "chi2_df": 3, "chi2_threshold": 7.814727903251179, "N_raw": 40, "N_roi": 40, "N_inlier": 39, "refit": true}
{"timestamp": "20:14:37.455582", "frame": 41, "mu": [-0.3552636481782465, 0.7507023316469117, -0.7050986107690899], "Sigma": [[0.003029496408254141, 0.0011520285360757927, 0.00602476409327996], [0.001152028536075793, 0.011308374114098524, -0.003584433769154175], [0.00602476409327996, -0.003584433769154175, 0.11739078783952148]], "chi2_level": 0.95, "chi2_df": 3, "chi2_threshold": 7.814727903251179, "N_raw": 81, "N_roi": 81, "N_inlier": 74, "refit": true}
{"timestamp": "20:14:37.513633", "frame": 42, "mu": [-0.3570647610917689, 0.8611353196972555, -0.2829493375744989], "Sigma": [[0.004748677602608283, -0.0008636670110095512, 0.03281304474539897], [-0.0008636670110095511, 0.01302678437636999, -0.052264542766651365], [0.03281304474539898, -0.05226454276665137, 0.5128088306780406]], "chi2_level": 0.95, "chi2_df": 3, "chi2_threshold": 7.814727903251179, "N_raw": 93, "N_roi": 90, "N_inlier": 89, "refit": true}
{"timestamp": "20:14:37.563160", "frame": 43, "mu": [-0.4358631142053239, 0.8074937920210787, 1.4894702497039476], "Sigma": [[0.006043335965175002, 0.0004518237204137049, -0.008558084506428355], [0.000451823720413705, 0.002444734062380598, -0.0018206872210224617], [-0.008558084506428355, -0.0018206872210224617, 0.029129790944757667]], "chi2_level": 0.95, "chi2_df": 3, "chi2_threshold": 7.814727903251179, "N_raw": 58, "N_roi": 57, "N_inlier": 51, "refit": true}
{"timestamp": "20:14:37.615200", "frame": 44, "mu": [-0.4015807762878078, 1.0567300885999102, -0.6878505898623567], "Sigma": [[0.007304780887367814, 0.004589838668116389, -0.014844063134795249], [0.004589838668116389, 0.004950820811745045, -0.01476983060913244], [-0.014844063134795249, -0.01476983060913244, 0.04884847944155104]], "chi2_level": 0.95, "chi2_df": 3, "chi2_threshold": 7.814727903251179, "N_raw": 35, "N_roi": 33, "N_inlier": 30, "refit": true}
{"timestamp": "20:14:37.682712", "frame": 45, "mu": [-0.40852569558839863, 1.0485115039033301, -0.43762575235735646], "Sigma": [[0.004940480242482615, -0.001713240874120124, 0.005541341196187729], [-0.001713240874120124, 0.0178581012839706, -0.018015114805948654], [0.005541341196187729, -0.018015114805948654, 0.045701856061482596]], "chi2_level": 0.95, "chi2_df": 3, "chi2_threshold": 7.814727903251179, "N_raw": 117, "N_roi": 115, "N_inlier": 107, "refit": true}
{"timestamp": "20:14:37.734471", "frame": 46, "mu": [-0.38688997986285517, 0.9728525186301757, 1.3593225675822556], "Sigma": [[0.005519560473097435, -0.0016260762083275461, -0.015487459442805804], [-0.0016260762083275461, 0.004914949159468371, 0.007407541143211427], [-0.015487459442805804, 0.007407541143211426, 0.07877026334706302]], "chi2_level": 0.95, "chi2_df": 3, "chi2_threshold": 7.814727903251179, "N_raw": 100, "N_roi": 100, "N_inlier": 95, "refit": true}
{"timestamp": "20:14:37.786535", "frame": 47, "mu": [-0.4031876643211445, 1.1983548701125297, -0.4330861772375555], "Sigma": [[0.003970091637864594, 7.48697096342333e-05, -0.008330796456494389], [7.48697096342334e-05, 0.01521351064169854, -0.03064403409343977], [-0.008330796456494389, -0.030644034093439767, 0.1392819611577998]], "chi2_level": 0.95, "chi2_df": 3, "chi2_threshold": 7.814727903251179, "N_raw": 75, "N_roi": 75, "N_inlier": 72, "refit": true}
{"timestamp": "20:14:37.844237", "frame": 48, "mu": [-0.38075757727489684, 1.0349722943448854, 1.1313289029997498], "Sigma": [[0.005452222484007452, -0.0018171155901456346, -0.019261671420109698], [-0.0018171155901456348, 0.005314580768431594, 0.0066786470657355605], [-0.019261671420109695, 0.0066786470657355605, 0.15814838713110055]], "chi2_level": 0.95, "chi2_df": 3, "chi2_threshold": 7.814727903251179, "N_raw": 94, "N_roi": 94, "N_inlier": 88, "refit": true}
{"timestamp": "20:14:37.900660", "frame": 49, "mu": [-0.42355444819886007, 1.13461489416742, 1.3512205163803246], "Sigma": [[0.0067484326849212165, -0.001911989716478941, -0.012381191458317805], [-0.0019119897164789406, 0.003930061055447078, 0.0045772678048210565], [-0.012381191458317805, 0.0045772678048210565, 0.06872388316536056]], "chi2_level": 0.95, "chi2_df": 3, "chi2_threshold": 7.814727903251179, "N_raw": 104, "N_roi": 104, "N_inlier": 101, "refit": true}
{"timestamp": "20:14:37.950273", "frame": 50, "mu": [-0.42753511892260554, 1.179637493017978, 1.408215434974184], "Sigma": [[0.004807812067382092, -0.00028315732556838424, -0.008054272508996055], [-0.0002831573255683842, 0.0028852932412920056, -0.0033448854839910874], [-0.008054272508996053, -0.0033448854839910874, 0.044885981325032756]], "chi2_level": 0.95, "chi2_df": 3, "chi2_threshold": 7.814727903251179, "N_raw": 74, "N_roi": 72, "N_inlier": 70, "refit": true}
{"timestamp": "20:14:38.015195", "frame": 51, "mu": [-0.39190540707838206, 1.2041268404609773, 1.1508758270164476], "Sigma": [[0.006271187935738786, 0.0007333188000255058, -0.008283165045254021], [0.0007333188000255058, 0.0015488361437191013, 0.00014920269862939194], [-0.008283165045254023, 0.00014920269862939172, 0.0669463642577155]], "chi2_level": 0.95, "chi2_df": 3, "chi2_threshold": 7.814727903251179, "N_raw": 132, "N_roi": 132, "N_inlier": 129, "refit": true}
{"timestamp": "20:14:38.065147", "frame": 52, "mu": [-0.4041820898219344, 1.231184518168869, 1.169220328132111], "Sigma": [[0.0046001488535062545, -0.00017302657184894207, -0.0031903475635175023], [-0.00017302657184894212, 0.0034625934966450445, 0.0021836192062966065], [-0.0031903475635175023, 0.0021836192062966065, 0.03536810290499703]], "chi2_level": 0.95, "chi2_df": 3, "chi2_threshold": 7.814727903251179, "N_raw": 99, "N_roi": 99, "N_inlier": 90, "refit": true}
{"timestamp": "20:14:38.119532", "frame": 53, "mu": [-0.4169398664967303, 1.340224546048986, 1.3045159684651522], "Sigma": [[0.004906012377599933, -0.00042911820348297096, -0.0018985186055887676], [-0.00042911820348297096, 0.002780725161964449, -0.0056231176950928986], [-0.0018985186055887676, -0.0056231176950928986, 0.025352573280709573]], "chi2_level": 0.95, "chi2_df": 3, "chi2_threshold": 7.814727903251179, "N_raw": 97, "N_roi": 97, "N_inlier": 94, "refit": true}
{"timestamp": "20:14:38.178731", "frame": 54, "mu": [-0.4315527867494999, 1.421614252540304, 0.12604509732764788], "Sigma": [[0.006333987434270236, -0.0009099141288459723, 0.045024923007852366], [-0.0009099141288459723, 0.006936358548967527, -0.007644560302474915], [0.045024923007852366, -0.007644560302474915, 0.5735914455987126]], "chi2_level": 0.95, "chi2_df": 3, "chi2_threshold": 7.814727903251179, "N_raw": 127, "N_roi": 127, "N_inlier": 123, "refit": true}
{"timestamp": "20:14:38.234699", "frame": 55, "mu": [-0.4063264808328481, 1.4493118039310864, -0.802080249432826], "Sigma": [[0.008242045788149863, -0.00019521739382653093, -0.010208694397643443], [-0.00019521739382653093, 0.004225954489537537, 0.001432838575314739], [-0.010208694397643443, 0.001432838575314739, 0.20272176821275553]], "chi2_level": 0.95, "chi2_df": 3, "chi2_threshold": 7.814727903251179, "N_raw": 133, "N_roi": 133, "N_inlier": 124, "refit": true}
{"timestamp": "20:14:38.292482", "frame": 56, "mu": [-0.43982003026498184, 1.497362657457852, 1.0180823729939024], "Sigma": [[0.00848219592876088, -0.0005370506155179134, 0.002828259066258129], [-0.0005370506155179135, 0.005557251674490491, 0.016914536598075493], [0.0028282590662581306, 0.016914536598075493, 0.4287936920432719]], "chi2_level": 0.95, "chi2_df": 3, "chi2_threshold": 7.814727903251179, "N_raw": 149, "N_roi": 149, "N_inlier": 148, "refit": true}
{"timestamp": "20:14:38.346223", "frame": 57, "mu": [-0.39417959608279507, 1.57139322392936, 0.911857883804966], "Sigma": [[0.01123670717078587, -0.005459156862634508, 0.009093929303963296], [-0.005459156862634508, 0.010285149546436046, -0.004469854026912922], [0.009093929303963296, -0.004469854026912923, 0.31756995359764734]], "chi2_level": 0.95, "chi2_df": 3, "chi2_threshold": 7.814727903251179, "N_raw": 137, "N_roi": 137, "N_inlier": 133, "refit": true}
{"timestamp": "20:14:38.393756", "frame": 58, "mu": [-0.43342155168426066, 1.568835431755796, 1.2418444924068692], "Sigma": [[0.0073926885158855935, 0.0002375986908169101, 0.005866581370058256], [0.00023759869081691008, 0.004606792302649242, 0.0012592140091836493], [0.005866581370058256, 0.0012592140091836495, 0.03556241240630678]], "chi2_level": 0.95, "chi2_df": 3, "chi2_threshold": 7.814727903251179, "N_raw": 93, "N_roi": 93, "N_inlier": 88, "refit": true}
{"timestamp": "20:14:38.444340", "frame": 59, "mu": [-0.4311008561833939, 1.7383633852749527, -0.7403943157612957], "Sigma": [[0.00526163413571809, 0.0036305990871692, -0.005360737439589017], [0.0036305990871692, 0.02525707031298223, -0.06470255628838173], [-0.005360737439589017, -0.06470255628838173, 0.223109802901281]], "chi2_level": 0.95, "chi2_df": 3, "chi2_threshold": 7.814727903251179, "N_raw": 62, "N_roi": 62, "N_inlier": 59, "refit": true}
{"timestamp": "20:14:38.503780", "frame": 60, "mu": [-0.43272922074667675, 1.835763997160695, -0.297311897477637], "Sigma": [[0.008462020132987259, -0.0013724606261197418, 0.007060569595652258], [-0.0013724606261197418, 0.005405941972739003, -0.010311471144577642], [0.007060569595652258, -0.010311471144577642, 0.03289327021279341]], "chi2_level": 0.95, "chi2_df": 3, "chi2_threshold": 7.814727903251179, "N_raw": 95, "N_roi": 95, "N_inlier": 88, "refit": true}
{"timestamp": "20:14:38.561437", "frame": 61, "mu": [-0.43787498765074667, 1.7607645556812388, 1.2057622117579445], "Sigma": [[0.010405620095122676, 0.00035569781641265025, 0.007980501776803789], [0.0003556978164126502, 0.001548178336021467, 0.0010327615113335136], [0.007980501776803789, 0.0010327615113335138, 0.06560152369309818]], "chi2_level": 0.95, "chi2_df": 3, "chi2_threshold": 7.814727903251179, "N_raw": 111, "N_roi": 111, "N_inlier": 106, "refit": true}
{"timestamp": "20:14:38.608544", "frame": 62, "mu": [-0.4701913070958283, 1.8416684494045743, -0.9703093815426317], "Sigma": [[0.006485538064717814, 0.007521653115081298, 0.016119153731267995], [0.007521653115081298, 0.019304459613621705, 0.026958807545401694], [0.016119153731267995, 0.02695880754540169, 0.07759166220046176]], "chi2_level": 0.95, "chi2_df": 3, "chi2_threshold": 7.814727903251179, "N_raw": 55, "N_roi": 55, "N_inlier": 52, "refit": true}
{"timestamp": "20:14:38.666816", "frame": 63, "mu": [-0.521862427576873, 1.7461631768506152, 0.6519446792981539], "Sigma": [[0.007191904280129336, 0.0025022492799687815, 0.004277887451341651], [0.002502249279968782, 0.02512236984033859, 0.04921504060247994], [0.004277887451341651, 0.04921504060247994, 0.1279528629957577]], "chi2_level": 0.95, "chi2_df": 3, "chi2_threshold": 7.814727903251179, "N_raw": 87, "N_roi": 87, "N_inlier": 82, "refit": true}
{"timestamp": "20:14:38.730107", "frame": 64, "mu": [-0.46320621342220547, 1.8784625459242872, 0.8383315184265817], "Sigma": [[0.010175373760777163, 0.003961871769888484, -0.005152507995904989], [0.003961871769888484, 0.00821648050900099, 0.023525811389236897], [-0.005152507995904988, 0.023525811389236893, 0.29739743838963223]], "chi2_level": 0.95, "chi2_df": 3, "chi2_threshold": 7.814727903251179, "N_raw": 136, "N_roi": 136, "N_inlier": 126, "refit": true}
{"timestamp": "20:14:38.778859", "frame": 65, "mu": [-0.48345592314401015, 1.9830563016586131, 0.9753048344591146], "Sigma": [[0.011505791659096305, 0.005464952288092973, 0.018591742667501708], [0.005464952288092973, 0.00634547068987361, 0.019647854704904457], [0.018591742667501708, 0.019647854704904457, 0.14602053230957107]], "chi2_level": 0.95, "chi2_df": 3, "chi2_threshold": 7.814727903251179, "N_raw": 91, "N_roi": 91, "N_inlier": 87, "refit": true}
{"timestamp": "20:14:38.838284", "frame": 66, "mu": [-0.4619570694427853, 1.990900023202291, 0.9855047027106272], "Sigma": [[0.01388207814106547, 0.009436049521524, 0.03235246832518976], [0.009436049521524, 0.018704876335657088, 0.05041615309273603], [0.03235246832518976, 0.05041615309273603, 0.2525745236425126]], "chi2_level": 0.95, "chi2_df": 3, "chi2_threshold": 7.814727903251179, "N_raw": 124, "N_roi": 124, "N_inlier": 119, "refit": true}
{"timestamp": "20:14:38.892723", "frame": 67, "mu": [-0.4645449186693471, 2.061855853234289, 0.6321965409218107], "Sigma": [[0.013152180550116844, 0.0022164933892233826, 0.012620962151177454], [0.0022164933892233826, 0.00261071422888643, 0.023123855393638995], [0.012620962151177454, 0.023123855393638995, 0.40470541304403934]], "chi2_level": 0.95, "chi2_df": 3, "chi2_threshold": 7.814727903251179, "N_raw": 123, "N_roi": 123, "N_inlier": 121, "refit": true}
{"timestamp": "20:14:38.947363", "frame": 68, "mu": [-0.43861581740081423, 2.1034303151656735, 0.6873490977722573], "Sigma": [[0.011978384358648538, -0.0009037209907108171, 0.008460284435619551], [-0.0009037209907108171, 0.003495905759567686, 0.01686070064694325], [0.008460284435619553, 0.01686070064694325, 0.6078279474615835]], "chi2_level": 0.95, "chi2_df": 3, "chi2_threshold": 7.814727903251179, "N_raw": 111, "N_roi": 111, "N_inlier": 109, "refit": true}
{"timestamp": "20:14:39.002147", "frame": 69, "mu": [-0.4382289084807422, 2.5061274532365307, -0.926613625837147], "Sigma": [[0.015228844454175295, 0.0009399888907745318, -0.008461689136064432], [0.0009399888907745312, 0.0349130405890645, -0.10611883315196427], [-0.008461689136064432, -0.10611883315196428, 0.4406429652367579]], "chi2_level": 0.95, "chi2_df": 3, "chi2_threshold": 7.814727903251179, "N_raw": 110, "N_roi": 110, "N_inlier": 109, "refit": true}
{"timestamp": "20:14:39.062149", "frame": 70, "mu": [-0.42717671287397047, 2.235369578505341, 0.5599877968007206], "Sigma": [[0.01562708377613797, 0.00038428752363770414, 0.017778225971607366], [0.00038428752363770435, 0.004078657343577637, 0.006911698389571851], [0.017778225971607366, 0.006911698389571852, 0.4824645505629461]], "chi2_level": 0.95, "chi2_df": 3, "chi2_threshold": 7.814727903251179, "N_raw": 149, "N_roi": 149, "N_inlier": 149, "refit": true}
{"timestamp": "20:14:39.111102", "frame": 71, "mu": [-0.4339970007283467, 2.264644981548889, 0.5611140318894859], "Sigma": [[0.012254204620365432, -0.002268849021812001, -0.025656092648982925], [-0.0022688490218120004, 0.010046731223788739, 0.01377846044593263], [-0.025656092648982925, 0.01377846044593263, 0.5238161305443794]], "chi2_level": 0.95, "chi2_df": 3, "chi2_threshold": 7.814727903251179, "N_raw": 110, "N_roi": 110, "N_inlier": 108, "refit": true}
{"timestamp": "20:14:39.168829", "frame": 72, "mu": [-0.3858072183506562, 2.102503848538944, 0.5607469622320943], "Sigma": [[0.013173691661045381, 0.01252223461725143, -0.01941970707928113], [0.01252223461725143, 0.30149018231820734, 0.3857164677913199], [-0.01941970707928113, 0.38571646779131996, 0.7964602760454575]], "chi2_level": 0.95, "chi2_df": 3, "chi2_threshold": 7.814727903251179, "N_raw": 127, "N_roi": 127, "N_inlier": 122, "refit": true}
{"timestamp": "20:14:39.223841", "frame": 73, "mu": [-0.4369255775403032, 2.6277879866090554, -0.838470376009587], "Sigma": [[0.014270457986731268, 0.0029446056666339385, -0.01051309803715424], [0.0029446056666339376, 0.02260136306213263, -0.09913409836437156], [-0.01051309803715424, -0.09913409836437156, 0.5288042480126562]], "chi2_level": 0.95, "chi2_df": 3, "chi2_threshold": 7.814727903251179, "N_raw": 120, "N_roi": 120, "N_inlier": 119, "refit": true}
{"timestamp": "20:14:39.273739", "frame": 74, "mu": [-0.4302761734630096, 2.363306422820421, 1.0187468162585807], "Sigma": [[0.01646558868600569, -0.008147897647318209, -0.04553293110716781], [-0.008147897647318209, 0.01651138706828245, 0.0534867120845275], [-0.04553293110716781, 0.0534867120845275, 0.2638309166543579]], "chi2_level": 0.95, "chi2_df": 3, "chi2_threshold": 7.814727903251179, "N_raw": 93, "N_roi": 93, "N_inlier": 86, "refit": true}
{"timestamp": "20:14:39.328848", "frame": 75, "mu": [-0.46007941897792476, 1.7606080758815523, -0.11535102175047571], "Sigma": [[0.019728064347642585, 0.08600181931735065, 0.07249386410449064], [0.08600181931735065, 0.910428080159844, 0.8523269042965963], [0.07249386410449064, 0.8523269042965964, 0.939051677395056]], "chi2_level": 0.95, "chi2_df": 3, "chi2_threshold": 7.814727903251179, "N_raw": 89, "N_roi": 89, "N_inlier": 88, "refit": true}
{"timestamp": "20:14:39.383952", "frame": 76, "mu": [-0.460991203317636, 2.7545752117970927, -0.23068430569147114], "Sigma": [[0.017691466360015458, 0.007459147905295798, -0.012918670036347443], [0.007459147905295798, 0.009823459875781577, -0.018886493397170852], [-0.012918670036347443, -0.018886493397170852, 0.04546266801912552]], "chi2_level": 0.95, "chi2_df": 3, "chi2_threshold": 7.814727903251179, "N_raw": 89, "N_roi": 89, "N_inlier": 85, "refit": true}
{"timestamp": "20:14:39.438710", "frame": 77, "mu": [-0.42211682768726183, 2.609984359543097, 0.7387241979262823], "Sigma": [[0.01804836863766477, 0.004018077136578724, 0.029022325361394152], [0.004018077136578724, 0.004615925483191652, 0.030535195768140375], [0.029022325361394152, 0.030535195768140375, 0.6135596820320034]], "chi2_level": 0.95, "chi2_df": 3, "chi2_threshold": 7.814727903251179, "N_raw": 93, "N_roi": 93, "N_inlier": 91, "refit": true}
{"timestamp": "20:14:39.488464", "frame": 78, "mu": [-0.5054386584445377, 2.697062507374298, 1.385655748832426], "Sigma": [[0.013512119369581915, 0.0014234240803429428, -0.006726989046212768], [0.0014234240803429428, 0.003981705302258831, -0.003866592443693121], [-0.006726989046212769, -0.0038665924436931207, 0.008105537466460862]], "chi2_level": 0.95, "chi2_df": 3, "chi2_threshold": 7.814727903251179, "N_raw": 59, "N_roi": 59, "N_inlier": 55, "refit": true}
{"timestamp": "20:14:39.549756", "frame": 79, "mu": [-0.3980554993941458, 2.946578128797069, -0.4708540415272916], "Sigma": [[0.017823753163776213, 0.010183793585400051, -0.04309153235651656], [0.010183793585400053, 0.03871883292715961, -0.1397493769657546], [-0.043091532356516554, -0.13974937696575457, 0.5614014499758194]], "chi2_level": 0.95, "chi2_df": 3, "chi2_threshold": 7.814727903251179, "N_raw": 102, "N_roi": 102, "N_inlier": 101, "refit": true}
{"timestamp": "20:14:39.607545", "frame": 80, "mu": [-0.43234672006179653, 2.7733642489114594, -0.6733786889577442], "Sigma": [[0.028717735781999078, -0.0058097423703856056, 0.055968716488164885], [-0.0058097423703856056, 0.005786327883363287, -0.006716352630361645], [0.05596871648816488, -0.006716352630361645, 0.5873812614747278]], "chi2_level": 0.95, "chi2_df": 3, "chi2_threshold": 7.814727903251179, "N_raw": 113, "N_roi": 113, "N_inlier": 112, "refit": true}
{"timestamp": "20:14:39.660603", "frame": 81, "mu": [-0.491751806422047, 2.854858995530661, 1.0392142254230738], "Sigma": [[0.015951614886184882, -0.0008443375729389174, 0.010970950472958653], [-0.0008443375729389174, 0.003662246291988328, -0.016052650047300228], [0.010970950472958655, -0.016052650047300228, 0.16664851360201569]], "chi2_level": 0.95, "chi2_df": 3, "chi2_threshold": 7.814727903251179, "N_raw": 104, "N_roi": 104, "N_inlier": 101, "refit": true}
{"timestamp": "20:14:39.709578", "frame": 82, "mu": [-0.4628426111584633, 2.8505193563205795, 1.0237125205440447], "Sigma": [[0.011398366583702428, -0.0013444772941762278, -0.017820534791605735], [-0.0013444772941762278, 0.009532797996495888, 0.0413884423710577], [-0.017820534791605735, 0.0413884423710577, 0.4908439681500795]], "chi2_level": 0.95, "chi2_df": 3, "chi2_threshold": 7.814727903251179, "N_raw": 66, "N_roi": 66, "N_inlier": 63, "refit": true}
{"timestamp": "20:14:39.766978", "frame": 83, "mu": [-0.6076392977186698, 3.0467642178429934, 0.4648833801836909], "Sigma": [[0.030484437839763817, -0.01300403116574877, 0.05543476045149731], [-0.013004031165748772, 0.01813970359390128, -0.053106675147877855], [0.055434760451497304, -0.053106675147877855, 0.23061643492051642]], "chi2_level": 0.95, "chi2_df": 3, "chi2_threshold": 7.814727903251179, "N_raw": 77, "N_roi": 77, "N_inlier": 76, "refit": true}
{"timestamp": "20:14:39.821221", "frame": 84, "mu": [-0.44008745194838417, 2.8289916742055903, 0.707142247186899], "Sigma": [[0.012579267397859495, -0.00131106446807256, -0.009472729806064617], [-0.0013110644680725603, 0.19385045964748218, 0.35345017713331806], [-0.00947272980606462, 0.35345017713331806, 0.9987833773121296]], "chi2_level": 0.95, "chi2_df": 3, "chi2_threshold": 7.814727903251179, "N_raw": 71, "N_roi": 71, "N_inlier": 70, "refit": true}
{"timestamp": "20:14:39.879882", "frame": 85, "mu": [-0.4694027274045351, 3.0466425894789095, 1.1169878884957773], "Sigma": [[0.016474667788480658, 0.001101433413936408, -0.025234822133687454], [0.0011014334139364083, 0.04081524864691639, 0.021045243923971408], [-0.02523482213368745, 0.021045243923971408, 0.24884159117096907]], "chi2_level": 0.95, "chi2_df": 3, "chi2_threshold": 7.814727903251179, "N_raw": 97, "N_roi": 97, "N_inlier": 85, "refit": true}
{"timestamp": "20:14:39.937490", "frame": 86, "mu": [-0.4670868069933887, 2.804179826818257, 0.3581202347552545], "Sigma": [[0.018374584120491175, -0.004308779025889807, -0.03214545947638923], [-0.004308779025889806, 0.45361583074472617, 0.5825055583679166], [-0.032145459476389235, 0.5825055583679166, 1.13148615575495]], "chi2_level": 0.95, "chi2_df": 3, "chi2_threshold": 7.814727903251179, "N_raw": 122, "N_roi": 122, "N_inlier": 121, "refit": true}
{"timestamp": "20:14:39.987307", "frame": 87, "mu": [-0.4583500708358746, 3.2696215740271617, 0.13239127983880494], "Sigma": [[0.018859877153873897, 0.004017416085843066, -0.010591782354919204], [0.004017416085843066, 0.010834077363677698, -0.013047128859152574], [-0.010591782354919206, -0.013047128859152574, 0.021261145285348247]], "chi2_level": 0.95, "chi2_df": 3, "chi2_threshold": 7.814727903251179, "N_raw": 79, "N_roi": 77, "N_inlier": 73, "refit": true}
{"timestamp": "20:14:40.040371", "frame": 88, "mu": [-0.469018447482662, 3.2733172641933326, 1.09576851910693], "Sigma": [[0.02193709193040569, -0.0004826386169287983, -0.0036393569042961326], [-0.0004826386169287982, 0.0036061204876516473, -0.004251905559580252], [-0.0036393569042961317, -0.004251905559580252, 0.012680042744512813]], "chi2_level": 0.95, "chi2_df": 3, "chi2_threshold": 7.814727903251179, "N_raw": 67, "N_roi": 65, "N_inlier": 59, "refit": true}
{"timestamp": "20:14:40.095980", "frame": 89, "mu": [-0.43795072153856623, 3.5683624831795537, -0.6928237222354493], "Sigma": [[0.015258113711396508, -9.76160145987259e-05, 0.0006902046228471365], [-9.76160145987259e-05, 0.032622437453664, -0.1123832152377725], [0.0006902046228471359, -0.1123832152377725, 0.40232611262947393]], "chi2_level": 0.95, "chi2_df": 3, "chi2_threshold": 7.814727903251179, "N_raw": 70, "N_roi": 70, "N_inlier": 70, "refit": true}
{"timestamp": "20:14:40.148813", "frame": 90, "mu": [-0.4172184953606337, 3.330845144624215, 0.8171832053610668], "Sigma": [[0.013892430101301855, 0.00037285484494538134, -0.0064368714288713085], [0.0003728548449453813, 0.0019402583128686492, 0.006738323451976999], [-0.00643687142887131, 0.006738323451976999, 0.5041033637629689]], "chi2_level": 0.95, "chi2_df": 3, "chi2_threshold": 7.814727903251179, "N_raw": 66, "N_roi": 66, "N_inlier": 65, "refit": true}
{"timestamp": "20:14:40.213313", "frame": 91, "mu": [-0.5063495630709591, 3.3756991885226464, -0.3942018231255568], "Sigma": [[0.025625703093960638, 0.002548425461996149, 0.11931054042196956], [0.002548425461996149, 0.0047776742635748356, 0.007712905060683385], [0.11931054042196958, 0.0077129050606833845, 1.1310921761002943]], "chi2_level": 0.95, "chi2_df": 3, "chi2_threshold": 7.814727903251179, "N_raw": 124, "N_roi": 124, "N_inlier": 116, "refit": true}
{"timestamp": "20:14:40.267587", "frame": 92, "mu": [-0.4382347517458158, 3.335691058787584, 0.6098966912539494], "Sigma": [[0.024086978636016308, 0.004614128378679045, 0.03149718416162818], [0.004614128378679045, 0.196543184400712, 0.21749641038737405], [0.03149718416162818, 0.21749641038737405, 0.620560855245409]], "chi2_level": 0.95, "chi2_df": 3, "chi2_threshold": 7.814727903251179, "N_raw": 115, "N_roi": 115, "N_inlier": 105, "refit": true}
{"timestamp": "20:14:40.320817", "frame": 93, "mu": [-0.4365978036709209, 3.5190963875407943, 0.6935659528187879], "Sigma": [[0.029042549737389997, -0.002537781343866614, 0.03199464624195023], [-0.002537781343866614, 0.005854505983718692, -0.036764777022281786], [0.03199464624195023, -0.036764777022281786, 0.3900732389273924]], "chi2_level": 0.95, "chi2_df": 3, "chi2_threshold": 7.814727903251179, "N_raw": 109, "N_roi": 109, "N_inlier": 98, "refit": true}
{"timestamp": "20:14:40.371775", "frame": 94, "mu": [-0.4937442134007394, 3.5752237665945743, 0.8234361603880205], "Sigma": [[0.021379443602968833, -0.0030961388121681878, 0.018080384818926497], [-0.0030961388121681878, 0.015557006916961694, -0.06719241091359607], [0.018080384818926497, -0.06719241091359607, 0.34814083103905596]], "chi2_level": 0.95, "chi2_df": 3, "chi2_threshold": 7.814727903251179, "N_raw": 89, "N_roi": 89, "N_inlier": 88, "refit": true}
{"timestamp": "20:14:40.418618", "frame": 95, "mu": [-0.34806151776322575, 3.0078793642753614, 0.06902509920781885], "Sigma": [[0.014810709690792822, 0.056461356725229506, 0.1262579728736779], [0.0564613567252295, 0.5689412986973246, 0.9928585136978529], [0.12625797287367793, 0.9928585136978528, 1.9609100154397225]], "chi2_level": 0.95, "chi2_df": 3, "chi2_threshold": 7.814727903251179, "N_raw": 23, "N_roi": 23, "N_inlier": 22, "refit": true}
{"timestamp": "20:14:40.486237", "frame": 96, "mu": [-0.463243669103879, 2.8759826448418986, 0.10071225702574817], "Sigma": [[0.029413381929581425, 0.04339249722341039, 0.07641740080419952], [0.04339249722341039, 1.29855591469575, 1.7184374037407184], [0.07641740080419952, 1.7184374037407184, 2.418734806896812]], "chi2_level": 0.95, "chi2_df": 3, "chi2_threshold": 7.814727903251179, "N_raw": 115, "N_roi": 114, "N_inlier": 114, "refit": true}
{"timestamp": "20:14:40.538444", "frame": 97, "mu": [-0.4434228295618253, 3.8384509825813016, 0.13700573015642595], "Sigma": [[0.0241775143945016, -0.0012099774251725691, -0.004977794287066925], [-0.001209977425172569, 0.04761035069534246, -0.062223359157058934], [-0.004977794287066925, -0.06222335915705893, 0.10347852150218287]], "chi2_level": 0.95, "chi2_df": 3, "chi2_threshold": 7.814727903251179, "N_raw": 89, "N_roi": 89, "N_inlier": 83, "refit": true}
{"timestamp": "20:14:40.587013", "frame": 98, "mu": [-0.49517679643911583, 3.7796947264492897, 1.0249759401998855], "Sigma": [[0.018629744610787754, 0.0013396768330157763, -0.001712080557827643], [0.0013396768330157763, 0.0023570791583350835, -0.017667354028145295], [-0.001712080557827643, -0.017667354028145295, 0.393633449098779]], "chi2_level": 0.95, "chi2_df": 3, "chi2_threshold": 7.814727903251179, "N_raw": 50, "N_roi": 50, "N_inlier": 48, "refit": true}
{"timestamp": "20:14:40.644956", "frame": 99, "mu": [-0.4803093918042866, 3.8113517267631476, 0.9076251412508481], "Sigma": [[0.015463254314458455, 0.002585432521594355, -0.0163079905101065], [0.0025854325215943544, 0.004604953677461772, -0.033830941302948975], [-0.0163079905101065, -0.033830941302948975, 0.46217131134408124]], "chi2_level": 0.95, "chi2_df": 3, "chi2_threshold": 7.814727903251179, "N_raw": 66, "N_roi": 66, "N_inlier": 60, "refit": true}
{"timestamp": "20:14:40.839237", "frame": 100, "mu": [-0.43511105352861995, 3.882278972814757, 0.7543064323534494], "Sigma": [[0.016154233615774165, -0.0005948651657764341, 0.01926874518148579], [-0.0005948651657764341, 0.003651152471912069, -0.027701101481064007], [0.01926874518148579, -0.027701101481064007, 0.5749530188461193]], "chi2_level": 0.95, "chi2_df": 3, "chi2_threshold": 7.814727903251179, "N_raw": 55, "N_roi": 55, "N_inlier": 54, "refit": true}
{"timestamp": "20:14:40.846092", "frame": 101, "mu": [-0.4615911098301654, 3.92585643598911, 0.8992036105701494], "Sigma": [[0.023850058991771644, 0.0019684867611956054, 0.011935350192654218], [0.001968486761195605, 0.00381164911833509, -0.014705619796520845], [0.011935350192654222, -0.014705619796520845, 0.46951775641057175]], "chi2_level": 0.95, "chi2_df": 3, "chi2_threshold": 7.814727903251179, "N_raw": 76, "N_roi": 76, "N_inlier": 75, "refit": true}
{"timestamp": "20:14:40.878139", "frame": 102, "mu": [-0.4666996879111222, 3.996437292227763, 0.5155039726107594], "Sigma": [[0.019936509623394053, 0.0009227516933895566, 0.00795369845197265], [0.0009227516933895566, 0.00311876360950879, -0.02970403568202665], [0.007953698451972654, -0.029704035682026654, 0.5075244671022384]], "chi2_level": 0.95, "chi2_df": 3, "chi2_threshold": 7.814727903251179, "N_raw": 58, "N_roi": 58, "N_inlier": 57, "refit": true}
{"timestamp": "20:14:40.909716", "frame": 103, "mu": [-0.49276202270742026, 3.976030633099535, 1.3820266953437375], "Sigma": [[0.018583148925641738, 0.0007409377465959258, -0.005824230341708148], [0.0007409377465959258, 0.0025732407656559176, -0.0029385192626377767], [-0.005824230341708148, -0.0029385192626377767, 0.007727188165875284]], "chi2_level": 0.95, "chi2_df": 3, "chi2_threshold": 7.814727903251179, "N_raw": 36, "N_roi": 36, "N_inlier": 34, "refit": true}
{"timestamp": "20:14:40.942143", "frame": 104, "mu": [-0.4570039557939725, 4.062932986523177, 1.1567827095804166], "Sigma": [[0.010169115388790551, 0.0005693963933783018, 0.0027902541332182314], [0.0005693963933783018, 0.002958892087330214, -0.013403085021696036], [0.0027902541332182314, -0.013403085021696036, 0.1150413738787257]], "chi2_level": 0.95, "chi2_df": 3, "chi2_threshold": 7.814727903251179, "N_raw": 27, "N_roi": 27, "N_inlier": 25, "refit": true}
{"timestamp": "20:14:40.973712", "frame": 105, "mu": [-0.3994766736208942, 4.117440936542888, 1.2239527694142953], "Sigma": [[0.011793457902718556, 0.00034384069752795986, 0.0027323653812982634], [0.00034384069752795997, 0.004819529082050534, -0.015525870387721168], [0.0027323653812982634, -0.015525870387721165, 0.06919727956151342]], "chi2_level": 0.95, "chi2_df": 3, "chi2_threshold": 7.814727903251179, "N_raw": 33, "N_roi": 33, "N_inlier": 30, "refit": true}
{"timestamp": "20:14:41.026328", "frame": 106, "mu": [-0.4907093698546278, 4.124619544402889, 1.1501276091009034], "Sigma": [[0.031169083877867713, 0.0046947638134887835, -0.017027442304557636], [0.004694763813488783, 0.002832745022386597, -0.004949174410936464], [-0.017027442304557636, -0.004949174410936464, 0.023701721968923506]], "chi2_level": 0.95, "chi2_df": 3, "chi2_threshold": 7.814727903251179, "N_raw": 49, "N_roi": 49, "N_inlier": 45, "refit": true}
{"timestamp": "20:14:41.083286", "frame": 107, "mu": [-0.45581346415334123, 4.2333792471637395, 0.3832434720338627], "Sigma": [[0.0260957848122971, 0.007019077823079381, -0.012500961914241517], [0.007019077823079381, 0.010942045845171248, -0.021550818909072234], [-0.012500961914241517, -0.021550818909072234, 0.06441393752685344]], "chi2_level": 0.95, "chi2_df": 3, "chi2_threshold": 7.814727903251179, "N_raw": 62, "N_roi": 62, "N_inlier": 59, "refit": true}
{"timestamp": "20:14:41.134235", "frame": 108, "mu": [-0.4293016028634006, 4.19463587847857, 1.4390762871628462], "Sigma": [[0.024429914936668018, 0.0010870670038137717, -0.009405742184121452], [0.001087067003813772, 0.0028003485319185095, 0.0015863976610318187], [-0.009405742184121452, 0.0015863976610318185, 0.005978673482891313]], "chi2_level": 0.95, "chi2_df": 3, "chi2_threshold": 7.814727903251179, "N_raw": 32, "N_roi": 32, "N_inlier": 30, "refit": true}
{"timestamp": "20:14:41.192717", "frame": 109, "mu": [-0.5517875318466813, 4.2795695395764355, 1.2781688979176276], "Sigma": [[0.02883400454258309, 0.0022548778336878403, -0.007515589383047175], [0.0022548778336878407, 0.0032347240962159723, -0.004907905025533146], [-0.007515589383047175, -0.004907905025533146, 0.014924945107231807]], "chi2_level": 0.95, "chi2_df": 3, "chi2_threshold": 7.814727903251179, "N_raw": 51, "N_roi": 51, "N_inlier": 48, "refit": true}
{"timestamp": "20:14:41.245068", "frame": 110, "mu": [-0.4780578083925025, 4.328548391448912, 0.9933900422549486], "Sigma": [[0.022987422660019907, 0.00028341796019147803, -0.01644433449940041], [0.00028341796019147814, 0.0016883577999059795, 0.006980267860481693], [-0.016444334499400415, 0.006980267860481693, 0.11551116998840974]], "chi2_level": 0.95, "chi2_df": 3, "chi2_threshold": 7.814727903251179, "N_raw": 38, "N_roi": 38, "N_inlier": 36, "refit": true}
{"timestamp": "20:14:41.295733", "frame": 111, "mu": [-0.5486998400178722, 3.975827225555489, 0.5453734498227268], "Sigma": [[0.0029490663189123676, -0.011721251417784379, -0.02474324519141003], [-0.011721251417784379, 0.7723673377483616, 1.2235801337316703], [-0.024743245191410024, 1.2235801337316703, 1.9715603834300477]], "chi2_level": 0.95, "chi2_df": 3, "chi2_threshold": 7.814727903251179, "N_raw": 10, "N_roi": 10, "N_inlier": 10, "refit": true}
{"timestamp": "20:14:41.360874", "frame": 112, "mu": [-0.45839052581265816, 4.434057117407837, 1.2564822721839746], "Sigma": [[0.03498670170883095, 0.002278436714862739, -0.013671106421645119], [0.0022784367148627393, 0.004224574542534501, -0.005287790128252695], [-0.01367110642164512, -0.005287790128252695, 0.012244719011971007]], "chi2_level": 0.95, "chi2_df": 3, "chi2_threshold": 7.814727903251179, "N_raw": 58, "N_roi": 58, "N_inlier": 55, "refit": true}
{"timestamp": "20:14:41.411192", "frame": 113, "mu": [-0.41776061786852087, 4.477066974326215, 1.1289804144361448], "Sigma": [[0.025270289407774024, 0.0007111568831823688, -0.010212452750485802], [0.0007111568831823687, 0.0024831536536042476, -0.006056249142581654], [-0.010212452750485802, -0.006056249142581654, 0.023575239861079008]], "chi2_level": 0.95, "chi2_df": 3, "chi2_threshold": 7.814727903251179, "N_raw": 48, "N_roi": 48, "N_inlier": 46, "refit": true}
