{"timestamp": "20:23:48.005525", "frame": 9, "mu": [1.724804839525053, 0.6936201904880593, 1.2181420451579117], "Sigma": [[0.0021931408971378914, -0.0015601825306799952, -0.002039122685381972], [-0.001560182530679995, 0.006412504135205701, -0.0011303371651518407], [-0.002039122685381972, -0.0011303371651518407, 0.004490355806286778]], "chi2_level": 0.95, "chi2_df": 3, "chi2_threshold": 7.814727903251179, "N_raw": 18, "N_roi": 18, "N_inlier": 18, "refit": true}
{"timestamp": "20:23:48.115864", "frame": 11, "mu": [1.674197077424954, 0.7282369650469774, 1.311043166056227], "Sigma": [[0.0032126313199331976, -0.002355230818350706, -0.0019927272993099203], [-0.0023552308183507065, 0.004754431695887966, -0.0011918570639098377], [-0.0019927272993099203, -0.001191857063909838, 0.00451635579617025]], "chi2_level": 0.95, "chi2_df": 3, "chi2_threshold": 7.814727903251179, "N_raw": 20, "N_roi": 20, "N_inlier": 20, "refit": true}
{"timestamp": "20:23:48.175013", "frame": 12, "mu": [1.655828343079302, 0.923247301207046, -0.4748685063628799], "Sigma": [[0.003603571995782765, -0.0026456131125218857, -0.002403719088373046], [-0.0026456131125218857, 0.013181589015918645, -0.0026474372439429126], [-0.002403719088373046, -0.0026474372439429126, 0.012494251932593573]], "chi2_level": 0.95, "chi2_df": 3, "chi2_threshold": 7.814727903251179, "N_raw": 31, "N_roi": 31, "N_inlier": 29, "refit": true}
{"timestamp": "20:23:48.449662", "frame": 17, "mu": [1.5727065019794635, 0.6558106941654378, 1.141454707956877], "Sigma": [[0.001988178706427525, -0.003349701669504347, -0.002998408620121078], [-0.003349701669504347, 0.007897701868437012, 0.0038119449017449372], [-0.0029984086201210775, 0.0038119449017449372, 0.017107537752260975]], "chi2_level": 0.95, "chi2_df": 3, "chi2_threshold": 7.814727903251179, "N_raw": 29, "N_roi": 29, "N_inlier": 26, "refit": true}
{"timestamp": "20:23:48.505235", "frame": 18, "mu": [1.485546604044464, 0.7609300104627701, 1.3373405455684335], "Sigma": [[0.005037656252483223, -0.0034349823397937184, -0.003633607359836939], [-0.0034349823397937184, 0.004509299865961603, 0.0006813656275127914], [-0.003633607359836939, 0.0006813656275127914, 0.005026118394798804]], "chi2_level": 0.95, "chi2_df": 3, "chi2_threshold": 7.814727903251179, "N_raw": 31, "N_roi": 31, "N_inlier": 29, "refit": true}
{"timestamp": "20:23:48.558812", "frame": 19, "mu": [1.4506482901959856, 0.7165503554651703, 1.3087081744199642], "Sigma": [[0.002434389080951724, -0.003544133526288946, -0.0026570190423782997], [-0.003544133526288946, 0.006257194332639749, 0.00289124660444245], [-0.0026570190423782997, 0.00289124660444245, 0.011108263163846272]], "chi2_level": 0.95, "chi2_df": 3, "chi2_threshold": 7.814727903251179, "N_raw": 24, "N_roi": 24, "N_inlier": 21, "refit": true}
{"timestamp": "20:23:48.613187", "frame": 20, "mu": [1.4242605930837908, 0.6746242197190512, 1.2197736854565255], "Sigma": [[0.0024381275074221915, -0.002454408965258225, -0.003839033950879123], [-0.002454408965258225, 0.003000350632298647, 0.002325130401225382], [-0.003839033950879123, 0.002325130401225382, 0.011847403824366734]], "chi2_level": 0.95, "chi2_df": 3, "chi2_threshold": 7.814727903251179, "N_raw": 18, "N_roi": 18, "N_inlier": 16, "refit": true}
{"timestamp": "20:23:48.667854", "frame": 21, "mu": [1.3702695571416947, 0.7016836571595958, 1.3319363226397767], "Sigma": [[0.0018384830996890978, -0.0021037217984436257, -0.002343495679989806], [-0.0021037217984436257, 0.003849362679601658, 0.0004951935925542036], [-0.002343495679989806, 0.0004951935925542038, 0.01018605730079483]], "chi2_level": 0.95, "chi2_df": 3, "chi2_threshold": 7.814727903251179, "N_raw": 17, "N_roi": 17, "N_inlier": 15, "refit": true}
{"timestamp": "20:23:48.779147", "frame": 23, "mu": [1.2777174764173236, 0.7363217506869318, 1.3672309578280113], "Sigma": [[0.003923103038728923, -0.0035791151261869085, -0.004992561681299957], [-0.0035791151261869085, 0.005207532687612224, 0.0030316930208508213], [-0.004992561681299957, 0.0030316930208508217, 0.009357736742004573]], "chi2_level": 0.95, "chi2_df": 3, "chi2_threshold": 7.814727903251179, "N_raw": 32, "N_roi": 32, "N_inlier": 29, "refit": true}
{"timestamp": "20:23:48.835549", "frame": 24, "mu": [1.272762732593663, 0.8426390179000844, -0.49278454777690306], "Sigma": [[0.004645605452790591, -0.0028491354892667894, -0.006358853835553175], [-0.0028491354892667894, 0.0049207425372247236, 0.0011015686558441332], [-0.006358853835553175, 0.0011015686558441332, 0.012897377132117815]], "chi2_level": 0.95, "chi2_df": 3, "chi2_threshold": 7.814727903251179, "N_raw": 37, "N_roi": 37, "N_inlier": 35, "refit": true}
{"timestamp": "20:23:48.889854", "frame": 25, "mu": [1.1715173555723877, 0.7838451924778246, 1.3329262881229602], "Sigma": [[0.002299380793964243, -0.000899647078194089, -0.003552935991775633], [-0.0008996470781940892, 0.0055312551523644385, 0.010994095645565527], [-0.0035529359917756322, 0.010994095645565527, 0.06492094150902497]], "chi2_level": 0.95, "chi2_df": 3, "chi2_threshold": 7.814727903251179, "N_raw": 31, "N_roi": 31, "N_inlier": 31, "refit": true}
{"timestamp": "20:23:48.947893", "frame": 26, "mu": [1.0747910097722504, 0.9022906303077919, 1.470997119097631], "Sigma": [[0.0038298027305315556, -0.0016533837255264926, -0.0008437078373357049], [-0.0016533837255264926, 0.003179428181080638, -0.0014759909039736155], [-0.000843707837335705, -0.0014759909039736155, 0.0019116088928138606]], "chi2_level": 0.95, "chi2_df": 3, "chi2_threshold": 7.814727903251179, "N_raw": 33, "N_roi": 33, "N_inlier": 32, "refit": true}
{"timestamp": "20:23:49.003654", "frame": 27, "mu": [1.0589288302478543, 0.9770464109313869, -0.36900989991370936], "Sigma": [[0.005524366791463119, -0.0024668746085447528, -0.0054835055541698294], [-0.0024668746085447528, 0.002840875272544509, 0.001074779760904893], [-0.00548350555416983, 0.001074779760904893, 0.020695119981557715]], "chi2_level": 0.95, "chi2_df": 3, "chi2_threshold": 7.814727903251179, "N_raw": 48, "N_roi": 48, "N_inlier": 44, "refit": true}
{"timestamp": "20:23:49.112175", "frame": 29, "mu": [0.9338368201174119, 0.9181501293898767, 1.4501701480124765], "Sigma": [[0.004512027262336485, -0.0007522183997820639, -0.00446679241178269], [-0.0007522183997820638, 0.003575154340697185, 0.0007830785194093947], [-0.004466792411782691, 0.0007830785194093949, 0.007515500671193655]], "chi2_level": 0.95, "chi2_df": 3, "chi2_threshold": 7.814727903251179, "N_raw": 44, "N_roi": 44, "N_inlier": 40, "refit": true}
{"timestamp": "20:23:49.163686", "frame": 30, "mu": [0.8411871588649111, 0.9749435049634126, -0.3450651554731609], "Sigma": [[0.003215376022784033, -0.0031452784451393924, 0.00834251403905779], [-0.0031452784451393924, 0.007095960117470459, -0.02273693850394171], [0.00834251403905779, -0.022736938503941713, 0.11460011070275711]], "chi2_level": 0.95, "chi2_df": 3, "chi2_threshold": 7.814727903251179, "N_raw": 26, "N_roi": 26, "N_inlier": 21, "refit": true}
{"timestamp": "20:23:49.221106", "frame": 31, "mu": [0.8214775215068059, 1.0159529100618865, -0.28696594467607844], "Sigma": [[0.0031736141032494, 0.00063118604997371, -0.002194842370543018], [0.0006311860499737099, 0.0035538569395086525, -0.0012266894926157242], [-0.002194842370543018, -0.0012266894926157242, 0.0020337567895920535]], "chi2_level": 0.95, "chi2_df": 3, "chi2_threshold": 7.814727903251179, "N_raw": 41, "N_roi": 41, "N_inlier": 39, "refit": true}
{"timestamp": "20:23:49.276914", "frame": 32, "mu": [0.7982599812061827, 0.8839040038216763, 1.3340545224576894], "Sigma": [[0.003327413342283617, -0.0006109962060426304, -0.0034657029278116814], [-0.0006109962060426304, 0.0021571395011382886, -0.000814197568224776], [-0.003465702927811681, -0.0008141975682247762, 0.09609667110818017]], "chi2_level": 0.95, "chi2_df": 3, "chi2_threshold": 7.814727903251179, "N_raw": 43, "N_roi": 43, "N_inlier": 37, "refit": true}
{"timestamp": "20:23:49.329096", "frame": 33, "mu": [0.725097179925733, 0.8904575179190017, 1.4647459188892473], "Sigma": [[0.0029701921966854335, -0.0007349339221923374, -0.0025393019488357794], [-0.0007349339221923374, 0.001853816752550332, 0.00013756680818319955], [-0.00253930194883578, 0.00013756680818319958, 0.0025596471684141103]], "chi2_level": 0.95, "chi2_df": 3, "chi2_threshold": 7.814727903251179, "N_raw": 32, "N_roi": 32, "N_inlier": 30, "refit": true}
{"timestamp": "20:23:49.384665", "frame": 34, "mu": [0.7058431394692913, 0.9047212570491832, 1.439159245240237], "Sigma": [[0.0046427025541484705, 0.001034558613502904, -0.006065170655635772], [0.001034558613502904, 0.002966335318169814, 0.00036021213158542674], [-0.006065170655635772, 0.00036021213158542664, 0.014911093575476174]], "chi2_level": 0.95, "chi2_df": 3, "chi2_threshold": 7.814727903251179, "N_raw": 29, "N_roi": 29, "N_inlier": 26, "refit": true}
{"timestamp": "20:23:49.438762", "frame": 35, "mu": [0.6124474779688438, 0.9525070147297839, 1.5203716362568718], "Sigma": [[0.002904458107419201, -0.0022730770697703693, -0.005204227963793193], [-0.0022730770697703697, 0.0038542024684880927, 0.004507275942012095], [-0.005204227963793195, 0.004507275942012095, 0.012818881892510887]], "chi2_level": 0.95, "chi2_df": 3, "chi2_threshold": 7.814727903251179, "N_raw": 24, "N_roi": 24, "N_inlier": 20, "refit": true}
{"timestamp": "20:23:49.498681", "frame": 36, "mu": [0.6236089061227699, 1.0459488513460053, -0.3179374246412482], "Sigma": [[0.0038220715347803014, 0.0011268516764940074, -0.00426208904009168], [0.0011268516764940074, 0.005137543712523041, -0.0017692822375934866], [-0.00426208904009168, -0.0017692822375934862, 0.005097199526570237]], "chi2_level": 0.95, "chi2_df": 3, "chi2_threshold": 7.814727903251179, "N_raw": 57, "N_roi": 57, "N_inlier": 56, "refit": true}
{"timestamp": "20:23:49.557072", "frame": 37, "mu": [0.6051339483613698, 0.9405565664323959, 1.384405762717021], "Sigma": [[0.004415216432546265, -9.238673567864327e-05, -0.0052615223034394275], [-9.238673567864334e-05, 0.003384318871851741, -0.0026829500541711527], [-0.0052615223034394275, -0.0026829500541711527, 0.013728427896125427]], "chi2_level": 0.95, "chi2_df": 3, "chi2_threshold": 7.814727903251179, "N_raw": 81, "N_roi": 81, "N_inlier": 77, "refit": true}
{"timestamp": "20:23:49.606570", "frame": 38, "mu": [0.518706302121881, 0.9962368506765225, -0.23247930387709317], "Sigma": [[0.0022257865009507128, -1.7132528307635565e-06, -0.0007676319839302773], [-1.713252830763543e-06, 0.0029703723637121192, 0.0004819878226271084], [-0.0007676319839302773, 0.00048198782262710843, 0.0004158338639442325]], "chi2_level": 0.95, "chi2_df": 3, "chi2_threshold": 7.814727903251179, "N_raw": 41, "N_roi": 41, "N_inlier": 37, "refit": true}
{"timestamp": "20:23:49.661465", "frame": 39, "mu": [0.5546796868703305, 0.9275601502982628, 1.4075995127987138], "Sigma": [[0.0024861790017918265, 0.00023848308814924745, -0.0022332421973051742], [0.00023848308814924745, 0.0022453174424022972, -0.002395745332845072], [-0.0022332421973051747, -0.002395745332845072, 0.005537486444619544]], "chi2_level": 0.95, "chi2_df": 3, "chi2_threshold": 7.814727903251179, "N_raw": 48, "N_roi": 48, "N_inlier": 46, "refit": true}
{"timestamp": "20:23:49.715054", "frame": 40, "mu": [0.435981753066852, 0.9492777173851686, 1.493134407377934], "Sigma": [[0.0016790482462497884, -0.0018963638566289612, 0.0003418299215277541], [-0.0018963638566289614, 0.0063087123912151126, -0.003009456291146345], [0.0003418299215277541, -0.003009456291146345, 0.0019223768136071829]], "chi2_level": 0.95, "chi2_df": 3, "chi2_threshold": 7.814727903251179, "N_raw": 30, "N_roi": 30, "N_inlier": 28, "refit": true}
{"timestamp": "20:23:49.771481", "frame": 41, "mu": [0.4462859942952778, 0.9215420928082594, 1.4785678924993029], "Sigma": [[0.003289317521202671, 0.0005315281777384539, -0.003360809764939675], [0.0005315281777384538, 0.0017989892592473957, -0.0015872882617751112], [-0.003360809764939675, -0.0015872882617751112, 0.00510966782904304]], "chi2_level": 0.95, "chi2_df": 3, "chi2_threshold": 7.814727903251179, "N_raw": 43, "N_roi": 43, "N_inlier": 40, "refit": true}
{"timestamp": "20:23:49.826643", "frame": 42, "mu": [0.3975031251372676, 1.0477230879840287, -0.30123939242560593], "Sigma": [[0.0018881371395469409, 0.0011546168179190361, -0.0017574301430100974], [0.0011546168179190361, 0.003073046044126234, -0.0037940999833603077], [-0.0017574301430100974, -0.0037940999833603077, 0.006465577352374573]], "chi2_level": 0.95, "chi2_df": 3, "chi2_threshold": 7.814727903251179, "N_raw": 38, "N_roi": 38, "N_inlier": 32, "refit": true}
{"timestamp": "20:23:49.877972", "frame": 43, "mu": [0.38362712399823296, 1.1444561107851925, -0.9101188929740605], "Sigma": [[0.02575576165124753, -0.004780981943049519, -0.0950357069116104], [-0.004780981943049521, 0.01880006591559594, 0.0027667388048090436], [-0.0950357069116104, 0.00276673880480904, 0.4192209523251056]], "chi2_level": 0.95, "chi2_df": 3, "chi2_threshold": 7.814727903251179, "N_raw": 17, "N_roi": 17, "N_inlier": 14, "refit": true}
{"timestamp": "20:23:49.935563", "frame": 44, "mu": [0.41304951191719724, 0.9241609525641309, 1.239488714561201], "Sigma": [[0.0023850616917204305, -0.0007123241283273911, -0.0017861809939264776], [-0.0007123241283273911, 0.0031548570828762515, -0.0010449261379549448], [-0.0017861809939264776, -0.0010449261379549446, 0.0030094503554428703]], "chi2_level": 0.95, "chi2_df": 3, "chi2_threshold": 7.814727903251179, "N_raw": 37, "N_roi": 37, "N_inlier": 30, "refit": true}
{"timestamp": "20:23:49.997465", "frame": 45, "mu": [0.31043674666973387, 1.068642989363693, -0.45486909495768796], "Sigma": [[0.004834522460131098, 0.0008209349959585632, -0.006010654720684863], [0.0008209349959585632, 0.004038349895675666, -0.003811185909849538], [-0.006010654720684862, -0.0038111859098495385, 0.022186699416504738]], "chi2_level": 0.95, "chi2_df": 3, "chi2_threshold": 7.814727903251179, "N_raw": 76, "N_roi": 76, "N_inlier": 73, "refit": true}
{"timestamp": "20:23:50.051693", "frame": 46, "mu": [0.22448613792233166, 0.882244486147265, 1.0540915498769146], "Sigma": [[0.003329261292787396, 0.0019194799716229826, 0.006087135305573038], [0.0019194799716229826, 0.0031607605074348523, 0.006752613842568839], [0.006087135305573038, 0.006752613842568839, 0.030505671134172723]], "chi2_level": 0.95, "chi2_df": 3, "chi2_threshold": 7.814727903251179, "N_raw": 70, "N_roi": 70, "N_inlier": 67, "refit": true}
{"timestamp": "20:23:50.104036", "frame": 47, "mu": [0.1917591044502252, 0.8645353685480455, 1.1205832074456723], "Sigma": [[0.005091392576266447, -7.816390942267764e-05, 0.009000640363190484], [-7.816390942267764e-05, 0.002339892406155787, -4.604685904793413e-05], [0.009000640363190482, -4.604685904793413e-05, 0.034081177999427614]], "chi2_level": 0.95, "chi2_df": 3, "chi2_threshold": 7.814727903251179, "N_raw": 58, "N_roi": 58, "N_inlier": 56, "refit": true}
{"timestamp": "20:23:50.163210", "frame": 48, "mu": [0.07669257404321597, 1.056468692703873, -0.5033502946109717], "Sigma": [[0.0021940420836049756, -0.0008078706046515081, 0.00015570245175736158], [-0.0008078706046515081, 0.0037305032101129718, -0.007850024808718537], [0.00015570245175736158, -0.007850024808718537, 0.0799464362534095]], "chi2_level": 0.95, "chi2_df": 3, "chi2_threshold": 7.814727903251179, "N_raw": 77, "N_roi": 77, "N_inlier": 73, "refit": true}
{"timestamp": "20:23:50.219566", "frame": 49, "mu": [0.038336129410313106, 0.9072716943853919, 1.2528202007988054], "Sigma": [[0.0037917804998496094, 0.0009871634789011309, 0.00730216995349696], [0.0009871634789011307, 0.004886030571631857, 0.011001571339116431], [0.00730216995349696, 0.011001571339116431, 0.06685306297046006]], "chi2_level": 0.95, "chi2_df": 3, "chi2_threshold": 7.814727903251179, "N_raw": 96, "N_roi": 96, "N_inlier": 92, "refit": true}
{"timestamp": "20:23:50.272716", "frame": 50, "mu": [0.034817068981425094, 0.8907236299850756, -0.7572321092376421], "Sigma": [[0.002183443828253342, 0.0013098203604063924, 0.001833361022593925], [0.0013098203604063922, 0.008117594631510924, 0.0016408161715974834], [0.001833361022593925, 0.0016408161715974839, 0.014244770139343485]], "chi2_level": 0.95, "chi2_df": 3, "chi2_threshold": 7.814727903251179, "N_raw": 76, "N_roi": 76, "N_inlier": 73, "refit": true}
{"timestamp": "20:23:50.325994", "frame": 51, "mu": [-0.03727325629373992, 0.9624790428307987, 1.4462603574751074], "Sigma": [[0.002912045218832834, -0.0010918741097665746, -0.0011134404580508705], [-0.0010918741097665744, 0.0037875958994213173, -0.0013655280202390938], [-0.0011134404580508705, -0.0013655280202390936, 0.007429787505492173]], "chi2_level": 0.95, "chi2_df": 3, "chi2_threshold": 7.814727903251179, "N_raw": 70, "N_roi": 70, "N_inlier": 67, "refit": true}
{"timestamp": "20:23:50.381118", "frame": 52, "mu": [-0.07572387639251052, 0.962100825029995, 1.4250420840706508], "Sigma": [[0.0032076667175396927, 0.0002887430337050884, -0.0035255755065736237], [0.0002887430337050884, 0.0018991781062374252, -0.0026619755243023364], [-0.0035255755065736237, -0.0026619755243023364, 0.01190710731493289]], "chi2_level": 0.95, "chi2_df": 3, "chi2_threshold": 7.814727903251179, "N_raw": 72, "N_roi": 72, "N_inlier": 69, "refit": true}
{"timestamp": "20:23:50.434318", "frame": 53, "mu": [-0.11984104622994722, 1.022680695859982, -0.4141034846205612], "Sigma": [[0.002257797756486238, -0.0018638468469319184, -0.0019352969215980294], [-0.0018638468469319182, 0.0030610159996699434, -6.316738284534097e-05], [-0.0019352969215980296, -6.316738284534119e-05, 0.015451012850705917]], "chi2_level": 0.95, "chi2_df": 3, "chi2_threshold": 7.814727903251179, "N_raw": 59, "N_roi": 59, "N_inlier": 54, "refit": true}
{"timestamp": "20:23:50.489602", "frame": 54, "mu": [-0.14523400900303635, 1.0792545769568194, -0.3255211756374863], "Sigma": [[0.0023322691112304447, -0.0010750166289082458, -0.0002040102185138422], [-0.0010750166289082458, 0.0036248644705570363, -0.0017078629665446847], [-0.00020401021851384219, -0.0017078629665446847, 0.001960672677378204]], "chi2_level": 0.95, "chi2_df": 3, "chi2_threshold": 7.814727903251179, "N_raw": 58, "N_roi": 58, "N_inlier": 53, "refit": true}
{"timestamp": "20:23:50.548214", "frame": 55, "mu": [-0.19820577850558627, 0.8930434352112437, 1.1991817024930294], "Sigma": [[0.002506860294592307, -0.0008872154017490415, -0.005492316232378922], [-0.0008872154017490416, 0.0030479977009225377, 0.00722444683167295], [-0.005492316232378922, 0.00722444683167295, 0.08584719095939689]], "chi2_level": 0.95, "chi2_df": 3, "chi2_threshold": 7.814727903251179, "N_raw": 87, "N_roi": 87, "N_inlier": 83, "refit": true}
{"timestamp": "20:23:50.611591", "frame": 56, "mu": [-0.2082639930301825, 0.9829908737641061, -0.6343400224905987], "Sigma": [[0.0031118533894314826, 0.0017586682493956056, 0.0014199407584657034], [0.0017586682493956054, 0.0063530475695104645, 0.001903582813442874], [0.0014199407584657032, 0.0019035828134428738, 0.02951109223116569]], "chi2_level": 0.95, "chi2_df": 3, "chi2_threshold": 7.814727903251179, "N_raw": 103, "N_roi": 103, "N_inlier": 99, "refit": true}
{"timestamp": "20:23:50.659485", "frame": 57, "mu": [-0.2702527361940648, 1.0379309013505889, -0.24338924151611854], "Sigma": [[0.0029145189083923592, -0.0033526608024023324, 0.0211219669683564], [-0.0033526608024023324, 0.012219689118875903, -0.05770545050988099], [0.021121966968356398, -0.05770545050988099, 0.35747028005860704]], "chi2_level": 0.95, "chi2_df": 3, "chi2_threshold": 7.814727903251179, "N_raw": 87, "N_roi": 85, "N_inlier": 83, "refit": true}
{"timestamp": "20:23:50.711229", "frame": 58, "mu": [-0.30971508118876057, 0.9633088043242222, 1.3169928752458384], "Sigma": [[0.0037878537564910017, -0.0030994467224948587, -0.0026040707473676573], [-0.0030994467224948587, 0.004234514269804562, 0.001616371003105332], [-0.0026040707473676573, 0.001616371003105332, 0.013282581009795113]], "chi2_level": 0.95, "chi2_df": 3, "chi2_threshold": 7.814727903251179, "N_raw": 70, "N_roi": 66, "N_inlier": 65, "refit": true}
{"timestamp": "20:23:50.771228", "frame": 59, "mu": [-0.3545150998691492, 0.9901916681047295, 1.359623753924912], "Sigma": [[0.0037547354671424605, -0.0013562828702751554, -0.002807480067150088], [-0.0013562828702751554, 0.003987857865282733, -0.002713206476257079], [-0.002807480067150088, -0.002713206476257078, 0.016441021783429294]], "chi2_level": 0.95, "chi2_df": 3, "chi2_threshold": 7.814727903251179, "N_raw": 108, "N_roi": 105, "N_inlier": 97, "refit": true}
{"timestamp": "20:23:50.819071", "frame": 60, "mu": [-0.40505882186657444, 0.9692333682256653, 1.3621276042343808], "Sigma": [[0.0017324036843701697, -0.0011639545636327338, -0.002379419620910418], [-0.0011639545636327338, 0.0038185826339465203, 0.007768432985226724], [-0.0023794196209104184, 0.007768432985226724, 0.04532313701694225]], "chi2_level": 0.95, "chi2_df": 3, "chi2_threshold": 7.814727903251179, "N_raw": 55, "N_roi": 52, "N_inlier": 48, "refit": true}
{"timestamp": "20:23:50.875978", "frame": 61, "mu": [-0.46898035146788475, 1.0147305388270835, 1.4765884034869334], "Sigma": [[0.0036939938565980685, -0.0006317984378936038, -0.0017675580167911685], [-0.000631798437893604, 0.003031329052325489, -0.002225709559190944], [-0.0017675580167911685, -0.002225709559190944, 0.008170722256657876]], "chi2_level": 0.95, "chi2_df": 3, "chi2_threshold": 7.814727903251179, "N_raw": 74, "N_roi": 73, "N_inlier": 67, "refit": true}
{"timestamp": "20:23:50.931659", "frame": 62, "mu": [-0.4822957522385332, 1.0641325928278573, -0.4250366093471561], "Sigma": [[0.0028536445105289176, 0.0008555650149860443, 0.0027323453679141334], [0.0008555650149860443, 0.011257751936295158, 0.003910758322022602], [0.002732345367914133, 0.003910758322022602, 0.014028530399504425]], "chi2_level": 0.95, "chi2_df": 3, "chi2_threshold": 7.814727903251179, "N_raw": 81, "N_roi": 81, "N_inlier": 73, "refit": true}
{"timestamp": "20:23:50.980071", "frame": 63, "mu": [-0.5614195427334215, 1.0034273433847871, 1.4935631857176137], "Sigma": [[0.0018675895182411605, -0.0013915325376310254, -0.0020524081736779], [-0.0013915325376310254, 0.002591364799524519, 0.0024805307986454023], [-0.0020524081736779, 0.0024805307986454023, 0.027117393720758356]], "chi2_level": 0.95, "chi2_df": 3, "chi2_threshold": 7.814727903251179, "N_raw": 30, "N_roi": 30, "N_inlier": 27, "refit": true}
{"timestamp": "20:23:51.038371", "frame": 64, "mu": [-0.5565379256495014, 1.0584912933714845, -0.45559460849985217], "Sigma": [[0.0022151048306363916, -0.0014471287666467892, -0.001986749058563558], [-0.0014471287666467892, 0.004629730547795664, -0.0016342555753011377], [-0.0019867490585635575, -0.0016342555753011377, 0.010771777016815162]], "chi2_level": 0.95, "chi2_df": 3, "chi2_threshold": 7.814727903251179, "N_raw": 37, "N_roi": 37, "N_inlier": 34, "refit": true}
{"timestamp": "20:23:51.094958", "frame": 65, "mu": [-0.5918649863717821, 0.9899496951117122, 1.3942620660520988], "Sigma": [[0.003798273101845071, -0.0019298720888038185, -0.0022425504555047544], [-0.0019298720888038185, 0.00276191385476265, -0.0003737039660960555], [-0.002242550455504755, -0.0003737039660960554, 0.012707498195762779]], "chi2_level": 0.95, "chi2_df": 3, "chi2_threshold": 7.814727903251179, "N_raw": 63, "N_roi": 63, "N_inlier": 58, "refit": true}
{"timestamp": "20:23:51.198435", "frame": 67, "mu": [-0.6532306289561786, 1.0475931383758381, 1.3474003802459742], "Sigma": [[0.0007768827363361676, -0.0008498301562462112, 0.00019009692892522502], [-0.000849830156246211, 0.008707488336728702, -0.004547906714426756], [0.000190096928925225, -0.004547906714426756, 0.003173054753236798]], "chi2_level": 0.95, "chi2_df": 3, "chi2_threshold": 7.814727903251179, "N_raw": 22, "N_roi": 22, "N_inlier": 20, "refit": true}
{"timestamp": "20:23:51.257796", "frame": 68, "mu": [-0.691334702964348, 0.9671631721535532, 1.178681882876623], "Sigma": [[0.0042078327316353884, -0.0009579520310503623, -0.01147027720143548], [-0.0009579520310503621, 0.00404882301721246, -0.0021158704096607217], [-0.011470277201435482, -0.002115870409660722, 0.07403411634455359]], "chi2_level": 0.95, "chi2_df": 3, "chi2_threshold": 7.814727903251179, "N_raw": 55, "N_roi": 55, "N_inlier": 50, "refit": true}
{"timestamp": "20:23:51.306964", "frame": 69, "mu": [-0.8074038735196984, 1.0675032983854211, 1.354058890169255], "Sigma": [[0.009195452055976668, -0.005430254601051538, -0.023854760587827692], [-0.005430254601051538, 0.009558601961405877, 0.005687260356580671], [-0.023854760587827692, 0.005687260356580671, 0.09736677076278852]], "chi2_level": 0.95, "chi2_df": 3, "chi2_threshold": 7.814727903251179, "N_raw": 11, "N_roi": 11, "N_inlier": 11, "refit": true}
{"timestamp": "20:23:51.372661", "frame": 70, "mu": [-0.8917247296548558, 1.0241444016244112, 1.4656643395999576], "Sigma": [[0.02292573679585936, 0.00963293148773589, -0.03405857224319038], [0.00963293148773589, 0.008383367900019626, -0.01583546745571727], [-0.03405857224319038, -0.01583546745571727, 0.096932075074798]], "chi2_level": 0.95, "chi2_df": 3, "chi2_threshold": 7.814727903251179, "N_raw": 79, "N_roi": 79, "N_inlier": 77, "refit": true}
{"timestamp": "20:23:51.426267", "frame": 71, "mu": [-0.9889045458403358, 1.0113016448839407, 1.5675301085882651], "Sigma": [[0.022490512228779867, 0.013927237708128766, -0.03199074680000506], [0.013927237708128766, 0.013535044123154176, -0.020130703669603445], [-0.03199074680000506, -0.020130703669603445, 0.07383637509414587]], "chi2_level": 0.95, "chi2_df": 3, "chi2_threshold": 7.814727903251179, "N_raw": 67, "N_roi": 67, "N_inlier": 64, "refit": true}
{"timestamp": "20:23:51.483264", "frame": 72, "mu": [-1.0652331012294776, 1.0463105698338215, 0.1269343025591235], "Sigma": [[0.019865665961903672, 0.00955117870957603, 0.03865748243151688], [0.00955117870957603, 0.010653428702016366, 0.014042958942375176], [0.03865748243151688, 0.014042958942375174, 0.25357107764249626]], "chi2_level": 0.95, "chi2_df": 3, "chi2_threshold": 7.814727903251179, "N_raw": 87, "N_roi": 87, "N_inlier": 84, "refit": true}
{"timestamp": "20:23:51.540117", "frame": 73, "mu": [-1.0880666763439362, 0.9806455452695566, 1.5413432238323062], "Sigma": [[0.01626285478113484, 0.006851077340919659, -0.008101292733117653], [0.006851077340919659, 0.005865866029154958, -0.005258877055863847], [-0.008101292733117653, -0.005258877055863845, 0.00936870505095857]], "chi2_level": 0.95, "chi2_df": 3, "chi2_threshold": 7.814727903251179, "N_raw": 76, "N_roi": 76, "N_inlier": 70, "refit": true}
{"timestamp": "20:23:51.595598", "frame": 74, "mu": [-1.139019242768711, 1.0894887157598807, -0.41022373946483615], "Sigma": [[0.027056669898346423, 0.029102732092900496, -0.06359029300049515], [0.029102732092900496, 0.04738861508429108, -0.08765606362154486], [-0.06359029300049515, -0.08765606362154486, 0.2840437165012865]], "chi2_level": 0.95, "chi2_df": 3, "chi2_threshold": 7.814727903251179, "N_raw": 101, "N_roi": 101, "N_inlier": 95, "refit": true}
{"timestamp": "20:23:51.649603", "frame": 75, "mu": [-1.1793039635701754, 1.0278762718936625, 1.484699403102496], "Sigma": [[0.020351393378947376, 0.012929276522795675, -0.04590359862624627], [0.012929276522795675, 0.012281016349430185, -0.03340100511384739], [-0.04590359862624627, -0.03340100511384739, 0.2100498279682705]], "chi2_level": 0.95, "chi2_df": 3, "chi2_threshold": 7.814727903251179, "N_raw": 92, "N_roi": 92, "N_inlier": 87, "refit": true}
{"timestamp": "20:23:51.707937", "frame": 76, "mu": [-1.1633908919888183, 1.2028709955507908, -0.47199600518683754], "Sigma": [[0.019221052912303874, 0.028330100605861573, -0.03624294373048671], [0.028330100605861573, 0.0693309187216405, -0.10723734595406198], [-0.03624294373048671, -0.10723734595406198, 0.22605379379557158]], "chi2_level": 0.95, "chi2_df": 3, "chi2_threshold": 7.814727903251179, "N_raw": 119, "N_roi": 119, "N_inlier": 118, "refit": true}
{"timestamp": "20:23:51.757281", "frame": 77, "mu": [-1.1811438296499, 1.063200161887657, 1.2048826388839031], "Sigma": [[0.03232308514357486, 0.021430102123655145, -0.062341747636669616], [0.021430102123655145, 0.027926894564606758, -0.08115085235508077], [-0.06234174763666962, -0.08115085235508077, 0.26638896896964925]], "chi2_level": 0.95, "chi2_df": 3, "chi2_threshold": 7.814727903251179, "N_raw": 75, "N_roi": 75, "N_inlier": 74, "refit": true}
{"timestamp": "20:23:51.816463", "frame": 78, "mu": [-1.2376949046334205, 1.126033435468585, -0.23752661737941821], "Sigma": [[0.02803225793614323, 0.017776387082420818, -0.007432617428254234], [0.017776387082420818, 0.020072226669351496, -0.0048763427760276975], [-0.007432617428254235, -0.0048763427760276975, 0.010913262925265869]], "chi2_level": 0.95, "chi2_df": 3, "chi2_threshold": 7.814727903251179, "N_raw": 111, "N_roi": 111, "N_inlier": 108, "refit": true}
{"timestamp": "20:23:51.865252", "frame": 79, "mu": [-1.2860598492365405, 1.0386785276772197, 1.4959657880366701], "Sigma": [[0.03226399507908376, 0.011969175705051283, -0.025843977406809097], [0.011969175705051283, 0.009612581710666342, -0.02034439274628832], [-0.025843977406809097, -0.02034439274628832, 0.049332041237527116]], "chi2_level": 0.95, "chi2_df": 3, "chi2_threshold": 7.814727903251179, "N_raw": 61, "N_roi": 59, "N_inlier": 57, "refit": true}
{"timestamp": "20:23:51.923273", "frame": 80, "mu": [-1.3392219004109505, 1.0410658561963189, 1.5585730686061794], "Sigma": [[0.025496164374591183, 0.013031652767911711, -0.01398937831227306], [0.013031652767911711, 0.011351549877172788, -0.010626666192395533], [-0.013989378312273062, -0.010626666192395533, 0.011501980626025114]], "chi2_level": 0.95, "chi2_df": 3, "chi2_threshold": 7.814727903251179, "N_raw": 87, "N_roi": 87, "N_inlier": 85, "refit": true}
{"timestamp": "20:23:51.972516", "frame": 81, "mu": [-1.453044970072387, 1.0805222246579649, -0.3227295263447405], "Sigma": [[0.01349994445953157, 0.01191461724212017, -0.004275191185131154], [0.01191461724212017, 0.015564089014389134, -0.01265504603445387], [-0.0042751911851311546, -0.01265504603445387, 0.019819922442987296]], "chi2_level": 0.95, "chi2_df": 3, "chi2_threshold": 7.814727903251179, "N_raw": 48, "N_roi": 48, "N_inlier": 44, "refit": true}
{"timestamp": "20:23:52.032038", "frame": 82, "mu": [-1.3738844719854164, 1.057454462952853, 1.356912711083699], "Sigma": [[0.03382201044894407, 0.019034712827217137, -0.014120222156613627], [0.01903471282721714, 0.017104759178963588, -0.007979253196239598], [-0.014120222156613627, -0.0079792531962396, 0.009227522000647654]], "chi2_level": 0.95, "chi2_df": 3, "chi2_threshold": 7.814727903251179, "N_raw": 78, "N_roi": 78, "N_inlier": 71, "refit": true}
{"timestamp": "20:23:52.085147", "frame": 83, "mu": [-1.2750146954948751, 1.3117639557656426, -0.12243017735846204], "Sigma": [[0.04543207133679656, 0.03102620505209631, -0.02592511866212372], [0.03102620505209631, 0.02656246424640355, -0.017302567454653996], [-0.02592511866212372, -0.017302567454653993, 0.015822302353648947]], "chi2_level": 0.95, "chi2_df": 3, "chi2_threshold": 7.814727903251179, "N_raw": 59, "N_roi": 59, "N_inlier": 54, "refit": true}
{"timestamp": "20:23:52.149427", "frame": 84, "mu": [-1.1509524899135661, 1.2814465882577357, 0.9914515252381957], "Sigma": [[0.017716643362823244, 0.006402538375470782, -0.019917037054078542], [0.006402538375470782, 0.007216135241291608, 5.503735144875548e-06], [-0.019917037054078546, 5.5037351448751146e-06, 0.20395492488195624]], "chi2_level": 0.95, "chi2_df": 3, "chi2_threshold": 7.814727903251179, "N_raw": 121, "N_roi": 121, "N_inlier": 111, "refit": true}
{"timestamp": "20:23:52.195968", "frame": 85, "mu": [-1.3498284625592825, 1.472467628754705, -0.6267097348192996], "Sigma": [[0.039187462767092146, 0.053916770816912526, -0.0904413635130457], [0.053916770816912526, 0.08640865821233393, -0.1542437516960531], [-0.0904413635130457, -0.1542437516960531, 0.3205735121234133]], "chi2_level": 0.95, "chi2_df": 3, "chi2_threshold": 7.814727903251179, "N_raw": 67, "N_roi": 67, "N_inlier": 64, "refit": true}
{"timestamp": "20:23:52.248456", "frame": 86, "mu": [-1.3430655072108584, 1.38914171846394, -0.05165955479551588], "Sigma": [[0.051325499006699124, 0.041150537526998064, -0.03582354458587705], [0.04115053752699806, 0.036862077386189074, -0.03228025602064062], [-0.03582354458587705, -0.03228025602064062, 0.034507400958321804]], "chi2_level": 0.95, "chi2_df": 3, "chi2_threshold": 7.814727903251179, "N_raw": 54, "N_roi": 54, "N_inlier": 50, "refit": true}
{"timestamp": "20:23:52.302646", "frame": 87, "mu": [-1.2629793878783928, 1.6041299986341364, -0.4111919148823936], "Sigma": [[0.035733937363957385, 0.03412964645630275, -0.044331060544190844], [0.03412964645630275, 0.04857380933595984, -0.10351729427553581], [-0.044331060544190844, -0.10351729427553581, 0.33673892140716694]], "chi2_level": 0.95, "chi2_df": 3, "chi2_threshold": 7.814727903251179, "N_raw": 46, "N_roi": 46, "N_inlier": 45, "refit": true}
{"timestamp": "20:23:52.359193", "frame": 88, "mu": [-1.4153804463667656, 1.5376137423560199, -0.37881125891898376], "Sigma": [[0.05551667948841628, 0.06813502074758267, -0.09383898528880036], [0.06813502074758268, 0.0942713155824955, -0.13803003136257166], [-0.09383898528880036, -0.13803003136257166, 0.24755726070977965]], "chi2_level": 0.95, "chi2_df": 3, "chi2_threshold": 7.814727903251179, "N_raw": 55, "N_roi": 55, "N_inlier": 52, "refit": true}
{"timestamp": "20:23:52.415352", "frame": 89, "mu": [-1.1511890955910782, 1.6860256383149925, -0.1787047826715026], "Sigma": [[0.007353898221798925, 0.002697971923597957, -0.004792934080693997], [0.002697971923597957, 0.00827388113692634, -0.0028010392281870855], [-0.004792934080693997, -0.0028010392281870855, 0.0038768107046514063]], "chi2_level": 0.95, "chi2_df": 3, "chi2_threshold": 7.814727903251179, "N_raw": 63, "N_roi": 63, "N_inlier": 59, "refit": true}
{"timestamp": "20:23:52.472815", "frame": 90, "mu": [-1.1872068913947533, 1.7005898791809875, -0.18948601638073767], "Sigma": [[0.00965287507911443, 0.0012688660134933122, -0.004097987448936442], [0.001268866013493312, 0.007853999826328043, -0.003596121878573795], [-0.004097987448936442, -0.003596121878573795, 0.004069012810667324]], "chi2_level": 0.95, "chi2_df": 3, "chi2_threshold": 7.814727903251179, "N_raw": 79, "N_roi": 79, "N_inlier": 69, "refit": true}
{"timestamp": "20:23:52.526461", "frame": 91, "mu": [-1.186230673237478, 1.674371759761025, 1.4068210873496638], "Sigma": [[0.008863506475114566, -0.0007741310200332705, -0.00513851307654122], [-0.0007741310200332708, 0.005283021198290339, -0.004197597082075202], [-0.00513851307654122, -0.004197597082075202, 0.010797336646186545]], "chi2_level": 0.95, "chi2_df": 3, "chi2_threshold": 7.814727903251179, "N_raw": 68, "N_roi": 68, "N_inlier": 65, "refit": true}
{"timestamp": "20:23:52.579214", "frame": 92, "mu": [-1.1469840697216167, 1.7727748101073286, -0.17148149842228], "Sigma": [[0.007952764227576506, 0.00018599727802255683, -0.004127894935483975], [0.00018599727802255683, 0.00434217782595765, -0.0011083563065694161], [-0.004127894935483975, -0.0011083563065694163, 0.0031035041208101136]], "chi2_level": 0.95, "chi2_df": 3, "chi2_threshold": 7.814727903251179, "N_raw": 51, "N_roi": 51, "N_inlier": 46, "refit": true}
{"timestamp": "20:23:52.629508", "frame": 93, "mu": [-1.2741398207141215, 1.8175631009376538, -0.3464085686509504], "Sigma": [[0.05620390109815392, 0.05285034705272916, -0.05815949169969008], [0.05285034705272916, 0.07275416100560025, -0.1024365441127714], [-0.05815949169969008, -0.1024365441127714, 0.16860899271439464]], "chi2_level": 0.95, "chi2_df": 3, "chi2_threshold": 7.814727903251179, "N_raw": 23, "N_roi": 23, "N_inlier": 20, "refit": true}
{"timestamp": "20:23:52.687282", "frame": 94, "mu": [-1.2026046785770808, 1.8709724009979187, -0.1612440313669171], "Sigma": [[0.006740787079733391, 0.0018049155125738276, -0.0029313550784076207], [0.0018049155125738276, 0.006579222421046594, -0.0019187018741014163], [-0.0029313550784076207, -0.0019187018741014163, 0.0029765393955919293]], "chi2_level": 0.95, "chi2_df": 3, "chi2_threshold": 7.814727903251179, "N_raw": 49, "N_roi": 49, "N_inlier": 47, "refit": true}
{"timestamp": "20:23:52.744177", "frame": 95, "mu": [-1.2160982376427119, 1.956531747900815, -0.25629688736409983], "Sigma": [[0.005865786353130877, 0.0012497559535430245, -0.005434012572956148], [0.0012497559535430247, 0.005313309256892774, -0.012688043100505062], [-0.005434012572956148, -0.012688043100505062, 0.05327502333157823]], "chi2_level": 0.95, "chi2_df": 3, "chi2_threshold": 7.814727903251179, "N_raw": 50, "N_roi": 50, "N_inlier": 47, "refit": true}
{"timestamp": "20:23:52.803247", "frame": 96, "mu": [-1.2328313690599753, 2.0060170160326813, -0.19254562130326433], "Sigma": [[0.009951727619535528, 0.0024599098574537965, -0.0036252943393394075], [0.0024599098574537965, 0.00893682475120317, -0.0175750826970427], [-0.0036252943393394075, -0.0175750826970427, 0.06593174100281549]], "chi2_level": 0.95, "chi2_df": 3, "chi2_threshold": 7.814727903251179, "N_raw": 85, "N_roi": 85, "N_inlier": 81, "refit": true}
{"timestamp": "20:23:52.857723", "frame": 97, "mu": [-1.2653460246659747, 1.9434843516430758, 1.3521676750539258], "Sigma": [[0.00838223315206103, 0.0011030686052398138, -0.007381050157469758], [0.001103068605239814, 0.006813357269629503, -0.003675488924273664], [-0.007381050157469759, -0.003675488924273664, 0.05242318049188838]], "chi2_level": 0.95, "chi2_df": 3, "chi2_threshold": 7.814727903251179, "N_raw": 77, "N_roi": 77, "N_inlier": 74, "refit": true}
{"timestamp": "20:23:52.904777", "frame": 98, "mu": [-1.215381837340954, 2.1438112293968983, -0.5666548436053155], "Sigma": [[0.00345371326174295, -0.0017991815668489057, 0.000321933767462982], [-0.0017991815668489054, 0.012001398796187187, -0.04038469415281592], [0.00032193376746298243, -0.04038469415281592, 0.20427318602117714]], "chi2_level": 0.95, "chi2_df": 3, "chi2_threshold": 7.814727903251179, "N_raw": 25, "N_roi": 25, "N_inlier": 25, "refit": true}
{"timestamp": "20:23:52.965843", "frame": 99, "mu": [-1.225852233534697, 2.165859145070735, -0.3260753781923257], "Sigma": [[0.006248875060505476, 0.00046437487345912836, -0.001039784777683917], [0.00046437487345912847, 0.015226482104367204, -0.038606943360998784], [-0.0010397847776839172, -0.038606943360998784, 0.1405826129720156]], "chi2_level": 0.95, "chi2_df": 3, "chi2_threshold": 7.814727903251179, "N_raw": 73, "N_roi": 73, "N_inlier": 72, "refit": true}
{"timestamp": "20:23:53.375107", "frame": 100, "mu": [-1.269190511826819, 2.165785398709924, -0.08967276407910581], "Sigma": [[0.012806577053844618, 0.000754285378749827, -0.004037359685860163], [0.0007542853787498268, 0.007937372951077777, -0.01408280481483407], [-0.004037359685860163, -0.014082804814834069, 0.04528830439301723]], "chi2_level": 0.95, "chi2_df": 3, "chi2_threshold": 7.814727903251179, "N_raw": 70, "N_roi": 70, "N_inlier": 65, "refit": true}
{"timestamp": "20:23:53.388364", "frame": 101, "mu": [-1.1949787109379724, 2.2632223978257695, -0.28431349332152944], "Sigma": [[0.008564370625754053, 0.000874355937911046, 7.455796862568676e-05], [0.0008743559379110459, 0.01547581642550335, -0.03664615712666081], [7.455796862568633e-05, -0.03664615712666082, 0.1120314587382705]], "chi2_level": 0.95, "chi2_df": 3, "chi2_threshold": 7.814727903251179, "N_raw": 55, "N_roi": 55, "N_inlier": 55, "refit": true}
{"timestamp": "20:23:53.419952", "frame": 102, "mu": [-1.2618914133916588, 2.2195798038200234, -0.07776285641081787], "Sigma": [[0.010669843435408378, 0.002084945322883882, -0.0026388349375046608], [0.002084945322883882, 0.005982905049756306, 0.00015793876495418294], [-0.00263883493750466, 0.0001579387649541831, 0.014469098515512905]], "chi2_level": 0.95, "chi2_df": 3, "chi2_threshold": 7.814727903251179, "N_raw": 55, "N_roi": 55, "N_inlier": 49, "refit": true}
