{"timestamp": "19:57:21.305971", "frame": 14, "mu": [2.308325306953089, 4.4591285450297695, 0.14480808937435813], "Sigma": [[0.01268718536375431, -0.00470976270517263, -0.000811752408562011], [-0.00470976270517263, 0.003939298220622113, 0.0004722020990183007], [-0.0008117524085620112, 0.0004722020990183007, 0.0002641380297314726]], "chi2_level": 0.95, "chi2_df": 3, "chi2_threshold": 7.814727903251179, "N_raw": 27, "N_roi": 19, "N_inlier": 17, "refit": true}
{"timestamp": "19:57:21.360232", "frame": 15, "mu": [2.306142754180645, 4.324411683855307, 1.1033096334815673], "Sigma": [[0.006489637628466475, -0.00358945367562006, -0.005657139268680398], [-0.00358945367562006, 0.0040181433010305035, 0.0019845234532744503], [-0.005657139268680398, 0.0019845234532744503, 0.006774568627242406]], "chi2_level": 0.95, "chi2_df": 3, "chi2_threshold": 7.814727903251179, "N_raw": 15, "N_roi": 10, "N_inlier": 10, "refit": true}
{"timestamp": "19:57:21.579873", "frame": 19, "mu": [2.136117321046237, 4.35467531025921, 0.19046481736804316], "Sigma": [[0.009100027981022682, -0.002943139072106025, -0.005322232372734371], [-0.002943139072106025, 0.004586857145659542, 0.0009048581736536891], [-0.005322232372734371, 0.0009048581736536893, 0.0043906300518419305]], "chi2_level": 0.95, "chi2_df": 3, "chi2_threshold": 7.814727903251179, "N_raw": 15, "N_roi": 13, "N_inlier": 13, "refit": true}
{"timestamp": "19:57:21.803641", "frame": 23, "mu": [1.7643470461227901, 4.40102854547446, 1.2707359937818492], "Sigma": [[0.01947982217422233, -0.007859474024477047, -0.008272719022662245], [-0.007859474024477047, 0.006194387813314723, 0.0016411929457557407], [-0.008272719022662245, 0.0016411929457557407, 0.006789393767080882]], "chi2_level": 0.95, "chi2_df": 3, "chi2_threshold": 7.814727903251179, "N_raw": 35, "N_roi": 35, "N_inlier": 34, "refit": true}
{"timestamp": "19:57:21.858862", "frame": 24, "mu": [1.6865801964822817, 4.2957395786362875, 1.0704684633747632], "Sigma": [[0.01143435152119929, -0.008469616956468317, -0.013804144303047609], [-0.008469616956468317, 0.00983292566842161, 0.013966229665158068], [-0.013804144303047607, 0.013966229665158066, 0.021933263370261278]], "chi2_level": 0.95, "chi2_df": 3, "chi2_threshold": 7.814727903251179, "N_raw": 23, "N_roi": 20, "N_inlier": 19, "refit": true}
{"timestamp": "19:57:21.915495", "frame": 25, "mu": [1.7230815173624054, 4.41527955163313, -0.0124321628764085], "Sigma": [[0.02384910411599709, -0.006530041935353505, -0.01171019239531847], [-0.006530041935353505, 0.00520219316456449, 0.0023355562702109534], [-0.011710192395318468, 0.0023355562702109534, 0.007658536460997256]], "chi2_level": 0.95, "chi2_df": 3, "chi2_threshold": 7.814727903251179, "N_raw": 35, "N_roi": 35, "N_inlier": 35, "refit": true}
{"timestamp": "19:57:21.967117", "frame": 26, "mu": [1.6786470811154361, 4.2140778928064835, 0.6254901401767898], "Sigma": [[0.016343027232910166, -0.0071292946144305945, -0.0029686407079960015], [-0.007129294614430595, 0.0039097700604025275, 0.001363768156583145], [-0.0029686407079960015, 0.001363768156583145, 0.0013972349634849693]], "chi2_level": 0.95, "chi2_df": 3, "chi2_threshold": 7.814727903251179, "N_raw": 15, "N_roi": 14, "N_inlier": 12, "refit": true}
{"timestamp": "19:57:22.078725", "frame": 28, "mu": [1.478276183270655, 4.244228329280791, 0.5996745434834421], "Sigma": [[0.016236524909774102, -0.008882569845961013, -0.00796349666220862], [-0.008882569845961013, 0.0069229640159015554, 0.004550920815466463], [-0.00796349666220862, 0.004550920815466463, 0.006592543442287129]], "chi2_level": 0.95, "chi2_df": 3, "chi2_threshold": 7.814727903251179, "N_raw": 24, "N_roi": 21, "N_inlier": 20, "refit": true}
{"timestamp": "19:57:22.134094", "frame": 29, "mu": [1.3185495316182698, 4.317605178112151, 0.9848436798970244], "Sigma": [[0.011029922457457379, -0.00428732557656699, -0.0005612281064109965], [-0.00428732557656699, 0.004681688872300616, -0.00038982993872423665], [-0.0005612281064109966, -0.00038982993872423665, 0.0011087467782668024]], "chi2_level": 0.95, "chi2_df": 3, "chi2_threshold": 7.814727903251179, "N_raw": 29, "N_roi": 27, "N_inlier": 24, "refit": true}
{"timestamp": "19:57:22.189378", "frame": 30, "mu": [1.3058003289701987, 4.252390064055099, 0.8056053134881859], "Sigma": [[0.014123365583835005, -0.006512933502252808, -0.008672699734960845], [-0.006512933502252807, 0.005205641218590423, 0.002308530147116201], [-0.008672699734960845, 0.0023085301471162016, 0.009445750965558367]], "chi2_level": 0.95, "chi2_df": 3, "chi2_threshold": 7.814727903251179, "N_raw": 33, "N_roi": 32, "N_inlier": 28, "refit": true}
{"timestamp": "19:57:22.244628", "frame": 31, "mu": [1.1985885374497618, 4.289009216784833, 0.8584107354687833], "Sigma": [[0.01794915321385925, -0.0049916982463684674, -0.008892531566209531], [-0.0049916982463684674, 0.003447669876380506, 0.0010305509245053359], [-0.008892531566209531, 0.0010305509245053359, 0.007361964589068528]], "chi2_level": 0.95, "chi2_df": 3, "chi2_threshold": 7.814727903251179, "N_raw": 31, "N_roi": 29, "N_inlier": 29, "refit": true}
{"timestamp": "19:57:22.463128", "frame": 35, "mu": [0.7836008153347211, 4.263368441508231, 0.9153581573676548], "Sigma": [[0.017273843608803366, -0.004086041432799607, -0.006590201696822723], [-0.004086041432799607, 0.004290548588523552, 0.003514857327470361], [-0.006590201696822722, 0.0035148573274703604, 0.004371014009828435]], "chi2_level": 0.95, "chi2_df": 3, "chi2_threshold": 7.814727903251179, "N_raw": 28, "N_roi": 28, "N_inlier": 27, "refit": true}
{"timestamp": "19:57:23.076995", "frame": 46, "mu": [-0.0443132209722935, 4.452986517040446, 1.2165918792599164], "Sigma": [[0.02217386708916367, 0.00014765085666129348, -0.005420862864645065], [0.0001476508566612938, 0.0065649595710016205, 0.005165619141098416], [-0.005420862864645065, 0.005165619141098416, 0.0064860627359843645]], "chi2_level": 0.95, "chi2_df": 3, "chi2_threshold": 7.814727903251179, "N_raw": 87, "N_roi": 49, "N_inlier": 46, "refit": true}
{"timestamp": "19:57:23.129225", "frame": 47, "mu": [-0.1432285843080168, 4.432946193186117, 1.099110223792218], "Sigma": [[0.023785133733438032, -0.002296838431328553, -0.006859032779948086], [-0.002296838431328553, 0.004522159994355546, 8.724502704580186e-06], [-0.006859032779948087, 8.724502704580267e-06, 0.003427475656361162]], "chi2_level": 0.95, "chi2_df": 3, "chi2_threshold": 7.814727903251179, "N_raw": 55, "N_roi": 49, "N_inlier": 46, "refit": true}
{"timestamp": "19:57:23.234059", "frame": 49, "mu": [-0.28691248949534687, 4.470762704776445, 0.9377320252481213], "Sigma": [[0.007219393638689004, 0.004394299054954946, -0.017446955484503535], [0.004394299054954946, 0.010204213148317041, -0.02651315377289519], [-0.017446955484503535, -0.02651315377289519, 0.07877161094965408]], "chi2_level": 0.95, "chi2_df": 3, "chi2_threshold": 7.814727903251179, "N_raw": 27, "N_roi": 15, "N_inlier": 15, "refit": true}
{"timestamp": "19:57:23.289220", "frame": 50, "mu": [-0.30837132145300516, 4.460157747562836, 1.1232396899231958], "Sigma": [[0.013705303472857614, 0.00092284680727876, -0.0014708689574680174], [0.0009228468072787596, 0.0027713571643572625, -0.0001271670479590892], [-0.0014708689574680174, -0.00012716704795908917, 0.0003550726352865043]], "chi2_level": 0.95, "chi2_df": 3, "chi2_threshold": 7.814727903251179, "N_raw": 29, "N_roi": 26, "N_inlier": 24, "refit": true}
{"timestamp": "19:57:23.342678", "frame": 51, "mu": [-0.4577030886029084, 4.397962773828929, 1.074696032883975], "Sigma": [[0.02167743639942294, 5.370900418879063e-05, -0.009813012656069178], [5.370900418879068e-05, 0.0013122426868665928, -0.0008144634296872516], [-0.009813012656069178, -0.0008144634296872514, 0.00697644519550968]], "chi2_level": 0.95, "chi2_df": 3, "chi2_threshold": 7.814727903251179, "N_raw": 27, "N_roi": 24, "N_inlier": 24, "refit": true}
{"timestamp": "19:57:23.398900", "frame": 52, "mu": [-0.5785995965649364, 4.3863225725565425, 1.0858376784130899], "Sigma": [[0.019862635096388824, 0.0005967938448412501, -0.007666226494003855], [0.0005967938448412497, 0.0011542895091625534, -0.0014782056978606176], [-0.007666226494003855, -0.0014782056978606178, 0.0064699692542196235]], "chi2_level": 0.95, "chi2_df": 3, "chi2_threshold": 7.814727903251179, "N_raw": 29, "N_roi": 25, "N_inlier": 22, "refit": true}
{"timestamp": "19:57:23.451849", "frame": 53, "mu": [-0.6725523285217124, 4.468578144136355, 1.0558186716913915], "Sigma": [[0.019524362570447963, 0.0020481072500476475, -0.006959221817112265], [0.0020481072500476475, 0.0027775993919681168, 0.00028652751289502275], [-0.006959221817112265, 0.00028652751289502253, 0.0050103644336074475]], "chi2_level": 0.95, "chi2_df": 3, "chi2_threshold": 7.814727903251179, "N_raw": 18, "N_roi": 18, "N_inlier": 17, "refit": true}
{"timestamp": "19:57:23.511898", "frame": 54, "mu": [-0.7655855537085529, 4.509223434504738, 0.29911969600359534], "Sigma": [[0.028693140294425643, 0.004501906317690022, -0.006270128371017515], [0.004501906317690022, 0.006092420131499093, -0.0005130967847137179], [-0.006270128371017515, -0.0005130967847137182, 0.0026464531163777226]], "chi2_level": 0.95, "chi2_df": 3, "chi2_threshold": 7.814727903251179, "N_raw": 54, "N_roi": 52, "N_inlier": 49, "refit": true}
{"timestamp": "19:57:23.561272", "frame": 55, "mu": [-0.7903381558885735, 4.435873186007604, 0.8782046505925916], "Sigma": [[0.019369805400407603, 0.005230026324884136, -0.05140074980571454], [0.005230026324884134, 0.0034214597547614005, -0.016774084471891104], [-0.05140074980571454, -0.016774084471891104, 0.1752290927607447]], "chi2_level": 0.95, "chi2_df": 3, "chi2_threshold": 7.814727903251179, "N_raw": 13, "N_roi": 13, "N_inlier": 13, "refit": true}
{"timestamp": "19:57:23.619323", "frame": 56, "mu": [-0.9026287706474607, 4.485126779783827, 1.3112825354937603], "Sigma": [[0.01678005275894153, 0.004130747720625533, -0.0017291265157654875], [0.004130747720625533, 0.0043560279401875955, -7.084893169143282e-05], [-0.0017291265157654875, -7.08489316914328e-05, 0.00038611670696255874]], "chi2_level": 0.95, "chi2_df": 3, "chi2_threshold": 7.814727903251179, "N_raw": 33, "N_roi": 31, "N_inlier": 29, "refit": true}
{"timestamp": "19:57:23.673145", "frame": 57, "mu": [-0.9803092875275757, 4.417300303540744, 1.2195723144693877], "Sigma": [[0.013109629322486242, 6.330274294083933e-05, -0.007283781520965655], [6.330274294083922e-05, 0.001296727612654323, -0.0016705140439030697], [-0.007283781520965655, -0.0016705140439030697, 0.009451765431672449]], "chi2_level": 0.95, "chi2_df": 3, "chi2_threshold": 7.814727903251179, "N_raw": 25, "N_roi": 23, "N_inlier": 20, "refit": true}
{"timestamp": "19:57:23.948427", "frame": 62, "mu": [-1.2458450086341355, 4.572137862833791, 0.39329645726688495], "Sigma": [[0.010082355489592966, 0.0013176475740404236, -0.00826617959397332], [0.0013176475740404236, 0.003182622052863196, 0.0034020149436004166], [-0.008266179593973319, 0.003402014943600416, 0.01621398823869223]], "chi2_level": 0.95, "chi2_df": 3, "chi2_threshold": 7.814727903251179, "N_raw": 24, "N_roi": 23, "N_inlier": 20, "refit": true}
{"timestamp": "19:57:24.167940", "frame": 66, "mu": [-1.540235179587399, 4.3964000233576055, 0.9032923038018683], "Sigma": [[0.013607423099995027, 0.001978351933787007, -0.008999945646127782], [0.001978351933787007, 0.0027329004012171827, -0.0007856414625008274], [-0.008999945646127782, -0.0007856414625008272, 0.00706807221121015]], "chi2_level": 0.95, "chi2_df": 3, "chi2_threshold": 7.814727903251179, "N_raw": 26, "N_roi": 25, "N_inlier": 22, "refit": true}
{"timestamp": "19:57:24.221154", "frame": 67, "mu": [-1.684489426323561, 4.518738138056904, 0.08936223927332523], "Sigma": [[0.010538858652562101, 0.007752421272693156, -0.0064456891334704475], [0.007752421272693156, 0.011649934086655796, -0.011157439755338104], [-0.0064456891334704475, -0.011157439755338104, 0.011624614515933242]], "chi2_level": 0.95, "chi2_df": 3, "chi2_threshold": 7.814727903251179, "N_raw": 12, "N_roi": 12, "N_inlier": 10, "refit": true}
{"timestamp": "19:57:24.277986", "frame": 68, "mu": [-1.7338081054101524, 4.407548832748135, 1.0433456961487146], "Sigma": [[0.02266524101281434, 0.0044753058218856764, -0.014496040089703878], [0.0044753058218856764, 0.0029969604629749053, -0.0024276342295377765], [-0.014496040089703878, -0.0024276342295377765, 0.010332553337286223]], "chi2_level": 0.95, "chi2_df": 3, "chi2_threshold": 7.814727903251179, "N_raw": 24, "N_roi": 24, "N_inlier": 23, "refit": true}
{"timestamp": "19:57:24.333144", "frame": 69, "mu": [-1.6440842733607335, 4.631156255223669, 0.34052255210322807], "Sigma": [[0.020917854929427625, 0.007652625840008287, -0.020843157141810432], [0.007652625840008287, 0.006457155687213895, -0.015372101115145793], [-0.020843157141810432, -0.015372101115145793, 0.04470649137656478]], "chi2_level": 0.95, "chi2_df": 3, "chi2_threshold": 7.814727903251179, "N_raw": 24, "N_roi": 24, "N_inlier": 22, "refit": true}
