{"timestamp": "16:46:36.937979", "frame": 17, "mu": [2.0326226923538595, 2.166976361650949, 1.000657500653897], "Sigma": [[0.006625247351648923, -0.006624104092022763, -0.0009204870274706802], [-0.006624104092022763, 0.007174034538934333, -0.0006200600922127294], [-0.0009204870274706805, -0.00062006009221273, 0.03039274600419468]], "chi2_level": 0.99, "chi2_df": 3, "chi2_threshold": 11.344866730144373, "N_raw": 24, "N_roi": 24, "N_inlier": 24, "refit": true}
{"timestamp": "16:46:36.994681", "frame": 18, "mu": [2.0024589741822525, 2.0953357378557844, 0.8247402743263841], "Sigma": [[0.009377814429694969, -0.008754016561131967, -0.002619079667877418], [-0.008754016561131967, 0.010351132097709057, 0.0020687245983293636], [-0.002619079667877418, 0.0020687245983293636, 0.0036867400238582964]], "chi2_level": 0.99, "chi2_df": 3, "chi2_threshold": 11.344866730144373, "N_raw": 25, "N_roi": 25, "N_inlier": 23, "refit": true}
{"timestamp": "16:46:37.157170", "frame": 21, "mu": [1.8626814632630198, 2.1635106660550254, 0.9398683869786194], "Sigma": [[0.00428142779586758, -0.007294677748460784, -0.00140116358729531], [-0.007294677748460784, 0.016649261517935693, 0.0004781780598721885], [-0.0014011635872953104, 0.0004781780598721884, 0.035804203638232245]], "chi2_level": 0.99, "chi2_df": 3, "chi2_threshold": 11.344866730144373, "N_raw": 10, "N_roi": 10, "N_inlier": 10, "refit": true}
{"timestamp": "16:46:37.216003", "frame": 22, "mu": [1.8491004473604473, 2.1789158517321687, 1.2303718888666377], "Sigma": [[0.009291281918556332, -0.008558716583941119, -0.00392528143939668], [-0.008558716583941119, 0.010820977470747251, 0.010234641939274484], [-0.00392528143939668, 0.010234641939274484, 0.06281014788873052]], "chi2_level": 0.99, "chi2_df": 3, "chi2_threshold": 11.344866730144373, "N_raw": 35, "N_roi": 34, "N_inlier": 33, "refit": true}
{"timestamp": "16:46:37.268562", "frame": 23, "mu": [1.7705464245623854, 2.2257326198965, 0.8882618286956486], "Sigma": [[0.002662382723977738, -0.0035821078866098708, -0.0009038059943063454], [-0.0035821078866098708, 0.012950931680926562, -0.011728983044940793], [-0.0009038059943063456, -0.011728983044940793, 0.03114053454549684]], "chi2_level": 0.99, "chi2_df": 3, "chi2_threshold": 11.344866730144373, "N_raw": 12, "N_roi": 12, "N_inlier": 12, "refit": true}
{"timestamp": "16:46:37.324555", "frame": 24, "mu": [1.6558947300529812, 2.2871900838953674, 1.1118338464997186], "Sigma": [[0.008688478450615803, -0.010599009196862007, 0.011798284225156164], [-0.010599009196862007, 0.017755219129594012, -0.021952377368622867], [0.011798284225156164, -0.021952377368622867, 0.03024162050990116]], "chi2_level": 0.99, "chi2_df": 3, "chi2_threshold": 11.344866730144373, "N_raw": 26, "N_roi": 26, "N_inlier": 25, "refit": true}
{"timestamp": "16:46:37.380283", "frame": 25, "mu": [1.5451701742249122, 2.3615680210582894, 0.9665872153305539], "Sigma": [[0.0077225835527913785, -0.008348957107393345, 0.0033029994081021667], [-0.008348957107393345, 0.0165661754329176, -0.0155181544486123], [0.0033029994081021667, -0.0155181544486123, 0.02854660102313063]], "chi2_level": 0.99, "chi2_df": 3, "chi2_threshold": 11.344866730144373, "N_raw": 28, "N_roi": 26, "N_inlier": 25, "refit": true}
{"timestamp": "16:46:37.435532", "frame": 26, "mu": [1.6092699116402203, 2.1141634072016005, 1.2381062115208876], "Sigma": [[0.007540675708949813, -0.00451561474035762, -0.002969303971222471], [-0.00451561474035762, 0.004593384869615805, -9.99101287158773e-05], [-0.002969303971222471, -9.991012871587751e-05, 0.005424989075414601]], "chi2_level": 0.99, "chi2_df": 3, "chi2_threshold": 11.344866730144373, "N_raw": 34, "N_roi": 32, "N_inlier": 29, "refit": true}
{"timestamp": "16:46:37.488460", "frame": 27, "mu": [1.5000951508990954, 2.0767686295811645, 1.3371896621937913], "Sigma": [[0.0019044533286655153, -0.0010977871206187995, -0.0037246033404757487], [-0.0010977871206187995, 0.00520884656985347, 0.006251895071209208], [-0.0037246033404757487, 0.006251895071209208, 0.0456547794517719]], "chi2_level": 0.99, "chi2_df": 3, "chi2_threshold": 11.344866730144373, "N_raw": 15, "N_roi": 15, "N_inlier": 14, "refit": true}
{"timestamp": "16:46:37.599469", "frame": 29, "mu": [1.424167396056325, 1.9868888387783619, 1.2441401055799726], "Sigma": [[0.005448372622305918, -0.0031130417258955394, -0.000648712232905816], [-0.0031130417258955394, 0.004898801974957772, 0.001173492511248484], [-0.000648712232905816, 0.001173492511248484, 0.0008801450344777159]], "chi2_level": 0.99, "chi2_df": 3, "chi2_threshold": 11.344866730144373, "N_raw": 23, "N_roi": 23, "N_inlier": 22, "refit": true}
{"timestamp": "16:46:37.660878", "frame": 30, "mu": [1.3474989317434591, 1.9448550950186672, 1.1311752449569563], "Sigma": [[0.010026712340589442, -0.001613747787697357, 0.0023662553289395096], [-0.0016137477876973574, 0.013782490891385673, 0.004820009070661063], [0.0023662553289395096, 0.004820009070661064, 0.009725751029846309]], "chi2_level": 0.99, "chi2_df": 3, "chi2_threshold": 11.344866730144373, "N_raw": 67, "N_roi": 67, "N_inlier": 64, "refit": true}
{"timestamp": "16:46:37.714755", "frame": 31, "mu": [1.2860955362589614, 1.958613741585595, 1.100267289895166], "Sigma": [[0.009672872276426193, -0.0003885038782063271, 0.001700208125527554], [-0.00038850387820632695, 0.015637778758397496, 0.00759263310201593], [0.0017002081255275542, 0.00759263310201593, 0.008683725589970881]], "chi2_level": 0.99, "chi2_df": 3, "chi2_threshold": 11.344866730144373, "N_raw": 63, "N_roi": 63, "N_inlier": 61, "refit": true}
{"timestamp": "16:46:37.772668", "frame": 32, "mu": [1.2242167776119108, 1.987975027287181, -0.6892164999525255], "Sigma": [[0.011649362847543908, -0.0021142047664223715, 0.02928796296459752], [-0.002114204766422372, 0.01169800238676834, -0.015552641680394445], [0.029287962964597517, -0.015552641680394448, 0.33880227771535437]], "chi2_level": 0.99, "chi2_df": 3, "chi2_threshold": 11.344866730144373, "N_raw": 76, "N_roi": 76, "N_inlier": 75, "refit": true}
{"timestamp": "16:46:37.829332", "frame": 33, "mu": [1.1857845953583879, 2.026501436057375, 1.2167139575039199], "Sigma": [[0.011804585184281386, -0.0002838628212169552, 0.0034560848834944823], [-0.00028386282121695475, 0.020991406016878295, 0.0160191468091068], [0.003456084883494482, 0.0160191468091068, 0.018116048323298106]], "chi2_level": 0.99, "chi2_df": 3, "chi2_threshold": 11.344866730144373, "N_raw": 86, "N_roi": 83, "N_inlier": 80, "refit": true}
{"timestamp": "16:46:37.881496", "frame": 34, "mu": [1.1753575671058927, 2.003103355522096, 1.2582389659371658], "Sigma": [[0.00946353802567151, -0.0017651338416300316, 0.0019453872731868605], [-0.0017651338416300316, 0.006546242450130331, 0.0008340191571437052], [0.0019453872731868605, 0.0008340191571437052, 0.0016306550704259634]], "chi2_level": 0.99, "chi2_df": 3, "chi2_threshold": 11.344866730144373, "N_raw": 52, "N_roi": 51, "N_inlier": 48, "refit": true}
{"timestamp": "16:46:37.934910", "frame": 35, "mu": [1.1431624153719502, 2.066167697717454, 1.1636568745349376], "Sigma": [[0.006952553043647628, -6.265123126871478e-05, 0.0007619729856220202], [-6.265123126871473e-05, 0.01126952040752433, 0.002685457548302055], [0.0007619729856220202, 0.0026854575483020553, 0.006186277934494377]], "chi2_level": 0.99, "chi2_df": 3, "chi2_threshold": 11.344866730144373, "N_raw": 56, "N_roi": 55, "N_inlier": 52, "refit": true}
{"timestamp": "16:46:37.988093", "frame": 36, "mu": [1.1016807809400295, 2.1173679806776646, 1.2908166886936785], "Sigma": [[0.007260921128923516, -0.0028571110202856554, -0.0006010753069312636], [-0.002857111020285655, 0.00953169558170168, 0.002547407689867172], [-0.0006010753069312636, 0.002547407689867172, 0.0019593282158531797]], "chi2_level": 0.99, "chi2_df": 3, "chi2_threshold": 11.344866730144373, "N_raw": 48, "N_roi": 48, "N_inlier": 47, "refit": true}
{"timestamp": "16:46:38.047650", "frame": 37, "mu": [1.0600209843192236, 2.2139295128264718, -0.22705575754301682], "Sigma": [[0.008765113449735473, -0.0021696196068243493, 0.028622705115930715], [-0.0021696196068243497, 0.011324146336377761, -0.027773622548136867], [0.028622705115930715, -0.027773622548136864, 0.23190270731121312]], "chi2_level": 0.99, "chi2_df": 3, "chi2_threshold": 11.344866730144373, "N_raw": 76, "N_roi": 76, "N_inlier": 73, "refit": true}
{"timestamp": "16:46:38.100520", "frame": 38, "mu": [1.0039618329570958, 2.193533130346862, 1.3619289211188932], "Sigma": [[0.00805810090165173, -0.004213053816058071, -0.0038503190593974015], [-0.004213053816058071, 0.00927150133135502, 0.002538244066882163], [-0.0038503190593974015, 0.0025382440668821633, 0.002977775392166938]], "chi2_level": 0.99, "chi2_df": 3, "chi2_threshold": 11.344866730144373, "N_raw": 55, "N_roi": 55, "N_inlier": 52, "refit": true}
{"timestamp": "16:46:38.154956", "frame": 39, "mu": [0.9882934082470048, 2.1107507065822224, -0.7193824095926348], "Sigma": [[0.006434452367232662, 0.0009327730485902257, 0.021339183254677912], [0.0009327730485902255, 0.004333568537525457, 0.009402435166892445], [0.021339183254677912, 0.009402435166892448, 0.1900503808390019]], "chi2_level": 0.99, "chi2_df": 3, "chi2_threshold": 11.344866730144373, "N_raw": 56, "N_roi": 56, "N_inlier": 54, "refit": true}
{"timestamp": "16:46:38.209138", "frame": 40, "mu": [0.8935516358500362, 2.0872708386633305, 0.8706294212869092], "Sigma": [[0.00762870618545448, -0.002576400624913969, 0.008108005693733222], [-0.002576400624913969, 0.003713271879188877, -0.00979803128139109], [0.008108005693733222, -0.00979803128139109, 0.05753700119481066]], "chi2_level": 0.99, "chi2_df": 3, "chi2_threshold": 11.344866730144373, "N_raw": 53, "N_roi": 51, "N_inlier": 47, "refit": true}
{"timestamp": "16:46:38.267158", "frame": 41, "mu": [0.8065375825513067, 2.207561716997831, 0.7593384787438383], "Sigma": [[0.01701957032112218, -0.021912121380382767, 0.00025817963740923074], [-0.021912121380382767, 0.05283222183363184, 0.0598823484384477], [0.0002581796374092316, 0.05988234843844768, 0.2693260741094937]], "chi2_level": 0.99, "chi2_df": 3, "chi2_threshold": 11.344866730144373, "N_raw": 72, "N_roi": 72, "N_inlier": 70, "refit": true}
{"timestamp": "16:46:38.316737", "frame": 42, "mu": [0.7129052643915802, 2.3314985035370617, 0.7946521244771546], "Sigma": [[0.015771925777460734, -0.019332730671380235, -0.026261837904874456], [-0.019332730671380232, 0.03149536080552637, 0.033206645896372636], [-0.02626183790487446, 0.033206645896372636, 0.17732984713978048]], "chi2_level": 0.99, "chi2_df": 3, "chi2_threshold": 11.344866730144373, "N_raw": 37, "N_roi": 37, "N_inlier": 36, "refit": true}
{"timestamp": "16:46:38.378703", "frame": 43, "mu": [0.7026424927142985, 2.347371633341288, -0.236143361219243], "Sigma": [[0.009210586987147515, -0.012121304903756487, 0.027412627141901097], [-0.012121304903756487, 0.029085705309032064, -0.06107343743262099], [0.027412627141901104, -0.06107343743262099, 0.34656347401745374]], "chi2_level": 0.99, "chi2_df": 3, "chi2_threshold": 11.344866730144373, "N_raw": 82, "N_roi": 82, "N_inlier": 80, "refit": true}
{"timestamp": "16:46:38.427427", "frame": 44, "mu": [0.7056693987259193, 2.1540703219876396, 1.2050052064139836], "Sigma": [[0.0050650333297315225, -0.00119506165649202, -0.011577957310987555], [-0.0011950616564920197, 0.0030994003976742277, -0.0006435085426755381], [-0.011577957310987553, -0.0006435085426755389, 0.20287221266117103]], "chi2_level": 0.99, "chi2_df": 3, "chi2_threshold": 11.344866730144373, "N_raw": 35, "N_roi": 35, "N_inlier": 33, "refit": true}
{"timestamp": "16:46:38.483400", "frame": 45, "mu": [0.5039147763883753, 2.0787667364473417, 0.6662794982601066], "Sigma": [[0.021015074025515737, 0.00018082824800620114, 0.06359621088660977], [0.00018082824800620093, 0.0030253422576273056, 0.019889558492864258], [0.06359621088660977, 0.019889558492864258, 0.4155764922970353]], "chi2_level": 0.99, "chi2_df": 3, "chi2_threshold": 11.344866730144373, "N_raw": 43, "N_roi": 43, "N_inlier": 40, "refit": true}
{"timestamp": "16:46:38.543881", "frame": 46, "mu": [0.5712232865968493, 2.095142044471848, -1.0077189776652111], "Sigma": [[0.006449034878889206, 0.0022834567147614546, 0.008780066429822772], [0.002283456714761455, 0.007384331612369564, 0.02095511047691307], [0.008780066429822774, 0.02095511047691307, 0.16680003189718853]], "chi2_level": 0.99, "chi2_df": 3, "chi2_threshold": 11.344866730144373, "N_raw": 73, "N_roi": 69, "N_inlier": 62, "refit": true}
{"timestamp": "16:46:38.600041", "frame": 47, "mu": [0.5050898535681165, 2.1100108379325606, -0.23430725712073708], "Sigma": [[0.007672251016476012, -0.002888023026524511, 0.04151287003198912], [-0.002888023026524511, 0.007431655195246118, -0.0076148553946533025], [0.04151287003198912, -0.0076148553946533025, 0.813023829155958]], "chi2_level": 0.99, "chi2_df": 3, "chi2_threshold": 11.344866730144373, "N_raw": 89, "N_roi": 83, "N_inlier": 79, "refit": true}
{"timestamp": "16:46:38.652143", "frame": 48, "mu": [0.43102010253581213, 2.1133449000726925, 1.522084540071681], "Sigma": [[0.007663018410824913, -0.0033656022209998344, -0.00734388739322577], [-0.003365602220999835, 0.01229627578196236, 0.009678784890186039], [-0.007343887393225771, 0.009678784890186039, 0.012416131748560665]], "chi2_level": 0.99, "chi2_df": 3, "chi2_threshold": 11.344866730144373, "N_raw": 72, "N_roi": 72, "N_inlier": 68, "refit": true}
{"timestamp": "16:46:38.706129", "frame": 49, "mu": [0.4120170739061443, 2.1635481321689887, -0.004370844372059979], "Sigma": [[0.006702946934644236, -0.0010390969979598647, -0.005560888834328738], [-0.0010390969979598647, 0.008326025933019307, 0.008659047427709583], [-0.005560888834328738, 0.008659047427709583, 0.013358809975817426]], "chi2_level": 0.99, "chi2_df": 3, "chi2_threshold": 11.344866730144373, "N_raw": 69, "N_roi": 69, "N_inlier": 66, "refit": true}
{"timestamp": "16:46:38.764815", "frame": 50, "mu": [0.3095948850668431, 2.105664733153426, 1.4108979906987722], "Sigma": [[0.00861581860610149, -0.003020101909375304, -0.010039987303103723], [-0.0030201019093753045, 0.007865928479685726, 0.002419058429561144], [-0.010039987303103723, 0.002419058429561144, 0.035943279692778954]], "chi2_level": 0.99, "chi2_df": 3, "chi2_threshold": 11.344866730144373, "N_raw": 84, "N_roi": 82, "N_inlier": 79, "refit": true}
{"timestamp": "16:46:38.817855", "frame": 51, "mu": [0.2583735764196078, 2.066437955088868, 1.5014416282581817], "Sigma": [[0.007114411318982125, -0.00236284143028058, -0.007868755976284137], [-0.00236284143028058, 0.014898244603963919, 0.015466602762969671], [-0.007868755976284137, 0.015466602762969671, 0.02190786020823684]], "chi2_level": 0.99, "chi2_df": 3, "chi2_threshold": 11.344866730144373, "N_raw": 75, "N_roi": 75, "N_inlier": 69, "refit": true}
{"timestamp": "16:46:38.875146", "frame": 52, "mu": [0.2148767312960525, 2.1227108582644916, 0.09011354991771285], "Sigma": [[0.008173050002379766, 0.00107648294816557, 0.05636555566448441], [0.00107648294816557, 0.010897871765440456, -0.007354333637030128], [0.0563655556644844, -0.007354333637030129, 0.5439713249013015]], "chi2_level": 0.99, "chi2_df": 3, "chi2_threshold": 11.344866730144373, "N_raw": 89, "N_roi": 86, "N_inlier": 82, "refit": true}
{"timestamp": "16:46:39.014920", "frame": 53, "mu": [0.18823373421693365, 2.3246889777799313, -0.6186305994091632], "Sigma": [[0.00623062012478631, -0.0036633755809212967, 0.00395554155621629], [-0.0036633755809212967, 0.012738838065022916, -0.0359030299667069], [0.00395554155621629, -0.03590302996670689, 0.12600008772703875]], "chi2_level": 0.99, "chi2_df": 3, "chi2_threshold": 11.344866730144373, "N_raw": 36, "N_roi": 30, "N_inlier": 28, "refit": true}
{"timestamp": "16:46:39.043063", "frame": 54, "mu": [0.015836292105921218, 1.9252936403944814, 0.9881429937121701], "Sigma": [[0.025111827795299083, 0.03285908907281551, 0.11418887555068434], [0.03285908907281552, 0.2656269543316924, 0.310838437014234], [0.11418887555068434, 0.310838437014234, 0.7679568195916141]], "chi2_level": 0.99, "chi2_df": 3, "chi2_threshold": 11.344866730144373, "N_raw": 89, "N_roi": 89, "N_inlier": 88, "refit": true}
{"timestamp": "16:46:39.074925", "frame": 55, "mu": [0.04165179745416687, 2.142531191611686, 1.5530448781249573], "Sigma": [[0.008113390087452339, 0.0007428434877580045, -0.0023187721459643797], [0.0007428434877580048, 0.013336517105988216, 0.006551173113297415], [-0.0023187721459643797, 0.006551173113297415, 0.007153616471343958]], "chi2_level": 0.99, "chi2_df": 3, "chi2_threshold": 11.344866730144373, "N_raw": 89, "N_roi": 86, "N_inlier": 81, "refit": true}
{"timestamp": "16:46:39.105292", "frame": 56, "mu": [-0.04139083529347805, 2.1548334624841066, 1.3872289861684033], "Sigma": [[0.010417140331560696, 0.00245679973258219, 0.02843317321016982], [0.002456799732582191, 0.011258820073473735, 0.02718389575438166], [0.02843317321016982, 0.027183895754381657, 0.3236586044278182]], "chi2_level": 0.99, "chi2_df": 3, "chi2_threshold": 11.344866730144373, "N_raw": 81, "N_roi": 79, "N_inlier": 79, "refit": true}
{"timestamp": "16:46:39.150168", "frame": 57, "mu": [-0.07069272402860466, 2.1063730250767065, 1.4656864796118467], "Sigma": [[0.009827494804294635, 0.003302933896801351, -0.0026208406034809706], [0.003302933896801352, 0.01330737805349252, 0.004440286326309217], [-0.0026208406034809706, 0.004440286326309217, 0.003957535387357426]], "chi2_level": 0.99, "chi2_df": 3, "chi2_threshold": 11.344866730144373, "N_raw": 88, "N_roi": 88, "N_inlier": 84, "refit": true}
{"timestamp": "16:46:39.204671", "frame": 58, "mu": [-0.12693404209613598, 2.128803308734225, 1.4240233306211734], "Sigma": [[0.00822312060789704, -0.0009315591193359659, -0.003994235555037451], [-0.0009315591193359661, 0.011751378326874435, 0.008892295277121594], [-0.003994235555037451, 0.008892295277121594, 0.03680615905776921]], "chi2_level": 0.99, "chi2_df": 3, "chi2_threshold": 11.344866730144373, "N_raw": 88, "N_roi": 88, "N_inlier": 85, "refit": true}
{"timestamp": "16:46:39.251807", "frame": 59, "mu": [-0.1773064333580094, 2.181527434362238, -0.27671840467970493], "Sigma": [[0.003296470240002441, -0.003841779413857869, 0.011955286609076462], [-0.003841779413857869, 0.026012040649504888, -0.0707478222452208], [0.011955286609076462, -0.0707478222452208, 0.25315029091707547]], "chi2_level": 0.99, "chi2_df": 3, "chi2_threshold": 11.344866730144373, "N_raw": 28, "N_roi": 27, "N_inlier": 26, "refit": true}
{"timestamp": "16:46:39.315049", "frame": 60, "mu": [-0.204310882347121, 2.144135386403197, -0.11178112504450774], "Sigma": [[0.011692353901502873, -0.0051812645229378385, 0.03062071007687803], [-0.0051812645229378385, 0.018180127361337943, -0.012047661119288264], [0.030620710076878027, -0.012047661119288258, 0.4025289710529562]], "chi2_level": 0.99, "chi2_df": 3, "chi2_threshold": 11.344866730144373, "N_raw": 94, "N_roi": 92, "N_inlier": 90, "refit": true}
{"timestamp": "16:46:39.368585", "frame": 61, "mu": [-0.29924567621267817, 2.1265966097786095, 1.4369147569535061], "Sigma": [[0.009000092186570847, -0.0018344744042615446, -0.004441771188799592], [-0.0018344744042615444, 0.00983154032600827, 0.015964351663010454], [-0.004441771188799592, 0.01596435166301045, 0.1529034838184008]], "chi2_level": 0.99, "chi2_df": 3, "chi2_threshold": 11.344866730144373, "N_raw": 78, "N_roi": 76, "N_inlier": 74, "refit": true}
{"timestamp": "16:46:39.423408", "frame": 62, "mu": [-0.32708664397734727, 2.1046525957985307, 1.370113378923308], "Sigma": [[0.007630004277865498, -0.0004769457869215774, -0.0017460372206720572], [-0.00047694578692157743, 0.010293962296318395, 0.010091653066513702], [-0.0017460372206720576, 0.010091653066513702, 0.05611017723722526]], "chi2_level": 0.99, "chi2_df": 3, "chi2_threshold": 11.344866730144373, "N_raw": 80, "N_roi": 79, "N_inlier": 75, "refit": true}
{"timestamp": "16:46:39.479883", "frame": 63, "mu": [-0.4184123356180805, 2.057726393032386, 0.907445281563448], "Sigma": [[0.013685191990888305, 0.005211162370454458, 0.04422168535080763], [0.005211162370454458, 0.005896658516443908, 0.0341890996375582], [0.04422168535080763, 0.0341890996375582, 0.35478242574474844]], "chi2_level": 0.99, "chi2_df": 3, "chi2_threshold": 11.344866730144373, "N_raw": 83, "N_roi": 78, "N_inlier": 77, "refit": true}
{"timestamp": "16:46:39.528592", "frame": 64, "mu": [-0.42445983785508945, 2.0671487205482397, 0.9246013603162312], "Sigma": [[0.004148424457796169, -0.0006980097386679212, 0.001217503557125935], [-0.0006980097386679212, 0.0022056460784665617, -0.00470363087171271], [0.0012175035571259352, -0.00470363087171271, 0.014317247498750798]], "chi2_level": 0.99, "chi2_df": 3, "chi2_threshold": 11.344866730144373, "N_raw": 42, "N_roi": 32, "N_inlier": 30, "refit": true}
{"timestamp": "16:46:39.584219", "frame": 65, "mu": [-0.5369853341343115, 2.0930679379249906, 1.020743409577986], "Sigma": [[0.005234748409019376, -0.0013416818454348718, 0.008568099996741694], [-0.0013416818454348718, 0.00390575344342431, 0.007794163707604101], [0.008568099996741695, 0.007794163707604101, 0.13840227893723442]], "chi2_level": 0.99, "chi2_df": 3, "chi2_threshold": 11.344866730144373, "N_raw": 23, "N_roi": 23, "N_inlier": 22, "refit": true}
{"timestamp": "16:46:39.691735", "frame": 67, "mu": [-0.5810935949045767, 2.0065634747297008, 1.11358642807594], "Sigma": [[0.0062578412603781644, -0.001627494554264215, 0.010840937318575378], [-0.001627494554264215, 0.0021852664656286346, -0.00916076382039563], [0.010840937318575376, -0.00916076382039563, 0.12119234702304646]], "chi2_level": 0.99, "chi2_df": 3, "chi2_threshold": 11.344866730144373, "N_raw": 38, "N_roi": 38, "N_inlier": 35, "refit": true}
{"timestamp": "16:46:39.743531", "frame": 68, "mu": [-0.5712434969647601, 2.105647011097987, 0.5534383325534064], "Sigma": [[0.005439370162727407, 0.003721145019292837, -0.03755732738256677], [0.003721145019292837, 0.010229637181264578, -0.031705404677375315], [-0.03755732738256677, -0.031705404677375315, 0.44389540957946116]], "chi2_level": 0.99, "chi2_df": 3, "chi2_threshold": 11.344866730144373, "N_raw": 12, "N_roi": 12, "N_inlier": 12, "refit": true}
{"timestamp": "16:46:39.809469", "frame": 69, "mu": [-0.6802149718266027, 2.0569137210983612, 0.7642388462178925], "Sigma": [[0.010493394611174831, -0.0009362581439318349, -0.008173589653058984], [-0.0009362581439318352, 0.01714624373088594, -0.058861808836868076], [-0.008173589653058984, -0.058861808836868076, 0.25700502869157893]], "chi2_level": 0.99, "chi2_df": 3, "chi2_threshold": 11.344866730144373, "N_raw": 96, "N_roi": 96, "N_inlier": 95, "refit": true}
{"timestamp": "16:46:39.867748", "frame": 70, "mu": [-0.7614431953068885, 2.024543892502316, -0.42197610120322127], "Sigma": [[0.009480324394921809, -0.0013228199163325765, 0.03574304684926986], [-0.0013228199163325765, 0.015219955426317168, 0.009646049575072625], [0.03574304684926986, 0.009646049575072623, 0.47772762531224816]], "chi2_level": 0.99, "chi2_df": 3, "chi2_threshold": 11.344866730144373, "N_raw": 110, "N_roi": 108, "N_inlier": 108, "refit": true}
{"timestamp": "16:46:39.917431", "frame": 71, "mu": [-0.8278170792609779, 2.001303395242943, -0.558612092984764], "Sigma": [[0.005781837889175062, 0.0017909324345102033, 0.0030530405994508483], [0.0017909324345102033, 0.029005673900174375, 0.015158579567089428], [0.0030530405994508483, 0.01515857956708943, 0.06979223585580915]], "chi2_level": 0.99, "chi2_df": 3, "chi2_threshold": 11.344866730144373, "N_raw": 63, "N_roi": 63, "N_inlier": 60, "refit": true}
{"timestamp": "16:46:39.974841", "frame": 72, "mu": [-0.8936624805582816, 1.9663522922542525, 1.0494802427274152], "Sigma": [[0.00742129508885076, -0.000601854477020957, 0.015364960916674433], [-0.0006018544770209569, 0.012765815455108763, -0.006312333115489216], [0.015364960916674435, -0.006312333115489216, 0.4427179623111287]], "chi2_level": 0.99, "chi2_df": 3, "chi2_threshold": 11.344866730144373, "N_raw": 88, "N_roi": 88, "N_inlier": 88, "refit": true}
{"timestamp": "16:46:40.025284", "frame": 73, "mu": [-0.9793494887251917, 1.9954252094076386, -0.36304793286023535], "Sigma": [[0.004892098548559085, 5.083344674503351e-05, 0.004834669759941854], [5.083344674503374e-05, 0.01621727597928284, 0.023010112597443916], [0.004834669759941854, 0.02301011259744392, 0.06209790080179242]], "chi2_level": 0.99, "chi2_df": 3, "chi2_threshold": 11.344866730144373, "N_raw": 56, "N_roi": 55, "N_inlier": 51, "refit": true}
{"timestamp": "16:46:40.083974", "frame": 74, "mu": [-1.0193707714594165, 1.996542894636355, -0.23911618783633817], "Sigma": [[0.008148461830914673, 0.0017125710252051624, 0.01919408931251443], [0.0017125710252051624, 0.014337236352350895, 0.031287694183568866], [0.01919408931251443, 0.031287694183568866, 0.36256360306932117]], "chi2_level": 0.99, "chi2_df": 3, "chi2_threshold": 11.344866730144373, "N_raw": 87, "N_roi": 84, "N_inlier": 84, "refit": true}
{"timestamp": "16:46:40.137674", "frame": 75, "mu": [-1.0937450275030072, 2.0308840270647246, 1.4605850913952163], "Sigma": [[0.007844467842887077, 0.0022574032281075795, -0.014495878183896855], [0.0022574032281075795, 0.006950076294508589, -0.00480567033278631], [-0.014495878183896855, -0.0048056703327863095, 0.1096217153459689]], "chi2_level": 0.99, "chi2_df": 3, "chi2_threshold": 11.344866730144373, "N_raw": 72, "N_roi": 72, "N_inlier": 68, "refit": true}
{"timestamp": "16:46:40.190474", "frame": 76, "mu": [-1.1712175767329716, 1.923205220262165, 1.3709092106600957], "Sigma": [[0.0058763041884423136, 6.002414464520314e-05, -0.005139781834320092], [6.0024144645203035e-05, 0.006641045819276566, -0.005951676852526313], [-0.005139781834320092, -0.005951676852526313, 0.013808661619177787]], "chi2_level": 0.99, "chi2_df": 3, "chi2_threshold": 11.344866730144373, "N_raw": 59, "N_roi": 58, "N_inlier": 55, "refit": true}
{"timestamp": "16:46:40.241997", "frame": 77, "mu": [-1.2407154336610582, 1.927277715591464, 1.2155183068507474], "Sigma": [[0.006632784459948555, -0.0009692543614533745, 0.0035482814057801477], [-0.0009692543614533743, 0.010177129655882473, -0.03312025575832491], [0.00354828140578015, -0.03312025575832491, 0.3181472891211096]], "chi2_level": 0.99, "chi2_df": 3, "chi2_threshold": 11.344866730144373, "N_raw": 35, "N_roi": 34, "N_inlier": 33, "refit": true}
{"timestamp": "16:46:40.301840", "frame": 78, "mu": [-1.3248068225907956, 1.9636018785286289, 1.5389628407280787], "Sigma": [[0.009423831599077106, 0.0009490124034273354, -0.014363804101664684], [0.0009490124034273353, 0.010381728148805303, -0.010145919505501949], [-0.014363804101664684, -0.010145919505501949, 0.10598358656297757]], "chi2_level": 0.99, "chi2_df": 3, "chi2_threshold": 11.344866730144373, "N_raw": 69, "N_roi": 66, "N_inlier": 61, "refit": true}
{"timestamp": "16:46:40.354097", "frame": 79, "mu": [-1.3372967534737872, 1.9195203169482844, 1.312072471279208], "Sigma": [[0.006272477850093733, 0.0018795852858978757, -0.013568627655529244], [0.0018795852858978755, 0.011987197943962639, -0.027649503325390914], [-0.013568627655529244, -0.027649503325390914, 0.15001633666604114]], "chi2_level": 0.99, "chi2_df": 3, "chi2_threshold": 11.344866730144373, "N_raw": 54, "N_roi": 54, "N_inlier": 51, "refit": true}
{"timestamp": "16:46:40.410029", "frame": 80, "mu": [-1.410235592218472, 1.9425159697575387, 1.5372157844211836], "Sigma": [[0.01074911825158709, -0.0008450407882294607, -0.017187504085152894], [-0.0008450407882294605, 0.008892884298961925, -0.0031541107041223202], [-0.01718750408515289, -0.003154110704122321, 0.10015206590842687]], "chi2_level": 0.99, "chi2_df": 3, "chi2_threshold": 11.344866730144373, "N_raw": 58, "N_roi": 54, "N_inlier": 51, "refit": true}
{"timestamp": "16:46:40.469986", "frame": 81, "mu": [-1.373595217740609, 1.9592406018949582, 1.1553471530070565], "Sigma": [[0.028381273545559447, 0.00577645894239791, -0.09675581745450135], [0.005776458942397909, 0.010331141988833224, -0.021771015048426476], [-0.09675581745450135, -0.021771015048426472, 0.41345379840842117]], "chi2_level": 0.99, "chi2_df": 3, "chi2_threshold": 11.344866730144373, "N_raw": 84, "N_roi": 84, "N_inlier": 81, "refit": true}
{"timestamp": "16:46:40.516108", "frame": 82, "mu": [-1.5367592644597652, 1.9769512466663537, 1.4771151436963834], "Sigma": [[0.00653080258222112, 0.0011837417623277173, 0.015375247713337956], [0.0011837417623277169, 0.010751659436915856, -0.006093860639599212], [0.01537524771333796, -0.006093860639599213, 0.13988806795243447]], "chi2_level": 0.99, "chi2_df": 3, "chi2_threshold": 11.344866730144373, "N_raw": 33, "N_roi": 33, "N_inlier": 31, "refit": true}
{"timestamp": "16:46:40.573907", "frame": 83, "mu": [-1.572271022700817, 1.9683835545793453, 1.4747875087056712], "Sigma": [[0.011081400546917232, 0.005372155223160397, -0.018251293434344444], [0.005372155223160396, 0.01218784661756722, -0.006716063181366598], [-0.018251293434344448, -0.006716063181366598, 0.1349311060720863]], "chi2_level": 0.99, "chi2_df": 3, "chi2_threshold": 11.344866730144373, "N_raw": 49, "N_roi": 49, "N_inlier": 45, "refit": true}
{"timestamp": "16:46:40.628028", "frame": 84, "mu": [-1.7006898554628778, 1.9362368139661972, 0.09256295862803646], "Sigma": [[0.02537374417338274, 0.026223849586048197, -0.02251238058145042], [0.026223849586048197, 0.04234568846518218, -0.04347718494063413], [-0.022512380581450425, -0.04347718494063413, 0.08815038107510328]], "chi2_level": 0.99, "chi2_df": 3, "chi2_threshold": 11.344866730144373, "N_raw": 46, "N_roi": 46, "N_inlier": 44, "refit": true}
{"timestamp": "16:46:40.682904", "frame": 85, "mu": [-1.5866933131643473, 1.8665059036339815, 1.3164015593735028], "Sigma": [[0.00796895218932904, -0.0008240909272814326, -0.010747177977935389], [-0.0008240909272814326, 0.001926840025936922, -0.0025773294126924364], [-0.010747177977935389, -0.0025773294126924364, 0.031163375626192986]], "chi2_level": 0.99, "chi2_df": 3, "chi2_threshold": 11.344866730144373, "N_raw": 49, "N_roi": 48, "N_inlier": 42, "refit": true}
{"timestamp": "16:46:40.743986", "frame": 86, "mu": [-1.7633942952132802, 1.8221592928832955, 1.6187335170405284], "Sigma": [[0.03231498269694838, 0.017147816422352746, -0.03615973362368719], [0.017147816422352746, 0.01924617174525451, -0.01534000390240921], [-0.0361597336236872, -0.01534000390240921, 0.04345257660519594]], "chi2_level": 0.99, "chi2_df": 3, "chi2_threshold": 11.344866730144373, "N_raw": 73, "N_roi": 73, "N_inlier": 73, "refit": true}
{"timestamp": "16:46:40.792729", "frame": 87, "mu": [-2.090399400567027, 1.631382873163259, 1.9680461710669104], "Sigma": [[0.014943462523304264, 0.013748712722467424, -0.011737610257573156], [0.013748712722467426, 0.016690723125849023, -0.012362266387705406], [-0.011737610257573156, -0.012362266387705406, 0.010802329743861925]], "chi2_level": 0.99, "chi2_df": 3, "chi2_threshold": 11.344866730144373, "N_raw": 27, "N_roi": 27, "N_inlier": 26, "refit": true}
{"timestamp": "16:46:40.850863", "frame": 88, "mu": [-2.0183512525283986, 1.6314849869460621, 0.2384386683127376], "Sigma": [[0.0175069899477507, 0.015757838856837344, -0.014265446087694502], [0.015757838856837344, 0.02233152448373206, -0.00862890680831074], [-0.014265446087694502, -0.00862890680831074, 0.01737890905915422]], "chi2_level": 0.99, "chi2_df": 3, "chi2_threshold": 11.344866730144373, "N_raw": 58, "N_roi": 58, "N_inlier": 56, "refit": true}
{"timestamp": "16:46:40.906056", "frame": 89, "mu": [-2.025951275755085, 1.6581449936383987, 1.614280563132145], "Sigma": [[0.02309248646312314, 0.012435887018870459, -0.028168109153507516], [0.012435887018870459, 0.01640431760995298, -0.016878467802458604], [-0.028168109153507516, -0.016878467802458608, 0.048217594249869475]], "chi2_level": 0.99, "chi2_df": 3, "chi2_threshold": 11.344866730144373, "N_raw": 65, "N_roi": 65, "N_inlier": 62, "refit": true}
{"timestamp": "16:46:40.959241", "frame": 90, "mu": [-2.062089666058921, 1.66661312317528, 1.564935606099831], "Sigma": [[0.01000949640863391, 0.007089697001406027, -0.018616282032810072], [0.007089697001406029, 0.025737942035500817, -0.01688312302234716], [-0.01861628203281008, -0.01688312302234716, 0.06796241665606144]], "chi2_level": 0.99, "chi2_df": 3, "chi2_threshold": 11.344866730144373, "N_raw": 49, "N_roi": 49, "N_inlier": 47, "refit": true}
{"timestamp": "16:46:41.014985", "frame": 91, "mu": [-2.0927981397862063, 1.6233494205252426, 1.5217908450061286], "Sigma": [[0.010486753534253667, 0.0076801664352469925, -0.016705874606610657], [0.007680166435246992, 0.02756526704393298, -0.04012525355718878], [-0.016705874606610653, -0.04012525355718878, 0.11052983817458664]], "chi2_level": 0.99, "chi2_df": 3, "chi2_threshold": 11.344866730144373, "N_raw": 56, "N_roi": 56, "N_inlier": 55, "refit": true}
{"timestamp": "16:46:41.067825", "frame": 92, "mu": [-2.14584507443704, 1.5683085615889871, 1.5691820482576837], "Sigma": [[0.01189256291679428, 0.005791795569019119, -0.013137188292330248], [0.005791795569019119, 0.015051963079750147, -0.005097761405364004], [-0.01313718829233025, -0.005097761405364004, 0.016385195179471873]], "chi2_level": 0.99, "chi2_df": 3, "chi2_threshold": 11.344866730144373, "N_raw": 49, "N_roi": 49, "N_inlier": 46, "refit": true}
{"timestamp": "16:46:41.124976", "frame": 93, "mu": [-2.1408269051164917, 1.6343426248479571, 1.558518280648265], "Sigma": [[0.014679182474239827, 0.011271946960432459, -0.014726834694961945], [0.011271946960432459, 0.023216995057221558, -0.009689224326062347], [-0.014726834694961945, -0.009689224326062349, 0.016329534193301225]], "chi2_level": 0.99, "chi2_df": 3, "chi2_threshold": 11.344866730144373, "N_raw": 65, "N_roi": 65, "N_inlier": 65, "refit": true}
{"timestamp": "16:46:41.177214", "frame": 94, "mu": [-2.1858616791059826, 1.5569692115355593, 1.545710740712051], "Sigma": [[0.00945875887899572, 0.005734143758745973, -0.010789097871711516], [0.005734143758745973, 0.013341324668376031, -0.0048492186349986515], [-0.010789097871711516, -0.004849218634998651, 0.013442959800077038]], "chi2_level": 0.99, "chi2_df": 3, "chi2_threshold": 11.344866730144373, "N_raw": 39, "N_roi": 39, "N_inlier": 38, "refit": true}
{"timestamp": "16:46:41.234276", "frame": 95, "mu": [-2.2612247192052672, 1.5482041822199517, 1.5065213294500144], "Sigma": [[0.01198238456922676, 0.006164202687682401, -0.009190766125159778], [0.006164202687682401, 0.017018468570746383, -0.007419755543013431], [-0.009190766125159778, -0.007419755543013431, 0.010083968537051036]], "chi2_level": 0.99, "chi2_df": 3, "chi2_threshold": 11.344866730144373, "N_raw": 57, "N_roi": 57, "N_inlier": 56, "refit": true}
{"timestamp": "16:46:41.288007", "frame": 96, "mu": [-2.2762774491757947, 1.56599184803012, 1.3880248571375056], "Sigma": [[0.008749157900763837, 0.00643297417216713, -0.006004599237809348], [0.00643297417216713, 0.013834363255133776, -0.013184522394455547], [-0.006004599237809348, -0.013184522394455547, 0.018457727979906996]], "chi2_level": 0.99, "chi2_df": 3, "chi2_threshold": 11.344866730144373, "N_raw": 47, "N_roi": 47, "N_inlier": 46, "refit": true}
{"timestamp": "16:46:41.344627", "frame": 97, "mu": [-2.309633780203578, 1.5803940553376314, 1.328948459931151], "Sigma": [[0.007876359658905496, 0.0070278644734432915, -0.007260960073202884], [0.0070278644734432915, 0.01631337890626295, -0.020355297621447062], [-0.007260960073202883, -0.020355297621447062, 0.032045787168333166]], "chi2_level": 0.99, "chi2_df": 3, "chi2_threshold": 11.344866730144373, "N_raw": 54, "N_roi": 53, "N_inlier": 50, "refit": true}
{"timestamp": "16:46:41.401911", "frame": 98, "mu": [-2.3200139760412086, 1.6422184180125818, 1.264632562944871], "Sigma": [[0.009736859067184609, 0.009364846309296307, -0.007693125294340878], [0.009364846309296305, 0.02173742595583377, -0.018443036613434563], [-0.007693125294340878, -0.018443036613434563, 0.01884481525698979]], "chi2_level": 0.99, "chi2_df": 3, "chi2_threshold": 11.344866730144373, "N_raw": 72, "N_roi": 63, "N_inlier": 60, "refit": true}
{"timestamp": "16:46:41.453370", "frame": 99, "mu": [-2.3866273857797617, 1.5774691814155322, 1.3621882556140026], "Sigma": [[0.004627776154220365, 0.0029307768536683204, -0.002356528551475917], [0.0029307768536683204, 0.011208879166932863, -0.008947600826215176], [-0.002356528551475917, -0.008947600826215176, 0.009717141570019445]], "chi2_level": 0.99, "chi2_df": 3, "chi2_threshold": 11.344866730144373, "N_raw": 45, "N_roi": 30, "N_inlier": 29, "refit": true}
{"timestamp": "16:46:41.623110", "frame": 100, "mu": [-2.4124967011326177, 1.6496373836692153, 1.2140879088503471], "Sigma": [[0.0035192684309572433, 0.0024412093503038113, -0.005103417076639496], [0.0024412093503038113, 0.010053196925732881, -0.012128260350120695], [-0.005103417076639496, -0.012128260350120693, 0.04097859035430771]], "chi2_level": 0.99, "chi2_df": 3, "chi2_threshold": 11.344866730144373, "N_raw": 49, "N_roi": 29, "N_inlier": 28, "refit": true}
{"timestamp": "16:46:41.629678", "frame": 101, "mu": [-2.4155122465954046, 1.8157937663624593, -0.2417224443676675], "Sigma": [[0.004532148118164739, 0.007787957794144988, -0.014439162927803447], [0.007787957794144988, 0.03272953261968864, -0.03985992116825625], [-0.014439162927803444, -0.03985992116825625, 0.08107902112712463]], "chi2_level": 0.99, "chi2_df": 3, "chi2_threshold": 11.344866730144373, "N_raw": 53, "N_roi": 22, "N_inlier": 22, "refit": true}
