{"timestamp": "20:22:35.304257", "frame": 25, "mu": [1.5273026853576934, 0.5182604657386465, 1.1772147007329976], "Sigma": [[0.0031028046498046457, 0.0026586011107092656, -0.010417607436066692], [0.0026586011107092656, 0.012863620628535952, -0.013030955245724696], [-0.010417607436066692, -0.013030955245724698, 0.04440112747617254]], "chi2_level": 0.99, "chi2_df": 3, "chi2_threshold": 11.344866730144373, "N_raw": 9, "N_roi": 9, "N_inlier": 9, "refit": true}
{"timestamp": "20:22:35.359867", "frame": 26, "mu": [1.4676887556158378, 0.549692453703246, 1.1249427151101075], "Sigma": [[0.0006439132038374764, -0.0019461084617884042, -0.0008123795239239218], [-0.0019461084617884046, 0.024580323257655246, -0.022063651069098213], [-0.0008123795239239217, -0.02206365106909821, 0.03755154511807505]], "chi2_level": 0.99, "chi2_df": 3, "chi2_threshold": 11.344866730144373, "N_raw": 10, "N_roi": 10, "N_inlier": 10, "refit": true}
{"timestamp": "20:22:35.415150", "frame": 27, "mu": [1.4000539337660243, 0.6128232908484754, 1.3072899956609652], "Sigma": [[0.00278300585807602, -0.0003724662717147895, -0.0016203077192636331], [-0.00037246627171478957, 0.004623183806418379, -0.0024042173409606817], [-0.0016203077192636331, -0.0024042173409606813, 0.037674987485594585]], "chi2_level": 0.99, "chi2_df": 3, "chi2_threshold": 11.344866730144373, "N_raw": 13, "N_roi": 13, "N_inlier": 13, "refit": true}
{"timestamp": "20:22:35.469456", "frame": 28, "mu": [1.3620714159528728, 0.5319627446257558, 1.1595982517883756], "Sigma": [[0.0027258699356215504, -0.005561907251629391, 0.0017842947903282261], [-0.005561907251629391, 0.024888412813332657, -0.02838598718386138], [0.0017842947903282261, -0.02838598718386138, 0.06505414244759658]], "chi2_level": 0.99, "chi2_df": 3, "chi2_threshold": 11.344866730144373, "N_raw": 9, "N_roi": 9, "N_inlier": 9, "refit": true}
{"timestamp": "20:22:35.528568", "frame": 29, "mu": [1.3571936431821354, 0.5976398131943457, 1.333726753536971], "Sigma": [[0.002469938429636656, -0.0016755921433483424, -0.002344411446207554], [-0.0016755921433483424, 0.010307868561204563, -0.010438773302570365], [-0.0023444114462075547, -0.010438773302570366, 0.023105241419831182]], "chi2_level": 0.99, "chi2_df": 3, "chi2_threshold": 11.344866730144373, "N_raw": 36, "N_roi": 36, "N_inlier": 35, "refit": true}
{"timestamp": "20:22:35.582522", "frame": 30, "mu": [1.2532134385613103, 0.5907650747452925, 0.9388176960818851], "Sigma": [[0.0061914013905258365, 0.008360682119615622, 0.027155806524057906], [0.008360682119615624, 0.025314860762438454, 0.029462810557789723], [0.027155806524057913, 0.029462810557789723, 0.30676675246557045]], "chi2_level": 0.99, "chi2_df": 3, "chi2_threshold": 11.344866730144373, "N_raw": 12, "N_roi": 12, "N_inlier": 12, "refit": true}
{"timestamp": "20:22:35.638886", "frame": 31, "mu": [1.227726213086273, 0.6133661045212071, 1.2875124303390526], "Sigma": [[0.0017749396221126703, -0.0039374684469562675, -0.0017455829506539374], [-0.003937468446956268, 0.018479089765364075, -0.013876358504325706], [-0.0017455829506539374, -0.013876358504325706, 0.05942345874626779]], "chi2_level": 0.99, "chi2_df": 3, "chi2_threshold": 11.344866730144373, "N_raw": 20, "N_roi": 20, "N_inlier": 19, "refit": true}
{"timestamp": "20:22:35.694904", "frame": 32, "mu": [1.2101108991954324, 0.5645060184840194, 1.3477619777753187], "Sigma": [[0.0036607592846635414, -0.0035876768296478033, -0.0022673896983271607], [-0.0035876768296478033, 0.007154479723474934, -0.006073342818192446], [-0.0022673896983271607, -0.006073342818192445, 0.034193085559174476]], "chi2_level": 0.99, "chi2_df": 3, "chi2_threshold": 11.344866730144373, "N_raw": 27, "N_roi": 27, "N_inlier": 24, "refit": true}
{"timestamp": "20:22:35.747108", "frame": 33, "mu": [1.1207693631866111, 0.6603585918879773, -0.674167872056925], "Sigma": [[0.0026830663425535324, -0.0015448657528485572, -0.002446128522863816], [-0.0015448657528485572, 0.004146397003144688, -0.00196637292467978], [-0.002446128522863816, -0.0019663729246797803, 0.06319976150694907]], "chi2_level": 0.99, "chi2_df": 3, "chi2_threshold": 11.344866730144373, "N_raw": 14, "N_roi": 14, "N_inlier": 13, "refit": true}
{"timestamp": "20:22:35.858433", "frame": 35, "mu": [1.0736014142449373, 0.6257829348763635, 1.4055871812672636], "Sigma": [[0.002733452529403607, -0.0015531658205209758, -0.0009436138386049654], [-0.0015531658205209758, 0.0019690953026618753, 0.0015460610640235855], [-0.0009436138386049654, 0.0015460610640235855, 0.01546958253731915]], "chi2_level": 0.99, "chi2_df": 3, "chi2_threshold": 11.344866730144373, "N_raw": 24, "N_roi": 24, "N_inlier": 24, "refit": true}
{"timestamp": "20:22:35.917540", "frame": 36, "mu": [0.9551053043510244, 0.7218886446584145, 1.4093987550930411], "Sigma": [[0.0059916910154589, -0.005003334919070231, -0.005157585833673758], [-0.005003334919070231, 0.006537078473505302, 0.0037426946593863636], [-0.005157585833673758, 0.0037426946593863628, 0.009656119992324404]], "chi2_level": 0.99, "chi2_df": 3, "chi2_threshold": 11.344866730144373, "N_raw": 45, "N_roi": 45, "N_inlier": 42, "refit": true}
{"timestamp": "20:22:35.967088", "frame": 37, "mu": [0.9842998295049808, 0.6551700342695153, 1.088288116736277], "Sigma": [[0.006222485540358961, -0.0027572271032107122, -0.011655850886282442], [-0.0027572271032107122, 0.0022616349924856837, 0.018233507787588008], [-0.011655850886282442, 0.018233507787588008, 0.2976966462668342]], "chi2_level": 0.99, "chi2_df": 3, "chi2_threshold": 11.344866730144373, "N_raw": 8, "N_roi": 8, "N_inlier": 8, "refit": true}
{"timestamp": "20:22:36.022827", "frame": 38, "mu": [0.9100446931956077, 0.7395203872662455, 1.3402849267047747], "Sigma": [[0.00582009168304757, 0.0001868856372645074, -0.010383217756110901], [0.0001868856372645074, 0.0009452373097035747, 0.0021557100287903116], [-0.010383217756110901, 0.0021557100287903116, 0.03177916287988223]], "chi2_level": 0.99, "chi2_df": 3, "chi2_threshold": 11.344866730144373, "N_raw": 9, "N_roi": 9, "N_inlier": 8, "refit": true}
{"timestamp": "20:22:36.075670", "frame": 39, "mu": [0.8561212263742998, 0.6937532270966162, 1.2190779499551614], "Sigma": [[0.004383710472382033, -0.002034741510529521, -0.011596802533468818], [-0.002034741510529521, 0.004084084531301323, 0.013801264120863209], [-0.011596802533468816, 0.013801264120863209, 0.06128914132700433]], "chi2_level": 0.99, "chi2_df": 3, "chi2_threshold": 11.344866730144373, "N_raw": 9, "N_roi": 9, "N_inlier": 9, "refit": true}
{"timestamp": "20:22:36.137590", "frame": 40, "mu": [0.7793818915126991, 0.7366362222318673, 1.3794457866332315], "Sigma": [[0.005983444289281568, -0.002221834502036543, -0.0061795821431183135], [-0.002221834502036543, 0.0017277720460902785, 0.0009840353734781536], [-0.0061795821431183135, 0.0009840353734781536, 0.00931051641415039]], "chi2_level": 0.99, "chi2_df": 3, "chi2_threshold": 11.344866730144373, "N_raw": 51, "N_roi": 51, "N_inlier": 50, "refit": true}
{"timestamp": "20:22:36.189930", "frame": 41, "mu": [0.7339325071364221, 0.7298829852889299, 1.2542590474336186], "Sigma": [[0.003907018672196172, -0.0009371887393088436, -0.01207888988536317], [-0.0009371887393088435, 0.001561490612815251, 0.006269479186402889], [-0.01207888988536317, 0.006269479186402889, 0.06523520889685276]], "chi2_level": 0.99, "chi2_df": 3, "chi2_threshold": 11.344866730144373, "N_raw": 22, "N_roi": 22, "N_inlier": 20, "refit": true}
{"timestamp": "20:22:36.248784", "frame": 42, "mu": [0.7005695605455691, 0.7351729136872754, 1.397836447759116], "Sigma": [[0.0044861564159845236, -0.0009209177152769101, -0.006483648093640015], [-0.0009209177152769101, 0.0017890906973755721, -0.0012348375814810243], [-0.006483648093640015, -0.001234837581481024, 0.017781944858881474]], "chi2_level": 0.99, "chi2_df": 3, "chi2_threshold": 11.344866730144373, "N_raw": 53, "N_roi": 53, "N_inlier": 49, "refit": true}
{"timestamp": "20:22:36.300711", "frame": 43, "mu": [0.6313120097255849, 0.8833679801227534, -0.34813320231633], "Sigma": [[0.003281060415146645, 0.0005350095030537974, -0.0019266331386813664], [0.0005350095030537975, 0.0022896192058635472, -0.0009868301228427088], [-0.0019266331386813666, -0.0009868301228427086, 0.0016203535093348759]], "chi2_level": 0.99, "chi2_df": 3, "chi2_threshold": 11.344866730144373, "N_raw": 39, "N_roi": 39, "N_inlier": 36, "refit": true}
{"timestamp": "20:22:36.359566", "frame": 44, "mu": [0.6084648196412639, 0.7253182841761768, 1.4120914807487113], "Sigma": [[0.005204016156150452, -0.0010666927880345007, -0.004815395324756394], [-0.0010666927880345007, 0.0018511289114303629, 0.0005260592091393198], [-0.004815395324756394, 0.0005260592091393198, 0.010862575923265776]], "chi2_level": 0.99, "chi2_df": 3, "chi2_threshold": 11.344866730144373, "N_raw": 64, "N_roi": 64, "N_inlier": 57, "refit": true}
{"timestamp": "20:22:36.416837", "frame": 45, "mu": [0.553368695040663, 0.738697953104489, 1.390688826622852], "Sigma": [[0.00551629315277125, 6.224043026508699e-05, 0.004700709325322724], [6.224043026508693e-05, 0.004146169382208349, -0.004730554424571437], [0.004700709325322724, -0.004730554424571437, 0.06506949064437038]], "chi2_level": 0.99, "chi2_df": 3, "chi2_threshold": 11.344866730144373, "N_raw": 68, "N_roi": 68, "N_inlier": 62, "refit": true}
{"timestamp": "20:22:36.466909", "frame": 46, "mu": [0.5001305474509269, 0.6899739056656665, 1.3944638256630772], "Sigma": [[0.0023861727404223764, -0.0001568673609430929, -0.0022830952525690093], [-0.00015686736094309287, 0.00290862772498992, 0.00856326135266982], [-0.0022830952525690093, 0.00856326135266982, 0.07161108252208884]], "chi2_level": 0.99, "chi2_df": 3, "chi2_threshold": 11.344866730144373, "N_raw": 41, "N_roi": 41, "N_inlier": 37, "refit": true}
{"timestamp": "20:22:36.520160", "frame": 47, "mu": [0.5150765169400546, 0.6572111024967953, 1.2458051470786438], "Sigma": [[0.000800381615851515, -0.0002934497166778037, 0.00020411724617588558], [-0.0002934497166778037, 0.002420780487607928, -0.002023467194120202], [0.00020411724617588542, -0.002023467194120202, 0.00363538507101935]], "chi2_level": 0.99, "chi2_df": 3, "chi2_threshold": 11.344866730144373, "N_raw": 25, "N_roi": 25, "N_inlier": 22, "refit": true}
{"timestamp": "20:22:36.583096", "frame": 48, "mu": [0.41279376734057327, 0.706656796623801, 1.2781916782639184], "Sigma": [[0.00234050794425914, -0.0019211751595050062, -0.0026366206650647885], [-0.0019211751595050062, 0.006486897769682986, 0.011675866869104809], [-0.0026366206650647885, 0.011675866869104809, 0.041258253528316316]], "chi2_level": 0.99, "chi2_df": 3, "chi2_threshold": 11.344866730144373, "N_raw": 87, "N_roi": 87, "N_inlier": 85, "refit": true}
{"timestamp": "20:22:36.638035", "frame": 49, "mu": [0.3564953990261456, 0.743248682187795, 1.274396947366561], "Sigma": [[0.003100887416371023, -0.0011419473553429345, 0.007845098308236959], [-0.0011419473553429343, 0.003226017000970664, -0.004890092139169777], [0.007845098308236959, -0.004890092139169777, 0.061037912948341023]], "chi2_level": 0.99, "chi2_df": 3, "chi2_threshold": 11.344866730144373, "N_raw": 80, "N_roi": 80, "N_inlier": 78, "refit": true}
{"timestamp": "20:22:36.684793", "frame": 50, "mu": [0.3266527003937125, 0.8258433629344588, -0.372917512957588], "Sigma": [[0.0011919424969594103, 0.00018207816699950107, -0.0010365777388208451], [0.00018207816699950107, 0.002372614699953167, -0.005529710840643329], [-0.0010365777388208451, -0.005529710840643329, 0.02502234594458698]], "chi2_level": 0.99, "chi2_df": 3, "chi2_threshold": 11.344866730144373, "N_raw": 34, "N_roi": 34, "N_inlier": 32, "refit": true}
{"timestamp": "20:22:36.741616", "frame": 51, "mu": [0.2926151035002293, 0.8555435758028335, -0.3621585930161986], "Sigma": [[0.0015850749794831347, 0.0001796833258276796, 0.0001155019702239923], [0.0001796833258276796, 0.002279277429839935, -0.0038974815711368465], [0.00011550197022399227, -0.0038974815711368465, 0.010263256717845887]], "chi2_level": 0.99, "chi2_df": 3, "chi2_threshold": 11.344866730144373, "N_raw": 42, "N_roi": 42, "N_inlier": 39, "refit": true}
{"timestamp": "20:22:36.798392", "frame": 52, "mu": [0.21676295286921704, 0.8319275306328114, -0.3825808721696625], "Sigma": [[0.0014249934173832205, -0.0002918014622134389, -0.0004523179376928324], [-0.0002918014622134389, 0.0032906418884071373, 0.0007292872500502471], [-0.0004523179376928324, 0.0007292872500502469, 0.014285209833414312]], "chi2_level": 0.99, "chi2_df": 3, "chi2_threshold": 11.344866730144373, "N_raw": 60, "N_roi": 60, "N_inlier": 57, "refit": true}
{"timestamp": "20:22:36.851904", "frame": 53, "mu": [0.18154088515735875, 0.7432428806364354, 1.4891767436990926], "Sigma": [[0.001522003118804016, 0.0005479068554198647, -0.001374898936648538], [0.0005479068554198647, 0.0020916176201623404, -0.0019916490907584293], [-0.001374898936648538, -0.0019916490907584293, 0.0026376945110756674]], "chi2_level": 0.99, "chi2_df": 3, "chi2_threshold": 11.344866730144373, "N_raw": 49, "N_roi": 49, "N_inlier": 47, "refit": true}
{"timestamp": "20:22:36.903692", "frame": 54, "mu": [0.12295414912630591, 0.6815673766796424, 1.298967842627024], "Sigma": [[0.0012082610051404174, -0.0008341825920564676, -0.0008209880430008424], [-0.0008341825920564676, 0.0009695593667754466, -4.522856595212557e-05], [-0.0008209880430008423, -4.522856595212557e-05, 0.0030575818881398587]], "chi2_level": 0.99, "chi2_df": 3, "chi2_threshold": 11.344866730144373, "N_raw": 28, "N_roi": 28, "N_inlier": 28, "refit": true}
{"timestamp": "20:22:36.959442", "frame": 55, "mu": [0.05127849601145595, 0.8224883730861353, -0.3573492125790719], "Sigma": [[0.0008092996138343886, -0.00026862219842041046, -9.459679217252511e-05], [-0.00026862219842041046, 0.001431661107237208, -0.0015525056327728732], [-9.459679217252515e-05, -0.0015525056327728732, 0.00213986003395103]], "chi2_level": 0.99, "chi2_df": 3, "chi2_threshold": 11.344866730144373, "N_raw": 34, "N_roi": 34, "N_inlier": 33, "refit": true}
{"timestamp": "20:22:37.021744", "frame": 56, "mu": [0.018551335941951814, 0.8691515958742342, -0.1762921886422627], "Sigma": [[0.0022519082423303836, -0.0017233119606146268, 0.01637977385785544], [-0.0017233119606146268, 0.007008954341299524, -0.0403000936418695], [0.01637977385785544, -0.0403000936418695, 0.3689489044616165]], "chi2_level": 0.99, "chi2_df": 3, "chi2_threshold": 11.344866730144373, "N_raw": 83, "N_roi": 83, "N_inlier": 83, "refit": true}
{"timestamp": "20:22:37.076143", "frame": 57, "mu": [-0.06424313989749728, 0.7747096228260141, 1.3956922591252798], "Sigma": [[0.0018242602005297981, -0.00021552932679136177, 0.001963039660366682], [-0.00021552932679136177, 0.001008270678563388, -0.0003396753178804333], [0.001963039660366682, -0.00033967531788043335, 0.018196900548702145]], "chi2_level": 0.99, "chi2_df": 3, "chi2_threshold": 11.344866730144373, "N_raw": 70, "N_roi": 70, "N_inlier": 66, "refit": true}
{"timestamp": "20:22:37.133907", "frame": 58, "mu": [-0.1087966736569315, 0.7320849859041327, 1.3529833258385748], "Sigma": [[0.00217676679599225, -0.0021170288800968873, -0.0009072592478958639], [-0.0021170288800968877, 0.003750816397583786, -0.0018645234170213154], [-0.0009072592478958638, -0.0018645234170213151, 0.012634120429085391]], "chi2_level": 0.99, "chi2_df": 3, "chi2_threshold": 11.344866730144373, "N_raw": 93, "N_roi": 93, "N_inlier": 89, "refit": true}
{"timestamp": "20:22:37.187577", "frame": 59, "mu": [-0.10292543444697416, 0.736032598419309, 1.331288705069293], "Sigma": [[0.0024688980804148187, -0.0015896282126185216, -0.002769093544144427], [-0.0015896282126185218, 0.0027523582282895343, -0.0013603465354965188], [-0.002769093544144427, -0.0013603465354965188, 0.010228640364418404]], "chi2_level": 0.99, "chi2_df": 3, "chi2_threshold": 11.344866730144373, "N_raw": 81, "N_roi": 81, "N_inlier": 80, "refit": true}
{"timestamp": "20:22:37.240970", "frame": 60, "mu": [-0.2174950426422979, 0.8856257873504657, -0.34568235346699167], "Sigma": [[0.0029476984234682287, -0.0006710279061538037, 0.0001769168396127246], [-0.0006710279061538036, 0.0025170272141833935, -0.002573986442289265], [0.0001769168396127246, -0.002573986442289265, 0.003216900251589375]], "chi2_level": 0.99, "chi2_df": 3, "chi2_threshold": 11.344866730144373, "N_raw": 67, "N_roi": 67, "N_inlier": 65, "refit": true}
{"timestamp": "20:22:37.293518", "frame": 61, "mu": [-0.2047983974903227, 0.8874359573281384, -0.3573277233721583], "Sigma": [[0.0017819465282574766, -0.0009151237975399582, -0.0001476100520315691], [-0.0009151237975399582, 0.0027750311475682587, -0.002679288900066618], [-0.00014761005203156903, -0.0026792889000666186, 0.003798441920885582]], "chi2_level": 0.99, "chi2_df": 3, "chi2_threshold": 11.344866730144373, "N_raw": 56, "N_roi": 56, "N_inlier": 56, "refit": true}
{"timestamp": "20:22:37.350676", "frame": 62, "mu": [-0.25541185381285514, 0.8646586037466617, -0.4395104809639811], "Sigma": [[0.0019777996381655054, -0.00017225463057534513, -0.0009932978171509834], [-0.00017225463057534513, 0.0034692490228789793, -0.0034575898073766443], [-0.0009932978171509834, -0.0034575898073766443, 0.004477041154828189]], "chi2_level": 0.99, "chi2_df": 3, "chi2_threshold": 11.344866730144373, "N_raw": 68, "N_roi": 68, "N_inlier": 67, "refit": true}
{"timestamp": "20:22:37.403125", "frame": 63, "mu": [-0.2878065437029095, 0.7504164883639709, 1.396865217927836], "Sigma": [[0.0009293642251656277, -0.00010490304351552507, -0.0012442553390394156], [-0.00010490304351552508, 0.0012906032304094664, -0.0030548139305725725], [-0.0012442553390394158, -0.0030548139305725725, 0.010626039408783698]], "chi2_level": 0.99, "chi2_df": 3, "chi2_threshold": 11.344866730144373, "N_raw": 50, "N_roi": 46, "N_inlier": 45, "refit": true}
{"timestamp": "20:22:37.454639", "frame": 64, "mu": [-0.38502575239490966, 0.8407945540331281, -0.36260917403309306], "Sigma": [[0.0012256804728292014, -0.0005352428192948613, -0.0008423384895274023], [-0.0005352428192948612, 0.0031137102771350436, 0.0001356685543517131], [-0.0008423384895274023, 0.0001356685543517131, 0.008058789800920107]], "chi2_level": 0.99, "chi2_df": 3, "chi2_threshold": 11.344866730144373, "N_raw": 28, "N_roi": 28, "N_inlier": 25, "refit": true}
{"timestamp": "20:22:37.514198", "frame": 65, "mu": [-0.37768279856663756, 0.7386651153846604, 1.3245818751812029], "Sigma": [[0.0022551621752666374, -0.0007049227295401378, -0.0020382519396643993], [-0.0007049227295401377, 0.002068194536711374, 0.0005889464486526154], [-0.0020382519396643993, 0.0005889464486526153, 0.019494721324863]], "chi2_level": 0.99, "chi2_df": 3, "chi2_threshold": 11.344866730144373, "N_raw": 70, "N_roi": 70, "N_inlier": 68, "refit": true}
{"timestamp": "20:22:37.567201", "frame": 66, "mu": [-0.48013653905477294, 0.7556391630418711, 1.4553719263287834], "Sigma": [[0.00264422651764896, -0.0012448060342582115, 0.00041259882846833064], [-0.0012448060342582115, 0.0016288489344771237, -0.001698720269702241], [0.00041259882846833064, -0.001698720269702241, 0.0027523695527185647]], "chi2_level": 0.99, "chi2_df": 3, "chi2_threshold": 11.344866730144373, "N_raw": 48, "N_roi": 45, "N_inlier": 44, "refit": true}
{"timestamp": "20:22:37.620802", "frame": 67, "mu": [-0.5237456618768794, 0.7255889375301692, 1.4024687416154242], "Sigma": [[0.0022688179223846333, -0.0007087823894024951, -5.786146984836256e-05], [-0.0007087823894024952, 0.0007909271489116919, -0.0013509651669338357], [-5.786146984836259e-05, -0.0013509651669338357, 0.00433020158081896]], "chi2_level": 0.99, "chi2_df": 3, "chi2_threshold": 11.344866730144373, "N_raw": 42, "N_roi": 42, "N_inlier": 41, "refit": true}
{"timestamp": "20:22:37.678198", "frame": 68, "mu": [-0.480907439836522, 0.9353877608966212, -0.8156911043974279], "Sigma": [[0.004101579081203007, 0.009754140884837231, -0.004237806885377157], [0.009754140884837233, 0.039920314998600825, -0.017590006724700825], [-0.004237806885377157, -0.017590006724700825, 0.03760218528844928]], "chi2_level": 0.99, "chi2_df": 3, "chi2_threshold": 11.344866730144373, "N_raw": 57, "N_roi": 57, "N_inlier": 57, "refit": true}
{"timestamp": "20:22:37.732574", "frame": 69, "mu": [-0.6196522585418929, 0.818944656571129, 1.138754928043598], "Sigma": [[0.029529299852558928, 0.018707658149610777, -0.058723221245103575], [0.018707658149610777, 0.018938826332434263, -0.04851915101991135], [-0.058723221245103575, -0.04851915101991135, 0.13973454047957456]], "chi2_level": 0.99, "chi2_df": 3, "chi2_threshold": 11.344866730144373, "N_raw": 52, "N_roi": 52, "N_inlier": 50, "refit": true}
{"timestamp": "20:22:37.782499", "frame": 70, "mu": [-0.5840074374631626, 0.8697796267420536, 1.0302837201663282], "Sigma": [[0.0028935027605165946, 0.002740546559095056, -0.012332367728693422], [0.002740546559095056, 0.00399766298481524, -0.016588359133033283], [-0.012332367728693422, -0.016588359133033283, 0.07444534451793709]], "chi2_level": 0.99, "chi2_df": 3, "chi2_threshold": 11.344866730144373, "N_raw": 17, "N_roi": 17, "N_inlier": 15, "refit": true}
{"timestamp": "20:22:37.840537", "frame": 71, "mu": [-0.6343527947948197, 0.8531788198008982, 0.9096522362728948], "Sigma": [[0.002443872872596767, 0.0014123685193630634, -0.003066771974254087], [0.0014123685193630634, 0.007947474265921526, -0.012796398254698612], [-0.0030667719742540865, -0.012796398254698613, 0.024426556305216836]], "chi2_level": 0.99, "chi2_df": 3, "chi2_threshold": 11.344866730144373, "N_raw": 39, "N_roi": 39, "N_inlier": 36, "refit": true}
{"timestamp": "20:22:37.896080", "frame": 72, "mu": [-0.9522932615637145, 0.7180617078101686, -0.3074047880839633], "Sigma": [[0.012125656765975467, 0.006584368932136045, -0.00766244774237588], [0.006584368932136045, 0.009300406268301333, -0.00911786936480469], [-0.00766244774237588, -0.00911786936480469, 0.009910580688437096]], "chi2_level": 0.99, "chi2_df": 3, "chi2_threshold": 11.344866730144373, "N_raw": 36, "N_roi": 36, "N_inlier": 34, "refit": true}
{"timestamp": "20:22:37.957537", "frame": 73, "mu": [-0.9023870430199878, 0.7090136203052673, -0.4043099447756335], "Sigma": [[0.010253717202327787, 0.004216635731489582, -0.0019086382916138397], [0.004216635731489582, 0.00555046715311959, -0.0033321459518417147], [-0.0019086382916138397, -0.0033321459518417147, 0.002632376582580134]], "chi2_level": 0.99, "chi2_df": 3, "chi2_threshold": 11.344866730144373, "N_raw": 82, "N_roi": 82, "N_inlier": 78, "refit": true}
{"timestamp": "20:22:38.007358", "frame": 74, "mu": [-1.008947764297941, 0.7289532004177124, -0.38415439066253404], "Sigma": [[0.0075701611715316254, 0.0032850570422242754, -0.006494056405528836], [0.0032850570422242754, 0.0071198979831784736, -0.007282860005787374], [-0.006494056405528836, -0.007282860005787374, 0.013059855624890253]], "chi2_level": 0.99, "chi2_df": 3, "chi2_threshold": 11.344866730144373, "N_raw": 44, "N_roi": 44, "N_inlier": 41, "refit": true}
{"timestamp": "20:22:38.065487", "frame": 75, "mu": [-1.023319989280381, 0.651065496917078, -0.4984265355974449], "Sigma": [[0.008876585506194615, 0.0027041990580317513, -0.00276673851864637], [0.0027041990580317513, 0.003650503157747656, -0.0032109605847508572], [-0.002766738518646371, -0.0032109605847508572, 0.017060596036955034]], "chi2_level": 0.99, "chi2_df": 3, "chi2_threshold": 11.344866730144373, "N_raw": 74, "N_roi": 74, "N_inlier": 69, "refit": true}
{"timestamp": "20:22:38.123110", "frame": 76, "mu": [-1.1054441027189805, 0.5953409651847793, 1.4496224330540226], "Sigma": [[0.011367901529367548, 0.0054357785295276765, -0.0004247941120805441], [0.005435778529527677, 0.006655618667417391, -0.003618440811334893], [-0.00042479411208054394, -0.0036184408113348926, 0.006815340639355532]], "chi2_level": 0.99, "chi2_df": 3, "chi2_threshold": 11.344866730144373, "N_raw": 87, "N_roi": 87, "N_inlier": 83, "refit": true}
{"timestamp": "20:22:38.171603", "frame": 77, "mu": [-1.1501633747539333, 0.6562053386561901, 1.5645021593546038], "Sigma": [[0.005458015956296436, 0.0017482439014591593, 0.00034811109146212787], [0.001748243901459159, 0.0037730779135590918, -0.003170059940363071], [0.0003481110914621279, -0.003170059940363071, 0.006688086618381702]], "chi2_level": 0.99, "chi2_df": 3, "chi2_threshold": 11.344866730144373, "N_raw": 48, "N_roi": 48, "N_inlier": 47, "refit": true}
{"timestamp": "20:22:38.228657", "frame": 78, "mu": [-1.174654991813901, 0.6793451726572166, 1.5142518597439372], "Sigma": [[0.006191867167978837, 0.004145775093083878, 0.0009731402475993633], [0.004145775093083878, 0.008588507997038131, 0.0019601010611307755], [0.000973140247599363, 0.0019601010611307755, 0.023444853017983082]], "chi2_level": 0.99, "chi2_df": 3, "chi2_threshold": 11.344866730144373, "N_raw": 59, "N_roi": 59, "N_inlier": 56, "refit": true}
{"timestamp": "20:22:38.285814", "frame": 79, "mu": [-1.2258525150197452, 0.6132007600032023, 1.4427261554626087], "Sigma": [[0.00974538289355231, 0.003959212090849554, -0.0007531482962058792], [0.003959212090849554, 0.008793236040485599, -0.004382899179766116], [-0.0007531482962058791, -0.004382899179766116, 0.003400075540034485]], "chi2_level": 0.99, "chi2_df": 3, "chi2_threshold": 11.344866730144373, "N_raw": 77, "N_roi": 77, "N_inlier": 73, "refit": true}
{"timestamp": "20:22:38.339955", "frame": 80, "mu": [-1.2567787275555873, 0.6402915873721402, 1.4142958482064814], "Sigma": [[0.00553899452812687, 0.0028853590224774375, 0.0007587897821095281], [0.0028853590224774375, 0.006912290877087542, -0.004285095072162394], [0.0007587897821095281, -0.004285095072162394, 0.005300748297177283]], "chi2_level": 0.99, "chi2_df": 3, "chi2_threshold": 11.344866730144373, "N_raw": 56, "N_roi": 56, "N_inlier": 53, "refit": true}
{"timestamp": "20:22:38.448109", "frame": 82, "mu": [-1.337830007815011, 0.6614096358581507, 1.2692467973186452], "Sigma": [[0.005431855087967588, 0.0043193499921289, 0.005227459575465863], [0.0043193499921289, 0.007318598958874488, 0.004800667502152793], [0.005227459575465864, 0.004800667502152793, 0.03686004621333834]], "chi2_level": 0.99, "chi2_df": 3, "chi2_threshold": 11.344866730144373, "N_raw": 61, "N_roi": 61, "N_inlier": 61, "refit": true}
{"timestamp": "20:22:38.503199", "frame": 83, "mu": [-1.38407910366266, 0.7066872533065446, -0.8995942274433214], "Sigma": [[0.01154491406340914, 0.016724717552140306, -0.002235317047476448], [0.016724717552140306, 0.03426911567449098, 0.001664120993922958], [-0.002235317047476448, 0.0016641209939229572, 0.02027812060007751]], "chi2_level": 0.99, "chi2_df": 3, "chi2_threshold": 11.344866730144373, "N_raw": 52, "N_roi": 52, "N_inlier": 48, "refit": true}
{"timestamp": "20:22:38.559289", "frame": 84, "mu": [-1.47935787149547, 0.7383975128143536, -0.6480825305789504], "Sigma": [[0.006020790716810343, 0.007395557904049745, 0.007827176315973735], [0.007395557904049745, 0.024732370992039635, 0.004416765359418427], [0.007827176315973735, 0.004416765359418426, 0.024590997046595345]], "chi2_level": 0.99, "chi2_df": 3, "chi2_threshold": 11.344866730144373, "N_raw": 63, "N_roi": 63, "N_inlier": 61, "refit": true}
{"timestamp": "20:22:38.612689", "frame": 85, "mu": [-1.473086526088015, 0.766106294306734, 1.3657561651439254], "Sigma": [[0.006722155143912136, 0.0030157148987671537, 0.003345885207980452], [0.0030157148987671537, 0.005175773093855873, -0.00410178990899741], [0.0033458852079804526, -0.00410178990899741, 0.020291423500123265]], "chi2_level": 0.99, "chi2_df": 3, "chi2_threshold": 11.344866730144373, "N_raw": 56, "N_roi": 56, "N_inlier": 55, "refit": true}
{"timestamp": "20:22:38.670394", "frame": 86, "mu": [-1.4912866378809677, 0.8931999784023337, -0.5809675400431669], "Sigma": [[0.005303635269490765, 0.0032969724091830173, 0.003120829891765425], [0.0032969724091830173, 0.022877627705897713, -0.012184869895314678], [0.0031208298917654244, -0.012184869895314678, 0.029373040498397767]], "chi2_level": 0.99, "chi2_df": 3, "chi2_threshold": 11.344866730144373, "N_raw": 74, "N_roi": 74, "N_inlier": 70, "refit": true}
{"timestamp": "20:22:38.725749", "frame": 87, "mu": [-1.5491171111453599, 0.7558972333084857, 1.1870624309184306], "Sigma": [[0.008075397175695017, 0.00884915110506082, 0.00629404971760024], [0.00884915110506082, 0.012892420053434725, 0.00745009149935119], [0.00629404971760024, 0.00745009149935119, 0.04297577233643754]], "chi2_level": 0.99, "chi2_df": 3, "chi2_threshold": 11.344866730144373, "N_raw": 74, "N_roi": 74, "N_inlier": 72, "refit": true}
{"timestamp": "20:22:38.777441", "frame": 88, "mu": [-1.5732118680307177, 0.9584203488842917, -0.3343617202709619], "Sigma": [[0.005149469918476588, 0.0035703949599265204, -0.000443482626190898], [0.0035703949599265204, 0.0111057846925249, -0.0112551124442354], [-0.0004434826261908978, -0.0112551124442354, 0.020661255026039972]], "chi2_level": 0.99, "chi2_df": 3, "chi2_threshold": 11.344866730144373, "N_raw": 50, "N_roi": 50, "N_inlier": 48, "refit": true}
{"timestamp": "20:22:38.833585", "frame": 89, "mu": [-1.5549613112113723, 0.9885140553052268, -0.5682020518791807], "Sigma": [[0.006578118820502007, 0.006923024031196602, 0.008025299915110485], [0.006923024031196602, 0.022088291187482158, 0.006082975386314313], [0.008025299915110485, 0.006082975386314313, 0.02562711190449246]], "chi2_level": 0.99, "chi2_df": 3, "chi2_threshold": 11.344866730144373, "N_raw": 67, "N_roi": 67, "N_inlier": 65, "refit": true}
{"timestamp": "20:22:38.891747", "frame": 90, "mu": [-1.5557606810452744, 0.9114345391422395, 1.2054472483871195], "Sigma": [[0.009634793437296668, 0.007282938816852815, -0.0012275477017599419], [0.007282938816852815, 0.00921401470481763, -0.008099385955587542], [-0.0012275477017599417, -0.008099385955587542, 0.02292507851380743]], "chi2_level": 0.99, "chi2_df": 3, "chi2_threshold": 11.344866730144373, "N_raw": 86, "N_roi": 86, "N_inlier": 86, "refit": true}
{"timestamp": "20:22:38.943951", "frame": 91, "mu": [-1.5831501217036898, 0.9016032114791858, 1.3783236669777517], "Sigma": [[0.009995271788214912, 0.005712235247478138, -0.007319599696772889], [0.005712235247478138, 0.01044835954775242, -0.009018468745803435], [-0.007319599696772889, -0.009018468745803433, 0.009120008949575304]], "chi2_level": 0.99, "chi2_df": 3, "chi2_threshold": 11.344866730144373, "N_raw": 60, "N_roi": 60, "N_inlier": 60, "refit": true}
{"timestamp": "20:22:39.000489", "frame": 92, "mu": [-1.6265673428450373, 1.069759836741915, -0.3892782588316552], "Sigma": [[0.007900191596391208, 0.002064886735036191, 0.0025814820413615353], [0.002064886735036191, 0.011308323704815793, -0.007136754601837998], [0.0025814820413615357, -0.007136754601837998, 0.02452760898876661]], "chi2_level": 0.99, "chi2_df": 3, "chi2_threshold": 11.344866730144373, "N_raw": 75, "N_roi": 75, "N_inlier": 71, "refit": true}
{"timestamp": "20:22:39.055950", "frame": 93, "mu": [-1.692038154769418, 0.932861236656969, 1.3168556773451423], "Sigma": [[0.008952568963866018, 0.005948196111245916, 0.006315067106865537], [0.005948196111245916, 0.010097041086636544, 0.0020727504653088825], [0.006315067106865537, 0.002072750465308882, 0.0427536925001719]], "chi2_level": 0.99, "chi2_df": 3, "chi2_threshold": 11.344866730144373, "N_raw": 76, "N_roi": 76, "N_inlier": 76, "refit": true}
{"timestamp": "20:22:39.109042", "frame": 94, "mu": [-1.6886322935880136, 0.99212835484944, 1.3174325531634041], "Sigma": [[0.007297656733278225, 0.0041301478885797235, 0.0005634040422823376], [0.0041301478885797235, 0.009393009665087803, -0.005979001329009009], [0.0005634040422823375, -0.005979001329009009, 0.01144741136110286]], "chi2_level": 0.99, "chi2_df": 3, "chi2_threshold": 11.344866730144373, "N_raw": 60, "N_roi": 60, "N_inlier": 57, "refit": true}
{"timestamp": "20:22:39.162836", "frame": 95, "mu": [-1.7166594001100692, 1.0479646716519166, 1.2883459340649692], "Sigma": [[0.009099872512948219, 0.005365633870372028, 0.0016677277759187057], [0.005365633870372028, 0.008380730384340477, -0.0026277570915371326], [0.0016677277759187055, -0.0026277570915371326, 0.021784487562049232]], "chi2_level": 0.99, "chi2_df": 3, "chi2_threshold": 11.344866730144373, "N_raw": 58, "N_roi": 58, "N_inlier": 58, "refit": true}
{"timestamp": "20:22:39.221560", "frame": 96, "mu": [-1.780177944673588, 1.0249439989053468, 1.2685313751479743], "Sigma": [[0.017212740603599244, 0.010292506810912197, 0.0038543567884524055], [0.010292506810912197, 0.011804951423021624, -0.002580690817930205], [0.003854356788452406, -0.002580690817930205, 0.019932618930230808]], "chi2_level": 0.99, "chi2_df": 3, "chi2_threshold": 11.344866730144373, "N_raw": 84, "N_roi": 84, "N_inlier": 84, "refit": true}
{"timestamp": "20:22:39.277005", "frame": 97, "mu": [-1.7841384433298126, 1.247126913827884, -0.4329827495076304], "Sigma": [[0.011511816300608957, 0.004923335022019734, 0.0006956321384382637], [0.004923335022019734, 0.015622213992433598, -0.008365447739083293], [0.0006956321384382637, -0.008365447739083293, 0.008976984316081989]], "chi2_level": 0.99, "chi2_df": 3, "chi2_threshold": 11.344866730144373, "N_raw": 81, "N_roi": 81, "N_inlier": 78, "refit": true}
{"timestamp": "20:22:39.331905", "frame": 98, "mu": [-1.855316897736804, 1.2543955718977313, -0.2831770988922496], "Sigma": [[0.011400021197360725, 0.006473255905819858, 0.00507779941246873], [0.006473255905819859, 0.014819057646688538, -0.013719826807166768], [0.00507779941246873, -0.013719826807166768, 0.056330736125773995]], "chi2_level": 0.99, "chi2_df": 3, "chi2_threshold": 11.344866730144373, "N_raw": 81, "N_roi": 81, "N_inlier": 81, "refit": true}
{"timestamp": "20:22:39.386518", "frame": 99, "mu": [-1.8470472043843085, 1.175783280047455, 1.3528662735526198], "Sigma": [[0.010883306743741753, 0.007027998110861971, -0.0002017316780333772], [0.007027998110861971, 0.008804029566298895, -0.008596318847592488], [-0.00020173167803337762, -0.008596318847592488, 0.03336385466944432]], "chi2_level": 0.99, "chi2_df": 3, "chi2_threshold": 11.344866730144373, "N_raw": 74, "N_roi": 74, "N_inlier": 72, "refit": true}
{"timestamp": "20:22:39.645272", "frame": 100, "mu": [-1.7936865274114806, 1.4030805013457357, -0.36955776811291163], "Sigma": [[0.01913513379687532, 0.012473087890408126, -0.0041555641008426515], [0.012473087890408126, 0.019852297362576432, -0.012846663436896114], [-0.0041555641008426515, -0.012846663436896114, 0.013306894421872476]], "chi2_level": 0.99, "chi2_df": 3, "chi2_threshold": 11.344866730144373, "N_raw": 102, "N_roi": 102, "N_inlier": 99, "refit": true}
{"timestamp": "20:22:39.659104", "frame": 101, "mu": [-1.8621694574016794, 1.387240502536706, -0.4615134562667811], "Sigma": [[0.012759244001830337, 0.009954777642742165, 0.004861901962098727], [0.009954777642742165, 0.01638869103003895, -0.007275073382590862], [0.004861901962098726, -0.007275073382590858, 0.021915373281688147]], "chi2_level": 0.99, "chi2_df": 3, "chi2_threshold": 11.344866730144373, "N_raw": 81, "N_roi": 81, "N_inlier": 78, "refit": true}
{"timestamp": "20:22:39.697271", "frame": 102, "mu": [-1.9347169989889343, 1.4488098491551766, -0.34456796567145254], "Sigma": [[0.008109893934695495, 0.008703907349527617, -0.004115504079169512], [0.008703907349527615, 0.02707138156273775, -0.028048289079756806], [-0.004115504079169512, -0.02804828907975681, 0.044997674070115096]], "chi2_level": 0.99, "chi2_df": 3, "chi2_threshold": 11.344866730144373, "N_raw": 62, "N_roi": 62, "N_inlier": 61, "refit": true}
{"timestamp": "20:22:39.721524", "frame": 103, "mu": [-1.981620134865473, 1.4107444451063984, -0.40869949958481466], "Sigma": [[0.009672294190568713, 0.008655678458684963, 0.006766505783530738], [0.008655678458684963, 0.014075442403721779, -0.007558573147280605], [0.006766505783530738, -0.007558573147280605, 0.08388018218581428]], "chi2_level": 0.99, "chi2_df": 3, "chi2_threshold": 11.344866730144373, "N_raw": 60, "N_roi": 60, "N_inlier": 56, "refit": true}
{"timestamp": "20:22:39.746592", "frame": 104, "mu": [-1.9331821380716492, 1.4088624423224008, 1.3990988216532856], "Sigma": [[0.01191552353628875, 0.009921619511910021, -0.012483667239545249], [0.009921619511910021, 0.015382204054814939, -0.01921098833213518], [-0.012483667239545249, -0.01921098833213518, 0.043260209494221484]], "chi2_level": 0.99, "chi2_df": 3, "chi2_threshold": 11.344866730144373, "N_raw": 72, "N_roi": 72, "N_inlier": 71, "refit": true}
{"timestamp": "20:22:39.777407", "frame": 105, "mu": [-1.9552554866155454, 1.389816185674158, 1.2693529276890865], "Sigma": [[0.013517629686737346, 0.008659440835891104, -0.005754385538887212], [0.008659440835891104, 0.013661910451144758, -0.012622770705593154], [-0.005754385538887212, -0.012622770705593152, 0.018681682917511454]], "chi2_level": 0.99, "chi2_df": 3, "chi2_threshold": 11.344866730144373, "N_raw": 74, "N_roi": 74, "N_inlier": 72, "refit": true}
{"timestamp": "20:22:39.802394", "frame": 106, "mu": [-1.9615152218855303, 1.6278728105824185, -0.5893583168969283], "Sigma": [[0.015725281329987417, 0.013597661214652397, -0.002848380657852129], [0.013597661214652397, 0.01734730896689343, -0.009838206324554876], [-0.0028483806578521293, -0.009838206324554875, 0.013977768617636993]], "chi2_level": 0.99, "chi2_df": 3, "chi2_threshold": 11.344866730144373, "N_raw": 65, "N_roi": 65, "N_inlier": 62, "refit": true}
{"timestamp": "20:22:39.840712", "frame": 107, "mu": [-1.9798656553040308, 1.4584484561687552, 1.2173703937287494], "Sigma": [[0.01366875552746803, 0.011822251339108383, -0.00574487200574554], [0.011822251339108383, 0.013601416210848894, -0.010471572572230543], [-0.00574487200574554, -0.010471572572230543, 0.014552660537321276]], "chi2_level": 0.99, "chi2_df": 3, "chi2_threshold": 11.344866730144373, "N_raw": 54, "N_roi": 54, "N_inlier": 52, "refit": true}
{"timestamp": "20:22:39.885194", "frame": 108, "mu": [-2.009758055083823, 1.5085777001544152, 1.1751350472815894], "Sigma": [[0.020366674089333014, 0.01453918657766259, 0.0016969655538135989], [0.01453918657766259, 0.014203656258185827, -0.006700173126122725], [0.001696965553813598, -0.006700173126122727, 0.05299224391195426]], "chi2_level": 0.99, "chi2_df": 3, "chi2_threshold": 11.344866730144373, "N_raw": 108, "N_roi": 108, "N_inlier": 108, "refit": true}
{"timestamp": "20:22:39.934568", "frame": 109, "mu": [-2.033115304099807, 1.611487566131282, -0.010606601284743547], "Sigma": [[0.01751570230464552, 0.014804043551116738, -0.012097619237531176], [0.014804043551116738, 0.023633094142937114, -0.02168842564640934], [-0.012097619237531176, -0.02168842564640934, 0.03560250318685728]], "chi2_level": 0.99, "chi2_df": 3, "chi2_threshold": 11.344866730144373, "N_raw": 58, "N_roi": 58, "N_inlier": 56, "refit": true}
{"timestamp": "20:22:39.987228", "frame": 110, "mu": [-1.9385572370579167, 1.732729594842155, -0.12702643870525399], "Sigma": [[0.016249444297730082, 0.012747474259315763, -0.007245937181711109], [0.012747474259315762, 0.016044771827068934, -0.00952234245856143], [-0.007245937181711108, -0.009522342458561431, 0.01958260900487148]], "chi2_level": 0.99, "chi2_df": 3, "chi2_threshold": 11.344866730144373, "N_raw": 49, "N_roi": 49, "N_inlier": 48, "refit": true}
{"timestamp": "20:22:40.041651", "frame": 111, "mu": [-2.1042000853230896, 1.7068405740773862, -0.14556340824514677], "Sigma": [[0.019273500672699864, 0.01893879519090966, -0.015116829898124191], [0.018938795190909657, 0.030724507076212583, -0.04397865229971962], [-0.015116829898124191, -0.04397865229971961, 0.1183421649324939]], "chi2_level": 0.99, "chi2_df": 3, "chi2_threshold": 11.344866730144373, "N_raw": 47, "N_roi": 47, "N_inlier": 47, "refit": true}
{"timestamp": "20:22:40.094752", "frame": 112, "mu": [-2.040387784351324, 1.7102586671183544, 1.3575542025177723], "Sigma": [[0.017018445282562293, 0.011106151338065265, -0.022827598557056503], [0.011106151338065263, 0.0136589696891473, -0.03339620080151466], [-0.022827598557056503, -0.033396200801514654, 0.1809228319744304]], "chi2_level": 0.99, "chi2_df": 3, "chi2_threshold": 11.344866730144373, "N_raw": 30, "N_roi": 30, "N_inlier": 30, "refit": true}
