{"timestamp": "19:28:32.799168", "frame": 1, "mu": [0.9845710134873, 0.2781099514842425, 0.9915311821949138], "Sigma": [[0.9328037498164006, 0.027369925237447055, -0.028485728776573797], [0.027369925237447062, 0.004908543598921194, -0.0029214645475094097], [-0.0284857287765738, -0.002921464547509409, 0.00394528288964928]], "chi2_level": 0.99, "chi2_df": 3, "chi2_threshold": 11.344866730144373, "N_raw": 7, "N_roi": 7, "N_inlier": 7, "refit": true}
{"timestamp": "19:28:33.735573", "frame": 18, "mu": [1.0005097067625837, 0.32620161527614866, 0.8543715624734151], "Sigma": [[0.6428283556733615, -0.020897316120837495, 0.26180996169864873], [-0.0208973161208375, 0.004753922070283411, -0.010001080947909769], [0.26180996169864873, -0.010001080947909769, 0.11102545382866905]], "chi2_level": 0.99, "chi2_df": 3, "chi2_threshold": 11.344866730144373, "N_raw": 14, "N_roi": 14, "N_inlier": 14, "refit": true}
{"timestamp": "19:28:33.845100", "frame": 20, "mu": [-0.6607878504424304, 0.34699070870118015, 0.8052028717832549], "Sigma": [[0.985389160824791, -0.006488470300338947, 0.09545462411697114], [-0.006488470300338947, 0.005118078787642299, -0.038496029561634254], [0.09545462411697116, -0.03849602956163424, 0.34068349030987627]], "chi2_level": 0.99, "chi2_df": 3, "chi2_threshold": 11.344866730144373, "N_raw": 8, "N_roi": 8, "N_inlier": 8, "refit": true}
{"timestamp": "19:28:33.960560", "frame": 22, "mu": [-0.020230523870007743, 0.31110879238958034, 1.305542690405606], "Sigma": [[1.4415924361703027, 0.005277091842671814, -0.033606617911619056], [0.005277091842671819, 0.00505895394715179, -0.0001794378376054553], [-0.033606617911619056, -0.00017943783760545503, 0.010530849246413617]], "chi2_level": 0.99, "chi2_df": 3, "chi2_threshold": 11.344866730144373, "N_raw": 45, "N_roi": 45, "N_inlier": 45, "refit": true}
{"timestamp": "19:28:34.013016", "frame": 23, "mu": [-0.06970420443523669, 0.533444390814692, -0.8262691139963934], "Sigma": [[1.5176148797861475, -0.0010493170514842623, 0.07567000042648189], [-0.0010493170514842623, 0.03030576794611494, -0.036126779584719784], [0.07567000042648189, -0.036126779584719784, 0.07094203059993738]], "chi2_level": 0.99, "chi2_df": 3, "chi2_threshold": 11.344866730144373, "N_raw": 29, "N_roi": 29, "N_inlier": 28, "refit": true}
{"timestamp": "19:28:34.070493", "frame": 24, "mu": [-0.004804603773768616, 0.2650758161445717, 1.2012882982366964], "Sigma": [[1.5314017981098438, 0.04392876901769828, -0.006809135243148492], [0.04392876901769827, 0.0055909386833312156, 0.00014813052228039093], [-0.006809135243148488, 0.00014813052228039082, 0.009872225169912065]], "chi2_level": 0.99, "chi2_df": 3, "chi2_threshold": 11.344866730144373, "N_raw": 47, "N_roi": 47, "N_inlier": 46, "refit": true}
{"timestamp": "19:28:34.125410", "frame": 25, "mu": [-0.13131135730130622, 0.2874431927167063, 1.2926972196476367], "Sigma": [[1.396471833610773, 0.02422227141365841, -0.0023266422789396356], [0.02422227141365841, 0.003868656572147267, -0.0008123957140543581], [-0.0023266422789396356, -0.0008123957140543582, 0.004416809467660189]], "chi2_level": 0.99, "chi2_df": 3, "chi2_threshold": 11.344866730144373, "N_raw": 47, "N_roi": 47, "N_inlier": 46, "refit": true}
{"timestamp": "19:28:34.181739", "frame": 26, "mu": [-1.008034370898183, 0.3780141866391004, 1.3997659396444229], "Sigma": [[0.41828659070393653, -0.015555573868909007, 0.01192182494807838], [-0.015555573868909007, 0.003968322067634392, -0.0024475418790368686], [0.01192182494807838, -0.0024475418790368686, 0.006992676907591071]], "chi2_level": 0.99, "chi2_df": 3, "chi2_threshold": 11.344866730144373, "N_raw": 57, "N_roi": 57, "N_inlier": 55, "refit": true}
{"timestamp": "19:28:34.236887", "frame": 27, "mu": [-1.1823768578859826, 0.3899077384139716, 1.3978064401179155], "Sigma": [[0.005909755126571741, 0.0033868958416404787, 0.0017416435576718364], [0.003386895841640478, 0.003903729529147669, -0.001194640364766787], [0.001741643557671837, -0.001194640364766787, 0.009999357933635341]], "chi2_level": 0.99, "chi2_df": 3, "chi2_threshold": 11.344866730144373, "N_raw": 58, "N_roi": 58, "N_inlier": 54, "refit": true}
{"timestamp": "19:28:34.346145", "frame": 29, "mu": [-1.120527247529885, 0.436931914841505, 1.4452277263553643], "Sigma": [[0.006259851171489168, 0.0011119811950541648, 0.00034818171876751266], [0.0011119811950541646, 0.006195949272428816, -0.00371128862883282], [0.0003481817187675127, -0.00371128862883282, 0.0028094983110203485]], "chi2_level": 0.99, "chi2_df": 3, "chi2_threshold": 11.344866730144373, "N_raw": 56, "N_roi": 56, "N_inlier": 54, "refit": true}
{"timestamp": "19:28:34.400949", "frame": 30, "mu": [-1.0988295328407323, 0.6344410000007573, -0.382571920522053], "Sigma": [[0.006719467735385957, 0.001514080127243166, 0.003337957277377251], [0.0015140801272431658, 0.0035935896573261717, 0.0003158770290570773], [0.0033379572773772513, 0.0003158770290570774, 0.006272396560374619]], "chi2_level": 0.99, "chi2_df": 3, "chi2_threshold": 11.344866730144373, "N_raw": 43, "N_roi": 43, "N_inlier": 41, "refit": true}
{"timestamp": "19:28:34.456989", "frame": 31, "mu": [-1.111969225042734, 0.4996307241418187, 1.4366114844341713], "Sigma": [[0.00751502722073651, 0.0024387735625548885, -0.0003814820420052632], [0.002438773562554889, 0.003306238787627102, -0.002876795455870437], [-0.0003814820420052632, -0.002876795455870437, 0.004731815862169818]], "chi2_level": 0.99, "chi2_df": 3, "chi2_threshold": 11.344866730144373, "N_raw": 61, "N_roi": 61, "N_inlier": 59, "refit": true}
{"timestamp": "19:28:34.513082", "frame": 32, "mu": [-1.0767860925265316, 0.6690555186201154, -0.3958955301335317], "Sigma": [[0.007761319167184067, 0.004524509749792538, 0.003357453817158698], [0.004524509749792538, 0.012824004244003725, 0.0024335068309140418], [0.003357453817158698, 0.0024335068309140418, 0.003203598504258111]], "chi2_level": 0.99, "chi2_df": 3, "chi2_threshold": 11.344866730144373, "N_raw": 70, "N_roi": 70, "N_inlier": 67, "refit": true}
{"timestamp": "19:28:34.567359", "frame": 33, "mu": [-1.116867163591544, 0.5657760615796231, 1.4696284833046829], "Sigma": [[0.006273921425787781, 0.001422496935158076, -0.0006608694004026565], [0.001422496935158076, 0.003450108758312048, -0.0016251976543504153], [-0.0006608694004026565, -0.001625197654350415, 0.001098843856759817]], "chi2_level": 0.99, "chi2_df": 3, "chi2_threshold": 11.344866730144373, "N_raw": 39, "N_roi": 39, "N_inlier": 39, "refit": true}
{"timestamp": "19:28:34.617981", "frame": 34, "mu": [-1.0064801145356173, 0.6572910360688984, 1.2811146910995592], "Sigma": [[0.01651691259877629, 0.005220818999748527, -0.005173048515810019], [0.005220818999748527, 0.005264581567047371, -0.004231584084785891], [-0.005173048515810018, -0.004231584084785891, 0.003806601022764617]], "chi2_level": 0.99, "chi2_df": 3, "chi2_threshold": 11.344866730144373, "N_raw": 11, "N_roi": 11, "N_inlier": 11, "refit": true}
{"timestamp": "19:28:34.727419", "frame": 36, "mu": [-0.7939832257006377, 0.8951283744136789, 1.013745454554651], "Sigma": [[0.0024895012905193524, 0.00242389065634355, -0.01763244337827613], [0.0024238906563435495, 0.017043974632424377, -0.032731768756578544], [-0.01763244337827613, -0.03273176875657855, 0.15624364543372823]], "chi2_level": 0.99, "chi2_df": 3, "chi2_threshold": 11.344866730144373, "N_raw": 10, "N_roi": 10, "N_inlier": 10, "refit": true}
{"timestamp": "19:28:34.790417", "frame": 37, "mu": [-0.965884582449374, 0.720501964448998, 1.4719374916400954], "Sigma": [[0.027436880739759424, 0.00798827470480788, -0.056698650209905624], [0.00798827470480788, 0.00669477827916131, -0.020675568252962302], [-0.056698650209905624, -0.020675568252962302, 0.13551983260174458]], "chi2_level": 0.99, "chi2_df": 3, "chi2_threshold": 11.344866730144373, "N_raw": 63, "N_roi": 63, "N_inlier": 61, "refit": true}
{"timestamp": "19:28:34.840566", "frame": 38, "mu": [-0.9894477278394405, 0.7689630550076695, 1.3988299512943452], "Sigma": [[0.05206485069245771, 0.022667707310934256, -0.10341345283800904], [0.022667707310934256, 0.01856593210255667, -0.07164425939588848], [-0.10341345283800904, -0.07164425939588848, 0.298163343869773]], "chi2_level": 0.99, "chi2_df": 3, "chi2_threshold": 11.344866730144373, "N_raw": 30, "N_roi": 30, "N_inlier": 29, "refit": true}
{"timestamp": "19:28:34.894736", "frame": 39, "mu": [-1.015318476220738, 0.7823901617241729, 1.609912531479307], "Sigma": [[0.021590869632689552, 0.012468152025231393, -0.008492362346488433], [0.012468152025231393, 0.009100418895380226, -0.0072641620631980494], [-0.008492362346488432, -0.00726416206319805, 0.01104949257863125]], "chi2_level": 0.99, "chi2_df": 3, "chi2_threshold": 11.344866730144373, "N_raw": 21, "N_roi": 21, "N_inlier": 19, "refit": true}
{"timestamp": "19:28:34.954751", "frame": 40, "mu": [-0.7393250995205861, 0.9295951213281918, 1.502141315181042], "Sigma": [[0.04370422501358538, 0.02015697966338031, -0.042493276568207686], [0.020156979663380314, 0.012587904033225553, -0.022282836811073688], [-0.042493276568207686, -0.022282836811073684, 0.04604211433513818]], "chi2_level": 0.99, "chi2_df": 3, "chi2_threshold": 11.344866730144373, "N_raw": 59, "N_roi": 59, "N_inlier": 57, "refit": true}
{"timestamp": "19:28:35.009405", "frame": 41, "mu": [-0.6566549090638686, 1.0964489767966237, -0.30208572426327696], "Sigma": [[0.033633107527173675, 0.02378809018310339, -0.004033339880732446], [0.02378809018310339, 0.022194839191029218, -0.0024215146780128417], [-0.004033339880732446, -0.002421514678012842, 0.00650510864524657]], "chi2_level": 0.99, "chi2_df": 3, "chi2_threshold": 11.344866730144373, "N_raw": 56, "N_roi": 56, "N_inlier": 54, "refit": true}
{"timestamp": "19:28:35.063322", "frame": 42, "mu": [-0.45850522154773643, 0.9805805262911288, 1.2888207711563473], "Sigma": [[0.002724211636850746, -0.00028126452873308524, -0.00027011202201501544], [-0.0002812645287330852, 0.0024032902720527174, -0.002577179008099899], [-0.00027011202201501544, -0.002577179008099899, 0.00523052899047752]], "chi2_level": 0.99, "chi2_df": 3, "chi2_threshold": 11.344866730144373, "N_raw": 52, "N_roi": 52, "N_inlier": 48, "refit": true}
{"timestamp": "19:28:35.116010", "frame": 43, "mu": [-0.4267039628418974, 1.201966742640312, -0.5465069837980846], "Sigma": [[0.001968376578641677, -0.0013076965498255953, -0.00023115847119494458], [-0.0013076965498255953, 0.009115575164047221, -0.015896353626621684], [-0.00023115847119494458, -0.015896353626621687, 0.035825080749663674]], "chi2_level": 0.99, "chi2_df": 3, "chi2_threshold": 11.344866730144373, "N_raw": 27, "N_roi": 27, "N_inlier": 25, "refit": true}
{"timestamp": "19:28:35.179181", "frame": 44, "mu": [-0.4250223561014197, 1.1471471377421278, -0.6814668983749551], "Sigma": [[0.0038718814836077855, 0.0026758045507630952, 0.0038772023126438767], [0.0026758045507630952, 0.009284065837863615, 0.002830099353966607], [0.0038772023126438767, 0.0028300993539666073, 0.029514292773870632]], "chi2_level": 0.99, "chi2_df": 3, "chi2_threshold": 11.344866730144373, "N_raw": 93, "N_roi": 93, "N_inlier": 91, "refit": true}
{"timestamp": "19:28:35.239215", "frame": 45, "mu": [-0.39006570241104505, 1.161074996048785, -0.02496555112151448], "Sigma": [[0.009908251397318208, -0.003620228151027568, 0.07153212650393373], [-0.003620228151027568, 0.002582822740508726, -0.026003484286260366], [0.07153212650393373, -0.026003484286260366, 0.8497446213672989]], "chi2_level": 0.99, "chi2_df": 3, "chi2_threshold": 11.344866730144373, "N_raw": 118, "N_roi": 118, "N_inlier": 116, "refit": true}
{"timestamp": "19:28:35.294429", "frame": 46, "mu": [-0.3524710956301067, 1.4358725278637958, -0.5270770436579529], "Sigma": [[0.008143455679496503, -0.0009475454747743262, -0.009149159289888865], [-0.0009475454747743266, 0.03110149630193019, -0.07576043202432431], [-0.009149159289888865, -0.07576043202432431, 0.22208829370374497]], "chi2_level": 0.99, "chi2_df": 3, "chi2_threshold": 11.344866730144373, "N_raw": 113, "N_roi": 113, "N_inlier": 109, "refit": true}
{"timestamp": "19:28:35.342217", "frame": 47, "mu": [-0.3155812101306229, 1.3568361317764217, 1.1978650282481251], "Sigma": [[0.009341157349978785, 0.007208079169019571, -0.038273007989411426], [0.007208079169019571, 0.017597403626280414, -0.0697096906021843], [-0.038273007989411426, -0.0697096906021843, 0.3117570321671119]], "chi2_level": 0.99, "chi2_df": 3, "chi2_threshold": 11.344866730144373, "N_raw": 71, "N_roi": 71, "N_inlier": 69, "refit": true}
{"timestamp": "19:28:35.403144", "frame": 48, "mu": [-0.2867278397968062, 1.3183927851516795, 1.2362520498131686], "Sigma": [[0.004449025370068453, -0.0011397834187923564, -0.004068132899098684], [-0.0011397834187923564, 0.005538316154080158, 0.010359048209410741], [-0.004068132899098684, 0.010359048209410741, 0.08106922289063842]], "chi2_level": 0.99, "chi2_df": 3, "chi2_threshold": 11.344866730144373, "N_raw": 114, "N_roi": 114, "N_inlier": 112, "refit": true}
{"timestamp": "19:28:35.456418", "frame": 49, "mu": [-0.23541309412821632, 1.3547731960234985, 1.1600694172351853], "Sigma": [[0.007537159931465399, 0.00041845904748495655, 0.011817808384170125], [0.00041845904748495655, 0.002925006044550457, 0.006489012490727572], [0.011817808384170125, 0.006489012490727572, 0.0859798768463914]], "chi2_level": 0.99, "chi2_df": 3, "chi2_threshold": 11.344866730144373, "N_raw": 93, "N_roi": 93, "N_inlier": 89, "refit": true}
{"timestamp": "19:28:35.512255", "frame": 50, "mu": [-0.20176998974172494, 1.4644309863807685, 1.2306648857419884], "Sigma": [[0.006003681653487198, -0.0022895931167139865, -0.000854366838860562], [-0.002289593116713986, 0.00439973899936938, 0.004521182205239573], [-0.0008543668388605622, 0.004521182205239572, 0.26784506354095405]], "chi2_level": 0.99, "chi2_df": 3, "chi2_threshold": 11.344866730144373, "N_raw": 100, "N_roi": 100, "N_inlier": 98, "refit": true}
{"timestamp": "19:28:35.570294", "frame": 51, "mu": [-0.17388296641931897, 1.6814534808986688, -0.750314146995586], "Sigma": [[0.0104230472326479, -0.00744935005333001, 0.026038841498875916], [-0.007449350053330009, 0.019179724150377712, -0.07140950158528328], [0.026038841498875913, -0.07140950158528328, 0.3069284571722157]], "chi2_level": 0.99, "chi2_df": 3, "chi2_threshold": 11.344866730144373, "N_raw": 124, "N_roi": 124, "N_inlier": 121, "refit": true}
{"timestamp": "19:28:35.620306", "frame": 52, "mu": [-0.1258501648096545, 1.5284366813045862, 1.4967744029624168], "Sigma": [[0.01174677202916069, -0.003940081016125779, -0.010735748787874772], [-0.003940081016125779, 0.005210495693719044, 0.0020127049049643176], [-0.010735748787874774, 0.002012704904964318, 0.012239298864764296]], "chi2_level": 0.99, "chi2_df": 3, "chi2_threshold": 11.344866730144373, "N_raw": 89, "N_roi": 89, "N_inlier": 85, "refit": true}
{"timestamp": "19:28:35.677116", "frame": 53, "mu": [-0.08670269806722974, 1.5297301151682088, -0.05827415006979902], "Sigma": [[0.007458706437787627, -0.0014410188061249837, 0.07612889020657629], [-0.0014410188061249837, 0.005121341831334615, -0.013611568390274817], [0.07612889020657629, -0.013611568390274819, 1.0982889156578863]], "chi2_level": 0.99, "chi2_df": 3, "chi2_threshold": 11.344866730144373, "N_raw": 105, "N_roi": 105, "N_inlier": 105, "refit": true}
{"timestamp": "19:28:35.731847", "frame": 54, "mu": [-0.05053308797050283, 1.5585981771020756, 1.0118398641183706], "Sigma": [[0.006485225074791103, -0.0006850648201316932, 0.011642360682489233], [-0.0006850648201316932, 0.006957205258980436, 0.037730041222875196], [0.011642360682489236, 0.037730041222875196, 0.49076161029547877]], "chi2_level": 0.99, "chi2_df": 3, "chi2_threshold": 11.344866730144373, "N_raw": 98, "N_roi": 98, "N_inlier": 97, "refit": true}
{"timestamp": "19:28:35.784510", "frame": 55, "mu": [-0.010949148163278584, 1.5909034148642813, 1.0155559589681435], "Sigma": [[0.0048297176506730535, -0.0009619955391245368, -0.009023720928217818], [-0.0009619955391245368, 0.007028883216056253, -0.006193104764924878], [-0.009023720928217816, -0.00619310476492488, 0.3913471329308484]], "chi2_level": 0.99, "chi2_df": 3, "chi2_threshold": 11.344866730144373, "N_raw": 89, "N_roi": 89, "N_inlier": 88, "refit": true}
{"timestamp": "19:28:35.834464", "frame": 56, "mu": [0.011094271615929964, 1.720854538074984, 1.4732577131949103], "Sigma": [[0.0029640214096477, -0.0008114411018018879, -0.0034916417111372946], [-0.0008114411018018879, 0.0025671419455123353, -0.002628341220195887], [-0.0034916417111372946, -0.002628341220195887, 0.08689791017046675]], "chi2_level": 0.99, "chi2_df": 3, "chi2_threshold": 11.344866730144373, "N_raw": 48, "N_roi": 48, "N_inlier": 45, "refit": true}
{"timestamp": "19:28:35.891019", "frame": 57, "mu": [0.07780566684944189, 1.7122983359924207, 1.4329831848238028], "Sigma": [[0.005032009897697939, -0.0014162246874868765, -0.004243721168831829], [-0.0014162246874868765, 0.00345998029411007, 0.0016478147604064824], [-0.004243721168831829, 0.001647814760406482, 0.06136881592110127]], "chi2_level": 0.99, "chi2_df": 3, "chi2_threshold": 11.344866730144373, "N_raw": 61, "N_roi": 61, "N_inlier": 58, "refit": true}
{"timestamp": "19:28:35.944827", "frame": 58, "mu": [0.11240757164739265, 1.8417859664725078, -0.0402218802728256], "Sigma": [[0.004008009808502077, -0.00041484515862410544, -0.0031507895864346684], [-0.00041484515862410544, 0.004401617461468357, 0.00046699117414256917], [-0.0031507895864346684, 0.0004669911741425691, 0.008111476519420435]], "chi2_level": 0.99, "chi2_df": 3, "chi2_threshold": 11.344866730144373, "N_raw": 48, "N_roi": 48, "N_inlier": 45, "refit": true}
{"timestamp": "19:28:36.001557", "frame": 59, "mu": [0.044656659245942976, 1.7371702528543178, 0.8428920575767114], "Sigma": [[0.027862296980752946, -0.0073021746241351704, 0.07551042058428234], [-0.00730217462413517, 0.0038890995860069374, -0.02246792784168649], [0.07551042058428234, -0.02246792784168649, 0.250747887879432]], "chi2_level": 0.99, "chi2_df": 3, "chi2_threshold": 11.344866730144373, "N_raw": 68, "N_roi": 68, "N_inlier": 63, "refit": true}
{"timestamp": "19:28:36.062908", "frame": 60, "mu": [0.1228217515031013, 1.7883767084463633, 0.8348038521439909], "Sigma": [[0.02776377513454759, -0.004083726716693121, 0.05938681743993582], [-0.004083726716693121, 0.0030957906024094524, -0.0018468773070841884], [0.059386817439935805, -0.0018468773070841903, 0.294579140625055]], "chi2_level": 0.99, "chi2_df": 3, "chi2_threshold": 11.344866730144373, "N_raw": 104, "N_roi": 103, "N_inlier": 102, "refit": true}
{"timestamp": "19:28:36.112553", "frame": 61, "mu": [0.27260277942597066, 1.9468537908680186, -0.3513618963050989], "Sigma": [[0.009081027113070262, 0.000971594200645984, 0.018161620351654056], [0.000971594200645984, 0.003869384229496694, 0.0005816703155711862], [0.018161620351654056, 0.0005816703155711859, 0.16442576911536352]], "chi2_level": 0.99, "chi2_df": 3, "chi2_threshold": 11.344866730144373, "N_raw": 71, "N_roi": 71, "N_inlier": 66, "refit": true}
{"timestamp": "19:28:36.171278", "frame": 62, "mu": [0.30835471218904426, 1.865769801218435, 1.0111333433446086], "Sigma": [[0.016816161411734802, -0.001500402453045713, 0.03953016751193843], [-0.0015004024530457134, 0.002966089422652551, 0.0008904739669982104], [0.03953016751193843, 0.0008904739669982112, 0.25803721547247277]], "chi2_level": 0.99, "chi2_df": 3, "chi2_threshold": 11.344866730144373, "N_raw": 91, "N_roi": 91, "N_inlier": 89, "refit": true}
{"timestamp": "19:28:36.223075", "frame": 63, "mu": [0.3874371190288302, 1.8548545455669692, 1.2495635803346583], "Sigma": [[0.006077883537165238, -0.0008771264171586848, 6.318440357921018e-05], [-0.000877126417158685, 0.005242678895510386, -0.005544341305678435], [6.318440357921018e-05, -0.005544341305678434, 0.01205574019979294]], "chi2_level": 0.99, "chi2_df": 3, "chi2_threshold": 11.344866730144373, "N_raw": 81, "N_roi": 81, "N_inlier": 78, "refit": true}
{"timestamp": "19:28:36.275784", "frame": 64, "mu": [0.4417696760719155, 1.8758611425299032, 1.303691360193784], "Sigma": [[0.005460535427672377, -0.0006702905547479691, -0.0013723611222149486], [-0.0006702905547479692, 0.005148625475779458, -0.001196434179408872], [-0.0013723611222149486, -0.0011964341794088724, 0.0019632961103935105]], "chi2_level": 0.99, "chi2_df": 3, "chi2_threshold": 11.344866730144373, "N_raw": 58, "N_roi": 58, "N_inlier": 53, "refit": true}
{"timestamp": "19:28:36.330509", "frame": 65, "mu": [0.46979306427800177, 1.9541379284562381, 1.2679864607617077], "Sigma": [[0.004826943053077309, -0.0009418200519845414, 0.0009658427446054622], [-0.0009418200519845414, 0.004981844310028983, 0.004500659254869019], [0.0009658427446054622, 0.004500659254869019, 0.0715360867443607]], "chi2_level": 0.99, "chi2_df": 3, "chi2_threshold": 11.344866730144373, "N_raw": 62, "N_roi": 62, "N_inlier": 59, "refit": true}
{"timestamp": "19:28:36.385506", "frame": 66, "mu": [0.5014407020935988, 1.9438904104614116, 1.06258584590464], "Sigma": [[0.005314549546146667, -0.0014580288109691895, 0.001951314935700742], [-0.0014580288109691895, 0.0030995171435398788, 0.00476310551652556], [0.0019513149357007421, 0.00476310551652556, 0.08640404597573938]], "chi2_level": 0.99, "chi2_df": 3, "chi2_threshold": 11.344866730144373, "N_raw": 63, "N_roi": 63, "N_inlier": 61, "refit": true}
{"timestamp": "19:28:36.438904", "frame": 67, "mu": [0.5244792757631511, 2.0837607777054794, 1.3437989968537596], "Sigma": [[0.004344629952041888, -0.0017192159389181256, -0.00786245513681784], [-0.0017192159389181256, 0.008295536485678202, -0.01001205759100804], [-0.00786245513681784, -0.01001205759100804, 0.06048657132275723]], "chi2_level": 0.99, "chi2_df": 3, "chi2_threshold": 11.344866730144373, "N_raw": 48, "N_roi": 46, "N_inlier": 42, "refit": true}
{"timestamp": "19:28:36.495970", "frame": 68, "mu": [0.5811233673068594, 2.0672321210129425, 1.0983114112202925], "Sigma": [[0.006680035650278744, -0.00222955187679587, 0.000202077780819058], [-0.00222955187679587, 0.0017499961590826045, -0.003088163440221642], [0.00020207778081905866, -0.003088163440221642, 0.034705262386443565]], "chi2_level": 0.99, "chi2_df": 3, "chi2_threshold": 11.344866730144373, "N_raw": 66, "N_roi": 66, "N_inlier": 61, "refit": true}
{"timestamp": "19:28:36.549318", "frame": 69, "mu": [0.6417699403520765, 2.1108244425255864, 1.3195506511895008], "Sigma": [[0.006607701945635502, -0.0018386821773323419, -0.002993029663468451], [-0.0018386821773323419, 0.003927040671831402, -0.0020742793812151034], [-0.002993029663468451, -0.0020742793812151034, 0.01261967280182106]], "chi2_level": 0.99, "chi2_df": 3, "chi2_threshold": 11.344866730144373, "N_raw": 55, "N_roi": 55, "N_inlier": 50, "refit": true}
{"timestamp": "19:28:36.603067", "frame": 70, "mu": [0.6691857534516789, 2.14074165977856, 1.191858380055018], "Sigma": [[0.011387986759817862, -0.004270308482169896, 0.019048356203593454], [-0.004270308482169896, 0.004735816127837499, -0.0061574420163574735], [0.019048356203593454, -0.006157442016357474, 0.10295794796573338]], "chi2_level": 0.99, "chi2_df": 3, "chi2_threshold": 11.344866730144373, "N_raw": 42, "N_roi": 42, "N_inlier": 39, "refit": true}
{"timestamp": "19:28:36.664824", "frame": 71, "mu": [0.7064151330572458, 2.206942576795025, 1.0625554717784136], "Sigma": [[0.008734443774290985, -0.004075810340851299, 0.009723384131238407], [-0.004075810340851299, 0.006350403317286369, -0.0038659600572086], [0.009723384131238407, -0.0038659600572086006, 0.08493519154539172]], "chi2_level": 0.99, "chi2_df": 3, "chi2_threshold": 11.344866730144373, "N_raw": 84, "N_roi": 84, "N_inlier": 81, "refit": true}
{"timestamp": "19:28:36.715005", "frame": 72, "mu": [0.7927816353449852, 2.277183769582032, 1.3194870206594431], "Sigma": [[0.0073978103483360045, -0.0027110758639036533, 0.002201468434337727], [-0.0027110758639036533, 0.004841176883057699, -0.0008836763570708114], [0.002201468434337727, -0.000883676357070811, 0.03982673251681915]], "chi2_level": 0.99, "chi2_df": 3, "chi2_threshold": 11.344866730144373, "N_raw": 51, "N_roi": 51, "N_inlier": 48, "refit": true}
{"timestamp": "19:28:36.765620", "frame": 73, "mu": [0.8257049877125866, 2.300224642926993, 0.9031790265511563], "Sigma": [[0.015196574552092114, -0.01202178985582941, -0.051373029652723175], [-0.01202178985582941, 0.012167954898151418, 0.04174778903885329], [-0.051373029652723175, 0.04174778903885329, 0.47901774592128243]], "chi2_level": 0.99, "chi2_df": 3, "chi2_threshold": 11.344866730144373, "N_raw": 23, "N_roi": 23, "N_inlier": 22, "refit": true}
{"timestamp": "19:28:36.821676", "frame": 74, "mu": [0.8789138890486886, 2.3326983864293585, 1.252440752197471], "Sigma": [[0.006971213265607655, -0.004791698352147748, -0.0015721650518609972], [-0.004791698352147747, 0.0070422430069550165, -0.002237105824987801], [-0.0015721650518609972, -0.0022371058249878012, 0.2059025219251122]], "chi2_level": 0.99, "chi2_df": 3, "chi2_threshold": 11.344866730144373, "N_raw": 36, "N_roi": 36, "N_inlier": 35, "refit": true}
{"timestamp": "19:28:36.878930", "frame": 75, "mu": [0.9229640819532633, 2.3887037369559483, 1.3484652101667256], "Sigma": [[0.007686357993921116, -0.0035018427304219185, -0.004855871790708162], [-0.0035018427304219185, 0.008789151425605747, -0.005437316370310802], [-0.004855871790708162, -0.0054373163703108005, 0.05856433032175941]], "chi2_level": 0.99, "chi2_df": 3, "chi2_threshold": 11.344866730144373, "N_raw": 52, "N_roi": 52, "N_inlier": 49, "refit": true}
{"timestamp": "19:28:36.933479", "frame": 76, "mu": [0.9774696488928135, 2.375119177379629, 1.066787305543395], "Sigma": [[0.004381557303568826, -0.003062871780238019, 0.0004708471130431197], [-0.003062871780238019, 0.005300353985675461, -0.009023355177637717], [0.0004708471130431197, -0.009023355177637717, 0.07120559350290509]], "chi2_level": 0.99, "chi2_df": 3, "chi2_threshold": 11.344866730144373, "N_raw": 49, "N_roi": 49, "N_inlier": 45, "refit": true}
{"timestamp": "19:28:36.989412", "frame": 77, "mu": [0.9977564687329249, 2.4663327559459325, 1.240709771140255], "Sigma": [[0.00795272224333708, -0.002543201374836689, 0.0010318209399308802], [-0.0025432013748366896, 0.0039580788539273675, -0.005748582149173096], [0.0010318209399308802, -0.005748582149173097, 0.023174144227393403]], "chi2_level": 0.99, "chi2_df": 3, "chi2_threshold": 11.344866730144373, "N_raw": 59, "N_roi": 59, "N_inlier": 55, "refit": true}
{"timestamp": "19:28:37.046939", "frame": 78, "mu": [0.9942955366554367, 2.5536408147072596, 1.436845991939405], "Sigma": [[0.00964749088088728, -0.0036303353092554513, -0.004446338732668056], [-0.0036303353092554513, 0.003905384812941423, -0.0019832911446216873], [-0.004446338732668056, -0.0019832911446216873, 0.02160246950518431]], "chi2_level": 0.99, "chi2_df": 3, "chi2_threshold": 11.344866730144373, "N_raw": 49, "N_roi": 49, "N_inlier": 48, "refit": true}
{"timestamp": "19:28:37.100350", "frame": 79, "mu": [1.0487866729971156, 2.6708814008147943, -0.08670171509434707], "Sigma": [[0.013153013960099666, -0.005696612668850322, 0.008543086052526905], [-0.005696612668850322, 0.010424884451297122, -0.036099530728263336], [0.008543086052526905, -0.036099530728263336, 0.1932040757864455]], "chi2_level": 0.99, "chi2_df": 3, "chi2_threshold": 11.344866730144373, "N_raw": 64, "N_roi": 64, "N_inlier": 64, "refit": true}
{"timestamp": "19:28:37.151946", "frame": 80, "mu": [1.112523410493214, 2.43281370572758, 1.1795393412557527], "Sigma": [[0.00785070638137293, 0.006733124949359395, 0.013475982889184286], [0.006733124949359397, 0.185873080826036, 0.2930995498258792], [0.013475982889184286, 0.2930995498258792, 0.49737202821316456]], "chi2_level": 0.99, "chi2_df": 3, "chi2_threshold": 11.344866730144373, "N_raw": 40, "N_roi": 40, "N_inlier": 37, "refit": true}
{"timestamp": "19:28:37.204427", "frame": 81, "mu": [1.1967857054250512, 2.582411205751472, 0.9489565175793406], "Sigma": [[0.007730366062490473, -0.0027536560986609654, 0.020620172566072598], [-0.0027536560986609654, 0.015037865754644063, -0.04468215810133233], [0.020620172566072594, -0.04468215810133233, 0.2959912256909913]], "chi2_level": 0.99, "chi2_df": 3, "chi2_threshold": 11.344866730144373, "N_raw": 20, "N_roi": 19, "N_inlier": 18, "refit": true}
{"timestamp": "19:28:37.261521", "frame": 82, "mu": [1.2208048079127958, 2.6064683750308615, 0.9730270789260971], "Sigma": [[0.014462032364739157, -0.005471322502475943, 0.020409219472889838], [-0.005471322502475943, 0.004189853668704241, -0.006285673766435255], [0.02040921947288984, -0.006285673766435255, 0.0633169791021109]], "chi2_level": 0.99, "chi2_df": 3, "chi2_threshold": 11.344866730144373, "N_raw": 37, "N_roi": 37, "N_inlier": 37, "refit": true}
{"timestamp": "19:28:37.314732", "frame": 83, "mu": [1.2719145219633161, 2.675011731494524, 1.0771026710588765], "Sigma": [[0.006563574737858638, -0.003077971409545747, 0.0004059502535537496], [-0.003077971409545747, 0.002376554118066653, -0.006727272049070469], [0.00040595025355375045, -0.00672727204907047, 0.0877225981428109]], "chi2_level": 0.99, "chi2_df": 3, "chi2_threshold": 11.344866730144373, "N_raw": 28, "N_roi": 28, "N_inlier": 26, "refit": true}
{"timestamp": "19:28:37.373766", "frame": 84, "mu": [1.30698707414677, 2.7298380041500363, 1.2245219780202063], "Sigma": [[0.012380998161337762, -0.005858633227863888, -0.013633916606980477], [-0.005858633227863888, 0.004151278995600771, 0.002858004494313401], [-0.013633916606980477, 0.002858004494313401, 0.04770969946162557]], "chi2_level": 0.99, "chi2_df": 3, "chi2_threshold": 11.344866730144373, "N_raw": 49, "N_roi": 49, "N_inlier": 46, "refit": true}
{"timestamp": "19:28:37.429831", "frame": 85, "mu": [1.3439153596294544, 2.724494012136846, 1.1937438245625014], "Sigma": [[0.01224153953930729, -0.00475553525187297, -0.008521935410605523], [-0.00475553525187297, 0.004223767387565246, -0.003206401656388873], [-0.008521935410605523, -0.003206401656388873, 0.04174749145780311]], "chi2_level": 0.99, "chi2_df": 3, "chi2_threshold": 11.344866730144373, "N_raw": 57, "N_roi": 57, "N_inlier": 57, "refit": true}
{"timestamp": "19:28:37.484625", "frame": 86, "mu": [1.394874625687196, 2.7950561825346347, 1.1442623198386015], "Sigma": [[0.015649717682573772, -0.0074868847617559926, -0.010919387137606193], [-0.0074868847617559926, 0.006861250446429718, -0.003217367866026181], [-0.010919387137606193, -0.00321736786602618, 0.036656853401335524]], "chi2_level": 0.99, "chi2_df": 3, "chi2_threshold": 11.344866730144373, "N_raw": 60, "N_roi": 60, "N_inlier": 57, "refit": true}
{"timestamp": "19:28:37.531815", "frame": 87, "mu": [1.2816833883428678, 2.370771897714577, 0.6756731556166249], "Sigma": [[0.17485018227450885, 0.303838089053879, -0.167100048619943], [0.303838089053879, 1.0895021685690172, 0.1829413219429188], [-0.16710004861994296, 0.1829413219429188, 0.9120590802140159]], "chi2_level": 0.99, "chi2_df": 3, "chi2_threshold": 11.344866730144373, "N_raw": 8, "N_roi": 8, "N_inlier": 8, "refit": true}
{"timestamp": "19:28:37.586658", "frame": 88, "mu": [1.4507889528188525, 2.222873232071966, 0.29643769724191715], "Sigma": [[0.002189823647509071, 0.006246431523111738, 0.0017359582135621269], [0.006246431523111736, 0.9792203089559336, 1.2839777749546997], [0.001735958213562126, 1.2839777749546997, 1.7237114080350555]], "chi2_level": 0.99, "chi2_df": 3, "chi2_threshold": 11.344866730144373, "N_raw": 8, "N_roi": 8, "N_inlier": 8, "refit": true}
{"timestamp": "19:28:37.643761", "frame": 89, "mu": [1.3977332030808645, 3.0583438993502665, -0.31121400008053], "Sigma": [[0.007064238689011969, 0.000674925225514522, 0.001801572935921313], [0.000674925225514522, 0.01117255918060839, 0.0459023310196942], [0.0018015729359213122, 0.04590233101969421, 0.330107262436406]], "chi2_level": 0.99, "chi2_df": 3, "chi2_threshold": 11.344866730144373, "N_raw": 20, "N_roi": 20, "N_inlier": 18, "refit": true}
{"timestamp": "19:28:37.696806", "frame": 90, "mu": [1.4585485064032502, 2.6443127082545255, 0.624451196664796], "Sigma": [[0.010971003500827666, -0.05454244251531981, -0.09182605971620209], [-0.05454244251531981, 0.6252740042038735, 0.7622063757951818], [-0.09182605971620209, 0.7622063757951818, 1.04089665611005]], "chi2_level": 0.99, "chi2_df": 3, "chi2_threshold": 11.344866730144373, "N_raw": 9, "N_roi": 9, "N_inlier": 9, "refit": true}
{"timestamp": "19:28:37.755806", "frame": 91, "mu": [1.437558568816296, 3.101024947600624, 1.4090209291712963], "Sigma": [[0.0103283193126759, -0.005757151629432284, -0.006295049216690598], [-0.0057571516294322835, 0.00873675671876794, 0.012322014393041075], [-0.006295049216690598, 0.012322014393041075, 0.045114006968273994]], "chi2_level": 0.99, "chi2_df": 3, "chi2_threshold": 11.344866730144373, "N_raw": 35, "N_roi": 35, "N_inlier": 31, "refit": true}
{"timestamp": "19:28:37.807078", "frame": 92, "mu": [1.5704557239964099, 3.079878301289858, 1.0272788967912903], "Sigma": [[0.0008019494796777831, 0.0003021145530638249, -0.002219474815922911], [0.0003021145530638249, 0.0008149645513309925, -0.007732167002111079], [-0.0022194748159229108, -0.007732167002111079, 0.10400627968757989]], "chi2_level": 0.99, "chi2_df": 3, "chi2_threshold": 11.344866730144373, "N_raw": 7, "N_roi": 7, "N_inlier": 7, "refit": true}
{"timestamp": "19:28:38.029784", "frame": 96, "mu": [1.6917502989771567, 3.3150458650707764, 1.1368216903665984], "Sigma": [[0.013776462669228226, -0.006916576398434593, -0.005107954330767458], [-0.006916576398434592, 0.004564229475644983, 0.0012183453124271237], [-0.005107954330767458, 0.0012183453124271237, 0.0077968036077862525]], "chi2_level": 0.99, "chi2_df": 3, "chi2_threshold": 11.344866730144373, "N_raw": 27, "N_roi": 24, "N_inlier": 23, "refit": true}
{"timestamp": "19:28:38.083433", "frame": 97, "mu": [1.7439191655273252, 3.323250043342442, 1.1323772923440483], "Sigma": [[0.005289001657979992, -0.0021017703713088675, -0.003215398552266009], [-0.0021017703713088675, 0.0028094175819108748, -0.0011606317534709964], [-0.0032153985522660085, -0.0011606317534709962, 0.009315276534955268]], "chi2_level": 0.99, "chi2_df": 3, "chi2_threshold": 11.344866730144373, "N_raw": 14, "N_roi": 12, "N_inlier": 11, "refit": true}
{"timestamp": "19:28:38.139923", "frame": 98, "mu": [1.744226785125441, 3.4758954292220845, 0.08986731962976284], "Sigma": [[0.014768756764579649, -0.0049115512486270505, -0.010483839412017783], [-0.00491155124862705, 0.0039009029346511845, 0.000867902979799086], [-0.010483839412017783, 0.0008679029797990859, 0.011532907681596836]], "chi2_level": 0.99, "chi2_df": 3, "chi2_threshold": 11.344866730144373, "N_raw": 27, "N_roi": 25, "N_inlier": 24, "refit": true}
{"timestamp": "19:28:38.192136", "frame": 99, "mu": [1.8347931382022635, 3.476779385395998, -0.11854578286710699], "Sigma": [[0.0032982121904847474, -7.26201896187507e-05, -0.003887278439283968], [-7.262018961875054e-05, 0.0021566534038046188, -0.00037170441602471423], [-0.003887278439283968, -0.00037170441602471407, 0.005298344731311893]], "chi2_level": 0.99, "chi2_df": 3, "chi2_threshold": 11.344866730144373, "N_raw": 11, "N_roi": 11, "N_inlier": 9, "refit": true}
{"timestamp": "19:28:38.344540", "frame": 100, "mu": [1.8615438954206973, 3.534691867014599, -0.2118691704109769], "Sigma": [[0.003646998673960602, 0.0013944066300805367, -0.013105267476142216], [0.0013944066300805367, 0.0026117289378848347, -0.01045766973113665], [-0.013105267476142216, -0.010457669731136652, 0.08990603453086933]], "chi2_level": 0.99, "chi2_df": 3, "chi2_threshold": 11.344866730144373, "N_raw": 9, "N_roi": 9, "N_inlier": 9, "refit": true}
{"timestamp": "19:28:38.348220", "frame": 101, "mu": [1.8689546440216755, 3.5760547355746253, -0.06150524372466524], "Sigma": [[0.003372809707128919, 0.002044057387008197, -0.0075493475034284635], [0.002044057387008197, 0.003219476236097779, -0.009156951773452254], [-0.0075493475034284635, -0.009156951773452252, 0.029651604077379816]], "chi2_level": 0.99, "chi2_df": 3, "chi2_threshold": 11.344866730144373, "N_raw": 7, "N_roi": 7, "N_inlier": 7, "refit": true}
{"timestamp": "19:28:38.467832", "frame": 104, "mu": [1.9027524447529132, 3.58716597326947, 0.8262116442384945], "Sigma": [[0.004276725304637023, -0.002413652649916287, -0.013273958274339893], [-0.002413652649916287, 0.0022216145025130505, 0.010143929845147108], [-0.013273958274339893, 0.010143929845147106, 0.0867831922795324]], "chi2_level": 0.99, "chi2_df": 3, "chi2_threshold": 11.344866730144373, "N_raw": 9, "N_roi": 9, "N_inlier": 8, "refit": true}
{"timestamp": "19:28:38.577880", "frame": 106, "mu": [2.045227178645627, 3.7289852261019605, 1.2649111307376169], "Sigma": [[0.00649492750723859, -0.003579643654287686, -0.0007259311838474858], [-0.003579643654287686, 0.0037722976587432518, -0.003821602649888865], [-0.0007259311838474858, -0.0038216026498888644, 0.014289185827620409]], "chi2_level": 0.99, "chi2_df": 3, "chi2_threshold": 11.344866730144373, "N_raw": 18, "N_roi": 18, "N_inlier": 18, "refit": true}
{"timestamp": "19:28:38.632631", "frame": 107, "mu": [2.069116062498082, 3.7314750102729555, 1.4397240086918683], "Sigma": [[0.002485842463889688, -0.0007805843094273072, 0.0005272936106549826], [-0.0007805843094273073, 0.003679933929441718, -0.004549717039994851], [0.0005272936106549825, -0.004549717039994851, 0.008889281690658926]], "chi2_level": 0.99, "chi2_df": 3, "chi2_threshold": 11.344866730144373, "N_raw": 8, "N_roi": 8, "N_inlier": 8, "refit": true}
