{"timestamp": "19:37:05.439891", "frame": 3, "mu": [1.2497655295443266, 1.179346948915282, 1.4688876609691883], "Sigma": [[0.004037188621364094, -0.0009892819300930406, -0.0018589051437317696], [-0.0009892819300930406, 0.0023751443981150436, -0.00014555954422042816], [-0.0018589051437317692, -0.00014555954422042813, 0.00124505289909539]], "chi2_level": 0.99, "chi2_df": 3, "chi2_threshold": 11.344866730144373, "N_raw": 15, "N_roi": 15, "N_inlier": 15, "refit": true}
{"timestamp": "19:37:05.495196", "frame": 4, "mu": [1.2117517095039925, 1.2147694828892306, 1.5161178221347662], "Sigma": [[0.003725032573434304, -0.0009648610575912514, -0.0014857435721500028], [-0.0009648610575912513, 0.0028010752620156788, -0.0007045949986896873], [-0.0014857435721500028, -0.0007045949986896873, 0.001392493077107871]], "chi2_level": 0.99, "chi2_df": 3, "chi2_threshold": 11.344866730144373, "N_raw": 25, "N_roi": 25, "N_inlier": 25, "refit": true}
{"timestamp": "19:37:05.549701", "frame": 5, "mu": [1.1908089167087392, 1.1926925834196904, 1.4547285033057542], "Sigma": [[0.004187692578609449, -0.0010863513427647703, -0.009057225302452815], [-0.0010863513427647703, 0.0017481168177246452, 0.0022333431651694545], [-0.009057225302452815, 0.0022333431651694545, 0.023746526841244217]], "chi2_level": 0.99, "chi2_df": 3, "chi2_threshold": 11.344866730144373, "N_raw": 16, "N_roi": 16, "N_inlier": 16, "refit": true}
{"timestamp": "19:37:05.603351", "frame": 6, "mu": [1.140893329035351, 1.05856843334224, 1.4459965477305756], "Sigma": [[0.11172673393859492, 0.08654980858906382, -0.0789383535961824], [0.08654980858906382, 0.07695985218943258, -0.03595660808342091], [-0.0789383535961824, -0.03595660808342091, 0.15289488302543455]], "chi2_level": 0.99, "chi2_df": 3, "chi2_threshold": 11.344866730144373, "N_raw": 8, "N_roi": 8, "N_inlier": 8, "refit": true}
{"timestamp": "19:37:05.659122", "frame": 7, "mu": [1.1959405418874902, 1.2079523674769215, 1.5244623326600653], "Sigma": [[0.0022485530315703365, -0.000396062593489089, -0.0026115009458165454], [-0.000396062593489089, 0.0019188778896952992, -0.0005478500305176698], [-0.0026115009458165454, -0.0005478500305176698, 0.003997013727724325]], "chi2_level": 0.99, "chi2_df": 3, "chi2_threshold": 11.344866730144373, "N_raw": 18, "N_roi": 18, "N_inlier": 17, "refit": true}
{"timestamp": "19:37:05.712514", "frame": 8, "mu": [1.2040550586594494, 1.2353976764185375, 1.6134830995779867], "Sigma": [[0.0047909690621621105, 0.0027593785781623776, 0.00198160526377415], [0.0027593785781623776, 0.002453221438874995, 0.0011530220236169765], [0.00198160526377415, 0.0011530220236169763, 0.0015906438959767738]], "chi2_level": 0.99, "chi2_df": 3, "chi2_threshold": 11.344866730144373, "N_raw": 7, "N_roi": 7, "N_inlier": 7, "refit": true}
{"timestamp": "19:37:05.768579", "frame": 9, "mu": [1.2055215034834956, 1.0519413444559056, 1.2656992786530126], "Sigma": [[0.10913211976756852, 0.09217557071732527, -0.0745422713146092], [0.09217557071732528, 0.09353288686590115, -0.0461696013002991], [-0.0745422713146092, -0.0461696013002991, 0.1061813299230616]], "chi2_level": 0.99, "chi2_df": 3, "chi2_threshold": 11.344866730144373, "N_raw": 9, "N_roi": 8, "N_inlier": 8, "refit": true}
{"timestamp": "19:37:05.879075", "frame": 11, "mu": [1.1597613024486764, 1.2146312708171594, 1.529690757819075], "Sigma": [[0.003165437875229285, -0.001677366585846407, -0.002945077748735896], [-0.001677366585846407, 0.0025339685935707058, 0.0008217046677556501], [-0.002945077748735896, 0.0008217046677556503, 0.004861864804366188]], "chi2_level": 0.99, "chi2_df": 3, "chi2_threshold": 11.344866730144373, "N_raw": 20, "N_roi": 20, "N_inlier": 19, "refit": true}
{"timestamp": "19:37:05.936946", "frame": 12, "mu": [1.1829720843315725, 1.162600513900946, 1.3518586332637197], "Sigma": [[0.005481298856861268, -0.004170114047330371, -0.007506204524645931], [-0.0041701140473303705, 0.004147820689286998, 0.004470180899918091], [-0.007506204524645931, 0.00447018089991809, 0.02162845801952861]], "chi2_level": 0.99, "chi2_df": 3, "chi2_threshold": 11.344866730144373, "N_raw": 41, "N_roi": 41, "N_inlier": 39, "refit": true}
{"timestamp": "19:37:05.993665", "frame": 13, "mu": [1.1671303940191446, 1.1714645912239952, 1.3489560257228155], "Sigma": [[0.0068507438618585674, -0.005882400430476246, -0.012723675334168856], [-0.005882400430476246, 0.0059893494568661375, 0.010710979156634104], [-0.012723675334168858, 0.010710979156634104, 0.029606133029235614]], "chi2_level": 0.99, "chi2_df": 3, "chi2_threshold": 11.344866730144373, "N_raw": 34, "N_roi": 34, "N_inlier": 33, "refit": true}
{"timestamp": "19:37:06.050719", "frame": 14, "mu": [1.2027376246887005, 1.185947696222583, 1.245451262769967], "Sigma": [[0.005134386093028167, -0.003218915829692452, -0.0069511347654165724], [-0.0032189158296924516, 0.004006583610691332, 0.0021859523823792373], [-0.0069511347654165724, 0.0021859523823792373, 0.01819079631678746]], "chi2_level": 0.99, "chi2_df": 3, "chi2_threshold": 11.344866730144373, "N_raw": 40, "N_roi": 40, "N_inlier": 40, "refit": true}
{"timestamp": "19:37:06.102031", "frame": 15, "mu": [1.1149908881288315, 0.9580746197620387, 0.2865856150195381], "Sigma": [[0.006686755670924888, 0.001056591396545248, 0.027108051529329703], [0.001056591396545248, 0.013471253842774413, 0.054653805930577795], [0.027108051529329703, 0.054653805930577795, 0.36403696781262085]], "chi2_level": 0.99, "chi2_df": 3, "chi2_threshold": 11.344866730144373, "N_raw": 22, "N_roi": 22, "N_inlier": 22, "refit": true}
{"timestamp": "19:37:06.156196", "frame": 16, "mu": [1.1142636102125667, 1.166651466588153, 1.0758045637268352], "Sigma": [[0.010047290890881718, 0.001553685338401983, 0.005393328207041949], [0.001553685338401984, 0.020467478904062822, 0.07358244087137747], [0.005393328207041951, 0.07358244087137747, 0.30202744187173935]], "chi2_level": 0.99, "chi2_df": 3, "chi2_threshold": 11.344866730144373, "N_raw": 9, "N_roi": 9, "N_inlier": 9, "refit": true}
{"timestamp": "19:37:06.211887", "frame": 17, "mu": [1.0089819326384457, 1.2282637322128378, 1.4692703927727224], "Sigma": [[0.0024067171054733506, -0.0017390025681108447, -0.0007183428360657677], [-0.0017390025681108447, 0.004003266469340789, -0.00039594859219750276], [-0.0007183428360657677, -0.00039594859219750265, 0.0017768617250859037]], "chi2_level": 0.99, "chi2_df": 3, "chi2_threshold": 11.344866730144373, "N_raw": 26, "N_roi": 26, "N_inlier": 24, "refit": true}
{"timestamp": "19:37:06.270939", "frame": 18, "mu": [1.0156416214483595, 1.1887165670228375, 1.4045273737701836], "Sigma": [[0.005362264353640783, -0.003038634911493229, -0.007203035113106675], [-0.003038634911493229, 0.005489430124916023, 0.003877414714259257], [-0.007203035113106674, 0.0038774147142592577, 0.015963470472966108]], "chi2_level": 0.99, "chi2_df": 3, "chi2_threshold": 11.344866730144373, "N_raw": 43, "N_roi": 43, "N_inlier": 38, "refit": true}
{"timestamp": "19:37:06.323222", "frame": 19, "mu": [1.0059264624122708, 1.1586116086478573, 1.3800895920417482], "Sigma": [[0.0163903565692726, -0.017488627715217683, -0.030615063119434474], [-0.017488627715217683, 0.025345704378606507, 0.03818220199217761], [-0.030615063119434474, 0.03818220199217761, 0.06524439187466163]], "chi2_level": 0.99, "chi2_df": 3, "chi2_threshold": 11.344866730144373, "N_raw": 30, "N_roi": 30, "N_inlier": 29, "refit": true}
{"timestamp": "19:37:06.379018", "frame": 20, "mu": [0.9058087691265455, 1.1642581154168723, 1.256500318891955], "Sigma": [[0.007626662633531996, -0.0012983774279404492, 0.009575743315955133], [-0.0012983774279404494, 0.0060518470089683295, 0.02185765693921542], [0.009575743315955133, 0.021857656939215424, 0.2606121026126443]], "chi2_level": 0.99, "chi2_df": 3, "chi2_threshold": 11.344866730144373, "N_raw": 32, "N_roi": 32, "N_inlier": 31, "refit": true}
{"timestamp": "19:37:06.433192", "frame": 21, "mu": [0.8757766966297866, 1.2867683869586297, -0.36876459240099546], "Sigma": [[0.008357394374922738, -0.004673852407014173, -0.0016228489291565144], [-0.004673852407014173, 0.008746196851950163, -0.028089700460089108], [-0.0016228489291565135, -0.028089700460089108, 0.20715920245781216]], "chi2_level": 0.99, "chi2_df": 3, "chi2_threshold": 11.344866730144373, "N_raw": 30, "N_roi": 30, "N_inlier": 30, "refit": true}
{"timestamp": "19:37:06.490403", "frame": 22, "mu": [0.8697890291789998, 1.1711292173516048, 1.4015047418189845], "Sigma": [[0.008822687261479358, -0.00047042550231898606, -0.017176380455708316], [-0.000470425502318986, 0.0028812793186602102, -0.00029541425121153955], [-0.017176380455708316, -0.0002954142512115395, 0.04245969581557824]], "chi2_level": 0.99, "chi2_df": 3, "chi2_threshold": 11.344866730144373, "N_raw": 42, "N_roi": 42, "N_inlier": 40, "refit": true}
{"timestamp": "19:37:06.544658", "frame": 23, "mu": [0.8506530232634059, 1.143854313603171, 1.341251925269551], "Sigma": [[0.011533739464708733, -0.0030179862474319008, -0.02047505234221462], [-0.0030179862474319, 0.002663433140065694, 0.004599991082131791], [-0.02047505234221462, 0.004599991082131792, 0.04089016644699729]], "chi2_level": 0.99, "chi2_df": 3, "chi2_threshold": 11.344866730144373, "N_raw": 36, "N_roi": 36, "N_inlier": 36, "refit": true}
{"timestamp": "19:37:06.603871", "frame": 24, "mu": [0.8852852515772882, 1.1012146999249255, 1.313761773243797], "Sigma": [[0.007831168418557933, -0.0038893788985584657, -0.011264801173824413], [-0.0038893788985584657, 0.0038440042111029236, 0.005798368050723018], [-0.011264801173824411, 0.005798368050723018, 0.029012287516221674]], "chi2_level": 0.99, "chi2_df": 3, "chi2_threshold": 11.344866730144373, "N_raw": 65, "N_roi": 65, "N_inlier": 64, "refit": true}
{"timestamp": "19:37:06.658351", "frame": 25, "mu": [0.8639700516178092, 1.12492044364243, 1.3219305242677495], "Sigma": [[0.009765929055428757, -0.002787914194781147, -0.008477459621058801], [-0.002787914194781147, 0.0031904505397515274, -1.6632279657522223e-05], [-0.008477459621058801, -1.6632279657522115e-05, 0.0106409224195358]], "chi2_level": 0.99, "chi2_df": 3, "chi2_threshold": 11.344866730144373, "N_raw": 70, "N_roi": 70, "N_inlier": 69, "refit": true}
{"timestamp": "19:37:06.709495", "frame": 26, "mu": [0.7447102466035219, 1.1835294590345766, 1.4001725507932592], "Sigma": [[0.004481066709507954, -0.0014900577038813598, -0.0060821129315864805], [-0.0014900577038813598, 0.002300082204684475, 0.0011552942944807471], [-0.006082112931586482, 0.0011552942944807471, 0.013838990264748618]], "chi2_level": 0.99, "chi2_df": 3, "chi2_threshold": 11.344866730144373, "N_raw": 37, "N_roi": 37, "N_inlier": 35, "refit": true}
{"timestamp": "19:37:06.766094", "frame": 27, "mu": [0.7465808575614357, 1.0947712258459288, 1.3896666701334697], "Sigma": [[0.004473727640166072, -0.002158065904985612, -0.0033077459052423563], [-0.0021580659049856114, 0.005946211804734001, 0.0011566808411043652], [-0.003307745905242356, 0.0011566808411043652, 0.0028628758453441054]], "chi2_level": 0.99, "chi2_df": 3, "chi2_threshold": 11.344866730144373, "N_raw": 49, "N_roi": 49, "N_inlier": 48, "refit": true}
{"timestamp": "19:37:06.825858", "frame": 28, "mu": [0.7382149190136438, 1.0984338487960836, 1.3395562730491621], "Sigma": [[0.0059168894145146195, -0.0009738670095539058, -0.0063782320200805424], [-0.0009738670095539058, 0.0024862015405296587, -0.000597813608592105], [-0.0063782320200805424, -0.0005978136085921051, 0.027111288406907776]], "chi2_level": 0.99, "chi2_df": 3, "chi2_threshold": 11.344866730144373, "N_raw": 85, "N_roi": 85, "N_inlier": 82, "refit": true}
{"timestamp": "19:37:06.880088", "frame": 29, "mu": [0.662169832546057, 1.1333752854304449, 1.2125812415296295], "Sigma": [[0.004937236401930883, 0.0007473260409873078, 0.01732335857095543], [0.0007473260409873078, 0.00573231206293549, 0.01646074414863038], [0.01732335857095543, 0.016460744148630378, 0.34440230140792255]], "chi2_level": 0.99, "chi2_df": 3, "chi2_threshold": 11.344866730144373, "N_raw": 71, "N_roi": 71, "N_inlier": 71, "refit": true}
{"timestamp": "19:37:06.930112", "frame": 30, "mu": [0.5781649763381336, 1.2729697049445179, -0.372312677118329], "Sigma": [[0.004903322058192951, -0.003088314157720027, 0.007914304579248828], [-0.003088314157720027, 0.017973958159498274, -0.0659509806580018], [0.007914304579248828, -0.0659509806580018, 0.2704985764820577]], "chi2_level": 0.99, "chi2_df": 3, "chi2_threshold": 11.344866730144373, "N_raw": 31, "N_roi": 31, "N_inlier": 31, "refit": true}
{"timestamp": "19:37:06.982333", "frame": 31, "mu": [0.590564080454311, 0.9798923001050953, 0.8796697883186908], "Sigma": [[0.018367983173222496, -0.014521949773282935, 0.04977811114884868], [-0.014521949773282933, 0.024541016624857696, -0.04685644358854844], [0.04977811114884869, -0.04685644358854844, 0.19182390759843437]], "chi2_level": 0.99, "chi2_df": 3, "chi2_threshold": 11.344866730144373, "N_raw": 22, "N_roi": 20, "N_inlier": 19, "refit": true}
{"timestamp": "19:37:07.040052", "frame": 32, "mu": [0.5509085496648546, 1.1309228547918513, 1.34585067775853], "Sigma": [[0.0069456388685015654, -0.0005641699301562765, 0.0157097511582082], [-0.0005641699301562764, 0.0029193310623289283, -0.0018311273338916419], [0.015709751158208204, -0.0018311273338916427, 0.12473642290543144]], "chi2_level": 0.99, "chi2_df": 3, "chi2_threshold": 11.344866730144373, "N_raw": 43, "N_roi": 43, "N_inlier": 37, "refit": true}
{"timestamp": "19:37:07.098305", "frame": 33, "mu": [0.5048085422938552, 1.2410596846914232, -0.4982168032418126], "Sigma": [[0.003176315282072804, -4.584677400815057e-05, 0.001541614033981694], [-4.584677400815066e-05, 0.003667427369685655, 0.003006588183346071], [0.001541614033981694, 0.003006588183346071, 0.056076489066976196]], "chi2_level": 0.99, "chi2_df": 3, "chi2_threshold": 11.344866730144373, "N_raw": 69, "N_roi": 69, "N_inlier": 67, "refit": true}
{"timestamp": "19:37:07.157485", "frame": 34, "mu": [0.4927280364890053, 1.1512208425693744, 1.2979824727097813], "Sigma": [[0.0046543681867304105, -0.0026920235158531996, -0.006177738887590118], [-0.0026920235158531996, 0.009495551261777582, 0.0011546906914743696], [-0.006177738887590118, 0.0011546906914743696, 0.014223871939681233]], "chi2_level": 0.99, "chi2_df": 3, "chi2_threshold": 11.344866730144373, "N_raw": 84, "N_roi": 84, "N_inlier": 80, "refit": true}
{"timestamp": "19:37:07.209686", "frame": 35, "mu": [0.4236959292364459, 1.2999619269596066, -0.45142005870812046], "Sigma": [[0.004372176284367795, -0.00124740863675843, -0.008786787399926936], [-0.0012474086367584296, 0.004183829920840782, -0.0011168493514457042], [-0.008786787399926936, -0.0011168493514457042, 0.02450707284615707]], "chi2_level": 0.99, "chi2_df": 3, "chi2_threshold": 11.344866730144373, "N_raw": 69, "N_roi": 69, "N_inlier": 68, "refit": true}
{"timestamp": "19:37:07.255695", "frame": 36, "mu": [0.33390881188832355, 1.0924329420520102, 0.7479722928687454], "Sigma": [[0.002017185505214456, 0.0023843145243152516, 0.009877033732686615], [0.002384314524315251, 0.015202836545883325, -0.015315445633887974], [0.009877033732686615, -0.015315445633887976, 0.3282393456816536]], "chi2_level": 0.99, "chi2_df": 3, "chi2_threshold": 11.344866730144373, "N_raw": 10, "N_roi": 10, "N_inlier": 10, "refit": true}
{"timestamp": "19:37:07.315775", "frame": 37, "mu": [0.3054807663754663, 1.1972072682189023, 1.3823531485443967], "Sigma": [[0.002961268164525943, -0.001002747183119001, -0.0016333380585401643], [-0.001002747183119001, 0.0019533356400295433, -0.0009477440525812229], [-0.0016333380585401643, -0.0009477440525812229, 0.0027634236833111846]], "chi2_level": 0.99, "chi2_df": 3, "chi2_threshold": 11.344866730144373, "N_raw": 44, "N_roi": 44, "N_inlier": 40, "refit": true}
{"timestamp": "19:37:07.371327", "frame": 38, "mu": [0.28405893335757587, 1.204711942891829, 1.4811829530381446], "Sigma": [[0.004482409419695376, -9.966965617355502e-05, -0.004291643903796067], [-9.966965617355504e-05, 0.0020136994784632953, -0.0010245654620691714], [-0.004291643903796067, -0.0010245654620691714, 0.005313927719966998]], "chi2_level": 0.99, "chi2_df": 3, "chi2_threshold": 11.344866730144373, "N_raw": 50, "N_roi": 50, "N_inlier": 49, "refit": true}
{"timestamp": "19:37:07.431434", "frame": 39, "mu": [0.20735392614847348, 1.151405137219947, 1.2583284668181953], "Sigma": [[0.004526913355835518, 0.004789661806529443, 0.012779594398985883], [0.004789661806529443, 0.01648484514981425, 0.04155749818447746], [0.012779594398985883, 0.041557498184477466, 0.13337914609511317]], "chi2_level": 0.99, "chi2_df": 3, "chi2_threshold": 11.344866730144373, "N_raw": 85, "N_roi": 85, "N_inlier": 85, "refit": true}
{"timestamp": "19:37:07.486278", "frame": 40, "mu": [0.19481257615546219, 1.2406504846910533, 1.3639970197795184], "Sigma": [[0.004369919140602756, 0.0003447164933696957, -0.007067788091599995], [0.0003447164933696956, 0.0019801623747254865, -0.0028974620298394286], [-0.007067788091599996, -0.0028974620298394278, 0.040932345836622634]], "chi2_level": 0.99, "chi2_df": 3, "chi2_threshold": 11.344866730144373, "N_raw": 78, "N_roi": 78, "N_inlier": 78, "refit": true}
{"timestamp": "19:37:07.532796", "frame": 41, "mu": [0.11103516894087098, 1.2367751104515443, 1.2382389782938796], "Sigma": [[0.0031969776634921, 0.0006182790025845626, 0.008361603505263566], [0.0006182790025845628, 0.0026756976180593193, 0.02717888533231471], [0.008361603505263566, 0.02717888533231471, 0.40528858150642416]], "chi2_level": 0.99, "chi2_df": 3, "chi2_threshold": 11.344866730144373, "N_raw": 20, "N_roi": 20, "N_inlier": 19, "refit": true}
{"timestamp": "19:37:07.585731", "frame": 42, "mu": [0.11108051747845055, 1.3794501433468307, -0.6422675892830496], "Sigma": [[0.0026796238821599947, -0.002266330093293821, 0.016651071155609484], [-0.002266330093293821, 0.006462801261155847, -0.02908785837040052], [0.016651071155609484, -0.029087858370400524, 0.1550750782534168]], "chi2_level": 0.99, "chi2_df": 3, "chi2_threshold": 11.344866730144373, "N_raw": 7, "N_roi": 7, "N_inlier": 7, "refit": true}
{"timestamp": "19:37:07.647194", "frame": 43, "mu": [0.09099327992515273, 1.2161206560086812, 1.2550388039207583], "Sigma": [[0.002081160431775376, 0.00023668307095158468, 0.0014057685348308582], [0.0002366830709515847, 0.0019194081728480703, -0.0013739662998479467], [0.0014057685348308582, -0.0013739662998479472, 0.009077247116676285]], "chi2_level": 0.99, "chi2_df": 3, "chi2_threshold": 11.344866730144373, "N_raw": 48, "N_roi": 48, "N_inlier": 45, "refit": true}
{"timestamp": "19:37:07.700895", "frame": 44, "mu": [-0.02989358763677811, 1.2854704126032126, 1.3979899272294543], "Sigma": [[0.007253794996386142, 0.002054683628690768, 0.017059810136477584], [0.002054683628690768, 0.0016018165201588858, 0.0047416660901213725], [0.017059810136477588, 0.0047416660901213725, 0.10453347280423794]], "chi2_level": 0.99, "chi2_df": 3, "chi2_threshold": 11.344866730144373, "N_raw": 42, "N_roi": 42, "N_inlier": 40, "refit": true}
{"timestamp": "19:37:07.760646", "frame": 45, "mu": [-0.01101097315190944, 1.1514124255250113, 1.3238100539115942], "Sigma": [[0.0039163642046198995, 0.0005144895556375092, -0.0028742664953378514], [0.0005144895556375093, 0.00366051222765149, -0.0033154385493836982], [-0.0028742664953378514, -0.0033154385493836982, 0.005542288055852122]], "chi2_level": 0.99, "chi2_df": 3, "chi2_threshold": 11.344866730144373, "N_raw": 74, "N_roi": 73, "N_inlier": 70, "refit": true}
{"timestamp": "19:37:07.817262", "frame": 46, "mu": [-0.11897954717219171, 1.1864416750755795, 1.2199638636528873], "Sigma": [[0.003687689261190859, -0.0026402477888266196, -0.008956306911556468], [-0.0026402477888266196, 0.011499458056110494, 0.029296754636501172], [-0.00895630691155647, 0.029296754636501172, 0.10551055595269011]], "chi2_level": 0.99, "chi2_df": 3, "chi2_threshold": 11.344866730144373, "N_raw": 85, "N_roi": 85, "N_inlier": 82, "refit": true}
{"timestamp": "19:37:07.874780", "frame": 47, "mu": [-0.15299936744795276, 1.2092313209208405, 1.2950396708014267], "Sigma": [[0.003904583391678545, -0.0011697679758880693, -0.0006754983722114762], [-0.0011697679758880693, 0.00766047924058742, 0.011278783534012893], [-0.0006754983722114762, 0.011278783534012893, 0.05986908887638259]], "chi2_level": 0.99, "chi2_df": 3, "chi2_threshold": 11.344866730144373, "N_raw": 103, "N_roi": 103, "N_inlier": 101, "refit": true}
{"timestamp": "19:37:07.927107", "frame": 48, "mu": [-0.17453679595009847, 1.182246230846507, 1.285147650258498], "Sigma": [[0.0035738707096800047, 0.0008216521626531261, -0.0003631959132967402], [0.0008216521626531262, 0.007592391126036251, 0.01662861473585206], [-0.0003631959132967404, 0.01662861473585206, 0.07301720466804112]], "chi2_level": 0.99, "chi2_df": 3, "chi2_threshold": 11.344866730144373, "N_raw": 86, "N_roi": 86, "N_inlier": 84, "refit": true}
{"timestamp": "19:37:07.977807", "frame": 49, "mu": [-0.21715516496545964, 1.1484211070041106, 1.2325000549066252], "Sigma": [[0.0033219724771926373, 0.0017828756724300196, 0.006773284656245928], [0.0017828756724300194, 0.007610825896050389, 0.02050273855536183], [0.006773284656245928, 0.02050273855536183, 0.08131687970953266]], "chi2_level": 0.99, "chi2_df": 3, "chi2_threshold": 11.344866730144373, "N_raw": 53, "N_roi": 53, "N_inlier": 50, "refit": true}
{"timestamp": "19:37:08.035595", "frame": 50, "mu": [-0.3317197824982077, 1.2116112909169232, 1.4009053975405708], "Sigma": [[0.00433619163659731, -0.0015564836318673666, 0.0022147362195104867], [-0.0015564836318673666, 0.004311024626611734, 0.002753542955010669], [0.0022147362195104867, 0.002753542955010669, 0.03086201829110318]], "chi2_level": 0.99, "chi2_df": 3, "chi2_threshold": 11.344866730144373, "N_raw": 78, "N_roi": 78, "N_inlier": 77, "refit": true}
{"timestamp": "19:37:08.090961", "frame": 51, "mu": [-0.336149777693211, 1.1713695550550638, 1.4322963764368557], "Sigma": [[0.005052923632181132, -0.002824369158394085, -0.004031246297874264], [-0.0028243691583940854, 0.006687848116849416, 0.000421448797462292], [-0.004031246297874264, 0.00042144879746229205, 0.009754474947903291]], "chi2_level": 0.99, "chi2_df": 3, "chi2_threshold": 11.344866730144373, "N_raw": 83, "N_roi": 83, "N_inlier": 81, "refit": true}
{"timestamp": "19:37:08.144563", "frame": 52, "mu": [-0.34411236682794355, 1.1633298601813897, 1.3998364779131685], "Sigma": [[0.0034779518209893767, -0.00224811360766006, -0.00553780825517897], [-0.00224811360766006, 0.004524640112289424, 0.0011283458505977212], [-0.005537808255178969, 0.001128345850597721, 0.01441174399485723]], "chi2_level": 0.99, "chi2_df": 3, "chi2_threshold": 11.344866730144373, "N_raw": 66, "N_roi": 66, "N_inlier": 62, "refit": true}
{"timestamp": "19:37:08.206723", "frame": 53, "mu": [-0.39775615816956034, 1.1203175543759663, 1.1924101959249733], "Sigma": [[0.004652492144824698, 0.0005461270642517765, -0.0030186388351579607], [0.0005461270642517765, 0.003815031990126988, -0.002832290727388436], [-0.003018638835157961, -0.002832290727388436, 0.029638388533980778]], "chi2_level": 0.99, "chi2_df": 3, "chi2_threshold": 11.344866730144373, "N_raw": 113, "N_roi": 113, "N_inlier": 109, "refit": true}
{"timestamp": "19:37:08.259406", "frame": 54, "mu": [-0.4240274386348578, 1.1181260892186486, 1.1647861454010067], "Sigma": [[0.0035079113251567963, 0.0001437113629608572, -0.006047469197338635], [0.0001437113629608572, 0.00739916143667362, 0.011504639621582703], [-0.006047469197338635, 0.011504639621582703, 0.07580815750330118]], "chi2_level": 0.99, "chi2_df": 3, "chi2_threshold": 11.344866730144373, "N_raw": 99, "N_roi": 99, "N_inlier": 96, "refit": true}
{"timestamp": "19:37:08.315048", "frame": 55, "mu": [-0.4556952977477881, 1.3372857356619663, -0.4207934276027801], "Sigma": [[0.004326583516226915, 0.0009498127160937951, -0.000721259003327752], [0.0009498127160937951, 0.006719372260951737, -0.002499739511407725], [-0.0007212590033277521, -0.002499739511407725, 0.04625654866356717]], "chi2_level": 0.99, "chi2_df": 3, "chi2_threshold": 11.344866730144373, "N_raw": 103, "N_roi": 103, "N_inlier": 98, "refit": true}
{"timestamp": "19:37:08.369061", "frame": 56, "mu": [-0.5420736117922113, 1.2204726402630444, -0.05426843496424284], "Sigma": [[0.003968157929325981, -0.001375121566359485, 0.030579649374452154], [-0.001375121566359485, 0.011921550145791092, -0.02526171010643661], [0.030579649374452157, -0.02526171010643661, 0.49207200725816447]], "chi2_level": 0.99, "chi2_df": 3, "chi2_threshold": 11.344866730144373, "N_raw": 102, "N_roi": 100, "N_inlier": 99, "refit": true}
{"timestamp": "19:37:08.419387", "frame": 57, "mu": [-0.6116848114014246, 1.222141737004121, 1.3906378612085801], "Sigma": [[0.003685622869082049, 0.0001969393364865252, -0.0007257344355300965], [0.000196939336486525, 0.004365340838742054, -0.0032248545180473755], [-0.0007257344355300964, -0.0032248545180473755, 0.011256408877045388]], "chi2_level": 0.99, "chi2_df": 3, "chi2_threshold": 11.344866730144373, "N_raw": 68, "N_roi": 68, "N_inlier": 63, "refit": true}
{"timestamp": "19:37:08.482101", "frame": 58, "mu": [-0.6257207142015266, 1.204593653185145, 1.261061199286711], "Sigma": [[0.005858830905581462, 0.0007807234593446704, -0.0031654274622766403], [0.0007807234593446701, 0.006931488497484149, 0.01231618839553321], [-0.00316542746227664, 0.01231618839553321, 0.07810327897646382]], "chi2_level": 0.99, "chi2_df": 3, "chi2_threshold": 11.344866730144373, "N_raw": 122, "N_roi": 122, "N_inlier": 114, "refit": true}
{"timestamp": "19:37:08.531444", "frame": 59, "mu": [-0.7134358393995464, 1.190750963222369, 1.4085828662977224], "Sigma": [[0.00644511550562429, 0.0003398005864027621, -0.004544577281852017], [0.000339800586402762, 0.007209831938271856, -0.0036397936710787573], [-0.004544577281852017, -0.0036397936710787578, 0.011968041972282732]], "chi2_level": 0.99, "chi2_df": 3, "chi2_threshold": 11.344866730144373, "N_raw": 71, "N_roi": 69, "N_inlier": 64, "refit": true}
{"timestamp": "19:37:08.587089", "frame": 60, "mu": [-0.7391919951095114, 1.3431193300967463, -0.42060316211806636], "Sigma": [[0.010767051301734661, 0.008311750044043803, -0.006939391582294265], [0.008311750044043803, 0.019037694981040236, -0.011160211536800609], [-0.006939391582294265, -0.01116021153680061, 0.015905589835168602]], "chi2_level": 0.99, "chi2_df": 3, "chi2_threshold": 11.344866730144373, "N_raw": 88, "N_roi": 88, "N_inlier": 83, "refit": true}
{"timestamp": "19:37:08.642495", "frame": 61, "mu": [-0.8259009455792229, 1.240388762195637, 1.556586057458667], "Sigma": [[0.02579708930173455, 0.0156623682564477, -0.008549691967485711], [0.0156623682564477, 0.015303536990696589, -0.007749009927184326], [-0.008549691967485711, -0.007749009927184326, 0.010363524287090779]], "chi2_level": 0.99, "chi2_df": 3, "chi2_threshold": 11.344866730144373, "N_raw": 86, "N_roi": 86, "N_inlier": 78, "refit": true}
{"timestamp": "19:37:08.691723", "frame": 62, "mu": [-0.8377517865244277, 1.2719750180522387, 1.3890077795899927], "Sigma": [[0.004269918657693364, -0.0001513840792065317, -0.003809142375165179], [-0.00015138407920653148, 0.003570684002465247, -0.011542087146782464], [-0.003809142375165178, -0.011542087146782464, 0.17791972020461172]], "chi2_level": 0.99, "chi2_df": 3, "chi2_threshold": 11.344866730144373, "N_raw": 52, "N_roi": 52, "N_inlier": 50, "refit": true}
{"timestamp": "19:37:08.745612", "frame": 63, "mu": [-0.8492827561562107, 1.4300471071029173, -0.33014740040086266], "Sigma": [[0.007542119196850452, 0.004125160453871998, -0.003383699023243458], [0.004125160453871998, 0.03586943305673462, -0.07214332053930271], [-0.003383699023243459, -0.07214332053930271, 0.1691604898795688]], "chi2_level": 0.99, "chi2_df": 3, "chi2_threshold": 11.344866730144373, "N_raw": 39, "N_roi": 39, "N_inlier": 37, "refit": true}
{"timestamp": "19:37:08.804656", "frame": 64, "mu": [-0.9004318342952464, 1.3045809550802914, 1.1612817916056832], "Sigma": [[0.006663760103866919, 0.0010356588821540927, 0.010050626029266374], [0.0010356588821540927, 0.002340601111313555, -0.007859984632488886], [0.010050626029266372, -0.007859984632488886, 0.2674549038209797]], "chi2_level": 0.99, "chi2_df": 3, "chi2_threshold": 11.344866730144373, "N_raw": 76, "N_roi": 76, "N_inlier": 74, "refit": true}
{"timestamp": "19:37:08.861334", "frame": 65, "mu": [-0.9534414162855325, 1.2555032612496755, 1.3675296311350615], "Sigma": [[0.02297255360129463, 0.012312879147495015, -0.011274257777729358], [0.012312879147495015, 0.011632131208373022, -0.013903251992745334], [-0.011274257777729358, -0.013903251992745334, 0.09245015061723948]], "chi2_level": 0.99, "chi2_df": 3, "chi2_threshold": 11.344866730144373, "N_raw": 80, "N_roi": 80, "N_inlier": 75, "refit": true}
{"timestamp": "19:37:08.912200", "frame": 66, "mu": [-0.9630828495848023, 1.2768502986883803, 1.452644256465208], "Sigma": [[0.03127155730706277, 0.0252334041769586, -0.005096033900645298], [0.0252334041769586, 0.02293118859583755, -0.00319047554235142], [-0.005096033900645298, -0.0031904755423514198, 0.019467385098245995]], "chi2_level": 0.99, "chi2_df": 3, "chi2_threshold": 11.344866730144373, "N_raw": 53, "N_roi": 53, "N_inlier": 48, "refit": true}
{"timestamp": "19:37:08.970520", "frame": 67, "mu": [-0.9782898905174616, 1.3620475253496207, 1.3910536682130366], "Sigma": [[0.03143251842037761, 0.020139148807678548, -0.01923425151451541], [0.02013914880767855, 0.01916769536036788, -0.030570206620661657], [-0.01923425151451541, -0.030570206620661657, 0.28418894289036506]], "chi2_level": 0.99, "chi2_df": 3, "chi2_threshold": 11.344866730144373, "N_raw": 75, "N_roi": 75, "N_inlier": 73, "refit": true}
{"timestamp": "19:37:09.023347", "frame": 68, "mu": [-1.074567954600952, 1.397808384543672, 0.5233526525677443], "Sigma": [[0.06173292811240265, 0.05011081725523686, -0.14034454808447797], [0.05011081725523686, 0.05291837850671949, -0.16098770704977167], [-0.14034454808447797, -0.16098770704977167, 0.5610689728172807]], "chi2_level": 0.99, "chi2_df": 3, "chi2_threshold": 11.344866730144373, "N_raw": 59, "N_roi": 59, "N_inlier": 57, "refit": true}
{"timestamp": "19:37:09.077542", "frame": 69, "mu": [-0.9238532636680844, 1.5227955705285656, -0.1387568046370366], "Sigma": [[0.004169191037232002, 0.0013666961860208193, -0.004864330539147607], [0.0013666961860208193, 0.004917751944407641, -0.00832664706480564], [-0.004864330539147607, -0.00832664706480564, 0.026911416917068057]], "chi2_level": 0.99, "chi2_df": 3, "chi2_threshold": 11.344866730144373, "N_raw": 57, "N_roi": 57, "N_inlier": 47, "refit": true}
{"timestamp": "19:37:09.134611", "frame": 70, "mu": [-0.9613769961515966, 1.4326655998934812, 1.2589231684088888], "Sigma": [[0.02647128699906634, 0.01646737283249694, -0.012770535702870492], [0.01646737283249694, 0.015515999257477457, -0.012999522952282435], [-0.012770535702870492, -0.012999522952282435, 0.10465078736317392]], "chi2_level": 0.99, "chi2_df": 3, "chi2_threshold": 11.344866730144373, "N_raw": 65, "N_roi": 65, "N_inlier": 61, "refit": true}
{"timestamp": "19:37:09.193757", "frame": 71, "mu": [-0.9684113722246016, 1.5436375638996025, 0.940588658484991], "Sigma": [[0.029167775732561546, 0.003988059383680848, -0.0025331188142710204], [0.003988059383680848, 0.02789460402197371, -0.06256719610111997], [-0.002533118814271018, -0.06256719610111997, 0.3560112667650169]], "chi2_level": 0.99, "chi2_df": 3, "chi2_threshold": 11.344866730144373, "N_raw": 93, "N_roi": 93, "N_inlier": 89, "refit": true}
{"timestamp": "19:37:09.250038", "frame": 72, "mu": [-0.9429331753992528, 1.5241481592311412, 1.0935755476261195], "Sigma": [[0.009681257361280855, -0.0015756627346187168, 0.013400547752166862], [-0.001575662734618717, 0.005278093688746294, -0.013909803813212742], [0.013400547752166862, -0.013909803813212739, 0.20400771649248842]], "chi2_level": 0.99, "chi2_df": 3, "chi2_threshold": 11.344866730144373, "N_raw": 100, "N_roi": 100, "N_inlier": 98, "refit": true}
{"timestamp": "19:37:09.304071", "frame": 73, "mu": [-0.9293146327175735, 1.5650474696274959, 1.249197494012511], "Sigma": [[0.00902380678797375, 0.001546111369812431, -0.0022111758640282414], [0.001546111369812431, 0.003982762872771131, -0.006239491789147366], [-0.002211175864028242, -0.006239491789147366, 0.019014310770496895]], "chi2_level": 0.99, "chi2_df": 3, "chi2_threshold": 11.344866730144373, "N_raw": 99, "N_roi": 99, "N_inlier": 88, "refit": true}
{"timestamp": "19:37:09.358328", "frame": 74, "mu": [-0.9565069749640025, 1.7139783548935805, -0.20747886622863224], "Sigma": [[0.006028037125125385, 0.0008940461919619731, 0.00560883910624722], [0.0008940461919619733, 0.0107084945413737, -0.014514490965121012], [0.00560883910624722, -0.014514490965121012, 0.07968131967081785]], "chi2_level": 0.99, "chi2_df": 3, "chi2_threshold": 11.344866730144373, "N_raw": 88, "N_roi": 88, "N_inlier": 82, "refit": true}
{"timestamp": "19:37:09.414142", "frame": 75, "mu": [-1.0692642174084521, 1.5750703798074244, 1.2865727386478294], "Sigma": [[0.08565568674142351, 0.05045743615641879, -0.08727398332903936], [0.05045743615641878, 0.035603637597061116, -0.04285484905600843], [-0.08727398332903936, -0.042854849056008434, 0.22451588788817062]], "chi2_level": 0.99, "chi2_df": 3, "chi2_threshold": 11.344866730144373, "N_raw": 95, "N_roi": 95, "N_inlier": 92, "refit": true}
{"timestamp": "19:37:09.469302", "frame": 76, "mu": [-0.9940436287846333, 1.7061825193154767, 1.2597739083727983], "Sigma": [[0.011898121562310683, 3.368099408686964e-05, 0.0032176989431076343], [3.368099408686964e-05, 0.005311926947769684, 0.0008409337540498444], [0.0032176989431076343, 0.0008409337540498447, 0.03507995543343214]], "chi2_level": 0.99, "chi2_df": 3, "chi2_threshold": 11.344866730144373, "N_raw": 92, "N_roi": 92, "N_inlier": 88, "refit": true}
{"timestamp": "19:37:09.528752", "frame": 77, "mu": [-1.0152462369227173, 1.7273935664279338, 0.9755730299147118], "Sigma": [[0.014478687262481088, -0.0008035992675943452, 0.029639944595362358], [-0.0008035992675943454, 0.006597607940776397, -0.018419447485730937], [0.029639944595362358, -0.018419447485730933, 0.28041962024816713]], "chi2_level": 0.99, "chi2_df": 3, "chi2_threshold": 11.344866730144373, "N_raw": 128, "N_roi": 128, "N_inlier": 127, "refit": true}
{"timestamp": "19:37:09.581428", "frame": 78, "mu": [-1.02639799150402, 1.772568872273469, 0.9783672573559699], "Sigma": [[0.010919227033734788, -0.0006993480565770499, 0.014737679633128636], [-0.0006993480565770499, 0.004722977538567415, -0.003464356543959982], [0.014737679633128636, -0.0034643565439599817, 0.36149033671230063]], "chi2_level": 0.99, "chi2_df": 3, "chi2_threshold": 11.344866730144373, "N_raw": 114, "N_roi": 114, "N_inlier": 104, "refit": true}
{"timestamp": "19:37:09.635221", "frame": 79, "mu": [-1.0854832512861778, 1.8486035087622876, 1.3163906379249048], "Sigma": [[0.008756934637326913, 0.0028421486920606584, 0.00042454292935526297], [0.0028421486920606584, 0.005825861568287966, -0.006684022087450772], [0.0004245429293552623, -0.006684022087450772, 0.1861626679113482]], "chi2_level": 0.99, "chi2_df": 3, "chi2_threshold": 11.344866730144373, "N_raw": 102, "N_roi": 102, "N_inlier": 92, "refit": true}
{"timestamp": "19:37:09.687550", "frame": 80, "mu": [-1.076534880902247, 1.8888573333643301, -0.011680529374222696], "Sigma": [[0.00997175200911052, 0.002420897876589767, -0.010573733218924524], [0.002420897876589767, 0.0064714231919257735, -0.005633724688069467], [-0.010573733218924523, -0.005633724688069467, 0.013299954878950094]], "chi2_level": 0.99, "chi2_df": 3, "chi2_threshold": 11.344866730144373, "N_raw": 61, "N_roi": 61, "N_inlier": 59, "refit": true}
{"timestamp": "19:37:09.740847", "frame": 81, "mu": [-1.0445192690860623, 1.9878149835334118, -0.18465582761649474], "Sigma": [[0.011219012074867899, 0.0045065897030149606, -0.017407007781545372], [0.0045065897030149606, 0.008541787931299753, -0.01953177713965136], [-0.017407007781545372, -0.01953177713965136, 0.05533019715758697]], "chi2_level": 0.99, "chi2_df": 3, "chi2_threshold": 11.344866730144373, "N_raw": 82, "N_roi": 82, "N_inlier": 78, "refit": true}
{"timestamp": "19:37:09.796262", "frame": 82, "mu": [-1.0830302494686717, 1.8860355452328854, 1.205915653444885], "Sigma": [[0.012215334783158194, 0.0023544664524485235, -0.02154561510155937], [0.0023544664524485226, 0.004437912991465657, -0.012582844274911109], [-0.02154561510155937, -0.01258284427491111, 0.11260351505824642]], "chi2_level": 0.99, "chi2_df": 3, "chi2_threshold": 11.344866730144373, "N_raw": 83, "N_roi": 83, "N_inlier": 83, "refit": true}
{"timestamp": "19:37:09.849251", "frame": 83, "mu": [-1.058352996804336, 1.9295295688568563, 1.1889648752817734], "Sigma": [[0.013989906822384823, 0.00174255123869503, -0.031169726026362813], [0.00174255123869503, 0.00185047183788138, -0.00919105956267186], [-0.031169726026362813, -0.00919105956267186, 0.15978799080313116]], "chi2_level": 0.99, "chi2_df": 3, "chi2_threshold": 11.344866730144373, "N_raw": 69, "N_roi": 69, "N_inlier": 68, "refit": true}
{"timestamp": "19:37:09.907806", "frame": 84, "mu": [-1.0819263732009303, 2.028206185371864, 1.3014710611396292], "Sigma": [[0.010584601787115865, 0.001325349578156514, -0.011228548276528185], [0.001325349578156514, 0.00527172767114277, 0.0029352655207524675], [-0.011228548276528185, 0.0029352655207524675, 0.1062526702956684]], "chi2_level": 0.99, "chi2_df": 3, "chi2_threshold": 11.344866730144373, "N_raw": 94, "N_roi": 94, "N_inlier": 90, "refit": true}
{"timestamp": "19:37:09.961248", "frame": 85, "mu": [-1.0547158538618404, 2.068641229680713, 1.3571952888101224], "Sigma": [[0.01102235378060531, 0.000262668225141422, -0.004882924725264682], [0.00026266822514142213, 0.005048307124978732, -0.004051836894739773], [-0.004882924725264682, -0.004051836894739773, 0.029390879279435598]], "chi2_level": 0.99, "chi2_df": 3, "chi2_threshold": 11.344866730144373, "N_raw": 79, "N_roi": 79, "N_inlier": 74, "refit": true}
{"timestamp": "19:37:10.017108", "frame": 86, "mu": [-1.051664034514735, 2.1030300227948358, 1.3475817307558506], "Sigma": [[0.010336168435900616, 0.0010335026439905993, -0.00801280045032219], [0.0010335026439905993, 0.006103218865526042, -0.009128582200381529], [-0.00801280045032219, -0.009128582200381529, 0.02357012137854783]], "chi2_level": 0.99, "chi2_df": 3, "chi2_threshold": 11.344866730144373, "N_raw": 84, "N_roi": 84, "N_inlier": 81, "refit": true}
{"timestamp": "19:37:10.076347", "frame": 87, "mu": [-1.0475296116194195, 2.1445479391234183, 1.1397905121482004], "Sigma": [[0.014245754962022038, 0.003790803874573678, 0.006981932313385144], [0.003790803874573678, 0.003987354188831708, -0.00025475387183715036], [0.006981932313385144, -0.00025475387183715014, 0.14305433693218236]], "chi2_level": 0.99, "chi2_df": 3, "chi2_threshold": 11.344866730144373, "N_raw": 106, "N_roi": 106, "N_inlier": 104, "refit": true}
{"timestamp": "19:37:10.130341", "frame": 88, "mu": [-1.08958096188463, 2.132159447461028, 1.0148667556598399], "Sigma": [[0.013148417279858415, 0.009512977389512161, 0.023438375720139328], [0.00951297738951216, 0.017463297689417755, 0.05612135545349223], [0.023438375720139324, 0.05612135545349223, 0.30646120754698475]], "chi2_level": 0.99, "chi2_df": 3, "chi2_threshold": 11.344866730144373, "N_raw": 100, "N_roi": 100, "N_inlier": 99, "refit": true}
{"timestamp": "19:37:10.186004", "frame": 89, "mu": [-1.0001594731203582, 2.227390027175862, 0.9858294047390768], "Sigma": [[0.014371003851448733, 0.0005044048662879823, 0.009491743201714486], [0.0005044048662879824, 0.004601913493568109, 0.0009063190618050295], [0.009491743201714482, 0.0009063190618050288, 0.3343669394317483]], "chi2_level": 0.99, "chi2_df": 3, "chi2_threshold": 11.344866730144373, "N_raw": 115, "N_roi": 113, "N_inlier": 113, "refit": true}
