{"timestamp": "19:35:33.656657", "frame": 1, "mu": [1.6804796726063014, 1.147941662749477, 1.0040552029148866], "Sigma": [[0.0014940276417816465, -0.002560457859584149, -0.0007327473928475483], [-0.002560457859584149, 0.04122722018389713, -0.0013284637830954234], [-0.0007327473928475483, -0.0013284637830954234, 0.0010596638782400204]], "chi2_level": 0.99, "chi2_df": 3, "chi2_threshold": 11.344866730144373, "N_raw": 7, "N_roi": 7, "N_inlier": 7, "refit": true}
{"timestamp": "19:35:34.646681", "frame": 19, "mu": [1.666740010763616, 0.8293975981513957, 1.2922544744781852], "Sigma": [[0.004502204073345996, 0.0008013147148737674, -0.007021441549131821], [0.0008013147148737674, 0.004749394196946352, -0.003449891195798148], [-0.007021441549131822, -0.003449891195798148, 0.013685707088867655]], "chi2_level": 0.99, "chi2_df": 3, "chi2_threshold": 11.344866730144373, "N_raw": 12, "N_roi": 12, "N_inlier": 12, "refit": true}
{"timestamp": "19:35:34.814615", "frame": 22, "mu": [1.6624390160572404, 0.7514800873077357, 1.3176840549593396], "Sigma": [[0.005427475098719355, -0.004778383214509857, -0.002484691283266718], [-0.004778383214509857, 0.009640918790632823, -0.0012184860653592462], [-0.002484691283266718, -0.001218486065359246, 0.004029419913740291]], "chi2_level": 0.99, "chi2_df": 3, "chi2_threshold": 11.344866730144373, "N_raw": 30, "N_roi": 30, "N_inlier": 30, "refit": true}
{"timestamp": "19:35:34.922519", "frame": 24, "mu": [1.6290022238824131, 0.8015017053293303, 1.325668521235842], "Sigma": [[0.004853603320357938, -0.0016052932264132439, -0.005072604015716405], [-0.0016052932264132439, 0.004042543030233146, -0.0001998975492207946], [-0.005072604015716405, -0.00019989754922079475, 0.007187622515423111]], "chi2_level": 0.99, "chi2_df": 3, "chi2_threshold": 11.344866730144373, "N_raw": 21, "N_roi": 21, "N_inlier": 21, "refit": true}
{"timestamp": "19:35:35.031320", "frame": 26, "mu": [1.5312959374844648, 0.8520585431814506, 1.4592383246309713], "Sigma": [[0.00854548591890556, -0.002402787017399811, -0.0029370019241249865], [-0.002402787017399811, 0.0009910489160305427, 0.0007588991392550473], [-0.002937001924124986, 0.0007588991392550473, 0.0011836716403334023]], "chi2_level": 0.99, "chi2_df": 3, "chi2_threshold": 11.344866730144373, "N_raw": 7, "N_roi": 7, "N_inlier": 7, "refit": true}
{"timestamp": "19:35:35.417601", "frame": 33, "mu": [1.560028163604053, 0.7696634367526762, 1.1798592732785935], "Sigma": [[0.005813417355811721, -0.005385041141676471, -0.010281607018252351], [-0.005385041141676471, 0.005922339125384692, 0.008491434250955835], [-0.010281607018252353, 0.008491434250955837, 0.020950256286682005]], "chi2_level": 0.99, "chi2_df": 3, "chi2_threshold": 11.344866730144373, "N_raw": 17, "N_roi": 17, "N_inlier": 16, "refit": true}
{"timestamp": "19:35:35.527977", "frame": 35, "mu": [1.5082191878024462, 0.8430509024913049, 1.0929241820282953], "Sigma": [[0.009066293304375804, -0.005163988447926646, -0.021400377139891333], [-0.005163988447926645, 0.015040224262844883, -0.0038032918210293195], [-0.021400377139891333, -0.0038032918210293204, 0.10410926075325996]], "chi2_level": 0.99, "chi2_df": 3, "chi2_threshold": 11.344866730144373, "N_raw": 12, "N_roi": 12, "N_inlier": 12, "refit": true}
{"timestamp": "19:35:35.581574", "frame": 36, "mu": [1.3597385866897196, 0.7612481745475691, 1.2557858563788704], "Sigma": [[0.1775106221874053, 0.061637221229732024, -0.1125003178119332], [0.061637221229732024, 0.037494992518545545, -0.016151235021432387], [-0.1125003178119332, -0.016151235021432394, 0.10562948942324246]], "chi2_level": 0.99, "chi2_df": 3, "chi2_threshold": 11.344866730144373, "N_raw": 8, "N_roi": 8, "N_inlier": 8, "refit": true}
{"timestamp": "19:35:35.803497", "frame": 40, "mu": [1.351261374399421, 0.7297665568935998, 1.1812285666212472], "Sigma": [[0.0026648186224195506, -0.0021337824278082774, -0.0019165895078235762], [-0.0021337824278082774, 0.005755867870829756, -0.0017718327959264876], [-0.0019165895078235764, -0.0017718327959264876, 0.004801029517312208]], "chi2_level": 0.99, "chi2_df": 3, "chi2_threshold": 11.344866730144373, "N_raw": 19, "N_roi": 19, "N_inlier": 17, "refit": true}
{"timestamp": "19:35:35.857428", "frame": 41, "mu": [1.225143245630272, 0.7623713927435483, 0.834445789461004], "Sigma": [[0.006175874969319464, 0.0025507890183593413, 0.030509922917706406], [0.0025507890183593413, 0.0013281292169995786, 0.014937212781512943], [0.030509922917706406, 0.014937212781512946, 0.270775656206458]], "chi2_level": 0.99, "chi2_df": 3, "chi2_threshold": 11.344866730144373, "N_raw": 8, "N_roi": 8, "N_inlier": 8, "refit": true}
{"timestamp": "19:35:35.916934", "frame": 42, "mu": [1.1923230618547958, 0.8487302339344993, 1.256533842518281], "Sigma": [[0.005823663677692594, -0.005902695725790011, -0.0027697280716425282], [-0.005902695725790011, 0.008475214060376424, -0.0012450190321394567], [-0.0027697280716425282, -0.0012450190321394567, 0.010956989213577633]], "chi2_level": 0.99, "chi2_df": 3, "chi2_threshold": 11.344866730144373, "N_raw": 46, "N_roi": 46, "N_inlier": 46, "refit": true}
{"timestamp": "19:35:35.970413", "frame": 43, "mu": [1.1042208422880555, 0.8913333941017364, 1.3258719593948556], "Sigma": [[0.0036808354298977176, -0.002531951065010347, -0.0034688862049815604], [-0.002531951065010347, 0.003030821523702636, 0.0012815791679182172], [-0.0034688862049815604, 0.0012815791679182174, 0.004680447010578512]], "chi2_level": 0.99, "chi2_df": 3, "chi2_threshold": 11.344866730144373, "N_raw": 18, "N_roi": 18, "N_inlier": 18, "refit": true}
{"timestamp": "19:35:36.079059", "frame": 45, "mu": [0.986755300840501, 0.954777936719511, 1.4243708322904698], "Sigma": [[0.0026480410390235004, -0.0007807521218515407, -0.002624484491792157], [-0.0007807521218515408, 0.0019084436901229552, 0.001449301631712067], [-0.002624484491792157, 0.0014493016317120668, 0.006573771436869825]], "chi2_level": 0.99, "chi2_df": 3, "chi2_threshold": 11.344866730144373, "N_raw": 18, "N_roi": 18, "N_inlier": 17, "refit": true}
{"timestamp": "19:35:36.188672", "frame": 47, "mu": [0.9232664233233429, 0.885319195616774, 0.921803898820417], "Sigma": [[0.005669545751097044, 0.0009020391770548162, -0.005874400117735809], [0.0009020391770548164, 0.001250586849636117, 0.014443745859485956], [-0.005874400117735809, 0.014443745859485956, 0.37268892322553443]], "chi2_level": 0.99, "chi2_df": 3, "chi2_threshold": 11.344866730144373, "N_raw": 11, "N_roi": 11, "N_inlier": 11, "refit": true}
{"timestamp": "19:35:36.243575", "frame": 48, "mu": [0.8931520275219725, 0.8635695197688485, 1.1840435996855279], "Sigma": [[0.004944229779868018, -0.005307012880444419, -0.010350511560186456], [-0.005307012880444419, 0.006852260115842221, 0.012721376173909974], [-0.010350511560186454, 0.012721376173909974, 0.026910079419534147]], "chi2_level": 0.99, "chi2_df": 3, "chi2_threshold": 11.344866730144373, "N_raw": 13, "N_roi": 13, "N_inlier": 12, "refit": true}
{"timestamp": "19:35:36.301549", "frame": 49, "mu": [0.788516857823921, 0.911918533244462, 1.4011030706513716], "Sigma": [[0.009696794337997503, -0.006174164782625602, -0.019703614983284785], [-0.006174164782625602, 0.007923307468181906, 0.01400167201624531], [-0.019703614983284785, 0.014001672016245314, 0.04575575371125386]], "chi2_level": 0.99, "chi2_df": 3, "chi2_threshold": 11.344866730144373, "N_raw": 26, "N_roi": 26, "N_inlier": 26, "refit": true}
{"timestamp": "19:35:36.361351", "frame": 50, "mu": [0.7528363546155953, 0.9105593821250777, 1.3828830551678615], "Sigma": [[0.006147971312317782, -0.0015048226200542324, -0.014762881842077656], [-0.0015048226200542322, 0.00414482033452237, 0.005331571193687669], [-0.014762881842077656, 0.005331571193687669, 0.06208250163718846]], "chi2_level": 0.99, "chi2_df": 3, "chi2_threshold": 11.344866730144373, "N_raw": 57, "N_roi": 57, "N_inlier": 54, "refit": true}
{"timestamp": "19:35:36.412407", "frame": 51, "mu": [0.6736992682570229, 1.0198065814866097, -0.277449314849101], "Sigma": [[0.002960875887107515, 0.00021877347821657313, -0.002055904048484163], [0.00021877347821657313, 0.003493720253969252, -0.0005105270031551663], [-0.002055904048484163, -0.0005105270031551663, 0.001661284682293896]], "chi2_level": 0.99, "chi2_df": 3, "chi2_threshold": 11.344866730144373, "N_raw": 36, "N_roi": 36, "N_inlier": 33, "refit": true}
{"timestamp": "19:35:36.472337", "frame": 52, "mu": [0.6572136878722419, 0.9315195902955153, 1.4344475292310965], "Sigma": [[0.0044725189351412925, 0.0005243587698612531, -0.00407714975536104], [0.0005243587698612532, 0.005314702496014296, -0.0017766137871826854], [-0.00407714975536104, -0.0017766137871826856, 0.008229267629619211]], "chi2_level": 0.99, "chi2_df": 3, "chi2_threshold": 11.344866730144373, "N_raw": 69, "N_roi": 69, "N_inlier": 67, "refit": true}
{"timestamp": "19:35:36.525527", "frame": 53, "mu": [0.619819507183598, 0.8979100937804269, 1.3875853024743612], "Sigma": [[0.0028235900517048574, -0.0003443156562681175, -0.003857303458109208], [-0.00034431565626811747, 0.0027854000476620878, -0.0027308686061140617], [-0.003857303458109208, -0.0027308686061140617, 0.011837491413798149]], "chi2_level": 0.99, "chi2_df": 3, "chi2_threshold": 11.344866730144373, "N_raw": 51, "N_roi": 51, "N_inlier": 48, "refit": true}
{"timestamp": "19:35:36.579417", "frame": 54, "mu": [0.5947598748430628, 0.8976405972612174, 1.4491564098721483], "Sigma": [[0.0040311234739974534, -0.000891252137889861, -0.00356962813506039], [-0.000891252137889861, 0.0029021347204286215, 0.0026313043867619997], [-0.00356962813506039, 0.0026313043867619993, 0.020414550193928255]], "chi2_level": 0.99, "chi2_df": 3, "chi2_threshold": 11.344866730144373, "N_raw": 45, "N_roi": 45, "N_inlier": 43, "refit": true}
{"timestamp": "19:35:36.643002", "frame": 55, "mu": [0.5474187596405802, 0.9377338365635153, 1.278875291423137], "Sigma": [[0.0033007582803244737, -0.000670487563865677, 0.0012655668124808691], [-0.000670487563865677, 0.00270663995807866, -0.00685021607947115], [0.0012655668124808691, -0.006850216079471149, 0.03844841797490181]], "chi2_level": 0.99, "chi2_df": 3, "chi2_threshold": 11.344866730144373, "N_raw": 100, "N_roi": 100, "N_inlier": 97, "refit": true}
{"timestamp": "19:35:36.694776", "frame": 56, "mu": [0.5347267737200108, 0.8933238598674716, 1.474441631678436], "Sigma": [[0.00360652221148382, 0.0007917954001764314, -0.0026469896598435715], [0.0007917954001764312, 0.0023721663267237264, -0.0014529968780346977], [-0.0026469896598435715, -0.0014529968780346977, 0.005054098595131553]], "chi2_level": 0.99, "chi2_df": 3, "chi2_threshold": 11.344866730144373, "N_raw": 45, "N_roi": 45, "N_inlier": 43, "refit": true}
{"timestamp": "19:35:36.744910", "frame": 57, "mu": [0.3994493059650727, 0.9309779125184827, 1.4416221698465927], "Sigma": [[0.0016403271846124586, -0.0006277074916266272, 0.001100214094740375], [-0.0006277074916266272, 0.00257132419275496, -0.0038670777687452628], [0.001100214094740375, -0.0038670777687452628, 0.007078959519751128]], "chi2_level": 0.99, "chi2_df": 3, "chi2_threshold": 11.344866730144373, "N_raw": 48, "N_roi": 48, "N_inlier": 45, "refit": true}
{"timestamp": "19:35:36.800950", "frame": 58, "mu": [0.38321687484769923, 1.0000975448231217, 1.0869455825485617], "Sigma": [[0.006392646436376311, -0.007442226524574436, 0.013168081293386556], [-0.007442226524574436, 0.015979674822126026, -0.03808017651552629], [0.013168081293386556, -0.03808017651552629, 0.11303779448288423]], "chi2_level": 0.99, "chi2_df": 3, "chi2_threshold": 11.344866730144373, "N_raw": 61, "N_roi": 61, "N_inlier": 58, "refit": true}
{"timestamp": "19:35:36.863561", "frame": 59, "mu": [0.3138467214704949, 1.0427508716772196, 1.0910048324404686], "Sigma": [[0.019973192728503366, -0.014674100864325954, 0.04390529893004943], [-0.014674100864325954, 0.016355232557670782, -0.044816762657540095], [0.043905298930049436, -0.044816762657540095, 0.13630291669105768]], "chi2_level": 0.99, "chi2_df": 3, "chi2_threshold": 11.344866730144373, "N_raw": 103, "N_roi": 103, "N_inlier": 100, "refit": true}
{"timestamp": "19:35:36.914821", "frame": 60, "mu": [0.2602433505842907, 1.0454685401811872, 1.002654963904102], "Sigma": [[0.02674714596450429, -0.02026370233213052, 0.044125178262270456], [-0.02026370233213052, 0.01823333428581462, -0.036995156379821544], [0.044125178262270456, -0.036995156379821544, 0.08605104410117262]], "chi2_level": 0.99, "chi2_df": 3, "chi2_threshold": 11.344866730144373, "N_raw": 73, "N_roi": 73, "N_inlier": 72, "refit": true}
{"timestamp": "19:35:36.969345", "frame": 61, "mu": [0.26927568333406326, 1.0929238170763895, -0.2893016529292971], "Sigma": [[0.00996651634840426, -0.013118791690208253, 0.044422336198550544], [-0.013118791690208255, 0.028692658557195314, -0.08455573971167703], [0.044422336198550544, -0.08455573971167703, 0.5060418277982844]], "chi2_level": 0.99, "chi2_df": 3, "chi2_threshold": 11.344866730144373, "N_raw": 82, "N_roi": 82, "N_inlier": 80, "refit": true}
{"timestamp": "19:35:37.024796", "frame": 62, "mu": [0.15292873685550445, 1.0154317483800581, 1.1015875542864104], "Sigma": [[0.019750267926996887, -0.01333248271551507, 0.03581105852794846], [-0.01333248271551507, 0.012088997988199542, -0.028415900388750966], [0.03581105852794846, -0.028415900388750963, 0.08507815873194569]], "chi2_level": 0.99, "chi2_df": 3, "chi2_threshold": 11.344866730144373, "N_raw": 75, "N_roi": 75, "N_inlier": 71, "refit": true}
{"timestamp": "19:35:37.074604", "frame": 63, "mu": [0.14961636825088007, 1.1240956545013594, -0.6095206066973574], "Sigma": [[0.0015665923118788362, -0.0003070576004286417, 0.0014760330850668861], [-0.0003070576004286417, 0.0018050848616536217, -0.00268068198242343], [0.001476033085066886, -0.0026806819824234302, 0.05887106927132331]], "chi2_level": 0.99, "chi2_df": 3, "chi2_threshold": 11.344866730144373, "N_raw": 45, "N_roi": 45, "N_inlier": 42, "refit": true}
{"timestamp": "19:35:37.133830", "frame": 64, "mu": [0.04967145056383726, 0.9031333239838952, 1.2621732634853051], "Sigma": [[0.0021883329092243897, -0.0008399046971823343, -0.001973134075351818], [-0.0008399046971823343, 0.0032251482991430673, 0.012255837807190448], [-0.0019731340753518178, 0.012255837807190448, 0.08666548213512419]], "chi2_level": 0.99, "chi2_df": 3, "chi2_threshold": 11.344866730144373, "N_raw": 71, "N_roi": 71, "N_inlier": 67, "refit": true}
{"timestamp": "19:35:37.188447", "frame": 65, "mu": [0.00824896138132763, 0.892496550883308, 1.2529703470320852], "Sigma": [[0.0021970847154706846, -0.0011836763588423008, -0.0005023654333000556], [-0.0011836763588423008, 0.00506709752852639, 0.01191388922536702], [-0.0005023654333000558, 0.011913889225367022, 0.07186786915177579]], "chi2_level": 0.99, "chi2_df": 3, "chi2_threshold": 11.344866730144373, "N_raw": 73, "N_roi": 73, "N_inlier": 71, "refit": true}
{"timestamp": "19:35:37.243449", "frame": 66, "mu": [-0.06533845944510386, 0.8287209978694998, 1.221177045603843], "Sigma": [[0.0019062568148067803, -0.00021997921436778026, 0.0018854327811417843], [-0.00021997921436778026, 0.005507340101611517, 0.006226628051845156], [0.0018854327811417848, 0.0062266280518451554, 0.038155965811990995]], "chi2_level": 0.99, "chi2_df": 3, "chi2_threshold": 11.344866730144373, "N_raw": 73, "N_roi": 73, "N_inlier": 70, "refit": true}
{"timestamp": "19:35:37.291408", "frame": 67, "mu": [-0.1515814894899683, 0.9038819468521895, 1.3403232110630814], "Sigma": [[0.0007104180950235214, -0.0006012423067417757, -0.00033763375968957123], [-0.0006012423067417757, 0.00152215838529747, -0.0021953331120197475], [-0.0003376337596895712, -0.0021953331120197475, 0.012598674875162991]], "chi2_level": 0.99, "chi2_df": 3, "chi2_threshold": 11.344866730144373, "N_raw": 25, "N_roi": 25, "N_inlier": 22, "refit": true}
{"timestamp": "19:35:37.352312", "frame": 68, "mu": [-0.15064171764705783, 0.9642009700098778, 1.4695395852085835], "Sigma": [[0.002936518243685355, -0.0005811409761468413, -0.0005802779164071328], [-0.0005811409761468413, 0.0029044846181145714, -0.0024325492202745967], [-0.0005802779164071328, -0.0024325492202745967, 0.0028160100764340924]], "chi2_level": 0.99, "chi2_df": 3, "chi2_threshold": 11.344866730144373, "N_raw": 72, "N_roi": 72, "N_inlier": 69, "refit": true}
{"timestamp": "19:35:37.407446", "frame": 69, "mu": [-0.1850992985832822, 0.9452857803257511, 1.4021323348510752], "Sigma": [[0.0024213672978628704, -0.0014330581719833135, -0.0011973157684075923], [-0.0014330581719833135, 0.002823383067176568, -0.0024871060143819334], [-0.0011973157684075923, -0.0024871060143819334, 0.012510431384385233]], "chi2_level": 0.99, "chi2_df": 3, "chi2_threshold": 11.344866730144373, "N_raw": 72, "N_roi": 72, "N_inlier": 70, "refit": true}
{"timestamp": "19:35:37.464401", "frame": 70, "mu": [-0.22153317746795037, 0.9902112422769797, -0.20017044782972154], "Sigma": [[0.00322876331118914, 0.0019325367914903148, 0.02340785186038477], [0.0019325367914903148, 0.008470534475882073, 0.002996106412145615], [0.023407851860384767, 0.0029961064121456146, 0.38795469580331016]], "chi2_level": 0.99, "chi2_df": 3, "chi2_threshold": 11.344866730144373, "N_raw": 81, "N_roi": 81, "N_inlier": 77, "refit": true}
{"timestamp": "19:35:37.516811", "frame": 71, "mu": [-0.23401952980803487, 0.8428927081268324, 1.1836405182266252], "Sigma": [[0.001689201634696243, -0.0018899410376776518, -0.0014592077151105117], [-0.0018899410376776518, 0.004910993586087427, 0.010428065897990984], [-0.0014592077151105115, 0.010428065897990984, 0.06060740303441545]], "chi2_level": 0.99, "chi2_df": 3, "chi2_threshold": 11.344866730144373, "N_raw": 59, "N_roi": 57, "N_inlier": 55, "refit": true}
{"timestamp": "19:35:37.571262", "frame": 72, "mu": [-0.31510438464279783, 0.912588650195864, 1.344741685433822], "Sigma": [[0.0023467046600469392, -0.000882825789516875, -0.0012795094004507813], [-0.0008828257895168749, 0.0024017213773607077, -0.001965223360130713], [-0.0012795094004507813, -0.001965223360130713, 0.007228343885697124]], "chi2_level": 0.99, "chi2_df": 3, "chi2_threshold": 11.344866730144373, "N_raw": 59, "N_roi": 59, "N_inlier": 58, "refit": true}
{"timestamp": "19:35:37.625330", "frame": 73, "mu": [-0.39585243573066764, 0.9289280993062039, 1.4227974526573683], "Sigma": [[0.0028572306648486337, -0.001328652404319565, 0.00026279979647484856], [-0.001328652404319565, 0.0027783596290965706, -0.0023632757996967573], [0.0002627997964748486, -0.0023632757996967573, 0.0028590082470590318]], "chi2_level": 0.99, "chi2_df": 3, "chi2_threshold": 11.344866730144373, "N_raw": 55, "N_roi": 55, "N_inlier": 55, "refit": true}
{"timestamp": "19:35:37.682318", "frame": 74, "mu": [-0.45436913438742577, 1.0371263131935429, -0.2999374553522635], "Sigma": [[0.0034743602165677925, -0.001306751663967501, -0.00044915706925150665], [-0.0013067516639675009, 0.004049890532003383, -0.0028139443919003165], [-0.00044915706925150676, -0.0028139443919003165, 0.005773011277842994]], "chi2_level": 0.99, "chi2_df": 3, "chi2_threshold": 11.344866730144373, "N_raw": 67, "N_roi": 67, "N_inlier": 64, "refit": true}
{"timestamp": "19:35:37.735663", "frame": 75, "mu": [-0.516970178381684, 1.051190206513798, -0.33817239028957685], "Sigma": [[0.0027749769250821343, -0.000616986963660591, -0.0015659544373799834], [-0.000616986963660591, 0.0023762387033980097, -0.003098233064014521], [-0.0015659544373799834, -0.003098233064014521, 0.015740403039807775]], "chi2_level": 0.99, "chi2_df": 3, "chi2_threshold": 11.344866730144373, "N_raw": 58, "N_roi": 58, "N_inlier": 57, "refit": true}
{"timestamp": "19:35:37.790214", "frame": 76, "mu": [-0.5140192278154702, 0.9340804846526106, 1.3855293397900532], "Sigma": [[0.0027560987412634025, -0.0005348143123152221, -0.004361830609069335], [-0.0005348143123152221, 0.0023260896939278465, 8.744677282936298e-05], [-0.0043618306090693355, 8.744677282936303e-05, 0.023672729903763172]], "chi2_level": 0.99, "chi2_df": 3, "chi2_threshold": 11.344866730144373, "N_raw": 58, "N_roi": 58, "N_inlier": 57, "refit": true}
{"timestamp": "19:35:37.844177", "frame": 77, "mu": [-0.570295300365351, 0.9312544010146576, 1.347093971517002], "Sigma": [[0.0030549670547875296, -0.003970440462624069, -0.008000595374867735], [-0.003970440462624069, 0.008289093542052475, 0.013572721345658036], [-0.008000595374867737, 0.013572721345658036, 0.052398203995145914]], "chi2_level": 0.99, "chi2_df": 3, "chi2_threshold": 11.344866730144373, "N_raw": 50, "N_roi": 50, "N_inlier": 50, "refit": true}
{"timestamp": "19:35:37.899332", "frame": 78, "mu": [-0.6092821420845105, 0.9132602606153561, -0.9011408542942301], "Sigma": [[0.0038213667258621383, 0.0007135889866209961, -0.010092511143820091], [0.0007135889866209961, 0.006054800341956748, 0.004716773675928553], [-0.01009251114382009, 0.004716773675928553, 0.050761398423362934]], "chi2_level": 0.99, "chi2_df": 3, "chi2_threshold": 11.344866730144373, "N_raw": 51, "N_roi": 51, "N_inlier": 49, "refit": true}
{"timestamp": "19:35:37.953731", "frame": 79, "mu": [-0.6904117185246706, 0.9135076904651319, 1.338243191877649], "Sigma": [[0.002311283927405429, -0.001819878012581094, -0.0025698974429447146], [-0.001819878012581094, 0.003119573989526376, 0.0006008204433095014], [-0.0025698974429447146, 0.0006008204433095015, 0.006962766577990114]], "chi2_level": 0.99, "chi2_df": 3, "chi2_threshold": 11.344866730144373, "N_raw": 39, "N_roi": 39, "N_inlier": 36, "refit": true}
{"timestamp": "19:35:38.011226", "frame": 80, "mu": [-0.8490308558029742, 0.8616165155105332, 1.4826046394882262], "Sigma": [[0.027343943463301663, 0.009489184680012351, -0.028490836244220104], [0.009489184680012351, 0.008671727458283972, -0.01192419847640626], [-0.028490836244220108, -0.01192419847640626, 0.03562370682376642]], "chi2_level": 0.99, "chi2_df": 3, "chi2_threshold": 11.344866730144373, "N_raw": 52, "N_roi": 52, "N_inlier": 50, "refit": true}
{"timestamp": "19:35:38.061771", "frame": 81, "mu": [-0.8349153134901133, 0.8904655355411961, 1.2462524089147506], "Sigma": [[0.03698720335483989, 0.0058765455581398516, -0.06902126253487037], [0.0058765455581398516, 0.00981337082362615, -0.014945779621525802], [-0.06902126253487037, -0.0149457796215258, 0.15380823412080133]], "chi2_level": 0.99, "chi2_df": 3, "chi2_threshold": 11.344866730144373, "N_raw": 23, "N_roi": 23, "N_inlier": 23, "refit": true}
{"timestamp": "19:35:38.116354", "frame": 82, "mu": [-1.0151350090013622, 0.8533014443222771, 1.5782323947703425], "Sigma": [[0.03258400023915181, 0.008504081244619523, -0.04193695385783762], [0.008504081244619523, 0.009245230190138476, -0.01674492986679497], [-0.04193695385783762, -0.016744929866794968, 0.06413636794101653]], "chi2_level": 0.99, "chi2_df": 3, "chi2_threshold": 11.344866730144373, "N_raw": 26, "N_roi": 26, "N_inlier": 25, "refit": true}
{"timestamp": "19:35:38.170313", "frame": 83, "mu": [-0.8820949843675004, 0.9377557798494363, 1.0864463659532781], "Sigma": [[0.006672252427526743, -0.00830407502185516, 0.01836327474816257], [-0.00830407502185516, 0.012800874826239718, -0.024575912972345328], [0.01836327474816257, -0.024575912972345328, 0.22656006110406982]], "chi2_level": 0.99, "chi2_df": 3, "chi2_threshold": 11.344866730144373, "N_raw": 11, "N_roi": 11, "N_inlier": 10, "refit": true}
{"timestamp": "19:35:38.229774", "frame": 84, "mu": [-1.0507735138380347, 0.9658430019299087, -0.15722521891443997], "Sigma": [[0.01808807199027225, 0.01446687879707938, -0.014358972025900843], [0.01446687879707938, 0.019765634795208112, -0.01432777141288534], [-0.01435897202590084, -0.014327771412885342, 0.02054752788982049]], "chi2_level": 0.99, "chi2_df": 3, "chi2_threshold": 11.344866730144373, "N_raw": 46, "N_roi": 46, "N_inlier": 43, "refit": true}
{"timestamp": "19:35:38.292985", "frame": 85, "mu": [-1.0959906259783365, 0.8913910772491801, 1.5807212529218433], "Sigma": [[0.015960264986337232, 0.004123425279634587, -0.011444615270960436], [0.004123425279634587, 0.006867686968384968, -0.0069709470730006644], [-0.011444615270960436, -0.0069709470730006644, 0.016512516753772452]], "chi2_level": 0.99, "chi2_df": 3, "chi2_threshold": 11.344866730144373, "N_raw": 109, "N_roi": 109, "N_inlier": 106, "refit": true}
{"timestamp": "19:35:38.346663", "frame": 86, "mu": [-1.101957736044323, 0.902262814271089, 1.5658423012859084], "Sigma": [[0.010453967208981759, 0.0034576335110587443, -0.005902348766180296], [0.0034576335110587443, 0.006618622707247993, -0.0059753198459913], [-0.005902348766180296, -0.005975319845991301, 0.010212493686378738]], "chi2_level": 0.99, "chi2_df": 3, "chi2_threshold": 11.344866730144373, "N_raw": 92, "N_roi": 92, "N_inlier": 87, "refit": true}
{"timestamp": "19:35:38.399569", "frame": 87, "mu": [-1.1747028970454778, 0.8771583200382098, 1.5533761277552025], "Sigma": [[0.013210858808197808, 0.0049501254221491885, -0.014151806927955056], [0.004950125422149188, 0.009568553209623255, -0.008867980894928802], [-0.014151806927955056, -0.008867980894928802, 0.03562109419425762]], "chi2_level": 0.99, "chi2_df": 3, "chi2_threshold": 11.344866730144373, "N_raw": 84, "N_roi": 84, "N_inlier": 78, "refit": true}
{"timestamp": "19:35:38.458454", "frame": 88, "mu": [-1.1651071867893015, 1.0841307668868523, -0.469945154926623], "Sigma": [[0.019899832863596256, 0.028562851545309, -0.04688806854100233], [0.028562851545308996, 0.059410598201994694, -0.09692266528813391], [-0.04688806854100233, -0.09692266528813391, 0.17043199797710096]], "chi2_level": 0.99, "chi2_df": 3, "chi2_threshold": 11.344866730144373, "N_raw": 95, "N_roi": 95, "N_inlier": 95, "refit": true}
{"timestamp": "19:35:38.509016", "frame": 89, "mu": [-1.2690600146223328, 0.812890617344356, 1.412913323416535], "Sigma": [[0.011269497454895009, 0.005645022809505536, -0.006576513386812146], [0.005645022809505537, 0.013911581746834252, -0.003667827727884319], [-0.006576513386812146, -0.003667827727884319, 0.016225191200248915]], "chi2_level": 0.99, "chi2_df": 3, "chi2_threshold": 11.344866730144373, "N_raw": 74, "N_roi": 74, "N_inlier": 71, "refit": true}
{"timestamp": "19:35:38.562779", "frame": 90, "mu": [-1.2938513349175753, 0.8192620605499257, 1.317967317594241], "Sigma": [[0.014021255012731113, 0.009231938580698887, -0.025836514264167196], [0.009231938580698887, 0.015181281826686528, -0.028075383359214022], [-0.0258365142641672, -0.028075383359214022, 0.0879322251481792]], "chi2_level": 0.99, "chi2_df": 3, "chi2_threshold": 11.344866730144373, "N_raw": 67, "N_roi": 67, "N_inlier": 66, "refit": true}
{"timestamp": "19:35:38.619204", "frame": 91, "mu": [-1.2932442753827795, 0.9225690999533672, 1.27817834252919], "Sigma": [[0.012930108870297405, 0.010346949180378165, -0.03469085389758222], [0.010346949180378165, 0.01587517774464201, -0.04537894538446617], [-0.03469085389758222, -0.04537894538446617, 0.17354919717676456]], "chi2_level": 0.99, "chi2_df": 3, "chi2_threshold": 11.344866730144373, "N_raw": 63, "N_roi": 63, "N_inlier": 62, "refit": true}
{"timestamp": "19:35:38.678290", "frame": 92, "mu": [-1.258227226322496, 0.9400865321419574, 1.3278126869450646], "Sigma": [[0.018118060128298925, 0.0075837789570918565, -0.01107761672005089], [0.0075837789570918565, 0.011299696608919576, -0.01797177321199631], [-0.01107761672005089, -0.01797177321199631, 0.05246310548805304]], "chi2_level": 0.99, "chi2_df": 3, "chi2_threshold": 11.344866730144373, "N_raw": 108, "N_roi": 108, "N_inlier": 104, "refit": true}
{"timestamp": "19:35:38.733689", "frame": 93, "mu": [-1.2813899874156458, 0.9615474360293421, 1.406652919568176], "Sigma": [[0.015284403514366442, 0.004641682264941651, -0.01000726693501176], [0.004641682264941651, 0.009712186169724439, -0.008306284918252175], [-0.01000726693501176, -0.008306284918252175, 0.01085826308530047]], "chi2_level": 0.99, "chi2_df": 3, "chi2_threshold": 11.344866730144373, "N_raw": 104, "N_roi": 104, "N_inlier": 103, "refit": true}
{"timestamp": "19:35:38.786254", "frame": 94, "mu": [-1.3011256327217233, 0.9700091829442408, 1.3798320682673424], "Sigma": [[0.01276794235375192, 0.0073812209792409305, -0.0069177706746179745], [0.0073812209792409305, 0.009834372086689145, -0.00796254304298831], [-0.006917770674617974, -0.00796254304298831, 0.007558436646840665]], "chi2_level": 0.99, "chi2_df": 3, "chi2_threshold": 11.344866730144373, "N_raw": 83, "N_roi": 83, "N_inlier": 82, "refit": true}
{"timestamp": "19:35:38.842107", "frame": 95, "mu": [-1.3366282994060037, 1.0050301497974845, 1.494314288981859], "Sigma": [[0.01748871559372013, 0.005350619744035591, -0.014141140710044344], [0.005350619744035591, 0.012019076352668542, -0.006672550730804399], [-0.014141140710044343, -0.006672550730804399, 0.01360387193231889]], "chi2_level": 0.99, "chi2_df": 3, "chi2_threshold": 11.344866730144373, "N_raw": 97, "N_roi": 97, "N_inlier": 96, "refit": true}
{"timestamp": "19:35:38.899738", "frame": 96, "mu": [-1.3595188003453753, 0.970214510217249, 1.3418571655855172], "Sigma": [[0.021162518939826527, 0.010066868748052977, -0.004286128475349703], [0.010066868748052977, 0.009063730634402982, -0.007018219345154891], [-0.004286128475349703, -0.00701821934515489, 0.010331143964246926]], "chi2_level": 0.99, "chi2_df": 3, "chi2_threshold": 11.344866730144373, "N_raw": 110, "N_roi": 110, "N_inlier": 108, "refit": true}
{"timestamp": "19:35:38.951956", "frame": 97, "mu": [-1.339444531587501, 1.0230002531644096, 1.3513546616297119], "Sigma": [[0.016766607593744376, 0.009269062754251139, -0.005736548222076662], [0.009269062754251139, 0.010293636457565779, -0.007784703099200595], [-0.005736548222076662, -0.007784703099200595, 0.0072346443210642665]], "chi2_level": 0.99, "chi2_df": 3, "chi2_threshold": 11.344866730144373, "N_raw": 97, "N_roi": 97, "N_inlier": 93, "refit": true}
{"timestamp": "19:35:39.000769", "frame": 98, "mu": [-1.4260601009689218, 1.1241468130734384, 1.6442461757959923], "Sigma": [[0.010419432132401952, 0.007500359469235997, -0.009045100599027113], [0.007500359469235997, 0.01103586851986997, -0.008692385900629514], [-0.009045100599027113, -0.008692385900629514, 0.014896566021358327]], "chi2_level": 0.99, "chi2_df": 3, "chi2_threshold": 11.344866730144373, "N_raw": 59, "N_roi": 59, "N_inlier": 56, "refit": true}
{"timestamp": "19:35:39.061794", "frame": 99, "mu": [-1.4422364914048587, 1.14649641003215, 1.6380318112697756], "Sigma": [[0.022675824516724175, 0.009790822370277986, -0.015554696377529178], [0.009790822370277986, 0.01137716988256063, -0.009304150598798518], [-0.015554696377529178, -0.009304150598798518, 0.014380742379803227]], "chi2_level": 0.99, "chi2_df": 3, "chi2_threshold": 11.344866730144373, "N_raw": 95, "N_roi": 95, "N_inlier": 92, "refit": true}
{"timestamp": "19:35:39.208185", "frame": 100, "mu": [-1.4671589808814196, 1.1378976870098174, 1.5079253851188068], "Sigma": [[0.019292443133674866, 0.010642656017626474, -0.014185663950320105], [0.010642656017626474, 0.011318159294770185, -0.01147530519603665], [-0.014185663950320105, -0.01147530519603665, 0.02303915683931415]], "chi2_level": 0.99, "chi2_df": 3, "chi2_threshold": 11.344866730144373, "N_raw": 81, "N_roi": 81, "N_inlier": 78, "refit": true}
{"timestamp": "19:35:39.243637", "frame": 101, "mu": [-1.539597555736257, 1.221555559456542, -0.1565272371263898], "Sigma": [[0.01078391986695928, 0.007491683517607794, -0.0023175083249741017], [0.007491683517607794, 0.013213526356371153, -0.005633265854825422], [-0.0023175083249741017, -0.005633265854825422, 0.003990676248356355]], "chi2_level": 0.99, "chi2_df": 3, "chi2_threshold": 11.344866730144373, "N_raw": 65, "N_roi": 65, "N_inlier": 62, "refit": true}
{"timestamp": "19:35:39.273747", "frame": 102, "mu": [-1.4639531415237919, 1.2388966006361957, 1.0033009375019144], "Sigma": [[0.016267638267923615, 0.01122105883272247, -0.0556212101405555], [0.01122105883272247, 0.009717933017375559, -0.04119476020755507], [-0.0556212101405555, -0.04119476020755507, 0.26027787229159277]], "chi2_level": 0.99, "chi2_df": 3, "chi2_threshold": 11.344866730144373, "N_raw": 50, "N_roi": 50, "N_inlier": 50, "refit": true}
{"timestamp": "19:35:39.310545", "frame": 103, "mu": [-1.3745019009179218, 1.3092235039064017, 1.3909638293239774], "Sigma": [[0.014469280952911114, 0.01133897056413268, -0.010839986914347913], [0.01133897056413268, 0.011606563946089924, -0.011657491791223516], [-0.010839986914347913, -0.011657491791223516, 0.015163317845114961]], "chi2_level": 0.99, "chi2_df": 3, "chi2_threshold": 11.344866730144373, "N_raw": 51, "N_roi": 51, "N_inlier": 48, "refit": true}
{"timestamp": "19:35:39.347089", "frame": 104, "mu": [-1.508088166946513, 1.3127541099952416, 1.2195694438557112], "Sigma": [[0.01923549710254558, 0.012042919033534289, -0.041178126983520774], [0.012042919033534289, 0.012806709263921103, -0.03841051056218618], [-0.041178126983520774, -0.03841051056218618, 0.2719463798599158]], "chi2_level": 0.99, "chi2_df": 3, "chi2_threshold": 11.344866730144373, "N_raw": 90, "N_roi": 90, "N_inlier": 90, "refit": true}
{"timestamp": "19:35:39.388627", "frame": 105, "mu": [-1.515194302493011, 1.3677448377593915, 1.5971782863804855], "Sigma": [[0.03555906086668904, 0.022377857112576005, -0.032603656938918674], [0.02237785711257601, 0.019550973620273693, -0.02359816706250767], [-0.032603656938918674, -0.02359816706250767, 0.033864123264522816]], "chi2_level": 0.99, "chi2_df": 3, "chi2_threshold": 11.344866730144373, "N_raw": 80, "N_roi": 80, "N_inlier": 76, "refit": true}
{"timestamp": "19:35:39.442602", "frame": 106, "mu": [-1.5695759808727283, 1.3609451026418755, 1.6131199134003613], "Sigma": [[0.022676573162118983, 0.01545599364899915, -0.020385125713136228], [0.01545599364899915, 0.015095345112227652, -0.015595308065301202], [-0.020385125713136228, -0.015595308065301202, 0.021614784360211203]], "chi2_level": 0.99, "chi2_df": 3, "chi2_threshold": 11.344866730144373, "N_raw": 65, "N_roi": 65, "N_inlier": 61, "refit": true}
{"timestamp": "19:35:39.495267", "frame": 107, "mu": [-1.5750545937536746, 1.3878594912794966, 1.6533067827298464], "Sigma": [[0.021942708490210648, 0.014403396287733045, -0.020767931456730386], [0.014403396287733046, 0.012388387997345464, -0.014970364208270696], [-0.020767931456730386, -0.014970364208270696, 0.03080301274766849]], "chi2_level": 0.99, "chi2_df": 3, "chi2_threshold": 11.344866730144373, "N_raw": 58, "N_roi": 58, "N_inlier": 55, "refit": true}
{"timestamp": "19:35:39.548985", "frame": 108, "mu": [-1.4315375312606093, 1.6165701356848345, -0.127543039359456], "Sigma": [[0.023645521030374213, 0.015136776349873128, -0.012923839593414914], [0.015136776349873128, 0.014079866397010822, -0.009229202599162548], [-0.012923839593414914, -0.009229202599162548, 0.00818580078470688]], "chi2_level": 0.99, "chi2_df": 3, "chi2_threshold": 11.344866730144373, "N_raw": 43, "N_roi": 43, "N_inlier": 40, "refit": true}
{"timestamp": "19:35:39.604975", "frame": 109, "mu": [-1.3633369792204422, 1.614376790427524, 1.2066074514307767], "Sigma": [[0.010316860606603898, 0.0008798334073902657, 0.005914646452525482], [0.0008798334073902655, 0.003014226263990293, -0.006430893400677942], [0.005914646452525482, -0.006430893400677941, 0.027500102362531646]], "chi2_level": 0.99, "chi2_df": 3, "chi2_threshold": 11.344866730144373, "N_raw": 52, "N_roi": 52, "N_inlier": 48, "refit": true}
{"timestamp": "19:35:39.661222", "frame": 110, "mu": [-1.4981147274436142, 1.7120369563013909, 1.4005243192784476], "Sigma": [[0.018454541653610074, 0.012664753162148233, -0.015037534682170915], [0.012664753162148233, 0.01029945952969905, -0.013064943942517365], [-0.015037534682170915, -0.013064943942517364, 0.027994324745181376]], "chi2_level": 0.99, "chi2_df": 3, "chi2_threshold": 11.344866730144373, "N_raw": 36, "N_roi": 36, "N_inlier": 33, "refit": true}
{"timestamp": "19:35:39.716452", "frame": 111, "mu": [-1.41284619295284, 1.7491097024719946, 1.3108306277633028], "Sigma": [[0.009198913610411977, 0.0009294326501267311, -0.005855068143098644], [0.0009294326501267313, 0.002708193059970582, -0.004154311088793697], [-0.005855068143098644, -0.004154311088793696, 0.02702963273012065]], "chi2_level": 0.99, "chi2_df": 3, "chi2_threshold": 11.344866730144373, "N_raw": 60, "N_roi": 60, "N_inlier": 54, "refit": true}
{"timestamp": "19:35:39.772195", "frame": 112, "mu": [-1.4235705756008055, 1.7828088049963924, 1.296232525200115], "Sigma": [[0.010463321495019067, 0.0005979562018057835, -0.0006292442090244482], [0.0005979562018057834, 0.002546303690371312, -0.003605991499637475], [-0.0006292442090244482, -0.003605991499637475, 0.026719139173045508]], "chi2_level": 0.99, "chi2_df": 3, "chi2_threshold": 11.344866730144373, "N_raw": 62, "N_roi": 62, "N_inlier": 58, "refit": true}
{"timestamp": "19:35:39.826344", "frame": 113, "mu": [-1.4466072265771754, 1.8779875939123392, 1.358657865149512], "Sigma": [[0.008238719604868541, 0.00013708626088781512, -0.0026187298786316095], [0.00013708626088781512, 0.0039031852977456935, -0.0036529364079702954], [-0.002618729878631609, -0.0036529364079702954, 0.04835348981107881]], "chi2_level": 0.99, "chi2_df": 3, "chi2_threshold": 11.344866730144373, "N_raw": 63, "N_roi": 63, "N_inlier": 60, "refit": true}
{"timestamp": "19:35:39.877272", "frame": 114, "mu": [-1.3667133986362319, 1.9304219715758957, 1.0211996270638444], "Sigma": [[0.006832644545753378, 0.0006343647612731347, -0.006003608706292063], [0.0006343647612731347, 0.0013115657033961495, -0.0013682819615882826], [-0.006003608706292063, -0.0013682819615882824, 0.015867857457234902]], "chi2_level": 0.99, "chi2_df": 3, "chi2_threshold": 11.344866730144373, "N_raw": 29, "N_roi": 29, "N_inlier": 25, "refit": true}
{"timestamp": "19:35:39.929258", "frame": 115, "mu": [-1.372769661736278, 2.000063122546328, 0.6416300388573677], "Sigma": [[0.010496044518110618, -0.001122555505915045, 0.037414611970351314], [-0.001122555505915045, 0.0027498748052912827, 0.0009620277642115624], [0.037414611970351314, 0.0009620277642115626, 0.18451016392241346]], "chi2_level": 0.99, "chi2_df": 3, "chi2_threshold": 11.344866730144373, "N_raw": 13, "N_roi": 13, "N_inlier": 11, "refit": true}
{"timestamp": "19:35:39.985009", "frame": 116, "mu": [-1.3939124783261088, 2.0443268762050204, 0.9458011247053685], "Sigma": [[0.0044929567239406065, 0.0011840797983461732, 0.003579428417782482], [0.0011840797983461734, 0.0017956742102037237, 0.0011163602571555313], [0.003579428417782482, 0.0011163602571555317, 0.04742803140926119]], "chi2_level": 0.99, "chi2_df": 3, "chi2_threshold": 11.344866730144373, "N_raw": 17, "N_roi": 17, "N_inlier": 17, "refit": true}
{"timestamp": "19:35:40.042734", "frame": 117, "mu": [-1.3278877346196853, 2.048674129221737, 1.224454943235728], "Sigma": [[0.007359751186554551, 0.00113945679253218, 0.004222904152927265], [0.00113945679253218, 0.0028167361920954136, -0.006460066977820817], [0.004222904152927265, -0.006460066977820818, 0.04168150435333461]], "chi2_level": 0.99, "chi2_df": 3, "chi2_threshold": 11.344866730144373, "N_raw": 39, "N_roi": 39, "N_inlier": 36, "refit": true}
{"timestamp": "19:35:40.097988", "frame": 118, "mu": [-1.398034537008376, 2.105782294579213, 1.0458057859540488], "Sigma": [[0.007117158120008228, 0.0014503372743023659, -0.007624874495827435], [0.0014503372743023659, 0.0032003100374419745, -0.018239233346261624], [-0.007624874495827435, -0.018239233346261624, 0.15910048177347805]], "chi2_level": 0.99, "chi2_df": 3, "chi2_threshold": 11.344866730144373, "N_raw": 42, "N_roi": 42, "N_inlier": 42, "refit": true}
{"timestamp": "19:35:40.156550", "frame": 119, "mu": [-1.4029197944357934, 2.29777325781674, -0.2144581217699415], "Sigma": [[0.008310721911913064, 0.0031242821862707054, 0.002050878007445984], [0.0031242821862707054, 0.017391247650262415, -0.02435121932675543], [0.002050878007445984, -0.02435121932675543, 0.10140045316527926]], "chi2_level": 0.99, "chi2_df": 3, "chi2_threshold": 11.344866730144373, "N_raw": 61, "N_roi": 61, "N_inlier": 58, "refit": true}
