{"timestamp": "20:18:56.336122", "frame": 49, "mu": [1.3333869784598822, 1.0493662884565882, 1.344150698141485], "Sigma": [[0.005420834938982352, 0.00042427566761183387, 0.0037516822772720956], [0.000424275667611834, 0.00935173818963061, 0.003607495044861609], [0.0037516822772720956, 0.003607495044861609, 0.004134699603045077]], "chi2_level": 0.99, "chi2_df": 3, "chi2_threshold": 11.344866730144373, "N_raw": 25, "N_roi": 25, "N_inlier": 25, "refit": true}
{"timestamp": "20:18:56.392154", "frame": 50, "mu": [1.2659563011389674, 1.1492720860562333, -0.5364883235527449], "Sigma": [[0.0029183286339665945, -0.0011191334278959526, -0.0011623578429851016], [-0.0011191334278959526, 0.002881667903865984, -0.0003713882091437333], [-0.0011623578429851018, -0.00037138820914373337, 0.0010379661772254702]], "chi2_level": 0.99, "chi2_df": 3, "chi2_threshold": 11.344866730144373, "N_raw": 11, "N_roi": 11, "N_inlier": 11, "refit": true}
{"timestamp": "20:18:56.447486", "frame": 51, "mu": [1.2852327568110535, 1.338349116290448, -0.3577041476871144], "Sigma": [[0.0015833277361143171, -0.0011043151565288969, -0.004058035711020364], [-0.0011043151565288969, 0.002401056457807038, -0.0028688693602906337], [-0.004058035711020364, -0.0028688693602906337, 0.04084028222833498]], "chi2_level": 0.99, "chi2_df": 3, "chi2_threshold": 11.344866730144373, "N_raw": 18, "N_roi": 18, "N_inlier": 17, "refit": true}
{"timestamp": "20:18:56.504112", "frame": 52, "mu": [1.2135878867618595, 1.193312699495101, 1.266567191630277], "Sigma": [[0.0028140451276777658, 0.0024217736827433925, 0.002123810854733269], [0.0024217736827433925, 0.006727819418153503, 0.001006434514946056], [0.002123810854733269, 0.001006434514946056, 0.006153523045303029]], "chi2_level": 0.99, "chi2_df": 3, "chi2_threshold": 11.344866730144373, "N_raw": 30, "N_roi": 30, "N_inlier": 29, "refit": true}
{"timestamp": "20:18:56.557931", "frame": 53, "mu": [1.19375791624057, 1.335534713330307, -0.6710534590034068], "Sigma": [[0.006924847296303807, 0.0026014530897390887, -0.014452125944298457], [0.0026014530897390887, 0.011267645864816317, -0.017716442620774438], [-0.014452125944298457, -0.017716442620774438, 0.053798152305140644]], "chi2_level": 0.99, "chi2_df": 3, "chi2_threshold": 11.344866730144373, "N_raw": 20, "N_roi": 20, "N_inlier": 19, "refit": true}
{"timestamp": "20:18:56.610212", "frame": 54, "mu": [1.1749701102667476, 1.2250259753086676, 0.98071491269073], "Sigma": [[0.00528432723872439, 0.002503813388555521, -0.01415242545602239], [0.002503813388555521, 0.007040934441379283, 0.0027101753629669417], [-0.014152425456022386, 0.0027101753629669456, 0.31514275043406365]], "chi2_level": 0.99, "chi2_df": 3, "chi2_threshold": 11.344866730144373, "N_raw": 8, "N_roi": 8, "N_inlier": 8, "refit": true}
{"timestamp": "20:18:56.665919", "frame": 55, "mu": [1.137271592072727, 1.265698647168021, 0.8367131312800378], "Sigma": [[0.006123667645613252, 0.002118072531288765, -0.011886176160698723], [0.002118072531288765, 0.010268162966356494, -0.036745149199468856], [-0.011886176160698723, -0.036745149199468856, 0.32732026838162653]], "chi2_level": 0.99, "chi2_df": 3, "chi2_threshold": 11.344866730144373, "N_raw": 9, "N_roi": 9, "N_inlier": 9, "refit": true}
{"timestamp": "20:18:56.776657", "frame": 57, "mu": [1.076323880616072, 1.5028565291875995, -0.7248393014579029], "Sigma": [[0.005818926641108946, 0.0046840394218234625, -0.0263745188562998], [0.0046840394218234625, 0.006510393759674609, -0.032172925874742464], [-0.0263745188562998, -0.032172925874742464, 0.18689601573192935]], "chi2_level": 0.99, "chi2_df": 3, "chi2_threshold": 11.344866730144373, "N_raw": 10, "N_roi": 10, "N_inlier": 10, "refit": true}
{"timestamp": "20:18:56.834791", "frame": 58, "mu": [0.9853850045734422, 1.539603792433999, -0.3359749355674647], "Sigma": [[0.0042287671045018295, 3.678102385813525e-05, -0.00040842881818554597], [3.6781023858135464e-05, 0.007509182056030397, 0.00500381322988411], [-0.00040842881818554597, 0.00500381322988411, 0.004898309655402641]], "chi2_level": 0.99, "chi2_df": 3, "chi2_threshold": 11.344866730144373, "N_raw": 45, "N_roi": 45, "N_inlier": 43, "refit": true}
{"timestamp": "20:18:56.889629", "frame": 59, "mu": [0.9835089391507758, 1.4942440012480822, 1.4222167544636244], "Sigma": [[0.003919178630353685, 0.000955762522582435, 0.00302226484229582], [0.0009557625225824349, 0.011251773021334475, 0.01015144553921718], [0.00302226484229582, 0.01015144553921718, 0.01158698732749829]], "chi2_level": 0.99, "chi2_df": 3, "chi2_threshold": 11.344866730144373, "N_raw": 37, "N_roi": 37, "N_inlier": 35, "refit": true}
{"timestamp": "20:18:56.943328", "frame": 60, "mu": [0.9681240814900726, 1.418066441498124, 1.213063004056336], "Sigma": [[0.004302292100956389, -0.0013026301343956315, -0.0018190737349470984], [-0.0013026301343956317, 0.004438212666848102, 0.0011114818430173843], [-0.0018190737349470984, 0.0011114818430173843, 0.0012251604638510915]], "chi2_level": 0.99, "chi2_df": 3, "chi2_threshold": 11.344866730144373, "N_raw": 32, "N_roi": 32, "N_inlier": 31, "refit": true}
{"timestamp": "20:18:57.000141", "frame": 61, "mu": [0.9444539290001511, 1.4807204783443997, 1.293516410905558], "Sigma": [[0.006388540088226611, -0.001976800759347137, -0.001937456322187209], [-0.001976800759347137, 0.003163799007938084, -0.0006281947300761542], [-0.001937456322187209, -0.0006281947300761542, 0.0017681364422971661]], "chi2_level": 0.99, "chi2_df": 3, "chi2_threshold": 11.344866730144373, "N_raw": 43, "N_roi": 41, "N_inlier": 40, "refit": true}
{"timestamp": "20:18:57.054163", "frame": 62, "mu": [0.9075596904223329, 1.5269465265927133, 1.3498036217310738], "Sigma": [[0.0032399967649032113, 0.0005615222627513766, 0.000927250296420083], [0.0005615222627513766, 0.006164363007924326, 0.002009892156139672], [0.000927250296420083, 0.002009892156139672, 0.0034099980441212384]], "chi2_level": 0.99, "chi2_df": 3, "chi2_threshold": 11.344866730144373, "N_raw": 31, "N_roi": 31, "N_inlier": 28, "refit": true}
{"timestamp": "20:18:57.105763", "frame": 63, "mu": [0.8513409469997238, 1.6173194383529788, 0.8452450654416663], "Sigma": [[0.003465944917238538, 0.0024594655073535425, 0.02215472317957189], [0.002459465507353543, 0.013398284572177465, -0.0039377995640471185], [0.022154723179571893, -0.0039377995640471185, 0.36791304830113863]], "chi2_level": 0.99, "chi2_df": 3, "chi2_threshold": 11.344866730144373, "N_raw": 10, "N_roi": 10, "N_inlier": 10, "refit": true}
{"timestamp": "20:18:57.165276", "frame": 64, "mu": [0.8095650532666412, 1.6272306411780808, 1.2749092444807533], "Sigma": [[0.005142047897709969, -0.00151644396598502, 0.00862043989745065], [-0.0015164439659850198, 0.009199817553653534, 0.005992656354771343], [0.00862043989745065, 0.005992656354771344, 0.0709920301329592]], "chi2_level": 0.99, "chi2_df": 3, "chi2_threshold": 11.344866730144373, "N_raw": 37, "N_roi": 37, "N_inlier": 35, "refit": true}
{"timestamp": "20:18:57.218500", "frame": 65, "mu": [0.7326733964247132, 1.600641611124879, 1.1031935897218177], "Sigma": [[0.004483777643608856, -0.002646051749408832, 0.008990486636685132], [-0.002646051749408832, 0.004149281210102642, -0.01739047726913093], [0.008990486636685132, -0.01739047726913093, 0.09134128332717072]], "chi2_level": 0.99, "chi2_df": 3, "chi2_threshold": 11.344866730144373, "N_raw": 27, "N_roi": 27, "N_inlier": 26, "refit": true}
{"timestamp": "20:18:57.277359", "frame": 66, "mu": [0.7515357848722344, 1.6848543590001466, 1.219008592298587], "Sigma": [[0.005442225824263133, 0.0003022346237791206, -0.0004011590519972915], [0.00030223462377912045, 0.009307334329914716, 0.0025831827891372163], [-0.00040115905199729145, 0.0025831827891372163, 0.0021823560709127152]], "chi2_level": 0.99, "chi2_df": 3, "chi2_threshold": 11.344866730144373, "N_raw": 56, "N_roi": 56, "N_inlier": 52, "refit": true}
{"timestamp": "20:18:57.327841", "frame": 67, "mu": [0.6794389510687705, 1.728844917584771, 1.042942954514366], "Sigma": [[0.005774845984251252, 0.0052376495239637375, 0.016463793342768256], [0.005237649523963739, 0.016184459537496608, -0.006407835793066837], [0.016463793342768256, -0.006407835793066837, 0.22531761080764284]], "chi2_level": 0.99, "chi2_df": 3, "chi2_threshold": 11.344866730144373, "N_raw": 19, "N_roi": 19, "N_inlier": 19, "refit": true}
{"timestamp": "20:18:57.389152", "frame": 68, "mu": [0.7270683941589611, 1.791529898975055, 1.2054450053348125], "Sigma": [[0.012742502391598317, 0.0016099740218652736, -0.015295909053951739], [0.0016099740218652736, 0.004707700432584874, 0.0022378850278723917], [-0.015295909053951739, 0.0022378850278723912, 0.09352128625387847]], "chi2_level": 0.99, "chi2_df": 3, "chi2_threshold": 11.344866730144373, "N_raw": 66, "N_roi": 66, "N_inlier": 63, "refit": true}
{"timestamp": "20:18:57.444600", "frame": 69, "mu": [0.6308074622464498, 1.8134039022008712, 0.9317723337714693], "Sigma": [[0.011232022785582753, -0.0005410447304067309, -0.020391862038144352], [-0.0005410447304067308, 0.004619898404832024, -0.005176237923550778], [-0.020391862038144356, -0.005176237923550778, 0.0633209373698978]], "chi2_level": 0.99, "chi2_df": 3, "chi2_threshold": 11.344866730144373, "N_raw": 67, "N_roi": 67, "N_inlier": 64, "refit": true}
{"timestamp": "20:18:57.494481", "frame": 70, "mu": [0.6287218200470844, 1.8374767792878273, 0.7906240832738556], "Sigma": [[0.013603504681651718, 0.0031121223230441628, -0.05232919919050065], [0.0031121223230441623, 0.003293010319052504, -0.005620554435806556], [-0.05232919919050065, -0.005620554435806556, 0.30536114789425206]], "chi2_level": 0.99, "chi2_df": 3, "chi2_threshold": 11.344866730144373, "N_raw": 28, "N_roi": 28, "N_inlier": 28, "refit": true}
{"timestamp": "20:18:57.547101", "frame": 71, "mu": [0.6300131660695945, 1.9413152001166991, 0.4904736890943911], "Sigma": [[0.009941698729135308, 0.003951975106079803, -0.030571136598353178], [0.003951975106079803, 0.004393020130777476, -0.019102818437786606], [-0.030571136598353178, -0.019102818437786606, 0.12855478734103412]], "chi2_level": 0.99, "chi2_df": 3, "chi2_threshold": 11.344866730144373, "N_raw": 23, "N_roi": 21, "N_inlier": 21, "refit": true}
{"timestamp": "20:18:57.606250", "frame": 72, "mu": [0.4591790916088345, 1.9711043048068604, 1.2496555414260913], "Sigma": [[0.007522522034073079, 0.00013411472406848639, -0.006153737874091171], [0.0001341147240684865, 0.004702341609389597, 0.01055666996406893], [-0.00615373787409117, 0.010556669964068928, 0.08149260177999816]], "chi2_level": 0.99, "chi2_df": 3, "chi2_threshold": 11.344866730144373, "N_raw": 44, "N_roi": 44, "N_inlier": 42, "refit": true}
{"timestamp": "20:18:57.665460", "frame": 73, "mu": [0.45022908687441116, 2.003877797025098, 1.088901158894843], "Sigma": [[0.0062794238856213516, 0.0005105758519020165, -0.0002697956079039906], [0.0005105758519020166, 0.0016443890885319086, 0.0010998827304353619], [-0.0002697956079039907, 0.0010998827304353612, 0.050103675456162164]], "chi2_level": 0.99, "chi2_df": 3, "chi2_threshold": 11.344866730144373, "N_raw": 51, "N_roi": 51, "N_inlier": 48, "refit": true}
{"timestamp": "20:18:57.723244", "frame": 74, "mu": [0.36038185170939074, 2.0167541362387587, 1.2040499246441028], "Sigma": [[0.008750964962589092, 0.00025135096118189624, -0.0045840759048742475], [0.0002513509611818963, 0.005301238835953921, -0.0057178640458847695], [-0.0045840759048742475, -0.00571786404588477, 0.015546742282697012]], "chi2_level": 0.99, "chi2_df": 3, "chi2_threshold": 11.344866730144373, "N_raw": 93, "N_roi": 93, "N_inlier": 89, "refit": true}
{"timestamp": "20:18:57.774133", "frame": 75, "mu": [0.2949859943974563, 2.0444773057674293, 1.2788752228134697], "Sigma": [[0.00789114682432534, 0.00012719796460765242, -0.004207994837874726], [0.00012719796460765228, 0.004806163151719004, -0.0019292782264632268], [-0.004207994837874726, -0.001929278226463227, 0.004459527911024458]], "chi2_level": 0.99, "chi2_df": 3, "chi2_threshold": 11.344866730144373, "N_raw": 63, "N_roi": 63, "N_inlier": 59, "refit": true}
{"timestamp": "20:18:57.830501", "frame": 76, "mu": [0.2894726490248022, 2.2864792434887553, -0.19641844051229362], "Sigma": [[0.008642905867862172, 0.0034240586732590733, -0.002559985129700744], [0.003424058673259074, 0.006676237495407837, -0.006114486902760046], [-0.0025599851297007444, -0.006114486902760046, 0.01232630847374438]], "chi2_level": 0.99, "chi2_df": 3, "chi2_threshold": 11.344866730144373, "N_raw": 71, "N_roi": 69, "N_inlier": 64, "refit": true}
{"timestamp": "20:18:57.886624", "frame": 77, "mu": [0.24826103557086293, 2.1607355000545136, 1.08652083691032], "Sigma": [[0.0080703964404397, -0.0005628551986471874, -0.004256277396345568], [-0.0005628551986471874, 0.002101217610644315, -0.005948956639922932], [-0.004256277396345567, -0.005948956639922932, 0.14497569154917916]], "chi2_level": 0.99, "chi2_df": 3, "chi2_threshold": 11.344866730144373, "N_raw": 74, "N_roi": 74, "N_inlier": 70, "refit": true}
{"timestamp": "20:18:57.944848", "frame": 78, "mu": [0.2195997938706124, 2.196880791771458, 0.8055543692723911], "Sigma": [[0.013535107094144688, -0.0053597947067006504, -0.0038393997244539676], [-0.0053597947067006504, 0.00601659672515567, 0.018173995696791928], [-0.0038393997244539667, 0.018173995696791928, 0.34262118366974237]], "chi2_level": 0.99, "chi2_df": 3, "chi2_threshold": 11.344866730144373, "N_raw": 82, "N_roi": 82, "N_inlier": 82, "refit": true}
{"timestamp": "20:18:57.993978", "frame": 79, "mu": [0.1686602243597921, 2.257149184355158, 1.2160661323185518], "Sigma": [[0.00689734271007421, -0.00013797579198869672, -0.004091591325179474], [-0.00013797579198869672, 0.004593386842111027, 0.00045688330937961475], [-0.004091591325179474, 0.00045688330937961475, 0.050664513573317235]], "chi2_level": 0.99, "chi2_df": 3, "chi2_threshold": 11.344866730144373, "N_raw": 59, "N_roi": 59, "N_inlier": 56, "refit": true}
{"timestamp": "20:18:58.054146", "frame": 80, "mu": [0.1653901953267344, 2.321596172763762, 0.8201253633442277], "Sigma": [[0.009677567347809493, -0.0014067204652417438, 0.0006724933068329841], [-0.0014067204652417438, 0.0034376509237318623, 0.009414489725282742], [0.0006724933068329867, 0.00941448972528274, 0.4501566942669637]], "chi2_level": 0.99, "chi2_df": 3, "chi2_threshold": 11.344866730144373, "N_raw": 93, "N_roi": 93, "N_inlier": 92, "refit": true}
{"timestamp": "20:18:58.109052", "frame": 81, "mu": [0.11804227167377292, 2.3263670344979643, 0.803023968579828], "Sigma": [[0.013173846311906086, 0.0010793633036809257, 0.01655236060537489], [0.0010793633036809257, 0.006223420056889609, 0.036394631813310395], [0.016552360605374895, 0.03639463181331039, 0.5597933715184815]], "chi2_level": 0.99, "chi2_df": 3, "chi2_threshold": 11.344866730144373, "N_raw": 86, "N_roi": 86, "N_inlier": 84, "refit": true}
{"timestamp": "20:18:58.163826", "frame": 82, "mu": [0.0761621937258997, 2.4011567099633724, 1.0455825671235486], "Sigma": [[0.008132061639051887, 0.0009915238243425129, -0.003108782612888758], [0.000991523824342513, 0.007038623647724695, -0.020125145117408788], [-0.003108782612888759, -0.020125145117408788, 0.20004063553817206]], "chi2_level": 0.99, "chi2_df": 3, "chi2_threshold": 11.344866730144373, "N_raw": 91, "N_roi": 91, "N_inlier": 90, "refit": true}
{"timestamp": "20:18:58.219649", "frame": 83, "mu": [0.04489736526564898, 2.447358470403928, 1.1355345630185585], "Sigma": [[0.010035234944720028, 0.0015884802667611613, -0.0033153332600642394], [0.001588480266761161, 0.008656002242883175, -0.013533595869955704], [-0.003315333260064239, -0.013533595869955704, 0.17826948189590605]], "chi2_level": 0.99, "chi2_df": 3, "chi2_threshold": 11.344866730144373, "N_raw": 94, "N_roi": 94, "N_inlier": 93, "refit": true}
{"timestamp": "20:18:58.270899", "frame": 84, "mu": [0.04064630936578791, 2.5742433117535306, 1.2456926912869337], "Sigma": [[0.01062206211263688, -0.001576447501044695, 0.01960553958062299], [-0.001576447501044695, 0.00457208753791956, 0.001660237083212222], [0.019605539580622985, 0.0016602370832122229, 0.2028697513368295]], "chi2_level": 0.99, "chi2_df": 3, "chi2_threshold": 11.344866730144373, "N_raw": 54, "N_roi": 54, "N_inlier": 52, "refit": true}
{"timestamp": "20:18:58.316296", "frame": 85, "mu": [-0.012611925624459272, 2.8005738405019565, -0.7668630990010369], "Sigma": [[0.004067695629768254, -0.004062700069765366, 0.005607058940669013], [-0.004062700069765365, 0.03419298361578228, -0.116908012687857], [0.005607058940669015, -0.11690801268785703, 0.46923212180571705]], "chi2_level": 0.99, "chi2_df": 3, "chi2_threshold": 11.344866730144373, "N_raw": 9, "N_roi": 9, "N_inlier": 9, "refit": true}
{"timestamp": "20:18:58.370926", "frame": 86, "mu": [-0.10896257204580573, 2.5312160186107078, 0.8193692478302925], "Sigma": [[0.004341996165508818, -0.0029664777521256286, 0.024322208291682516], [-0.0029664777521256286, 0.004589007345512676, -0.01047841123519631], [0.024322208291682516, -0.01047841123519631, 0.4904047588509763]], "chi2_level": 0.99, "chi2_df": 3, "chi2_threshold": 11.344866730144373, "N_raw": 14, "N_roi": 14, "N_inlier": 14, "refit": true}
{"timestamp": "20:18:58.432882", "frame": 87, "mu": [-0.06067053614938115, 2.7443816336249753, -0.1253986356782306], "Sigma": [[0.009932915566460063, 0.00037967134494883045, -0.006058793768452006], [0.0003796713449488304, 0.004716667902370772, -0.00727223139503839], [-0.006058793768452005, -0.007272231395038389, 0.015630598743826944]], "chi2_level": 0.99, "chi2_df": 3, "chi2_threshold": 11.344866730144373, "N_raw": 56, "N_roi": 56, "N_inlier": 52, "refit": true}
{"timestamp": "20:18:58.487781", "frame": 88, "mu": [-0.07789180254664914, 2.6793832607296664, 1.2234702983725454], "Sigma": [[0.010936708966960211, 0.0009052884587043855, -0.019776213618337403], [0.0009052884587043855, 0.003585218914453326, -0.008399532275060953], [-0.019776213618337403, -0.008399532275060953, 0.16215606687698342]], "chi2_level": 0.99, "chi2_df": 3, "chi2_threshold": 11.344866730144373, "N_raw": 54, "N_roi": 53, "N_inlier": 51, "refit": true}
{"timestamp": "20:18:58.543757", "frame": 89, "mu": [-0.0858922707866287, 2.9114408289980593, -0.4877803336116991], "Sigma": [[0.020097622837671837, 0.003169885312007177, -0.02971402215468917], [0.003169885312007178, 0.005863356173479709, -0.019386746615928596], [-0.029714022154689174, -0.019386746615928596, 0.1272977648794431]], "chi2_level": 0.99, "chi2_df": 3, "chi2_threshold": 11.344866730144373, "N_raw": 57, "N_roi": 57, "N_inlier": 55, "refit": true}
{"timestamp": "20:18:58.601383", "frame": 90, "mu": [-0.13419747625138775, 3.100963161613261, -1.1267072158631852], "Sigma": [[0.0306766394026129, -0.011484000071662729, 0.0326243931322923], [-0.011484000071662729, 0.008459211284205145, -0.021892680889942104], [0.03262439313229229, -0.021892680889942104, 0.10363395501422018]], "chi2_level": 0.99, "chi2_df": 3, "chi2_threshold": 11.344866730144373, "N_raw": 72, "N_roi": 72, "N_inlier": 69, "refit": true}
{"timestamp": "20:18:58.654752", "frame": 91, "mu": [-0.23198601184626952, 2.7980224348532547, 1.1250890796612], "Sigma": [[0.012879110526275194, 0.0015601076417067039, -0.010200327920847109], [0.0015601076417067039, 0.0023234393445931206, -0.006324678990741249], [-0.010200327920847109, -0.006324678990741249, 0.03452241174345352]], "chi2_level": 0.99, "chi2_df": 3, "chi2_threshold": 11.344866730144373, "N_raw": 63, "N_roi": 63, "N_inlier": 59, "refit": true}
{"timestamp": "20:18:58.706577", "frame": 92, "mu": [-0.3721853475452346, 2.809755777920776, 1.231478170450993], "Sigma": [[0.01047683743845247, 0.0009757125415438309, -0.008523387478761173], [0.0009757125415438308, 0.0031666177251157054, -0.004971546336376805], [-0.008523387478761172, -0.004971546336376805, 0.029905525663962457]], "chi2_level": 0.99, "chi2_df": 3, "chi2_threshold": 11.344866730144373, "N_raw": 48, "N_roi": 48, "N_inlier": 45, "refit": true}
{"timestamp": "20:18:58.764484", "frame": 93, "mu": [-0.3530919169101755, 2.819338854320085, 1.1826333193712322], "Sigma": [[0.020132678235689316, 0.005387377134549782, -0.018550090676200164], [0.005387377134549783, 0.0037016507370524476, -0.008427823557425693], [-0.018550090676200164, -0.008427823557425693, 0.032805586836702656]], "chi2_level": 0.99, "chi2_df": 3, "chi2_threshold": 11.344866730144373, "N_raw": 66, "N_roi": 66, "N_inlier": 62, "refit": true}
{"timestamp": "20:18:58.823019", "frame": 94, "mu": [-0.4555140552407429, 3.0205925866218255, -0.06081311839317137], "Sigma": [[0.013569691950222881, -0.0029547138590753355, 0.026136774566321706], [-0.002954713859075336, 0.026773572479183737, -0.08283264896330148], [0.026136774566321706, -0.08283264896330148, 0.3451912159183337]], "chi2_level": 0.99, "chi2_df": 3, "chi2_threshold": 11.344866730144373, "N_raw": 90, "N_roi": 90, "N_inlier": 89, "refit": true}
{"timestamp": "20:18:58.876125", "frame": 95, "mu": [-0.46154746984409406, 2.8840361167019144, 1.1912376093429624], "Sigma": [[0.019366404558568893, 0.0017650854819207308, -0.01597803212412267], [0.001765085481920731, 0.004449003616078814, -0.006650507113993089], [-0.015978032124122674, -0.006650507113993089, 0.0407313926812087]], "chi2_level": 0.99, "chi2_df": 3, "chi2_threshold": 11.344866730144373, "N_raw": 78, "N_roi": 78, "N_inlier": 74, "refit": true}
{"timestamp": "20:18:58.928538", "frame": 96, "mu": [-0.48827573472091, 3.016279723629012, -0.13531959539760002], "Sigma": [[0.016612494681145874, 0.006331895820831696, 0.02948445037609292], [0.006331895820831696, 0.010133733420667946, 0.010079661118300751], [0.02948445037609292, 0.010079661118300751, 0.11670707887447387]], "chi2_level": 0.99, "chi2_df": 3, "chi2_threshold": 11.344866730144373, "N_raw": 64, "N_roi": 64, "N_inlier": 62, "refit": true}
{"timestamp": "20:18:58.983401", "frame": 97, "mu": [-0.5438582049106058, 2.962365866176176, 1.3232759804788112], "Sigma": [[0.014064167443091502, 0.0003773556352899794, -0.008028889144833818], [0.00037735563528997943, 0.003951980104471264, 0.0016406628216619446], [-0.008028889144833818, 0.0016406628216619446, 0.057620991020279205]], "chi2_level": 0.99, "chi2_df": 3, "chi2_threshold": 11.344866730144373, "N_raw": 63, "N_roi": 63, "N_inlier": 60, "refit": true}
{"timestamp": "20:18:59.035962", "frame": 98, "mu": [-0.5634402537337194, 3.1104352594176623, -0.03028393299802982], "Sigma": [[0.01319915246281981, 0.0059143151925222966, 0.01400262568702683], [0.0059143151925222966, 0.009794335511277032, -0.011139401771730643], [0.01400262568702683, -0.011139401771730645, 0.15340672115934678]], "chi2_level": 0.99, "chi2_df": 3, "chi2_threshold": 11.344866730144373, "N_raw": 41, "N_roi": 41, "N_inlier": 39, "refit": true}
{"timestamp": "20:18:59.092961", "frame": 99, "mu": [-0.5814657649067918, 3.0784125070211528, 1.0582056826632578], "Sigma": [[0.015005545853041017, 0.0024860506159373424, -0.0032211329368767435], [0.0024860506159373424, 0.0021864149554871766, -0.004974834659949132], [-0.0032211329368767435, -0.004974834659949132, 0.03249724437610437]], "chi2_level": 0.99, "chi2_df": 3, "chi2_threshold": 11.344866730144373, "N_raw": 59, "N_roi": 59, "N_inlier": 57, "refit": true}
{"timestamp": "20:18:59.201554", "frame": 100, "mu": [-0.6029088107253471, 2.5665689456106806, 0.34255624053157274], "Sigma": [[0.014345725309539316, 0.012784522210283006, -0.03193894726992742], [0.012784522210283006, 0.8961175117285086, 1.0779839948860699], [-0.03193894726992742, 1.0779839948860697, 1.4750024843367533]], "chi2_level": 0.99, "chi2_df": 3, "chi2_threshold": 11.344866730144373, "N_raw": 10, "N_roi": 10, "N_inlier": 9, "refit": true}
{"timestamp": "20:18:59.233030", "frame": 101, "mu": [-0.6091505081189369, 3.1693443495146685, 1.014151731091512], "Sigma": [[0.020463870146452817, 0.0073083639475401835, -0.033462712679223974], [0.0073083639475401835, 0.00785826041579248, -0.016653856267545793], [-0.033462712679223974, -0.016653856267545793, 0.1823970687376282]], "chi2_level": 0.99, "chi2_df": 3, "chi2_threshold": 11.344866730144373, "N_raw": 49, "N_roi": 48, "N_inlier": 46, "refit": true}
{"timestamp": "20:18:59.264113", "frame": 102, "mu": [-0.7198518773529728, 3.210697523924741, 1.3934830405971712], "Sigma": [[0.012981188533602297, 0.0015845610989563017, -0.007129024112136663], [0.0015845610989563017, 0.004028449671183303, -0.0016079687620585703], [-0.007129024112136663, -0.00160796876205857, 0.011619090743122335]], "chi2_level": 0.99, "chi2_df": 3, "chi2_threshold": 11.344866730144373, "N_raw": 42, "N_roi": 42, "N_inlier": 41, "refit": true}
{"timestamp": "20:18:59.317108", "frame": 103, "mu": [-0.7356521861566867, 3.29927115266517, 1.2684071416432618], "Sigma": [[0.01510673414911935, 0.004036203542329709, -0.009133931737483161], [0.004036203542329709, 0.011231299344495916, -0.014532252039424164], [-0.009133931737483161, -0.014532252039424164, 0.03165480529283312]], "chi2_level": 0.99, "chi2_df": 3, "chi2_threshold": 11.344866730144373, "N_raw": 90, "N_roi": 86, "N_inlier": 86, "refit": true}
{"timestamp": "20:18:59.370881", "frame": 104, "mu": [-0.7861122798814114, 3.3679576885211895, 0.1397220844994621], "Sigma": [[0.017801513315882506, 0.003912174881971154, -0.009953821145355566], [0.003912174881971154, 0.009295645893854716, -0.008790800927073829], [-0.009953821145355566, -0.008790800927073829, 0.013908454261925876]], "chi2_level": 0.99, "chi2_df": 3, "chi2_threshold": 11.344866730144373, "N_raw": 73, "N_roi": 73, "N_inlier": 69, "refit": true}
{"timestamp": "20:18:59.425999", "frame": 105, "mu": [-0.7859482657403457, 3.3227419738291166, 1.255429336708268], "Sigma": [[0.016403784454523274, 0.0022716091721447177, -0.01013201019269973], [0.0022716091721447173, 0.008450339653349782, -0.011364954755233986], [-0.010132010192699731, -0.011364954755233986, 0.04662155659230796]], "chi2_level": 0.99, "chi2_df": 3, "chi2_threshold": 11.344866730144373, "N_raw": 77, "N_roi": 77, "N_inlier": 74, "refit": true}
{"timestamp": "20:18:59.474907", "frame": 106, "mu": [-0.8292812776898698, 3.489799100784514, 0.06823382325232832], "Sigma": [[0.007509073772562408, -0.0015887666555611524, 0.0020345339597258633], [-0.0015887666555611522, 0.02901056051234792, -0.06350845300067416], [0.0020345339597258624, -0.06350845300067416, 0.1630568570080706]], "chi2_level": 0.99, "chi2_df": 3, "chi2_threshold": 11.344866730144373, "N_raw": 38, "N_roi": 38, "N_inlier": 38, "refit": true}
{"timestamp": "20:18:59.530438", "frame": 107, "mu": [-0.8816938659976281, 3.4153096203388276, 1.0634260065220342], "Sigma": [[0.010310731474029566, -0.003010322202551185, 0.02228298023828921], [-0.003010322202551185, 0.0074766152212593535, -0.03118636202420022], [0.02228298023828921, -0.03118636202420022, 0.21366757278164603]], "chi2_level": 0.99, "chi2_df": 3, "chi2_threshold": 11.344866730144373, "N_raw": 30, "N_roi": 30, "N_inlier": 29, "refit": true}
{"timestamp": "20:18:59.586337", "frame": 108, "mu": [-0.8150152864089412, 3.4962892441365723, 0.5565614996854967], "Sigma": [[0.01459219888564363, -0.00017640286775814733, -0.008967366051134393], [-0.000176402867758147, 0.001592724126509148, -0.009694900593404256], [-0.008967366051134396, -0.009694900593404256, 0.19861396666371958]], "chi2_level": 0.99, "chi2_df": 3, "chi2_threshold": 11.344866730144373, "N_raw": 41, "N_roi": 21, "N_inlier": 20, "refit": true}
{"timestamp": "20:18:59.636437", "frame": 109, "mu": [-0.9342427432959095, 3.7661072705523044, -0.44390658696779894], "Sigma": [[0.006700630580556611, -0.0048307228784687, 0.009313208275109942], [-0.0048307228784687, 0.042214566161293314, -0.068333599180521], [0.009313208275109942, -0.068333599180521, 0.12561107341988326]], "chi2_level": 0.99, "chi2_df": 3, "chi2_threshold": 11.344866730144373, "N_raw": 12, "N_roi": 12, "N_inlier": 12, "refit": true}
{"timestamp": "20:18:59.697968", "frame": 110, "mu": [-0.9311378312102018, 3.526513909071086, 1.102767022253774], "Sigma": [[0.013233719173475418, 0.0032820557096913134, -0.018916674183520926], [0.0032820557096913125, 0.003188525110458049, -0.012190175156353969], [-0.018916674183520922, -0.012190175156353969, 0.07507157956168937]], "chi2_level": 0.99, "chi2_df": 3, "chi2_threshold": 11.344866730144373, "N_raw": 55, "N_roi": 55, "N_inlier": 52, "refit": true}
{"timestamp": "20:18:59.755794", "frame": 111, "mu": [-0.9400560226561685, 3.7187919166037755, -0.04319926423673025], "Sigma": [[0.02095218174015783, 0.013620929178778274, -0.037669160372712215], [0.013620929178778274, 0.01907738780173482, -0.04241349224816994], [-0.037669160372712215, -0.04241349224816994, 0.11115656653365814]], "chi2_level": 0.99, "chi2_df": 3, "chi2_threshold": 11.344866730144373, "N_raw": 76, "N_roi": 76, "N_inlier": 76, "refit": true}
{"timestamp": "20:18:59.806710", "frame": 112, "mu": [-0.9599216702160821, 3.663505459494802, 1.0212714457301812], "Sigma": [[0.01765051758171901, 0.002389073176740363, -0.020021178027395718], [0.0023890731767403635, 0.0011340442319117403, -0.004528422137106854], [-0.020021178027395718, -0.004528422137106854, 0.04498009584673144]], "chi2_level": 0.99, "chi2_df": 3, "chi2_threshold": 11.344866730144373, "N_raw": 40, "N_roi": 39, "N_inlier": 37, "refit": true}
{"timestamp": "20:18:59.860030", "frame": 113, "mu": [-1.0141838734161392, 3.6933867234316295, 0.8738869797268966], "Sigma": [[0.011912506034045625, 0.0004079766755808014, -0.010722388326366062], [0.0004079766755808014, 0.0015353204419820694, -0.003153774265014151], [-0.010722388326366062, -0.003153774265014151, 0.02289075885856445]], "chi2_level": 0.99, "chi2_df": 3, "chi2_threshold": 11.344866730144373, "N_raw": 35, "N_roi": 35, "N_inlier": 34, "refit": true}
{"timestamp": "20:18:59.966912", "frame": 115, "mu": [-1.0625986735483905, 3.7814642841761534, 0.9735748390617672], "Sigma": [[0.013714554943630724, 0.007941991599916591, -0.014807898110488812], [0.007941991599916591, 0.007400040186195937, -0.010520923644389854], [-0.014807898110488809, -0.010520923644389854, 0.019119896623614515]], "chi2_level": 0.99, "chi2_df": 3, "chi2_threshold": 11.344866730144373, "N_raw": 15, "N_roi": 15, "N_inlier": 15, "refit": true}
{"timestamp": "20:19:00.024830", "frame": 116, "mu": [-1.2343290373882025, 3.775387523864484, 0.23868376246106812], "Sigma": [[0.01440726053536383, 0.0063366183136543035, -0.010103109361631973], [0.0063366183136543035, 0.006837637357466514, -0.009094483264684206], [-0.010103109361631973, -0.009094483264684206, 0.014948574994462381]], "chi2_level": 0.99, "chi2_df": 3, "chi2_threshold": 11.344866730144373, "N_raw": 36, "N_roi": 36, "N_inlier": 34, "refit": true}
{"timestamp": "20:19:00.076723", "frame": 117, "mu": [-1.203796845883273, 3.8002584699819555, 1.1312426040970545], "Sigma": [[0.008840267272473225, 0.0015507767158014815, -0.004671214891556232], [0.0015507767158014815, 0.001529796047728737, -0.0031038287595061705], [-0.004671214891556232, -0.0031038287595061705, 0.00947914189826562]], "chi2_level": 0.99, "chi2_df": 3, "chi2_threshold": 11.344866730144373, "N_raw": 22, "N_roi": 22, "N_inlier": 21, "refit": true}
{"timestamp": "20:19:00.132071", "frame": 118, "mu": [-1.3300627564846357, 3.8271917746642448, 1.216825715144449], "Sigma": [[0.007590579993688493, 0.0008267946901164039, 0.0015197904537374986], [0.000826794690116404, 0.006823739424487538, -0.020896180770147574], [0.0015197904537374986, -0.020896180770147574, 0.0858254469864917]], "chi2_level": 0.99, "chi2_df": 3, "chi2_threshold": 11.344866730144373, "N_raw": 23, "N_roi": 23, "N_inlier": 22, "refit": true}
{"timestamp": "20:19:00.244063", "frame": 120, "mu": [-1.3623027918047304, 3.8766566535812514, 1.2460926797689256], "Sigma": [[0.013914233559399233, 0.00573536950406178, -0.011216633305493256], [0.00573536950406178, 0.005199712593556915, -0.009400599064091119], [-0.011216633305493258, -0.009400599064091119, 0.06494718223010168]], "chi2_level": 0.99, "chi2_df": 3, "chi2_threshold": 11.344866730144373, "N_raw": 34, "N_roi": 34, "N_inlier": 32, "refit": true}
{"timestamp": "20:19:00.296423", "frame": 121, "mu": [-1.3910219826597658, 3.897779830109435, 1.2136665869212402], "Sigma": [[0.008098816746577373, 0.0026532660814797956, -0.02235820409140692], [0.0026532660814797956, 0.001916027869265597, -0.01203997989148862], [-0.02235820409140692, -0.012039979891488618, 0.13862144471205803]], "chi2_level": 0.99, "chi2_df": 3, "chi2_threshold": 11.344866730144373, "N_raw": 12, "N_roi": 12, "N_inlier": 12, "refit": true}
{"timestamp": "20:19:00.355166", "frame": 122, "mu": [-1.4521780729334075, 3.963652715861286, 1.3170472117105751], "Sigma": [[0.01753133005670886, 0.004257312774900084, -0.011005542363302655], [0.004257312774900084, 0.004627442798964676, -0.006196310803027873], [-0.011005542363302655, -0.006196310803027873, 0.015274957273145163]], "chi2_level": 0.99, "chi2_df": 3, "chi2_threshold": 11.344866730144373, "N_raw": 41, "N_roi": 40, "N_inlier": 39, "refit": true}
{"timestamp": "20:19:00.407381", "frame": 123, "mu": [-1.5155321516865032, 3.990719602983696, 1.3083571049258331], "Sigma": [[0.01635683080789639, 0.004930299182621915, -0.01308843602291273], [0.004930299182621915, 0.002745746772276024, -0.005423297436562842], [-0.01308843602291273, -0.005423297436562842, 0.015218379874011834]], "chi2_level": 0.99, "chi2_df": 3, "chi2_threshold": 11.344866730144373, "N_raw": 24, "N_roi": 24, "N_inlier": 22, "refit": true}
{"timestamp": "20:19:00.520598", "frame": 125, "mu": [-1.5861235897863257, 4.145657367702897, 0.3859403004212349], "Sigma": [[0.01985037813937956, 0.012040383605905754, -0.014943619664910769], [0.012040383605905754, 0.013813192484862992, -0.014406273057894105], [-0.014943619664910769, -0.014406273057894105, 0.02063876706294421]], "chi2_level": 0.99, "chi2_df": 3, "chi2_threshold": 11.344866730144373, "N_raw": 44, "N_roi": 44, "N_inlier": 43, "refit": true}
{"timestamp": "20:19:00.659469", "frame": 127, "mu": [-1.6322558669979046, 4.27112602086955, 0.3779448513108091], "Sigma": [[0.011104451209628366, 0.00575132933328987, -0.0010776778205946796], [0.005751329333289869, 0.024616099363253978, -0.040705106265595495], [-0.0010776778205946799, -0.0407051062655955, 0.08390208057713858]], "chi2_level": 0.99, "chi2_df": 3, "chi2_threshold": 11.344866730144373, "N_raw": 27, "N_roi": 25, "N_inlier": 23, "refit": true}
{"timestamp": "20:19:00.697442", "frame": 128, "mu": [-1.6661248347318236, 4.2336890949361985, 1.3096181970432867], "Sigma": [[0.014682540660705195, 0.006121922711960543, -0.0124628196285083], [0.006121922711960543, 0.005546471690968531, -0.011815245794647754], [-0.0124628196285083, -0.011815245794647756, 0.056507965568373016]], "chi2_level": 0.99, "chi2_df": 3, "chi2_threshold": 11.344866730144373, "N_raw": 27, "N_roi": 24, "N_inlier": 23, "refit": true}
{"timestamp": "20:19:00.736232", "frame": 129, "mu": [-1.6573844712452914, 4.419682315437067, 0.10282651764886519], "Sigma": [[0.0045865099175184665, 0.007590767245944222, -0.016028134340416746], [0.007590767245944221, 0.029563142173939107, -0.059405004418801144], [-0.016028134340416746, -0.059405004418801144, 0.12355906356777337]], "chi2_level": 0.99, "chi2_df": 3, "chi2_threshold": 11.344866730144373, "N_raw": 11, "N_roi": 10, "N_inlier": 10, "refit": true}
{"timestamp": "20:19:00.790116", "frame": 130, "mu": [-1.70861486006474, 4.356299036095236, 0.7779011059860143], "Sigma": [[0.01488297214529857, 0.0020182580325183853, -0.021445102810195345], [0.0020182580325183853, 0.005745858760256566, -0.03172658304039616], [-0.021445102810195345, -0.03172658304039616, 0.211371908665235]], "chi2_level": 0.99, "chi2_df": 3, "chi2_threshold": 11.344866730144373, "N_raw": 9, "N_roi": 9, "N_inlier": 9, "refit": true}
{"timestamp": "20:19:00.844839", "frame": 131, "mu": [-1.7008236479154903, 4.370210371583577, 0.8088996100355058], "Sigma": [[0.011838063076701343, 0.0016550357962119948, -0.020196799307516732], [0.0016550357962119948, 0.006630800814082447, -0.02571080183599519], [-0.020196799307516732, -0.02571080183599519, 0.1456214310412576]], "chi2_level": 0.99, "chi2_df": 3, "chi2_threshold": 11.344866730144373, "N_raw": 9, "N_roi": 9, "N_inlier": 9, "refit": true}
{"timestamp": "20:19:00.901257", "frame": 132, "mu": [-1.757241981611365, 4.3786251496025725, 1.1455934922111053], "Sigma": [[0.012370585611804468, 0.006860012989122889, -0.034818604799133124], [0.006860012989122889, 0.005133801675739723, -0.023990922006718096], [-0.034818604799133124, -0.023990922006718096, 0.13375249686486335]], "chi2_level": 0.99, "chi2_df": 3, "chi2_threshold": 11.344866730144373, "N_raw": 12, "N_roi": 12, "N_inlier": 12, "refit": true}
{"timestamp": "20:19:01.013289", "frame": 134, "mu": [-1.7169608738328448, 4.516615513347716, 0.7508965615972449], "Sigma": [[0.017361586813197806, 0.0031340612126813374, -0.020205054266722273], [0.0031340612126813374, 0.0016557916408177704, -0.005711970728351123], [-0.02020505426672227, -0.005711970728351124, 0.04093083654638518]], "chi2_level": 0.99, "chi2_df": 3, "chi2_threshold": 11.344866730144373, "N_raw": 27, "N_roi": 27, "N_inlier": 27, "refit": true}
{"timestamp": "20:19:01.066966", "frame": 135, "mu": [-1.9014522861589238, 4.57596218622295, 0.31449716621544876], "Sigma": [[0.009516214391710352, 0.011991343834448536, -0.02709585281186039], [0.011991343834448536, 0.01793407260398494, -0.04016457897780116], [-0.02709585281186039, -0.04016457897780116, 0.0946795959648903]], "chi2_level": 0.99, "chi2_df": 3, "chi2_threshold": 11.344866730144373, "N_raw": 10, "N_roi": 7, "N_inlier": 7, "refit": true}
{"timestamp": "20:19:01.453569", "frame": 142, "mu": [-2.1914489924346747, 4.695213238314734, 1.369765101052477], "Sigma": [[0.024194098190562306, 0.008941391445116383, -0.015623927403758075], [0.008941391445116385, 0.005261471859495493, -0.007745989386464721], [-0.015623927403758075, -0.007745989386464721, 0.02094191349891425]], "chi2_level": 0.99, "chi2_df": 3, "chi2_threshold": 11.344866730144373, "N_raw": 26, "N_roi": 26, "N_inlier": 25, "refit": true}
{"timestamp": "20:19:01.618413", "frame": 145, "mu": [-2.2924239562256736, 4.794020609508615, 1.2276743223956241], "Sigma": [[0.012547661831851414, 0.005805284655222026, -0.0066040380644116214], [0.005805284655222026, 0.005216551167928905, -0.0073376150086216065], [-0.0066040380644116214, -0.0073376150086216065, 0.017530980186498867]], "chi2_level": 0.99, "chi2_df": 3, "chi2_threshold": 11.344866730144373, "N_raw": 28, "N_roi": 23, "N_inlier": 23, "refit": true}
