{"timestamp": "20:28:05.474798", "frame": 3, "mu": [1.6321180561836428, 0.6815615255568277, 1.2358922153914165], "Sigma": [[0.32661965363579215, 0.12225752974731459, -0.1300858739169771], [0.1222575297473146, 0.04997497063260127, -0.058304417242215356], [-0.1300858739169771, -0.058304417242215356, 0.07848930440778365]], "chi2_level": 0.99, "chi2_df": 3, "chi2_threshold": 11.344866730144373, "N_raw": 7, "N_roi": 7, "N_inlier": 7, "refit": true}
{"timestamp": "20:28:05.640600", "frame": 6, "mu": [1.7891494539715418, 0.6832672478243211, 1.0677490575559219], "Sigma": [[0.005773532874244262, -0.0026998680881574217, -0.02741846017184136], [-0.0026998680881574217, 0.012463634563993022, -0.0006135961149429962], [-0.02741846017184136, -0.0006135961149429955, 0.22272775435224693]], "chi2_level": 0.99, "chi2_df": 3, "chi2_threshold": 11.344866730144373, "N_raw": 11, "N_roi": 11, "N_inlier": 11, "refit": true}
{"timestamp": "20:28:05.694751", "frame": 7, "mu": [1.8226709100370975, 0.7735764759834205, 0.9193078992609323], "Sigma": [[0.0009589352405888933, -0.00031104191613812865, -0.0005442036482977496], [-0.0003110419161381287, 0.0026582661945258206, -0.002249758242719958], [-0.0005442036482977496, -0.002249758242719958, 0.0032577764041223744]], "chi2_level": 0.99, "chi2_df": 3, "chi2_threshold": 11.344866730144373, "N_raw": 9, "N_roi": 9, "N_inlier": 8, "refit": true}
{"timestamp": "20:28:05.915026", "frame": 11, "mu": [1.7116291770241556, 0.6889597149878112, 1.233662036634423], "Sigma": [[0.0056334411677753625, -0.010878995494203396, 0.005687514069255611], [-0.010878995494203396, 0.03891929512723659, -0.03823353545717188], [0.005687514069255613, -0.03823353545717188, 0.050097466246391886]], "chi2_level": 0.99, "chi2_df": 3, "chi2_threshold": 11.344866730144373, "N_raw": 7, "N_roi": 7, "N_inlier": 7, "refit": true}
{"timestamp": "20:28:05.971165", "frame": 12, "mu": [1.7104410609555318, 0.8784642586429292, -0.6225648769839688], "Sigma": [[0.002665963906224666, -0.0004429487214869566, -0.003842166415066787], [-0.0004429487214869567, 0.01286442708022484, -0.009133750305100715], [-0.003842166415066787, -0.009133750305100717, 0.01635919924118777]], "chi2_level": 0.99, "chi2_df": 3, "chi2_threshold": 11.344866730144373, "N_raw": 18, "N_roi": 18, "N_inlier": 18, "refit": true}
{"timestamp": "20:28:06.081594", "frame": 14, "mu": [1.582292831188138, 0.7012335265133404, 1.4013331075913749], "Sigma": [[0.0046488051418625935, -0.002891958283797305, -0.0024219955393871063], [-0.002891958283797305, 0.005172780545302392, 0.00045608077449998366], [-0.0024219955393871063, 0.00045608077449998355, 0.0019329331429519243]], "chi2_level": 0.99, "chi2_df": 3, "chi2_threshold": 11.344866730144373, "N_raw": 21, "N_roi": 21, "N_inlier": 21, "refit": true}
{"timestamp": "20:28:06.192961", "frame": 16, "mu": [1.4987469715991029, 0.8837801757677392, -0.44558540498086574], "Sigma": [[0.0039877706202577435, -0.0003467222055973642, -0.007418077401323506], [-0.00034672220559736427, 0.0015458181252259206, -0.0006003691823069737], [-0.007418077401323506, -0.0006003691823069737, 0.018915139672679337]], "chi2_level": 0.99, "chi2_df": 3, "chi2_threshold": 11.344866730144373, "N_raw": 13, "N_roi": 13, "N_inlier": 13, "refit": true}
{"timestamp": "20:28:06.247709", "frame": 17, "mu": [1.4536648855868954, 0.767924631144882, 1.4355650495700265], "Sigma": [[0.0030437021430463488, -0.002874650034120533, -0.0015849332213311608], [-0.002874650034120533, 0.005011786350247362, 0.0005402278864855806], [-0.001584933221331161, 0.0005402278864855806, 0.0017865445467732382]], "chi2_level": 0.99, "chi2_df": 3, "chi2_threshold": 11.344866730144373, "N_raw": 17, "N_roi": 17, "N_inlier": 17, "refit": true}
{"timestamp": "20:28:06.306588", "frame": 18, "mu": [1.4561134106527844, 0.7161931862903194, 1.3063532347831592], "Sigma": [[0.0048640105820004715, -0.004041102742872057, -0.006664686498094092], [-0.004041102742872057, 0.0067386492208008795, 0.0028564879152560676], [-0.006664686498094092, 0.002856487915256067, 0.012768059073331601]], "chi2_level": 0.99, "chi2_df": 3, "chi2_threshold": 11.344866730144373, "N_raw": 35, "N_roi": 35, "N_inlier": 34, "refit": true}
{"timestamp": "20:28:06.359331", "frame": 19, "mu": [1.424057169042221, 0.63483138252614, 1.2781058561899177], "Sigma": [[0.0038217723382856887, -0.003495807035531582, -0.0036392671849169445], [-0.003495807035531582, 0.013175644449913692, 0.006068439004383372], [-0.0036392671849169445, 0.006068439004383372, 0.01060183413015694]], "chi2_level": 0.99, "chi2_df": 3, "chi2_threshold": 11.344866730144373, "N_raw": 25, "N_roi": 25, "N_inlier": 25, "refit": true}
{"timestamp": "20:28:06.412618", "frame": 20, "mu": [1.2614980548494943, 0.7291162896907799, 1.3590558707974152], "Sigma": [[0.12415926021933028, 0.05696145592004832, -0.08511422563031389], [0.05696145592004832, 0.027765093204138433, -0.037378601423390403], [-0.08511422563031389, -0.037378601423390403, 0.08399487417991255]], "chi2_level": 0.99, "chi2_df": 3, "chi2_threshold": 11.344866730144373, "N_raw": 7, "N_roi": 7, "N_inlier": 7, "refit": true}
{"timestamp": "20:28:06.468046", "frame": 21, "mu": [1.317849023793607, 0.8126225379718213, 1.3505021463325086], "Sigma": [[0.002258108365608019, -0.0017075757411645163, -0.00242441682789349], [-0.0017075757411645163, 0.002521256653194828, 1.2185262311587686e-05], [-0.00242441682789349, 1.2185262311587605e-05, 0.008473328371299367]], "chi2_level": 0.99, "chi2_df": 3, "chi2_threshold": 11.344866730144373, "N_raw": 16, "N_roi": 16, "N_inlier": 15, "refit": true}
{"timestamp": "20:28:06.525925", "frame": 22, "mu": [1.3099761858932255, 0.898969162763761, 1.0683127731205173], "Sigma": [[0.0029018221028499795, -0.0034052039722195166, 0.0026027073729957897], [-0.003405203972219516, 0.014854712056426021, -0.023664505608886895], [0.00260270737299579, -0.023664505608886895, 0.05129074739832463]], "chi2_level": 0.99, "chi2_df": 3, "chi2_threshold": 11.344866730144373, "N_raw": 34, "N_roi": 34, "N_inlier": 34, "refit": true}
{"timestamp": "20:28:06.581131", "frame": 23, "mu": [1.2310031496201752, 0.8629300191992124, 1.0165905784909075], "Sigma": [[0.003552705773299916, -0.005931341149961827, 0.005802698517071924], [-0.005931341149961827, 0.024021358111508018, -0.03559502917832606], [0.005802698517071924, -0.03559502917832606, 0.07552185732012726]], "chi2_level": 0.99, "chi2_df": 3, "chi2_threshold": 11.344866730144373, "N_raw": 36, "N_roi": 36, "N_inlier": 36, "refit": true}
{"timestamp": "20:28:06.636091", "frame": 24, "mu": [1.2134553121835019, 0.7991501767808453, 1.3369059137725672], "Sigma": [[0.0051276798128697424, -0.004941974564626438, -0.003069015701111305], [-0.004941974564626438, 0.006686722474903309, -0.002528150910660324], [-0.003069015701111305, -0.002528150910660324, 0.024529748451784496]], "chi2_level": 0.99, "chi2_df": 3, "chi2_threshold": 11.344866730144373, "N_raw": 36, "N_roi": 36, "N_inlier": 35, "refit": true}
{"timestamp": "20:28:06.692082", "frame": 25, "mu": [1.1449188398425902, 1.0108618858110623, -0.4610815303272426], "Sigma": [[0.009269344769836303, -0.005235102424113465, -0.0020968167841452037], [-0.005235102424113465, 0.008734599243198206, -0.019803718867232818], [-0.0020968167841452032, -0.019803718867232815, 0.12650971822367799]], "chi2_level": 0.99, "chi2_df": 3, "chi2_threshold": 11.344866730144373, "N_raw": 42, "N_roi": 42, "N_inlier": 40, "refit": true}
{"timestamp": "20:28:06.747108", "frame": 26, "mu": [1.078015925463056, 0.9099972923472848, 1.412229726083389], "Sigma": [[0.005583040084903139, -0.0024476571490560715, -0.0015029592855718556], [-0.002447657149056072, 0.0032640638310542152, -0.0038488901654394796], [-0.0015029592855718556, -0.0038488901654394796, 0.026201168473307643]], "chi2_level": 0.99, "chi2_df": 3, "chi2_threshold": 11.344866730144373, "N_raw": 37, "N_roi": 37, "N_inlier": 34, "refit": true}
{"timestamp": "20:28:06.797206", "frame": 27, "mu": [1.0531948477963968, 0.8544408139156041, 1.3233065681921479], "Sigma": [[0.0026804953535823246, 0.0010230053288085277, -0.005984382161505024], [0.001023005328808528, 0.0030225615391776886, -0.008023392380098962], [-0.005984382161505024, -0.008023392380098962, 0.03278387782768377]], "chi2_level": 0.99, "chi2_df": 3, "chi2_threshold": 11.344866730144373, "N_raw": 7, "N_roi": 7, "N_inlier": 7, "refit": true}
{"timestamp": "20:28:06.856426", "frame": 28, "mu": [1.0047418839275095, 0.834010404050013, 1.2205619594682673], "Sigma": [[0.004376798142593683, -0.0034936565267724325, -0.007779072235528947], [-0.0034936565267724325, 0.006582480062481214, -0.0038995239033000643], [-0.0077790722355289485, -0.0038995239033000634, 0.083082396431617]], "chi2_level": 0.99, "chi2_df": 3, "chi2_threshold": 11.344866730144373, "N_raw": 33, "N_roi": 33, "N_inlier": 29, "refit": true}
{"timestamp": "20:28:06.910323", "frame": 29, "mu": [0.9770551723021939, 0.8228824252299978, 1.2945579876655504], "Sigma": [[0.002847062551934591, -0.0004579881457739472, -0.002659011039815037], [-0.00045798814577394727, 0.0020029004636961923, -0.0012653859579595203], [-0.002659011039815037, -0.0012653859579595203, 0.005296522359655744]], "chi2_level": 0.99, "chi2_df": 3, "chi2_threshold": 11.344866730144373, "N_raw": 29, "N_roi": 29, "N_inlier": 26, "refit": true}
{"timestamp": "20:28:06.967881", "frame": 30, "mu": [0.8819129948462009, 0.8137043699382892, 1.1925892361495647], "Sigma": [[0.002681587213025724, -0.002749526211997994, -0.0016392992699256117], [-0.002749526211997994, 0.008042404612866965, 0.016960144727266403], [-0.0016392992699256115, 0.016960144727266403, 0.08174815530372913]], "chi2_level": 0.99, "chi2_df": 3, "chi2_threshold": 11.344866730144373, "N_raw": 47, "N_roi": 47, "N_inlier": 44, "refit": true}
{"timestamp": "20:28:07.021090", "frame": 31, "mu": [0.8416013492573144, 0.808906434173842, 1.2810985734765195], "Sigma": [[0.00711542567719312, -0.004923256024550005, -0.01608712410482548], [-0.004923256024550005, 0.004366392229113701, 0.010194269922211], [-0.016087124104825483, 0.010194269922211, 0.04181925705458002]], "chi2_level": 0.99, "chi2_df": 3, "chi2_threshold": 11.344866730144373, "N_raw": 32, "N_roi": 32, "N_inlier": 32, "refit": true}
{"timestamp": "20:28:07.075484", "frame": 32, "mu": [0.8634477965024869, 0.712565645353183, 0.9203890456017386], "Sigma": [[0.004153228966726589, -0.004529318830564067, -0.015737764214903777], [-0.004529318830564067, 0.010464706996670578, 0.03538427762671724], [-0.015737764214903777, 0.03538427762671724, 0.1369883575768188]], "chi2_level": 0.99, "chi2_df": 3, "chi2_threshold": 11.344866730144373, "N_raw": 25, "N_roi": 25, "N_inlier": 25, "refit": true}
{"timestamp": "20:28:07.130797", "frame": 33, "mu": [0.7083303026525267, 0.8398152373066089, 1.216556614429698], "Sigma": [[0.004205133964375103, -0.0030375722382466907, -0.014041800990769421], [-0.0030375722382466907, 0.003570053688735574, 0.02045998227360732], [-0.014041800990769421, 0.02045998227360732, 0.277551985986707]], "chi2_level": 0.99, "chi2_df": 3, "chi2_threshold": 11.344866730144373, "N_raw": 20, "N_roi": 20, "N_inlier": 20, "refit": true}
{"timestamp": "20:28:07.189352", "frame": 34, "mu": [0.6820977310133068, 0.8592038715407997, 1.4241442321248594], "Sigma": [[0.004343373594360257, -0.0007503696068499957, -0.004921791012665044], [-0.0007503696068499957, 0.002728708715254075, 0.0015912128336818072], [-0.004921791012665044, 0.0015912128336818075, 0.012922418729697616]], "chi2_level": 0.99, "chi2_df": 3, "chi2_threshold": 11.344866730144373, "N_raw": 53, "N_roi": 53, "N_inlier": 51, "refit": true}
{"timestamp": "20:28:07.242626", "frame": 35, "mu": [0.6164920379731981, 0.8810909185077853, 1.3067176539819696], "Sigma": [[0.0016897749083695044, -0.0003482252456767465, -0.0064293561610525365], [-0.0003482252456767466, 0.006904834465087775, -0.015205370557507349], [-0.0064293561610525365, -0.015205370557507349, 0.12476257843870345]], "chi2_level": 0.99, "chi2_df": 3, "chi2_threshold": 11.344866730144373, "N_raw": 39, "N_roi": 39, "N_inlier": 36, "refit": true}
{"timestamp": "20:28:07.299082", "frame": 36, "mu": [0.6032356378453538, 0.8728130391091331, 1.4752324335760043], "Sigma": [[0.0027763729007997196, 0.00035623776316361284, -0.002803506919671797], [0.00035623776316361284, 0.002278062324247462, -0.0024824962216277585], [-0.002803506919671796, -0.002482496221627759, 0.011803282046493427]], "chi2_level": 0.99, "chi2_df": 3, "chi2_threshold": 11.344866730144373, "N_raw": 55, "N_roi": 55, "N_inlier": 50, "refit": true}
{"timestamp": "20:28:07.354057", "frame": 37, "mu": [0.5605922880208276, 0.8613435563706928, 1.4530997412527527], "Sigma": [[0.002337080890844749, -0.00030420642227917496, -0.00160023867226068], [-0.000304206422279175, 0.0025791747702813912, 0.00015954704682003343], [-0.00160023867226068, 0.00015954704682003348, 0.019643512618987842]], "chi2_level": 0.99, "chi2_df": 3, "chi2_threshold": 11.344866730144373, "N_raw": 52, "N_roi": 52, "N_inlier": 49, "refit": true}
{"timestamp": "20:28:07.403781", "frame": 38, "mu": [0.4941028789923755, 0.8383754742556145, 0.8038155326254227], "Sigma": [[0.0013634577363341135, 0.0009190051267722063, 0.015390761045703383], [0.0009190051267722063, 0.008134679971383429, -0.006223281701608118], [0.015390761045703383, -0.006223281701608118, 0.35992240044047014]], "chi2_level": 0.99, "chi2_df": 3, "chi2_threshold": 11.344866730144373, "N_raw": 12, "N_roi": 12, "N_inlier": 12, "refit": true}
{"timestamp": "20:28:07.457667", "frame": 39, "mu": [0.4263656925397428, 0.872089486136776, 0.836390665130506], "Sigma": [[0.002372300040919885, 0.003091324490968296, 0.024251633022399563], [0.0030913244909682954, 0.007102945834636342, 0.04925707710756902], [0.024251633022399563, 0.04925707710756902, 0.5258877304091619]], "chi2_level": 0.99, "chi2_df": 3, "chi2_threshold": 11.344866730144373, "N_raw": 12, "N_roi": 12, "N_inlier": 12, "refit": true}
{"timestamp": "20:28:07.517668", "frame": 40, "mu": [0.41810045805241375, 0.8577117415808082, 1.3723380466445494], "Sigma": [[0.002221790188891398, -0.0007995513847386592, -0.0025022644730083466], [-0.0007995513847386594, 0.0024016451849510926, -0.001383359027616196], [-0.0025022644730083466, -0.001383359027616196, 0.010994899081556214]], "chi2_level": 0.99, "chi2_df": 3, "chi2_threshold": 11.344866730144373, "N_raw": 45, "N_roi": 45, "N_inlier": 41, "refit": true}
{"timestamp": "20:28:07.573106", "frame": 41, "mu": [0.3661894623044673, 0.8916189381537972, 1.325264194276197], "Sigma": [[0.002009167239232785, -0.0018909702624590632, 0.0006765734709847703], [-0.0018909702624590632, 0.0041758520165773375, 0.0004062901039310335], [0.0006765734709847698, 0.0004062901039310334, 0.03214925255129794]], "chi2_level": 0.99, "chi2_df": 3, "chi2_threshold": 11.344866730144373, "N_raw": 52, "N_roi": 52, "N_inlier": 51, "refit": true}
{"timestamp": "20:28:07.629991", "frame": 42, "mu": [0.3780986038642802, 0.8588255983937643, 1.3046334644002433], "Sigma": [[0.0035156205626634958, 0.0007985239739720557, -0.001174871156073667], [0.0007985239739720557, 0.0011587371547434639, -0.00171525119696928], [-0.001174871156073667, -0.0017152511969692802, 0.008202967603936004]], "chi2_level": 0.99, "chi2_df": 3, "chi2_threshold": 11.344866730144373, "N_raw": 65, "N_roi": 65, "N_inlier": 60, "refit": true}
{"timestamp": "20:28:07.684433", "frame": 43, "mu": [0.3422480640256994, 0.920990621483829, 1.3759760485652661], "Sigma": [[0.004735105591247905, -3.02735483166253e-06, -0.004815637228710552], [-3.0273548316625028e-06, 0.0009198131638804031, -0.001173920499024548], [-0.004815637228710552, -0.001173920499024548, 0.007696591428783273]], "chi2_level": 0.99, "chi2_df": 3, "chi2_threshold": 11.344866730144373, "N_raw": 57, "N_roi": 57, "N_inlier": 52, "refit": true}
{"timestamp": "20:28:07.742704", "frame": 44, "mu": [0.2742432274471691, 0.9542568380957084, -0.3818795225057828], "Sigma": [[0.005145660385747183, 0.0014878611200235333, 0.02327023397382717], [0.001487861120023533, 0.005009885456822069, -0.004766224551663494], [0.02327023397382717, -0.004766224551663494, 0.3103935859883825]], "chi2_level": 0.99, "chi2_df": 3, "chi2_threshold": 11.344866730144373, "N_raw": 77, "N_roi": 77, "N_inlier": 75, "refit": true}
{"timestamp": "20:28:07.795219", "frame": 45, "mu": [0.20434439469894267, 1.0460308669694034, -0.30200998054253936], "Sigma": [[0.0026628970470073034, 0.00032243328256490096, -0.001869593859526003], [0.00032243328256490096, 0.0036472482052352403, -0.0023803819024110903], [-0.0018695938595260028, -0.0023803819024110903, 0.002861278171449203]], "chi2_level": 0.99, "chi2_df": 3, "chi2_threshold": 11.344866730144373, "N_raw": 61, "N_roi": 61, "N_inlier": 60, "refit": true}
{"timestamp": "20:28:07.853134", "frame": 46, "mu": [0.15560344643032584, 0.9876071833123227, 1.412105560817022], "Sigma": [[0.0024437589592600307, 0.0002723361615236787, -0.0018144492655450043], [0.0002723361615236787, 0.0031983769415236535, -0.005055285964723176], [-0.001814449265545004, -0.005055285964723176, 0.012251032182313064]], "chi2_level": 0.99, "chi2_df": 3, "chi2_threshold": 11.344866730144373, "N_raw": 82, "N_roi": 82, "N_inlier": 81, "refit": true}
{"timestamp": "20:28:07.906405", "frame": 47, "mu": [0.08484713095524973, 0.9944773447047145, 1.4803606304200772], "Sigma": [[0.002421385022620435, 0.00013287337124510677, -7.864879156537446e-05], [0.0001328733712451066, 0.004578443764473584, -0.002601566882747235], [-7.86487915653744e-05, -0.002601566882747235, 0.0032862366638400737]], "chi2_level": 0.99, "chi2_df": 3, "chi2_threshold": 11.344866730144373, "N_raw": 72, "N_roi": 72, "N_inlier": 70, "refit": true}
{"timestamp": "20:28:07.961349", "frame": 48, "mu": [0.06841433855505107, 1.0611396389738545, -0.4832744751598173], "Sigma": [[0.002440799341725015, -0.0001330643208858297, 0.0004311539324417062], [-0.00013306432088582967, 0.004477266961633619, -0.0021792158065743923], [0.00043115393244170624, -0.0021792158065743923, 0.0019975712863699816]], "chi2_level": 0.99, "chi2_df": 3, "chi2_threshold": 11.344866730144373, "N_raw": 61, "N_roi": 61, "N_inlier": 59, "refit": true}
{"timestamp": "20:28:08.008745", "frame": 49, "mu": [-0.054625553689388984, 1.097815374454739, -0.3335851382987563], "Sigma": [[0.004471671701231547, -0.0006432031698395679, -0.009777096788971503], [-0.0006432031698395682, 0.010767213877006973, -0.04548254130620948], [-0.009777096788971503, -0.04548254130620948, 0.2345056469258672]], "chi2_level": 0.99, "chi2_df": 3, "chi2_threshold": 11.344866730144373, "N_raw": 15, "N_roi": 15, "N_inlier": 14, "refit": true}
{"timestamp": "20:28:08.071811", "frame": 50, "mu": [-0.03828645864484835, 0.9767320530285634, 1.3167330548280594], "Sigma": [[0.0033038009415808506, 0.0007884205107505279, 0.0012257554729567187], [0.0007884205107505281, 0.001297142414799779, 0.0016331512718248714], [0.0012257554729567185, 0.0016331512718248714, 0.026938517708534622]], "chi2_level": 0.99, "chi2_df": 3, "chi2_threshold": 11.344866730144373, "N_raw": 72, "N_roi": 72, "N_inlier": 70, "refit": true}
{"timestamp": "20:28:08.128878", "frame": 51, "mu": [-0.09375773177151465, 0.9254793176242414, 1.2069936380452468], "Sigma": [[0.0030204972092849093, -0.0004574125904221451, 0.002225978552075709], [-0.0004574125904221451, 0.002310447729148158, -3.5982290637781523e-05], [0.0022259785520757094, -3.5982290637781523e-05, 0.039987452504126955]], "chi2_level": 0.99, "chi2_df": 3, "chi2_threshold": 11.344866730144373, "N_raw": 83, "N_roi": 83, "N_inlier": 83, "refit": true}
{"timestamp": "20:28:08.178433", "frame": 52, "mu": [-0.1866304432465966, 1.0008293415652334, 1.4449132408340388], "Sigma": [[0.001961711659742152, -0.00043165219934165823, 0.0010704109570353918], [-0.00043165219934165823, 0.002408090320396533, -0.002258357171506876], [0.0010704109570353918, -0.002258357171506876, 0.003181101732413536]], "chi2_level": 0.99, "chi2_df": 3, "chi2_threshold": 11.344866730144373, "N_raw": 53, "N_roi": 53, "N_inlier": 50, "refit": true}
{"timestamp": "20:28:08.241390", "frame": 53, "mu": [-0.23526802938599609, 1.0710118272336484, 0.11687942085010074], "Sigma": [[0.002992010801059831, -0.0020915615665190977, 0.03439791342672996], [-0.0020915615665190977, 0.009344719658734362, -0.040339045249986175], [0.03439791342672996, -0.04033904524998617, 0.6497363717552439]], "chi2_level": 0.99, "chi2_df": 3, "chi2_threshold": 11.344866730144373, "N_raw": 106, "N_roi": 106, "N_inlier": 105, "refit": true}
{"timestamp": "20:28:08.294017", "frame": 54, "mu": [-0.2776793453098506, 0.9941677148040093, -0.4049915676254126], "Sigma": [[0.0030796454672700766, -0.0007566330092642027, 0.012302066041854926], [-0.0007566330092642027, 0.0036832503033622575, 0.0058042441154534385], [0.012302066041854926, 0.005804244115453438, 0.32680436472503654]], "chi2_level": 0.99, "chi2_df": 3, "chi2_threshold": 11.344866730144373, "N_raw": 78, "N_roi": 78, "N_inlier": 77, "refit": true}
{"timestamp": "20:28:08.344018", "frame": 55, "mu": [-0.2818291812314504, 1.0101108591018044, 1.42097842277549], "Sigma": [[0.0032550246398918075, -0.00047264999575712965, -0.0018927045692888511], [-0.00047264999575712965, 0.0022397007734474735, -0.0011643721787142455], [-0.0018927045692888511, -0.0011643721787142455, 0.002411998879951207]], "chi2_level": 0.99, "chi2_df": 3, "chi2_threshold": 11.344866730144373, "N_raw": 52, "N_roi": 50, "N_inlier": 49, "refit": true}
{"timestamp": "20:28:08.400977", "frame": 56, "mu": [-0.35772187870021366, 1.1048387037303407, -0.26265813474275546], "Sigma": [[0.0030393864657566353, -0.0006273352269052213, -0.0021003171515045537], [-0.0006273352269052213, 0.004402413576110445, -0.003342707792302024], [-0.0021003171515045537, -0.003342707792302024, 0.005339932164374042]], "chi2_level": 0.99, "chi2_df": 3, "chi2_threshold": 11.344866730144373, "N_raw": 68, "N_roi": 68, "N_inlier": 66, "refit": true}
{"timestamp": "20:28:08.459771", "frame": 57, "mu": [-0.42244642697212714, 1.0080208585487402, 1.3662880545301377], "Sigma": [[0.0032561887338416525, -0.001008804539516961, -0.0034813320963831725], [-0.0010088045395169611, 0.0030504163196602954, -0.00022403636346330648], [-0.0034813320963831725, -0.00022403636346330616, 0.027610378384106467]], "chi2_level": 0.99, "chi2_df": 3, "chi2_threshold": 11.344866730144373, "N_raw": 89, "N_roi": 88, "N_inlier": 82, "refit": true}
{"timestamp": "20:28:08.506859", "frame": 58, "mu": [-0.5029145850656088, 0.9847884629886551, 0.9654398770578427], "Sigma": [[0.002357086982976533, -0.0024141127923886013, 0.008395628023972769], [-0.002414112792388601, 0.006420249418730091, -0.01014745575603842], [0.008395628023972767, -0.01014745575603842, 0.2661217063480556]], "chi2_level": 0.99, "chi2_df": 3, "chi2_threshold": 11.344866730144373, "N_raw": 35, "N_roi": 34, "N_inlier": 34, "refit": true}
{"timestamp": "20:28:08.571095", "frame": 59, "mu": [-0.5286793041275449, 0.970843428459832, 1.2806290755355854], "Sigma": [[0.003698826856140619, -0.001381631017421505, -0.0030366735385733063], [-0.0013816310174215047, 0.0030397313747513328, 0.0050192511079723955], [-0.0030366735385733063, 0.005019251107972396, 0.05000634166496078]], "chi2_level": 0.99, "chi2_df": 3, "chi2_threshold": 11.344866730144373, "N_raw": 100, "N_roi": 100, "N_inlier": 98, "refit": true}
{"timestamp": "20:28:08.620617", "frame": 60, "mu": [-0.5819093841943614, 1.0097822599060045, 1.44610786003684], "Sigma": [[0.003983792362838156, -0.001955275009332588, -0.002504424697918644], [-0.001955275009332588, 0.004152903179781302, -0.0004874435442728673], [-0.0025044246979186438, -0.0004874435442728677, 0.008028052659971405]], "chi2_level": 0.99, "chi2_df": 3, "chi2_threshold": 11.344866730144373, "N_raw": 63, "N_roi": 63, "N_inlier": 61, "refit": true}
{"timestamp": "20:28:08.676064", "frame": 61, "mu": [-0.6056185482097024, 1.0008426008538653, 1.2693408115424785], "Sigma": [[0.00252103058409618, 0.00035782399795394236, -0.0011552373230812288], [0.0003578239979539423, 0.007606965789250364, 0.020658102001889552], [-0.0011552373230812288, 0.020658102001889552, 0.085991773182653]], "chi2_level": 0.99, "chi2_df": 3, "chi2_threshold": 11.344866730144373, "N_raw": 64, "N_roi": 64, "N_inlier": 61, "refit": true}
{"timestamp": "20:28:08.733088", "frame": 62, "mu": [-0.6701982302434891, 1.028270606026798, 1.3164196681688753], "Sigma": [[0.0038166553384353912, -0.0019047054868395873, -0.006389554798957756], [-0.0019047054868395873, 0.007901196294637055, 0.01938281816518776], [-0.006389554798957756, 0.01938281816518776, 0.10009778373554915]], "chi2_level": 0.99, "chi2_df": 3, "chi2_threshold": 11.344866730144373, "N_raw": 80, "N_roi": 80, "N_inlier": 78, "refit": true}
{"timestamp": "20:28:08.787686", "frame": 63, "mu": [-0.6682174706579113, 1.0670632363721189, 1.269206471976271], "Sigma": [[0.0030962963147398697, -0.00044687949057863134, -0.0050481557756232726], [-0.00044687949057863134, 0.011464289299523775, 0.02358528426281261], [-0.0050481557756232726, 0.02358528426281261, 0.08895101875178904]], "chi2_level": 0.99, "chi2_df": 3, "chi2_threshold": 11.344866730144373, "N_raw": 75, "N_roi": 75, "N_inlier": 74, "refit": true}
{"timestamp": "20:28:08.848175", "frame": 64, "mu": [-0.7299493553052351, 1.0489136167523923, 1.2528722383792104], "Sigma": [[0.005134404137060668, -0.0017047384878569965, -0.012121602116040681], [-0.001704738487856996, 0.007745551965493678, 0.02100239434276326], [-0.012121602116040683, 0.02100239434276326, 0.12286622906301264]], "chi2_level": 0.99, "chi2_df": 3, "chi2_threshold": 11.344866730144373, "N_raw": 103, "N_roi": 103, "N_inlier": 94, "refit": true}
{"timestamp": "20:28:08.898598", "frame": 65, "mu": [-0.8376016510332901, 1.0347668468749827, 1.2683219826860097], "Sigma": [[0.031052037681381525, 0.009331185629520535, -0.04336470716385539], [0.009331185629520532, 0.007508937694297844, 0.0007882216489833215], [-0.04336470716385539, 0.0007882216489833219, 0.14977589882100573]], "chi2_level": 0.99, "chi2_df": 3, "chi2_threshold": 11.344866730144373, "N_raw": 77, "N_roi": 77, "N_inlier": 77, "refit": true}
{"timestamp": "20:28:08.953804", "frame": 66, "mu": [-0.8841654248296917, 1.0802577245165275, 1.2133924240253569], "Sigma": [[0.029877348771540885, 0.015114076941053286, -0.03681482214120884], [0.015114076941053288, 0.014578173668904038, -0.01075362729183397], [-0.03681482214120884, -0.01075362729183397, 0.14480974760312498]], "chi2_level": 0.99, "chi2_df": 3, "chi2_threshold": 11.344866730144373, "N_raw": 86, "N_roi": 86, "N_inlier": 84, "refit": true}
{"timestamp": "20:28:09.005874", "frame": 67, "mu": [-1.0356550689319164, 1.0886480479660818, 1.551984630322339], "Sigma": [[0.03821612053851735, 0.02049422718793059, -0.05183032354661733], [0.020494227187930595, 0.014571210354446099, -0.02290781171842881], [-0.05183032354661733, -0.02290781171842881, 0.14029425334587978]], "chi2_level": 0.99, "chi2_df": 3, "chi2_threshold": 11.344866730144373, "N_raw": 65, "N_roi": 65, "N_inlier": 64, "refit": true}
{"timestamp": "20:28:09.060681", "frame": 68, "mu": [-1.0421373855110516, 1.0880353509551288, 1.4993174203022412], "Sigma": [[0.03815584761368815, 0.027688098487480484, -0.01734943153688764], [0.027688098487480484, 0.025672502553683953, -0.013644461155775868], [-0.01734943153688764, -0.013644461155775868, 0.06010787629296129]], "chi2_level": 0.99, "chi2_df": 3, "chi2_threshold": 11.344866730144373, "N_raw": 64, "N_roi": 64, "N_inlier": 61, "refit": true}
{"timestamp": "20:28:09.118518", "frame": 69, "mu": [-1.1180021790564152, 1.121031301304869, 1.3015071045143003], "Sigma": [[0.029540919729206867, 0.021396183465005172, -0.040821162021596066], [0.021396183465005172, 0.01845911764086596, -0.038790027185160635], [-0.040821162021596066, -0.038790027185160635, 0.22912168034591557]], "chi2_level": 0.99, "chi2_df": 3, "chi2_threshold": 11.344866730144373, "N_raw": 87, "N_roi": 87, "N_inlier": 87, "refit": true}
{"timestamp": "20:28:09.170464", "frame": 70, "mu": [-1.0722895001643435, 1.2058830748295621, 1.1679565925054722], "Sigma": [[0.031166573104780125, 0.01911157893335031, -0.027762404466593917], [0.01911157893335031, 0.019028276199175534, -0.05351134053077652], [-0.02776240446659392, -0.053511340530776524, 0.2930236036269654]], "chi2_level": 0.99, "chi2_df": 3, "chi2_threshold": 11.344866730144373, "N_raw": 59, "N_roi": 59, "N_inlier": 58, "refit": true}
{"timestamp": "20:28:09.231598", "frame": 71, "mu": [-1.194810782822014, 1.1887086582179147, 1.3235247871280669], "Sigma": [[0.028838715390365446, 0.021495846521481433, -0.030129251099042454], [0.02149584652148143, 0.023128824577279848, -0.0535538016593054], [-0.030129251099042454, -0.053553801659305386, 0.2684498816314063]], "chi2_level": 0.99, "chi2_df": 3, "chi2_threshold": 11.344866730144373, "N_raw": 104, "N_roi": 104, "N_inlier": 103, "refit": true}
{"timestamp": "20:28:09.282597", "frame": 72, "mu": [-1.296607288552034, 1.1235888350149683, -0.35149055262374557], "Sigma": [[0.027899594759209702, 0.028453735764231294, 0.011485735850693362], [0.028453735764231294, 0.0362667639562895, 0.01284070602432108], [0.01148573585069336, 0.01284070602432108, 0.01336397266142791]], "chi2_level": 0.99, "chi2_df": 3, "chi2_threshold": 11.344866730144373, "N_raw": 69, "N_roi": 69, "N_inlier": 65, "refit": true}
{"timestamp": "20:28:09.333935", "frame": 73, "mu": [-1.2223528725838466, 1.2059517271175535, 1.5618888996681537], "Sigma": [[0.04505728912247693, 0.024052255544300835, -0.02919242535316608], [0.024052255544300835, 0.015845252312878692, -0.01697831614603423], [-0.02919242535316608, -0.016978316146034227, 0.03920271357305691]], "chi2_level": 0.99, "chi2_df": 3, "chi2_threshold": 11.344866730144373, "N_raw": 51, "N_roi": 51, "N_inlier": 47, "refit": true}
{"timestamp": "20:28:09.388277", "frame": 74, "mu": [-1.3667749828755562, 1.1794307929684502, 1.3828692081676839], "Sigma": [[0.04690664472811547, 0.03254100263130183, -0.0627290595422155], [0.03254100263130183, 0.030070358890770817, -0.06049644459361311], [-0.0627290595422155, -0.06049644459361311, 0.19305206977829595]], "chi2_level": 0.99, "chi2_df": 3, "chi2_threshold": 11.344866730144373, "N_raw": 35, "N_roi": 35, "N_inlier": 33, "refit": true}
{"timestamp": "20:28:09.441582", "frame": 75, "mu": [-1.409251122989153, 1.2128569603221462, 1.564434481599536], "Sigma": [[0.04463666562788823, 0.03219317549028314, -0.08159789603011239], [0.03219317549028314, 0.03331056678418377, -0.0909042095643731], [-0.08159789603011239, -0.09090420956437312, 0.29157847505952056]], "chi2_level": 0.99, "chi2_df": 3, "chi2_threshold": 11.344866730144373, "N_raw": 34, "N_roi": 34, "N_inlier": 33, "refit": true}
{"timestamp": "20:28:09.500658", "frame": 76, "mu": [-1.2359797369798513, 1.3346330902984327, 1.4749636644728965], "Sigma": [[0.04407184414381271, 0.029971878015782015, -0.027217110380128404], [0.02997187801578201, 0.025363384203238994, -0.020554432858011548], [-0.027217110380128404, -0.02055443285801155, 0.02115416152616135]], "chi2_level": 0.99, "chi2_df": 3, "chi2_threshold": 11.344866730144373, "N_raw": 62, "N_roi": 62, "N_inlier": 58, "refit": true}
{"timestamp": "20:28:09.556499", "frame": 77, "mu": [-1.0968645384437374, 1.630834230711533, -0.26080289232496484], "Sigma": [[0.008775927595042988, 0.0011010795851599893, -0.005151390642691796], [0.001101079585159989, 0.005968398299574442, -0.0016357311030412917], [-0.005151390642691797, -0.0016357311030412917, 0.008638462903165393]], "chi2_level": 0.99, "chi2_df": 3, "chi2_threshold": 11.344866730144373, "N_raw": 63, "N_roi": 63, "N_inlier": 60, "refit": true}
{"timestamp": "20:28:09.610559", "frame": 78, "mu": [-1.1236171082404725, 1.550673976654442, 1.2926873960716914], "Sigma": [[0.008382392635169298, -2.3952540565680262e-05, -0.00453278698485944], [-2.3952540565680045e-05, 0.003795853149644057, 0.004422964637640848], [-0.00453278698485944, 0.004422964637640848, 0.09272442394141907]], "chi2_level": 0.99, "chi2_df": 3, "chi2_threshold": 11.344866730144373, "N_raw": 52, "N_roi": 52, "N_inlier": 49, "refit": true}
{"timestamp": "20:28:09.666215", "frame": 79, "mu": [-1.1733673299634075, 1.563672745264338, 1.2903063947420008], "Sigma": [[0.011717954467772093, -0.001034954831305758, -0.027664835886300008], [-0.0010349548313057576, 0.005464817458894222, 0.007421609491170371], [-0.02766483588630001, 0.007421609491170371, 0.1436673111124409]], "chi2_level": 0.99, "chi2_df": 3, "chi2_threshold": 11.344866730144373, "N_raw": 71, "N_roi": 71, "N_inlier": 65, "refit": true}
{"timestamp": "20:28:09.717357", "frame": 80, "mu": [-1.1880884413652275, 1.6440287323709293, 0.9791446566813711], "Sigma": [[0.00537890528175235, -0.0021649416678688463, -0.013299219805952868], [-0.002164941667868846, 0.004135330407452053, 0.011997646135914256], [-0.013299219805952868, 0.011997646135914256, 0.23748102403556717]], "chi2_level": 0.99, "chi2_df": 3, "chi2_threshold": 11.344866730144373, "N_raw": 42, "N_roi": 42, "N_inlier": 36, "refit": true}
{"timestamp": "20:28:09.779052", "frame": 81, "mu": [-1.153335299938382, 1.6816307206520258, 1.1700484533616269], "Sigma": [[0.0073149788523256595, 0.00118920231979428, -0.013263228303420657], [0.00118920231979428, 0.005647292258147718, -0.0003890824784852418], [-0.013263228303420655, -0.00038908247848524124, 0.16383166855956638]], "chi2_level": 0.99, "chi2_df": 3, "chi2_threshold": 11.344866730144373, "N_raw": 86, "N_roi": 86, "N_inlier": 81, "refit": true}
{"timestamp": "20:28:09.829522", "frame": 82, "mu": [-1.1911935160378557, 1.7373691974975152, 1.402843670932874], "Sigma": [[0.0076779072775061494, 0.0010674323661326404, -0.005775858513504699], [0.0010674323661326406, 0.005284919721430332, -0.004057003328812524], [-0.0057758585135047, -0.004057003328812524, 0.010772254916100505]], "chi2_level": 0.99, "chi2_df": 3, "chi2_threshold": 11.344866730144373, "N_raw": 56, "N_roi": 56, "N_inlier": 53, "refit": true}
{"timestamp": "20:28:09.889714", "frame": 83, "mu": [-1.274943230240628, 1.7428730909453076, 1.0355562522654267], "Sigma": [[0.051311660824492684, 0.03942891852858513, -0.0670300426422436], [0.03942891852858513, 0.035359585682547864, -0.05461628180370211], [-0.0670300426422436, -0.05461628180370211, 0.32972842977281397]], "chi2_level": 0.99, "chi2_df": 3, "chi2_threshold": 11.344866730144373, "N_raw": 93, "N_roi": 93, "N_inlier": 91, "refit": true}
{"timestamp": "20:28:09.948938", "frame": 84, "mu": [-1.2725677493436334, 1.774218050387546, 1.2487074163105607], "Sigma": [[0.0561200792657566, 0.035675164039978724, -0.056162192203247696], [0.035675164039978724, 0.032904571577893685, -0.06026048168174271], [-0.05616219220324769, -0.06026048168174271, 0.23738046779709865]], "chi2_level": 0.99, "chi2_df": 3, "chi2_threshold": 11.344866730144373, "N_raw": 84, "N_roi": 84, "N_inlier": 81, "refit": true}
{"timestamp": "20:28:09.994547", "frame": 85, "mu": [-1.1466205481482903, 1.879675104232755, 1.2664472979097108], "Sigma": [[0.006374831290521421, -0.00044635051932970184, 0.003990240128909948], [-0.00044635051932970184, 0.0056415783637023395, -0.012258418948849235], [0.003990240128909948, -0.012258418948849235, 0.056421728348936856]], "chi2_level": 0.99, "chi2_df": 3, "chi2_threshold": 11.344866730144373, "N_raw": 57, "N_roi": 57, "N_inlier": 47, "refit": true}
{"timestamp": "20:28:10.044465", "frame": 86, "mu": [-1.2824055081938537, 1.9264391988119796, 1.1132499896672097], "Sigma": [[0.004665025165775902, 0.0006884980923767164, -0.0025385327130485703], [0.0006884980923767161, 0.005396196305064318, -0.007854931425381372], [-0.002538532713048571, -0.007854931425381372, 0.12096854870043794]], "chi2_level": 0.99, "chi2_df": 3, "chi2_threshold": 11.344866730144373, "N_raw": 21, "N_roi": 21, "N_inlier": 19, "refit": true}
{"timestamp": "20:28:10.105007", "frame": 87, "mu": [-1.4082193107730192, 1.8311624462433573, 1.4012487041291455], "Sigma": [[0.11448625297275031, 0.08988327012655832, -0.15417661079721118], [0.08988327012655832, 0.079220227443043, -0.13140886157189352], [-0.15417661079721118, -0.13140886157189352, 0.23789661862556846]], "chi2_level": 0.99, "chi2_df": 3, "chi2_threshold": 11.344866730144373, "N_raw": 68, "N_roi": 68, "N_inlier": 64, "refit": true}
{"timestamp": "20:28:10.157951", "frame": 88, "mu": [-1.2842025784618103, 1.9603035088598915, 1.4583701708460113], "Sigma": [[0.008815100835808177, 0.0015130903659210711, -0.008030293630883919], [0.0015130903659210711, 0.00425767234332207, -0.0028151290427288448], [-0.008030293630883919, -0.0028151290427288448, 0.017219881516626675]], "chi2_level": 0.99, "chi2_df": 3, "chi2_threshold": 11.344866730144373, "N_raw": 46, "N_roi": 46, "N_inlier": 42, "refit": true}
{"timestamp": "20:28:10.215484", "frame": 89, "mu": [-1.293507530336491, 2.0702985941621366, 1.37297617795222], "Sigma": [[0.00848227296512046, 0.0020692680346001014, -0.008199224155887166], [0.0020692680346001014, 0.004452273852931944, -0.010270850488960157], [-0.008199224155887164, -0.010270850488960157, 0.03320951488483763]], "chi2_level": 0.99, "chi2_df": 3, "chi2_threshold": 11.344866730144373, "N_raw": 66, "N_roi": 66, "N_inlier": 63, "refit": true}
{"timestamp": "20:28:10.264849", "frame": 90, "mu": [-1.298308603153042, 2.1108769849118887, -0.5203187521878723], "Sigma": [[0.003885461900163088, 0.003746367918795844, -0.001766383584089144], [0.003746367918795844, 0.011732174108088642, -0.0040081274386992915], [-0.001766383584089144, -0.0040081274386992915, 0.01851092879584058]], "chi2_level": 0.99, "chi2_df": 3, "chi2_threshold": 11.344866730144373, "N_raw": 21, "N_roi": 21, "N_inlier": 19, "refit": true}
{"timestamp": "20:28:10.328452", "frame": 91, "mu": [-1.2895015303881543, 2.149969965144003, 1.0553671508406814], "Sigma": [[0.012936889508199855, 0.005323453063775392, 0.010491438959856261], [0.005323453063775392, 0.004091482891772466, 0.011308958981272224], [0.010491438959856263, 0.011308958981272224, 0.1332728696201103]], "chi2_level": 0.99, "chi2_df": 3, "chi2_threshold": 11.344866730144373, "N_raw": 92, "N_roi": 91, "N_inlier": 87, "refit": true}
{"timestamp": "20:28:10.380703", "frame": 92, "mu": [-1.3010446922377186, 2.193042860364046, 1.4181790898764066], "Sigma": [[0.0075002398112462175, 0.0022715064556106824, -0.004609867680324045], [0.0022715064556106824, 0.004176173192999794, -0.0039172863501730415], [-0.004609867680324044, -0.0039172863501730415, 0.061804467662408394]], "chi2_level": 0.99, "chi2_df": 3, "chi2_threshold": 11.344866730144373, "N_raw": 48, "N_roi": 48, "N_inlier": 46, "refit": true}
{"timestamp": "20:28:10.437701", "frame": 93, "mu": [-1.2838342229052482, 2.2710224086252953, 1.1979545418500268], "Sigma": [[0.010330017119361394, 0.003922679149831125, 0.0022071595769305825], [0.003922679149831125, 0.004563165576561287, -0.0029962043623217183], [0.0022071595769305825, -0.0029962043623217183, 0.10638639604919024]], "chi2_level": 0.99, "chi2_df": 3, "chi2_threshold": 11.344866730144373, "N_raw": 75, "N_roi": 75, "N_inlier": 72, "refit": true}
{"timestamp": "20:28:10.489514", "frame": 94, "mu": [-1.197622678680404, 2.4482524966031525, -0.27417802821341253], "Sigma": [[0.009040746022824847, 0.0007547248957838501, 0.008813929645777971], [0.0007547248957838501, 0.01579246876736875, -0.05401895105414609], [0.008813929645777973, -0.05401895105414609, 0.2787172801164032]], "chi2_level": 0.99, "chi2_df": 3, "chi2_threshold": 11.344866730144373, "N_raw": 57, "N_roi": 57, "N_inlier": 56, "refit": true}
{"timestamp": "20:28:10.549951", "frame": 95, "mu": [-1.3053313848610109, 2.317024023159715, 0.9378095002527677], "Sigma": [[0.026354649749681804, 0.0009561986337014742, 0.0458486093227996], [0.0009561986337014742, 0.003202445213844459, -0.00617183155530328], [0.0458486093227996, -0.006171831555303279, 0.20646719796961668]], "chi2_level": 0.99, "chi2_df": 3, "chi2_threshold": 11.344866730144373, "N_raw": 90, "N_roi": 89, "N_inlier": 88, "refit": true}
