{"timestamp": "19:27:44.870510", "frame": 4, "mu": [-1.0207314328489885, 4.778333134837175, 0.9533238812360771], "Sigma": [[0.013429651374117408, 0.003239114940225844, -0.006390769213134695], [0.003239114940225844, 0.004427541053618687, 0.0012000622013292237], [-0.006390769213134695, 0.0012000622013292237, 0.006094507079032164]], "chi2_level": 0.99, "chi2_df": 3, "chi2_threshold": 11.344866730144373, "N_raw": 17, "N_roi": 14, "N_inlier": 13, "refit": true}
{"timestamp": "19:27:44.930481", "frame": 5, "mu": [-1.0270292837560713, 4.7828170651070785, 0.9439085546985554], "Sigma": [[0.03753861939309158, 0.004201600226275464, -0.016067832463623644], [0.004201600226275464, 0.0050720144655084405, -0.0020140248603653633], [-0.016067832463623647, -0.0020140248603653633, 0.007987061173370036]], "chi2_level": 0.99, "chi2_df": 3, "chi2_threshold": 11.344866730144373, "N_raw": 51, "N_roi": 49, "N_inlier": 49, "refit": true}
{"timestamp": "19:27:44.981817", "frame": 6, "mu": [-1.0443855205512174, 4.726965986336349, 0.9076943123423118], "Sigma": [[0.019744053147949456, 0.00322814339711127, -0.005102611206406593], [0.0032281433971112702, 0.0021310078952502384, -0.001143645670236477], [-0.005102611206406593, -0.001143645670236477, 0.0031322539232755266]], "chi2_level": 0.99, "chi2_df": 3, "chi2_threshold": 11.344866730144373, "N_raw": 27, "N_roi": 24, "N_inlier": 23, "refit": true}
{"timestamp": "19:27:45.036859", "frame": 7, "mu": [-1.074197433241983, 4.873813088652054, 0.1820024592433147], "Sigma": [[0.017187907311613702, 0.004623980734671837, -0.006388915441373606], [0.004623980734671837, 0.004179057034942819, -0.003498627974965498], [-0.006388915441373608, -0.003498627974965498, 0.0050824369940282105]], "chi2_level": 0.99, "chi2_df": 3, "chi2_threshold": 11.344866730144373, "N_raw": 34, "N_roi": 28, "N_inlier": 28, "refit": true}
{"timestamp": "19:27:45.094609", "frame": 8, "mu": [-1.0064150249523451, 4.829095090081794, 1.0455239638969807], "Sigma": [[0.0212178977611176, 0.004021727770205353, -0.002127916045133112], [0.004021727770205353, 0.0029085862439914055, -0.005068787870027781], [-0.002127916045133112, -0.005068787870027781, 0.012283264495030432]], "chi2_level": 0.99, "chi2_df": 3, "chi2_threshold": 11.344866730144373, "N_raw": 35, "N_roi": 33, "N_inlier": 33, "refit": true}
{"timestamp": "19:27:45.146953", "frame": 9, "mu": [-1.0683224146368389, 4.821681502038573, -0.7842208105642609], "Sigma": [[0.011330432364441922, 0.006735313403656246, 0.03470402647414873], [0.006735313403656247, 0.006787937225701795, 0.034559190612316895], [0.03470402647414873, 0.034559190612316895, 0.22425629783257145]], "chi2_level": 0.99, "chi2_df": 3, "chi2_threshold": 11.344866730144373, "N_raw": 16, "N_roi": 15, "N_inlier": 15, "refit": true}
{"timestamp": "19:27:45.256871", "frame": 11, "mu": [-1.0614508353452103, 4.77617000303295, 0.8237052293938458], "Sigma": [[0.013743016416536044, 0.0002739664796546788, -0.0016264406732132473], [0.00027396647965467877, 0.0003572051035725977, -0.0014320968443839333], [-0.0016264406732132473, -0.0014320968443839333, 0.012040662071262892]], "chi2_level": 0.99, "chi2_df": 3, "chi2_threshold": 11.344866730144373, "N_raw": 20, "N_roi": 17, "N_inlier": 16, "refit": true}
{"timestamp": "19:27:45.312830", "frame": 12, "mu": [-1.0079910024299321, 4.947483549770228, 0.11114506364951547], "Sigma": [[0.014835991262666983, 0.0032588121487984855, -0.0017074169094125494], [0.0032588121487984855, 0.0010703104816167824, -0.0003008419493408076], [-0.0017074169094125494, -0.0003008419493408076, 0.00041281758930090175]], "chi2_level": 0.99, "chi2_df": 3, "chi2_threshold": 11.344866730144373, "N_raw": 15, "N_roi": 10, "N_inlier": 10, "refit": true}
{"timestamp": "19:27:45.372487", "frame": 13, "mu": [-1.0063194252606134, 4.828617926386126, 0.7892373295331258], "Sigma": [[0.03863559426751474, 0.005270217425088839, -0.015421561129667544], [0.005270217425088839, 0.0050720312268248404, -0.0037091041210890957], [-0.015421561129667544, -0.0037091041210890957, 0.008123597864040067]], "chi2_level": 0.99, "chi2_df": 3, "chi2_threshold": 11.344866730144373, "N_raw": 53, "N_roi": 51, "N_inlier": 51, "refit": true}
{"timestamp": "19:27:45.427408", "frame": 14, "mu": [-0.9039509973980931, 4.876223914866765, 0.898779320793728], "Sigma": [[0.037581723429120945, 0.004387648789318299, -0.01829233432523502], [0.004387648789318299, 0.0038524775807497616, -0.004681942412705077], [-0.01829233432523502, -0.004681942412705077, 0.01327720713638235]], "chi2_level": 0.99, "chi2_df": 3, "chi2_threshold": 11.344866730144373, "N_raw": 49, "N_roi": 48, "N_inlier": 47, "refit": true}
{"timestamp": "19:27:45.480686", "frame": 15, "mu": [-0.9863084318633596, 4.801463518235705, 0.759535687829332], "Sigma": [[0.04068397487421485, 0.0030081073183957493, -0.018175930117805706], [0.0030081073183957498, 0.003276264773580861, -0.0015621201638445798], [-0.018175930117805706, -0.0015621201638445798, 0.009595499131537654]], "chi2_level": 0.99, "chi2_df": 3, "chi2_threshold": 11.344866730144373, "N_raw": 42, "N_roi": 42, "N_inlier": 41, "refit": true}
{"timestamp": "19:27:45.537366", "frame": 16, "mu": [-0.8894960837049612, 4.841950348173153, 1.012616455084758], "Sigma": [[0.041018524729004135, 0.007963190987003954, -0.006957279845449053], [0.007963190987003953, 0.005354752813313892, -0.005690672689918582], [-0.006957279845449053, -0.005690672689918582, 0.009200626881699512]], "chi2_level": 0.99, "chi2_df": 3, "chi2_threshold": 11.344866730144373, "N_raw": 55, "N_roi": 55, "N_inlier": 55, "refit": true}
{"timestamp": "19:27:45.592441", "frame": 17, "mu": [-0.8791761381052114, 4.818320297873959, 0.8576203224115361], "Sigma": [[0.04577018693434588, 0.006356476881673961, -0.00273102391114828], [0.006356476881673961, 0.005089131994311983, -0.002034810802708325], [-0.00273102391114828, -0.002034810802708325, 0.0010334112890042697]], "chi2_level": 0.99, "chi2_df": 3, "chi2_threshold": 11.344866730144373, "N_raw": 55, "N_roi": 55, "N_inlier": 54, "refit": true}
{"timestamp": "19:27:45.648457", "frame": 18, "mu": [-1.0239218973750064, 4.788418559914328, 0.892597532855592], "Sigma": [[0.02560453802752244, 0.006749349141500981, -0.0029763039430839473], [0.006749349141500981, 0.009923091178835063, 0.0010684857896053812], [-0.0029763039430839473, 0.0010684857896053812, 0.00461636541675894]], "chi2_level": 0.99, "chi2_df": 3, "chi2_threshold": 11.344866730144373, "N_raw": 54, "N_roi": 41, "N_inlier": 40, "refit": true}
{"timestamp": "19:27:45.695964", "frame": 19, "mu": [-0.9506592616696711, 4.834866855626704, 1.0403607894591613], "Sigma": [[0.0017872470788009448, 0.0013379046806343336, -0.0031169950138911187], [0.0013379046806343336, 0.007039627655099866, -0.00494559849959859], [-0.0031169950138911183, -0.00494559849959859, 0.017671463171754585]], "chi2_level": 0.99, "chi2_df": 3, "chi2_threshold": 11.344866730144373, "N_raw": 10, "N_roi": 9, "N_inlier": 8, "refit": true}
{"timestamp": "19:27:45.755125", "frame": 20, "mu": [-0.9318573638484678, 4.848636021624927, 0.805455374953597], "Sigma": [[0.02752887966747574, 0.009651318922188745, -0.012542715829784817], [0.009651318922188746, 0.007103583106087485, -0.005059456571729917], [-0.012542715829784817, -0.005059456571729917, 0.007869394936825756]], "chi2_level": 0.99, "chi2_df": 3, "chi2_threshold": 11.344866730144373, "N_raw": 38, "N_roi": 36, "N_inlier": 35, "refit": true}
{"timestamp": "19:27:45.812855", "frame": 21, "mu": [-0.9318350499130289, 4.772813591406849, 0.722538427434719], "Sigma": [[0.04773319297272764, 0.01040229960500312, -0.021801574674302594], [0.01040229960500312, 0.006903116120852359, -0.0077065919137452865], [-0.021801574674302594, -0.0077065919137452865, 0.016851312326102152]], "chi2_level": 0.99, "chi2_df": 3, "chi2_threshold": 11.344866730144373, "N_raw": 62, "N_roi": 61, "N_inlier": 61, "refit": true}
{"timestamp": "19:27:45.868248", "frame": 22, "mu": [-0.821978865899574, 4.771239851903017, 0.6818644697961322], "Sigma": [[0.04127981213487893, 0.003312250315379183, -0.0329473490494216], [0.003312250315379183, 0.0025762802715881294, -0.005906163927676142], [-0.0329473490494216, -0.005906163927676142, 0.03641456885608819]], "chi2_level": 0.99, "chi2_df": 3, "chi2_threshold": 11.344866730144373, "N_raw": 50, "N_roi": 49, "N_inlier": 48, "refit": true}
{"timestamp": "19:27:45.919294", "frame": 23, "mu": [-0.8263594500286808, 4.857215102496824, 0.7666111998536076], "Sigma": [[0.019377761600277564, 0.003312996399917041, -0.01024915613045068], [0.0033129963999170417, 0.005803771273788839, -0.0006107897458052237], [-0.01024915613045068, -0.0006107897458052234, 0.007377081883093504]], "chi2_level": 0.99, "chi2_df": 3, "chi2_threshold": 11.344866730144373, "N_raw": 29, "N_roi": 26, "N_inlier": 25, "refit": true}
{"timestamp": "19:27:45.976992", "frame": 24, "mu": [-0.8705139401412995, 4.735732005054171, 0.8457571967953113], "Sigma": [[0.038475490016926836, 0.004695077180013872, -0.0068838335388664955], [0.004695077180013872, 0.004123761160537577, -0.004738797550031551], [-0.0068838335388664955, -0.004738797550031551, 0.00882958057874875]], "chi2_level": 0.99, "chi2_df": 3, "chi2_threshold": 11.344866730144373, "N_raw": 53, "N_roi": 51, "N_inlier": 50, "refit": true}
{"timestamp": "19:27:46.034572", "frame": 25, "mu": [-0.778898042890755, 4.753371746901708, 0.7570036871794831], "Sigma": [[0.025027031036606643, 0.006596061963861212, -0.012032613629788816], [0.006596061963861212, 0.012743685934688404, -0.005491710898735974], [-0.012032613629788816, -0.005491710898735974, 0.027511869912499085]], "chi2_level": 0.99, "chi2_df": 3, "chi2_threshold": 11.344866730144373, "N_raw": 61, "N_roi": 59, "N_inlier": 59, "refit": true}
{"timestamp": "19:27:46.089824", "frame": 26, "mu": [-0.8240241793550261, 4.647609784367918, 0.6414330018819362], "Sigma": [[0.03774780079140326, 0.002357555454837609, -0.012697956966642972], [0.0023575554548376097, 0.003912786155406919, -0.005374594602581282], [-0.012697956966642972, -0.005374594602581282, 0.018436923478765493]], "chi2_level": 0.99, "chi2_df": 3, "chi2_threshold": 11.344866730144373, "N_raw": 61, "N_roi": 61, "N_inlier": 59, "refit": true}
{"timestamp": "19:27:46.196054", "frame": 28, "mu": [-0.5060626084419682, 4.5427292180716, 0.14662201750505852], "Sigma": [[0.03327458693723686, -0.003280820693776781, -0.018041859041579844], [-0.003280820693776781, 0.0016111234465241697, 0.00042904655944220305], [-0.018041859041579844, 0.00042904655944220305, 0.017674766849086712]], "chi2_level": 0.99, "chi2_df": 3, "chi2_threshold": 11.344866730144373, "N_raw": 38, "N_roi": 38, "N_inlier": 36, "refit": true}
{"timestamp": "19:27:46.252719", "frame": 29, "mu": [-0.5819339666633856, 4.557979070185498, 0.5198087588883883], "Sigma": [[0.03784078350939431, 0.0011564373038659538, -0.02444186297856561], [0.0011564373038659538, 0.0019683975578713726, -0.004666786344645808], [-0.024441862978565612, -0.004666786344645808, 0.035928381630164374]], "chi2_level": 0.99, "chi2_df": 3, "chi2_threshold": 11.344866730144373, "N_raw": 53, "N_roi": 53, "N_inlier": 53, "refit": true}
{"timestamp": "19:27:46.307559", "frame": 30, "mu": [-0.5556062804193206, 4.527602297551246, 0.6147472971433865], "Sigma": [[0.028830488151711096, 0.0007766379901978015, -0.007613303821841487], [0.0007766379901978015, 0.001001827509647049, -0.0034649783699971758], [-0.007613303821841488, -0.0034649783699971758, 0.04623132138587577]], "chi2_level": 0.99, "chi2_df": 3, "chi2_threshold": 11.344866730144373, "N_raw": 52, "N_roi": 48, "N_inlier": 47, "refit": true}
{"timestamp": "19:27:46.358793", "frame": 31, "mu": [-0.5830480691331277, 4.465365360543695, 0.620812135439113], "Sigma": [[0.015224576612285894, 0.0004129337652769504, -0.005821426384362158], [0.0004129337652769504, 0.0009012296308773466, -0.0012554518465093148], [-0.005821426384362158, -0.0012554518465093148, 0.007442878710764497]], "chi2_level": 0.99, "chi2_df": 3, "chi2_threshold": 11.344866730144373, "N_raw": 22, "N_roi": 20, "N_inlier": 19, "refit": true}
{"timestamp": "19:27:46.413090", "frame": 32, "mu": [-0.5138512467130288, 4.452438125974243, 0.5633185691987239], "Sigma": [[0.02194633190408534, 0.00290382774104128, -0.0008051991329956896], [0.00290382774104128, 0.0019404097778384698, -0.0006067755761362333], [-0.0008051991329956895, -0.0006067755761362333, 0.00019146197226360044]], "chi2_level": 0.99, "chi2_df": 3, "chi2_threshold": 11.344866730144373, "N_raw": 25, "N_roi": 25, "N_inlier": 23, "refit": true}
{"timestamp": "19:27:46.473855", "frame": 33, "mu": [-0.4746153584750071, 4.37889357486468, 0.8508377686949686], "Sigma": [[0.03344959412171409, 0.004740562582773828, -0.010317349238062119], [0.004740562582773828, 0.005134633396269226, -0.0051055752473753695], [-0.010317349238062119, -0.0051055752473753695, 0.008916541323057813]], "chi2_level": 0.99, "chi2_df": 3, "chi2_threshold": 11.344866730144373, "N_raw": 61, "N_roi": 61, "N_inlier": 60, "refit": true}
{"timestamp": "19:27:46.527596", "frame": 34, "mu": [-0.5222975064740036, 4.306332449116949, 0.7252154942071618], "Sigma": [[0.0314746511141081, -0.00024822766232664856, -0.015315536795267124], [-0.00024822766232664845, 0.0007871294919863685, -0.0029297564379681634], [-0.015315536795267124, -0.0029297564379681634, 0.04237614165843606]], "chi2_level": 0.99, "chi2_df": 3, "chi2_threshold": 11.344866730144373, "N_raw": 51, "N_roi": 51, "N_inlier": 51, "refit": true}
{"timestamp": "19:27:46.583351", "frame": 35, "mu": [-0.37768554573398205, 4.3689458386521824, 0.9248254329055099], "Sigma": [[0.024465257225060516, 0.0022518512518348013, 0.0024946829970207123], [0.0022518512518348017, 0.002528764498927763, -0.005538516374174409], [0.0024946829970207123, -0.005538516374174409, 0.021770996480015313]], "chi2_level": 0.99, "chi2_df": 3, "chi2_threshold": 11.344866730144373, "N_raw": 53, "N_roi": 53, "N_inlier": 49, "refit": true}
{"timestamp": "19:27:46.638348", "frame": 36, "mu": [-0.37080223475278273, 4.449740779502341, -0.13261440585803735], "Sigma": [[0.027833886306136917, 0.0047953050178947505, -0.011982854303779801], [0.00479530501789475, 0.0059896468391739946, -0.0028871102653999256], [-0.011982854303779801, -0.0028871102653999256, 0.006916364993313129]], "chi2_level": 0.99, "chi2_df": 3, "chi2_threshold": 11.344866730144373, "N_raw": 52, "N_roi": 52, "N_inlier": 50, "refit": true}
{"timestamp": "19:27:46.695326", "frame": 37, "mu": [-0.2855173867372869, 4.239861703397379, 0.5932152170924142], "Sigma": [[0.035909793869668506, 0.003491388918546161, -0.012507450739380659], [0.0034913889185461617, 0.012229209412981867, 0.005303442007526342], [-0.012507450739380659, 0.005303442007526343, 0.009620389834062796]], "chi2_level": 0.99, "chi2_df": 3, "chi2_threshold": 11.344866730144373, "N_raw": 68, "N_roi": 68, "N_inlier": 67, "refit": true}
{"timestamp": "19:27:46.749133", "frame": 38, "mu": [-0.3442784843207214, 4.247245552982541, -0.9458284216607332], "Sigma": [[0.03123335867306326, 0.01145400831281661, 0.05407242270380255], [0.01145400831281661, 0.011535511914639774, 0.03650816578360272], [0.05407242270380255, 0.03650816578360272, 0.20518190014265977]], "chi2_level": 0.99, "chi2_df": 3, "chi2_threshold": 11.344866730144373, "N_raw": 61, "N_roi": 57, "N_inlier": 57, "refit": true}
{"timestamp": "19:27:46.802835", "frame": 39, "mu": [-0.2673465498855853, 4.091513322171268, -1.488295989552468], "Sigma": [[0.028888188375866604, -0.0020769182785886457, -0.016270288012255704], [-0.0020769182785886457, 0.0013506957702630335, -0.0010432179507059024], [-0.016270288012255704, -0.0010432179507059026, 0.016741624352544657]], "chi2_level": 0.99, "chi2_df": 3, "chi2_threshold": 11.344866730144373, "N_raw": 46, "N_roi": 46, "N_inlier": 44, "refit": true}
{"timestamp": "19:27:46.858622", "frame": 40, "mu": [-0.200525395901274, 4.05302959750038, 0.6316558566118908], "Sigma": [[0.025003424682522812, -0.0019138627269231294, -0.01934632373117518], [-0.0019138627269231294, 0.0014465894110804428, -0.001464237074557772], [-0.01934632373117518, -0.0014642370745577718, 0.05075106813269813]], "chi2_level": 0.99, "chi2_df": 3, "chi2_threshold": 11.344866730144373, "N_raw": 63, "N_roi": 61, "N_inlier": 61, "refit": true}
{"timestamp": "19:27:46.913227", "frame": 41, "mu": [-0.1101638874000455, 4.037503841784033, -0.0947501780666467], "Sigma": [[0.02160063893469119, 0.002255790509487749, 0.11960754907233428], [0.002255790509487749, 0.0037232807391995716, 0.011685412513107438], [0.11960754907233428, 0.011685412513107445, 0.9228274332707588]], "chi2_level": 0.99, "chi2_df": 3, "chi2_threshold": 11.344866730144373, "N_raw": 49, "N_roi": 46, "N_inlier": 44, "refit": true}
{"timestamp": "19:27:46.971504", "frame": 42, "mu": [-0.09543250904393476, 4.013643944069548, 0.7979038902697988], "Sigma": [[0.027683028308127546, 0.003164043328255265, -0.009006666470308048], [0.0031640433282552655, 0.005483636119762475, -0.00913767781834626], [-0.009006666470308046, -0.009137677818346263, 0.026906682521577144]], "chi2_level": 0.99, "chi2_df": 3, "chi2_threshold": 11.344866730144373, "N_raw": 81, "N_roi": 81, "N_inlier": 81, "refit": true}
{"timestamp": "19:27:47.026383", "frame": 43, "mu": [-0.11693737619821351, 3.93747999903756, 0.9831756388307366], "Sigma": [[0.018528680597761263, 0.001778069055583034, -0.004449309536813105], [0.001778069055583034, 0.001397282839434886, -0.004330856600696875], [-0.004449309536813105, -0.004330856600696875, 0.029599855716485678]], "chi2_level": 0.99, "chi2_df": 3, "chi2_threshold": 11.344866730144373, "N_raw": 48, "N_roi": 48, "N_inlier": 47, "refit": true}
{"timestamp": "19:27:47.080801", "frame": 44, "mu": [-0.07571485527189287, 3.918483764004371, 0.808844048784271], "Sigma": [[0.028104060580443083, 0.009319233264124161, -0.0009954681527881834], [0.009319233264124163, 0.0106070058978351, -0.001878011808986279], [-0.0009954681527881834, -0.001878011808986279, 0.006000546340209748]], "chi2_level": 0.99, "chi2_df": 3, "chi2_threshold": 11.344866730144373, "N_raw": 73, "N_roi": 71, "N_inlier": 71, "refit": true}
{"timestamp": "19:27:47.142234", "frame": 45, "mu": [-0.035497282343684294, 4.058695378152838, -0.16311238026001865], "Sigma": [[0.03420728649378315, 0.010150615327336224, -0.009049803236290203], [0.010150615327336224, 0.011395629309154047, -0.007614509071790041], [-0.009049803236290201, -0.007614509071790041, 0.01033160081193152]], "chi2_level": 0.99, "chi2_df": 3, "chi2_threshold": 11.344866730144373, "N_raw": 83, "N_roi": 82, "N_inlier": 82, "refit": true}
{"timestamp": "19:27:47.194027", "frame": 46, "mu": [-0.02691522394309159, 3.7791426022903942, 0.7601557681535324], "Sigma": [[0.03717260933524279, 0.0007058596079862351, -0.03328604627858992], [0.0007058596079862352, 0.0057622535513077834, -0.0037331300264961944], [-0.033286046278589915, -0.0037331300264961944, 0.04743541490614007]], "chi2_level": 0.99, "chi2_df": 3, "chi2_threshold": 11.344866730144373, "N_raw": 93, "N_roi": 92, "N_inlier": 91, "refit": true}
{"timestamp": "19:27:47.251824", "frame": 47, "mu": [0.05236402501233058, 3.9323790188937258, -0.5361417154319312], "Sigma": [[0.0389442238510533, 0.02902744202269076, 0.06279625569225977], [0.02902744202269076, 0.039498883778227495, 0.07171923616948397], [0.06279625569225977, 0.07171923616948397, 0.18102397857089353]], "chi2_level": 0.99, "chi2_df": 3, "chi2_threshold": 11.344866730144373, "N_raw": 108, "N_roi": 108, "N_inlier": 105, "refit": true}
{"timestamp": "19:27:47.303158", "frame": 48, "mu": [0.03130254846451454, 3.6896781376014567, 0.795703689128414], "Sigma": [[0.029941148629909417, 0.0036477727056916697, -0.01061547146893751], [0.0036477727056916697, 0.014734229176463184, 0.005616297318098864], [-0.010615471468937512, 0.005616297318098864, 0.012935579916129357]], "chi2_level": 0.99, "chi2_df": 3, "chi2_threshold": 11.344866730144373, "N_raw": 87, "N_roi": 87, "N_inlier": 87, "refit": true}
{"timestamp": "19:27:47.360109", "frame": 49, "mu": [0.10978771988301204, 3.8982467876439304, -0.18542017863593005], "Sigma": [[0.03223899730433183, 0.00955914925524472, -0.01783393760557578], [0.009559149255244722, 0.015329302918617959, -5.885902901512632e-06], [-0.01783393760557578, -5.885902901512415e-06, 0.015332538644756942]], "chi2_level": 0.99, "chi2_df": 3, "chi2_threshold": 11.344866730144373, "N_raw": 101, "N_roi": 101, "N_inlier": 99, "refit": true}
{"timestamp": "19:27:47.412285", "frame": 50, "mu": [0.15039318597426515, 3.5346285487069915, 0.7629992774782146], "Sigma": [[0.02722893047569745, 0.006873730340499906, -0.007405424531084534], [0.006873730340499907, 0.01169327590829992, 0.0016015840045548095], [-0.007405424531084533, 0.0016015840045548097, 0.005128896716602553]], "chi2_level": 0.99, "chi2_df": 3, "chi2_threshold": 11.344866730144373, "N_raw": 72, "N_roi": 72, "N_inlier": 72, "refit": true}
{"timestamp": "19:27:47.470497", "frame": 51, "mu": [0.169721681789538, 3.538180186607587, 0.804180559879508], "Sigma": [[0.027886302423522, 0.0002075280509471944, -0.020089584899878485], [0.0002075280509471946, 0.006715585220537193, -0.0073148589189641145], [-0.020089584899878485, -0.0073148589189641145, 0.025215531761545406]], "chi2_level": 0.99, "chi2_df": 3, "chi2_threshold": 11.344866730144373, "N_raw": 96, "N_roi": 96, "N_inlier": 96, "refit": true}
{"timestamp": "19:27:47.522436", "frame": 52, "mu": [0.205852078701994, 3.467538191575119, 0.7636312746592544], "Sigma": [[0.027690025798168292, 0.0013534079802325564, -0.01915721387078232], [0.0013534079802325564, 0.0040227619524758895, -0.005186090560123259], [-0.019157213870782317, -0.005186090560123259, 0.03207004584188224]], "chi2_level": 0.99, "chi2_df": 3, "chi2_threshold": 11.344866730144373, "N_raw": 82, "N_roi": 82, "N_inlier": 82, "refit": true}
{"timestamp": "19:27:47.574152", "frame": 53, "mu": [0.1676192816862294, 3.4117418137218407, 0.7576273021950307], "Sigma": [[0.016164575376905632, -5.43950557346279e-05, -0.0012037750694412362], [-5.43950557346279e-05, 0.005700700155547789, -0.0015604722871733934], [-0.0012037750694412364, -0.0015604722871733936, 0.01691644550985062]], "chi2_level": 0.99, "chi2_df": 3, "chi2_threshold": 11.344866730144373, "N_raw": 54, "N_roi": 54, "N_inlier": 51, "refit": true}
{"timestamp": "19:27:47.632830", "frame": 54, "mu": [0.23609495527299426, 3.3878109743918245, 0.8812149965022846], "Sigma": [[0.025176088336314274, 0.0008439053831163257, -0.009166483228979035], [0.0008439053831163257, 0.005715344106971165, -0.00560922947876284], [-0.009166483228979035, -0.0056092294787628404, 0.01157174716501024]], "chi2_level": 0.99, "chi2_df": 3, "chi2_threshold": 11.344866730144373, "N_raw": 89, "N_roi": 89, "N_inlier": 85, "refit": true}
{"timestamp": "19:27:47.689450", "frame": 55, "mu": [0.3212007180022292, 3.5361069393181794, -0.18018287768793229], "Sigma": [[0.0238904344122902, 0.0015477234414791137, -0.016322868328439134], [0.0015477234414791132, 0.008027562293848786, -0.009833407540928811], [-0.016322868328439134, -0.009833407540928811, 0.023458023325928078]], "chi2_level": 0.99, "chi2_df": 3, "chi2_threshold": 11.344866730144373, "N_raw": 85, "N_roi": 85, "N_inlier": 82, "refit": true}
{"timestamp": "19:27:47.742713", "frame": 56, "mu": [0.3455228900012633, 3.3214178773911462, -0.7178015743858307], "Sigma": [[0.021161504923766082, 0.0019862464270605264, 0.07971570039913578], [0.001986246427060526, 0.008476901935326535, -0.004085999522665204], [0.07971570039913578, -0.004085999522665204, 0.5028800882134737]], "chi2_level": 0.99, "chi2_df": 3, "chi2_threshold": 11.344866730144373, "N_raw": 84, "N_roi": 84, "N_inlier": 82, "refit": true}
{"timestamp": "19:27:47.796532", "frame": 57, "mu": [0.3498308956926775, 3.239106046360243, 0.8030314440182847], "Sigma": [[0.021145385764317952, -0.002781344862276691, -0.005154176523756854], [-0.002781344862276691, 0.001891866126618128, -0.0041195151909033684], [-0.005154176523756854, -0.0041195151909033684, 0.03072210009786828]], "chi2_level": 0.99, "chi2_df": 3, "chi2_threshold": 11.344866730144373, "N_raw": 75, "N_roi": 75, "N_inlier": 73, "refit": true}
{"timestamp": "19:27:47.849760", "frame": 58, "mu": [0.3424248696490149, 3.2058854629436473, 0.9400353563094574], "Sigma": [[0.01765346940714035, -0.0056516612403295615, -0.007398969362041911], [-0.0056516612403295615, 0.0036694575330554445, -0.0023440837040620164], [-0.007398969362041912, -0.0023440837040620164, 0.018335812331912418]], "chi2_level": 0.99, "chi2_df": 3, "chi2_threshold": 11.344866730144373, "N_raw": 60, "N_roi": 60, "N_inlier": 60, "refit": true}
{"timestamp": "19:27:47.910884", "frame": 59, "mu": [0.48443682794931603, 3.1834582046336046, 0.9158935658939683], "Sigma": [[0.03209044482005853, 0.003206123115006862, -0.016084673467450655], [0.0032061231150068616, 0.004656893891084556, -0.009906953215343533], [-0.016084673467450655, -0.009906953215343533, 0.03562501357343769]], "chi2_level": 0.99, "chi2_df": 3, "chi2_threshold": 11.344866730144373, "N_raw": 101, "N_roi": 101, "N_inlier": 100, "refit": true}
{"timestamp": "19:27:47.964284", "frame": 60, "mu": [0.5561228315414898, 3.14879591178767, 0.9909462721308839], "Sigma": [[0.0309822886819992, 0.004072624069799366, -0.014707330488230511], [0.004072624069799367, 0.006215520382008157, -0.011334637054595077], [-0.014707330488230511, -0.011334637054595077, 0.03446325148595309]], "chi2_level": 0.99, "chi2_df": 3, "chi2_threshold": 11.344866730144373, "N_raw": 93, "N_roi": 93, "N_inlier": 90, "refit": true}
{"timestamp": "19:27:48.016376", "frame": 61, "mu": [0.6994519272954067, 3.0795093834471032, 0.7452423144620194], "Sigma": [[0.03043990627916309, 0.009489303377853513, -0.01654840033235897], [0.009489303377853512, 0.009095031238324315, -0.009678414474300037], [-0.01654840033235897, -0.009678414474300037, 0.028839720008684087]], "chi2_level": 0.99, "chi2_df": 3, "chi2_threshold": 11.344866730144373, "N_raw": 66, "N_roi": 66, "N_inlier": 65, "refit": true}
{"timestamp": "19:27:48.069411", "frame": 62, "mu": [0.5478119285595373, 3.178564378641824, -0.4404505040038218], "Sigma": [[0.01679201309256907, -0.0035378951514653248, -0.008155761797414687], [-0.0035378951514653248, 0.005336493840896379, -0.0015902653232385297], [-0.008155761797414687, -0.0015902653232385297, 0.0077613397237513105]], "chi2_level": 0.99, "chi2_df": 3, "chi2_threshold": 11.344866730144373, "N_raw": 60, "N_roi": 60, "N_inlier": 58, "refit": true}
{"timestamp": "19:27:48.125590", "frame": 63, "mu": [0.6871794973613393, 3.1276945193567434, -0.5287133935268733], "Sigma": [[0.037981651701680066, 0.0115393487068509, -0.006276737550572332], [0.0115393487068509, 0.009573702631183694, -0.010704686071426843], [-0.006276737550572332, -0.010704686071426843, 0.06362940753901868]], "chi2_level": 0.99, "chi2_df": 3, "chi2_threshold": 11.344866730144373, "N_raw": 68, "N_roi": 68, "N_inlier": 65, "refit": true}
{"timestamp": "19:27:48.178861", "frame": 64, "mu": [0.6167394435291188, 2.8991194853958775, -0.9071470907580025], "Sigma": [[0.011508087165438276, 0.006753152411072913, 0.028332190476966758], [0.006753152411072913, 0.007855690287834768, 0.02947860962191335], [0.028332190476966758, 0.029478609621913347, 0.17321033499002683]], "chi2_level": 0.99, "chi2_df": 3, "chi2_threshold": 11.344866730144373, "N_raw": 53, "N_roi": 50, "N_inlier": 50, "refit": true}
{"timestamp": "19:27:48.232720", "frame": 65, "mu": [0.6123548445867956, 2.7626921087172978, 0.8086667934820037], "Sigma": [[0.012288806409429807, -0.0015743615412895956, 0.00020159503843513154], [-0.0015743615412895956, 0.0022060573257076583, -0.0031462864500828324], [0.00020159503843513143, -0.003146286450082833, 0.00879788766329573]], "chi2_level": 0.99, "chi2_df": 3, "chi2_threshold": 11.344866730144373, "N_raw": 55, "N_roi": 55, "N_inlier": 52, "refit": true}
{"timestamp": "19:27:48.291276", "frame": 66, "mu": [0.696338022408699, 2.7052110371101135, 0.6746537552161984], "Sigma": [[0.023051807894118252, 0.00429380536986348, 0.00035063641403688944], [0.00429380536986348, 0.004991123647464935, -0.0023243714370816335], [0.00035063641403688966, -0.0023243714370816335, 0.005487436101033675]], "chi2_level": 0.99, "chi2_df": 3, "chi2_threshold": 11.344866730144373, "N_raw": 73, "N_roi": 73, "N_inlier": 71, "refit": true}
{"timestamp": "19:27:48.346893", "frame": 67, "mu": [0.7198989385464161, 2.657388692704663, 0.8515176033010227], "Sigma": [[0.02003076541243047, 0.00705178898885688, 4.85566172050277e-05], [0.00705178898885688, 0.004339254814700933, -0.003207133230380024], [4.8556617205028027e-05, -0.0032071332303800246, 0.041057949408951355]], "chi2_level": 0.99, "chi2_df": 3, "chi2_threshold": 11.344866730144373, "N_raw": 77, "N_roi": 76, "N_inlier": 74, "refit": true}
{"timestamp": "19:27:48.406315", "frame": 68, "mu": [0.7360383963433523, 2.744499375560366, -0.8151740581565153], "Sigma": [[0.027178486136055564, 0.019885154678737083, 0.03191775036587417], [0.019885154678737083, 0.022995490173644176, 0.024588933904375058], [0.03191775036587417, 0.024588933904375058, 0.0962878283360347]], "chi2_level": 0.99, "chi2_df": 3, "chi2_threshold": 11.344866730144373, "N_raw": 107, "N_roi": 107, "N_inlier": 104, "refit": true}
{"timestamp": "19:27:48.461918", "frame": 69, "mu": [0.7488449424605567, 2.490837534610005, 0.70053101346796], "Sigma": [[0.024973590300664705, 0.004754777701892334, -0.0073052253457105715], [0.004754777701892333, 0.009852386076900378, -0.004413997112555748], [-0.0073052253457105715, -0.004413997112555748, 0.006148078721245925]], "chi2_level": 0.99, "chi2_df": 3, "chi2_threshold": 11.344866730144373, "N_raw": 107, "N_roi": 107, "N_inlier": 103, "refit": true}
{"timestamp": "19:27:48.511367", "frame": 70, "mu": [0.7402623101164664, 2.450389157768947, 0.7704993373264339], "Sigma": [[0.014999548471298191, -0.0007755886627353991, -0.0026637504499673163], [-0.0007755886627353993, 0.010042157663679163, -0.0002371039704186098], [-0.0026637504499673168, -0.0002371039704186098, 0.001993871845364042]], "chi2_level": 0.99, "chi2_df": 3, "chi2_threshold": 11.344866730144373, "N_raw": 74, "N_roi": 74, "N_inlier": 71, "refit": true}
{"timestamp": "19:27:48.569403", "frame": 71, "mu": [0.8423703755645657, 2.4722145963724604, 0.8429548735263804], "Sigma": [[0.030467322071735588, 0.00225713695881338, -0.022144192457437283], [0.00225713695881338, 0.004968861846370164, -0.00383223207246103], [-0.022144192457437283, -0.00383223207246103, 0.038467235777314264]], "chi2_level": 0.99, "chi2_df": 3, "chi2_threshold": 11.344866730144373, "N_raw": 87, "N_roi": 87, "N_inlier": 86, "refit": true}
{"timestamp": "19:27:48.618363", "frame": 72, "mu": [0.7825423489768318, 2.572660787741154, -0.4475342297975857], "Sigma": [[0.01421317374932409, -0.0012485867873911715, 0.0047523349742356336], [-0.0012485867873911715, 0.0037778162953114956, -0.003328521533230831], [0.0047523349742356336, -0.003328521533230831, 0.008799147100655165]], "chi2_level": 0.99, "chi2_df": 3, "chi2_threshold": 11.344866730144373, "N_raw": 52, "N_roi": 52, "N_inlier": 50, "refit": true}
{"timestamp": "19:27:48.674730", "frame": 73, "mu": [0.8541565741056123, 2.3238024208853796, 0.7750413861193373], "Sigma": [[0.011842407164348109, 0.001679558912486283, -0.0009773371333391726], [0.0016795589124862836, 0.003654258798256601, -0.0026654638109721088], [-0.0009773371333391728, -0.0026654638109721088, 0.0037300583888745633]], "chi2_level": 0.99, "chi2_df": 3, "chi2_threshold": 11.344866730144373, "N_raw": 59, "N_roi": 59, "N_inlier": 56, "refit": true}
{"timestamp": "19:27:48.725117", "frame": 74, "mu": [0.8822677002971693, 2.2671342047214886, 0.757365471419292], "Sigma": [[0.0083843225365182, 0.00016774564283187894, -0.0017838713910334433], [0.00016774564283187875, 0.0016385292373905284, -0.0026517851340449768], [-0.0017838713910334435, -0.0026517851340449768, 0.007462138789886853]], "chi2_level": 0.99, "chi2_df": 3, "chi2_threshold": 11.344866730144373, "N_raw": 38, "N_roi": 36, "N_inlier": 33, "refit": true}
{"timestamp": "19:27:48.780703", "frame": 75, "mu": [0.9807022154041216, 2.226904096215711, 0.8024144928175593], "Sigma": [[0.007568911451386007, -8.557737065576816e-05, 0.006072093643026959], [-8.557737065576816e-05, 0.001101189372828492, -0.0017780455673136008], [0.006072093643026959, -0.0017780455673136008, 0.011393197651393792]], "chi2_level": 0.99, "chi2_df": 3, "chi2_threshold": 11.344866730144373, "N_raw": 36, "N_roi": 36, "N_inlier": 35, "refit": true}
{"timestamp": "19:27:48.840579", "frame": 76, "mu": [1.0455816885267823, 2.2035117829358604, 0.9747241868279269], "Sigma": [[0.0126006438489832, -0.0036356107334793606, 0.0017978285908930177], [-0.0036356107334793606, 0.002577496234315046, -0.005794706421707847], [0.0017978285908930181, -0.005794706421707847, 0.02344356510378707]], "chi2_level": 0.99, "chi2_df": 3, "chi2_threshold": 11.344866730144373, "N_raw": 76, "N_roi": 76, "N_inlier": 73, "refit": true}
{"timestamp": "19:27:48.894062", "frame": 77, "mu": [1.084357563575908, 2.164981141150053, 1.1518143015400653], "Sigma": [[0.009107489427378723, -0.0035730051089279216, -0.0058090524425357245], [-0.003573005108927922, 0.009136693469378121, 0.0308681004990319], [-0.005809052442535724, 0.030868100499031898, 0.20384194923788296]], "chi2_level": 0.99, "chi2_df": 3, "chi2_threshold": 11.344866730144373, "N_raw": 52, "N_roi": 52, "N_inlier": 50, "refit": true}
{"timestamp": "19:27:48.952205", "frame": 78, "mu": [1.097964525234013, 2.1007150149060823, 0.8837537111682748], "Sigma": [[0.010253406126092967, -0.00036596479854050746, 0.010030597881004473], [-0.0003659647985405074, 0.008155334739954183, 0.03999562829478913], [0.010030597881004471, 0.03999562829478913, 0.29862552875825904]], "chi2_level": 0.99, "chi2_df": 3, "chi2_threshold": 11.344866730144373, "N_raw": 81, "N_roi": 81, "N_inlier": 81, "refit": true}
{"timestamp": "19:27:49.005814", "frame": 79, "mu": [1.0408809806574857, 2.0364309069398217, -1.4277413793371738], "Sigma": [[0.01355070806532913, -0.0013248496468639848, -0.004093189346099405], [-0.001324849646863985, 0.016103595473897107, 0.03812141526917863], [-0.004093189346099406, 0.038121415269178636, 0.13070541928750573]], "chi2_level": 0.99, "chi2_df": 3, "chi2_threshold": 11.344866730144373, "N_raw": 68, "N_roi": 68, "N_inlier": 65, "refit": true}
{"timestamp": "19:27:49.059091", "frame": 80, "mu": [1.0901600759999748, 2.0192827997854, 0.7526360011515983], "Sigma": [[0.012198861062074589, -0.0016868652850648693, 0.0030324579568093216], [-0.0016868652850648691, 0.00519518398222889, -0.0018766550360170304], [0.0030324579568093216, -0.0018766550360170306, 0.007559691177569975]], "chi2_level": 0.99, "chi2_df": 3, "chi2_threshold": 11.344866730144373, "N_raw": 60, "N_roi": 60, "N_inlier": 57, "refit": true}
{"timestamp": "19:27:49.111893", "frame": 81, "mu": [1.1078147676022794, 2.087808717997749, -0.797873273084546], "Sigma": [[0.005272713240226104, 0.002971151147220396, 0.014604123226882832], [0.002971151147220396, 0.003965959866431157, 0.01764127688319291], [0.014604123226882834, 0.01764127688319291, 0.2086543309498781]], "chi2_level": 0.99, "chi2_df": 3, "chi2_threshold": 11.344866730144373, "N_raw": 38, "N_roi": 38, "N_inlier": 37, "refit": true}
{"timestamp": "19:27:49.169698", "frame": 82, "mu": [1.145322404130012, 2.11866328121052, -0.4104496362453741], "Sigma": [[0.00752963352304935, -0.0027612838811337977, 0.001602720661795065], [-0.0027612838811337977, 0.004109634797979999, -0.010361520615415532], [0.0016027206617950651, -0.010361520615415532, 0.06717587298619618]], "chi2_level": 0.99, "chi2_df": 3, "chi2_threshold": 11.344866730144373, "N_raw": 63, "N_roi": 63, "N_inlier": 60, "refit": true}
{"timestamp": "19:27:49.219264", "frame": 83, "mu": [1.1530774540713113, 1.8270953908812406, 0.5914938332996554], "Sigma": [[0.0037854029091645945, -0.001177079869608544, 0.0020186354535044904], [-0.0011770798696085437, 0.0008880265548657579, -0.0009899101294373951], [0.00201863545350449, -0.0009899101294373951, 0.026527224955265005]], "chi2_level": 0.99, "chi2_df": 3, "chi2_threshold": 11.344866730144373, "N_raw": 26, "N_roi": 25, "N_inlier": 23, "refit": true}
{"timestamp": "19:27:49.272102", "frame": 84, "mu": [1.2255458697524553, 1.7942094401151973, 0.7013245408753573], "Sigma": [[0.006114135430236109, -0.0019080664984590851, -0.008874368355448504], [-0.001908066498459085, 0.00165941222641576, -0.0032311209772761624], [-0.008874368355448504, -0.003231120977276163, 0.17160604758560685]], "chi2_level": 0.99, "chi2_df": 3, "chi2_threshold": 11.344866730144373, "N_raw": 12, "N_roi": 12, "N_inlier": 12, "refit": true}
{"timestamp": "19:27:49.330243", "frame": 85, "mu": [1.3368897782259084, 1.675074908682161, 0.6073830849451582], "Sigma": [[0.01771971103047317, -0.015001155300814254, -0.04800466281421691], [-0.015001155300814252, 0.01487658429017356, 0.05049450133904517], [-0.04800466281421691, 0.050494501339045164, 0.19988356870754806]], "chi2_level": 0.99, "chi2_df": 3, "chi2_threshold": 11.344866730144373, "N_raw": 36, "N_roi": 36, "N_inlier": 36, "refit": true}
{"timestamp": "19:27:49.382570", "frame": 86, "mu": [1.3254912025132195, 1.6619766734624712, 0.7803378967859618], "Sigma": [[0.007867530735306162, -0.004002871911786595, -0.020945288999866758], [-0.004002871911786595, 0.009890953242015157, 0.03264039786240115], [-0.020945288999866758, 0.03264039786240115, 0.15317746548908187]], "chi2_level": 0.99, "chi2_df": 3, "chi2_threshold": 11.344866730144373, "N_raw": 16, "N_roi": 16, "N_inlier": 15, "refit": true}
{"timestamp": "19:27:49.436392", "frame": 87, "mu": [1.274632435281743, 1.643846019207564, 0.712982253739507], "Sigma": [[0.004837373231082372, -0.002532912686314905, -0.03503686302594738], [-0.002532912686314905, 0.0022531478300055127, 0.019249326168205187], [-0.03503686302594738, 0.019249326168205187, 0.27270235517535285]], "chi2_level": 0.99, "chi2_df": 3, "chi2_threshold": 11.344866730144373, "N_raw": 7, "N_roi": 7, "N_inlier": 7, "refit": true}
{"timestamp": "19:27:49.499789", "frame": 88, "mu": [1.3229629672847794, 1.706540170192796, 1.2179029936745485], "Sigma": [[0.007526488539080163, -0.0032178195832437747, -0.0027674345795400675], [-0.0032178195832437747, 0.0024315218476863194, -0.0008494453589517541], [-0.002767434579540068, -0.0008494453589517543, 0.021688828204164765]], "chi2_level": 0.99, "chi2_df": 3, "chi2_threshold": 11.344866730144373, "N_raw": 48, "N_roi": 48, "N_inlier": 47, "refit": true}
{"timestamp": "19:27:49.550829", "frame": 89, "mu": [1.3317343353360906, 1.7032640788484732, 1.4807526176412804], "Sigma": [[0.006820234247890745, 0.0008930000583400182, 0.005548433311239928], [0.0008930000583400181, 0.0050944926014288685, 0.001694549838118482], [0.005548433311239928, 0.001694549838118482, 0.007869996745799147]], "chi2_level": 0.99, "chi2_df": 3, "chi2_threshold": 11.344866730144373, "N_raw": 38, "N_roi": 37, "N_inlier": 36, "refit": true}
{"timestamp": "19:27:49.661380", "frame": 91, "mu": [1.348064165195168, 1.5403351063205586, 1.2484320500534407], "Sigma": [[0.011940088713996566, -0.003168662260894791, -0.001816622656878535], [-0.003168662260894791, 0.0037748378922870716, -0.00042195419047011786], [-0.001816622656878535, -0.0004219541904701179, 0.0017482206014793249]], "chi2_level": 0.99, "chi2_df": 3, "chi2_threshold": 11.344866730144373, "N_raw": 46, "N_roi": 46, "N_inlier": 45, "refit": true}
{"timestamp": "19:27:49.713510", "frame": 92, "mu": [1.363995944975306, 1.4960383158870356, 1.2690179054835815], "Sigma": [[0.005398436873625657, -0.001229688604291913, 0.00010045150166017567], [-0.001229688604291913, 0.0040032515755925755, 0.00082300300303066], [0.00010045150166017563, 0.00082300300303066, 0.00038057071475180743]], "chi2_level": 0.99, "chi2_df": 3, "chi2_threshold": 11.344866730144373, "N_raw": 25, "N_roi": 25, "N_inlier": 24, "refit": true}
