{"timestamp": "19:22:50.932051", "frame": 2, "mu": [1.0931052609070195, 4.9695740222438225, 0.9264539400865838], "Sigma": [[0.005898215309668679, -0.000643569376475548, -0.005503621960089862], [-0.0006435693764755478, 0.0006710964851542159, 6.802359755016181e-05], [-0.005503621960089862, 6.802359755016181e-05, 0.008102116376514248]], "chi2_level": 0.99, "chi2_df": 3, "chi2_threshold": 11.344866730144373, "N_raw": 37, "N_roi": 9, "N_inlier": 9, "refit": true}
{"timestamp": "19:22:51.153219", "frame": 6, "mu": [1.078071731497023, 4.9821611001437764, 1.0628716274194525], "Sigma": [[0.011616549178273499, -0.0004343842287093596, -0.005990660303752385], [-0.00043438422870935956, 0.0001906948275999722, -0.00012820396005626256], [-0.005990660303752385, -0.00012820396005626256, 0.006004104590278772]], "chi2_level": 0.99, "chi2_df": 3, "chi2_threshold": 11.344866730144373, "N_raw": 47, "N_roi": 7, "N_inlier": 7, "refit": true}
{"timestamp": "19:22:51.261745", "frame": 8, "mu": [1.051491475983194, 4.986053915637754, 1.0082194293124274], "Sigma": [[0.006132888349604459, -0.00025631369168807773, -0.008171415615027926], [-0.0002563136916880778, 9.210657933748741e-05, -0.0003978502400199853], [-0.008171415615027926, -0.0003978502400199853, 0.018229991607887446]], "chi2_level": 0.99, "chi2_df": 3, "chi2_threshold": 11.344866730144373, "N_raw": 36, "N_roi": 8, "N_inlier": 7, "refit": true}
{"timestamp": "19:22:51.316826", "frame": 9, "mu": [1.1466915023164015, 4.9355107254243205, 0.8258454597435098], "Sigma": [[0.010018261643078221, -0.002984748883537048, -0.011157229504964138], [-0.002984748883537048, 0.0014184142394383125, 0.0024970969416112897], [-0.011157229504964138, 0.0024970969416112897, 0.018445845931762857]], "chi2_level": 0.99, "chi2_df": 3, "chi2_threshold": 11.344866730144373, "N_raw": 29, "N_roi": 13, "N_inlier": 13, "refit": true}
{"timestamp": "19:22:51.372664", "frame": 10, "mu": [1.0607605385202115, 4.921940118368537, 0.8366303414342379], "Sigma": [[0.02218996239086265, -0.004604039067818914, -0.02505081077876388], [-0.004604039067818914, 0.001424392051945272, 0.00410928208818034], [-0.02505081077876388, 0.00410928208818034, 0.043413277082867324]], "chi2_level": 0.99, "chi2_df": 3, "chi2_threshold": 11.344866730144373, "N_raw": 36, "N_roi": 22, "N_inlier": 22, "refit": true}
{"timestamp": "19:22:51.431942", "frame": 11, "mu": [1.0542067031687168, 4.918566402024957, 0.8300061018287175], "Sigma": [[0.024618980790994213, -0.005389920855645004, -0.01682288948593273], [-0.005389920855645004, 0.0020341961740758495, 0.0014033326396898091], [-0.016822889485932732, 0.0014033326396898087, 0.024813708887389305]], "chi2_level": 0.99, "chi2_df": 3, "chi2_threshold": 11.344866730144373, "N_raw": 48, "N_roi": 29, "N_inlier": 29, "refit": true}
{"timestamp": "19:22:51.483603", "frame": 12, "mu": [1.0734144981526001, 4.92878435939182, 0.9044250940177054], "Sigma": [[0.01654011746772497, -0.002148126263118607, -0.009488788081905479], [-0.0021481262631186074, 0.0015581907378811478, -0.0003851526718914619], [-0.00948878808190548, -0.0003851526718914619, 0.010059330934081888]], "chi2_level": 0.99, "chi2_df": 3, "chi2_threshold": 11.344866730144373, "N_raw": 31, "N_roi": 22, "N_inlier": 22, "refit": true}
{"timestamp": "19:22:51.540982", "frame": 13, "mu": [0.9753493903264412, 4.893180649326019, 0.898109316287264], "Sigma": [[0.029881991748234832, -0.008209346644519538, -0.016171282907571333], [-0.008209346644519538, 0.003949522729751655, 0.0017783761369184353], [-0.016171282907571333, 0.0017783761369184353, 0.018852387323508454]], "chi2_level": 0.99, "chi2_df": 3, "chi2_threshold": 11.344866730144373, "N_raw": 43, "N_roi": 37, "N_inlier": 37, "refit": true}
{"timestamp": "19:22:51.596409", "frame": 14, "mu": [1.0422918078798906, 4.85333446051333, 0.920958941167229], "Sigma": [[0.029346727899568225, -0.009602528838083614, -0.012006166408415217], [-0.009602528838083614, 0.006065883698173571, -0.0003508892581033148], [-0.012006166408415217, -0.0003508892581033147, 0.015974508141606787]], "chi2_level": 0.99, "chi2_df": 3, "chi2_threshold": 11.344866730144373, "N_raw": 50, "N_roi": 48, "N_inlier": 48, "refit": true}
{"timestamp": "19:22:51.651766", "frame": 15, "mu": [1.153191643011521, 4.653963494150004, 0.2240815257936537], "Sigma": [[0.02930495268634029, -0.015861138514759572, -0.019487311578176975], [-0.015861138514759572, 0.013510209326070778, 0.01308278517765085], [-0.019487311578176975, 0.013082785177650852, 0.018242178379772662]], "chi2_level": 0.99, "chi2_df": 3, "chi2_threshold": 11.344866730144373, "N_raw": 47, "N_roi": 39, "N_inlier": 38, "refit": true}
{"timestamp": "19:22:51.763084", "frame": 17, "mu": [1.07785406931938, 4.602213464771247, 0.35956116409530586], "Sigma": [[0.03267874585974806, -0.008251922281024043, -0.009965603749961312], [-0.008251922281024043, 0.0030123399278598625, 0.0007017542800017952], [-0.009965603749961312, 0.0007017542800017953, 0.03865627826319505]], "chi2_level": 0.99, "chi2_df": 3, "chi2_threshold": 11.344866730144373, "N_raw": 61, "N_roi": 54, "N_inlier": 54, "refit": true}
{"timestamp": "19:22:51.814713", "frame": 18, "mu": [1.1257465914349365, 4.566298630053261, 0.541324591279324], "Sigma": [[0.025230814623672077, -0.010300885571934622, -0.02471280930253887], [-0.010300885571934624, 0.0051509394283257145, 0.0076530980049847345], [-0.024712809302538875, 0.0076530980049847345, 0.039410691601220696]], "chi2_level": 0.99, "chi2_df": 3, "chi2_threshold": 11.344866730144373, "N_raw": 36, "N_roi": 36, "N_inlier": 36, "refit": true}
{"timestamp": "19:22:51.868736", "frame": 19, "mu": [1.114039653465896, 4.526108683327881, 0.44538111696288835], "Sigma": [[0.011444506235839117, -0.003858550370554481, -0.009289938532302987], [-0.003858550370554481, 0.0020955930998294275, 0.0005162815464215219], [-0.009289938532302987, 0.0005162815464215219, 0.029600620728595282]], "chi2_level": 0.99, "chi2_df": 3, "chi2_threshold": 11.344866730144373, "N_raw": 30, "N_roi": 28, "N_inlier": 26, "refit": true}
{"timestamp": "19:22:51.925766", "frame": 20, "mu": [1.0205962964814024, 4.4953119954596, 0.7695067871614375], "Sigma": [[0.018139682993075612, -0.005248362393673373, -0.001806683345873746], [-0.005248362393673373, 0.002406195343529882, -0.0034493269974172286], [-0.0018066833458737456, -0.0034493269974172286, 0.03188880473082817]], "chi2_level": 0.99, "chi2_df": 3, "chi2_threshold": 11.344866730144373, "N_raw": 42, "N_roi": 40, "N_inlier": 40, "refit": true}
{"timestamp": "19:22:51.981666", "frame": 21, "mu": [1.0708827125166758, 4.432052306131133, 0.6950506451984992], "Sigma": [[0.0201932986344081, -0.005532809139094118, -0.012184934363762487], [-0.005532809139094118, 0.002828114783109446, -0.0022944652068761008], [-0.012184934363762487, -0.0022944652068761003, 0.051866732771444816]], "chi2_level": 0.99, "chi2_df": 3, "chi2_threshold": 11.344866730144373, "N_raw": 52, "N_roi": 52, "N_inlier": 51, "refit": true}
{"timestamp": "19:22:52.035463", "frame": 22, "mu": [1.0327160693441546, 4.3646481448865355, 0.5802226481995454], "Sigma": [[0.02225184770928152, -0.00653898320972137, -0.018229818363933142], [-0.00653898320972137, 0.0025941500776515006, 0.0044217612552203914], [-0.018229818363933142, 0.0044217612552203914, 0.05006535112916381]], "chi2_level": 0.99, "chi2_df": 3, "chi2_threshold": 11.344866730144373, "N_raw": 41, "N_roi": 41, "N_inlier": 40, "refit": true}
{"timestamp": "19:22:52.092505", "frame": 23, "mu": [1.0736399078758214, 4.295078037956363, 0.6183531661258982], "Sigma": [[0.028875915307924434, -0.009014719501152301, -0.016079458092436803], [-0.009014719501152301, 0.004008915193535237, 0.001659540680656688], [-0.016079458092436803, 0.001659540680656688, 0.034746818071742694]], "chi2_level": 0.99, "chi2_df": 3, "chi2_threshold": 11.344866730144373, "N_raw": 56, "N_roi": 56, "N_inlier": 53, "refit": true}
{"timestamp": "19:22:52.143573", "frame": 24, "mu": [1.068660393339262, 4.200394175615419, 0.500509961726769], "Sigma": [[0.020222903934911184, -0.004661292565001635, -0.008254569348877857], [-0.004661292565001636, 0.0033074328659303187, 0.001885342131936907], [-0.008254569348877857, 0.0018853421319369068, 0.005556761932437063]], "chi2_level": 0.99, "chi2_df": 3, "chi2_threshold": 11.344866730144373, "N_raw": 26, "N_roi": 26, "N_inlier": 24, "refit": true}
{"timestamp": "19:22:52.197817", "frame": 25, "mu": [0.9941935017175326, 4.253235047518951, 0.9024242103775781], "Sigma": [[0.018300944546916366, -0.005301813251626338, -0.011208695937834037], [-0.005301813251626338, 0.0035282587521495504, 0.0006112591559356978], [-0.011208695937834036, 0.0006112591559356978, 0.013353669696861033]], "chi2_level": 0.99, "chi2_df": 3, "chi2_threshold": 11.344866730144373, "N_raw": 26, "N_roi": 26, "N_inlier": 24, "refit": true}
{"timestamp": "19:22:52.255864", "frame": 26, "mu": [1.061907054160217, 4.105304539512396, 0.6339961904542563], "Sigma": [[0.022057181271425558, -0.0067623790382920716, -0.006092841319117812], [-0.0067623790382920716, 0.004008236094940081, -0.0005695253512793628], [-0.006092841319117812, -0.0005695253512793628, 0.018780724648669672]], "chi2_level": 0.99, "chi2_df": 3, "chi2_threshold": 11.344866730144373, "N_raw": 48, "N_roi": 48, "N_inlier": 45, "refit": true}
{"timestamp": "19:22:52.312334", "frame": 27, "mu": [1.059299609684472, 3.966583758332851, 0.2864644811591971], "Sigma": [[0.0349240721327863, -0.01241556852576699, -0.0070711843902199305], [-0.01241556852576699, 0.009432584163785349, 0.002581426793124424], [-0.0070711843902199305, 0.002581426793124424, 0.00678737162089992]], "chi2_level": 0.99, "chi2_df": 3, "chi2_threshold": 11.344866730144373, "N_raw": 58, "N_roi": 58, "N_inlier": 56, "refit": true}
{"timestamp": "19:22:52.370191", "frame": 28, "mu": [1.0695777787696954, 3.9448470433148985, 0.47922829016550494], "Sigma": [[0.029860780039639847, -0.004987995808002967, 0.0023501981764784503], [-0.004987995808002967, 0.002752420618602182, -0.0035713132346675363], [0.0023501981764784503, -0.0035713132346675363, 0.03504813525285403]], "chi2_level": 0.99, "chi2_df": 3, "chi2_threshold": 11.344866730144373, "N_raw": 67, "N_roi": 67, "N_inlier": 66, "refit": true}
{"timestamp": "19:22:52.420696", "frame": 29, "mu": [1.149632991925689, 3.845950122521823, 0.4747731711935782], "Sigma": [[0.030682167270411245, -0.010385257245812964, -0.006303184758266325], [-0.010385257245812964, 0.0049096813916088625, 0.0011970513389669285], [-0.006303184758266325, 0.0011970513389669285, 0.013919689121998527]], "chi2_level": 0.99, "chi2_df": 3, "chi2_threshold": 11.344866730144373, "N_raw": 45, "N_roi": 45, "N_inlier": 43, "refit": true}
{"timestamp": "19:22:52.477578", "frame": 30, "mu": [1.1291004572208814, 3.8151607825395426, 0.5739228582052872], "Sigma": [[0.02127838357807875, -0.006829674067296646, -0.012174395336689299], [-0.0068296740672966465, 0.0036345982207980202, 0.00242408802408256], [-0.012174395336689299, 0.00242408802408256, 0.011446440170674248]], "chi2_level": 0.99, "chi2_df": 3, "chi2_threshold": 11.344866730144373, "N_raw": 34, "N_roi": 34, "N_inlier": 33, "refit": true}
{"timestamp": "19:22:52.534237", "frame": 31, "mu": [1.1339319664757381, 3.791601439611659, 0.6922846529023728], "Sigma": [[0.03180232374372338, -0.007426026860306658, -0.013173851833821157], [-0.007426026860306658, 0.0043085912704505245, -0.0027688050539633937], [-0.013173851833821157, -0.0027688050539633937, 0.024461358412718556]], "chi2_level": 0.99, "chi2_df": 3, "chi2_threshold": 11.344866730144373, "N_raw": 69, "N_roi": 69, "N_inlier": 69, "refit": true}
{"timestamp": "19:22:52.589849", "frame": 32, "mu": [1.1015762566914884, 3.7139863401753797, 0.6647672913951792], "Sigma": [[0.036639036109723314, -0.011474863921926853, -0.029476862570129887], [-0.011474863921926853, 0.006343458714722582, 0.005477270727651409], [-0.029476862570129884, 0.005477270727651409, 0.03745333946535573]], "chi2_level": 0.99, "chi2_df": 3, "chi2_threshold": 11.344866730144373, "N_raw": 71, "N_roi": 71, "N_inlier": 68, "refit": true}
{"timestamp": "19:22:52.645170", "frame": 33, "mu": [1.1188837634992077, 3.6404966400765826, 0.640551793185339], "Sigma": [[0.03631415452155736, -0.007248994497466205, -0.00768157065927634], [-0.007248994497466205, 0.007041335438803257, -0.0011338159962587012], [-0.00768157065927634, -0.0011338159962587012, 0.010113491946503956]], "chi2_level": 0.99, "chi2_df": 3, "chi2_threshold": 11.344866730144373, "N_raw": 78, "N_roi": 78, "N_inlier": 75, "refit": true}
{"timestamp": "19:22:52.700914", "frame": 34, "mu": [1.08940897241309, 3.555239450066274, 0.6108144664280821], "Sigma": [[0.03758482539945672, -0.00818191373187799, -0.006591880162194657], [-0.00818191373187799, 0.004163733944929904, -0.0026656628441851593], [-0.006591880162194655, -0.0026656628441851593, 0.021255599369782316]], "chi2_level": 0.99, "chi2_df": 3, "chi2_threshold": 11.344866730144373, "N_raw": 77, "N_roi": 77, "N_inlier": 74, "refit": true}
{"timestamp": "19:22:52.755984", "frame": 35, "mu": [1.0933897403054547, 3.5227286290760924, 0.5010952180045614], "Sigma": [[0.03195657690812494, -0.002963420995034263, 0.008988976417492151], [-0.002963420995034262, 0.008205685232089378, -0.012518426713115875], [0.008988976417492151, -0.012518426713115875, 0.08100093919512381]], "chi2_level": 0.99, "chi2_df": 3, "chi2_threshold": 11.344866730144373, "N_raw": 75, "N_roi": 75, "N_inlier": 74, "refit": true}
{"timestamp": "19:22:52.809856", "frame": 36, "mu": [0.9586254046639769, 3.4332728721089185, 0.7339640314975726], "Sigma": [[0.023673342970800787, -0.0033831374572683886, -0.003963469571774734], [-0.0033831374572683886, 0.0017741068934950994, -0.0016020788983301705], [-0.003963469571774736, -0.00160207889833017, 0.04960048575125714]], "chi2_level": 0.99, "chi2_df": 3, "chi2_threshold": 11.344866730144373, "N_raw": 67, "N_roi": 67, "N_inlier": 65, "refit": true}
{"timestamp": "19:22:52.864861", "frame": 37, "mu": [1.036988014110814, 3.3271035732746053, 0.4953245715936577], "Sigma": [[0.027071482660377816, -0.0024445986036979086, -0.0011288978354475408], [-0.0024445986036979086, 0.003168247153762127, -0.0026372177138400807], [-0.0011288978354475412, -0.0026372177138400807, 0.012869524792729257]], "chi2_level": 0.99, "chi2_df": 3, "chi2_threshold": 11.344866730144373, "N_raw": 71, "N_roi": 71, "N_inlier": 65, "refit": true}
{"timestamp": "19:22:52.919863", "frame": 38, "mu": [0.927677199645142, 3.3392341524587668, 0.80352837992968], "Sigma": [[0.017206926557491627, -0.009709306364124662, -0.019929404697173744], [-0.009709306364124662, 0.007958487936216441, 0.018597475798964078], [-0.019929404697173744, 0.018597475798964078, 0.12543669228710333]], "chi2_level": 0.99, "chi2_df": 3, "chi2_threshold": 11.344866730144373, "N_raw": 72, "N_roi": 72, "N_inlier": 71, "refit": true}
{"timestamp": "19:22:52.972848", "frame": 39, "mu": [0.9469555759356928, 3.2298519728155464, 0.7169717292812471], "Sigma": [[0.018436745854432834, -0.006718420274933853, -0.003880129000208343], [-0.006718420274933853, 0.003938786031232701, 0.00186428145202019], [-0.003880129000208344, 0.0018642814520201901, 0.04784599172624568]], "chi2_level": 0.99, "chi2_df": 3, "chi2_threshold": 11.344866730144373, "N_raw": 60, "N_roi": 60, "N_inlier": 58, "refit": true}
{"timestamp": "19:22:53.030802", "frame": 40, "mu": [0.9573669183478729, 3.15632526093588, 0.5908207084080208], "Sigma": [[0.029432642064193562, -0.007574932566823372, -0.009448004527553587], [-0.007574932566823372, 0.004122580045518114, -0.0011110553127627767], [-0.009448004527553587, -0.0011110553127627763, 0.017816886871870816]], "chi2_level": 0.99, "chi2_df": 3, "chi2_threshold": 11.344866730144373, "N_raw": 76, "N_roi": 76, "N_inlier": 75, "refit": true}
{"timestamp": "19:22:53.086902", "frame": 41, "mu": [1.0440365751433085, 3.089387334145912, 0.7751606992049941], "Sigma": [[0.021258576483162414, -0.004432981222847107, -0.00023430543689712652], [-0.004432981222847107, 0.003081212430009717, -0.006797663870681337], [-0.00023430543689712674, -0.006797663870681337, 0.026710713776547344]], "chi2_level": 0.99, "chi2_df": 3, "chi2_threshold": 11.344866730144373, "N_raw": 81, "N_roi": 81, "N_inlier": 79, "refit": true}
{"timestamp": "19:22:53.141982", "frame": 42, "mu": [1.0058971908721246, 3.0454345975802437, 0.6693515724668336], "Sigma": [[0.025312428624148304, -0.005461025997939172, -0.005117440099392285], [-0.0054610259979391736, 0.002689819126830956, -0.0028800972590067916], [-0.005117440099392285, -0.002880097259006791, 0.024323765579274903]], "chi2_level": 0.99, "chi2_df": 3, "chi2_threshold": 11.344866730144373, "N_raw": 75, "N_roi": 75, "N_inlier": 74, "refit": true}
{"timestamp": "19:22:53.199883", "frame": 43, "mu": [0.9694132919573135, 2.93463735879055, 0.37783731580459234], "Sigma": [[0.018612016472601852, -0.006391227618987225, -0.010842792742965991], [-0.006391227618987225, 0.005087591015677834, 0.02080148512989086], [-0.010842792742965991, 0.020801485129890857, 0.3499396519448489]], "chi2_level": 0.99, "chi2_df": 3, "chi2_threshold": 11.344866730144373, "N_raw": 102, "N_roi": 102, "N_inlier": 101, "refit": true}
{"timestamp": "19:22:53.253522", "frame": 44, "mu": [1.016235019661948, 2.8195006383300423, 0.5714608533460986], "Sigma": [[0.02224237848926064, -0.005168301099674227, -0.00760779352605523], [-0.005168301099674227, 0.004671432387118626, 0.004337936738837334], [-0.00760779352605523, 0.004337936738837334, 0.06532054653572691]], "chi2_level": 0.99, "chi2_df": 3, "chi2_threshold": 11.344866730144373, "N_raw": 83, "N_roi": 83, "N_inlier": 80, "refit": true}
{"timestamp": "19:22:53.306377", "frame": 45, "mu": [0.9537332131570043, 2.838060422853232, 0.826679853810161], "Sigma": [[0.021269717976146726, -0.008121274505350218, -0.0038789514978227286], [-0.008121274505350218, 0.004358344162606503, -0.0032696390402407642], [-0.0038789514978227286, -0.0032696390402407642, 0.032405722225295516]], "chi2_level": 0.99, "chi2_df": 3, "chi2_threshold": 11.344866730144373, "N_raw": 75, "N_roi": 75, "N_inlier": 72, "refit": true}
{"timestamp": "19:22:53.359699", "frame": 46, "mu": [0.8594160461659465, 2.7704611962401393, 0.53584390734376], "Sigma": [[0.021695080365443695, -0.004149501813003102, -0.0012073738909808675], [-0.004149501813003101, 0.005213269384923005, -0.0013536813334630725], [-0.0012073738909808677, -0.0013536813334630725, 0.0014749184061398728]], "chi2_level": 0.99, "chi2_df": 3, "chi2_threshold": 11.344866730144373, "N_raw": 61, "N_roi": 61, "N_inlier": 58, "refit": true}
{"timestamp": "19:22:53.417053", "frame": 47, "mu": [1.0502836970159604, 2.8862951802722896, -0.32587580991547815], "Sigma": [[0.02681120825799953, -0.02022438881445871, 0.06389408495721766], [-0.02022438881445871, 0.028328438565070824, -0.08665032133382494], [0.06389408495721764, -0.08665032133382494, 0.3046995125818129]], "chi2_level": 0.99, "chi2_df": 3, "chi2_threshold": 11.344866730144373, "N_raw": 85, "N_roi": 85, "N_inlier": 81, "refit": true}
{"timestamp": "19:22:53.470983", "frame": 48, "mu": [1.036457096744088, 2.768925572115135, -0.5407404565362185], "Sigma": [[0.016419787474313254, 0.0021571430982803503, 0.03219729193097251], [0.0021571430982803503, 0.009575229292358945, 0.000580347733525219], [0.03219729193097251, 0.000580347733525219, 0.1678570437284586]], "chi2_level": 0.99, "chi2_df": 3, "chi2_threshold": 11.344866730144373, "N_raw": 73, "N_roi": 73, "N_inlier": 69, "refit": true}
{"timestamp": "19:22:53.528701", "frame": 49, "mu": [1.0696459542670629, 2.74069342082852, -0.5946502829741029], "Sigma": [[0.023456359943302925, -0.0028044555107689644, -0.004192851173943495], [-0.002804455510768964, 0.007058527424353222, -0.011649617166403017], [-0.004192851173943494, -0.011649617166403017, 0.04006299061764772]], "chi2_level": 0.99, "chi2_df": 3, "chi2_threshold": 11.344866730144373, "N_raw": 97, "N_roi": 97, "N_inlier": 93, "refit": true}
{"timestamp": "19:22:53.579205", "frame": 50, "mu": [0.9376261273020002, 2.3681229194474036, 0.5029708234030501], "Sigma": [[0.014077179748081968, 0.007798322687330429, 0.04419242527754063], [0.007798322687330427, 0.03519658871762948, 0.11620771060200283], [0.04419242527754063, 0.11620771060200283, 0.5372094798271625]], "chi2_level": 0.99, "chi2_df": 3, "chi2_threshold": 11.344866730144373, "N_raw": 62, "N_roi": 62, "N_inlier": 61, "refit": true}
{"timestamp": "19:22:53.634654", "frame": 51, "mu": [0.9941699468509164, 2.3832125291193846, 0.8412720347260378], "Sigma": [[0.01851694998918855, -0.004251587539567528, -0.009868787493810285], [-0.004251587539567529, 0.0020449506126679977, -0.0008105807641894526], [-0.009868787493810285, -0.0008105807641894526, 0.028673908184342168]], "chi2_level": 0.99, "chi2_df": 3, "chi2_threshold": 11.344866730144373, "N_raw": 67, "N_roi": 67, "N_inlier": 64, "refit": true}
{"timestamp": "19:22:53.691937", "frame": 52, "mu": [0.9352460988108929, 2.4152666098219515, 0.6663523534415577], "Sigma": [[0.010084270529323739, 0.00474897484136712, -0.008797053665149056], [0.00474897484136712, 0.05149225024679295, -0.0029374325511534174], [-0.008797053665149056, -0.0029374325511534174, 0.1495861546479539]], "chi2_level": 0.99, "chi2_df": 3, "chi2_threshold": 11.344866730144373, "N_raw": 78, "N_roi": 78, "N_inlier": 77, "refit": true}
{"timestamp": "19:22:53.749842", "frame": 53, "mu": [0.958784346162744, 2.26283651041682, -0.6700334078737983], "Sigma": [[0.01865249877968129, -0.005437113116443856, 0.09322810944682944], [-0.005437113116443855, 0.0041333371958292495, -0.014171018936693761], [0.09322810944682944, -0.014171018936693763, 0.9356540904099269]], "chi2_level": 0.99, "chi2_df": 3, "chi2_threshold": 11.344866730144373, "N_raw": 98, "N_roi": 96, "N_inlier": 94, "refit": true}
{"timestamp": "19:22:53.811148", "frame": 54, "mu": [0.9398286436943133, 2.1980903729419143, 0.8288645581864517], "Sigma": [[0.022321430620408044, -0.0005099389461346258, 0.007150025656075532], [-0.0005099389461346258, 0.0009633340429553993, -0.001789888263628298], [0.007150025656075531, -0.001789888263628298, 0.06745203654495274]], "chi2_level": 0.99, "chi2_df": 3, "chi2_threshold": 11.344866730144373, "N_raw": 132, "N_roi": 132, "N_inlier": 126, "refit": true}
{"timestamp": "19:22:53.865320", "frame": 55, "mu": [0.903966791752802, 2.1028257133148784, 0.7231519177304163], "Sigma": [[0.027336707139930246, -0.006491092453069797, -0.0037186054192585275], [-0.006491092453069797, 0.005313350626425187, 0.0016320327557569946], [-0.0037186054192585275, 0.0016320327557569946, 0.05559170096254337]], "chi2_level": 0.99, "chi2_df": 3, "chi2_threshold": 11.344866730144373, "N_raw": 135, "N_roi": 135, "N_inlier": 130, "refit": true}
{"timestamp": "19:22:53.920608", "frame": 56, "mu": [0.8670989806435605, 2.2101874670290202, 0.04208819268876361], "Sigma": [[0.018675697065865828, -0.01597236249616247, 0.07949160556031365], [-0.01597236249616247, 0.02767881539786802, -0.12433864867707949], [0.07949160556031365, -0.12433864867707947, 0.7028967889335763]], "chi2_level": 0.99, "chi2_df": 3, "chi2_threshold": 11.344866730144373, "N_raw": 130, "N_roi": 130, "N_inlier": 125, "refit": true}
{"timestamp": "19:22:53.968305", "frame": 57, "mu": [0.8803414685833825, 1.9820535788166955, 0.6760238651557695], "Sigma": [[0.027625218759627854, -0.0012780630663295643, -0.0071827562772526915], [-0.0012780630663295643, 0.0023252400745519385, 0.0014567514175512037], [-0.0071827562772526915, 0.0014567514175512033, 0.021189994898525782]], "chi2_level": 0.99, "chi2_df": 3, "chi2_threshold": 11.344866730144373, "N_raw": 89, "N_roi": 89, "N_inlier": 86, "refit": true}
{"timestamp": "19:22:54.023400", "frame": 58, "mu": [0.8365707937130094, 1.9146316245261918, 0.8632949744445043], "Sigma": [[0.05524969536803033, -0.009215342554606184, 0.02075329703214467], [-0.009215342554606184, 0.0034000573316952977, -0.006276114445665178], [0.02075329703214467, -0.006276114445665178, 0.0347459897676152]], "chi2_level": 0.99, "chi2_df": 3, "chi2_threshold": 11.344866730144373, "N_raw": 96, "N_roi": 96, "N_inlier": 93, "refit": true}
{"timestamp": "19:22:54.079359", "frame": 59, "mu": [0.8245148480421168, 1.873568333566557, 0.8786745312899077], "Sigma": [[0.017989759067959594, -0.002001378771400758, 0.001818365468189064], [-0.0020013787714007578, 0.0013639311547876747, -0.003019701628611448], [0.0018183654681890645, -0.0030197016286114477, 0.03244553216959122]], "chi2_level": 0.99, "chi2_df": 3, "chi2_threshold": 11.344866730144373, "N_raw": 96, "N_roi": 96, "N_inlier": 89, "refit": true}
{"timestamp": "19:22:54.135423", "frame": 60, "mu": [0.8730820910440547, 1.9385067907649849, -0.8150240274673133], "Sigma": [[0.024198203586123814, 0.00596477436116309, 0.022725372580571543], [0.00596477436116309, 0.009335203493371972, 0.0048928153605507655], [0.02272537258057155, 0.0048928153605507655, 0.13187361582327922]], "chi2_level": 0.99, "chi2_df": 3, "chi2_threshold": 11.344866730144373, "N_raw": 107, "N_roi": 107, "N_inlier": 103, "refit": true}
{"timestamp": "19:22:54.193450", "frame": 61, "mu": [0.9258034225295486, 1.7180554187447545, 0.8667736336585828], "Sigma": [[0.029368610312502173, -0.008955338332030757, 0.00158468191299823], [-0.008955338332030759, 0.004101344057455297, -0.0025416674646818026], [0.0015846819129982305, -0.0025416674646818026, 0.04146217426596316]], "chi2_level": 0.99, "chi2_df": 3, "chi2_threshold": 11.344866730144373, "N_raw": 130, "N_roi": 129, "N_inlier": 128, "refit": true}
{"timestamp": "19:22:54.247248", "frame": 62, "mu": [0.8554230642080968, 1.8845337972131486, -0.4956766093590642], "Sigma": [[0.012086393287845767, -0.008492017073391176, 0.01303357002622226], [-0.008492017073391176, 0.012504264693411898, -0.024743907031287024], [0.01303357002622226, -0.024743907031287024, 0.05636826672070927]], "chi2_level": 0.99, "chi2_df": 3, "chi2_threshold": 11.344866730144373, "N_raw": 100, "N_roi": 100, "N_inlier": 95, "refit": true}
{"timestamp": "19:22:54.300999", "frame": 63, "mu": [0.8894041529927789, 1.7242727411972654, -0.05960557243379799], "Sigma": [[0.01331452595103006, -0.004597928253740226, 0.08752326840830214], [-0.004597928253740225, 0.014938046774229915, -0.06577227921404148], [0.08752326840830214, -0.06577227921404147, 0.8638662670763865]], "chi2_level": 0.99, "chi2_df": 3, "chi2_threshold": 11.344866730144373, "N_raw": 111, "N_roi": 111, "N_inlier": 107, "refit": true}
{"timestamp": "19:22:54.348215", "frame": 64, "mu": [0.8831081317990552, 1.5356724112021019, 0.9112565789478293], "Sigma": [[0.004311109330134569, -0.0031264036098706547, -0.010308418163961426], [-0.0031264036098706547, 0.007357932893283083, 0.030423399219246985], [-0.010308418163961426, 0.030423399219246985, 0.20480011441962143]], "chi2_level": 0.99, "chi2_df": 3, "chi2_threshold": 11.344866730144373, "N_raw": 54, "N_roi": 54, "N_inlier": 54, "refit": true}
{"timestamp": "19:22:54.413400", "frame": 65, "mu": [0.8711472351741427, 1.4966343022402717, 1.039825675882728], "Sigma": [[0.008762001424418398, -0.002434040515100278, 0.001879577982895779], [-0.002434040515100278, 0.0040877335547278865, -0.0021896251800340833], [0.0018795779828957796, -0.002189625180034083, 0.06793409772838038]], "chi2_level": 0.99, "chi2_df": 3, "chi2_threshold": 11.344866730144373, "N_raw": 131, "N_roi": 131, "N_inlier": 127, "refit": true}
{"timestamp": "19:22:54.457401", "frame": 66, "mu": [0.9091436626651285, 1.4178251853167883, 1.2393406671585363], "Sigma": [[0.005922391504270613, -0.0014298536021187744, 0.00016243177530301655], [-0.0014298536021187746, 0.002589539242538104, 0.0001368392683374879], [0.00016243177530301644, 0.000136839268337488, 0.03291035202735963]], "chi2_level": 0.99, "chi2_df": 3, "chi2_threshold": 11.344866730144373, "N_raw": 48, "N_roi": 48, "N_inlier": 44, "refit": true}
{"timestamp": "19:22:54.516904", "frame": 67, "mu": [0.7969205272632156, 1.4264687743893516, 0.9515600117886626], "Sigma": [[0.007036929614455894, -0.00021072981423355275, 0.0036487526769059934], [-0.00021072981423355265, 0.0021602825428958215, 0.003856635291496074], [0.003648752676905994, 0.0038566352914960744, 0.03965270613832464]], "chi2_level": 0.99, "chi2_df": 3, "chi2_threshold": 11.344866730144373, "N_raw": 78, "N_roi": 78, "N_inlier": 75, "refit": true}
{"timestamp": "19:22:54.571082", "frame": 68, "mu": [0.8006921384320074, 1.3716200898820745, 1.0081606476234242], "Sigma": [[0.010800635480075035, -0.0024449896221212606, 0.01565830146753077], [-0.0024449896221212606, 0.002511987401591569, -0.005578587435022209], [0.01565830146753077, -0.005578587435022209, 0.05042094788683674]], "chi2_level": 0.99, "chi2_df": 3, "chi2_threshold": 11.344866730144373, "N_raw": 74, "N_roi": 74, "N_inlier": 68, "refit": true}
{"timestamp": "19:22:54.629138", "frame": 69, "mu": [0.9238159428089229, 1.192135549435408, 1.0142826862012035], "Sigma": [[0.038098660808732115, -0.01604457624088387, -0.027772267701254103], [-0.016044576240883873, 0.00829989259369106, 0.01002574439459056], [-0.027772267701254103, 0.01002574439459056, 0.030003059281744925]], "chi2_level": 0.99, "chi2_df": 3, "chi2_threshold": 11.344866730144373, "N_raw": 87, "N_roi": 87, "N_inlier": 83, "refit": true}
{"timestamp": "19:22:54.680926", "frame": 70, "mu": [0.7905345366478383, 1.213620838038763, 1.0465374595011543], "Sigma": [[0.00840097812767453, -0.0022562134023690877, -0.0019255540334423996], [-0.0022562134023690877, 0.0045095089967019985, -0.000859855384719778], [-0.0019255540334423996, -0.0008598553847197778, 0.012197693443514243]], "chi2_level": 0.99, "chi2_df": 3, "chi2_threshold": 11.344866730144373, "N_raw": 67, "N_roi": 67, "N_inlier": 64, "refit": true}
{"timestamp": "19:22:54.742190", "frame": 71, "mu": [0.834215048239957, 1.097019732340755, 1.1209847002824505], "Sigma": [[0.007848809162976464, -0.0029933734551156116, -0.0044516852711652104], [-0.002993373455115612, 0.0038964677450884673, 0.0038969727840023945], [-0.0044516852711652104, 0.003896972784002394, 0.048075480384003895]], "chi2_level": 0.99, "chi2_df": 3, "chi2_threshold": 11.344866730144373, "N_raw": 116, "N_roi": 116, "N_inlier": 114, "refit": true}
{"timestamp": "19:22:54.795075", "frame": 72, "mu": [0.7764508602517901, 1.049307733887941, 1.1432851298384485], "Sigma": [[0.004402073415524404, -0.0018973568487059764, 0.0033295273891817685], [-0.0018973568487059764, 0.002684578124286345, 0.0026302788868333444], [0.0033295273891817685, 0.002630278886833344, 0.06276487162302695]], "chi2_level": 0.99, "chi2_df": 3, "chi2_threshold": 11.344866730144373, "N_raw": 100, "N_roi": 100, "N_inlier": 97, "refit": true}
{"timestamp": "19:22:54.848377", "frame": 73, "mu": [0.7917858969533755, 0.974867711668825, 1.17978270032766], "Sigma": [[0.003037338374117263, -0.0008716576440208122, -0.0008012257047029564], [-0.0008716576440208122, 0.003298948459969228, 0.006772737156730329], [-0.0008012257047029561, 0.006772737156730329, 0.0717747811028543]], "chi2_level": 0.99, "chi2_df": 3, "chi2_threshold": 11.344866730144373, "N_raw": 86, "N_roi": 86, "N_inlier": 86, "refit": true}
{"timestamp": "19:22:54.908063", "frame": 74, "mu": [0.7301212530966739, 0.9067941394607926, 1.0729745855277246], "Sigma": [[0.007178375428398794, 0.004284702279374519, 0.0213090725571295], [0.004284702279374519, 0.014682029907463565, 0.03165109147103465], [0.0213090725571295, 0.03165109147103465, 0.13857331613025967]], "chi2_level": 0.99, "chi2_df": 3, "chi2_threshold": 11.344866730144373, "N_raw": 121, "N_roi": 121, "N_inlier": 120, "refit": true}
{"timestamp": "19:22:54.955429", "frame": 75, "mu": [0.7416208864578606, 0.8933754382173342, 1.268768243911039], "Sigma": [[0.003840430192449836, 7.995303860842311e-06, 0.0047946777434855654], [7.995303860842094e-06, 0.007402057748120598, 0.01193143913661317], [0.0047946777434855654, 0.01193143913661317, 0.05521246329535455]], "chi2_level": 0.99, "chi2_df": 3, "chi2_threshold": 11.344866730144373, "N_raw": 68, "N_roi": 68, "N_inlier": 65, "refit": true}
{"timestamp": "19:22:55.010438", "frame": 76, "mu": [0.672092135239524, 0.7295825774113038, 0.863943417404237], "Sigma": [[0.006499115620398584, 0.006308333382960232, 0.013065451969739744], [0.006308333382960232, 0.010673044356535292, 0.021032970176365504], [0.013065451969739742, 0.021032970176365507, 0.07777545215190779]], "chi2_level": 0.99, "chi2_df": 3, "chi2_threshold": 11.344866730144373, "N_raw": 74, "N_roi": 74, "N_inlier": 73, "refit": true}
{"timestamp": "19:22:55.065352", "frame": 77, "mu": [0.6837528655562748, 0.6518367722625383, 0.9655098199193758], "Sigma": [[0.005514657847440577, 0.004198407386093541, 0.014762174085039579], [0.004198407386093542, 0.013822661772939022, 0.03442292838647648], [0.01476217408503958, 0.03442292838647648, 0.11720741801960312]], "chi2_level": 0.99, "chi2_df": 3, "chi2_threshold": 11.344866730144373, "N_raw": 77, "N_roi": 77, "N_inlier": 77, "refit": true}
{"timestamp": "19:22:55.119344", "frame": 78, "mu": [0.6738264150079362, 0.8011996289659999, -0.890219505025733], "Sigma": [[0.005286970837022773, 0.002033724960315531, 0.01674276274045692], [0.00203372496031553, 0.009559986417067559, 0.014375102616682464], [0.01674276274045692, 0.014375102616682464, 0.11576202205517042]], "chi2_level": 0.99, "chi2_df": 3, "chi2_threshold": 11.344866730144373, "N_raw": 65, "N_roi": 65, "N_inlier": 65, "refit": true}
{"timestamp": "19:22:55.170372", "frame": 79, "mu": [0.6984539520952052, 0.5896405350423212, 1.1785154977218615], "Sigma": [[0.003957554794153378, 0.002821069680644693, 0.015900103884064282], [0.0028210696806446932, 0.005862280046717177, 0.02304750991051354], [0.015900103884064282, 0.02304750991051354, 0.11955219716947688]], "chi2_level": 0.99, "chi2_df": 3, "chi2_threshold": 11.344866730144373, "N_raw": 37, "N_roi": 37, "N_inlier": 36, "refit": true}
{"timestamp": "19:22:55.222288", "frame": 80, "mu": [0.7041932133257234, 0.6130414267595838, 1.1668575746178071], "Sigma": [[0.001303947841976918, -0.0003064867280820794, 0.0010236423838062075], [-0.0003064867280820794, 0.004698236268880047, 0.00362186892264023], [0.0010236423838062075, 0.0036218689226402293, 0.035068903160562555]], "chi2_level": 0.99, "chi2_df": 3, "chi2_threshold": 11.344866730144373, "N_raw": 16, "N_roi": 16, "N_inlier": 16, "refit": true}
{"timestamp": "19:22:55.276491", "frame": 81, "mu": [0.7716608945941171, 0.7742035668032424, -0.8415108028034077], "Sigma": [[0.009761043562098613, 0.007336069159097472, -0.040553941867936275], [0.007336069159097472, 0.013452316710833684, -0.04865519572909832], [-0.040553941867936275, -0.04865519572909832, 0.2900481824100117]], "chi2_level": 0.99, "chi2_df": 3, "chi2_threshold": 11.344866730144373, "N_raw": 11, "N_roi": 11, "N_inlier": 11, "refit": true}
{"timestamp": "19:22:55.335014", "frame": 82, "mu": [0.7351226464508027, 0.54719208173875, 1.3557675571458012], "Sigma": [[0.0015992505843780902, -0.0002918691444621104, -0.002202702520365902], [-0.0002918691444621104, 0.00206989632250945, -0.0007320310269679692], [-0.0022027025203659014, -0.0007320310269679692, 0.013760736823298396]], "chi2_level": 0.99, "chi2_df": 3, "chi2_threshold": 11.344866730144373, "N_raw": 39, "N_roi": 39, "N_inlier": 37, "refit": true}
{"timestamp": "19:22:55.386670", "frame": 83, "mu": [0.6899887635859223, 0.5077212818594893, 1.373297453804122], "Sigma": [[0.0005341305525288406, 0.00015938030668176184, -0.0002989829238640156], [0.0001593803066817619, 0.00221405285645677, -0.003793400369492793], [-0.0002989829238640155, -0.003793400369492793, 0.008176651643052008]], "chi2_level": 0.99, "chi2_df": 3, "chi2_threshold": 11.344866730144373, "N_raw": 16, "N_roi": 16, "N_inlier": 13, "refit": true}
{"timestamp": "19:22:55.444262", "frame": 84, "mu": [0.7717242427525418, 0.35352253060430927, 1.5104648282015107], "Sigma": [[0.004220918203950361, -0.0012293027911124386, -0.00198114946412313], [-0.0012293027911124386, 0.002254810289465797, -0.0005700879808454563], [-0.00198114946412313, -0.0005700879808454562, 0.0018720241841908305]], "chi2_level": 0.99, "chi2_df": 3, "chi2_threshold": 11.344866730144373, "N_raw": 38, "N_roi": 38, "N_inlier": 36, "refit": true}
{"timestamp": "19:22:55.605625", "frame": 87, "mu": [0.6798277835315666, 0.2943434582235889, 1.2803054359076078], "Sigma": [[0.0019827361645036123, -0.001505118759201944, 0.002872600453006], [-0.001505118759201944, 0.014393865885230093, 0.0008995833958745829], [0.002872600453006, 0.0008995833958745829, 0.03152279762443262]], "chi2_level": 0.99, "chi2_df": 3, "chi2_threshold": 11.344866730144373, "N_raw": 10, "N_roi": 7, "N_inlier": 7, "refit": true}
{"timestamp": "19:22:55.662664", "frame": 88, "mu": [0.705270465024884, 0.15709490446204477, 0.5988765070340099], "Sigma": [[0.0009598054504059457, -0.001358171206210554, -0.008360178004621875], [-0.001358171206210554, 0.009824414501751798, 0.05240419156792614], [-0.008360178004621877, 0.05240419156792614, 0.4548787688973744]], "chi2_level": 0.99, "chi2_df": 3, "chi2_threshold": 11.344866730144373, "N_raw": 19, "N_roi": 15, "N_inlier": 15, "refit": true}
{"timestamp": "19:22:55.772117", "frame": 90, "mu": [0.6413393723316925, 0.24188645338417275, 1.0840538330458578], "Sigma": [[0.001451947533159974, -0.0008440565754320188, -0.0021726403082196763], [-0.0008440565754320187, 0.0028679349850806455, 0.021043124334877684], [-0.0021726403082196763, 0.021043124334877684, 0.23816159264270595]], "chi2_level": 0.99, "chi2_df": 3, "chi2_threshold": 11.344866730144373, "N_raw": 23, "N_roi": 23, "N_inlier": 22, "refit": true}
